date,county,fips,population,confirmed_cases,reported_cases,probable_cases,reported_and_probable_cases,reported_deaths
2023-03-14,Alameda,001,1643700,380363,380370,22816,403186,2193
2023-03-14,Alpine,002,1148,139,139,4,143,0
2023-03-14,Amador,005,37829,10600,10601,971,11572,99
2023-03-14,Butte,007,227075,41747,41747,10283,52030,491
2023-03-14,Calaveras,009,45235,9027,9027,643,9670,140
2023-03-14,Colusa,011,21464,4001,4003,1364,5367,22
2023-03-14,Contra Costa,013,1133247,273914,273918,22381,296299,1564
2023-03-14,Del Norte,015,27424,7943,7944,477,8421,60
2023-03-14,El Dorado,017,186661,34661,34661,4553,39214,245
2023-03-14,Fresno,019,978130,295100,295109,34857,329966,3003
2023-03-14,Glenn,021,27897,5798,5798,2018,7816,58
2023-03-14,Humboldt,023,135768,23398,23401,5933,29334,170
2023-03-14,Imperial,025,180216,70338,70339,18932,89271,978
2023-03-14,Inyo,027,18085,4769,4769,1311,6080,63
2023-03-14,Kern,029,883053,230435,230440,73092,303532,2485
2023-03-14,Kings,031,150075,62966,62966,4473,67439,481
2023-03-14,Lake,033,64148,13672,13672,1282,14954,160
2023-03-14,Lassen,035,31185,10264,10264,1065,11329,66
2023-03-14,Los Angeles,037,10098052,3497088,3497355,218820,3716175,35618
2023-03-14,Madera,039,155013,46382,46384,8909,55293,378
2023-03-14,Marin,041,260295,49329,49333,5706,55039,317
2023-03-14,Mariposa,043,17540,3364,3364,359,3723,33
2023-03-14,Mendocino,045,87422,16927,16927,4828,21755,144
2023-03-14,Merced,047,269075,76798,76802,12749,89551,903
2023-03-14,Modoc,049,8938,958,958,374,1332,11
2023-03-14,Mono,051,14174,3332,3332,301,3633,8
2023-03-14,Monterey,053,433212,98384,98385,24026,122411,804
2023-03-14,Napa,055,140530,34525,34526,1538,36064,170
2023-03-14,Nevada,057,99092,20188,20193,2325,22518,138
2023-03-14,Orange,059,3164182,711798,711799,78350,790149,7982
2023-03-14,Placer,061,380077,81348,81348,10229,91577,682
2023-03-14,Plumas,063,18699,3835,3835,461,4296,15
2023-03-14,Riverside,065,2383286,735776,735836,41872,777708,6854
2023-03-14,Sacramento,067,1510023,372161,372164,37905,410069,3535
2023-03-14,San Benito,069,59416,17672,17674,1140,18814,118
2023-03-14,San Bernardino,071,2135413,710647,710710,35276,745986,8170
2023-03-14,San Diego,073,3302833,987731,987731,81494,1069225,5810
2023-03-14,San Francisco,075,870044,197061,197071,13336,210407,1180
2023-03-14,San Joaquin,077,732212,210552,210560,16918,227478,2422
2023-03-14,San Luis Obispo,079,281455,66602,66604,8145,74749,564
2023-03-14,San Mateo,081,765935,183645,183649,11379,195028,751
2023-03-14,Santa Barbara,083,443738,112432,112433,7706,120139,764
2023-03-14,Santa Clara,085,1922200,476739,476757,21824,498581,2732
2023-03-14,Santa Cruz,087,273765,68613,68613,3956,72569,276
2023-03-14,Shasta,089,179085,36511,36511,8321,44832,607
2023-03-14,Sierra,091,2930,311,311,61,372,5
2023-03-14,Siskiyou,093,43540,5477,5477,3443,8920,96
2023-03-14,Solano,095,438530,114311,114323,8644,122967,482
2023-03-14,Sonoma,097,501317,113974,113981,5796,119777,559
2023-03-14,Stanislaus,099,539301,145494,145514,23091,168605,1845
2023-03-14,Sutter,101,95872,25789,25794,2540,28334,243
2023-03-14,Tehama,103,63373,14477,14477,3409,17886,234
2023-03-14,Trinity,105,12862,1476,1476,505,1981,25
2023-03-14,Tulare,107,460477,128711,128711,40354,169065,1581
2023-03-14,Tuolumne,109,53932,16943,16944,1021,17965,203
2023-03-14,Ventura,111,848112,221290,221293,18169,239462,1681
2023-03-14,Yolo,113,214977,50166,50166,4884,55050,446
2023-03-14,Yuba,115,75493,20081,20085,1877,21962,135
2023-03-13,Alameda,001,1643700,380363,379541,22816,402357,2192
2023-03-13,Alpine,002,1148,139,139,4,143,0
2023-03-13,Amador,005,37829,10600,10582,971,11553,99
2023-03-13,Butte,007,227075,41747,41706,10283,51989,487
2023-03-13,Calaveras,009,45235,9027,9009,643,9652,140
2023-03-13,Colusa,011,21464,4001,3995,1364,5359,22
2023-03-13,Contra Costa,013,1133247,273914,273314,22381,295695,1559
2023-03-13,Del Norte,015,27424,7943,7937,477,8414,60
2023-03-13,El Dorado,017,186661,34661,34622,4553,39175,245
2023-03-13,Fresno,019,978130,295100,294640,34857,329497,3001
2023-03-13,Glenn,021,27897,5798,5791,2018,7809,58
2023-03-13,Humboldt,023,135768,23398,23392,5933,29325,170
2023-03-13,Imperial,025,180216,70338,70108,18932,89040,978
2023-03-13,Inyo,027,18085,4769,4768,1311,6079,63
2023-03-13,Kern,029,883053,230435,230141,73092,303233,2481
2023-03-13,Kings,031,150075,62966,62890,4473,67363,481
2023-03-13,Lake,033,64148,13672,13661,1282,14943,157
2023-03-13,Lassen,035,31185,10264,10255,1065,11320,66
2023-03-13,Los Angeles,037,10098052,3497088,3492824,218820,3711644,35545
2023-03-13,Madera,039,155013,46382,46322,8909,55231,378
2023-03-13,Marin,041,260295,49329,49217,5706,54923,317
2023-03-13,Mariposa,043,17540,3364,3360,359,3719,33
2023-03-13,Mendocino,045,87422,16927,16909,4828,21737,143
2023-03-13,Merced,047,269075,76798,76684,12749,89433,903
2023-03-13,Modoc,049,8938,958,956,374,1330,11
2023-03-13,Mono,051,14174,3332,3331,301,3632,8
2023-03-13,Monterey,053,433212,98384,98282,24026,122308,804
2023-03-13,Napa,055,140530,34525,34458,1538,35996,170
2023-03-13,Nevada,057,99092,20188,20173,2325,22498,133
2023-03-13,Orange,059,3164182,711798,710847,78350,789197,7966
2023-03-13,Placer,061,380077,81348,81163,10229,91392,682
2023-03-13,Plumas,063,18699,3835,3830,461,4291,15
2023-03-13,Riverside,065,2383286,735776,734898,41872,776770,6853
2023-03-13,Sacramento,067,1510023,372161,371378,37905,409283,3530
2023-03-13,San Benito,069,59416,17672,17658,1140,18798,117
2023-03-13,San Bernardino,071,2135413,710647,709951,35276,745227,8170
2023-03-13,San Diego,073,3302833,987731,986445,81494,1067939,5799
2023-03-13,San Francisco,075,870044,197061,196540,13336,209876,1178
2023-03-13,San Joaquin,077,732212,210552,210181,16918,227099,2421
2023-03-13,San Luis Obispo,079,281455,66602,66519,8145,74664,561
2023-03-13,San Mateo,081,765935,183645,183227,11379,194606,751
2023-03-13,Santa Barbara,083,443738,112432,112255,7706,119961,763
2023-03-13,Santa Clara,085,1922200,476739,475754,21824,497578,2727
2023-03-13,Santa Cruz,087,273765,68613,68493,3956,72449,276
2023-03-13,Shasta,089,179085,36511,36485,8321,44806,607
2023-03-13,Sierra,091,2930,311,311,61,372,5
2023-03-13,Siskiyou,093,43540,5477,5467,3443,8910,96
2023-03-13,Solano,095,438530,114311,114105,8644,122749,482
2023-03-13,Sonoma,097,501317,113974,113762,5796,119558,556
2023-03-13,Stanislaus,099,539301,145494,145296,23091,168387,1845
2023-03-13,Sutter,101,95872,25789,25768,2540,28308,241
2023-03-13,Tehama,103,63373,14477,14471,3409,17880,234
2023-03-13,Trinity,105,12862,1476,1476,505,1981,24
2023-03-13,Tulare,107,460477,128711,128533,40354,168887,1578
2023-03-13,Tuolumne,109,53932,16943,16918,1021,17939,203
2023-03-13,Ventura,111,848112,221290,221062,18169,239231,1678
2023-03-13,Yolo,113,214977,50166,50100,4884,54984,443
2023-03-13,Yuba,115,75493,20081,20055,1877,21932,135
2023-03-12,Alameda,001,1643700,380269,379541,22816,402357,2192
2023-03-12,Alpine,002,1148,139,139,4,143,0
2023-03-12,Amador,005,37829,10599,10582,971,11553,99
2023-03-12,Butte,007,227075,41746,41706,10283,51989,487
2023-03-12,Calaveras,009,45235,9025,9009,643,9652,140
2023-03-12,Colusa,011,21464,4000,3995,1364,5359,22
2023-03-12,Contra Costa,013,1133247,273875,273314,22381,295695,1559
2023-03-12,Del Norte,015,27424,7942,7937,477,8414,60
2023-03-12,El Dorado,017,186661,34660,34622,4553,39175,245
2023-03-12,Fresno,019,978130,295083,294640,34857,329497,3001
2023-03-12,Glenn,021,27897,5797,5791,2018,7809,58
2023-03-12,Humboldt,023,135768,23396,23392,5933,29325,170
2023-03-12,Imperial,025,180216,70323,70108,18932,89040,978
2023-03-12,Inyo,027,18085,4769,4768,1311,6079,63
2023-03-12,Kern,029,883053,230419,230141,73092,303233,2481
2023-03-12,Kings,031,150075,62962,62890,4473,67363,481
2023-03-12,Lake,033,64148,13672,13661,1282,14943,157
2023-03-12,Lassen,035,31185,10263,10255,1065,11320,66
2023-03-12,Los Angeles,037,10098052,3497062,3492824,218820,3711644,35545
2023-03-12,Madera,039,155013,46376,46322,8909,55231,378
2023-03-12,Marin,041,260295,49319,49217,5706,54923,317
2023-03-12,Mariposa,043,17540,3364,3360,359,3719,33
2023-03-12,Mendocino,045,87422,16925,16909,4828,21737,143
2023-03-12,Merced,047,269075,76796,76684,12749,89433,903
2023-03-12,Modoc,049,8938,958,956,374,1330,11
2023-03-12,Mono,051,14174,3332,3331,301,3632,8
2023-03-12,Monterey,053,433212,98376,98282,24026,122308,804
2023-03-12,Napa,055,140530,34519,34458,1538,35996,170
2023-03-12,Nevada,057,99092,20188,20173,2325,22498,133
2023-03-12,Orange,059,3164182,711737,710847,78350,789197,7966
2023-03-12,Placer,061,380077,81333,81163,10229,91392,682
2023-03-12,Plumas,063,18699,3835,3830,461,4291,15
2023-03-12,Riverside,065,2383286,735754,734898,41872,776770,6853
2023-03-12,Sacramento,067,1510023,372094,371378,37905,409283,3530
2023-03-12,San Benito,069,59416,17670,17658,1140,18798,117
2023-03-12,San Bernardino,071,2135413,710624,709951,35276,745227,8170
2023-03-12,San Diego,073,3302833,987674,986445,81494,1067939,5799
2023-03-12,San Francisco,075,870044,197004,196540,13336,209876,1178
2023-03-12,San Joaquin,077,732212,210513,210181,16918,227099,2421
2023-03-12,San Luis Obispo,079,281455,66599,66519,8145,74664,561
2023-03-12,San Mateo,081,765935,183621,183227,11379,194606,751
2023-03-12,Santa Barbara,083,443738,112415,112255,7706,119961,763
2023-03-12,Santa Clara,085,1922200,476653,475754,21824,497578,2727
2023-03-12,Santa Cruz,087,273765,68612,68493,3956,72449,276
2023-03-12,Shasta,089,179085,36511,36485,8321,44806,607
2023-03-12,Sierra,091,2930,311,311,61,372,5
2023-03-12,Siskiyou,093,43540,5474,5467,3443,8910,96
2023-03-12,Solano,095,438530,114271,114105,8644,122749,482
2023-03-12,Sonoma,097,501317,113959,113762,5796,119558,556
2023-03-12,Stanislaus,099,539301,145481,145296,23091,168387,1845
2023-03-12,Sutter,101,95872,25784,25768,2540,28308,241
2023-03-12,Tehama,103,63373,14477,14471,3409,17880,234
2023-03-12,Trinity,105,12862,1476,1476,505,1981,24
2023-03-12,Tulare,107,460477,128700,128533,40354,168887,1578
2023-03-12,Tuolumne,109,53932,16942,16918,1021,17939,203
2023-03-12,Ventura,111,848112,221282,221062,18169,239231,1678
2023-03-12,Yolo,113,214977,50162,50100,4884,54984,443
2023-03-12,Yuba,115,75493,20080,20055,1877,21932,135
2023-03-11,Alameda,001,1643700,380220,379541,22816,402357,2192
2023-03-11,Alpine,002,1148,139,139,4,143,0
2023-03-11,Amador,005,37829,10598,10582,971,11553,99
2023-03-11,Butte,007,227075,41746,41706,10283,51989,487
2023-03-11,Calaveras,009,45235,9024,9009,643,9652,140
2023-03-11,Colusa,011,21464,3999,3995,1364,5359,22
2023-03-11,Contra Costa,013,1133247,273831,273314,22381,295695,1559
2023-03-11,Del Norte,015,27424,7942,7937,477,8414,60
2023-03-11,El Dorado,017,186661,34656,34622,4553,39175,245
2023-03-11,Fresno,019,978130,295059,294640,34857,329497,3001
2023-03-11,Glenn,021,27897,5796,5791,2018,7809,58
2023-03-11,Humboldt,023,135768,23396,23392,5933,29325,170
2023-03-11,Imperial,025,180216,70315,70108,18932,89040,978
2023-03-11,Inyo,027,18085,4769,4768,1311,6079,63
2023-03-11,Kern,029,883053,230403,230141,73092,303233,2481
2023-03-11,Kings,031,150075,62956,62890,4473,67363,481
2023-03-11,Lake,033,64148,13671,13661,1282,14943,157
2023-03-11,Lassen,035,31185,10263,10255,1065,11320,66
2023-03-11,Los Angeles,037,10098052,3496938,3492824,218820,3711644,35545
2023-03-11,Madera,039,155013,46375,46322,8909,55231,378
2023-03-11,Marin,041,260295,49309,49217,5706,54923,317
2023-03-11,Mariposa,043,17540,3363,3360,359,3719,33
2023-03-11,Mendocino,045,87422,16924,16909,4828,21737,143
2023-03-11,Merced,047,269075,76791,76684,12749,89433,903
2023-03-11,Modoc,049,8938,958,956,374,1330,11
2023-03-11,Mono,051,14174,3332,3331,301,3632,8
2023-03-11,Monterey,053,433212,98371,98282,24026,122308,804
2023-03-11,Napa,055,140530,34516,34458,1538,35996,170
2023-03-11,Nevada,057,99092,20188,20173,2325,22498,133
2023-03-11,Orange,059,3164182,711672,710847,78350,789197,7966
2023-03-11,Placer,061,380077,81320,81163,10229,91392,682
2023-03-11,Plumas,063,18699,3835,3830,461,4291,15
2023-03-11,Riverside,065,2383286,735720,734898,41872,776770,6853
2023-03-11,Sacramento,067,1510023,372060,371378,37905,409283,3530
2023-03-11,San Benito,069,59416,17670,17658,1140,18798,117
2023-03-11,San Bernardino,071,2135413,710587,709951,35276,745227,8170
2023-03-11,San Diego,073,3302833,987568,986445,81494,1067939,5799
2023-03-11,San Francisco,075,870044,196973,196540,13336,209876,1178
2023-03-11,San Joaquin,077,732212,210490,210181,16918,227099,2421
2023-03-11,San Luis Obispo,079,281455,66592,66519,8145,74664,561
2023-03-11,San Mateo,081,765935,183595,183227,11379,194606,751
2023-03-11,Santa Barbara,083,443738,112397,112255,7706,119961,763
2023-03-11,Santa Clara,085,1922200,476582,475754,21824,497578,2727
2023-03-11,Santa Cruz,087,273765,68602,68493,3956,72449,276
2023-03-11,Shasta,089,179085,36511,36485,8321,44806,607
2023-03-11,Sierra,091,2930,311,311,61,372,5
2023-03-11,Siskiyou,093,43540,5473,5467,3443,8910,96
2023-03-11,Solano,095,438530,114266,114105,8644,122749,482
2023-03-11,Sonoma,097,501317,113934,113762,5796,119558,556
2023-03-11,Stanislaus,099,539301,145466,145296,23091,168387,1845
2023-03-11,Sutter,101,95872,25783,25768,2540,28308,241
2023-03-11,Tehama,103,63373,14477,14471,3409,17880,234
2023-03-11,Trinity,105,12862,1476,1476,505,1981,24
2023-03-11,Tulare,107,460477,128694,128533,40354,168887,1578
2023-03-11,Tuolumne,109,53932,16942,16918,1021,17939,203
2023-03-11,Ventura,111,848112,221260,221062,18169,239231,1678
2023-03-11,Yolo,113,214977,50160,50100,4884,54984,443
2023-03-11,Yuba,115,75493,20077,20055,1877,21932,135
2023-03-10,Alameda,001,1643700,380142,379541,22816,402357,2192
2023-03-10,Alpine,002,1148,139,139,4,143,0
2023-03-10,Amador,005,37829,10597,10582,971,11553,99
2023-03-10,Butte,007,227075,41740,41706,10283,51989,487
2023-03-10,Calaveras,009,45235,9024,9009,643,9652,140
2023-03-10,Colusa,011,21464,3999,3995,1364,5359,22
2023-03-10,Contra Costa,013,1133247,273789,273314,22381,295695,1559
2023-03-10,Del Norte,015,27424,7941,7937,477,8414,60
2023-03-10,El Dorado,017,186661,34651,34622,4553,39175,245
2023-03-10,Fresno,019,978130,295017,294640,34857,329497,3001
2023-03-10,Glenn,021,27897,5794,5791,2018,7809,58
2023-03-10,Humboldt,023,135768,23394,23392,5933,29325,170
2023-03-10,Imperial,025,180216,70308,70108,18932,89040,978
2023-03-10,Inyo,027,18085,4769,4768,1311,6079,63
2023-03-10,Kern,029,883053,230386,230141,73092,303233,2481
2023-03-10,Kings,031,150075,62950,62890,4473,67363,481
2023-03-10,Lake,033,64148,13671,13661,1282,14943,157
2023-03-10,Lassen,035,31185,10263,10255,1065,11320,66
2023-03-10,Los Angeles,037,10098052,3496670,3492824,218820,3711644,35545
2023-03-10,Madera,039,155013,46371,46322,8909,55231,378
2023-03-10,Marin,041,260295,49300,49217,5706,54923,317
2023-03-10,Mariposa,043,17540,3363,3360,359,3719,33
2023-03-10,Mendocino,045,87422,16921,16909,4828,21737,143
2023-03-10,Merced,047,269075,76786,76684,12749,89433,903
2023-03-10,Modoc,049,8938,958,956,374,1330,11
2023-03-10,Mono,051,14174,3332,3331,301,3632,8
2023-03-10,Monterey,053,433212,98362,98282,24026,122308,804
2023-03-10,Napa,055,140530,34512,34458,1538,35996,170
2023-03-10,Nevada,057,99092,20186,20173,2325,22498,133
2023-03-10,Orange,059,3164182,711600,710847,78350,789197,7966
2023-03-10,Placer,061,380077,81300,81163,10229,91392,682
2023-03-10,Plumas,063,18699,3835,3830,461,4291,15
2023-03-10,Riverside,065,2383286,735662,734898,41872,776770,6853
2023-03-10,Sacramento,067,1510023,372002,371378,37905,409283,3530
2023-03-10,San Benito,069,59416,17670,17658,1140,18798,117
2023-03-10,San Bernardino,071,2135413,710541,709951,35276,745227,8170
2023-03-10,San Diego,073,3302833,987446,986445,81494,1067939,5799
2023-03-10,San Francisco,075,870044,196940,196540,13336,209876,1178
2023-03-10,San Joaquin,077,732212,210461,210181,16918,227099,2421
2023-03-10,San Luis Obispo,079,281455,66585,66519,8145,74664,561
2023-03-10,San Mateo,081,765935,183567,183227,11379,194606,751
2023-03-10,Santa Barbara,083,443738,112382,112255,7706,119961,763
2023-03-10,Santa Clara,085,1922200,476515,475754,21824,497578,2727
2023-03-10,Santa Cruz,087,273765,68597,68493,3956,72449,276
2023-03-10,Shasta,089,179085,36508,36485,8321,44806,607
2023-03-10,Sierra,091,2930,311,311,61,372,5
2023-03-10,Siskiyou,093,43540,5472,5467,3443,8910,96
2023-03-10,Solano,095,438530,114247,114105,8644,122749,482
2023-03-10,Sonoma,097,501317,113922,113762,5796,119558,556
2023-03-10,Stanislaus,099,539301,145450,145296,23091,168387,1845
2023-03-10,Sutter,101,95872,25780,25768,2540,28308,241
2023-03-10,Tehama,103,63373,14477,14471,3409,17880,234
2023-03-10,Trinity,105,12862,1476,1476,505,1981,24
2023-03-10,Tulare,107,460477,128685,128533,40354,168887,1578
2023-03-10,Tuolumne,109,53932,16942,16918,1021,17939,203
2023-03-10,Ventura,111,848112,221243,221062,18169,239231,1678
2023-03-10,Yolo,113,214977,50154,50100,4884,54984,443
2023-03-10,Yuba,115,75493,20073,20055,1877,21932,135
2023-03-09,Alameda,001,1643700,380046,379541,22816,402357,2192
2023-03-09,Alpine,002,1148,139,139,4,143,0
2023-03-09,Amador,005,37829,10593,10582,971,11553,99
2023-03-09,Butte,007,227075,41740,41706,10283,51989,487
2023-03-09,Calaveras,009,45235,9023,9009,643,9652,140
2023-03-09,Colusa,011,21464,3998,3995,1364,5359,22
2023-03-09,Contra Costa,013,1133247,273709,273314,22381,295695,1559
2023-03-09,Del Norte,015,27424,7938,7937,477,8414,60
2023-03-09,El Dorado,017,186661,34642,34622,4553,39175,245
2023-03-09,Fresno,019,978130,294971,294640,34857,329497,3001
2023-03-09,Glenn,021,27897,5793,5791,2018,7809,58
2023-03-09,Humboldt,023,135768,23389,23392,5933,29325,170
2023-03-09,Imperial,025,180216,70284,70108,18932,89040,978
2023-03-09,Inyo,027,18085,4769,4768,1311,6079,63
2023-03-09,Kern,029,883053,230321,230141,73092,303233,2481
2023-03-09,Kings,031,150075,62947,62890,4473,67363,481
2023-03-09,Lake,033,64148,13668,13661,1282,14943,157
2023-03-09,Lassen,035,31185,10263,10255,1065,11320,66
2023-03-09,Los Angeles,037,10098052,3496258,3492824,218820,3711644,35545
2023-03-09,Madera,039,155013,46366,46322,8909,55231,378
2023-03-09,Marin,041,260295,49281,49217,5706,54923,317
2023-03-09,Mariposa,043,17540,3362,3360,359,3719,33
2023-03-09,Mendocino,045,87422,16917,16909,4828,21737,143
2023-03-09,Merced,047,269075,76773,76684,12749,89433,903
2023-03-09,Modoc,049,8938,958,956,374,1330,11
2023-03-09,Mono,051,14174,3332,3331,301,3632,8
2023-03-09,Monterey,053,433212,98350,98282,24026,122308,804
2023-03-09,Napa,055,140530,34500,34458,1538,35996,170
2023-03-09,Nevada,057,99092,20184,20173,2325,22498,133
2023-03-09,Orange,059,3164182,711486,710847,78350,789197,7966
2023-03-09,Placer,061,380077,81290,81163,10229,91392,682
2023-03-09,Plumas,063,18699,3832,3830,461,4291,15
2023-03-09,Riverside,065,2383286,735578,734898,41872,776770,6853
2023-03-09,Sacramento,067,1510023,371919,371378,37905,409283,3530
2023-03-09,San Benito,069,59416,17668,17658,1140,18798,117
2023-03-09,San Bernardino,071,2135413,710474,709951,35276,745227,8170
2023-03-09,San Diego,073,3302833,987266,986445,81494,1067939,5799
2023-03-09,San Francisco,075,870044,196865,196540,13336,209876,1178
2023-03-09,San Joaquin,077,732212,210408,210181,16918,227099,2421
2023-03-09,San Luis Obispo,079,281455,66577,66519,8145,74664,561
2023-03-09,San Mateo,081,765935,183525,183227,11379,194606,751
2023-03-09,Santa Barbara,083,443738,112370,112255,7706,119961,763
2023-03-09,Santa Clara,085,1922200,476406,475754,21824,497578,2727
2023-03-09,Santa Cruz,087,273765,68590,68493,3956,72449,276
2023-03-09,Shasta,089,179085,36505,36485,8321,44806,607
2023-03-09,Sierra,091,2930,311,311,61,372,5
2023-03-09,Siskiyou,093,43540,5471,5467,3443,8910,96
2023-03-09,Solano,095,438530,114214,114105,8644,122749,482
2023-03-09,Sonoma,097,501317,113896,113762,5796,119558,556
2023-03-09,Stanislaus,099,539301,145419,145296,23091,168387,1845
2023-03-09,Sutter,101,95872,25776,25768,2540,28308,241
2023-03-09,Tehama,103,63373,14475,14471,3409,17880,234
2023-03-09,Trinity,105,12862,1476,1476,505,1981,24
2023-03-09,Tulare,107,460477,128671,128533,40354,168887,1578
2023-03-09,Tuolumne,109,53932,16939,16918,1021,17939,203
2023-03-09,Ventura,111,848112,221224,221062,18169,239231,1678
2023-03-09,Yolo,113,214977,50143,50100,4884,54984,443
2023-03-09,Yuba,115,75493,20073,20055,1877,21932,135
2023-03-08,Alameda,001,1643700,379930,379541,22816,402357,2192
2023-03-08,Alpine,002,1148,139,139,4,143,0
2023-03-08,Amador,005,37829,10590,10582,971,11553,99
2023-03-08,Butte,007,227075,41734,41706,10283,51989,487
2023-03-08,Calaveras,009,45235,9022,9009,643,9652,140
2023-03-08,Colusa,011,21464,3997,3995,1364,5359,22
2023-03-08,Contra Costa,013,1133247,273619,273314,22381,295695,1559
2023-03-08,Del Norte,015,27424,7937,7937,477,8414,60
2023-03-08,El Dorado,017,186661,34637,34622,4553,39175,245
2023-03-08,Fresno,019,978130,294920,294640,34857,329497,3001
2023-03-08,Glenn,021,27897,5791,5791,2018,7809,58
2023-03-08,Humboldt,023,135768,23383,23392,5933,29325,170
2023-03-08,Imperial,025,180216,70252,70108,18932,89040,978
2023-03-08,Inyo,027,18085,4769,4768,1311,6079,63
2023-03-08,Kern,029,883053,230278,230141,73092,303233,2481
2023-03-08,Kings,031,150075,62938,62890,4473,67363,481
2023-03-08,Lake,033,64148,13668,13661,1282,14943,157
2023-03-08,Lassen,035,31185,10262,10255,1065,11320,66
2023-03-08,Los Angeles,037,10098052,3495727,3492824,218820,3711644,35545
2023-03-08,Madera,039,155013,46359,46322,8909,55231,378
2023-03-08,Marin,041,260295,49269,49217,5706,54923,317
2023-03-08,Mariposa,043,17540,3361,3360,359,3719,33
2023-03-08,Mendocino,045,87422,16915,16909,4828,21737,143
2023-03-08,Merced,047,269075,76757,76684,12749,89433,903
2023-03-08,Modoc,049,8938,958,956,374,1330,11
2023-03-08,Mono,051,14174,3331,3331,301,3632,8
2023-03-08,Monterey,053,433212,98339,98282,24026,122308,804
2023-03-08,Napa,055,140530,34495,34458,1538,35996,170
2023-03-08,Nevada,057,99092,20182,20173,2325,22498,133
2023-03-08,Orange,059,3164182,711340,710847,78350,789197,7966
2023-03-08,Placer,061,380077,81258,81163,10229,91392,682
2023-03-08,Plumas,063,18699,3832,3830,461,4291,15
2023-03-08,Riverside,065,2383286,735458,734898,41872,776770,6853
2023-03-08,Sacramento,067,1510023,371802,371378,37905,409283,3530
2023-03-08,San Benito,069,59416,17666,17658,1140,18798,117
2023-03-08,San Bernardino,071,2135413,710394,709951,35276,745227,8170
2023-03-08,San Diego,073,3302833,987083,986445,81494,1067939,5799
2023-03-08,San Francisco,075,870044,196796,196540,13336,209876,1178
2023-03-08,San Joaquin,077,732212,210362,210181,16918,227099,2421
2023-03-08,San Luis Obispo,079,281455,66567,66519,8145,74664,561
2023-03-08,San Mateo,081,765935,183464,183227,11379,194606,751
2023-03-08,Santa Barbara,083,443738,112343,112255,7706,119961,763
2023-03-08,Santa Clara,085,1922200,476238,475754,21824,497578,2727
2023-03-08,Santa Cruz,087,273765,68577,68493,3956,72449,276
2023-03-08,Shasta,089,179085,36501,36485,8321,44806,607
2023-03-08,Sierra,091,2930,311,311,61,372,5
2023-03-08,Siskiyou,093,43540,5470,5467,3443,8910,96
2023-03-08,Solano,095,438530,114185,114105,8644,122749,482
2023-03-08,Sonoma,097,501317,113874,113762,5796,119558,556
2023-03-08,Stanislaus,099,539301,145386,145296,23091,168387,1845
2023-03-08,Sutter,101,95872,25772,25768,2540,28308,241
2023-03-08,Tehama,103,63373,14471,14471,3409,17880,234
2023-03-08,Trinity,105,12862,1476,1476,505,1981,24
2023-03-08,Tulare,107,460477,128657,128533,40354,168887,1578
2023-03-08,Tuolumne,109,53932,16939,16918,1021,17939,203
2023-03-08,Ventura,111,848112,221190,221062,18169,239231,1678
2023-03-08,Yolo,113,214977,50129,50100,4884,54984,443
2023-03-08,Yuba,115,75493,20069,20055,1877,21932,135
2023-03-07,Alameda,001,1643700,379801,379541,22816,402357,2192
2023-03-07,Alpine,002,1148,139,139,4,143,0
2023-03-07,Amador,005,37829,10589,10582,971,11553,99
2023-03-07,Butte,007,227075,41728,41706,10283,51989,487
2023-03-07,Calaveras,009,45235,9022,9009,643,9652,140
2023-03-07,Colusa,011,21464,3997,3995,1364,5359,22
2023-03-07,Contra Costa,013,1133247,273528,273314,22381,295695,1559
2023-03-07,Del Norte,015,27424,7935,7937,477,8414,60
2023-03-07,El Dorado,017,186661,34632,34622,4553,39175,245
2023-03-07,Fresno,019,978130,294866,294640,34857,329497,3001
2023-03-07,Glenn,021,27897,5791,5791,2018,7809,58
2023-03-07,Humboldt,023,135768,23381,23392,5933,29325,170
2023-03-07,Imperial,025,180216,70213,70108,18932,89040,978
2023-03-07,Inyo,027,18085,4769,4768,1311,6079,63
2023-03-07,Kern,029,883053,230245,230141,73092,303233,2481
2023-03-07,Kings,031,150075,62927,62890,4473,67363,481
2023-03-07,Lake,033,64148,13667,13661,1282,14943,157
2023-03-07,Lassen,035,31185,10262,10255,1065,11320,66
2023-03-07,Los Angeles,037,10098052,3495100,3492824,218820,3711644,35545
2023-03-07,Madera,039,155013,46351,46322,8909,55231,378
2023-03-07,Marin,041,260295,49258,49217,5706,54923,317
2023-03-07,Mariposa,043,17540,3361,3360,359,3719,33
2023-03-07,Mendocino,045,87422,16913,16909,4828,21737,143
2023-03-07,Merced,047,269075,76746,76684,12749,89433,903
2023-03-07,Modoc,049,8938,958,956,374,1330,11
2023-03-07,Mono,051,14174,3331,3331,301,3632,8
2023-03-07,Monterey,053,433212,98330,98282,24026,122308,804
2023-03-07,Napa,055,140530,34484,34458,1538,35996,170
2023-03-07,Nevada,057,99092,20177,20173,2325,22498,133
2023-03-07,Orange,059,3164182,711196,710847,78350,789197,7966
2023-03-07,Placer,061,380077,81233,81163,10229,91392,682
2023-03-07,Plumas,063,18699,3830,3830,461,4291,15
2023-03-07,Riverside,065,2383286,735313,734898,41872,776770,6853
2023-03-07,Sacramento,067,1510023,371695,371378,37905,409283,3530
2023-03-07,San Benito,069,59416,17663,17658,1140,18798,117
2023-03-07,San Bernardino,071,2135413,710285,709951,35276,745227,8170
2023-03-07,San Diego,073,3302833,986870,986445,81494,1067939,5799
2023-03-07,San Francisco,075,870044,196715,196540,13336,209876,1178
2023-03-07,San Joaquin,077,732212,210314,210181,16918,227099,2421
2023-03-07,San Luis Obispo,079,281455,66559,66519,8145,74664,561
2023-03-07,San Mateo,081,765935,183408,183227,11379,194606,751
2023-03-07,Santa Barbara,083,443738,112319,112255,7706,119961,763
2023-03-07,Santa Clara,085,1922200,476085,475754,21824,497578,2727
2023-03-07,Santa Cruz,087,273765,68570,68493,3956,72449,276
2023-03-07,Shasta,089,179085,36500,36485,8321,44806,607
2023-03-07,Sierra,091,2930,311,311,61,372,5
2023-03-07,Siskiyou,093,43540,5469,5467,3443,8910,96
2023-03-07,Solano,095,438530,114152,114105,8644,122749,482
2023-03-07,Sonoma,097,501317,113849,113762,5796,119558,556
2023-03-07,Stanislaus,099,539301,145362,145296,23091,168387,1845
2023-03-07,Sutter,101,95872,25762,25768,2540,28308,241
2023-03-07,Tehama,103,63373,14471,14471,3409,17880,234
2023-03-07,Trinity,105,12862,1476,1476,505,1981,24
2023-03-07,Tulare,107,460477,128626,128533,40354,168887,1578
2023-03-07,Tuolumne,109,53932,16937,16918,1021,17939,203
2023-03-07,Ventura,111,848112,221151,221062,18169,239231,1678
2023-03-07,Yolo,113,214977,50117,50100,4884,54984,443
2023-03-07,Yuba,115,75493,20066,20055,1877,21932,135
2023-03-06,Alameda,001,1643700,379672,378544,22816,401360,2184
2023-03-06,Alpine,002,1148,139,139,4,143,0
2023-03-06,Amador,005,37829,10586,10569,971,11540,99
2023-03-06,Butte,007,227075,41716,41655,10283,51938,487
2023-03-06,Calaveras,009,45235,9015,8993,643,9636,140
2023-03-06,Colusa,011,21464,3996,3984,1364,5348,22
2023-03-06,Contra Costa,013,1133247,273442,272604,22381,294985,1556
2023-03-06,Del Norte,015,27424,7935,7930,477,8407,60
2023-03-06,El Dorado,017,186661,34623,34553,4553,39106,244
2023-03-06,Fresno,019,978130,294797,294108,34857,328965,2994
2023-03-06,Glenn,021,27897,5790,5788,2018,7806,58
2023-03-06,Humboldt,023,135768,23379,23359,5933,29292,169
2023-03-06,Imperial,025,180216,70174,69938,18932,88870,975
2023-03-06,Inyo,027,18085,4769,4763,1311,6074,63
2023-03-06,Kern,029,883053,230199,229772,73092,302864,2476
2023-03-06,Kings,031,150075,62912,62825,4473,67298,481
2023-03-06,Lake,033,64148,13663,13639,1282,14921,155
2023-03-06,Lassen,035,31185,10261,10250,1065,11315,66
2023-03-06,Los Angeles,037,10098052,3494501,3487619,218820,3706439,35453
2023-03-06,Madera,039,155013,46343,46225,8909,55134,378
2023-03-06,Marin,041,260295,49246,49072,5706,54778,317
2023-03-06,Mariposa,043,17540,3360,3360,359,3719,33
2023-03-06,Mendocino,045,87422,16910,16880,4828,21708,143
2023-03-06,Merced,047,269075,76728,76442,12749,89191,903
2023-03-06,Modoc,049,8938,957,955,374,1329,11
2023-03-06,Mono,051,14174,3331,3326,301,3627,8
2023-03-06,Monterey,053,433212,98324,98109,24026,122135,800
2023-03-06,Napa,055,140530,34477,34402,1538,35940,170
2023-03-06,Nevada,057,99092,20175,20146,2325,22471,133
2023-03-06,Orange,059,3164182,711065,709802,78350,788152,7943
2023-03-06,Placer,061,380077,81208,80996,10229,91225,682
2023-03-06,Plumas,063,18699,3830,3830,461,4291,15
2023-03-06,Riverside,065,2383286,735163,734008,41872,775880,6842
2023-03-06,Sacramento,067,1510023,371581,370439,37905,408344,3534
2023-03-06,San Benito,069,59416,17660,17637,1140,18777,116
2023-03-06,San Bernardino,071,2135413,710170,709085,35276,744361,8170
2023-03-06,San Diego,073,3302833,986641,985023,81494,1066517,5785
2023-03-06,San Francisco,075,870044,196617,195947,13336,209283,1174
2023-03-06,San Joaquin,077,732212,210252,209753,16918,226671,2420
2023-03-06,San Luis Obispo,079,281455,66549,66407,8145,74552,561
2023-03-06,San Mateo,081,765935,183352,182769,11379,194148,750
2023-03-06,Santa Barbara,083,443738,112299,112122,7706,119828,761
2023-03-06,Santa Clara,085,1922200,475917,474566,21824,496390,2715
2023-03-06,Santa Cruz,087,273765,68558,68315,3956,72271,276
2023-03-06,Shasta,089,179085,36498,36444,8321,44765,607
2023-03-06,Sierra,091,2930,311,311,61,372,5
2023-03-06,Siskiyou,093,43540,5469,5462,3443,8905,95
2023-03-06,Solano,095,438530,114109,113771,8644,122415,482
2023-03-06,Sonoma,097,501317,113813,113535,5796,119331,554
2023-03-06,Stanislaus,099,539301,145321,145047,23091,168138,1845
2023-03-06,Sutter,101,95872,25761,25728,2540,28268,238
2023-03-06,Tehama,103,63373,14469,14454,3409,17863,222
2023-03-06,Trinity,105,12862,1476,1474,505,1979,24
2023-03-06,Tulare,107,460477,128597,128286,40354,168640,1577
2023-03-06,Tuolumne,109,53932,16929,16875,1021,17896,203
2023-03-06,Ventura,111,848112,221104,220793,18169,238962,1673
2023-03-06,Yolo,113,214977,50108,50031,4884,54915,443
2023-03-06,Yuba,115,75493,20060,20015,1877,21892,134
2023-03-05,Alameda,001,1643700,379522,378544,22816,401360,2184
2023-03-05,Alpine,002,1148,139,139,4,143,0
2023-03-05,Amador,005,37829,10580,10569,971,11540,99
2023-03-05,Butte,007,227075,41711,41655,10283,51938,487
2023-03-05,Calaveras,009,45235,9011,8993,643,9636,140
2023-03-05,Colusa,011,21464,3992,3984,1359,5343,22
2023-03-05,Contra Costa,013,1133247,273326,272604,22381,294985,1556
2023-03-05,Del Norte,015,27424,7935,7930,477,8407,60
2023-03-05,El Dorado,017,186661,34609,34553,4552,39105,244
2023-03-05,Fresno,019,978130,294724,294108,34857,328965,2994
2023-03-05,Glenn,021,27897,5788,5788,2018,7806,58
2023-03-05,Humboldt,023,135768,23374,23359,5933,29292,169
2023-03-05,Imperial,025,180216,70134,69938,18932,88870,975
2023-03-05,Inyo,027,18085,4768,4763,1311,6074,63
2023-03-05,Kern,029,883053,230156,229772,73092,302864,2476
2023-03-05,Kings,031,150075,62895,62825,4473,67298,481
2023-03-05,Lake,033,64148,13661,13639,1282,14921,155
2023-03-05,Lassen,035,31185,10260,10250,1065,11315,66
2023-03-05,Los Angeles,037,10098052,3493813,3487619,218817,3706436,35453
2023-03-05,Madera,039,155013,46335,46225,8909,55134,378
2023-03-05,Marin,041,260295,49222,49072,5706,54778,317
2023-03-05,Mariposa,043,17540,3360,3360,359,3719,33
2023-03-05,Mendocino,045,87422,16908,16880,4828,21708,143
2023-03-05,Merced,047,269075,76706,76442,12749,89191,903
2023-03-05,Modoc,049,8938,957,955,374,1329,11
2023-03-05,Mono,051,14174,3330,3326,301,3627,8
2023-03-05,Monterey,053,433212,98298,98109,24026,122135,800
2023-03-05,Napa,055,140530,34465,34402,1538,35940,170
2023-03-05,Nevada,057,99092,20172,20146,2325,22471,133
2023-03-05,Orange,059,3164182,710901,709802,78350,788152,7943
2023-03-05,Placer,061,380077,81178,80996,10229,91225,682
2023-03-05,Plumas,063,18699,3830,3830,461,4291,15
2023-03-05,Riverside,065,2383286,735018,734008,41872,775880,6842
2023-03-05,Sacramento,067,1510023,371425,370439,37905,408344,3534
2023-03-05,San Benito,069,59416,17659,17637,1140,18777,116
2023-03-05,San Bernardino,071,2135413,710057,709085,35276,744361,8170
2023-03-05,San Diego,073,3302833,986384,985023,81482,1066505,5785
2023-03-05,San Francisco,075,870044,196522,195947,13336,209283,1174
2023-03-05,San Joaquin,077,732212,210174,209753,16918,226671,2420
2023-03-05,San Luis Obispo,079,281455,66525,66407,8145,74552,561
2023-03-05,San Mateo,081,765935,183279,182769,11379,194148,750
2023-03-05,Santa Barbara,083,443738,112268,112122,7706,119828,761
2023-03-05,Santa Clara,085,1922200,475738,474566,21824,496390,2715
2023-03-05,Santa Cruz,087,273765,68523,68315,3956,72271,276
2023-03-05,Shasta,089,179085,36492,36444,8321,44765,607
2023-03-05,Sierra,091,2930,311,311,61,372,5
2023-03-05,Siskiyou,093,43540,5468,5462,3443,8905,95
2023-03-05,Solano,095,438530,114055,113771,8644,122415,482
2023-03-05,Sonoma,097,501317,113784,113535,5796,119331,554
2023-03-05,Stanislaus,099,539301,145281,145047,23085,168132,1845
2023-03-05,Sutter,101,95872,25760,25728,2540,28268,238
2023-03-05,Tehama,103,63373,14469,14454,3409,17863,222
2023-03-05,Trinity,105,12862,1476,1474,505,1979,24
2023-03-05,Tulare,107,460477,128562,128286,40349,168635,1577
2023-03-05,Tuolumne,109,53932,16929,16875,1021,17896,203
2023-03-05,Ventura,111,848112,221065,220793,18169,238962,1673
2023-03-05,Yolo,113,214977,50099,50031,4884,54915,443
2023-03-05,Yuba,115,75493,20056,20015,1877,21892,134
2023-03-04,Alameda,001,1643700,379443,378544,22816,401360,2184
2023-03-04,Alpine,002,1148,139,139,4,143,0
2023-03-04,Amador,005,37829,10579,10569,971,11540,99
2023-03-04,Butte,007,227075,41707,41655,10283,51938,487
2023-03-04,Calaveras,009,45235,9009,8993,643,9636,140
2023-03-04,Colusa,011,21464,3990,3984,1359,5343,22
2023-03-04,Contra Costa,013,1133247,273257,272604,22381,294985,1556
2023-03-04,Del Norte,015,27424,7935,7930,477,8407,60
2023-03-04,El Dorado,017,186661,34608,34553,4552,39105,244
2023-03-04,Fresno,019,978130,294697,294108,34857,328965,2994
2023-03-04,Glenn,021,27897,5788,5788,2018,7806,58
2023-03-04,Humboldt,023,135768,23373,23359,5933,29292,169
2023-03-04,Imperial,025,180216,70120,69938,18932,88870,975
2023-03-04,Inyo,027,18085,4768,4763,1311,6074,63
2023-03-04,Kern,029,883053,230138,229772,73092,302864,2476
2023-03-04,Kings,031,150075,62889,62825,4473,67298,481
2023-03-04,Lake,033,64148,13661,13639,1282,14921,155
2023-03-04,Lassen,035,31185,10260,10250,1065,11315,66
2023-03-04,Los Angeles,037,10098052,3493486,3487619,218786,3706405,35453
2023-03-04,Madera,039,155013,46331,46225,8909,55134,378
2023-03-04,Marin,041,260295,49206,49072,5706,54778,317
2023-03-04,Mariposa,043,17540,3360,3360,359,3719,33
2023-03-04,Mendocino,045,87422,16905,16880,4828,21708,143
2023-03-04,Merced,047,269075,76700,76442,12749,89191,903
2023-03-04,Modoc,049,8938,956,955,374,1329,11
2023-03-04,Mono,051,14174,3330,3326,301,3627,8
2023-03-04,Monterey,053,433212,98288,98109,24025,122134,800
2023-03-04,Napa,055,140530,34461,34402,1538,35940,170
2023-03-04,Nevada,057,99092,20172,20146,2325,22471,133
2023-03-04,Orange,059,3164182,710824,709802,78350,788152,7943
2023-03-04,Placer,061,380077,81160,80996,10229,91225,682
2023-03-04,Plumas,063,18699,3830,3830,461,4291,15
2023-03-04,Riverside,065,2383286,734934,734008,41872,775880,6842
2023-03-04,Sacramento,067,1510023,371339,370439,37905,408344,3534
2023-03-04,San Benito,069,59416,17659,17637,1140,18777,116
2023-03-04,San Bernardino,071,2135413,709975,709085,35276,744361,8170
2023-03-04,San Diego,073,3302833,986273,985023,81472,1066495,5785
2023-03-04,San Francisco,075,870044,196462,195947,13336,209283,1174
2023-03-04,San Joaquin,077,732212,210132,209753,16911,226664,2420
2023-03-04,San Luis Obispo,079,281455,66517,66407,8145,74552,561
2023-03-04,San Mateo,081,765935,183239,182769,11379,194148,750
2023-03-04,Santa Barbara,083,443738,112258,112122,7706,119828,761
2023-03-04,Santa Clara,085,1922200,475647,474566,21824,496390,2715
2023-03-04,Santa Cruz,087,273765,68519,68315,3956,72271,276
2023-03-04,Shasta,089,179085,36492,36444,8321,44765,607
2023-03-04,Sierra,091,2930,311,311,61,372,5
2023-03-04,Siskiyou,093,43540,5468,5462,3443,8905,95
2023-03-04,Solano,095,438530,114029,113771,8644,122415,482
2023-03-04,Sonoma,097,501317,113766,113535,5796,119331,554
2023-03-04,Stanislaus,099,539301,145256,145047,23083,168130,1845
2023-03-04,Sutter,101,95872,25758,25728,2540,28268,238
2023-03-04,Tehama,103,63373,14467,14454,3409,17863,222
2023-03-04,Trinity,105,12862,1476,1474,505,1979,24
2023-03-04,Tulare,107,460477,128542,128286,40344,168630,1577
2023-03-04,Tuolumne,109,53932,16924,16875,1021,17896,203
2023-03-04,Ventura,111,848112,221047,220793,18169,238962,1673
2023-03-04,Yolo,113,214977,50094,50031,4883,54914,443
2023-03-04,Yuba,115,75493,20055,20015,1877,21892,134
2023-03-03,Alameda,001,1643700,379352,378544,22816,401360,2184
2023-03-03,Alpine,002,1148,139,139,4,143,0
2023-03-03,Amador,005,37829,10579,10569,971,11540,99
2023-03-03,Butte,007,227075,41702,41655,10283,51938,487
2023-03-03,Calaveras,009,45235,9009,8993,643,9636,140
2023-03-03,Colusa,011,21464,3988,3984,1359,5343,22
2023-03-03,Contra Costa,013,1133247,273195,272604,22381,294985,1556
2023-03-03,Del Norte,015,27424,7934,7930,477,8407,60
2023-03-03,El Dorado,017,186661,34604,34553,4552,39105,244
2023-03-03,Fresno,019,978130,294654,294108,34857,328965,2994
2023-03-03,Glenn,021,27897,5788,5788,2018,7806,58
2023-03-03,Humboldt,023,135768,23373,23359,5933,29292,169
2023-03-03,Imperial,025,180216,70103,69938,18932,88870,975
2023-03-03,Inyo,027,18085,4768,4763,1311,6074,63
2023-03-03,Kern,029,883053,230104,229772,73090,302862,2476
2023-03-03,Kings,031,150075,62884,62825,4472,67297,481
2023-03-03,Lake,033,64148,13660,13639,1282,14921,155
2023-03-03,Lassen,035,31185,10259,10250,1065,11315,66
2023-03-03,Los Angeles,037,10098052,3493109,3487619,218747,3706366,35453
2023-03-03,Madera,039,155013,46321,46225,8909,55134,378
2023-03-03,Marin,041,260295,49192,49072,5706,54778,317
2023-03-03,Mariposa,043,17540,3360,3360,359,3719,33
2023-03-03,Mendocino,045,87422,16901,16880,4828,21708,143
2023-03-03,Merced,047,269075,76685,76442,12749,89191,903
2023-03-03,Modoc,049,8938,956,955,374,1329,11
2023-03-03,Mono,051,14174,3330,3326,301,3627,8
2023-03-03,Monterey,053,433212,98267,98109,24013,122122,800
2023-03-03,Napa,055,140530,34458,34402,1538,35940,170
2023-03-03,Nevada,057,99092,20171,20146,2325,22471,133
2023-03-03,Orange,059,3164182,710729,709802,78350,788152,7943
2023-03-03,Placer,061,380077,81141,80996,10228,91224,682
2023-03-03,Plumas,063,18699,3830,3830,461,4291,15
2023-03-03,Riverside,065,2383286,734840,734008,41872,775880,6842
2023-03-03,Sacramento,067,1510023,371272,370439,37904,408343,3534
2023-03-03,San Benito,069,59416,17658,17637,1140,18777,116
2023-03-03,San Bernardino,071,2135413,709893,709085,35275,744360,8170
2023-03-03,San Diego,073,3302833,986156,985023,81463,1066486,5785
2023-03-03,San Francisco,075,870044,196409,195947,13336,209283,1174
2023-03-03,San Joaquin,077,732212,210103,209753,16907,226660,2420
2023-03-03,San Luis Obispo,079,281455,66508,66407,8145,74552,561
2023-03-03,San Mateo,081,765935,183197,182769,11379,194148,750
2023-03-03,Santa Barbara,083,443738,112238,112122,7706,119828,761
2023-03-03,Santa Clara,085,1922200,475538,474566,21824,496390,2715
2023-03-03,Santa Cruz,087,273765,68502,68315,3956,72271,276
2023-03-03,Shasta,089,179085,36490,36444,8321,44765,607
2023-03-03,Sierra,091,2930,311,311,61,372,5
2023-03-03,Siskiyou,093,43540,5468,5462,3443,8905,95
2023-03-03,Solano,095,438530,114011,113771,8644,122415,482
2023-03-03,Sonoma,097,501317,113745,113535,5796,119331,554
2023-03-03,Stanislaus,099,539301,145228,145047,23082,168129,1845
2023-03-03,Sutter,101,95872,25754,25728,2540,28268,238
2023-03-03,Tehama,103,63373,14467,14454,3409,17863,222
2023-03-03,Trinity,105,12862,1476,1474,505,1979,24
2023-03-03,Tulare,107,460477,128518,128286,40343,168629,1577
2023-03-03,Tuolumne,109,53932,16922,16875,1021,17896,203
2023-03-03,Ventura,111,848112,221021,220793,18169,238962,1673
2023-03-03,Yolo,113,214977,50090,50031,4883,54914,443
2023-03-03,Yuba,115,75493,20050,20015,1877,21892,134
2023-03-02,Alameda,001,1643700,379215,378544,22816,401360,2184
2023-03-02,Alpine,002,1148,139,139,4,143,0
2023-03-02,Amador,005,37829,10579,10569,971,11540,99
2023-03-02,Butte,007,227075,41699,41655,10283,51938,487
2023-03-02,Calaveras,009,45235,9003,8993,643,9636,140
2023-03-02,Colusa,011,21464,3988,3984,1359,5343,22
2023-03-02,Contra Costa,013,1133247,273073,272604,22381,294985,1556
2023-03-02,Del Norte,015,27424,7934,7930,477,8407,60
2023-03-02,El Dorado,017,186661,34596,34553,4552,39105,244
2023-03-02,Fresno,019,978130,294602,294108,34857,328965,2994
2023-03-02,Glenn,021,27897,5788,5788,2018,7806,58
2023-03-02,Humboldt,023,135768,23370,23359,5933,29292,169
2023-03-02,Imperial,025,180216,70083,69938,18932,88870,975
2023-03-02,Inyo,027,18085,4768,4763,1311,6074,63
2023-03-02,Kern,029,883053,230060,229772,73086,302858,2476
2023-03-02,Kings,031,150075,62872,62825,4472,67297,481
2023-03-02,Lake,033,64148,13657,13639,1282,14921,155
2023-03-02,Lassen,035,31185,10258,10250,1065,11315,66
2023-03-02,Los Angeles,037,10098052,3492555,3487619,218693,3706312,35453
2023-03-02,Madera,039,155013,46306,46225,8909,55134,378
2023-03-02,Marin,041,260295,49176,49072,5706,54778,317
2023-03-02,Mariposa,043,17540,3360,3360,359,3719,33
2023-03-02,Mendocino,045,87422,16898,16880,4828,21708,143
2023-03-02,Merced,047,269075,76648,76442,12748,89190,903
2023-03-02,Modoc,049,8938,956,955,374,1329,11
2023-03-02,Mono,051,14174,3329,3326,301,3627,8
2023-03-02,Monterey,053,433212,98252,98109,24009,122118,800
2023-03-02,Napa,055,140530,34447,34402,1538,35940,170
2023-03-02,Nevada,057,99092,20167,20146,2325,22471,133
2023-03-02,Orange,059,3164182,710603,709802,78350,788152,7943
2023-03-02,Placer,061,380077,81120,80996,10228,91224,682
2023-03-02,Plumas,063,18699,3830,3830,461,4291,15
2023-03-02,Riverside,065,2383286,734708,734008,41871,775879,6842
2023-03-02,Sacramento,067,1510023,371166,370439,37903,408342,3534
2023-03-02,San Benito,069,59416,17656,17637,1140,18777,116
2023-03-02,San Bernardino,071,2135413,709794,709085,35275,744360,8170
2023-03-02,San Diego,073,3302833,985941,985023,81444,1066467,5785
2023-03-02,San Francisco,075,870044,196312,195947,13336,209283,1174
2023-03-02,San Joaquin,077,732212,210057,209753,16901,226654,2420
2023-03-02,San Luis Obispo,079,281455,66500,66407,8145,74552,561
2023-03-02,San Mateo,081,765935,183137,182769,11379,194148,750
2023-03-02,Santa Barbara,083,443738,112223,112122,7706,119828,761
2023-03-02,Santa Clara,085,1922200,475391,474566,21823,496389,2715
2023-03-02,Santa Cruz,087,273765,68493,68315,3956,72271,276
2023-03-02,Shasta,089,179085,36485,36444,8321,44765,607
2023-03-02,Sierra,091,2930,311,311,61,372,5
2023-03-02,Siskiyou,093,43540,5466,5462,3443,8905,95
2023-03-02,Solano,095,438530,113965,113771,8644,122415,482
2023-03-02,Sonoma,097,501317,113706,113535,5796,119331,554
2023-03-02,Stanislaus,099,539301,145197,145047,23080,168127,1845
2023-03-02,Sutter,101,95872,25749,25728,2540,28268,238
2023-03-02,Tehama,103,63373,14464,14454,3409,17863,222
2023-03-02,Trinity,105,12862,1476,1474,505,1979,24
2023-03-02,Tulare,107,460477,128490,128286,40337,168623,1577
2023-03-02,Tuolumne,109,53932,16919,16875,1021,17896,203
2023-03-02,Ventura,111,848112,220986,220793,18169,238962,1673
2023-03-02,Yolo,113,214977,50079,50031,4881,54912,443
2023-03-02,Yuba,115,75493,20045,20015,1877,21892,134
2023-03-01,Alameda,001,1643700,379089,378544,22816,401360,2184
2023-03-01,Alpine,002,1148,139,139,4,143,0
2023-03-01,Amador,005,37829,10577,10569,971,11540,99
2023-03-01,Butte,007,227075,41695,41655,10283,51938,487
2023-03-01,Calaveras,009,45235,9001,8993,643,9636,140
2023-03-01,Colusa,011,21464,3987,3984,1355,5339,22
2023-03-01,Contra Costa,013,1133247,272999,272604,22381,294985,1556
2023-03-01,Del Norte,015,27424,7934,7930,477,8407,60
2023-03-01,El Dorado,017,186661,34584,34553,4552,39105,244
2023-03-01,Fresno,019,978130,294546,294108,34857,328965,2994
2023-03-01,Glenn,021,27897,5787,5788,2018,7806,58
2023-03-01,Humboldt,023,135768,23369,23359,5932,29291,169
2023-03-01,Imperial,025,180216,70061,69938,18932,88870,975
2023-03-01,Inyo,027,18085,4767,4763,1311,6074,63
2023-03-01,Kern,029,883053,230011,229772,73077,302849,2476
2023-03-01,Kings,031,150075,62864,62825,4472,67297,481
2023-03-01,Lake,033,64148,13652,13639,1282,14921,155
2023-03-01,Lassen,035,31185,10257,10250,1065,11315,66
2023-03-01,Los Angeles,037,10098052,3491817,3487619,218589,3706208,35453
2023-03-01,Madera,039,155013,46287,46225,8909,55134,378
2023-03-01,Marin,041,260295,49156,49072,5706,54778,317
2023-03-01,Mariposa,043,17540,3360,3360,359,3719,33
2023-03-01,Mendocino,045,87422,16894,16880,4828,21708,143
2023-03-01,Merced,047,269075,76630,76442,12747,89189,903
2023-03-01,Modoc,049,8938,956,955,374,1329,11
2023-03-01,Mono,051,14174,3326,3326,301,3627,8
2023-03-01,Monterey,053,433212,98226,98109,24006,122115,800
2023-03-01,Napa,055,140530,34441,34402,1538,35940,170
2023-03-01,Nevada,057,99092,20160,20146,2325,22471,133
2023-03-01,Orange,059,3164182,710454,709802,78349,788151,7943
2023-03-01,Placer,061,380077,81083,80996,10228,91224,682
2023-03-01,Plumas,063,18699,3830,3830,461,4291,15
2023-03-01,Riverside,065,2383286,734574,734008,41871,775879,6842
2023-03-01,Sacramento,067,1510023,371053,370439,37899,408338,3534
2023-03-01,San Benito,069,59416,17654,17637,1140,18777,116
2023-03-01,San Bernardino,071,2135413,709694,709085,35275,744360,8170
2023-03-01,San Diego,073,3302833,985725,985023,81428,1066451,5785
2023-03-01,San Francisco,075,870044,196232,195947,13335,209282,1174
2023-03-01,San Joaquin,077,732212,209982,209753,16897,226650,2420
2023-03-01,San Luis Obispo,079,281455,66487,66407,8145,74552,561
2023-03-01,San Mateo,081,765935,183070,182769,11379,194148,750
2023-03-01,Santa Barbara,083,443738,112202,112122,7706,119828,761
2023-03-01,Santa Clara,085,1922200,475246,474566,21823,496389,2715
2023-03-01,Santa Cruz,087,273765,68469,68315,3956,72271,276
2023-03-01,Shasta,089,179085,36484,36444,8321,44765,607
2023-03-01,Sierra,091,2930,311,311,61,372,5
2023-03-01,Siskiyou,093,43540,5464,5462,3443,8905,95
2023-03-01,Solano,095,438530,113928,113771,8644,122415,482
2023-03-01,Sonoma,097,501317,113679,113535,5796,119331,554
2023-03-01,Stanislaus,099,539301,145158,145047,23072,168119,1845
2023-03-01,Sutter,101,95872,25745,25728,2540,28268,238
2023-03-01,Tehama,103,63373,14459,14454,3409,17863,222
2023-03-01,Trinity,105,12862,1476,1474,505,1979,24
2023-03-01,Tulare,107,460477,128467,128286,40336,168622,1577
2023-03-01,Tuolumne,109,53932,16917,16875,1021,17896,203
2023-03-01,Ventura,111,848112,220941,220793,18169,238962,1673
2023-03-01,Yolo,113,214977,50074,50031,4881,54912,443
2023-03-01,Yuba,115,75493,20042,20015,1877,21892,134
2023-02-28,Alameda,001,1643700,378922,378544,22816,401360,2184
2023-02-28,Alpine,002,1148,139,139,4,143,0
2023-02-28,Amador,005,37829,10574,10569,971,11540,99
2023-02-28,Butte,007,227075,41691,41655,10282,51937,487
2023-02-28,Calaveras,009,45235,8998,8993,642,9635,140
2023-02-28,Colusa,011,21464,3985,3984,1354,5338,22
2023-02-28,Contra Costa,013,1133247,272869,272604,22381,294985,1556
2023-02-28,Del Norte,015,27424,7931,7930,477,8407,60
2023-02-28,El Dorado,017,186661,34577,34553,4552,39105,244
2023-02-28,Fresno,019,978130,294480,294108,34857,328965,2994
2023-02-28,Glenn,021,27897,5787,5788,2018,7806,58
2023-02-28,Humboldt,023,135768,23362,23359,5932,29291,169
2023-02-28,Imperial,025,180216,70043,69938,18932,88870,975
2023-02-28,Inyo,027,18085,4767,4763,1311,6074,63
2023-02-28,Kern,029,883053,229981,229772,73052,302824,2476
2023-02-28,Kings,031,150075,62856,62825,4472,67297,481
2023-02-28,Lake,033,64148,13647,13639,1282,14921,155
2023-02-28,Lassen,035,31185,10257,10250,1065,11315,66
2023-02-28,Los Angeles,037,10098052,3491142,3487619,218471,3706090,35453
2023-02-28,Madera,039,155013,46271,46225,8909,55134,378
2023-02-28,Marin,041,260295,49141,49072,5706,54778,317
2023-02-28,Mariposa,043,17540,3360,3360,359,3719,33
2023-02-28,Mendocino,045,87422,16889,16880,4828,21708,143
2023-02-28,Merced,047,269075,76610,76442,12747,89189,903
2023-02-28,Modoc,049,8938,956,955,374,1329,11
2023-02-28,Mono,051,14174,3326,3326,301,3627,8
2023-02-28,Monterey,053,433212,98204,98109,24002,122111,800
2023-02-28,Napa,055,140530,34430,34402,1538,35940,170
2023-02-28,Nevada,057,99092,20160,20146,2325,22471,133
2023-02-28,Orange,059,3164182,710296,709802,78349,788151,7943
2023-02-28,Placer,061,380077,81060,80996,10228,91224,682
2023-02-28,Plumas,063,18699,3830,3830,461,4291,15
2023-02-28,Riverside,065,2383286,734453,734008,41869,775877,6842
2023-02-28,Sacramento,067,1510023,370888,370439,37891,408330,3534
2023-02-28,San Benito,069,59416,17649,17637,1140,18777,116
2023-02-28,San Bernardino,071,2135413,709560,709085,35273,744358,8170
2023-02-28,San Diego,073,3302833,985508,985023,81399,1066422,5785
2023-02-28,San Francisco,075,870044,196133,195947,13334,209281,1174
2023-02-28,San Joaquin,077,732212,209932,209753,16894,226647,2420
2023-02-28,San Luis Obispo,079,281455,66474,66407,8142,74549,561
2023-02-28,San Mateo,081,765935,183008,182769,11379,194148,750
2023-02-28,Santa Barbara,083,443738,112174,112122,7706,119828,761
2023-02-28,Santa Clara,085,1922200,475051,474566,21823,496389,2715
2023-02-28,Santa Cruz,087,273765,68442,68315,3956,72271,276
2023-02-28,Shasta,089,179085,36481,36444,8321,44765,607
2023-02-28,Sierra,091,2930,311,311,61,372,5
2023-02-28,Siskiyou,093,43540,5464,5462,3443,8905,95
2023-02-28,Solano,095,438530,113890,113771,8644,122415,482
2023-02-28,Sonoma,097,501317,113649,113535,5796,119331,554
2023-02-28,Stanislaus,099,539301,145119,145047,23065,168112,1845
2023-02-28,Sutter,101,95872,25736,25728,2540,28268,238
2023-02-28,Tehama,103,63373,14459,14454,3409,17863,222
2023-02-28,Trinity,105,12862,1476,1474,505,1979,24
2023-02-28,Tulare,107,460477,128429,128286,40334,168620,1577
2023-02-28,Tuolumne,109,53932,16906,16875,1021,17896,203
2023-02-28,Ventura,111,848112,220909,220793,18169,238962,1673
2023-02-28,Yolo,113,214977,50063,50031,4881,54912,443
2023-02-28,Yuba,115,75493,20036,20015,1877,21892,134
2023-02-27,Alameda,001,1643700,378774,377332,22816,400148,2174
2023-02-27,Alpine,002,1148,139,139,4,143,0
2023-02-27,Amador,005,37829,10574,10541,971,11512,99
2023-02-27,Butte,007,227075,41683,41596,10282,51878,487
2023-02-27,Calaveras,009,45235,8997,8974,642,9616,140
2023-02-27,Colusa,011,21464,3984,3971,1352,5323,22
2023-02-27,Contra Costa,013,1133247,272774,271445,22381,293826,1552
2023-02-27,Del Norte,015,27424,7929,7920,477,8397,60
2023-02-27,El Dorado,017,186661,34570,34500,4552,39052,244
2023-02-27,Fresno,019,978130,294415,293597,34857,328454,2991
2023-02-27,Glenn,021,27897,5786,5782,2018,7800,58
2023-02-27,Humboldt,023,135768,23361,23339,5932,29271,169
2023-02-27,Imperial,025,180216,70014,69789,18932,88721,974
2023-02-27,Inyo,027,18085,4765,4758,1310,6068,63
2023-02-27,Kern,029,883053,229889,229379,73015,302394,2476
2023-02-27,Kings,031,150075,62849,62766,4472,67238,478
2023-02-27,Lake,033,64148,13645,13620,1282,14902,155
2023-02-27,Lassen,035,31185,10257,10248,1065,11313,67
2023-02-27,Los Angeles,037,10098052,3490291,3481382,218325,3699707,35366
2023-02-27,Madera,039,155013,46262,46164,8909,55073,378
2023-02-27,Marin,041,260295,49113,48920,5706,54626,317
2023-02-27,Mariposa,043,17540,3360,3352,359,3711,33
2023-02-27,Mendocino,045,87422,16885,16853,4828,21681,144
2023-02-27,Merced,047,269075,76583,76318,12746,89064,903
2023-02-27,Modoc,049,8938,956,954,374,1328,11
2023-02-27,Mono,051,14174,3326,3321,301,3622,8
2023-02-27,Monterey,053,433212,98185,97918,23995,121913,797
2023-02-27,Napa,055,140530,34424,34318,1538,35856,165
2023-02-27,Nevada,057,99092,20159,20125,2325,22450,133
2023-02-27,Orange,059,3164182,710108,708420,78349,786769,7914
2023-02-27,Placer,061,380077,81041,80815,10228,91043,682
2023-02-27,Plumas,063,18699,3830,3825,461,4286,15
2023-02-27,Riverside,065,2383286,734309,733001,41867,774868,6837
2023-02-27,Sacramento,067,1510023,370740,369563,37876,407439,3514
2023-02-27,San Benito,069,59416,17644,17599,1140,18739,116
2023-02-27,San Bernardino,071,2135413,709446,708208,35272,743480,8170
2023-02-27,San Diego,073,3302833,985244,983163,81364,1064527,5768
2023-02-27,San Francisco,075,870044,196031,195263,13334,208597,1168
2023-02-27,San Joaquin,077,732212,209876,209376,16887,226263,2417
2023-02-27,San Luis Obispo,079,281455,66458,66318,8140,74458,561
2023-02-27,San Mateo,081,765935,182935,182302,11379,193681,749
2023-02-27,Santa Barbara,083,443738,112154,111918,7706,119624,761
2023-02-27,Santa Clara,085,1922200,474866,473306,21822,495128,2699
2023-02-27,Santa Cruz,087,273765,68430,68187,3954,72141,276
2023-02-27,Shasta,089,179085,36476,36417,8321,44738,605
2023-02-27,Sierra,091,2930,311,311,61,372,5
2023-02-27,Siskiyou,093,43540,5463,5448,3443,8891,95
2023-02-27,Solano,095,438530,113853,113469,8644,122113,481
2023-02-27,Sonoma,097,501317,113610,113286,5796,119082,552
2023-02-27,Stanislaus,099,539301,145068,144793,23055,167848,1843
2023-02-27,Sutter,101,95872,25726,25688,2540,28228,238
2023-02-27,Tehama,103,63373,14457,14441,3409,17850,222
2023-02-27,Trinity,105,12862,1474,1472,505,1977,24
2023-02-27,Tulare,107,460477,128394,128042,40324,168366,1567
2023-02-27,Tuolumne,109,53932,16895,16833,1021,17854,203
2023-02-27,Ventura,111,848112,220859,220499,18169,238668,1665
2023-02-27,Yolo,113,214977,50049,49933,4881,54814,442
2023-02-27,Yuba,115,75493,20022,19981,1877,21858,134
2023-02-26,Alameda,001,1643700,378589,377332,22802,400134,2174
2023-02-26,Alpine,002,1148,139,139,4,143,0
2023-02-26,Amador,005,37829,10570,10541,971,11512,99
2023-02-26,Butte,007,227075,41676,41596,10280,51876,487
2023-02-26,Calaveras,009,45235,8995,8974,642,9616,140
2023-02-26,Colusa,011,21464,3983,3971,1345,5316,22
2023-02-26,Contra Costa,013,1133247,272671,271445,22375,293820,1552
2023-02-26,Del Norte,015,27424,7928,7920,477,8397,60
2023-02-26,El Dorado,017,186661,34558,34500,4548,39048,244
2023-02-26,Fresno,019,978130,294350,293597,34840,328437,2991
2023-02-26,Glenn,021,27897,5786,5782,2018,7800,58
2023-02-26,Humboldt,023,135768,23356,23339,5930,29269,169
2023-02-26,Imperial,025,180216,69983,69789,18922,88711,974
2023-02-26,Inyo,027,18085,4765,4758,1310,6068,63
2023-02-26,Kern,029,883053,229823,229379,72980,302359,2476
2023-02-26,Kings,031,150075,62837,62766,4468,67234,478
2023-02-26,Lake,033,64148,13642,13620,1282,14902,155
2023-02-26,Lassen,035,31185,10256,10248,1065,11313,67
2023-02-26,Los Angeles,037,10098052,3489417,3481382,218180,3699562,35366
2023-02-26,Madera,039,155013,46251,46164,8906,55070,378
2023-02-26,Marin,041,260295,49100,48920,5705,54625,317
2023-02-26,Mariposa,043,17540,3360,3352,359,3711,33
2023-02-26,Mendocino,045,87422,16884,16853,4825,21678,144
2023-02-26,Merced,047,269075,76561,76318,12739,89057,903
2023-02-26,Modoc,049,8938,956,954,374,1328,11
2023-02-26,Mono,051,14174,3326,3321,301,3622,8
2023-02-26,Monterey,053,433212,98168,97918,23979,121897,797
2023-02-26,Napa,055,140530,34411,34318,1537,35855,165
2023-02-26,Nevada,057,99092,20157,20125,2325,22450,133
2023-02-26,Orange,059,3164182,709941,708420,78307,786727,7914
2023-02-26,Placer,061,380077,81019,80815,10227,91042,682
2023-02-26,Plumas,063,18699,3830,3825,461,4286,15
2023-02-26,Riverside,065,2383286,734155,733001,41836,774837,6837
2023-02-26,Sacramento,067,1510023,370576,369563,37840,407403,3514
2023-02-26,San Benito,069,59416,17641,17599,1139,18738,116
2023-02-26,San Bernardino,071,2135413,709288,708208,35264,743472,8170
2023-02-26,San Diego,073,3302833,984937,983163,81322,1064485,5768
2023-02-26,San Francisco,075,870044,195932,195263,13332,208595,1168
2023-02-26,San Joaquin,077,732212,209782,209376,16871,226247,2417
2023-02-26,San Luis Obispo,079,281455,66436,66318,8132,74450,561
2023-02-26,San Mateo,081,765935,182850,182302,11376,193678,749
2023-02-26,Santa Barbara,083,443738,112129,111918,7704,119622,761
2023-02-26,Santa Clara,085,1922200,474650,473306,21818,495124,2699
2023-02-26,Santa Cruz,087,273765,68409,68187,3952,72139,276
2023-02-26,Shasta,089,179085,36470,36417,8320,44737,605
2023-02-26,Sierra,091,2930,311,311,61,372,5
2023-02-26,Siskiyou,093,43540,5463,5448,3443,8891,95
2023-02-26,Solano,095,438530,113799,113469,8640,122109,481
2023-02-26,Sonoma,097,501317,113573,113286,5792,119078,552
2023-02-26,Stanislaus,099,539301,145025,144793,23040,167833,1843
2023-02-26,Sutter,101,95872,25717,25688,2540,28228,238
2023-02-26,Tehama,103,63373,14455,14441,3408,17849,222
2023-02-26,Trinity,105,12862,1474,1472,505,1977,24
2023-02-26,Tulare,107,460477,128358,128042,40309,168351,1567
2023-02-26,Tuolumne,109,53932,16893,16833,1017,17850,203
2023-02-26,Ventura,111,848112,220825,220499,18162,238661,1665
2023-02-26,Yolo,113,214977,50027,49933,4881,54814,442
2023-02-26,Yuba,115,75493,20014,19981,1876,21857,134
2023-02-25,Alameda,001,1643700,378481,377332,22800,400132,2174
2023-02-25,Alpine,002,1148,139,139,4,143,0
2023-02-25,Amador,005,37829,10568,10541,971,11512,99
2023-02-25,Butte,007,227075,41675,41596,10278,51874,487
2023-02-25,Calaveras,009,45235,8994,8974,642,9616,140
2023-02-25,Colusa,011,21464,3979,3971,1344,5315,22
2023-02-25,Contra Costa,013,1133247,272595,271445,22370,293815,1552
2023-02-25,Del Norte,015,27424,7926,7920,476,8396,60
2023-02-25,El Dorado,017,186661,34552,34500,4547,39047,244
2023-02-25,Fresno,019,978130,294310,293597,34840,328437,2991
2023-02-25,Glenn,021,27897,5786,5782,2018,7800,58
2023-02-25,Humboldt,023,135768,23355,23339,5930,29269,169
2023-02-25,Imperial,025,180216,69963,69789,18921,88710,974
2023-02-25,Inyo,027,18085,4765,4758,1308,6066,63
2023-02-25,Kern,029,883053,229787,229379,72956,302335,2476
2023-02-25,Kings,031,150075,62831,62766,4468,67234,478
2023-02-25,Lake,033,64148,13642,13620,1282,14902,155
2023-02-25,Lassen,035,31185,10256,10248,1065,11313,67
2023-02-25,Los Angeles,037,10098052,3488958,3481382,218112,3699494,35366
2023-02-25,Madera,039,155013,46246,46164,8906,55070,378
2023-02-25,Marin,041,260295,49088,48920,5704,54624,317
2023-02-25,Mariposa,043,17540,3359,3352,359,3711,33
2023-02-25,Mendocino,045,87422,16881,16853,4825,21678,144
2023-02-25,Merced,047,269075,76547,76318,12736,89054,903
2023-02-25,Modoc,049,8938,956,954,374,1328,11
2023-02-25,Mono,051,14174,3325,3321,301,3622,8
2023-02-25,Monterey,053,433212,98148,97918,23971,121889,797
2023-02-25,Napa,055,140530,34406,34318,1537,35855,165
2023-02-25,Nevada,057,99092,20156,20125,2325,22450,133
2023-02-25,Orange,059,3164182,709843,708420,78270,786690,7914
2023-02-25,Placer,061,380077,80997,80815,10227,91042,682
2023-02-25,Plumas,063,18699,3830,3825,461,4286,15
2023-02-25,Riverside,065,2383286,734081,733001,41826,774827,6837
2023-02-25,Sacramento,067,1510023,370508,369563,37836,407399,3514
2023-02-25,San Benito,069,59416,17639,17599,1139,18738,116
2023-02-25,San Bernardino,071,2135413,709217,708208,35255,743463,8170
2023-02-25,San Diego,073,3302833,984786,983163,81304,1064467,5768
2023-02-25,San Francisco,075,870044,195880,195263,13330,208593,1168
2023-02-25,San Joaquin,077,732212,209738,209376,16864,226240,2417
2023-02-25,San Luis Obispo,079,281455,66431,66318,8130,74448,561
2023-02-25,San Mateo,081,765935,182811,182302,11372,193674,749
2023-02-25,Santa Barbara,083,443738,112109,111918,7703,119621,761
2023-02-25,Santa Clara,085,1922200,474488,473306,21812,495118,2699
2023-02-25,Santa Cruz,087,273765,68395,68187,3947,72134,276
2023-02-25,Shasta,089,179085,36466,36417,8319,44736,605
2023-02-25,Sierra,091,2930,311,311,61,372,5
2023-02-25,Siskiyou,093,43540,5463,5448,3443,8891,95
2023-02-25,Solano,095,438530,113778,113469,8636,122105,481
2023-02-25,Sonoma,097,501317,113550,113286,5792,119078,552
2023-02-25,Stanislaus,099,539301,145002,144793,23038,167831,1843
2023-02-25,Sutter,101,95872,25714,25688,2540,28228,238
2023-02-25,Tehama,103,63373,14454,14441,3408,17849,222
2023-02-25,Trinity,105,12862,1474,1472,505,1977,24
2023-02-25,Tulare,107,460477,128334,128042,40302,168344,1567
2023-02-25,Tuolumne,109,53932,16886,16833,1015,17848,203
2023-02-25,Ventura,111,848112,220801,220499,18160,238659,1665
2023-02-25,Yolo,113,214977,50019,49933,4881,54814,442
2023-02-25,Yuba,115,75493,20011,19981,1875,21856,134
2023-02-24,Alameda,001,1643700,378381,377332,22788,400120,2174
2023-02-24,Alpine,002,1148,139,139,4,143,0
2023-02-24,Amador,005,37829,10566,10541,970,11511,99
2023-02-24,Butte,007,227075,41669,41596,10275,51871,487
2023-02-24,Calaveras,009,45235,8991,8974,642,9616,140
2023-02-24,Colusa,011,21464,3979,3971,1344,5315,22
2023-02-24,Contra Costa,013,1133247,272523,271445,22365,293810,1552
2023-02-24,Del Norte,015,27424,7926,7920,476,8396,60
2023-02-24,El Dorado,017,186661,34546,34500,4545,39045,244
2023-02-24,Fresno,019,978130,294264,293597,34839,328436,2991
2023-02-24,Glenn,021,27897,5786,5782,2018,7800,58
2023-02-24,Humboldt,023,135768,23353,23339,5929,29268,169
2023-02-24,Imperial,025,180216,69954,69789,18919,88708,974
2023-02-24,Inyo,027,18085,4765,4758,1308,6066,63
2023-02-24,Kern,029,883053,229756,229379,72930,302309,2476
2023-02-24,Kings,031,150075,62825,62766,4468,67234,478
2023-02-24,Lake,033,64148,13639,13620,1282,14902,155
2023-02-24,Lassen,035,31185,10256,10248,1065,11313,67
2023-02-24,Los Angeles,037,10098052,3488516,3481382,218024,3699406,35366
2023-02-24,Madera,039,155013,46244,46164,8906,55070,378
2023-02-24,Marin,041,260295,49057,48920,5701,54621,317
2023-02-24,Mariposa,043,17540,3359,3352,359,3711,33
2023-02-24,Mendocino,045,87422,16879,16853,4825,21678,144
2023-02-24,Merced,047,269075,76530,76318,12736,89054,903
2023-02-24,Modoc,049,8938,956,954,374,1328,11
2023-02-24,Mono,051,14174,3325,3321,301,3622,8
2023-02-24,Monterey,053,433212,98125,97918,23949,121867,797
2023-02-24,Napa,055,140530,34397,34318,1537,35855,165
2023-02-24,Nevada,057,99092,20153,20125,2325,22450,133
2023-02-24,Orange,059,3164182,709738,708420,78238,786658,7914
2023-02-24,Placer,061,380077,80973,80815,10227,91042,682
2023-02-24,Plumas,063,18699,3829,3825,461,4286,15
2023-02-24,Riverside,065,2383286,734004,733001,41814,774815,6837
2023-02-24,Sacramento,067,1510023,370429,369563,37830,407393,3514
2023-02-24,San Benito,069,59416,17637,17599,1139,18738,116
2023-02-24,San Bernardino,071,2135413,709141,708208,35250,743458,8170
2023-02-24,San Diego,073,3302833,984635,983163,81282,1064445,5768
2023-02-24,San Francisco,075,870044,195810,195263,13327,208590,1168
2023-02-24,San Joaquin,077,732212,209702,209376,16859,226235,2417
2023-02-24,San Luis Obispo,079,281455,66424,66318,8129,74447,561
2023-02-24,San Mateo,081,765935,182758,182302,11367,193669,749
2023-02-24,Santa Barbara,083,443738,112095,111918,7702,119620,761
2023-02-24,Santa Clara,085,1922200,474370,473306,21804,495110,2699
2023-02-24,Santa Cruz,087,273765,68374,68187,3946,72133,276
2023-02-24,Shasta,089,179085,36464,36417,8317,44734,605
2023-02-24,Sierra,091,2930,311,311,61,372,5
2023-02-24,Siskiyou,093,43540,5459,5448,3443,8891,95
2023-02-24,Solano,095,438530,113761,113469,8635,122104,481
2023-02-24,Sonoma,097,501317,113531,113286,5790,119076,552
2023-02-24,Stanislaus,099,539301,144978,144793,23036,167829,1843
2023-02-24,Sutter,101,95872,25710,25688,2540,28228,238
2023-02-24,Tehama,103,63373,14451,14441,3407,17848,222
2023-02-24,Trinity,105,12862,1474,1472,505,1977,24
2023-02-24,Tulare,107,460477,128312,128042,40291,168333,1567
2023-02-24,Tuolumne,109,53932,16883,16833,1015,17848,203
2023-02-24,Ventura,111,848112,220774,220499,18159,238658,1665
2023-02-24,Yolo,113,214977,50015,49933,4880,54813,442
2023-02-24,Yuba,115,75493,20008,19981,1872,21853,134
2023-02-23,Alameda,001,1643700,378223,377332,22777,400109,2174
2023-02-23,Alpine,002,1148,139,139,4,143,0
2023-02-23,Amador,005,37829,10564,10541,970,11511,99
2023-02-23,Butte,007,227075,41658,41596,10274,51870,487
2023-02-23,Calaveras,009,45235,8990,8974,641,9615,140
2023-02-23,Colusa,011,21464,3977,3971,1344,5315,22
2023-02-23,Contra Costa,013,1133247,272425,271445,22359,293804,1552
2023-02-23,Del Norte,015,27424,7926,7920,473,8393,60
2023-02-23,El Dorado,017,186661,34533,34500,4545,39045,244
2023-02-23,Fresno,019,978130,294204,293597,34834,328431,2991
2023-02-23,Glenn,021,27897,5786,5782,2018,7800,58
2023-02-23,Humboldt,023,135768,23351,23339,5927,29266,169
2023-02-23,Imperial,025,180216,69927,69789,18913,88702,974
2023-02-23,Inyo,027,18085,4765,4758,1308,6066,63
2023-02-23,Kern,029,883053,229711,229379,72889,302268,2476
2023-02-23,Kings,031,150075,62820,62766,4468,67234,478
2023-02-23,Lake,033,64148,13639,13620,1282,14902,155
2023-02-23,Lassen,035,31185,10256,10248,1065,11313,67
2023-02-23,Los Angeles,037,10098052,3487871,3481382,217922,3699304,35366
2023-02-23,Madera,039,155013,46240,46164,8900,55064,378
2023-02-23,Marin,041,260295,49038,48920,5700,54620,317
2023-02-23,Mariposa,043,17540,3357,3352,359,3711,33
2023-02-23,Mendocino,045,87422,16875,16853,4825,21678,144
2023-02-23,Merced,047,269075,76516,76318,12735,89053,903
2023-02-23,Modoc,049,8938,956,954,373,1327,11
2023-02-23,Mono,051,14174,3324,3321,301,3622,8
2023-02-23,Monterey,053,433212,98107,97918,23919,121837,797
2023-02-23,Napa,055,140530,34383,34318,1537,35855,165
2023-02-23,Nevada,057,99092,20149,20125,2325,22450,133
2023-02-23,Orange,059,3164182,709580,708420,78194,786614,7914
2023-02-23,Placer,061,380077,80946,80815,10225,91040,682
2023-02-23,Plumas,063,18699,3829,3825,460,4285,15
2023-02-23,Riverside,065,2383286,733901,733001,41802,774803,6837
2023-02-23,Sacramento,067,1510023,370282,369563,37819,407382,3514
2023-02-23,San Benito,069,59416,17632,17599,1138,18737,116
2023-02-23,San Bernardino,071,2135413,709009,708208,35241,743449,8170
2023-02-23,San Diego,073,3302833,984381,983163,81227,1064390,5768
2023-02-23,San Francisco,075,870044,195697,195263,13323,208586,1168
2023-02-23,San Joaquin,077,732212,209652,209376,16855,226231,2417
2023-02-23,San Luis Obispo,079,281455,66417,66318,8127,74445,561
2023-02-23,San Mateo,081,765935,182698,182302,11365,193667,749
2023-02-23,Santa Barbara,083,443738,112080,111918,7698,119616,761
2023-02-23,Santa Clara,085,1922200,474198,473306,21799,495105,2699
2023-02-23,Santa Cruz,087,273765,68352,68187,3944,72131,276
2023-02-23,Shasta,089,179085,36459,36417,8316,44733,605
2023-02-23,Sierra,091,2930,311,311,61,372,5
2023-02-23,Siskiyou,093,43540,5459,5448,3443,8891,95
2023-02-23,Solano,095,438530,113708,113469,8630,122099,481
2023-02-23,Sonoma,097,501317,113494,113286,5788,119074,552
2023-02-23,Stanislaus,099,539301,144944,144793,23032,167825,1843
2023-02-23,Sutter,101,95872,25707,25688,2540,28228,238
2023-02-23,Tehama,103,63373,14450,14441,3407,17848,222
2023-02-23,Trinity,105,12862,1474,1472,505,1977,24
2023-02-23,Tulare,107,460477,128287,128042,40276,168318,1567
2023-02-23,Tuolumne,109,53932,16868,16833,1014,17847,203
2023-02-23,Ventura,111,848112,220745,220499,18158,238657,1665
2023-02-23,Yolo,113,214977,50000,49933,4879,54812,442
2023-02-23,Yuba,115,75493,20000,19981,1870,21851,134
2023-02-22,Alameda,001,1643700,378073,377332,22763,400095,2174
2023-02-22,Alpine,002,1148,139,139,4,143,0
2023-02-22,Amador,005,37829,10563,10541,970,11511,99
2023-02-22,Butte,007,227075,41650,41596,10269,51865,487
2023-02-22,Calaveras,009,45235,8988,8974,641,9615,140
2023-02-22,Colusa,011,21464,3975,3971,1344,5315,22
2023-02-22,Contra Costa,013,1133247,272304,271445,22349,293794,1552
2023-02-22,Del Norte,015,27424,7924,7920,471,8391,60
2023-02-22,El Dorado,017,186661,34525,34500,4545,39045,244
2023-02-22,Fresno,019,978130,294129,293597,34826,328423,2991
2023-02-22,Glenn,021,27897,5786,5782,2018,7800,58
2023-02-22,Humboldt,023,135768,23347,23339,5923,29262,169
2023-02-22,Imperial,025,180216,69903,69789,18899,88688,974
2023-02-22,Inyo,027,18085,4764,4758,1305,6063,63
2023-02-22,Kern,029,883053,229653,229379,72854,302233,2476
2023-02-22,Kings,031,150075,62814,62766,4467,67233,478
2023-02-22,Lake,033,64148,13633,13620,1281,14901,155
2023-02-22,Lassen,035,31185,10256,10248,1065,11313,67
2023-02-22,Los Angeles,037,10098052,3487030,3481382,217771,3699153,35366
2023-02-22,Madera,039,155013,46230,46164,8899,55063,378
2023-02-22,Marin,041,260295,49017,48920,5698,54618,317
2023-02-22,Mariposa,043,17540,3357,3352,359,3711,33
2023-02-22,Mendocino,045,87422,16873,16853,4824,21677,144
2023-02-22,Merced,047,269075,76501,76318,12734,89052,903
2023-02-22,Modoc,049,8938,956,954,373,1327,11
2023-02-22,Mono,051,14174,3324,3321,301,3622,8
2023-02-22,Monterey,053,433212,98078,97918,23886,121804,797
2023-02-22,Napa,055,140530,34376,34318,1537,35855,165
2023-02-22,Nevada,057,99092,20148,20125,2325,22450,133
2023-02-22,Orange,059,3164182,709401,708420,78150,786570,7914
2023-02-22,Placer,061,380077,80925,80815,10223,91038,682
2023-02-22,Plumas,063,18699,3829,3825,460,4285,15
2023-02-22,Riverside,065,2383286,733729,733001,41792,774793,6837
2023-02-22,Sacramento,067,1510023,370131,369563,37805,407368,3514
2023-02-22,San Benito,069,59416,17628,17599,1137,18736,116
2023-02-22,San Bernardino,071,2135413,708895,708208,35225,743433,8170
2023-02-22,San Diego,073,3302833,984084,983163,81169,1064332,5768
2023-02-22,San Francisco,075,870044,195591,195263,13318,208581,1168
2023-02-22,San Joaquin,077,732212,209593,209376,16848,226224,2417
2023-02-22,San Luis Obispo,079,281455,66409,66318,8120,74438,561
2023-02-22,San Mateo,081,765935,182630,182302,11359,193661,749
2023-02-22,Santa Barbara,083,443738,112052,111918,7695,119613,761
2023-02-22,Santa Clara,085,1922200,473996,473306,21791,495097,2699
2023-02-22,Santa Cruz,087,273765,68338,68187,3937,72124,276
2023-02-22,Shasta,089,179085,36452,36417,8312,44729,605
2023-02-22,Sierra,091,2930,311,311,61,372,5
2023-02-22,Siskiyou,093,43540,5456,5448,3443,8891,95
2023-02-22,Solano,095,438530,113665,113469,8625,122094,481
2023-02-22,Sonoma,097,501317,113467,113286,5787,119073,552
2023-02-22,Stanislaus,099,539301,144909,144793,23019,167812,1843
2023-02-22,Sutter,101,95872,25692,25688,2540,28228,238
2023-02-22,Tehama,103,63373,14445,14441,3405,17846,222
2023-02-22,Trinity,105,12862,1474,1472,505,1977,24
2023-02-22,Tulare,107,460477,128252,128042,40253,168295,1567
2023-02-22,Tuolumne,109,53932,16864,16833,1008,17841,203
2023-02-22,Ventura,111,848112,220706,220499,18153,238652,1665
2023-02-22,Yolo,113,214977,49987,49933,4879,54812,442
2023-02-22,Yuba,115,75493,19995,19981,1870,21851,134
2023-02-21,Alameda,001,1643700,377901,377332,22756,400088,2174
2023-02-21,Alpine,002,1148,139,139,4,143,0
2023-02-21,Amador,005,37829,10560,10541,970,11511,99
2023-02-21,Butte,007,227075,41639,41596,10267,51863,487
2023-02-21,Calaveras,009,45235,8987,8974,641,9615,140
2023-02-21,Colusa,011,21464,3974,3971,1344,5315,22
2023-02-21,Contra Costa,013,1133247,272190,271445,22338,293783,1552
2023-02-21,Del Norte,015,27424,7923,7920,469,8389,60
2023-02-21,El Dorado,017,186661,34517,34500,4542,39042,244
2023-02-21,Fresno,019,978130,294055,293597,34819,328416,2991
2023-02-21,Glenn,021,27897,5784,5782,2018,7800,58
2023-02-21,Humboldt,023,135768,23340,23339,5920,29259,169
2023-02-21,Imperial,025,180216,69873,69789,18883,88672,974
2023-02-21,Inyo,027,18085,4764,4758,1305,6063,63
2023-02-21,Kern,029,883053,229561,229379,72816,302195,2476
2023-02-21,Kings,031,150075,62803,62766,4467,67233,478
2023-02-21,Lake,033,64148,13628,13620,1280,14900,155
2023-02-21,Lassen,035,31185,10254,10248,1063,11311,67
2023-02-21,Los Angeles,037,10098052,3486112,3481382,217589,3698971,35366
2023-02-21,Madera,039,155013,46226,46164,8893,55057,378
2023-02-21,Marin,041,260295,48989,48920,5694,54614,317
2023-02-21,Mariposa,043,17540,3356,3352,359,3711,33
2023-02-21,Mendocino,045,87422,16868,16853,4824,21677,144
2023-02-21,Merced,047,269075,76481,76318,12732,89050,903
2023-02-21,Modoc,049,8938,955,954,371,1325,11
2023-02-21,Mono,051,14174,3323,3321,301,3622,8
2023-02-21,Monterey,053,433212,98048,97918,23864,121782,797
2023-02-21,Napa,055,140530,34363,34318,1537,35855,165
2023-02-21,Nevada,057,99092,20140,20125,2323,22448,133
2023-02-21,Orange,059,3164182,709175,708420,78113,786533,7914
2023-02-21,Placer,061,380077,80885,80815,10223,91038,682
2023-02-21,Plumas,063,18699,3829,3825,460,4285,15
2023-02-21,Riverside,065,2383286,733564,733001,41777,774778,6837
2023-02-21,Sacramento,067,1510023,369976,369563,37792,407355,3514
2023-02-21,San Benito,069,59416,17624,17599,1137,18736,116
2023-02-21,San Bernardino,071,2135413,708767,708208,35215,743423,8170
2023-02-21,San Diego,073,3302833,983820,983163,81125,1064288,5768
2023-02-21,San Francisco,075,870044,195496,195263,13316,208579,1168
2023-02-21,San Joaquin,077,732212,209540,209376,16841,226217,2417
2023-02-21,San Luis Obispo,079,281455,66390,66318,8116,74434,561
2023-02-21,San Mateo,081,765935,182545,182302,11356,193658,749
2023-02-21,Santa Barbara,083,443738,112023,111918,7691,119609,761
2023-02-21,Santa Clara,085,1922200,473805,473306,21785,495091,2699
2023-02-21,Santa Cruz,087,273765,68321,68187,3934,72121,276
2023-02-21,Shasta,089,179085,36444,36417,8310,44727,605
2023-02-21,Sierra,091,2930,311,311,61,372,5
2023-02-21,Siskiyou,093,43540,5453,5448,3442,8890,95
2023-02-21,Solano,095,438530,113633,113469,8622,122091,481
2023-02-21,Sonoma,097,501317,113431,113286,5786,119072,552
2023-02-21,Stanislaus,099,539301,144877,144793,23013,167806,1843
2023-02-21,Sutter,101,95872,25687,25688,2540,28228,238
2023-02-21,Tehama,103,63373,14445,14441,3404,17845,222
2023-02-21,Trinity,105,12862,1474,1472,505,1977,24
2023-02-21,Tulare,107,460477,128218,128042,40235,168277,1567
2023-02-21,Tuolumne,109,53932,16859,16833,1006,17839,203
2023-02-21,Ventura,111,848112,220658,220499,18148,238647,1665
2023-02-21,Yolo,113,214977,49977,49933,4878,54811,442
2023-02-21,Yuba,115,75493,19990,19981,1870,21851,134
2023-02-20,Alameda,001,1643700,377668,376312,22739,399051,2174
2023-02-20,Alpine,002,1148,139,139,4,143,0
2023-02-20,Amador,005,37829,10555,10524,968,11492,99
2023-02-20,Butte,007,227075,41631,41548,10259,51807,484
2023-02-20,Calaveras,009,45235,8982,8960,641,9601,140
2023-02-20,Colusa,011,21464,3972,3960,1343,5303,22
2023-02-20,Contra Costa,013,1133247,272065,270737,22328,293065,1542
2023-02-20,Del Norte,015,27424,7922,7892,468,8360,59
2023-02-20,El Dorado,017,186661,34509,34430,4540,38970,243
2023-02-20,Fresno,019,978130,293954,293104,34807,327911,2983
2023-02-20,Glenn,021,27897,5783,5773,2018,7791,58
2023-02-20,Humboldt,023,135768,23337,23276,5919,29195,169
2023-02-20,Imperial,025,180216,69849,69669,18870,88539,974
2023-02-20,Inyo,027,18085,4761,4752,1304,6056,63
2023-02-20,Kern,029,883053,229492,228953,72754,301707,2474
2023-02-20,Kings,031,150075,62787,62684,4467,67151,473
2023-02-20,Lake,033,64148,13624,13595,1279,14874,155
2023-02-20,Lassen,035,31185,10254,10246,1063,11309,66
2023-02-20,Los Angeles,037,10098052,3485039,3475808,217370,3693178,35250
2023-02-20,Madera,039,155013,46207,46098,8888,54986,377
2023-02-20,Marin,041,260295,48969,48759,5691,54450,317
2023-02-20,Mariposa,043,17540,3353,3342,359,3701,32
2023-02-20,Mendocino,045,87422,16864,16830,4823,21653,143
2023-02-20,Merced,047,269075,76461,76157,12729,88886,903
2023-02-20,Modoc,049,8938,955,953,371,1324,11
2023-02-20,Mono,051,14174,3321,3319,301,3620,8
2023-02-20,Monterey,053,433212,98013,97704,23826,121530,796
2023-02-20,Napa,055,140530,34346,34245,1536,35781,165
2023-02-20,Nevada,057,99092,20135,20088,2323,22411,132
2023-02-20,Orange,059,3164182,708932,707080,78046,785126,7892
2023-02-20,Placer,061,380077,80859,80615,10219,90834,682
2023-02-20,Plumas,063,18699,3828,3819,460,4279,14
2023-02-20,Riverside,065,2383286,733402,731962,41763,773725,6827
2023-02-20,Sacramento,067,1510023,369816,368833,37760,406593,3507
2023-02-20,San Benito,069,59416,17616,17566,1136,18702,115
2023-02-20,San Bernardino,071,2135413,708589,707191,35202,742393,8171
2023-02-20,San Diego,073,3302833,983448,981249,81062,1062311,5759
2023-02-20,San Francisco,075,870044,195373,194654,13312,207966,1164
2023-02-20,San Joaquin,077,732212,209465,208935,16837,225772,2415
2023-02-20,San Luis Obispo,079,281455,66378,66209,8114,74323,559
2023-02-20,San Mateo,081,765935,182459,181782,11350,193132,749
2023-02-20,Santa Barbara,083,443738,111978,111692,7689,119381,760
2023-02-20,Santa Clara,085,1922200,473542,472011,21771,493782,2688
2023-02-20,Santa Cruz,087,273765,68269,68030,3921,71951,278
2023-02-20,Shasta,089,179085,36439,36385,8309,44694,606
2023-02-20,Sierra,091,2930,311,311,61,372,5
2023-02-20,Siskiyou,093,43540,5452,5433,3442,8875,95
2023-02-20,Solano,095,438530,113560,113211,8614,121825,481
2023-02-20,Sonoma,097,501317,113393,113031,5779,118810,548
2023-02-20,Stanislaus,099,539301,144825,144597,22997,167594,1842
2023-02-20,Sutter,101,95872,25680,25633,2540,28173,238
2023-02-20,Tehama,103,63373,14443,14421,3404,17825,222
2023-02-20,Trinity,105,12862,1474,1470,505,1975,24
2023-02-20,Tulare,107,460477,128177,127791,40223,168014,1567
2023-02-20,Tuolumne,109,53932,16857,16802,1005,17807,203
2023-02-20,Ventura,111,848112,220593,220185,18131,238316,1664
2023-02-20,Yolo,113,214977,49958,49841,4878,54719,439
2023-02-20,Yuba,115,75493,19986,19958,1870,21828,134
2023-02-19,Alameda,001,1643700,377512,376312,22730,399042,2174
2023-02-19,Alpine,002,1148,139,139,4,143,0
2023-02-19,Amador,005,37829,10553,10524,967,11491,99
2023-02-19,Butte,007,227075,41630,41548,10253,51801,484
2023-02-19,Calaveras,009,45235,8981,8960,641,9601,140
2023-02-19,Colusa,011,21464,3967,3960,1343,5303,22
2023-02-19,Contra Costa,013,1133247,271983,270737,22323,293060,1542
2023-02-19,Del Norte,015,27424,7922,7892,468,8360,59
2023-02-19,El Dorado,017,186661,34505,34430,4538,38968,243
2023-02-19,Fresno,019,978130,293891,293104,34798,327902,2983
2023-02-19,Glenn,021,27897,5783,5773,2018,7791,58
2023-02-19,Humboldt,023,135768,23332,23276,5917,29193,169
2023-02-19,Imperial,025,180216,69831,69669,18852,88521,974
2023-02-19,Inyo,027,18085,4761,4752,1304,6056,63
2023-02-19,Kern,029,883053,229442,228953,72693,301646,2474
2023-02-19,Kings,031,150075,62771,62684,4465,67149,473
2023-02-19,Lake,033,64148,13621,13595,1279,14874,155
2023-02-19,Lassen,035,31185,10254,10246,1063,11309,66
2023-02-19,Los Angeles,037,10098052,3484107,3475808,217197,3693005,35250
2023-02-19,Madera,039,155013,46197,46098,8886,54984,377
2023-02-19,Marin,041,260295,48954,48759,5690,54449,317
2023-02-19,Mariposa,043,17540,3353,3342,359,3701,32
2023-02-19,Mendocino,045,87422,16854,16830,4823,21653,143
2023-02-19,Merced,047,269075,76443,76157,12727,88884,903
2023-02-19,Modoc,049,8938,955,953,371,1324,11
2023-02-19,Mono,051,14174,3321,3319,301,3620,8
2023-02-19,Monterey,053,433212,97983,97704,23805,121509,796
2023-02-19,Napa,055,140530,34331,34245,1536,35781,165
2023-02-19,Nevada,057,99092,20133,20088,2321,22409,132
2023-02-19,Orange,059,3164182,708700,707080,77985,785065,7892
2023-02-19,Placer,061,380077,80841,80615,10216,90831,682
2023-02-19,Plumas,063,18699,3827,3819,460,4279,14
2023-02-19,Riverside,065,2383286,733245,731962,41733,773695,6827
2023-02-19,Sacramento,067,1510023,369709,368833,37754,406587,3507
2023-02-19,San Benito,069,59416,17616,17566,1136,18702,115
2023-02-19,San Bernardino,071,2135413,708446,707191,35193,742384,8171
2023-02-19,San Diego,073,3302833,983176,981249,81010,1062259,5759
2023-02-19,San Francisco,075,870044,195291,194654,13308,207962,1164
2023-02-19,San Joaquin,077,732212,209420,208935,16832,225767,2415
2023-02-19,San Luis Obispo,079,281455,66368,66209,8110,74319,559
2023-02-19,San Mateo,081,765935,182402,181782,11346,193128,749
2023-02-19,Santa Barbara,083,443738,111946,111692,7686,119378,760
2023-02-19,Santa Clara,085,1922200,473420,472011,21761,493772,2688
2023-02-19,Santa Cruz,087,273765,68245,68030,3917,71947,278
2023-02-19,Shasta,089,179085,36437,36385,8307,44692,606
2023-02-19,Sierra,091,2930,311,311,61,372,5
2023-02-19,Siskiyou,093,43540,5450,5433,3441,8874,95
2023-02-19,Solano,095,438530,113541,113211,8609,121820,481
2023-02-19,Sonoma,097,501317,113337,113031,5778,118809,548
2023-02-19,Stanislaus,099,539301,144774,144597,22996,167593,1842
2023-02-19,Sutter,101,95872,25674,25633,2540,28173,238
2023-02-19,Tehama,103,63373,14441,14421,3404,17825,222
2023-02-19,Trinity,105,12862,1474,1470,505,1975,24
2023-02-19,Tulare,107,460477,128129,127791,40206,167997,1567
2023-02-19,Tuolumne,109,53932,16849,16802,995,17797,203
2023-02-19,Ventura,111,848112,220553,220185,18112,238297,1664
2023-02-19,Yolo,113,214977,49939,49841,4877,54718,439
2023-02-19,Yuba,115,75493,19983,19958,1869,21827,134
2023-02-18,Alameda,001,1643700,377408,376312,22723,399035,2174
2023-02-18,Alpine,002,1148,139,139,4,143,0
2023-02-18,Amador,005,37829,10552,10524,966,11490,99
2023-02-18,Butte,007,227075,41628,41548,10250,51798,484
2023-02-18,Calaveras,009,45235,8979,8960,641,9601,140
2023-02-18,Colusa,011,21464,3966,3960,1343,5303,22
2023-02-18,Contra Costa,013,1133247,271909,270737,22317,293054,1542
2023-02-18,Del Norte,015,27424,7922,7892,468,8360,59
2023-02-18,El Dorado,017,186661,34501,34430,4538,38968,243
2023-02-18,Fresno,019,978130,293837,293104,34795,327899,2983
2023-02-18,Glenn,021,27897,5783,5773,2017,7790,58
2023-02-18,Humboldt,023,135768,23330,23276,5916,29192,169
2023-02-18,Imperial,025,180216,69817,69669,18851,88520,974
2023-02-18,Inyo,027,18085,4761,4752,1304,6056,63
2023-02-18,Kern,029,883053,229397,228953,72656,301609,2474
2023-02-18,Kings,031,150075,62766,62684,4465,67149,473
2023-02-18,Lake,033,64148,13621,13595,1279,14874,155
2023-02-18,Lassen,035,31185,10254,10246,1063,11309,66
2023-02-18,Los Angeles,037,10098052,3483550,3475808,217082,3692890,35250
2023-02-18,Madera,039,155013,46190,46098,8886,54984,377
2023-02-18,Marin,041,260295,48935,48759,5688,54447,317
2023-02-18,Mariposa,043,17540,3351,3342,359,3701,32
2023-02-18,Mendocino,045,87422,16854,16830,4823,21653,143
2023-02-18,Merced,047,269075,76435,76157,12724,88881,903
2023-02-18,Modoc,049,8938,955,953,371,1324,11
2023-02-18,Mono,051,14174,3321,3319,301,3620,8
2023-02-18,Monterey,053,433212,97965,97704,23780,121484,796
2023-02-18,Napa,055,140530,34325,34245,1536,35781,165
2023-02-18,Nevada,057,99092,20128,20088,2320,22408,132
2023-02-18,Orange,059,3164182,708560,707080,77938,785018,7892
2023-02-18,Placer,061,380077,80818,80615,10212,90827,682
2023-02-18,Plumas,063,18699,3826,3819,460,4279,14
2023-02-18,Riverside,065,2383286,733151,731962,41709,773671,6827
2023-02-18,Sacramento,067,1510023,369631,368833,37747,406580,3507
2023-02-18,San Benito,069,59416,17614,17566,1133,18699,115
2023-02-18,San Bernardino,071,2135413,708349,707191,35179,742370,8171
2023-02-18,San Diego,073,3302833,983023,981249,80981,1062230,5759
2023-02-18,San Francisco,075,870044,195218,194654,13306,207960,1164
2023-02-18,San Joaquin,077,732212,209377,208935,16827,225762,2415
2023-02-18,San Luis Obispo,079,281455,66358,66209,8108,74317,559
2023-02-18,San Mateo,081,765935,182346,181782,11341,193123,749
2023-02-18,Santa Barbara,083,443738,111930,111692,7684,119376,760
2023-02-18,Santa Clara,085,1922200,473277,472011,21757,493768,2688
2023-02-18,Santa Cruz,087,273765,68228,68030,3914,71944,278
2023-02-18,Shasta,089,179085,36435,36385,8306,44691,606
2023-02-18,Sierra,091,2930,311,311,61,372,5
2023-02-18,Siskiyou,093,43540,5447,5433,3441,8874,95
2023-02-18,Solano,095,438530,113518,113211,8606,121817,481
2023-02-18,Sonoma,097,501317,113315,113031,5777,118808,548
2023-02-18,Stanislaus,099,539301,144747,144597,22995,167592,1842
2023-02-18,Sutter,101,95872,25669,25633,2540,28173,238
2023-02-18,Tehama,103,63373,14440,14421,3404,17825,222
2023-02-18,Trinity,105,12862,1474,1470,505,1975,24
2023-02-18,Tulare,107,460477,128106,127791,40191,167982,1567
2023-02-18,Tuolumne,109,53932,16843,16802,992,17794,203
2023-02-18,Ventura,111,848112,220519,220185,18109,238294,1664
2023-02-18,Yolo,113,214977,49930,49841,4876,54717,439
2023-02-18,Yuba,115,75493,19981,19958,1869,21827,134
2023-02-17,Alameda,001,1643700,377289,376312,22714,399026,2174
2023-02-17,Alpine,002,1148,139,139,4,143,0
2023-02-17,Amador,005,37829,10547,10524,966,11490,99
2023-02-17,Butte,007,227075,41626,41548,10247,51795,484
2023-02-17,Calaveras,009,45235,8978,8960,641,9601,140
2023-02-17,Colusa,011,21464,3966,3960,1343,5303,22
2023-02-17,Contra Costa,013,1133247,271829,270737,22312,293049,1542
2023-02-17,Del Norte,015,27424,7920,7892,468,8360,59
2023-02-17,El Dorado,017,186661,34494,34430,4537,38967,243
2023-02-17,Fresno,019,978130,293790,293104,34789,327893,2983
2023-02-17,Glenn,021,27897,5782,5773,2017,7790,58
2023-02-17,Humboldt,023,135768,23327,23276,5915,29191,169
2023-02-17,Imperial,025,180216,69809,69669,18842,88511,974
2023-02-17,Inyo,027,18085,4760,4752,1304,6056,63
2023-02-17,Kern,029,883053,229351,228953,72617,301570,2474
2023-02-17,Kings,031,150075,62761,62684,4465,67149,473
2023-02-17,Lake,033,64148,13618,13595,1279,14874,155
2023-02-17,Lassen,035,31185,10253,10246,1063,11309,66
2023-02-17,Los Angeles,037,10098052,3482989,3475808,216952,3692760,35250
2023-02-17,Madera,039,155013,46182,46098,8885,54983,377
2023-02-17,Marin,041,260295,48907,48759,5688,54447,317
2023-02-17,Mariposa,043,17540,3351,3342,359,3701,32
2023-02-17,Mendocino,045,87422,16854,16830,4823,21653,143
2023-02-17,Merced,047,269075,76420,76157,12719,88876,903
2023-02-17,Modoc,049,8938,955,953,371,1324,11
2023-02-17,Mono,051,14174,3321,3319,301,3620,8
2023-02-17,Monterey,053,433212,97953,97704,23768,121472,796
2023-02-17,Napa,055,140530,34321,34245,1535,35780,165
2023-02-17,Nevada,057,99092,20124,20088,2320,22408,132
2023-02-17,Orange,059,3164182,708441,707080,77901,784981,7892
2023-02-17,Placer,061,380077,80807,80615,10210,90825,682
2023-02-17,Plumas,063,18699,3825,3819,460,4279,14
2023-02-17,Riverside,065,2383286,733068,731962,41689,773651,6827
2023-02-17,Sacramento,067,1510023,369554,368833,37743,406576,3507
2023-02-17,San Benito,069,59416,17614,17566,1133,18699,115
2023-02-17,San Bernardino,071,2135413,708263,707191,35167,742358,8171
2023-02-17,San Diego,073,3302833,982842,981249,80962,1062211,5759
2023-02-17,San Francisco,075,870044,195144,194654,13305,207959,1164
2023-02-17,San Joaquin,077,732212,209325,208935,16820,225755,2415
2023-02-17,San Luis Obispo,079,281455,66344,66209,8107,74316,559
2023-02-17,San Mateo,081,765935,182298,181782,11341,193123,749
2023-02-17,Santa Barbara,083,443738,111912,111692,7684,119376,760
2023-02-17,Santa Clara,085,1922200,473134,472011,21751,493762,2688
2023-02-17,Santa Cruz,087,273765,68208,68030,3910,71940,278
2023-02-17,Shasta,089,179085,36434,36385,8305,44690,606
2023-02-17,Sierra,091,2930,311,311,61,372,5
2023-02-17,Siskiyou,093,43540,5446,5433,3441,8874,95
2023-02-17,Solano,095,438530,113506,113211,8597,121808,481
2023-02-17,Sonoma,097,501317,113288,113031,5776,118807,548
2023-02-17,Stanislaus,099,539301,144726,144597,22990,167587,1842
2023-02-17,Sutter,101,95872,25666,25633,2540,28173,238
2023-02-17,Tehama,103,63373,14440,14421,3404,17825,222
2023-02-17,Trinity,105,12862,1474,1470,505,1975,24
2023-02-17,Tulare,107,460477,128089,127791,40171,167962,1567
2023-02-17,Tuolumne,109,53932,16840,16802,991,17793,203
2023-02-17,Ventura,111,848112,220491,220185,18101,238286,1664
2023-02-17,Yolo,113,214977,49920,49841,4875,54716,439
2023-02-17,Yuba,115,75493,19978,19958,1869,21827,134
2023-02-16,Alameda,001,1643700,377119,376312,22705,399017,2174
2023-02-16,Alpine,002,1148,139,139,4,143,0
2023-02-16,Amador,005,37829,10544,10524,966,11490,99
2023-02-16,Butte,007,227075,41617,41548,10240,51788,484
2023-02-16,Calaveras,009,45235,8973,8960,641,9601,140
2023-02-16,Colusa,011,21464,3963,3960,1342,5302,22
2023-02-16,Contra Costa,013,1133247,271731,270737,22308,293045,1542
2023-02-16,Del Norte,015,27424,7918,7892,468,8360,59
2023-02-16,El Dorado,017,186661,34485,34430,4537,38967,243
2023-02-16,Fresno,019,978130,293728,293104,34785,327889,2983
2023-02-16,Glenn,021,27897,5780,5773,2017,7790,58
2023-02-16,Humboldt,023,135768,23322,23276,5914,29190,169
2023-02-16,Imperial,025,180216,69792,69669,18832,88501,974
2023-02-16,Inyo,027,18085,4760,4752,1303,6055,63
2023-02-16,Kern,029,883053,229306,228953,72572,301525,2474
2023-02-16,Kings,031,150075,62750,62684,4464,67148,473
2023-02-16,Lake,033,64148,13617,13595,1279,14874,155
2023-02-16,Lassen,035,31185,10253,10246,1063,11309,66
2023-02-16,Los Angeles,037,10098052,3482184,3475808,216767,3692575,35250
2023-02-16,Madera,039,155013,46176,46098,8877,54975,377
2023-02-16,Marin,041,260295,48886,48759,5687,54446,317
2023-02-16,Mariposa,043,17540,3349,3342,359,3701,32
2023-02-16,Mendocino,045,87422,16848,16830,4822,21652,143
2023-02-16,Merced,047,269075,76403,76157,12714,88871,903
2023-02-16,Modoc,049,8938,954,953,370,1323,11
2023-02-16,Mono,051,14174,3321,3319,301,3620,8
2023-02-16,Monterey,053,433212,97935,97704,23739,121443,796
2023-02-16,Napa,055,140530,34310,34245,1535,35780,165
2023-02-16,Nevada,057,99092,20119,20088,2316,22404,132
2023-02-16,Orange,059,3164182,708274,707080,77840,784920,7892
2023-02-16,Placer,061,380077,80780,80615,10207,90822,682
2023-02-16,Plumas,063,18699,3823,3819,460,4279,14
2023-02-16,Riverside,065,2383286,732928,731962,41675,773637,6827
2023-02-16,Sacramento,067,1510023,369428,368833,37709,406542,3507
2023-02-16,San Benito,069,59416,17607,17566,1133,18699,115
2023-02-16,San Bernardino,071,2135413,708123,707191,35152,742343,8171
2023-02-16,San Diego,073,3302833,982592,981249,80900,1062149,5759
2023-02-16,San Francisco,075,870044,195051,194654,13302,207956,1164
2023-02-16,San Joaquin,077,732212,209268,208935,16812,225747,2415
2023-02-16,San Luis Obispo,079,281455,66324,66209,8105,74314,559
2023-02-16,San Mateo,081,765935,182222,181782,11337,193119,749
2023-02-16,Santa Barbara,083,443738,111883,111692,7683,119375,760
2023-02-16,Santa Clara,085,1922200,472931,472011,21745,493756,2688
2023-02-16,Santa Cruz,087,273765,68188,68030,3904,71934,278
2023-02-16,Shasta,089,179085,36432,36385,8305,44690,606
2023-02-16,Sierra,091,2930,311,311,61,372,5
2023-02-16,Siskiyou,093,43540,5443,5433,3441,8874,95
2023-02-16,Solano,095,438530,113468,113211,8593,121804,481
2023-02-16,Sonoma,097,501317,113252,113031,5774,118805,548
2023-02-16,Stanislaus,099,539301,144689,144597,22981,167578,1842
2023-02-16,Sutter,101,95872,25662,25633,2540,28173,238
2023-02-16,Tehama,103,63373,14437,14421,3402,17823,222
2023-02-16,Trinity,105,12862,1474,1470,505,1975,24
2023-02-16,Tulare,107,460477,128065,127791,40139,167930,1567
2023-02-16,Tuolumne,109,53932,16837,16802,991,17793,203
2023-02-16,Ventura,111,848112,220459,220185,18093,238278,1664
2023-02-16,Yolo,113,214977,49911,49841,4868,54709,439
2023-02-16,Yuba,115,75493,19974,19958,1869,21827,134
2023-02-15,Alameda,001,1643700,376978,376312,22687,398999,2174
2023-02-15,Alpine,002,1148,139,139,4,143,0
2023-02-15,Amador,005,37829,10538,10524,966,11490,99
2023-02-15,Butte,007,227075,41610,41548,10232,51780,484
2023-02-15,Calaveras,009,45235,8968,8960,641,9601,140
2023-02-15,Colusa,011,21464,3963,3960,1342,5302,22
2023-02-15,Contra Costa,013,1133247,271640,270737,22300,293037,1542
2023-02-15,Del Norte,015,27424,7916,7892,468,8360,59
2023-02-15,El Dorado,017,186661,34478,34430,4537,38967,243
2023-02-15,Fresno,019,978130,293651,293104,34774,327878,2983
2023-02-15,Glenn,021,27897,5780,5773,2017,7790,58
2023-02-15,Humboldt,023,135768,23316,23276,5913,29189,169
2023-02-15,Imperial,025,180216,69772,69669,18821,88490,974
2023-02-15,Inyo,027,18085,4759,4752,1303,6055,63
2023-02-15,Kern,029,883053,229204,228953,72523,301476,2474
2023-02-15,Kings,031,150075,62740,62684,4464,67148,473
2023-02-15,Lake,033,64148,13612,13595,1279,14874,155
2023-02-15,Lassen,035,31185,10252,10246,1063,11309,66
2023-02-15,Los Angeles,037,10098052,3481309,3475808,216598,3692406,35250
2023-02-15,Madera,039,155013,46172,46098,8873,54971,377
2023-02-15,Marin,041,260295,48859,48759,5687,54446,317
2023-02-15,Mariposa,043,17540,3349,3342,359,3701,32
2023-02-15,Mendocino,045,87422,16846,16830,4822,21652,143
2023-02-15,Merced,047,269075,76383,76157,12710,88867,903
2023-02-15,Modoc,049,8938,954,953,370,1323,11
2023-02-15,Mono,051,14174,3319,3319,301,3620,8
2023-02-15,Monterey,053,433212,97914,97704,23707,121411,796
2023-02-15,Napa,055,140530,34302,34245,1535,35780,165
2023-02-15,Nevada,057,99092,20118,20088,2315,22403,132
2023-02-15,Orange,059,3164182,708045,707080,77776,784856,7892
2023-02-15,Placer,061,380077,80757,80615,10204,90819,682
2023-02-15,Plumas,063,18699,3821,3819,460,4279,14
2023-02-15,Riverside,065,2383286,732764,731962,41650,773612,6827
2023-02-15,Sacramento,067,1510023,369317,368833,37692,406525,3507
2023-02-15,San Benito,069,59416,17600,17566,1132,18698,115
2023-02-15,San Bernardino,071,2135413,708007,707191,35134,742325,8171
2023-02-15,San Diego,073,3302833,982322,981249,80837,1062086,5759
2023-02-15,San Francisco,075,870044,194960,194654,13298,207952,1164
2023-02-15,San Joaquin,077,732212,209196,208935,16809,225744,2415
2023-02-15,San Luis Obispo,079,281455,66317,66209,8101,74310,559
2023-02-15,San Mateo,081,765935,182152,181782,11337,193119,749
2023-02-15,Santa Barbara,083,443738,111845,111692,7678,119370,760
2023-02-15,Santa Clara,085,1922200,472739,472011,21736,493747,2688
2023-02-15,Santa Cruz,087,273765,68173,68030,3900,71930,278
2023-02-15,Shasta,089,179085,36427,36385,8302,44687,606
2023-02-15,Sierra,091,2930,311,311,61,372,5
2023-02-15,Siskiyou,093,43540,5443,5433,3440,8873,95
2023-02-15,Solano,095,438530,113434,113211,8589,121800,481
2023-02-15,Sonoma,097,501317,113212,113031,5770,118801,548
2023-02-15,Stanislaus,099,539301,144651,144597,22976,167573,1842
2023-02-15,Sutter,101,95872,25657,25633,2540,28173,238
2023-02-15,Tehama,103,63373,14435,14421,3402,17823,222
2023-02-15,Trinity,105,12862,1474,1470,505,1975,24
2023-02-15,Tulare,107,460477,128028,127791,40126,167917,1567
2023-02-15,Tuolumne,109,53932,16835,16802,988,17790,203
2023-02-15,Ventura,111,848112,220408,220185,18085,238270,1664
2023-02-15,Yolo,113,214977,49899,49841,4863,54704,439
2023-02-15,Yuba,115,75493,19970,19958,1869,21827,134
2023-02-14,Alameda,001,1643700,376840,376312,22677,398989,2174
2023-02-14,Alpine,002,1148,139,139,4,143,0
2023-02-14,Amador,005,37829,10536,10524,966,11490,99
2023-02-14,Butte,007,227075,41599,41548,10230,51778,484
2023-02-14,Calaveras,009,45235,8966,8960,638,9598,140
2023-02-14,Colusa,011,21464,3960,3960,1342,5302,22
2023-02-14,Contra Costa,013,1133247,271520,270737,22287,293024,1542
2023-02-14,Del Norte,015,27424,7913,7892,468,8360,59
2023-02-14,El Dorado,017,186661,34470,34430,4535,38965,243
2023-02-14,Fresno,019,978130,293582,293104,34763,327867,2983
2023-02-14,Glenn,021,27897,5778,5773,2015,7788,58
2023-02-14,Humboldt,023,135768,23312,23276,5908,29184,169
2023-02-14,Imperial,025,180216,69751,69669,18803,88472,974
2023-02-14,Inyo,027,18085,4758,4752,1303,6055,63
2023-02-14,Kern,029,883053,229155,228953,72462,301415,2474
2023-02-14,Kings,031,150075,62730,62684,4462,67146,473
2023-02-14,Lake,033,64148,13611,13595,1279,14874,155
2023-02-14,Lassen,035,31185,10252,10246,1063,11309,66
2023-02-14,Los Angeles,037,10098052,3480385,3475808,216429,3692237,35250
2023-02-14,Madera,039,155013,46162,46098,8865,54963,377
2023-02-14,Marin,041,260295,48833,48759,5686,54445,317
2023-02-14,Mariposa,043,17540,3349,3342,359,3701,32
2023-02-14,Mendocino,045,87422,16843,16830,4822,21652,143
2023-02-14,Merced,047,269075,76366,76157,12706,88863,903
2023-02-14,Modoc,049,8938,954,953,369,1322,11
2023-02-14,Mono,051,14174,3319,3319,301,3620,8
2023-02-14,Monterey,053,433212,97883,97704,23682,121386,796
2023-02-14,Napa,055,140530,34291,34245,1532,35777,165
2023-02-14,Nevada,057,99092,20113,20088,2313,22401,132
2023-02-14,Orange,059,3164182,707843,707080,77705,784785,7892
2023-02-14,Placer,061,380077,80727,80615,10202,90817,682
2023-02-14,Plumas,063,18699,3821,3819,460,4279,14
2023-02-14,Riverside,065,2383286,732583,731962,41612,773574,6827
2023-02-14,Sacramento,067,1510023,369216,368833,37685,406518,3507
2023-02-14,San Benito,069,59416,17598,17566,1132,18698,115
2023-02-14,San Bernardino,071,2135413,707838,707191,35109,742300,8171
2023-02-14,San Diego,073,3302833,982003,981249,80776,1062025,5759
2023-02-14,San Francisco,075,870044,194878,194654,13289,207943,1164
2023-02-14,San Joaquin,077,732212,209122,208935,16802,225737,2415
2023-02-14,San Luis Obispo,079,281455,66305,66209,8099,74308,559
2023-02-14,San Mateo,081,765935,182070,181782,11333,193115,749
2023-02-14,Santa Barbara,083,443738,111812,111692,7675,119367,760
2023-02-14,Santa Clara,085,1922200,472540,472011,21722,493733,2688
2023-02-14,Santa Cruz,087,273765,68155,68030,3899,71929,278
2023-02-14,Shasta,089,179085,36426,36385,8301,44686,606
2023-02-14,Sierra,091,2930,311,311,61,372,5
2023-02-14,Siskiyou,093,43540,5441,5433,3439,8872,95
2023-02-14,Solano,095,438530,113379,113211,8587,121798,481
2023-02-14,Sonoma,097,501317,113167,113031,5766,118797,548
2023-02-14,Stanislaus,099,539301,144610,144597,22966,167563,1842
2023-02-14,Sutter,101,95872,25649,25633,2540,28173,238
2023-02-14,Tehama,103,63373,14431,14421,3402,17823,222
2023-02-14,Trinity,105,12862,1474,1470,505,1975,24
2023-02-14,Tulare,107,460477,127991,127791,40099,167890,1567
2023-02-14,Tuolumne,109,53932,16834,16802,988,17790,203
2023-02-14,Ventura,111,848112,220367,220185,18076,238261,1664
2023-02-14,Yolo,113,214977,49885,49841,4853,54694,439
2023-02-14,Yuba,115,75493,19964,19958,1867,21825,134
2023-02-13,Alameda,001,1643700,376658,375137,22649,397786,2162
2023-02-13,Alpine,002,1148,139,139,4,143,0
2023-02-13,Amador,005,37829,10530,10499,966,11465,99
2023-02-13,Butte,007,227075,41589,41466,10225,51691,486
2023-02-13,Calaveras,009,45235,8965,8942,638,9580,140
2023-02-13,Colusa,011,21464,3960,3949,1340,5289,22
2023-02-13,Contra Costa,013,1133247,271411,270063,22281,292344,1523
2023-02-13,Del Norte,015,27424,7911,7792,468,8260,58
2023-02-13,El Dorado,017,186661,34458,34358,4534,38892,243
2023-02-13,Fresno,019,978130,293504,292431,34754,327185,2979
2023-02-13,Glenn,021,27897,5778,5762,2011,7773,58
2023-02-13,Humboldt,023,135768,23307,23129,5905,29034,169
2023-02-13,Imperial,025,180216,69742,69511,18796,88307,974
2023-02-13,Inyo,027,18085,4755,4744,1303,6047,63
2023-02-13,Kern,029,883053,229092,228620,72417,301037,2470
2023-02-13,Kings,031,150075,62710,62582,4461,67043,471
2023-02-13,Lake,033,64148,13606,13570,1279,14849,151
2023-02-13,Lassen,035,31185,10252,10239,1063,11302,66
2023-02-13,Los Angeles,037,10098052,3479455,3469761,216245,3686006,35132
2023-02-13,Madera,039,155013,46151,46029,8857,54886,377
2023-02-13,Marin,041,260295,48817,48605,5681,54286,317
2023-02-13,Mariposa,043,17540,3347,3331,359,3690,32
2023-02-13,Mendocino,045,87422,16839,16793,4818,21611,142
2023-02-13,Merced,047,269075,76339,75938,12705,88643,903
2023-02-13,Modoc,049,8938,954,952,369,1321,11
2023-02-13,Mono,051,14174,3319,3318,301,3619,8
2023-02-13,Monterey,053,433212,97861,97486,23643,121129,794
2023-02-13,Napa,055,140530,34269,34145,1529,35674,165
2023-02-13,Nevada,057,99092,20109,20045,2312,22357,132
2023-02-13,Orange,059,3164182,707613,705665,77638,783303,7880
2023-02-13,Placer,061,380077,80699,80453,10202,90655,680
2023-02-13,Plumas,063,18699,3821,3817,460,4277,14
2023-02-13,Riverside,065,2383286,732419,730745,41580,772325,6813
2023-02-13,Sacramento,067,1510023,369091,368005,37673,405678,3503
2023-02-13,San Benito,069,59416,17592,17519,1125,18644,115
2023-02-13,San Bernardino,071,2135413,707706,706058,35093,741151,8170
2023-02-13,San Diego,073,3302833,981689,979002,80740,1059742,5745
2023-02-13,San Francisco,075,870044,194787,194077,13284,207361,1154
2023-02-13,San Joaquin,077,732212,209053,208426,16792,225218,2396
2023-02-13,San Luis Obispo,079,281455,66284,66055,8099,74154,552
2023-02-13,San Mateo,081,765935,181995,181227,11331,192558,749
2023-02-13,Santa Barbara,083,443738,111774,111455,7672,119127,759
2023-02-13,Santa Clara,085,1922200,472332,470539,21704,492243,2681
2023-02-13,Santa Cruz,087,273765,68133,67794,3896,71690,276
2023-02-13,Shasta,089,179085,36421,36352,8297,44649,605
2023-02-13,Sierra,091,2930,311,311,61,372,5
2023-02-13,Siskiyou,093,43540,5438,5420,3439,8859,95
2023-02-13,Solano,095,438530,113331,112930,8582,121512,482
2023-02-13,Sonoma,097,501317,113133,112766,5757,118523,549
2023-02-13,Stanislaus,099,539301,144562,144307,22948,167255,1838
2023-02-13,Sutter,101,95872,25642,25583,2539,28122,238
2023-02-13,Tehama,103,63373,14430,14396,3402,17798,222
2023-02-13,Trinity,105,12862,1474,1469,504,1973,24
2023-02-13,Tulare,107,460477,127963,127513,40080,167593,1567
2023-02-13,Tuolumne,109,53932,16829,16757,986,17743,203
2023-02-13,Ventura,111,848112,220317,219808,18072,237880,1662
2023-02-13,Yolo,113,214977,49871,49749,4851,54600,436
2023-02-13,Yuba,115,75493,19961,19930,1867,21797,134
2023-02-12,Alameda,001,1643700,376468,375137,22635,397772,2162
2023-02-12,Alpine,002,1148,139,139,4,143,0
2023-02-12,Amador,005,37829,10528,10499,965,11464,99
2023-02-12,Butte,007,227075,41579,41466,10216,51682,486
2023-02-12,Calaveras,009,45235,8964,8942,638,9580,140
2023-02-12,Colusa,011,21464,3960,3949,1340,5289,22
2023-02-12,Contra Costa,013,1133247,271300,270063,22267,292330,1523
2023-02-12,Del Norte,015,27424,7908,7792,468,8260,58
2023-02-12,El Dorado,017,186661,34444,34358,4534,38892,243
2023-02-12,Fresno,019,978130,293416,292431,34747,327178,2979
2023-02-12,Glenn,021,27897,5777,5762,2011,7773,58
2023-02-12,Humboldt,023,135768,23301,23129,5903,29032,169
2023-02-12,Imperial,025,180216,69716,69511,18778,88289,974
2023-02-12,Inyo,027,18085,4755,4744,1299,6043,63
2023-02-12,Kern,029,883053,229028,228620,72374,300994,2470
2023-02-12,Kings,031,150075,62698,62582,4460,67042,471
2023-02-12,Lake,033,64148,13601,13570,1279,14849,151
2023-02-12,Lassen,035,31185,10252,10239,1063,11302,66
2023-02-12,Los Angeles,037,10098052,3478415,3469761,216042,3685803,35132
2023-02-12,Madera,039,155013,46146,46029,8843,54872,377
2023-02-12,Marin,041,260295,48797,48605,5680,54285,317
2023-02-12,Mariposa,043,17540,3347,3331,359,3690,32
2023-02-12,Mendocino,045,87422,16834,16793,4817,21610,142
2023-02-12,Merced,047,269075,76305,75938,12701,88639,903
2023-02-12,Modoc,049,8938,954,952,369,1321,11
2023-02-12,Mono,051,14174,3319,3318,301,3619,8
2023-02-12,Monterey,053,433212,97819,97486,23618,121104,794
2023-02-12,Napa,055,140530,34255,34145,1529,35674,165
2023-02-12,Nevada,057,99092,20106,20045,2307,22352,132
2023-02-12,Orange,059,3164182,707385,705665,77556,783221,7880
2023-02-12,Placer,061,380077,80676,80453,10201,90654,680
2023-02-12,Plumas,063,18699,3820,3817,460,4277,14
2023-02-12,Riverside,065,2383286,732209,730745,41552,772297,6813
2023-02-12,Sacramento,067,1510023,368957,368005,37661,405666,3503
2023-02-12,San Benito,069,59416,17589,17519,1125,18644,115
2023-02-12,San Bernardino,071,2135413,707506,706058,35074,741132,8170
2023-02-12,San Diego,073,3302833,981287,979002,80683,1059685,5745
2023-02-12,San Francisco,075,870044,194672,194077,13281,207358,1154
2023-02-12,San Joaquin,077,732212,208964,208426,16779,225205,2396
2023-02-12,San Luis Obispo,079,281455,66259,66055,8099,74154,552
2023-02-12,San Mateo,081,765935,181889,181227,11328,192555,749
2023-02-12,Santa Barbara,083,443738,111745,111455,7668,119123,759
2023-02-12,Santa Clara,085,1922200,472092,470539,21692,492231,2681
2023-02-12,Santa Cruz,087,273765,68111,67794,3894,71688,276
2023-02-12,Shasta,089,179085,36416,36352,8294,44646,605
2023-02-12,Sierra,091,2930,311,311,61,372,5
2023-02-12,Siskiyou,093,43540,5438,5420,3437,8857,95
2023-02-12,Solano,095,438530,113288,112930,8576,121506,482
2023-02-12,Sonoma,097,501317,113076,112766,5754,118520,549
2023-02-12,Stanislaus,099,539301,144520,144307,22933,167240,1838
2023-02-12,Sutter,101,95872,25633,25583,2539,28122,238
2023-02-12,Tehama,103,63373,14428,14396,3401,17797,222
2023-02-12,Trinity,105,12862,1474,1469,504,1973,24
2023-02-12,Tulare,107,460477,127924,127513,40061,167574,1567
2023-02-12,Tuolumne,109,53932,16824,16757,986,17743,203
2023-02-12,Ventura,111,848112,220280,219808,18059,237867,1662
2023-02-12,Yolo,113,214977,49861,49749,4848,54597,436
2023-02-12,Yuba,115,75493,19954,19930,1865,21795,134
2023-02-11,Alameda,001,1643700,376358,375137,22627,397764,2162
2023-02-11,Alpine,002,1148,139,139,4,143,0
2023-02-11,Amador,005,37829,10526,10499,965,11464,99
2023-02-11,Butte,007,227075,41574,41466,10208,51674,486
2023-02-11,Calaveras,009,45235,8961,8942,638,9580,140
2023-02-11,Colusa,011,21464,3960,3949,1340,5289,22
2023-02-11,Contra Costa,013,1133247,271232,270063,22259,292322,1523
2023-02-11,Del Norte,015,27424,7908,7792,468,8260,58
2023-02-11,El Dorado,017,186661,34438,34358,4533,38891,243
2023-02-11,Fresno,019,978130,293375,292431,34745,327176,2979
2023-02-11,Glenn,021,27897,5775,5762,2011,7773,58
2023-02-11,Humboldt,023,135768,23295,23129,5902,29031,169
2023-02-11,Imperial,025,180216,69709,69511,18777,88288,974
2023-02-11,Inyo,027,18085,4754,4744,1298,6042,63
2023-02-11,Kern,029,883053,228999,228620,72341,300961,2470
2023-02-11,Kings,031,150075,62696,62582,4459,67041,471
2023-02-11,Lake,033,64148,13599,13570,1279,14849,151
2023-02-11,Lassen,035,31185,10251,10239,1063,11302,66
2023-02-11,Los Angeles,037,10098052,3477794,3469761,215937,3685698,35132
2023-02-11,Madera,039,155013,46145,46029,8843,54872,377
2023-02-11,Marin,041,260295,48780,48605,5678,54283,317
2023-02-11,Mariposa,043,17540,3347,3331,359,3690,32
2023-02-11,Mendocino,045,87422,16833,16793,4817,21610,142
2023-02-11,Merced,047,269075,76296,75938,12694,88632,903
2023-02-11,Modoc,049,8938,954,952,369,1321,11
2023-02-11,Mono,051,14174,3319,3318,301,3619,8
2023-02-11,Monterey,053,433212,97794,97486,23599,121085,794
2023-02-11,Napa,055,140530,34250,34145,1529,35674,165
2023-02-11,Nevada,057,99092,20102,20045,2302,22347,132
2023-02-11,Orange,059,3164182,707255,705665,77515,783180,7880
2023-02-11,Placer,061,380077,80652,80453,10201,90654,680
2023-02-11,Plumas,063,18699,3820,3817,460,4277,14
2023-02-11,Riverside,065,2383286,732106,730745,41529,772274,6813
2023-02-11,Sacramento,067,1510023,368887,368005,37653,405658,3503
2023-02-11,San Benito,069,59416,17584,17519,1125,18644,115
2023-02-11,San Bernardino,071,2135413,707415,706058,35060,741118,8170
2023-02-11,San Diego,073,3302833,981136,979002,80669,1059671,5745
2023-02-11,San Francisco,075,870044,194603,194077,13281,207358,1154
2023-02-11,San Joaquin,077,732212,208933,208426,16773,225199,2396
2023-02-11,San Luis Obispo,079,281455,66247,66055,8099,74154,552
2023-02-11,San Mateo,081,765935,181840,181227,11325,192552,749
2023-02-11,Santa Barbara,083,443738,111720,111455,7667,119122,759
2023-02-11,Santa Clara,085,1922200,471965,470539,21683,492222,2681
2023-02-11,Santa Cruz,087,273765,68094,67794,3894,71688,276
2023-02-11,Shasta,089,179085,36413,36352,8292,44644,605
2023-02-11,Sierra,091,2930,311,311,61,372,5
2023-02-11,Siskiyou,093,43540,5436,5420,3437,8857,95
2023-02-11,Solano,095,438530,113274,112930,8575,121505,482
2023-02-11,Sonoma,097,501317,113051,112766,5751,118517,549
2023-02-11,Stanislaus,099,539301,144488,144307,22933,167240,1838
2023-02-11,Sutter,101,95872,25625,25583,2539,28122,238
2023-02-11,Tehama,103,63373,14427,14396,3401,17797,222
2023-02-11,Trinity,105,12862,1473,1469,504,1973,24
2023-02-11,Tulare,107,460477,127901,127513,40051,167564,1567
2023-02-11,Tuolumne,109,53932,16818,16757,984,17741,203
2023-02-11,Ventura,111,848112,220257,219808,18056,237864,1662
2023-02-11,Yolo,113,214977,49853,49749,4847,54596,436
2023-02-11,Yuba,115,75493,19953,19930,1864,21794,134
2023-02-10,Alameda,001,1643700,376275,375137,22616,397753,2162
2023-02-10,Alpine,002,1148,139,139,4,143,0
2023-02-10,Amador,005,37829,10525,10499,965,11464,99
2023-02-10,Butte,007,227075,41568,41466,10207,51673,486
2023-02-10,Calaveras,009,45235,8959,8942,638,9580,140
2023-02-10,Colusa,011,21464,3957,3949,1340,5289,22
2023-02-10,Contra Costa,013,1133247,271162,270063,22252,292315,1523
2023-02-10,Del Norte,015,27424,7905,7792,468,8260,58
2023-02-10,El Dorado,017,186661,34433,34358,4533,38891,243
2023-02-10,Fresno,019,978130,293325,292431,34742,327173,2979
2023-02-10,Glenn,021,27897,5772,5762,2009,7771,58
2023-02-10,Humboldt,023,135768,23294,23129,5901,29030,169
2023-02-10,Imperial,025,180216,69695,69511,18776,88287,974
2023-02-10,Inyo,027,18085,4754,4744,1298,6042,63
2023-02-10,Kern,029,883053,228964,228620,72313,300933,2470
2023-02-10,Kings,031,150075,62692,62582,4458,67040,471
2023-02-10,Lake,033,64148,13597,13570,1279,14849,151
2023-02-10,Lassen,035,31185,10250,10239,1063,11302,66
2023-02-10,Los Angeles,037,10098052,3477169,3469761,215805,3685566,35132
2023-02-10,Madera,039,155013,46140,46029,8842,54871,377
2023-02-10,Marin,041,260295,48762,48605,5677,54282,317
2023-02-10,Mariposa,043,17540,3347,3331,359,3690,32
2023-02-10,Mendocino,045,87422,16831,16793,4817,21610,142
2023-02-10,Merced,047,269075,76270,75938,12691,88629,903
2023-02-10,Modoc,049,8938,954,952,369,1321,11
2023-02-10,Mono,051,14174,3319,3318,301,3619,8
2023-02-10,Monterey,053,433212,97774,97486,23580,121066,794
2023-02-10,Napa,055,140530,34243,34145,1529,35674,165
2023-02-10,Nevada,057,99092,20096,20045,2301,22346,132
2023-02-10,Orange,059,3164182,707116,705665,77463,783128,7880
2023-02-10,Placer,061,380077,80642,80453,10201,90654,680
2023-02-10,Plumas,063,18699,3819,3817,460,4277,14
2023-02-10,Riverside,065,2383286,731986,730745,41507,772252,6813
2023-02-10,Sacramento,067,1510023,368794,368005,37650,405655,3503
2023-02-10,San Benito,069,59416,17581,17519,1125,18644,115
2023-02-10,San Bernardino,071,2135413,707296,706058,35052,741110,8170
2023-02-10,San Diego,073,3302833,980955,979002,80656,1059658,5745
2023-02-10,San Francisco,075,870044,194545,194077,13277,207354,1154
2023-02-10,San Joaquin,077,732212,208884,208426,16759,225185,2396
2023-02-10,San Luis Obispo,079,281455,66234,66055,8097,74152,552
2023-02-10,San Mateo,081,765935,181773,181227,11324,192551,749
2023-02-10,Santa Barbara,083,443738,111697,111455,7666,119121,759
2023-02-10,Santa Clara,085,1922200,471843,470539,21676,492215,2681
2023-02-10,Santa Cruz,087,273765,68061,67794,3894,71688,276
2023-02-10,Shasta,089,179085,36409,36352,8292,44644,605
2023-02-10,Sierra,091,2930,311,311,61,372,5
2023-02-10,Siskiyou,093,43540,5434,5420,3437,8857,95
2023-02-10,Solano,095,438530,113253,112930,8575,121505,482
2023-02-10,Sonoma,097,501317,113035,112766,5750,118516,549
2023-02-10,Stanislaus,099,539301,144471,144307,22928,167235,1838
2023-02-10,Sutter,101,95872,25617,25583,2539,28122,238
2023-02-10,Tehama,103,63373,14425,14396,3400,17796,222
2023-02-10,Trinity,105,12862,1473,1469,504,1973,24
2023-02-10,Tulare,107,460477,127875,127513,40041,167554,1567
2023-02-10,Tuolumne,109,53932,16815,16757,983,17740,203
2023-02-10,Ventura,111,848112,220225,219808,18051,237859,1662
2023-02-10,Yolo,113,214977,49848,49749,4841,54590,436
2023-02-10,Yuba,115,75493,19951,19930,1863,21793,134
2023-02-09,Alameda,001,1643700,376105,375137,22605,397742,2162
2023-02-09,Alpine,002,1148,139,139,4,143,0
2023-02-09,Amador,005,37829,10520,10499,965,11464,99
2023-02-09,Butte,007,227075,41556,41466,10198,51664,486
2023-02-09,Calaveras,009,45235,8958,8942,638,9580,140
2023-02-09,Colusa,011,21464,3957,3949,1340,5289,22
2023-02-09,Contra Costa,013,1133247,271063,270063,22245,292308,1523
2023-02-09,Del Norte,015,27424,7902,7792,468,8260,58
2023-02-09,El Dorado,017,186661,34428,34358,4533,38891,243
2023-02-09,Fresno,019,978130,293270,292431,34735,327166,2979
2023-02-09,Glenn,021,27897,5770,5762,2007,7769,58
2023-02-09,Humboldt,023,135768,23289,23129,5898,29027,169
2023-02-09,Imperial,025,180216,69679,69511,18769,88280,974
2023-02-09,Inyo,027,18085,4753,4744,1296,6040,63
2023-02-09,Kern,029,883053,228909,228620,72269,300889,2470
2023-02-09,Kings,031,150075,62670,62582,4457,67039,471
2023-02-09,Lake,033,64148,13595,13570,1279,14849,151
2023-02-09,Lassen,035,31185,10249,10239,1063,11302,66
2023-02-09,Los Angeles,037,10098052,3476356,3469761,215633,3685394,35132
2023-02-09,Madera,039,155013,46125,46029,8833,54862,377
2023-02-09,Marin,041,260295,48742,48605,5676,54281,317
2023-02-09,Mariposa,043,17540,3347,3331,359,3690,32
2023-02-09,Mendocino,045,87422,16826,16793,4817,21610,142
2023-02-09,Merced,047,269075,76252,75938,12690,88628,903
2023-02-09,Modoc,049,8938,954,952,369,1321,11
2023-02-09,Mono,051,14174,3318,3318,301,3619,8
2023-02-09,Monterey,053,433212,97740,97486,23551,121037,794
2023-02-09,Napa,055,140530,34225,34145,1529,35674,165
2023-02-09,Nevada,057,99092,20090,20045,2298,22343,132
2023-02-09,Orange,059,3164182,706916,705665,77399,783064,7880
2023-02-09,Placer,061,380077,80625,80453,10200,90653,680
2023-02-09,Plumas,063,18699,3818,3817,460,4277,14
2023-02-09,Riverside,065,2383286,731837,730745,41482,772227,6813
2023-02-09,Sacramento,067,1510023,368665,368005,37638,405643,3503
2023-02-09,San Benito,069,59416,17571,17519,1125,18644,115
2023-02-09,San Bernardino,071,2135413,707164,706058,35035,741093,8170
2023-02-09,San Diego,073,3302833,980681,979002,80611,1059613,5745
2023-02-09,San Francisco,075,870044,194447,194077,13268,207345,1154
2023-02-09,San Joaquin,077,732212,208821,208426,16750,225176,2396
2023-02-09,San Luis Obispo,079,281455,66219,66055,8094,74149,552
2023-02-09,San Mateo,081,765935,181696,181227,11323,192550,749
2023-02-09,Santa Barbara,083,443738,111671,111455,7660,119115,759
2023-02-09,Santa Clara,085,1922200,471620,470539,21664,492203,2681
2023-02-09,Santa Cruz,087,273765,68000,67794,3889,71683,276
2023-02-09,Shasta,089,179085,36406,36352,8288,44640,605
2023-02-09,Sierra,091,2930,311,311,61,372,5
2023-02-09,Siskiyou,093,43540,5433,5420,3437,8857,95
2023-02-09,Solano,095,438530,113215,112930,8573,121503,482
2023-02-09,Sonoma,097,501317,113011,112766,5749,118515,549
2023-02-09,Stanislaus,099,539301,144432,144307,22915,167222,1838
2023-02-09,Sutter,101,95872,25613,25583,2539,28122,238
2023-02-09,Tehama,103,63373,14422,14396,3400,17796,222
2023-02-09,Trinity,105,12862,1473,1469,504,1973,24
2023-02-09,Tulare,107,460477,127832,127513,40021,167534,1567
2023-02-09,Tuolumne,109,53932,16811,16757,983,17740,203
2023-02-09,Ventura,111,848112,220184,219808,18039,237847,1662
2023-02-09,Yolo,113,214977,49833,49749,4836,54585,436
2023-02-09,Yuba,115,75493,19947,19930,1862,21792,134
2023-02-08,Alameda,001,1643700,375938,375137,22599,397736,2162
2023-02-08,Alpine,002,1148,139,139,4,143,0
2023-02-08,Amador,005,37829,10515,10499,965,11464,99
2023-02-08,Butte,007,227075,41543,41466,10187,51653,486
2023-02-08,Calaveras,009,45235,8956,8942,638,9580,140
2023-02-08,Colusa,011,21464,3956,3949,1340,5289,22
2023-02-08,Contra Costa,013,1133247,270954,270063,22237,292300,1523
2023-02-08,Del Norte,015,27424,7899,7792,468,8260,58
2023-02-08,El Dorado,017,186661,34419,34358,4532,38890,243
2023-02-08,Fresno,019,978130,293191,292431,34689,327120,2979
2023-02-08,Glenn,021,27897,5769,5762,2006,7768,58
2023-02-08,Humboldt,023,135768,23283,23129,5897,29026,169
2023-02-08,Imperial,025,180216,69661,69511,18767,88278,974
2023-02-08,Inyo,027,18085,4753,4744,1294,6038,63
2023-02-08,Kern,029,883053,228868,228620,72217,300837,2470
2023-02-08,Kings,031,150075,62650,62582,4454,67036,471
2023-02-08,Lake,033,64148,13595,13570,1278,14848,151
2023-02-08,Lassen,035,31185,10248,10239,1063,11302,66
2023-02-08,Los Angeles,037,10098052,3475508,3469761,215471,3685232,35132
2023-02-08,Madera,039,155013,46117,46029,8832,54861,377
2023-02-08,Marin,041,260295,48718,48605,5675,54280,317
2023-02-08,Mariposa,043,17540,3345,3331,359,3690,32
2023-02-08,Mendocino,045,87422,16824,16793,4817,21610,142
2023-02-08,Merced,047,269075,76227,75938,12688,88626,903
2023-02-08,Modoc,049,8938,954,952,369,1321,11
2023-02-08,Mono,051,14174,3318,3318,300,3618,8
2023-02-08,Monterey,053,433212,97708,97486,23521,121007,794
2023-02-08,Napa,055,140530,34206,34145,1529,35674,165
2023-02-08,Nevada,057,99092,20084,20045,2296,22341,132
2023-02-08,Orange,059,3164182,706725,705665,77334,782999,7880
2023-02-08,Placer,061,380077,80589,80453,10198,90651,680
2023-02-08,Plumas,063,18699,3818,3817,460,4277,14
2023-02-08,Riverside,065,2383286,731669,730745,41463,772208,6813
2023-02-08,Sacramento,067,1510023,368555,368005,37624,405629,3503
2023-02-08,San Benito,069,59416,17567,17519,1123,18642,115
2023-02-08,San Bernardino,071,2135413,707023,706058,35022,741080,8170
2023-02-08,San Diego,073,3302833,980374,979002,80560,1059562,5745
2023-02-08,San Francisco,075,870044,194356,194077,13265,207342,1154
2023-02-08,San Joaquin,077,732212,208735,208426,16744,225170,2396
2023-02-08,San Luis Obispo,079,281455,66197,66055,8089,74144,552
2023-02-08,San Mateo,081,765935,181625,181227,11317,192544,749
2023-02-08,Santa Barbara,083,443738,111644,111455,7658,119113,759
2023-02-08,Santa Clara,085,1922200,471426,470539,21652,492191,2681
2023-02-08,Santa Cruz,087,273765,67974,67794,3886,71680,276
2023-02-08,Shasta,089,179085,36403,36352,8284,44636,605
2023-02-08,Sierra,091,2930,311,311,61,372,5
2023-02-08,Siskiyou,093,43540,5433,5420,3437,8857,95
2023-02-08,Solano,095,438530,113167,112930,8569,121499,482
2023-02-08,Sonoma,097,501317,112976,112766,5748,118514,549
2023-02-08,Stanislaus,099,539301,144388,144307,22902,167209,1838
2023-02-08,Sutter,101,95872,25605,25583,2539,28122,238
2023-02-08,Tehama,103,63373,14421,14396,3399,17795,222
2023-02-08,Trinity,105,12862,1473,1469,504,1973,24
2023-02-08,Tulare,107,460477,127793,127513,40000,167513,1567
2023-02-08,Tuolumne,109,53932,16804,16757,983,17740,203
2023-02-08,Ventura,111,848112,220122,219808,18032,237840,1662
2023-02-08,Yolo,113,214977,49829,49749,4834,54583,436
2023-02-08,Yuba,115,75493,19939,19930,1861,21791,134
2023-02-07,Alameda,001,1643700,375767,375137,22588,397725,2162
2023-02-07,Alpine,002,1148,139,139,4,143,0
2023-02-07,Amador,005,37829,10513,10499,965,11464,99
2023-02-07,Butte,007,227075,41527,41466,10178,51644,486
2023-02-07,Calaveras,009,45235,8955,8942,638,9580,140
2023-02-07,Colusa,011,21464,3953,3949,1340,5289,22
2023-02-07,Contra Costa,013,1133247,270839,270063,22227,292290,1523
2023-02-07,Del Norte,015,27424,7895,7792,468,8260,58
2023-02-07,El Dorado,017,186661,34407,34358,4529,38887,243
2023-02-07,Fresno,019,978130,293117,292431,34656,327087,2979
2023-02-07,Glenn,021,27897,5768,5762,2004,7766,58
2023-02-07,Humboldt,023,135768,23279,23129,5893,29022,169
2023-02-07,Imperial,025,180216,69630,69511,18763,88274,974
2023-02-07,Inyo,027,18085,4752,4744,1291,6035,63
2023-02-07,Kern,029,883053,228818,228620,72155,300775,2470
2023-02-07,Kings,031,150075,62639,62582,4453,67035,471
2023-02-07,Lake,033,64148,13591,13570,1278,14848,151
2023-02-07,Lassen,035,31185,10247,10239,1063,11302,66
2023-02-07,Los Angeles,037,10098052,3474532,3469761,215277,3685038,35132
2023-02-07,Madera,039,155013,46105,46029,8823,54852,377
2023-02-07,Marin,041,260295,48700,48605,5675,54280,317
2023-02-07,Mariposa,043,17540,3344,3331,359,3690,32
2023-02-07,Mendocino,045,87422,16819,16793,4817,21610,142
2023-02-07,Merced,047,269075,76200,75938,12687,88625,903
2023-02-07,Modoc,049,8938,954,952,369,1321,11
2023-02-07,Mono,051,14174,3318,3318,300,3618,8
2023-02-07,Monterey,053,433212,97681,97486,23491,120977,794
2023-02-07,Napa,055,140530,34195,34145,1529,35674,165
2023-02-07,Nevada,057,99092,20076,20045,2294,22339,132
2023-02-07,Orange,059,3164182,706484,705665,77276,782941,7880
2023-02-07,Placer,061,380077,80559,80453,10196,90649,680
2023-02-07,Plumas,063,18699,3818,3817,460,4277,14
2023-02-07,Riverside,065,2383286,731501,730745,41431,772176,6813
2023-02-07,Sacramento,067,1510023,368402,368005,37611,405616,3503
2023-02-07,San Benito,069,59416,17560,17519,1122,18641,115
2023-02-07,San Bernardino,071,2135413,706853,706058,34998,741056,8170
2023-02-07,San Diego,073,3302833,980068,979002,80514,1059516,5745
2023-02-07,San Francisco,075,870044,194269,194077,13265,207342,1154
2023-02-07,San Joaquin,077,732212,208671,208426,16731,225157,2396
2023-02-07,San Luis Obispo,079,281455,66177,66055,8087,74142,552
2023-02-07,San Mateo,081,765935,181563,181227,11315,192542,749
2023-02-07,Santa Barbara,083,443738,111619,111455,7654,119109,759
2023-02-07,Santa Clara,085,1922200,471183,470539,21642,492181,2681
2023-02-07,Santa Cruz,087,273765,67946,67794,3882,71676,276
2023-02-07,Shasta,089,179085,36393,36352,8278,44630,605
2023-02-07,Sierra,091,2930,311,311,61,372,5
2023-02-07,Siskiyou,093,43540,5431,5420,3437,8857,95
2023-02-07,Solano,095,438530,113125,112930,8565,121495,482
2023-02-07,Sonoma,097,501317,112934,112766,5742,118508,549
2023-02-07,Stanislaus,099,539301,144339,144307,22890,167197,1838
2023-02-07,Sutter,101,95872,25601,25583,2539,28122,238
2023-02-07,Tehama,103,63373,14417,14396,3398,17794,222
2023-02-07,Trinity,105,12862,1473,1469,504,1973,24
2023-02-07,Tulare,107,460477,127754,127513,39977,167490,1567
2023-02-07,Tuolumne,109,53932,16799,16757,983,17740,203
2023-02-07,Ventura,111,848112,220072,219808,18020,237828,1662
2023-02-07,Yolo,113,214977,49816,49749,4834,54583,436
2023-02-07,Yuba,115,75493,19938,19930,1858,21788,134
2023-02-06,Alameda,001,1643700,375566,374080,22569,396649,2153
2023-02-06,Alpine,002,1148,139,139,4,143,0
2023-02-06,Amador,005,37829,10511,10469,965,11434,98
2023-02-06,Butte,007,227075,41504,41393,10172,51565,486
2023-02-06,Calaveras,009,45235,8951,8925,638,9563,140
2023-02-06,Colusa,011,21464,3952,3942,1340,5282,22
2023-02-06,Contra Costa,013,1133247,270732,269280,22218,291498,1522
2023-02-06,Del Norte,015,27424,7892,7749,468,8217,58
2023-02-06,El Dorado,017,186661,34393,34310,4528,38838,240
2023-02-06,Fresno,019,978130,293037,291147,34645,325792,2969
2023-02-06,Glenn,021,27897,5767,5754,2003,7757,58
2023-02-06,Humboldt,023,135768,23272,23081,5885,28966,169
2023-02-06,Imperial,025,180216,69601,69391,18750,88141,974
2023-02-06,Inyo,027,18085,4749,4733,1291,6024,63
2023-02-06,Kern,029,883053,228770,228236,72099,300335,2470
2023-02-06,Kings,031,150075,62622,62444,4451,66895,470
2023-02-06,Lake,033,64148,13586,13542,1277,14819,151
2023-02-06,Lassen,035,31185,10247,10232,1063,11295,66
2023-02-06,Los Angeles,037,10098052,3473580,3463362,215104,3678466,35040
2023-02-06,Madera,039,155013,46093,45956,8821,54777,377
2023-02-06,Marin,041,260295,48678,48478,5675,54153,317
2023-02-06,Mariposa,043,17540,3344,3330,359,3689,32
2023-02-06,Mendocino,045,87422,16811,16755,4817,21572,142
2023-02-06,Merced,047,269075,76172,75741,12682,88423,903
2023-02-06,Modoc,049,8938,954,951,369,1320,11
2023-02-06,Mono,051,14174,3318,3313,300,3613,8
2023-02-06,Monterey,053,433212,97641,97259,23454,120713,790
2023-02-06,Napa,055,140530,34177,34034,1528,35562,165
2023-02-06,Nevada,057,99092,20074,20012,2290,22302,132
2023-02-06,Orange,059,3164182,706251,704157,77203,781360,7806
2023-02-06,Placer,061,380077,80540,80269,10193,90462,679
2023-02-06,Plumas,063,18699,3818,3814,460,4274,14
2023-02-06,Riverside,065,2383286,731332,729601,41396,770997,6789
2023-02-06,Sacramento,067,1510023,368278,367271,37588,404859,3487
2023-02-06,San Benito,069,59416,17550,17469,1121,18590,115
2023-02-06,San Bernardino,071,2135413,706697,704949,34978,739927,8170
2023-02-06,San Diego,073,3302833,979670,976987,80454,1057441,5728
2023-02-06,San Francisco,075,870044,194196,193361,13257,206618,1152
2023-02-06,San Joaquin,077,732212,208605,208068,16725,224793,2395
2023-02-06,San Luis Obispo,079,281455,66156,65882,8085,73967,549
2023-02-06,San Mateo,081,765935,181476,180691,11312,192003,749
2023-02-06,Santa Barbara,083,443738,111586,111213,7647,118860,758
2023-02-06,Santa Clara,085,1922200,470976,469329,21628,490957,2672
2023-02-06,Santa Cruz,087,273765,67928,67589,3881,71470,277
2023-02-06,Shasta,089,179085,36388,36324,8274,44598,605
2023-02-06,Sierra,091,2930,311,311,61,372,5
2023-02-06,Siskiyou,093,43540,5427,5407,3436,8843,95
2023-02-06,Solano,095,438530,113072,112466,8557,121023,482
2023-02-06,Sonoma,097,501317,112899,112508,5735,118243,544
2023-02-06,Stanislaus,099,539301,144297,143982,22882,166864,1827
2023-02-06,Sutter,101,95872,25596,25528,2539,28067,237
2023-02-06,Tehama,103,63373,14414,14379,3395,17774,222
2023-02-06,Trinity,105,12862,1473,1468,504,1972,24
2023-02-06,Tulare,107,460477,127722,127199,39960,167159,1562
2023-02-06,Tuolumne,109,53932,16795,16709,983,17692,203
2023-02-06,Ventura,111,848112,220008,219465,18004,237469,1659
2023-02-06,Yolo,113,214977,49798,49661,4831,54492,436
2023-02-06,Yuba,115,75493,19931,19907,1858,21765,134
2023-02-05,Alameda,001,1643700,375340,374080,22554,396634,2153
2023-02-05,Alpine,002,1148,139,139,4,143,0
2023-02-05,Amador,005,37829,10510,10469,965,11434,98
2023-02-05,Butte,007,227075,41482,41393,10164,51557,486
2023-02-05,Calaveras,009,45235,8949,8925,638,9563,140
2023-02-05,Colusa,011,21464,3949,3942,1339,5281,22
2023-02-05,Contra Costa,013,1133247,270592,269280,22210,291490,1522
2023-02-05,Del Norte,015,27424,7871,7749,466,8215,58
2023-02-05,El Dorado,017,186661,34382,34310,4525,38835,240
2023-02-05,Fresno,019,978130,292930,291147,34628,325775,2969
2023-02-05,Glenn,021,27897,5766,5754,2003,7757,58
2023-02-05,Humboldt,023,135768,23264,23081,5877,28958,169
2023-02-05,Imperial,025,180216,69580,69391,18729,88120,974
2023-02-05,Inyo,027,18085,4747,4733,1288,6021,63
2023-02-05,Kern,029,883053,228710,228236,72031,300267,2470
2023-02-05,Kings,031,150075,62598,62444,4450,66894,470
2023-02-05,Lake,033,64148,13577,13542,1277,14819,151
2023-02-05,Lassen,035,31185,10245,10232,1063,11295,66
2023-02-05,Los Angeles,037,10098052,3472450,3463362,214901,3678263,35040
2023-02-05,Madera,039,155013,46084,45956,8815,54771,377
2023-02-05,Marin,041,260295,48651,48478,5675,54153,317
2023-02-05,Mariposa,043,17540,3344,3330,359,3689,32
2023-02-05,Mendocino,045,87422,16806,16755,4817,21572,142
2023-02-05,Merced,047,269075,76143,75741,12677,88418,903
2023-02-05,Modoc,049,8938,953,951,369,1320,11
2023-02-05,Mono,051,14174,3318,3313,300,3613,8
2023-02-05,Monterey,053,433212,97605,97259,23416,120675,790
2023-02-05,Napa,055,140530,34149,34034,1527,35561,165
2023-02-05,Nevada,057,99092,20067,20012,2286,22298,132
2023-02-05,Orange,059,3164182,706016,704157,77136,781293,7806
2023-02-05,Placer,061,380077,80512,80269,10193,90462,679
2023-02-05,Plumas,063,18699,3818,3814,460,4274,14
2023-02-05,Riverside,065,2383286,731124,729601,41370,770971,6789
2023-02-05,Sacramento,067,1510023,368116,367271,37572,404843,3487
2023-02-05,San Benito,069,59416,17541,17469,1120,18589,115
2023-02-05,San Bernardino,071,2135413,706494,704949,34958,739907,8170
2023-02-05,San Diego,073,3302833,979283,976987,80377,1057364,5728
2023-02-05,San Francisco,075,870044,194088,193361,13253,206614,1152
2023-02-05,San Joaquin,077,732212,208503,208068,16716,224784,2395
2023-02-05,San Luis Obispo,079,281455,66123,65882,8079,73961,549
2023-02-05,San Mateo,081,765935,181378,180691,11310,192001,749
2023-02-05,Santa Barbara,083,443738,111545,111213,7645,118858,758
2023-02-05,Santa Clara,085,1922200,470722,469329,21605,490934,2672
2023-02-05,Santa Cruz,087,273765,67885,67589,3876,71465,277
2023-02-05,Shasta,089,179085,36387,36324,8272,44596,605
2023-02-05,Sierra,091,2930,311,311,61,372,5
2023-02-05,Siskiyou,093,43540,5426,5407,3435,8842,95
2023-02-05,Solano,095,438530,112999,112466,8552,121018,482
2023-02-05,Sonoma,097,501317,112857,112508,5734,118242,544
2023-02-05,Stanislaus,099,539301,144246,143982,22856,166838,1827
2023-02-05,Sutter,101,95872,25582,25528,2539,28067,237
2023-02-05,Tehama,103,63373,14410,14379,3394,17773,222
2023-02-05,Trinity,105,12862,1473,1468,504,1972,24
2023-02-05,Tulare,107,460477,127667,127199,39933,167132,1562
2023-02-05,Tuolumne,109,53932,16790,16709,983,17692,203
2023-02-05,Ventura,111,848112,219945,219465,17990,237455,1659
2023-02-05,Yolo,113,214977,49777,49661,4830,54491,436
2023-02-05,Yuba,115,75493,19923,19907,1855,21762,134
2023-02-04,Alameda,001,1643700,375223,374080,22545,396625,2153
2023-02-04,Alpine,002,1148,139,139,4,143,0
2023-02-04,Amador,005,37829,10503,10469,965,11434,98
2023-02-04,Butte,007,227075,41472,41393,10157,51550,486
2023-02-04,Calaveras,009,45235,8948,8925,638,9563,140
2023-02-04,Colusa,011,21464,3949,3942,1338,5280,22
2023-02-04,Contra Costa,013,1133247,270520,269280,22208,291488,1522
2023-02-04,Del Norte,015,27424,7870,7749,465,8214,58
2023-02-04,El Dorado,017,186661,34376,34310,4525,38835,240
2023-02-04,Fresno,019,978130,292879,291147,34624,325771,2969
2023-02-04,Glenn,021,27897,5764,5754,2003,7757,58
2023-02-04,Humboldt,023,135768,23261,23081,5877,28958,169
2023-02-04,Imperial,025,180216,69568,69391,18729,88120,974
2023-02-04,Inyo,027,18085,4747,4733,1288,6021,63
2023-02-04,Kern,029,883053,228678,228236,71998,300234,2470
2023-02-04,Kings,031,150075,62590,62444,4450,66894,470
2023-02-04,Lake,033,64148,13574,13542,1277,14819,151
2023-02-04,Lassen,035,31185,10245,10232,1063,11295,66
2023-02-04,Los Angeles,037,10098052,3471835,3463362,214783,3678145,35040
2023-02-04,Madera,039,155013,46078,45956,8815,54771,377
2023-02-04,Marin,041,260295,48637,48478,5673,54151,317
2023-02-04,Mariposa,043,17540,3344,3330,359,3689,32
2023-02-04,Mendocino,045,87422,16806,16755,4817,21572,142
2023-02-04,Merced,047,269075,76123,75741,12677,88418,903
2023-02-04,Modoc,049,8938,953,951,369,1320,11
2023-02-04,Mono,051,14174,3318,3313,300,3613,8
2023-02-04,Monterey,053,433212,97583,97259,23394,120653,790
2023-02-04,Napa,055,140530,34139,34034,1527,35561,165
2023-02-04,Nevada,057,99092,20064,20012,2286,22298,132
2023-02-04,Orange,059,3164182,705898,704157,77100,781257,7806
2023-02-04,Placer,061,380077,80494,80269,10192,90461,679
2023-02-04,Plumas,063,18699,3818,3814,459,4273,14
2023-02-04,Riverside,065,2383286,731005,729601,41355,770956,6789
2023-02-04,Sacramento,067,1510023,368047,367271,37569,404840,3487
2023-02-04,San Benito,069,59416,17534,17469,1120,18589,115
2023-02-04,San Bernardino,071,2135413,706363,704949,34944,739893,8170
2023-02-04,San Diego,073,3302833,979124,976987,80349,1057336,5728
2023-02-04,San Francisco,075,870044,194030,193361,13248,206609,1152
2023-02-04,San Joaquin,077,732212,208457,208068,16705,224773,2395
2023-02-04,San Luis Obispo,079,281455,66118,65882,8073,73955,549
2023-02-04,San Mateo,081,765935,181312,180691,11308,191999,749
2023-02-04,Santa Barbara,083,443738,111520,111213,7642,118855,758
2023-02-04,Santa Clara,085,1922200,470601,469329,21595,490924,2672
2023-02-04,Santa Cruz,087,273765,67870,67589,3875,71464,277
2023-02-04,Shasta,089,179085,36385,36324,8269,44593,605
2023-02-04,Sierra,091,2930,311,311,61,372,5
2023-02-04,Siskiyou,093,43540,5424,5407,3435,8842,95
2023-02-04,Solano,095,438530,112976,112466,8547,121013,482
2023-02-04,Sonoma,097,501317,112830,112508,5734,118242,544
2023-02-04,Stanislaus,099,539301,144217,143982,22846,166828,1827
2023-02-04,Sutter,101,95872,25578,25528,2539,28067,237
2023-02-04,Tehama,103,63373,14408,14379,3393,17772,222
2023-02-04,Trinity,105,12862,1473,1468,504,1972,24
2023-02-04,Tulare,107,460477,127645,127199,39919,167118,1562
2023-02-04,Tuolumne,109,53932,16778,16709,982,17691,203
2023-02-04,Ventura,111,848112,219907,219465,17982,237447,1659
2023-02-04,Yolo,113,214977,49769,49661,4826,54487,436
2023-02-04,Yuba,115,75493,19920,19907,1854,21761,134
2023-02-03,Alameda,001,1643700,375120,374080,22537,396617,2153
2023-02-03,Alpine,002,1148,139,139,4,143,0
2023-02-03,Amador,005,37829,10502,10469,965,11434,98
2023-02-03,Butte,007,227075,41467,41393,10151,51544,486
2023-02-03,Calaveras,009,45235,8947,8925,638,9563,140
2023-02-03,Colusa,011,21464,3949,3942,1338,5280,22
2023-02-03,Contra Costa,013,1133247,270456,269280,22205,291485,1522
2023-02-03,Del Norte,015,27424,7870,7749,465,8214,58
2023-02-03,El Dorado,017,186661,34372,34310,4524,38834,240
2023-02-03,Fresno,019,978130,292823,291147,34619,325766,2969
2023-02-03,Glenn,021,27897,5764,5754,2003,7757,58
2023-02-03,Humboldt,023,135768,23257,23081,5875,28956,169
2023-02-03,Imperial,025,180216,69552,69391,18724,88115,974
2023-02-03,Inyo,027,18085,4746,4733,1286,6019,63
2023-02-03,Kern,029,883053,228647,228236,71956,300192,2470
2023-02-03,Kings,031,150075,62581,62444,4450,66894,470
2023-02-03,Lake,033,64148,13571,13542,1277,14819,151
2023-02-03,Lassen,035,31185,10244,10232,1063,11295,66
2023-02-03,Los Angeles,037,10098052,3471271,3463362,214657,3678019,35040
2023-02-03,Madera,039,155013,46070,45956,8815,54771,377
2023-02-03,Marin,041,260295,48622,48478,5673,54151,317
2023-02-03,Mariposa,043,17540,3344,3330,359,3689,32
2023-02-03,Mendocino,045,87422,16800,16755,4817,21572,142
2023-02-03,Merced,047,269075,76105,75741,12677,88418,903
2023-02-03,Modoc,049,8938,953,951,369,1320,11
2023-02-03,Mono,051,14174,3318,3313,300,3613,8
2023-02-03,Monterey,053,433212,97552,97259,23379,120638,790
2023-02-03,Napa,055,140530,34126,34034,1527,35561,165
2023-02-03,Nevada,057,99092,20061,20012,2285,22297,132
2023-02-03,Orange,059,3164182,705744,704157,77068,781225,7806
2023-02-03,Placer,061,380077,80471,80269,10189,90458,679
2023-02-03,Plumas,063,18699,3818,3814,459,4273,14
2023-02-03,Riverside,065,2383286,730880,729601,41343,770944,6789
2023-02-03,Sacramento,067,1510023,367969,367271,37562,404833,3487
2023-02-03,San Benito,069,59416,17527,17469,1120,18589,115
2023-02-03,San Bernardino,071,2135413,706251,704949,34924,739873,8170
2023-02-03,San Diego,073,3302833,978943,976987,80324,1057311,5728
2023-02-03,San Francisco,075,870044,193989,193361,13245,206606,1152
2023-02-03,San Joaquin,077,732212,208413,208068,16700,224768,2395
2023-02-03,San Luis Obispo,079,281455,66112,65882,8073,73955,549
2023-02-03,San Mateo,081,765935,181249,180691,11305,191996,749
2023-02-03,Santa Barbara,083,443738,111498,111213,7642,118855,758
2023-02-03,Santa Clara,085,1922200,470475,469329,21589,490918,2672
2023-02-03,Santa Cruz,087,273765,67836,67589,3870,71459,277
2023-02-03,Shasta,089,179085,36382,36324,8269,44593,605
2023-02-03,Sierra,091,2930,311,311,61,372,5
2023-02-03,Siskiyou,093,43540,5423,5407,3435,8842,95
2023-02-03,Solano,095,438530,112959,112466,8547,121013,482
2023-02-03,Sonoma,097,501317,112802,112508,5731,118239,544
2023-02-03,Stanislaus,099,539301,144176,143982,22843,166825,1827
2023-02-03,Sutter,101,95872,25573,25528,2538,28066,237
2023-02-03,Tehama,103,63373,14407,14379,3392,17771,222
2023-02-03,Trinity,105,12862,1473,1468,504,1972,24
2023-02-03,Tulare,107,460477,127620,127199,39905,167104,1562
2023-02-03,Tuolumne,109,53932,16771,16709,982,17691,203
2023-02-03,Ventura,111,848112,219874,219465,17975,237440,1659
2023-02-03,Yolo,113,214977,49760,49661,4825,54486,436
2023-02-03,Yuba,115,75493,19917,19907,1854,21761,134
2023-02-02,Alameda,001,1643700,374943,374080,22526,396606,2153
2023-02-02,Alpine,002,1148,139,139,4,143,0
2023-02-02,Amador,005,37829,10497,10469,963,11432,98
2023-02-02,Butte,007,227075,41458,41393,10142,51535,486
2023-02-02,Calaveras,009,45235,8947,8925,638,9563,140
2023-02-02,Colusa,011,21464,3948,3942,1338,5280,22
2023-02-02,Contra Costa,013,1133247,270350,269280,22200,291480,1522
2023-02-02,Del Norte,015,27424,7863,7749,464,8213,58
2023-02-02,El Dorado,017,186661,34359,34310,4522,38832,240
2023-02-02,Fresno,019,978130,292760,291147,34606,325753,2969
2023-02-02,Glenn,021,27897,5762,5754,2003,7757,58
2023-02-02,Humboldt,023,135768,23243,23081,5867,28948,169
2023-02-02,Imperial,025,180216,69536,69391,18719,88110,974
2023-02-02,Inyo,027,18085,4745,4733,1283,6016,63
2023-02-02,Kern,029,883053,228597,228236,71911,300147,2470
2023-02-02,Kings,031,150075,62559,62444,4448,66892,470
2023-02-02,Lake,033,64148,13568,13542,1276,14818,151
2023-02-02,Lassen,035,31185,10241,10232,1063,11295,66
2023-02-02,Los Angeles,037,10098052,3470482,3463362,214515,3677877,35040
2023-02-02,Madera,039,155013,46059,45956,8814,54770,377
2023-02-02,Marin,041,260295,48598,48478,5669,54147,317
2023-02-02,Mariposa,043,17540,3343,3330,359,3689,32
2023-02-02,Mendocino,045,87422,16796,16755,4816,21571,142
2023-02-02,Merced,047,269075,76084,75741,12677,88418,903
2023-02-02,Modoc,049,8938,953,951,369,1320,11
2023-02-02,Mono,051,14174,3317,3313,300,3613,8
2023-02-02,Monterey,053,433212,97512,97259,23344,120603,790
2023-02-02,Napa,055,140530,34117,34034,1527,35561,165
2023-02-02,Nevada,057,99092,20054,20012,2284,22296,132
2023-02-02,Orange,059,3164182,705566,704157,77009,781166,7806
2023-02-02,Placer,061,380077,80449,80269,10188,90457,679
2023-02-02,Plumas,063,18699,3818,3814,459,4273,14
2023-02-02,Riverside,065,2383286,730755,729601,41322,770923,6789
2023-02-02,Sacramento,067,1510023,367864,367271,37549,404820,3487
2023-02-02,San Benito,069,59416,17520,17469,1117,18586,115
2023-02-02,San Bernardino,071,2135413,706110,704949,34912,739861,8170
2023-02-02,San Diego,073,3302833,978700,976987,80281,1057268,5728
2023-02-02,San Francisco,075,870044,193894,193361,13241,206602,1152
2023-02-02,San Joaquin,077,732212,208354,208068,16695,224763,2395
2023-02-02,San Luis Obispo,079,281455,66077,65882,8067,73949,549
2023-02-02,San Mateo,081,765935,181189,180691,11300,191991,749
2023-02-02,Santa Barbara,083,443738,111458,111213,7636,118849,758
2023-02-02,Santa Clara,085,1922200,470286,469329,21575,490904,2672
2023-02-02,Santa Cruz,087,273765,67810,67589,3866,71455,277
2023-02-02,Shasta,089,179085,36380,36324,8269,44593,605
2023-02-02,Sierra,091,2930,311,311,61,372,5
2023-02-02,Siskiyou,093,43540,5421,5407,3434,8841,95
2023-02-02,Solano,095,438530,112916,112466,8542,121008,482
2023-02-02,Sonoma,097,501317,112765,112508,5728,118236,544
2023-02-02,Stanislaus,099,539301,144142,143982,22826,166808,1827
2023-02-02,Sutter,101,95872,25562,25528,2538,28066,237
2023-02-02,Tehama,103,63373,14405,14379,3392,17771,222
2023-02-02,Trinity,105,12862,1473,1468,504,1972,24
2023-02-02,Tulare,107,460477,127578,127199,39893,167092,1562
2023-02-02,Tuolumne,109,53932,16768,16709,982,17691,203
2023-02-02,Ventura,111,848112,219838,219465,17966,237431,1659
2023-02-02,Yolo,113,214977,49750,49661,4820,54481,436
2023-02-02,Yuba,115,75493,19916,19907,1853,21760,134
2023-02-01,Alameda,001,1643700,374781,374080,22521,396601,2153
2023-02-01,Alpine,002,1148,139,139,4,143,0
2023-02-01,Amador,005,37829,10494,10469,963,11432,98
2023-02-01,Butte,007,227075,41450,41393,10134,51527,486
2023-02-01,Calaveras,009,45235,8941,8925,638,9563,140
2023-02-01,Colusa,011,21464,3948,3942,1337,5279,22
2023-02-01,Contra Costa,013,1133247,270260,269280,22190,291470,1522
2023-02-01,Del Norte,015,27424,7856,7749,462,8211,58
2023-02-01,El Dorado,017,186661,34352,34310,4521,38831,240
2023-02-01,Fresno,019,978130,292694,291147,34591,325738,2969
2023-02-01,Glenn,021,27897,5760,5754,2002,7756,58
2023-02-01,Humboldt,023,135768,23236,23081,5860,28941,169
2023-02-01,Imperial,025,180216,69521,69391,18706,88097,974
2023-02-01,Inyo,027,18085,4744,4733,1279,6012,63
2023-02-01,Kern,029,883053,228535,228236,71843,300079,2470
2023-02-01,Kings,031,150075,62543,62444,4448,66892,470
2023-02-01,Lake,033,64148,13566,13542,1275,14817,151
2023-02-01,Lassen,035,31185,10241,10232,1062,11294,66
2023-02-01,Los Angeles,037,10098052,3469641,3463362,214348,3677710,35040
2023-02-01,Madera,039,155013,46054,45956,8812,54768,377
2023-02-01,Marin,041,260295,48580,48478,5665,54143,317
2023-02-01,Mariposa,043,17540,3343,3330,359,3689,32
2023-02-01,Mendocino,045,87422,16791,16755,4815,21570,142
2023-02-01,Merced,047,269075,76059,75741,12673,88414,903
2023-02-01,Modoc,049,8938,953,951,369,1320,11
2023-02-01,Mono,051,14174,3317,3313,300,3613,8
2023-02-01,Monterey,053,433212,97481,97259,23300,120559,790
2023-02-01,Napa,055,140530,34103,34034,1525,35559,165
2023-02-01,Nevada,057,99092,20050,20012,2284,22296,132
2023-02-01,Orange,059,3164182,705363,704157,76951,781108,7806
2023-02-01,Placer,061,380077,80432,80269,10186,90455,679
2023-02-01,Plumas,063,18699,3818,3814,459,4273,14
2023-02-01,Riverside,065,2383286,730572,729601,41296,770897,6789
2023-02-01,Sacramento,067,1510023,367760,367271,37540,404811,3487
2023-02-01,San Benito,069,59416,17512,17469,1116,18585,115
2023-02-01,San Bernardino,071,2135413,705986,704949,34892,739841,8170
2023-02-01,San Diego,073,3302833,978451,976987,80223,1057210,5728
2023-02-01,San Francisco,075,870044,193810,193361,13236,206597,1152
2023-02-01,San Joaquin,077,732212,208285,208068,16690,224758,2395
2023-02-01,San Luis Obispo,079,281455,66056,65882,8064,73946,549
2023-02-01,San Mateo,081,765935,181093,180691,11294,191985,749
2023-02-01,Santa Barbara,083,443738,111422,111213,7632,118845,758
2023-02-01,Santa Clara,085,1922200,470091,469329,21564,490893,2672
2023-02-01,Santa Cruz,087,273765,67745,67589,3865,71454,277
2023-02-01,Shasta,089,179085,36373,36324,8267,44591,605
2023-02-01,Sierra,091,2930,311,311,61,372,5
2023-02-01,Siskiyou,093,43540,5420,5407,3434,8841,95
2023-02-01,Solano,095,438530,112870,112466,8537,121003,482
2023-02-01,Sonoma,097,501317,112714,112508,5725,118233,544
2023-02-01,Stanislaus,099,539301,144105,143982,22821,166803,1827
2023-02-01,Sutter,101,95872,25558,25528,2538,28066,237
2023-02-01,Tehama,103,63373,14402,14379,3391,17770,222
2023-02-01,Trinity,105,12862,1472,1468,504,1972,24
2023-02-01,Tulare,107,460477,127536,127199,39878,167077,1562
2023-02-01,Tuolumne,109,53932,16765,16709,982,17691,203
2023-02-01,Ventura,111,848112,219788,219465,17954,237419,1659
2023-02-01,Yolo,113,214977,49737,49661,4818,54479,436
2023-02-01,Yuba,115,75493,19913,19907,1849,21756,134
2023-01-31,Alameda,001,1643700,374626,374080,22507,396587,2153
2023-01-31,Alpine,002,1148,139,139,4,143,0
2023-01-31,Amador,005,37829,10491,10469,962,11431,98
2023-01-31,Butte,007,227075,41429,41393,10128,51521,486
2023-01-31,Calaveras,009,45235,8940,8925,638,9563,140
2023-01-31,Colusa,011,21464,3947,3942,1337,5279,22
2023-01-31,Contra Costa,013,1133247,270131,269280,22182,291462,1522
2023-01-31,Del Norte,015,27424,7844,7749,459,8208,58
2023-01-31,El Dorado,017,186661,34344,34310,4517,38827,240
2023-01-31,Fresno,019,978130,292613,291147,34570,325717,2969
2023-01-31,Glenn,021,27897,5758,5754,2001,7755,58
2023-01-31,Humboldt,023,135768,23226,23081,5857,28938,169
2023-01-31,Imperial,025,180216,69495,69391,18699,88090,974
2023-01-31,Inyo,027,18085,4742,4733,1275,6008,63
2023-01-31,Kern,029,883053,228498,228236,71765,300001,2470
2023-01-31,Kings,031,150075,62520,62444,4445,66889,470
2023-01-31,Lake,033,64148,13563,13542,1274,14816,151
2023-01-31,Lassen,035,31185,10241,10232,1062,11294,66
2023-01-31,Los Angeles,037,10098052,3468749,3463362,214145,3677507,35040
2023-01-31,Madera,039,155013,46046,45956,8809,54765,377
2023-01-31,Marin,041,260295,48561,48478,5663,54141,317
2023-01-31,Mariposa,043,17540,3342,3330,359,3689,32
2023-01-31,Mendocino,045,87422,16787,16755,4815,21570,142
2023-01-31,Merced,047,269075,76031,75741,12671,88412,903
2023-01-31,Modoc,049,8938,953,951,368,1319,11
2023-01-31,Mono,051,14174,3316,3313,300,3613,8
2023-01-31,Monterey,053,433212,97442,97259,23256,120515,790
2023-01-31,Napa,055,140530,34083,34034,1525,35559,165
2023-01-31,Nevada,057,99092,20046,20012,2281,22293,132
2023-01-31,Orange,059,3164182,705175,704157,76880,781037,7806
2023-01-31,Placer,061,380077,80406,80269,10183,90452,679
2023-01-31,Plumas,063,18699,3817,3814,459,4273,14
2023-01-31,Riverside,065,2383286,730406,729601,41258,770859,6789
2023-01-31,Sacramento,067,1510023,367662,367271,37518,404789,3487
2023-01-31,San Benito,069,59416,17506,17469,1116,18585,115
2023-01-31,San Bernardino,071,2135413,705789,704949,34869,739818,8170
2023-01-31,San Diego,073,3302833,978144,976987,80161,1057148,5728
2023-01-31,San Francisco,075,870044,193708,193361,13233,206594,1152
2023-01-31,San Joaquin,077,732212,208223,208068,16686,224754,2395
2023-01-31,San Luis Obispo,079,281455,66027,65882,8062,73944,549
2023-01-31,San Mateo,081,765935,181030,180691,11290,191981,749
2023-01-31,Santa Barbara,083,443738,111380,111213,7622,118835,758
2023-01-31,Santa Clara,085,1922200,469883,469329,21541,490870,2672
2023-01-31,Santa Cruz,087,273765,67714,67589,3863,71452,277
2023-01-31,Shasta,089,179085,36370,36324,8264,44588,605
2023-01-31,Sierra,091,2930,311,311,61,372,5
2023-01-31,Siskiyou,093,43540,5419,5407,3433,8840,95
2023-01-31,Solano,095,438530,112828,112466,8532,120998,482
2023-01-31,Sonoma,097,501317,112675,112508,5722,118230,544
2023-01-31,Stanislaus,099,539301,144061,143982,22812,166794,1827
2023-01-31,Sutter,101,95872,25549,25528,2538,28066,237
2023-01-31,Tehama,103,63373,14401,14379,3389,17768,222
2023-01-31,Trinity,105,12862,1472,1468,503,1971,24
2023-01-31,Tulare,107,460477,127488,127199,39852,167051,1562
2023-01-31,Tuolumne,109,53932,16754,16709,982,17691,203
2023-01-31,Ventura,111,848112,219733,219465,17952,237417,1659
2023-01-31,Yolo,113,214977,49726,49661,4815,54476,436
2023-01-31,Yuba,115,75493,19910,19907,1849,21756,134
2023-01-30,Alameda,001,1643700,374472,373183,22483,395666,2138
2023-01-30,Alpine,002,1148,139,139,4,143,0
2023-01-30,Amador,005,37829,10482,10443,962,11405,98
2023-01-30,Butte,007,227075,41422,41340,10124,51464,486
2023-01-30,Calaveras,009,45235,8937,8906,636,9542,140
2023-01-30,Colusa,011,21464,3946,3936,1337,5273,22
2023-01-30,Contra Costa,013,1133247,270023,268472,22177,290649,1521
2023-01-30,Del Norte,015,27424,7834,7725,456,8181,57
2023-01-30,El Dorado,017,186661,34334,34271,4513,38784,238
2023-01-30,Fresno,019,978130,292537,290101,34544,324645,2962
2023-01-30,Glenn,021,27897,5757,5752,2001,7753,58
2023-01-30,Humboldt,023,135768,23218,23039,5855,28894,167
2023-01-30,Imperial,025,180216,69481,69274,18684,87958,973
2023-01-30,Inyo,027,18085,4740,4722,1273,5995,63
2023-01-30,Kern,029,883053,228443,227749,71697,299446,2467
2023-01-30,Kings,031,150075,62496,62312,4438,66750,471
2023-01-30,Lake,033,64148,13561,13502,1273,14775,149
2023-01-30,Lassen,035,31185,10241,10225,1062,11287,67
2023-01-30,Los Angeles,037,10098052,3467703,3457684,213937,3671621,34926
2023-01-30,Madera,039,155013,46038,45883,8808,54691,377
2023-01-30,Marin,041,260295,48536,48374,5661,54035,317
2023-01-30,Mariposa,043,17540,3342,3305,359,3664,32
2023-01-30,Mendocino,045,87422,16780,16728,4814,21542,139
2023-01-30,Merced,047,269075,76006,75565,12665,88230,897
2023-01-30,Modoc,049,8938,952,951,368,1319,11
2023-01-30,Mono,051,14174,3314,3311,300,3611,8
2023-01-30,Monterey,053,433212,97414,97118,23224,120342,789
2023-01-30,Napa,055,140530,34068,33957,1522,35479,164
2023-01-30,Nevada,057,99092,20042,19981,2279,22260,132
2023-01-30,Orange,059,3164182,704975,702777,76822,779599,7781
2023-01-30,Placer,061,380077,80376,80107,10179,90286,679
2023-01-30,Plumas,063,18699,3817,3811,459,4270,13
2023-01-30,Riverside,065,2383286,730213,728514,41226,769740,6788
2023-01-30,Sacramento,067,1510023,367549,366562,37502,404064,3472
2023-01-30,San Benito,069,59416,17500,17434,1112,18546,115
2023-01-30,San Bernardino,071,2135413,705636,703892,34840,738732,8163
2023-01-30,San Diego,073,3302833,977801,974936,80086,1055022,5716
2023-01-30,San Francisco,075,870044,193623,192738,13219,205957,1152
2023-01-30,San Joaquin,077,732212,208172,207738,16680,224418,2391
2023-01-30,San Luis Obispo,079,281455,66009,65721,8056,73777,549
2023-01-30,San Mateo,081,765935,180949,180043,11286,191329,749
2023-01-30,Santa Barbara,083,443738,111348,110976,7616,118592,755
2023-01-30,Santa Clara,085,1922200,469672,467820,21535,489355,2655
2023-01-30,Santa Cruz,087,273765,67697,67454,3859,71313,276
2023-01-30,Shasta,089,179085,36364,36311,8260,44571,605
2023-01-30,Sierra,091,2930,311,311,61,372,5
2023-01-30,Siskiyou,093,43540,5416,5406,3431,8837,95
2023-01-30,Solano,095,438530,112787,112210,8526,120736,482
2023-01-30,Sonoma,097,501317,112634,112332,5720,118052,541
2023-01-30,Stanislaus,099,539301,144021,143769,22809,166578,1816
2023-01-30,Sutter,101,95872,25546,25478,2538,28016,237
2023-01-30,Tehama,103,63373,14397,14356,3389,17745,222
2023-01-30,Trinity,105,12862,1472,1459,503,1962,23
2023-01-30,Tulare,107,460477,127451,126918,39819,166737,1559
2023-01-30,Tuolumne,109,53932,16747,16639,981,17620,203
2023-01-30,Ventura,111,848112,219684,219015,17941,236956,1650
2023-01-30,Yolo,113,214977,49718,49563,4809,54372,435
2023-01-30,Yuba,115,75493,19909,19871,1848,21719,134
2023-01-29,Alameda,001,1643700,374320,373183,22469,395652,2138
2023-01-29,Alpine,002,1148,139,139,4,143,0
2023-01-29,Amador,005,37829,10478,10443,962,11405,98
2023-01-29,Butte,007,227075,41411,41340,10117,51457,486
2023-01-29,Calaveras,009,45235,8934,8906,636,9542,140
2023-01-29,Colusa,011,21464,3943,3936,1336,5272,22
2023-01-29,Contra Costa,013,1133247,269900,268472,22169,290641,1521
2023-01-29,Del Norte,015,27424,7824,7725,456,8181,57
2023-01-29,El Dorado,017,186661,34324,34271,4511,38782,238
2023-01-29,Fresno,019,978130,292463,290101,34518,324619,2962
2023-01-29,Glenn,021,27897,5757,5752,2001,7753,58
2023-01-29,Humboldt,023,135768,23213,23039,5845,28884,167
2023-01-29,Imperial,025,180216,69459,69274,18668,87942,973
2023-01-29,Inyo,027,18085,4737,4722,1273,5995,63
2023-01-29,Kern,029,883053,228384,227749,71639,299388,2467
2023-01-29,Kings,031,150075,62469,62312,4425,66737,471
2023-01-29,Lake,033,64148,13556,13502,1272,14774,149
2023-01-29,Lassen,035,31185,10241,10225,1062,11287,67
2023-01-29,Los Angeles,037,10098052,3466566,3457684,213747,3671431,34926
2023-01-29,Madera,039,155013,46031,45883,8806,54689,377
2023-01-29,Marin,041,260295,48518,48374,5659,54033,317
2023-01-29,Mariposa,043,17540,3341,3305,359,3664,32
2023-01-29,Mendocino,045,87422,16774,16728,4805,21533,139
2023-01-29,Merced,047,269075,75981,75565,12655,88220,897
2023-01-29,Modoc,049,8938,952,951,368,1319,11
2023-01-29,Mono,051,14174,3313,3311,300,3611,8
2023-01-29,Monterey,053,433212,97389,97118,23177,120295,789
2023-01-29,Napa,055,140530,34050,33957,1522,35479,164
2023-01-29,Nevada,057,99092,20038,19981,2277,22258,132
2023-01-29,Orange,059,3164182,704751,702777,76755,779532,7781
2023-01-29,Placer,061,380077,80347,80107,10174,90281,679
2023-01-29,Plumas,063,18699,3817,3811,459,4270,13
2023-01-29,Riverside,065,2383286,730002,728514,41184,769698,6788
2023-01-29,Sacramento,067,1510023,367435,366562,37470,404032,3472
2023-01-29,San Benito,069,59416,17493,17434,1112,18546,115
2023-01-29,San Bernardino,071,2135413,705462,703892,34814,738706,8163
2023-01-29,San Diego,073,3302833,977454,974936,80025,1054961,5716
2023-01-29,San Francisco,075,870044,193532,192738,13211,205949,1152
2023-01-29,San Joaquin,077,732212,208108,207738,16672,224410,2391
2023-01-29,San Luis Obispo,079,281455,65978,65721,8055,73776,549
2023-01-29,San Mateo,081,765935,180873,180043,11283,191326,749
2023-01-29,Santa Barbara,083,443738,111310,110976,7608,118584,755
2023-01-29,Santa Clara,085,1922200,469467,467820,21520,489340,2655
2023-01-29,Santa Cruz,087,273765,67667,67454,3857,71311,276
2023-01-29,Shasta,089,179085,36362,36311,8259,44570,605
2023-01-29,Sierra,091,2930,311,311,61,372,5
2023-01-29,Siskiyou,093,43540,5413,5406,3427,8833,95
2023-01-29,Solano,095,438530,112740,112210,8523,120733,482
2023-01-29,Sonoma,097,501317,112615,112332,5715,118047,541
2023-01-29,Stanislaus,099,539301,143980,143769,22795,166564,1816
2023-01-29,Sutter,101,95872,25536,25478,2535,28013,237
2023-01-29,Tehama,103,63373,14396,14356,3388,17744,222
2023-01-29,Trinity,105,12862,1465,1459,503,1962,23
2023-01-29,Tulare,107,460477,127400,126918,39777,166695,1559
2023-01-29,Tuolumne,109,53932,16744,16639,981,17620,203
2023-01-29,Ventura,111,848112,219621,219015,17929,236944,1650
2023-01-29,Yolo,113,214977,49700,49563,4807,54370,435
2023-01-29,Yuba,115,75493,19905,19871,1846,21717,134
2023-01-28,Alameda,001,1643700,374246,373183,22457,395640,2138
2023-01-28,Alpine,002,1148,139,139,4,143,0
2023-01-28,Amador,005,37829,10477,10443,962,11405,98
2023-01-28,Butte,007,227075,41404,41340,10112,51452,486
2023-01-28,Calaveras,009,45235,8931,8906,636,9542,140
2023-01-28,Colusa,011,21464,3943,3936,1336,5272,22
2023-01-28,Contra Costa,013,1133247,269836,268472,22166,290638,1521
2023-01-28,Del Norte,015,27424,7823,7725,456,8181,57
2023-01-28,El Dorado,017,186661,34318,34271,4511,38782,238
2023-01-28,Fresno,019,978130,292421,290101,34511,324612,2962
2023-01-28,Glenn,021,27897,5756,5752,2001,7753,58
2023-01-28,Humboldt,023,135768,23212,23039,5843,28882,167
2023-01-28,Imperial,025,180216,69448,69274,18666,87940,973
2023-01-28,Inyo,027,18085,4737,4722,1272,5994,63
2023-01-28,Kern,029,883053,228356,227749,71604,299353,2467
2023-01-28,Kings,031,150075,62456,62312,4425,66737,471
2023-01-28,Lake,033,64148,13554,13502,1271,14773,149
2023-01-28,Lassen,035,31185,10241,10225,1062,11287,67
2023-01-28,Los Angeles,037,10098052,3465955,3457684,213648,3671332,34926
2023-01-28,Madera,039,155013,46024,45883,8805,54688,377
2023-01-28,Marin,041,260295,48509,48374,5658,54032,317
2023-01-28,Mariposa,043,17540,3341,3305,359,3664,32
2023-01-28,Mendocino,045,87422,16772,16728,4804,21532,139
2023-01-28,Merced,047,269075,75967,75565,12655,88220,897
2023-01-28,Modoc,049,8938,952,951,368,1319,11
2023-01-28,Mono,051,14174,3313,3311,300,3611,8
2023-01-28,Monterey,053,433212,97365,97118,23161,120279,789
2023-01-28,Napa,055,140530,34047,33957,1522,35479,164
2023-01-28,Nevada,057,99092,20036,19981,2271,22252,132
2023-01-28,Orange,059,3164182,704653,702777,76700,779477,7781
2023-01-28,Placer,061,380077,80323,80107,10173,90280,679
2023-01-28,Plumas,063,18699,3817,3811,459,4270,13
2023-01-28,Riverside,065,2383286,729882,728514,41159,769673,6788
2023-01-28,Sacramento,067,1510023,367377,366562,37461,404023,3472
2023-01-28,San Benito,069,59416,17490,17434,1111,18545,115
2023-01-28,San Bernardino,071,2135413,705372,703892,34805,738697,8163
2023-01-28,San Diego,073,3302833,977328,974936,80005,1054941,5716
2023-01-28,San Francisco,075,870044,193480,192738,13210,205948,1152
2023-01-28,San Joaquin,077,732212,208077,207738,16671,224409,2391
2023-01-28,San Luis Obispo,079,281455,65967,65721,8054,73775,549
2023-01-28,San Mateo,081,765935,180836,180043,11277,191320,749
2023-01-28,Santa Barbara,083,443738,111285,110976,7602,118578,755
2023-01-28,Santa Clara,085,1922200,469341,467820,21514,489334,2655
2023-01-28,Santa Cruz,087,273765,67657,67454,3856,71310,276
2023-01-28,Shasta,089,179085,36361,36311,8258,44569,605
2023-01-28,Sierra,091,2930,311,311,61,372,5
2023-01-28,Siskiyou,093,43540,5412,5406,3427,8833,95
2023-01-28,Solano,095,438530,112718,112210,8521,120731,482
2023-01-28,Sonoma,097,501317,112596,112332,5714,118046,541
2023-01-28,Stanislaus,099,539301,143955,143769,22791,166560,1816
2023-01-28,Sutter,101,95872,25533,25478,2535,28013,237
2023-01-28,Tehama,103,63373,14395,14356,3388,17744,222
2023-01-28,Trinity,105,12862,1465,1459,503,1962,23
2023-01-28,Tulare,107,460477,127378,126918,39759,166677,1559
2023-01-28,Tuolumne,109,53932,16740,16639,981,17620,203
2023-01-28,Ventura,111,848112,219581,219015,17922,236937,1650
2023-01-28,Yolo,113,214977,49694,49563,4804,54367,435
2023-01-28,Yuba,115,75493,19902,19871,1846,21717,134
2023-01-27,Alameda,001,1643700,374157,373183,22450,395633,2138
2023-01-27,Alpine,002,1148,139,139,4,143,0
2023-01-27,Amador,005,37829,10476,10443,962,11405,98
2023-01-27,Butte,007,227075,41400,41340,10110,51450,486
2023-01-27,Calaveras,009,45235,8929,8906,636,9542,140
2023-01-27,Colusa,011,21464,3943,3936,1336,5272,22
2023-01-27,Contra Costa,013,1133247,269771,268472,22163,290635,1521
2023-01-27,Del Norte,015,27424,7822,7725,455,8180,57
2023-01-27,El Dorado,017,186661,34309,34271,4509,38780,238
2023-01-27,Fresno,019,978130,292382,290101,34506,324607,2962
2023-01-27,Glenn,021,27897,5756,5752,2001,7753,58
2023-01-27,Humboldt,023,135768,23206,23039,5839,28878,167
2023-01-27,Imperial,025,180216,69443,69274,18666,87940,973
2023-01-27,Inyo,027,18085,4737,4722,1271,5993,63
2023-01-27,Kern,029,883053,228330,227749,71583,299332,2467
2023-01-27,Kings,031,150075,62446,62312,4425,66737,471
2023-01-27,Lake,033,64148,13553,13502,1271,14773,149
2023-01-27,Lassen,035,31185,10241,10225,1062,11287,67
2023-01-27,Los Angeles,037,10098052,3465378,3457684,213521,3671205,34926
2023-01-27,Madera,039,155013,46018,45883,8804,54687,377
2023-01-27,Marin,041,260295,48493,48374,5657,54031,317
2023-01-27,Mariposa,043,17540,3341,3305,359,3664,32
2023-01-27,Mendocino,045,87422,16770,16728,4804,21532,139
2023-01-27,Merced,047,269075,75947,75565,12654,88219,897
2023-01-27,Modoc,049,8938,952,951,368,1319,11
2023-01-27,Mono,051,14174,3313,3311,300,3611,8
2023-01-27,Monterey,053,433212,97336,97118,23144,120262,789
2023-01-27,Napa,055,140530,34037,33957,1522,35479,164
2023-01-27,Nevada,057,99092,20031,19981,2267,22248,132
2023-01-27,Orange,059,3164182,704539,702777,76665,779442,7781
2023-01-27,Placer,061,380077,80314,80107,10171,90278,679
2023-01-27,Plumas,063,18699,3816,3811,459,4270,13
2023-01-27,Riverside,065,2383286,729776,728514,41140,769654,6788
2023-01-27,Sacramento,067,1510023,367304,366562,37457,404019,3472
2023-01-27,San Benito,069,59416,17488,17434,1111,18545,115
2023-01-27,San Bernardino,071,2135413,705268,703892,34795,738687,8163
2023-01-27,San Diego,073,3302833,977150,974936,79980,1054916,5716
2023-01-27,San Francisco,075,870044,193433,192738,13203,205941,1152
2023-01-27,San Joaquin,077,732212,208051,207738,16668,224406,2391
2023-01-27,San Luis Obispo,079,281455,65953,65721,8049,73770,549
2023-01-27,San Mateo,081,765935,180805,180043,11273,191316,749
2023-01-27,Santa Barbara,083,443738,111266,110976,7601,118577,755
2023-01-27,Santa Clara,085,1922200,469208,467820,21509,489329,2655
2023-01-27,Santa Cruz,087,273765,67625,67454,3852,71306,276
2023-01-27,Shasta,089,179085,36360,36311,8257,44568,605
2023-01-27,Sierra,091,2930,311,311,61,372,5
2023-01-27,Siskiyou,093,43540,5412,5406,3427,8833,95
2023-01-27,Solano,095,438530,112690,112210,8521,120731,482
2023-01-27,Sonoma,097,501317,112577,112332,5711,118043,541
2023-01-27,Stanislaus,099,539301,143932,143769,22790,166559,1816
2023-01-27,Sutter,101,95872,25527,25478,2535,28013,237
2023-01-27,Tehama,103,63373,14394,14356,3386,17742,222
2023-01-27,Trinity,105,12862,1465,1459,503,1962,23
2023-01-27,Tulare,107,460477,127351,126918,39740,166658,1559
2023-01-27,Tuolumne,109,53932,16732,16639,981,17620,203
2023-01-27,Ventura,111,848112,219548,219015,17920,236935,1650
2023-01-27,Yolo,113,214977,49685,49563,4801,54364,435
2023-01-27,Yuba,115,75493,19896,19871,1845,21716,134
2023-01-26,Alameda,001,1643700,374009,373183,22438,395621,2138
2023-01-26,Alpine,002,1148,139,139,4,143,0
2023-01-26,Amador,005,37829,10475,10443,962,11405,98
2023-01-26,Butte,007,227075,41393,41340,10105,51445,486
2023-01-26,Calaveras,009,45235,8927,8906,636,9542,140
2023-01-26,Colusa,011,21464,3942,3936,1336,5272,22
2023-01-26,Contra Costa,013,1133247,269680,268472,22155,290627,1521
2023-01-26,Del Norte,015,27424,7818,7725,451,8176,57
2023-01-26,El Dorado,017,186661,34302,34271,4509,38780,238
2023-01-26,Fresno,019,978130,292312,290101,34484,324585,2962
2023-01-26,Glenn,021,27897,5756,5752,2000,7752,58
2023-01-26,Humboldt,023,135768,23202,23039,5833,28872,167
2023-01-26,Imperial,025,180216,69430,69274,18660,87934,973
2023-01-26,Inyo,027,18085,4734,4722,1270,5992,63
2023-01-26,Kern,029,883053,228290,227749,71544,299293,2467
2023-01-26,Kings,031,150075,62424,62312,4420,66732,471
2023-01-26,Lake,033,64148,13550,13502,1271,14773,149
2023-01-26,Lassen,035,31185,10240,10225,1062,11287,67
2023-01-26,Los Angeles,037,10098052,3464541,3457684,213346,3671030,34926
2023-01-26,Madera,039,155013,46014,45883,8803,54686,377
2023-01-26,Marin,041,260295,48483,48374,5656,54030,317
2023-01-26,Mariposa,043,17540,3341,3305,359,3664,32
2023-01-26,Mendocino,045,87422,16766,16728,4800,21528,139
2023-01-26,Merced,047,269075,75923,75565,12651,88216,897
2023-01-26,Modoc,049,8938,952,951,368,1319,11
2023-01-26,Mono,051,14174,3313,3311,300,3611,8
2023-01-26,Monterey,053,433212,97313,97118,23114,120232,789
2023-01-26,Napa,055,140530,34026,33957,1522,35479,164
2023-01-26,Nevada,057,99092,20030,19981,2258,22239,132
2023-01-26,Orange,059,3164182,704382,702777,76617,779394,7781
2023-01-26,Placer,061,380077,80284,80107,10165,90272,679
2023-01-26,Plumas,063,18699,3816,3811,459,4270,13
2023-01-26,Riverside,065,2383286,729641,728514,41113,769627,6788
2023-01-26,Sacramento,067,1510023,367203,366562,37436,403998,3472
2023-01-26,San Benito,069,59416,17487,17434,1111,18545,115
2023-01-26,San Bernardino,071,2135413,705123,703892,34768,738660,8163
2023-01-26,San Diego,073,3302833,976880,974936,79941,1054877,5716
2023-01-26,San Francisco,075,870044,193355,192738,13198,205936,1152
2023-01-26,San Joaquin,077,732212,208004,207738,16665,224403,2391
2023-01-26,San Luis Obispo,079,281455,65934,65721,8046,73767,549
2023-01-26,San Mateo,081,765935,180733,180043,11269,191312,749
2023-01-26,Santa Barbara,083,443738,111234,110976,7596,118572,755
2023-01-26,Santa Clara,085,1922200,469025,467820,21502,489322,2655
2023-01-26,Santa Cruz,087,273765,67614,67454,3846,71300,276
2023-01-26,Shasta,089,179085,36356,36311,8255,44566,605
2023-01-26,Sierra,091,2930,311,311,61,372,5
2023-01-26,Siskiyou,093,43540,5412,5406,3425,8831,95
2023-01-26,Solano,095,438530,112658,112210,8517,120727,482
2023-01-26,Sonoma,097,501317,112537,112332,5708,118040,541
2023-01-26,Stanislaus,099,539301,143898,143769,22784,166553,1816
2023-01-26,Sutter,101,95872,25524,25478,2535,28013,237
2023-01-26,Tehama,103,63373,14394,14356,3385,17741,222
2023-01-26,Trinity,105,12862,1465,1459,503,1962,23
2023-01-26,Tulare,107,460477,127318,126918,39707,166625,1559
2023-01-26,Tuolumne,109,53932,16721,16639,981,17620,203
2023-01-26,Ventura,111,848112,219508,219015,17910,236925,1650
2023-01-26,Yolo,113,214977,49671,49563,4799,54362,435
2023-01-26,Yuba,115,75493,19894,19871,1842,21713,134
2023-01-25,Alameda,001,1643700,373877,373183,22428,395611,2138
2023-01-25,Alpine,002,1148,139,139,4,143,0
2023-01-25,Amador,005,37829,10470,10443,961,11404,98
2023-01-25,Butte,007,227075,41385,41340,10099,51439,486
2023-01-25,Calaveras,009,45235,8927,8906,636,9542,140
2023-01-25,Colusa,011,21464,3942,3936,1336,5272,22
2023-01-25,Contra Costa,013,1133247,269575,268472,22150,290622,1521
2023-01-25,Del Norte,015,27424,7813,7725,451,8176,57
2023-01-25,El Dorado,017,186661,34294,34271,4508,38779,238
2023-01-25,Fresno,019,978130,292243,290101,34466,324567,2962
2023-01-25,Glenn,021,27897,5756,5752,2000,7752,58
2023-01-25,Humboldt,023,135768,23198,23039,5831,28870,167
2023-01-25,Imperial,025,180216,69416,69274,18655,87929,973
2023-01-25,Inyo,027,18085,4733,4722,1268,5990,63
2023-01-25,Kern,029,883053,228239,227749,71499,299248,2467
2023-01-25,Kings,031,150075,62405,62312,4409,66721,471
2023-01-25,Lake,033,64148,13547,13502,1271,14773,149
2023-01-25,Lassen,035,31185,10240,10225,1062,11287,67
2023-01-25,Los Angeles,037,10098052,3463770,3457684,213192,3670876,34926
2023-01-25,Madera,039,155013,46007,45883,8802,54685,377
2023-01-25,Marin,041,260295,48466,48374,5655,54029,317
2023-01-25,Mariposa,043,17540,3341,3305,359,3664,32
2023-01-25,Mendocino,045,87422,16762,16728,4797,21525,139
2023-01-25,Merced,047,269075,75909,75565,12646,88211,897
2023-01-25,Modoc,049,8938,952,951,368,1319,11
2023-01-25,Mono,051,14174,3313,3311,300,3611,8
2023-01-25,Monterey,053,433212,97297,97118,23091,120209,789
2023-01-25,Napa,055,140530,34014,33957,1522,35479,164
2023-01-25,Nevada,057,99092,20026,19981,2258,22239,132
2023-01-25,Orange,059,3164182,704186,702777,76546,779323,7781
2023-01-25,Placer,061,380077,80258,80107,10163,90270,679
2023-01-25,Plumas,063,18699,3816,3811,459,4270,13
2023-01-25,Riverside,065,2383286,729486,728514,41083,769597,6788
2023-01-25,Sacramento,067,1510023,367117,366562,37420,403982,3472
2023-01-25,San Benito,069,59416,17478,17434,1111,18545,115
2023-01-25,San Bernardino,071,2135413,705015,703892,34758,738650,8163
2023-01-25,San Diego,073,3302833,976587,974936,79896,1054832,5716
2023-01-25,San Francisco,075,870044,193294,192738,13195,205933,1152
2023-01-25,San Joaquin,077,732212,207961,207738,16655,224393,2391
2023-01-25,San Luis Obispo,079,281455,65915,65721,8042,73763,549
2023-01-25,San Mateo,081,765935,180655,180043,11266,191309,749
2023-01-25,Santa Barbara,083,443738,111205,110976,7586,118562,755
2023-01-25,Santa Clara,085,1922200,468854,467820,21495,489315,2655
2023-01-25,Santa Cruz,087,273765,67599,67454,3843,71297,276
2023-01-25,Shasta,089,179085,36355,36311,8253,44564,605
2023-01-25,Sierra,091,2930,311,311,61,372,5
2023-01-25,Siskiyou,093,43540,5412,5406,3425,8831,95
2023-01-25,Solano,095,438530,112625,112210,8512,120722,482
2023-01-25,Sonoma,097,501317,112519,112332,5705,118037,541
2023-01-25,Stanislaus,099,539301,143864,143769,22777,166546,1816
2023-01-25,Sutter,101,95872,25520,25478,2535,28013,237
2023-01-25,Tehama,103,63373,14394,14356,3385,17741,222
2023-01-25,Trinity,105,12862,1465,1459,503,1962,23
2023-01-25,Tulare,107,460477,127280,126918,39683,166601,1559
2023-01-25,Tuolumne,109,53932,16716,16639,981,17620,203
2023-01-25,Ventura,111,848112,219455,219015,17904,236919,1650
2023-01-25,Yolo,113,214977,49661,49563,4798,54361,435
2023-01-25,Yuba,115,75493,19891,19871,1840,21711,134
2023-01-24,Alameda,001,1643700,373763,373183,22424,395607,2138
2023-01-24,Alpine,002,1148,139,139,4,143,0
2023-01-24,Amador,005,37829,10463,10443,961,11404,98
2023-01-24,Butte,007,227075,41378,41340,10096,51436,486
2023-01-24,Calaveras,009,45235,8924,8906,636,9542,140
2023-01-24,Colusa,011,21464,3940,3936,1336,5272,22
2023-01-24,Contra Costa,013,1133247,269471,268472,22132,290604,1521
2023-01-24,Del Norte,015,27424,7807,7725,451,8176,57
2023-01-24,El Dorado,017,186661,34287,34271,4508,38779,238
2023-01-24,Fresno,019,978130,292170,290101,34452,324553,2962
2023-01-24,Glenn,021,27897,5755,5752,2000,7752,58
2023-01-24,Humboldt,023,135768,23192,23039,5830,28869,167
2023-01-24,Imperial,025,180216,69404,69274,18649,87923,973
2023-01-24,Inyo,027,18085,4731,4722,1266,5988,63
2023-01-24,Kern,029,883053,228195,227749,71463,299212,2467
2023-01-24,Kings,031,150075,62390,62312,4399,66711,471
2023-01-24,Lake,033,64148,13542,13502,1270,14772,149
2023-01-24,Lassen,035,31185,10238,10225,1061,11286,67
2023-01-24,Los Angeles,037,10098052,3462900,3457684,213028,3670712,34926
2023-01-24,Madera,039,155013,45998,45883,8801,54684,377
2023-01-24,Marin,041,260295,48452,48374,5654,54028,317
2023-01-24,Mariposa,043,17540,3340,3305,359,3664,32
2023-01-24,Mendocino,045,87422,16757,16728,4797,21525,139
2023-01-24,Merced,047,269075,75890,75565,12643,88208,897
2023-01-24,Modoc,049,8938,952,951,367,1318,11
2023-01-24,Mono,051,14174,3313,3311,300,3611,8
2023-01-24,Monterey,053,433212,97277,97118,23067,120185,789
2023-01-24,Napa,055,140530,34003,33957,1522,35479,164
2023-01-24,Nevada,057,99092,20021,19981,2255,22236,132
2023-01-24,Orange,059,3164182,703993,702777,76491,779268,7781
2023-01-24,Placer,061,380077,80226,80107,10161,90268,679
2023-01-24,Plumas,063,18699,3816,3811,459,4270,13
2023-01-24,Riverside,065,2383286,729311,728514,41056,769570,6788
2023-01-24,Sacramento,067,1510023,367000,366562,37398,403960,3472
2023-01-24,San Benito,069,59416,17476,17434,1110,18544,115
2023-01-24,San Bernardino,071,2135413,704869,703892,34735,738627,8163
2023-01-24,San Diego,073,3302833,976273,974936,79848,1054784,5716
2023-01-24,San Francisco,075,870044,193219,192738,13185,205923,1152
2023-01-24,San Joaquin,077,732212,207918,207738,16620,224358,2391
2023-01-24,San Luis Obispo,079,281455,65891,65721,8035,73756,549
2023-01-24,San Mateo,081,765935,180596,180043,11260,191303,749
2023-01-24,Santa Barbara,083,443738,111163,110976,7575,118551,755
2023-01-24,Santa Clara,085,1922200,468682,467820,21479,489299,2655
2023-01-24,Santa Cruz,087,273765,67575,67454,3838,71292,276
2023-01-24,Shasta,089,179085,36353,36311,8252,44563,605
2023-01-24,Sierra,091,2930,311,311,61,372,5
2023-01-24,Siskiyou,093,43540,5412,5406,3424,8830,95
2023-01-24,Solano,095,438530,112591,112210,8508,120718,482
2023-01-24,Sonoma,097,501317,112498,112332,5703,118035,541
2023-01-24,Stanislaus,099,539301,143827,143769,22764,166533,1816
2023-01-24,Sutter,101,95872,25513,25478,2535,28013,237
2023-01-24,Tehama,103,63373,14392,14356,3382,17738,222
2023-01-24,Trinity,105,12862,1465,1459,503,1962,23
2023-01-24,Tulare,107,460477,127223,126918,39655,166573,1559
2023-01-24,Tuolumne,109,53932,16711,16639,981,17620,203
2023-01-24,Ventura,111,848112,219391,219015,17898,236913,1650
2023-01-24,Yolo,113,214977,49647,49563,4796,54359,435
2023-01-24,Yuba,115,75493,19882,19871,1840,21711,134
2023-01-23,Alameda,001,1643700,373639,372424,22410,394834,2125
2023-01-23,Alpine,002,1148,139,139,4,143,0
2023-01-23,Amador,005,37829,10458,10401,961,11362,97
2023-01-23,Butte,007,227075,41367,41293,10094,51387,481
2023-01-23,Calaveras,009,45235,8922,8893,636,9529,139
2023-01-23,Colusa,011,21464,3939,3925,1336,5261,22
2023-01-23,Contra Costa,013,1133247,269376,267942,22124,290066,1518
2023-01-23,Del Norte,015,27424,7803,7708,450,8158,57
2023-01-23,El Dorado,017,186661,34274,34211,4507,38718,237
2023-01-23,Fresno,019,978130,292092,288834,34430,323264,2952
2023-01-23,Glenn,021,27897,5755,5749,1998,7747,58
2023-01-23,Humboldt,023,135768,23189,23013,5827,28840,167
2023-01-23,Imperial,025,180216,69378,69148,18641,87789,969
2023-01-23,Inyo,027,18085,4730,4717,1264,5981,62
2023-01-23,Kern,029,883053,228142,227433,71406,298839,2461
2023-01-23,Kings,031,150075,62360,62192,4398,66590,470
2023-01-23,Lake,033,64148,13535,13471,1270,14741,149
2023-01-23,Lassen,035,31185,10237,10219,1061,11280,66
2023-01-23,Los Angeles,037,10098052,3461931,3451542,212882,3664424,34790
2023-01-23,Madera,039,155013,45990,45839,8799,54638,377
2023-01-23,Marin,041,260295,48439,48236,5650,53886,317
2023-01-23,Mariposa,043,17540,3337,3290,359,3649,32
2023-01-23,Mendocino,045,87422,16756,16706,4792,21498,139
2023-01-23,Merced,047,269075,75871,75414,12639,88053,883
2023-01-23,Modoc,049,8938,952,950,367,1317,11
2023-01-23,Mono,051,14174,3312,3304,298,3602,8
2023-01-23,Monterey,053,433212,97259,96993,23031,120024,784
2023-01-23,Napa,055,140530,33996,33873,1522,35395,164
2023-01-23,Nevada,057,99092,20013,19957,2254,22211,132
2023-01-23,Orange,059,3164182,703793,701534,76440,777974,7754
2023-01-23,Placer,061,380077,80207,79943,10161,90104,671
2023-01-23,Plumas,063,18699,3814,3805,459,4264,13
2023-01-23,Riverside,065,2383286,729142,727487,41017,768504,6788
2023-01-23,Sacramento,067,1510023,366887,365898,37375,403273,3454
2023-01-23,San Benito,069,59416,17470,17407,1109,18516,115
2023-01-23,San Bernardino,071,2135413,704714,702778,34719,737497,8155
2023-01-23,San Diego,073,3302833,975944,973112,79807,1052919,5703
2023-01-23,San Francisco,075,870044,193151,192280,13179,205459,1147
2023-01-23,San Joaquin,077,732212,207871,207428,16613,224041,2388
2023-01-23,San Luis Obispo,079,281455,65868,65596,8033,73629,545
2023-01-23,San Mateo,081,765935,180524,179715,11258,190973,749
2023-01-23,Santa Barbara,083,443738,111122,110772,7568,118340,752
2023-01-23,Santa Clara,085,1922200,468501,467082,21470,488552,2633
2023-01-23,Santa Cruz,087,273765,67564,67312,3833,71145,277
2023-01-23,Shasta,089,179085,36346,36230,8249,44479,603
2023-01-23,Sierra,091,2930,311,311,61,372,5
2023-01-23,Siskiyou,093,43540,5410,5400,3423,8823,95
2023-01-23,Solano,095,438530,112553,111971,8507,120478,482
2023-01-23,Sonoma,097,501317,112478,112137,5701,117838,541
2023-01-23,Stanislaus,099,539301,143792,143576,22758,166334,1813
2023-01-23,Sutter,101,95872,25510,25442,2535,27977,237
2023-01-23,Tehama,103,63373,14389,14342,3381,17723,222
2023-01-23,Trinity,105,12862,1465,1452,503,1955,23
2023-01-23,Tulare,107,460477,127189,126692,39625,166317,1554
2023-01-23,Tuolumne,109,53932,16702,16613,981,17594,205
2023-01-23,Ventura,111,848112,219321,218678,17888,236566,1640
2023-01-23,Yolo,113,214977,49633,49481,4791,54272,436
2023-01-23,Yuba,115,75493,19878,19840,1837,21677,133
2023-01-22,Alameda,001,1643700,373511,372424,22403,394827,2125
2023-01-22,Alpine,002,1148,139,139,4,143,0
2023-01-22,Amador,005,37829,10457,10401,961,11362,97
2023-01-22,Butte,007,227075,41358,41293,10091,51384,481
2023-01-22,Calaveras,009,45235,8919,8893,636,9529,139
2023-01-22,Colusa,011,21464,3938,3925,1336,5261,22
2023-01-22,Contra Costa,013,1133247,269295,267942,22110,290052,1518
2023-01-22,Del Norte,015,27424,7799,7708,450,8158,57
2023-01-22,El Dorado,017,186661,34270,34211,4507,38718,237
2023-01-22,Fresno,019,978130,292007,288834,34405,323239,2952
2023-01-22,Glenn,021,27897,5754,5749,1998,7747,58
2023-01-22,Humboldt,023,135768,23185,23013,5818,28831,167
2023-01-22,Imperial,025,180216,69360,69148,18635,87783,969
2023-01-22,Inyo,027,18085,4729,4717,1263,5980,62
2023-01-22,Kern,029,883053,228092,227433,71347,298780,2461
2023-01-22,Kings,031,150075,62332,62192,4395,66587,470
2023-01-22,Lake,033,64148,13529,13471,1269,14740,149
2023-01-22,Lassen,035,31185,10236,10219,1061,11280,66
2023-01-22,Los Angeles,037,10098052,3460953,3451542,212708,3664250,34790
2023-01-22,Madera,039,155013,45979,45839,8797,54636,377
2023-01-22,Marin,041,260295,48426,48236,5648,53884,317
2023-01-22,Mariposa,043,17540,3337,3290,359,3649,32
2023-01-22,Mendocino,045,87422,16749,16706,4791,21497,139
2023-01-22,Merced,047,269075,75839,75414,12630,88044,883
2023-01-22,Modoc,049,8938,952,950,367,1317,11
2023-01-22,Mono,051,14174,3311,3304,298,3602,8
2023-01-22,Monterey,053,433212,97236,96993,23001,119994,784
2023-01-22,Napa,055,140530,33985,33873,1522,35395,164
2023-01-22,Nevada,057,99092,20010,19957,2251,22208,132
2023-01-22,Orange,059,3164182,703607,701534,76389,777923,7754
2023-01-22,Placer,061,380077,80186,79943,10160,90103,671
2023-01-22,Plumas,063,18699,3814,3805,459,4264,13
2023-01-22,Riverside,065,2383286,728964,727487,40980,768467,6788
2023-01-22,Sacramento,067,1510023,366770,365898,37352,403250,3454
2023-01-22,San Benito,069,59416,17464,17407,1109,18516,115
2023-01-22,San Bernardino,071,2135413,704534,702778,34683,737461,8155
2023-01-22,San Diego,073,3302833,975590,973112,79733,1052845,5703
2023-01-22,San Francisco,075,870044,193081,192280,13168,205448,1147
2023-01-22,San Joaquin,077,732212,207828,207428,16602,224030,2388
2023-01-22,San Luis Obispo,079,281455,65847,65596,8027,73623,545
2023-01-22,San Mateo,081,765935,180450,179715,11251,190966,749
2023-01-22,Santa Barbara,083,443738,111079,110772,7557,118329,752
2023-01-22,Santa Clara,085,1922200,468351,467082,21454,488536,2633
2023-01-22,Santa Cruz,087,273765,67537,67312,3827,71139,277
2023-01-22,Shasta,089,179085,36343,36230,8244,44474,603
2023-01-22,Sierra,091,2930,311,311,61,372,5
2023-01-22,Siskiyou,093,43540,5409,5400,3423,8823,95
2023-01-22,Solano,095,438530,112510,111971,8503,120474,482
2023-01-22,Sonoma,097,501317,112445,112137,5698,117835,541
2023-01-22,Stanislaus,099,539301,143763,143576,22752,166328,1813
2023-01-22,Sutter,101,95872,25506,25442,2533,27975,237
2023-01-22,Tehama,103,63373,14385,14342,3378,17720,222
2023-01-22,Trinity,105,12862,1463,1452,503,1955,23
2023-01-22,Tulare,107,460477,127152,126692,39590,166282,1554
2023-01-22,Tuolumne,109,53932,16697,16613,981,17594,205
2023-01-22,Ventura,111,848112,219263,218678,17876,236554,1640
2023-01-22,Yolo,113,214977,49618,49481,4790,54271,436
2023-01-22,Yuba,115,75493,19873,19840,1837,21677,133
2023-01-21,Alameda,001,1643700,373434,372424,22400,394824,2125
2023-01-21,Alpine,002,1148,139,139,4,143,0
2023-01-21,Amador,005,37829,10456,10401,961,11362,97
2023-01-21,Butte,007,227075,41356,41293,10088,51381,481
2023-01-21,Calaveras,009,45235,8917,8893,636,9529,139
2023-01-21,Colusa,011,21464,3937,3925,1335,5260,22
2023-01-21,Contra Costa,013,1133247,269244,267942,22110,290052,1518
2023-01-21,Del Norte,015,27424,7796,7708,450,8158,57
2023-01-21,El Dorado,017,186661,34261,34211,4506,38717,237
2023-01-21,Fresno,019,978130,291970,288834,34400,323234,2952
2023-01-21,Glenn,021,27897,5754,5749,1998,7747,58
2023-01-21,Humboldt,023,135768,23183,23013,5817,28830,167
2023-01-21,Imperial,025,180216,69354,69148,18634,87782,969
2023-01-21,Inyo,027,18085,4729,4717,1263,5980,62
2023-01-21,Kern,029,883053,228056,227433,71326,298759,2461
2023-01-21,Kings,031,150075,62324,62192,4395,66587,470
2023-01-21,Lake,033,64148,13526,13471,1269,14740,149
2023-01-21,Lassen,035,31185,10236,10219,1061,11280,66
2023-01-21,Los Angeles,037,10098052,3460394,3451542,212629,3664171,34790
2023-01-21,Madera,039,155013,45973,45839,8797,54636,377
2023-01-21,Marin,041,260295,48408,48236,5646,53882,317
2023-01-21,Mariposa,043,17540,3336,3290,359,3649,32
2023-01-21,Mendocino,045,87422,16748,16706,4790,21496,139
2023-01-21,Merced,047,269075,75833,75414,12629,88043,883
2023-01-21,Modoc,049,8938,952,950,367,1317,11
2023-01-21,Mono,051,14174,3311,3304,298,3602,8
2023-01-21,Monterey,053,433212,97228,96993,22980,119973,784
2023-01-21,Napa,055,140530,33978,33873,1522,35395,164
2023-01-21,Nevada,057,99092,20009,19957,2250,22207,132
2023-01-21,Orange,059,3164182,703510,701534,76339,777873,7754
2023-01-21,Placer,061,380077,80168,79943,10160,90103,671
2023-01-21,Plumas,063,18699,3814,3805,459,4264,13
2023-01-21,Riverside,065,2383286,728881,727487,40963,768450,6788
2023-01-21,Sacramento,067,1510023,366710,365898,37347,403245,3454
2023-01-21,San Benito,069,59416,17460,17407,1107,18514,115
2023-01-21,San Bernardino,071,2135413,704438,702778,34668,737446,8155
2023-01-21,San Diego,073,3302833,975434,973112,79707,1052819,5703
2023-01-21,San Francisco,075,870044,193036,192280,13163,205443,1147
2023-01-21,San Joaquin,077,732212,207804,207428,16596,224024,2388
2023-01-21,San Luis Obispo,079,281455,65844,65596,8025,73621,545
2023-01-21,San Mateo,081,765935,180419,179715,11249,190964,749
2023-01-21,Santa Barbara,083,443738,111059,110772,7555,118327,752
2023-01-21,Santa Clara,085,1922200,468239,467082,21452,488534,2633
2023-01-21,Santa Cruz,087,273765,67530,67312,3827,71139,277
2023-01-21,Shasta,089,179085,36339,36230,8244,44474,603
2023-01-21,Sierra,091,2930,311,311,61,372,5
2023-01-21,Siskiyou,093,43540,5409,5400,3422,8822,95
2023-01-21,Solano,095,438530,112500,111971,8502,120473,482
2023-01-21,Sonoma,097,501317,112419,112137,5698,117835,541
2023-01-21,Stanislaus,099,539301,143751,143576,22751,166327,1813
2023-01-21,Sutter,101,95872,25502,25442,2533,27975,237
2023-01-21,Tehama,103,63373,14383,14342,3377,17719,222
2023-01-21,Trinity,105,12862,1463,1452,503,1955,23
2023-01-21,Tulare,107,460477,127132,126692,39580,166272,1554
2023-01-21,Tuolumne,109,53932,16692,16613,981,17594,205
2023-01-21,Ventura,111,848112,219224,218678,17872,236550,1640
2023-01-21,Yolo,113,214977,49611,49481,4790,54271,436
2023-01-21,Yuba,115,75493,19872,19840,1837,21677,133
2023-01-20,Alameda,001,1643700,373375,372424,22397,394821,2125
2023-01-20,Alpine,002,1148,139,139,4,143,0
2023-01-20,Amador,005,37829,10455,10401,960,11361,97
2023-01-20,Butte,007,227075,41355,41293,10087,51380,481
2023-01-20,Calaveras,009,45235,8916,8893,636,9529,139
2023-01-20,Colusa,011,21464,3937,3925,1335,5260,22
2023-01-20,Contra Costa,013,1133247,269193,267942,22109,290051,1518
2023-01-20,Del Norte,015,27424,7796,7708,449,8157,57
2023-01-20,El Dorado,017,186661,34255,34211,4505,38716,237
2023-01-20,Fresno,019,978130,291917,288834,34394,323228,2952
2023-01-20,Glenn,021,27897,5754,5749,1997,7746,58
2023-01-20,Humboldt,023,135768,23180,23013,5812,28825,167
2023-01-20,Imperial,025,180216,69348,69148,18632,87780,969
2023-01-20,Inyo,027,18085,4728,4717,1263,5980,62
2023-01-20,Kern,029,883053,228028,227433,71303,298736,2461
2023-01-20,Kings,031,150075,62312,62192,4395,66587,470
2023-01-20,Lake,033,64148,13526,13471,1269,14740,149
2023-01-20,Lassen,035,31185,10236,10219,1061,11280,66
2023-01-20,Los Angeles,037,10098052,3459881,3451542,212548,3664090,34790
2023-01-20,Madera,039,155013,45967,45839,8797,54636,377
2023-01-20,Marin,041,260295,48398,48236,5646,53882,317
2023-01-20,Mariposa,043,17540,3334,3290,359,3649,32
2023-01-20,Mendocino,045,87422,16746,16706,4790,21496,139
2023-01-20,Merced,047,269075,75824,75414,12627,88041,883
2023-01-20,Modoc,049,8938,952,950,367,1317,11
2023-01-20,Mono,051,14174,3311,3304,298,3602,8
2023-01-20,Monterey,053,433212,97215,96993,22961,119954,784
2023-01-20,Napa,055,140530,33971,33873,1522,35395,164
2023-01-20,Nevada,057,99092,20006,19957,2250,22207,132
2023-01-20,Orange,059,3164182,703387,701534,76307,777841,7754
2023-01-20,Placer,061,380077,80157,79943,10160,90103,671
2023-01-20,Plumas,063,18699,3813,3805,459,4264,13
2023-01-20,Riverside,065,2383286,728772,727487,40944,768431,6788
2023-01-20,Sacramento,067,1510023,366662,365898,37344,403242,3454
2023-01-20,San Benito,069,59416,17459,17407,1107,18514,115
2023-01-20,San Bernardino,071,2135413,704335,702778,34658,737436,8155
2023-01-20,San Diego,073,3302833,975244,973112,79682,1052794,5703
2023-01-20,San Francisco,075,870044,192994,192280,13151,205431,1147
2023-01-20,San Joaquin,077,732212,207786,207428,16592,224020,2388
2023-01-20,San Luis Obispo,079,281455,65837,65596,8023,73619,545
2023-01-20,San Mateo,081,765935,180393,179715,11248,190963,749
2023-01-20,Santa Barbara,083,443738,111042,110772,7553,118325,752
2023-01-20,Santa Clara,085,1922200,468130,467082,21446,488528,2633
2023-01-20,Santa Cruz,087,273765,67509,67312,3827,71139,277
2023-01-20,Shasta,089,179085,36338,36230,8241,44471,603
2023-01-20,Sierra,091,2930,311,311,61,372,5
2023-01-20,Siskiyou,093,43540,5408,5400,3422,8822,95
2023-01-20,Solano,095,438530,112482,111971,8499,120470,482
2023-01-20,Sonoma,097,501317,112404,112137,5698,117835,541
2023-01-20,Stanislaus,099,539301,143728,143576,22749,166325,1813
2023-01-20,Sutter,101,95872,25499,25442,2533,27975,237
2023-01-20,Tehama,103,63373,14381,14342,3376,17718,222
2023-01-20,Trinity,105,12862,1463,1452,503,1955,23
2023-01-20,Tulare,107,460477,127109,126692,39567,166259,1554
2023-01-20,Tuolumne,109,53932,16685,16613,981,17594,205
2023-01-20,Ventura,111,848112,219189,218678,17868,236546,1640
2023-01-20,Yolo,113,214977,49600,49481,4789,54270,436
2023-01-20,Yuba,115,75493,19870,19840,1837,21677,133
2023-01-19,Alameda,001,1643700,373273,372424,22389,394813,2125
2023-01-19,Alpine,002,1148,139,139,4,143,0
2023-01-19,Amador,005,37829,10453,10401,960,11361,97
2023-01-19,Butte,007,227075,41349,41293,10081,51374,481
2023-01-19,Calaveras,009,45235,8916,8893,636,9529,139
2023-01-19,Colusa,011,21464,3935,3925,1335,5260,22
2023-01-19,Contra Costa,013,1133247,269125,267942,22102,290044,1518
2023-01-19,Del Norte,015,27424,7792,7708,449,8157,57
2023-01-19,El Dorado,017,186661,34251,34211,4503,38714,237
2023-01-19,Fresno,019,978130,291851,288834,34388,323222,2952
2023-01-19,Glenn,021,27897,5754,5749,1997,7746,58
2023-01-19,Humboldt,023,135768,23173,23013,5793,28806,167
2023-01-19,Imperial,025,180216,69337,69148,18631,87779,969
2023-01-19,Inyo,027,18085,4726,4717,1263,5980,62
2023-01-19,Kern,029,883053,227980,227433,71243,298676,2461
2023-01-19,Kings,031,150075,62295,62192,4392,66584,470
2023-01-19,Lake,033,64148,13524,13471,1269,14740,149
2023-01-19,Lassen,035,31185,10236,10219,1061,11280,66
2023-01-19,Los Angeles,037,10098052,3459111,3451542,212441,3663983,34790
2023-01-19,Madera,039,155013,45957,45839,8795,54634,377
2023-01-19,Marin,041,260295,48380,48236,5646,53882,317
2023-01-19,Mariposa,043,17540,3333,3290,359,3649,32
2023-01-19,Mendocino,045,87422,16744,16706,4789,21495,139
2023-01-19,Merced,047,269075,75806,75414,12624,88038,883
2023-01-19,Modoc,049,8938,951,950,366,1316,11
2023-01-19,Mono,051,14174,3311,3304,297,3601,8
2023-01-19,Monterey,053,433212,97201,96993,22943,119936,784
2023-01-19,Napa,055,140530,33963,33873,1522,35395,164
2023-01-19,Nevada,057,99092,20005,19957,2250,22207,132
2023-01-19,Orange,059,3164182,703222,701534,76253,777787,7754
2023-01-19,Placer,061,380077,80135,79943,10160,90103,671
2023-01-19,Plumas,063,18699,3813,3805,459,4264,13
2023-01-19,Riverside,065,2383286,728626,727487,40911,768398,6788
2023-01-19,Sacramento,067,1510023,366571,365898,37329,403227,3454
2023-01-19,San Benito,069,59416,17456,17407,1106,18513,115
2023-01-19,San Bernardino,071,2135413,704205,702778,34641,737419,8155
2023-01-19,San Diego,073,3302833,974999,973112,79625,1052737,5703
2023-01-19,San Francisco,075,870044,192919,192280,13143,205423,1147
2023-01-19,San Joaquin,077,732212,207750,207428,16583,224011,2388
2023-01-19,San Luis Obispo,079,281455,65821,65596,8018,73614,545
2023-01-19,San Mateo,081,765935,180343,179715,11245,190960,749
2023-01-19,Santa Barbara,083,443738,111017,110772,7552,118324,752
2023-01-19,Santa Clara,085,1922200,468008,467082,21436,488518,2633
2023-01-19,Santa Cruz,087,273765,67496,67312,3827,71139,277
2023-01-19,Shasta,089,179085,36336,36230,8240,44470,603
2023-01-19,Sierra,091,2930,311,311,61,372,5
2023-01-19,Siskiyou,093,43540,5406,5400,3422,8822,95
2023-01-19,Solano,095,438530,112442,111971,8496,120467,482
2023-01-19,Sonoma,097,501317,112381,112137,5698,117835,541
2023-01-19,Stanislaus,099,539301,143701,143576,22712,166288,1813
2023-01-19,Sutter,101,95872,25496,25442,2533,27975,237
2023-01-19,Tehama,103,63373,14379,14342,3376,17718,222
2023-01-19,Trinity,105,12862,1463,1452,503,1955,23
2023-01-19,Tulare,107,460477,127077,126692,39544,166236,1554
2023-01-19,Tuolumne,109,53932,16680,16613,981,17594,205
2023-01-19,Ventura,111,848112,219136,218678,17854,236532,1640
2023-01-19,Yolo,113,214977,49592,49481,4788,54269,436
2023-01-19,Yuba,115,75493,19867,19840,1836,21676,133
2023-01-18,Alameda,001,1643700,373157,372424,22379,394803,2125
2023-01-18,Alpine,002,1148,139,139,4,143,0
2023-01-18,Amador,005,37829,10439,10401,960,11361,97
2023-01-18,Butte,007,227075,41342,41293,10074,51367,481
2023-01-18,Calaveras,009,45235,8912,8893,636,9529,139
2023-01-18,Colusa,011,21464,3931,3925,1335,5260,22
2023-01-18,Contra Costa,013,1133247,269039,267942,22098,290040,1518
2023-01-18,Del Norte,015,27424,7787,7708,442,8150,57
2023-01-18,El Dorado,017,186661,34246,34211,4503,38714,237
2023-01-18,Fresno,019,978130,291801,288834,34374,323208,2952
2023-01-18,Glenn,021,27897,5753,5749,1997,7746,58
2023-01-18,Humboldt,023,135768,23170,23013,5787,28800,167
2023-01-18,Imperial,025,180216,69322,69148,18629,87777,969
2023-01-18,Inyo,027,18085,4726,4717,1260,5977,62
2023-01-18,Kern,029,883053,227929,227433,71203,298636,2461
2023-01-18,Kings,031,150075,62280,62192,4391,66583,470
2023-01-18,Lake,033,64148,13521,13471,1269,14740,149
2023-01-18,Lassen,035,31185,10236,10219,1060,11279,66
2023-01-18,Los Angeles,037,10098052,3458301,3451542,212288,3663830,34790
2023-01-18,Madera,039,155013,45949,45839,8795,54634,377
2023-01-18,Marin,041,260295,48363,48236,5645,53881,317
2023-01-18,Mariposa,043,17540,3332,3290,359,3649,32
2023-01-18,Mendocino,045,87422,16741,16706,4784,21490,139
2023-01-18,Merced,047,269075,75786,75414,12624,88038,883
2023-01-18,Modoc,049,8938,951,950,366,1316,11
2023-01-18,Mono,051,14174,3311,3304,297,3601,8
2023-01-18,Monterey,053,433212,97181,96993,22927,119920,784
2023-01-18,Napa,055,140530,33948,33873,1521,35394,164
2023-01-18,Nevada,057,99092,20001,19957,2249,22206,132
2023-01-18,Orange,059,3164182,703037,701534,76209,777743,7754
2023-01-18,Placer,061,380077,80111,79943,10158,90101,671
2023-01-18,Plumas,063,18699,3812,3805,459,4264,13
2023-01-18,Riverside,065,2383286,728486,727487,40894,768381,6788
2023-01-18,Sacramento,067,1510023,366503,365898,37310,403208,3454
2023-01-18,San Benito,069,59416,17452,17407,1106,18513,115
2023-01-18,San Bernardino,071,2135413,704094,702778,34626,737404,8155
2023-01-18,San Diego,073,3302833,974686,973112,79570,1052682,5703
2023-01-18,San Francisco,075,870044,192851,192280,13141,205421,1147
2023-01-18,San Joaquin,077,732212,207710,207428,16579,224007,2388
2023-01-18,San Luis Obispo,079,281455,65804,65596,8010,73606,545
2023-01-18,San Mateo,081,765935,180290,179715,11242,190957,749
2023-01-18,Santa Barbara,083,443738,110986,110772,7539,118311,752
2023-01-18,Santa Clara,085,1922200,467854,467082,21428,488510,2633
2023-01-18,Santa Cruz,087,273765,67486,67312,3824,71136,277
2023-01-18,Shasta,089,179085,36331,36230,8238,44468,603
2023-01-18,Sierra,091,2930,311,311,61,372,5
2023-01-18,Siskiyou,093,43540,5405,5400,3422,8822,95
2023-01-18,Solano,095,438530,112407,111971,8496,120467,482
2023-01-18,Sonoma,097,501317,112354,112137,5694,117831,541
2023-01-18,Stanislaus,099,539301,143671,143576,22710,166286,1813
2023-01-18,Sutter,101,95872,25485,25442,2531,27973,237
2023-01-18,Tehama,103,63373,14378,14342,3373,17715,222
2023-01-18,Trinity,105,12862,1462,1452,503,1955,23
2023-01-18,Tulare,107,460477,127049,126692,39516,166208,1554
2023-01-18,Tuolumne,109,53932,16675,16613,981,17594,205
2023-01-18,Ventura,111,848112,219072,218678,17843,236521,1640
2023-01-18,Yolo,113,214977,49579,49481,4787,54268,436
2023-01-18,Yuba,115,75493,19859,19840,1836,21676,133
2023-01-17,Alameda,001,1643700,373044,372424,22369,394793,2125
2023-01-17,Alpine,002,1148,139,139,4,143,0
2023-01-17,Amador,005,37829,10432,10401,959,11360,97
2023-01-17,Butte,007,227075,41338,41293,10071,51364,481
2023-01-17,Calaveras,009,45235,8910,8893,636,9529,139
2023-01-17,Colusa,011,21464,3930,3925,1335,5260,22
2023-01-17,Contra Costa,013,1133247,268947,267942,22090,290032,1518
2023-01-17,Del Norte,015,27424,7782,7708,442,8150,57
2023-01-17,El Dorado,017,186661,34241,34211,4501,38712,237
2023-01-17,Fresno,019,978130,291736,288834,34363,323197,2952
2023-01-17,Glenn,021,27897,5753,5749,1997,7746,58
2023-01-17,Humboldt,023,135768,23163,23013,5784,28797,167
2023-01-17,Imperial,025,180216,69303,69148,18627,87775,969
2023-01-17,Inyo,027,18085,4725,4717,1253,5970,62
2023-01-17,Kern,029,883053,227886,227433,71158,298591,2461
2023-01-17,Kings,031,150075,62263,62192,4388,66580,470
2023-01-17,Lake,033,64148,13517,13471,1269,14740,149
2023-01-17,Lassen,035,31185,10234,10219,1060,11279,66
2023-01-17,Los Angeles,037,10098052,3457436,3451542,212134,3663676,34790
2023-01-17,Madera,039,155013,45946,45839,8794,54633,377
2023-01-17,Marin,041,260295,48347,48236,5643,53879,317
2023-01-17,Mariposa,043,17540,3332,3290,359,3649,32
2023-01-17,Mendocino,045,87422,16739,16706,4775,21481,139
2023-01-17,Merced,047,269075,75770,75414,12618,88032,883
2023-01-17,Modoc,049,8938,951,950,366,1316,11
2023-01-17,Mono,051,14174,3308,3304,297,3601,8
2023-01-17,Monterey,053,433212,97170,96993,22918,119911,784
2023-01-17,Napa,055,140530,33934,33873,1521,35394,164
2023-01-17,Nevada,057,99092,19999,19957,2249,22206,132
2023-01-17,Orange,059,3164182,702846,701534,76143,777677,7754
2023-01-17,Placer,061,380077,80094,79943,10157,90100,671
2023-01-17,Plumas,063,18699,3809,3805,459,4264,13
2023-01-17,Riverside,065,2383286,728324,727487,40870,768357,6788
2023-01-17,Sacramento,067,1510023,366389,365898,37298,403196,3454
2023-01-17,San Benito,069,59416,17449,17407,1105,18512,115
2023-01-17,San Bernardino,071,2135413,703905,702778,34591,737369,8155
2023-01-17,San Diego,073,3302833,974348,973112,79517,1052629,5703
2023-01-17,San Francisco,075,870044,192781,192280,13137,205417,1147
2023-01-17,San Joaquin,077,732212,207670,207428,16576,224004,2388
2023-01-17,San Luis Obispo,079,281455,65787,65596,8007,73603,545
2023-01-17,San Mateo,081,765935,180233,179715,11242,190957,749
2023-01-17,Santa Barbara,083,443738,110945,110772,7535,118307,752
2023-01-17,Santa Clara,085,1922200,467694,467082,21407,488489,2633
2023-01-17,Santa Cruz,087,273765,67468,67312,3822,71134,277
2023-01-17,Shasta,089,179085,36327,36230,8237,44467,603
2023-01-17,Sierra,091,2930,311,311,61,372,5
2023-01-17,Siskiyou,093,43540,5405,5400,3422,8822,95
2023-01-17,Solano,095,438530,112360,111971,8492,120463,482
2023-01-17,Sonoma,097,501317,112313,112137,5693,117830,541
2023-01-17,Stanislaus,099,539301,143646,143576,22707,166283,1813
2023-01-17,Sutter,101,95872,25475,25442,2531,27973,237
2023-01-17,Tehama,103,63373,14377,14342,3373,17715,222
2023-01-17,Trinity,105,12862,1461,1452,502,1954,23
2023-01-17,Tulare,107,460477,127003,126692,39496,166188,1554
2023-01-17,Tuolumne,109,53932,16671,16613,981,17594,205
2023-01-17,Ventura,111,848112,219018,218678,17832,236510,1640
2023-01-17,Yolo,113,214977,49566,49481,4783,54264,436
2023-01-17,Yuba,115,75493,19853,19840,1835,21675,133
2023-01-16,Alameda,001,1643700,372905,371533,22354,393887,2112
2023-01-16,Alpine,002,1148,139,139,4,143,0
2023-01-16,Amador,005,37829,10424,10384,959,11343,96
2023-01-16,Butte,007,227075,41325,41228,10067,51295,478
2023-01-16,Calaveras,009,45235,8907,8878,636,9514,138
2023-01-16,Colusa,011,21464,3929,3919,1333,5252,22
2023-01-16,Contra Costa,013,1133247,268861,267212,22081,289293,1505
2023-01-16,Del Norte,015,27424,7781,7700,441,8141,57
2023-01-16,El Dorado,017,186661,34234,34153,4499,38652,236
2023-01-16,Fresno,019,978130,291651,287748,34355,322103,2940
2023-01-16,Glenn,021,27897,5752,5747,1997,7744,58
2023-01-16,Humboldt,023,135768,23155,22986,5778,28764,166
2023-01-16,Imperial,025,180216,69294,69018,18618,87636,964
2023-01-16,Inyo,027,18085,4724,4709,1253,5962,62
2023-01-16,Kern,029,883053,227840,226971,71102,298073,2457
2023-01-16,Kings,031,150075,62252,62044,4384,66428,469
2023-01-16,Lake,033,64148,13507,13448,1269,14717,149
2023-01-16,Lassen,035,31185,10232,10212,1058,11270,66
2023-01-16,Los Angeles,037,10098052,3456339,3443850,211932,3655782,34651
2023-01-16,Madera,039,155013,45939,45761,8790,54551,377
2023-01-16,Marin,041,260295,48331,48130,5638,53768,317
2023-01-16,Mariposa,043,17540,3330,3285,359,3644,32
2023-01-16,Mendocino,045,87422,16735,16682,4773,21455,137
2023-01-16,Merced,047,269075,75745,75253,12616,87869,883
2023-01-16,Modoc,049,8938,951,946,366,1312,11
2023-01-16,Mono,051,14174,3307,3299,297,3596,8
2023-01-16,Monterey,053,433212,97153,96874,22908,119782,781
2023-01-16,Napa,055,140530,33918,33808,1521,35329,165
2023-01-16,Nevada,057,99092,19993,19927,2248,22175,132
2023-01-16,Orange,059,3164182,702637,699881,76091,775972,7723
2023-01-16,Placer,061,380077,80068,79766,10153,89919,671
2023-01-16,Plumas,063,18699,3809,3804,458,4262,13
2023-01-16,Riverside,065,2383286,728132,725898,40833,766731,6761
2023-01-16,Sacramento,067,1510023,366293,365352,37268,402620,3434
2023-01-16,San Benito,069,59416,17443,17378,1105,18483,115
2023-01-16,San Bernardino,071,2135413,703687,701674,34572,736246,8146
2023-01-16,San Diego,073,3302833,973919,970800,79461,1050261,5681
2023-01-16,San Francisco,075,870044,192701,191765,13133,204898,1123
2023-01-16,San Joaquin,077,732212,207629,207038,16571,223609,2378
2023-01-16,San Luis Obispo,079,281455,65758,65502,8001,73503,539
2023-01-16,San Mateo,081,765935,180178,179319,11237,190556,749
2023-01-16,Santa Barbara,083,443738,110913,110537,7526,118063,750
2023-01-16,Santa Clara,085,1922200,467489,465994,21394,487388,2601
2023-01-16,Santa Cruz,087,273765,67443,67144,3819,70963,276
2023-01-16,Shasta,089,179085,36323,36179,8235,44414,604
2023-01-16,Sierra,091,2930,311,311,61,372,5
2023-01-16,Siskiyou,093,43540,5404,5384,3422,8806,95
2023-01-16,Solano,095,438530,112325,111700,8490,120190,479
2023-01-16,Sonoma,097,501317,112279,111955,5691,117646,542
2023-01-16,Stanislaus,099,539301,143612,143318,22702,166020,1800
2023-01-16,Sutter,101,95872,25469,25392,2531,27923,237
2023-01-16,Tehama,103,63373,14374,14320,3373,17693,221
2023-01-16,Trinity,105,12862,1461,1448,502,1950,23
2023-01-16,Tulare,107,460477,126969,126451,39471,165922,1552
2023-01-16,Tuolumne,109,53932,16666,16552,981,17533,209
2023-01-16,Ventura,111,848112,218954,218234,17820,236054,1632
2023-01-16,Yolo,113,214977,49549,49393,4774,54167,433
2023-01-16,Yuba,115,75493,19849,19804,1832,21636,132
2023-01-15,Alameda,001,1643700,372788,371533,22351,393884,2112
2023-01-15,Alpine,002,1148,139,139,4,143,0
2023-01-15,Amador,005,37829,10421,10384,959,11343,96
2023-01-15,Butte,007,227075,41319,41228,10064,51292,478
2023-01-15,Calaveras,009,45235,8907,8878,636,9514,138
2023-01-15,Colusa,011,21464,3928,3919,1333,5252,22
2023-01-15,Contra Costa,013,1133247,268791,267212,22079,289291,1505
2023-01-15,Del Norte,015,27424,7779,7700,440,8140,57
2023-01-15,El Dorado,017,186661,34224,34153,4499,38652,236
2023-01-15,Fresno,019,978130,291594,287748,34337,322085,2940
2023-01-15,Glenn,021,27897,5751,5747,1997,7744,58
2023-01-15,Humboldt,023,135768,23152,22986,5775,28761,166
2023-01-15,Imperial,025,180216,69280,69018,18605,87623,964
2023-01-15,Inyo,027,18085,4723,4709,1249,5958,62
2023-01-15,Kern,029,883053,227773,226971,71057,298028,2457
2023-01-15,Kings,031,150075,62237,62044,4384,66428,469
2023-01-15,Lake,033,64148,13505,13448,1269,14717,149
2023-01-15,Lassen,035,31185,10231,10212,1058,11270,66
2023-01-15,Los Angeles,037,10098052,3455556,3443850,211757,3655607,34651
2023-01-15,Madera,039,155013,45931,45761,8790,54551,377
2023-01-15,Marin,041,260295,48304,48130,5635,53765,317
2023-01-15,Mariposa,043,17540,3329,3285,359,3644,32
2023-01-15,Mendocino,045,87422,16732,16682,4773,21455,137
2023-01-15,Merced,047,269075,75728,75253,12615,87868,883
2023-01-15,Modoc,049,8938,950,946,366,1312,11
2023-01-15,Mono,051,14174,3306,3299,297,3596,8
2023-01-15,Monterey,053,433212,97137,96874,22897,119771,781
2023-01-15,Napa,055,140530,33910,33808,1521,35329,165
2023-01-15,Nevada,057,99092,19987,19927,2246,22173,132
2023-01-15,Orange,059,3164182,702420,699881,76021,775902,7723
2023-01-15,Placer,061,380077,80046,79766,10152,89918,671
2023-01-15,Plumas,063,18699,3808,3804,458,4262,13
2023-01-15,Riverside,065,2383286,727960,725898,40811,766709,6761
2023-01-15,Sacramento,067,1510023,366219,365352,37259,402611,3434
2023-01-15,San Benito,069,59416,17440,17378,1105,18483,115
2023-01-15,San Bernardino,071,2135413,703546,701674,34557,736231,8146
2023-01-15,San Diego,073,3302833,973671,970800,79420,1050220,5681
2023-01-15,San Francisco,075,870044,192634,191765,13127,204892,1123
2023-01-15,San Joaquin,077,732212,207582,207038,16567,223605,2378
2023-01-15,San Luis Obispo,079,281455,65742,65502,7999,73501,539
2023-01-15,San Mateo,081,765935,180132,179319,11232,190551,749
2023-01-15,Santa Barbara,083,443738,110876,110537,7524,118061,750
2023-01-15,Santa Clara,085,1922200,467377,465994,21389,487383,2601
2023-01-15,Santa Cruz,087,273765,67413,67144,3818,70962,276
2023-01-15,Shasta,089,179085,36319,36179,8234,44413,604
2023-01-15,Sierra,091,2930,311,311,61,372,5
2023-01-15,Siskiyou,093,43540,5403,5384,3422,8806,95
2023-01-15,Solano,095,438530,112298,111700,8487,120187,479
2023-01-15,Sonoma,097,501317,112246,111955,5691,117646,542
2023-01-15,Stanislaus,099,539301,143582,143318,22702,166020,1800
2023-01-15,Sutter,101,95872,25462,25392,2531,27923,237
2023-01-15,Tehama,103,63373,14374,14320,3372,17692,221
2023-01-15,Trinity,105,12862,1461,1448,502,1950,23
2023-01-15,Tulare,107,460477,126911,126451,39449,165900,1552
2023-01-15,Tuolumne,109,53932,16661,16552,981,17533,209
2023-01-15,Ventura,111,848112,218906,218234,17810,236044,1632
2023-01-15,Yolo,113,214977,49539,49393,4774,54167,433
2023-01-15,Yuba,115,75493,19846,19804,1832,21636,132
2023-01-14,Alameda,001,1643700,372702,371533,22346,393879,2112
2023-01-14,Alpine,002,1148,139,139,4,143,0
2023-01-14,Amador,005,37829,10417,10384,959,11343,96
2023-01-14,Butte,007,227075,41316,41228,10060,51288,478
2023-01-14,Calaveras,009,45235,8905,8878,635,9513,138
2023-01-14,Colusa,011,21464,3927,3919,1333,5252,22
2023-01-14,Contra Costa,013,1133247,268726,267212,22076,289288,1505
2023-01-14,Del Norte,015,27424,7778,7700,440,8140,57
2023-01-14,El Dorado,017,186661,34217,34153,4498,38651,236
2023-01-14,Fresno,019,978130,291552,287748,34330,322078,2940
2023-01-14,Glenn,021,27897,5751,5747,1997,7744,58
2023-01-14,Humboldt,023,135768,23150,22986,5772,28758,166
2023-01-14,Imperial,025,180216,69265,69018,18605,87623,964
2023-01-14,Inyo,027,18085,4721,4709,1249,5958,62
2023-01-14,Kern,029,883053,227737,226971,71024,297995,2457
2023-01-14,Kings,031,150075,62228,62044,4383,66427,469
2023-01-14,Lake,033,64148,13503,13448,1269,14717,149
2023-01-14,Lassen,035,31185,10231,10212,1058,11270,66
2023-01-14,Los Angeles,037,10098052,3454966,3443850,211664,3655514,34651
2023-01-14,Madera,039,155013,45928,45761,8789,54550,377
2023-01-14,Marin,041,260295,48292,48130,5634,53764,317
2023-01-14,Mariposa,043,17540,3328,3285,359,3644,32
2023-01-14,Mendocino,045,87422,16728,16682,4773,21455,137
2023-01-14,Merced,047,269075,75714,75253,12615,87868,883
2023-01-14,Modoc,049,8938,950,946,365,1311,11
2023-01-14,Mono,051,14174,3305,3299,297,3596,8
2023-01-14,Monterey,053,433212,97127,96874,22893,119767,781
2023-01-14,Napa,055,140530,33904,33808,1521,35329,165
2023-01-14,Nevada,057,99092,19987,19927,2244,22171,132
2023-01-14,Orange,059,3164182,702291,699881,75983,775864,7723
2023-01-14,Placer,061,380077,80035,79766,10151,89917,671
2023-01-14,Plumas,063,18699,3808,3804,458,4262,13
2023-01-14,Riverside,065,2383286,727856,725898,40793,766691,6761
2023-01-14,Sacramento,067,1510023,366168,365352,37253,402605,3434
2023-01-14,San Benito,069,59416,17435,17378,1105,18483,115
2023-01-14,San Bernardino,071,2135413,703453,701674,34544,736218,8146
2023-01-14,San Diego,073,3302833,973478,970800,79402,1050202,5681
2023-01-14,San Francisco,075,870044,192592,191765,13126,204891,1123
2023-01-14,San Joaquin,077,732212,207558,207038,16567,223605,2378
2023-01-14,San Luis Obispo,079,281455,65736,65502,7995,73497,539
2023-01-14,San Mateo,081,765935,180104,179319,11228,190547,749
2023-01-14,Santa Barbara,083,443738,110849,110537,7521,118058,750
2023-01-14,Santa Clara,085,1922200,467291,465994,21379,487373,2601
2023-01-14,Santa Cruz,087,273765,67406,67144,3814,70958,276
2023-01-14,Shasta,089,179085,36316,36179,8234,44413,604
2023-01-14,Sierra,091,2930,311,311,61,372,5
2023-01-14,Siskiyou,093,43540,5403,5384,3422,8806,95
2023-01-14,Solano,095,438530,112289,111700,8484,120184,479
2023-01-14,Sonoma,097,501317,112234,111955,5691,117646,542
2023-01-14,Stanislaus,099,539301,143559,143318,22699,166017,1800
2023-01-14,Sutter,101,95872,25459,25392,2531,27923,237
2023-01-14,Tehama,103,63373,14369,14320,3372,17692,221
2023-01-14,Trinity,105,12862,1461,1448,502,1950,23
2023-01-14,Tulare,107,460477,126890,126451,39441,165892,1552
2023-01-14,Tuolumne,109,53932,16658,16552,979,17531,209
2023-01-14,Ventura,111,848112,218867,218234,17804,236038,1632
2023-01-14,Yolo,113,214977,49525,49393,4772,54165,433
2023-01-14,Yuba,115,75493,19844,19804,1831,21635,132
2023-01-13,Alameda,001,1643700,372611,371533,22338,393871,2112
2023-01-13,Alpine,002,1148,139,139,4,143,0
2023-01-13,Amador,005,37829,10415,10384,959,11343,96
2023-01-13,Butte,007,227075,41312,41228,10055,51283,478
2023-01-13,Calaveras,009,45235,8904,8878,635,9513,138
2023-01-13,Colusa,011,21464,3926,3919,1333,5252,22
2023-01-13,Contra Costa,013,1133247,268661,267212,22074,289286,1505
2023-01-13,Del Norte,015,27424,7777,7700,440,8140,57
2023-01-13,El Dorado,017,186661,34212,34153,4498,38651,236
2023-01-13,Fresno,019,978130,291508,287748,34323,322071,2940
2023-01-13,Glenn,021,27897,5751,5747,1997,7744,58
2023-01-13,Humboldt,023,135768,23149,22986,5766,28752,166
2023-01-13,Imperial,025,180216,69255,69018,18601,87619,964
2023-01-13,Inyo,027,18085,4720,4709,1247,5956,62
2023-01-13,Kern,029,883053,227704,226971,70993,297964,2457
2023-01-13,Kings,031,150075,62215,62044,4383,66427,469
2023-01-13,Lake,033,64148,13503,13448,1269,14717,149
2023-01-13,Lassen,035,31185,10231,10212,1058,11270,66
2023-01-13,Los Angeles,037,10098052,3454394,3443850,211577,3655427,34651
2023-01-13,Madera,039,155013,45920,45761,8789,54550,377
2023-01-13,Marin,041,260295,48279,48130,5631,53761,317
2023-01-13,Mariposa,043,17540,3326,3285,359,3644,32
2023-01-13,Mendocino,045,87422,16725,16682,4773,21455,137
2023-01-13,Merced,047,269075,75706,75253,12615,87868,883
2023-01-13,Modoc,049,8938,950,946,365,1311,11
2023-01-13,Mono,051,14174,3304,3299,297,3596,8
2023-01-13,Monterey,053,433212,97108,96874,22887,119761,781
2023-01-13,Napa,055,140530,33893,33808,1520,35328,165
2023-01-13,Nevada,057,99092,19984,19927,2243,22170,132
2023-01-13,Orange,059,3164182,702174,699881,75941,775822,7723
2023-01-13,Placer,061,380077,80017,79766,10151,89917,671
2023-01-13,Plumas,063,18699,3807,3804,458,4262,13
2023-01-13,Riverside,065,2383286,727753,725898,40778,766676,6761
2023-01-13,Sacramento,067,1510023,366106,365352,37248,402600,3434
2023-01-13,San Benito,069,59416,17434,17378,1104,18482,115
2023-01-13,San Bernardino,071,2135413,703360,701674,34536,736210,8146
2023-01-13,San Diego,073,3302833,973288,970800,79372,1050172,5681
2023-01-13,San Francisco,075,870044,192549,191765,13124,204889,1123
2023-01-13,San Joaquin,077,732212,207523,207038,16566,223604,2378
2023-01-13,San Luis Obispo,079,281455,65721,65502,7995,73497,539
2023-01-13,San Mateo,081,765935,180048,179319,11223,190542,749
2023-01-13,Santa Barbara,083,443738,110832,110537,7520,118057,750
2023-01-13,Santa Clara,085,1922200,467179,465994,21376,487370,2601
2023-01-13,Santa Cruz,087,273765,67387,67144,3814,70958,276
2023-01-13,Shasta,089,179085,36315,36179,8233,44412,604
2023-01-13,Sierra,091,2930,311,311,61,372,5
2023-01-13,Siskiyou,093,43540,5401,5384,3422,8806,95
2023-01-13,Solano,095,438530,112262,111700,8478,120178,479
2023-01-13,Sonoma,097,501317,112213,111955,5691,117646,542
2023-01-13,Stanislaus,099,539301,143537,143318,22696,166014,1800
2023-01-13,Sutter,101,95872,25457,25392,2531,27923,237
2023-01-13,Tehama,103,63373,14369,14320,3371,17691,221
2023-01-13,Trinity,105,12862,1460,1448,502,1950,23
2023-01-13,Tulare,107,460477,126860,126451,39426,165877,1552
2023-01-13,Tuolumne,109,53932,16647,16552,979,17531,209
2023-01-13,Ventura,111,848112,218827,218234,17799,236033,1632
2023-01-13,Yolo,113,214977,49514,49393,4770,54163,433
2023-01-13,Yuba,115,75493,19842,19804,1831,21635,132
2023-01-12,Alameda,001,1643700,372479,371533,22326,393859,2112
2023-01-12,Alpine,002,1148,139,139,4,143,0
2023-01-12,Amador,005,37829,10412,10384,959,11343,96
2023-01-12,Butte,007,227075,41303,41228,10053,51281,478
2023-01-12,Calaveras,009,45235,8902,8878,635,9513,138
2023-01-12,Colusa,011,21464,3925,3919,1333,5252,22
2023-01-12,Contra Costa,013,1133247,268565,267212,22069,289281,1505
2023-01-12,Del Norte,015,27424,7775,7700,440,8140,57
2023-01-12,El Dorado,017,186661,34204,34153,4495,38648,236
2023-01-12,Fresno,019,978130,291450,287748,34309,322057,2940
2023-01-12,Glenn,021,27897,5751,5747,1997,7744,58
2023-01-12,Humboldt,023,135768,23141,22986,5765,28751,166
2023-01-12,Imperial,025,180216,69238,69018,18596,87614,964
2023-01-12,Inyo,027,18085,4718,4709,1245,5954,62
2023-01-12,Kern,029,883053,227629,226971,70953,297924,2457
2023-01-12,Kings,031,150075,62199,62044,4380,66424,469
2023-01-12,Lake,033,64148,13500,13448,1268,14716,149
2023-01-12,Lassen,035,31185,10230,10212,1058,11270,66
2023-01-12,Los Angeles,037,10098052,3453498,3443850,211444,3655294,34651
2023-01-12,Madera,039,155013,45904,45761,8789,54550,377
2023-01-12,Marin,041,260295,48261,48130,5627,53757,317
2023-01-12,Mariposa,043,17540,3324,3285,358,3643,32
2023-01-12,Mendocino,045,87422,16722,16682,4773,21455,137
2023-01-12,Merced,047,269075,75685,75253,12612,87865,883
2023-01-12,Modoc,049,8938,950,946,365,1311,11
2023-01-12,Mono,051,14174,3303,3299,297,3596,8
2023-01-12,Monterey,053,433212,97096,96874,22869,119743,781
2023-01-12,Napa,055,140530,33884,33808,1520,35328,165
2023-01-12,Nevada,057,99092,19981,19927,2242,22169,132
2023-01-12,Orange,059,3164182,701946,699881,75891,775772,7723
2023-01-12,Placer,061,380077,79983,79766,10150,89916,671
2023-01-12,Plumas,063,18699,3807,3804,458,4262,13
2023-01-12,Riverside,065,2383286,727570,725898,40741,766639,6761
2023-01-12,Sacramento,067,1510023,366031,365352,37227,402579,3434
2023-01-12,San Benito,069,59416,17432,17378,1104,18482,115
2023-01-12,San Bernardino,071,2135413,703210,701674,34517,736191,8146
2023-01-12,San Diego,073,3302833,972996,970800,79328,1050128,5681
2023-01-12,San Francisco,075,870044,192476,191765,13115,204880,1123
2023-01-12,San Joaquin,077,732212,207470,207038,16561,223599,2378
2023-01-12,San Luis Obispo,079,281455,65704,65502,7981,73483,539
2023-01-12,San Mateo,081,765935,179990,179319,11221,190540,749
2023-01-12,Santa Barbara,083,443738,110785,110537,7519,118056,750
2023-01-12,Santa Clara,085,1922200,467015,465994,21368,487362,2601
2023-01-12,Santa Cruz,087,273765,67357,67144,3813,70957,276
2023-01-12,Shasta,089,179085,36305,36179,8227,44406,604
2023-01-12,Sierra,091,2930,311,311,61,372,5
2023-01-12,Siskiyou,093,43540,5401,5384,3422,8806,95
2023-01-12,Solano,095,438530,112227,111700,8472,120172,479
2023-01-12,Sonoma,097,501317,112189,111955,5689,117644,542
2023-01-12,Stanislaus,099,539301,143516,143318,22642,165960,1800
2023-01-12,Sutter,101,95872,25450,25392,2531,27923,237
2023-01-12,Tehama,103,63373,14368,14320,3371,17691,221
2023-01-12,Trinity,105,12862,1460,1448,500,1948,23
2023-01-12,Tulare,107,460477,126835,126451,39412,165863,1552
2023-01-12,Tuolumne,109,53932,16641,16552,976,17528,209
2023-01-12,Ventura,111,848112,218765,218234,17789,236023,1632
2023-01-12,Yolo,113,214977,49504,49393,4769,54162,433
2023-01-12,Yuba,115,75493,19836,19804,1831,21635,132
2023-01-11,Alameda,001,1643700,372334,371533,22317,393850,2112
2023-01-11,Alpine,002,1148,139,139,4,143,0
2023-01-11,Amador,005,37829,10408,10384,959,11343,96
2023-01-11,Butte,007,227075,41291,41228,10052,51280,478
2023-01-11,Calaveras,009,45235,8901,8878,634,9512,138
2023-01-11,Colusa,011,21464,3924,3919,1332,5251,22
2023-01-11,Contra Costa,013,1133247,268460,267212,22060,289272,1505
2023-01-11,Del Norte,015,27424,7774,7700,440,8140,57
2023-01-11,El Dorado,017,186661,34189,34153,4495,38648,236
2023-01-11,Fresno,019,978130,291377,287748,34291,322039,2940
2023-01-11,Glenn,021,27897,5751,5747,1997,7744,58
2023-01-11,Humboldt,023,135768,23130,22986,5763,28749,166
2023-01-11,Imperial,025,180216,69210,69018,18587,87605,964
2023-01-11,Inyo,027,18085,4716,4709,1243,5952,62
2023-01-11,Kern,029,883053,227555,226971,70894,297865,2457
2023-01-11,Kings,031,150075,62172,62044,4380,66424,469
2023-01-11,Lake,033,64148,13492,13448,1268,14716,149
2023-01-11,Lassen,035,31185,10230,10212,1058,11270,66
2023-01-11,Los Angeles,037,10098052,3452505,3443850,211270,3655120,34651
2023-01-11,Madera,039,155013,45894,45761,8787,54548,377
2023-01-11,Marin,041,260295,48245,48130,5625,53755,317
2023-01-11,Mariposa,043,17540,3322,3285,358,3643,32
2023-01-11,Mendocino,045,87422,16718,16682,4771,21453,137
2023-01-11,Merced,047,269075,75670,75253,12609,87862,883
2023-01-11,Modoc,049,8938,949,946,365,1311,11
2023-01-11,Mono,051,14174,3303,3299,297,3596,8
2023-01-11,Monterey,053,433212,97078,96874,22856,119730,781
2023-01-11,Napa,055,140530,33874,33808,1520,35328,165
2023-01-11,Nevada,057,99092,19977,19927,2241,22168,132
2023-01-11,Orange,059,3164182,701696,699881,75829,775710,7723
2023-01-11,Placer,061,380077,79959,79766,10146,89912,671
2023-01-11,Plumas,063,18699,3807,3804,458,4262,13
2023-01-11,Riverside,065,2383286,727374,725898,40713,766611,6761
2023-01-11,Sacramento,067,1510023,365941,365352,37210,402562,3434
2023-01-11,San Benito,069,59416,17424,17378,1102,18480,115
2023-01-11,San Bernardino,071,2135413,703073,701674,34482,736156,8146
2023-01-11,San Diego,073,3302833,972667,970800,79280,1050080,5681
2023-01-11,San Francisco,075,870044,192421,191765,13108,204873,1123
2023-01-11,San Joaquin,077,732212,207407,207038,16557,223595,2378
2023-01-11,San Luis Obispo,079,281455,65693,65502,7974,73476,539
2023-01-11,San Mateo,081,765935,179936,179319,11218,190537,749
2023-01-11,Santa Barbara,083,443738,110746,110537,7514,118051,750
2023-01-11,Santa Clara,085,1922200,466832,465994,21361,487355,2601
2023-01-11,Santa Cruz,087,273765,67337,67144,3809,70953,276
2023-01-11,Shasta,089,179085,36299,36179,8227,44406,604
2023-01-11,Sierra,091,2930,311,311,61,372,5
2023-01-11,Siskiyou,093,43540,5400,5384,3422,8806,95
2023-01-11,Solano,095,438530,112198,111700,8468,120168,479
2023-01-11,Sonoma,097,501317,112155,111955,5686,117641,542
2023-01-11,Stanislaus,099,539301,143495,143318,22598,165916,1800
2023-01-11,Sutter,101,95872,25443,25392,2530,27922,237
2023-01-11,Tehama,103,63373,14365,14320,3369,17689,221
2023-01-11,Trinity,105,12862,1460,1448,500,1948,23
2023-01-11,Tulare,107,460477,126806,126451,39392,165843,1552
2023-01-11,Tuolumne,109,53932,16633,16552,974,17526,209
2023-01-11,Ventura,111,848112,218704,218234,17778,236012,1632
2023-01-11,Yolo,113,214977,49493,49393,4766,54159,433
2023-01-11,Yuba,115,75493,19831,19804,1828,21632,132
2023-01-10,Alameda,001,1643700,372217,371533,22305,393838,2112
2023-01-10,Alpine,002,1148,139,139,4,143,0
2023-01-10,Amador,005,37829,10408,10384,959,11343,96
2023-01-10,Butte,007,227075,41277,41228,10047,51275,478
2023-01-10,Calaveras,009,45235,8900,8878,634,9512,138
2023-01-10,Colusa,011,21464,3924,3919,1331,5250,22
2023-01-10,Contra Costa,013,1133247,268360,267212,22044,289256,1505
2023-01-10,Del Norte,015,27424,7771,7700,439,8139,57
2023-01-10,El Dorado,017,186661,34178,34153,4493,38646,236
2023-01-10,Fresno,019,978130,291295,287748,34278,322026,2940
2023-01-10,Glenn,021,27897,5750,5747,1997,7744,58
2023-01-10,Humboldt,023,135768,23127,22986,5759,28745,166
2023-01-10,Imperial,025,180216,69189,69018,18576,87594,964
2023-01-10,Inyo,027,18085,4715,4709,1243,5952,62
2023-01-10,Kern,029,883053,227497,226971,70837,297808,2457
2023-01-10,Kings,031,150075,62150,62044,4379,66423,469
2023-01-10,Lake,033,64148,13487,13448,1268,14716,149
2023-01-10,Lassen,035,31185,10227,10212,1058,11270,66
2023-01-10,Los Angeles,037,10098052,3451326,3443850,211099,3654949,34651
2023-01-10,Madera,039,155013,45885,45761,8784,54545,377
2023-01-10,Marin,041,260295,48226,48130,5623,53753,317
2023-01-10,Mariposa,043,17540,3319,3285,358,3643,32
2023-01-10,Mendocino,045,87422,16714,16682,4769,21451,137
2023-01-10,Merced,047,269075,75649,75253,12603,87856,883
2023-01-10,Modoc,049,8938,949,946,365,1311,11
2023-01-10,Mono,051,14174,3303,3299,296,3595,8
2023-01-10,Monterey,053,433212,97061,96874,22832,119706,781
2023-01-10,Napa,055,140530,33862,33808,1520,35328,165
2023-01-10,Nevada,057,99092,19972,19927,2240,22167,132
2023-01-10,Orange,059,3164182,701458,699881,75769,775650,7723
2023-01-10,Placer,061,380077,79931,79766,10143,89909,671
2023-01-10,Plumas,063,18699,3807,3804,458,4262,13
2023-01-10,Riverside,065,2383286,727140,725898,40682,766580,6761
2023-01-10,Sacramento,067,1510023,365841,365352,37185,402537,3434
2023-01-10,San Benito,069,59416,17419,17378,1102,18480,115
2023-01-10,San Bernardino,071,2135413,702878,701674,34459,736133,8146
2023-01-10,San Diego,073,3302833,972294,970800,79218,1050018,5681
2023-01-10,San Francisco,075,870044,192348,191765,13103,204868,1123
2023-01-10,San Joaquin,077,732212,207336,207038,16553,223591,2378
2023-01-10,San Luis Obispo,079,281455,65667,65502,7962,73464,539
2023-01-10,San Mateo,081,765935,179866,179319,11212,190531,749
2023-01-10,Santa Barbara,083,443738,110700,110537,7504,118041,750
2023-01-10,Santa Clara,085,1922200,466601,465994,21347,487341,2601
2023-01-10,Santa Cruz,087,273765,67309,67144,3802,70946,276
2023-01-10,Shasta,089,179085,36287,36179,8226,44405,604
2023-01-10,Sierra,091,2930,311,311,61,372,5
2023-01-10,Siskiyou,093,43540,5399,5384,3422,8806,95
2023-01-10,Solano,095,438530,112155,111700,8464,120164,479
2023-01-10,Sonoma,097,501317,112120,111955,5684,117639,542
2023-01-10,Stanislaus,099,539301,143451,143318,22594,165912,1800
2023-01-10,Sutter,101,95872,25432,25392,2530,27922,237
2023-01-10,Tehama,103,63373,14360,14320,3368,17688,221
2023-01-10,Trinity,105,12862,1458,1448,500,1948,23
2023-01-10,Tulare,107,460477,126756,126451,39371,165822,1552
2023-01-10,Tuolumne,109,53932,16628,16552,974,17526,209
2023-01-10,Ventura,111,848112,218621,218234,17764,235998,1632
2023-01-10,Yolo,113,214977,49487,49393,4764,54157,433
2023-01-10,Yuba,115,75493,19822,19804,1827,21631,132
2023-01-09,Alameda,001,1643700,372041,369872,22287,392159,2098
2023-01-09,Alpine,002,1148,139,138,4,142,0
2023-01-09,Amador,005,37829,10403,10340,959,11299,96
2023-01-09,Butte,007,227075,41267,41102,10042,51144,478
2023-01-09,Calaveras,009,45235,8897,8852,634,9486,137
2023-01-09,Colusa,011,21464,3922,3911,1331,5242,22
2023-01-09,Contra Costa,013,1133247,268244,265846,22034,287880,1501
2023-01-09,Del Norte,015,27424,7771,7680,439,8119,57
2023-01-09,El Dorado,017,186661,34173,34009,4492,38501,236
2023-01-09,Fresno,019,978130,291190,286556,34259,320815,2924
2023-01-09,Glenn,021,27897,5749,5732,1997,7729,58
2023-01-09,Humboldt,023,135768,23120,22878,5751,28629,164
2023-01-09,Imperial,025,180216,69167,68809,18566,87375,964
2023-01-09,Inyo,027,18085,4713,4687,1240,5927,62
2023-01-09,Kern,029,883053,227456,226454,70790,297244,2450
2023-01-09,Kings,031,150075,62127,61886,4377,66263,466
2023-01-09,Lake,033,64148,13484,13363,1268,14631,149
2023-01-09,Lassen,035,31185,10226,10189,1057,11246,66
2023-01-09,Los Angeles,037,10098052,3450237,3434193,210921,3645114,34492
2023-01-09,Madera,039,155013,45872,45608,8774,54382,377
2023-01-09,Marin,041,260295,48207,47893,5618,53511,317
2023-01-09,Mariposa,043,17540,3319,3223,358,3581,32
2023-01-09,Mendocino,045,87422,16710,16582,4767,21349,137
2023-01-09,Merced,047,269075,75625,74969,12601,87570,883
2023-01-09,Modoc,049,8938,949,940,365,1305,11
2023-01-09,Mono,051,14174,3301,3284,296,3580,8
2023-01-09,Monterey,053,433212,97040,96607,22812,119419,778
2023-01-09,Napa,055,140530,33855,33666,1517,35183,164
2023-01-09,Nevada,057,99092,19969,19845,2239,22084,132
2023-01-09,Orange,059,3164182,701190,697391,75686,773077,7683
2023-01-09,Placer,061,380077,79905,79461,10139,89600,672
2023-01-09,Plumas,063,18699,3807,3798,457,4255,13
2023-01-09,Riverside,065,2383286,726918,723578,40650,764228,6748
2023-01-09,Sacramento,067,1510023,365726,364212,37173,401385,3422
2023-01-09,San Benito,069,59416,17415,17293,1102,18395,115
2023-01-09,San Bernardino,071,2135413,702702,699531,34436,733967,8143
2023-01-09,San Diego,073,3302833,971857,967383,79151,1046534,5662
2023-01-09,San Francisco,075,870044,192262,190940,13095,204035,1114
2023-01-09,San Joaquin,077,732212,207274,206280,16542,222822,2369
2023-01-09,San Luis Obispo,079,281455,65650,65166,7955,73121,539
2023-01-09,San Mateo,081,765935,179790,178472,11204,189676,749
2023-01-09,Santa Barbara,083,443738,110671,110007,7503,117510,748
2023-01-09,Santa Clara,085,1922200,466399,463958,21330,485288,2601
2023-01-09,Santa Cruz,087,273765,67272,66937,3799,70736,276
2023-01-09,Shasta,089,179085,36283,36083,8224,44307,602
2023-01-09,Sierra,091,2930,311,310,61,371,5
2023-01-09,Siskiyou,093,43540,5398,5373,3421,8794,95
2023-01-09,Solano,095,438530,112103,111243,8457,119700,478
2023-01-09,Sonoma,097,501317,112090,111530,5681,117211,537
2023-01-09,Stanislaus,099,539301,143406,142918,22587,165505,1801
2023-01-09,Sutter,101,95872,25422,25308,2530,27838,235
2023-01-09,Tehama,103,63373,14358,14258,3365,17623,221
2023-01-09,Trinity,105,12862,1458,1448,498,1946,24
2023-01-09,Tulare,107,460477,126705,125773,39351,165124,1546
2023-01-09,Tuolumne,109,53932,16622,16425,973,17398,211
2023-01-09,Ventura,111,848112,218541,217286,17753,235039,1610
2023-01-09,Yolo,113,214977,49475,49138,4763,53901,428
2023-01-09,Yuba,115,75493,19811,19743,1827,21570,132
2023-01-08,Alameda,001,1643700,371824,369872,22266,392138,2098
2023-01-08,Alpine,002,1148,139,138,4,142,0
2023-01-08,Amador,005,37829,10397,10340,958,11298,96
2023-01-08,Butte,007,227075,41253,41102,10036,51138,478
2023-01-08,Calaveras,009,45235,8892,8852,634,9486,137
2023-01-08,Colusa,011,21464,3922,3911,1329,5240,22
2023-01-08,Contra Costa,013,1133247,268111,265846,22021,287867,1501
2023-01-08,Del Norte,015,27424,7768,7680,439,8119,57
2023-01-08,El Dorado,017,186661,34165,34009,4492,38501,236
2023-01-08,Fresno,019,978130,291079,286556,34245,320801,2924
2023-01-08,Glenn,021,27897,5748,5732,1997,7729,58
2023-01-08,Humboldt,023,135768,23112,22878,5741,28619,164
2023-01-08,Imperial,025,180216,69143,68809,18557,87366,964
2023-01-08,Inyo,027,18085,4711,4687,1239,5926,62
2023-01-08,Kern,029,883053,227373,226454,70724,297178,2450
2023-01-08,Kings,031,150075,62103,61886,4375,66261,466
2023-01-08,Lake,033,64148,13478,13363,1268,14631,149
2023-01-08,Lassen,035,31185,10224,10189,1056,11245,66
2023-01-08,Los Angeles,037,10098052,3448859,3434193,210666,3644859,34492
2023-01-08,Madera,039,155013,45852,45608,8769,54377,377
2023-01-08,Marin,041,260295,48184,47893,5613,53506,317
2023-01-08,Mariposa,043,17540,3319,3223,358,3581,32
2023-01-08,Mendocino,045,87422,16699,16582,4765,21347,137
2023-01-08,Merced,047,269075,75594,74969,12594,87563,883
2023-01-08,Modoc,049,8938,949,940,364,1304,11
2023-01-08,Mono,051,14174,3298,3284,296,3580,8
2023-01-08,Monterey,053,433212,97016,96607,22781,119388,778
2023-01-08,Napa,055,140530,33831,33666,1516,35182,164
2023-01-08,Nevada,057,99092,19960,19845,2236,22081,132
2023-01-08,Orange,059,3164182,700874,697391,75586,772977,7683
2023-01-08,Placer,061,380077,79864,79461,10135,89596,672
2023-01-08,Plumas,063,18699,3807,3798,457,4255,13
2023-01-08,Riverside,065,2383286,726649,723578,40588,764166,6748
2023-01-08,Sacramento,067,1510023,365585,364212,37143,401355,3422
2023-01-08,San Benito,069,59416,17410,17293,1102,18395,115
2023-01-08,San Bernardino,071,2135413,702456,699531,34403,733934,8143
2023-01-08,San Diego,073,3302833,971313,967383,79052,1046435,5662
2023-01-08,San Francisco,075,870044,192136,190940,13083,204023,1114
2023-01-08,San Joaquin,077,732212,207193,206280,16534,222814,2369
2023-01-08,San Luis Obispo,079,281455,65633,65166,7946,73112,539
2023-01-08,San Mateo,081,765935,179694,178472,11199,189671,749
2023-01-08,Santa Barbara,083,443738,110640,110007,7496,117503,748
2023-01-08,Santa Clara,085,1922200,466102,463958,21310,485268,2601
2023-01-08,Santa Cruz,087,273765,67253,66937,3797,70734,276
2023-01-08,Shasta,089,179085,36276,36083,8220,44303,602
2023-01-08,Sierra,091,2930,311,310,61,371,5
2023-01-08,Siskiyou,093,43540,5394,5373,3421,8794,95
2023-01-08,Solano,095,438530,112023,111243,8453,119696,478
2023-01-08,Sonoma,097,501317,112037,111530,5678,117208,537
2023-01-08,Stanislaus,099,539301,143365,142918,22579,165497,1801
2023-01-08,Sutter,101,95872,25412,25308,2530,27838,235
2023-01-08,Tehama,103,63373,14355,14258,3362,17620,221
2023-01-08,Trinity,105,12862,1458,1448,498,1946,24
2023-01-08,Tulare,107,460477,126656,125773,39329,165102,1546
2023-01-08,Tuolumne,109,53932,16615,16425,972,17397,211
2023-01-08,Ventura,111,848112,218450,217286,17736,235022,1610
2023-01-08,Yolo,113,214977,49454,49138,4758,53896,428
2023-01-08,Yuba,115,75493,19808,19743,1827,21570,132
2023-01-07,Alameda,001,1643700,371726,369872,22250,392122,2098
2023-01-07,Alpine,002,1148,139,138,4,142,0
2023-01-07,Amador,005,37829,10396,10340,958,11298,96
2023-01-07,Butte,007,227075,41247,41102,10032,51134,478
2023-01-07,Calaveras,009,45235,8891,8852,633,9485,137
2023-01-07,Colusa,011,21464,3921,3911,1329,5240,22
2023-01-07,Contra Costa,013,1133247,268030,265846,22016,287862,1501
2023-01-07,Del Norte,015,27424,7766,7680,439,8119,57
2023-01-07,El Dorado,017,186661,34157,34009,4490,38499,236
2023-01-07,Fresno,019,978130,291024,286556,34238,320794,2924
2023-01-07,Glenn,021,27897,5747,5732,1995,7727,58
2023-01-07,Humboldt,023,135768,23107,22878,5735,28613,164
2023-01-07,Imperial,025,180216,69128,68809,18557,87366,964
2023-01-07,Inyo,027,18085,4711,4687,1239,5926,62
2023-01-07,Kern,029,883053,227329,226454,70668,297122,2450
2023-01-07,Kings,031,150075,62086,61886,4373,66259,466
2023-01-07,Lake,033,64148,13476,13363,1268,14631,149
2023-01-07,Lassen,035,31185,10222,10189,1056,11245,66
2023-01-07,Los Angeles,037,10098052,3447996,3434193,210533,3644726,34492
2023-01-07,Madera,039,155013,45843,45608,8769,54377,377
2023-01-07,Marin,041,260295,48169,47893,5613,53506,317
2023-01-07,Mariposa,043,17540,3318,3223,358,3581,32
2023-01-07,Mendocino,045,87422,16693,16582,4764,21346,137
2023-01-07,Merced,047,269075,75579,74969,12594,87563,883
2023-01-07,Modoc,049,8938,949,940,364,1304,11
2023-01-07,Mono,051,14174,3298,3284,296,3580,8
2023-01-07,Monterey,053,433212,96998,96607,22775,119382,778
2023-01-07,Napa,055,140530,33828,33666,1515,35181,164
2023-01-07,Nevada,057,99092,19959,19845,2235,22080,132
2023-01-07,Orange,059,3164182,700688,697391,75512,772903,7683
2023-01-07,Placer,061,380077,79836,79461,10133,89594,672
2023-01-07,Plumas,063,18699,3807,3798,457,4255,13
2023-01-07,Riverside,065,2383286,726503,723578,40564,764142,6748
2023-01-07,Sacramento,067,1510023,365516,364212,37136,401348,3422
2023-01-07,San Benito,069,59416,17406,17293,1102,18395,115
2023-01-07,San Bernardino,071,2135413,702289,699531,34384,733915,8143
2023-01-07,San Diego,073,3302833,971039,967383,79035,1046418,5662
2023-01-07,San Francisco,075,870044,192073,190940,13075,204015,1114
2023-01-07,San Joaquin,077,732212,207144,206280,16525,222805,2369
2023-01-07,San Luis Obispo,079,281455,65624,65166,7940,73106,539
2023-01-07,San Mateo,081,765935,179654,178472,11189,189661,749
2023-01-07,Santa Barbara,083,443738,110601,110007,7485,117492,748
2023-01-07,Santa Clara,085,1922200,465958,463958,21298,485256,2601
2023-01-07,Santa Cruz,087,273765,67241,66937,3794,70731,276
2023-01-07,Shasta,089,179085,36269,36083,8219,44302,602
2023-01-07,Sierra,091,2930,311,310,61,371,5
2023-01-07,Siskiyou,093,43540,5391,5373,3421,8794,95
2023-01-07,Solano,095,438530,111997,111243,8451,119694,478
2023-01-07,Sonoma,097,501317,112028,111530,5678,117208,537
2023-01-07,Stanislaus,099,539301,143332,142918,22572,165490,1801
2023-01-07,Sutter,101,95872,25406,25308,2529,27837,235
2023-01-07,Tehama,103,63373,14353,14258,3360,17618,221
2023-01-07,Trinity,105,12862,1458,1448,498,1946,24
2023-01-07,Tulare,107,460477,126636,125773,39317,165090,1546
2023-01-07,Tuolumne,109,53932,16607,16425,972,17397,211
2023-01-07,Ventura,111,848112,218401,217286,17714,235000,1610
2023-01-07,Yolo,113,214977,49444,49138,4756,53894,428
2023-01-07,Yuba,115,75493,19801,19743,1827,21570,132
2023-01-06,Alameda,001,1643700,371605,369872,22240,392112,2098
2023-01-06,Alpine,002,1148,139,138,4,142,0
2023-01-06,Amador,005,37829,10393,10340,957,11297,96
2023-01-06,Butte,007,227075,41239,41102,10028,51130,478
2023-01-06,Calaveras,009,45235,8891,8852,633,9485,137
2023-01-06,Colusa,011,21464,3920,3911,1329,5240,22
2023-01-06,Contra Costa,013,1133247,267941,265846,22010,287856,1501
2023-01-06,Del Norte,015,27424,7765,7680,439,8119,57
2023-01-06,El Dorado,017,186661,34147,34009,4489,38498,236
2023-01-06,Fresno,019,978130,290941,286556,34224,320780,2924
2023-01-06,Glenn,021,27897,5745,5732,1995,7727,58
2023-01-06,Humboldt,023,135768,23102,22878,5732,28610,164
2023-01-06,Imperial,025,180216,69117,68809,18555,87364,964
2023-01-06,Inyo,027,18085,4710,4687,1237,5924,62
2023-01-06,Kern,029,883053,227295,226454,70610,297064,2450
2023-01-06,Kings,031,150075,62069,61886,4373,66259,466
2023-01-06,Lake,033,64148,13473,13363,1268,14631,149
2023-01-06,Lassen,035,31185,10219,10189,1056,11245,66
2023-01-06,Los Angeles,037,10098052,3447013,3434193,210354,3644547,34492
2023-01-06,Madera,039,155013,45835,45608,8764,54372,377
2023-01-06,Marin,041,260295,48154,47893,5611,53504,317
2023-01-06,Mariposa,043,17540,3318,3223,357,3580,32
2023-01-06,Mendocino,045,87422,16689,16582,4764,21346,137
2023-01-06,Merced,047,269075,75560,74969,12592,87561,883
2023-01-06,Modoc,049,8938,949,940,364,1304,11
2023-01-06,Mono,051,14174,3298,3284,295,3579,8
2023-01-06,Monterey,053,433212,96983,96607,22754,119361,778
2023-01-06,Napa,055,140530,33816,33666,1511,35177,164
2023-01-06,Nevada,057,99092,19957,19845,2234,22079,132
2023-01-06,Orange,059,3164182,700429,697391,75435,772826,7683
2023-01-06,Placer,061,380077,79810,79461,10132,89593,672
2023-01-06,Plumas,063,18699,3807,3798,457,4255,13
2023-01-06,Riverside,065,2383286,726322,723578,40533,764111,6748
2023-01-06,Sacramento,067,1510023,365420,364212,37132,401344,3422
2023-01-06,San Benito,069,59416,17398,17293,1098,18391,115
2023-01-06,San Bernardino,071,2135413,702112,699531,34367,733898,8143
2023-01-06,San Diego,073,3302833,970718,967383,79004,1046387,5662
2023-01-06,San Francisco,075,870044,192002,190940,13069,204009,1114
2023-01-06,San Joaquin,077,732212,207082,206280,16520,222800,2369
2023-01-06,San Luis Obispo,079,281455,65610,65166,7935,73101,539
2023-01-06,San Mateo,081,765935,179604,178472,11182,189654,749
2023-01-06,Santa Barbara,083,443738,110554,110007,7482,117489,748
2023-01-06,Santa Clara,085,1922200,465788,463958,21282,485240,2601
2023-01-06,Santa Cruz,087,273765,67226,66937,3789,70726,276
2023-01-06,Shasta,089,179085,36264,36083,8217,44300,602
2023-01-06,Sierra,091,2930,311,310,61,371,5
2023-01-06,Siskiyou,093,43540,5389,5373,3421,8794,95
2023-01-06,Solano,095,438530,111956,111243,8448,119691,478
2023-01-06,Sonoma,097,501317,112004,111530,5674,117204,537
2023-01-06,Stanislaus,099,539301,143309,142918,22569,165487,1801
2023-01-06,Sutter,101,95872,25403,25308,2529,27837,235
2023-01-06,Tehama,103,63373,14350,14258,3359,17617,221
2023-01-06,Trinity,105,12862,1458,1448,495,1943,24
2023-01-06,Tulare,107,460477,126613,125773,39300,165073,1546
2023-01-06,Tuolumne,109,53932,16596,16425,972,17397,211
2023-01-06,Ventura,111,848112,218336,217286,17707,234993,1610
2023-01-06,Yolo,113,214977,49433,49138,4754,53892,428
2023-01-06,Yuba,115,75493,19793,19743,1827,21570,132
2023-01-05,Alameda,001,1643700,371389,369872,22224,392096,2098
2023-01-05,Alpine,002,1148,139,138,4,142,0
2023-01-05,Amador,005,37829,10392,10340,957,11297,96
2023-01-05,Butte,007,227075,41229,41102,10021,51123,478
2023-01-05,Calaveras,009,45235,8890,8852,633,9485,137
2023-01-05,Colusa,011,21464,3917,3911,1329,5240,22
2023-01-05,Contra Costa,013,1133247,267783,265846,22006,287852,1501
2023-01-05,Del Norte,015,27424,7763,7680,439,8119,57
2023-01-05,El Dorado,017,186661,34131,34009,4489,38498,236
2023-01-05,Fresno,019,978130,290834,286556,34208,320764,2924
2023-01-05,Glenn,021,27897,5744,5732,1994,7726,58
2023-01-05,Humboldt,023,135768,23090,22878,5725,28603,164
2023-01-05,Imperial,025,180216,69088,68809,18542,87351,964
2023-01-05,Inyo,027,18085,4710,4687,1236,5923,62
2023-01-05,Kern,029,883053,227192,226454,70535,296989,2450
2023-01-05,Kings,031,150075,62046,61886,4373,66259,466
2023-01-05,Lake,033,64148,13464,13363,1266,14629,149
2023-01-05,Lassen,035,31185,10217,10189,1051,11240,66
2023-01-05,Los Angeles,037,10098052,3445570,3434193,210096,3644289,34492
2023-01-05,Madera,039,155013,45822,45608,8752,54360,377
2023-01-05,Marin,041,260295,48136,47893,5607,53500,317
2023-01-05,Mariposa,043,17540,3315,3223,357,3580,32
2023-01-05,Mendocino,045,87422,16683,16582,4764,21346,137
2023-01-05,Merced,047,269075,75531,74969,12579,87548,883
2023-01-05,Modoc,049,8938,949,940,364,1304,11
2023-01-05,Mono,051,14174,3294,3284,295,3579,8
2023-01-05,Monterey,053,433212,96955,96607,22721,119328,778
2023-01-05,Napa,055,140530,33801,33666,1508,35174,164
2023-01-05,Nevada,057,99092,19950,19845,2234,22079,132
2023-01-05,Orange,059,3164182,700073,697391,75333,772724,7683
2023-01-05,Placer,061,380077,79770,79461,10130,89591,672
2023-01-05,Plumas,063,18699,3804,3798,457,4255,13
2023-01-05,Riverside,065,2383286,726057,723578,40488,764066,6748
2023-01-05,Sacramento,067,1510023,365252,364212,37113,401325,3422
2023-01-05,San Benito,069,59416,17391,17293,1097,18390,115
2023-01-05,San Bernardino,071,2135413,701887,699531,34348,733879,8143
2023-01-05,San Diego,073,3302833,970265,967383,78916,1046299,5662
2023-01-05,San Francisco,075,870044,191858,190940,13051,203991,1114
2023-01-05,San Joaquin,077,732212,206997,206280,16514,222794,2369
2023-01-05,San Luis Obispo,079,281455,65586,65166,7923,73089,539
2023-01-05,San Mateo,081,765935,179500,178472,11171,189643,749
2023-01-05,Santa Barbara,083,443738,110496,110007,7472,117479,748
2023-01-05,Santa Clara,085,1922200,465474,463958,21263,485221,2601
2023-01-05,Santa Cruz,087,273765,67200,66937,3788,70725,276
2023-01-05,Shasta,089,179085,36256,36083,8211,44294,602
2023-01-05,Sierra,091,2930,311,310,61,371,5
2023-01-05,Siskiyou,093,43540,5386,5373,3421,8794,95
2023-01-05,Solano,095,438530,111893,111243,8441,119684,478
2023-01-05,Sonoma,097,501317,111946,111530,5670,117200,537
2023-01-05,Stanislaus,099,539301,143260,142918,22557,165475,1801
2023-01-05,Sutter,101,95872,25390,25308,2529,27837,235
2023-01-05,Tehama,103,63373,14345,14258,3355,17613,221
2023-01-05,Trinity,105,12862,1457,1448,494,1942,24
2023-01-05,Tulare,107,460477,126570,125773,39273,165046,1546
2023-01-05,Tuolumne,109,53932,16579,16425,972,17397,211
2023-01-05,Ventura,111,848112,218232,217286,17688,234974,1610
2023-01-05,Yolo,113,214977,49420,49138,4751,53889,428
2023-01-05,Yuba,115,75493,19787,19743,1826,21569,132
2023-01-04,Alameda,001,1643700,371166,369872,22197,392069,2098
2023-01-04,Alpine,002,1148,139,138,4,142,0
2023-01-04,Amador,005,37829,10386,10340,956,11296,96
2023-01-04,Butte,007,227075,41216,41102,10007,51109,478
2023-01-04,Calaveras,009,45235,8888,8852,632,9484,137
2023-01-04,Colusa,011,21464,3915,3911,1326,5237,22
2023-01-04,Contra Costa,013,1133247,267611,265846,21989,287835,1501
2023-01-04,Del Norte,015,27424,7761,7680,439,8119,57
2023-01-04,El Dorado,017,186661,34122,34009,4489,38498,236
2023-01-04,Fresno,019,978130,290711,286556,34192,320748,2924
2023-01-04,Glenn,021,27897,5744,5732,1991,7723,58
2023-01-04,Humboldt,023,135768,23086,22878,5722,28600,164
2023-01-04,Imperial,025,180216,69073,68809,18525,87334,964
2023-01-04,Inyo,027,18085,4706,4687,1233,5920,62
2023-01-04,Kern,029,883053,227090,226454,70449,296903,2450
2023-01-04,Kings,031,150075,62024,61886,4373,66259,466
2023-01-04,Lake,033,64148,13461,13363,1265,14628,149
2023-01-04,Lassen,035,31185,10213,10189,1049,11238,66
2023-01-04,Los Angeles,037,10098052,3444056,3434193,209852,3644045,34492
2023-01-04,Madera,039,155013,45809,45608,8748,54356,377
2023-01-04,Marin,041,260295,48111,47893,5604,53497,317
2023-01-04,Mariposa,043,17540,3315,3223,357,3580,32
2023-01-04,Mendocino,045,87422,16679,16582,4758,21340,137
2023-01-04,Merced,047,269075,75508,74969,12576,87545,883
2023-01-04,Modoc,049,8938,947,940,364,1304,11
2023-01-04,Mono,051,14174,3293,3284,295,3579,8
2023-01-04,Monterey,053,433212,96918,96607,22694,119301,778
2023-01-04,Napa,055,140530,33774,33666,1508,35174,164
2023-01-04,Nevada,057,99092,19942,19845,2232,22077,132
2023-01-04,Orange,059,3164182,699731,697391,75231,772622,7683
2023-01-04,Placer,061,380077,79736,79461,10127,89588,672
2023-01-04,Plumas,063,18699,3804,3798,457,4255,13
2023-01-04,Riverside,065,2383286,725776,723578,40433,764011,6748
2023-01-04,Sacramento,067,1510023,365126,364212,37074,401286,3422
2023-01-04,San Benito,069,59416,17381,17293,1097,18390,115
2023-01-04,San Bernardino,071,2135413,701667,699531,34317,733848,8143
2023-01-04,San Diego,073,3302833,969708,967383,78822,1046205,5662
2023-01-04,San Francisco,075,870044,191761,190940,13043,203983,1114
2023-01-04,San Joaquin,077,732212,206898,206280,16506,222786,2369
2023-01-04,San Luis Obispo,079,281455,65559,65166,7908,73074,539
2023-01-04,San Mateo,081,765935,179419,178472,11164,189636,749
2023-01-04,Santa Barbara,083,443738,110444,110007,7465,117472,748
2023-01-04,Santa Clara,085,1922200,465186,463958,21237,485195,2601
2023-01-04,Santa Cruz,087,273765,67174,66937,3786,70723,276
2023-01-04,Shasta,089,179085,36239,36083,8211,44294,602
2023-01-04,Sierra,091,2930,311,310,61,371,5
2023-01-04,Siskiyou,093,43540,5384,5373,3421,8794,95
2023-01-04,Solano,095,438530,111838,111243,8435,119678,478
2023-01-04,Sonoma,097,501317,111910,111530,5666,117196,537
2023-01-04,Stanislaus,099,539301,143223,142918,22547,165465,1801
2023-01-04,Sutter,101,95872,25380,25308,2528,27836,235
2023-01-04,Tehama,103,63373,14342,14258,3354,17612,221
2023-01-04,Trinity,105,12862,1456,1448,494,1942,24
2023-01-04,Tulare,107,460477,126516,125773,39241,165014,1546
2023-01-04,Tuolumne,109,53932,16568,16425,972,17397,211
2023-01-04,Ventura,111,848112,218139,217286,17668,234954,1610
2023-01-04,Yolo,113,214977,49408,49138,4751,53889,428
2023-01-04,Yuba,115,75493,19781,19743,1824,21567,132
2023-01-03,Alameda,001,1643700,370921,369872,22171,392043,2098
2023-01-03,Alpine,002,1148,139,138,4,142,0
2023-01-03,Amador,005,37829,10378,10340,956,11296,96
2023-01-03,Butte,007,227075,41204,41102,10003,51105,478
2023-01-03,Calaveras,009,45235,8883,8852,631,9483,137
2023-01-03,Colusa,011,21464,3915,3911,1326,5237,22
2023-01-03,Contra Costa,013,1133247,267424,265846,21978,287824,1501
2023-01-03,Del Norte,015,27424,7758,7680,437,8117,57
2023-01-03,El Dorado,017,186661,34104,34009,4487,38496,236
2023-01-03,Fresno,019,978130,290564,286556,34168,320724,2924
2023-01-03,Glenn,021,27897,5743,5732,1988,7720,58
2023-01-03,Humboldt,023,135768,23076,22878,5719,28597,164
2023-01-03,Imperial,025,180216,69044,68809,18508,87317,964
2023-01-03,Inyo,027,18085,4705,4687,1232,5919,62
2023-01-03,Kern,029,883053,226967,226454,70333,296787,2450
2023-01-03,Kings,031,150075,61987,61886,4373,66259,466
2023-01-03,Lake,033,64148,13452,13363,1265,14628,149
2023-01-03,Lassen,035,31185,10210,10189,1047,11236,66
2023-01-03,Los Angeles,037,10098052,3442301,3434193,209532,3643725,34492
2023-01-03,Madera,039,155013,45795,45608,8742,54350,377
2023-01-03,Marin,041,260295,48097,47893,5598,53491,317
2023-01-03,Mariposa,043,17540,3314,3223,357,3580,32
2023-01-03,Mendocino,045,87422,16676,16582,4757,21339,137
2023-01-03,Merced,047,269075,75472,74969,12570,87539,883
2023-01-03,Modoc,049,8938,945,940,364,1304,11
2023-01-03,Mono,051,14174,3292,3284,295,3579,8
2023-01-03,Monterey,053,433212,96888,96607,22671,119278,778
2023-01-03,Napa,055,140530,33747,33666,1506,35172,164
2023-01-03,Nevada,057,99092,19933,19845,2232,22077,132
2023-01-03,Orange,059,3164182,699314,697391,75093,772484,7683
2023-01-03,Placer,061,380077,79685,79461,10119,89580,672
2023-01-03,Plumas,063,18699,3804,3798,457,4255,13
2023-01-03,Riverside,065,2383286,725406,723578,40372,763950,6748
2023-01-03,Sacramento,067,1510023,364927,364212,37050,401262,3422
2023-01-03,San Benito,069,59416,17374,17293,1096,18389,115
2023-01-03,San Bernardino,071,2135413,701358,699531,34277,733808,8143
2023-01-03,San Diego,073,3302833,969037,967383,78718,1046101,5662
2023-01-03,San Francisco,075,870044,191660,190940,13040,203980,1114
2023-01-03,San Joaquin,077,732212,206805,206280,16490,222770,2369
2023-01-03,San Luis Obispo,079,281455,65524,65166,7888,73054,539
2023-01-03,San Mateo,081,765935,179345,178472,11157,189629,749
2023-01-03,Santa Barbara,083,443738,110379,110007,7452,117459,748
2023-01-03,Santa Clara,085,1922200,464927,463958,21212,485170,2601
2023-01-03,Santa Cruz,087,273765,67151,66937,3781,70718,276
2023-01-03,Shasta,089,179085,36232,36083,8211,44294,602
2023-01-03,Sierra,091,2930,311,310,61,371,5
2023-01-03,Siskiyou,093,43540,5382,5373,3421,8794,95
2023-01-03,Solano,095,438530,111782,111243,8425,119668,478
2023-01-03,Sonoma,097,501317,111864,111530,5666,117196,537
2023-01-03,Stanislaus,099,539301,143168,142918,22542,165460,1801
2023-01-03,Sutter,101,95872,25373,25308,2527,27835,235
2023-01-03,Tehama,103,63373,14334,14258,3353,17611,221
2023-01-03,Trinity,105,12862,1456,1448,492,1940,24
2023-01-03,Tulare,107,460477,126457,125773,39200,164973,1546
2023-01-03,Tuolumne,109,53932,16553,16425,972,17397,211
2023-01-03,Ventura,111,848112,218021,217286,17629,234915,1610
2023-01-03,Yolo,113,214977,49393,49138,4748,53886,428
2023-01-03,Yuba,115,75493,19777,19743,1822,21565,132
2023-01-02,Alameda,001,1643700,370571,367954,22129,390083,2094
2023-01-02,Alpine,002,1148,139,138,4,142,0
2023-01-02,Amador,005,37829,10375,10313,956,11269,96
2023-01-02,Butte,007,227075,41181,41018,10001,51019,474
2023-01-02,Calaveras,009,45235,8878,8818,631,9449,135
2023-01-02,Colusa,011,21464,3914,3906,1326,5232,22
2023-01-02,Contra Costa,013,1133247,267187,264448,21968,286416,1502
2023-01-02,Del Norte,015,27424,7754,7645,435,8080,56
2023-01-02,El Dorado,017,186661,34086,33865,4484,38349,236
2023-01-02,Fresno,019,978130,290385,285444,34141,319585,2918
2023-01-02,Glenn,021,27897,5741,5719,1986,7705,58
2023-01-02,Humboldt,023,135768,23063,22835,5705,28540,163
2023-01-02,Imperial,025,180216,69005,68622,18469,87091,963
2023-01-02,Inyo,027,18085,4703,4670,1229,5899,62
2023-01-02,Kern,029,883053,226844,225659,70190,295849,2450
2023-01-02,Kings,031,150075,61943,61692,4371,66063,466
2023-01-02,Lake,033,64148,13440,13312,1263,14575,149
2023-01-02,Lassen,035,31185,10207,10172,1045,11217,66
2023-01-02,Los Angeles,037,10098052,3440107,3420383,209119,3629502,34360
2023-01-02,Madera,039,155013,45772,45448,8733,54181,377
2023-01-02,Marin,041,260295,48061,47686,5595,53281,317
2023-01-02,Mariposa,043,17540,3310,3211,357,3568,32
2023-01-02,Mendocino,045,87422,16670,16508,4749,21257,137
2023-01-02,Merced,047,269075,75440,74732,12563,87295,883
2023-01-02,Modoc,049,8938,941,931,364,1295,11
2023-01-02,Mono,051,14174,3289,3274,294,3568,8
2023-01-02,Monterey,053,433212,96870,96380,22647,119027,776
2023-01-02,Napa,055,140530,33723,33534,1505,35039,163
2023-01-02,Nevada,057,99092,19927,19774,2231,22005,132
2023-01-02,Orange,059,3164182,698792,694080,74906,768986,7656
2023-01-02,Placer,061,380077,79646,79154,10112,89266,672
2023-01-02,Plumas,063,18699,3802,3787,457,4244,13
2023-01-02,Riverside,065,2383286,724943,720437,40290,760727,6738
2023-01-02,Sacramento,067,1510023,364714,362664,37019,399683,3414
2023-01-02,San Benito,069,59416,17364,17211,1093,18304,108
2023-01-02,San Bernardino,071,2135413,700984,696472,34204,730676,8142
2023-01-02,San Diego,073,3302833,968275,962601,78598,1041199,5641
2023-01-02,San Francisco,075,870044,191477,190012,13035,203047,1104
2023-01-02,San Joaquin,077,732212,206690,205467,16479,221946,2363
2023-01-02,San Luis Obispo,079,281455,65464,64966,7860,72826,536
2023-01-02,San Mateo,081,765935,179193,177703,11146,188849,749
2023-01-02,Santa Barbara,083,443738,110304,109576,7434,117010,747
2023-01-02,Santa Clara,085,1922200,464464,461535,21172,482707,2587
2023-01-02,Santa Cruz,087,273765,67120,66735,3771,70506,276
2023-01-02,Shasta,089,179085,36224,35950,8203,44153,602
2023-01-02,Sierra,091,2930,311,309,61,370,5
2023-01-02,Siskiyou,093,43540,5378,5355,3420,8775,95
2023-01-02,Solano,095,438530,111701,110589,8416,119005,475
2023-01-02,Sonoma,097,501317,111804,111095,5662,116757,536
2023-01-02,Stanislaus,099,539301,143103,142392,22530,164922,1795
2023-01-02,Sutter,101,95872,25360,25207,2526,27733,235
2023-01-02,Tehama,103,63373,14330,14187,3353,17540,219
2023-01-02,Trinity,105,12862,1455,1442,487,1929,23
2023-01-02,Tulare,107,460477,126371,125303,39151,164454,1546
2023-01-02,Tuolumne,109,53932,16548,16340,972,17312,211
2023-01-02,Ventura,111,848112,217879,216327,17580,233907,1605
2023-01-02,Yolo,113,214977,49368,48970,4746,53716,426
2023-01-02,Yuba,115,75493,19763,19654,1821,21475,132
2023-01-01,Alameda,001,1643700,370368,367954,22103,390057,2094
2023-01-01,Alpine,002,1148,139,138,4,142,0
2023-01-01,Amador,005,37829,10373,10313,956,11269,96
2023-01-01,Butte,007,227075,41169,41018,9991,51009,474
2023-01-01,Calaveras,009,45235,8876,8818,630,9448,135
2023-01-01,Colusa,011,21464,3913,3906,1326,5232,22
2023-01-01,Contra Costa,013,1133247,267002,264448,21959,286407,1502
2023-01-01,Del Norte,015,27424,7752,7645,435,8080,56
2023-01-01,El Dorado,017,186661,34061,33865,4483,38348,236
2023-01-01,Fresno,019,978130,290250,285444,34120,319564,2918
2023-01-01,Glenn,021,27897,5738,5719,1977,7696,58
2023-01-01,Humboldt,023,135768,23053,22835,5699,28534,163
2023-01-01,Imperial,025,180216,68987,68622,18459,87081,963
2023-01-01,Inyo,027,18085,4701,4670,1225,5895,62
2023-01-01,Kern,029,883053,226773,225659,70094,295753,2450
2023-01-01,Kings,031,150075,61917,61692,4369,66061,466
2023-01-01,Lake,033,64148,13431,13312,1263,14575,149
2023-01-01,Lassen,035,31185,10206,10172,1044,11216,66
2023-01-01,Los Angeles,037,10098052,3438265,3420383,208815,3629198,34360
2023-01-01,Madera,039,155013,45760,45448,8730,54178,377
2023-01-01,Marin,041,260295,48033,47686,5592,53278,317
2023-01-01,Mariposa,043,17540,3308,3211,356,3567,32
2023-01-01,Mendocino,045,87422,16662,16508,4748,21256,137
2023-01-01,Merced,047,269075,75408,74732,12556,87288,883
2023-01-01,Modoc,049,8938,941,931,364,1295,11
2023-01-01,Mono,051,14174,3288,3274,293,3567,8
2023-01-01,Monterey,053,433212,96842,96380,22629,119009,776
2023-01-01,Napa,055,140530,33712,33534,1504,35038,163
2023-01-01,Nevada,057,99092,19922,19774,2230,22004,132
2023-01-01,Orange,059,3164182,698394,694080,74704,768784,7656
2023-01-01,Placer,061,380077,79616,79154,10105,89259,672
2023-01-01,Plumas,063,18699,3800,3787,457,4244,13
2023-01-01,Riverside,065,2383286,724543,720437,40221,760658,6738
2023-01-01,Sacramento,067,1510023,364546,362664,36993,399657,3414
2023-01-01,San Benito,069,59416,17360,17211,1092,18303,108
2023-01-01,San Bernardino,071,2135413,700663,696472,34163,730635,8142
2023-01-01,San Diego,073,3302833,967769,962601,78515,1041116,5641
2023-01-01,San Francisco,075,870044,191360,190012,13022,203034,1104
2023-01-01,San Joaquin,077,732212,206614,205467,16472,221939,2363
2023-01-01,San Luis Obispo,079,281455,65443,64966,7847,72813,536
2023-01-01,San Mateo,081,765935,179106,177703,11139,188842,749
2023-01-01,Santa Barbara,083,443738,110232,109576,7432,117008,747
2023-01-01,Santa Clara,085,1922200,464170,461535,21141,482676,2587
2023-01-01,Santa Cruz,087,273765,67106,66735,3768,70503,276
2023-01-01,Shasta,089,179085,36215,35950,8198,44148,602
2023-01-01,Sierra,091,2930,311,309,61,370,5
2023-01-01,Siskiyou,093,43540,5376,5355,3420,8775,95
2023-01-01,Solano,095,438530,111631,110589,8406,118995,475
2023-01-01,Sonoma,097,501317,111762,111095,5659,116754,536
2023-01-01,Stanislaus,099,539301,143047,142392,22523,164915,1795
2023-01-01,Sutter,101,95872,25351,25207,2526,27733,235
2023-01-01,Tehama,103,63373,14324,14187,3352,17539,219
2023-01-01,Trinity,105,12862,1455,1442,487,1929,23
2023-01-01,Tulare,107,460477,126317,125303,39111,164414,1546
2023-01-01,Tuolumne,109,53932,16545,16340,972,17312,211
2023-01-01,Ventura,111,848112,217776,216327,17554,233881,1605
2023-01-01,Yolo,113,214977,49354,48970,4744,53714,426
2023-01-01,Yuba,115,75493,19754,19654,1820,21474,132
2022-12-31,Alameda,001,1643700,370232,367954,22089,390043,2094
2022-12-31,Alpine,002,1148,139,138,4,142,0
2022-12-31,Amador,005,37829,10371,10313,956,11269,96
2022-12-31,Butte,007,227075,41160,41018,9987,51005,474
2022-12-31,Calaveras,009,45235,8874,8818,630,9448,135
2022-12-31,Colusa,011,21464,3912,3906,1325,5231,22
2022-12-31,Contra Costa,013,1133247,266894,264448,21956,286404,1502
2022-12-31,Del Norte,015,27424,7750,7645,435,8080,56
2022-12-31,El Dorado,017,186661,34048,33865,4481,38346,236
2022-12-31,Fresno,019,978130,290189,285444,34117,319561,2918
2022-12-31,Glenn,021,27897,5737,5719,1974,7693,58
2022-12-31,Humboldt,023,135768,23049,22835,5695,28530,163
2022-12-31,Imperial,025,180216,68979,68622,18458,87080,963
2022-12-31,Inyo,027,18085,4699,4670,1225,5895,62
2022-12-31,Kern,029,883053,226718,225659,70062,295721,2450
2022-12-31,Kings,031,150075,61910,61692,4369,66061,466
2022-12-31,Lake,033,64148,13427,13312,1263,14575,149
2022-12-31,Lassen,035,31185,10205,10172,1044,11216,66
2022-12-31,Los Angeles,037,10098052,3437420,3420383,208610,3628993,34360
2022-12-31,Madera,039,155013,45750,45448,8729,54177,377
2022-12-31,Marin,041,260295,48017,47686,5592,53278,317
2022-12-31,Mariposa,043,17540,3307,3211,356,3567,32
2022-12-31,Mendocino,045,87422,16660,16508,4747,21255,137
2022-12-31,Merced,047,269075,75399,74732,12554,87286,883
2022-12-31,Modoc,049,8938,941,931,364,1295,11
2022-12-31,Mono,051,14174,3288,3274,293,3567,8
2022-12-31,Monterey,053,433212,96817,96380,22618,118998,776
2022-12-31,Napa,055,140530,33708,33534,1504,35038,163
2022-12-31,Nevada,057,99092,19917,19774,2228,22002,132
2022-12-31,Orange,059,3164182,698205,694080,74614,768694,7656
2022-12-31,Placer,061,380077,79586,79154,10099,89253,672
2022-12-31,Plumas,063,18699,3799,3787,457,4244,13
2022-12-31,Riverside,065,2383286,724371,720437,40175,760612,6738
2022-12-31,Sacramento,067,1510023,364466,362664,36980,399644,3414
2022-12-31,San Benito,069,59416,17357,17211,1092,18303,108
2022-12-31,San Bernardino,071,2135413,700511,696472,34138,730610,8142
2022-12-31,San Diego,073,3302833,967581,962601,78483,1041084,5641
2022-12-31,San Francisco,075,870044,191296,190012,13016,203028,1104
2022-12-31,San Joaquin,077,732212,206563,205467,16467,221934,2363
2022-12-31,San Luis Obispo,079,281455,65432,64966,7845,72811,536
2022-12-31,San Mateo,081,765935,179060,177703,11132,188835,749
2022-12-31,Santa Barbara,083,443738,110199,109576,7426,117002,747
2022-12-31,Santa Clara,085,1922200,464025,461535,21117,482652,2587
2022-12-31,Santa Cruz,087,273765,67098,66735,3765,70500,276
2022-12-31,Shasta,089,179085,36213,35950,8197,44147,602
2022-12-31,Sierra,091,2930,311,309,61,370,5
2022-12-31,Siskiyou,093,43540,5375,5355,3420,8775,95
2022-12-31,Solano,095,438530,111604,110589,8401,118990,475
2022-12-31,Sonoma,097,501317,111725,111095,5656,116751,536
2022-12-31,Stanislaus,099,539301,143011,142392,22520,164912,1795
2022-12-31,Sutter,101,95872,25345,25207,2526,27733,235
2022-12-31,Tehama,103,63373,14319,14187,3352,17539,219
2022-12-31,Trinity,105,12862,1455,1442,487,1929,23
2022-12-31,Tulare,107,460477,126284,125303,39087,164390,1546
2022-12-31,Tuolumne,109,53932,16536,16340,972,17312,211
2022-12-31,Ventura,111,848112,217699,216327,17540,233867,1605
2022-12-31,Yolo,113,214977,49347,48970,4742,53712,426
2022-12-31,Yuba,115,75493,19753,19654,1820,21474,132
2022-12-30,Alameda,001,1643700,370068,367954,22077,390031,2094
2022-12-30,Alpine,002,1148,139,138,4,142,0
2022-12-30,Amador,005,37829,10371,10313,956,11269,96
2022-12-30,Butte,007,227075,41156,41018,9983,51001,474
2022-12-30,Calaveras,009,45235,8870,8818,630,9448,135
2022-12-30,Colusa,011,21464,3912,3906,1324,5230,22
2022-12-30,Contra Costa,013,1133247,266782,264448,21945,286393,1502
2022-12-30,Del Norte,015,27424,7744,7645,435,8080,56
2022-12-30,El Dorado,017,186661,34040,33865,4479,38344,236
2022-12-30,Fresno,019,978130,290090,285444,34105,319549,2918
2022-12-30,Glenn,021,27897,5737,5719,1973,7692,58
2022-12-30,Humboldt,023,135768,23044,22835,5692,28527,163
2022-12-30,Imperial,025,180216,68966,68622,18456,87078,963
2022-12-30,Inyo,027,18085,4696,4670,1223,5893,62
2022-12-30,Kern,029,883053,226649,225659,69984,295643,2450
2022-12-30,Kings,031,150075,61902,61692,4369,66061,466
2022-12-30,Lake,033,64148,13422,13312,1263,14575,149
2022-12-30,Lassen,035,31185,10204,10172,1043,11215,66
2022-12-30,Los Angeles,037,10098052,3436297,3420383,208374,3628757,34360
2022-12-30,Madera,039,155013,45743,45448,8728,54176,377
2022-12-30,Marin,041,260295,47994,47686,5587,53273,317
2022-12-30,Mariposa,043,17540,3305,3211,356,3567,32
2022-12-30,Mendocino,045,87422,16654,16508,4746,21254,137
2022-12-30,Merced,047,269075,75383,74732,12552,87284,883
2022-12-30,Modoc,049,8938,941,931,364,1295,11
2022-12-30,Mono,051,14174,3288,3274,293,3567,8
2022-12-30,Monterey,053,433212,96795,96380,22604,118984,776
2022-12-30,Napa,055,140530,33698,33534,1504,35038,163
2022-12-30,Nevada,057,99092,19911,19774,2227,22001,132
2022-12-30,Orange,059,3164182,697903,694080,74496,768576,7656
2022-12-30,Placer,061,380077,79559,79154,10087,89241,672
2022-12-30,Plumas,063,18699,3799,3787,457,4244,13
2022-12-30,Riverside,065,2383286,724092,720437,40124,760561,6738
2022-12-30,Sacramento,067,1510023,364353,362664,36966,399630,3414
2022-12-30,San Benito,069,59416,17353,17211,1092,18303,108
2022-12-30,San Bernardino,071,2135413,700258,696472,34112,730584,8142
2022-12-30,San Diego,073,3302833,967181,962601,78422,1041023,5641
2022-12-30,San Francisco,075,870044,191231,190012,13008,203020,1104
2022-12-30,San Joaquin,077,732212,206493,205467,16461,221928,2363
2022-12-30,San Luis Obispo,079,281455,65421,64966,7840,72806,536
2022-12-30,San Mateo,081,765935,179018,177703,11125,188828,749
2022-12-30,Santa Barbara,083,443738,110167,109576,7422,116998,747
2022-12-30,Santa Clara,085,1922200,463848,461535,21093,482628,2587
2022-12-30,Santa Cruz,087,273765,67079,66735,3763,70498,276
2022-12-30,Shasta,089,179085,36207,35950,8197,44147,602
2022-12-30,Sierra,091,2930,311,309,61,370,5
2022-12-30,Siskiyou,093,43540,5374,5355,3419,8774,95
2022-12-30,Solano,095,438530,111560,110589,8395,118984,475
2022-12-30,Sonoma,097,501317,111677,111095,5653,116748,536
2022-12-30,Stanislaus,099,539301,142972,142392,22516,164908,1795
2022-12-30,Sutter,101,95872,25335,25207,2526,27733,235
2022-12-30,Tehama,103,63373,14314,14187,3352,17539,219
2022-12-30,Trinity,105,12862,1455,1442,487,1929,23
2022-12-30,Tulare,107,460477,126259,125303,39058,164361,1546
2022-12-30,Tuolumne,109,53932,16525,16340,972,17312,211
2022-12-30,Ventura,111,848112,217639,216327,17519,233846,1605
2022-12-30,Yolo,113,214977,49329,48970,4740,53710,426
2022-12-30,Yuba,115,75493,19738,19654,1820,21474,132
2022-12-29,Alameda,001,1643700,369793,367954,22042,389996,2094
2022-12-29,Alpine,002,1148,139,138,3,141,0
2022-12-29,Amador,005,37829,10365,10313,956,11269,96
2022-12-29,Butte,007,227075,41143,41018,9970,50988,474
2022-12-29,Calaveras,009,45235,8866,8818,629,9447,135
2022-12-29,Colusa,011,21464,3912,3906,1324,5230,22
2022-12-29,Contra Costa,013,1133247,266613,264448,21936,286384,1502
2022-12-29,Del Norte,015,27424,7739,7645,435,8080,56
2022-12-29,El Dorado,017,186661,34024,33865,4475,38340,236
2022-12-29,Fresno,019,978130,289948,285444,34075,319519,2918
2022-12-29,Glenn,021,27897,5734,5719,1972,7691,58
2022-12-29,Humboldt,023,135768,23039,22835,5682,28517,163
2022-12-29,Imperial,025,180216,68944,68622,18440,87062,963
2022-12-29,Inyo,027,18085,4693,4670,1221,5891,62
2022-12-29,Kern,029,883053,226494,225659,69867,295526,2450
2022-12-29,Kings,031,150075,61876,61692,4369,66061,466
2022-12-29,Lake,033,64148,13416,13312,1263,14575,149
2022-12-29,Lassen,035,31185,10201,10172,1042,11214,66
2022-12-29,Los Angeles,037,10098052,3434323,3420383,207991,3628374,34360
2022-12-29,Madera,039,155013,45721,45448,8712,54160,377
2022-12-29,Marin,041,260295,47961,47686,5580,53266,317
2022-12-29,Mariposa,043,17540,3304,3211,356,3567,32
2022-12-29,Mendocino,045,87422,16646,16508,4746,21254,137
2022-12-29,Merced,047,269075,75360,74732,12547,87279,883
2022-12-29,Modoc,049,8938,941,931,364,1295,11
2022-12-29,Mono,051,14174,3287,3274,292,3566,8
2022-12-29,Monterey,053,433212,96758,96380,22584,118964,776
2022-12-29,Napa,055,140530,33677,33534,1503,35037,163
2022-12-29,Nevada,057,99092,19904,19774,2225,21999,132
2022-12-29,Orange,059,3164182,697435,694080,74315,768395,7656
2022-12-29,Placer,061,380077,79514,79154,10082,89236,672
2022-12-29,Plumas,063,18699,3799,3787,457,4244,13
2022-12-29,Riverside,065,2383286,723672,720437,40037,760474,6738
2022-12-29,Sacramento,067,1510023,364088,362664,36941,399605,3414
2022-12-29,San Benito,069,59416,17346,17211,1090,18301,108
2022-12-29,San Bernardino,071,2135413,699858,696472,34068,730540,8142
2022-12-29,San Diego,073,3302833,966470,962601,78307,1040908,5641
2022-12-29,San Francisco,075,870044,191082,190012,12994,203006,1104
2022-12-29,San Joaquin,077,732212,206373,205467,16444,221911,2363
2022-12-29,San Luis Obispo,079,281455,65387,64966,7820,72786,536
2022-12-29,San Mateo,081,765935,178930,177703,11118,188821,749
2022-12-29,Santa Barbara,083,443738,110093,109576,7415,116991,747
2022-12-29,Santa Clara,085,1922200,463426,461535,21074,482609,2587
2022-12-29,Santa Cruz,087,273765,67059,66735,3755,70490,276
2022-12-29,Shasta,089,179085,36188,35950,8190,44140,602
2022-12-29,Sierra,091,2930,311,309,61,370,5
2022-12-29,Siskiyou,093,43540,5373,5355,3415,8770,95
2022-12-29,Solano,095,438530,111461,110589,8383,118972,475
2022-12-29,Sonoma,097,501317,111616,111095,5644,116739,536
2022-12-29,Stanislaus,099,539301,142902,142392,22496,164888,1795
2022-12-29,Sutter,101,95872,25322,25207,2523,27730,235
2022-12-29,Tehama,103,63373,14309,14187,3350,17537,219
2022-12-29,Trinity,105,12862,1455,1442,487,1929,23
2022-12-29,Tulare,107,460477,126180,125303,39024,164327,1546
2022-12-29,Tuolumne,109,53932,16512,16340,972,17312,211
2022-12-29,Ventura,111,848112,217514,216327,17480,233807,1605
2022-12-29,Yolo,113,214977,49305,48970,4735,53705,426
2022-12-29,Yuba,115,75493,19724,19654,1818,21472,132
2022-12-28,Alameda,001,1643700,369453,367954,22016,389970,2094
2022-12-28,Alpine,002,1148,139,138,3,141,0
2022-12-28,Amador,005,37829,10356,10313,956,11269,96
2022-12-28,Butte,007,227075,41132,41018,9964,50982,474
2022-12-28,Calaveras,009,45235,8859,8818,629,9447,135
2022-12-28,Colusa,011,21464,3910,3906,1323,5229,22
2022-12-28,Contra Costa,013,1133247,266379,264448,21910,286358,1502
2022-12-28,Del Norte,015,27424,7736,7645,435,8080,56
2022-12-28,El Dorado,017,186661,34002,33865,4474,38339,236
2022-12-28,Fresno,019,978130,289788,285444,34053,319497,2918
2022-12-28,Glenn,021,27897,5732,5719,1970,7689,58
2022-12-28,Humboldt,023,135768,23036,22835,5670,28505,163
2022-12-28,Imperial,025,180216,68906,68622,18404,87026,963
2022-12-28,Inyo,027,18085,4692,4670,1220,5890,62
2022-12-28,Kern,029,883053,226324,225659,69729,295388,2450
2022-12-28,Kings,031,150075,61830,61692,4366,66058,466
2022-12-28,Lake,033,64148,13409,13312,1262,14574,149
2022-12-28,Lassen,035,31185,10201,10172,1042,11214,66
2022-12-28,Los Angeles,037,10098052,3432132,3420383,207531,3627914,34360
2022-12-28,Madera,039,155013,45682,45448,8710,54158,377
2022-12-28,Marin,041,260295,47933,47686,5576,53262,317
2022-12-28,Mariposa,043,17540,3302,3211,356,3567,32
2022-12-28,Mendocino,045,87422,16638,16508,4739,21247,137
2022-12-28,Merced,047,269075,75325,74732,12540,87272,883
2022-12-28,Modoc,049,8938,939,931,363,1294,11
2022-12-28,Mono,051,14174,3285,3274,292,3566,8
2022-12-28,Monterey,053,433212,96736,96380,22559,118939,776
2022-12-28,Napa,055,140530,33646,33534,1502,35036,163
2022-12-28,Nevada,057,99092,19895,19774,2224,21998,132
2022-12-28,Orange,059,3164182,696897,694080,74107,768187,7656
2022-12-28,Placer,061,380077,79459,79154,10068,89222,672
2022-12-28,Plumas,063,18699,3794,3787,457,4244,13
2022-12-28,Riverside,065,2383286,723161,720437,39956,760393,6738
2022-12-28,Sacramento,067,1510023,363851,362664,36910,399574,3414
2022-12-28,San Benito,069,59416,17330,17211,1086,18297,108
2022-12-28,San Bernardino,071,2135413,699357,696472,34003,730475,8142
2022-12-28,San Diego,073,3302833,965648,962601,78188,1040789,5641
2022-12-28,San Francisco,075,870044,190946,190012,12987,202999,1104
2022-12-28,San Joaquin,077,732212,206225,205467,16422,221889,2363
2022-12-28,San Luis Obispo,079,281455,65344,64966,7811,72777,536
2022-12-28,San Mateo,081,765935,178805,177703,11103,188806,749
2022-12-28,Santa Barbara,083,443738,110026,109576,7398,116974,747
2022-12-28,Santa Clara,085,1922200,463049,461535,21057,482592,2587
2022-12-28,Santa Cruz,087,273765,67028,66735,3751,70486,276
2022-12-28,Shasta,089,179085,36169,35950,8181,44131,602
2022-12-28,Sierra,091,2930,311,309,61,370,5
2022-12-28,Siskiyou,093,43540,5371,5355,3414,8769,95
2022-12-28,Solano,095,438530,111331,110589,8378,118967,475
2022-12-28,Sonoma,097,501317,111550,111095,5636,116731,536
2022-12-28,Stanislaus,099,539301,142826,142392,22490,164882,1795
2022-12-28,Sutter,101,95872,25300,25207,2523,27730,235
2022-12-28,Tehama,103,63373,14298,14187,3349,17536,219
2022-12-28,Trinity,105,12862,1455,1442,487,1929,23
2022-12-28,Tulare,107,460477,126097,125303,38973,164276,1546
2022-12-28,Tuolumne,109,53932,16504,16340,972,17312,211
2022-12-28,Ventura,111,848112,217363,216327,17439,233766,1605
2022-12-28,Yolo,113,214977,49283,48970,4732,53702,426
2022-12-28,Yuba,115,75493,19711,19654,1814,21468,132
2022-12-27,Alameda,001,1643700,369111,367954,21985,389939,2094
2022-12-27,Alpine,002,1148,139,138,3,141,0
2022-12-27,Amador,005,37829,10346,10313,956,11269,96
2022-12-27,Butte,007,227075,41111,41018,9955,50973,474
2022-12-27,Calaveras,009,45235,8852,8818,629,9447,135
2022-12-27,Colusa,011,21464,3909,3906,1323,5229,22
2022-12-27,Contra Costa,013,1133247,266107,264448,21892,286340,1502
2022-12-27,Del Norte,015,27424,7727,7645,432,8077,56
2022-12-27,El Dorado,017,186661,33969,33865,4471,38336,236
2022-12-27,Fresno,019,978130,289558,285444,34013,319457,2918
2022-12-27,Glenn,021,27897,5730,5719,1969,7688,58
2022-12-27,Humboldt,023,135768,23028,22835,5650,28485,163
2022-12-27,Imperial,025,180216,68856,68622,18387,87009,963
2022-12-27,Inyo,027,18085,4690,4670,1209,5879,62
2022-12-27,Kern,029,883053,226137,225659,69589,295248,2450
2022-12-27,Kings,031,150075,61792,61692,4366,66058,466
2022-12-27,Lake,033,64148,13398,13312,1262,14574,149
2022-12-27,Lassen,035,31185,10196,10172,1039,11211,66
2022-12-27,Los Angeles,037,10098052,3429580,3420383,207006,3627389,34360
2022-12-27,Madera,039,155013,45662,45448,8701,54149,377
2022-12-27,Marin,041,260295,47887,47686,5572,53258,317
2022-12-27,Mariposa,043,17540,3299,3211,356,3567,32
2022-12-27,Mendocino,045,87422,16625,16508,4734,21242,137
2022-12-27,Merced,047,269075,75279,74732,12527,87259,883
2022-12-27,Modoc,049,8938,935,931,363,1294,11
2022-12-27,Mono,051,14174,3283,3274,291,3565,8
2022-12-27,Monterey,053,433212,96694,96380,22534,118914,776
2022-12-27,Napa,055,140530,33623,33534,1501,35035,163
2022-12-27,Nevada,057,99092,19887,19774,2220,21994,132
2022-12-27,Orange,059,3164182,696285,694080,73904,767984,7656
2022-12-27,Placer,061,380077,79398,79154,10058,89212,672
2022-12-27,Plumas,063,18699,3792,3787,457,4244,13
2022-12-27,Riverside,065,2383286,722595,720437,39876,760313,6738
2022-12-27,Sacramento,067,1510023,363548,362664,36872,399536,3414
2022-12-27,San Benito,069,59416,17323,17211,1086,18297,108
2022-12-27,San Bernardino,071,2135413,698810,696472,33915,730387,8142
2022-12-27,San Diego,073,3302833,964717,962601,78053,1040654,5641
2022-12-27,San Francisco,075,870044,190808,190012,12978,202990,1104
2022-12-27,San Joaquin,077,732212,206096,205467,16393,221860,2363
2022-12-27,San Luis Obispo,079,281455,65304,64966,7789,72755,536
2022-12-27,San Mateo,081,765935,178656,177703,11088,188791,749
2022-12-27,Santa Barbara,083,443738,109955,109576,7381,116957,747
2022-12-27,Santa Clara,085,1922200,462596,461535,21034,482569,2587
2022-12-27,Santa Cruz,087,273765,66990,66735,3744,70479,276
2022-12-27,Shasta,089,179085,36149,35950,8170,44120,602
2022-12-27,Sierra,091,2930,310,309,61,370,5
2022-12-27,Siskiyou,093,43540,5368,5355,3413,8768,95
2022-12-27,Solano,095,438530,111197,110589,8372,118961,475
2022-12-27,Sonoma,097,501317,111479,111095,5617,116712,536
2022-12-27,Stanislaus,099,539301,142722,142392,22473,164865,1795
2022-12-27,Sutter,101,95872,25282,25207,2520,27727,235
2022-12-27,Tehama,103,63373,14282,14187,3348,17535,219
2022-12-27,Trinity,105,12862,1452,1442,487,1929,23
2022-12-27,Tulare,107,460477,126007,125303,38929,164232,1546
2022-12-27,Tuolumne,109,53932,16492,16340,972,17312,211
2022-12-27,Ventura,111,848112,217203,216327,17400,233727,1605
2022-12-27,Yolo,113,214977,49258,48970,4729,53699,426
2022-12-27,Yuba,115,75493,19700,19654,1813,21467,132
2022-12-26,Alameda,001,1643700,368751,366018,21952,387970,2088
2022-12-26,Alpine,002,1148,139,138,3,141,0
2022-12-26,Amador,005,37829,10341,10269,956,11225,96
2022-12-26,Butte,007,227075,41083,40923,9929,50852,473
2022-12-26,Calaveras,009,45235,8845,8794,628,9422,135
2022-12-26,Colusa,011,21464,3909,3891,1323,5214,22
2022-12-26,Contra Costa,013,1133247,265807,262951,21870,284821,1492
2022-12-26,Del Norte,015,27424,7722,7612,432,8044,56
2022-12-26,El Dorado,017,186661,33939,33729,4467,38196,236
2022-12-26,Fresno,019,978130,289322,284361,33961,318322,2907
2022-12-26,Glenn,021,27897,5729,5702,1968,7670,58
2022-12-26,Humboldt,023,135768,23016,22760,5629,28389,161
2022-12-26,Imperial,025,180216,68800,68403,18326,86729,963
2022-12-26,Inyo,027,18085,4687,4655,1206,5861,60
2022-12-26,Kern,029,883053,225956,224945,69446,294391,2446
2022-12-26,Kings,031,150075,61757,61461,4363,65824,467
2022-12-26,Lake,033,64148,13394,13254,1258,14512,149
2022-12-26,Lassen,035,31185,10193,10151,1037,11188,66
2022-12-26,Los Angeles,037,10098052,3426778,3399852,206390,3606242,34170
2022-12-26,Madera,039,155013,45619,45290,8694,53984,377
2022-12-26,Marin,041,260295,47837,47457,5565,53022,315
2022-12-26,Mariposa,043,17540,3295,3201,356,3557,32
2022-12-26,Mendocino,045,87422,16611,16435,4718,21153,137
2022-12-26,Merced,047,269075,75246,74498,12515,87013,880
2022-12-26,Modoc,049,8938,932,927,363,1290,11
2022-12-26,Mono,051,14174,3279,3264,291,3555,8
2022-12-26,Monterey,053,433212,96655,96192,22517,118709,776
2022-12-26,Napa,055,140530,33599,33370,1501,34871,163
2022-12-26,Nevada,057,99092,19873,19696,2211,21907,132
2022-12-26,Orange,059,3164182,695606,690845,73666,764511,7628
2022-12-26,Placer,061,380077,79344,78813,10050,88863,669
2022-12-26,Plumas,063,18699,3790,3778,457,4235,13
2022-12-26,Riverside,065,2383286,721907,717576,39763,757339,6738
2022-12-26,Sacramento,067,1510023,363208,361095,36834,397929,3407
2022-12-26,San Benito,069,59416,17306,17109,1082,18191,108
2022-12-26,San Bernardino,071,2135413,698164,693567,33827,727394,8136
2022-12-26,San Diego,073,3302833,963643,957866,77878,1035744,5626
2022-12-26,San Francisco,075,870044,190598,188947,12971,201918,1095
2022-12-26,San Joaquin,077,732212,205937,204712,16364,221076,2353
2022-12-26,San Luis Obispo,079,281455,65254,64748,7761,72509,536
2022-12-26,San Mateo,081,765935,178474,176920,11074,187994,748
2022-12-26,Santa Barbara,083,443738,109871,109074,7372,116446,744
2022-12-26,Santa Clara,085,1922200,462069,459089,21011,480100,2579
2022-12-26,Santa Cruz,087,273765,66949,66560,3739,70299,277
2022-12-26,Shasta,089,179085,36126,35856,8160,44016,601
2022-12-26,Sierra,091,2930,310,308,61,369,5
2022-12-26,Siskiyou,093,43540,5363,5334,3411,8745,95
2022-12-26,Solano,095,438530,111063,109900,8363,118263,474
2022-12-26,Sonoma,097,501317,111382,110643,5606,116249,536
2022-12-26,Stanislaus,099,539301,142629,141956,22455,164411,1795
2022-12-26,Sutter,101,95872,25263,25088,2514,27602,235
2022-12-26,Tehama,103,63373,14276,14127,3341,17468,218
2022-12-26,Trinity,105,12862,1451,1438,487,1925,23
2022-12-26,Tulare,107,460477,125901,124848,38871,163719,1546
2022-12-26,Tuolumne,109,53932,16482,16261,970,17231,209
2022-12-26,Ventura,111,848112,216977,215497,17356,232853,1604
2022-12-26,Yolo,113,214977,49233,48842,4724,53566,422
2022-12-26,Yuba,115,75493,19684,19553,1809,21362,132
2022-12-25,Alameda,001,1643700,368462,366018,21926,387944,2088
2022-12-25,Alpine,002,1148,139,138,3,141,0
2022-12-25,Amador,005,37829,10335,10269,956,11225,96
2022-12-25,Butte,007,227075,41068,40923,9915,50838,473
2022-12-25,Calaveras,009,45235,8841,8794,627,9421,135
2022-12-25,Colusa,011,21464,3908,3891,1322,5213,22
2022-12-25,Contra Costa,013,1133247,265558,262951,21865,284816,1492
2022-12-25,Del Norte,015,27424,7717,7612,432,8044,56
2022-12-25,El Dorado,017,186661,33923,33729,4466,38195,236
2022-12-25,Fresno,019,978130,289183,284361,33940,318301,2907
2022-12-25,Glenn,021,27897,5729,5702,1966,7668,58
2022-12-25,Humboldt,023,135768,23006,22760,5620,28380,161
2022-12-25,Imperial,025,180216,68765,68403,18305,86708,963
2022-12-25,Inyo,027,18085,4685,4655,1204,5859,60
2022-12-25,Kern,029,883053,225862,224945,69289,294234,2446
2022-12-25,Kings,031,150075,61716,61461,4362,65823,467
2022-12-25,Lake,033,64148,13391,13254,1258,14512,149
2022-12-25,Lassen,035,31185,10191,10151,1035,11186,66
2022-12-25,Los Angeles,037,10098052,3424475,3399852,205916,3605768,34170
2022-12-25,Madera,039,155013,45602,45290,8693,53983,377
2022-12-25,Marin,041,260295,47805,47457,5562,53019,315
2022-12-25,Mariposa,043,17540,3295,3201,356,3557,32
2022-12-25,Mendocino,045,87422,16597,16435,4716,21151,137
2022-12-25,Merced,047,269075,75205,74498,12508,87006,880
2022-12-25,Modoc,049,8938,931,927,363,1290,11
2022-12-25,Mono,051,14174,3274,3264,291,3555,8
2022-12-25,Monterey,053,433212,96625,96192,22503,118695,776
2022-12-25,Napa,055,140530,33581,33370,1498,34868,163
2022-12-25,Nevada,057,99092,19864,19696,2207,21903,132
2022-12-25,Orange,059,3164182,695061,690845,73408,764253,7628
2022-12-25,Placer,061,380077,79309,78813,10044,88857,669
2022-12-25,Plumas,063,18699,3790,3778,457,4235,13
2022-12-25,Riverside,065,2383286,721415,717576,39665,757241,6738
2022-12-25,Sacramento,067,1510023,363022,361095,36808,397903,3407
2022-12-25,San Benito,069,59416,17296,17109,1082,18191,108
2022-12-25,San Bernardino,071,2135413,697692,693567,33759,727326,8136
2022-12-25,San Diego,073,3302833,962994,957866,77783,1035649,5626
2022-12-25,San Francisco,075,870044,190431,188947,12965,201912,1095
2022-12-25,San Joaquin,077,732212,205826,204712,16351,221063,2353
2022-12-25,San Luis Obispo,079,281455,65228,64748,7750,72498,536
2022-12-25,San Mateo,081,765935,178352,176920,11067,187987,748
2022-12-25,Santa Barbara,083,443738,109810,109074,7370,116444,744
2022-12-25,Santa Clara,085,1922200,461716,459089,20971,480060,2579
2022-12-25,Santa Cruz,087,273765,66888,66560,3735,70295,277
2022-12-25,Shasta,089,179085,36113,35856,8155,44011,601
2022-12-25,Sierra,091,2930,310,308,61,369,5
2022-12-25,Siskiyou,093,43540,5362,5334,3411,8745,95
2022-12-25,Solano,095,438530,110970,109900,8356,118256,474
2022-12-25,Sonoma,097,501317,111320,110643,5604,116247,536
2022-12-25,Stanislaus,099,539301,142561,141956,22447,164403,1795
2022-12-25,Sutter,101,95872,25248,25088,2512,27600,235
2022-12-25,Tehama,103,63373,14269,14127,3340,17467,218
2022-12-25,Trinity,105,12862,1451,1438,487,1925,23
2022-12-25,Tulare,107,460477,125818,124848,38825,163673,1546
2022-12-25,Tuolumne,109,53932,16460,16261,970,17231,209
2022-12-25,Ventura,111,848112,216836,215497,17322,232819,1604
2022-12-25,Yolo,113,214977,49213,48842,4722,53564,422
2022-12-25,Yuba,115,75493,19667,19553,1809,21362,132
2022-12-24,Alameda,001,1643700,368321,366018,21914,387932,2088
2022-12-24,Alpine,002,1148,139,138,3,141,0
2022-12-24,Amador,005,37829,10333,10269,956,11225,96
2022-12-24,Butte,007,227075,41060,40923,9907,50830,473
2022-12-24,Calaveras,009,45235,8840,8794,626,9420,135
2022-12-24,Colusa,011,21464,3908,3891,1322,5213,22
2022-12-24,Contra Costa,013,1133247,265469,262951,21862,284813,1492
2022-12-24,Del Norte,015,27424,7714,7612,432,8044,56
2022-12-24,El Dorado,017,186661,33908,33729,4465,38194,236
2022-12-24,Fresno,019,978130,289104,284361,33938,318299,2907
2022-12-24,Glenn,021,27897,5729,5702,1966,7668,58
2022-12-24,Humboldt,023,135768,22997,22760,5614,28374,161
2022-12-24,Imperial,025,180216,68751,68403,18298,86701,963
2022-12-24,Inyo,027,18085,4684,4655,1204,5859,60
2022-12-24,Kern,029,883053,225818,224945,69274,294219,2446
2022-12-24,Kings,031,150075,61710,61461,4361,65822,467
2022-12-24,Lake,033,64148,13381,13254,1257,14511,149
2022-12-24,Lassen,035,31185,10189,10151,1035,11186,66
2022-12-24,Los Angeles,037,10098052,3423713,3399852,205730,3605582,34170
2022-12-24,Madera,039,155013,45582,45290,8693,53983,377
2022-12-24,Marin,041,260295,47788,47457,5559,53016,315
2022-12-24,Mariposa,043,17540,3293,3201,356,3557,32
2022-12-24,Mendocino,045,87422,16593,16435,4716,21151,137
2022-12-24,Merced,047,269075,75194,74498,12503,87001,880
2022-12-24,Modoc,049,8938,931,927,363,1290,11
2022-12-24,Mono,051,14174,3272,3264,291,3555,8
2022-12-24,Monterey,053,433212,96599,96192,22492,118684,776
2022-12-24,Napa,055,140530,33566,33370,1498,34868,163
2022-12-24,Nevada,057,99092,19857,19696,2206,21902,132
2022-12-24,Orange,059,3164182,694889,690845,73381,764226,7628
2022-12-24,Placer,061,380077,79281,78813,10043,88856,669
2022-12-24,Plumas,063,18699,3789,3778,455,4233,13
2022-12-24,Riverside,065,2383286,721239,717576,39626,757202,6738
2022-12-24,Sacramento,067,1510023,362949,361095,36800,397895,3407
2022-12-24,San Benito,069,59416,17292,17109,1082,18191,108
2022-12-24,San Bernardino,071,2135413,697511,693567,33732,727299,8136
2022-12-24,San Diego,073,3302833,962768,957866,77738,1035604,5626
2022-12-24,San Francisco,075,870044,190367,188947,12963,201910,1095
2022-12-24,San Joaquin,077,732212,205769,204712,16346,221058,2353
2022-12-24,San Luis Obispo,079,281455,65215,64748,7743,72491,536
2022-12-24,San Mateo,081,765935,178286,176920,11065,187985,748
2022-12-24,Santa Barbara,083,443738,109772,109074,7365,116439,744
2022-12-24,Santa Clara,085,1922200,461556,459089,20958,480047,2579
2022-12-24,Santa Cruz,087,273765,66870,66560,3735,70295,277
2022-12-24,Shasta,089,179085,36107,35856,8152,44008,601
2022-12-24,Sierra,091,2930,310,308,61,369,5
2022-12-24,Siskiyou,093,43540,5359,5334,3411,8745,95
2022-12-24,Solano,095,438530,110943,109900,8353,118253,474
2022-12-24,Sonoma,097,501317,111285,110643,5602,116245,536
2022-12-24,Stanislaus,099,539301,142512,141956,22442,164398,1795
2022-12-24,Sutter,101,95872,25239,25088,2512,27600,235
2022-12-24,Tehama,103,63373,14260,14127,3339,17466,218
2022-12-24,Trinity,105,12862,1451,1438,487,1925,23
2022-12-24,Tulare,107,460477,125777,124848,38802,163650,1546
2022-12-24,Tuolumne,109,53932,16452,16261,969,17230,209
2022-12-24,Ventura,111,848112,216766,215497,17307,232804,1604
2022-12-24,Yolo,113,214977,49201,48842,4720,53562,422
2022-12-24,Yuba,115,75493,19659,19553,1809,21362,132
2022-12-23,Alameda,001,1643700,368154,366018,21887,387905,2088
2022-12-23,Alpine,002,1148,139,138,3,141,0
2022-12-23,Amador,005,37829,10328,10269,956,11225,96
2022-12-23,Butte,007,227075,41052,40923,9891,50814,473
2022-12-23,Calaveras,009,45235,8839,8794,625,9419,135
2022-12-23,Colusa,011,21464,3906,3891,1320,5211,22
2022-12-23,Contra Costa,013,1133247,265338,262951,21852,284803,1492
2022-12-23,Del Norte,015,27424,7709,7612,432,8044,56
2022-12-23,El Dorado,017,186661,33888,33729,4464,38193,236
2022-12-23,Fresno,019,978130,288999,284361,33914,318275,2907
2022-12-23,Glenn,021,27897,5726,5702,1965,7667,58
2022-12-23,Humboldt,023,135768,22992,22760,5611,28371,161
2022-12-23,Imperial,025,180216,68724,68403,18292,86695,963
2022-12-23,Inyo,027,18085,4681,4655,1202,5857,60
2022-12-23,Kern,029,883053,225770,224945,69209,294154,2446
2022-12-23,Kings,031,150075,61693,61461,4360,65821,467
2022-12-23,Lake,033,64148,13374,13254,1257,14511,149
2022-12-23,Lassen,035,31185,10187,10151,1035,11186,66
2022-12-23,Los Angeles,037,10098052,3422531,3399852,205409,3605261,34170
2022-12-23,Madera,039,155013,45565,45290,8692,53982,377
2022-12-23,Marin,041,260295,47765,47457,5558,53015,315
2022-12-23,Mariposa,043,17540,3293,3201,356,3557,32
2022-12-23,Mendocino,045,87422,16588,16435,4714,21149,137
2022-12-23,Merced,047,269075,75182,74498,12498,86996,880
2022-12-23,Modoc,049,8938,931,927,363,1290,11
2022-12-23,Mono,051,14174,3272,3264,290,3554,8
2022-12-23,Monterey,053,433212,96572,96192,22474,118666,776
2022-12-23,Napa,055,140530,33547,33370,1497,34867,163
2022-12-23,Nevada,057,99092,19853,19696,2200,21896,132
2022-12-23,Orange,059,3164182,694633,690845,73211,764056,7628
2022-12-23,Placer,061,380077,79257,78813,10037,88850,669
2022-12-23,Plumas,063,18699,3788,3778,455,4233,13
2022-12-23,Riverside,065,2383286,720969,717576,39569,757145,6738
2022-12-23,Sacramento,067,1510023,362838,361095,36792,397887,3407
2022-12-23,San Benito,069,59416,17280,17109,1080,18189,108
2022-12-23,San Bernardino,071,2135413,697253,693567,33690,727257,8136
2022-12-23,San Diego,073,3302833,962335,957866,77699,1035565,5626
2022-12-23,San Francisco,075,870044,190267,188947,12951,201898,1095
2022-12-23,San Joaquin,077,732212,205711,204712,16344,221056,2353
2022-12-23,San Luis Obispo,079,281455,65197,64748,7739,72487,536
2022-12-23,San Mateo,081,765935,178226,176920,11052,187972,748
2022-12-23,Santa Barbara,083,443738,109733,109074,7360,116434,744
2022-12-23,Santa Clara,085,1922200,461381,459089,20937,480026,2579
2022-12-23,Santa Cruz,087,273765,66851,66560,3731,70291,277
2022-12-23,Shasta,089,179085,36100,35856,8150,44006,601
2022-12-23,Sierra,091,2930,310,308,61,369,5
2022-12-23,Siskiyou,093,43540,5358,5334,3411,8745,95
2022-12-23,Solano,095,438530,110886,109900,8345,118245,474
2022-12-23,Sonoma,097,501317,111238,110643,5601,116244,536
2022-12-23,Stanislaus,099,539301,142472,141956,22441,164397,1795
2022-12-23,Sutter,101,95872,25226,25088,2512,27600,235
2022-12-23,Tehama,103,63373,14257,14127,3339,17466,218
2022-12-23,Trinity,105,12862,1450,1438,487,1925,23
2022-12-23,Tulare,107,460477,125742,124848,38776,163624,1546
2022-12-23,Tuolumne,109,53932,16444,16261,968,17229,209
2022-12-23,Ventura,111,848112,216671,215497,17285,232782,1604
2022-12-23,Yolo,113,214977,49190,48842,4719,53561,422
2022-12-23,Yuba,115,75493,19651,19553,1808,21361,132
2022-12-22,Alameda,001,1643700,367823,366018,21854,387872,2088
2022-12-22,Alpine,002,1148,139,138,3,141,0
2022-12-22,Amador,005,37829,10322,10269,956,11225,96
2022-12-22,Butte,007,227075,41042,40923,9878,50801,473
2022-12-22,Calaveras,009,45235,8839,8794,625,9419,135
2022-12-22,Colusa,011,21464,3901,3891,1320,5211,22
2022-12-22,Contra Costa,013,1133247,265085,262951,21844,284795,1492
2022-12-22,Del Norte,015,27424,7702,7612,431,8043,56
2022-12-22,El Dorado,017,186661,33866,33729,4464,38193,236
2022-12-22,Fresno,019,978130,288836,284361,33877,318238,2907
2022-12-22,Glenn,021,27897,5724,5702,1965,7667,58
2022-12-22,Humboldt,023,135768,22981,22760,5603,28363,161
2022-12-22,Imperial,025,180216,68689,68403,18280,86683,963
2022-12-22,Inyo,027,18085,4681,4655,1201,5856,60
2022-12-22,Kern,029,883053,225677,224945,69112,294057,2446
2022-12-22,Kings,031,150075,61679,61461,4360,65821,467
2022-12-22,Lake,033,64148,13368,13254,1257,14511,149
2022-12-22,Lassen,035,31185,10184,10151,1034,11185,66
2022-12-22,Los Angeles,037,10098052,3420513,3399852,204961,3604813,34170
2022-12-22,Madera,039,155013,45532,45290,8684,53974,377
2022-12-22,Marin,041,260295,47734,47457,5556,53013,315
2022-12-22,Mariposa,043,17540,3291,3201,356,3557,32
2022-12-22,Mendocino,045,87422,16578,16435,4713,21148,137
2022-12-22,Merced,047,269075,75144,74498,12494,86992,880
2022-12-22,Modoc,049,8938,929,927,363,1290,11
2022-12-22,Mono,051,14174,3272,3264,290,3554,8
2022-12-22,Monterey,053,433212,96548,96192,22456,118648,776
2022-12-22,Napa,055,140530,33529,33370,1497,34867,163
2022-12-22,Nevada,057,99092,19842,19696,2196,21892,132
2022-12-22,Orange,059,3164182,694168,690845,73016,763861,7628
2022-12-22,Placer,061,380077,79210,78813,10032,88845,669
2022-12-22,Plumas,063,18699,3786,3778,455,4233,13
2022-12-22,Riverside,065,2383286,720562,717576,39493,757069,6738
2022-12-22,Sacramento,067,1510023,362595,361095,36773,397868,3407
2022-12-22,San Benito,069,59416,17263,17109,1074,18183,108
2022-12-22,San Bernardino,071,2135413,696836,693567,33618,727185,8136
2022-12-22,San Diego,073,3302833,961612,957866,77558,1035424,5626
2022-12-22,San Francisco,075,870044,190131,188947,12927,201874,1095
2022-12-22,San Joaquin,077,732212,205602,204712,16333,221045,2353
2022-12-22,San Luis Obispo,079,281455,65155,64748,7716,72464,536
2022-12-22,San Mateo,081,765935,178112,176920,11044,187964,748
2022-12-22,Santa Barbara,083,443738,109655,109074,7344,116418,744
2022-12-22,Santa Clara,085,1922200,461005,459089,20913,480002,2579
2022-12-22,Santa Cruz,087,273765,66825,66560,3723,70283,277
2022-12-22,Shasta,089,179085,36088,35856,8145,44001,601
2022-12-22,Sierra,091,2930,310,308,61,369,5
2022-12-22,Siskiyou,093,43540,5353,5334,3410,8744,95
2022-12-22,Solano,095,438530,110800,109900,8335,118235,474
2022-12-22,Sonoma,097,501317,111168,110643,5597,116240,536
2022-12-22,Stanislaus,099,539301,142405,141956,22430,164386,1795
2022-12-22,Sutter,101,95872,25204,25088,2510,27598,235
2022-12-22,Tehama,103,63373,14252,14127,3339,17466,218
2022-12-22,Trinity,105,12862,1449,1438,486,1924,23
2022-12-22,Tulare,107,460477,125680,124848,38738,163586,1546
2022-12-22,Tuolumne,109,53932,16434,16261,968,17229,209
2022-12-22,Ventura,111,848112,216565,215497,17251,232748,1604
2022-12-22,Yolo,113,214977,49176,48842,4715,53557,422
2022-12-22,Yuba,115,75493,19637,19553,1806,21359,132
2022-12-21,Alameda,001,1643700,367493,366018,21822,387840,2088
2022-12-21,Alpine,002,1148,139,138,3,141,0
2022-12-21,Amador,005,37829,10319,10269,956,11225,96
2022-12-21,Butte,007,227075,41024,40923,9864,50787,473
2022-12-21,Calaveras,009,45235,8832,8794,620,9414,135
2022-12-21,Colusa,011,21464,3898,3891,1320,5211,22
2022-12-21,Contra Costa,013,1133247,264853,262951,21823,284774,1492
2022-12-21,Del Norte,015,27424,7697,7612,420,8032,56
2022-12-21,El Dorado,017,186661,33840,33729,4460,38189,236
2022-12-21,Fresno,019,978130,288641,284361,33852,318213,2907
2022-12-21,Glenn,021,27897,5723,5702,1964,7666,58
2022-12-21,Humboldt,023,135768,22968,22760,5587,28347,161
2022-12-21,Imperial,025,180216,68649,68403,18254,86657,963
2022-12-21,Inyo,027,18085,4680,4655,1200,5855,60
2022-12-21,Kern,029,883053,225549,224945,69005,293950,2446
2022-12-21,Kings,031,150075,61636,61461,4358,65819,467
2022-12-21,Lake,033,64148,13362,13254,1257,14511,149
2022-12-21,Lassen,035,31185,10178,10151,1034,11185,66
2022-12-21,Los Angeles,037,10098052,3418299,3399852,204493,3604345,34170
2022-12-21,Madera,039,155013,45521,45290,8682,53972,377
2022-12-21,Marin,041,260295,47689,47457,5546,53003,315
2022-12-21,Mariposa,043,17540,3283,3201,355,3556,32
2022-12-21,Mendocino,045,87422,16566,16435,4704,21139,137
2022-12-21,Merced,047,269075,75106,74498,12488,86986,880
2022-12-21,Modoc,049,8938,929,927,363,1290,11
2022-12-21,Mono,051,14174,3272,3264,290,3554,8
2022-12-21,Monterey,053,433212,96514,96192,22440,118632,776
2022-12-21,Napa,055,140530,33510,33370,1494,34864,163
2022-12-21,Nevada,057,99092,19832,19696,2194,21890,132
2022-12-21,Orange,059,3164182,693650,690845,72785,763630,7628
2022-12-21,Placer,061,380077,79154,78813,10018,88831,669
2022-12-21,Plumas,063,18699,3783,3778,455,4233,13
2022-12-21,Riverside,065,2383286,720061,717576,39401,756977,6738
2022-12-21,Sacramento,067,1510023,362366,361095,36733,397828,3407
2022-12-21,San Benito,069,59416,17245,17109,1067,18176,108
2022-12-21,San Bernardino,071,2135413,696361,693567,33542,727109,8136
2022-12-21,San Diego,073,3302833,960799,957866,77430,1035296,5626
2022-12-21,San Francisco,075,870044,189984,188947,12915,201862,1095
2022-12-21,San Joaquin,077,732212,205458,204712,16312,221024,2353
2022-12-21,San Luis Obispo,079,281455,65120,64748,7702,72450,536
2022-12-21,San Mateo,081,765935,177967,176920,11033,187953,748
2022-12-21,Santa Barbara,083,443738,109574,109074,7331,116405,744
2022-12-21,Santa Clara,085,1922200,460614,459089,20870,479959,2579
2022-12-21,Santa Cruz,087,273765,66780,66560,3722,70282,277
2022-12-21,Shasta,089,179085,36062,35856,8135,43991,601
2022-12-21,Sierra,091,2930,310,308,61,369,5
2022-12-21,Siskiyou,093,43540,5351,5334,3410,8744,95
2022-12-21,Solano,095,438530,110675,109900,8327,118227,474
2022-12-21,Sonoma,097,501317,111100,110643,5584,116227,536
2022-12-21,Stanislaus,099,539301,142332,141956,22417,164373,1795
2022-12-21,Sutter,101,95872,25187,25088,2510,27598,235
2022-12-21,Tehama,103,63373,14249,14127,3336,17463,218
2022-12-21,Trinity,105,12862,1449,1438,481,1919,23
2022-12-21,Tulare,107,460477,125615,124848,38687,163535,1546
2022-12-21,Tuolumne,109,53932,16412,16261,968,17229,209
2022-12-21,Ventura,111,848112,216429,215497,17217,232714,1604
2022-12-21,Yolo,113,214977,49149,48842,4711,53553,422
2022-12-21,Yuba,115,75493,19615,19553,1805,21358,132
2022-12-20,Alameda,001,1643700,367157,366018,21786,387804,2088
2022-12-20,Alpine,002,1148,139,138,2,140,0
2022-12-20,Amador,005,37829,10313,10269,956,11225,96
2022-12-20,Butte,007,227075,41007,40923,9846,50769,473
2022-12-20,Calaveras,009,45235,8824,8794,620,9414,135
2022-12-20,Colusa,011,21464,3897,3891,1319,5210,22
2022-12-20,Contra Costa,013,1133247,264618,262951,21808,284759,1492
2022-12-20,Del Norte,015,27424,7693,7612,419,8031,56
2022-12-20,El Dorado,017,186661,33817,33729,4456,38185,236
2022-12-20,Fresno,019,978130,288428,284361,33818,318179,2907
2022-12-20,Glenn,021,27897,5721,5702,1962,7664,58
2022-12-20,Humboldt,023,135768,22950,22760,5568,28328,161
2022-12-20,Imperial,025,180216,68619,68403,18227,86630,963
2022-12-20,Inyo,027,18085,4676,4655,1199,5854,60
2022-12-20,Kern,029,883053,225398,224945,68892,293837,2446
2022-12-20,Kings,031,150075,61589,61461,4356,65817,467
2022-12-20,Lake,033,64148,13347,13254,1245,14499,149
2022-12-20,Lassen,035,31185,10172,10151,1033,11184,66
2022-12-20,Los Angeles,037,10098052,3415940,3399852,203996,3603848,34170
2022-12-20,Madera,039,155013,45488,45290,8673,53963,377
2022-12-20,Marin,041,260295,47652,47457,5542,52999,315
2022-12-20,Mariposa,043,17540,3280,3201,355,3556,32
2022-12-20,Mendocino,045,87422,16552,16435,4698,21133,137
2022-12-20,Merced,047,269075,75066,74498,12475,86973,880
2022-12-20,Modoc,049,8938,928,927,363,1290,11
2022-12-20,Mono,051,14174,3270,3264,286,3550,8
2022-12-20,Monterey,053,433212,96485,96192,22417,118609,776
2022-12-20,Napa,055,140530,33485,33370,1493,34863,163
2022-12-20,Nevada,057,99092,19814,19696,2183,21879,132
2022-12-20,Orange,059,3164182,693070,690845,72577,763422,7628
2022-12-20,Placer,061,380077,79099,78813,10009,88822,669
2022-12-20,Plumas,063,18699,3782,3778,454,4232,13
2022-12-20,Riverside,065,2383286,719568,717576,39313,756889,6738
2022-12-20,Sacramento,067,1510023,362122,361095,36703,397798,3407
2022-12-20,San Benito,069,59416,17221,17109,1065,18174,108
2022-12-20,San Bernardino,071,2135413,695850,693567,33493,727060,8136
2022-12-20,San Diego,073,3302833,960003,957866,77316,1035182,5626
2022-12-20,San Francisco,075,870044,189770,188947,12906,201853,1095
2022-12-20,San Joaquin,077,732212,205319,204712,16292,221004,2353
2022-12-20,San Luis Obispo,079,281455,65079,64748,7692,72440,536
2022-12-20,San Mateo,081,765935,177834,176920,11018,187938,748
2022-12-20,Santa Barbara,083,443738,109479,109074,7320,116394,744
2022-12-20,Santa Clara,085,1922200,460214,459089,20829,479918,2579
2022-12-20,Santa Cruz,087,273765,66758,66560,3717,70277,277
2022-12-20,Shasta,089,179085,36043,35856,8132,43988,601
2022-12-20,Sierra,091,2930,310,308,61,369,5
2022-12-20,Siskiyou,093,43540,5347,5334,3408,8742,95
2022-12-20,Solano,095,438530,110556,109900,8322,118222,474
2022-12-20,Sonoma,097,501317,111015,110643,5574,116217,536
2022-12-20,Stanislaus,099,539301,142262,141956,22405,164361,1795
2022-12-20,Sutter,101,95872,25162,25088,2509,27597,235
2022-12-20,Tehama,103,63373,14240,14127,3332,17459,218
2022-12-20,Trinity,105,12862,1449,1438,477,1915,23
2022-12-20,Tulare,107,460477,125544,124848,38660,163508,1546
2022-12-20,Tuolumne,109,53932,16397,16261,964,17225,209
2022-12-20,Ventura,111,848112,216272,215497,17166,232663,1604
2022-12-20,Yolo,113,214977,49123,48842,4701,53543,422
2022-12-20,Yuba,115,75493,19597,19553,1804,21357,132
2022-12-19,Alameda,001,1643700,366810,363758,21736,385494,2082
2022-12-19,Alpine,002,1148,139,139,2,141,0
2022-12-19,Amador,005,37829,10298,10236,956,11192,96
2022-12-19,Butte,007,227075,40987,40800,9830,50630,471
2022-12-19,Calaveras,009,45235,8821,8758,620,9378,135
2022-12-19,Colusa,011,21464,3895,3882,1319,5201,22
2022-12-19,Contra Costa,013,1133247,264353,261280,21788,283068,1491
2022-12-19,Del Norte,015,27424,7689,7586,418,8004,56
2022-12-19,El Dorado,017,186661,33787,33598,4452,38050,235
2022-12-19,Fresno,019,978130,288244,283068,33781,316849,2905
2022-12-19,Glenn,021,27897,5717,5690,1961,7651,58
2022-12-19,Humboldt,023,135768,22934,22679,5560,28239,161
2022-12-19,Imperial,025,180216,68565,68094,18194,86288,963
2022-12-19,Inyo,027,18085,4674,4649,1196,5845,60
2022-12-19,Kern,029,883053,225266,223971,68774,292745,2444
2022-12-19,Kings,031,150075,61556,61254,4354,65608,466
2022-12-19,Lake,033,64148,13336,13201,1243,14444,149
2022-12-19,Lassen,035,31185,10166,10142,1033,11175,66
2022-12-19,Los Angeles,037,10098052,3413346,3390335,203459,3593794,34114
2022-12-19,Madera,039,155013,45453,45131,8659,53790,377
2022-12-19,Marin,041,260295,47621,47184,5539,52723,315
2022-12-19,Mariposa,043,17540,3273,3202,355,3557,32
2022-12-19,Mendocino,045,87422,16536,16396,4696,21092,136
2022-12-19,Merced,047,269075,75034,74307,12472,86779,880
2022-12-19,Modoc,049,8938,928,918,362,1280,11
2022-12-19,Mono,051,14174,3269,3251,283,3534,8
2022-12-19,Monterey,053,433212,96464,95970,22378,118348,776
2022-12-19,Napa,055,140530,33457,33212,1488,34700,162
2022-12-19,Nevada,057,99092,19807,19663,2176,21839,132
2022-12-19,Orange,059,3164182,692451,687587,72361,759948,7596
2022-12-19,Placer,061,380077,79051,78475,10007,88482,666
2022-12-19,Plumas,063,18699,3780,3769,453,4222,13
2022-12-19,Riverside,065,2383286,719052,714426,39220,753646,6694
2022-12-19,Sacramento,067,1510023,361842,359420,36652,396072,3395
2022-12-19,San Benito,069,59416,17200,17018,1060,18078,108
2022-12-19,San Bernardino,071,2135413,695300,690423,33426,723849,8136
2022-12-19,San Diego,073,3302833,959050,953029,77199,1030228,5608
2022-12-19,San Francisco,075,870044,189587,187665,12895,200560,1087
2022-12-19,San Joaquin,077,732212,205188,203845,16271,220116,2353
2022-12-19,San Luis Obispo,079,281455,65042,64540,7680,72220,533
2022-12-19,San Mateo,081,765935,177656,175963,11009,186972,748
2022-12-19,Santa Barbara,083,443738,109385,108635,7309,115944,743
2022-12-19,Santa Clara,085,1922200,459797,456121,20791,476912,2566
2022-12-19,Santa Cruz,087,273765,66728,66157,3710,69867,275
2022-12-19,Shasta,089,179085,36026,35797,8120,43917,599
2022-12-19,Sierra,091,2930,310,309,61,370,5
2022-12-19,Siskiyou,093,43540,5346,5325,3408,8733,94
2022-12-19,Solano,095,438530,110415,109297,8316,117613,472
2022-12-19,Sonoma,097,501317,110929,110159,5565,115724,533
2022-12-19,Stanislaus,099,539301,142178,141472,22390,163862,1796
2022-12-19,Sutter,101,95872,25135,25020,2507,27527,235
2022-12-19,Tehama,103,63373,14228,14104,3329,17433,218
2022-12-19,Trinity,105,12862,1448,1434,475,1909,23
2022-12-19,Tulare,107,460477,125459,124442,38623,163065,1546
2022-12-19,Tuolumne,109,53932,16389,16161,963,17124,209
2022-12-19,Ventura,111,848112,216089,214659,17132,231791,1597
2022-12-19,Yolo,113,214977,49093,48765,4696,53461,416
2022-12-19,Yuba,115,75493,19585,19482,1801,21283,132
2022-12-18,Alameda,001,1643700,366405,363758,21681,385439,2082
2022-12-18,Alpine,002,1148,139,139,2,141,0
2022-12-18,Amador,005,37829,10291,10236,956,11192,96
2022-12-18,Butte,007,227075,40969,40800,9810,50610,471
2022-12-18,Calaveras,009,45235,8816,8758,615,9373,135
2022-12-18,Colusa,011,21464,3894,3882,1319,5201,22
2022-12-18,Contra Costa,013,1133247,264034,261280,21764,283044,1491
2022-12-18,Del Norte,015,27424,7680,7586,417,8003,56
2022-12-18,El Dorado,017,186661,33761,33598,4446,38044,235
2022-12-18,Fresno,019,978130,288034,283068,33728,316796,2905
2022-12-18,Glenn,021,27897,5715,5690,1959,7649,58
2022-12-18,Humboldt,023,135768,22921,22679,5536,28215,161
2022-12-18,Imperial,025,180216,68513,68094,18146,86240,963
2022-12-18,Inyo,027,18085,4671,4649,1194,5843,60
2022-12-18,Kern,029,883053,225099,223971,68665,292636,2444
2022-12-18,Kings,031,150075,61507,61254,4351,65605,466
2022-12-18,Lake,033,64148,13320,13201,1243,14444,149
2022-12-18,Lassen,035,31185,10164,10142,1033,11175,66
2022-12-18,Los Angeles,037,10098052,3410565,3390335,202943,3593278,34114
2022-12-18,Madera,039,155013,45421,45131,8643,53774,377
2022-12-18,Marin,041,260295,47575,47184,5526,52710,315
2022-12-18,Mariposa,043,17540,3271,3202,355,3557,32
2022-12-18,Mendocino,045,87422,16520,16396,4688,21084,136
2022-12-18,Merced,047,269075,74990,74307,12456,86763,880
2022-12-18,Modoc,049,8938,928,918,360,1278,11
2022-12-18,Mono,051,14174,3264,3251,283,3534,8
2022-12-18,Monterey,053,433212,96417,95970,22351,118321,776
2022-12-18,Napa,055,140530,33405,33212,1485,34697,162
2022-12-18,Nevada,057,99092,19789,19663,2171,21834,132
2022-12-18,Orange,059,3164182,691855,687587,72131,759718,7596
2022-12-18,Placer,061,380077,78985,78475,9997,88472,666
2022-12-18,Plumas,063,18699,3778,3769,453,4222,13
2022-12-18,Riverside,065,2383286,718478,714426,39094,753520,6694
2022-12-18,Sacramento,067,1510023,361527,359420,36590,396010,3395
2022-12-18,San Benito,069,59416,17186,17018,1060,18078,108
2022-12-18,San Bernardino,071,2135413,694709,690423,33353,723776,8136
2022-12-18,San Diego,073,3302833,958158,953029,77101,1030130,5608
2022-12-18,San Francisco,075,870044,189326,187665,12881,200546,1087
2022-12-18,San Joaquin,077,732212,205024,203845,16253,220098,2353
2022-12-18,San Luis Obispo,079,281455,64994,64540,7651,72191,533
2022-12-18,San Mateo,081,765935,177477,175963,10989,186952,748
2022-12-18,Santa Barbara,083,443738,109286,108635,7297,115932,743
2022-12-18,Santa Clara,085,1922200,459280,456121,20752,476873,2566
2022-12-18,Santa Cruz,087,273765,66693,66157,3708,69865,275
2022-12-18,Shasta,089,179085,36015,35797,8111,43908,599
2022-12-18,Sierra,091,2930,310,309,61,370,5
2022-12-18,Siskiyou,093,43540,5341,5325,3405,8730,94
2022-12-18,Solano,095,438530,110274,109297,8309,117606,472
2022-12-18,Sonoma,097,501317,110849,110159,5558,115717,533
2022-12-18,Stanislaus,099,539301,142087,141472,22366,163838,1796
2022-12-18,Sutter,101,95872,25123,25020,2506,27526,235
2022-12-18,Tehama,103,63373,14217,14104,3326,17430,218
2022-12-18,Trinity,105,12862,1448,1434,474,1908,23
2022-12-18,Tulare,107,460477,125345,124442,38565,163007,1546
2022-12-18,Tuolumne,109,53932,16376,16161,963,17124,209
2022-12-18,Ventura,111,848112,215908,214659,17090,231749,1597
2022-12-18,Yolo,113,214977,49066,48765,4689,53454,416
2022-12-18,Yuba,115,75493,19562,19482,1796,21278,132
2022-12-17,Alameda,001,1643700,366191,363758,21662,385420,2082
2022-12-17,Alpine,002,1148,139,139,2,141,0
2022-12-17,Amador,005,37829,10285,10236,955,11191,96
2022-12-17,Butte,007,227075,40953,40800,9799,50599,471
2022-12-17,Calaveras,009,45235,8812,8758,611,9369,135
2022-12-17,Colusa,011,21464,3894,3882,1319,5201,22
2022-12-17,Contra Costa,013,1133247,263847,261280,21753,283033,1491
2022-12-17,Del Norte,015,27424,7677,7586,417,8003,56
2022-12-17,El Dorado,017,186661,33747,33598,4446,38044,235
2022-12-17,Fresno,019,978130,287933,283068,33698,316766,2905
2022-12-17,Glenn,021,27897,5713,5690,1959,7649,58
2022-12-17,Humboldt,023,135768,22903,22679,5529,28208,161
2022-12-17,Imperial,025,180216,68498,68094,18142,86236,963
2022-12-17,Inyo,027,18085,4671,4649,1193,5842,60
2022-12-17,Kern,029,883053,225045,223971,68601,292572,2444
2022-12-17,Kings,031,150075,61494,61254,4350,65604,466
2022-12-17,Lake,033,64148,13315,13201,1242,14443,149
2022-12-17,Lassen,035,31185,10164,10142,1033,11175,66
2022-12-17,Los Angeles,037,10098052,3409281,3390335,202682,3593017,34114
2022-12-17,Madera,039,155013,45401,45131,8638,53769,377
2022-12-17,Marin,041,260295,47557,47184,5521,52705,315
2022-12-17,Mariposa,043,17540,3271,3202,355,3557,32
2022-12-17,Mendocino,045,87422,16517,16396,4684,21080,136
2022-12-17,Merced,047,269075,74971,74307,12447,86754,880
2022-12-17,Modoc,049,8938,928,918,360,1278,11
2022-12-17,Mono,051,14174,3263,3251,283,3534,8
2022-12-17,Monterey,053,433212,96391,95970,22340,118310,776
2022-12-17,Napa,055,140530,33395,33212,1484,34696,162
2022-12-17,Nevada,057,99092,19778,19663,2171,21834,132
2022-12-17,Orange,059,3164182,691565,687587,71974,759561,7596
2022-12-17,Placer,061,380077,78942,78475,9996,88471,666
2022-12-17,Plumas,063,18699,3778,3769,453,4222,13
2022-12-17,Riverside,065,2383286,718127,714426,39022,753448,6694
2022-12-17,Sacramento,067,1510023,361405,359420,36576,395996,3395
2022-12-17,San Benito,069,59416,17177,17018,1058,18076,108
2022-12-17,San Bernardino,071,2135413,694413,690423,33320,723743,8136
2022-12-17,San Diego,073,3302833,957749,953029,77062,1030091,5608
2022-12-17,San Francisco,075,870044,189218,187665,12874,200539,1087
2022-12-17,San Joaquin,077,732212,204955,203845,16241,220086,2353
2022-12-17,San Luis Obispo,079,281455,64976,64540,7643,72183,533
2022-12-17,San Mateo,081,765935,177389,175963,10974,186937,748
2022-12-17,Santa Barbara,083,443738,109242,108635,7283,115918,743
2022-12-17,Santa Clara,085,1922200,459044,456121,20724,476845,2566
2022-12-17,Santa Cruz,087,273765,66677,66157,3706,69863,275
2022-12-17,Shasta,089,179085,36005,35797,8111,43908,599
2022-12-17,Sierra,091,2930,310,309,61,370,5
2022-12-17,Siskiyou,093,43540,5341,5325,3405,8730,94
2022-12-17,Solano,095,438530,110236,109297,8305,117602,472
2022-12-17,Sonoma,097,501317,110793,110159,5549,115708,533
2022-12-17,Stanislaus,099,539301,142037,141472,22358,163830,1796
2022-12-17,Sutter,101,95872,25116,25020,2505,27525,235
2022-12-17,Tehama,103,63373,14213,14104,3323,17427,218
2022-12-17,Trinity,105,12862,1448,1434,473,1907,23
2022-12-17,Tulare,107,460477,125292,124442,38536,162978,1546
2022-12-17,Tuolumne,109,53932,16369,16161,962,17123,209
2022-12-17,Ventura,111,848112,215812,214659,17061,231720,1597
2022-12-17,Yolo,113,214977,49043,48765,4684,53449,416
2022-12-17,Yuba,115,75493,19555,19482,1796,21278,132
2022-12-16,Alameda,001,1643700,365961,363758,21638,385396,2082
2022-12-16,Alpine,002,1148,139,139,2,141,0
2022-12-16,Amador,005,37829,10279,10236,955,11191,96
2022-12-16,Butte,007,227075,40946,40800,9790,50590,471
2022-12-16,Calaveras,009,45235,8808,8758,610,9368,135
2022-12-16,Colusa,011,21464,3893,3882,1319,5201,22
2022-12-16,Contra Costa,013,1133247,263658,261280,21738,283018,1491
2022-12-16,Del Norte,015,27424,7673,7586,417,8003,56
2022-12-16,El Dorado,017,186661,33725,33598,4446,38044,235
2022-12-16,Fresno,019,978130,287798,283068,33672,316740,2905
2022-12-16,Glenn,021,27897,5712,5690,1957,7647,58
2022-12-16,Humboldt,023,135768,22892,22679,5524,28203,161
2022-12-16,Imperial,025,180216,68490,68094,18131,86225,963
2022-12-16,Inyo,027,18085,4669,4649,1189,5838,60
2022-12-16,Kern,029,883053,224953,223971,68538,292509,2444
2022-12-16,Kings,031,150075,61471,61254,4349,65603,466
2022-12-16,Lake,033,64148,13305,13201,1241,14442,149
2022-12-16,Lassen,035,31185,10161,10142,1033,11175,66
2022-12-16,Los Angeles,037,10098052,3407818,3390335,202363,3592698,34114
2022-12-16,Madera,039,155013,45380,45131,8634,53765,377
2022-12-16,Marin,041,260295,47517,47184,5520,52704,315
2022-12-16,Mariposa,043,17540,3267,3202,355,3557,32
2022-12-16,Mendocino,045,87422,16502,16396,4684,21080,136
2022-12-16,Merced,047,269075,74952,74307,12440,86747,880
2022-12-16,Modoc,049,8938,928,918,360,1278,11
2022-12-16,Mono,051,14174,3260,3251,283,3534,8
2022-12-16,Monterey,053,433212,96368,95970,22329,118299,776
2022-12-16,Napa,055,140530,33371,33212,1484,34696,162
2022-12-16,Nevada,057,99092,19775,19663,2168,21831,132
2022-12-16,Orange,059,3164182,691255,687587,71818,759405,7596
2022-12-16,Placer,061,380077,78908,78475,9991,88466,666
2022-12-16,Plumas,063,18699,3777,3769,453,4222,13
2022-12-16,Riverside,065,2383286,717802,714426,38965,753391,6694
2022-12-16,Sacramento,067,1510023,361245,359420,36558,395978,3395
2022-12-16,San Benito,069,59416,17165,17018,1057,18075,108
2022-12-16,San Bernardino,071,2135413,694108,690423,33278,723701,8136
2022-12-16,San Diego,073,3302833,957292,953029,77017,1030046,5608
2022-12-16,San Francisco,075,870044,189101,187665,12855,200520,1087
2022-12-16,San Joaquin,077,732212,204873,203845,16229,220074,2353
2022-12-16,San Luis Obispo,079,281455,64964,64540,7639,72179,533
2022-12-16,San Mateo,081,765935,177305,175963,10963,186926,748
2022-12-16,Santa Barbara,083,443738,109195,108635,7282,115917,743
2022-12-16,Santa Clara,085,1922200,458774,456121,20697,476818,2566
2022-12-16,Santa Cruz,087,273765,66651,66157,3703,69860,275
2022-12-16,Shasta,089,179085,35998,35797,8107,43904,599
2022-12-16,Sierra,091,2930,310,309,61,370,5
2022-12-16,Siskiyou,093,43540,5339,5325,3405,8730,94
2022-12-16,Solano,095,438530,110170,109297,8298,117595,472
2022-12-16,Sonoma,097,501317,110732,110159,5545,115704,533
2022-12-16,Stanislaus,099,539301,141996,141472,22357,163829,1796
2022-12-16,Sutter,101,95872,25102,25020,2505,27525,235
2022-12-16,Tehama,103,63373,14204,14104,3322,17426,218
2022-12-16,Trinity,105,12862,1448,1434,473,1907,23
2022-12-16,Tulare,107,460477,125240,124442,38507,162949,1546
2022-12-16,Tuolumne,109,53932,16356,16161,962,17123,209
2022-12-16,Ventura,111,848112,215727,214659,17042,231701,1597
2022-12-16,Yolo,113,214977,49023,48765,4682,53447,416
2022-12-16,Yuba,115,75493,19548,19482,1796,21278,132
2022-12-15,Alameda,001,1643700,365633,363758,21587,385345,2082
2022-12-15,Alpine,002,1148,139,139,2,141,0
2022-12-15,Amador,005,37829,10270,10236,955,11191,96
2022-12-15,Butte,007,227075,40926,40800,9771,50571,471
2022-12-15,Calaveras,009,45235,8805,8758,608,9366,135
2022-12-15,Colusa,011,21464,3891,3882,1319,5201,22
2022-12-15,Contra Costa,013,1133247,263411,261280,21723,283003,1491
2022-12-15,Del Norte,015,27424,7667,7586,417,8003,56
2022-12-15,El Dorado,017,186661,33704,33598,4440,38038,235
2022-12-15,Fresno,019,978130,287643,283068,33623,316691,2905
2022-12-15,Glenn,021,27897,5709,5690,1955,7645,58
2022-12-15,Humboldt,023,135768,22881,22679,5517,28196,161
2022-12-15,Imperial,025,180216,68455,68094,18102,86196,963
2022-12-15,Inyo,027,18085,4668,4649,1187,5836,60
2022-12-15,Kern,029,883053,224806,223971,68427,292398,2444
2022-12-15,Kings,031,150075,61451,61254,4344,65598,466
2022-12-15,Lake,033,64148,13298,13201,1241,14442,149
2022-12-15,Lassen,035,31185,10159,10142,1031,11173,66
2022-12-15,Los Angeles,037,10098052,3405804,3390335,201981,3592316,34114
2022-12-15,Madera,039,155013,45357,45131,8621,53752,377
2022-12-15,Marin,041,260295,47472,47184,5520,52704,315
2022-12-15,Mariposa,043,17540,3264,3202,354,3556,32
2022-12-15,Mendocino,045,87422,16493,16396,4682,21078,136
2022-12-15,Merced,047,269075,74919,74307,12439,86746,880
2022-12-15,Modoc,049,8938,928,918,360,1278,11
2022-12-15,Mono,051,14174,3259,3251,281,3532,8
2022-12-15,Monterey,053,433212,96337,95970,22304,118274,776
2022-12-15,Napa,055,140530,33343,33212,1482,34694,162
2022-12-15,Nevada,057,99092,19769,19663,2157,21820,132
2022-12-15,Orange,059,3164182,690818,687587,71666,759253,7596
2022-12-15,Placer,061,380077,78857,78475,9978,88453,666
2022-12-15,Plumas,063,18699,3776,3769,453,4222,13
2022-12-15,Riverside,065,2383286,717381,714426,38886,753312,6694
2022-12-15,Sacramento,067,1510023,360966,359420,36525,395945,3395
2022-12-15,San Benito,069,59416,17155,17018,1056,18074,108
2022-12-15,San Bernardino,071,2135413,693700,690423,33226,723649,8136
2022-12-15,San Diego,073,3302833,956606,953029,76914,1029943,5608
2022-12-15,San Francisco,075,870044,188915,187665,12839,200504,1087
2022-12-15,San Joaquin,077,732212,204747,203845,16203,220048,2353
2022-12-15,San Luis Obispo,079,281455,64919,64540,7620,72160,533
2022-12-15,San Mateo,081,765935,177177,175963,10946,186909,748
2022-12-15,Santa Barbara,083,443738,109135,108635,7275,115910,743
2022-12-15,Santa Clara,085,1922200,458367,456121,20677,476798,2566
2022-12-15,Santa Cruz,087,273765,66624,66157,3696,69853,275
2022-12-15,Shasta,089,179085,35980,35797,8097,43894,599
2022-12-15,Sierra,091,2930,310,309,61,370,5
2022-12-15,Siskiyou,093,43540,5337,5325,3403,8728,94
2022-12-15,Solano,095,438530,110083,109297,8291,117588,472
2022-12-15,Sonoma,097,501317,110681,110159,5535,115694,533
2022-12-15,Stanislaus,099,539301,141929,141472,22351,163823,1796
2022-12-15,Sutter,101,95872,25093,25020,2505,27525,235
2022-12-15,Tehama,103,63373,14195,14104,3319,17423,218
2022-12-15,Trinity,105,12862,1448,1434,472,1906,23
2022-12-15,Tulare,107,460477,125190,124442,38460,162902,1546
2022-12-15,Tuolumne,109,53932,16345,16161,960,17121,209
2022-12-15,Ventura,111,848112,215584,214659,17018,231677,1597
2022-12-15,Yolo,113,214977,48995,48765,4680,53445,416
2022-12-15,Yuba,115,75493,19537,19482,1795,21277,132
2022-12-14,Alameda,001,1643700,365302,363758,21543,385301,2082
2022-12-14,Alpine,002,1148,139,139,2,141,0
2022-12-14,Amador,005,37829,10268,10236,954,11190,96
2022-12-14,Butte,007,227075,40912,40800,9751,50551,471
2022-12-14,Calaveras,009,45235,8799,8758,608,9366,135
2022-12-14,Colusa,011,21464,3887,3882,1319,5201,22
2022-12-14,Contra Costa,013,1133247,263199,261280,21698,282978,1491
2022-12-14,Del Norte,015,27424,7662,7586,415,8001,56
2022-12-14,El Dorado,017,186661,33686,33598,4438,38036,235
2022-12-14,Fresno,019,978130,287458,283068,33585,316653,2905
2022-12-14,Glenn,021,27897,5706,5690,1955,7645,58
2022-12-14,Humboldt,023,135768,22861,22679,5510,28189,161
2022-12-14,Imperial,025,180216,68405,68094,18060,86154,963
2022-12-14,Inyo,027,18085,4666,4649,1182,5831,60
2022-12-14,Kern,029,883053,224637,223971,68334,292305,2444
2022-12-14,Kings,031,150075,61415,61254,4341,65595,466
2022-12-14,Lake,033,64148,13287,13201,1239,14440,149
2022-12-14,Lassen,035,31185,10158,10142,1031,11173,66
2022-12-14,Los Angeles,037,10098052,3403448,3390335,201506,3591841,34114
2022-12-14,Madera,039,155013,45329,45131,8615,53746,377
2022-12-14,Marin,041,260295,47434,47184,5516,52700,315
2022-12-14,Mariposa,043,17540,3260,3202,354,3556,32
2022-12-14,Mendocino,045,87422,16487,16396,4681,21077,136
2022-12-14,Merced,047,269075,74880,74307,12422,86729,880
2022-12-14,Modoc,049,8938,928,918,360,1278,11
2022-12-14,Mono,051,14174,3259,3251,280,3531,8
2022-12-14,Monterey,053,433212,96311,95970,22269,118239,776
2022-12-14,Napa,055,140530,33325,33212,1481,34693,162
2022-12-14,Nevada,057,99092,19759,19663,2154,21817,132
2022-12-14,Orange,059,3164182,690332,687587,71504,759091,7596
2022-12-14,Placer,061,380077,78795,78475,9971,88446,666
2022-12-14,Plumas,063,18699,3776,3769,452,4221,13
2022-12-14,Riverside,065,2383286,716967,714426,38805,753231,6694
2022-12-14,Sacramento,067,1510023,360719,359420,36486,395906,3395
2022-12-14,San Benito,069,59416,17143,17018,1055,18073,108
2022-12-14,San Bernardino,071,2135413,693226,690423,33167,723590,8136
2022-12-14,San Diego,073,3302833,955839,953029,76796,1029825,5608
2022-12-14,San Francisco,075,870044,188762,187665,12835,200500,1087
2022-12-14,San Joaquin,077,732212,204597,203845,16189,220034,2353
2022-12-14,San Luis Obispo,079,281455,64884,64540,7596,72136,533
2022-12-14,San Mateo,081,765935,177030,175963,10932,186895,748
2022-12-14,Santa Barbara,083,443738,109055,108635,7266,115901,743
2022-12-14,Santa Clara,085,1922200,457981,456121,20654,476775,2566
2022-12-14,Santa Cruz,087,273765,66592,66157,3693,69850,275
2022-12-14,Shasta,089,179085,35951,35797,8088,43885,599
2022-12-14,Sierra,091,2930,310,309,61,370,5
2022-12-14,Siskiyou,093,43540,5336,5325,3402,8727,94
2022-12-14,Solano,095,438530,109995,109297,8280,117577,472
2022-12-14,Sonoma,097,501317,110621,110159,5525,115684,533
2022-12-14,Stanislaus,099,539301,141849,141472,22330,163802,1796
2022-12-14,Sutter,101,95872,25085,25020,2505,27525,235
2022-12-14,Tehama,103,63373,14183,14104,3316,17420,218
2022-12-14,Trinity,105,12862,1448,1434,467,1901,23
2022-12-14,Tulare,107,460477,125127,124442,38413,162855,1546
2022-12-14,Tuolumne,109,53932,16327,16161,959,17120,209
2022-12-14,Ventura,111,848112,215430,214659,16999,231658,1597
2022-12-14,Yolo,113,214977,48969,48765,4669,53434,416
2022-12-14,Yuba,115,75493,19524,19482,1794,21276,132
2022-12-13,Alameda,001,1643700,364923,363758,21496,385254,2082
2022-12-13,Alpine,002,1148,139,139,2,141,0
2022-12-13,Amador,005,37829,10264,10236,954,11190,96
2022-12-13,Butte,007,227075,40882,40800,9738,50538,471
2022-12-13,Calaveras,009,45235,8796,8758,608,9366,135
2022-12-13,Colusa,011,21464,3884,3882,1319,5201,22
2022-12-13,Contra Costa,013,1133247,262926,261280,21676,282956,1491
2022-12-13,Del Norte,015,27424,7657,7586,415,8001,56
2022-12-13,El Dorado,017,186661,33652,33598,4434,38032,235
2022-12-13,Fresno,019,978130,287283,283068,33555,316623,2905
2022-12-13,Glenn,021,27897,5704,5690,1954,7644,58
2022-12-13,Humboldt,023,135768,22837,22679,5504,28183,161
2022-12-13,Imperial,025,180216,68361,68094,18011,86105,963
2022-12-13,Inyo,027,18085,4664,4649,1178,5827,60
2022-12-13,Kern,029,883053,224510,223971,68214,292185,2444
2022-12-13,Kings,031,150075,61374,61254,4334,65588,466
2022-12-13,Lake,033,64148,13274,13201,1239,14440,149
2022-12-13,Lassen,035,31185,10158,10142,1031,11173,66
2022-12-13,Los Angeles,037,10098052,3400887,3390335,201063,3591398,34114
2022-12-13,Madera,039,155013,45299,45131,8601,53732,377
2022-12-13,Marin,041,260295,47394,47184,5513,52697,315
2022-12-13,Mariposa,043,17540,3255,3202,354,3556,32
2022-12-13,Mendocino,045,87422,16482,16396,4672,21068,136
2022-12-13,Merced,047,269075,74829,74307,12416,86723,880
2022-12-13,Modoc,049,8938,926,918,358,1276,11
2022-12-13,Mono,051,14174,3258,3251,280,3531,8
2022-12-13,Monterey,053,433212,96266,95970,22245,118215,776
2022-12-13,Napa,055,140530,33307,33212,1481,34693,162
2022-12-13,Nevada,057,99092,19751,19663,2140,21803,132
2022-12-13,Orange,059,3164182,689797,687587,71365,758952,7596
2022-12-13,Placer,061,380077,78722,78475,9962,88437,666
2022-12-13,Plumas,063,18699,3773,3769,452,4221,13
2022-12-13,Riverside,065,2383286,716456,714426,38736,753162,6694
2022-12-13,Sacramento,067,1510023,360415,359420,36439,395859,3395
2022-12-13,San Benito,069,59416,17125,17018,1053,18071,108
2022-12-13,San Bernardino,071,2135413,692717,690423,33122,723545,8136
2022-12-13,San Diego,073,3302833,955077,953029,76687,1029716,5608
2022-12-13,San Francisco,075,870044,188569,187665,12827,200492,1087
2022-12-13,San Joaquin,077,732212,204444,203845,16156,220001,2353
2022-12-13,San Luis Obispo,079,281455,64834,64540,7581,72121,533
2022-12-13,San Mateo,081,765935,176899,175963,10921,186884,748
2022-12-13,Santa Barbara,083,443738,108975,108635,7258,115893,743
2022-12-13,Santa Clara,085,1922200,457542,456121,20624,476745,2566
2022-12-13,Santa Cruz,087,273765,66556,66157,3688,69845,275
2022-12-13,Shasta,089,179085,35935,35797,8076,43873,599
2022-12-13,Sierra,091,2930,310,309,61,370,5
2022-12-13,Siskiyou,093,43540,5336,5325,3399,8724,94
2022-12-13,Solano,095,438530,109895,109297,8274,117571,472
2022-12-13,Sonoma,097,501317,110559,110159,5518,115677,533
2022-12-13,Stanislaus,099,539301,141781,141472,22311,163783,1796
2022-12-13,Sutter,101,95872,25070,25020,2504,27524,235
2022-12-13,Tehama,103,63373,14170,14104,3312,17416,218
2022-12-13,Trinity,105,12862,1448,1434,464,1898,23
2022-12-13,Tulare,107,460477,125067,124442,38363,162805,1546
2022-12-13,Tuolumne,109,53932,16315,16161,959,17120,209
2022-12-13,Ventura,111,848112,215295,214659,16964,231623,1597
2022-12-13,Yolo,113,214977,48946,48765,4662,53427,416
2022-12-13,Yuba,115,75493,19516,19482,1792,21274,132
2022-12-12,Alameda,001,1643700,364516,360943,21448,382391,2081
2022-12-12,Alpine,002,1148,139,139,2,141,0
2022-12-12,Amador,005,37829,10256,10196,952,11148,96
2022-12-12,Butte,007,227075,40859,40598,9727,50325,470
2022-12-12,Calaveras,009,45235,8792,8727,606,9333,135
2022-12-12,Colusa,011,21464,3883,3869,1319,5188,22
2022-12-12,Contra Costa,013,1133247,262640,259434,21652,281086,1487
2022-12-12,Del Norte,015,27424,7650,7563,414,7977,56
2022-12-12,El Dorado,017,186661,33627,33447,4430,37877,235
2022-12-12,Fresno,019,978130,287068,281598,33503,315101,2899
2022-12-12,Glenn,021,27897,5696,5668,1954,7622,58
2022-12-12,Humboldt,023,135768,22821,22566,5497,28063,161
2022-12-12,Imperial,025,180216,68303,67632,17968,85600,962
2022-12-12,Inyo,027,18085,4662,4627,1171,5798,60
2022-12-12,Kern,029,883053,224345,222985,68101,291086,2437
2022-12-12,Kings,031,150075,61327,60965,4331,65296,464
2022-12-12,Lake,033,64148,13266,13140,1238,14378,149
2022-12-12,Lassen,035,31185,10158,10128,1030,11158,66
2022-12-12,Los Angeles,037,10098052,3398125,3370904,200620,3571524,34009
2022-12-12,Madera,039,155013,45267,44902,8594,53496,379
2022-12-12,Marin,041,260295,47353,46842,5507,52349,315
2022-12-12,Mariposa,043,17540,3248,3190,354,3544,32
2022-12-12,Mendocino,045,87422,16470,16350,4670,21020,136
2022-12-12,Merced,047,269075,74772,73999,12401,86400,877
2022-12-12,Modoc,049,8938,920,908,354,1262,11
2022-12-12,Mono,051,14174,3258,3238,280,3518,8
2022-12-12,Monterey,053,433212,96233,95709,22217,117926,776
2022-12-12,Napa,055,140530,33276,33043,1480,34523,164
2022-12-12,Nevada,057,99092,19735,19565,2135,21700,132
2022-12-12,Orange,059,3164182,689224,684112,71205,755317,7576
2022-12-12,Placer,061,380077,78690,78117,9950,88067,665
2022-12-12,Plumas,063,18699,3773,3762,452,4214,13
2022-12-12,Riverside,065,2383286,715954,710833,38643,749476,6697
2022-12-12,Sacramento,067,1510023,360124,357413,36386,393799,3382
2022-12-12,San Benito,069,59416,17095,16829,1049,17878,108
2022-12-12,San Bernardino,071,2135413,692146,686731,33062,719793,8135
2022-12-12,San Diego,073,3302833,954205,948180,76564,1024744,5584
2022-12-12,San Francisco,075,870044,188371,186203,12818,199021,1081
2022-12-12,San Joaquin,077,732212,204335,202515,16129,218644,2354
2022-12-12,San Luis Obispo,079,281455,64800,64350,7565,71915,533
2022-12-12,San Mateo,081,765935,176739,174791,10911,185702,749
2022-12-12,Santa Barbara,083,443738,108917,108151,7249,115400,739
2022-12-12,Santa Clara,085,1922200,457014,448654,20588,469242,2565
2022-12-12,Santa Cruz,087,273765,66468,65656,3684,69340,275
2022-12-12,Shasta,089,179085,35917,35666,8065,43731,598
2022-12-12,Sierra,091,2930,310,308,61,369,5
2022-12-12,Siskiyou,093,43540,5331,5442,3396,8838,95
2022-12-12,Solano,095,438530,109779,108649,8263,116912,473
2022-12-12,Sonoma,097,501317,110451,109622,5509,115131,531
2022-12-12,Stanislaus,099,539301,141704,140827,22301,163128,1785
2022-12-12,Sutter,101,95872,25054,24906,2504,27410,234
2022-12-12,Tehama,103,63373,14161,14004,3306,17310,218
2022-12-12,Trinity,105,12862,1446,1431,463,1894,23
2022-12-12,Tulare,107,460477,124991,123976,38314,162290,1546
2022-12-12,Tuolumne,109,53932,16301,16054,959,17013,208
2022-12-12,Ventura,111,848112,215153,213720,16941,230661,1598
2022-12-12,Yolo,113,214977,48921,48547,4648,53195,416
2022-12-12,Yuba,115,75493,19504,19399,1787,21186,132
2022-12-11,Alameda,001,1643700,364092,360943,21397,382340,2081
2022-12-11,Alpine,002,1148,139,139,2,141,0
2022-12-11,Amador,005,37829,10254,10196,951,11147,96
2022-12-11,Butte,007,227075,40831,40598,9721,50319,470
2022-12-11,Calaveras,009,45235,8782,8727,603,9330,135
2022-12-11,Colusa,011,21464,3882,3869,1319,5188,22
2022-12-11,Contra Costa,013,1133247,262286,259434,21620,281054,1487
2022-12-11,Del Norte,015,27424,7642,7563,413,7976,56
2022-12-11,El Dorado,017,186661,33604,33447,4427,37874,235
2022-12-11,Fresno,019,978130,286818,281598,33446,315044,2899
2022-12-11,Glenn,021,27897,5694,5668,1949,7617,58
2022-12-11,Humboldt,023,135768,22807,22566,5482,28048,161
2022-12-11,Imperial,025,180216,68228,67632,17874,85506,962
2022-12-11,Inyo,027,18085,4661,4627,1165,5792,60
2022-12-11,Kern,029,883053,224132,222985,67981,290966,2437
2022-12-11,Kings,031,150075,61295,60965,4325,65290,464
2022-12-11,Lake,033,64148,13259,13140,1238,14378,149
2022-12-11,Lassen,035,31185,10155,10128,1028,11156,66
2022-12-11,Los Angeles,037,10098052,3394924,3370904,200056,3570960,34009
2022-12-11,Madera,039,155013,45225,44902,8584,53486,379
2022-12-11,Marin,041,260295,47291,46842,5503,52345,315
2022-12-11,Mariposa,043,17540,3247,3190,353,3543,32
2022-12-11,Mendocino,045,87422,16459,16350,4661,21011,136
2022-12-11,Merced,047,269075,74707,73999,12374,86373,877
2022-12-11,Modoc,049,8938,920,908,354,1262,11
2022-12-11,Mono,051,14174,3257,3238,279,3517,8
2022-12-11,Monterey,053,433212,96171,95709,22193,117902,776
2022-12-11,Napa,055,140530,33237,33043,1474,34517,164
2022-12-11,Nevada,057,99092,19719,19565,2127,21692,132
2022-12-11,Orange,059,3164182,688578,684112,71000,755112,7576
2022-12-11,Placer,061,380077,78634,78117,9939,88056,665
2022-12-11,Plumas,063,18699,3771,3762,452,4214,13
2022-12-11,Riverside,065,2383286,715400,710833,38516,749349,6697
2022-12-11,Sacramento,067,1510023,359787,357413,36317,393730,3382
2022-12-11,San Benito,069,59416,17085,16829,1049,17878,108
2022-12-11,San Bernardino,071,2135413,691502,686731,33005,719736,8135
2022-12-11,San Diego,073,3302833,953323,948180,76390,1024570,5584
2022-12-11,San Francisco,075,870044,188098,186203,12795,198998,1081
2022-12-11,San Joaquin,077,732212,204143,202515,16095,218610,2354
2022-12-11,San Luis Obispo,079,281455,64742,64350,7544,71894,533
2022-12-11,San Mateo,081,765935,176543,174791,10897,185688,749
2022-12-11,Santa Barbara,083,443738,108806,108151,7223,115374,739
2022-12-11,Santa Clara,085,1922200,456395,448654,20537,469191,2565
2022-12-11,Santa Cruz,087,273765,66350,65656,3681,69337,275
2022-12-11,Shasta,089,179085,35900,35666,8044,43710,598
2022-12-11,Sierra,091,2930,310,308,61,369,5
2022-12-11,Siskiyou,093,43540,5327,5442,3393,8835,95
2022-12-11,Solano,095,438530,109648,108649,8257,116906,473
2022-12-11,Sonoma,097,501317,110322,109622,5499,115121,531
2022-12-11,Stanislaus,099,539301,141595,140827,22279,163106,1785
2022-12-11,Sutter,101,95872,25037,24906,2503,27409,234
2022-12-11,Tehama,103,63373,14147,14004,3298,17302,218
2022-12-11,Trinity,105,12862,1445,1431,462,1893,23
2022-12-11,Tulare,107,460477,124890,123976,38267,162243,1546
2022-12-11,Tuolumne,109,53932,16285,16054,958,17012,208
2022-12-11,Ventura,111,848112,214989,213720,16900,230620,1598
2022-12-11,Yolo,113,214977,48896,48547,4638,53185,416
2022-12-11,Yuba,115,75493,19486,19399,1783,21182,132
2022-12-10,Alameda,001,1643700,363847,360943,21367,382310,2081
2022-12-10,Alpine,002,1148,139,139,2,141,0
2022-12-10,Amador,005,37829,10250,10196,951,11147,96
2022-12-10,Butte,007,227075,40817,40598,9713,50311,470
2022-12-10,Calaveras,009,45235,8777,8727,601,9328,135
2022-12-10,Colusa,011,21464,3881,3869,1319,5188,22
2022-12-10,Contra Costa,013,1133247,262111,259434,21612,281046,1487
2022-12-10,Del Norte,015,27424,7637,7563,413,7976,56
2022-12-10,El Dorado,017,186661,33589,33447,4427,37874,235
2022-12-10,Fresno,019,978130,286706,281598,33432,315030,2899
2022-12-10,Glenn,021,27897,5693,5668,1948,7616,58
2022-12-10,Humboldt,023,135768,22791,22566,5474,28040,161
2022-12-10,Imperial,025,180216,68208,67632,17867,85499,962
2022-12-10,Inyo,027,18085,4657,4627,1161,5788,60
2022-12-10,Kern,029,883053,224040,222985,67908,290893,2437
2022-12-10,Kings,031,150075,61284,60965,4325,65290,464
2022-12-10,Lake,033,64148,13254,13140,1238,14378,149
2022-12-10,Lassen,035,31185,10154,10128,1028,11156,66
2022-12-10,Los Angeles,037,10098052,3393482,3370904,199792,3570696,34009
2022-12-10,Madera,039,155013,45212,44902,8581,53483,379
2022-12-10,Marin,041,260295,47260,46842,5499,52341,315
2022-12-10,Mariposa,043,17540,3247,3190,353,3543,32
2022-12-10,Mendocino,045,87422,16454,16350,4660,21010,136
2022-12-10,Merced,047,269075,74682,73999,12367,86366,877
2022-12-10,Modoc,049,8938,920,908,354,1262,11
2022-12-10,Mono,051,14174,3256,3238,279,3517,8
2022-12-10,Monterey,053,433212,96139,95709,22179,117888,776
2022-12-10,Napa,055,140530,33224,33043,1474,34517,164
2022-12-10,Nevada,057,99092,19713,19565,2125,21690,132
2022-12-10,Orange,059,3164182,688299,684112,70884,754996,7576
2022-12-10,Placer,061,380077,78592,78117,9934,88051,665
2022-12-10,Plumas,063,18699,3769,3762,452,4214,13
2022-12-10,Riverside,065,2383286,715082,710833,38459,749292,6697
2022-12-10,Sacramento,067,1510023,359644,357413,36301,393714,3382
2022-12-10,San Benito,069,59416,17067,16829,1047,17876,108
2022-12-10,San Bernardino,071,2135413,691194,686731,32963,719694,8135
2022-12-10,San Diego,073,3302833,952957,948180,76340,1024520,5584
2022-12-10,San Francisco,075,870044,187951,186203,12791,198994,1081
2022-12-10,San Joaquin,077,732212,204058,202515,16075,218590,2354
2022-12-10,San Luis Obispo,079,281455,64722,64350,7538,71888,533
2022-12-10,San Mateo,081,765935,176434,174791,10889,185680,749
2022-12-10,Santa Barbara,083,443738,108756,108151,7213,115364,739
2022-12-10,Santa Clara,085,1922200,456102,448654,20517,469171,2565
2022-12-10,Santa Cruz,087,273765,66316,65656,3677,69333,275
2022-12-10,Shasta,089,179085,35890,35666,8041,43707,598
2022-12-10,Sierra,091,2930,310,308,61,369,5
2022-12-10,Siskiyou,093,43540,5326,5442,3393,8835,95
2022-12-10,Solano,095,438530,109623,108649,8251,116900,473
2022-12-10,Sonoma,097,501317,110281,109622,5499,115121,531
2022-12-10,Stanislaus,099,539301,141539,140827,22265,163092,1785
2022-12-10,Sutter,101,95872,25027,24906,2503,27409,234
2022-12-10,Tehama,103,63373,14142,14004,3297,17301,218
2022-12-10,Trinity,105,12862,1444,1431,462,1893,23
2022-12-10,Tulare,107,460477,124845,123976,38243,162219,1546
2022-12-10,Tuolumne,109,53932,16246,16054,957,17011,208
2022-12-10,Ventura,111,848112,214907,213720,16880,230600,1598
2022-12-10,Yolo,113,214977,48873,48547,4628,53175,416
2022-12-10,Yuba,115,75493,19479,19399,1778,21177,132
2022-12-09,Alameda,001,1643700,363570,360943,21339,382282,2081
2022-12-09,Alpine,002,1148,139,139,2,141,0
2022-12-09,Amador,005,37829,10246,10196,950,11146,96
2022-12-09,Butte,007,227075,40802,40598,9703,50301,470
2022-12-09,Calaveras,009,45235,8772,8727,599,9326,135
2022-12-09,Colusa,011,21464,3877,3869,1319,5188,22
2022-12-09,Contra Costa,013,1133247,261957,259434,21600,281034,1487
2022-12-09,Del Norte,015,27424,7633,7563,413,7976,56
2022-12-09,El Dorado,017,186661,33575,33447,4425,37872,235
2022-12-09,Fresno,019,978130,286562,281598,33381,314979,2899
2022-12-09,Glenn,021,27897,5692,5668,1947,7615,58
2022-12-09,Humboldt,023,135768,22783,22566,5470,28036,161
2022-12-09,Imperial,025,180216,68174,67632,17862,85494,962
2022-12-09,Inyo,027,18085,4656,4627,1159,5786,60
2022-12-09,Kern,029,883053,223944,222985,67845,290830,2437
2022-12-09,Kings,031,150075,61260,60965,4325,65290,464
2022-12-09,Lake,033,64148,13249,13140,1238,14378,149
2022-12-09,Lassen,035,31185,10153,10128,1028,11156,66
2022-12-09,Los Angeles,037,10098052,3391773,3370904,199466,3570370,34009
2022-12-09,Madera,039,155013,45190,44902,8573,53475,379
2022-12-09,Marin,041,260295,47238,46842,5493,52335,315
2022-12-09,Mariposa,043,17540,3246,3190,353,3543,32
2022-12-09,Mendocino,045,87422,16447,16350,4660,21010,136
2022-12-09,Merced,047,269075,74642,73999,12361,86360,877
2022-12-09,Modoc,049,8938,920,908,354,1262,11
2022-12-09,Mono,051,14174,3255,3238,279,3517,8
2022-12-09,Monterey,053,433212,96113,95709,22173,117882,776
2022-12-09,Napa,055,140530,33211,33043,1473,34516,164
2022-12-09,Nevada,057,99092,19706,19565,2122,21687,132
2022-12-09,Orange,059,3164182,687952,684112,70763,754875,7576
2022-12-09,Placer,061,380077,78567,78117,9930,88047,665
2022-12-09,Plumas,063,18699,3768,3762,452,4214,13
2022-12-09,Riverside,065,2383286,714774,710833,38396,749229,6697
2022-12-09,Sacramento,067,1510023,359441,357413,36287,393700,3382
2022-12-09,San Benito,069,59416,17058,16829,1046,17875,108
2022-12-09,San Bernardino,071,2135413,690870,686731,32924,719655,8135
2022-12-09,San Diego,073,3302833,952518,948180,76286,1024466,5584
2022-12-09,San Francisco,075,870044,187837,186203,12777,198980,1081
2022-12-09,San Joaquin,077,732212,203970,202515,16064,218579,2354
2022-12-09,San Luis Obispo,079,281455,64707,64350,7535,71885,533
2022-12-09,San Mateo,081,765935,176320,174791,10880,185671,749
2022-12-09,Santa Barbara,083,443738,108712,108151,7211,115362,739
2022-12-09,Santa Clara,085,1922200,455783,448654,20482,469136,2565
2022-12-09,Santa Cruz,087,273765,66244,65656,3677,69333,275
2022-12-09,Shasta,089,179085,35881,35666,8035,43701,598
2022-12-09,Sierra,091,2930,310,308,61,369,5
2022-12-09,Siskiyou,093,43540,5325,5442,3392,8834,95
2022-12-09,Solano,095,438530,109558,108649,8243,116892,473
2022-12-09,Sonoma,097,501317,110226,109622,5496,115118,531
2022-12-09,Stanislaus,099,539301,141465,140827,22253,163080,1785
2022-12-09,Sutter,101,95872,25017,24906,2503,27409,234
2022-12-09,Tehama,103,63373,14135,14004,3296,17300,218
2022-12-09,Trinity,105,12862,1444,1431,462,1893,23
2022-12-09,Tulare,107,460477,124801,123976,38208,162184,1546
2022-12-09,Tuolumne,109,53932,16230,16054,957,17011,208
2022-12-09,Ventura,111,848112,214820,213720,16861,230581,1598
2022-12-09,Yolo,113,214977,48859,48547,4618,53165,416
2022-12-09,Yuba,115,75493,19472,19399,1777,21176,132
2022-12-08,Alameda,001,1643700,363159,360943,21281,382224,2081
2022-12-08,Alpine,002,1148,139,139,2,141,0
2022-12-08,Amador,005,37829,10240,10196,950,11146,96
2022-12-08,Butte,007,227075,40775,40598,9684,50282,470
2022-12-08,Calaveras,009,45235,8768,8727,598,9325,135
2022-12-08,Colusa,011,21464,3873,3869,1319,5188,22
2022-12-08,Contra Costa,013,1133247,261721,259434,21583,281017,1487
2022-12-08,Del Norte,015,27424,7630,7563,413,7976,56
2022-12-08,El Dorado,017,186661,33550,33447,4424,37871,235
2022-12-08,Fresno,019,978130,286356,281598,33332,314930,2899
2022-12-08,Glenn,021,27897,5686,5668,1944,7612,58
2022-12-08,Humboldt,023,135768,22769,22566,5462,28028,161
2022-12-08,Imperial,025,180216,68100,67632,17825,85457,962
2022-12-08,Inyo,027,18085,4650,4627,1158,5785,60
2022-12-08,Kern,029,883053,223828,222985,67771,290756,2437
2022-12-08,Kings,031,150075,61221,60965,4324,65289,464
2022-12-08,Lake,033,64148,13235,13140,1238,14378,149
2022-12-08,Lassen,035,31185,10151,10128,1028,11156,66
2022-12-08,Los Angeles,037,10098052,3389270,3370904,199041,3569945,34009
2022-12-08,Madera,039,155013,45169,44902,8570,53472,379
2022-12-08,Marin,041,260295,47186,46842,5484,52326,315
2022-12-08,Mariposa,043,17540,3239,3190,353,3543,32
2022-12-08,Mendocino,045,87422,16441,16350,4659,21009,136
2022-12-08,Merced,047,269075,74614,73999,12349,86348,877
2022-12-08,Modoc,049,8938,920,908,354,1262,11
2022-12-08,Mono,051,14174,3254,3238,279,3517,8
2022-12-08,Monterey,053,433212,96085,95709,22145,117854,776
2022-12-08,Napa,055,140530,33179,33043,1472,34515,164
2022-12-08,Nevada,057,99092,19687,19565,2120,21685,132
2022-12-08,Orange,059,3164182,687494,684112,70607,754719,7576
2022-12-08,Placer,061,380077,78515,78117,9924,88041,665
2022-12-08,Plumas,063,18699,3768,3762,452,4214,13
2022-12-08,Riverside,065,2383286,714302,710833,38317,749150,6697
2022-12-08,Sacramento,067,1510023,359138,357413,36222,393635,3382
2022-12-08,San Benito,069,59416,17049,16829,1046,17875,108
2022-12-08,San Bernardino,071,2135413,690331,686731,32871,719602,8135
2022-12-08,San Diego,073,3302833,951874,948180,76168,1024348,5584
2022-12-08,San Francisco,075,870044,187630,186203,12754,198957,1081
2022-12-08,San Joaquin,077,732212,203838,202515,16042,218557,2354
2022-12-08,San Luis Obispo,079,281455,64675,64350,7520,71870,533
2022-12-08,San Mateo,081,765935,176160,174791,10873,185664,749
2022-12-08,Santa Barbara,083,443738,108640,108151,7208,115359,739
2022-12-08,Santa Clara,085,1922200,455296,448654,20443,469097,2565
2022-12-08,Santa Cruz,087,273765,66216,65656,3674,69330,275
2022-12-08,Shasta,089,179085,35868,35666,8031,43697,598
2022-12-08,Sierra,091,2930,310,308,61,369,5
2022-12-08,Siskiyou,093,43540,5322,5442,3391,8833,95
2022-12-08,Solano,095,438530,109452,108649,8238,116887,473
2022-12-08,Sonoma,097,501317,110146,109622,5492,115114,531
2022-12-08,Stanislaus,099,539301,141383,140827,22227,163054,1785
2022-12-08,Sutter,101,95872,24994,24906,2500,27406,234
2022-12-08,Tehama,103,63373,14123,14004,3293,17297,218
2022-12-08,Trinity,105,12862,1443,1431,460,1891,23
2022-12-08,Tulare,107,460477,124759,123976,38156,162132,1546
2022-12-08,Tuolumne,109,53932,16207,16054,957,17011,208
2022-12-08,Ventura,111,848112,214697,213720,16824,230544,1598
2022-12-08,Yolo,113,214977,48817,48547,4614,53161,416
2022-12-08,Yuba,115,75493,19461,19399,1774,21173,132
2022-12-07,Alameda,001,1643700,362777,360943,21229,382172,2081
2022-12-07,Alpine,002,1148,139,139,2,141,0
2022-12-07,Amador,005,37829,10237,10196,950,11146,96
2022-12-07,Butte,007,227075,40743,40598,9669,50267,470
2022-12-07,Calaveras,009,45235,8763,8727,597,9324,135
2022-12-07,Colusa,011,21464,3873,3869,1319,5188,22
2022-12-07,Contra Costa,013,1133247,261484,259434,21553,280987,1487
2022-12-07,Del Norte,015,27424,7628,7563,413,7976,56
2022-12-07,El Dorado,017,186661,33524,33447,4420,37867,235
2022-12-07,Fresno,019,978130,286093,281598,33281,314879,2899
2022-12-07,Glenn,021,27897,5685,5668,1944,7612,58
2022-12-07,Humboldt,023,135768,22753,22566,5447,28013,161
2022-12-07,Imperial,025,180216,68030,67632,17754,85386,962
2022-12-07,Inyo,027,18085,4646,4627,1133,5760,60
2022-12-07,Kern,029,883053,223706,222985,67667,290652,2437
2022-12-07,Kings,031,150075,61178,60965,4320,65285,464
2022-12-07,Lake,033,64148,13227,13140,1238,14378,149
2022-12-07,Lassen,035,31185,10150,10128,1028,11156,66
2022-12-07,Los Angeles,037,10098052,3386604,3370904,198541,3569445,34009
2022-12-07,Madera,039,155013,45123,44902,8566,53468,379
2022-12-07,Marin,041,260295,47143,46842,5478,52320,315
2022-12-07,Mariposa,043,17540,3236,3190,353,3543,32
2022-12-07,Mendocino,045,87422,16437,16350,4654,21004,136
2022-12-07,Merced,047,269075,74564,73999,12316,86315,877
2022-12-07,Modoc,049,8938,919,908,354,1262,11
2022-12-07,Mono,051,14174,3252,3238,279,3517,8
2022-12-07,Monterey,053,433212,96046,95709,22117,117826,776
2022-12-07,Napa,055,140530,33161,33043,1468,34511,164
2022-12-07,Nevada,057,99092,19670,19565,2111,21676,132
2022-12-07,Orange,059,3164182,686980,684112,70436,754548,7576
2022-12-07,Placer,061,380077,78470,78117,9920,88037,665
2022-12-07,Plumas,063,18699,3767,3762,452,4214,13
2022-12-07,Riverside,065,2383286,713753,710833,38241,749074,6697
2022-12-07,Sacramento,067,1510023,358892,357413,36166,393579,3382
2022-12-07,San Benito,069,59416,17026,16829,1042,17871,108
2022-12-07,San Bernardino,071,2135413,689809,686731,32793,719524,8135
2022-12-07,San Diego,073,3302833,951064,948180,76050,1024230,5584
2022-12-07,San Francisco,075,870044,187426,186203,12741,198944,1081
2022-12-07,San Joaquin,077,732212,203676,202515,16012,218527,2354
2022-12-07,San Luis Obispo,079,281455,64649,64350,7500,71850,533
2022-12-07,San Mateo,081,765935,176000,174791,10863,185654,749
2022-12-07,Santa Barbara,083,443738,108558,108151,7200,115351,739
2022-12-07,Santa Clara,085,1922200,454858,448654,20405,469059,2565
2022-12-07,Santa Cruz,087,273765,66122,65656,3664,69320,275
2022-12-07,Shasta,089,179085,35848,35666,8020,43686,598
2022-12-07,Sierra,091,2930,310,308,61,369,5
2022-12-07,Siskiyou,093,43540,5320,5442,3391,8833,95
2022-12-07,Solano,095,438530,109355,108649,8231,116880,473
2022-12-07,Sonoma,097,501317,110074,109622,5490,115112,531
2022-12-07,Stanislaus,099,539301,141321,140827,22206,163033,1785
2022-12-07,Sutter,101,95872,24979,24906,2500,27406,234
2022-12-07,Tehama,103,63373,14114,14004,3290,17294,218
2022-12-07,Trinity,105,12862,1443,1431,459,1890,23
2022-12-07,Tulare,107,460477,124706,123976,38121,162097,1546
2022-12-07,Tuolumne,109,53932,16196,16054,957,17011,208
2022-12-07,Ventura,111,848112,214573,213720,16799,230519,1598
2022-12-07,Yolo,113,214977,48786,48547,4612,53159,416
2022-12-07,Yuba,115,75493,19455,19399,1772,21171,132
2022-12-06,Alameda,001,1643700,362324,360943,21188,382131,2081
2022-12-06,Alpine,002,1148,139,139,2,141,0
2022-12-06,Amador,005,37829,10229,10196,949,11145,96
2022-12-06,Butte,007,227075,40714,40598,9658,50256,470
2022-12-06,Calaveras,009,45235,8757,8727,595,9322,135
2022-12-06,Colusa,011,21464,3872,3869,1319,5188,22
2022-12-06,Contra Costa,013,1133247,261169,259434,21522,280956,1487
2022-12-06,Del Norte,015,27424,7624,7563,413,7976,56
2022-12-06,El Dorado,017,186661,33498,33447,4418,37865,235
2022-12-06,Fresno,019,978130,285869,281598,33229,314827,2899
2022-12-06,Glenn,021,27897,5682,5668,1939,7607,58
2022-12-06,Humboldt,023,135768,22731,22566,5437,28003,161
2022-12-06,Imperial,025,180216,67951,67632,17686,85318,962
2022-12-06,Inyo,027,18085,4643,4627,1129,5756,60
2022-12-06,Kern,029,883053,223602,222985,67555,290540,2437
2022-12-06,Kings,031,150075,61135,60965,4315,65280,464
2022-12-06,Lake,033,64148,13220,13140,1238,14378,149
2022-12-06,Lassen,035,31185,10148,10128,1027,11155,66
2022-12-06,Los Angeles,037,10098052,3383732,3370904,197971,3568875,34009
2022-12-06,Madera,039,155013,45099,44902,8538,53440,379
2022-12-06,Marin,041,260295,47096,46842,5473,52315,315
2022-12-06,Mariposa,043,17540,3236,3190,353,3543,32
2022-12-06,Mendocino,045,87422,16429,16350,4652,21002,136
2022-12-06,Merced,047,269075,74507,73999,12294,86293,877
2022-12-06,Modoc,049,8938,916,908,353,1261,11
2022-12-06,Mono,051,14174,3251,3238,279,3517,8
2022-12-06,Monterey,053,433212,96013,95709,22091,117800,776
2022-12-06,Napa,055,140530,33138,33043,1467,34510,164
2022-12-06,Nevada,057,99092,19655,19565,2102,21667,132
2022-12-06,Orange,059,3164182,686435,684112,70250,754362,7576
2022-12-06,Placer,061,380077,78408,78117,9909,88026,665
2022-12-06,Plumas,063,18699,3767,3762,452,4214,13
2022-12-06,Riverside,065,2383286,713250,710833,38130,748963,6697
2022-12-06,Sacramento,067,1510023,358630,357413,36132,393545,3382
2022-12-06,San Benito,069,59416,17007,16829,1038,17867,108
2022-12-06,San Bernardino,071,2135413,689240,686731,32732,719463,8135
2022-12-06,San Diego,073,3302833,950229,948180,75906,1024086,5584
2022-12-06,San Francisco,075,870044,187201,186203,12731,198934,1081
2022-12-06,San Joaquin,077,732212,203511,202515,15989,218504,2354
2022-12-06,San Luis Obispo,079,281455,64612,64350,7470,71820,533
2022-12-06,San Mateo,081,765935,175809,174791,10840,185631,749
2022-12-06,Santa Barbara,083,443738,108489,108151,7183,115334,739
2022-12-06,Santa Clara,085,1922200,454357,448654,20355,469009,2565
2022-12-06,Santa Cruz,087,273765,66015,65656,3662,69318,275
2022-12-06,Shasta,089,179085,35831,35666,8009,43675,598
2022-12-06,Sierra,091,2930,308,308,61,369,5
2022-12-06,Siskiyou,093,43540,5317,5442,3388,8830,95
2022-12-06,Solano,095,438530,109243,108649,8217,116866,473
2022-12-06,Sonoma,097,501317,109985,109622,5487,115109,531
2022-12-06,Stanislaus,099,539301,141224,140827,22176,163003,1785
2022-12-06,Sutter,101,95872,24964,24906,2497,27403,234
2022-12-06,Tehama,103,63373,14097,14004,3281,17285,218
2022-12-06,Trinity,105,12862,1443,1431,458,1889,23
2022-12-06,Tulare,107,460477,124646,123976,38069,162045,1546
2022-12-06,Tuolumne,109,53932,16187,16054,956,17010,208
2022-12-06,Ventura,111,848112,214406,213720,16765,230485,1598
2022-12-06,Yolo,113,214977,48745,48547,4605,53152,416
2022-12-06,Yuba,115,75493,19441,19399,1771,21170,132
2022-12-05,Alameda,001,1643700,361875,357689,21146,378835,2063
2022-12-05,Alpine,002,1148,139,139,2,141,0
2022-12-05,Amador,005,37829,10224,10150,949,11099,96
2022-12-05,Butte,007,227075,40676,40335,9643,49978,465
2022-12-05,Calaveras,009,45235,8751,8676,594,9270,135
2022-12-05,Colusa,011,21464,3871,3849,1319,5168,22
2022-12-05,Contra Costa,013,1133247,260898,257263,21503,278766,1485
2022-12-05,Del Norte,015,27424,7616,7519,412,7931,56
2022-12-05,El Dorado,017,186661,33481,33200,4414,37614,235
2022-12-05,Fresno,019,978130,285591,279787,33162,312949,2898
2022-12-05,Glenn,021,27897,5679,5647,1939,7586,58
2022-12-05,Humboldt,023,135768,22715,22436,5429,27865,160
2022-12-05,Imperial,025,180216,67848,67001,17618,84619,960
2022-12-05,Inyo,027,18085,4640,4590,1128,5718,60
2022-12-05,Kern,029,883053,223405,222087,67459,289546,2431
2022-12-05,Kings,031,150075,61071,60636,4307,64943,464
2022-12-05,Lake,033,64148,13210,13078,1238,14316,149
2022-12-05,Lassen,035,31185,10143,10110,1027,11137,65
2022-12-05,Los Angeles,037,10098052,3380645,3346956,197413,3544369,33937
2022-12-05,Madera,039,155013,45055,44650,8535,53185,377
2022-12-05,Marin,041,260295,47038,46509,5462,51971,314
2022-12-05,Mariposa,043,17540,3230,3175,353,3528,32
2022-12-05,Mendocino,045,87422,16417,16294,4646,20940,136
2022-12-05,Merced,047,269075,74453,73547,12274,85821,876
2022-12-05,Modoc,049,8938,915,895,353,1248,11
2022-12-05,Mono,051,14174,3249,3237,279,3516,8
2022-12-05,Monterey,053,433212,95968,95364,22070,117434,775
2022-12-05,Napa,055,140530,33115,32859,1464,34323,161
2022-12-05,Nevada,057,99092,19645,19398,2099,21497,132
2022-12-05,Orange,059,3164182,685800,679165,70033,749198,7567
2022-12-05,Placer,061,380077,78360,77618,9902,87520,665
2022-12-05,Plumas,063,18699,3766,3738,451,4189,13
2022-12-05,Riverside,065,2383286,712654,706396,38022,744418,6693
2022-12-05,Sacramento,067,1510023,358319,354844,36073,390917,3377
2022-12-05,San Benito,069,59416,16970,16555,1034,17589,108
2022-12-05,San Bernardino,071,2135413,688602,681872,32670,714542,8133
2022-12-05,San Diego,073,3302833,949365,942451,75765,1018216,5569
2022-12-05,San Francisco,075,870044,186954,184552,12715,197267,1078
2022-12-05,San Joaquin,077,732212,203337,201175,15964,217139,2347
2022-12-05,San Luis Obispo,079,281455,64569,64105,7456,71561,531
2022-12-05,San Mateo,081,765935,175592,173283,10830,184113,748
2022-12-05,Santa Barbara,083,443738,108405,107527,7168,114695,738
2022-12-05,Santa Clara,085,1922200,453810,444150,20305,464455,2560
2022-12-05,Santa Cruz,087,273765,65890,65044,3656,68700,275
2022-12-05,Shasta,089,179085,35813,35519,7999,43518,598
2022-12-05,Sierra,091,2930,308,308,61,369,5
2022-12-05,Siskiyou,093,43540,5316,5406,3386,8792,95
2022-12-05,Solano,095,438530,109142,107925,8201,116126,470
2022-12-05,Sonoma,097,501317,109891,109040,5481,114521,530
2022-12-05,Stanislaus,099,539301,141111,140127,22159,162286,1785
2022-12-05,Sutter,101,95872,24940,24800,2494,27294,234
2022-12-05,Tehama,103,63373,14081,13904,3277,17181,216
2022-12-05,Trinity,105,12862,1443,1428,457,1885,22
2022-12-05,Tulare,107,460477,124554,123368,38013,161381,1546
2022-12-05,Tuolumne,109,53932,16168,15945,955,16900,207
2022-12-05,Ventura,111,848112,214239,212363,16736,229099,1591
2022-12-05,Yolo,113,214977,48711,48329,4601,52930,409
2022-12-05,Yuba,115,75493,19429,19307,1771,21078,132
2022-12-04,Alameda,001,1643700,361328,357689,21083,378772,2063
2022-12-04,Alpine,002,1148,139,139,2,141,0
2022-12-04,Amador,005,37829,10220,10150,949,11099,96
2022-12-04,Butte,007,227075,40615,40335,9626,49961,465
2022-12-04,Calaveras,009,45235,8740,8676,592,9268,135
2022-12-04,Colusa,011,21464,3869,3849,1319,5168,22
2022-12-04,Contra Costa,013,1133247,260536,257263,21465,278728,1485
2022-12-04,Del Norte,015,27424,7610,7519,412,7931,56
2022-12-04,El Dorado,017,186661,33459,33200,4406,37606,235
2022-12-04,Fresno,019,978130,285289,279787,33088,312875,2898
2022-12-04,Glenn,021,27897,5674,5647,1936,7583,58
2022-12-04,Humboldt,023,135768,22685,22436,5419,27855,160
2022-12-04,Imperial,025,180216,67765,67001,17511,84512,960
2022-12-04,Inyo,027,18085,4638,4590,1126,5716,60
2022-12-04,Kern,029,883053,223266,222087,67330,289417,2431
2022-12-04,Kings,031,150075,61014,60636,4292,64928,464
2022-12-04,Lake,033,64148,13196,13078,1237,14315,149
2022-12-04,Lassen,035,31185,10140,10110,1025,11135,65
2022-12-04,Los Angeles,037,10098052,3376806,3346956,196731,3543687,33937
2022-12-04,Madera,039,155013,45027,44650,8525,53175,377
2022-12-04,Marin,041,260295,46970,46509,5453,51962,314
2022-12-04,Mariposa,043,17540,3227,3175,353,3528,32
2022-12-04,Mendocino,045,87422,16409,16294,4642,20936,136
2022-12-04,Merced,047,269075,74399,73547,12236,85783,876
2022-12-04,Modoc,049,8938,913,895,353,1248,11
2022-12-04,Mono,051,14174,3248,3237,279,3516,8
2022-12-04,Monterey,053,433212,95926,95364,22045,117409,775
2022-12-04,Napa,055,140530,33091,32859,1455,34314,161
2022-12-04,Nevada,057,99092,19620,19398,2087,21485,132
2022-12-04,Orange,059,3164182,685111,679165,69767,748932,7567
2022-12-04,Placer,061,380077,78287,77618,9889,87507,665
2022-12-04,Plumas,063,18699,3763,3738,449,4187,13
2022-12-04,Riverside,065,2383286,711963,706396,37897,744293,6693
2022-12-04,Sacramento,067,1510023,357967,354844,36001,390845,3377
2022-12-04,San Benito,069,59416,16954,16555,1034,17589,108
2022-12-04,San Bernardino,071,2135413,687815,681872,32596,714468,8133
2022-12-04,San Diego,073,3302833,948306,942451,75598,1018049,5569
2022-12-04,San Francisco,075,870044,186654,184552,12679,197231,1078
2022-12-04,San Joaquin,077,732212,203151,201175,15929,217104,2347
2022-12-04,San Luis Obispo,079,281455,64527,64105,7442,71547,531
2022-12-04,San Mateo,081,765935,175385,173283,10815,184098,748
2022-12-04,Santa Barbara,083,443738,108306,107527,7159,114686,738
2022-12-04,Santa Clara,085,1922200,453170,444150,20247,464397,2560
2022-12-04,Santa Cruz,087,273765,65826,65044,3645,68689,275
2022-12-04,Shasta,089,179085,35793,35519,7975,43494,598
2022-12-04,Sierra,091,2930,308,308,61,369,5
2022-12-04,Siskiyou,093,43540,5311,5406,3385,8791,95
2022-12-04,Solano,095,438530,108996,107925,8196,116121,470
2022-12-04,Sonoma,097,501317,109792,109040,5474,114514,530
2022-12-04,Stanislaus,099,539301,140992,140127,22137,162264,1785
2022-12-04,Sutter,101,95872,24920,24800,2483,27283,234
2022-12-04,Tehama,103,63373,14066,13904,3276,17180,216
2022-12-04,Trinity,105,12862,1443,1428,457,1885,22
2022-12-04,Tulare,107,460477,124445,123368,37952,161320,1546
2022-12-04,Tuolumne,109,53932,16145,15945,954,16899,207
2022-12-04,Ventura,111,848112,214069,212363,16693,229056,1591
2022-12-04,Yolo,113,214977,48664,48329,4592,52921,409
2022-12-04,Yuba,115,75493,19419,19307,1769,21076,132
2022-12-03,Alameda,001,1643700,361086,357689,21044,378733,2063
2022-12-03,Alpine,002,1148,139,139,2,141,0
2022-12-03,Amador,005,37829,10213,10150,949,11099,96
2022-12-03,Butte,007,227075,40599,40335,9617,49952,465
2022-12-03,Calaveras,009,45235,8737,8676,592,9268,135
2022-12-03,Colusa,011,21464,3868,3849,1319,5168,22
2022-12-03,Contra Costa,013,1133247,260358,257263,21448,278711,1485
2022-12-03,Del Norte,015,27424,7606,7519,411,7930,56
2022-12-03,El Dorado,017,186661,33443,33200,4404,37604,235
2022-12-03,Fresno,019,978130,285163,279787,33066,312853,2898
2022-12-03,Glenn,021,27897,5672,5647,1936,7583,58
2022-12-03,Humboldt,023,135768,22662,22436,5408,27844,160
2022-12-03,Imperial,025,180216,67728,67001,17489,84490,960
2022-12-03,Inyo,027,18085,4637,4590,1125,5715,60
2022-12-03,Kern,029,883053,223214,222087,67253,289340,2431
2022-12-03,Kings,031,150075,60994,60636,4290,64926,464
2022-12-03,Lake,033,64148,13191,13078,1236,14314,149
2022-12-03,Lassen,035,31185,10138,10110,1025,11135,65
2022-12-03,Los Angeles,037,10098052,3374923,3346956,196367,3543323,33937
2022-12-03,Madera,039,155013,45007,44650,8522,53172,377
2022-12-03,Marin,041,260295,46929,46509,5448,51957,314
2022-12-03,Mariposa,043,17540,3225,3175,353,3528,32
2022-12-03,Mendocino,045,87422,16403,16294,4641,20935,136
2022-12-03,Merced,047,269075,74359,73547,12224,85771,876
2022-12-03,Modoc,049,8938,911,895,352,1247,11
2022-12-03,Mono,051,14174,3246,3237,279,3516,8
2022-12-03,Monterey,053,433212,95905,95364,22028,117392,775
2022-12-03,Napa,055,140530,33083,32859,1455,34314,161
2022-12-03,Nevada,057,99092,19613,19398,2085,21483,132
2022-12-03,Orange,059,3164182,684768,679165,69602,748767,7567
2022-12-03,Placer,061,380077,78238,77618,9888,87506,665
2022-12-03,Plumas,063,18699,3761,3738,448,4186,13
2022-12-03,Riverside,065,2383286,711573,706396,37836,744232,6693
2022-12-03,Sacramento,067,1510023,357787,354844,35980,390824,3377
2022-12-03,San Benito,069,59416,16933,16555,1031,17586,108
2022-12-03,San Bernardino,071,2135413,687451,681872,32549,714421,8133
2022-12-03,San Diego,073,3302833,947804,942451,75536,1017987,5569
2022-12-03,San Francisco,075,870044,186514,184552,12672,197224,1078
2022-12-03,San Joaquin,077,732212,203039,201175,15905,217080,2347
2022-12-03,San Luis Obispo,079,281455,64514,64105,7437,71542,531
2022-12-03,San Mateo,081,765935,175261,173283,10806,184089,748
2022-12-03,Santa Barbara,083,443738,108266,107527,7153,114680,738
2022-12-03,Santa Clara,085,1922200,452817,444150,20210,464360,2560
2022-12-03,Santa Cruz,087,273765,65784,65044,3634,68678,275
2022-12-03,Shasta,089,179085,35783,35519,7972,43491,598
2022-12-03,Sierra,091,2930,308,308,61,369,5
2022-12-03,Siskiyou,093,43540,5310,5406,3385,8791,95
2022-12-03,Solano,095,438530,108967,107925,8187,116112,470
2022-12-03,Sonoma,097,501317,109744,109040,5472,114512,530
2022-12-03,Stanislaus,099,539301,140926,140127,22121,162248,1785
2022-12-03,Sutter,101,95872,24904,24800,2483,27283,234
2022-12-03,Tehama,103,63373,14062,13904,3273,17177,216
2022-12-03,Trinity,105,12862,1443,1428,457,1885,22
2022-12-03,Tulare,107,460477,124383,123368,37918,161286,1546
2022-12-03,Tuolumne,109,53932,16129,15945,951,16896,207
2022-12-03,Ventura,111,848112,213974,212363,16672,229035,1591
2022-12-03,Yolo,113,214977,48638,48329,4585,52914,409
2022-12-03,Yuba,115,75493,19414,19307,1768,21075,132
2022-12-02,Alameda,001,1643700,360816,357689,21015,378704,2063
2022-12-02,Alpine,002,1148,139,139,2,141,0
2022-12-02,Amador,005,37829,10207,10150,949,11099,96
2022-12-02,Butte,007,227075,40584,40335,9603,49938,465
2022-12-02,Calaveras,009,45235,8733,8676,592,9268,135
2022-12-02,Colusa,011,21464,3868,3849,1319,5168,22
2022-12-02,Contra Costa,013,1133247,260196,257263,21441,278704,1485
2022-12-02,Del Norte,015,27424,7602,7519,411,7930,56
2022-12-02,El Dorado,017,186661,33426,33200,4404,37604,235
2022-12-02,Fresno,019,978130,285002,279787,33035,312822,2898
2022-12-02,Glenn,021,27897,5671,5647,1935,7582,58
2022-12-02,Humboldt,023,135768,22650,22436,5404,27840,160
2022-12-02,Imperial,025,180216,67685,67001,17471,84472,960
2022-12-02,Inyo,027,18085,4634,4590,1123,5713,60
2022-12-02,Kern,029,883053,223124,222087,67204,289291,2431
2022-12-02,Kings,031,150075,60976,60636,4288,64924,464
2022-12-02,Lake,033,64148,13185,13078,1235,14313,149
2022-12-02,Lassen,035,31185,10137,10110,1024,11134,65
2022-12-02,Los Angeles,037,10098052,3372872,3346956,195953,3542909,33937
2022-12-02,Madera,039,155013,44983,44650,8521,53171,377
2022-12-02,Marin,041,260295,46892,46509,5445,51954,314
2022-12-02,Mariposa,043,17540,3223,3175,352,3527,32
2022-12-02,Mendocino,045,87422,16398,16294,4641,20935,136
2022-12-02,Merced,047,269075,74326,73547,12218,85765,876
2022-12-02,Modoc,049,8938,910,895,351,1246,11
2022-12-02,Mono,051,14174,3246,3237,278,3515,8
2022-12-02,Monterey,053,433212,95873,95364,22010,117374,775
2022-12-02,Napa,055,140530,33069,32859,1451,34310,161
2022-12-02,Nevada,057,99092,19607,19398,2080,21478,132
2022-12-02,Orange,059,3164182,684401,679165,69418,748583,7567
2022-12-02,Placer,061,380077,78210,77618,9881,87499,665
2022-12-02,Plumas,063,18699,3761,3738,448,4186,13
2022-12-02,Riverside,065,2383286,711131,706396,37771,744167,6693
2022-12-02,Sacramento,067,1510023,357565,354844,35945,390789,3377
2022-12-02,San Benito,069,59416,16910,16555,1028,17583,108
2022-12-02,San Bernardino,071,2135413,687081,681872,32517,714389,8133
2022-12-02,San Diego,073,3302833,947297,942451,75459,1017910,5569
2022-12-02,San Francisco,075,870044,186391,184552,12658,197210,1078
2022-12-02,San Joaquin,077,732212,202941,201175,15885,217060,2347
2022-12-02,San Luis Obispo,079,281455,64493,64105,7427,71532,531
2022-12-02,San Mateo,081,765935,175137,173283,10796,184079,748
2022-12-02,Santa Barbara,083,443738,108211,107527,7151,114678,738
2022-12-02,Santa Clara,085,1922200,452498,444150,20187,464337,2560
2022-12-02,Santa Cruz,087,273765,65729,65044,3630,68674,275
2022-12-02,Shasta,089,179085,35766,35519,7970,43489,598
2022-12-02,Sierra,091,2930,308,308,61,369,5
2022-12-02,Siskiyou,093,43540,5308,5406,3385,8791,95
2022-12-02,Solano,095,438530,108895,107925,8181,116106,470
2022-12-02,Sonoma,097,501317,109693,109040,5465,114505,530
2022-12-02,Stanislaus,099,539301,140863,140127,22114,162241,1785
2022-12-02,Sutter,101,95872,24895,24800,2483,27283,234
2022-12-02,Tehama,103,63373,14057,13904,3269,17173,216
2022-12-02,Trinity,105,12862,1443,1428,456,1884,22
2022-12-02,Tulare,107,460477,124337,123368,37875,161243,1546
2022-12-02,Tuolumne,109,53932,16117,15945,949,16894,207
2022-12-02,Ventura,111,848112,213870,212363,16646,229009,1591
2022-12-02,Yolo,113,214977,48626,48329,4584,52913,409
2022-12-02,Yuba,115,75493,19403,19307,1768,21075,132
2022-12-01,Alameda,001,1643700,360406,357689,20964,378653,2063
2022-12-01,Alpine,002,1148,139,139,2,141,0
2022-12-01,Amador,005,37829,10201,10150,949,11099,96
2022-12-01,Butte,007,227075,40556,40335,9588,49923,465
2022-12-01,Calaveras,009,45235,8726,8676,589,9265,135
2022-12-01,Colusa,011,21464,3868,3849,1315,5164,22
2022-12-01,Contra Costa,013,1133247,259954,257263,21420,278683,1485
2022-12-01,Del Norte,015,27424,7600,7519,411,7930,56
2022-12-01,El Dorado,017,186661,33398,33200,4397,37597,235
2022-12-01,Fresno,019,978130,284820,279787,32980,312767,2898
2022-12-01,Glenn,021,27897,5663,5647,1932,7579,58
2022-12-01,Humboldt,023,135768,22633,22436,5399,27835,160
2022-12-01,Imperial,025,180216,67612,67001,17371,84372,960
2022-12-01,Inyo,027,18085,4628,4590,1119,5709,60
2022-12-01,Kern,029,883053,222978,222087,67116,289203,2431
2022-12-01,Kings,031,150075,60936,60636,4285,64921,464
2022-12-01,Lake,033,64148,13179,13078,1235,14313,149
2022-12-01,Lassen,035,31185,10135,10110,1024,11134,65
2022-12-01,Los Angeles,037,10098052,3369995,3346956,195440,3542396,33937
2022-12-01,Madera,039,155013,44950,44650,8508,53158,377
2022-12-01,Marin,041,260295,46852,46509,5432,51941,314
2022-12-01,Mariposa,043,17540,3219,3175,352,3527,32
2022-12-01,Mendocino,045,87422,16393,16294,4641,20935,136
2022-12-01,Merced,047,269075,74279,73547,12203,85750,876
2022-12-01,Modoc,049,8938,907,895,350,1245,11
2022-12-01,Mono,051,14174,3243,3237,277,3514,8
2022-12-01,Monterey,053,433212,95837,95364,21996,117360,775
2022-12-01,Napa,055,140530,33040,32859,1450,34309,161
2022-12-01,Nevada,057,99092,19590,19398,2077,21475,132
2022-12-01,Orange,059,3164182,683819,679165,69215,748380,7567
2022-12-01,Placer,061,380077,78155,77618,9871,87489,665
2022-12-01,Plumas,063,18699,3754,3738,448,4186,13
2022-12-01,Riverside,065,2383286,710603,706396,37671,744067,6693
2022-12-01,Sacramento,067,1510023,357257,354844,35885,390729,3377
2022-12-01,San Benito,069,59416,16879,16555,1025,17580,108
2022-12-01,San Bernardino,071,2135413,686517,681872,32440,714312,8133
2022-12-01,San Diego,073,3302833,946492,942451,75308,1017759,5569
2022-12-01,San Francisco,075,870044,186181,184552,12630,197182,1078
2022-12-01,San Joaquin,077,732212,202788,201175,15859,217034,2347
2022-12-01,San Luis Obispo,079,281455,64471,64105,7413,71518,531
2022-12-01,San Mateo,081,765935,174971,173283,10788,184071,748
2022-12-01,Santa Barbara,083,443738,108145,107527,7144,114671,738
2022-12-01,Santa Clara,085,1922200,452002,444150,20144,464294,2560
2022-12-01,Santa Cruz,087,273765,65661,65044,3623,68667,275
2022-12-01,Shasta,089,179085,35747,35519,7962,43481,598
2022-12-01,Sierra,091,2930,308,308,61,369,5
2022-12-01,Siskiyou,093,43540,5306,5406,3384,8790,95
2022-12-01,Solano,095,438530,108815,107925,8176,116101,470
2022-12-01,Sonoma,097,501317,109624,109040,5452,114492,530
2022-12-01,Stanislaus,099,539301,140779,140127,22101,162228,1785
2022-12-01,Sutter,101,95872,24885,24800,2482,27282,234
2022-12-01,Tehama,103,63373,14040,13904,3264,17168,216
2022-12-01,Trinity,105,12862,1443,1428,455,1883,22
2022-12-01,Tulare,107,460477,124276,123368,37819,161187,1546
2022-12-01,Tuolumne,109,53932,16102,15945,949,16894,207
2022-12-01,Ventura,111,848112,213723,212363,16615,228978,1591
2022-12-01,Yolo,113,214977,48592,48329,4579,52908,409
2022-12-01,Yuba,115,75493,19384,19307,1768,21075,132
2022-11-30,Alameda,001,1643700,359979,357689,20924,378613,2063
2022-11-30,Alpine,002,1148,139,139,2,141,0
2022-11-30,Amador,005,37829,10195,10150,949,11099,96
2022-11-30,Butte,007,227075,40520,40335,9562,49897,465
2022-11-30,Calaveras,009,45235,8721,8676,588,9264,135
2022-11-30,Colusa,011,21464,3865,3849,1314,5163,22
2022-11-30,Contra Costa,013,1133247,259694,257263,21398,278661,1485
2022-11-30,Del Norte,015,27424,7595,7519,410,7929,56
2022-11-30,El Dorado,017,186661,33372,33200,4394,37594,235
2022-11-30,Fresno,019,978130,284557,279787,32933,312720,2898
2022-11-30,Glenn,021,27897,5661,5647,1926,7573,58
2022-11-30,Humboldt,023,135768,22619,22436,5388,27824,160
2022-11-30,Imperial,025,180216,67499,67001,17280,84281,960
2022-11-30,Inyo,027,18085,4627,4590,1116,5706,60
2022-11-30,Kern,029,883053,222882,222087,67039,289126,2431
2022-11-30,Kings,031,150075,60878,60636,4274,64910,464
2022-11-30,Lake,033,64148,13167,13078,1235,14313,149
2022-11-30,Lassen,035,31185,10133,10110,1024,11134,65
2022-11-30,Los Angeles,037,10098052,3366539,3346956,194859,3541815,33937
2022-11-30,Madera,039,155013,44923,44650,8503,53153,377
2022-11-30,Marin,041,260295,46813,46509,5426,51935,314
2022-11-30,Mariposa,043,17540,3215,3175,351,3526,32
2022-11-30,Mendocino,045,87422,16386,16294,4636,20930,136
2022-11-30,Merced,047,269075,74217,73547,12180,85727,876
2022-11-30,Modoc,049,8938,907,895,349,1244,11
2022-11-30,Mono,051,14174,3241,3237,277,3514,8
2022-11-30,Monterey,053,433212,95789,95364,21976,117340,775
2022-11-30,Napa,055,140530,33008,32859,1450,34309,161
2022-11-30,Nevada,057,99092,19578,19398,2072,21470,132
2022-11-30,Orange,059,3164182,683190,679165,68989,748154,7567
2022-11-30,Placer,061,380077,78087,77618,9863,87481,665
2022-11-30,Plumas,063,18699,3752,3738,448,4186,13
2022-11-30,Riverside,065,2383286,709940,706396,37568,743964,6693
2022-11-30,Sacramento,067,1510023,356970,354844,35849,390693,3377
2022-11-30,San Benito,069,59416,16839,16555,1023,17578,108
2022-11-30,San Bernardino,071,2135413,685909,681872,32359,714231,8133
2022-11-30,San Diego,073,3302833,945645,942451,75172,1017623,5569
2022-11-30,San Francisco,075,870044,185952,184552,12613,197165,1078
2022-11-30,San Joaquin,077,732212,202608,201175,15807,216982,2347
2022-11-30,San Luis Obispo,079,281455,64436,64105,7397,71502,531
2022-11-30,San Mateo,081,765935,174787,173283,10770,184053,748
2022-11-30,Santa Barbara,083,443738,108066,107527,7128,114655,738
2022-11-30,Santa Clara,085,1922200,451487,444150,20103,464253,2560
2022-11-30,Santa Cruz,087,273765,65597,65044,3617,68661,275
2022-11-30,Shasta,089,179085,35729,35519,7953,43472,598
2022-11-30,Sierra,091,2930,308,308,61,369,5
2022-11-30,Siskiyou,093,43540,5303,5406,3383,8789,95
2022-11-30,Solano,095,438530,108725,107925,8169,116094,470
2022-11-30,Sonoma,097,501317,109551,109040,5446,114486,530
2022-11-30,Stanislaus,099,539301,140672,140127,22086,162213,1785
2022-11-30,Sutter,101,95872,24867,24800,2479,27279,234
2022-11-30,Tehama,103,63373,14021,13904,3259,17163,216
2022-11-30,Trinity,105,12862,1442,1428,454,1882,22
2022-11-30,Tulare,107,460477,124194,123368,37767,161135,1546
2022-11-30,Tuolumne,109,53932,16086,15945,947,16892,207
2022-11-30,Ventura,111,848112,213531,212363,16571,228934,1591
2022-11-30,Yolo,113,214977,48565,48329,4573,52902,409
2022-11-30,Yuba,115,75493,19372,19307,1768,21075,132
2022-11-29,Alameda,001,1643700,359554,357689,20859,378548,2063
2022-11-29,Alpine,002,1148,139,139,1,140,0
2022-11-29,Amador,005,37829,10191,10150,949,11099,96
2022-11-29,Butte,007,227075,40477,40335,9543,49878,465
2022-11-29,Calaveras,009,45235,8714,8676,588,9264,135
2022-11-29,Colusa,011,21464,3864,3849,1310,5159,22
2022-11-29,Contra Costa,013,1133247,259425,257263,21378,278641,1485
2022-11-29,Del Norte,015,27424,7586,7519,410,7929,56
2022-11-29,El Dorado,017,186661,33331,33200,4391,37591,235
2022-11-29,Fresno,019,978130,284328,279787,32873,312660,2898
2022-11-29,Glenn,021,27897,5659,5647,1925,7572,58
2022-11-29,Humboldt,023,135768,22601,22436,5371,27807,160
2022-11-29,Imperial,025,180216,67405,67001,17192,84193,960
2022-11-29,Inyo,027,18085,4621,4590,1111,5701,60
2022-11-29,Kern,029,883053,222763,222087,66934,289021,2431
2022-11-29,Kings,031,150075,60839,60636,4271,64907,464
2022-11-29,Lake,033,64148,13159,13078,1235,14313,149
2022-11-29,Lassen,035,31185,10130,10110,1023,11133,65
2022-11-29,Los Angeles,037,10098052,3362575,3346956,194257,3541213,33937
2022-11-29,Madera,039,155013,44881,44650,8478,53128,377
2022-11-29,Marin,041,260295,46768,46509,5422,51931,314
2022-11-29,Mariposa,043,17540,3213,3175,350,3525,32
2022-11-29,Mendocino,045,87422,16377,16294,4632,20926,136
2022-11-29,Merced,047,269075,74163,73547,12154,85701,876
2022-11-29,Modoc,049,8938,905,895,349,1244,11
2022-11-29,Mono,051,14174,3240,3237,277,3514,8
2022-11-29,Monterey,053,433212,95748,95364,21944,117308,775
2022-11-29,Napa,055,140530,32983,32859,1450,34309,161
2022-11-29,Nevada,057,99092,19557,19398,2066,21464,132
2022-11-29,Orange,059,3164182,682444,679165,68743,747908,7567
2022-11-29,Placer,061,380077,78016,77618,9853,87471,665
2022-11-29,Plumas,063,18699,3746,3738,447,4185,13
2022-11-29,Riverside,065,2383286,709346,706396,37458,743854,6693
2022-11-29,Sacramento,067,1510023,356584,354844,35800,390644,3377
2022-11-29,San Benito,069,59416,16797,16555,1019,17574,108
2022-11-29,San Bernardino,071,2135413,685278,681872,32282,714154,8133
2022-11-29,San Diego,073,3302833,944738,942451,74995,1017446,5569
2022-11-29,San Francisco,075,870044,185722,184552,12597,197149,1078
2022-11-29,San Joaquin,077,732212,202407,201175,15768,216943,2347
2022-11-29,San Luis Obispo,079,281455,64396,64105,7387,71492,531
2022-11-29,San Mateo,081,765935,174602,173283,10759,184042,748
2022-11-29,Santa Barbara,083,443738,107982,107527,7118,114645,738
2022-11-29,Santa Clara,085,1922200,450950,444150,20049,464199,2560
2022-11-29,Santa Cruz,087,273765,65513,65044,3613,68657,275
2022-11-29,Shasta,089,179085,35709,35519,7938,43457,598
2022-11-29,Sierra,091,2930,308,308,61,369,5
2022-11-29,Siskiyou,093,43540,5299,5406,3382,8788,95
2022-11-29,Solano,095,438530,108616,107925,8162,116087,470
2022-11-29,Sonoma,097,501317,109472,109040,5436,114476,530
2022-11-29,Stanislaus,099,539301,140586,140127,22061,162188,1785
2022-11-29,Sutter,101,95872,24859,24800,2478,27278,234
2022-11-29,Tehama,103,63373,14006,13904,3250,17154,216
2022-11-29,Trinity,105,12862,1440,1428,454,1882,22
2022-11-29,Tulare,107,460477,124107,123368,37726,161094,1546
2022-11-29,Tuolumne,109,53932,16071,15945,945,16890,207
2022-11-29,Ventura,111,848112,213347,212363,16530,228893,1591
2022-11-29,Yolo,113,214977,48530,48329,4562,52891,409
2022-11-29,Yuba,115,75493,19361,19307,1767,21074,132
2022-11-28,Alameda,001,1643700,359102,356253,20824,377077,2059
2022-11-28,Alpine,002,1148,139,138,1,139,0
2022-11-28,Amador,005,37829,10183,10132,949,11081,95
2022-11-28,Butte,007,227075,40438,40206,9520,49726,465
2022-11-28,Calaveras,009,45235,8705,8651,588,9239,135
2022-11-28,Colusa,011,21464,3859,3840,1309,5149,22
2022-11-28,Contra Costa,013,1133247,259122,256191,21340,277531,1483
2022-11-28,Del Norte,015,27424,7577,7502,409,7911,56
2022-11-28,El Dorado,017,186661,33299,33057,4387,37444,233
2022-11-28,Fresno,019,978130,284054,278793,32810,311603,2893
2022-11-28,Glenn,021,27897,5655,5625,1924,7549,58
2022-11-28,Humboldt,023,135768,22581,22351,5351,27702,160
2022-11-28,Imperial,025,180216,67261,66747,17098,83845,960
2022-11-28,Inyo,027,18085,4614,4557,1106,5663,60
2022-11-28,Kern,029,883053,222608,221639,66836,288475,2430
2022-11-28,Kings,031,150075,60776,60457,4259,64716,463
2022-11-28,Lake,033,64148,13146,13042,1232,14274,149
2022-11-28,Lassen,035,31185,10129,10091,1021,11112,65
2022-11-28,Los Angeles,037,10098052,3358269,3332327,193678,3526005,33882
2022-11-28,Madera,039,155013,44850,44503,8468,52971,377
2022-11-28,Marin,041,260295,46726,46293,5414,51707,314
2022-11-28,Mariposa,043,17540,3211,3156,349,3505,32
2022-11-28,Mendocino,045,87422,16370,16255,4619,20874,136
2022-11-28,Merced,047,269075,74101,73259,12130,85389,876
2022-11-28,Modoc,049,8938,903,895,346,1241,11
2022-11-28,Mono,051,14174,3240,3233,275,3508,8
2022-11-28,Monterey,053,433212,95697,95169,21902,117071,775
2022-11-28,Napa,055,140530,32954,32736,1448,34184,161
2022-11-28,Nevada,057,99092,19530,19310,2062,21372,132
2022-11-28,Orange,059,3164182,681617,676959,68463,745422,7565
2022-11-28,Placer,061,380077,77968,77331,9844,87175,665
2022-11-28,Plumas,063,18699,3744,3737,447,4184,13
2022-11-28,Riverside,065,2383286,708694,704180,37349,741529,6692
2022-11-28,Sacramento,067,1510023,356199,353538,35740,389278,3374
2022-11-28,San Benito,069,59416,16751,16474,1007,17481,108
2022-11-28,San Bernardino,071,2135413,684585,679620,32190,711810,8133
2022-11-28,San Diego,073,3302833,943692,938583,74860,1013443,5562
2022-11-28,San Francisco,075,870044,185468,183671,12580,196251,1076
2022-11-28,San Joaquin,077,732212,202219,200474,15722,216196,2344
2022-11-28,San Luis Obispo,079,281455,64363,63962,7378,71340,530
2022-11-28,San Mateo,081,765935,174366,172573,10746,183319,748
2022-11-28,Santa Barbara,083,443738,107884,107184,7105,114289,735
2022-11-28,Santa Clara,085,1922200,450365,442182,19992,462174,2558
2022-11-28,Santa Cruz,087,273765,65419,64814,3609,68423,275
2022-11-28,Shasta,089,179085,35681,35452,7925,43377,596
2022-11-28,Sierra,091,2930,308,308,61,369,5
2022-11-28,Siskiyou,093,43540,5294,5385,3381,8766,95
2022-11-28,Solano,095,438530,108499,107446,8151,115597,469
2022-11-28,Sonoma,097,501317,109386,108690,5427,114117,530
2022-11-28,Stanislaus,099,539301,140471,139741,22024,161765,1785
2022-11-28,Sutter,101,95872,24844,24730,2478,27208,234
2022-11-28,Tehama,103,63373,13988,13857,3249,17106,216
2022-11-28,Trinity,105,12862,1440,1425,454,1879,21
2022-11-28,Tulare,107,460477,124032,123029,37672,160701,1545
2022-11-28,Tuolumne,109,53932,16061,15885,941,16826,206
2022-11-28,Ventura,111,848112,213137,211680,16481,228161,1591
2022-11-28,Yolo,113,214977,48497,48228,4546,52774,408
2022-11-28,Yuba,115,75493,19347,19233,1767,21000,132
2022-11-27,Alameda,001,1643700,358520,356253,20743,376996,2059
2022-11-27,Alpine,002,1148,139,138,1,139,0
2022-11-27,Amador,005,37829,10178,10132,948,11080,95
2022-11-27,Butte,007,227075,40393,40206,9500,49706,465
2022-11-27,Calaveras,009,45235,8699,8651,587,9238,135
2022-11-27,Colusa,011,21464,3856,3840,1307,5147,22
2022-11-27,Contra Costa,013,1133247,258762,256191,21291,277482,1483
2022-11-27,Del Norte,015,27424,7564,7502,406,7908,56
2022-11-27,El Dorado,017,186661,33257,33057,4381,37438,233
2022-11-27,Fresno,019,978130,283713,278793,32752,311545,2893
2022-11-27,Glenn,021,27897,5654,5625,1922,7547,58
2022-11-27,Humboldt,023,135768,22558,22351,5330,27681,160
2022-11-27,Imperial,025,180216,67170,66747,17028,83775,960
2022-11-27,Inyo,027,18085,4606,4557,1103,5660,60
2022-11-27,Kern,029,883053,222451,221639,66694,288333,2430
2022-11-27,Kings,031,150075,60702,60457,4247,64704,463
2022-11-27,Lake,033,64148,13132,13042,1230,14272,149
2022-11-27,Lassen,035,31185,10122,10091,1021,11112,65
2022-11-27,Los Angeles,037,10098052,3353155,3332327,193003,3525330,33882
2022-11-27,Madera,039,155013,44801,44503,8450,52953,377
2022-11-27,Marin,041,260295,46667,46293,5400,51693,314
2022-11-27,Mariposa,043,17540,3207,3156,349,3505,32
2022-11-27,Mendocino,045,87422,16356,16255,4607,20862,136
2022-11-27,Merced,047,269075,73988,73259,12104,85363,876
2022-11-27,Modoc,049,8938,901,895,346,1241,11
2022-11-27,Mono,051,14174,3240,3233,274,3507,8
2022-11-27,Monterey,053,433212,95635,95169,21871,117040,775
2022-11-27,Napa,055,140530,32918,32736,1446,34182,161
2022-11-27,Nevada,057,99092,19499,19310,2051,21361,132
2022-11-27,Orange,059,3164182,680782,676959,68171,745130,7565
2022-11-27,Placer,061,380077,77875,77331,9825,87156,665
2022-11-27,Plumas,063,18699,3742,3737,446,4183,13
2022-11-27,Riverside,065,2383286,707848,704180,37210,741390,6692
2022-11-27,Sacramento,067,1510023,355749,353538,35652,389190,3374
2022-11-27,San Benito,069,59416,16709,16474,1004,17478,108
2022-11-27,San Bernardino,071,2135413,683680,679620,32083,711703,8133
2022-11-27,San Diego,073,3302833,942448,938583,74671,1013254,5562
2022-11-27,San Francisco,075,870044,185163,183671,12549,196220,1076
2022-11-27,San Joaquin,077,732212,201952,200474,15647,216121,2344
2022-11-27,San Luis Obispo,079,281455,64290,63962,7357,71319,530
2022-11-27,San Mateo,081,765935,174053,172573,10724,183297,748
2022-11-27,Santa Barbara,083,443738,107776,107184,7079,114263,735
2022-11-27,Santa Clara,085,1922200,449688,442182,19942,462124,2558
2022-11-27,Santa Cruz,087,273765,65271,64814,3603,68417,275
2022-11-27,Shasta,089,179085,35660,35452,7910,43362,596
2022-11-27,Sierra,091,2930,308,308,61,369,5
2022-11-27,Siskiyou,093,43540,5289,5385,3379,8764,95
2022-11-27,Solano,095,438530,108357,107446,8135,115581,469
2022-11-27,Sonoma,097,501317,109278,108690,5425,114115,530
2022-11-27,Stanislaus,099,539301,140359,139741,21999,161740,1785
2022-11-27,Sutter,101,95872,24825,24730,2477,27207,234
2022-11-27,Tehama,103,63373,13967,13857,3231,17088,216
2022-11-27,Trinity,105,12862,1439,1425,454,1879,21
2022-11-27,Tulare,107,460477,123881,123029,37595,160624,1545
2022-11-27,Tuolumne,109,53932,16054,15885,939,16824,206
2022-11-27,Ventura,111,848112,212899,211680,16432,228112,1591
2022-11-27,Yolo,113,214977,48458,48228,4539,52767,408
2022-11-27,Yuba,115,75493,19327,19233,1764,20997,132
2022-11-26,Alameda,001,1643700,358245,356253,20715,376968,2059
2022-11-26,Alpine,002,1148,139,138,1,139,0
2022-11-26,Amador,005,37829,10173,10132,947,11079,95
2022-11-26,Butte,007,227075,40369,40206,9488,49694,465
2022-11-26,Calaveras,009,45235,8696,8651,587,9238,135
2022-11-26,Colusa,011,21464,3853,3840,1306,5146,22
2022-11-26,Contra Costa,013,1133247,258538,256191,21278,277469,1483
2022-11-26,Del Norte,015,27424,7554,7502,405,7907,56
2022-11-26,El Dorado,017,186661,33236,33057,4381,37438,233
2022-11-26,Fresno,019,978130,283544,278793,32724,311517,2893
2022-11-26,Glenn,021,27897,5650,5625,1916,7541,58
2022-11-26,Humboldt,023,135768,22545,22351,5322,27673,160
2022-11-26,Imperial,025,180216,67128,66747,17012,83759,960
2022-11-26,Inyo,027,18085,4599,4557,1101,5658,60
2022-11-26,Kern,029,883053,222363,221639,66629,288268,2430
2022-11-26,Kings,031,150075,60676,60457,4246,64703,463
2022-11-26,Lake,033,64148,13124,13042,1229,14271,149
2022-11-26,Lassen,035,31185,10121,10091,1021,11112,65
2022-11-26,Los Angeles,037,10098052,3350679,3332327,192643,3524970,33882
2022-11-26,Madera,039,155013,44780,44503,8441,52944,377
2022-11-26,Marin,041,260295,46627,46293,5394,51687,314
2022-11-26,Mariposa,043,17540,3207,3156,349,3505,32
2022-11-26,Mendocino,045,87422,16350,16255,4607,20862,136
2022-11-26,Merced,047,269075,73948,73259,12096,85355,876
2022-11-26,Modoc,049,8938,901,895,346,1241,11
2022-11-26,Mono,051,14174,3239,3233,273,3506,8
2022-11-26,Monterey,053,433212,95594,95169,21853,117022,775
2022-11-26,Napa,055,140530,32906,32736,1446,34182,161
2022-11-26,Nevada,057,99092,19492,19310,2044,21354,132
2022-11-26,Orange,059,3164182,680358,676959,68029,744988,7565
2022-11-26,Placer,061,380077,77815,77331,9817,87148,665
2022-11-26,Plumas,063,18699,3742,3737,446,4183,13
2022-11-26,Riverside,065,2383286,707402,704180,37140,741320,6692
2022-11-26,Sacramento,067,1510023,355549,353538,35619,389157,3374
2022-11-26,San Benito,069,59416,16687,16474,1004,17478,108
2022-11-26,San Bernardino,071,2135413,683282,679620,32032,711652,8133
2022-11-26,San Diego,073,3302833,941999,938583,74577,1013160,5562
2022-11-26,San Francisco,075,870044,185008,183671,12540,196211,1076
2022-11-26,San Joaquin,077,732212,201822,200474,15613,216087,2344
2022-11-26,San Luis Obispo,079,281455,64273,63962,7354,71316,530
2022-11-26,San Mateo,081,765935,173910,172573,10714,183287,748
2022-11-26,Santa Barbara,083,443738,107687,107184,7070,114254,735
2022-11-26,Santa Clara,085,1922200,449195,442182,19906,462088,2558
2022-11-26,Santa Cruz,087,273765,65223,64814,3600,68414,275
2022-11-26,Shasta,089,179085,35646,35452,7905,43357,596
2022-11-26,Sierra,091,2930,308,308,61,369,5
2022-11-26,Siskiyou,093,43540,5282,5385,3379,8764,95
2022-11-26,Solano,095,438530,108309,107446,8128,115574,469
2022-11-26,Sonoma,097,501317,109225,108690,5421,114111,530
2022-11-26,Stanislaus,099,539301,140292,139741,21981,161722,1785
2022-11-26,Sutter,101,95872,24819,24730,2476,27206,234
2022-11-26,Tehama,103,63373,13961,13857,3224,17081,216
2022-11-26,Trinity,105,12862,1439,1425,454,1879,21
2022-11-26,Tulare,107,460477,123831,123029,37537,160566,1545
2022-11-26,Tuolumne,109,53932,16042,15885,938,16823,206
2022-11-26,Ventura,111,848112,212759,211680,16409,228089,1591
2022-11-26,Yolo,113,214977,48438,48228,4534,52762,408
2022-11-26,Yuba,115,75493,19320,19233,1764,20997,132
2022-11-25,Alameda,001,1643700,357975,356253,20683,376936,2059
2022-11-25,Alpine,002,1148,139,138,1,139,0
2022-11-25,Amador,005,37829,10166,10132,946,11078,95
2022-11-25,Butte,007,227075,40352,40206,9474,49680,465
2022-11-25,Calaveras,009,45235,8693,8651,587,9238,135
2022-11-25,Colusa,011,21464,3851,3840,1306,5146,22
2022-11-25,Contra Costa,013,1133247,258369,256191,21264,277455,1483
2022-11-25,Del Norte,015,27424,7553,7502,405,7907,56
2022-11-25,El Dorado,017,186661,33210,33057,4375,37432,233
2022-11-25,Fresno,019,978130,283373,278793,32692,311485,2893
2022-11-25,Glenn,021,27897,5649,5625,1914,7539,58
2022-11-25,Humboldt,023,135768,22532,22351,5319,27670,160
2022-11-25,Imperial,025,180216,67091,66747,16980,83727,960
2022-11-25,Inyo,027,18085,4595,4557,1095,5652,60
2022-11-25,Kern,029,883053,222298,221639,66578,288217,2430
2022-11-25,Kings,031,150075,60653,60457,4246,64703,463
2022-11-25,Lake,033,64148,13122,13042,1229,14271,149
2022-11-25,Lassen,035,31185,10121,10091,1020,11111,65
2022-11-25,Los Angeles,037,10098052,3348362,3332327,192236,3524563,33882
2022-11-25,Madera,039,155013,44754,44503,8433,52936,377
2022-11-25,Marin,041,260295,46586,46293,5392,51685,314
2022-11-25,Mariposa,043,17540,3204,3156,348,3504,32
2022-11-25,Mendocino,045,87422,16342,16255,4604,20859,136
2022-11-25,Merced,047,269075,73913,73259,12091,85350,876
2022-11-25,Modoc,049,8938,900,895,346,1241,11
2022-11-25,Mono,051,14174,3239,3233,273,3506,8
2022-11-25,Monterey,053,433212,95546,95169,21827,116996,775
2022-11-25,Napa,055,140530,32893,32736,1446,34182,161
2022-11-25,Nevada,057,99092,19477,19310,2040,21350,132
2022-11-25,Orange,059,3164182,679957,676959,67910,744869,7565
2022-11-25,Placer,061,380077,77774,77331,9811,87142,665
2022-11-25,Plumas,063,18699,3742,3737,446,4183,13
2022-11-25,Riverside,065,2383286,707024,704180,37058,741238,6692
2022-11-25,Sacramento,067,1510023,355334,353538,35586,389124,3374
2022-11-25,San Benito,069,59416,16661,16474,1004,17478,108
2022-11-25,San Bernardino,071,2135413,682878,679620,31995,711615,8133
2022-11-25,San Diego,073,3302833,941507,938583,74513,1013096,5562
2022-11-25,San Francisco,075,870044,184861,183671,12512,196183,1076
2022-11-25,San Joaquin,077,732212,201709,200474,15594,216068,2344
2022-11-25,San Luis Obispo,079,281455,64258,63962,7346,71308,530
2022-11-25,San Mateo,081,765935,173729,172573,10705,183278,748
2022-11-25,Santa Barbara,083,443738,107624,107184,7068,114252,735
2022-11-25,Santa Clara,085,1922200,448777,442182,19872,462054,2558
2022-11-25,Santa Cruz,087,273765,65186,64814,3598,68412,275
2022-11-25,Shasta,089,179085,35639,35452,7900,43352,596
2022-11-25,Sierra,091,2930,308,308,61,369,5
2022-11-25,Siskiyou,093,43540,5279,5385,3379,8764,95
2022-11-25,Solano,095,438530,108228,107446,8120,115566,469
2022-11-25,Sonoma,097,501317,109172,108690,5421,114111,530
2022-11-25,Stanislaus,099,539301,140218,139741,21970,161711,1785
2022-11-25,Sutter,101,95872,24808,24730,2476,27206,234
2022-11-25,Tehama,103,63373,13952,13857,3219,17076,216
2022-11-25,Trinity,105,12862,1439,1425,454,1879,21
2022-11-25,Tulare,107,460477,123772,123029,37500,160529,1545
2022-11-25,Tuolumne,109,53932,16032,15885,937,16822,206
2022-11-25,Ventura,111,848112,212628,211680,16384,228064,1591
2022-11-25,Yolo,113,214977,48419,48228,4527,52755,408
2022-11-25,Yuba,115,75493,19309,19233,1763,20996,132
2022-11-24,Alameda,001,1643700,357667,356253,20654,376907,2059
2022-11-24,Alpine,002,1148,139,138,1,139,0
2022-11-24,Amador,005,37829,10163,10132,946,11078,95
2022-11-24,Butte,007,227075,40313,40206,9459,49665,465
2022-11-24,Calaveras,009,45235,8686,8651,587,9238,135
2022-11-24,Colusa,011,21464,3848,3840,1306,5146,22
2022-11-24,Contra Costa,013,1133247,258187,256191,21253,277444,1483
2022-11-24,Del Norte,015,27424,7552,7502,405,7907,56
2022-11-24,El Dorado,017,186661,33178,33057,4373,37430,233
2022-11-24,Fresno,019,978130,283185,278793,32643,311436,2893
2022-11-24,Glenn,021,27897,5645,5625,1912,7537,58
2022-11-24,Humboldt,023,135768,22518,22351,5314,27665,160
2022-11-24,Imperial,025,180216,67029,66747,16969,83716,960
2022-11-24,Inyo,027,18085,4591,4557,1094,5651,60
2022-11-24,Kern,029,883053,222229,221639,66511,288150,2430
2022-11-24,Kings,031,150075,60619,60457,4241,64698,463
2022-11-24,Lake,033,64148,13115,13042,1229,14271,149
2022-11-24,Lassen,035,31185,10117,10091,1020,11111,65
2022-11-24,Los Angeles,037,10098052,3345760,3332327,191776,3524103,33882
2022-11-24,Madera,039,155013,44732,44503,8425,52928,377
2022-11-24,Marin,041,260295,46541,46293,5391,51684,314
2022-11-24,Mariposa,043,17540,3200,3156,348,3504,32
2022-11-24,Mendocino,045,87422,16336,16255,4601,20856,136
2022-11-24,Merced,047,269075,73854,73259,12086,85345,876
2022-11-24,Modoc,049,8938,900,895,346,1241,11
2022-11-24,Mono,051,14174,3237,3233,273,3506,8
2022-11-24,Monterey,053,433212,95506,95169,21813,116982,775
2022-11-24,Napa,055,140530,32873,32736,1446,34182,161
2022-11-24,Nevada,057,99092,19462,19310,2036,21346,132
2022-11-24,Orange,059,3164182,679526,676959,67738,744697,7565
2022-11-24,Placer,061,380077,77733,77331,9800,87131,665
2022-11-24,Plumas,063,18699,3741,3737,446,4183,13
2022-11-24,Riverside,065,2383286,706555,704180,36971,741151,6692
2022-11-24,Sacramento,067,1510023,355079,353538,35563,389101,3374
2022-11-24,San Benito,069,59416,16651,16474,1003,17477,108
2022-11-24,San Bernardino,071,2135413,682388,679620,31943,711563,8133
2022-11-24,San Diego,073,3302833,940917,938583,74423,1013006,5562
2022-11-24,San Francisco,075,870044,184701,183671,12495,196166,1076
2022-11-24,San Joaquin,077,732212,201552,200474,15561,216035,2344
2022-11-24,San Luis Obispo,079,281455,64238,63962,7341,71303,530
2022-11-24,San Mateo,081,765935,173593,172573,10700,183273,748
2022-11-24,Santa Barbara,083,443738,107579,107184,7066,114250,735
2022-11-24,Santa Clara,085,1922200,448447,442182,19856,462038,2558
2022-11-24,Santa Cruz,087,273765,65156,64814,3597,68411,275
2022-11-24,Shasta,089,179085,35626,35452,7894,43346,596
2022-11-24,Sierra,091,2930,308,308,61,369,5
2022-11-24,Siskiyou,093,43540,5279,5385,3379,8764,95
2022-11-24,Solano,095,438530,108110,107446,8117,115563,469
2022-11-24,Sonoma,097,501317,109109,108690,5419,114109,530
2022-11-24,Stanislaus,099,539301,140137,139741,21958,161699,1785
2022-11-24,Sutter,101,95872,24796,24730,2476,27206,234
2022-11-24,Tehama,103,63373,13941,13857,3216,17073,216
2022-11-24,Trinity,105,12862,1439,1425,453,1878,21
2022-11-24,Tulare,107,460477,123719,123029,37467,160496,1545
2022-11-24,Tuolumne,109,53932,16018,15885,935,16820,206
2022-11-24,Ventura,111,848112,212486,211680,16346,228026,1591
2022-11-24,Yolo,113,214977,48399,48228,4525,52753,408
2022-11-24,Yuba,115,75493,19292,19233,1763,20996,132
2022-11-23,Alameda,001,1643700,357513,356253,20641,376894,2059
2022-11-23,Alpine,002,1148,139,138,1,139,0
2022-11-23,Amador,005,37829,10160,10132,946,11078,95
2022-11-23,Butte,007,227075,40296,40206,9448,49654,465
2022-11-23,Calaveras,009,45235,8680,8651,587,9238,135
2022-11-23,Colusa,011,21464,3848,3840,1306,5146,22
2022-11-23,Contra Costa,013,1133247,258073,256191,21249,277440,1483
2022-11-23,Del Norte,015,27424,7551,7502,405,7907,56
2022-11-23,El Dorado,017,186661,33168,33057,4372,37429,233
2022-11-23,Fresno,019,978130,283096,278793,32620,311413,2893
2022-11-23,Glenn,021,27897,5644,5625,1911,7536,58
2022-11-23,Humboldt,023,135768,22512,22351,5312,27663,160
2022-11-23,Imperial,025,180216,66987,66747,16963,83710,960
2022-11-23,Inyo,027,18085,4590,4557,1093,5650,60
2022-11-23,Kern,029,883053,222187,221639,66500,288139,2430
2022-11-23,Kings,031,150075,60607,60457,4240,64697,463
2022-11-23,Lake,033,64148,13109,13042,1229,14271,149
2022-11-23,Lassen,035,31185,10113,10091,1020,11111,65
2022-11-23,Los Angeles,037,10098052,3344704,3332327,191567,3523894,33882
2022-11-23,Madera,039,155013,44731,44503,8422,52925,377
2022-11-23,Marin,041,260295,46516,46293,5389,51682,314
2022-11-23,Mariposa,043,17540,3200,3156,348,3504,32
2022-11-23,Mendocino,045,87422,16335,16255,4598,20853,136
2022-11-23,Merced,047,269075,73833,73259,12082,85341,876
2022-11-23,Modoc,049,8938,900,895,346,1241,11
2022-11-23,Mono,051,14174,3237,3233,273,3506,8
2022-11-23,Monterey,053,433212,95485,95169,21805,116974,775
2022-11-23,Napa,055,140530,32862,32736,1446,34182,161
2022-11-23,Nevada,057,99092,19455,19310,2035,21345,132
2022-11-23,Orange,059,3164182,679390,676959,67663,744622,7565
2022-11-23,Placer,061,380077,77695,77331,9796,87127,665
2022-11-23,Plumas,063,18699,3740,3737,446,4183,13
2022-11-23,Riverside,065,2383286,706371,704180,36942,741122,6692
2022-11-23,Sacramento,067,1510023,354959,353538,35546,389084,3374
2022-11-23,San Benito,069,59416,16648,16474,1003,17477,108
2022-11-23,San Bernardino,071,2135413,682192,679620,31924,711544,8133
2022-11-23,San Diego,073,3302833,940707,938583,74384,1012967,5562
2022-11-23,San Francisco,075,870044,184626,183671,12492,196163,1076
2022-11-23,San Joaquin,077,732212,201485,200474,15541,216015,2344
2022-11-23,San Luis Obispo,079,281455,64232,63962,7341,71303,530
2022-11-23,San Mateo,081,765935,173540,172573,10695,183268,748
2022-11-23,Santa Barbara,083,443738,107545,107184,7064,114248,735
2022-11-23,Santa Clara,085,1922200,448271,442182,19839,462021,2558
2022-11-23,Santa Cruz,087,273765,65138,64814,3597,68411,275
2022-11-23,Shasta,089,179085,35620,35452,7892,43344,596
2022-11-23,Sierra,091,2930,308,308,61,369,5
2022-11-23,Siskiyou,093,43540,5276,5385,3379,8764,95
2022-11-23,Solano,095,438530,108095,107446,8115,115561,469
2022-11-23,Sonoma,097,501317,109078,108690,5419,114109,530
2022-11-23,Stanislaus,099,539301,140097,139741,21954,161695,1785
2022-11-23,Sutter,101,95872,24792,24730,2476,27206,234
2022-11-23,Tehama,103,63373,13936,13857,3215,17072,216
2022-11-23,Trinity,105,12862,1439,1425,453,1878,21
2022-11-23,Tulare,107,460477,123670,123029,37447,160476,1545
2022-11-23,Tuolumne,109,53932,16005,15885,935,16820,206
2022-11-23,Ventura,111,848112,212419,211680,16338,228018,1591
2022-11-23,Yolo,113,214977,48381,48228,4522,52750,408
2022-11-23,Yuba,115,75493,19285,19233,1762,20995,132
2022-11-22,Alameda,001,1643700,357144,356253,20599,376852,2059
2022-11-22,Alpine,002,1148,139,138,1,139,0
2022-11-22,Amador,005,37829,10156,10132,946,11078,95
2022-11-22,Butte,007,227075,40268,40206,9439,49645,465
2022-11-22,Calaveras,009,45235,8678,8651,586,9237,135
2022-11-22,Colusa,011,21464,3847,3840,1306,5146,22
2022-11-22,Contra Costa,013,1133247,257831,256191,21228,277419,1483
2022-11-22,Del Norte,015,27424,7546,7502,405,7907,56
2022-11-22,El Dorado,017,186661,33141,33057,4367,37424,233
2022-11-22,Fresno,019,978130,282905,278793,32580,311373,2893
2022-11-22,Glenn,021,27897,5641,5625,1906,7531,58
2022-11-22,Humboldt,023,135768,22487,22351,5301,27652,160
2022-11-22,Imperial,025,180216,66935,66747,16868,83615,960
2022-11-22,Inyo,027,18085,4586,4557,1091,5648,60
2022-11-22,Kern,029,883053,222121,221639,66449,288088,2430
2022-11-22,Kings,031,150075,60565,60457,4238,64695,463
2022-11-22,Lake,033,64148,13106,13042,1227,14269,149
2022-11-22,Lassen,035,31185,10106,10091,1019,11110,65
2022-11-22,Los Angeles,037,10098052,3342008,3332327,191104,3523431,33882
2022-11-22,Madera,039,155013,44706,44503,8411,52914,377
2022-11-22,Marin,041,260295,46474,46293,5387,51680,314
2022-11-22,Mariposa,043,17540,3195,3156,348,3504,32
2022-11-22,Mendocino,045,87422,16329,16255,4594,20849,136
2022-11-22,Merced,047,269075,73793,73259,12075,85334,876
2022-11-22,Modoc,049,8938,900,895,343,1238,11
2022-11-22,Mono,051,14174,3236,3233,273,3506,8
2022-11-22,Monterey,053,433212,95453,95169,21784,116953,775
2022-11-22,Napa,055,140530,32834,32736,1443,34179,161
2022-11-22,Nevada,057,99092,19434,19310,2024,21334,132
2022-11-22,Orange,059,3164182,678981,676959,67493,744452,7565
2022-11-22,Placer,061,380077,77636,77331,9788,87119,665
2022-11-22,Plumas,063,18699,3738,3737,446,4183,13
2022-11-22,Riverside,065,2383286,705949,704180,36861,741041,6692
2022-11-22,Sacramento,067,1510023,354712,353538,35518,389056,3374
2022-11-22,San Benito,069,59416,16632,16474,1001,17475,108
2022-11-22,San Bernardino,071,2135413,681788,679620,31887,711507,8133
2022-11-22,San Diego,073,3302833,940198,938583,74283,1012866,5562
2022-11-22,San Francisco,075,870044,184480,183671,12479,196150,1076
2022-11-22,San Joaquin,077,732212,201356,200474,15510,215984,2344
2022-11-22,San Luis Obispo,079,281455,64211,63962,7328,71290,530
2022-11-22,San Mateo,081,765935,173404,172573,10685,183258,748
2022-11-22,Santa Barbara,083,443738,107493,107184,7050,114234,735
2022-11-22,Santa Clara,085,1922200,447881,442182,19811,461993,2558
2022-11-22,Santa Cruz,087,273765,65093,64814,3593,68407,275
2022-11-22,Shasta,089,179085,35602,35452,7886,43338,596
2022-11-22,Sierra,091,2930,308,308,61,369,5
2022-11-22,Siskiyou,093,43540,5272,5385,3379,8764,95
2022-11-22,Solano,095,438530,108010,107446,8112,115558,469
2022-11-22,Sonoma,097,501317,109012,108690,5410,114100,530
2022-11-22,Stanislaus,099,539301,140025,139741,21942,161683,1785
2022-11-22,Sutter,101,95872,24778,24730,2475,27205,234
2022-11-22,Tehama,103,63373,13926,13857,3214,17071,216
2022-11-22,Trinity,105,12862,1438,1425,452,1877,21
2022-11-22,Tulare,107,460477,123595,123029,37403,160432,1545
2022-11-22,Tuolumne,109,53932,15994,15885,934,16819,206
2022-11-22,Ventura,111,848112,212314,211680,16317,227997,1591
2022-11-22,Yolo,113,214977,48357,48228,4514,52742,408
2022-11-22,Yuba,115,75493,19275,19233,1762,20995,132
2022-11-21,Alameda,001,1643700,356870,354457,20570,375027,2054
2022-11-21,Alpine,002,1148,139,136,1,137,0
2022-11-21,Amador,005,37829,10151,10108,945,11053,95
2022-11-21,Butte,007,227075,40234,40058,9431,49489,461
2022-11-21,Calaveras,009,45235,8673,8612,585,9197,135
2022-11-21,Colusa,011,21464,3845,3828,1306,5134,22
2022-11-21,Contra Costa,013,1133247,257652,254944,21216,276160,1479
2022-11-21,Del Norte,015,27424,7544,7492,405,7897,56
2022-11-21,El Dorado,017,186661,33114,32903,4361,37264,233
2022-11-21,Fresno,019,978130,282733,277735,32536,310271,2888
2022-11-21,Glenn,021,27897,5638,5591,1903,7494,50
2022-11-21,Humboldt,023,135768,22467,22254,5290,27544,160
2022-11-21,Imperial,025,180216,66882,66473,16810,83283,960
2022-11-21,Inyo,027,18085,4580,4530,1087,5617,60
2022-11-21,Kern,029,883053,222022,221145,66399,287544,2430
2022-11-21,Kings,031,150075,60532,60156,4236,64392,462
2022-11-21,Lake,033,64148,13097,12978,1226,14204,149
2022-11-21,Lassen,035,31185,10102,10043,1018,11061,65
2022-11-21,Los Angeles,037,10098052,3339396,3320411,190631,3511042,33830
2022-11-21,Madera,039,155013,44688,44373,8409,52782,375
2022-11-21,Marin,041,260295,46428,46115,5386,51501,314
2022-11-21,Mariposa,043,17540,3188,3138,348,3486,32
2022-11-21,Mendocino,045,87422,16321,16205,4593,20798,136
2022-11-21,Merced,047,269075,73752,73022,12073,85095,875
2022-11-21,Modoc,049,8938,898,889,342,1231,11
2022-11-21,Mono,051,14174,3236,3226,272,3498,8
2022-11-21,Monterey,053,433212,95414,94949,21752,116701,773
2022-11-21,Napa,055,140530,32813,32610,1442,34052,161
2022-11-21,Nevada,057,99092,19412,19238,2017,21255,132
2022-11-21,Orange,059,3164182,678512,674980,67295,742275,7553
2022-11-21,Placer,061,380077,77581,76976,9781,86757,662
2022-11-21,Plumas,063,18699,3738,3729,446,4175,13
2022-11-21,Riverside,065,2383286,705503,702343,36780,739123,6686
2022-11-21,Sacramento,067,1510023,354413,352117,35471,387588,3362
2022-11-21,San Benito,069,59416,16620,16410,1000,17410,108
2022-11-21,San Bernardino,071,2135413,681284,677641,31830,709471,8131
2022-11-21,San Diego,073,3302833,939600,935811,74157,1009968,5557
2022-11-21,San Francisco,075,870044,184307,182855,12470,195325,1074
2022-11-21,San Joaquin,077,732212,201227,199682,15476,215158,2341
2022-11-21,San Luis Obispo,079,281455,64184,63812,7321,71133,530
2022-11-21,San Mateo,081,765935,173279,171862,10679,182541,748
2022-11-21,Santa Barbara,083,443738,107418,106885,7047,113932,733
2022-11-21,Santa Clara,085,1922200,447475,440104,19790,459894,2541
2022-11-21,Santa Cruz,087,273765,65048,64515,3585,68100,276
2022-11-21,Shasta,089,179085,35584,35346,7878,43224,595
2022-11-21,Sierra,091,2930,308,308,60,368,5
2022-11-21,Siskiyou,093,43540,5267,5364,3379,8743,95
2022-11-21,Solano,095,438530,107909,106903,8105,115008,469
2022-11-21,Sonoma,097,501317,108930,108386,5406,113792,527
2022-11-21,Stanislaus,099,539301,139948,139293,21927,161220,1785
2022-11-21,Sutter,101,95872,24762,24642,2475,27117,234
2022-11-21,Tehama,103,63373,13918,13784,3211,16995,216
2022-11-21,Trinity,105,12862,1437,1422,449,1871,20
2022-11-21,Tulare,107,460477,123522,122707,37366,160073,1545
2022-11-21,Tuolumne,109,53932,15989,15805,934,16739,209
2022-11-21,Ventura,111,848112,212174,210938,16288,227226,1586
2022-11-21,Yolo,113,214977,48328,48092,4509,52601,355
2022-11-21,Yuba,115,75493,19255,19157,1761,20918,132
2022-11-20,Alameda,001,1643700,356524,354457,20532,374989,2054
2022-11-20,Alpine,002,1148,139,136,1,137,0
2022-11-20,Amador,005,37829,10148,10108,944,11052,95
2022-11-20,Butte,007,227075,40203,40058,9413,49471,461
2022-11-20,Calaveras,009,45235,8665,8612,585,9197,135
2022-11-20,Colusa,011,21464,3843,3828,1306,5134,22
2022-11-20,Contra Costa,013,1133247,257438,254944,21198,276142,1479
2022-11-20,Del Norte,015,27424,7537,7492,405,7897,56
2022-11-20,El Dorado,017,186661,33062,32903,4357,37260,233
2022-11-20,Fresno,019,978130,282521,277735,32485,310220,2888
2022-11-20,Glenn,021,27897,5633,5591,1902,7493,50
2022-11-20,Humboldt,023,135768,22444,22254,5287,27541,160
2022-11-20,Imperial,025,180216,66816,66473,16761,83234,960
2022-11-20,Inyo,027,18085,4573,4530,1086,5616,60
2022-11-20,Kern,029,883053,221920,221145,66342,287487,2430
2022-11-20,Kings,031,150075,60483,60156,4235,64391,462
2022-11-20,Lake,033,64148,13086,12978,1220,14198,149
2022-11-20,Lassen,035,31185,10101,10043,1016,11059,65
2022-11-20,Los Angeles,037,10098052,3336525,3320411,190147,3510558,33830
2022-11-20,Madera,039,155013,44670,44373,8404,52777,375
2022-11-20,Marin,041,260295,46399,46115,5382,51497,314
2022-11-20,Mariposa,043,17540,3184,3138,348,3486,32
2022-11-20,Mendocino,045,87422,16316,16205,4590,20795,136
2022-11-20,Merced,047,269075,73674,73022,12066,85088,875
2022-11-20,Modoc,049,8938,894,889,342,1231,11
2022-11-20,Mono,051,14174,3234,3226,272,3498,8
2022-11-20,Monterey,053,433212,95374,94949,21724,116673,773
2022-11-20,Napa,055,140530,32790,32610,1439,34049,161
2022-11-20,Nevada,057,99092,19382,19238,2009,21247,132
2022-11-20,Orange,059,3164182,678048,674980,67131,742111,7553
2022-11-20,Placer,061,380077,77520,76976,9778,86754,662
2022-11-20,Plumas,063,18699,3737,3729,446,4175,13
2022-11-20,Riverside,065,2383286,705087,702343,36699,739042,6686
2022-11-20,Sacramento,067,1510023,354122,352117,35441,387558,3362
2022-11-20,San Benito,069,59416,16601,16410,999,17409,108
2022-11-20,San Bernardino,071,2135413,680763,677641,31777,709418,8131
2022-11-20,San Diego,073,3302833,938925,935811,74040,1009851,5557
2022-11-20,San Francisco,075,870044,184099,182855,12449,195304,1074
2022-11-20,San Joaquin,077,732212,201102,199682,15454,215136,2341
2022-11-20,San Luis Obispo,079,281455,64151,63812,7317,71129,530
2022-11-20,San Mateo,081,765935,173133,171862,10663,182525,748
2022-11-20,Santa Barbara,083,443738,107354,106885,7036,113921,733
2022-11-20,Santa Clara,085,1922200,447082,440104,19761,459865,2541
2022-11-20,Santa Cruz,087,273765,64978,64515,3581,68096,276
2022-11-20,Shasta,089,179085,35565,35346,7866,43212,595
2022-11-20,Sierra,091,2930,308,308,60,368,5
2022-11-20,Siskiyou,093,43540,5265,5364,3378,8742,95
2022-11-20,Solano,095,438530,107797,106903,8096,114999,469
2022-11-20,Sonoma,097,501317,108869,108386,5404,113790,527
2022-11-20,Stanislaus,099,539301,139857,139293,21906,161199,1785
2022-11-20,Sutter,101,95872,24745,24642,2474,27116,234
2022-11-20,Tehama,103,63373,13907,13784,3211,16995,216
2022-11-20,Trinity,105,12862,1437,1422,446,1868,20
2022-11-20,Tulare,107,460477,123453,122707,37323,160030,1545
2022-11-20,Tuolumne,109,53932,15977,15805,933,16738,209
2022-11-20,Ventura,111,848112,212043,210938,16264,227202,1586
2022-11-20,Yolo,113,214977,48302,48092,4499,52591,355
2022-11-20,Yuba,115,75493,19250,19157,1761,20918,132
2022-11-19,Alameda,001,1643700,356347,354457,20512,374969,2054
2022-11-19,Alpine,002,1148,139,136,1,137,0
2022-11-19,Amador,005,37829,10145,10108,944,11052,95
2022-11-19,Butte,007,227075,40191,40058,9403,49461,461
2022-11-19,Calaveras,009,45235,8662,8612,583,9195,135
2022-11-19,Colusa,011,21464,3841,3828,1306,5134,22
2022-11-19,Contra Costa,013,1133247,257340,254944,21195,276139,1479
2022-11-19,Del Norte,015,27424,7536,7492,405,7897,56
2022-11-19,El Dorado,017,186661,33038,32903,4356,37259,233
2022-11-19,Fresno,019,978130,282416,277735,32464,310199,2888
2022-11-19,Glenn,021,27897,5633,5591,1902,7493,50
2022-11-19,Humboldt,023,135768,22429,22254,5281,27535,160
2022-11-19,Imperial,025,180216,66794,66473,16753,83226,960
2022-11-19,Inyo,027,18085,4571,4530,1082,5612,60
2022-11-19,Kern,029,883053,221884,221145,66320,287465,2430
2022-11-19,Kings,031,150075,60461,60156,4233,64389,462
2022-11-19,Lake,033,64148,13081,12978,1220,14198,149
2022-11-19,Lassen,035,31185,10100,10043,1016,11059,65
2022-11-19,Los Angeles,037,10098052,3335024,3320411,189905,3510316,33830
2022-11-19,Madera,039,155013,44655,44373,8403,52776,375
2022-11-19,Marin,041,260295,46376,46115,5382,51497,314
2022-11-19,Mariposa,043,17540,3184,3138,348,3486,32
2022-11-19,Mendocino,045,87422,16313,16205,4585,20790,136
2022-11-19,Merced,047,269075,73650,73022,12062,85084,875
2022-11-19,Modoc,049,8938,894,889,342,1231,11
2022-11-19,Mono,051,14174,3234,3226,272,3498,8
2022-11-19,Monterey,053,433212,95348,94949,21711,116660,773
2022-11-19,Napa,055,140530,32779,32610,1437,34047,161
2022-11-19,Nevada,057,99092,19372,19238,2006,21244,132
2022-11-19,Orange,059,3164182,677830,674980,67052,742032,7553
2022-11-19,Placer,061,380077,77469,76976,9773,86749,662
2022-11-19,Plumas,063,18699,3737,3729,446,4175,13
2022-11-19,Riverside,065,2383286,704856,702343,36645,738988,6686
2022-11-19,Sacramento,067,1510023,354002,352117,35431,387548,3362
2022-11-19,San Benito,069,59416,16588,16410,999,17409,108
2022-11-19,San Bernardino,071,2135413,680506,677641,31749,709390,8131
2022-11-19,San Diego,073,3302833,938687,935811,73999,1009810,5557
2022-11-19,San Francisco,075,870044,184003,182855,12445,195300,1074
2022-11-19,San Joaquin,077,732212,201012,199682,15426,215108,2341
2022-11-19,San Luis Obispo,079,281455,64136,63812,7313,71125,530
2022-11-19,San Mateo,081,765935,173055,171862,10657,182519,748
2022-11-19,Santa Barbara,083,443738,107317,106885,7031,113916,733
2022-11-19,Santa Clara,085,1922200,446869,440104,19745,459849,2541
2022-11-19,Santa Cruz,087,273765,64960,64515,3579,68094,276
2022-11-19,Shasta,089,179085,35556,35346,7859,43205,595
2022-11-19,Sierra,091,2930,308,308,60,368,5
2022-11-19,Siskiyou,093,43540,5258,5364,3378,8742,95
2022-11-19,Solano,095,438530,107766,106903,8091,114994,469
2022-11-19,Sonoma,097,501317,108844,108386,5403,113789,527
2022-11-19,Stanislaus,099,539301,139796,139293,21904,161197,1785
2022-11-19,Sutter,101,95872,24736,24642,2474,27116,234
2022-11-19,Tehama,103,63373,13900,13784,3210,16994,216
2022-11-19,Trinity,105,12862,1437,1422,446,1868,20
2022-11-19,Tulare,107,460477,123416,122707,37301,160008,1545
2022-11-19,Tuolumne,109,53932,15960,15805,932,16737,209
2022-11-19,Ventura,111,848112,211963,210938,16249,227187,1586
2022-11-19,Yolo,113,214977,48285,48092,4497,52589,355
2022-11-19,Yuba,115,75493,19244,19157,1761,20918,132
2022-11-18,Alameda,001,1643700,356159,354457,20492,374949,2054
2022-11-18,Alpine,002,1148,139,136,1,137,0
2022-11-18,Amador,005,37829,10139,10108,944,11052,95
2022-11-18,Butte,007,227075,40179,40058,9396,49454,461
2022-11-18,Calaveras,009,45235,8657,8612,583,9195,135
2022-11-18,Colusa,011,21464,3839,3828,1306,5134,22
2022-11-18,Contra Costa,013,1133247,257220,254944,21188,276132,1479
2022-11-18,Del Norte,015,27424,7534,7492,405,7897,56
2022-11-18,El Dorado,017,186661,33027,32903,4355,37258,233
2022-11-18,Fresno,019,978130,282302,277735,32444,310179,2888
2022-11-18,Glenn,021,27897,5632,5591,1902,7493,50
2022-11-18,Humboldt,023,135768,22416,22254,5277,27531,160
2022-11-18,Imperial,025,180216,66777,66473,16742,83215,960
2022-11-18,Inyo,027,18085,4569,4530,1077,5607,60
2022-11-18,Kern,029,883053,221852,221145,66270,287415,2430
2022-11-18,Kings,031,150075,60442,60156,4231,64387,462
2022-11-18,Lake,033,64148,13077,12978,1220,14198,149
2022-11-18,Lassen,035,31185,10100,10043,1016,11059,65
2022-11-18,Los Angeles,037,10098052,3333630,3320411,189653,3510064,33830
2022-11-18,Madera,039,155013,44633,44373,8397,52770,375
2022-11-18,Marin,041,260295,46355,46115,5378,51493,314
2022-11-18,Mariposa,043,17540,3177,3138,348,3486,32
2022-11-18,Mendocino,045,87422,16310,16205,4584,20789,136
2022-11-18,Merced,047,269075,73631,73022,12058,85080,875
2022-11-18,Modoc,049,8938,894,889,341,1230,11
2022-11-18,Mono,051,14174,3234,3226,271,3497,8
2022-11-18,Monterey,053,433212,95322,94949,21698,116647,773
2022-11-18,Napa,055,140530,32768,32610,1437,34047,161
2022-11-18,Nevada,057,99092,19365,19238,1997,21235,132
2022-11-18,Orange,059,3164182,677626,674980,66951,741931,7553
2022-11-18,Placer,061,380077,77434,76976,9767,86743,662
2022-11-18,Plumas,063,18699,3736,3729,445,4174,13
2022-11-18,Riverside,065,2383286,704641,702343,36600,738943,6686
2022-11-18,Sacramento,067,1510023,353844,352117,35412,387529,3362
2022-11-18,San Benito,069,59416,16585,16410,999,17409,108
2022-11-18,San Bernardino,071,2135413,680286,677641,31726,709367,8131
2022-11-18,San Diego,073,3302833,938359,935811,73949,1009760,5557
2022-11-18,San Francisco,075,870044,183900,182855,12423,195278,1074
2022-11-18,San Joaquin,077,732212,200936,199682,15412,215094,2341
2022-11-18,San Luis Obispo,079,281455,64120,63812,7310,71122,530
2022-11-18,San Mateo,081,765935,172996,171862,10648,182510,748
2022-11-18,Santa Barbara,083,443738,107289,106885,7027,113912,733
2022-11-18,Santa Clara,085,1922200,446638,440104,19730,459834,2541
2022-11-18,Santa Cruz,087,273765,64937,64515,3576,68091,276
2022-11-18,Shasta,089,179085,35547,35346,7855,43201,595
2022-11-18,Sierra,091,2930,308,308,60,368,5
2022-11-18,Siskiyou,093,43540,5256,5364,3378,8742,95
2022-11-18,Solano,095,438530,107709,106903,8089,114992,469
2022-11-18,Sonoma,097,501317,108807,108386,5401,113787,527
2022-11-18,Stanislaus,099,539301,139747,139293,21898,161191,1785
2022-11-18,Sutter,101,95872,24729,24642,2474,27116,234
2022-11-18,Tehama,103,63373,13896,13784,3209,16993,216
2022-11-18,Trinity,105,12862,1437,1422,445,1867,20
2022-11-18,Tulare,107,460477,123372,122707,37268,159975,1545
2022-11-18,Tuolumne,109,53932,15947,15805,932,16737,209
2022-11-18,Ventura,111,848112,211885,210938,16228,227166,1586
2022-11-18,Yolo,113,214977,48269,48092,4492,52584,355
2022-11-18,Yuba,115,75493,19233,19157,1761,20918,132
2022-11-17,Alameda,001,1643700,355902,354457,20460,374917,2054
2022-11-17,Alpine,002,1148,138,136,1,137,0
2022-11-17,Amador,005,37829,10136,10108,944,11052,95
2022-11-17,Butte,007,227075,40156,40058,9385,49443,461
2022-11-17,Calaveras,009,45235,8652,8612,581,9193,135
2022-11-17,Colusa,011,21464,3839,3828,1306,5134,22
2022-11-17,Contra Costa,013,1133247,257066,254944,21179,276123,1479
2022-11-17,Del Norte,015,27424,7529,7492,405,7897,56
2022-11-17,El Dorado,017,186661,32997,32903,4355,37258,233
2022-11-17,Fresno,019,978130,282138,277735,32418,310153,2888
2022-11-17,Glenn,021,27897,5626,5591,1898,7489,50
2022-11-17,Humboldt,023,135768,22403,22254,5273,27527,160
2022-11-17,Imperial,025,180216,66726,66473,16703,83176,960
2022-11-17,Inyo,027,18085,4562,4530,1075,5605,60
2022-11-17,Kern,029,883053,221776,221145,66233,287378,2430
2022-11-17,Kings,031,150075,60407,60156,4225,64381,462
2022-11-17,Lake,033,64148,13071,12978,1220,14198,149
2022-11-17,Lassen,035,31185,10093,10043,1013,11056,65
2022-11-17,Los Angeles,037,10098052,3331688,3320411,189361,3509772,33830
2022-11-17,Madera,039,155013,44577,44373,8393,52766,375
2022-11-17,Marin,041,260295,46328,46115,5374,51489,314
2022-11-17,Mariposa,043,17540,3172,3138,348,3486,32
2022-11-17,Mendocino,045,87422,16304,16205,4584,20789,136
2022-11-17,Merced,047,269075,73592,73022,12055,85077,875
2022-11-17,Modoc,049,8938,892,889,341,1230,11
2022-11-17,Mono,051,14174,3233,3226,271,3497,8
2022-11-17,Monterey,053,433212,95293,94949,21673,116622,773
2022-11-17,Napa,055,140530,32744,32610,1436,34046,161
2022-11-17,Nevada,057,99092,19353,19238,1993,21231,132
2022-11-17,Orange,059,3164182,677306,674980,66830,741810,7553
2022-11-17,Placer,061,380077,77388,76976,9761,86737,662
2022-11-17,Plumas,063,18699,3732,3729,445,4174,13
2022-11-17,Riverside,065,2383286,704340,702343,36552,738895,6686
2022-11-17,Sacramento,067,1510023,353625,352117,35378,387495,3362
2022-11-17,San Benito,069,59416,16577,16410,997,17407,108
2022-11-17,San Bernardino,071,2135413,679971,677641,31692,709333,8131
2022-11-17,San Diego,073,3302833,937953,935811,73897,1009708,5557
2022-11-17,San Francisco,075,870044,183772,182855,12404,195259,1074
2022-11-17,San Joaquin,077,732212,200817,199682,15372,215054,2341
2022-11-17,San Luis Obispo,079,281455,64099,63812,7307,71119,530
2022-11-17,San Mateo,081,765935,172897,171862,10646,182508,748
2022-11-17,Santa Barbara,083,443738,107249,106885,7024,113909,733
2022-11-17,Santa Clara,085,1922200,446301,440104,19705,459809,2541
2022-11-17,Santa Cruz,087,273765,64900,64515,3574,68089,276
2022-11-17,Shasta,089,179085,35535,35346,7846,43192,595
2022-11-17,Sierra,091,2930,308,308,60,368,5
2022-11-17,Siskiyou,093,43540,5253,5364,3378,8742,95
2022-11-17,Solano,095,438530,107643,106903,8085,114988,469
2022-11-17,Sonoma,097,501317,108755,108386,5400,113786,527
2022-11-17,Stanislaus,099,539301,139687,139293,21885,161178,1785
2022-11-17,Sutter,101,95872,24718,24642,2474,27116,234
2022-11-17,Tehama,103,63373,13882,13784,3207,16991,216
2022-11-17,Trinity,105,12862,1435,1422,442,1864,20
2022-11-17,Tulare,107,460477,123304,122707,37238,159945,1545
2022-11-17,Tuolumne,109,53932,15931,15805,932,16737,209
2022-11-17,Ventura,111,848112,211784,210938,16207,227145,1586
2022-11-17,Yolo,113,214977,48258,48092,4487,52579,355
2022-11-17,Yuba,115,75493,19218,19157,1759,20916,132
2022-11-16,Alameda,001,1643700,355672,354457,20437,374894,2054
2022-11-16,Alpine,002,1148,138,136,1,137,0
2022-11-16,Amador,005,37829,10129,10108,944,11052,95
2022-11-16,Butte,007,227075,40133,40058,9369,49427,461
2022-11-16,Calaveras,009,45235,8645,8612,580,9192,135
2022-11-16,Colusa,011,21464,3837,3828,1305,5133,22
2022-11-16,Contra Costa,013,1133247,256933,254944,21159,276103,1479
2022-11-16,Del Norte,015,27424,7529,7492,405,7897,56
2022-11-16,El Dorado,017,186661,32974,32903,4354,37257,233
2022-11-16,Fresno,019,978130,281981,277735,32391,310126,2888
2022-11-16,Glenn,021,27897,5623,5591,1897,7488,50
2022-11-16,Humboldt,023,135768,22383,22254,5267,27521,160
2022-11-16,Imperial,025,180216,66687,66473,16640,83113,960
2022-11-16,Inyo,027,18085,4557,4530,1068,5598,60
2022-11-16,Kern,029,883053,221695,221145,66185,287330,2430
2022-11-16,Kings,031,150075,60348,60156,4221,64377,462
2022-11-16,Lake,033,64148,13056,12978,1220,14198,149
2022-11-16,Lassen,035,31185,10089,10043,1011,11054,65
2022-11-16,Los Angeles,037,10098052,3329872,3320411,189049,3509460,33830
2022-11-16,Madera,039,155013,44557,44373,8387,52760,375
2022-11-16,Marin,041,260295,46302,46115,5369,51484,314
2022-11-16,Mariposa,043,17540,3172,3138,348,3486,32
2022-11-16,Mendocino,045,87422,16299,16205,4582,20787,136
2022-11-16,Merced,047,269075,73541,73022,12049,85071,875
2022-11-16,Modoc,049,8938,891,889,341,1230,11
2022-11-16,Mono,051,14174,3233,3226,271,3497,8
2022-11-16,Monterey,053,433212,95255,94949,21649,116598,773
2022-11-16,Napa,055,140530,32713,32610,1433,34043,161
2022-11-16,Nevada,057,99092,19342,19238,1990,21228,132
2022-11-16,Orange,059,3164182,676990,674980,66700,741680,7553
2022-11-16,Placer,061,380077,77329,76976,9759,86735,662
2022-11-16,Plumas,063,18699,3732,3729,445,4174,13
2022-11-16,Riverside,065,2383286,704019,702343,36489,738832,6686
2022-11-16,Sacramento,067,1510023,353380,352117,35343,387460,3362
2022-11-16,San Benito,069,59416,16568,16410,995,17405,108
2022-11-16,San Bernardino,071,2135413,679606,677641,31671,709312,8131
2022-11-16,San Diego,073,3302833,937486,935811,73841,1009652,5557
2022-11-16,San Francisco,075,870044,183639,182855,12393,195248,1074
2022-11-16,San Joaquin,077,732212,200696,199682,15360,215042,2341
2022-11-16,San Luis Obispo,079,281455,64076,63812,7302,71114,530
2022-11-16,San Mateo,081,765935,172792,171862,10640,182502,748
2022-11-16,Santa Barbara,083,443738,107199,106885,7014,113899,733
2022-11-16,Santa Clara,085,1922200,445965,440104,19687,459791,2541
2022-11-16,Santa Cruz,087,273765,64858,64515,3572,68087,276
2022-11-16,Shasta,089,179085,35526,35346,7839,43185,595
2022-11-16,Sierra,091,2930,308,308,60,368,5
2022-11-16,Siskiyou,093,43540,5250,5364,3377,8741,95
2022-11-16,Solano,095,438530,107574,106903,8079,114982,469
2022-11-16,Sonoma,097,501317,108704,108386,5398,113784,527
2022-11-16,Stanislaus,099,539301,139626,139293,21873,161166,1785
2022-11-16,Sutter,101,95872,24703,24642,2474,27116,234
2022-11-16,Tehama,103,63373,13871,13784,3193,16977,216
2022-11-16,Trinity,105,12862,1434,1422,441,1863,20
2022-11-16,Tulare,107,460477,123245,122707,37202,159909,1545
2022-11-16,Tuolumne,109,53932,15916,15805,932,16737,209
2022-11-16,Ventura,111,848112,211668,210938,16185,227123,1586
2022-11-16,Yolo,113,214977,48235,48092,4480,52572,355
2022-11-16,Yuba,115,75493,19204,19157,1759,20916,132
2022-11-15,Alameda,001,1643700,355438,354457,20425,374882,2054
2022-11-15,Alpine,002,1148,138,136,1,137,0
2022-11-15,Amador,005,37829,10123,10108,944,11052,95
2022-11-15,Butte,007,227075,40116,40058,9362,49420,461
2022-11-15,Calaveras,009,45235,8639,8612,580,9192,135
2022-11-15,Colusa,011,21464,3836,3828,1305,5133,22
2022-11-15,Contra Costa,013,1133247,256776,254944,21137,276081,1479
2022-11-15,Del Norte,015,27424,7527,7492,405,7897,56
2022-11-15,El Dorado,017,186661,32949,32903,4349,37252,233
2022-11-15,Fresno,019,978130,281812,277735,32354,310089,2888
2022-11-15,Glenn,021,27897,5619,5591,1896,7487,50
2022-11-15,Humboldt,023,135768,22366,22254,5261,27515,160
2022-11-15,Imperial,025,180216,66650,66473,16604,83077,960
2022-11-15,Inyo,027,18085,4553,4530,1064,5594,60
2022-11-15,Kern,029,883053,221612,221145,65817,286962,2430
2022-11-15,Kings,031,150075,60310,60156,4218,64374,462
2022-11-15,Lake,033,64148,13048,12978,1220,14198,149
2022-11-15,Lassen,035,31185,10082,10043,1010,11053,65
2022-11-15,Los Angeles,037,10098052,3328003,3320411,188777,3509188,33830
2022-11-15,Madera,039,155013,44537,44373,8384,52757,375
2022-11-15,Marin,041,260295,46279,46115,5366,51481,314
2022-11-15,Mariposa,043,17540,3169,3138,348,3486,32
2022-11-15,Mendocino,045,87422,16293,16205,4578,20783,136
2022-11-15,Merced,047,269075,73511,73022,12041,85063,875
2022-11-15,Modoc,049,8938,890,889,341,1230,11
2022-11-15,Mono,051,14174,3233,3226,271,3497,8
2022-11-15,Monterey,053,433212,95223,94949,21616,116565,773
2022-11-15,Napa,055,140530,32689,32610,1432,34042,161
2022-11-15,Nevada,057,99092,19329,19238,1984,21222,132
2022-11-15,Orange,059,3164182,676643,674980,66574,741554,7553
2022-11-15,Placer,061,380077,77281,76976,9751,86727,662
2022-11-15,Plumas,063,18699,3731,3729,445,4174,13
2022-11-15,Riverside,065,2383286,703698,702343,36438,738781,6686
2022-11-15,Sacramento,067,1510023,353139,352117,35305,387422,3362
2022-11-15,San Benito,069,59416,16565,16410,995,17405,108
2022-11-15,San Bernardino,071,2135413,679335,677641,31638,709279,8131
2022-11-15,San Diego,073,3302833,937017,935811,73788,1009599,5557
2022-11-15,San Francisco,075,870044,183512,182855,12380,195235,1074
2022-11-15,San Joaquin,077,732212,200579,199682,15344,215026,2341
2022-11-15,San Luis Obispo,079,281455,64043,63812,7297,71109,530
2022-11-15,San Mateo,081,765935,172681,171862,10634,182496,748
2022-11-15,Santa Barbara,083,443738,107156,106885,7009,113894,733
2022-11-15,Santa Clara,085,1922200,445647,440104,19673,459777,2541
2022-11-15,Santa Cruz,087,273765,64818,64515,3567,68082,276
2022-11-15,Shasta,089,179085,35514,35346,7824,43170,595
2022-11-15,Sierra,091,2930,308,308,60,368,5
2022-11-15,Siskiyou,093,43540,5246,5364,3377,8741,95
2022-11-15,Solano,095,438530,107488,106903,8072,114975,469
2022-11-15,Sonoma,097,501317,108662,108386,5392,113778,527
2022-11-15,Stanislaus,099,539301,139559,139293,21847,161140,1785
2022-11-15,Sutter,101,95872,24693,24642,2473,27115,234
2022-11-15,Tehama,103,63373,13858,13784,3188,16972,216
2022-11-15,Trinity,105,12862,1433,1422,441,1863,20
2022-11-15,Tulare,107,460477,123173,122707,37160,159867,1545
2022-11-15,Tuolumne,109,53932,15910,15805,932,16737,209
2022-11-15,Ventura,111,848112,211556,210938,16173,227111,1586
2022-11-15,Yolo,113,214977,48211,48092,4474,52566,355
2022-11-15,Yuba,115,75493,19194,19157,1757,20914,132
2022-11-14,Alameda,001,1643700,355162,352725,20393,373118,2050
2022-11-14,Alpine,002,1148,138,136,1,137,0
2022-11-14,Amador,005,37829,10123,10080,944,11024,95
2022-11-14,Butte,007,227075,40091,39935,9355,49290,461
2022-11-14,Calaveras,009,45235,8633,8590,580,9170,135
2022-11-14,Colusa,011,21464,3836,3822,1304,5126,22
2022-11-14,Contra Costa,013,1133247,256624,253870,21129,274999,1469
2022-11-14,Del Norte,015,27424,7526,7472,405,7877,56
2022-11-14,El Dorado,017,186661,32928,32713,4349,37062,232
2022-11-14,Fresno,019,978130,281665,276921,32324,309245,2887
2022-11-14,Glenn,021,27897,5617,5570,1895,7465,48
2022-11-14,Humboldt,023,135768,22344,22176,5251,27427,160
2022-11-14,Imperial,025,180216,66602,66182,16564,82746,960
2022-11-14,Inyo,027,18085,4551,4520,1059,5579,60
2022-11-14,Kern,029,883053,221539,220676,65763,286439,2430
2022-11-14,Kings,031,150075,60236,59955,4212,64167,461
2022-11-14,Lake,033,64148,13041,12931,1216,14147,149
2022-11-14,Lassen,035,31185,10068,10019,1009,11028,65
2022-11-14,Los Angeles,037,10098052,3326231,3311644,188463,3500107,33784
2022-11-14,Madera,039,155013,44520,44281,8381,52662,375
2022-11-14,Marin,041,260295,46249,45924,5364,51288,314
2022-11-14,Mariposa,043,17540,3169,3124,348,3472,32
2022-11-14,Mendocino,045,87422,16283,16164,4574,20738,136
2022-11-14,Merced,047,269075,73483,72817,12033,84850,870
2022-11-14,Modoc,049,8938,890,887,334,1221,11
2022-11-14,Mono,051,14174,3233,3218,271,3489,8
2022-11-14,Monterey,053,433212,95187,94708,21582,116290,772
2022-11-14,Napa,055,140530,32668,32510,1430,33940,162
2022-11-14,Nevada,057,99092,19320,19171,1979,21150,132
2022-11-14,Orange,059,3164182,676350,673328,66459,739787,7546
2022-11-14,Placer,061,380077,77220,76490,9744,86234,662
2022-11-14,Plumas,063,18699,3731,3723,445,4168,13
2022-11-14,Riverside,065,2383286,703359,700602,36378,736980,6660
2022-11-14,Sacramento,067,1510023,352892,350522,35268,385790,3358
2022-11-14,San Benito,069,59416,16556,16350,994,17344,108
2022-11-14,San Bernardino,071,2135413,678951,676086,31588,707674,8126
2022-11-14,San Diego,073,3302833,936429,933599,73730,1007329,5538
2022-11-14,San Francisco,075,870044,183364,181964,12370,194334,1072
2022-11-14,San Joaquin,077,732212,200464,199089,15329,214418,2340
2022-11-14,San Luis Obispo,079,281455,64014,63683,7294,70977,525
2022-11-14,San Mateo,081,765935,172540,171191,10626,181817,748
2022-11-14,Santa Barbara,083,443738,107097,106642,7008,113650,733
2022-11-14,Santa Clara,085,1922200,445322,438278,19645,457923,2535
2022-11-14,Santa Cruz,087,273765,64762,64221,3561,67782,274
2022-11-14,Shasta,089,179085,35493,35246,7811,43057,594
2022-11-14,Sierra,091,2930,308,309,60,369,5
2022-11-14,Siskiyou,093,43540,5243,5337,3376,8713,94
2022-11-14,Solano,095,438530,107418,106391,8066,114457,468
2022-11-14,Sonoma,097,501317,108604,108080,5386,113466,525
2022-11-14,Stanislaus,099,539301,139503,138963,21838,160801,1785
2022-11-14,Sutter,101,95872,24671,24537,2473,27010,235
2022-11-14,Tehama,103,63373,13846,13745,3185,16930,216
2022-11-14,Trinity,105,12862,1432,1414,439,1853,20
2022-11-14,Tulare,107,460477,123091,122447,37132,159579,1544
2022-11-14,Tuolumne,109,53932,15892,15727,932,16659,201
2022-11-14,Ventura,111,848112,211446,210439,16155,226594,1585
2022-11-14,Yolo,113,214977,48196,47953,4471,52424,354
2022-11-14,Yuba,115,75493,19185,19098,1757,20855,132
2022-11-13,Alameda,001,1643700,354846,352725,20367,373092,2050
2022-11-13,Alpine,002,1148,137,136,1,137,0
2022-11-13,Amador,005,37829,10120,10080,943,11023,95
2022-11-13,Butte,007,227075,40063,39935,9347,49282,461
2022-11-13,Calaveras,009,45235,8630,8590,577,9167,135
2022-11-13,Colusa,011,21464,3834,3822,1302,5124,22
2022-11-13,Contra Costa,013,1133247,256429,253870,21112,274982,1469
2022-11-13,Del Norte,015,27424,7522,7472,405,7877,56
2022-11-13,El Dorado,017,186661,32904,32713,4346,37059,232
2022-11-13,Fresno,019,978130,281482,276921,32293,309214,2887
2022-11-13,Glenn,021,27897,5609,5570,1895,7465,48
2022-11-13,Humboldt,023,135768,22326,22176,5243,27419,160
2022-11-13,Imperial,025,180216,66539,66182,16515,82697,960
2022-11-13,Inyo,027,18085,4546,4520,1058,5578,60
2022-11-13,Kern,029,883053,221426,220676,65683,286359,2430
2022-11-13,Kings,031,150075,60196,59955,4195,64150,461
2022-11-13,Lake,033,64148,13020,12931,1215,14146,149
2022-11-13,Lassen,035,31185,10052,10019,1009,11028,65
2022-11-13,Los Angeles,037,10098052,3324284,3311644,188173,3499817,33784
2022-11-13,Madera,039,155013,44503,44281,8368,52649,375
2022-11-13,Marin,041,260295,46216,45924,5363,51287,314
2022-11-13,Mariposa,043,17540,3166,3124,348,3472,32
2022-11-13,Mendocino,045,87422,16273,16164,4563,20727,136
2022-11-13,Merced,047,269075,73443,72817,12024,84841,870
2022-11-13,Modoc,049,8938,890,887,331,1218,11
2022-11-13,Mono,051,14174,3233,3218,271,3489,8
2022-11-13,Monterey,053,433212,95142,94708,21548,116256,772
2022-11-13,Napa,055,140530,32650,32510,1429,33939,162
2022-11-13,Nevada,057,99092,19298,19171,1966,21137,132
2022-11-13,Orange,059,3164182,676009,673328,66320,739648,7546
2022-11-13,Placer,061,380077,77152,76490,9741,86231,662
2022-11-13,Plumas,063,18699,3730,3723,445,4168,13
2022-11-13,Riverside,065,2383286,702972,700602,36314,736916,6660
2022-11-13,Sacramento,067,1510023,352644,350522,35215,385737,3358
2022-11-13,San Benito,069,59416,16547,16350,993,17343,108
2022-11-13,San Bernardino,071,2135413,678557,676086,31552,707638,8126
2022-11-13,San Diego,073,3302833,935852,933599,73666,1007265,5538
2022-11-13,San Francisco,075,870044,183225,181964,12358,194322,1072
2022-11-13,San Joaquin,077,732212,200317,199089,15313,214402,2340
2022-11-13,San Luis Obispo,079,281455,63993,63683,7293,70976,525
2022-11-13,San Mateo,081,765935,172409,171191,10622,181813,748
2022-11-13,Santa Barbara,083,443738,107035,106642,6997,113639,733
2022-11-13,Santa Clara,085,1922200,444952,438278,19624,457902,2535
2022-11-13,Santa Cruz,087,273765,64698,64221,3558,67779,274
2022-11-13,Shasta,089,179085,35472,35246,7800,43046,594
2022-11-13,Sierra,091,2930,308,309,60,369,5
2022-11-13,Siskiyou,093,43540,5236,5337,3374,8711,94
2022-11-13,Solano,095,438530,107321,106391,8063,114454,468
2022-11-13,Sonoma,097,501317,108550,108080,5382,113462,525
2022-11-13,Stanislaus,099,539301,139441,138963,21829,160792,1785
2022-11-13,Sutter,101,95872,24658,24537,2471,27008,235
2022-11-13,Tehama,103,63373,13829,13745,3181,16926,216
2022-11-13,Trinity,105,12862,1431,1414,437,1851,20
2022-11-13,Tulare,107,460477,123023,122447,37094,159541,1544
2022-11-13,Tuolumne,109,53932,15880,15727,932,16659,201
2022-11-13,Ventura,111,848112,211331,210439,16141,226580,1585
2022-11-13,Yolo,113,214977,48170,47953,4468,52421,354
2022-11-13,Yuba,115,75493,19171,19098,1755,20853,132
2022-11-12,Alameda,001,1643700,354700,352725,20349,373074,2050
2022-11-12,Alpine,002,1148,137,136,1,137,0
2022-11-12,Amador,005,37829,10119,10080,943,11023,95
2022-11-12,Butte,007,227075,40051,39935,9337,49272,461
2022-11-12,Calaveras,009,45235,8624,8590,576,9166,135
2022-11-12,Colusa,011,21464,3833,3822,1301,5123,22
2022-11-12,Contra Costa,013,1133247,256303,253870,21109,274979,1469
2022-11-12,Del Norte,015,27424,7521,7472,405,7877,56
2022-11-12,El Dorado,017,186661,32887,32713,4344,37057,232
2022-11-12,Fresno,019,978130,281415,276921,32282,309203,2887
2022-11-12,Glenn,021,27897,5605,5570,1895,7465,48
2022-11-12,Humboldt,023,135768,22315,22176,5236,27412,160
2022-11-12,Imperial,025,180216,66526,66182,16503,82685,960
2022-11-12,Inyo,027,18085,4544,4520,1058,5578,60
2022-11-12,Kern,029,883053,221387,220676,65658,286334,2430
2022-11-12,Kings,031,150075,60164,59955,4190,64145,461
2022-11-12,Lake,033,64148,13015,12931,1215,14146,149
2022-11-12,Lassen,035,31185,10047,10019,1009,11028,65
2022-11-12,Los Angeles,037,10098052,3323319,3311644,188007,3499651,33784
2022-11-12,Madera,039,155013,44493,44281,8368,52649,375
2022-11-12,Marin,041,260295,46199,45924,5362,51286,314
2022-11-12,Mariposa,043,17540,3165,3124,348,3472,32
2022-11-12,Mendocino,045,87422,16269,16164,4563,20727,136
2022-11-12,Merced,047,269075,73425,72817,12022,84839,870
2022-11-12,Modoc,049,8938,890,887,331,1218,11
2022-11-12,Mono,051,14174,3232,3218,271,3489,8
2022-11-12,Monterey,053,433212,95114,94708,21524,116232,772
2022-11-12,Napa,055,140530,32638,32510,1429,33939,162
2022-11-12,Nevada,057,99092,19289,19171,1965,21136,132
2022-11-12,Orange,059,3164182,675851,673328,66243,739571,7546
2022-11-12,Placer,061,380077,77107,76490,9737,86227,662
2022-11-12,Plumas,063,18699,3730,3723,445,4168,13
2022-11-12,Riverside,065,2383286,702793,700602,36276,736878,6660
2022-11-12,Sacramento,067,1510023,352532,350522,35202,385724,3358
2022-11-12,San Benito,069,59416,16543,16350,993,17343,108
2022-11-12,San Bernardino,071,2135413,678342,676086,31533,707619,8126
2022-11-12,San Diego,073,3302833,935613,933599,73632,1007231,5538
2022-11-12,San Francisco,075,870044,183161,181964,12349,194313,1072
2022-11-12,San Joaquin,077,732212,200257,199089,15305,214394,2340
2022-11-12,San Luis Obispo,079,281455,63979,63683,7290,70973,525
2022-11-12,San Mateo,081,765935,172344,171191,10613,181804,748
2022-11-12,Santa Barbara,083,443738,107014,106642,6994,113636,733
2022-11-12,Santa Clara,085,1922200,444752,438278,19608,457886,2535
2022-11-12,Santa Cruz,087,273765,64685,64221,3555,67776,274
2022-11-12,Shasta,089,179085,35459,35246,7796,43042,594
2022-11-12,Sierra,091,2930,308,309,60,369,5
2022-11-12,Siskiyou,093,43540,5231,5337,3373,8710,94
2022-11-12,Solano,095,438530,107288,106391,8057,114448,468
2022-11-12,Sonoma,097,501317,108528,108080,5378,113458,525
2022-11-12,Stanislaus,099,539301,139401,138963,21826,160789,1785
2022-11-12,Sutter,101,95872,24648,24537,2471,27008,235
2022-11-12,Tehama,103,63373,13823,13745,3174,16919,216
2022-11-12,Trinity,105,12862,1430,1414,436,1850,20
2022-11-12,Tulare,107,460477,122987,122447,37079,159526,1544
2022-11-12,Tuolumne,109,53932,15869,15727,932,16659,201
2022-11-12,Ventura,111,848112,211256,210439,16130,226569,1585
2022-11-12,Yolo,113,214977,48145,47953,4465,52418,354
2022-11-12,Yuba,115,75493,19164,19098,1753,20851,132
2022-11-11,Alameda,001,1643700,354556,352725,20336,373061,2050
2022-11-11,Alpine,002,1148,137,136,1,137,0
2022-11-11,Amador,005,37829,10111,10080,943,11023,95
2022-11-11,Butte,007,227075,40043,39935,9330,49265,461
2022-11-11,Calaveras,009,45235,8621,8590,576,9166,135
2022-11-11,Colusa,011,21464,3828,3822,1300,5122,22
2022-11-11,Contra Costa,013,1133247,256196,253870,21104,274974,1469
2022-11-11,Del Norte,015,27424,7516,7472,405,7877,56
2022-11-11,El Dorado,017,186661,32873,32713,4341,37054,232
2022-11-11,Fresno,019,978130,281337,276921,32269,309190,2887
2022-11-11,Glenn,021,27897,5603,5570,1895,7465,48
2022-11-11,Humboldt,023,135768,22302,22176,5233,27409,160
2022-11-11,Imperial,025,180216,66510,66182,16490,82672,960
2022-11-11,Inyo,027,18085,4543,4520,1055,5575,60
2022-11-11,Kern,029,883053,221347,220676,65616,286292,2430
2022-11-11,Kings,031,150075,60148,59955,4185,64140,461
2022-11-11,Lake,033,64148,13012,12931,1215,14146,149
2022-11-11,Lassen,035,31185,10045,10019,1009,11028,65
2022-11-11,Los Angeles,037,10098052,3322371,3311644,187839,3499483,33784
2022-11-11,Madera,039,155013,44476,44281,8362,52643,375
2022-11-11,Marin,041,260295,46173,45924,5361,51285,314
2022-11-11,Mariposa,043,17540,3163,3124,348,3472,32
2022-11-11,Mendocino,045,87422,16265,16164,4563,20727,136
2022-11-11,Merced,047,269075,73405,72817,12019,84836,870
2022-11-11,Modoc,049,8938,889,887,331,1218,11
2022-11-11,Mono,051,14174,3231,3218,271,3489,8
2022-11-11,Monterey,053,433212,95099,94708,21507,116215,772
2022-11-11,Napa,055,140530,32628,32510,1428,33938,162
2022-11-11,Nevada,057,99092,19281,19171,1965,21136,132
2022-11-11,Orange,059,3164182,675689,673328,66178,739506,7546
2022-11-11,Placer,061,380077,77082,76490,9734,86224,662
2022-11-11,Plumas,063,18699,3730,3723,445,4168,13
2022-11-11,Riverside,065,2383286,702631,700602,36250,736852,6660
2022-11-11,Sacramento,067,1510023,352413,350522,35191,385713,3358
2022-11-11,San Benito,069,59416,16540,16350,993,17343,108
2022-11-11,San Bernardino,071,2135413,678153,676086,31517,707603,8126
2022-11-11,San Diego,073,3302833,935335,933599,73609,1007208,5538
2022-11-11,San Francisco,075,870044,183089,181964,12336,194300,1072
2022-11-11,San Joaquin,077,732212,200190,199089,15296,214385,2340
2022-11-11,San Luis Obispo,079,281455,63970,63683,7289,70972,525
2022-11-11,San Mateo,081,765935,172277,171191,10610,181801,748
2022-11-11,Santa Barbara,083,443738,107003,106642,6992,113634,733
2022-11-11,Santa Clara,085,1922200,444578,438278,19602,457880,2535
2022-11-11,Santa Cruz,087,273765,64655,64221,3555,67776,274
2022-11-11,Shasta,089,179085,35449,35246,7792,43038,594
2022-11-11,Sierra,091,2930,308,309,60,369,5
2022-11-11,Siskiyou,093,43540,5229,5337,3373,8710,94
2022-11-11,Solano,095,438530,107260,106391,8054,114445,468
2022-11-11,Sonoma,097,501317,108495,108080,5376,113456,525
2022-11-11,Stanislaus,099,539301,139361,138963,21819,160782,1785
2022-11-11,Sutter,101,95872,24640,24537,2471,27008,235
2022-11-11,Tehama,103,63373,13815,13745,3172,16917,216
2022-11-11,Trinity,105,12862,1427,1414,436,1850,20
2022-11-11,Tulare,107,460477,122957,122447,37058,159505,1544
2022-11-11,Tuolumne,109,53932,15859,15727,932,16659,201
2022-11-11,Ventura,111,848112,211191,210439,16115,226554,1585
2022-11-11,Yolo,113,214977,48133,47953,4464,52417,354
2022-11-11,Yuba,115,75493,19157,19098,1753,20851,132
2022-11-10,Alameda,001,1643700,354365,352725,20324,373049,2050
2022-11-10,Alpine,002,1148,137,136,1,137,0
2022-11-10,Amador,005,37829,10111,10080,943,11023,95
2022-11-10,Butte,007,227075,40029,39935,9326,49261,461
2022-11-10,Calaveras,009,45235,8618,8590,574,9164,135
2022-11-10,Colusa,011,21464,3828,3822,1298,5120,22
2022-11-10,Contra Costa,013,1133247,256074,253870,21099,274969,1469
2022-11-10,Del Norte,015,27424,7515,7472,405,7877,56
2022-11-10,El Dorado,017,186661,32850,32713,4340,37053,232
2022-11-10,Fresno,019,978130,281224,276921,32257,309178,2887
2022-11-10,Glenn,021,27897,5601,5570,1895,7465,48
2022-11-10,Humboldt,023,135768,22296,22176,5229,27405,160
2022-11-10,Imperial,025,180216,66481,66182,16457,82639,960
2022-11-10,Inyo,027,18085,4542,4520,1053,5573,60
2022-11-10,Kern,029,883053,221295,220676,65565,286241,2430
2022-11-10,Kings,031,150075,60129,59955,4184,64139,461
2022-11-10,Lake,033,64148,13010,12931,1214,14145,149
2022-11-10,Lassen,035,31185,10042,10019,1009,11028,65
2022-11-10,Los Angeles,037,10098052,3321102,3311644,187674,3499318,33784
2022-11-10,Madera,039,155013,44462,44281,8356,52637,375
2022-11-10,Marin,041,260295,46151,45924,5361,51285,314
2022-11-10,Mariposa,043,17540,3163,3124,348,3472,32
2022-11-10,Mendocino,045,87422,16258,16164,4562,20726,136
2022-11-10,Merced,047,269075,73390,72817,12017,84834,870
2022-11-10,Modoc,049,8938,888,887,331,1218,11
2022-11-10,Mono,051,14174,3230,3218,271,3489,8
2022-11-10,Monterey,053,433212,95075,94708,21478,116186,772
2022-11-10,Napa,055,140530,32615,32510,1427,33937,162
2022-11-10,Nevada,057,99092,19271,19171,1963,21134,132
2022-11-10,Orange,059,3164182,675492,673328,66109,739437,7546
2022-11-10,Placer,061,380077,77041,76490,9728,86218,662
2022-11-10,Plumas,063,18699,3730,3723,445,4168,13
2022-11-10,Riverside,065,2383286,702458,700602,36209,736811,6660
2022-11-10,Sacramento,067,1510023,352248,350522,35174,385696,3358
2022-11-10,San Benito,069,59416,16539,16350,993,17343,108
2022-11-10,San Bernardino,071,2135413,677935,676086,31494,707580,8126
2022-11-10,San Diego,073,3302833,935075,933599,73574,1007173,5538
2022-11-10,San Francisco,075,870044,182984,181964,12327,194291,1072
2022-11-10,San Joaquin,077,732212,200112,199089,15286,214375,2340
2022-11-10,San Luis Obispo,079,281455,63955,63683,7287,70970,525
2022-11-10,San Mateo,081,765935,172192,171191,10605,181796,748
2022-11-10,Santa Barbara,083,443738,106985,106642,6986,113628,733
2022-11-10,Santa Clara,085,1922200,444336,438278,19580,457858,2535
2022-11-10,Santa Cruz,087,273765,64625,64221,3550,67771,274
2022-11-10,Shasta,089,179085,35437,35246,7788,43034,594
2022-11-10,Sierra,091,2930,308,309,60,369,5
2022-11-10,Siskiyou,093,43540,5226,5337,3372,8709,94
2022-11-10,Solano,095,438530,107197,106391,8051,114442,468
2022-11-10,Sonoma,097,501317,108461,108080,5375,113455,525
2022-11-10,Stanislaus,099,539301,139316,138963,21817,160780,1785
2022-11-10,Sutter,101,95872,24626,24537,2471,27008,235
2022-11-10,Tehama,103,63373,13814,13745,3169,16914,216
2022-11-10,Trinity,105,12862,1427,1414,436,1850,20
2022-11-10,Tulare,107,460477,122900,122447,37019,159466,1544
2022-11-10,Tuolumne,109,53932,15850,15727,931,16658,201
2022-11-10,Ventura,111,848112,211096,210439,16101,226540,1585
2022-11-10,Yolo,113,214977,48118,47953,4463,52416,354
2022-11-10,Yuba,115,75493,19152,19098,1752,20850,132
2022-11-09,Alameda,001,1643700,354139,352725,20299,373024,2050
2022-11-09,Alpine,002,1148,137,136,1,137,0
2022-11-09,Amador,005,37829,10109,10080,943,11023,95
2022-11-09,Butte,007,227075,40006,39935,9316,49251,461
2022-11-09,Calaveras,009,45235,8612,8590,572,9162,135
2022-11-09,Colusa,011,21464,3827,3822,1295,5117,22
2022-11-09,Contra Costa,013,1133247,255937,253870,21089,274959,1469
2022-11-09,Del Norte,015,27424,7514,7472,405,7877,56
2022-11-09,El Dorado,017,186661,32825,32713,4339,37052,232
2022-11-09,Fresno,019,978130,281115,276921,32245,309166,2887
2022-11-09,Glenn,021,27897,5600,5570,1895,7465,48
2022-11-09,Humboldt,023,135768,22284,22176,5224,27400,160
2022-11-09,Imperial,025,180216,66443,66182,16409,82591,960
2022-11-09,Inyo,027,18085,4541,4520,1049,5569,60
2022-11-09,Kern,029,883053,221228,220676,65506,286182,2430
2022-11-09,Kings,031,150075,60083,59955,4179,64134,461
2022-11-09,Lake,033,64148,13005,12931,1210,14141,149
2022-11-09,Lassen,035,31185,10039,10019,1009,11028,65
2022-11-09,Los Angeles,037,10098052,3319635,3311644,187489,3499133,33784
2022-11-09,Madera,039,155013,44449,44281,8353,52634,375
2022-11-09,Marin,041,260295,46130,45924,5357,51281,314
2022-11-09,Mariposa,043,17540,3161,3124,348,3472,32
2022-11-09,Mendocino,045,87422,16255,16164,4559,20723,136
2022-11-09,Merced,047,269075,73362,72817,12013,84830,870
2022-11-09,Modoc,049,8938,888,887,331,1218,11
2022-11-09,Mono,051,14174,3229,3218,270,3488,8
2022-11-09,Monterey,053,433212,95044,94708,21457,116165,772
2022-11-09,Napa,055,140530,32596,32510,1426,33936,162
2022-11-09,Nevada,057,99092,19267,19171,1957,21128,132
2022-11-09,Orange,059,3164182,675259,673328,65999,739327,7546
2022-11-09,Placer,061,380077,76996,76490,9722,86212,662
2022-11-09,Plumas,063,18699,3727,3723,445,4168,13
2022-11-09,Riverside,065,2383286,702220,700602,36185,736787,6660
2022-11-09,Sacramento,067,1510023,352079,350522,35135,385657,3358
2022-11-09,San Benito,069,59416,16531,16350,992,17342,108
2022-11-09,San Bernardino,071,2135413,677681,676086,31476,707562,8126
2022-11-09,San Diego,073,3302833,934754,933599,73516,1007115,5538
2022-11-09,San Francisco,075,870044,182885,181964,12322,194286,1072
2022-11-09,San Joaquin,077,732212,200025,199089,15274,214363,2340
2022-11-09,San Luis Obispo,079,281455,63934,63683,7284,70967,525
2022-11-09,San Mateo,081,765935,172088,171191,10603,181794,748
2022-11-09,Santa Barbara,083,443738,106962,106642,6983,113625,733
2022-11-09,Santa Clara,085,1922200,444101,438278,19567,457845,2535
2022-11-09,Santa Cruz,087,273765,64594,64221,3548,67769,274
2022-11-09,Shasta,089,179085,35427,35246,7779,43025,594
2022-11-09,Sierra,091,2930,308,309,60,369,5
2022-11-09,Siskiyou,093,43540,5225,5337,3371,8708,94
2022-11-09,Solano,095,438530,107138,106391,8045,114436,468
2022-11-09,Sonoma,097,501317,108414,108080,5370,113450,525
2022-11-09,Stanislaus,099,539301,139275,138963,21802,160765,1785
2022-11-09,Sutter,101,95872,24611,24537,2470,27007,235
2022-11-09,Tehama,103,63373,13807,13745,3166,16911,216
2022-11-09,Trinity,105,12862,1423,1414,434,1848,20
2022-11-09,Tulare,107,460477,122863,122447,36996,159443,1544
2022-11-09,Tuolumne,109,53932,15836,15727,931,16658,201
2022-11-09,Ventura,111,848112,211022,210439,16079,226518,1585
2022-11-09,Yolo,113,214977,48096,47953,4461,52414,354
2022-11-09,Yuba,115,75493,19143,19098,1746,20844,132
2022-11-08,Alameda,001,1643700,353934,352725,20269,372994,2050
2022-11-08,Alpine,002,1148,137,136,1,137,0
2022-11-08,Amador,005,37829,10107,10080,943,11023,95
2022-11-08,Butte,007,227075,39988,39935,9308,49243,461
2022-11-08,Calaveras,009,45235,8609,8590,572,9162,135
2022-11-08,Colusa,011,21464,3826,3822,1295,5117,22
2022-11-08,Contra Costa,013,1133247,255803,253870,21072,274942,1469
2022-11-08,Del Norte,015,27424,7510,7472,402,7874,56
2022-11-08,El Dorado,017,186661,32801,32713,4337,37050,232
2022-11-08,Fresno,019,978130,281014,276921,32228,309149,2887
2022-11-08,Glenn,021,27897,5599,5570,1895,7465,48
2022-11-08,Humboldt,023,135768,22276,22176,5217,27393,160
2022-11-08,Imperial,025,180216,66389,66182,16351,82533,960
2022-11-08,Inyo,027,18085,4541,4520,1046,5566,60
2022-11-08,Kern,029,883053,221149,220676,65452,286128,2430
2022-11-08,Kings,031,150075,60058,59955,4177,64132,461
2022-11-08,Lake,033,64148,12995,12931,1209,14140,149
2022-11-08,Lassen,035,31185,10037,10019,1008,11027,65
2022-11-08,Los Angeles,037,10098052,3318212,3311644,187285,3498929,33784
2022-11-08,Madera,039,155013,44433,44281,8349,52630,375
2022-11-08,Marin,041,260295,46101,45924,5350,51274,314
2022-11-08,Mariposa,043,17540,3156,3124,348,3472,32
2022-11-08,Mendocino,045,87422,16247,16164,4559,20723,136
2022-11-08,Merced,047,269075,73332,72817,12008,84825,870
2022-11-08,Modoc,049,8938,887,887,331,1218,11
2022-11-08,Mono,051,14174,3225,3218,268,3486,8
2022-11-08,Monterey,053,433212,95015,94708,21448,116156,772
2022-11-08,Napa,055,140530,32583,32510,1426,33936,162
2022-11-08,Nevada,057,99092,19261,19171,1954,21125,132
2022-11-08,Orange,059,3164182,675016,673328,65907,739235,7546
2022-11-08,Placer,061,380077,76950,76490,9716,86206,662
2022-11-08,Plumas,063,18699,3727,3723,445,4168,13
2022-11-08,Riverside,065,2383286,701979,700602,36147,736749,6660
2022-11-08,Sacramento,067,1510023,351889,350522,35094,385616,3358
2022-11-08,San Benito,069,59416,16522,16350,991,17341,108
2022-11-08,San Bernardino,071,2135413,677444,676086,31437,707523,8126
2022-11-08,San Diego,073,3302833,934341,933599,73477,1007076,5538
2022-11-08,San Francisco,075,870044,182762,181964,12308,194272,1072
2022-11-08,San Joaquin,077,732212,199937,199089,15264,214353,2340
2022-11-08,San Luis Obispo,079,281455,63915,63683,7281,70964,525
2022-11-08,San Mateo,081,765935,171992,171191,10600,181791,748
2022-11-08,Santa Barbara,083,443738,106926,106642,6980,113622,733
2022-11-08,Santa Clara,085,1922200,443839,438278,19549,457827,2535
2022-11-08,Santa Cruz,087,273765,64562,64221,3546,67767,274
2022-11-08,Shasta,089,179085,35406,35246,7763,43009,594
2022-11-08,Sierra,091,2930,308,309,60,369,5
2022-11-08,Siskiyou,093,43540,5224,5337,3367,8704,94
2022-11-08,Solano,095,438530,107062,106391,8038,114429,468
2022-11-08,Sonoma,097,501317,108374,108080,5369,113449,525
2022-11-08,Stanislaus,099,539301,139213,138963,21799,160762,1785
2022-11-08,Sutter,101,95872,24594,24537,2470,27007,235
2022-11-08,Tehama,103,63373,13802,13745,3165,16910,216
2022-11-08,Trinity,105,12862,1421,1414,433,1847,20
2022-11-08,Tulare,107,460477,122812,122447,36967,159414,1544
2022-11-08,Tuolumne,109,53932,15826,15727,931,16658,201
2022-11-08,Ventura,111,848112,210956,210439,16070,226509,1585
2022-11-08,Yolo,113,214977,48076,47953,4455,52408,354
2022-11-08,Yuba,115,75493,19133,19098,1745,20843,132
2022-11-07,Alameda,001,1643700,353694,351524,20247,371771,2044
2022-11-07,Alpine,002,1148,136,136,1,137,0
2022-11-07,Amador,005,37829,10103,10055,942,10997,95
2022-11-07,Butte,007,227075,39972,39852,9300,49152,462
2022-11-07,Calaveras,009,45235,8603,8576,572,9148,135
2022-11-07,Colusa,011,21464,3825,3820,1295,5115,22
2022-11-07,Contra Costa,013,1133247,255657,253122,21056,274178,1463
2022-11-07,Del Norte,015,27424,7506,7469,402,7871,56
2022-11-07,El Dorado,017,186661,32785,32622,4336,36958,231
2022-11-07,Fresno,019,978130,280894,276454,32204,308658,2885
2022-11-07,Glenn,021,27897,5597,5557,1893,7450,48
2022-11-07,Humboldt,023,135768,22260,22115,5204,27319,160
2022-11-07,Imperial,025,180216,66351,66024,16314,82338,960
2022-11-07,Inyo,027,18085,4540,4506,1044,5550,60
2022-11-07,Kern,029,883053,221094,220216,65385,285601,2426
2022-11-07,Kings,031,150075,60036,59856,4170,64026,459
2022-11-07,Lake,033,64148,12987,12898,1209,14107,148
2022-11-07,Lassen,035,31185,10033,10007,1008,11015,65
2022-11-07,Los Angeles,037,10098052,3316845,3304428,187038,3491466,33733
2022-11-07,Madera,039,155013,44425,44229,8342,52571,375
2022-11-07,Marin,041,260295,46074,45806,5350,51156,314
2022-11-07,Mariposa,043,17540,3151,3116,348,3464,32
2022-11-07,Mendocino,045,87422,16244,16130,4556,20686,137
2022-11-07,Merced,047,269075,73297,72727,12002,84729,870
2022-11-07,Modoc,049,8938,887,885,331,1216,11
2022-11-07,Mono,051,14174,3223,3216,268,3484,7
2022-11-07,Monterey,053,433212,94987,94541,21430,115971,770
2022-11-07,Napa,055,140530,32563,32484,1426,33910,161
2022-11-07,Nevada,057,99092,19255,19129,1953,21082,132
2022-11-07,Orange,059,3164182,674789,672253,65821,738074,7520
2022-11-07,Placer,061,380077,76907,76321,9710,86031,662
2022-11-07,Plumas,063,18699,3727,3720,445,4165,13
2022-11-07,Riverside,065,2383286,701717,699360,36112,735472,6660
2022-11-07,Sacramento,067,1510023,351711,349696,35058,384754,3350
2022-11-07,San Benito,069,59416,16514,16324,990,17314,108
2022-11-07,San Bernardino,071,2135413,677171,674939,31411,706350,8123
2022-11-07,San Diego,073,3302833,933974,931531,73433,1004964,5532
2022-11-07,San Francisco,075,870044,182654,180989,12295,193284,1067
2022-11-07,San Joaquin,077,732212,199854,198717,15250,213967,2336
2022-11-07,San Luis Obispo,079,281455,63894,63599,7279,70878,525
2022-11-07,San Mateo,081,765935,171901,170464,10596,181060,741
2022-11-07,Santa Barbara,083,443738,106905,106478,6976,113454,732
2022-11-07,Santa Clara,085,1922200,443591,436967,19530,456497,2533
2022-11-07,Santa Cruz,087,273765,64513,64070,3545,67615,274
2022-11-07,Shasta,089,179085,35392,35178,7748,42926,594
2022-11-07,Sierra,091,2930,308,308,60,368,5
2022-11-07,Siskiyou,093,43540,5216,5326,3365,8691,94
2022-11-07,Solano,095,438530,106979,106106,8031,114137,468
2022-11-07,Sonoma,097,501317,108336,107907,5368,113275,524
2022-11-07,Stanislaus,099,539301,139175,138715,21783,160498,1785
2022-11-07,Sutter,101,95872,24576,24470,2470,26940,233
2022-11-07,Tehama,103,63373,13797,13707,3160,16867,216
2022-11-07,Trinity,105,12862,1421,1413,433,1846,20
2022-11-07,Tulare,107,460477,122783,122246,36938,159184,1544
2022-11-07,Tuolumne,109,53932,15815,15672,931,16603,196
2022-11-07,Ventura,111,848112,210874,210085,16056,226141,1584
2022-11-07,Yolo,113,214977,48044,47786,4452,52238,353
2022-11-07,Yuba,115,75493,19125,19059,1743,20802,132
2022-11-06,Alameda,001,1643700,353464,351524,20224,371748,2044
2022-11-06,Alpine,002,1148,136,136,1,137,0
2022-11-06,Amador,005,37829,10098,10055,941,10996,95
2022-11-06,Butte,007,227075,39940,39852,9295,49147,462
2022-11-06,Calaveras,009,45235,8599,8576,572,9148,135
2022-11-06,Colusa,011,21464,3825,3820,1295,5115,22
2022-11-06,Contra Costa,013,1133247,255500,253122,21046,274168,1463
2022-11-06,Del Norte,015,27424,7499,7469,402,7871,56
2022-11-06,El Dorado,017,186661,32771,32622,4332,36954,231
2022-11-06,Fresno,019,978130,280761,276454,32181,308635,2885
2022-11-06,Glenn,021,27897,5580,5557,1886,7443,48
2022-11-06,Humboldt,023,135768,22247,22115,5195,27310,160
2022-11-06,Imperial,025,180216,66301,66024,16275,82299,960
2022-11-06,Inyo,027,18085,4538,4506,1042,5548,60
2022-11-06,Kern,029,883053,220992,220216,65327,285543,2426
2022-11-06,Kings,031,150075,59992,59856,4160,64016,459
2022-11-06,Lake,033,64148,12974,12898,1205,14103,148
2022-11-06,Lassen,035,31185,10032,10007,1007,11014,65
2022-11-06,Los Angeles,037,10098052,3315205,3304428,186794,3491222,33733
2022-11-06,Madera,039,155013,44414,44229,8335,52564,375
2022-11-06,Marin,041,260295,46043,45806,5347,51153,314
2022-11-06,Mariposa,043,17540,3150,3116,348,3464,32
2022-11-06,Mendocino,045,87422,16237,16130,4553,20683,137
2022-11-06,Merced,047,269075,73269,72727,11991,84718,870
2022-11-06,Modoc,049,8938,887,885,331,1216,11
2022-11-06,Mono,051,14174,3223,3216,266,3482,7
2022-11-06,Monterey,053,433212,94937,94541,21408,115949,770
2022-11-06,Napa,055,140530,32541,32484,1426,33910,161
2022-11-06,Nevada,057,99092,19240,19129,1939,21068,132
2022-11-06,Orange,059,3164182,674522,672253,65755,738008,7520
2022-11-06,Placer,061,380077,76856,76321,9705,86026,662
2022-11-06,Plumas,063,18699,3727,3720,445,4165,13
2022-11-06,Riverside,065,2383286,701408,699360,36074,735434,6660
2022-11-06,Sacramento,067,1510023,351494,349696,35011,384707,3350
2022-11-06,San Benito,069,59416,16506,16324,990,17314,108
2022-11-06,San Bernardino,071,2135413,676872,674939,31378,706317,8123
2022-11-06,San Diego,073,3302833,933466,931531,73373,1004904,5532
2022-11-06,San Francisco,075,870044,182518,180989,12282,193271,1067
2022-11-06,San Joaquin,077,732212,199766,198717,15239,213956,2336
2022-11-06,San Luis Obispo,079,281455,63875,63599,7276,70875,525
2022-11-06,San Mateo,081,765935,171800,170464,10589,181053,741
2022-11-06,Santa Barbara,083,443738,106849,106478,6966,113444,732
2022-11-06,Santa Clara,085,1922200,443307,436967,19503,456470,2533
2022-11-06,Santa Cruz,087,273765,64442,64070,3541,67611,274
2022-11-06,Shasta,089,179085,35370,35178,7728,42906,594
2022-11-06,Sierra,091,2930,308,308,60,368,5
2022-11-06,Siskiyou,093,43540,5216,5326,3364,8690,94
2022-11-06,Solano,095,438530,106881,106106,8025,114131,468
2022-11-06,Sonoma,097,501317,108272,107907,5366,113273,524
2022-11-06,Stanislaus,099,539301,139121,138715,21772,160487,1785
2022-11-06,Sutter,101,95872,24556,24470,2469,26939,233
2022-11-06,Tehama,103,63373,13791,13707,3145,16852,216
2022-11-06,Trinity,105,12862,1421,1413,433,1846,20
2022-11-06,Tulare,107,460477,122747,122246,36904,159150,1544
2022-11-06,Tuolumne,109,53932,15804,15672,931,16603,196
2022-11-06,Ventura,111,848112,210787,210085,16034,226119,1584
2022-11-06,Yolo,113,214977,48029,47786,4441,52227,353
2022-11-06,Yuba,115,75493,19117,19059,1742,20801,132
2022-11-05,Alameda,001,1643700,353318,351524,20212,371736,2044
2022-11-05,Alpine,002,1148,136,136,1,137,0
2022-11-05,Amador,005,37829,10096,10055,941,10996,95
2022-11-05,Butte,007,227075,39931,39852,9292,49144,462
2022-11-05,Calaveras,009,45235,8598,8576,572,9148,135
2022-11-05,Colusa,011,21464,3823,3820,1295,5115,22
2022-11-05,Contra Costa,013,1133247,255392,253122,21043,274165,1463
2022-11-05,Del Norte,015,27424,7499,7469,402,7871,56
2022-11-05,El Dorado,017,186661,32754,32622,4328,36950,231
2022-11-05,Fresno,019,978130,280705,276454,32170,308624,2885
2022-11-05,Glenn,021,27897,5578,5557,1885,7442,48
2022-11-05,Humboldt,023,135768,22237,22115,5193,27308,160
2022-11-05,Imperial,025,180216,66277,66024,16262,82286,960
2022-11-05,Inyo,027,18085,4537,4506,1042,5548,60
2022-11-05,Kern,029,883053,220945,220216,65302,285518,2426
2022-11-05,Kings,031,150075,59976,59856,4157,64013,459
2022-11-05,Lake,033,64148,12969,12898,1205,14103,148
2022-11-05,Lassen,035,31185,10032,10007,1007,11014,65
2022-11-05,Los Angeles,037,10098052,3314351,3304428,186651,3491079,33733
2022-11-05,Madera,039,155013,44408,44229,8333,52562,375
2022-11-05,Marin,041,260295,46026,45806,5347,51153,314
2022-11-05,Mariposa,043,17540,3149,3116,348,3464,32
2022-11-05,Mendocino,045,87422,16235,16130,4552,20682,137
2022-11-05,Merced,047,269075,73255,72727,11989,84716,870
2022-11-05,Modoc,049,8938,887,885,331,1216,11
2022-11-05,Mono,051,14174,3223,3216,265,3481,7
2022-11-05,Monterey,053,433212,94912,94541,21398,115939,770
2022-11-05,Napa,055,140530,32537,32484,1425,33909,161
2022-11-05,Nevada,057,99092,19235,19129,1935,21064,132
2022-11-05,Orange,059,3164182,674382,672253,65712,737965,7520
2022-11-05,Placer,061,380077,76815,76321,9701,86022,662
2022-11-05,Plumas,063,18699,3727,3720,444,4164,13
2022-11-05,Riverside,065,2383286,701226,699360,36050,735410,6660
2022-11-05,Sacramento,067,1510023,351379,349696,34994,384690,3350
2022-11-05,San Benito,069,59416,16498,16324,990,17314,108
2022-11-05,San Bernardino,071,2135413,676726,674939,31368,706307,8123
2022-11-05,San Diego,073,3302833,933271,931531,73356,1004887,5532
2022-11-05,San Francisco,075,870044,182437,180989,12277,193266,1067
2022-11-05,San Joaquin,077,732212,199713,198717,15232,213949,2336
2022-11-05,San Luis Obispo,079,281455,63866,63599,7276,70875,525
2022-11-05,San Mateo,081,765935,171741,170464,10585,181049,741
2022-11-05,Santa Barbara,083,443738,106828,106478,6964,113442,732
2022-11-05,Santa Clara,085,1922200,443113,436967,19488,456455,2533
2022-11-05,Santa Cruz,087,273765,64413,64070,3540,67610,274
2022-11-05,Shasta,089,179085,35361,35178,7719,42897,594
2022-11-05,Sierra,091,2930,308,308,60,368,5
2022-11-05,Siskiyou,093,43540,5215,5326,3362,8688,94
2022-11-05,Solano,095,438530,106852,106106,8023,114129,468
2022-11-05,Sonoma,097,501317,108252,107907,5361,113268,524
2022-11-05,Stanislaus,099,539301,139080,138715,21767,160482,1785
2022-11-05,Sutter,101,95872,24546,24470,2469,26939,233
2022-11-05,Tehama,103,63373,13787,13707,3143,16850,216
2022-11-05,Trinity,105,12862,1421,1413,433,1846,20
2022-11-05,Tulare,107,460477,122730,122246,36885,159131,1544
2022-11-05,Tuolumne,109,53932,15796,15672,931,16603,196
2022-11-05,Ventura,111,848112,210736,210085,16025,226110,1584
2022-11-05,Yolo,113,214977,48016,47786,4436,52222,353
2022-11-05,Yuba,115,75493,19112,19059,1741,20800,132
2022-11-04,Alameda,001,1643700,353175,351524,20193,371717,2044
2022-11-04,Alpine,002,1148,136,136,1,137,0
2022-11-04,Amador,005,37829,10093,10055,941,10996,95
2022-11-04,Butte,007,227075,39922,39852,9287,49139,462
2022-11-04,Calaveras,009,45235,8597,8576,572,9148,135
2022-11-04,Colusa,011,21464,3823,3820,1295,5115,22
2022-11-04,Contra Costa,013,1133247,255297,253122,21039,274161,1463
2022-11-04,Del Norte,015,27424,7499,7469,402,7871,56
2022-11-04,El Dorado,017,186661,32745,32622,4328,36950,231
2022-11-04,Fresno,019,978130,280651,276454,32161,308615,2885
2022-11-04,Glenn,021,27897,5577,5557,1884,7441,48
2022-11-04,Humboldt,023,135768,22229,22115,5191,27306,160
2022-11-04,Imperial,025,180216,66265,66024,16254,82278,960
2022-11-04,Inyo,027,18085,4534,4506,1041,5547,60
2022-11-04,Kern,029,883053,220906,220216,65269,285485,2426
2022-11-04,Kings,031,150075,59961,59856,4152,64008,459
2022-11-04,Lake,033,64148,12962,12898,1205,14103,148
2022-11-04,Lassen,035,31185,10031,10007,1007,11014,65
2022-11-04,Los Angeles,037,10098052,3313529,3304428,186502,3490930,33733
2022-11-04,Madera,039,155013,44401,44229,8332,52561,375
2022-11-04,Marin,041,260295,46010,45806,5346,51152,314
2022-11-04,Mariposa,043,17540,3147,3116,348,3464,32
2022-11-04,Mendocino,045,87422,16231,16130,4550,20680,137
2022-11-04,Merced,047,269075,73247,72727,11988,84715,870
2022-11-04,Modoc,049,8938,887,885,330,1215,11
2022-11-04,Mono,051,14174,3221,3216,265,3481,7
2022-11-04,Monterey,053,433212,94885,94541,21386,115927,770
2022-11-04,Napa,055,140530,32532,32484,1424,33908,161
2022-11-04,Nevada,057,99092,19229,19129,1926,21055,132
2022-11-04,Orange,059,3164182,674275,672253,65669,737922,7520
2022-11-04,Placer,061,380077,76797,76321,9699,86020,662
2022-11-04,Plumas,063,18699,3726,3720,443,4163,13
2022-11-04,Riverside,065,2383286,701053,699360,36018,735378,6660
2022-11-04,Sacramento,067,1510023,351270,349696,34981,384677,3350
2022-11-04,San Benito,069,59416,16494,16324,990,17314,108
2022-11-04,San Bernardino,071,2135413,676575,674939,31361,706300,8123
2022-11-04,San Diego,073,3302833,933066,931531,73344,1004875,5532
2022-11-04,San Francisco,075,870044,182369,180989,12271,193260,1067
2022-11-04,San Joaquin,077,732212,199662,198717,15227,213944,2336
2022-11-04,San Luis Obispo,079,281455,63854,63599,7274,70873,525
2022-11-04,San Mateo,081,765935,171669,170464,10582,181046,741
2022-11-04,Santa Barbara,083,443738,106807,106478,6962,113440,732
2022-11-04,Santa Clara,085,1922200,442918,436967,19477,456444,2533
2022-11-04,Santa Cruz,087,273765,64386,64070,3540,67610,274
2022-11-04,Shasta,089,179085,35355,35178,7710,42888,594
2022-11-04,Sierra,091,2930,308,308,60,368,5
2022-11-04,Siskiyou,093,43540,5211,5326,3362,8688,94
2022-11-04,Solano,095,438530,106796,106106,8020,114126,468
2022-11-04,Sonoma,097,501317,108228,107907,5360,113267,524
2022-11-04,Stanislaus,099,539301,139052,138715,21765,160480,1785
2022-11-04,Sutter,101,95872,24538,24470,2469,26939,233
2022-11-04,Tehama,103,63373,13782,13707,3132,16839,216
2022-11-04,Trinity,105,12862,1420,1413,433,1846,20
2022-11-04,Tulare,107,460477,122712,122246,36864,159110,1544
2022-11-04,Tuolumne,109,53932,15784,15672,931,16603,196
2022-11-04,Ventura,111,848112,210684,210085,16015,226100,1584
2022-11-04,Yolo,113,214977,47997,47786,4435,52221,353
2022-11-04,Yuba,115,75493,19109,19059,1741,20800,132
2022-11-03,Alameda,001,1643700,352990,351524,20166,371690,2044
2022-11-03,Alpine,002,1148,136,136,1,137,0
2022-11-03,Amador,005,37829,10088,10055,939,10994,95
2022-11-03,Butte,007,227075,39905,39852,9278,49130,462
2022-11-03,Calaveras,009,45235,8596,8576,572,9148,135
2022-11-03,Colusa,011,21464,3823,3820,1295,5115,22
2022-11-03,Contra Costa,013,1133247,255163,253122,21031,274153,1463
2022-11-03,Del Norte,015,27424,7499,7469,401,7870,56
2022-11-03,El Dorado,017,186661,32729,32622,4328,36950,231
2022-11-03,Fresno,019,978130,280575,276454,32142,308596,2885
2022-11-03,Glenn,021,27897,5574,5557,1883,7440,48
2022-11-03,Humboldt,023,135768,22213,22115,5183,27298,160
2022-11-03,Imperial,025,180216,66240,66024,16216,82240,960
2022-11-03,Inyo,027,18085,4532,4506,1040,5546,60
2022-11-03,Kern,029,883053,220859,220216,65221,285437,2426
2022-11-03,Kings,031,150075,59944,59856,4147,64003,459
2022-11-03,Lake,033,64148,12959,12898,1204,14102,148
2022-11-03,Lassen,035,31185,10028,10007,1006,11013,65
2022-11-03,Los Angeles,037,10098052,3312439,3304428,186298,3490726,33733
2022-11-03,Madera,039,155013,44389,44229,8330,52559,375
2022-11-03,Marin,041,260295,45983,45806,5346,51152,314
2022-11-03,Mariposa,043,17540,3144,3116,348,3464,32
2022-11-03,Mendocino,045,87422,16220,16130,4549,20679,137
2022-11-03,Merced,047,269075,73218,72727,11984,84711,870
2022-11-03,Modoc,049,8938,887,885,330,1215,11
2022-11-03,Mono,051,14174,3220,3216,265,3481,7
2022-11-03,Monterey,053,433212,94859,94541,21371,115912,770
2022-11-03,Napa,055,140530,32522,32484,1422,33906,161
2022-11-03,Nevada,057,99092,19219,19129,1924,21053,132
2022-11-03,Orange,059,3164182,674109,672253,65623,737876,7520
2022-11-03,Placer,061,380077,76762,76321,9695,86016,662
2022-11-03,Plumas,063,18699,3726,3720,443,4163,13
2022-11-03,Riverside,065,2383286,700847,699360,35981,735341,6660
2022-11-03,Sacramento,067,1510023,351104,349696,34951,384647,3350
2022-11-03,San Benito,069,59416,16490,16324,990,17314,108
2022-11-03,San Bernardino,071,2135413,676376,674939,31344,706283,8123
2022-11-03,San Diego,073,3302833,932811,931531,73315,1004846,5532
2022-11-03,San Francisco,075,870044,182263,180989,12266,193255,1067
2022-11-03,San Joaquin,077,732212,199600,198717,15212,213929,2336
2022-11-03,San Luis Obispo,079,281455,63836,63599,7272,70871,525
2022-11-03,San Mateo,081,765935,171572,170464,10581,181045,741
2022-11-03,Santa Barbara,083,443738,106783,106478,6958,113436,732
2022-11-03,Santa Clara,085,1922200,442680,436967,19460,456427,2533
2022-11-03,Santa Cruz,087,273765,64337,64070,3538,67608,274
2022-11-03,Shasta,089,179085,35340,35178,7696,42874,594
2022-11-03,Sierra,091,2930,308,308,60,368,5
2022-11-03,Siskiyou,093,43540,5208,5326,3360,8686,94
2022-11-03,Solano,095,438530,106751,106106,8013,114119,468
2022-11-03,Sonoma,097,501317,108198,107907,5360,113267,524
2022-11-03,Stanislaus,099,539301,139006,138715,21754,160469,1785
2022-11-03,Sutter,101,95872,24529,24470,2468,26938,233
2022-11-03,Tehama,103,63373,13774,13707,3128,16835,216
2022-11-03,Trinity,105,12862,1420,1413,432,1845,20
2022-11-03,Tulare,107,460477,122690,122246,36842,159088,1544
2022-11-03,Tuolumne,109,53932,15777,15672,930,16602,196
2022-11-03,Ventura,111,848112,210628,210085,16003,226088,1584
2022-11-03,Yolo,113,214977,47979,47786,4433,52219,353
2022-11-03,Yuba,115,75493,19102,19059,1741,20800,132
2022-11-02,Alameda,001,1643700,352808,351524,20142,371666,2044
2022-11-02,Alpine,002,1148,136,136,1,137,0
2022-11-02,Amador,005,37829,10078,10055,937,10992,95
2022-11-02,Butte,007,227075,39887,39852,9271,49123,462
2022-11-02,Calaveras,009,45235,8591,8576,572,9148,135
2022-11-02,Colusa,011,21464,3823,3820,1294,5114,22
2022-11-02,Contra Costa,013,1133247,255037,253122,21014,274136,1463
2022-11-02,Del Norte,015,27424,7499,7469,401,7870,56
2022-11-02,El Dorado,017,186661,32714,32622,4325,36947,231
2022-11-02,Fresno,019,978130,280487,276454,32125,308579,2885
2022-11-02,Glenn,021,27897,5570,5557,1881,7438,48
2022-11-02,Humboldt,023,135768,22201,22115,5181,27296,160
2022-11-02,Imperial,025,180216,66206,66024,16198,82222,960
2022-11-02,Inyo,027,18085,4529,4506,1040,5546,60
2022-11-02,Kern,029,883053,220814,220216,65177,285393,2426
2022-11-02,Kings,031,150075,59930,59856,4140,63996,459
2022-11-02,Lake,033,64148,12955,12898,1197,14095,148
2022-11-02,Lassen,035,31185,10026,10007,1005,11012,65
2022-11-02,Los Angeles,037,10098052,3311238,3304428,186106,3490534,33733
2022-11-02,Madera,039,155013,44373,44229,8327,52556,375
2022-11-02,Marin,041,260295,45966,45806,5344,51150,314
2022-11-02,Mariposa,043,17540,3143,3116,348,3464,32
2022-11-02,Mendocino,045,87422,16218,16130,4548,20678,137
2022-11-02,Merced,047,269075,73195,72727,11979,84706,870
2022-11-02,Modoc,049,8938,887,885,328,1213,11
2022-11-02,Mono,051,14174,3220,3216,265,3481,7
2022-11-02,Monterey,053,433212,94833,94541,21362,115903,770
2022-11-02,Napa,055,140530,32512,32484,1422,33906,161
2022-11-02,Nevada,057,99092,19212,19129,1919,21048,132
2022-11-02,Orange,059,3164182,673923,672253,65541,737794,7520
2022-11-02,Placer,061,380077,76725,76321,9688,86009,662
2022-11-02,Plumas,063,18699,3726,3720,443,4163,13
2022-11-02,Riverside,065,2383286,700675,699360,35959,735319,6660
2022-11-02,Sacramento,067,1510023,350930,349696,34917,384613,3350
2022-11-02,San Benito,069,59416,16484,16324,990,17314,108
2022-11-02,San Bernardino,071,2135413,676182,674939,31317,706256,8123
2022-11-02,San Diego,073,3302833,932479,931531,73280,1004811,5532
2022-11-02,San Francisco,075,870044,182158,180989,12262,193251,1067
2022-11-02,San Joaquin,077,732212,199522,198717,15200,213917,2336
2022-11-02,San Luis Obispo,079,281455,63812,63599,7265,70864,525
2022-11-02,San Mateo,081,765935,171511,170464,10573,181037,741
2022-11-02,Santa Barbara,083,443738,106752,106478,6952,113430,732
2022-11-02,Santa Clara,085,1922200,442467,436967,19447,456414,2533
2022-11-02,Santa Cruz,087,273765,64303,64070,3537,67607,274
2022-11-02,Shasta,089,179085,35329,35178,7682,42860,594
2022-11-02,Sierra,091,2930,308,308,60,368,5
2022-11-02,Siskiyou,093,43540,5207,5326,3353,8679,94
2022-11-02,Solano,095,438530,106698,106106,8007,114113,468
2022-11-02,Sonoma,097,501317,108162,107907,5358,113265,524
2022-11-02,Stanislaus,099,539301,138971,138715,21750,160465,1785
2022-11-02,Sutter,101,95872,24511,24470,2468,26938,233
2022-11-02,Tehama,103,63373,13768,13707,3123,16830,216
2022-11-02,Trinity,105,12862,1420,1413,429,1842,20
2022-11-02,Tulare,107,460477,122667,122246,36826,159072,1544
2022-11-02,Tuolumne,109,53932,15773,15672,930,16602,196
2022-11-02,Ventura,111,848112,210575,210085,15993,226078,1584
2022-11-02,Yolo,113,214977,47959,47786,4431,52217,353
2022-11-02,Yuba,115,75493,19093,19059,1741,20800,132
2022-11-01,Alameda,001,1643700,352611,351524,20123,371647,2044
2022-11-01,Alpine,002,1148,136,136,1,137,0
2022-11-01,Amador,005,37829,10072,10055,936,10991,95
2022-11-01,Butte,007,227075,39872,39852,9263,49115,462
2022-11-01,Calaveras,009,45235,8589,8576,572,9148,135
2022-11-01,Colusa,011,21464,3823,3820,1293,5113,22
2022-11-01,Contra Costa,013,1133247,254924,253122,21005,274127,1463
2022-11-01,Del Norte,015,27424,7499,7469,401,7870,56
2022-11-01,El Dorado,017,186661,32694,32622,4323,36945,231
2022-11-01,Fresno,019,978130,280406,276454,32112,308566,2885
2022-11-01,Glenn,021,27897,5569,5557,1879,7436,48
2022-11-01,Humboldt,023,135768,22187,22115,5175,27290,160
2022-11-01,Imperial,025,180216,66177,66024,16190,82214,960
2022-11-01,Inyo,027,18085,4526,4506,1039,5545,60
2022-11-01,Kern,029,883053,220738,220216,65124,285340,2426
2022-11-01,Kings,031,150075,59910,59856,4137,63993,459
2022-11-01,Lake,033,64148,12951,12898,1194,14092,148
2022-11-01,Lassen,035,31185,10024,10007,1004,11011,65
2022-11-01,Los Angeles,037,10098052,3309997,3304428,185886,3490314,33733
2022-11-01,Madera,039,155013,44360,44229,8317,52546,375
2022-11-01,Marin,041,260295,45946,45806,5342,51148,314
2022-11-01,Mariposa,043,17540,3140,3116,348,3464,32
2022-11-01,Mendocino,045,87422,16215,16130,4542,20672,137
2022-11-01,Merced,047,269075,73173,72727,11971,84698,870
2022-11-01,Modoc,049,8938,886,885,327,1212,11
2022-11-01,Mono,051,14174,3220,3216,264,3480,7
2022-11-01,Monterey,053,433212,94803,94541,21351,115892,770
2022-11-01,Napa,055,140530,32500,32484,1421,33905,161
2022-11-01,Nevada,057,99092,19198,19129,1916,21045,132
2022-11-01,Orange,059,3164182,673729,672253,65450,737703,7520
2022-11-01,Placer,061,380077,76698,76321,9678,85999,662
2022-11-01,Plumas,063,18699,3723,3720,443,4163,13
2022-11-01,Riverside,065,2383286,700454,699360,35926,735286,6660
2022-11-01,Sacramento,067,1510023,350772,349696,34890,384586,3350
2022-11-01,San Benito,069,59416,16477,16324,989,17313,108
2022-11-01,San Bernardino,071,2135413,675986,674939,31304,706243,8123
2022-11-01,San Diego,073,3302833,932151,931531,73249,1004780,5532
2022-11-01,San Francisco,075,870044,182049,180989,12252,193241,1067
2022-11-01,San Joaquin,077,732212,199448,198717,15195,213912,2336
2022-11-01,San Luis Obispo,079,281455,63789,63599,7262,70861,525
2022-11-01,San Mateo,081,765935,171434,170464,10570,181034,741
2022-11-01,Santa Barbara,083,443738,106718,106478,6946,113424,732
2022-11-01,Santa Clara,085,1922200,442226,436967,19435,456402,2533
2022-11-01,Santa Cruz,087,273765,64272,64070,3536,67606,274
2022-11-01,Shasta,089,179085,35319,35178,7665,42843,594
2022-11-01,Sierra,091,2930,308,308,60,368,5
2022-11-01,Siskiyou,093,43540,5205,5326,3351,8677,94
2022-11-01,Solano,095,438530,106651,106106,8003,114109,468
2022-11-01,Sonoma,097,501317,108125,107907,5354,113261,524
2022-11-01,Stanislaus,099,539301,138926,138715,21739,160454,1785
2022-11-01,Sutter,101,95872,24504,24470,2468,26938,233
2022-11-01,Tehama,103,63373,13760,13707,3118,16825,216
2022-11-01,Trinity,105,12862,1420,1413,429,1842,20
2022-11-01,Tulare,107,460477,122640,122246,36806,159052,1544
2022-11-01,Tuolumne,109,53932,15767,15672,930,16602,196
2022-11-01,Ventura,111,848112,210504,210085,15979,226064,1584
2022-11-01,Yolo,113,214977,47940,47786,4430,52216,353
2022-11-01,Yuba,115,75493,19086,19059,1741,20800,132
2022-10-31,Alameda,001,1643700,352390,350419,20099,370518,2040
2022-10-31,Alpine,002,1148,136,136,1,137,0
2022-10-31,Amador,005,37829,10071,10038,936,10974,94
2022-10-31,Butte,007,227075,39854,39707,9254,48961,457
2022-10-31,Calaveras,009,45235,8587,8561,572,9133,134
2022-10-31,Colusa,011,21464,3823,3813,1291,5104,22
2022-10-31,Contra Costa,013,1133247,254778,252398,20991,273389,1458
2022-10-31,Del Norte,015,27424,7496,7455,401,7856,56
2022-10-31,El Dorado,017,186661,32677,32513,4319,36832,231
2022-10-31,Fresno,019,978130,280296,275924,32094,308018,2885
2022-10-31,Glenn,021,27897,5568,5553,1878,7431,48
2022-10-31,Humboldt,023,135768,22175,22065,5171,27236,160
2022-10-31,Imperial,025,180216,66142,65903,16175,82078,959
2022-10-31,Inyo,027,18085,4521,4500,1039,5539,60
2022-10-31,Kern,029,883053,220640,219943,65074,285017,2425
2022-10-31,Kings,031,150075,59887,59742,4133,63875,459
2022-10-31,Lake,033,64148,12937,12868,1193,14061,148
2022-10-31,Lassen,035,31185,10023,9989,1004,10993,65
2022-10-31,Los Angeles,037,10098052,3308766,3298549,185656,3484205,33679
2022-10-31,Madera,039,155013,44347,44172,8317,52489,375
2022-10-31,Marin,041,260295,45922,45649,5339,50988,314
2022-10-31,Mariposa,043,17540,3137,3107,348,3455,31
2022-10-31,Mendocino,045,87422,16207,16104,4540,20644,153
2022-10-31,Merced,047,269075,73155,72606,11964,84570,870
2022-10-31,Modoc,049,8938,885,884,327,1211,11
2022-10-31,Mono,051,14174,3220,3215,263,3478,7
2022-10-31,Monterey,053,433212,94768,94425,21329,115754,769
2022-10-31,Napa,055,140530,32486,32448,1420,33868,160
2022-10-31,Nevada,057,99092,19195,19094,1916,21010,132
2022-10-31,Orange,059,3164182,673541,671141,65374,736515,7502
2022-10-31,Placer,061,380077,76679,76178,9672,85850,662
2022-10-31,Plumas,063,18699,3722,3705,443,4148,13
2022-10-31,Riverside,065,2383286,700225,698387,35898,734285,6659
2022-10-31,Sacramento,067,1510023,350621,348942,34863,383805,3346
2022-10-31,San Benito,069,59416,16471,16284,989,17273,108
2022-10-31,San Bernardino,071,2135413,675740,673959,31279,705238,8120
2022-10-31,San Diego,073,3302833,931819,929768,73217,1002985,5524
2022-10-31,San Francisco,075,870044,181940,180409,12248,192657,1066
2022-10-31,San Joaquin,077,732212,199372,198376,15181,213557,2335
2022-10-31,San Luis Obispo,079,281455,63764,63519,7254,70773,525
2022-10-31,San Mateo,081,765935,171335,169941,10566,180507,741
2022-10-31,Santa Barbara,083,443738,106680,106291,6943,113234,729
2022-10-31,Santa Clara,085,1922200,441964,435788,19420,455208,2528
2022-10-31,Santa Cruz,087,273765,64231,63885,3533,67418,274
2022-10-31,Shasta,089,179085,35297,35117,7658,42775,595
2022-10-31,Sierra,091,2930,308,308,60,368,5
2022-10-31,Siskiyou,093,43540,5201,5307,3349,8656,94
2022-10-31,Solano,095,438530,106595,105796,7998,113794,467
2022-10-31,Sonoma,097,501317,108086,107692,5350,113042,524
2022-10-31,Stanislaus,099,539301,138875,138423,21726,160149,1785
2022-10-31,Sutter,101,95872,24489,24425,2468,26893,233
2022-10-31,Tehama,103,63373,13750,13681,3117,16798,210
2022-10-31,Trinity,105,12862,1419,1398,429,1827,20
2022-10-31,Tulare,107,460477,122623,122140,36783,158923,1541
2022-10-31,Tuolumne,109,53932,15733,15658,928,16586,196
2022-10-31,Ventura,111,848112,210428,209746,15967,225713,1582
2022-10-31,Yolo,113,214977,47871,47703,4427,52130,349
2022-10-31,Yuba,115,75493,19078,19009,1741,20750,133
2022-10-30,Alameda,001,1643700,352179,350419,20073,370492,2040
2022-10-30,Alpine,002,1148,136,136,1,137,0
2022-10-30,Amador,005,37829,10067,10038,935,10973,94
2022-10-30,Butte,007,227075,39833,39707,9243,48950,457
2022-10-30,Calaveras,009,45235,8585,8561,572,9133,134
2022-10-30,Colusa,011,21464,3822,3813,1291,5104,22
2022-10-30,Contra Costa,013,1133247,254620,252398,20982,273380,1458
2022-10-30,Del Norte,015,27424,7493,7455,401,7856,56
2022-10-30,El Dorado,017,186661,32668,32513,4315,36828,231
2022-10-30,Fresno,019,978130,280208,275924,32078,308002,2885
2022-10-30,Glenn,021,27897,5560,5553,1878,7431,48
2022-10-30,Humboldt,023,135768,22169,22065,5164,27229,160
2022-10-30,Imperial,025,180216,66118,65903,16150,82053,959
2022-10-30,Inyo,027,18085,4521,4500,1038,5538,60
2022-10-30,Kern,029,883053,220569,219943,65024,284967,2425
2022-10-30,Kings,031,150075,59877,59742,4132,63874,459
2022-10-30,Lake,033,64148,12929,12868,1193,14061,148
2022-10-30,Lassen,035,31185,10018,9989,1004,10993,65
2022-10-30,Los Angeles,037,10098052,3307502,3298549,185414,3483963,33679
2022-10-30,Madera,039,155013,44338,44172,8311,52483,375
2022-10-30,Marin,041,260295,45903,45649,5338,50987,314
2022-10-30,Mariposa,043,17540,3137,3107,348,3455,31
2022-10-30,Mendocino,045,87422,16204,16104,4539,20643,153
2022-10-30,Merced,047,269075,73122,72606,11959,84565,870
2022-10-30,Modoc,049,8938,885,884,327,1211,11
2022-10-30,Mono,051,14174,3219,3215,263,3478,7
2022-10-30,Monterey,053,433212,94738,94425,21318,115743,769
2022-10-30,Napa,055,140530,32471,32448,1418,33866,160
2022-10-30,Nevada,057,99092,19188,19094,1911,21005,132
2022-10-30,Orange,059,3164182,673313,671141,65295,736436,7502
2022-10-30,Placer,061,380077,76659,76178,9669,85847,662
2022-10-30,Plumas,063,18699,3721,3705,443,4148,13
2022-10-30,Riverside,065,2383286,700006,698387,35865,734252,6659
2022-10-30,Sacramento,067,1510023,350491,348942,34825,383767,3346
2022-10-30,San Benito,069,59416,16465,16284,989,17273,108
2022-10-30,San Bernardino,071,2135413,675545,673959,31257,705216,8120
2022-10-30,San Diego,073,3302833,931462,929768,73159,1002927,5524
2022-10-30,San Francisco,075,870044,181814,180409,12238,192647,1066
2022-10-30,San Joaquin,077,732212,199303,198376,15158,213534,2335
2022-10-30,San Luis Obispo,079,281455,63751,63519,7250,70769,525
2022-10-30,San Mateo,081,765935,171245,169941,10561,180502,741
2022-10-30,Santa Barbara,083,443738,106654,106291,6938,113229,729
2022-10-30,Santa Clara,085,1922200,441732,435788,19412,455200,2528
2022-10-30,Santa Cruz,087,273765,64177,63885,3530,67415,274
2022-10-30,Shasta,089,179085,35284,35117,7653,42770,595
2022-10-30,Sierra,091,2930,308,308,60,368,5
2022-10-30,Siskiyou,093,43540,5199,5307,3348,8655,94
2022-10-30,Solano,095,438530,106535,105796,7995,113791,467
2022-10-30,Sonoma,097,501317,108049,107692,5346,113038,524
2022-10-30,Stanislaus,099,539301,138833,138423,21719,160142,1785
2022-10-30,Sutter,101,95872,24479,24425,2468,26893,233
2022-10-30,Tehama,103,63373,13741,13681,3113,16794,210
2022-10-30,Trinity,105,12862,1419,1398,428,1826,20
2022-10-30,Tulare,107,460477,122591,122140,36762,158902,1541
2022-10-30,Tuolumne,109,53932,15727,15658,927,16585,196
2022-10-30,Ventura,111,848112,210357,209746,15953,225699,1582
2022-10-30,Yolo,113,214977,47847,47703,4419,52122,349
2022-10-30,Yuba,115,75493,19070,19009,1739,20748,133
2022-10-29,Alameda,001,1643700,352069,350419,20061,370480,2040
2022-10-29,Alpine,002,1148,136,136,1,137,0
2022-10-29,Amador,005,37829,10065,10038,935,10973,94
2022-10-29,Butte,007,227075,39826,39707,9239,48946,457
2022-10-29,Calaveras,009,45235,8579,8561,572,9133,134
2022-10-29,Colusa,011,21464,3821,3813,1291,5104,22
2022-10-29,Contra Costa,013,1133247,254530,252398,20977,273375,1458
2022-10-29,Del Norte,015,27424,7493,7455,401,7856,56
2022-10-29,El Dorado,017,186661,32661,32513,4313,36826,231
2022-10-29,Fresno,019,978130,280158,275924,32069,307993,2885
2022-10-29,Glenn,021,27897,5559,5553,1878,7431,48
2022-10-29,Humboldt,023,135768,22163,22065,5163,27228,160
2022-10-29,Imperial,025,180216,66107,65903,16134,82037,959
2022-10-29,Inyo,027,18085,4521,4500,1037,5537,60
2022-10-29,Kern,029,883053,220538,219943,64999,284942,2425
2022-10-29,Kings,031,150075,59869,59742,4132,63874,459
2022-10-29,Lake,033,64148,12925,12868,1193,14061,148
2022-10-29,Lassen,035,31185,10018,9989,1004,10993,65
2022-10-29,Los Angeles,037,10098052,3306872,3298549,185300,3483849,33679
2022-10-29,Madera,039,155013,44333,44172,8311,52483,375
2022-10-29,Marin,041,260295,45884,45649,5337,50986,314
2022-10-29,Mariposa,043,17540,3137,3107,348,3455,31
2022-10-29,Mendocino,045,87422,16203,16104,4539,20643,153
2022-10-29,Merced,047,269075,73108,72606,11958,84564,870
2022-10-29,Modoc,049,8938,885,884,327,1211,11
2022-10-29,Mono,051,14174,3219,3215,263,3478,7
2022-10-29,Monterey,053,433212,94725,94425,21311,115736,769
2022-10-29,Napa,055,140530,32461,32448,1418,33866,160
2022-10-29,Nevada,057,99092,19182,19094,1910,21004,132
2022-10-29,Orange,059,3164182,673219,671141,65256,736397,7502
2022-10-29,Placer,061,380077,76644,76178,9666,85844,662
2022-10-29,Plumas,063,18699,3721,3705,443,4148,13
2022-10-29,Riverside,065,2383286,699892,698387,35845,734232,6659
2022-10-29,Sacramento,067,1510023,350423,348942,34810,383752,3346
2022-10-29,San Benito,069,59416,16461,16284,989,17273,108
2022-10-29,San Bernardino,071,2135413,675438,673959,31247,705206,8120
2022-10-29,San Diego,073,3302833,931306,929768,73147,1002915,5524
2022-10-29,San Francisco,075,870044,181746,180409,12236,192645,1066
2022-10-29,San Joaquin,077,732212,199269,198376,15149,213525,2335
2022-10-29,San Luis Obispo,079,281455,63748,63519,7248,70767,525
2022-10-29,San Mateo,081,765935,171190,169941,10560,180501,741
2022-10-29,Santa Barbara,083,443738,106635,106291,6935,113226,729
2022-10-29,Santa Clara,085,1922200,441596,435788,19403,455191,2528
2022-10-29,Santa Cruz,087,273765,64163,63885,3528,67413,274
2022-10-29,Shasta,089,179085,35277,35117,7650,42767,595
2022-10-29,Sierra,091,2930,308,308,60,368,5
2022-10-29,Siskiyou,093,43540,5198,5307,3346,8653,94
2022-10-29,Solano,095,438530,106502,105796,7991,113787,467
2022-10-29,Sonoma,097,501317,108031,107692,5344,113036,524
2022-10-29,Stanislaus,099,539301,138798,138423,21713,160136,1785
2022-10-29,Sutter,101,95872,24473,24425,2468,26893,233
2022-10-29,Tehama,103,63373,13738,13681,3109,16790,210
2022-10-29,Trinity,105,12862,1414,1398,426,1824,20
2022-10-29,Tulare,107,460477,122571,122140,36747,158887,1541
2022-10-29,Tuolumne,109,53932,15721,15658,927,16585,196
2022-10-29,Ventura,111,848112,210315,209746,15939,225685,1582
2022-10-29,Yolo,113,214977,47833,47703,4418,52121,349
2022-10-29,Yuba,115,75493,19066,19009,1739,20748,133
2022-10-28,Alameda,001,1643700,351978,350419,20056,370475,2040
2022-10-28,Alpine,002,1148,136,136,1,137,0
2022-10-28,Amador,005,37829,10059,10038,934,10972,94
2022-10-28,Butte,007,227075,39820,39707,9236,48943,457
2022-10-28,Calaveras,009,45235,8579,8561,572,9133,134
2022-10-28,Colusa,011,21464,3821,3813,1291,5104,22
2022-10-28,Contra Costa,013,1133247,254446,252398,20973,273371,1458
2022-10-28,Del Norte,015,27424,7492,7455,401,7856,56
2022-10-28,El Dorado,017,186661,32651,32513,4311,36824,231
2022-10-28,Fresno,019,978130,280109,275924,32062,307986,2885
2022-10-28,Glenn,021,27897,5558,5553,1876,7429,48
2022-10-28,Humboldt,023,135768,22158,22065,5162,27227,160
2022-10-28,Imperial,025,180216,66092,65903,16126,82029,959
2022-10-28,Inyo,027,18085,4518,4500,1037,5537,60
2022-10-28,Kern,029,883053,220511,219943,64990,284933,2425
2022-10-28,Kings,031,150075,59867,59742,4132,63874,459
2022-10-28,Lake,033,64148,12923,12868,1193,14061,148
2022-10-28,Lassen,035,31185,10018,9989,1004,10993,65
2022-10-28,Los Angeles,037,10098052,3306241,3298549,185173,3483722,33679
2022-10-28,Madera,039,155013,44325,44172,8308,52480,375
2022-10-28,Marin,041,260295,45872,45649,5337,50986,314
2022-10-28,Mariposa,043,17540,3134,3107,348,3455,31
2022-10-28,Mendocino,045,87422,16200,16104,4536,20640,153
2022-10-28,Merced,047,269075,73096,72606,11956,84562,870
2022-10-28,Modoc,049,8938,885,884,327,1211,11
2022-10-28,Mono,051,14174,3219,3215,263,3478,7
2022-10-28,Monterey,053,433212,94711,94425,21302,115727,769
2022-10-28,Napa,055,140530,32453,32448,1418,33866,160
2022-10-28,Nevada,057,99092,19179,19094,1909,21003,132
2022-10-28,Orange,059,3164182,673110,671141,65198,736339,7502
2022-10-28,Placer,061,380077,76631,76178,9664,85842,662
2022-10-28,Plumas,063,18699,3721,3705,443,4148,13
2022-10-28,Riverside,065,2383286,699776,698387,35832,734219,6659
2022-10-28,Sacramento,067,1510023,350323,348942,34802,383744,3346
2022-10-28,San Benito,069,59416,16457,16284,989,17273,108
2022-10-28,San Bernardino,071,2135413,675324,673959,31240,705199,8120
2022-10-28,San Diego,073,3302833,931122,929768,73133,1002901,5524
2022-10-28,San Francisco,075,870044,181689,180409,12231,192640,1066
2022-10-28,San Joaquin,077,732212,199241,198376,15145,213521,2335
2022-10-28,San Luis Obispo,079,281455,63743,63519,7247,70766,525
2022-10-28,San Mateo,081,765935,171133,169941,10557,180498,741
2022-10-28,Santa Barbara,083,443738,106621,106291,6935,113226,729
2022-10-28,Santa Clara,085,1922200,441451,435788,19393,455181,2528
2022-10-28,Santa Cruz,087,273765,64148,63885,3526,67411,274
2022-10-28,Shasta,089,179085,35271,35117,7645,42762,595
2022-10-28,Sierra,091,2930,308,308,60,368,5
2022-10-28,Siskiyou,093,43540,5194,5307,3344,8651,94
2022-10-28,Solano,095,438530,106475,105796,7990,113786,467
2022-10-28,Sonoma,097,501317,108010,107692,5344,113036,524
2022-10-28,Stanislaus,099,539301,138768,138423,21711,160134,1785
2022-10-28,Sutter,101,95872,24464,24425,2467,26892,233
2022-10-28,Tehama,103,63373,13735,13681,3108,16789,210
2022-10-28,Trinity,105,12862,1411,1398,425,1823,20
2022-10-28,Tulare,107,460477,122548,122140,36737,158877,1541
2022-10-28,Tuolumne,109,53932,15719,15658,927,16585,196
2022-10-28,Ventura,111,848112,210275,209746,15932,225678,1582
2022-10-28,Yolo,113,214977,47822,47703,4418,52121,349
2022-10-28,Yuba,115,75493,19060,19009,1738,20747,133
2022-10-27,Alameda,001,1643700,351843,350419,20042,370461,2040
2022-10-27,Alpine,002,1148,136,136,1,137,0
2022-10-27,Amador,005,37829,10058,10038,934,10972,94
2022-10-27,Butte,007,227075,39813,39707,9232,48939,457
2022-10-27,Calaveras,009,45235,8577,8561,571,9132,134
2022-10-27,Colusa,011,21464,3818,3813,1291,5104,22
2022-10-27,Contra Costa,013,1133247,254347,252398,20966,273364,1458
2022-10-27,Del Norte,015,27424,7487,7455,401,7856,56
2022-10-27,El Dorado,017,186661,32633,32513,4311,36824,231
2022-10-27,Fresno,019,978130,280043,275924,32057,307981,2885
2022-10-27,Glenn,021,27897,5555,5553,1876,7429,48
2022-10-27,Humboldt,023,135768,22149,22065,5162,27227,160
2022-10-27,Imperial,025,180216,66079,65903,16114,82017,959
2022-10-27,Inyo,027,18085,4516,4500,1037,5537,60
2022-10-27,Kern,029,883053,220448,219943,64958,284901,2425
2022-10-27,Kings,031,150075,59809,59742,4131,63873,459
2022-10-27,Lake,033,64148,12917,12868,1192,14060,148
2022-10-27,Lassen,035,31185,10016,9989,1003,10992,65
2022-10-27,Los Angeles,037,10098052,3305374,3298549,185022,3483571,33679
2022-10-27,Madera,039,155013,44315,44172,8305,52477,375
2022-10-27,Marin,041,260295,45854,45649,5337,50986,314
2022-10-27,Mariposa,043,17540,3133,3107,348,3455,31
2022-10-27,Mendocino,045,87422,16197,16104,4535,20639,153
2022-10-27,Merced,047,269075,73087,72606,11951,84557,870
2022-10-27,Modoc,049,8938,885,884,327,1211,11
2022-10-27,Mono,051,14174,3219,3215,263,3478,7
2022-10-27,Monterey,053,433212,94690,94425,21286,115711,769
2022-10-27,Napa,055,140530,32447,32448,1416,33864,160
2022-10-27,Nevada,057,99092,19173,19094,1906,21000,132
2022-10-27,Orange,059,3164182,672933,671141,65155,736296,7502
2022-10-27,Placer,061,380077,76618,76178,9659,85837,662
2022-10-27,Plumas,063,18699,3721,3705,443,4148,13
2022-10-27,Riverside,065,2383286,699644,698387,35808,734195,6659
2022-10-27,Sacramento,067,1510023,350190,348942,34783,383725,3346
2022-10-27,San Benito,069,59416,16456,16284,989,17273,108
2022-10-27,San Bernardino,071,2135413,675191,673959,31230,705189,8120
2022-10-27,San Diego,073,3302833,930877,929768,73103,1002871,5524
2022-10-27,San Francisco,075,870044,181599,180409,12221,192630,1066
2022-10-27,San Joaquin,077,732212,199208,198376,15136,213512,2335
2022-10-27,San Luis Obispo,079,281455,63730,63519,7245,70764,525
2022-10-27,San Mateo,081,765935,171044,169941,10554,180495,741
2022-10-27,Santa Barbara,083,443738,106591,106291,6934,113225,729
2022-10-27,Santa Clara,085,1922200,441278,435788,19383,455171,2528
2022-10-27,Santa Cruz,087,273765,64127,63885,3523,67408,274
2022-10-27,Shasta,089,179085,35262,35117,7638,42755,595
2022-10-27,Sierra,091,2930,308,308,60,368,5
2022-10-27,Siskiyou,093,43540,5190,5307,3343,8650,94
2022-10-27,Solano,095,438530,106435,105796,7988,113784,467
2022-10-27,Sonoma,097,501317,107980,107692,5344,113036,524
2022-10-27,Stanislaus,099,539301,138729,138423,21707,160130,1785
2022-10-27,Sutter,101,95872,24456,24425,2466,26891,233
2022-10-27,Tehama,103,63373,13734,13681,3108,16789,210
2022-10-27,Trinity,105,12862,1408,1398,422,1820,20
2022-10-27,Tulare,107,460477,122532,122140,36715,158855,1541
2022-10-27,Tuolumne,109,53932,15716,15658,927,16585,196
2022-10-27,Ventura,111,848112,210215,209746,15925,225671,1582
2022-10-27,Yolo,113,214977,47820,47703,4416,52119,349
2022-10-27,Yuba,115,75493,19055,19009,1737,20746,133
2022-10-26,Alameda,001,1643700,351672,350419,20026,370445,2040
2022-10-26,Alpine,002,1148,136,136,1,137,0
2022-10-26,Amador,005,37829,10057,10038,934,10972,94
2022-10-26,Butte,007,227075,39802,39707,9224,48931,457
2022-10-26,Calaveras,009,45235,8576,8561,570,9131,134
2022-10-26,Colusa,011,21464,3815,3813,1291,5104,22
2022-10-26,Contra Costa,013,1133247,254254,252398,20961,273359,1458
2022-10-26,Del Norte,015,27424,7486,7455,401,7856,56
2022-10-26,El Dorado,017,186661,32611,32513,4310,36823,231
2022-10-26,Fresno,019,978130,279990,275924,32037,307961,2885
2022-10-26,Glenn,021,27897,5555,5553,1875,7428,48
2022-10-26,Humboldt,023,135768,22144,22065,5155,27220,160
2022-10-26,Imperial,025,180216,66059,65903,16103,82006,959
2022-10-26,Inyo,027,18085,4515,4500,1035,5535,60
2022-10-26,Kern,029,883053,220410,219943,64930,284873,2425
2022-10-26,Kings,031,150075,59804,59742,4131,63873,459
2022-10-26,Lake,033,64148,12915,12868,1192,14060,148
2022-10-26,Lassen,035,31185,10011,9989,1002,10991,65
2022-10-26,Los Angeles,037,10098052,3304450,3298549,184877,3483426,33679
2022-10-26,Madera,039,155013,44307,44172,8303,52475,375
2022-10-26,Marin,041,260295,45841,45649,5335,50984,314
2022-10-26,Mariposa,043,17540,3132,3107,348,3455,31
2022-10-26,Mendocino,045,87422,16195,16104,4533,20637,153
2022-10-26,Merced,047,269075,73071,72606,11947,84553,870
2022-10-26,Modoc,049,8938,885,884,327,1211,11
2022-10-26,Mono,051,14174,3219,3215,263,3478,7
2022-10-26,Monterey,053,433212,94665,94425,21275,115700,769
2022-10-26,Napa,055,140530,32439,32448,1416,33864,160
2022-10-26,Nevada,057,99092,19170,19094,1898,20992,132
2022-10-26,Orange,059,3164182,672748,671141,65093,736234,7502
2022-10-26,Placer,061,380077,76596,76178,9653,85831,662
2022-10-26,Plumas,063,18699,3719,3705,443,4148,13
2022-10-26,Riverside,065,2383286,699499,698387,35784,734171,6659
2022-10-26,Sacramento,067,1510023,350118,348942,34762,383704,3346
2022-10-26,San Benito,069,59416,16451,16284,989,17273,108
2022-10-26,San Bernardino,071,2135413,675023,673959,31221,705180,8120
2022-10-26,San Diego,073,3302833,930590,929768,73060,1002828,5524
2022-10-26,San Francisco,075,870044,181520,180409,12217,192626,1066
2022-10-26,San Joaquin,077,732212,199156,198376,15124,213500,2335
2022-10-26,San Luis Obispo,079,281455,63715,63519,7243,70762,525
2022-10-26,San Mateo,081,765935,170956,169941,10549,180490,741
2022-10-26,Santa Barbara,083,443738,106557,106291,6929,113220,729
2022-10-26,Santa Clara,085,1922200,441102,435788,19364,455152,2528
2022-10-26,Santa Cruz,087,273765,64101,63885,3522,67407,274
2022-10-26,Shasta,089,179085,35254,35117,7633,42750,595
2022-10-26,Sierra,091,2930,308,308,60,368,5
2022-10-26,Siskiyou,093,43540,5188,5307,3342,8649,94
2022-10-26,Solano,095,438530,106378,105796,7987,113783,467
2022-10-26,Sonoma,097,501317,107954,107692,5339,113031,524
2022-10-26,Stanislaus,099,539301,138697,138423,21702,160125,1785
2022-10-26,Sutter,101,95872,24446,24425,2466,26891,233
2022-10-26,Tehama,103,63373,13729,13681,3108,16789,210
2022-10-26,Trinity,105,12862,1402,1398,420,1818,20
2022-10-26,Tulare,107,460477,122516,122140,36698,158838,1541
2022-10-26,Tuolumne,109,53932,15710,15658,927,16585,196
2022-10-26,Ventura,111,848112,210152,209746,15918,225664,1582
2022-10-26,Yolo,113,214977,47811,47703,4413,52116,349
2022-10-26,Yuba,115,75493,19048,19009,1737,20746,133
2022-10-25,Alameda,001,1643700,351519,350419,20009,370428,2040
2022-10-25,Alpine,002,1148,136,136,1,137,0
2022-10-25,Amador,005,37829,10055,10038,934,10972,94
2022-10-25,Butte,007,227075,39786,39707,9224,48931,457
2022-10-25,Calaveras,009,45235,8574,8561,570,9131,134
2022-10-25,Colusa,011,21464,3814,3813,1291,5104,22
2022-10-25,Contra Costa,013,1133247,254148,252398,20953,273351,1458
2022-10-25,Del Norte,015,27424,7485,7455,401,7856,56
2022-10-25,El Dorado,017,186661,32590,32513,4308,36821,231
2022-10-25,Fresno,019,978130,279934,275924,32022,307946,2885
2022-10-25,Glenn,021,27897,5553,5553,1875,7428,48
2022-10-25,Humboldt,023,135768,22137,22065,5152,27217,160
2022-10-25,Imperial,025,180216,66037,65903,16096,81999,959
2022-10-25,Inyo,027,18085,4515,4500,1034,5534,60
2022-10-25,Kern,029,883053,220360,219943,64887,284830,2425
2022-10-25,Kings,031,150075,59788,59742,4130,63872,459
2022-10-25,Lake,033,64148,12912,12868,1192,14060,148
2022-10-25,Lassen,035,31185,10004,9989,1002,10991,65
2022-10-25,Los Angeles,037,10098052,3303561,3298549,184733,3483282,33679
2022-10-25,Madera,039,155013,44298,44172,8299,52471,375
2022-10-25,Marin,041,260295,45814,45649,5333,50982,314
2022-10-25,Mariposa,043,17540,3131,3107,348,3455,31
2022-10-25,Mendocino,045,87422,16188,16104,4532,20636,153
2022-10-25,Merced,047,269075,73054,72606,11944,84550,870
2022-10-25,Modoc,049,8938,885,884,326,1210,11
2022-10-25,Mono,051,14174,3219,3215,262,3477,7
2022-10-25,Monterey,053,433212,94640,94425,21263,115688,769
2022-10-25,Napa,055,140530,32436,32448,1415,33863,160
2022-10-25,Nevada,057,99092,19166,19094,1895,20989,132
2022-10-25,Orange,059,3164182,672572,671141,65031,736172,7502
2022-10-25,Placer,061,380077,76561,76178,9649,85827,662
2022-10-25,Plumas,063,18699,3718,3705,443,4148,13
2022-10-25,Riverside,065,2383286,699330,698387,35771,734158,6659
2022-10-25,Sacramento,067,1510023,350010,348942,34723,383665,3346
2022-10-25,San Benito,069,59416,16444,16284,987,17271,108
2022-10-25,San Bernardino,071,2135413,674882,673959,31211,705170,8120
2022-10-25,San Diego,073,3302833,930321,929768,73003,1002771,5524
2022-10-25,San Francisco,075,870044,181431,180409,12206,192615,1066
2022-10-25,San Joaquin,077,732212,199098,198376,15117,213493,2335
2022-10-25,San Luis Obispo,079,281455,63695,63519,7240,70759,525
2022-10-25,San Mateo,081,765935,170885,169941,10547,180488,741
2022-10-25,Santa Barbara,083,443738,106522,106291,6923,113214,729
2022-10-25,Santa Clara,085,1922200,440911,435788,19354,455142,2528
2022-10-25,Santa Cruz,087,273765,64066,63885,3518,67403,274
2022-10-25,Shasta,089,179085,35248,35117,7627,42744,595
2022-10-25,Sierra,091,2930,308,308,60,368,5
2022-10-25,Siskiyou,093,43540,5186,5307,3338,8645,94
2022-10-25,Solano,095,438530,106331,105796,7981,113777,467
2022-10-25,Sonoma,097,501317,107912,107692,5338,113030,524
2022-10-25,Stanislaus,099,539301,138668,138423,21692,160115,1785
2022-10-25,Sutter,101,95872,24439,24425,2466,26891,233
2022-10-25,Tehama,103,63373,13726,13681,3107,16788,210
2022-10-25,Trinity,105,12862,1402,1398,416,1814,20
2022-10-25,Tulare,107,460477,122491,122140,36681,158821,1541
2022-10-25,Tuolumne,109,53932,15709,15658,927,16585,196
2022-10-25,Ventura,111,848112,210101,209746,15907,225653,1582
2022-10-25,Yolo,113,214977,47800,47703,4404,52107,349
2022-10-25,Yuba,115,75493,19041,19009,1737,20746,133
2022-10-24,Alameda,001,1643700,351360,349337,19998,369335,2031
2022-10-24,Alpine,002,1148,136,136,1,137,0
2022-10-24,Amador,005,37829,10053,10025,933,10958,94
2022-10-24,Butte,007,227075,39772,39607,9221,48828,456
2022-10-24,Calaveras,009,45235,8574,8541,569,9110,135
2022-10-24,Colusa,011,21464,3812,3807,1291,5098,22
2022-10-24,Contra Costa,013,1133247,254030,251722,20946,272668,1444
2022-10-24,Del Norte,015,27424,7480,7450,401,7851,56
2022-10-24,El Dorado,017,186661,32577,32443,4307,36750,232
2022-10-24,Fresno,019,978130,279870,275502,32001,307503,2893
2022-10-24,Glenn,021,27897,5552,5543,1875,7418,48
2022-10-24,Humboldt,023,135768,22131,21979,5145,27124,160
2022-10-24,Imperial,025,180216,66016,65801,16087,81888,961
2022-10-24,Inyo,027,18085,4514,4497,1031,5528,60
2022-10-24,Kern,029,883053,220310,219679,64854,284533,2424
2022-10-24,Kings,031,150075,59770,59632,4130,63762,460
2022-10-24,Lake,033,64148,12907,12847,1192,14039,148
2022-10-24,Lassen,035,31185,10004,9977,1002,10979,65
2022-10-24,Los Angeles,037,10098052,3302564,3289814,184563,3474377,33533
2022-10-24,Madera,039,155013,44293,44121,8298,52419,375
2022-10-24,Marin,041,260295,45785,45521,5333,50854,314
2022-10-24,Mariposa,043,17540,3129,3096,346,3442,31
2022-10-24,Mendocino,045,87422,16184,16059,4529,20588,136
2022-10-24,Merced,047,269075,73041,72442,11941,84383,869
2022-10-24,Modoc,049,8938,884,883,326,1209,11
2022-10-24,Mono,051,14174,3219,3212,261,3473,7
2022-10-24,Monterey,053,433212,94618,94275,21248,115523,768
2022-10-24,Napa,055,140530,32432,32395,1415,33810,160
2022-10-24,Nevada,057,99092,19158,19056,1885,20941,132
2022-10-24,Orange,059,3164182,672390,669923,64987,734910,7536
2022-10-24,Placer,061,380077,76530,76022,9646,85668,662
2022-10-24,Plumas,063,18699,3717,3691,442,4133,13
2022-10-24,Riverside,065,2383286,699196,697500,35746,733246,6569
2022-10-24,Sacramento,067,1510023,349891,348260,34696,382956,3337
2022-10-24,San Benito,069,59416,16438,16251,986,17237,107
2022-10-24,San Bernardino,071,2135413,674710,673189,31198,704387,8152
2022-10-24,San Diego,073,3302833,930047,928182,72950,1001132,5517
2022-10-24,San Francisco,075,870044,181325,179967,12203,192170,1056
2022-10-24,San Joaquin,077,732212,199042,198041,15095,213136,2336
2022-10-24,San Luis Obispo,079,281455,63683,63410,7239,70649,525
2022-10-24,San Mateo,081,765935,170824,169484,10543,180027,732
2022-10-24,Santa Barbara,083,443738,106499,106125,6922,113047,726
2022-10-24,Santa Clara,085,1922200,440707,434684,19342,454026,2523
2022-10-24,Santa Cruz,087,273765,64043,63592,3516,67108,275
2022-10-24,Shasta,089,179085,35233,35031,7616,42647,595
2022-10-24,Sierra,091,2930,308,305,60,365,5
2022-10-24,Siskiyou,093,43540,5184,5298,3338,8636,94
2022-10-24,Solano,095,438530,106283,105561,7980,113541,466
2022-10-24,Sonoma,097,501317,107881,107436,5338,112774,527
2022-10-24,Stanislaus,099,539301,138641,138223,21689,159912,1785
2022-10-24,Sutter,101,95872,24434,24393,2466,26859,233
2022-10-24,Tehama,103,63373,13724,13647,3106,16753,209
2022-10-24,Trinity,105,12862,1401,1396,415,1811,20
2022-10-24,Tulare,107,460477,122470,122035,36664,158699,1540
2022-10-24,Tuolumne,109,53932,15706,15626,927,16553,196
2022-10-24,Ventura,111,848112,210051,209427,15902,225329,1571
2022-10-24,Yolo,113,214977,47789,47611,4402,52013,346
2022-10-24,Yuba,115,75493,19032,18969,1737,20706,130
2022-10-23,Alameda,001,1643700,351169,349337,19979,369316,2031
2022-10-23,Alpine,002,1148,136,136,1,137,0
2022-10-23,Amador,005,37829,10052,10025,933,10958,94
2022-10-23,Butte,007,227075,39760,39607,9219,48826,456
2022-10-23,Calaveras,009,45235,8569,8541,569,9110,135
2022-10-23,Colusa,011,21464,3812,3807,1289,5096,22
2022-10-23,Contra Costa,013,1133247,253921,251722,20934,272656,1444
2022-10-23,Del Norte,015,27424,7479,7450,401,7851,56
2022-10-23,El Dorado,017,186661,32564,32443,4305,36748,232
2022-10-23,Fresno,019,978130,279806,275502,31987,307489,2893
2022-10-23,Glenn,021,27897,5550,5543,1873,7416,48
2022-10-23,Humboldt,023,135768,22123,21979,5138,27117,160
2022-10-23,Imperial,025,180216,66003,65801,16069,81870,961
2022-10-23,Inyo,027,18085,4512,4497,1031,5528,60
2022-10-23,Kern,029,883053,220258,219679,64782,284461,2424
2022-10-23,Kings,031,150075,59751,59632,4127,63759,460
2022-10-23,Lake,033,64148,12906,12847,1192,14039,148
2022-10-23,Lassen,035,31185,10001,9977,1001,10978,65
2022-10-23,Los Angeles,037,10098052,3301608,3289814,184366,3474180,33533
2022-10-23,Madera,039,155013,44281,44121,8296,52417,375
2022-10-23,Marin,041,260295,45770,45521,5331,50852,314
2022-10-23,Mariposa,043,17540,3126,3096,345,3441,31
2022-10-23,Mendocino,045,87422,16177,16059,4528,20587,136
2022-10-23,Merced,047,269075,73033,72442,11937,84379,869
2022-10-23,Modoc,049,8938,884,883,326,1209,11
2022-10-23,Mono,051,14174,3219,3212,260,3472,7
2022-10-23,Monterey,053,433212,94598,94275,21233,115508,768
2022-10-23,Napa,055,140530,32414,32395,1415,33810,160
2022-10-23,Nevada,057,99092,19146,19056,1883,20939,132
2022-10-23,Orange,059,3164182,672167,669923,64915,734838,7536
2022-10-23,Placer,061,380077,76500,76022,9642,85664,662
2022-10-23,Plumas,063,18699,3716,3691,441,4132,13
2022-10-23,Riverside,065,2383286,699016,697500,35727,733227,6569
2022-10-23,Sacramento,067,1510023,349745,348260,34671,382931,3337
2022-10-23,San Benito,069,59416,16431,16251,985,17236,107
2022-10-23,San Bernardino,071,2135413,674573,673189,31181,704370,8152
2022-10-23,San Diego,073,3302833,929696,928182,72907,1001089,5517
2022-10-23,San Francisco,075,870044,181217,179967,12195,192162,1056
2022-10-23,San Joaquin,077,732212,198981,198041,15083,213124,2336
2022-10-23,San Luis Obispo,079,281455,63669,63410,7231,70641,525
2022-10-23,San Mateo,081,765935,170735,169484,10540,180024,732
2022-10-23,Santa Barbara,083,443738,106459,106125,6919,113044,726
2022-10-23,Santa Clara,085,1922200,440486,434684,19319,454003,2523
2022-10-23,Santa Cruz,087,273765,63989,63592,3513,67105,275
2022-10-23,Shasta,089,179085,35220,35031,7605,42636,595
2022-10-23,Sierra,091,2930,308,305,60,365,5
2022-10-23,Siskiyou,093,43540,5182,5298,3335,8633,94
2022-10-23,Solano,095,438530,106232,105561,7976,113537,466
2022-10-23,Sonoma,097,501317,107822,107436,5334,112770,527
2022-10-23,Stanislaus,099,539301,138599,138223,21685,159908,1785
2022-10-23,Sutter,101,95872,24428,24393,2466,26859,233
2022-10-23,Tehama,103,63373,13718,13647,3106,16753,209
2022-10-23,Trinity,105,12862,1401,1396,412,1808,20
2022-10-23,Tulare,107,460477,122441,122035,36640,158675,1540
2022-10-23,Tuolumne,109,53932,15703,15626,926,16552,196
2022-10-23,Ventura,111,848112,210000,209427,15889,225316,1571
2022-10-23,Yolo,113,214977,47770,47611,4391,52002,346
2022-10-23,Yuba,115,75493,19026,18969,1736,20705,130
2022-10-22,Alameda,001,1643700,351068,349337,19973,369310,2031
2022-10-22,Alpine,002,1148,136,136,1,137,0
2022-10-22,Amador,005,37829,10050,10025,933,10958,94
2022-10-22,Butte,007,227075,39754,39607,9214,48821,456
2022-10-22,Calaveras,009,45235,8566,8541,569,9110,135
2022-10-22,Colusa,011,21464,3812,3807,1288,5095,22
2022-10-22,Contra Costa,013,1133247,253854,251722,20927,272649,1444
2022-10-22,Del Norte,015,27424,7478,7450,401,7851,56
2022-10-22,El Dorado,017,186661,32557,32443,4304,36747,232
2022-10-22,Fresno,019,978130,279768,275502,31983,307485,2893
2022-10-22,Glenn,021,27897,5549,5543,1873,7416,48
2022-10-22,Humboldt,023,135768,22118,21979,5136,27115,160
2022-10-22,Imperial,025,180216,65989,65801,16062,81863,961
2022-10-22,Inyo,027,18085,4511,4497,1029,5526,60
2022-10-22,Kern,029,883053,220239,219679,64752,284431,2424
2022-10-22,Kings,031,150075,59742,59632,4126,63758,460
2022-10-22,Lake,033,64148,12904,12847,1191,14038,148
2022-10-22,Lassen,035,31185,10001,9977,1000,10977,65
2022-10-22,Los Angeles,037,10098052,3301091,3289814,184277,3474091,33533
2022-10-22,Madera,039,155013,44273,44121,8295,52416,375
2022-10-22,Marin,041,260295,45750,45521,5327,50848,314
2022-10-22,Mariposa,043,17540,3126,3096,345,3441,31
2022-10-22,Mendocino,045,87422,16176,16059,4528,20587,136
2022-10-22,Merced,047,269075,73023,72442,11937,84379,869
2022-10-22,Modoc,049,8938,884,883,326,1209,11
2022-10-22,Mono,051,14174,3218,3212,260,3472,7
2022-10-22,Monterey,053,433212,94586,94275,21224,115499,768
2022-10-22,Napa,055,140530,32410,32395,1415,33810,160
2022-10-22,Nevada,057,99092,19142,19056,1883,20939,132
2022-10-22,Orange,059,3164182,672074,669923,64871,734794,7536
2022-10-22,Placer,061,380077,76480,76022,9637,85659,662
2022-10-22,Plumas,063,18699,3716,3691,441,4132,13
2022-10-22,Riverside,065,2383286,698921,697500,35709,733209,6569
2022-10-22,Sacramento,067,1510023,349669,348260,34660,382920,3337
2022-10-22,San Benito,069,59416,16423,16251,985,17236,107
2022-10-22,San Bernardino,071,2135413,674494,673189,31175,704364,8152
2022-10-22,San Diego,073,3302833,929565,928182,72884,1001066,5517
2022-10-22,San Francisco,075,870044,181165,179967,12192,192159,1056
2022-10-22,San Joaquin,077,732212,198957,198041,15076,213117,2336
2022-10-22,San Luis Obispo,079,281455,63665,63410,7230,70640,525
2022-10-22,San Mateo,081,765935,170679,169484,10537,180021,732
2022-10-22,Santa Barbara,083,443738,106446,106125,6916,113041,726
2022-10-22,Santa Clara,085,1922200,440353,434684,19310,453994,2523
2022-10-22,Santa Cruz,087,273765,63976,63592,3513,67105,275
2022-10-22,Shasta,089,179085,35215,35031,7601,42632,595
2022-10-22,Sierra,091,2930,308,305,60,365,5
2022-10-22,Siskiyou,093,43540,5178,5298,3335,8633,94
2022-10-22,Solano,095,438530,106211,105561,7976,113537,466
2022-10-22,Sonoma,097,501317,107809,107436,5333,112769,527
2022-10-22,Stanislaus,099,539301,138581,138223,21682,159905,1785
2022-10-22,Sutter,101,95872,24426,24393,2466,26859,233
2022-10-22,Tehama,103,63373,13714,13647,3104,16751,209
2022-10-22,Trinity,105,12862,1401,1396,412,1808,20
2022-10-22,Tulare,107,460477,122430,122035,36629,158664,1540
2022-10-22,Tuolumne,109,53932,15701,15626,926,16552,196
2022-10-22,Ventura,111,848112,209975,209427,15884,225311,1571
2022-10-22,Yolo,113,214977,47760,47611,4391,52002,346
2022-10-22,Yuba,115,75493,19019,18969,1735,20704,130
2022-10-21,Alameda,001,1643700,350987,349337,19966,369303,2031
2022-10-21,Alpine,002,1148,136,136,1,137,0
2022-10-21,Amador,005,37829,10049,10025,933,10958,94
2022-10-21,Butte,007,227075,39742,39607,9209,48816,456
2022-10-21,Calaveras,009,45235,8566,8541,569,9110,135
2022-10-21,Colusa,011,21464,3811,3807,1288,5095,22
2022-10-21,Contra Costa,013,1133247,253787,251722,20918,272640,1444
2022-10-21,Del Norte,015,27424,7478,7450,401,7851,56
2022-10-21,El Dorado,017,186661,32547,32443,4302,36745,232
2022-10-21,Fresno,019,978130,279732,275502,31978,307480,2893
2022-10-21,Glenn,021,27897,5549,5543,1872,7415,48
2022-10-21,Humboldt,023,135768,22110,21979,5133,27112,160
2022-10-21,Imperial,025,180216,65984,65801,16056,81857,961
2022-10-21,Inyo,027,18085,4511,4497,1029,5526,60
2022-10-21,Kern,029,883053,220218,219679,64732,284411,2424
2022-10-21,Kings,031,150075,59736,59632,4126,63758,460
2022-10-21,Lake,033,64148,12903,12847,1191,14038,148
2022-10-21,Lassen,035,31185,9999,9977,1000,10977,65
2022-10-21,Los Angeles,037,10098052,3300530,3289814,184154,3473968,33533
2022-10-21,Madera,039,155013,44266,44121,8292,52413,375
2022-10-21,Marin,041,260295,45730,45521,5325,50846,314
2022-10-21,Mariposa,043,17540,3125,3096,345,3441,31
2022-10-21,Mendocino,045,87422,16169,16059,4528,20587,136
2022-10-21,Merced,047,269075,73017,72442,11936,84378,869
2022-10-21,Modoc,049,8938,884,883,326,1209,11
2022-10-21,Mono,051,14174,3218,3212,260,3472,7
2022-10-21,Monterey,053,433212,94569,94275,21222,115497,768
2022-10-21,Napa,055,140530,32408,32395,1415,33810,160
2022-10-21,Nevada,057,99092,19138,19056,1882,20938,132
2022-10-21,Orange,059,3164182,671955,669923,64833,734756,7536
2022-10-21,Placer,061,380077,76459,76022,9632,85654,662
2022-10-21,Plumas,063,18699,3715,3691,441,4132,13
2022-10-21,Riverside,065,2383286,698831,697500,35696,733196,6569
2022-10-21,Sacramento,067,1510023,349597,348260,34653,382913,3337
2022-10-21,San Benito,069,59416,16421,16251,984,17235,107
2022-10-21,San Bernardino,071,2135413,674418,673189,31167,704356,8152
2022-10-21,San Diego,073,3302833,929415,928182,72862,1001044,5517
2022-10-21,San Francisco,075,870044,181126,179967,12188,192155,1056
2022-10-21,San Joaquin,077,732212,198930,198041,15072,213113,2336
2022-10-21,San Luis Obispo,079,281455,63657,63410,7230,70640,525
2022-10-21,San Mateo,081,765935,170636,169484,10534,180018,732
2022-10-21,Santa Barbara,083,443738,106432,106125,6916,113041,726
2022-10-21,Santa Clara,085,1922200,440221,434684,19301,453985,2523
2022-10-21,Santa Cruz,087,273765,63961,63592,3513,67105,275
2022-10-21,Shasta,089,179085,35208,35031,7594,42625,595
2022-10-21,Sierra,091,2930,308,305,60,365,5
2022-10-21,Siskiyou,093,43540,5178,5298,3335,8633,94
2022-10-21,Solano,095,438530,106188,105561,7975,113536,466
2022-10-21,Sonoma,097,501317,107785,107436,5331,112767,527
2022-10-21,Stanislaus,099,539301,138566,138223,21680,159903,1785
2022-10-21,Sutter,101,95872,24419,24393,2466,26859,233
2022-10-21,Tehama,103,63373,13710,13647,3104,16751,209
2022-10-21,Trinity,105,12862,1401,1396,411,1807,20
2022-10-21,Tulare,107,460477,122423,122035,36623,158658,1540
2022-10-21,Tuolumne,109,53932,15695,15626,926,16552,196
2022-10-21,Ventura,111,848112,209945,209427,15881,225308,1571
2022-10-21,Yolo,113,214977,47750,47611,4390,52001,346
2022-10-21,Yuba,115,75493,19009,18969,1735,20704,130
2022-10-20,Alameda,001,1643700,350848,349337,19961,369298,2031
2022-10-20,Alpine,002,1148,136,136,1,137,0
2022-10-20,Amador,005,37829,10044,10025,933,10958,94
2022-10-20,Butte,007,227075,39735,39607,9207,48814,456
2022-10-20,Calaveras,009,45235,8565,8541,568,9109,135
2022-10-20,Colusa,011,21464,3811,3807,1287,5094,22
2022-10-20,Contra Costa,013,1133247,253686,251722,20914,272636,1444
2022-10-20,Del Norte,015,27424,7478,7450,400,7850,56
2022-10-20,El Dorado,017,186661,32531,32443,4300,36743,232
2022-10-20,Fresno,019,978130,279681,275502,31970,307472,2893
2022-10-20,Glenn,021,27897,5549,5543,1872,7415,48
2022-10-20,Humboldt,023,135768,22104,21979,5127,27106,160
2022-10-20,Imperial,025,180216,65975,65801,16045,81846,961
2022-10-20,Inyo,027,18085,4506,4497,1026,5523,60
2022-10-20,Kern,029,883053,220180,219679,64686,284365,2424
2022-10-20,Kings,031,150075,59721,59632,4124,63756,460
2022-10-20,Lake,033,64148,12899,12847,1191,14038,148
2022-10-20,Lassen,035,31185,9996,9977,1000,10977,65
2022-10-20,Los Angeles,037,10098052,3299782,3289814,184026,3473840,33533
2022-10-20,Madera,039,155013,44254,44121,8292,52413,375
2022-10-20,Marin,041,260295,45713,45521,5324,50845,314
2022-10-20,Mariposa,043,17540,3124,3096,344,3440,31
2022-10-20,Mendocino,045,87422,16164,16059,4527,20586,136
2022-10-20,Merced,047,269075,73008,72442,11936,84378,869
2022-10-20,Modoc,049,8938,883,883,325,1208,11
2022-10-20,Mono,051,14174,3218,3212,260,3472,7
2022-10-20,Monterey,053,433212,94553,94275,21209,115484,768
2022-10-20,Napa,055,140530,32402,32395,1415,33810,160
2022-10-20,Nevada,057,99092,19136,19056,1876,20932,132
2022-10-20,Orange,059,3164182,671821,669923,64779,734702,7536
2022-10-20,Placer,061,380077,76428,76022,9628,85650,662
2022-10-20,Plumas,063,18699,3714,3691,441,4132,13
2022-10-20,Riverside,065,2383286,698704,697500,35677,733177,6569
2022-10-20,Sacramento,067,1510023,349459,348260,34634,382894,3337
2022-10-20,San Benito,069,59416,16418,16251,983,17234,107
2022-10-20,San Bernardino,071,2135413,674309,673189,31150,704339,8152
2022-10-20,San Diego,073,3302833,929220,928182,72821,1001003,5517
2022-10-20,San Francisco,075,870044,181064,179967,12182,192149,1056
2022-10-20,San Joaquin,077,732212,198897,198041,15064,213105,2336
2022-10-20,San Luis Obispo,079,281455,63647,63410,7225,70635,525
2022-10-20,San Mateo,081,765935,170565,169484,10532,180016,732
2022-10-20,Santa Barbara,083,443738,106410,106125,6914,113039,726
2022-10-20,Santa Clara,085,1922200,440073,434684,19286,453970,2523
2022-10-20,Santa Cruz,087,273765,63923,63592,3512,67104,275
2022-10-20,Shasta,089,179085,35198,35031,7579,42610,595
2022-10-20,Sierra,091,2930,308,305,60,365,5
2022-10-20,Siskiyou,093,43540,5176,5298,3335,8633,94
2022-10-20,Solano,095,438530,106152,105561,7972,113533,466
2022-10-20,Sonoma,097,501317,107751,107436,5331,112767,527
2022-10-20,Stanislaus,099,539301,138529,138223,21677,159900,1785
2022-10-20,Sutter,101,95872,24415,24393,2466,26859,233
2022-10-20,Tehama,103,63373,13704,13647,3100,16747,209
2022-10-20,Trinity,105,12862,1401,1396,411,1807,20
2022-10-20,Tulare,107,460477,122408,122035,36617,158652,1540
2022-10-20,Tuolumne,109,53932,15689,15626,926,16552,196
2022-10-20,Ventura,111,848112,209906,209427,15872,225299,1571
2022-10-20,Yolo,113,214977,47740,47611,4386,51997,346
2022-10-20,Yuba,115,75493,19003,18969,1735,20704,130
2022-10-19,Alameda,001,1643700,350713,349337,19949,369286,2031
2022-10-19,Alpine,002,1148,136,136,1,137,0
2022-10-19,Amador,005,37829,10042,10025,932,10957,94
2022-10-19,Butte,007,227075,39728,39607,9204,48811,456
2022-10-19,Calaveras,009,45235,8563,8541,568,9109,135
2022-10-19,Colusa,011,21464,3810,3807,1287,5094,22
2022-10-19,Contra Costa,013,1133247,253603,251722,20898,272620,1444
2022-10-19,Del Norte,015,27424,7478,7450,400,7850,56
2022-10-19,El Dorado,017,186661,32516,32443,4298,36741,232
2022-10-19,Fresno,019,978130,279618,275502,31955,307457,2893
2022-10-19,Glenn,021,27897,5546,5543,1872,7415,48
2022-10-19,Humboldt,023,135768,22088,21979,5117,27096,160
2022-10-19,Imperial,025,180216,65959,65801,16034,81835,961
2022-10-19,Inyo,027,18085,4506,4497,1024,5521,60
2022-10-19,Kern,029,883053,220132,219679,64645,284324,2424
2022-10-19,Kings,031,150075,59708,59632,4124,63756,460
2022-10-19,Lake,033,64148,12894,12847,1190,14037,148
2022-10-19,Lassen,035,31185,9993,9977,999,10976,65
2022-10-19,Los Angeles,037,10098052,3298953,3289814,183888,3473702,33533
2022-10-19,Madera,039,155013,44246,44121,8291,52412,375
2022-10-19,Marin,041,260295,45691,45521,5323,50844,314
2022-10-19,Mariposa,043,17540,3121,3096,344,3440,31
2022-10-19,Mendocino,045,87422,16159,16059,4525,20584,136
2022-10-19,Merced,047,269075,72990,72442,11933,84375,869
2022-10-19,Modoc,049,8938,883,883,325,1208,11
2022-10-19,Mono,051,14174,3217,3212,259,3471,7
2022-10-19,Monterey,053,433212,94539,94275,21202,115477,768
2022-10-19,Napa,055,140530,32395,32395,1414,33809,160
2022-10-19,Nevada,057,99092,19131,19056,1874,20930,132
2022-10-19,Orange,059,3164182,671612,669923,64720,734643,7536
2022-10-19,Placer,061,380077,76401,76022,9623,85645,662
2022-10-19,Plumas,063,18699,3711,3691,441,4132,13
2022-10-19,Riverside,065,2383286,698583,697500,35655,733155,6569
2022-10-19,Sacramento,067,1510023,349353,348260,34619,382879,3337
2022-10-19,San Benito,069,59416,16414,16251,983,17234,107
2022-10-19,San Bernardino,071,2135413,674176,673189,31144,704333,8152
2022-10-19,San Diego,073,3302833,928963,928182,72775,1000957,5517
2022-10-19,San Francisco,075,870044,180984,179967,12176,192143,1056
2022-10-19,San Joaquin,077,732212,198854,198041,15054,213095,2336
2022-10-19,San Luis Obispo,079,281455,63633,63410,7224,70634,525
2022-10-19,San Mateo,081,765935,170499,169484,10524,180008,732
2022-10-19,Santa Barbara,083,443738,106381,106125,6912,113037,726
2022-10-19,Santa Clara,085,1922200,439917,434684,19275,453959,2523
2022-10-19,Santa Cruz,087,273765,63874,63592,3511,67103,275
2022-10-19,Shasta,089,179085,35189,35031,7565,42596,595
2022-10-19,Sierra,091,2930,308,305,60,365,5
2022-10-19,Siskiyou,093,43540,5175,5298,3332,8630,94
2022-10-19,Solano,095,438530,106120,105561,7970,113531,466
2022-10-19,Sonoma,097,501317,107718,107436,5328,112764,527
2022-10-19,Stanislaus,099,539301,138496,138223,21674,159897,1785
2022-10-19,Sutter,101,95872,24412,24393,2466,26859,233
2022-10-19,Tehama,103,63373,13699,13647,3098,16745,209
2022-10-19,Trinity,105,12862,1400,1396,411,1807,20
2022-10-19,Tulare,107,460477,122397,122035,36597,158632,1540
2022-10-19,Tuolumne,109,53932,15685,15626,926,16552,196
2022-10-19,Ventura,111,848112,209863,209427,15859,225286,1571
2022-10-19,Yolo,113,214977,47730,47611,4378,51989,346
2022-10-19,Yuba,115,75493,18994,18969,1734,20703,130
2022-10-18,Alameda,001,1643700,350588,349337,19935,369272,2031
2022-10-18,Alpine,002,1148,136,136,1,137,0
2022-10-18,Amador,005,37829,10039,10025,930,10955,94
2022-10-18,Butte,007,227075,39719,39607,9204,48811,456
2022-10-18,Calaveras,009,45235,8558,8541,567,9108,135
2022-10-18,Colusa,011,21464,3809,3807,1285,5092,22
2022-10-18,Contra Costa,013,1133247,253513,251722,20894,272616,1444
2022-10-18,Del Norte,015,27424,7474,7450,400,7850,56
2022-10-18,El Dorado,017,186661,32499,32443,4293,36736,232
2022-10-18,Fresno,019,978130,279561,275502,31942,307444,2893
2022-10-18,Glenn,021,27897,5546,5543,1872,7415,48
2022-10-18,Humboldt,023,135768,22075,21979,5114,27093,160
2022-10-18,Imperial,025,180216,65938,65801,16018,81819,961
2022-10-18,Inyo,027,18085,4506,4497,1021,5518,60
2022-10-18,Kern,029,883053,220086,219679,64607,284286,2424
2022-10-18,Kings,031,150075,59693,59632,4122,63754,460
2022-10-18,Lake,033,64148,12888,12847,1190,14037,148
2022-10-18,Lassen,035,31185,9990,9977,999,10976,65
2022-10-18,Los Angeles,037,10098052,3298145,3289814,183754,3473568,33533
2022-10-18,Madera,039,155013,44237,44121,8289,52410,375
2022-10-18,Marin,041,260295,45665,45521,5321,50842,314
2022-10-18,Mariposa,043,17540,3119,3096,344,3440,31
2022-10-18,Mendocino,045,87422,16148,16059,4525,20584,136
2022-10-18,Merced,047,269075,72971,72442,11926,84368,869
2022-10-18,Modoc,049,8938,883,883,325,1208,11
2022-10-18,Mono,051,14174,3216,3212,259,3471,7
2022-10-18,Monterey,053,433212,94511,94275,21194,115469,768
2022-10-18,Napa,055,140530,32390,32395,1414,33809,160
2022-10-18,Nevada,057,99092,19125,19056,1874,20930,132
2022-10-18,Orange,059,3164182,671434,669923,64636,734559,7536
2022-10-18,Placer,061,380077,76370,76022,9620,85642,662
2022-10-18,Plumas,063,18699,3710,3691,441,4132,13
2022-10-18,Riverside,065,2383286,698435,697500,35638,733138,6569
2022-10-18,Sacramento,067,1510023,349231,348260,34599,382859,3337
2022-10-18,San Benito,069,59416,16409,16251,980,17231,107
2022-10-18,San Bernardino,071,2135413,674066,673189,31124,704313,8152
2022-10-18,San Diego,073,3302833,928665,928182,72727,1000909,5517
2022-10-18,San Francisco,075,870044,180900,179967,12174,192141,1056
2022-10-18,San Joaquin,077,732212,198818,198041,15041,213082,2336
2022-10-18,San Luis Obispo,079,281455,63609,63410,7222,70632,525
2022-10-18,San Mateo,081,765935,170422,169484,10520,180004,732
2022-10-18,Santa Barbara,083,443738,106355,106125,6909,113034,726
2022-10-18,Santa Clara,085,1922200,439745,434684,19256,453940,2523
2022-10-18,Santa Cruz,087,273765,63852,63592,3508,67100,275
2022-10-18,Shasta,089,179085,35182,35031,7561,42592,595
2022-10-18,Sierra,091,2930,308,305,60,365,5
2022-10-18,Siskiyou,093,43540,5175,5298,3330,8628,94
2022-10-18,Solano,095,438530,106082,105561,7965,113526,466
2022-10-18,Sonoma,097,501317,107675,107436,5321,112757,527
2022-10-18,Stanislaus,099,539301,138472,138223,21667,159890,1785
2022-10-18,Sutter,101,95872,24407,24393,2466,26859,233
2022-10-18,Tehama,103,63373,13692,13647,3095,16742,209
2022-10-18,Trinity,105,12862,1400,1396,408,1804,20
2022-10-18,Tulare,107,460477,122378,122035,36579,158614,1540
2022-10-18,Tuolumne,109,53932,15680,15626,926,16552,196
2022-10-18,Ventura,111,848112,209801,209427,15848,225275,1571
2022-10-18,Yolo,113,214977,47721,47611,4375,51986,346
2022-10-18,Yuba,115,75493,18987,18969,1734,20703,130
2022-10-17,Alameda,001,1643700,350435,348487,19930,368417,2027
2022-10-17,Alpine,002,1148,136,135,1,136,0
2022-10-17,Amador,005,37829,10035,10013,930,10943,93
2022-10-17,Butte,007,227075,39704,39567,9202,48769,456
2022-10-17,Calaveras,009,45235,8554,8523,567,9090,133
2022-10-17,Colusa,011,21464,3809,3805,1285,5090,22
2022-10-17,Contra Costa,013,1133247,253406,250897,20887,271784,1440
2022-10-17,Del Norte,015,27424,7474,7440,400,7840,56
2022-10-17,El Dorado,017,186661,32486,32373,4291,36664,231
2022-10-17,Fresno,019,978130,279494,275035,31919,306954,2873
2022-10-17,Glenn,021,27897,5543,5532,1872,7404,48
2022-10-17,Humboldt,023,135768,22062,21914,5102,27016,159
2022-10-17,Imperial,025,180216,65920,65691,15992,81683,958
2022-10-17,Inyo,027,18085,4506,4492,1020,5512,60
2022-10-17,Kern,029,883053,220041,219487,64569,284056,2420
2022-10-17,Kings,031,150075,59682,59560,4121,63681,459
2022-10-17,Lake,033,64148,12885,12815,1189,14004,146
2022-10-17,Lassen,035,31185,9988,9970,999,10969,65
2022-10-17,Los Angeles,037,10098052,3297248,3285385,183602,3468987,33525
2022-10-17,Madera,039,155013,44232,44078,8288,52366,375
2022-10-17,Marin,041,260295,45647,45378,5318,50696,315
2022-10-17,Mariposa,043,17540,3117,3091,344,3435,31
2022-10-17,Mendocino,045,87422,16142,16023,4524,20547,136
2022-10-17,Merced,047,269075,72953,72326,11925,84251,868
2022-10-17,Modoc,049,8938,883,882,325,1207,11
2022-10-17,Mono,051,14174,3216,3206,259,3465,7
2022-10-17,Monterey,053,433212,94487,94183,21188,115371,768
2022-10-17,Napa,055,140530,32381,32326,1413,33739,161
2022-10-17,Nevada,057,99092,19120,19023,1871,20894,132
2022-10-17,Orange,059,3164182,671261,668814,64574,733388,7473
2022-10-17,Placer,061,380077,76340,75902,9607,85509,660
2022-10-17,Plumas,063,18699,3705,3682,439,4121,13
2022-10-17,Riverside,065,2383286,698277,696402,35614,732016,6561
2022-10-17,Sacramento,067,1510023,349093,347495,34586,382081,3324
2022-10-17,San Benito,069,59416,16397,16223,979,17202,107
2022-10-17,San Bernardino,071,2135413,673932,672221,31104,703325,8148
2022-10-17,San Diego,073,3302833,928363,926574,72678,999252,5507
2022-10-17,San Francisco,075,870044,180817,179482,12171,191653,1048
2022-10-17,San Joaquin,077,732212,198771,197672,15034,212706,2322
2022-10-17,San Luis Obispo,079,281455,63594,63321,7221,70542,524
2022-10-17,San Mateo,081,765935,170358,168944,10520,179464,732
2022-10-17,Santa Barbara,083,443738,106335,105931,6906,112837,726
2022-10-17,Santa Clara,085,1922200,439526,433458,19245,452703,2513
2022-10-17,Santa Cruz,087,273765,63803,63316,3507,66823,273
2022-10-17,Shasta,089,179085,35160,34971,7555,42526,595
2022-10-17,Sierra,091,2930,306,305,60,365,5
2022-10-17,Siskiyou,093,43540,5172,5287,3327,8614,92
2022-10-17,Solano,095,438530,106044,105287,7962,113249,465
2022-10-17,Sonoma,097,501317,107635,107199,5317,112516,520
2022-10-17,Stanislaus,099,539301,138442,137994,21659,159653,1782
2022-10-17,Sutter,101,95872,24406,24357,2466,26823,233
2022-10-17,Tehama,103,63373,13688,13624,3094,16718,209
2022-10-17,Trinity,105,12862,1400,1396,408,1804,20
2022-10-17,Tulare,107,460477,122360,121902,36567,158469,1538
2022-10-17,Tuolumne,109,53932,15673,15586,925,16511,196
2022-10-17,Ventura,111,848112,209758,209051,15842,224893,1571
2022-10-17,Yolo,113,214977,47698,47498,4369,51867,343
2022-10-17,Yuba,115,75493,18981,18934,1734,20668,129
2022-10-16,Alameda,001,1643700,350268,348487,19912,368399,2027
2022-10-16,Alpine,002,1148,136,135,1,136,0
2022-10-16,Amador,005,37829,10033,10013,930,10943,93
2022-10-16,Butte,007,227075,39684,39567,9196,48763,456
2022-10-16,Calaveras,009,45235,8553,8523,566,9089,133
2022-10-16,Colusa,011,21464,3808,3805,1285,5090,22
2022-10-16,Contra Costa,013,1133247,253282,250897,20885,271782,1440
2022-10-16,Del Norte,015,27424,7473,7440,400,7840,56
2022-10-16,El Dorado,017,186661,32471,32373,4287,36660,231
2022-10-16,Fresno,019,978130,279406,275035,31901,306936,2873
2022-10-16,Glenn,021,27897,5542,5532,1872,7404,48
2022-10-16,Humboldt,023,135768,22043,21914,5088,27002,159
2022-10-16,Imperial,025,180216,65887,65691,15976,81667,958
2022-10-16,Inyo,027,18085,4505,4492,1017,5509,60
2022-10-16,Kern,029,883053,219994,219487,64523,284010,2420
2022-10-16,Kings,031,150075,59671,59560,4120,63680,459
2022-10-16,Lake,033,64148,12881,12815,1189,14004,146
2022-10-16,Lassen,035,31185,9987,9970,999,10969,65
2022-10-16,Los Angeles,037,10098052,3296328,3285385,183446,3468831,33525
2022-10-16,Madera,039,155013,44218,44078,8286,52364,375
2022-10-16,Marin,041,260295,45625,45378,5317,50695,315
2022-10-16,Mariposa,043,17540,3116,3091,344,3435,31
2022-10-16,Mendocino,045,87422,16133,16023,4522,20545,136
2022-10-16,Merced,047,269075,72933,72326,11924,84250,868
2022-10-16,Modoc,049,8938,883,882,325,1207,11
2022-10-16,Mono,051,14174,3215,3206,259,3465,7
2022-10-16,Monterey,053,433212,94459,94183,21177,115360,768
2022-10-16,Napa,055,140530,32372,32326,1413,33739,161
2022-10-16,Nevada,057,99092,19116,19023,1869,20892,132
2022-10-16,Orange,059,3164182,671062,668814,64520,733334,7473
2022-10-16,Placer,061,380077,76315,75902,9602,85504,660
2022-10-16,Plumas,063,18699,3701,3682,439,4121,13
2022-10-16,Riverside,065,2383286,698107,696402,35586,731988,6561
2022-10-16,Sacramento,067,1510023,348913,347495,34560,382055,3324
2022-10-16,San Benito,069,59416,16393,16223,978,17201,107
2022-10-16,San Bernardino,071,2135413,673770,672221,31097,703318,8148
2022-10-16,San Diego,073,3302833,928043,926574,72628,999202,5507
2022-10-16,San Francisco,075,870044,180708,179482,12161,191643,1048
2022-10-16,San Joaquin,077,732212,198695,197672,15027,212699,2322
2022-10-16,San Luis Obispo,079,281455,63569,63321,7218,70539,524
2022-10-16,San Mateo,081,765935,170256,168944,10518,179462,732
2022-10-16,Santa Barbara,083,443738,106306,105931,6904,112835,726
2022-10-16,Santa Clara,085,1922200,439332,433458,19231,452689,2513
2022-10-16,Santa Cruz,087,273765,63717,63316,3503,66819,273
2022-10-16,Shasta,089,179085,35144,34971,7546,42517,595
2022-10-16,Sierra,091,2930,306,305,60,365,5
2022-10-16,Siskiyou,093,43540,5169,5287,3327,8614,92
2022-10-16,Solano,095,438530,105997,105287,7961,113248,465
2022-10-16,Sonoma,097,501317,107584,107199,5311,112510,520
2022-10-16,Stanislaus,099,539301,138412,137994,21658,159652,1782
2022-10-16,Sutter,101,95872,24400,24357,2462,26819,233
2022-10-16,Tehama,103,63373,13683,13624,3093,16717,209
2022-10-16,Trinity,105,12862,1400,1396,408,1804,20
2022-10-16,Tulare,107,460477,122335,121902,36554,158456,1538
2022-10-16,Tuolumne,109,53932,15671,15586,925,16511,196
2022-10-16,Ventura,111,848112,209688,209051,15835,224886,1571
2022-10-16,Yolo,113,214977,47682,47498,4358,51856,343
2022-10-16,Yuba,115,75493,18976,18934,1734,20668,129
2022-10-15,Alameda,001,1643700,350170,348487,19900,368387,2027
2022-10-15,Alpine,002,1148,136,135,1,136,0
2022-10-15,Amador,005,37829,10031,10013,930,10943,93
2022-10-15,Butte,007,227075,39681,39567,9192,48759,456
2022-10-15,Calaveras,009,45235,8550,8523,566,9089,133
2022-10-15,Colusa,011,21464,3808,3805,1285,5090,22
2022-10-15,Contra Costa,013,1133247,253210,250897,20883,271780,1440
2022-10-15,Del Norte,015,27424,7473,7440,400,7840,56
2022-10-15,El Dorado,017,186661,32461,32373,4287,36660,231
2022-10-15,Fresno,019,978130,279379,275035,31899,306934,2873
2022-10-15,Glenn,021,27897,5541,5532,1872,7404,48
2022-10-15,Humboldt,023,135768,22035,21914,5080,26994,159
2022-10-15,Imperial,025,180216,65880,65691,15970,81661,958
2022-10-15,Inyo,027,18085,4505,4492,1017,5509,60
2022-10-15,Kern,029,883053,219968,219487,64488,283975,2420
2022-10-15,Kings,031,150075,59657,59560,4120,63680,459
2022-10-15,Lake,033,64148,12881,12815,1189,14004,146
2022-10-15,Lassen,035,31185,9986,9970,999,10969,65
2022-10-15,Los Angeles,037,10098052,3295857,3285385,183355,3468740,33525
2022-10-15,Madera,039,155013,44215,44078,8286,52364,375
2022-10-15,Marin,041,260295,45608,45378,5315,50693,315
2022-10-15,Mariposa,043,17540,3116,3091,344,3435,31
2022-10-15,Mendocino,045,87422,16126,16023,4522,20545,136
2022-10-15,Merced,047,269075,72920,72326,11923,84249,868
2022-10-15,Modoc,049,8938,883,882,324,1206,11
2022-10-15,Mono,051,14174,3214,3206,259,3465,7
2022-10-15,Monterey,053,433212,94441,94183,21167,115350,768
2022-10-15,Napa,055,140530,32369,32326,1413,33739,161
2022-10-15,Nevada,057,99092,19112,19023,1867,20890,132
2022-10-15,Orange,059,3164182,670956,668814,64485,733299,7473
2022-10-15,Placer,061,380077,76301,75902,9601,85503,660
2022-10-15,Plumas,063,18699,3700,3682,439,4121,13
2022-10-15,Riverside,065,2383286,698018,696402,35570,731972,6561
2022-10-15,Sacramento,067,1510023,348827,347495,34553,382048,3324
2022-10-15,San Benito,069,59416,16389,16223,977,17200,107
2022-10-15,San Bernardino,071,2135413,673704,672221,31090,703311,8148
2022-10-15,San Diego,073,3302833,927926,926574,72615,999189,5507
2022-10-15,San Francisco,075,870044,180656,179482,12160,191642,1048
2022-10-15,San Joaquin,077,732212,198658,197672,15025,212697,2322
2022-10-15,San Luis Obispo,079,281455,63561,63321,7215,70536,524
2022-10-15,San Mateo,081,765935,170204,168944,10512,179456,732
2022-10-15,Santa Barbara,083,443738,106280,105931,6902,112833,726
2022-10-15,Santa Clara,085,1922200,439226,433458,19225,452683,2513
2022-10-15,Santa Cruz,087,273765,63690,63316,3498,66814,273
2022-10-15,Shasta,089,179085,35137,34971,7544,42515,595
2022-10-15,Sierra,091,2930,306,305,60,365,5
2022-10-15,Siskiyou,093,43540,5168,5287,3325,8612,92
2022-10-15,Solano,095,438530,105980,105287,7955,113242,465
2022-10-15,Sonoma,097,501317,107558,107199,5311,112510,520
2022-10-15,Stanislaus,099,539301,138394,137994,21657,159651,1782
2022-10-15,Sutter,101,95872,24397,24357,2462,26819,233
2022-10-15,Tehama,103,63373,13681,13624,3093,16717,209
2022-10-15,Trinity,105,12862,1400,1396,408,1804,20
2022-10-15,Tulare,107,460477,122323,121902,36542,158444,1538
2022-10-15,Tuolumne,109,53932,15665,15586,925,16511,196
2022-10-15,Ventura,111,848112,209657,209051,15829,224880,1571
2022-10-15,Yolo,113,214977,47673,47498,4356,51854,343
2022-10-15,Yuba,115,75493,18974,18934,1733,20667,129
2022-10-14,Alameda,001,1643700,350095,348487,19888,368375,2027
2022-10-14,Alpine,002,1148,136,135,1,136,0
2022-10-14,Amador,005,37829,10031,10013,930,10943,93
2022-10-14,Butte,007,227075,39673,39567,9188,48755,456
2022-10-14,Calaveras,009,45235,8546,8523,566,9089,133
2022-10-14,Colusa,011,21464,3807,3805,1285,5090,22
2022-10-14,Contra Costa,013,1133247,253148,250897,20880,271777,1440
2022-10-14,Del Norte,015,27424,7473,7440,400,7840,56
2022-10-14,El Dorado,017,186661,32454,32373,4285,36658,231
2022-10-14,Fresno,019,978130,279345,275035,31895,306930,2873
2022-10-14,Glenn,021,27897,5540,5532,1870,7402,48
2022-10-14,Humboldt,023,135768,22033,21914,5076,26990,159
2022-10-14,Imperial,025,180216,65869,65691,15964,81655,958
2022-10-14,Inyo,027,18085,4505,4492,1015,5507,60
2022-10-14,Kern,029,883053,219949,219487,64464,283951,2420
2022-10-14,Kings,031,150075,59650,59560,4120,63680,459
2022-10-14,Lake,033,64148,12879,12815,1189,14004,146
2022-10-14,Lassen,035,31185,9986,9970,999,10969,65
2022-10-14,Los Angeles,037,10098052,3295353,3285385,183259,3468644,33525
2022-10-14,Madera,039,155013,44210,44078,8280,52358,375
2022-10-14,Marin,041,260295,45597,45378,5314,50692,315
2022-10-14,Mariposa,043,17540,3116,3091,344,3435,31
2022-10-14,Mendocino,045,87422,16120,16023,4521,20544,136
2022-10-14,Merced,047,269075,72907,72326,11922,84248,868
2022-10-14,Modoc,049,8938,883,882,324,1206,11
2022-10-14,Mono,051,14174,3214,3206,259,3465,7
2022-10-14,Monterey,053,433212,94421,94183,21163,115346,768
2022-10-14,Napa,055,140530,32361,32326,1413,33739,161
2022-10-14,Nevada,057,99092,19105,19023,1865,20888,132
2022-10-14,Orange,059,3164182,670852,668814,64451,733265,7473
2022-10-14,Placer,061,380077,76285,75902,9597,85499,660
2022-10-14,Plumas,063,18699,3699,3682,439,4121,13
2022-10-14,Riverside,065,2383286,697925,696402,35560,731962,6561
2022-10-14,Sacramento,067,1510023,348755,347495,34548,382043,3324
2022-10-14,San Benito,069,59416,16385,16223,977,17200,107
2022-10-14,San Bernardino,071,2135413,673630,672221,31077,703298,8148
2022-10-14,San Diego,073,3302833,927714,926574,72593,999167,5507
2022-10-14,San Francisco,075,870044,180607,179482,12156,191638,1048
2022-10-14,San Joaquin,077,732212,198625,197672,15021,212693,2322
2022-10-14,San Luis Obispo,079,281455,63551,63321,7213,70534,524
2022-10-14,San Mateo,081,765935,170154,168944,10512,179456,732
2022-10-14,Santa Barbara,083,443738,106265,105931,6902,112833,726
2022-10-14,Santa Clara,085,1922200,439090,433458,19217,452675,2513
2022-10-14,Santa Cruz,087,273765,63658,63316,3497,66813,273
2022-10-14,Shasta,089,179085,35132,34971,7544,42515,595
2022-10-14,Sierra,091,2930,306,305,60,365,5
2022-10-14,Siskiyou,093,43540,5167,5287,3325,8612,92
2022-10-14,Solano,095,438530,105948,105287,7952,113239,465
2022-10-14,Sonoma,097,501317,107538,107199,5310,112509,520
2022-10-14,Stanislaus,099,539301,138371,137994,21652,159646,1782
2022-10-14,Sutter,101,95872,24390,24357,2462,26819,233
2022-10-14,Tehama,103,63373,13677,13624,3092,16716,209
2022-10-14,Trinity,105,12862,1400,1396,408,1804,20
2022-10-14,Tulare,107,460477,122306,121902,36537,158439,1538
2022-10-14,Tuolumne,109,53932,15661,15586,925,16511,196
2022-10-14,Ventura,111,848112,209607,209051,15828,224879,1571
2022-10-14,Yolo,113,214977,47663,47498,4351,51849,343
2022-10-14,Yuba,115,75493,18968,18934,1733,20667,129
2022-10-13,Alameda,001,1643700,349956,348487,19872,368359,2027
2022-10-13,Alpine,002,1148,136,135,1,136,0
2022-10-13,Amador,005,37829,10029,10013,930,10943,93
2022-10-13,Butte,007,227075,39663,39567,9183,48750,456
2022-10-13,Calaveras,009,45235,8544,8523,566,9089,133
2022-10-13,Colusa,011,21464,3807,3805,1285,5090,22
2022-10-13,Contra Costa,013,1133247,253063,250897,20871,271768,1440
2022-10-13,Del Norte,015,27424,7471,7440,400,7840,56
2022-10-13,El Dorado,017,186661,32441,32373,4282,36655,231
2022-10-13,Fresno,019,978130,279302,275035,31887,306922,2873
2022-10-13,Glenn,021,27897,5540,5532,1870,7402,48
2022-10-13,Humboldt,023,135768,22022,21914,5069,26983,159
2022-10-13,Imperial,025,180216,65855,65691,15952,81643,958
2022-10-13,Inyo,027,18085,4504,4492,1015,5507,60
2022-10-13,Kern,029,883053,219917,219487,64426,283913,2420
2022-10-13,Kings,031,150075,59640,59560,4120,63680,459
2022-10-13,Lake,033,64148,12876,12815,1188,14003,146
2022-10-13,Lassen,035,31185,9985,9970,999,10969,65
2022-10-13,Los Angeles,037,10098052,3294618,3285385,183127,3468512,33525
2022-10-13,Madera,039,155013,44202,44078,8277,52355,375
2022-10-13,Marin,041,260295,45568,45378,5310,50688,315
2022-10-13,Mariposa,043,17540,3115,3091,344,3435,31
2022-10-13,Mendocino,045,87422,16114,16023,4521,20544,136
2022-10-13,Merced,047,269075,72891,72326,11918,84244,868
2022-10-13,Modoc,049,8938,883,882,324,1206,11
2022-10-13,Mono,051,14174,3213,3206,258,3464,7
2022-10-13,Monterey,053,433212,94407,94183,21152,115335,768
2022-10-13,Napa,055,140530,32347,32326,1412,33738,161
2022-10-13,Nevada,057,99092,19094,19023,1863,20886,132
2022-10-13,Orange,059,3164182,670700,668814,64402,733216,7473
2022-10-13,Placer,061,380077,76268,75902,9593,85495,660
2022-10-13,Plumas,063,18699,3697,3682,439,4121,13
2022-10-13,Riverside,065,2383286,697801,696402,35544,731946,6561
2022-10-13,Sacramento,067,1510023,348625,347495,34533,382028,3324
2022-10-13,San Benito,069,59416,16384,16223,977,17200,107
2022-10-13,San Bernardino,071,2135413,673534,672221,31071,703292,8148
2022-10-13,San Diego,073,3302833,927510,926574,72569,999143,5507
2022-10-13,San Francisco,075,870044,180515,179482,12153,191635,1048
2022-10-13,San Joaquin,077,732212,198581,197672,15014,212686,2322
2022-10-13,San Luis Obispo,079,281455,63543,63321,7203,70524,524
2022-10-13,San Mateo,081,765935,170061,168944,10511,179455,732
2022-10-13,Santa Barbara,083,443738,106243,105931,6898,112829,726
2022-10-13,Santa Clara,085,1922200,438945,433458,19213,452671,2513
2022-10-13,Santa Cruz,087,273765,63633,63316,3495,66811,273
2022-10-13,Shasta,089,179085,35120,34971,7539,42510,595
2022-10-13,Sierra,091,2930,306,305,60,365,5
2022-10-13,Siskiyou,093,43540,5164,5287,3322,8609,92
2022-10-13,Solano,095,438530,105910,105287,7946,113233,465
2022-10-13,Sonoma,097,501317,107501,107199,5310,112509,520
2022-10-13,Stanislaus,099,539301,138340,137994,21652,159646,1782
2022-10-13,Sutter,101,95872,24385,24357,2462,26819,233
2022-10-13,Tehama,103,63373,13674,13624,3091,16715,209
2022-10-13,Trinity,105,12862,1400,1396,407,1803,20
2022-10-13,Tulare,107,460477,122291,121902,36524,158426,1538
2022-10-13,Tuolumne,109,53932,15654,15586,925,16511,196
2022-10-13,Ventura,111,848112,209559,209051,15822,224873,1571
2022-10-13,Yolo,113,214977,47645,47498,4345,51843,343
2022-10-13,Yuba,115,75493,18962,18934,1733,20667,129
2022-10-12,Alameda,001,1643700,349832,348487,19856,368343,2027
2022-10-12,Alpine,002,1148,135,135,1,136,0
2022-10-12,Amador,005,37829,10027,10013,930,10943,93
2022-10-12,Butte,007,227075,39654,39567,9182,48749,456
2022-10-12,Calaveras,009,45235,8539,8523,566,9089,133
2022-10-12,Colusa,011,21464,3807,3805,1285,5090,22
2022-10-12,Contra Costa,013,1133247,252969,250897,20861,271758,1440
2022-10-12,Del Norte,015,27424,7471,7440,400,7840,56
2022-10-12,El Dorado,017,186661,32431,32373,4281,36654,231
2022-10-12,Fresno,019,978130,279258,275035,31878,306913,2873
2022-10-12,Glenn,021,27897,5539,5532,1870,7402,48
2022-10-12,Humboldt,023,135768,22017,21914,5065,26979,159
2022-10-12,Imperial,025,180216,65834,65691,15943,81634,958
2022-10-12,Inyo,027,18085,4503,4492,1014,5506,60
2022-10-12,Kern,029,883053,219878,219487,64392,283879,2420
2022-10-12,Kings,031,150075,59635,59560,4117,63677,459
2022-10-12,Lake,033,64148,12868,12815,1188,14003,146
2022-10-12,Lassen,035,31185,9982,9970,999,10969,65
2022-10-12,Los Angeles,037,10098052,3293866,3285385,182985,3468370,33525
2022-10-12,Madera,039,155013,44192,44078,8275,52353,375
2022-10-12,Marin,041,260295,45550,45378,5307,50685,315
2022-10-12,Mariposa,043,17540,3114,3091,344,3435,31
2022-10-12,Mendocino,045,87422,16112,16023,4519,20542,136
2022-10-12,Merced,047,269075,72868,72326,11914,84240,868
2022-10-12,Modoc,049,8938,883,882,324,1206,11
2022-10-12,Mono,051,14174,3212,3206,257,3463,7
2022-10-12,Monterey,053,433212,94389,94183,21142,115325,768
2022-10-12,Napa,055,140530,32336,32326,1412,33738,161
2022-10-12,Nevada,057,99092,19086,19023,1862,20885,132
2022-10-12,Orange,059,3164182,670535,668814,64354,733168,7473
2022-10-12,Placer,061,380077,76248,75902,9589,85491,660
2022-10-12,Plumas,063,18699,3695,3682,438,4120,13
2022-10-12,Riverside,065,2383286,697677,696402,35522,731924,6561
2022-10-12,Sacramento,067,1510023,348519,347495,34512,382007,3324
2022-10-12,San Benito,069,59416,16379,16223,975,17198,107
2022-10-12,San Bernardino,071,2135413,673405,672221,31060,703281,8148
2022-10-12,San Diego,073,3302833,927256,926574,72534,999108,5507
2022-10-12,San Francisco,075,870044,180435,179482,12152,191634,1048
2022-10-12,San Joaquin,077,732212,198523,197672,15009,212681,2322
2022-10-12,San Luis Obispo,079,281455,63530,63321,7199,70520,524
2022-10-12,San Mateo,081,765935,169980,168944,10509,179453,732
2022-10-12,Santa Barbara,083,443738,106227,105931,6897,112828,726
2022-10-12,Santa Clara,085,1922200,438764,433458,19204,452662,2513
2022-10-12,Santa Cruz,087,273765,63596,63316,3495,66811,273
2022-10-12,Shasta,089,179085,35106,34971,7532,42503,595
2022-10-12,Sierra,091,2930,306,305,60,365,5
2022-10-12,Siskiyou,093,43540,5164,5287,3319,8606,92
2022-10-12,Solano,095,438530,105867,105287,7943,113230,465
2022-10-12,Sonoma,097,501317,107469,107199,5309,112508,520
2022-10-12,Stanislaus,099,539301,138294,137994,21647,159641,1782
2022-10-12,Sutter,101,95872,24379,24357,2462,26819,233
2022-10-12,Tehama,103,63373,13672,13624,3090,16714,209
2022-10-12,Trinity,105,12862,1400,1396,405,1801,20
2022-10-12,Tulare,107,460477,122267,121902,36503,158405,1538
2022-10-12,Tuolumne,109,53932,15650,15586,925,16511,196
2022-10-12,Ventura,111,848112,209507,209051,15820,224871,1571
2022-10-12,Yolo,113,214977,47625,47498,4341,51839,343
2022-10-12,Yuba,115,75493,18955,18934,1731,20665,129
2022-10-11,Alameda,001,1643700,349668,348487,19848,368335,2027
2022-10-11,Alpine,002,1148,135,135,1,136,0
2022-10-11,Amador,005,37829,10023,10013,930,10943,93
2022-10-11,Butte,007,227075,39639,39567,9182,48749,456
2022-10-11,Calaveras,009,45235,8535,8523,565,9088,133
2022-10-11,Colusa,011,21464,3806,3805,1285,5090,22
2022-10-11,Contra Costa,013,1133247,252855,250897,20856,271753,1440
2022-10-11,Del Norte,015,27424,7466,7440,400,7840,56
2022-10-11,El Dorado,017,186661,32412,32373,4281,36654,231
2022-10-11,Fresno,019,978130,279203,275035,31865,306900,2873
2022-10-11,Glenn,021,27897,5538,5532,1869,7401,48
2022-10-11,Humboldt,023,135768,22011,21914,5055,26969,159
2022-10-11,Imperial,025,180216,65821,65691,15925,81616,958
2022-10-11,Inyo,027,18085,4501,4492,1013,5505,60
2022-10-11,Kern,029,883053,219853,219487,64367,283854,2420
2022-10-11,Kings,031,150075,59621,59560,4112,63672,459
2022-10-11,Lake,033,64148,12864,12815,1186,14001,146
2022-10-11,Lassen,035,31185,9981,9970,999,10969,65
2022-10-11,Los Angeles,037,10098052,3293047,3285385,182855,3468240,33525
2022-10-11,Madera,039,155013,44185,44078,8274,52352,375
2022-10-11,Marin,041,260295,45533,45378,5303,50681,315
2022-10-11,Mariposa,043,17540,3113,3091,344,3435,31
2022-10-11,Mendocino,045,87422,16107,16023,4517,20540,136
2022-10-11,Merced,047,269075,72842,72326,11913,84239,868
2022-10-11,Modoc,049,8938,882,882,324,1206,11
2022-10-11,Mono,051,14174,3212,3206,256,3462,7
2022-10-11,Monterey,053,433212,94379,94183,21134,115317,768
2022-10-11,Napa,055,140530,32332,32326,1411,33737,161
2022-10-11,Nevada,057,99092,19075,19023,1860,20883,132
2022-10-11,Orange,059,3164182,670363,668814,64311,733125,7473
2022-10-11,Placer,061,380077,76218,75902,9587,85489,660
2022-10-11,Plumas,063,18699,3695,3682,437,4119,13
2022-10-11,Riverside,065,2383286,697546,696402,35512,731914,6561
2022-10-11,Sacramento,067,1510023,348360,347495,34494,381989,3324
2022-10-11,San Benito,069,59416,16373,16223,974,17197,107
2022-10-11,San Bernardino,071,2135413,673270,672221,31051,703272,8148
2022-10-11,San Diego,073,3302833,926977,926574,72497,999071,5507
2022-10-11,San Francisco,075,870044,180341,179482,12151,191633,1048
2022-10-11,San Joaquin,077,732212,198478,197672,15004,212676,2322
2022-10-11,San Luis Obispo,079,281455,63508,63321,7187,70508,524
2022-10-11,San Mateo,081,765935,169903,168944,10505,179449,732
2022-10-11,Santa Barbara,083,443738,106198,105931,6895,112826,726
2022-10-11,Santa Clara,085,1922200,438592,433458,19195,452653,2513
2022-10-11,Santa Cruz,087,273765,63554,63316,3493,66809,273
2022-10-11,Shasta,089,179085,35094,34971,7522,42493,595
2022-10-11,Sierra,091,2930,306,305,60,365,5
2022-10-11,Siskiyou,093,43540,5163,5287,3317,8604,92
2022-10-11,Solano,095,438530,105825,105287,7941,113228,465
2022-10-11,Sonoma,097,501317,107427,107199,5305,112504,520
2022-10-11,Stanislaus,099,539301,138262,137994,21643,159637,1782
2022-10-11,Sutter,101,95872,24375,24357,2462,26819,233
2022-10-11,Tehama,103,63373,13671,13624,3087,16711,209
2022-10-11,Trinity,105,12862,1400,1396,404,1800,20
2022-10-11,Tulare,107,460477,122242,121902,36491,158393,1538
2022-10-11,Tuolumne,109,53932,15644,15586,925,16511,196
2022-10-11,Ventura,111,848112,209454,209051,15814,224865,1571
2022-10-11,Yolo,113,214977,47618,47498,4335,51833,343
2022-10-11,Yuba,115,75493,18943,18934,1731,20665,129
2022-10-10,Alameda,001,1643700,349522,347497,19837,367334,2023
2022-10-10,Alpine,002,1148,135,135,1,136,0
2022-10-10,Amador,005,37829,10020,9999,930,10929,93
2022-10-10,Butte,007,227075,39628,39453,9180,48633,454
2022-10-10,Calaveras,009,45235,8535,8511,564,9075,133
2022-10-10,Colusa,011,21464,3805,3794,1285,5079,22
2022-10-10,Contra Costa,013,1133247,252737,250136,20842,270978,1430
2022-10-10,Del Norte,015,27424,7463,7433,399,7832,56
2022-10-10,El Dorado,017,186661,32397,32320,4279,36599,231
2022-10-10,Fresno,019,978130,279145,274628,31854,306482,2865
2022-10-10,Glenn,021,27897,5537,5510,1869,7379,48
2022-10-10,Humboldt,023,135768,21992,21831,5051,26882,159
2022-10-10,Imperial,025,180216,65803,65532,15908,81440,958
2022-10-10,Inyo,027,18085,4500,4489,1011,5500,59
2022-10-10,Kern,029,883053,219811,219191,64327,283518,2418
2022-10-10,Kings,031,150075,59612,59489,4110,63599,458
2022-10-10,Lake,033,64148,12860,12795,1186,13981,147
2022-10-10,Lassen,035,31185,9981,9967,998,10965,65
2022-10-10,Los Angeles,037,10098052,3292173,3278961,182703,3461664,33467
2022-10-10,Madera,039,155013,44173,44029,8270,52299,374
2022-10-10,Marin,041,260295,45515,45190,5299,50489,313
2022-10-10,Mariposa,043,17540,3111,3088,344,3432,31
2022-10-10,Mendocino,045,87422,16094,15992,4514,20506,136
2022-10-10,Merced,047,269075,72824,72236,11907,84143,865
2022-10-10,Modoc,049,8938,882,876,324,1200,11
2022-10-10,Mono,051,14174,3210,3205,256,3461,7
2022-10-10,Monterey,053,433212,94362,94111,21131,115242,766
2022-10-10,Napa,055,140530,32321,32258,1411,33669,160
2022-10-10,Nevada,057,99092,19071,18989,1859,20848,132
2022-10-10,Orange,059,3164182,670177,667297,64257,731554,7452
2022-10-10,Placer,061,380077,76192,75768,9582,85350,660
2022-10-10,Plumas,063,18699,3694,3669,436,4105,13
2022-10-10,Riverside,065,2383286,697392,695315,35500,730815,6567
2022-10-10,Sacramento,067,1510023,348240,346748,34455,381203,3310
2022-10-10,San Benito,069,59416,16369,16188,974,17162,106
2022-10-10,San Bernardino,071,2135413,673116,670906,31041,701947,8116
2022-10-10,San Diego,073,3302833,926715,924672,72457,997129,5498
2022-10-10,San Francisco,075,870044,180253,178943,12147,191090,1045
2022-10-10,San Joaquin,077,732212,198418,197390,14999,212389,2319
2022-10-10,San Luis Obispo,079,281455,63485,63219,7182,70401,524
2022-10-10,San Mateo,081,765935,169816,168413,10502,178915,737
2022-10-10,Santa Barbara,083,443738,106153,105695,6894,112589,725
2022-10-10,Santa Clara,085,1922200,438390,432327,19176,451503,2506
2022-10-10,Santa Cruz,087,273765,63519,63099,3492,66591,273
2022-10-10,Shasta,089,179085,35078,34904,7516,42420,593
2022-10-10,Sierra,091,2930,306,305,60,365,5
2022-10-10,Siskiyou,093,43540,5160,5272,3316,8588,92
2022-10-10,Solano,095,438530,105779,105042,7935,112977,465
2022-10-10,Sonoma,097,501317,107391,106940,5301,112241,520
2022-10-10,Stanislaus,099,539301,138220,137838,21639,159477,1781
2022-10-10,Sutter,101,95872,24366,24326,2462,26788,232
2022-10-10,Tehama,103,63373,13667,13603,3087,16690,210
2022-10-10,Trinity,105,12862,1400,1394,400,1794,20
2022-10-10,Tulare,107,460477,122224,121787,36473,158260,1531
2022-10-10,Tuolumne,109,53932,15638,15558,925,16483,196
2022-10-10,Ventura,111,848112,209382,208632,15807,224439,1567
2022-10-10,Yolo,113,214977,47595,47422,4334,51756,341
2022-10-10,Yuba,115,75493,18937,18914,1731,20645,129
2022-10-09,Alameda,001,1643700,349369,347497,19815,367312,2023
2022-10-09,Alpine,002,1148,135,135,1,136,0
2022-10-09,Amador,005,37829,10018,9999,930,10929,93
2022-10-09,Butte,007,227075,39620,39453,9179,48632,454
2022-10-09,Calaveras,009,45235,8532,8511,564,9075,133
2022-10-09,Colusa,011,21464,3805,3794,1285,5079,22
2022-10-09,Contra Costa,013,1133247,252625,250136,20829,270965,1430
2022-10-09,Del Norte,015,27424,7462,7433,399,7832,56
2022-10-09,El Dorado,017,186661,32385,32320,4279,36599,231
2022-10-09,Fresno,019,978130,279054,274628,31843,306471,2865
2022-10-09,Glenn,021,27897,5534,5510,1868,7378,48
2022-10-09,Humboldt,023,135768,21979,21831,5045,26876,159
2022-10-09,Imperial,025,180216,65771,65532,15888,81420,958
2022-10-09,Inyo,027,18085,4500,4489,1009,5498,59
2022-10-09,Kern,029,883053,219776,219191,64262,283453,2418
2022-10-09,Kings,031,150075,59595,59489,4109,63598,458
2022-10-09,Lake,033,64148,12853,12795,1186,13981,147
2022-10-09,Lassen,035,31185,9981,9967,998,10965,65
2022-10-09,Los Angeles,037,10098052,3291188,3278961,182536,3461497,33467
2022-10-09,Madera,039,155013,44163,44029,8268,52297,374
2022-10-09,Marin,041,260295,45482,45190,5293,50483,313
2022-10-09,Mariposa,043,17540,3109,3088,344,3432,31
2022-10-09,Mendocino,045,87422,16088,15992,4514,20506,136
2022-10-09,Merced,047,269075,72806,72236,11902,84138,865
2022-10-09,Modoc,049,8938,882,876,324,1200,11
2022-10-09,Mono,051,14174,3210,3205,256,3461,7
2022-10-09,Monterey,053,433212,94346,94111,21121,115232,766
2022-10-09,Napa,055,140530,32307,32258,1410,33668,160
2022-10-09,Nevada,057,99092,19064,18989,1857,20846,132
2022-10-09,Orange,059,3164182,669957,667297,64183,731480,7452
2022-10-09,Placer,061,380077,76174,75768,9579,85347,660
2022-10-09,Plumas,063,18699,3692,3669,436,4105,13
2022-10-09,Riverside,065,2383286,697197,695315,35488,730803,6567
2022-10-09,Sacramento,067,1510023,348079,346748,34435,381183,3310
2022-10-09,San Benito,069,59416,16367,16188,974,17162,106
2022-10-09,San Bernardino,071,2135413,672961,670906,31032,701938,8116
2022-10-09,San Diego,073,3302833,926435,924672,72423,997095,5498
2022-10-09,San Francisco,075,870044,180156,178943,12144,191087,1045
2022-10-09,San Joaquin,077,732212,198339,197390,14994,212384,2319
2022-10-09,San Luis Obispo,079,281455,63478,63219,7175,70394,524
2022-10-09,San Mateo,081,765935,169709,168413,10499,178912,737
2022-10-09,Santa Barbara,083,443738,106119,105695,6890,112585,725
2022-10-09,Santa Clara,085,1922200,438178,432327,19161,451488,2506
2022-10-09,Santa Cruz,087,273765,63454,63099,3490,66589,273
2022-10-09,Shasta,089,179085,35054,34904,7509,42413,593
2022-10-09,Sierra,091,2930,306,305,60,365,5
2022-10-09,Siskiyou,093,43540,5160,5272,3315,8587,92
2022-10-09,Solano,095,438530,105724,105042,7933,112975,465
2022-10-09,Sonoma,097,501317,107344,106940,5300,112240,520
2022-10-09,Stanislaus,099,539301,138194,137838,21631,159469,1781
2022-10-09,Sutter,101,95872,24355,24326,2461,26787,232
2022-10-09,Tehama,103,63373,13665,13603,3087,16690,210
2022-10-09,Trinity,105,12862,1400,1394,400,1794,20
2022-10-09,Tulare,107,460477,122200,121787,36453,158240,1531
2022-10-09,Tuolumne,109,53932,15631,15558,925,16483,196
2022-10-09,Ventura,111,848112,209335,208632,15802,224434,1567
2022-10-09,Yolo,113,214977,47572,47422,4331,51753,341
2022-10-09,Yuba,115,75493,18934,18914,1731,20645,129
2022-10-08,Alameda,001,1643700,349283,347497,19806,367303,2023
2022-10-08,Alpine,002,1148,135,135,1,136,0
2022-10-08,Amador,005,37829,10017,9999,929,10928,93
2022-10-08,Butte,007,227075,39615,39453,9173,48626,454
2022-10-08,Calaveras,009,45235,8530,8511,564,9075,133
2022-10-08,Colusa,011,21464,3805,3794,1285,5079,22
2022-10-08,Contra Costa,013,1133247,252545,250136,20826,270962,1430
2022-10-08,Del Norte,015,27424,7462,7433,399,7832,56
2022-10-08,El Dorado,017,186661,32376,32320,4278,36598,231
2022-10-08,Fresno,019,978130,279024,274628,31840,306468,2865
2022-10-08,Glenn,021,27897,5533,5510,1868,7378,48
2022-10-08,Humboldt,023,135768,21968,21831,5039,26870,159
2022-10-08,Imperial,025,180216,65746,65532,15882,81414,958
2022-10-08,Inyo,027,18085,4500,4489,1007,5496,59
2022-10-08,Kern,029,883053,219741,219191,64241,283432,2418
2022-10-08,Kings,031,150075,59591,59489,4109,63598,458
2022-10-08,Lake,033,64148,12850,12795,1186,13981,147
2022-10-08,Lassen,035,31185,9981,9967,998,10965,65
2022-10-08,Los Angeles,037,10098052,3290629,3278961,182445,3461406,33467
2022-10-08,Madera,039,155013,44158,44029,8268,52297,374
2022-10-08,Marin,041,260295,45462,45190,5287,50477,313
2022-10-08,Mariposa,043,17540,3109,3088,344,3432,31
2022-10-08,Mendocino,045,87422,16087,15992,4511,20503,136
2022-10-08,Merced,047,269075,72796,72236,11901,84137,865
2022-10-08,Modoc,049,8938,880,876,324,1200,11
2022-10-08,Mono,051,14174,3210,3205,256,3461,7
2022-10-08,Monterey,053,433212,94336,94111,21119,115230,766
2022-10-08,Napa,055,140530,32300,32258,1410,33668,160
2022-10-08,Nevada,057,99092,19062,18989,1856,20845,132
2022-10-08,Orange,059,3164182,669843,667297,64139,731436,7452
2022-10-08,Placer,061,380077,76145,75768,9576,85344,660
2022-10-08,Plumas,063,18699,3691,3669,436,4105,13
2022-10-08,Riverside,065,2383286,697100,695315,35474,730789,6567
2022-10-08,Sacramento,067,1510023,348019,346748,34433,381181,3310
2022-10-08,San Benito,069,59416,16364,16188,974,17162,106
2022-10-08,San Bernardino,071,2135413,672884,670906,31024,701930,8116
2022-10-08,San Diego,073,3302833,926302,924672,72408,997080,5498
2022-10-08,San Francisco,075,870044,180108,178943,12140,191083,1045
2022-10-08,San Joaquin,077,732212,198304,197390,14989,212379,2319
2022-10-08,San Luis Obispo,079,281455,63472,63219,7174,70393,524
2022-10-08,San Mateo,081,765935,169659,168413,10496,178909,737
2022-10-08,Santa Barbara,083,443738,106095,105695,6888,112583,725
2022-10-08,Santa Clara,085,1922200,438063,432327,19150,451477,2506
2022-10-08,Santa Cruz,087,273765,63432,63099,3490,66589,273
2022-10-08,Shasta,089,179085,35048,34904,7504,42408,593
2022-10-08,Sierra,091,2930,306,305,60,365,5
2022-10-08,Siskiyou,093,43540,5160,5272,3314,8586,92
2022-10-08,Solano,095,438530,105703,105042,7927,112969,465
2022-10-08,Sonoma,097,501317,107314,106940,5300,112240,520
2022-10-08,Stanislaus,099,539301,138177,137838,21628,159466,1781
2022-10-08,Sutter,101,95872,24352,24326,2461,26787,232
2022-10-08,Tehama,103,63373,13664,13603,3086,16689,210
2022-10-08,Trinity,105,12862,1400,1394,400,1794,20
2022-10-08,Tulare,107,460477,122176,121787,36447,158234,1531
2022-10-08,Tuolumne,109,53932,15626,15558,925,16483,196
2022-10-08,Ventura,111,848112,209301,208632,15798,224430,1567
2022-10-08,Yolo,113,214977,47562,47422,4330,51752,341
2022-10-08,Yuba,115,75493,18931,18914,1731,20645,129
2022-10-07,Alameda,001,1643700,349166,347497,19803,367300,2023
2022-10-07,Alpine,002,1148,135,135,1,136,0
2022-10-07,Amador,005,37829,10015,9999,929,10928,93
2022-10-07,Butte,007,227075,39614,39453,9171,48624,454
2022-10-07,Calaveras,009,45235,8529,8511,564,9075,133
2022-10-07,Colusa,011,21464,3805,3794,1284,5078,22
2022-10-07,Contra Costa,013,1133247,252463,250136,20825,270961,1430
2022-10-07,Del Norte,015,27424,7462,7433,398,7831,56
2022-10-07,El Dorado,017,186661,32367,32320,4276,36596,231
2022-10-07,Fresno,019,978130,278994,274628,31837,306465,2865
2022-10-07,Glenn,021,27897,5532,5510,1867,7377,48
2022-10-07,Humboldt,023,135768,21961,21831,5032,26863,159
2022-10-07,Imperial,025,180216,65734,65532,15876,81408,958
2022-10-07,Inyo,027,18085,4498,4489,1005,5494,59
2022-10-07,Kern,029,883053,219711,219191,64214,283405,2418
2022-10-07,Kings,031,150075,59583,59489,4109,63598,458
2022-10-07,Lake,033,64148,12846,12795,1186,13981,147
2022-10-07,Lassen,035,31185,9981,9967,998,10965,65
2022-10-07,Los Angeles,037,10098052,3290021,3278961,182340,3461301,33467
2022-10-07,Madera,039,155013,44154,44029,8266,52295,374
2022-10-07,Marin,041,260295,45443,45190,5285,50475,313
2022-10-07,Mariposa,043,17540,3106,3088,344,3432,31
2022-10-07,Mendocino,045,87422,16083,15992,4510,20502,136
2022-10-07,Merced,047,269075,72789,72236,11899,84135,865
2022-10-07,Modoc,049,8938,880,876,324,1200,11
2022-10-07,Mono,051,14174,3209,3205,256,3461,7
2022-10-07,Monterey,053,433212,94321,94111,21115,115226,766
2022-10-07,Napa,055,140530,32292,32258,1410,33668,160
2022-10-07,Nevada,057,99092,19060,18989,1852,20841,132
2022-10-07,Orange,059,3164182,669723,667297,64104,731401,7452
2022-10-07,Placer,061,380077,76126,75768,9572,85340,660
2022-10-07,Plumas,063,18699,3688,3669,436,4105,13
2022-10-07,Riverside,065,2383286,697011,695315,35462,730777,6567
2022-10-07,Sacramento,067,1510023,347933,346748,34424,381172,3310
2022-10-07,San Benito,069,59416,16362,16188,974,17162,106
2022-10-07,San Bernardino,071,2135413,672800,670906,31019,701925,8116
2022-10-07,San Diego,073,3302833,926130,924672,72390,997062,5498
2022-10-07,San Francisco,075,870044,180047,178943,12133,191076,1045
2022-10-07,San Joaquin,077,732212,198270,197390,14988,212378,2319
2022-10-07,San Luis Obispo,079,281455,63460,63219,7173,70392,524
2022-10-07,San Mateo,081,765935,169589,168413,10495,178908,737
2022-10-07,Santa Barbara,083,443738,106070,105695,6887,112582,725
2022-10-07,Santa Clara,085,1922200,437932,432327,19143,451470,2506
2022-10-07,Santa Cruz,087,273765,63400,63099,3489,66588,273
2022-10-07,Shasta,089,179085,35042,34904,7501,42405,593
2022-10-07,Sierra,091,2930,306,305,60,365,5
2022-10-07,Siskiyou,093,43540,5159,5272,3313,8585,92
2022-10-07,Solano,095,438530,105674,105042,7923,112965,465
2022-10-07,Sonoma,097,501317,107287,106940,5299,112239,520
2022-10-07,Stanislaus,099,539301,138159,137838,21627,159465,1781
2022-10-07,Sutter,101,95872,24345,24326,2461,26787,232
2022-10-07,Tehama,103,63373,13664,13603,3084,16687,210
2022-10-07,Trinity,105,12862,1399,1394,400,1794,20
2022-10-07,Tulare,107,460477,122159,121787,36434,158221,1531
2022-10-07,Tuolumne,109,53932,15622,15558,925,16483,196
2022-10-07,Ventura,111,848112,209259,208632,15793,224425,1567
2022-10-07,Yolo,113,214977,47555,47422,4326,51748,341
2022-10-07,Yuba,115,75493,18931,18914,1731,20645,129
2022-10-06,Alameda,001,1643700,349028,347497,19792,367289,2023
2022-10-06,Alpine,002,1148,135,135,1,136,0
2022-10-06,Amador,005,37829,10013,9999,929,10928,93
2022-10-06,Butte,007,227075,39605,39453,9166,48619,454
2022-10-06,Calaveras,009,45235,8527,8511,563,9074,133
2022-10-06,Colusa,011,21464,3805,3794,1284,5078,22
2022-10-06,Contra Costa,013,1133247,252370,250136,20821,270957,1430
2022-10-06,Del Norte,015,27424,7460,7433,398,7831,56
2022-10-06,El Dorado,017,186661,32357,32320,4274,36594,231
2022-10-06,Fresno,019,978130,278945,274628,31831,306459,2865
2022-10-06,Glenn,021,27897,5531,5510,1866,7376,48
2022-10-06,Humboldt,023,135768,21949,21831,5024,26855,159
2022-10-06,Imperial,025,180216,65710,65532,15868,81400,958
2022-10-06,Inyo,027,18085,4498,4489,1004,5493,59
2022-10-06,Kern,029,883053,219680,219191,64188,283379,2418
2022-10-06,Kings,031,150075,59569,59489,4107,63596,458
2022-10-06,Lake,033,64148,12845,12795,1186,13981,147
2022-10-06,Lassen,035,31185,9981,9967,998,10965,65
2022-10-06,Los Angeles,037,10098052,3289178,3278961,182192,3461153,33467
2022-10-06,Madera,039,155013,44145,44029,8266,52295,374
2022-10-06,Marin,041,260295,45425,45190,5283,50473,313
2022-10-06,Mariposa,043,17540,3106,3088,344,3432,31
2022-10-06,Mendocino,045,87422,16081,15992,4509,20501,136
2022-10-06,Merced,047,269075,72777,72236,11898,84134,865
2022-10-06,Modoc,049,8938,879,876,324,1200,11
2022-10-06,Mono,051,14174,3209,3205,256,3461,7
2022-10-06,Monterey,053,433212,94312,94111,21106,115217,766
2022-10-06,Napa,055,140530,32285,32258,1410,33668,160
2022-10-06,Nevada,057,99092,19054,18989,1851,20840,132
2022-10-06,Orange,059,3164182,669531,667297,64051,731348,7452
2022-10-06,Placer,061,380077,76101,75768,9570,85338,660
2022-10-06,Plumas,063,18699,3686,3669,436,4105,13
2022-10-06,Riverside,065,2383286,696880,695315,35452,730767,6567
2022-10-06,Sacramento,067,1510023,347817,346748,34408,381156,3310
2022-10-06,San Benito,069,59416,16359,16188,973,17161,106
2022-10-06,San Bernardino,071,2135413,672664,670906,31008,701914,8116
2022-10-06,San Diego,073,3302833,925882,924672,72342,997014,5498
2022-10-06,San Francisco,075,870044,179968,178943,12131,191074,1045
2022-10-06,San Joaquin,077,732212,198220,197390,14981,212371,2319
2022-10-06,San Luis Obispo,079,281455,63442,63219,7169,70388,524
2022-10-06,San Mateo,081,765935,169522,168413,10493,178906,737
2022-10-06,Santa Barbara,083,443738,106045,105695,6885,112580,725
2022-10-06,Santa Clara,085,1922200,437769,432327,19135,451462,2506
2022-10-06,Santa Cruz,087,273765,63361,63099,3486,66585,273
2022-10-06,Shasta,089,179085,35031,34904,7495,42399,593
2022-10-06,Sierra,091,2930,306,305,60,365,5
2022-10-06,Siskiyou,093,43540,5157,5272,3313,8585,92
2022-10-06,Solano,095,438530,105643,105042,7919,112961,465
2022-10-06,Sonoma,097,501317,107262,106940,5298,112238,520
2022-10-06,Stanislaus,099,539301,138128,137838,21620,159458,1781
2022-10-06,Sutter,101,95872,24335,24326,2461,26787,232
2022-10-06,Tehama,103,63373,13658,13603,3083,16686,210
2022-10-06,Trinity,105,12862,1399,1394,398,1792,20
2022-10-06,Tulare,107,460477,122142,121787,36429,158216,1531
2022-10-06,Tuolumne,109,53932,15619,15558,924,16482,196
2022-10-06,Ventura,111,848112,209196,208632,15783,224415,1567
2022-10-06,Yolo,113,214977,47542,47422,4324,51746,341
2022-10-06,Yuba,115,75493,18930,18914,1731,20645,129
2022-10-05,Alameda,001,1643700,348868,347497,19782,367279,2023
2022-10-05,Alpine,002,1148,135,135,1,136,0
2022-10-05,Amador,005,37829,10011,9999,929,10928,93
2022-10-05,Butte,007,227075,39598,39453,9163,48616,454
2022-10-05,Calaveras,009,45235,8525,8511,563,9074,133
2022-10-05,Colusa,011,21464,3804,3794,1284,5078,22
2022-10-05,Contra Costa,013,1133247,252275,250136,20810,270946,1430
2022-10-05,Del Norte,015,27424,7457,7433,398,7831,56
2022-10-05,El Dorado,017,186661,32341,32320,4274,36594,231
2022-10-05,Fresno,019,978130,278874,274628,31825,306453,2865
2022-10-05,Glenn,021,27897,5531,5510,1865,7375,48
2022-10-05,Humboldt,023,135768,21935,21831,5019,26850,159
2022-10-05,Imperial,025,180216,65686,65532,15854,81386,958
2022-10-05,Inyo,027,18085,4498,4489,1001,5490,59
2022-10-05,Kern,029,883053,219633,219191,64145,283336,2418
2022-10-05,Kings,031,150075,59560,59489,4106,63595,458
2022-10-05,Lake,033,64148,12843,12795,1185,13980,147
2022-10-05,Lassen,035,31185,9981,9967,997,10964,65
2022-10-05,Los Angeles,037,10098052,3288346,3278961,182044,3461005,33467
2022-10-05,Madera,039,155013,44137,44029,8263,52292,374
2022-10-05,Marin,041,260295,45401,45190,5279,50469,313
2022-10-05,Mariposa,043,17540,3105,3088,344,3432,31
2022-10-05,Mendocino,045,87422,16079,15992,4504,20496,136
2022-10-05,Merced,047,269075,72765,72236,11895,84131,865
2022-10-05,Modoc,049,8938,879,876,324,1200,11
2022-10-05,Mono,051,14174,3209,3205,256,3461,7
2022-10-05,Monterey,053,433212,94298,94111,21101,115212,766
2022-10-05,Napa,055,140530,32276,32258,1410,33668,160
2022-10-05,Nevada,057,99092,19046,18989,1851,20840,132
2022-10-05,Orange,059,3164182,669352,667297,63994,731291,7452
2022-10-05,Placer,061,380077,76077,75768,9567,85335,660
2022-10-05,Plumas,063,18699,3683,3669,435,4104,13
2022-10-05,Riverside,065,2383286,696736,695315,35434,730749,6567
2022-10-05,Sacramento,067,1510023,347720,346748,34396,381144,3310
2022-10-05,San Benito,069,59416,16356,16188,973,17161,106
2022-10-05,San Bernardino,071,2135413,672504,670906,30998,701904,8116
2022-10-05,San Diego,073,3302833,925657,924672,72317,996989,5498
2022-10-05,San Francisco,075,870044,179867,178943,12125,191068,1045
2022-10-05,San Joaquin,077,732212,198175,197390,14971,212361,2319
2022-10-05,San Luis Obispo,079,281455,63437,63219,7164,70383,524
2022-10-05,San Mateo,081,765935,169444,168413,10492,178905,737
2022-10-05,Santa Barbara,083,443738,106017,105695,6882,112577,725
2022-10-05,Santa Clara,085,1922200,437590,432327,19128,451455,2506
2022-10-05,Santa Cruz,087,273765,63329,63099,3486,66585,273
2022-10-05,Shasta,089,179085,35024,34904,7488,42392,593
2022-10-05,Sierra,091,2930,306,305,60,365,5
2022-10-05,Siskiyou,093,43540,5152,5272,3311,8583,92
2022-10-05,Solano,095,438530,105607,105042,7915,112957,465
2022-10-05,Sonoma,097,501317,107227,106940,5298,112238,520
2022-10-05,Stanislaus,099,539301,138099,137838,21612,159450,1781
2022-10-05,Sutter,101,95872,24332,24326,2460,26786,232
2022-10-05,Tehama,103,63373,13654,13603,3082,16685,210
2022-10-05,Trinity,105,12862,1399,1394,398,1792,20
2022-10-05,Tulare,107,460477,122124,121787,36407,158194,1531
2022-10-05,Tuolumne,109,53932,15613,15558,924,16482,196
2022-10-05,Ventura,111,848112,209137,208632,15780,224412,1567
2022-10-05,Yolo,113,214977,47526,47422,4322,51744,341
2022-10-05,Yuba,115,75493,18925,18914,1728,20642,129
2022-10-04,Alameda,001,1643700,348727,347497,19768,367265,2023
2022-10-04,Alpine,002,1148,135,135,1,136,0
2022-10-04,Amador,005,37829,10009,9999,929,10928,93
2022-10-04,Butte,007,227075,39586,39453,9161,48614,454
2022-10-04,Calaveras,009,45235,8524,8511,561,9072,133
2022-10-04,Colusa,011,21464,3804,3794,1284,5078,22
2022-10-04,Contra Costa,013,1133247,252190,250136,20803,270939,1430
2022-10-04,Del Norte,015,27424,7455,7433,398,7831,56
2022-10-04,El Dorado,017,186661,32336,32320,4273,36593,231
2022-10-04,Fresno,019,978130,278812,274628,31819,306447,2865
2022-10-04,Glenn,021,27897,5530,5510,1865,7375,48
2022-10-04,Humboldt,023,135768,21922,21831,5018,26849,159
2022-10-04,Imperial,025,180216,65651,65532,15839,81371,958
2022-10-04,Inyo,027,18085,4497,4489,999,5488,59
2022-10-04,Kern,029,883053,219575,219191,64104,283295,2418
2022-10-04,Kings,031,150075,59545,59489,4105,63594,458
2022-10-04,Lake,033,64148,12838,12795,1185,13980,147
2022-10-04,Lassen,035,31185,9980,9967,996,10963,65
2022-10-04,Los Angeles,037,10098052,3287453,3278961,181879,3460840,33467
2022-10-04,Madera,039,155013,44123,44029,8261,52290,374
2022-10-04,Marin,041,260295,45370,45190,5279,50469,313
2022-10-04,Mariposa,043,17540,3105,3088,344,3432,31
2022-10-04,Mendocino,045,87422,16075,15992,4498,20490,136
2022-10-04,Merced,047,269075,72745,72236,11893,84129,865
2022-10-04,Modoc,049,8938,879,876,324,1200,11
2022-10-04,Mono,051,14174,3209,3205,255,3460,7
2022-10-04,Monterey,053,433212,94285,94111,21096,115207,766
2022-10-04,Napa,055,140530,32272,32258,1410,33668,160
2022-10-04,Nevada,057,99092,19043,18989,1851,20840,132
2022-10-04,Orange,059,3164182,669142,667297,63912,731209,7452
2022-10-04,Placer,061,380077,76044,75768,9563,85331,660
2022-10-04,Plumas,063,18699,3677,3669,434,4103,13
2022-10-04,Riverside,065,2383286,696578,695315,35418,730733,6567
2022-10-04,Sacramento,067,1510023,347601,346748,34367,381115,3310
2022-10-04,San Benito,069,59416,16343,16188,972,17160,106
2022-10-04,San Bernardino,071,2135413,672353,670906,30990,701896,8116
2022-10-04,San Diego,073,3302833,925324,924672,72266,996938,5498
2022-10-04,San Francisco,075,870044,179774,178943,12122,191065,1045
2022-10-04,San Joaquin,077,732212,198130,197390,14964,212354,2319
2022-10-04,San Luis Obispo,079,281455,63420,63219,7155,70374,524
2022-10-04,San Mateo,081,765935,169357,168413,10490,178903,737
2022-10-04,Santa Barbara,083,443738,105986,105695,6880,112575,725
2022-10-04,Santa Clara,085,1922200,437398,432327,19121,451448,2506
2022-10-04,Santa Cruz,087,273765,63293,63099,3484,66583,273
2022-10-04,Shasta,089,179085,35010,34904,7483,42387,593
2022-10-04,Sierra,091,2930,306,305,60,365,5
2022-10-04,Siskiyou,093,43540,5151,5272,3311,8583,92
2022-10-04,Solano,095,438530,105559,105042,7913,112955,465
2022-10-04,Sonoma,097,501317,107192,106940,5295,112235,520
2022-10-04,Stanislaus,099,539301,138072,137838,21610,159448,1781
2022-10-04,Sutter,101,95872,24322,24326,2459,26785,232
2022-10-04,Tehama,103,63373,13651,13603,3080,16683,210
2022-10-04,Trinity,105,12862,1399,1394,398,1792,20
2022-10-04,Tulare,107,460477,122099,121787,36397,158184,1531
2022-10-04,Tuolumne,109,53932,15612,15558,924,16482,196
2022-10-04,Ventura,111,848112,209070,208632,15775,224407,1567
2022-10-04,Yolo,113,214977,47509,47422,4319,51741,341
2022-10-04,Yuba,115,75493,18920,18914,1726,20640,129
2022-10-03,Alameda,001,1643700,348542,346369,19760,366129,2020
2022-10-03,Alpine,002,1148,135,134,1,135,0
2022-10-03,Amador,005,37829,10007,9987,929,10916,90
2022-10-03,Butte,007,227075,39571,39378,9157,48535,454
2022-10-03,Calaveras,009,45235,8523,8497,561,9058,133
2022-10-03,Colusa,011,21464,3804,3782,1283,5065,22
2022-10-03,Contra Costa,013,1133247,252075,249273,20798,270071,1426
2022-10-03,Del Norte,015,27424,7454,7421,398,7819,56
2022-10-03,El Dorado,017,186661,32328,32238,4271,36509,231
2022-10-03,Fresno,019,978130,278753,274028,31806,305834,2859
2022-10-03,Glenn,021,27897,5530,5509,1865,7374,48
2022-10-03,Humboldt,023,135768,21907,21744,5016,26760,157
2022-10-03,Imperial,025,180216,65632,65425,15824,81249,958
2022-10-03,Inyo,027,18085,4496,4483,996,5479,59
2022-10-03,Kern,029,883053,219521,218846,64053,282899,2417
2022-10-03,Kings,031,150075,59527,59394,4102,63496,459
2022-10-03,Lake,033,64148,12834,12761,1185,13946,147
2022-10-03,Lassen,035,31185,9978,9962,995,10957,65
2022-10-03,Los Angeles,037,10098052,3286424,3271661,181719,3453380,33336
2022-10-03,Madera,039,155013,44115,43953,8258,52211,374
2022-10-03,Marin,041,260295,45341,45002,5278,50280,310
2022-10-03,Mariposa,043,17540,3105,3079,343,3422,31
2022-10-03,Mendocino,045,87422,16068,15950,4492,20442,136
2022-10-03,Merced,047,269075,72731,72117,11890,84007,863
2022-10-03,Modoc,049,8938,877,873,324,1197,11
2022-10-03,Mono,051,14174,3209,3201,255,3456,7
2022-10-03,Monterey,053,433212,94270,93991,21081,115072,766
2022-10-03,Napa,055,140530,32257,32171,1410,33581,160
2022-10-03,Nevada,057,99092,19036,18923,1849,20772,132
2022-10-03,Orange,059,3164182,668921,665825,63842,729667,7435
2022-10-03,Placer,061,380077,76023,75573,9558,85131,661
2022-10-03,Plumas,063,18699,3676,3645,434,4079,13
2022-10-03,Riverside,065,2383286,696410,694250,35398,729648,6543
2022-10-03,Sacramento,067,1510023,347458,345905,34352,380257,3294
2022-10-03,San Benito,069,59416,16336,16152,972,17124,106
2022-10-03,San Bernardino,071,2135413,672175,668798,30971,699769,8106
2022-10-03,San Diego,073,3302833,925004,922323,72222,994545,5491
2022-10-03,San Francisco,075,870044,179663,178486,12116,190602,1043
2022-10-03,San Joaquin,077,732212,198066,197009,14959,211968,2319
2022-10-03,San Luis Obispo,079,281455,63404,63060,7149,70209,524
2022-10-03,San Mateo,081,765935,169276,167790,10488,178278,736
2022-10-03,Santa Barbara,083,443738,105945,105437,6878,112315,722
2022-10-03,Santa Clara,085,1922200,437179,430899,19108,450007,2494
2022-10-03,Santa Cruz,087,273765,63246,62866,3483,66349,273
2022-10-03,Shasta,089,179085,35003,34849,7478,42327,592
2022-10-03,Sierra,091,2930,306,304,60,364,5
2022-10-03,Siskiyou,093,43540,5151,5261,3308,8569,91
2022-10-03,Solano,095,438530,105501,104704,7911,112615,464
2022-10-03,Sonoma,097,501317,107150,106624,5289,111913,519
2022-10-03,Stanislaus,099,539301,138038,137589,21606,159195,1780
2022-10-03,Sutter,101,95872,24320,24265,2459,26724,232
2022-10-03,Tehama,103,63373,13648,13564,3080,16644,210
2022-10-03,Trinity,105,12862,1399,1392,397,1789,20
2022-10-03,Tulare,107,460477,122078,121589,36378,157967,1531
2022-10-03,Tuolumne,109,53932,15609,15516,924,16440,196
2022-10-03,Ventura,111,848112,208999,208124,15760,223884,1565
2022-10-03,Yolo,113,214977,47492,47279,4314,51593,341
2022-10-03,Yuba,115,75493,18917,18881,1721,20602,132
2022-10-02,Alameda,001,1643700,348338,346369,19746,366115,2020
2022-10-02,Alpine,002,1148,135,134,1,135,0
2022-10-02,Amador,005,37829,10007,9987,929,10916,90
2022-10-02,Butte,007,227075,39559,39378,9155,48533,454
2022-10-02,Calaveras,009,45235,8518,8497,560,9057,133
2022-10-02,Colusa,011,21464,3802,3782,1283,5065,22
2022-10-02,Contra Costa,013,1133247,251961,249273,20786,270059,1426
2022-10-02,Del Norte,015,27424,7451,7421,398,7819,56
2022-10-02,El Dorado,017,186661,32317,32238,4270,36508,231
2022-10-02,Fresno,019,978130,278677,274028,31793,305821,2859
2022-10-02,Glenn,021,27897,5527,5509,1865,7374,48
2022-10-02,Humboldt,023,135768,21890,21744,5007,26751,157
2022-10-02,Imperial,025,180216,65598,65425,15801,81226,958
2022-10-02,Inyo,027,18085,4496,4483,994,5477,59
2022-10-02,Kern,029,883053,219471,218846,64000,282846,2417
2022-10-02,Kings,031,150075,59512,59394,4101,63495,459
2022-10-02,Lake,033,64148,12828,12761,1185,13946,147
2022-10-02,Lassen,035,31185,9977,9962,993,10955,65
2022-10-02,Los Angeles,037,10098052,3285279,3271661,181559,3453220,33336
2022-10-02,Madera,039,155013,44107,43953,8255,52208,374
2022-10-02,Marin,041,260295,45308,45002,5273,50275,310
2022-10-02,Mariposa,043,17540,3105,3079,343,3422,31
2022-10-02,Mendocino,045,87422,16059,15950,4489,20439,136
2022-10-02,Merced,047,269075,72703,72117,11886,84003,863
2022-10-02,Modoc,049,8938,877,873,324,1197,11
2022-10-02,Mono,051,14174,3209,3201,255,3456,7
2022-10-02,Monterey,053,433212,94254,93991,21068,115059,766
2022-10-02,Napa,055,140530,32246,32171,1408,33579,160
2022-10-02,Nevada,057,99092,19030,18923,1849,20772,132
2022-10-02,Orange,059,3164182,668654,665825,63759,729584,7435
2022-10-02,Placer,061,380077,75995,75573,9555,85128,661
2022-10-02,Plumas,063,18699,3672,3645,433,4078,13
2022-10-02,Riverside,065,2383286,696218,694250,35379,729629,6543
2022-10-02,Sacramento,067,1510023,347283,345905,34319,380224,3294
2022-10-02,San Benito,069,59416,16331,16152,972,17124,106
2022-10-02,San Bernardino,071,2135413,671942,668798,30943,699741,8106
2022-10-02,San Diego,073,3302833,924634,922323,72173,994496,5491
2022-10-02,San Francisco,075,870044,179535,178486,12110,190596,1043
2022-10-02,San Joaquin,077,732212,197990,197009,14955,211964,2319
2022-10-02,San Luis Obispo,079,281455,63367,63060,7140,70200,524
2022-10-02,San Mateo,081,765935,169156,167790,10484,178274,736
2022-10-02,Santa Barbara,083,443738,105897,105437,6871,112308,722
2022-10-02,Santa Clara,085,1922200,436960,430899,19089,449988,2494
2022-10-02,Santa Cruz,087,273765,63206,62866,3476,66342,273
2022-10-02,Shasta,089,179085,34988,34849,7475,42324,592
2022-10-02,Sierra,091,2930,306,304,60,364,5
2022-10-02,Siskiyou,093,43540,5151,5261,3307,8568,91
2022-10-02,Solano,095,438530,105438,104704,7904,112608,464
2022-10-02,Sonoma,097,501317,107100,106624,5286,111910,519
2022-10-02,Stanislaus,099,539301,138004,137589,21602,159191,1780
2022-10-02,Sutter,101,95872,24310,24265,2459,26724,232
2022-10-02,Tehama,103,63373,13643,13564,3074,16638,210
2022-10-02,Trinity,105,12862,1399,1392,397,1789,20
2022-10-02,Tulare,107,460477,122052,121589,36359,157948,1531
2022-10-02,Tuolumne,109,53932,15604,15516,924,16440,196
2022-10-02,Ventura,111,848112,208918,208124,15741,223865,1565
2022-10-02,Yolo,113,214977,47480,47279,4309,51588,341
2022-10-02,Yuba,115,75493,18911,18881,1719,20600,132
2022-10-01,Alameda,001,1643700,348223,346369,19743,366112,2020
2022-10-01,Alpine,002,1148,135,134,1,135,0
2022-10-01,Amador,005,37829,10005,9987,929,10916,90
2022-10-01,Butte,007,227075,39548,39378,9148,48526,454
2022-10-01,Calaveras,009,45235,8518,8497,559,9056,133
2022-10-01,Colusa,011,21464,3802,3782,1281,5063,22
2022-10-01,Contra Costa,013,1133247,251887,249273,20783,270056,1426
2022-10-01,Del Norte,015,27424,7449,7421,398,7819,56
2022-10-01,El Dorado,017,186661,32310,32238,4270,36508,231
2022-10-01,Fresno,019,978130,278646,274028,31791,305819,2859
2022-10-01,Glenn,021,27897,5526,5509,1865,7374,48
2022-10-01,Humboldt,023,135768,21887,21744,5006,26750,157
2022-10-01,Imperial,025,180216,65581,65425,15791,81216,958
2022-10-01,Inyo,027,18085,4496,4483,994,5477,59
2022-10-01,Kern,029,883053,219454,218846,63970,282816,2417
2022-10-01,Kings,031,150075,59503,59394,4101,63495,459
2022-10-01,Lake,033,64148,12825,12761,1185,13946,147
2022-10-01,Lassen,035,31185,9975,9962,993,10955,65
2022-10-01,Los Angeles,037,10098052,3284652,3271661,181445,3453106,33336
2022-10-01,Madera,039,155013,44103,43953,8255,52208,374
2022-10-01,Marin,041,260295,45285,45002,5273,50275,310
2022-10-01,Mariposa,043,17540,3105,3079,343,3422,31
2022-10-01,Mendocino,045,87422,16052,15950,4485,20435,136
2022-10-01,Merced,047,269075,72693,72117,11884,84001,863
2022-10-01,Modoc,049,8938,877,873,324,1197,11
2022-10-01,Mono,051,14174,3209,3201,255,3456,7
2022-10-01,Monterey,053,433212,94241,93991,21061,115052,766
2022-10-01,Napa,055,140530,32241,32171,1408,33579,160
2022-10-01,Nevada,057,99092,19027,18923,1848,20771,132
2022-10-01,Orange,059,3164182,668511,665825,63711,729536,7435
2022-10-01,Placer,061,380077,75968,75573,9553,85126,661
2022-10-01,Plumas,063,18699,3671,3645,433,4078,13
2022-10-01,Riverside,065,2383286,696097,694250,35365,729615,6543
2022-10-01,Sacramento,067,1510023,347214,345905,34310,380215,3294
2022-10-01,San Benito,069,59416,16323,16152,969,17121,106
2022-10-01,San Bernardino,071,2135413,671842,668798,30931,699729,8106
2022-10-01,San Diego,073,3302833,924516,922323,72143,994466,5491
2022-10-01,San Francisco,075,870044,179480,178486,12104,190590,1043
2022-10-01,San Joaquin,077,732212,197959,197009,14949,211958,2319
2022-10-01,San Luis Obispo,079,281455,63357,63060,7137,70197,524
2022-10-01,San Mateo,081,765935,169112,167790,10482,178272,736
2022-10-01,Santa Barbara,083,443738,105867,105437,6869,112306,722
2022-10-01,Santa Clara,085,1922200,436790,430899,19086,449985,2494
2022-10-01,Santa Cruz,087,273765,63192,62866,3470,66336,273
2022-10-01,Shasta,089,179085,34982,34849,7471,42320,592
2022-10-01,Sierra,091,2930,306,304,60,364,5
2022-10-01,Siskiyou,093,43540,5149,5261,3305,8566,91
2022-10-01,Solano,095,438530,105430,104704,7902,112606,464
2022-10-01,Sonoma,097,501317,107074,106624,5284,111908,519
2022-10-01,Stanislaus,099,539301,137981,137589,21601,159190,1780
2022-10-01,Sutter,101,95872,24305,24265,2459,26724,232
2022-10-01,Tehama,103,63373,13641,13564,3073,16637,210
2022-10-01,Trinity,105,12862,1399,1392,397,1789,20
2022-10-01,Tulare,107,460477,122043,121589,36345,157934,1531
2022-10-01,Tuolumne,109,53932,15602,15516,924,16440,196
2022-10-01,Ventura,111,848112,208871,208124,15733,223857,1565
2022-10-01,Yolo,113,214977,47470,47279,4307,51586,341
2022-10-01,Yuba,115,75493,18904,18881,1718,20599,132
2022-09-30,Alameda,001,1643700,348106,346369,19737,366106,2020
2022-09-30,Alpine,002,1148,135,134,1,135,0
2022-09-30,Amador,005,37829,10003,9987,929,10916,90
2022-09-30,Butte,007,227075,39537,39378,9146,48524,454
2022-09-30,Calaveras,009,45235,8515,8497,559,9056,133
2022-09-30,Colusa,011,21464,3801,3782,1280,5062,22
2022-09-30,Contra Costa,013,1133247,251792,249273,20781,270054,1426
2022-09-30,Del Norte,015,27424,7448,7421,398,7819,56
2022-09-30,El Dorado,017,186661,32301,32238,4266,36504,231
2022-09-30,Fresno,019,978130,278603,274028,31783,305811,2859
2022-09-30,Glenn,021,27897,5525,5509,1865,7374,48
2022-09-30,Humboldt,023,135768,21873,21744,5003,26747,157
2022-09-30,Imperial,025,180216,65571,65425,15783,81208,958
2022-09-30,Inyo,027,18085,4495,4483,992,5475,59
2022-09-30,Kern,029,883053,219435,218846,63937,282783,2417
2022-09-30,Kings,031,150075,59497,59394,4101,63495,459
2022-09-30,Lake,033,64148,12822,12761,1185,13946,147
2022-09-30,Lassen,035,31185,9975,9962,993,10955,65
2022-09-30,Los Angeles,037,10098052,3283911,3271661,181325,3452986,33336
2022-09-30,Madera,039,155013,44097,43953,8254,52207,374
2022-09-30,Marin,041,260295,45261,45002,5272,50274,310
2022-09-30,Mariposa,043,17540,3104,3079,343,3422,31
2022-09-30,Mendocino,045,87422,16044,15950,4481,20431,136
2022-09-30,Merced,047,269075,72681,72117,11884,84001,863
2022-09-30,Modoc,049,8938,877,873,324,1197,11
2022-09-30,Mono,051,14174,3209,3201,255,3456,7
2022-09-30,Monterey,053,433212,94222,93991,21055,115046,766
2022-09-30,Napa,055,140530,32230,32171,1408,33579,160
2022-09-30,Nevada,057,99092,19021,18923,1848,20771,132
2022-09-30,Orange,059,3164182,668374,665825,63671,729496,7435
2022-09-30,Placer,061,380077,75950,75573,9547,85120,661
2022-09-30,Plumas,063,18699,3670,3645,433,4078,13
2022-09-30,Riverside,065,2383286,695985,694250,35353,729603,6543
2022-09-30,Sacramento,067,1510023,347132,345905,34304,380209,3294
2022-09-30,San Benito,069,59416,16320,16152,969,17121,106
2022-09-30,San Bernardino,071,2135413,671721,668798,30918,699716,8106
2022-09-30,San Diego,073,3302833,924299,922323,72114,994437,5491
2022-09-30,San Francisco,075,870044,179416,178486,12098,190584,1043
2022-09-30,San Joaquin,077,732212,197925,197009,14946,211955,2319
2022-09-30,San Luis Obispo,079,281455,63352,63060,7134,70194,524
2022-09-30,San Mateo,081,765935,169047,167790,10478,178268,736
2022-09-30,Santa Barbara,083,443738,105842,105437,6869,112306,722
2022-09-30,Santa Clara,085,1922200,436608,430899,19074,449973,2494
2022-09-30,Santa Cruz,087,273765,63170,62866,3468,66334,273
2022-09-30,Shasta,089,179085,34979,34849,7467,42316,592
2022-09-30,Sierra,091,2930,306,304,60,364,5
2022-09-30,Siskiyou,093,43540,5148,5261,3305,8566,91
2022-09-30,Solano,095,438530,105400,104704,7899,112603,464
2022-09-30,Sonoma,097,501317,107040,106624,5282,111906,519
2022-09-30,Stanislaus,099,539301,137961,137589,21599,159188,1780
2022-09-30,Sutter,101,95872,24303,24265,2459,26724,232
2022-09-30,Tehama,103,63373,13639,13564,3073,16637,210
2022-09-30,Trinity,105,12862,1398,1392,397,1789,20
2022-09-30,Tulare,107,460477,122022,121589,36332,157921,1531
2022-09-30,Tuolumne,109,53932,15599,15516,924,16440,196
2022-09-30,Ventura,111,848112,208819,208124,15728,223852,1565
2022-09-30,Yolo,113,214977,47459,47279,4307,51586,341
2022-09-30,Yuba,115,75493,18899,18881,1718,20599,132
2022-09-29,Alameda,001,1643700,347942,346369,19722,366091,2020
2022-09-29,Alpine,002,1148,135,134,1,135,0
2022-09-29,Amador,005,37829,10000,9987,928,10915,90
2022-09-29,Butte,007,227075,39531,39378,9141,48519,454
2022-09-29,Calaveras,009,45235,8510,8497,558,9055,133
2022-09-29,Colusa,011,21464,3800,3782,1280,5062,22
2022-09-29,Contra Costa,013,1133247,251691,249273,20771,270044,1426
2022-09-29,Del Norte,015,27424,7445,7421,398,7819,56
2022-09-29,El Dorado,017,186661,32290,32238,4261,36499,231
2022-09-29,Fresno,019,978130,278509,274028,31774,305802,2859
2022-09-29,Glenn,021,27897,5525,5509,1865,7374,48
2022-09-29,Humboldt,023,135768,21861,21744,5001,26745,157
2022-09-29,Imperial,025,180216,65551,65425,15771,81196,958
2022-09-29,Inyo,027,18085,4495,4483,990,5473,59
2022-09-29,Kern,029,883053,219403,218846,63897,282743,2417
2022-09-29,Kings,031,150075,59490,59394,4100,63494,459
2022-09-29,Lake,033,64148,12818,12761,1185,13946,147
2022-09-29,Lassen,035,31185,9974,9962,993,10955,65
2022-09-29,Los Angeles,037,10098052,3282923,3271661,181212,3452873,33336
2022-09-29,Madera,039,155013,44087,43953,8251,52204,374
2022-09-29,Marin,041,260295,45236,45002,5268,50270,310
2022-09-29,Mariposa,043,17540,3102,3079,343,3422,31
2022-09-29,Mendocino,045,87422,16040,15950,4481,20431,136
2022-09-29,Merced,047,269075,72666,72117,11883,84000,863
2022-09-29,Modoc,049,8938,877,873,324,1197,11
2022-09-29,Mono,051,14174,3208,3201,255,3456,7
2022-09-29,Monterey,053,433212,94211,93991,21048,115039,766
2022-09-29,Napa,055,140530,32219,32171,1408,33579,160
2022-09-29,Nevada,057,99092,19011,18923,1845,20768,132
2022-09-29,Orange,059,3164182,668143,665825,63618,729443,7435
2022-09-29,Placer,061,380077,75926,75573,9538,85111,661
2022-09-29,Plumas,063,18699,3669,3645,432,4077,13
2022-09-29,Riverside,065,2383286,695834,694250,35341,729591,6543
2022-09-29,Sacramento,067,1510023,346993,345905,34284,380189,3294
2022-09-29,San Benito,069,59416,16315,16152,968,17120,106
2022-09-29,San Bernardino,071,2135413,671574,668798,30906,699704,8106
2022-09-29,San Diego,073,3302833,924053,922323,72083,994406,5491
2022-09-29,San Francisco,075,870044,179329,178486,12086,190572,1043
2022-09-29,San Joaquin,077,732212,197880,197009,14937,211946,2319
2022-09-29,San Luis Obispo,079,281455,63332,63060,7128,70188,524
2022-09-29,San Mateo,081,765935,168964,167790,10476,178266,736
2022-09-29,Santa Barbara,083,443738,105808,105437,6866,112303,722
2022-09-29,Santa Clara,085,1922200,436413,430899,19063,449962,2494
2022-09-29,Santa Cruz,087,273765,63126,62866,3462,66328,273
2022-09-29,Shasta,089,179085,34972,34849,7461,42310,592
2022-09-29,Sierra,091,2930,306,304,60,364,5
2022-09-29,Siskiyou,093,43540,5145,5261,3304,8565,91
2022-09-29,Solano,095,438530,105365,104704,7894,112598,464
2022-09-29,Sonoma,097,501317,106981,106624,5280,111904,519
2022-09-29,Stanislaus,099,539301,137929,137589,21598,159187,1780
2022-09-29,Sutter,101,95872,24300,24265,2459,26724,232
2022-09-29,Tehama,103,63373,13637,13564,3072,16636,210
2022-09-29,Trinity,105,12862,1398,1392,394,1786,20
2022-09-29,Tulare,107,460477,122006,121589,36312,157901,1531
2022-09-29,Tuolumne,109,53932,15595,15516,924,16440,196
2022-09-29,Ventura,111,848112,208759,208124,15719,223843,1565
2022-09-29,Yolo,113,214977,47446,47279,4305,51584,341
2022-09-29,Yuba,115,75493,18897,18881,1718,20599,132
2022-09-28,Alameda,001,1643700,347779,346369,19706,366075,2020
2022-09-28,Alpine,002,1148,134,134,1,135,0
2022-09-28,Amador,005,37829,9998,9987,928,10915,90
2022-09-28,Butte,007,227075,39524,39378,9133,48511,454
2022-09-28,Calaveras,009,45235,8508,8497,558,9055,133
2022-09-28,Colusa,011,21464,3800,3782,1280,5062,22
2022-09-28,Contra Costa,013,1133247,251581,249273,20758,270031,1426
2022-09-28,Del Norte,015,27424,7443,7421,398,7819,56
2022-09-28,El Dorado,017,186661,32283,32238,4259,36497,231
2022-09-28,Fresno,019,978130,278426,274028,31757,305785,2859
2022-09-28,Glenn,021,27897,5524,5509,1865,7374,48
2022-09-28,Humboldt,023,135768,21851,21744,4998,26742,157
2022-09-28,Imperial,025,180216,65535,65425,15764,81189,958
2022-09-28,Inyo,027,18085,4493,4483,990,5473,59
2022-09-28,Kern,029,883053,219350,218846,63848,282694,2417
2022-09-28,Kings,031,150075,59468,59394,4096,63490,459
2022-09-28,Lake,033,64148,12809,12761,1185,13946,147
2022-09-28,Lassen,035,31185,9973,9962,993,10955,65
2022-09-28,Los Angeles,037,10098052,3281803,3271661,181105,3452766,33336
2022-09-28,Madera,039,155013,44081,43953,8250,52203,374
2022-09-28,Marin,041,260295,45209,45002,5267,50269,310
2022-09-28,Mariposa,043,17540,3102,3079,343,3422,31
2022-09-28,Mendocino,045,87422,16037,15950,4477,20427,136
2022-09-28,Merced,047,269075,72654,72117,11877,83994,863
2022-09-28,Modoc,049,8938,877,873,323,1196,11
2022-09-28,Mono,051,14174,3208,3201,255,3456,7
2022-09-28,Monterey,053,433212,94197,93991,21040,115031,766
2022-09-28,Napa,055,140530,32204,32171,1406,33577,160
2022-09-28,Nevada,057,99092,19003,18923,1832,20755,132
2022-09-28,Orange,059,3164182,667918,665825,63553,729378,7435
2022-09-28,Placer,061,380077,75892,75573,9535,85108,661
2022-09-28,Plumas,063,18699,3667,3645,432,4077,13
2022-09-28,Riverside,065,2383286,695670,694250,35323,729573,6543
2022-09-28,Sacramento,067,1510023,346865,345905,34260,380165,3294
2022-09-28,San Benito,069,59416,16310,16152,965,17117,106
2022-09-28,San Bernardino,071,2135413,671412,668798,30886,699684,8106
2022-09-28,San Diego,073,3302833,923735,922323,72052,994375,5491
2022-09-28,San Francisco,075,870044,179229,178486,12082,190568,1043
2022-09-28,San Joaquin,077,732212,197842,197009,14934,211943,2319
2022-09-28,San Luis Obispo,079,281455,63315,63060,7120,70180,524
2022-09-28,San Mateo,081,765935,168888,167790,10469,178259,736
2022-09-28,Santa Barbara,083,443738,105774,105437,6861,112298,722
2022-09-28,Santa Clara,085,1922200,436246,430899,19054,449953,2494
2022-09-28,Santa Cruz,087,273765,63089,62866,3461,66327,273
2022-09-28,Shasta,089,179085,34967,34849,7456,42305,592
2022-09-28,Sierra,091,2930,306,304,60,364,5
2022-09-28,Siskiyou,093,43540,5143,5261,3303,8564,91
2022-09-28,Solano,095,438530,105336,104704,7892,112596,464
2022-09-28,Sonoma,097,501317,106946,106624,5274,111898,519
2022-09-28,Stanislaus,099,539301,137896,137589,21594,159183,1780
2022-09-28,Sutter,101,95872,24286,24265,2458,26723,232
2022-09-28,Tehama,103,63373,13633,13564,3072,16636,210
2022-09-28,Trinity,105,12862,1398,1392,392,1784,20
2022-09-28,Tulare,107,460477,121980,121589,36303,157892,1531
2022-09-28,Tuolumne,109,53932,15591,15516,924,16440,196
2022-09-28,Ventura,111,848112,208694,208124,15716,223840,1565
2022-09-28,Yolo,113,214977,47423,47279,4302,51581,341
2022-09-28,Yuba,115,75493,18892,18881,1715,20596,132
2022-09-27,Alameda,001,1643700,347611,346369,19692,366061,2020
2022-09-27,Alpine,002,1148,134,134,1,135,0
2022-09-27,Amador,005,37829,9994,9987,926,10913,90
2022-09-27,Butte,007,227075,39516,39378,9128,48506,454
2022-09-27,Calaveras,009,45235,8506,8497,558,9055,133
2022-09-27,Colusa,011,21464,3800,3782,1280,5062,22
2022-09-27,Contra Costa,013,1133247,251470,249273,20749,270022,1426
2022-09-27,Del Norte,015,27424,7443,7421,398,7819,56
2022-09-27,El Dorado,017,186661,32266,32238,4257,36495,231
2022-09-27,Fresno,019,978130,278363,274028,31748,305776,2859
2022-09-27,Glenn,021,27897,5523,5509,1865,7374,48
2022-09-27,Humboldt,023,135768,21840,21744,4993,26737,157
2022-09-27,Imperial,025,180216,65513,65425,15758,81183,958
2022-09-27,Inyo,027,18085,4491,4483,988,5471,59
2022-09-27,Kern,029,883053,219292,218846,63820,282666,2417
2022-09-27,Kings,031,150075,59452,59394,4096,63490,459
2022-09-27,Lake,033,64148,12805,12761,1184,13945,147
2022-09-27,Lassen,035,31185,9971,9962,993,10955,65
2022-09-27,Los Angeles,037,10098052,3280607,3271661,180944,3452605,33336
2022-09-27,Madera,039,155013,44069,43953,8249,52202,374
2022-09-27,Marin,041,260295,45181,45002,5263,50265,310
2022-09-27,Mariposa,043,17540,3101,3079,343,3422,31
2022-09-27,Mendocino,045,87422,16028,15950,4471,20421,136
2022-09-27,Merced,047,269075,72635,72117,11871,83988,863
2022-09-27,Modoc,049,8938,877,873,323,1196,11
2022-09-27,Mono,051,14174,3207,3201,255,3456,7
2022-09-27,Monterey,053,433212,94176,93991,21024,115015,766
2022-09-27,Napa,055,140530,32187,32171,1406,33577,160
2022-09-27,Nevada,057,99092,18994,18923,1831,20754,132
2022-09-27,Orange,059,3164182,667650,665825,63486,729311,7435
2022-09-27,Placer,061,380077,75851,75573,9530,85103,661
2022-09-27,Plumas,063,18699,3664,3645,432,4077,13
2022-09-27,Riverside,065,2383286,695474,694250,35298,729548,6543
2022-09-27,Sacramento,067,1510023,346718,345905,34231,380136,3294
2022-09-27,San Benito,069,59416,16309,16152,965,17117,106
2022-09-27,San Bernardino,071,2135413,671162,668798,30870,699668,8106
2022-09-27,San Diego,073,3302833,923340,922323,72016,994339,5491
2022-09-27,San Francisco,075,870044,179117,178486,12080,190566,1043
2022-09-27,San Joaquin,077,732212,197789,197009,14927,211936,2319
2022-09-27,San Luis Obispo,079,281455,63286,63060,7119,70179,524
2022-09-27,San Mateo,081,765935,168817,167790,10466,178256,736
2022-09-27,Santa Barbara,083,443738,105731,105437,6855,112292,722
2022-09-27,Santa Clara,085,1922200,436027,430899,19033,449932,2494
2022-09-27,Santa Cruz,087,273765,63058,62866,3456,66322,273
2022-09-27,Shasta,089,179085,34956,34849,7448,42297,592
2022-09-27,Sierra,091,2930,304,304,60,364,5
2022-09-27,Siskiyou,093,43540,5141,5261,3303,8564,91
2022-09-27,Solano,095,438530,105293,104704,7890,112594,464
2022-09-27,Sonoma,097,501317,106896,106624,5271,111895,519
2022-09-27,Stanislaus,099,539301,137868,137589,21593,159182,1780
2022-09-27,Sutter,101,95872,24272,24265,2458,26723,232
2022-09-27,Tehama,103,63373,13631,13564,3071,16635,210
2022-09-27,Trinity,105,12862,1398,1392,389,1781,20
2022-09-27,Tulare,107,460477,121955,121589,36285,157874,1531
2022-09-27,Tuolumne,109,53932,15585,15516,924,16440,196
2022-09-27,Ventura,111,848112,208614,208124,15706,223830,1565
2022-09-27,Yolo,113,214977,47395,47279,4301,51580,341
2022-09-27,Yuba,115,75493,18888,18881,1714,20595,132
2022-09-26,Alameda,001,1643700,347419,345351,19686,365037,2012
2022-09-26,Alpine,002,1148,134,134,1,135,0
2022-09-26,Amador,005,37829,9993,9954,925,10879,90
2022-09-26,Butte,007,227075,39504,39282,9125,48407,453
2022-09-26,Calaveras,009,45235,8503,8475,555,9030,133
2022-09-26,Colusa,011,21464,3797,3775,1278,5053,22
2022-09-26,Contra Costa,013,1133247,251334,248053,20735,268788,1424
2022-09-26,Del Norte,015,27424,7442,7403,398,7801,57
2022-09-26,El Dorado,017,186661,32248,32159,4254,36413,231
2022-09-26,Fresno,019,978130,278290,273381,31732,305113,2850
2022-09-26,Glenn,021,27897,5523,5494,1865,7359,48
2022-09-26,Humboldt,023,135768,21828,21641,4988,26629,156
2022-09-26,Imperial,025,180216,65492,65297,15743,81040,957
2022-09-26,Inyo,027,18085,4491,4481,987,5468,59
2022-09-26,Kern,029,883053,219236,218413,63791,282204,2408
2022-09-26,Kings,031,150075,59440,59288,4094,63382,456
2022-09-26,Lake,033,64148,12799,12731,1184,13915,146
2022-09-26,Lassen,035,31185,9971,9947,992,10939,65
2022-09-26,Los Angeles,037,10098052,3279420,3263510,180770,3444280,33258
2022-09-26,Madera,039,155013,44050,43910,8246,52156,374
2022-09-26,Marin,041,260295,45150,44823,5258,50081,310
2022-09-26,Mariposa,043,17540,3100,3074,343,3417,31
2022-09-26,Mendocino,045,87422,16018,15911,4471,20382,136
2022-09-26,Merced,047,269075,72622,71875,11867,83742,862
2022-09-26,Modoc,049,8938,875,872,323,1195,11
2022-09-26,Mono,051,14174,3205,3198,255,3453,7
2022-09-26,Monterey,053,433212,94159,93829,21003,114832,766
2022-09-26,Napa,055,140530,32169,32094,1405,33499,160
2022-09-26,Nevada,057,99092,18985,18861,1829,20690,132
2022-09-26,Orange,059,3164182,667388,664263,63420,727683,7425
2022-09-26,Placer,061,380077,75815,75381,9522,84903,660
2022-09-26,Plumas,063,18699,3664,3632,432,4064,13
2022-09-26,Riverside,065,2383286,695272,693038,35283,728321,6610
2022-09-26,Sacramento,067,1510023,346557,344748,34202,378950,3282
2022-09-26,San Benito,069,59416,16302,16114,965,17079,106
2022-09-26,San Bernardino,071,2135413,670965,667124,30858,697982,8097
2022-09-26,San Diego,073,3302833,922919,920118,71987,992105,5487
2022-09-26,San Francisco,075,870044,179017,176887,12077,188964,1031
2022-09-26,San Joaquin,077,732212,197723,196573,14917,211490,2306
2022-09-26,San Luis Obispo,079,281455,63254,62950,7115,70065,522
2022-09-26,San Mateo,081,765935,168727,167123,10461,177584,736
2022-09-26,Santa Barbara,083,443738,105692,105185,6850,112035,720
2022-09-26,Santa Clara,085,1922200,435777,429334,19015,448349,2486
2022-09-26,Santa Cruz,087,273765,63019,62704,3454,66158,274
2022-09-26,Shasta,089,179085,34948,34762,7439,42201,592
2022-09-26,Sierra,091,2930,304,303,60,363,5
2022-09-26,Siskiyou,093,43540,5141,5243,3301,8544,90
2022-09-26,Solano,095,438530,105250,104383,7884,112267,463
2022-09-26,Sonoma,097,501317,106827,106322,5267,111589,519
2022-09-26,Stanislaus,099,539301,137838,137340,21587,158927,1752
2022-09-26,Sutter,101,95872,24263,24198,2458,26656,232
2022-09-26,Tehama,103,63373,13628,13528,3071,16599,210
2022-09-26,Trinity,105,12862,1398,1390,388,1778,20
2022-09-26,Tulare,107,460477,121915,121446,36270,157716,1530
2022-09-26,Tuolumne,109,53932,15583,15469,923,16392,196
2022-09-26,Ventura,111,848112,208522,207684,15698,223382,1566
2022-09-26,Yolo,113,214977,47370,47147,4295,51442,335
2022-09-26,Yuba,115,75493,18882,18834,1712,20546,129
2022-09-25,Alameda,001,1643700,347202,345351,19665,365016,2012
2022-09-25,Alpine,002,1148,134,134,1,135,0
2022-09-25,Amador,005,37829,9989,9954,923,10877,90
2022-09-25,Butte,007,227075,39482,39282,9118,48400,453
2022-09-25,Calaveras,009,45235,8499,8475,550,9025,133
2022-09-25,Colusa,011,21464,3795,3775,1272,5047,22
2022-09-25,Contra Costa,013,1133247,251183,248053,20716,268769,1424
2022-09-25,Del Norte,015,27424,7437,7403,398,7801,57
2022-09-25,El Dorado,017,186661,32234,32159,4251,36410,231
2022-09-25,Fresno,019,978130,278184,273381,31706,305087,2850
2022-09-25,Glenn,021,27897,5523,5494,1865,7359,48
2022-09-25,Humboldt,023,135768,21818,21641,4984,26625,156
2022-09-25,Imperial,025,180216,65472,65297,15730,81027,957
2022-09-25,Inyo,027,18085,4488,4481,986,5467,59
2022-09-25,Kern,029,883053,219175,218413,63716,282129,2408
2022-09-25,Kings,031,150075,59421,59288,4093,63381,456
2022-09-25,Lake,033,64148,12794,12731,1182,13913,146
2022-09-25,Lassen,035,31185,9970,9947,992,10939,65
2022-09-25,Los Angeles,037,10098052,3277954,3263510,180574,3444084,33258
2022-09-25,Madera,039,155013,44036,43910,8241,52151,374
2022-09-25,Marin,041,260295,45109,44823,5258,50081,310
2022-09-25,Mariposa,043,17540,3100,3074,343,3417,31
2022-09-25,Mendocino,045,87422,16008,15911,4464,20375,136
2022-09-25,Merced,047,269075,72598,71875,11860,83735,862
2022-09-25,Modoc,049,8938,875,872,323,1195,11
2022-09-25,Mono,051,14174,3205,3198,253,3451,7
2022-09-25,Monterey,053,433212,94135,93829,20992,114821,766
2022-09-25,Napa,055,140530,32151,32094,1404,33498,160
2022-09-25,Nevada,057,99092,18972,18861,1829,20690,132
2022-09-25,Orange,059,3164182,667084,664263,63351,727614,7425
2022-09-25,Placer,061,380077,75769,75381,9509,84890,660
2022-09-25,Plumas,063,18699,3658,3632,432,4064,13
2022-09-25,Riverside,065,2383286,695054,693038,35264,728302,6610
2022-09-25,Sacramento,067,1510023,346399,344748,34165,378913,3282
2022-09-25,San Benito,069,59416,16290,16114,965,17079,106
2022-09-25,San Bernardino,071,2135413,670726,667124,30836,697960,8097
2022-09-25,San Diego,073,3302833,922469,920118,71947,992065,5487
2022-09-25,San Francisco,075,870044,178890,176887,12072,188959,1031
2022-09-25,San Joaquin,077,732212,197636,196573,14900,211473,2306
2022-09-25,San Luis Obispo,079,281455,63220,62950,7107,70057,522
2022-09-25,San Mateo,081,765935,168601,167123,10452,177575,736
2022-09-25,Santa Barbara,083,443738,105638,105185,6849,112034,720
2022-09-25,Santa Clara,085,1922200,435535,429334,18994,448328,2486
2022-09-25,Santa Cruz,087,273765,62970,62704,3446,66150,274
2022-09-25,Shasta,089,179085,34935,34762,7430,42192,592
2022-09-25,Sierra,091,2930,304,303,60,363,5
2022-09-25,Siskiyou,093,43540,5139,5243,3300,8543,90
2022-09-25,Solano,095,438530,105183,104383,7880,112263,463
2022-09-25,Sonoma,097,501317,106771,106322,5264,111586,519
2022-09-25,Stanislaus,099,539301,137786,137340,21584,158924,1752
2022-09-25,Sutter,101,95872,24247,24198,2458,26656,232
2022-09-25,Tehama,103,63373,13620,13528,3071,16599,210
2022-09-25,Trinity,105,12862,1398,1390,388,1778,20
2022-09-25,Tulare,107,460477,121884,121446,36248,157694,1530
2022-09-25,Tuolumne,109,53932,15577,15469,922,16391,196
2022-09-25,Ventura,111,848112,208419,207684,15685,223369,1566
2022-09-25,Yolo,113,214977,47344,47147,4290,51437,335
2022-09-25,Yuba,115,75493,18878,18834,1711,20545,129
2022-09-24,Alameda,001,1643700,347091,345351,19658,365009,2012
2022-09-24,Alpine,002,1148,134,134,1,135,0
2022-09-24,Amador,005,37829,9987,9954,922,10876,90
2022-09-24,Butte,007,227075,39475,39282,9116,48398,453
2022-09-24,Calaveras,009,45235,8496,8475,550,9025,133
2022-09-24,Colusa,011,21464,3794,3775,1271,5046,22
2022-09-24,Contra Costa,013,1133247,251096,248053,20712,268765,1424
2022-09-24,Del Norte,015,27424,7434,7403,398,7801,57
2022-09-24,El Dorado,017,186661,32222,32159,4247,36406,231
2022-09-24,Fresno,019,978130,278145,273381,31699,305080,2850
2022-09-24,Glenn,021,27897,5522,5494,1865,7359,48
2022-09-24,Humboldt,023,135768,21804,21641,4983,26624,156
2022-09-24,Imperial,025,180216,65457,65297,15724,81021,957
2022-09-24,Inyo,027,18085,4488,4481,986,5467,59
2022-09-24,Kern,029,883053,219145,218413,63677,282090,2408
2022-09-24,Kings,031,150075,59409,59288,4093,63381,456
2022-09-24,Lake,033,64148,12792,12731,1181,13912,146
2022-09-24,Lassen,035,31185,9969,9947,992,10939,65
2022-09-24,Los Angeles,037,10098052,3277228,3263510,180429,3443939,33258
2022-09-24,Madera,039,155013,44033,43910,8238,52148,374
2022-09-24,Marin,041,260295,45094,44823,5258,50081,310
2022-09-24,Mariposa,043,17540,3098,3074,343,3417,31
2022-09-24,Mendocino,045,87422,16004,15911,4463,20374,136
2022-09-24,Merced,047,269075,72585,71875,11860,83735,862
2022-09-24,Modoc,049,8938,875,872,322,1194,11
2022-09-24,Mono,051,14174,3205,3198,253,3451,7
2022-09-24,Monterey,053,433212,94125,93829,20987,114816,766
2022-09-24,Napa,055,140530,32142,32094,1403,33497,160
2022-09-24,Nevada,057,99092,18967,18861,1826,20687,132
2022-09-24,Orange,059,3164182,666924,664263,63290,727553,7425
2022-09-24,Placer,061,380077,75745,75381,9503,84884,660
2022-09-24,Plumas,063,18699,3655,3632,432,4064,13
2022-09-24,Riverside,065,2383286,694929,693038,35254,728292,6610
2022-09-24,Sacramento,067,1510023,346327,344748,34156,378904,3282
2022-09-24,San Benito,069,59416,16282,16114,965,17079,106
2022-09-24,San Bernardino,071,2135413,670612,667124,30826,697950,8097
2022-09-24,San Diego,073,3302833,922263,920118,71933,992051,5487
2022-09-24,San Francisco,075,870044,178812,176887,12066,188953,1031
2022-09-24,San Joaquin,077,732212,197610,196573,14893,211466,2306
2022-09-24,San Luis Obispo,079,281455,63208,62950,7106,70056,522
2022-09-24,San Mateo,081,765935,168531,167123,10443,177566,736
2022-09-24,Santa Barbara,083,443738,105614,105185,6849,112034,720
2022-09-24,Santa Clara,085,1922200,435378,429334,18981,448315,2486
2022-09-24,Santa Cruz,087,273765,62953,62704,3443,66147,274
2022-09-24,Shasta,089,179085,34930,34762,7428,42190,592
2022-09-24,Sierra,091,2930,304,303,60,363,5
2022-09-24,Siskiyou,093,43540,5136,5243,3300,8543,90
2022-09-24,Solano,095,438530,105164,104383,7879,112262,463
2022-09-24,Sonoma,097,501317,106743,106322,5261,111583,519
2022-09-24,Stanislaus,099,539301,137759,137340,21578,158918,1752
2022-09-24,Sutter,101,95872,24240,24198,2458,26656,232
2022-09-24,Tehama,103,63373,13615,13528,3070,16598,210
2022-09-24,Trinity,105,12862,1398,1390,388,1778,20
2022-09-24,Tulare,107,460477,121865,121446,36231,157677,1530
2022-09-24,Tuolumne,109,53932,15569,15469,922,16391,196
2022-09-24,Ventura,111,848112,208372,207684,15678,223362,1566
2022-09-24,Yolo,113,214977,47329,47147,4288,51435,335
2022-09-24,Yuba,115,75493,18873,18834,1710,20544,129
2022-09-23,Alameda,001,1643700,346952,345351,19646,364997,2012
2022-09-23,Alpine,002,1148,134,134,1,135,0
2022-09-23,Amador,005,37829,9983,9954,922,10876,90
2022-09-23,Butte,007,227075,39467,39282,9113,48395,453
2022-09-23,Calaveras,009,45235,8495,8475,550,9025,133
2022-09-23,Colusa,011,21464,3794,3775,1271,5046,22
2022-09-23,Contra Costa,013,1133247,251014,248053,20708,268761,1424
2022-09-23,Del Norte,015,27424,7431,7403,398,7801,57
2022-09-23,El Dorado,017,186661,32208,32159,4245,36404,231
2022-09-23,Fresno,019,978130,278098,273381,31690,305071,2850
2022-09-23,Glenn,021,27897,5520,5494,1864,7358,48
2022-09-23,Humboldt,023,135768,21787,21641,4976,26617,156
2022-09-23,Imperial,025,180216,65447,65297,15717,81014,957
2022-09-23,Inyo,027,18085,4488,4481,982,5463,59
2022-09-23,Kern,029,883053,219106,218413,63653,282066,2408
2022-09-23,Kings,031,150075,59401,59288,4093,63381,456
2022-09-23,Lake,033,64148,12792,12731,1181,13912,146
2022-09-23,Lassen,035,31185,9967,9947,992,10939,65
2022-09-23,Los Angeles,037,10098052,3276462,3263510,180348,3443858,33258
2022-09-23,Madera,039,155013,44023,43910,8238,52148,374
2022-09-23,Marin,041,260295,45071,44823,5256,50079,310
2022-09-23,Mariposa,043,17540,3097,3074,343,3417,31
2022-09-23,Mendocino,045,87422,16002,15911,4463,20374,136
2022-09-23,Merced,047,269075,72574,71875,11859,83734,862
2022-09-23,Modoc,049,8938,875,872,322,1194,11
2022-09-23,Mono,051,14174,3205,3198,253,3451,7
2022-09-23,Monterey,053,433212,94117,93829,20977,114806,766
2022-09-23,Napa,055,140530,32133,32094,1403,33497,160
2022-09-23,Nevada,057,99092,18963,18861,1825,20686,132
2022-09-23,Orange,059,3164182,666754,664263,63257,727520,7425
2022-09-23,Placer,061,380077,75723,75381,9497,84878,660
2022-09-23,Plumas,063,18699,3652,3632,432,4064,13
2022-09-23,Riverside,065,2383286,694796,693038,35244,728282,6610
2022-09-23,Sacramento,067,1510023,346254,344748,34151,378899,3282
2022-09-23,San Benito,069,59416,16282,16114,965,17079,106
2022-09-23,San Bernardino,071,2135413,670481,667124,30819,697943,8097
2022-09-23,San Diego,073,3302833,922017,920118,71900,992018,5487
2022-09-23,San Francisco,075,870044,178736,176887,12061,188948,1031
2022-09-23,San Joaquin,077,732212,197572,196573,14882,211455,2306
2022-09-23,San Luis Obispo,079,281455,63198,62950,7105,70055,522
2022-09-23,San Mateo,081,765935,168459,167123,10438,177561,736
2022-09-23,Santa Barbara,083,443738,105587,105185,6848,112033,720
2022-09-23,Santa Clara,085,1922200,435215,429334,18967,448301,2486
2022-09-23,Santa Cruz,087,273765,62937,62704,3441,66145,274
2022-09-23,Shasta,089,179085,34925,34762,7423,42185,592
2022-09-23,Sierra,091,2930,304,303,60,363,5
2022-09-23,Siskiyou,093,43540,5134,5243,3300,8543,90
2022-09-23,Solano,095,438530,105135,104383,7876,112259,463
2022-09-23,Sonoma,097,501317,106716,106322,5260,111582,519
2022-09-23,Stanislaus,099,539301,137734,137340,21574,158914,1752
2022-09-23,Sutter,101,95872,24232,24198,2458,26656,232
2022-09-23,Tehama,103,63373,13611,13528,3068,16596,210
2022-09-23,Trinity,105,12862,1397,1390,388,1778,20
2022-09-23,Tulare,107,460477,121845,121446,36213,157659,1530
2022-09-23,Tuolumne,109,53932,15563,15469,922,16391,196
2022-09-23,Ventura,111,848112,208311,207684,15672,223356,1566
2022-09-23,Yolo,113,214977,47311,47147,4288,51435,335
2022-09-23,Yuba,115,75493,18871,18834,1710,20544,129
2022-09-22,Alameda,001,1643700,346784,345351,19641,364992,2012
2022-09-22,Alpine,002,1148,134,134,1,135,0
2022-09-22,Amador,005,37829,9979,9954,922,10876,90
2022-09-22,Butte,007,227075,39455,39282,9109,48391,453
2022-09-22,Calaveras,009,45235,8493,8475,544,9019,133
2022-09-22,Colusa,011,21464,3792,3775,1271,5046,22
2022-09-22,Contra Costa,013,1133247,250898,248053,20694,268747,1424
2022-09-22,Del Norte,015,27424,7430,7403,398,7801,57
2022-09-22,El Dorado,017,186661,32197,32159,4242,36401,231
2022-09-22,Fresno,019,978130,278014,273381,31674,305055,2850
2022-09-22,Glenn,021,27897,5519,5494,1864,7358,48
2022-09-22,Humboldt,023,135768,21773,21641,4974,26615,156
2022-09-22,Imperial,025,180216,65434,65297,15704,81001,957
2022-09-22,Inyo,027,18085,4488,4481,980,5461,59
2022-09-22,Kern,029,883053,219063,218413,63604,282017,2408
2022-09-22,Kings,031,150075,59386,59288,4093,63381,456
2022-09-22,Lake,033,64148,12789,12731,1181,13912,146
2022-09-22,Lassen,035,31185,9966,9947,992,10939,65
2022-09-22,Los Angeles,037,10098052,3275423,3263510,180198,3443708,33258
2022-09-22,Madera,039,155013,44016,43910,8238,52148,374
2022-09-22,Marin,041,260295,45056,44823,5254,50077,310
2022-09-22,Mariposa,043,17540,3096,3074,343,3417,31
2022-09-22,Mendocino,045,87422,15997,15911,4463,20374,136
2022-09-22,Merced,047,269075,72553,71875,11857,83732,862
2022-09-22,Modoc,049,8938,875,872,322,1194,11
2022-09-22,Mono,051,14174,3204,3198,252,3450,7
2022-09-22,Monterey,053,433212,94098,93829,20968,114797,766
2022-09-22,Napa,055,140530,32115,32094,1402,33496,160
2022-09-22,Nevada,057,99092,18957,18861,1824,20685,132
2022-09-22,Orange,059,3164182,666532,664263,63207,727470,7425
2022-09-22,Placer,061,380077,75691,75381,9491,84872,660
2022-09-22,Plumas,063,18699,3649,3632,432,4064,13
2022-09-22,Riverside,065,2383286,694617,693038,35236,728274,6610
2022-09-22,Sacramento,067,1510023,346095,344748,34131,378879,3282
2022-09-22,San Benito,069,59416,16282,16114,964,17078,106
2022-09-22,San Bernardino,071,2135413,670333,667124,30804,697928,8097
2022-09-22,San Diego,073,3302833,921654,920118,71860,991978,5487
2022-09-22,San Francisco,075,870044,178630,176887,12055,188942,1031
2022-09-22,San Joaquin,077,732212,197524,196573,14874,211447,2306
2022-09-22,San Luis Obispo,079,281455,63180,62950,7103,70053,522
2022-09-22,San Mateo,081,765935,168394,167123,10435,177558,736
2022-09-22,Santa Barbara,083,443738,105557,105185,6845,112030,720
2022-09-22,Santa Clara,085,1922200,435038,429334,18952,448286,2486
2022-09-22,Santa Cruz,087,273765,62893,62704,3430,66134,274
2022-09-22,Shasta,089,179085,34910,34762,7417,42179,592
2022-09-22,Sierra,091,2930,304,303,60,363,5
2022-09-22,Siskiyou,093,43540,5133,5243,3299,8542,90
2022-09-22,Solano,095,438530,105075,104383,7871,112254,463
2022-09-22,Sonoma,097,501317,106680,106322,5259,111581,519
2022-09-22,Stanislaus,099,539301,137701,137340,21571,158911,1752
2022-09-22,Sutter,101,95872,24221,24198,2458,26656,232
2022-09-22,Tehama,103,63373,13605,13528,3066,16594,210
2022-09-22,Trinity,105,12862,1395,1390,388,1778,20
2022-09-22,Tulare,107,460477,121827,121446,36197,157643,1530
2022-09-22,Tuolumne,109,53932,15556,15469,921,16390,196
2022-09-22,Ventura,111,848112,208225,207684,15665,223349,1566
2022-09-22,Yolo,113,214977,47297,47147,4282,51429,335
2022-09-22,Yuba,115,75493,18863,18834,1707,20541,129
2022-09-21,Alameda,001,1643700,346616,345351,19628,364979,2012
2022-09-21,Alpine,002,1148,134,134,1,135,0
2022-09-21,Amador,005,37829,9978,9954,922,10876,90
2022-09-21,Butte,007,227075,39442,39282,9100,48382,453
2022-09-21,Calaveras,009,45235,8490,8475,543,9018,133
2022-09-21,Colusa,011,21464,3792,3775,1271,5046,22
2022-09-21,Contra Costa,013,1133247,250780,248053,20685,268738,1424
2022-09-21,Del Norte,015,27424,7428,7403,398,7801,57
2022-09-21,El Dorado,017,186661,32185,32159,4239,36398,231
2022-09-21,Fresno,019,978130,277937,273381,31662,305043,2850
2022-09-21,Glenn,021,27897,5518,5494,1863,7357,48
2022-09-21,Humboldt,023,135768,21756,21641,4972,26613,156
2022-09-21,Imperial,025,180216,65418,65297,15694,80991,957
2022-09-21,Inyo,027,18085,4488,4481,977,5458,59
2022-09-21,Kern,029,883053,219009,218413,63558,281971,2408
2022-09-21,Kings,031,150075,59370,59288,4093,63381,456
2022-09-21,Lake,033,64148,12782,12731,1180,13911,146
2022-09-21,Lassen,035,31185,9966,9947,992,10939,65
2022-09-21,Los Angeles,037,10098052,3274260,3263510,180030,3443540,33258
2022-09-21,Madera,039,155013,44001,43910,8238,52148,374
2022-09-21,Marin,041,260295,45032,44823,5254,50077,310
2022-09-21,Mariposa,043,17540,3096,3074,343,3417,31
2022-09-21,Mendocino,045,87422,15989,15911,4462,20373,136
2022-09-21,Merced,047,269075,72536,71875,11857,83732,862
2022-09-21,Modoc,049,8938,875,872,322,1194,11
2022-09-21,Mono,051,14174,3204,3198,252,3450,7
2022-09-21,Monterey,053,433212,94077,93829,20959,114788,766
2022-09-21,Napa,055,140530,32108,32094,1402,33496,160
2022-09-21,Nevada,057,99092,18947,18861,1824,20685,132
2022-09-21,Orange,059,3164182,666281,664263,63152,727415,7425
2022-09-21,Placer,061,380077,75657,75381,9487,84868,660
2022-09-21,Plumas,063,18699,3647,3632,432,4064,13
2022-09-21,Riverside,065,2383286,694432,693038,35218,728256,6610
2022-09-21,Sacramento,067,1510023,345941,344748,34114,378862,3282
2022-09-21,San Benito,069,59416,16269,16114,962,17076,106
2022-09-21,San Bernardino,071,2135413,670182,667124,30798,697922,8097
2022-09-21,San Diego,073,3302833,921274,920118,71813,991931,5487
2022-09-21,San Francisco,075,870044,178533,176887,12046,188933,1031
2022-09-21,San Joaquin,077,732212,197469,196573,14868,211441,2306
2022-09-21,San Luis Obispo,079,281455,63162,62950,7096,70046,522
2022-09-21,San Mateo,081,765935,168317,167123,10434,177557,736
2022-09-21,Santa Barbara,083,443738,105511,105185,6843,112028,720
2022-09-21,Santa Clara,085,1922200,434847,429334,18944,448278,2486
2022-09-21,Santa Cruz,087,273765,62846,62704,3426,66130,274
2022-09-21,Shasta,089,179085,34904,34762,7412,42174,592
2022-09-21,Sierra,091,2930,303,303,60,363,5
2022-09-21,Siskiyou,093,43540,5130,5243,3298,8541,90
2022-09-21,Solano,095,438530,105031,104383,7868,112251,463
2022-09-21,Sonoma,097,501317,106646,106322,5253,111575,519
2022-09-21,Stanislaus,099,539301,137667,137340,21561,158901,1752
2022-09-21,Sutter,101,95872,24212,24198,2458,26656,232
2022-09-21,Tehama,103,63373,13599,13528,3066,16594,210
2022-09-21,Trinity,105,12862,1395,1390,388,1778,20
2022-09-21,Tulare,107,460477,121798,121446,36180,157626,1530
2022-09-21,Tuolumne,109,53932,15551,15469,918,16387,196
2022-09-21,Ventura,111,848112,208150,207684,15658,223342,1566
2022-09-21,Yolo,113,214977,47277,47147,4276,51423,335
2022-09-21,Yuba,115,75493,18855,18834,1707,20541,129
2022-09-20,Alameda,001,1643700,346461,345351,19615,364966,2012
2022-09-20,Alpine,002,1148,134,134,1,135,0
2022-09-20,Amador,005,37829,9970,9954,922,10876,90
2022-09-20,Butte,007,227075,39427,39282,9090,48372,453
2022-09-20,Calaveras,009,45235,8488,8475,543,9018,133
2022-09-20,Colusa,011,21464,3792,3775,1271,5046,22
2022-09-20,Contra Costa,013,1133247,250654,248053,20672,268725,1424
2022-09-20,Del Norte,015,27424,7423,7403,398,7801,57
2022-09-20,El Dorado,017,186661,32171,32159,4235,36394,231
2022-09-20,Fresno,019,978130,277860,273381,31649,305030,2850
2022-09-20,Glenn,021,27897,5517,5494,1862,7356,48
2022-09-20,Humboldt,023,135768,21743,21641,4969,26610,156
2022-09-20,Imperial,025,180216,65396,65297,15683,80980,957
2022-09-20,Inyo,027,18085,4487,4481,974,5455,59
2022-09-20,Kern,029,883053,218955,218413,63516,281929,2408
2022-09-20,Kings,031,150075,59347,59288,4092,63380,456
2022-09-20,Lake,033,64148,12779,12731,1180,13911,146
2022-09-20,Lassen,035,31185,9963,9947,992,10939,65
2022-09-20,Los Angeles,037,10098052,3273099,3263510,179883,3443393,33258
2022-09-20,Madera,039,155013,43992,43910,8233,52143,374
2022-09-20,Marin,041,260295,45007,44823,5249,50072,310
2022-09-20,Mariposa,043,17540,3096,3074,343,3417,31
2022-09-20,Mendocino,045,87422,15984,15911,4460,20371,136
2022-09-20,Merced,047,269075,72510,71875,11855,83730,862
2022-09-20,Modoc,049,8938,875,872,322,1194,11
2022-09-20,Mono,051,14174,3204,3198,252,3450,7
2022-09-20,Monterey,053,433212,94058,93829,20950,114779,766
2022-09-20,Napa,055,140530,32099,32094,1401,33495,160
2022-09-20,Nevada,057,99092,18942,18861,1824,20685,132
2022-09-20,Orange,059,3164182,665999,664263,63106,727369,7425
2022-09-20,Placer,061,380077,75628,75381,9482,84863,660
2022-09-20,Plumas,063,18699,3645,3632,432,4064,13
2022-09-20,Riverside,065,2383286,694229,693038,35190,728228,6610
2022-09-20,Sacramento,067,1510023,345788,344748,34090,378838,3282
2022-09-20,San Benito,069,59416,16262,16114,962,17076,106
2022-09-20,San Bernardino,071,2135413,669970,667124,30783,697907,8097
2022-09-20,San Diego,073,3302833,920863,920118,71757,991875,5487
2022-09-20,San Francisco,075,870044,178432,176887,12040,188927,1031
2022-09-20,San Joaquin,077,732212,197408,196573,14863,211436,2306
2022-09-20,San Luis Obispo,079,281455,63145,62950,7088,70038,522
2022-09-20,San Mateo,081,765935,168233,167123,10430,177553,736
2022-09-20,Santa Barbara,083,443738,105475,105185,6838,112023,720
2022-09-20,Santa Clara,085,1922200,434644,429334,18931,448265,2486
2022-09-20,Santa Cruz,087,273765,62824,62704,3421,66125,274
2022-09-20,Shasta,089,179085,34893,34762,7408,42170,592
2022-09-20,Sierra,091,2930,303,303,60,363,5
2022-09-20,Siskiyou,093,43540,5126,5243,3298,8541,90
2022-09-20,Solano,095,438530,104985,104383,7861,112244,463
2022-09-20,Sonoma,097,501317,106593,106322,5252,111574,519
2022-09-20,Stanislaus,099,539301,137623,137340,21556,158896,1752
2022-09-20,Sutter,101,95872,24208,24198,2458,26656,232
2022-09-20,Tehama,103,63373,13597,13528,3066,16594,210
2022-09-20,Trinity,105,12862,1395,1390,388,1778,20
2022-09-20,Tulare,107,460477,121776,121446,36158,157604,1530
2022-09-20,Tuolumne,109,53932,15545,15469,917,16386,196
2022-09-20,Ventura,111,848112,208068,207684,15653,223337,1566
2022-09-20,Yolo,113,214977,47256,47147,4272,51419,335
2022-09-20,Yuba,115,75493,18851,18834,1707,20541,129
2022-09-19,Alameda,001,1643700,346290,344045,19599,363644,2007
2022-09-19,Alpine,002,1148,134,134,1,135,0
2022-09-19,Amador,005,37829,9966,9908,922,10830,90
2022-09-19,Butte,007,227075,39414,39155,9082,48237,453
2022-09-19,Calaveras,009,45235,8483,8455,542,8997,133
2022-09-19,Colusa,011,21464,3790,3765,1271,5036,22
2022-09-19,Contra Costa,013,1133247,250559,247095,20648,267743,1423
2022-09-19,Del Norte,015,27424,7420,7381,398,7779,56
2022-09-19,El Dorado,017,186661,32162,32088,4231,36319,231
2022-09-19,Fresno,019,978130,277773,272774,31641,304415,2839
2022-09-19,Glenn,021,27897,5516,5481,1861,7342,48
2022-09-19,Humboldt,023,135768,21730,21561,4964,26525,155
2022-09-19,Imperial,025,180216,65377,65099,15669,80768,956
2022-09-19,Inyo,027,18085,4486,4472,972,5444,59
2022-09-19,Kern,029,883053,218892,217694,63456,281150,2405
2022-09-19,Kings,031,150075,59333,59122,4092,63214,456
2022-09-19,Lake,033,64148,12773,12696,1180,13876,144
2022-09-19,Lassen,035,31185,9958,9938,992,10930,65
2022-09-19,Los Angeles,037,10098052,3271721,3253906,179701,3433607,33160
2022-09-19,Madera,039,155013,43966,43782,8228,52010,373
2022-09-19,Marin,041,260295,44977,44702,5245,49947,309
2022-09-19,Mariposa,043,17540,3096,3064,343,3407,31
2022-09-19,Mendocino,045,87422,15977,15872,4458,20330,136
2022-09-19,Merced,047,269075,72495,71732,11848,83580,862
2022-09-19,Modoc,049,8938,875,872,322,1194,11
2022-09-19,Mono,051,14174,3204,3191,252,3443,7
2022-09-19,Monterey,053,433212,94024,93692,20937,114629,762
2022-09-19,Napa,055,140530,32084,31979,1400,33379,160
2022-09-19,Nevada,057,99092,18936,18824,1822,20646,132
2022-09-19,Orange,059,3164182,665716,662784,63051,725835,7398
2022-09-19,Placer,061,380077,75606,75159,9480,84639,660
2022-09-19,Plumas,063,18699,3643,3609,432,4041,13
2022-09-19,Riverside,065,2383286,693992,691630,35177,726807,6608
2022-09-19,Sacramento,067,1510023,345639,343926,34070,377996,3267
2022-09-19,San Benito,069,59416,16252,16057,962,17019,106
2022-09-19,San Bernardino,071,2135413,669748,664360,30765,695125,8074
2022-09-19,San Diego,073,3302833,920435,917229,71670,988899,5479
2022-09-19,San Francisco,075,870044,178340,176724,12032,188756,1025
2022-09-19,San Joaquin,077,732212,197315,196128,14856,210984,2304
2022-09-19,San Luis Obispo,079,281455,63123,62716,7082,69798,520
2022-09-19,San Mateo,081,765935,168134,166572,10424,176996,735
2022-09-19,Santa Barbara,083,443738,105433,104912,6833,111745,718
2022-09-19,Santa Clara,085,1922200,434414,428065,18915,446980,2473
2022-09-19,Santa Cruz,087,273765,62794,62480,3415,65895,274
2022-09-19,Shasta,089,179085,34874,34648,7401,42049,591
2022-09-19,Sierra,091,2930,303,303,60,363,5
2022-09-19,Siskiyou,093,43540,5123,5226,3296,8522,90
2022-09-19,Solano,095,438530,104940,104085,7858,111943,462
2022-09-19,Sonoma,097,501317,106536,106028,5252,111280,518
2022-09-19,Stanislaus,099,539301,137577,136981,21545,158526,1727
2022-09-19,Sutter,101,95872,24194,24119,2458,26577,232
2022-09-19,Tehama,103,63373,13592,13503,3065,16568,210
2022-09-19,Trinity,105,12862,1395,1385,388,1773,20
2022-09-19,Tulare,107,460477,121747,121230,36139,157369,1531
2022-09-19,Tuolumne,109,53932,15539,15411,917,16328,196
2022-09-19,Ventura,111,848112,207971,207049,15649,222698,1563
2022-09-19,Yolo,113,214977,47241,47085,4270,51355,334
2022-09-19,Yuba,115,75493,18841,18764,1700,20464,129
2022-09-18,Alameda,001,1643700,346086,344045,19584,363629,2007
2022-09-18,Alpine,002,1148,134,134,1,135,0
2022-09-18,Amador,005,37829,9960,9908,922,10830,90
2022-09-18,Butte,007,227075,39396,39155,9071,48226,453
2022-09-18,Calaveras,009,45235,8477,8455,539,8994,133
2022-09-18,Colusa,011,21464,3789,3765,1271,5036,22
2022-09-18,Contra Costa,013,1133247,250407,247095,20637,267732,1423
2022-09-18,Del Norte,015,27424,7414,7381,398,7779,56
2022-09-18,El Dorado,017,186661,32148,32088,4228,36316,231
2022-09-18,Fresno,019,978130,277674,272774,31616,304390,2839
2022-09-18,Glenn,021,27897,5511,5481,1861,7342,48
2022-09-18,Humboldt,023,135768,21716,21561,4956,26517,155
2022-09-18,Imperial,025,180216,65358,65099,15647,80746,956
2022-09-18,Inyo,027,18085,4484,4472,971,5443,59
2022-09-18,Kern,029,883053,218819,217694,63382,281076,2405
2022-09-18,Kings,031,150075,59315,59122,4088,63210,456
2022-09-18,Lake,033,64148,12767,12696,1177,13873,144
2022-09-18,Lassen,035,31185,9954,9938,992,10930,65
2022-09-18,Los Angeles,037,10098052,3270173,3253906,179535,3433441,33160
2022-09-18,Madera,039,155013,43942,43782,8225,52007,373
2022-09-18,Marin,041,260295,44954,44702,5241,49943,309
2022-09-18,Mariposa,043,17540,3095,3064,343,3407,31
2022-09-18,Mendocino,045,87422,15973,15872,4453,20325,136
2022-09-18,Merced,047,269075,72467,71732,11841,83573,862
2022-09-18,Modoc,049,8938,874,872,322,1194,11
2022-09-18,Mono,051,14174,3204,3191,251,3442,7
2022-09-18,Monterey,053,433212,93995,93692,20921,114613,762
2022-09-18,Napa,055,140530,32068,31979,1400,33379,160
2022-09-18,Nevada,057,99092,18923,18824,1821,20645,132
2022-09-18,Orange,059,3164182,665430,662784,62967,725751,7398
2022-09-18,Placer,061,380077,75569,75159,9471,84630,660
2022-09-18,Plumas,063,18699,3637,3609,432,4041,13
2022-09-18,Riverside,065,2383286,693754,691630,35150,726780,6608
2022-09-18,Sacramento,067,1510023,345454,343926,34038,377964,3267
2022-09-18,San Benito,069,59416,16246,16057,959,17016,106
2022-09-18,San Bernardino,071,2135413,669511,664360,30745,695105,8074
2022-09-18,San Diego,073,3302833,919956,917229,71619,988848,5479
2022-09-18,San Francisco,075,870044,178199,176724,12027,188751,1025
2022-09-18,San Joaquin,077,732212,197235,196128,14850,210978,2304
2022-09-18,San Luis Obispo,079,281455,63103,62716,7073,69789,520
2022-09-18,San Mateo,081,765935,168030,166572,10415,176987,735
2022-09-18,Santa Barbara,083,443738,105387,104912,6829,111741,718
2022-09-18,Santa Clara,085,1922200,434168,428065,18893,446958,2473
2022-09-18,Santa Cruz,087,273765,62764,62480,3410,65890,274
2022-09-18,Shasta,089,179085,34855,34648,7388,42036,591
2022-09-18,Sierra,091,2930,303,303,60,363,5
2022-09-18,Siskiyou,093,43540,5120,5226,3294,8520,90
2022-09-18,Solano,095,438530,104885,104085,7847,111932,462
2022-09-18,Sonoma,097,501317,106480,106028,5249,111277,518
2022-09-18,Stanislaus,099,539301,137524,136981,21533,158514,1727
2022-09-18,Sutter,101,95872,24181,24119,2458,26577,232
2022-09-18,Tehama,103,63373,13582,13503,3063,16566,210
2022-09-18,Trinity,105,12862,1395,1385,384,1769,20
2022-09-18,Tulare,107,460477,121697,121230,36109,157339,1531
2022-09-18,Tuolumne,109,53932,15529,15411,916,16327,196
2022-09-18,Ventura,111,848112,207860,207049,15636,222685,1563
2022-09-18,Yolo,113,214977,47228,47085,4267,51352,334
2022-09-18,Yuba,115,75493,18831,18764,1700,20464,129
2022-09-17,Alameda,001,1643700,345968,344045,19580,363625,2007
2022-09-17,Alpine,002,1148,134,134,1,135,0
2022-09-17,Amador,005,37829,9958,9908,922,10830,90
2022-09-17,Butte,007,227075,39385,39155,9066,48221,453
2022-09-17,Calaveras,009,45235,8473,8455,537,8992,133
2022-09-17,Colusa,011,21464,3785,3765,1271,5036,22
2022-09-17,Contra Costa,013,1133247,250322,247095,20634,267729,1423
2022-09-17,Del Norte,015,27424,7412,7381,398,7779,56
2022-09-17,El Dorado,017,186661,32142,32088,4228,36316,231
2022-09-17,Fresno,019,978130,277628,272774,31606,304380,2839
2022-09-17,Glenn,021,27897,5507,5481,1859,7340,48
2022-09-17,Humboldt,023,135768,21708,21561,4950,26511,155
2022-09-17,Imperial,025,180216,65337,65099,15639,80738,956
2022-09-17,Inyo,027,18085,4484,4472,969,5441,59
2022-09-17,Kern,029,883053,218782,217694,63339,281033,2405
2022-09-17,Kings,031,150075,59304,59122,4086,63208,456
2022-09-17,Lake,033,64148,12766,12696,1177,13873,144
2022-09-17,Lassen,035,31185,9954,9938,992,10930,65
2022-09-17,Los Angeles,037,10098052,3269345,3253906,179389,3433295,33160
2022-09-17,Madera,039,155013,43935,43782,8225,52007,373
2022-09-17,Marin,041,260295,44938,44702,5237,49939,309
2022-09-17,Mariposa,043,17540,3094,3064,343,3407,31
2022-09-17,Mendocino,045,87422,15971,15872,4453,20325,136
2022-09-17,Merced,047,269075,72453,71732,11837,83569,862
2022-09-17,Modoc,049,8938,874,872,322,1194,11
2022-09-17,Mono,051,14174,3204,3191,251,3442,7
2022-09-17,Monterey,053,433212,93982,93692,20912,114604,762
2022-09-17,Napa,055,140530,32062,31979,1399,33378,160
2022-09-17,Nevada,057,99092,18914,18824,1819,20643,132
2022-09-17,Orange,059,3164182,665257,662784,62926,725710,7398
2022-09-17,Placer,061,380077,75534,75159,9465,84624,660
2022-09-17,Plumas,063,18699,3635,3609,432,4041,13
2022-09-17,Riverside,065,2383286,693611,691630,35132,726762,6608
2022-09-17,Sacramento,067,1510023,345377,343926,34017,377943,3267
2022-09-17,San Benito,069,59416,16241,16057,958,17015,106
2022-09-17,San Bernardino,071,2135413,669380,664360,30734,695094,8074
2022-09-17,San Diego,073,3302833,919778,917229,71598,988827,5479
2022-09-17,San Francisco,075,870044,178138,176724,12023,188747,1025
2022-09-17,San Joaquin,077,732212,197210,196128,14847,210975,2304
2022-09-17,San Luis Obispo,079,281455,63092,62716,7073,69789,520
2022-09-17,San Mateo,081,765935,167965,166572,10407,176979,735
2022-09-17,Santa Barbara,083,443738,105357,104912,6828,111740,718
2022-09-17,Santa Clara,085,1922200,434026,428065,18886,446951,2473
2022-09-17,Santa Cruz,087,273765,62756,62480,3410,65890,274
2022-09-17,Shasta,089,179085,34844,34648,7383,42031,591
2022-09-17,Sierra,091,2930,303,303,60,363,5
2022-09-17,Siskiyou,093,43540,5119,5226,3293,8519,90
2022-09-17,Solano,095,438530,104874,104085,7844,111929,462
2022-09-17,Sonoma,097,501317,106444,106028,5248,111276,518
2022-09-17,Stanislaus,099,539301,137499,136981,21527,158508,1727
2022-09-17,Sutter,101,95872,24175,24119,2458,26577,232
2022-09-17,Tehama,103,63373,13580,13503,3062,16565,210
2022-09-17,Trinity,105,12862,1395,1385,384,1769,20
2022-09-17,Tulare,107,460477,121679,121230,36097,157327,1531
2022-09-17,Tuolumne,109,53932,15523,15411,916,16327,196
2022-09-17,Ventura,111,848112,207814,207049,15627,222676,1563
2022-09-17,Yolo,113,214977,47218,47085,4262,51347,334
2022-09-17,Yuba,115,75493,18828,18764,1700,20464,129
2022-09-16,Alameda,001,1643700,345833,344045,19567,363612,2007
2022-09-16,Alpine,002,1148,134,134,1,135,0
2022-09-16,Amador,005,37829,9956,9908,922,10830,90
2022-09-16,Butte,007,227075,39369,39155,9063,48218,453
2022-09-16,Calaveras,009,45235,8470,8455,537,8992,133
2022-09-16,Colusa,011,21464,3784,3765,1271,5036,22
2022-09-16,Contra Costa,013,1133247,250237,247095,20627,267722,1423
2022-09-16,Del Norte,015,27424,7411,7381,398,7779,56
2022-09-16,El Dorado,017,186661,32135,32088,4226,36314,231
2022-09-16,Fresno,019,978130,277588,272774,31597,304371,2839
2022-09-16,Glenn,021,27897,5507,5481,1859,7340,48
2022-09-16,Humboldt,023,135768,21698,21561,4950,26511,155
2022-09-16,Imperial,025,180216,65324,65099,15634,80733,956
2022-09-16,Inyo,027,18085,4484,4472,967,5439,59
2022-09-16,Kern,029,883053,218740,217694,63317,281011,2405
2022-09-16,Kings,031,150075,59289,59122,4086,63208,456
2022-09-16,Lake,033,64148,12762,12696,1177,13873,144
2022-09-16,Lassen,035,31185,9953,9938,991,10929,65
2022-09-16,Los Angeles,037,10098052,3268452,3253906,179286,3433192,33160
2022-09-16,Madera,039,155013,43921,43782,8225,52007,373
2022-09-16,Marin,041,260295,44916,44702,5234,49936,309
2022-09-16,Mariposa,043,17540,3093,3064,343,3407,31
2022-09-16,Mendocino,045,87422,15966,15872,4452,20324,136
2022-09-16,Merced,047,269075,72438,71732,11835,83567,862
2022-09-16,Modoc,049,8938,874,872,322,1194,11
2022-09-16,Mono,051,14174,3204,3191,251,3442,7
2022-09-16,Monterey,053,433212,93965,93692,20909,114601,762
2022-09-16,Napa,055,140530,32052,31979,1398,33377,160
2022-09-16,Nevada,057,99092,18909,18824,1819,20643,132
2022-09-16,Orange,059,3164182,665093,662784,62869,725653,7398
2022-09-16,Placer,061,380077,75516,75159,9460,84619,660
2022-09-16,Plumas,063,18699,3633,3609,432,4041,13
2022-09-16,Riverside,065,2383286,693493,691630,35114,726744,6608
2022-09-16,Sacramento,067,1510023,345282,343926,34010,377936,3267
2022-09-16,San Benito,069,59416,16234,16057,958,17015,106
2022-09-16,San Bernardino,071,2135413,669233,664360,30725,695085,8074
2022-09-16,San Diego,073,3302833,919498,917229,71571,988800,5479
2022-09-16,San Francisco,075,870044,178079,176724,12017,188741,1025
2022-09-16,San Joaquin,077,732212,197174,196128,14843,210971,2304
2022-09-16,San Luis Obispo,079,281455,63076,62716,7072,69788,520
2022-09-16,San Mateo,081,765935,167896,166572,10403,176975,735
2022-09-16,Santa Barbara,083,443738,105331,104912,6826,111738,718
2022-09-16,Santa Clara,085,1922200,433889,428065,18876,446941,2473
2022-09-16,Santa Cruz,087,273765,62735,62480,3410,65890,274
2022-09-16,Shasta,089,179085,34838,34648,7379,42027,591
2022-09-16,Sierra,091,2930,303,303,60,363,5
2022-09-16,Siskiyou,093,43540,5117,5226,3293,8519,90
2022-09-16,Solano,095,438530,104850,104085,7841,111926,462
2022-09-16,Sonoma,097,501317,106413,106028,5248,111276,518
2022-09-16,Stanislaus,099,539301,137462,136981,21524,158505,1727
2022-09-16,Sutter,101,95872,24162,24119,2458,26577,232
2022-09-16,Tehama,103,63373,13578,13503,3061,16564,210
2022-09-16,Trinity,105,12862,1395,1385,384,1769,20
2022-09-16,Tulare,107,460477,121653,121230,36079,157309,1531
2022-09-16,Tuolumne,109,53932,15512,15411,916,16327,196
2022-09-16,Ventura,111,848112,207745,207049,15616,222665,1563
2022-09-16,Yolo,113,214977,47207,47085,4257,51342,334
2022-09-16,Yuba,115,75493,18819,18764,1700,20464,129
2022-09-15,Alameda,001,1643700,345658,344045,19554,363599,2007
2022-09-15,Alpine,002,1148,134,134,1,135,0
2022-09-15,Amador,005,37829,9952,9908,922,10830,90
2022-09-15,Butte,007,227075,39359,39155,9058,48213,453
2022-09-15,Calaveras,009,45235,8468,8455,534,8989,133
2022-09-15,Colusa,011,21464,3783,3765,1271,5036,22
2022-09-15,Contra Costa,013,1133247,250105,247095,20609,267704,1423
2022-09-15,Del Norte,015,27424,7408,7381,398,7779,56
2022-09-15,El Dorado,017,186661,32126,32088,4224,36312,231
2022-09-15,Fresno,019,978130,277483,272774,31587,304361,2839
2022-09-15,Glenn,021,27897,5507,5481,1858,7339,48
2022-09-15,Humboldt,023,135768,21681,21561,4942,26503,155
2022-09-15,Imperial,025,180216,65300,65099,15619,80718,956
2022-09-15,Inyo,027,18085,4484,4472,964,5436,59
2022-09-15,Kern,029,883053,218682,217694,63262,280956,2405
2022-09-15,Kings,031,150075,59271,59122,4086,63208,456
2022-09-15,Lake,033,64148,12759,12696,1176,13872,144
2022-09-15,Lassen,035,31185,9952,9938,991,10929,65
2022-09-15,Los Angeles,037,10098052,3267292,3253906,179125,3433031,33160
2022-09-15,Madera,039,155013,43910,43782,8222,52004,373
2022-09-15,Marin,041,260295,44898,44702,5231,49933,309
2022-09-15,Mariposa,043,17540,3092,3064,342,3406,31
2022-09-15,Mendocino,045,87422,15955,15872,4450,20322,136
2022-09-15,Merced,047,269075,72416,71732,11831,83563,862
2022-09-15,Modoc,049,8938,874,872,321,1193,11
2022-09-15,Mono,051,14174,3204,3191,249,3440,7
2022-09-15,Monterey,053,433212,93944,93692,20899,114591,762
2022-09-15,Napa,055,140530,32039,31979,1398,33377,160
2022-09-15,Nevada,057,99092,18901,18824,1816,20640,132
2022-09-15,Orange,059,3164182,664862,662784,62794,725578,7398
2022-09-15,Placer,061,380077,75479,75159,9455,84614,660
2022-09-15,Plumas,063,18699,3633,3609,432,4041,13
2022-09-15,Riverside,065,2383286,693321,691630,35097,726727,6608
2022-09-15,Sacramento,067,1510023,345129,343926,33980,377906,3267
2022-09-15,San Benito,069,59416,16228,16057,958,17015,106
2022-09-15,San Bernardino,071,2135413,669038,664360,30709,695069,8074
2022-09-15,San Diego,073,3302833,919139,917229,71531,988760,5479
2022-09-15,San Francisco,075,870044,177972,176724,12010,188734,1025
2022-09-15,San Joaquin,077,732212,197106,196128,14830,210958,2304
2022-09-15,San Luis Obispo,079,281455,63052,62716,7069,69785,520
2022-09-15,San Mateo,081,765935,167805,166572,10394,176966,735
2022-09-15,Santa Barbara,083,443738,105291,104912,6820,111732,718
2022-09-15,Santa Clara,085,1922200,433682,428065,18861,446926,2473
2022-09-15,Santa Cruz,087,273765,62713,62480,3406,65886,274
2022-09-15,Shasta,089,179085,34832,34648,7371,42019,591
2022-09-15,Sierra,091,2930,303,303,60,363,5
2022-09-15,Siskiyou,093,43540,5113,5226,3290,8516,90
2022-09-15,Solano,095,438530,104808,104085,7835,111920,462
2022-09-15,Sonoma,097,501317,106376,106028,5246,111274,518
2022-09-15,Stanislaus,099,539301,137419,136981,21520,158501,1727
2022-09-15,Sutter,101,95872,24154,24119,2458,26577,232
2022-09-15,Tehama,103,63373,13573,13503,3059,16562,210
2022-09-15,Trinity,105,12862,1394,1385,383,1768,20
2022-09-15,Tulare,107,460477,121626,121230,36059,157289,1531
2022-09-15,Tuolumne,109,53932,15503,15411,916,16327,196
2022-09-15,Ventura,111,848112,207650,207049,15602,222651,1563
2022-09-15,Yolo,113,214977,47194,47085,4255,51340,334
2022-09-15,Yuba,115,75493,18811,18764,1698,20462,129
2022-09-14,Alameda,001,1643700,345476,344045,19542,363587,2007
2022-09-14,Alpine,002,1148,134,134,1,135,0
2022-09-14,Amador,005,37829,9946,9908,922,10830,90
2022-09-14,Butte,007,227075,39340,39155,9051,48206,453
2022-09-14,Calaveras,009,45235,8462,8455,532,8987,133
2022-09-14,Colusa,011,21464,3780,3765,1271,5036,22
2022-09-14,Contra Costa,013,1133247,249995,247095,20595,267690,1423
2022-09-14,Del Norte,015,27424,7405,7381,398,7779,56
2022-09-14,El Dorado,017,186661,32114,32088,4218,36306,231
2022-09-14,Fresno,019,978130,277388,272774,31572,304346,2839
2022-09-14,Glenn,021,27897,5507,5481,1855,7336,48
2022-09-14,Humboldt,023,135768,21659,21561,4939,26500,155
2022-09-14,Imperial,025,180216,65274,65099,15602,80701,956
2022-09-14,Inyo,027,18085,4482,4472,962,5434,59
2022-09-14,Kern,029,883053,218622,217694,63205,280899,2405
2022-09-14,Kings,031,150075,59249,59122,4082,63204,456
2022-09-14,Lake,033,64148,12751,12696,1175,13871,144
2022-09-14,Lassen,035,31185,9952,9938,989,10927,65
2022-09-14,Los Angeles,037,10098052,3266041,3253906,178979,3432885,33160
2022-09-14,Madera,039,155013,43880,43782,8217,51999,373
2022-09-14,Marin,041,260295,44876,44702,5223,49925,309
2022-09-14,Mariposa,043,17540,3091,3064,342,3406,31
2022-09-14,Mendocino,045,87422,15950,15872,4449,20321,136
2022-09-14,Merced,047,269075,72388,71732,11821,83553,862
2022-09-14,Modoc,049,8938,873,872,320,1192,11
2022-09-14,Mono,051,14174,3204,3191,248,3439,7
2022-09-14,Monterey,053,433212,93925,93692,20891,114583,762
2022-09-14,Napa,055,140530,32025,31979,1394,33373,160
2022-09-14,Nevada,057,99092,18890,18824,1814,20638,132
2022-09-14,Orange,059,3164182,664575,662784,62740,725524,7398
2022-09-14,Placer,061,380077,75448,75159,9452,84611,660
2022-09-14,Plumas,063,18699,3627,3609,432,4041,13
2022-09-14,Riverside,065,2383286,693086,691630,35068,726698,6608
2022-09-14,Sacramento,067,1510023,344972,343926,33939,377865,3267
2022-09-14,San Benito,069,59416,16220,16057,958,17015,106
2022-09-14,San Bernardino,071,2135413,668843,664360,30693,695053,8074
2022-09-14,San Diego,073,3302833,918759,917229,71483,988712,5479
2022-09-14,San Francisco,075,870044,177873,176724,12003,188727,1025
2022-09-14,San Joaquin,077,732212,197037,196128,14818,210946,2304
2022-09-14,San Luis Obispo,079,281455,63028,62716,7064,69780,520
2022-09-14,San Mateo,081,765935,167727,166572,10389,176961,735
2022-09-14,Santa Barbara,083,443738,105256,104912,6818,111730,718
2022-09-14,Santa Clara,085,1922200,433487,428065,18850,446915,2473
2022-09-14,Santa Cruz,087,273765,62699,62480,3404,65884,274
2022-09-14,Shasta,089,179085,34820,34648,7361,42009,591
2022-09-14,Sierra,091,2930,303,303,60,363,5
2022-09-14,Siskiyou,093,43540,5109,5226,3289,8515,90
2022-09-14,Solano,095,438530,104775,104085,7830,111915,462
2022-09-14,Sonoma,097,501317,106322,106028,5242,111270,518
2022-09-14,Stanislaus,099,539301,137352,136981,21510,158491,1727
2022-09-14,Sutter,101,95872,24141,24119,2458,26577,232
2022-09-14,Tehama,103,63373,13572,13503,3056,16559,210
2022-09-14,Trinity,105,12862,1394,1385,379,1764,20
2022-09-14,Tulare,107,460477,121601,121230,36036,157266,1531
2022-09-14,Tuolumne,109,53932,15495,15411,916,16327,196
2022-09-14,Ventura,111,848112,207561,207049,15592,222641,1563
2022-09-14,Yolo,113,214977,47185,47085,4249,51334,334
2022-09-14,Yuba,115,75493,18804,18764,1697,20461,129
2022-09-13,Alameda,001,1643700,345284,344045,19530,363575,2007
2022-09-13,Alpine,002,1148,134,134,1,135,0
2022-09-13,Amador,005,37829,9941,9908,922,10830,90
2022-09-13,Butte,007,227075,39312,39155,9045,48200,453
2022-09-13,Calaveras,009,45235,8459,8455,530,8985,133
2022-09-13,Colusa,011,21464,3778,3765,1271,5036,22
2022-09-13,Contra Costa,013,1133247,249863,247095,20585,267680,1423
2022-09-13,Del Norte,015,27424,7401,7381,398,7779,56
2022-09-13,El Dorado,017,186661,32100,32088,4214,36302,231
2022-09-13,Fresno,019,978130,277294,272774,31554,304328,2839
2022-09-13,Glenn,021,27897,5506,5481,1853,7334,48
2022-09-13,Humboldt,023,135768,21641,21561,4930,26491,155
2022-09-13,Imperial,025,180216,65251,65099,15592,80691,956
2022-09-13,Inyo,027,18085,4480,4472,959,5431,59
2022-09-13,Kern,029,883053,218530,217694,63121,280815,2405
2022-09-13,Kings,031,150075,59213,59122,4080,63202,456
2022-09-13,Lake,033,64148,12745,12696,1175,13871,144
2022-09-13,Lassen,035,31185,9952,9938,986,10924,65
2022-09-13,Los Angeles,037,10098052,3264718,3253906,178828,3432734,33160
2022-09-13,Madera,039,155013,43869,43782,8209,51991,373
2022-09-13,Marin,041,260295,44860,44702,5219,49921,309
2022-09-13,Mariposa,043,17540,3089,3064,342,3406,31
2022-09-13,Mendocino,045,87422,15945,15872,4445,20317,136
2022-09-13,Merced,047,269075,72365,71732,11818,83550,862
2022-09-13,Modoc,049,8938,873,872,320,1192,11
2022-09-13,Mono,051,14174,3204,3191,248,3439,7
2022-09-13,Monterey,053,433212,93896,93692,20879,114571,762
2022-09-13,Napa,055,140530,32005,31979,1394,33373,160
2022-09-13,Nevada,057,99092,18879,18824,1812,20636,132
2022-09-13,Orange,059,3164182,664290,662784,62670,725454,7398
2022-09-13,Placer,061,380077,75414,75159,9448,84607,660
2022-09-13,Plumas,063,18699,3624,3609,432,4041,13
2022-09-13,Riverside,065,2383286,692862,691630,35044,726674,6608
2022-09-13,Sacramento,067,1510023,344790,343926,33904,377830,3267
2022-09-13,San Benito,069,59416,16211,16057,958,17015,106
2022-09-13,San Bernardino,071,2135413,668597,664360,30674,695034,8074
2022-09-13,San Diego,073,3302833,918356,917229,71444,988673,5479
2022-09-13,San Francisco,075,870044,177767,176724,11997,188721,1025
2022-09-13,San Joaquin,077,732212,196954,196128,14808,210936,2304
2022-09-13,San Luis Obispo,079,281455,62998,62716,7056,69772,520
2022-09-13,San Mateo,081,765935,167642,166572,10386,176958,735
2022-09-13,Santa Barbara,083,443738,105201,104912,6811,111723,718
2022-09-13,Santa Clara,085,1922200,433256,428065,18838,446903,2473
2022-09-13,Santa Cruz,087,273765,62674,62480,3402,65882,274
2022-09-13,Shasta,089,179085,34795,34648,7357,42005,591
2022-09-13,Sierra,091,2930,303,303,60,363,5
2022-09-13,Siskiyou,093,43540,5105,5226,3288,8514,90
2022-09-13,Solano,095,438530,104719,104085,7821,111906,462
2022-09-13,Sonoma,097,501317,106266,106028,5240,111268,518
2022-09-13,Stanislaus,099,539301,137302,136981,21504,158485,1727
2022-09-13,Sutter,101,95872,24130,24119,2457,26576,232
2022-09-13,Tehama,103,63373,13563,13503,3055,16558,210
2022-09-13,Trinity,105,12862,1393,1385,379,1764,20
2022-09-13,Tulare,107,460477,121570,121230,36006,157236,1531
2022-09-13,Tuolumne,109,53932,15489,15411,916,16327,196
2022-09-13,Ventura,111,848112,207466,207049,15576,222625,1563
2022-09-13,Yolo,113,214977,47173,47085,4244,51329,334
2022-09-13,Yuba,115,75493,18795,18764,1696,20460,129
2022-09-12,Alameda,001,1643700,345063,343017,19513,362530,2006
2022-09-12,Alpine,002,1148,134,134,1,135,0
2022-09-12,Amador,005,37829,9933,9890,921,10811,89
2022-09-12,Butte,007,227075,39293,39049,9036,48085,453
2022-09-12,Calaveras,009,45235,8455,8444,530,8974,133
2022-09-12,Colusa,011,21464,3777,3755,1270,5025,22
2022-09-12,Contra Costa,013,1133247,249733,246174,20568,266742,1415
2022-09-12,Del Norte,015,27424,7398,7354,398,7752,56
2022-09-12,El Dorado,017,186661,32083,32027,4208,36235,229
2022-09-12,Fresno,019,978130,277167,272161,31534,303695,2835
2022-09-12,Glenn,021,27897,5502,5473,1853,7326,48
2022-09-12,Humboldt,023,135768,21625,21494,4919,26413,155
2022-09-12,Imperial,025,180216,65227,64926,15574,80500,956
2022-09-12,Inyo,027,18085,4478,4465,957,5422,59
2022-09-12,Kern,029,883053,218453,217203,63051,280254,2404
2022-09-12,Kings,031,150075,59196,58980,4076,63056,455
2022-09-12,Lake,033,64148,12736,12663,1172,13835,144
2022-09-12,Lassen,035,31185,9951,9931,986,10917,64
2022-09-12,Los Angeles,037,10098052,3263193,3246402,178640,3425042,33094
2022-09-12,Madera,039,155013,43857,43599,8199,51798,373
2022-09-12,Marin,041,260295,44840,44584,5215,49799,305
2022-09-12,Mariposa,043,17540,3084,3058,342,3400,31
2022-09-12,Mendocino,045,87422,15934,15853,4437,20290,135
2022-09-12,Merced,047,269075,72325,71563,11805,83368,856
2022-09-12,Modoc,049,8938,873,872,318,1190,11
2022-09-12,Mono,051,14174,3200,3188,248,3436,7
2022-09-12,Monterey,053,433212,93862,93513,20856,114369,762
2022-09-12,Napa,055,140530,31983,31910,1394,33304,158
2022-09-12,Nevada,057,99092,18870,18784,1811,20595,132
2022-09-12,Orange,059,3164182,663994,661329,62592,723921,7371
2022-09-12,Placer,061,380077,75383,74994,9443,84437,657
2022-09-12,Plumas,063,18699,3621,3594,431,4025,13
2022-09-12,Riverside,065,2383286,692576,690018,35021,725039,6596
2022-09-12,Sacramento,067,1510023,344621,343048,33872,376920,3254
2022-09-12,San Benito,069,59416,16198,16000,958,16958,103
2022-09-12,San Bernardino,071,2135413,668283,662248,30657,692905,8057
2022-09-12,San Diego,073,3302833,917873,915648,71395,987043,5474
2022-09-12,San Francisco,075,870044,177650,176512,11990,188502,1022
2022-09-12,San Joaquin,077,732212,196858,195697,14795,210492,2303
2022-09-12,San Luis Obispo,079,281455,62968,62569,7051,69620,519
2022-09-12,San Mateo,081,765935,167549,166165,10376,176541,735
2022-09-12,Santa Barbara,083,443738,105164,104627,6807,111434,717
2022-09-12,Santa Clara,085,1922200,432999,426854,18824,445678,2478
2022-09-12,Santa Cruz,087,273765,62646,62255,3401,65656,274
2022-09-12,Shasta,089,179085,34774,34531,7351,41882,591
2022-09-12,Sierra,091,2930,303,303,60,363,5
2022-09-12,Siskiyou,093,43540,5102,5197,3285,8482,90
2022-09-12,Solano,095,438530,104666,103841,7812,111653,461
2022-09-12,Sonoma,097,501317,106217,105778,5233,111011,521
2022-09-12,Stanislaus,099,539301,137244,136674,21499,158173,1726
2022-09-12,Sutter,101,95872,24119,24037,2455,26492,228
2022-09-12,Tehama,103,63373,13557,13471,3054,16525,210
2022-09-12,Trinity,105,12862,1392,1383,378,1761,20
2022-09-12,Tulare,107,460477,121513,120972,35975,156947,1529
2022-09-12,Tuolumne,109,53932,15480,15362,916,16278,196
2022-09-12,Ventura,111,848112,207356,206442,15561,222003,1558
2022-09-12,Yolo,113,214977,47158,46989,4242,51231,334
2022-09-12,Yuba,115,75493,18781,18709,1691,20400,129
2022-09-11,Alameda,001,1643700,344794,343017,19490,362507,2006
2022-09-11,Alpine,002,1148,134,134,1,135,0
2022-09-11,Amador,005,37829,9926,9890,918,10808,89
2022-09-11,Butte,007,227075,39258,39049,9029,48078,453
2022-09-11,Calaveras,009,45235,8452,8444,529,8973,133
2022-09-11,Colusa,011,21464,3775,3755,1268,5023,22
2022-09-11,Contra Costa,013,1133247,249567,246174,20540,266714,1415
2022-09-11,Del Norte,015,27424,7393,7354,397,7751,56
2022-09-11,El Dorado,017,186661,32067,32027,4200,36227,229
2022-09-11,Fresno,019,978130,277056,272161,31512,303673,2835
2022-09-11,Glenn,021,27897,5499,5473,1853,7326,48
2022-09-11,Humboldt,023,135768,21606,21494,4906,26400,155
2022-09-11,Imperial,025,180216,65184,64926,15546,80472,956
2022-09-11,Inyo,027,18085,4477,4465,948,5413,59
2022-09-11,Kern,029,883053,218347,217203,62950,280153,2404
2022-09-11,Kings,031,150075,59159,58980,4073,63053,455
2022-09-11,Lake,033,64148,12722,12663,1169,13832,144
2022-09-11,Lassen,035,31185,9945,9931,986,10917,64
2022-09-11,Los Angeles,037,10098052,3261455,3246402,178397,3424799,33094
2022-09-11,Madera,039,155013,43825,43599,8192,51791,373
2022-09-11,Marin,041,260295,44813,44584,5213,49797,305
2022-09-11,Mariposa,043,17540,3081,3058,342,3400,31
2022-09-11,Mendocino,045,87422,15924,15853,4431,20284,135
2022-09-11,Merced,047,269075,72288,71563,11794,83357,856
2022-09-11,Modoc,049,8938,873,872,317,1189,11
2022-09-11,Mono,051,14174,3197,3188,248,3436,7
2022-09-11,Monterey,053,433212,93832,93513,20838,114351,762
2022-09-11,Napa,055,140530,31962,31910,1393,33303,158
2022-09-11,Nevada,057,99092,18860,18784,1807,20591,132
2022-09-11,Orange,059,3164182,663693,661329,62521,723850,7371
2022-09-11,Placer,061,380077,75350,74994,9436,84430,657
2022-09-11,Plumas,063,18699,3615,3594,431,4025,13
2022-09-11,Riverside,065,2383286,692294,690018,34991,725009,6596
2022-09-11,Sacramento,067,1510023,344417,343048,33809,376857,3254
2022-09-11,San Benito,069,59416,16189,16000,954,16954,103
2022-09-11,San Bernardino,071,2135413,667960,662248,30639,692887,8057
2022-09-11,San Diego,073,3302833,917330,915648,71332,986980,5474
2022-09-11,San Francisco,075,870044,177496,176512,11976,188488,1022
2022-09-11,San Joaquin,077,732212,196754,195697,14774,210471,2303
2022-09-11,San Luis Obispo,079,281455,62936,62569,7037,69606,519
2022-09-11,San Mateo,081,765935,167435,166165,10371,176536,735
2022-09-11,Santa Barbara,083,443738,105123,104627,6803,111430,717
2022-09-11,Santa Clara,085,1922200,432710,426854,18808,445662,2478
2022-09-11,Santa Cruz,087,273765,62610,62255,3397,65652,274
2022-09-11,Shasta,089,179085,34743,34531,7343,41874,591
2022-09-11,Sierra,091,2930,303,303,60,363,5
2022-09-11,Siskiyou,093,43540,5100,5197,3279,8476,90
2022-09-11,Solano,095,438530,104585,103841,7806,111647,461
2022-09-11,Sonoma,097,501317,106150,105778,5227,111005,521
2022-09-11,Stanislaus,099,539301,137177,136674,21483,158157,1726
2022-09-11,Sutter,101,95872,24097,24037,2454,26491,228
2022-09-11,Tehama,103,63373,13543,13471,3051,16522,210
2022-09-11,Trinity,105,12862,1392,1383,378,1761,20
2022-09-11,Tulare,107,460477,121460,120972,35943,156915,1529
2022-09-11,Tuolumne,109,53932,15471,15362,916,16278,196
2022-09-11,Ventura,111,848112,207215,206442,15537,221979,1558
2022-09-11,Yolo,113,214977,47130,46989,4239,51228,334
2022-09-11,Yuba,115,75493,18772,18709,1688,20397,129
2022-09-10,Alameda,001,1643700,344655,343017,19484,362501,2006
2022-09-10,Alpine,002,1148,134,134,1,135,0
2022-09-10,Amador,005,37829,9923,9890,917,10807,89
2022-09-10,Butte,007,227075,39241,39049,9028,48077,453
2022-09-10,Calaveras,009,45235,8450,8444,529,8973,133
2022-09-10,Colusa,011,21464,3774,3755,1268,5023,22
2022-09-10,Contra Costa,013,1133247,249457,246174,20530,266704,1415
2022-09-10,Del Norte,015,27424,7390,7354,397,7751,56
2022-09-10,El Dorado,017,186661,32059,32027,4199,36226,229
2022-09-10,Fresno,019,978130,276971,272161,31501,303662,2835
2022-09-10,Glenn,021,27897,5496,5473,1852,7325,48
2022-09-10,Humboldt,023,135768,21597,21494,4902,26396,155
2022-09-10,Imperial,025,180216,65162,64926,15535,80461,956
2022-09-10,Inyo,027,18085,4477,4465,948,5413,59
2022-09-10,Kern,029,883053,218293,217203,62910,280113,2404
2022-09-10,Kings,031,150075,59149,58980,4073,63053,455
2022-09-10,Lake,033,64148,12719,12663,1169,13832,144
2022-09-10,Lassen,035,31185,9944,9931,986,10917,64
2022-09-10,Los Angeles,037,10098052,3260518,3246402,178252,3424654,33094
2022-09-10,Madera,039,155013,43808,43599,8189,51788,373
2022-09-10,Marin,041,260295,44788,44584,5208,49792,305
2022-09-10,Mariposa,043,17540,3081,3058,341,3399,31
2022-09-10,Mendocino,045,87422,15921,15853,4429,20282,135
2022-09-10,Merced,047,269075,72274,71563,11791,83354,856
2022-09-10,Modoc,049,8938,873,872,316,1188,11
2022-09-10,Mono,051,14174,3196,3188,248,3436,7
2022-09-10,Monterey,053,433212,93811,93513,20834,114347,762
2022-09-10,Napa,055,140530,31954,31910,1393,33303,158
2022-09-10,Nevada,057,99092,18856,18784,1807,20591,132
2022-09-10,Orange,059,3164182,663519,661329,62483,723812,7371
2022-09-10,Placer,061,380077,75321,74994,9434,84428,657
2022-09-10,Plumas,063,18699,3611,3594,431,4025,13
2022-09-10,Riverside,065,2383286,692111,690018,34980,724998,6596
2022-09-10,Sacramento,067,1510023,344323,343048,33799,376847,3254
2022-09-10,San Benito,069,59416,16182,16000,954,16954,103
2022-09-10,San Bernardino,071,2135413,667799,662248,30624,692872,8057
2022-09-10,San Diego,073,3302833,917102,915648,71308,986956,5474
2022-09-10,San Francisco,075,870044,177438,176512,11973,188485,1022
2022-09-10,San Joaquin,077,732212,196703,195697,14766,210463,2303
2022-09-10,San Luis Obispo,079,281455,62923,62569,7035,69604,519
2022-09-10,San Mateo,081,765935,167360,166165,10363,176528,735
2022-09-10,Santa Barbara,083,443738,105102,104627,6801,111428,717
2022-09-10,Santa Clara,085,1922200,432486,426854,18797,445651,2478
2022-09-10,Santa Cruz,087,273765,62599,62255,3395,65650,274
2022-09-10,Shasta,089,179085,34732,34531,7340,41871,591
2022-09-10,Sierra,091,2930,303,303,60,363,5
2022-09-10,Siskiyou,093,43540,5100,5197,3279,8476,90
2022-09-10,Solano,095,438530,104560,103841,7803,111644,461
2022-09-10,Sonoma,097,501317,106128,105778,5227,111005,521
2022-09-10,Stanislaus,099,539301,137137,136674,21477,158151,1726
2022-09-10,Sutter,101,95872,24082,24037,2454,26491,228
2022-09-10,Tehama,103,63373,13542,13471,3051,16522,210
2022-09-10,Trinity,105,12862,1392,1383,378,1761,20
2022-09-10,Tulare,107,460477,121434,120972,35930,156902,1529
2022-09-10,Tuolumne,109,53932,15465,15362,916,16278,196
2022-09-10,Ventura,111,848112,207146,206442,15523,221965,1558
2022-09-10,Yolo,113,214977,47120,46989,4236,51225,334
2022-09-10,Yuba,115,75493,18764,18709,1687,20396,129
2022-09-09,Alameda,001,1643700,344477,343017,19476,362493,2006
2022-09-09,Alpine,002,1148,134,134,1,135,0
2022-09-09,Amador,005,37829,9918,9890,917,10807,89
2022-09-09,Butte,007,227075,39228,39049,9023,48072,453
2022-09-09,Calaveras,009,45235,8448,8444,529,8973,133
2022-09-09,Colusa,011,21464,3772,3755,1267,5022,22
2022-09-09,Contra Costa,013,1133247,249380,246174,20519,266693,1415
2022-09-09,Del Norte,015,27424,7389,7354,397,7751,56
2022-09-09,El Dorado,017,186661,32051,32027,4197,36224,229
2022-09-09,Fresno,019,978130,276901,272161,31490,303651,2835
2022-09-09,Glenn,021,27897,5494,5473,1852,7325,48
2022-09-09,Humboldt,023,135768,21590,21494,4897,26391,155
2022-09-09,Imperial,025,180216,65137,64926,15527,80453,956
2022-09-09,Inyo,027,18085,4475,4465,940,5405,59
2022-09-09,Kern,029,883053,218231,217203,62866,280069,2404
2022-09-09,Kings,031,150075,59130,58980,4073,63053,455
2022-09-09,Lake,033,64148,12716,12663,1168,13831,144
2022-09-09,Lassen,035,31185,9944,9931,986,10917,64
2022-09-09,Los Angeles,037,10098052,3259481,3246402,178107,3424509,33094
2022-09-09,Madera,039,155013,43790,43599,8187,51786,373
2022-09-09,Marin,041,260295,44775,44584,5207,49791,305
2022-09-09,Mariposa,043,17540,3080,3058,341,3399,31
2022-09-09,Mendocino,045,87422,15915,15853,4425,20278,135
2022-09-09,Merced,047,269075,72253,71563,11789,83352,856
2022-09-09,Modoc,049,8938,873,872,316,1188,11
2022-09-09,Mono,051,14174,3196,3188,248,3436,7
2022-09-09,Monterey,053,433212,93796,93513,20825,114338,762
2022-09-09,Napa,055,140530,31942,31910,1393,33303,158
2022-09-09,Nevada,057,99092,18849,18784,1807,20591,132
2022-09-09,Orange,059,3164182,663333,661329,62440,723769,7371
2022-09-09,Placer,061,380077,75299,74994,9431,84425,657
2022-09-09,Plumas,063,18699,3609,3594,431,4025,13
2022-09-09,Riverside,065,2383286,691923,690018,34966,724984,6596
2022-09-09,Sacramento,067,1510023,344188,343048,33786,376834,3254
2022-09-09,San Benito,069,59416,16172,16000,954,16954,103
2022-09-09,San Bernardino,071,2135413,667624,662248,30615,692863,8057
2022-09-09,San Diego,073,3302833,916841,915648,71283,986931,5474
2022-09-09,San Francisco,075,870044,177365,176512,11965,188477,1022
2022-09-09,San Joaquin,077,732212,196647,195697,14751,210448,2303
2022-09-09,San Luis Obispo,079,281455,62917,62569,7032,69601,519
2022-09-09,San Mateo,081,765935,167305,166165,10361,176526,735
2022-09-09,Santa Barbara,083,443738,105065,104627,6798,111425,717
2022-09-09,Santa Clara,085,1922200,432296,426854,18785,445639,2478
2022-09-09,Santa Cruz,087,273765,62578,62255,3393,65648,274
2022-09-09,Shasta,089,179085,34716,34531,7334,41865,591
2022-09-09,Sierra,091,2930,303,303,60,363,5
2022-09-09,Siskiyou,093,43540,5093,5197,3279,8476,90
2022-09-09,Solano,095,438530,104526,103841,7798,111639,461
2022-09-09,Sonoma,097,501317,106100,105778,5227,111005,521
2022-09-09,Stanislaus,099,539301,137109,136674,21470,158144,1726
2022-09-09,Sutter,101,95872,24075,24037,2453,26490,228
2022-09-09,Tehama,103,63373,13537,13471,3051,16522,210
2022-09-09,Trinity,105,12862,1391,1383,378,1761,20
2022-09-09,Tulare,107,460477,121394,120972,35912,156884,1529
2022-09-09,Tuolumne,109,53932,15464,15362,916,16278,196
2022-09-09,Ventura,111,848112,207076,206442,15509,221951,1558
2022-09-09,Yolo,113,214977,47105,46989,4236,51225,334
2022-09-09,Yuba,115,75493,18755,18709,1687,20396,129
2022-09-08,Alameda,001,1643700,344252,343017,19465,362482,2006
2022-09-08,Alpine,002,1148,134,134,1,135,0
2022-09-08,Amador,005,37829,9911,9890,917,10807,89
2022-09-08,Butte,007,227075,39205,39049,9013,48062,453
2022-09-08,Calaveras,009,45235,8448,8444,528,8972,133
2022-09-08,Colusa,011,21464,3772,3755,1267,5022,22
2022-09-08,Contra Costa,013,1133247,249251,246174,20501,266675,1415
2022-09-08,Del Norte,015,27424,7379,7354,397,7751,56
2022-09-08,El Dorado,017,186661,32034,32027,4195,36222,229
2022-09-08,Fresno,019,978130,276785,272161,31467,303628,2835
2022-09-08,Glenn,021,27897,5494,5473,1852,7325,48
2022-09-08,Humboldt,023,135768,21564,21494,4893,26387,155
2022-09-08,Imperial,025,180216,65106,64926,15506,80432,956
2022-09-08,Inyo,027,18085,4473,4465,938,5403,59
2022-09-08,Kern,029,883053,218142,217203,62773,279976,2404
2022-09-08,Kings,031,150075,59101,58980,4071,63051,455
2022-09-08,Lake,033,64148,12707,12663,1168,13831,144
2022-09-08,Lassen,035,31185,9943,9931,986,10917,64
2022-09-08,Los Angeles,037,10098052,3258020,3246402,177910,3424312,33094
2022-09-08,Madera,039,155013,43760,43599,8181,51780,373
2022-09-08,Marin,041,260295,44749,44584,5203,49787,305
2022-09-08,Mariposa,043,17540,3077,3058,341,3399,31
2022-09-08,Mendocino,045,87422,15908,15853,4425,20278,135
2022-09-08,Merced,047,269075,72224,71563,11776,83339,856
2022-09-08,Modoc,049,8938,873,872,316,1188,11
2022-09-08,Mono,051,14174,3196,3188,247,3435,7
2022-09-08,Monterey,053,433212,93764,93513,20804,114317,762
2022-09-08,Napa,055,140530,31929,31910,1393,33303,158
2022-09-08,Nevada,057,99092,18839,18784,1806,20590,132
2022-09-08,Orange,059,3164182,663052,661329,62372,723701,7371
2022-09-08,Placer,061,380077,75267,74994,9427,84421,657
2022-09-08,Plumas,063,18699,3606,3594,431,4025,13
2022-09-08,Riverside,065,2383286,691646,690018,34942,724960,6596
2022-09-08,Sacramento,067,1510023,344015,343048,33762,376810,3254
2022-09-08,San Benito,069,59416,16160,16000,954,16954,103
2022-09-08,San Bernardino,071,2135413,667325,662248,30604,692852,8057
2022-09-08,San Diego,073,3302833,916464,915648,71230,986878,5474
2022-09-08,San Francisco,075,870044,177240,176512,11957,188469,1022
2022-09-08,San Joaquin,077,732212,196562,195697,14734,210431,2303
2022-09-08,San Luis Obispo,079,281455,62899,62569,7026,69595,519
2022-09-08,San Mateo,081,765935,167218,166165,10357,176522,735
2022-09-08,Santa Barbara,083,443738,105023,104627,6793,111420,717
2022-09-08,Santa Clara,085,1922200,432026,426854,18773,445627,2478
2022-09-08,Santa Cruz,087,273765,62547,62255,3390,65645,274
2022-09-08,Shasta,089,179085,34694,34531,7325,41856,591
2022-09-08,Sierra,091,2930,303,303,60,363,5
2022-09-08,Siskiyou,093,43540,5088,5197,3278,8475,90
2022-09-08,Solano,095,438530,104471,103841,7786,111627,461
2022-09-08,Sonoma,097,501317,106017,105778,5221,110999,521
2022-09-08,Stanislaus,099,539301,137043,136674,21455,158129,1726
2022-09-08,Sutter,101,95872,24063,24037,2453,26490,228
2022-09-08,Tehama,103,63373,13529,13471,3048,16519,210
2022-09-08,Trinity,105,12862,1391,1383,378,1761,20
2022-09-08,Tulare,107,460477,121346,120972,35883,156855,1529
2022-09-08,Tuolumne,109,53932,15457,15362,915,16277,196
2022-09-08,Ventura,111,848112,206958,206442,15485,221927,1558
2022-09-08,Yolo,113,214977,47084,46989,4228,51217,334
2022-09-08,Yuba,115,75493,18745,18709,1683,20392,129
2022-09-07,Alameda,001,1643700,344008,342480,19457,361937,1999
2022-09-07,Alpine,002,1148,134,133,1,134,0
2022-09-07,Amador,005,37829,9908,9877,917,10794,89
2022-09-07,Butte,007,227075,39175,38969,9001,47970,453
2022-09-07,Calaveras,009,45235,8446,8437,526,8963,133
2022-09-07,Colusa,011,21464,3769,3748,1267,5015,22
2022-09-07,Contra Costa,013,1133247,249110,245708,20485,266193,1415
2022-09-07,Del Norte,015,27424,7377,7346,397,7743,56
2022-09-07,El Dorado,017,186661,32021,31979,4194,36173,229
2022-09-07,Fresno,019,978130,276624,271753,31440,303193,2835
2022-09-07,Glenn,021,27897,5492,5468,1851,7319,48
2022-09-07,Humboldt,023,135768,21546,21459,4890,26349,155
2022-09-07,Imperial,025,180216,65073,64755,15484,80239,956
2022-09-07,Inyo,027,18085,4468,4456,931,5387,59
2022-09-07,Kern,029,883053,218042,216932,62680,279612,2404
2022-09-07,Kings,031,150075,59066,58922,4067,62989,455
2022-09-07,Lake,033,64148,12698,12647,1167,13814,143
2022-09-07,Lassen,035,31185,9943,9918,985,10903,64
2022-09-07,Los Angeles,037,10098052,3256422,3242352,177710,3420062,32971
2022-09-07,Madera,039,155013,43713,43533,8181,51714,373
2022-09-07,Marin,041,260295,44726,44489,5201,49690,305
2022-09-07,Mariposa,043,17540,3075,3046,341,3387,31
2022-09-07,Mendocino,045,87422,15903,15813,4419,20232,135
2022-09-07,Merced,047,269075,72189,71448,11764,83212,856
2022-09-07,Modoc,049,8938,873,868,316,1184,11
2022-09-07,Mono,051,14174,3195,3184,247,3431,7
2022-09-07,Monterey,053,433212,93735,93430,20785,114215,762
2022-09-07,Napa,055,140530,31909,31854,1393,33247,156
2022-09-07,Nevada,057,99092,18826,18761,1804,20565,132
2022-09-07,Orange,059,3164182,662743,660580,62296,722876,7362
2022-09-07,Placer,061,380077,75239,74884,9418,84302,658
2022-09-07,Plumas,063,18699,3604,3588,430,4018,13
2022-09-07,Riverside,065,2383286,691311,688794,34915,723709,6591
2022-09-07,Sacramento,067,1510023,343852,342602,33727,376329,3248
2022-09-07,San Benito,069,59416,16147,15933,953,16886,103
2022-09-07,San Bernardino,071,2135413,667066,660303,30588,690891,8023
2022-09-07,San Diego,073,3302833,915971,914552,71185,985737,5468
2022-09-07,San Francisco,075,870044,177137,176386,11947,188333,1018
2022-09-07,San Joaquin,077,732212,196448,195359,14722,210081,2303
2022-09-07,San Luis Obispo,079,281455,62878,62548,7023,69571,517
2022-09-07,San Mateo,081,765935,167117,165893,10350,176243,736
2022-09-07,Santa Barbara,083,443738,104979,104452,6788,111240,717
2022-09-07,Santa Clara,085,1922200,431740,426178,18760,444938,2472
2022-09-07,Santa Cruz,087,273765,62514,62187,3387,65574,274
2022-09-07,Shasta,089,179085,34672,34484,7308,41792,591
2022-09-07,Sierra,091,2930,303,303,60,363,5
2022-09-07,Siskiyou,093,43540,5083,5190,3277,8467,89
2022-09-07,Solano,095,438530,104412,103665,7779,111444,463
2022-09-07,Sonoma,097,501317,105954,105389,5218,110607,517
2022-09-07,Stanislaus,099,539301,136965,136477,21445,157922,1726
2022-09-07,Sutter,101,95872,24049,23984,2453,26437,228
2022-09-07,Tehama,103,63373,13526,13453,3044,16497,210
2022-09-07,Trinity,105,12862,1391,1382,378,1760,20
2022-09-07,Tulare,107,460477,121294,120846,35853,156699,1529
2022-09-07,Tuolumne,109,53932,15450,15327,915,16242,196
2022-09-07,Ventura,111,848112,206837,206121,15468,221589,1557
2022-09-07,Yolo,113,214977,47055,46966,4222,51188,334
2022-09-07,Yuba,115,75493,18732,18665,1682,20347,129
2022-09-06,Alameda,001,1643700,343747,342480,19443,361923,1999
2022-09-06,Alpine,002,1148,133,133,1,134,0
2022-09-06,Amador,005,37829,9905,9877,917,10794,89
2022-09-06,Butte,007,227075,39144,38969,8990,47959,453
2022-09-06,Calaveras,009,45235,8444,8437,524,8961,133
2022-09-06,Colusa,011,21464,3767,3748,1267,5015,22
2022-09-06,Contra Costa,013,1133247,248942,245708,20458,266166,1415
2022-09-06,Del Norte,015,27424,7369,7346,397,7743,56
2022-09-06,El Dorado,017,186661,32003,31979,4188,36167,229
2022-09-06,Fresno,019,978130,276495,271753,31407,303160,2835
2022-09-06,Glenn,021,27897,5490,5468,1849,7317,48
2022-09-06,Humboldt,023,135768,21528,21459,4885,26344,155
2022-09-06,Imperial,025,180216,65023,64755,15456,80211,956
2022-09-06,Inyo,027,18085,4465,4456,925,5381,59
2022-09-06,Kern,029,883053,217948,216932,62580,279512,2404
2022-09-06,Kings,031,150075,59025,58922,4062,62984,455
2022-09-06,Lake,033,64148,12695,12647,1151,13798,143
2022-09-06,Lassen,035,31185,9940,9918,983,10901,64
2022-09-06,Los Angeles,037,10098052,3254638,3242352,177498,3419850,32971
2022-09-06,Madera,039,155013,43671,43533,8176,51709,373
2022-09-06,Marin,041,260295,44695,44489,5197,49686,305
2022-09-06,Mariposa,043,17540,3073,3046,341,3387,31
2022-09-06,Mendocino,045,87422,15897,15813,4412,20225,135
2022-09-06,Merced,047,269075,72151,71448,11747,83195,856
2022-09-06,Modoc,049,8938,872,868,316,1184,11
2022-09-06,Mono,051,14174,3195,3184,246,3430,7
2022-09-06,Monterey,053,433212,93701,93430,20768,114198,762
2022-09-06,Napa,055,140530,31893,31854,1393,33247,156
2022-09-06,Nevada,057,99092,18816,18761,1800,20561,132
2022-09-06,Orange,059,3164182,662377,660580,62220,722800,7362
2022-09-06,Placer,061,380077,75195,74884,9416,84300,658
2022-09-06,Plumas,063,18699,3600,3588,430,4018,13
2022-09-06,Riverside,065,2383286,690838,688794,34881,723675,6591
2022-09-06,Sacramento,067,1510023,343635,342602,33687,376289,3248
2022-09-06,San Benito,069,59416,16131,15933,953,16886,103
2022-09-06,San Bernardino,071,2135413,666788,660303,30572,690875,8023
2022-09-06,San Diego,073,3302833,915464,914552,71130,985682,5468
2022-09-06,San Francisco,075,870044,176999,176386,11935,188321,1018
2022-09-06,San Joaquin,077,732212,196355,195359,14709,210068,2303
2022-09-06,San Luis Obispo,079,281455,62836,62548,7021,69569,517
2022-09-06,San Mateo,081,765935,167010,165893,10340,176233,736
2022-09-06,Santa Barbara,083,443738,104922,104452,6783,111235,717
2022-09-06,Santa Clara,085,1922200,431481,426178,18745,444923,2472
2022-09-06,Santa Cruz,087,273765,62433,62187,3387,65574,274
2022-09-06,Shasta,089,179085,34624,34484,7285,41769,591
2022-09-06,Sierra,091,2930,303,303,60,363,5
2022-09-06,Siskiyou,093,43540,5081,5190,3273,8463,89
2022-09-06,Solano,095,438530,104346,103665,7767,111432,463
2022-09-06,Sonoma,097,501317,105892,105389,5215,110604,517
2022-09-06,Stanislaus,099,539301,136894,136477,21431,157908,1726
2022-09-06,Sutter,101,95872,24024,23984,2453,26437,228
2022-09-06,Tehama,103,63373,13517,13453,3041,16494,210
2022-09-06,Trinity,105,12862,1390,1382,378,1760,20
2022-09-06,Tulare,107,460477,121241,120846,35816,156662,1529
2022-09-06,Tuolumne,109,53932,15438,15327,915,16242,196
2022-09-06,Ventura,111,848112,206691,206121,15451,221572,1557
2022-09-06,Yolo,113,214977,47039,46966,4211,51177,334
2022-09-06,Yuba,115,75493,18710,18665,1681,20346,129
2022-09-05,Alameda,001,1643700,343456,342480,19434,361914,1999
2022-09-05,Alpine,002,1148,133,133,1,134,0
2022-09-05,Amador,005,37829,9901,9877,917,10794,89
2022-09-05,Butte,007,227075,39097,38969,8977,47946,453
2022-09-05,Calaveras,009,45235,8441,8437,523,8960,133
2022-09-05,Colusa,011,21464,3760,3748,1264,5012,22
2022-09-05,Contra Costa,013,1133247,248754,245708,20439,266147,1415
2022-09-05,Del Norte,015,27424,7364,7346,395,7741,56
2022-09-05,El Dorado,017,186661,31979,31979,4182,36161,229
2022-09-05,Fresno,019,978130,276261,271753,31339,303092,2835
2022-09-05,Glenn,021,27897,5487,5468,1845,7313,48
2022-09-05,Humboldt,023,135768,21512,21459,4879,26338,155
2022-09-05,Imperial,025,180216,64969,64755,15412,80167,956
2022-09-05,Inyo,027,18085,4463,4456,923,5379,59
2022-09-05,Kern,029,883053,217815,216932,62452,279384,2404
2022-09-05,Kings,031,150075,58967,58922,4059,62981,455
2022-09-05,Lake,033,64148,12688,12647,1149,13796,143
2022-09-05,Lassen,035,31185,9931,9918,982,10900,64
2022-09-05,Los Angeles,037,10098052,3252210,3242352,177231,3419583,32971
2022-09-05,Madera,039,155013,43615,43533,8154,51687,373
2022-09-05,Marin,041,260295,44666,44489,5197,49686,305
2022-09-05,Mariposa,043,17540,3068,3046,341,3387,31
2022-09-05,Mendocino,045,87422,15876,15813,4401,20214,135
2022-09-05,Merced,047,269075,72088,71448,11716,83164,856
2022-09-05,Modoc,049,8938,871,868,315,1183,11
2022-09-05,Mono,051,14174,3193,3184,243,3427,7
2022-09-05,Monterey,053,433212,93633,93430,20747,114177,762
2022-09-05,Napa,055,140530,31864,31854,1390,33244,156
2022-09-05,Nevada,057,99092,18809,18761,1795,20556,132
2022-09-05,Orange,059,3164182,661901,660580,62119,722699,7362
2022-09-05,Placer,061,380077,75144,74884,9411,84295,658
2022-09-05,Plumas,063,18699,3599,3588,430,4018,13
2022-09-05,Riverside,065,2383286,690327,688794,34830,723624,6591
2022-09-05,Sacramento,067,1510023,343346,342602,33623,376225,3248
2022-09-05,San Benito,069,59416,16105,15933,950,16883,103
2022-09-05,San Bernardino,071,2135413,666352,660303,30540,690843,8023
2022-09-05,San Diego,073,3302833,914839,914552,71035,985587,5468
2022-09-05,San Francisco,075,870044,176836,176386,11928,188314,1018
2022-09-05,San Joaquin,077,732212,196215,195359,14694,210053,2303
2022-09-05,San Luis Obispo,079,281455,62781,62548,7004,69552,517
2022-09-05,San Mateo,081,765935,166891,165893,10332,176225,736
2022-09-05,Santa Barbara,083,443738,104835,104452,6778,111230,717
2022-09-05,Santa Clara,085,1922200,431117,426178,18727,444905,2472
2022-09-05,Santa Cruz,087,273765,62374,62187,3383,65570,274
2022-09-05,Shasta,089,179085,34593,34484,7272,41756,591
2022-09-05,Sierra,091,2930,303,303,60,363,5
2022-09-05,Siskiyou,093,43540,5075,5190,3273,8463,89
2022-09-05,Solano,095,438530,104250,103665,7749,111414,463
2022-09-05,Sonoma,097,501317,105819,105389,5208,110597,517
2022-09-05,Stanislaus,099,539301,136797,136477,21413,157890,1726
2022-09-05,Sutter,101,95872,24000,23984,2451,26435,228
2022-09-05,Tehama,103,63373,13509,13453,3040,16493,210
2022-09-05,Trinity,105,12862,1390,1382,377,1759,20
2022-09-05,Tulare,107,460477,121143,120846,35757,156603,1529
2022-09-05,Tuolumne,109,53932,15419,15327,914,16241,196
2022-09-05,Ventura,111,848112,206514,206121,15415,221536,1557
2022-09-05,Yolo,113,214977,47015,46966,4203,51169,334
2022-09-05,Yuba,115,75493,18688,18665,1679,20344,129
2022-09-04,Alameda,001,1643700,343315,341621,19423,361044,1998
2022-09-04,Alpine,002,1148,133,133,1,134,0
2022-09-04,Amador,005,37829,9897,9855,916,10771,89
2022-09-04,Butte,007,227075,39075,38851,8970,47821,453
2022-09-04,Calaveras,009,45235,8439,8422,522,8944,133
2022-09-04,Colusa,011,21464,3759,3742,1261,5003,22
2022-09-04,Contra Costa,013,1133247,248649,245022,20433,265455,1410
2022-09-04,Del Norte,015,27424,7362,7340,394,7734,56
2022-09-04,El Dorado,017,186661,31962,31929,4179,36108,229
2022-09-04,Fresno,019,978130,276156,271062,31324,302386,2835
2022-09-04,Glenn,021,27897,5486,5462,1845,7307,48
2022-09-04,Humboldt,023,135768,21502,21390,4875,26265,154
2022-09-04,Imperial,025,180216,64942,64678,15400,80078,956
2022-09-04,Inyo,027,18085,4461,4449,920,5369,59
2022-09-04,Kern,029,883053,217732,216471,62356,278827,2404
2022-09-04,Kings,031,150075,58953,58753,4059,62812,455
2022-09-04,Lake,033,64148,12681,12608,1148,13756,143
2022-09-04,Lassen,035,31185,9928,9908,982,10890,64
2022-09-04,Los Angeles,037,10098052,3251269,3235242,177114,3412356,32927
2022-09-04,Madera,039,155013,43601,43403,8147,51550,373
2022-09-04,Marin,041,260295,44639,44394,5193,49587,305
2022-09-04,Mariposa,043,17540,3067,3036,341,3377,31
2022-09-04,Mendocino,045,87422,15872,15781,4400,20181,134
2022-09-04,Merced,047,269075,72064,71280,11711,82991,856
2022-09-04,Modoc,049,8938,871,868,315,1183,11
2022-09-04,Mono,051,14174,3193,3183,243,3426,7
2022-09-04,Monterey,053,433212,93599,93246,20725,113971,761
2022-09-04,Napa,055,140530,31855,31799,1390,33189,156
2022-09-04,Nevada,057,99092,18799,18705,1794,20499,132
2022-09-04,Orange,059,3164182,661728,659290,62067,721357,7347
2022-09-04,Placer,061,380077,75109,74754,9409,84163,657
2022-09-04,Plumas,063,18699,3597,3587,430,4017,13
2022-09-04,Riverside,065,2383286,690137,687184,34812,721996,6581
2022-09-04,Sacramento,067,1510023,343246,341766,33605,375371,3243
2022-09-04,San Benito,069,59416,16100,15900,949,16849,103
2022-09-04,San Bernardino,071,2135413,666205,658354,30524,688878,8006
2022-09-04,San Diego,073,3302833,914600,912824,71016,983840,5464
2022-09-04,San Francisco,075,870044,176757,176131,11923,188054,1015
2022-09-04,San Joaquin,077,732212,196091,194904,14676,209580,2301
2022-09-04,San Luis Obispo,079,281455,62771,62455,7000,69455,517
2022-09-04,San Mateo,081,765935,166835,165520,10328,175848,738
2022-09-04,Santa Barbara,083,443738,104784,104161,6773,110934,716
2022-09-04,Santa Clara,085,1922200,430920,425040,18714,443754,2473
2022-09-04,Santa Cruz,087,273765,62355,61989,3382,65371,273
2022-09-04,Shasta,089,179085,34586,34422,7265,41687,591
2022-09-04,Sierra,091,2930,303,303,60,363,5
2022-09-04,Siskiyou,093,43540,5072,5168,3270,8438,89
2022-09-04,Solano,095,438530,104232,103457,7745,111202,461
2022-09-04,Sonoma,097,501317,105793,105162,5203,110365,517
2022-09-04,Stanislaus,099,539301,136737,136168,21404,157572,1726
2022-09-04,Sutter,101,95872,23985,23927,2451,26378,228
2022-09-04,Tehama,103,63373,13501,13406,3037,16443,210
2022-09-04,Trinity,105,12862,1390,1377,376,1753,20
2022-09-04,Tulare,107,460477,121099,120592,35722,156314,1527
2022-09-04,Tuolumne,109,53932,15405,15294,913,16207,196
2022-09-04,Ventura,111,848112,206423,205627,15406,221033,1558
2022-09-04,Yolo,113,214977,47005,46882,4197,51079,334
2022-09-04,Yuba,115,75493,18684,18615,1679,20294,129
2022-09-03,Alameda,001,1643700,343192,341621,19418,361039,1998
2022-09-03,Alpine,002,1148,133,133,1,134,0
2022-09-03,Amador,005,37829,9892,9855,915,10770,89
2022-09-03,Butte,007,227075,39058,38851,8962,47813,453
2022-09-03,Calaveras,009,45235,8438,8422,522,8944,133
2022-09-03,Colusa,011,21464,3759,3742,1260,5002,22
2022-09-03,Contra Costa,013,1133247,248538,245022,20428,265450,1410
2022-09-03,Del Norte,015,27424,7362,7340,394,7734,56
2022-09-03,El Dorado,017,186661,31954,31929,4177,36106,229
2022-09-03,Fresno,019,978130,276076,271062,31308,302370,2835
2022-09-03,Glenn,021,27897,5485,5462,1845,7307,48
2022-09-03,Humboldt,023,135768,21494,21390,4875,26265,154
2022-09-03,Imperial,025,180216,64923,64678,15390,80068,956
2022-09-03,Inyo,027,18085,4460,4449,918,5367,59
2022-09-03,Kern,029,883053,217663,216471,62292,278763,2404
2022-09-03,Kings,031,150075,58940,58753,4059,62812,455
2022-09-03,Lake,033,64148,12675,12608,1148,13756,143
2022-09-03,Lassen,035,31185,9928,9908,982,10890,64
2022-09-03,Los Angeles,037,10098052,3250323,3235242,176978,3412220,32927
2022-09-03,Madera,039,155013,43582,43403,8146,51549,373
2022-09-03,Marin,041,260295,44624,44394,5191,49585,305
2022-09-03,Mariposa,043,17540,3066,3036,340,3376,31
2022-09-03,Mendocino,045,87422,15860,15781,4397,20178,134
2022-09-03,Merced,047,269075,72038,71280,11708,82988,856
2022-09-03,Modoc,049,8938,871,868,315,1183,11
2022-09-03,Mono,051,14174,3193,3183,242,3425,7
2022-09-03,Monterey,053,433212,93583,93246,20714,113960,761
2022-09-03,Napa,055,140530,31849,31799,1390,33189,156
2022-09-03,Nevada,057,99092,18793,18705,1794,20499,132
2022-09-03,Orange,059,3164182,661532,659290,62010,721300,7347
2022-09-03,Placer,061,380077,75077,74754,9407,84161,657
2022-09-03,Plumas,063,18699,3595,3587,430,4017,13
2022-09-03,Riverside,065,2383286,689934,687184,34787,721971,6581
2022-09-03,Sacramento,067,1510023,343127,341766,33595,375361,3243
2022-09-03,San Benito,069,59416,16094,15900,948,16848,103
2022-09-03,San Bernardino,071,2135413,666015,658354,30501,688855,8006
2022-09-03,San Diego,073,3302833,914353,912824,70996,983820,5464
2022-09-03,San Francisco,075,870044,176703,176131,11918,188049,1015
2022-09-03,San Joaquin,077,732212,196035,194904,14667,209571,2301
2022-09-03,San Luis Obispo,079,281455,62761,62455,6997,69452,517
2022-09-03,San Mateo,081,765935,166773,165520,10319,175839,738
2022-09-03,Santa Barbara,083,443738,104738,104161,6769,110930,716
2022-09-03,Santa Clara,085,1922200,430740,425040,18707,443747,2473
2022-09-03,Santa Cruz,087,273765,62336,61989,3381,65370,273
2022-09-03,Shasta,089,179085,34573,34422,7262,41684,591
2022-09-03,Sierra,091,2930,303,303,60,363,5
2022-09-03,Siskiyou,093,43540,5069,5168,3270,8438,89
2022-09-03,Solano,095,438530,104218,103457,7740,111197,461
2022-09-03,Sonoma,097,501317,105770,105162,5203,110365,517
2022-09-03,Stanislaus,099,539301,136694,136168,21400,157568,1726
2022-09-03,Sutter,101,95872,23975,23927,2450,26377,228
2022-09-03,Tehama,103,63373,13496,13406,3036,16442,210
2022-09-03,Trinity,105,12862,1390,1377,376,1753,20
2022-09-03,Tulare,107,460477,121067,120592,35684,156276,1527
2022-09-03,Tuolumne,109,53932,15400,15294,913,16207,196
2022-09-03,Ventura,111,848112,206342,205627,15395,221022,1558
2022-09-03,Yolo,113,214977,46995,46882,4195,51077,334
2022-09-03,Yuba,115,75493,18675,18615,1678,20293,129
2022-09-02,Alameda,001,1643700,343061,341621,19412,361033,1998
2022-09-02,Alpine,002,1148,133,133,1,134,0
2022-09-02,Amador,005,37829,9890,9855,915,10770,89
2022-09-02,Butte,007,227075,39046,38851,8950,47801,453
2022-09-02,Calaveras,009,45235,8433,8422,522,8944,133
2022-09-02,Colusa,011,21464,3758,3742,1260,5002,22
2022-09-02,Contra Costa,013,1133247,248442,245022,20417,265439,1410
2022-09-02,Del Norte,015,27424,7361,7340,393,7733,56
2022-09-02,El Dorado,017,186661,31942,31929,4176,36105,229
2022-09-02,Fresno,019,978130,275962,271062,31286,302348,2835
2022-09-02,Glenn,021,27897,5481,5462,1845,7307,48
2022-09-02,Humboldt,023,135768,21485,21390,4872,26262,154
2022-09-02,Imperial,025,180216,64902,64678,15377,80055,956
2022-09-02,Inyo,027,18085,4457,4449,917,5366,59
2022-09-02,Kern,029,883053,217582,216471,62224,278695,2404
2022-09-02,Kings,031,150075,58928,58753,4056,62809,455
2022-09-02,Lake,033,64148,12671,12608,1147,13755,143
2022-09-02,Lassen,035,31185,9927,9908,982,10890,64
2022-09-02,Los Angeles,037,10098052,3249271,3235242,176815,3412057,32927
2022-09-02,Madera,039,155013,43568,43403,8142,51545,373
2022-09-02,Marin,041,260295,44606,44394,5181,49575,305
2022-09-02,Mariposa,043,17540,3062,3036,339,3375,31
2022-09-02,Mendocino,045,87422,15858,15781,4396,20177,134
2022-09-02,Merced,047,269075,72012,71280,11705,82985,856
2022-09-02,Modoc,049,8938,871,868,315,1183,11
2022-09-02,Mono,051,14174,3193,3183,242,3425,7
2022-09-02,Monterey,053,433212,93556,93246,20697,113943,761
2022-09-02,Napa,055,140530,31836,31799,1390,33189,156
2022-09-02,Nevada,057,99092,18788,18705,1792,20497,132
2022-09-02,Orange,059,3164182,661342,659290,61945,721235,7347
2022-09-02,Placer,061,380077,75060,74754,9401,84155,657
2022-09-02,Plumas,063,18699,3594,3587,430,4017,13
2022-09-02,Riverside,065,2383286,689686,687184,34773,721957,6581
2022-09-02,Sacramento,067,1510023,342980,341766,33587,375353,3243
2022-09-02,San Benito,069,59416,16087,15900,948,16848,103
2022-09-02,San Bernardino,071,2135413,665839,658354,30485,688839,8006
2022-09-02,San Diego,073,3302833,914080,912824,70969,983793,5464
2022-09-02,San Francisco,075,870044,176636,176131,11902,188033,1015
2022-09-02,San Joaquin,077,732212,195930,194904,14649,209553,2301
2022-09-02,San Luis Obispo,079,281455,62745,62455,6996,69451,517
2022-09-02,San Mateo,081,765935,166690,165520,10316,175836,738
2022-09-02,Santa Barbara,083,443738,104690,104161,6767,110928,716
2022-09-02,Santa Clara,085,1922200,430538,425040,18693,443733,2473
2022-09-02,Santa Cruz,087,273765,62313,61989,3379,65368,273
2022-09-02,Shasta,089,179085,34567,34422,7259,41681,591
2022-09-02,Sierra,091,2930,303,303,60,363,5
2022-09-02,Siskiyou,093,43540,5066,5168,3270,8438,89
2022-09-02,Solano,095,438530,104184,103457,7735,111192,461
2022-09-02,Sonoma,097,501317,105734,105162,5201,110363,517
2022-09-02,Stanislaus,099,539301,136648,136168,21394,157562,1726
2022-09-02,Sutter,101,95872,23964,23927,2450,26377,228
2022-09-02,Tehama,103,63373,13494,13406,3034,16440,210
2022-09-02,Trinity,105,12862,1389,1377,376,1753,20
2022-09-02,Tulare,107,460477,121024,120592,35661,156253,1527
2022-09-02,Tuolumne,109,53932,15398,15294,912,16206,196
2022-09-02,Ventura,111,848112,206251,205627,15382,221009,1558
2022-09-02,Yolo,113,214977,46984,46882,4191,51073,334
2022-09-02,Yuba,115,75493,18667,18615,1675,20290,129
2022-09-01,Alameda,001,1643700,342828,341621,19397,361018,1998
2022-09-01,Alpine,002,1148,133,133,1,134,0
2022-09-01,Amador,005,37829,9886,9855,915,10770,89
2022-09-01,Butte,007,227075,39017,38851,8936,47787,453
2022-09-01,Calaveras,009,45235,8427,8422,521,8943,133
2022-09-01,Colusa,011,21464,3754,3742,1260,5002,22
2022-09-01,Contra Costa,013,1133247,248291,245022,20395,265417,1410
2022-09-01,Del Norte,015,27424,7360,7340,391,7731,56
2022-09-01,El Dorado,017,186661,31933,31929,4175,36104,229
2022-09-01,Fresno,019,978130,275788,271062,31225,302287,2835
2022-09-01,Glenn,021,27897,5479,5462,1845,7307,48
2022-09-01,Humboldt,023,135768,21472,21390,4865,26255,154
2022-09-01,Imperial,025,180216,64855,64678,15355,80033,956
2022-09-01,Inyo,027,18085,4455,4449,916,5365,59
2022-09-01,Kern,029,883053,217507,216471,62108,278579,2404
2022-09-01,Kings,031,150075,58900,58753,4054,62807,455
2022-09-01,Lake,033,64148,12661,12608,1145,13753,143
2022-09-01,Lassen,035,31185,9927,9908,980,10888,64
2022-09-01,Los Angeles,037,10098052,3247686,3235242,176593,3411835,32927
2022-09-01,Madera,039,155013,43531,43403,8139,51542,373
2022-09-01,Marin,041,260295,44573,44394,5173,49567,305
2022-09-01,Mariposa,043,17540,3061,3036,339,3375,31
2022-09-01,Mendocino,045,87422,15853,15781,4394,20175,134
2022-09-01,Merced,047,269075,71978,71280,11690,82970,856
2022-09-01,Modoc,049,8938,871,868,314,1182,11
2022-09-01,Mono,051,14174,3193,3183,241,3424,7
2022-09-01,Monterey,053,433212,93516,93246,20676,113922,761
2022-09-01,Napa,055,140530,31817,31799,1390,33189,156
2022-09-01,Nevada,057,99092,18779,18705,1792,20497,132
2022-09-01,Orange,059,3164182,661026,659290,61864,721154,7347
2022-09-01,Placer,061,380077,75023,74754,9394,84148,657
2022-09-01,Plumas,063,18699,3593,3587,430,4017,13
2022-09-01,Riverside,065,2383286,689346,687184,34733,721917,6581
2022-09-01,Sacramento,067,1510023,342782,341766,33546,375312,3243
2022-09-01,San Benito,069,59416,16079,15900,947,16847,103
2022-09-01,San Bernardino,071,2135413,665509,658354,30452,688806,8006
2022-09-01,San Diego,073,3302833,913661,912824,70919,983743,5464
2022-09-01,San Francisco,075,870044,176498,176131,11891,188022,1015
2022-09-01,San Joaquin,077,732212,195839,194904,14629,209533,2301
2022-09-01,San Luis Obispo,079,281455,62707,62455,6989,69444,517
2022-09-01,San Mateo,081,765935,166595,165520,10307,175827,738
2022-09-01,Santa Barbara,083,443738,104628,104161,6759,110920,716
2022-09-01,Santa Clara,085,1922200,430247,425040,18684,443724,2473
2022-09-01,Santa Cruz,087,273765,62260,61989,3374,65363,273
2022-09-01,Shasta,089,179085,34547,34422,7254,41676,591
2022-09-01,Sierra,091,2930,303,303,60,363,5
2022-09-01,Siskiyou,093,43540,5065,5168,3269,8437,89
2022-09-01,Solano,095,438530,104114,103457,7731,111188,461
2022-09-01,Sonoma,097,501317,105665,105162,5194,110356,517
2022-09-01,Stanislaus,099,539301,136566,136168,21378,157546,1726
2022-09-01,Sutter,101,95872,23945,23927,2448,26375,228
2022-09-01,Tehama,103,63373,13488,13406,3031,16437,210
2022-09-01,Trinity,105,12862,1388,1377,373,1750,20
2022-09-01,Tulare,107,460477,120970,120592,35617,156209,1527
2022-09-01,Tuolumne,109,53932,15390,15294,912,16206,196
2022-09-01,Ventura,111,848112,206105,205627,15365,220992,1558
2022-09-01,Yolo,113,214977,46955,46882,4184,51066,334
2022-09-01,Yuba,115,75493,18653,18615,1675,20290,129
2022-08-31,Alameda,001,1643700,342597,340789,19383,360172,1986
2022-08-31,Alpine,002,1148,133,133,1,134,0
2022-08-31,Amador,005,37829,9882,9829,913,10742,89
2022-08-31,Butte,007,227075,38981,38720,8920,47640,452
2022-08-31,Calaveras,009,45235,8423,8404,520,8924,133
2022-08-31,Colusa,011,21464,3753,3744,1260,5004,22
2022-08-31,Contra Costa,013,1133247,248131,244168,20369,264537,1409
2022-08-31,Del Norte,015,27424,7357,7333,391,7724,56
2022-08-31,El Dorado,017,186661,31924,31864,4171,36035,226
2022-08-31,Fresno,019,978130,275603,270456,31091,301547,2829
2022-08-31,Glenn,021,27897,5478,5448,1844,7292,48
2022-08-31,Humboldt,023,135768,21446,21325,4860,26185,154
2022-08-31,Imperial,025,180216,64825,64562,15333,79895,953
2022-08-31,Inyo,027,18085,4453,4444,914,5358,59
2022-08-31,Kern,029,883053,217394,216037,61970,278007,2404
2022-08-31,Kings,031,150075,58864,58629,4049,62678,455
2022-08-31,Lake,033,64148,12650,12563,1145,13708,142
2022-08-31,Lassen,035,31185,9922,9889,979,10868,64
2022-08-31,Los Angeles,037,10098052,3245865,3228552,176357,3404909,32877
2022-08-31,Madera,039,155013,43499,43269,8125,51394,372
2022-08-31,Marin,041,260295,44542,44330,5167,49497,305
2022-08-31,Mariposa,043,17540,3060,3025,339,3364,31
2022-08-31,Mendocino,045,87422,15845,15733,4390,20123,134
2022-08-31,Merced,047,269075,71946,71089,11668,82757,852
2022-08-31,Modoc,049,8938,869,865,314,1179,11
2022-08-31,Mono,051,14174,3192,3181,241,3422,7
2022-08-31,Monterey,053,433212,93472,93046,20654,113700,762
2022-08-31,Napa,055,140530,31800,31725,1389,33114,156
2022-08-31,Nevada,057,99092,18762,18649,1791,20440,132
2022-08-31,Orange,059,3164182,660617,658076,61775,719851,7340
2022-08-31,Placer,061,380077,74981,74612,9388,84000,657
2022-08-31,Plumas,063,18699,3592,3581,430,4011,13
2022-08-31,Riverside,065,2383286,688936,685704,34695,720399,6581
2022-08-31,Sacramento,067,1510023,342573,340949,33500,374449,3230
2022-08-31,San Benito,069,59416,16067,15860,945,16805,103
2022-08-31,San Bernardino,071,2135413,665074,656343,30414,686757,8014
2022-08-31,San Diego,073,3302833,913193,910878,70861,981739,5459
2022-08-31,San Francisco,075,870044,176383,175752,11882,187634,1001
2022-08-31,San Joaquin,077,732212,195680,194437,14610,209047,2298
2022-08-31,San Luis Obispo,079,281455,62677,62312,6977,69289,515
2022-08-31,San Mateo,081,765935,166492,165161,10300,175461,738
2022-08-31,Santa Barbara,083,443738,104541,103894,6750,110644,717
2022-08-31,Santa Clara,085,1922200,429943,424011,18667,442678,2467
2022-08-31,Santa Cruz,087,273765,62211,61812,3371,65183,272
2022-08-31,Shasta,089,179085,34532,34355,7247,41602,590
2022-08-31,Sierra,091,2930,303,302,60,362,5
2022-08-31,Siskiyou,093,43540,5057,5152,3268,8420,89
2022-08-31,Solano,095,438530,104051,103173,7726,110899,461
2022-08-31,Sonoma,097,501317,105594,104964,5184,110148,527
2022-08-31,Stanislaus,099,539301,136476,135801,21356,157157,1722
2022-08-31,Sutter,101,95872,23928,23856,2447,26303,228
2022-08-31,Tehama,103,63373,13475,13370,3026,16396,210
2022-08-31,Trinity,105,12862,1388,1373,373,1746,20
2022-08-31,Tulare,107,460477,120891,120346,35572,155918,1527
2022-08-31,Tuolumne,109,53932,15381,15250,910,16160,196
2022-08-31,Ventura,111,848112,205960,205157,15348,220505,1557
2022-08-31,Yolo,113,214977,46921,46807,4172,50979,334
2022-08-31,Yuba,115,75493,18630,18558,1672,20230,129
2022-08-30,Alameda,001,1643700,342351,340789,19363,360152,1986
2022-08-30,Alpine,002,1148,133,133,1,134,0
2022-08-30,Amador,005,37829,9871,9829,913,10742,89
2022-08-30,Butte,007,227075,38946,38720,8905,47625,452
2022-08-30,Calaveras,009,45235,8420,8404,518,8922,133
2022-08-30,Colusa,011,21464,3752,3744,1258,5002,22
2022-08-30,Contra Costa,013,1133247,247975,244168,20350,264518,1409
2022-08-30,Del Norte,015,27424,7356,7333,391,7724,56
2022-08-30,El Dorado,017,186661,31906,31864,4168,36032,226
2022-08-30,Fresno,019,978130,275403,270456,30992,301448,2829
2022-08-30,Glenn,021,27897,5478,5448,1843,7291,48
2022-08-30,Humboldt,023,135768,21425,21325,4856,26181,154
2022-08-30,Imperial,025,180216,64778,64562,15298,79860,953
2022-08-30,Inyo,027,18085,4452,4444,911,5355,59
2022-08-30,Kern,029,883053,217264,216037,61823,277860,2404
2022-08-30,Kings,031,150075,58808,58629,4045,62674,455
2022-08-30,Lake,033,64148,12640,12563,1143,13706,142
2022-08-30,Lassen,035,31185,9918,9889,979,10868,64
2022-08-30,Los Angeles,037,10098052,3243770,3228552,176092,3404644,32877
2022-08-30,Madera,039,155013,43449,43269,8109,51378,372
2022-08-30,Marin,041,260295,44509,44330,5163,49493,305
2022-08-30,Mariposa,043,17540,3056,3025,339,3364,31
2022-08-30,Mendocino,045,87422,15834,15733,4380,20113,134
2022-08-30,Merced,047,269075,71897,71089,11646,82735,852
2022-08-30,Modoc,049,8938,869,865,314,1179,11
2022-08-30,Mono,051,14174,3190,3181,241,3422,7
2022-08-30,Monterey,053,433212,93426,93046,20638,113684,762
2022-08-30,Napa,055,140530,31782,31725,1388,33113,156
2022-08-30,Nevada,057,99092,18744,18649,1771,20420,132
2022-08-30,Orange,059,3164182,660170,658076,61663,719739,7340
2022-08-30,Placer,061,380077,74944,74612,9380,83992,657
2022-08-30,Plumas,063,18699,3591,3581,430,4011,13
2022-08-30,Riverside,065,2383286,688493,685704,34657,720361,6581
2022-08-30,Sacramento,067,1510023,342378,340949,33457,374406,3230
2022-08-30,San Benito,069,59416,16053,15860,942,16802,103
2022-08-30,San Bernardino,071,2135413,664599,656343,30382,686725,8014
2022-08-30,San Diego,073,3302833,912665,910878,70766,981644,5459
2022-08-30,San Francisco,075,870044,176263,175752,11873,187625,1001
2022-08-30,San Joaquin,077,732212,195528,194437,14576,209013,2298
2022-08-30,San Luis Obispo,079,281455,62638,62312,6963,69275,515
2022-08-30,San Mateo,081,765935,166386,165161,10291,175452,738
2022-08-30,Santa Barbara,083,443738,104445,103894,6740,110634,717
2022-08-30,Santa Clara,085,1922200,429619,424011,18652,442663,2467
2022-08-30,Santa Cruz,087,273765,62159,61812,3365,65177,272
2022-08-30,Shasta,089,179085,34509,34355,7242,41597,590
2022-08-30,Sierra,091,2930,303,302,60,362,5
2022-08-30,Siskiyou,093,43540,5049,5152,3266,8418,89
2022-08-30,Solano,095,438530,103963,103173,7719,110892,461
2022-08-30,Sonoma,097,501317,105532,104964,5177,110141,527
2022-08-30,Stanislaus,099,539301,136370,135801,21342,157143,1722
2022-08-30,Sutter,101,95872,23910,23856,2447,26303,228
2022-08-30,Tehama,103,63373,13468,13370,3019,16389,210
2022-08-30,Trinity,105,12862,1387,1373,372,1745,20
2022-08-30,Tulare,107,460477,120806,120346,35519,155865,1527
2022-08-30,Tuolumne,109,53932,15366,15250,910,16160,196
2022-08-30,Ventura,111,848112,205798,205157,15310,220467,1557
2022-08-30,Yolo,113,214977,46901,46807,4164,50971,334
2022-08-30,Yuba,115,75493,18618,18558,1670,20228,129
2022-08-29,Alameda,001,1643700,342022,340789,19337,360126,1986
2022-08-29,Alpine,002,1148,133,133,1,134,0
2022-08-29,Amador,005,37829,9857,9829,912,10741,89
2022-08-29,Butte,007,227075,38904,38720,8889,47609,452
2022-08-29,Calaveras,009,45235,8419,8404,516,8920,133
2022-08-29,Colusa,011,21464,3752,3744,1258,5002,22
2022-08-29,Contra Costa,013,1133247,247799,244168,20327,264495,1409
2022-08-29,Del Norte,015,27424,7355,7333,391,7724,56
2022-08-29,El Dorado,017,186661,31889,31864,4164,36028,226
2022-08-29,Fresno,019,978130,275176,270456,30952,301408,2829
2022-08-29,Glenn,021,27897,5476,5448,1840,7288,48
2022-08-29,Humboldt,023,135768,21402,21325,4849,26174,154
2022-08-29,Imperial,025,180216,64734,64562,15259,79821,953
2022-08-29,Inyo,027,18085,4451,4444,907,5351,59
2022-08-29,Kern,029,883053,217096,216037,61687,277724,2404
2022-08-29,Kings,031,150075,58738,58629,4041,62670,455
2022-08-29,Lake,033,64148,12626,12563,1142,13705,142
2022-08-29,Lassen,035,31185,9912,9889,979,10868,64
2022-08-29,Los Angeles,037,10098052,3241538,3228552,175814,3404366,32877
2022-08-29,Madera,039,155013,43410,43269,8089,51358,372
2022-08-29,Marin,041,260295,44475,44330,5157,49487,305
2022-08-29,Mariposa,043,17540,3052,3025,338,3363,31
2022-08-29,Mendocino,045,87422,15819,15733,4369,20102,134
2022-08-29,Merced,047,269075,71837,71089,11617,82706,852
2022-08-29,Modoc,049,8938,868,865,313,1178,11
2022-08-29,Mono,051,14174,3189,3181,241,3422,7
2022-08-29,Monterey,053,433212,93388,93046,20608,113654,762
2022-08-29,Napa,055,140530,31762,31725,1388,33113,156
2022-08-29,Nevada,057,99092,18728,18649,1769,20418,132
2022-08-29,Orange,059,3164182,659730,658076,61575,719651,7340
2022-08-29,Placer,061,380077,74906,74612,9368,83980,657
2022-08-29,Plumas,063,18699,3590,3581,430,4011,13
2022-08-29,Riverside,065,2383286,687925,685704,34600,720304,6581
2022-08-29,Sacramento,067,1510023,342103,340949,33400,374349,3230
2022-08-29,San Benito,069,59416,16040,15860,940,16800,103
2022-08-29,San Bernardino,071,2135413,664019,656343,30344,686687,8014
2022-08-29,San Diego,073,3302833,912038,910878,70698,981576,5459
2022-08-29,San Francisco,075,870044,176158,175752,11862,187614,1001
2022-08-29,San Joaquin,077,732212,195384,194437,14546,208983,2298
2022-08-29,San Luis Obispo,079,281455,62605,62312,6950,69262,515
2022-08-29,San Mateo,081,765935,166280,165161,10282,175443,738
2022-08-29,Santa Barbara,083,443738,104350,103894,6729,110623,717
2022-08-29,Santa Clara,085,1922200,429225,424011,18623,442634,2467
2022-08-29,Santa Cruz,087,273765,62092,61812,3358,65170,272
2022-08-29,Shasta,089,179085,34490,34355,7229,41584,590
2022-08-29,Sierra,091,2930,303,302,60,362,5
2022-08-29,Siskiyou,093,43540,5045,5152,3265,8417,89
2022-08-29,Solano,095,438530,103882,103173,7708,110881,461
2022-08-29,Sonoma,097,501317,105451,104964,5171,110135,527
2022-08-29,Stanislaus,099,539301,136250,135801,21308,157109,1722
2022-08-29,Sutter,101,95872,23882,23856,2444,26300,228
2022-08-29,Tehama,103,63373,13459,13370,3018,16388,210
2022-08-29,Trinity,105,12862,1386,1373,372,1745,20
2022-08-29,Tulare,107,460477,120714,120346,35451,155797,1527
2022-08-29,Tuolumne,109,53932,15351,15250,910,16160,196
2022-08-29,Ventura,111,848112,205650,205157,15287,220444,1557
2022-08-29,Yolo,113,214977,46875,46807,4154,50961,334
2022-08-29,Yuba,115,75493,18600,18558,1665,20223,129
2022-08-28,Alameda,001,1643700,341700,339618,19314,358932,1978
2022-08-28,Alpine,002,1148,133,133,1,134,0
2022-08-28,Amador,005,37829,9850,9802,910,10712,89
2022-08-28,Butte,007,227075,38853,38606,8878,47484,452
2022-08-28,Calaveras,009,45235,8411,8368,515,8883,133
2022-08-28,Colusa,011,21464,3749,3736,1254,4990,22
2022-08-28,Contra Costa,013,1133247,247578,243331,20307,263638,1404
2022-08-28,Del Norte,015,27424,7349,7316,390,7706,55
2022-08-28,El Dorado,017,186661,31858,31760,4156,35916,226
2022-08-28,Fresno,019,978130,274928,269680,30897,300577,2829
2022-08-28,Glenn,021,27897,5473,5434,1838,7272,49
2022-08-28,Humboldt,023,135768,21377,21264,4835,26099,154
2022-08-28,Imperial,025,180216,64681,64391,15210,79601,953
2022-08-28,Inyo,027,18085,4450,4443,904,5347,59
2022-08-28,Kern,029,883053,216958,215612,61506,277118,2399
2022-08-28,Kings,031,150075,58681,58443,4030,62473,455
2022-08-28,Lake,033,64148,12614,12524,1138,13662,142
2022-08-28,Lassen,035,31185,9900,9871,979,10850,64
2022-08-28,Los Angeles,037,10098052,3238839,3219328,175460,3394788,32833
2022-08-28,Madera,039,155013,43360,43105,8055,51160,372
2022-08-28,Marin,041,260295,44443,44192,5148,49340,305
2022-08-28,Mariposa,043,17540,3046,3018,337,3355,31
2022-08-28,Mendocino,045,87422,15805,15698,4365,20063,134
2022-08-28,Merced,047,269075,71762,70906,11567,82473,851
2022-08-28,Modoc,049,8938,868,865,313,1178,11
2022-08-28,Mono,051,14174,3188,3181,241,3422,7
2022-08-28,Monterey,053,433212,93322,92844,20579,113423,760
2022-08-28,Napa,055,140530,31734,31668,1387,33055,156
2022-08-28,Nevada,057,99092,18705,18592,1768,20360,132
2022-08-28,Orange,059,3164182,659269,656440,61464,717904,7326
2022-08-28,Placer,061,380077,74860,74391,9356,83747,657
2022-08-28,Plumas,063,18699,3587,3571,430,4001,13
2022-08-28,Riverside,065,2383286,687291,683511,34532,718043,6580
2022-08-28,Sacramento,067,1510023,341781,339846,33328,373174,3222
2022-08-28,San Benito,069,59416,16027,15805,937,16742,103
2022-08-28,San Bernardino,071,2135413,663418,653843,30287,684130,8017
2022-08-28,San Diego,073,3302833,911279,908809,70590,979399,5456
2022-08-28,San Francisco,075,870044,176004,175204,11850,187054,1000
2022-08-28,San Joaquin,077,732212,195149,193880,14516,208396,2296
2022-08-28,San Luis Obispo,079,281455,62556,62105,6931,69036,515
2022-08-28,San Mateo,081,765935,166127,164675,10269,174944,738
2022-08-28,Santa Barbara,083,443738,104216,103496,6710,110206,717
2022-08-28,Santa Clara,085,1922200,428815,422650,18602,441252,2459
2022-08-28,Santa Cruz,087,273765,61991,61594,3344,64938,273
2022-08-28,Shasta,089,179085,34455,34283,7216,41499,590
2022-08-28,Sierra,091,2930,302,300,60,360,5
2022-08-28,Siskiyou,093,43540,5039,5140,3263,8403,89
2022-08-28,Solano,095,438530,103786,102855,7700,110555,460
2022-08-28,Sonoma,097,501317,105368,104646,5160,109806,557
2022-08-28,Stanislaus,099,539301,136097,135310,21281,156591,1722
2022-08-28,Sutter,101,95872,23855,23759,2441,26200,228
2022-08-28,Tehama,103,63373,13439,13340,3016,16356,210
2022-08-28,Trinity,105,12862,1386,1370,370,1740,20
2022-08-28,Tulare,107,460477,120599,119942,35344,155286,1527
2022-08-28,Tuolumne,109,53932,15345,15193,905,16098,196
2022-08-28,Ventura,111,848112,205451,204567,15219,219786,1553
2022-08-28,Yolo,113,214977,46823,46744,4143,50887,334
2022-08-28,Yuba,115,75493,18581,18482,1659,20141,129
2022-08-27,Alameda,001,1643700,341512,339618,19304,358922,1978
2022-08-27,Alpine,002,1148,133,133,1,134,0
2022-08-27,Amador,005,37829,9844,9802,909,10711,89
2022-08-27,Butte,007,227075,38825,38606,8865,47471,452
2022-08-27,Calaveras,009,45235,8406,8368,515,8883,133
2022-08-27,Colusa,011,21464,3747,3736,1249,4985,22
2022-08-27,Contra Costa,013,1133247,247437,243331,20298,263629,1404
2022-08-27,Del Norte,015,27424,7347,7316,390,7706,55
2022-08-27,El Dorado,017,186661,31846,31760,4152,35912,226
2022-08-27,Fresno,019,978130,274805,269680,30881,300561,2829
2022-08-27,Glenn,021,27897,5471,5434,1838,7272,49
2022-08-27,Humboldt,023,135768,21361,21264,4827,26091,154
2022-08-27,Imperial,025,180216,64659,64391,15200,79591,953
2022-08-27,Inyo,027,18085,4449,4443,904,5347,59
2022-08-27,Kern,029,883053,216876,215612,61397,277009,2399
2022-08-27,Kings,031,150075,58651,58443,4027,62470,455
2022-08-27,Lake,033,64148,12609,12524,1134,13658,142
2022-08-27,Lassen,035,31185,9896,9871,979,10850,64
2022-08-27,Los Angeles,037,10098052,3237517,3219328,175246,3394574,32833
2022-08-27,Madera,039,155013,43325,43105,8051,51156,372
2022-08-27,Marin,041,260295,44422,44192,5139,49331,305
2022-08-27,Mariposa,043,17540,3045,3018,336,3354,31
2022-08-27,Mendocino,045,87422,15799,15698,4363,20061,134
2022-08-27,Merced,047,269075,71718,70906,11559,82465,851
2022-08-27,Modoc,049,8938,868,865,313,1178,11
2022-08-27,Mono,051,14174,3187,3181,241,3422,7
2022-08-27,Monterey,053,433212,93290,92844,20563,113407,760
2022-08-27,Napa,055,140530,31719,31668,1385,33053,156
2022-08-27,Nevada,057,99092,18694,18592,1766,20358,132
2022-08-27,Orange,059,3164182,659005,656440,61360,717800,7326
2022-08-27,Placer,061,380077,74823,74391,9352,83743,657
2022-08-27,Plumas,063,18699,3586,3571,430,4001,13
2022-08-27,Riverside,065,2383286,686957,683511,34506,718017,6580
2022-08-27,Sacramento,067,1510023,341649,339846,33310,373156,3222
2022-08-27,San Benito,069,59416,16011,15805,933,16738,103
2022-08-27,San Bernardino,071,2135413,663103,653843,30256,684099,8017
2022-08-27,San Diego,073,3302833,910940,908809,70549,979358,5456
2022-08-27,San Francisco,075,870044,175931,175204,11844,187048,1000
2022-08-27,San Joaquin,077,732212,195090,193880,14495,208375,2296
2022-08-27,San Luis Obispo,079,281455,62541,62105,6924,69029,515
2022-08-27,San Mateo,081,765935,166033,164675,10266,174941,738
2022-08-27,Santa Barbara,083,443738,104153,103496,6699,110195,717
2022-08-27,Santa Clara,085,1922200,428604,422650,18589,441239,2459
2022-08-27,Santa Cruz,087,273765,61978,61594,3343,64937,273
2022-08-27,Shasta,089,179085,34444,34283,7211,41494,590
2022-08-27,Sierra,091,2930,302,300,60,360,5
2022-08-27,Siskiyou,093,43540,5037,5140,3263,8403,89
2022-08-27,Solano,095,438530,103749,102855,7692,110547,460
2022-08-27,Sonoma,097,501317,105326,104646,5157,109803,557
2022-08-27,Stanislaus,099,539301,136018,135310,21260,156570,1722
2022-08-27,Sutter,101,95872,23840,23759,2441,26200,228
2022-08-27,Tehama,103,63373,13433,13340,3015,16355,210
2022-08-27,Trinity,105,12862,1385,1370,368,1738,20
2022-08-27,Tulare,107,460477,120539,119942,35295,155237,1527
2022-08-27,Tuolumne,109,53932,15338,15193,904,16097,196
2022-08-27,Ventura,111,848112,205366,204567,15206,219773,1553
2022-08-27,Yolo,113,214977,46803,46744,4139,50883,334
2022-08-27,Yuba,115,75493,18569,18482,1658,20140,129
2022-08-26,Alameda,001,1643700,341343,339618,19297,358915,1978
2022-08-26,Alpine,002,1148,133,133,1,134,0
2022-08-26,Amador,005,37829,9841,9802,907,10709,89
2022-08-26,Butte,007,227075,38811,38606,8853,47459,452
2022-08-26,Calaveras,009,45235,8401,8368,515,8883,133
2022-08-26,Colusa,011,21464,3746,3736,1249,4985,22
2022-08-26,Contra Costa,013,1133247,247281,243331,20291,263622,1404
2022-08-26,Del Norte,015,27424,7345,7316,390,7706,55
2022-08-26,El Dorado,017,186661,31826,31760,4151,35911,226
2022-08-26,Fresno,019,978130,274649,269680,30844,300524,2829
2022-08-26,Glenn,021,27897,5468,5434,1836,7270,49
2022-08-26,Humboldt,023,135768,21354,21264,4825,26089,154
2022-08-26,Imperial,025,180216,64636,64391,15187,79578,953
2022-08-26,Inyo,027,18085,4448,4443,897,5340,59
2022-08-26,Kern,029,883053,216786,215612,61300,276912,2399
2022-08-26,Kings,031,150075,58637,58443,4025,62468,455
2022-08-26,Lake,033,64148,12601,12524,1133,13657,142
2022-08-26,Lassen,035,31185,9894,9871,979,10850,64
2022-08-26,Los Angeles,037,10098052,3236107,3219328,175031,3394359,32833
2022-08-26,Madera,039,155013,43295,43105,8045,51150,372
2022-08-26,Marin,041,260295,44390,44192,5137,49329,305
2022-08-26,Mariposa,043,17540,3040,3018,332,3350,31
2022-08-26,Mendocino,045,87422,15793,15698,4361,20059,134
2022-08-26,Merced,047,269075,71678,70906,11551,82457,851
2022-08-26,Modoc,049,8938,867,865,313,1178,11
2022-08-26,Mono,051,14174,3187,3181,241,3422,7
2022-08-26,Monterey,053,433212,93249,92844,20548,113392,760
2022-08-26,Napa,055,140530,31705,31668,1385,33053,156
2022-08-26,Nevada,057,99092,18682,18592,1764,20356,132
2022-08-26,Orange,059,3164182,658746,656440,61297,717737,7326
2022-08-26,Placer,061,380077,74789,74391,9341,83732,657
2022-08-26,Plumas,063,18699,3585,3571,430,4001,13
2022-08-26,Riverside,065,2383286,686608,683511,34470,717981,6580
2022-08-26,Sacramento,067,1510023,341465,339846,33290,373136,3222
2022-08-26,San Benito,069,59416,16000,15805,933,16738,103
2022-08-26,San Bernardino,071,2135413,662785,653843,30230,684073,8017
2022-08-26,San Diego,073,3302833,910518,908809,70526,979335,5456
2022-08-26,San Francisco,075,870044,175847,175204,11838,187042,1000
2022-08-26,San Joaquin,077,732212,195016,193880,14478,208358,2296
2022-08-26,San Luis Obispo,079,281455,62519,62105,6920,69025,515
2022-08-26,San Mateo,081,765935,165942,164675,10259,174934,738
2022-08-26,Santa Barbara,083,443738,104101,103496,6693,110189,717
2022-08-26,Santa Clara,085,1922200,428387,422650,18576,441226,2459
2022-08-26,Santa Cruz,087,273765,61931,61594,3339,64933,273
2022-08-26,Shasta,089,179085,34432,34283,7207,41490,590
2022-08-26,Sierra,091,2930,302,300,60,360,5
2022-08-26,Siskiyou,093,43540,5034,5140,3263,8403,89
2022-08-26,Solano,095,438530,103691,102855,7681,110536,460
2022-08-26,Sonoma,097,501317,105281,104646,5157,109803,557
2022-08-26,Stanislaus,099,539301,135941,135310,21251,156561,1722
2022-08-26,Sutter,101,95872,23821,23759,2440,26199,228
2022-08-26,Tehama,103,63373,13422,13340,3013,16353,210
2022-08-26,Trinity,105,12862,1385,1370,368,1738,20
2022-08-26,Tulare,107,460477,120475,119942,35247,155189,1527
2022-08-26,Tuolumne,109,53932,15326,15193,904,16097,196
2022-08-26,Ventura,111,848112,205286,204567,15191,219758,1553
2022-08-26,Yolo,113,214977,46791,46744,4135,50879,334
2022-08-26,Yuba,115,75493,18556,18482,1658,20140,129
2022-08-25,Alameda,001,1643700,341050,339618,19269,358887,1978
2022-08-25,Alpine,002,1148,133,133,1,134,0
2022-08-25,Amador,005,37829,9834,9802,907,10709,89
2022-08-25,Butte,007,227075,38787,38606,8844,47450,452
2022-08-25,Calaveras,009,45235,8395,8368,515,8883,133
2022-08-25,Colusa,011,21464,3746,3736,1247,4983,22
2022-08-25,Contra Costa,013,1133247,247077,243331,20271,263602,1404
2022-08-25,Del Norte,015,27424,7336,7316,390,7706,55
2022-08-25,El Dorado,017,186661,31805,31760,4146,35906,226
2022-08-25,Fresno,019,978130,274448,269680,30794,300474,2829
2022-08-25,Glenn,021,27897,5463,5434,1835,7269,49
2022-08-25,Humboldt,023,135768,21333,21264,4815,26079,154
2022-08-25,Imperial,025,180216,64594,64391,15159,79550,953
2022-08-25,Inyo,027,18085,4448,4443,890,5333,59
2022-08-25,Kern,029,883053,216646,215612,61196,276808,2399
2022-08-25,Kings,031,150075,58581,58443,4017,62460,455
2022-08-25,Lake,033,64148,12587,12524,1131,13655,142
2022-08-25,Lassen,035,31185,9893,9871,978,10849,64
2022-08-25,Los Angeles,037,10098052,3233953,3219328,174735,3394063,32833
2022-08-25,Madera,039,155013,43248,43105,8031,51136,372
2022-08-25,Marin,041,260295,44362,44192,5129,49321,305
2022-08-25,Mariposa,043,17540,3038,3018,332,3350,31
2022-08-25,Mendocino,045,87422,15784,15698,4360,20058,134
2022-08-25,Merced,047,269075,71631,70906,11519,82425,851
2022-08-25,Modoc,049,8938,867,865,313,1178,11
2022-08-25,Mono,051,14174,3187,3181,241,3422,7
2022-08-25,Monterey,053,433212,93197,92844,20527,113371,760
2022-08-25,Napa,055,140530,31688,31668,1384,33052,156
2022-08-25,Nevada,057,99092,18660,18592,1759,20351,132
2022-08-25,Orange,059,3164182,658338,656440,61205,717645,7326
2022-08-25,Placer,061,380077,74739,74391,9334,83725,657
2022-08-25,Plumas,063,18699,3583,3571,430,4001,13
2022-08-25,Riverside,065,2383286,686088,683511,34422,717933,6580
2022-08-25,Sacramento,067,1510023,341189,339846,33245,373091,3222
2022-08-25,San Benito,069,59416,15987,15805,932,16737,103
2022-08-25,San Bernardino,071,2135413,662254,653843,30195,684038,8017
2022-08-25,San Diego,073,3302833,909972,908809,70447,979256,5456
2022-08-25,San Francisco,075,870044,175734,175204,11833,187037,1000
2022-08-25,San Joaquin,077,732212,194869,193880,14453,208333,2296
2022-08-25,San Luis Obispo,079,281455,62419,62105,6910,69015,515
2022-08-25,San Mateo,081,765935,165814,164675,10251,174926,738
2022-08-25,Santa Barbara,083,443738,104005,103496,6678,110174,717
2022-08-25,Santa Clara,085,1922200,428071,422650,18555,441205,2459
2022-08-25,Santa Cruz,087,273765,61871,61594,3335,64929,273
2022-08-25,Shasta,089,179085,34413,34283,7195,41478,590
2022-08-25,Sierra,091,2930,302,300,60,360,5
2022-08-25,Siskiyou,093,43540,5029,5140,3258,8398,89
2022-08-25,Solano,095,438530,103605,102855,7671,110526,460
2022-08-25,Sonoma,097,501317,105205,104646,5150,109796,557
2022-08-25,Stanislaus,099,539301,135815,135310,21228,156538,1722
2022-08-25,Sutter,101,95872,23798,23759,2438,26197,228
2022-08-25,Tehama,103,63373,13414,13340,3006,16346,210
2022-08-25,Trinity,105,12862,1385,1370,367,1737,20
2022-08-25,Tulare,107,460477,120381,119942,35176,155118,1527
2022-08-25,Tuolumne,109,53932,15308,15193,903,16096,196
2022-08-25,Ventura,111,848112,205133,204567,15141,219708,1553
2022-08-25,Yolo,113,214977,46764,46744,4126,50870,334
2022-08-25,Yuba,115,75493,18537,18482,1655,20137,129
2022-08-24,Alameda,001,1643700,340741,338591,19241,357832,1976
2022-08-24,Alpine,002,1148,133,131,1,132,0
2022-08-24,Amador,005,37829,9827,9786,904,10690,89
2022-08-24,Butte,007,227075,38749,38458,8828,47286,449
2022-08-24,Calaveras,009,45235,8380,8334,514,8848,132
2022-08-24,Colusa,011,21464,3746,3722,1244,4966,22
2022-08-24,Contra Costa,013,1133247,246888,242633,20245,262878,1399
2022-08-24,Del Norte,015,27424,7332,7308,388,7696,55
2022-08-24,El Dorado,017,186661,31790,31682,4141,35823,225
2022-08-24,Fresno,019,978130,274253,269025,30738,299763,2822
2022-08-24,Glenn,021,27897,5461,5423,1835,7258,48
2022-08-24,Humboldt,023,135768,21312,21195,4804,25999,153
2022-08-24,Imperial,025,180216,64557,64271,15142,79413,951
2022-08-24,Inyo,027,18085,4447,4440,889,5329,59
2022-08-24,Kern,029,883053,216498,215225,61074,276299,2399
2022-08-24,Kings,031,150075,58527,58324,4013,62337,454
2022-08-24,Lake,033,64148,12577,12476,1130,13606,142
2022-08-24,Lassen,035,31185,9890,9867,975,10842,64
2022-08-24,Los Angeles,037,10098052,3231595,3211321,174422,3385743,32783
2022-08-24,Madera,039,155013,43207,42984,8006,50990,372
2022-08-24,Marin,041,260295,44325,44082,5121,49203,305
2022-08-24,Mariposa,043,17540,3038,3010,332,3342,31
2022-08-24,Mendocino,045,87422,15772,15623,4350,19973,134
2022-08-24,Merced,047,269075,71581,70665,11487,82152,849
2022-08-24,Modoc,049,8938,867,864,312,1176,11
2022-08-24,Mono,051,14174,3187,3181,241,3422,7
2022-08-24,Monterey,053,433212,93136,92590,20487,113077,760
2022-08-24,Napa,055,140530,31678,31602,1382,32984,156
2022-08-24,Nevada,057,99092,18644,18565,1756,20321,132
2022-08-24,Orange,059,3164182,657887,654893,61108,716001,7312
2022-08-24,Placer,061,380077,74678,74226,9329,83555,657
2022-08-24,Plumas,063,18699,3579,3555,430,3985,13
2022-08-24,Riverside,065,2383286,685552,681805,34366,716171,6573
2022-08-24,Sacramento,067,1510023,340911,339009,33198,372207,3208
2022-08-24,San Benito,069,59416,15965,15745,929,16674,103
2022-08-24,San Bernardino,071,2135413,661743,651496,30154,681650,8018
2022-08-24,San Diego,073,3302833,909408,906885,70377,977262,5453
2022-08-24,San Francisco,075,870044,175591,174731,11828,186559,974
2022-08-24,San Joaquin,077,732212,194713,193370,14427,207797,2288
2022-08-24,San Luis Obispo,079,281455,62380,61962,6897,68859,515
2022-08-24,San Mateo,081,765935,165698,164307,10245,174552,738
2022-08-24,Santa Barbara,083,443738,103928,103237,6662,109899,716
2022-08-24,Santa Clara,085,1922200,427720,421483,18543,440026,2454
2022-08-24,Santa Cruz,087,273765,61844,61387,3330,64717,270
2022-08-24,Shasta,089,179085,34399,34180,7181,41361,589
2022-08-24,Sierra,091,2930,302,301,60,361,5
2022-08-24,Siskiyou,093,43540,5025,5133,3257,8390,88
2022-08-24,Solano,095,438530,103518,102631,7660,110291,459
2022-08-24,Sonoma,097,501317,105128,104444,5149,109593,520
2022-08-24,Stanislaus,099,539301,135686,134894,21203,156097,1720
2022-08-24,Sutter,101,95872,23766,23673,2437,26110,228
2022-08-24,Tehama,103,63373,13409,13312,3002,16314,209
2022-08-24,Trinity,105,12862,1384,1369,367,1736,20
2022-08-24,Tulare,107,460477,120274,119644,35075,154719,1525
2022-08-24,Tuolumne,109,53932,15298,15140,903,16043,196
2022-08-24,Ventura,111,848112,204967,204064,15101,219165,1551
2022-08-24,Yolo,113,214977,46735,46665,4118,50783,333
2022-08-24,Yuba,115,75493,18513,18425,1649,20074,129
2022-08-23,Alameda,001,1643700,340422,338591,19214,357805,1976
2022-08-23,Alpine,002,1148,133,131,1,132,0
2022-08-23,Amador,005,37829,9816,9786,903,10689,89
2022-08-23,Butte,007,227075,38717,38458,8808,47266,449
2022-08-23,Calaveras,009,45235,8371,8334,510,8844,132
2022-08-23,Colusa,011,21464,3743,3722,1240,4962,22
2022-08-23,Contra Costa,013,1133247,246691,242633,20215,262848,1399
2022-08-23,Del Norte,015,27424,7328,7308,388,7696,55
2022-08-23,El Dorado,017,186661,31770,31682,4138,35820,225
2022-08-23,Fresno,019,978130,273999,269025,30679,299704,2822
2022-08-23,Glenn,021,27897,5455,5423,1834,7257,48
2022-08-23,Humboldt,023,135768,21299,21195,4792,25987,153
2022-08-23,Imperial,025,180216,64514,64271,15123,79394,951
2022-08-23,Inyo,027,18085,4445,4440,882,5322,59
2022-08-23,Kern,029,883053,216366,215225,60911,276136,2399
2022-08-23,Kings,031,150075,58476,58324,4008,62332,454
2022-08-23,Lake,033,64148,12557,12476,1129,13605,142
2022-08-23,Lassen,035,31185,9886,9867,975,10842,64
2022-08-23,Los Angeles,037,10098052,3228937,3211321,174096,3385417,32783
2022-08-23,Madera,039,155013,43162,42984,7982,50966,372
2022-08-23,Marin,041,260295,44293,44082,5118,49200,305
2022-08-23,Mariposa,043,17540,3034,3010,328,3338,31
2022-08-23,Mendocino,045,87422,15754,15623,4342,19965,134
2022-08-23,Merced,047,269075,71520,70665,11434,82099,849
2022-08-23,Modoc,049,8938,867,864,312,1176,11
2022-08-23,Mono,051,14174,3187,3181,241,3422,7
2022-08-23,Monterey,053,433212,93068,92590,20443,113033,760
2022-08-23,Napa,055,140530,31660,31602,1382,32984,156
2022-08-23,Nevada,057,99092,18630,18565,1748,20313,132
2022-08-23,Orange,059,3164182,657373,654893,60992,715885,7312
2022-08-23,Placer,061,380077,74613,74226,9315,83541,657
2022-08-23,Plumas,063,18699,3573,3555,430,3985,13
2022-08-23,Riverside,065,2383286,684938,681805,34301,716106,6573
2022-08-23,Sacramento,067,1510023,340587,339009,33144,372153,3208
2022-08-23,San Benito,069,59416,15942,15745,925,16670,103
2022-08-23,San Bernardino,071,2135413,661133,651496,30094,681590,8018
2022-08-23,San Diego,073,3302833,908790,906885,70300,977185,5453
2022-08-23,San Francisco,075,870044,175436,174731,11818,186549,974
2022-08-23,San Joaquin,077,732212,194558,193370,14384,207754,2288
2022-08-23,San Luis Obispo,079,281455,62332,61962,6886,68848,515
2022-08-23,San Mateo,081,765935,165571,164307,10242,174549,738
2022-08-23,Santa Barbara,083,443738,103833,103237,6647,109884,716
2022-08-23,Santa Clara,085,1922200,427343,421483,18528,440011,2454
2022-08-23,Santa Cruz,087,273765,61791,61387,3327,64714,270
2022-08-23,Shasta,089,179085,34376,34180,7175,41355,589
2022-08-23,Sierra,091,2930,302,301,60,361,5
2022-08-23,Siskiyou,093,43540,5025,5133,3255,8388,88
2022-08-23,Solano,095,438530,103423,102631,7654,110285,459
2022-08-23,Sonoma,097,501317,105047,104444,5138,109582,520
2022-08-23,Stanislaus,099,539301,135566,134894,21159,156053,1720
2022-08-23,Sutter,101,95872,23747,23673,2432,26105,228
2022-08-23,Tehama,103,63373,13399,13312,3000,16312,209
2022-08-23,Trinity,105,12862,1382,1369,367,1736,20
2022-08-23,Tulare,107,460477,120162,119644,34973,154617,1525
2022-08-23,Tuolumne,109,53932,15283,15140,902,16042,196
2022-08-23,Ventura,111,848112,204792,204064,15064,219128,1551
2022-08-23,Yolo,113,214977,46709,46665,4116,50781,333
2022-08-23,Yuba,115,75493,18492,18425,1645,20070,129
2022-08-22,Alameda,001,1643700,340058,338591,19181,357772,1976
2022-08-22,Alpine,002,1148,133,131,1,132,0
2022-08-22,Amador,005,37829,9811,9786,902,10688,89
2022-08-22,Butte,007,227075,38668,38458,8791,47249,449
2022-08-22,Calaveras,009,45235,8360,8334,508,8842,132
2022-08-22,Colusa,011,21464,3741,3722,1236,4958,22
2022-08-22,Contra Costa,013,1133247,246445,242633,20176,262809,1399
2022-08-22,Del Norte,015,27424,7327,7308,388,7696,55
2022-08-22,El Dorado,017,186661,31746,31682,4134,35816,225
2022-08-22,Fresno,019,978130,273758,269025,30595,299620,2822
2022-08-22,Glenn,021,27897,5454,5423,1832,7255,48
2022-08-22,Humboldt,023,135768,21278,21195,4777,25972,153
2022-08-22,Imperial,025,180216,64440,64271,15082,79353,951
2022-08-22,Inyo,027,18085,4443,4440,882,5322,59
2022-08-22,Kern,029,883053,216211,215225,60724,275949,2399
2022-08-22,Kings,031,150075,58424,58324,4000,62324,454
2022-08-22,Lake,033,64148,12533,12476,1126,13602,142
2022-08-22,Lassen,035,31185,9884,9867,975,10842,64
2022-08-22,Los Angeles,037,10098052,3226012,3211321,173748,3385069,32783
2022-08-22,Madera,039,155013,43108,42984,7957,50941,372
2022-08-22,Marin,041,260295,44260,44082,5110,49192,305
2022-08-22,Mariposa,043,17540,3027,3010,327,3337,31
2022-08-22,Mendocino,045,87422,15732,15623,4325,19948,134
2022-08-22,Merced,047,269075,71444,70665,11392,82057,849
2022-08-22,Modoc,049,8938,867,864,312,1176,11
2022-08-22,Mono,051,14174,3187,3181,241,3422,7
2022-08-22,Monterey,053,433212,92993,92590,20394,112984,760
2022-08-22,Napa,055,140530,31634,31602,1379,32981,156
2022-08-22,Nevada,057,99092,18612,18565,1742,20307,132
2022-08-22,Orange,059,3164182,656780,654893,60866,715759,7312
2022-08-22,Placer,061,380077,74536,74226,9308,83534,657
2022-08-22,Plumas,063,18699,3572,3555,430,3985,13
2022-08-22,Riverside,065,2383286,684275,681805,34232,716037,6573
2022-08-22,Sacramento,067,1510023,340247,339009,33060,372069,3208
2022-08-22,San Benito,069,59416,15920,15745,924,16669,103
2022-08-22,San Bernardino,071,2135413,660399,651496,30026,681522,8018
2022-08-22,San Diego,073,3302833,908104,906885,70179,977064,5453
2022-08-22,San Francisco,075,870044,175283,174731,11804,186535,974
2022-08-22,San Joaquin,077,732212,194379,193370,14344,207714,2288
2022-08-22,San Luis Obispo,079,281455,62279,61962,6873,68835,515
2022-08-22,San Mateo,081,765935,165427,164307,10230,174537,738
2022-08-22,Santa Barbara,083,443738,103711,103237,6629,109866,716
2022-08-22,Santa Clara,085,1922200,426917,421483,18501,439984,2454
2022-08-22,Santa Cruz,087,273765,61708,61387,3323,64710,270
2022-08-22,Shasta,089,179085,34360,34180,7165,41345,589
2022-08-22,Sierra,091,2930,302,301,60,361,5
2022-08-22,Siskiyou,093,43540,5021,5133,3253,8386,88
2022-08-22,Solano,095,438530,103333,102631,7641,110272,459
2022-08-22,Sonoma,097,501317,104965,104444,5125,109569,520
2022-08-22,Stanislaus,099,539301,135401,134894,21123,156017,1720
2022-08-22,Sutter,101,95872,23712,23673,2432,26105,228
2022-08-22,Tehama,103,63373,13393,13312,2997,16309,209
2022-08-22,Trinity,105,12862,1377,1369,365,1734,20
2022-08-22,Tulare,107,460477,120031,119644,34872,154516,1525
2022-08-22,Tuolumne,109,53932,15260,15140,902,16042,196
2022-08-22,Ventura,111,848112,204630,204064,14990,219054,1551
2022-08-22,Yolo,113,214977,46671,46665,4106,50771,333
2022-08-22,Yuba,115,75493,18465,18425,1641,20066,129
2022-08-21,Alameda,001,1643700,339630,337238,19153,356391,1970
2022-08-21,Alpine,002,1148,132,131,1,132,0
2022-08-21,Amador,005,37829,9804,9761,897,10658,89
2022-08-21,Butte,007,227075,38622,38316,8773,47089,449
2022-08-21,Calaveras,009,45235,8347,8313,506,8819,132
2022-08-21,Colusa,011,21464,3735,3718,1230,4948,22
2022-08-21,Contra Costa,013,1133247,246156,241665,20145,261810,1399
2022-08-21,Del Norte,015,27424,7320,7290,387,7677,55
2022-08-21,El Dorado,017,186661,31713,31600,4129,35729,225
2022-08-21,Fresno,019,978130,273482,268147,30505,298652,2822
2022-08-21,Glenn,021,27897,5450,5413,1831,7244,48
2022-08-21,Humboldt,023,135768,21254,21104,4759,25863,153
2022-08-21,Imperial,025,180216,64379,64092,15042,79134,951
2022-08-21,Inyo,027,18085,4443,4435,878,5313,59
2022-08-21,Kern,029,883053,216023,214656,60536,275192,2389
2022-08-21,Kings,031,150075,58353,58109,3989,62098,454
2022-08-21,Lake,033,64148,12509,12426,1124,13550,142
2022-08-21,Lassen,035,31185,9878,9843,974,10817,64
2022-08-21,Los Angeles,037,10098052,3222751,3200023,173347,3373370,32746
2022-08-21,Madera,039,155013,43058,42822,7919,50741,372
2022-08-21,Marin,041,260295,44211,43966,5091,49057,305
2022-08-21,Mariposa,043,17540,3025,3003,327,3330,31
2022-08-21,Mendocino,045,87422,15702,15578,4302,19880,134
2022-08-21,Merced,047,269075,71352,70449,11318,81767,846
2022-08-21,Modoc,049,8938,866,862,312,1174,11
2022-08-21,Mono,051,14174,3187,3177,239,3416,7
2022-08-21,Monterey,053,433212,92889,92287,20339,112626,760
2022-08-21,Napa,055,140530,31612,31534,1378,32912,156
2022-08-21,Nevada,057,99092,18600,18497,1738,20235,132
2022-08-21,Orange,059,3164182,656125,652703,60730,713433,7280
2022-08-21,Placer,061,380077,74474,74027,9304,83331,657
2022-08-21,Plumas,063,18699,3565,3550,430,3980,13
2022-08-21,Riverside,065,2383286,683442,679298,34147,713445,6574
2022-08-21,Sacramento,067,1510023,339878,337745,32988,370733,3208
2022-08-21,San Benito,069,59416,15897,15698,921,16619,103
2022-08-21,San Bernardino,071,2135413,659548,648583,29962,678545,8014
2022-08-21,San Diego,073,3302833,907247,904015,70098,974113,5448
2022-08-21,San Francisco,075,870044,175080,174151,11786,185937,973
2022-08-21,San Joaquin,077,732212,194132,192738,14304,207042,2288
2022-08-21,San Luis Obispo,079,281455,62227,61764,6848,68612,516
2022-08-21,San Mateo,081,765935,165272,163705,10222,173927,738
2022-08-21,Santa Barbara,083,443738,103581,102795,6604,109399,713
2022-08-21,Santa Clara,085,1922200,426389,419723,18468,438191,2437
2022-08-21,Santa Cruz,087,273765,61593,61098,3318,64416,269
2022-08-21,Shasta,089,179085,34320,34105,7150,41255,588
2022-08-21,Sierra,091,2930,302,298,60,358,4
2022-08-21,Siskiyou,093,43540,5020,5119,3246,8365,88
2022-08-21,Solano,095,438530,103248,102355,7630,109985,457
2022-08-21,Sonoma,097,501317,104858,104090,5112,109202,511
2022-08-21,Stanislaus,099,539301,135235,134407,21052,155459,1719
2022-08-21,Sutter,101,95872,23679,23587,2425,26012,228
2022-08-21,Tehama,103,63373,13382,13289,2993,16282,209
2022-08-21,Trinity,105,12862,1375,1366,364,1730,20
2022-08-21,Tulare,107,460477,119903,119251,34721,153972,1521
2022-08-21,Tuolumne,109,53932,15243,15085,900,15985,196
2022-08-21,Ventura,111,848112,204396,203318,14921,218239,1547
2022-08-21,Yolo,113,214977,46631,46567,4101,50668,333
2022-08-21,Yuba,115,75493,18442,18363,1634,19997,129
2022-08-20,Alameda,001,1643700,339419,337238,19135,356373,1970
2022-08-20,Alpine,002,1148,132,131,1,132,0
2022-08-20,Amador,005,37829,9801,9761,897,10658,89
2022-08-20,Butte,007,227075,38593,38316,8769,47085,449
2022-08-20,Calaveras,009,45235,8344,8313,505,8818,132
2022-08-20,Colusa,011,21464,3731,3718,1224,4942,22
2022-08-20,Contra Costa,013,1133247,246015,241665,20136,261801,1399
2022-08-20,Del Norte,015,27424,7319,7290,387,7677,55
2022-08-20,El Dorado,017,186661,31693,31600,4127,35727,225
2022-08-20,Fresno,019,978130,273336,268147,30481,298628,2822
2022-08-20,Glenn,021,27897,5447,5413,1831,7244,48
2022-08-20,Humboldt,023,135768,21235,21104,4747,25851,153
2022-08-20,Imperial,025,180216,64342,64092,15023,79115,951
2022-08-20,Inyo,027,18085,4443,4435,878,5313,59
2022-08-20,Kern,029,883053,215935,214656,60412,275068,2389
2022-08-20,Kings,031,150075,58326,58109,3984,62093,454
2022-08-20,Lake,033,64148,12499,12426,1120,13546,142
2022-08-20,Lassen,035,31185,9875,9843,974,10817,64
2022-08-20,Los Angeles,037,10098052,3221162,3200023,173122,3373145,32746
2022-08-20,Madera,039,155013,43034,42822,7913,50735,372
2022-08-20,Marin,041,260295,44193,43966,5089,49055,305
2022-08-20,Mariposa,043,17540,3025,3003,327,3330,31
2022-08-20,Mendocino,045,87422,15686,15578,4301,19879,134
2022-08-20,Merced,047,269075,71328,70449,11310,81759,846
2022-08-20,Modoc,049,8938,866,862,312,1174,11
2022-08-20,Mono,051,14174,3187,3177,237,3414,7
2022-08-20,Monterey,053,433212,92844,92287,20311,112598,760
2022-08-20,Napa,055,140530,31604,31534,1378,32912,156
2022-08-20,Nevada,057,99092,18597,18497,1736,20233,132
2022-08-20,Orange,059,3164182,655804,652703,60643,713346,7280
2022-08-20,Placer,061,380077,74425,74027,9300,83327,657
2022-08-20,Plumas,063,18699,3565,3550,430,3980,13
2022-08-20,Riverside,065,2383286,683017,679298,34119,713417,6574
2022-08-20,Sacramento,067,1510023,339715,337745,32964,370709,3208
2022-08-20,San Benito,069,59416,15878,15698,918,16616,103
2022-08-20,San Bernardino,071,2135413,659127,648583,29924,678507,8014
2022-08-20,San Diego,073,3302833,906866,904015,70072,974087,5448
2022-08-20,San Francisco,075,870044,174956,174151,11785,185936,973
2022-08-20,San Joaquin,077,732212,194032,192738,14277,207015,2288
2022-08-20,San Luis Obispo,079,281455,62209,61764,6840,68604,516
2022-08-20,San Mateo,081,765935,165171,163705,10219,173924,738
2022-08-20,Santa Barbara,083,443738,103510,102795,6597,109392,713
2022-08-20,Santa Clara,085,1922200,426122,419723,18452,438175,2437
2022-08-20,Santa Cruz,087,273765,61563,61098,3314,64412,269
2022-08-20,Shasta,089,179085,34294,34105,7148,41253,588
2022-08-20,Sierra,091,2930,302,298,60,358,4
2022-08-20,Siskiyou,093,43540,5015,5119,3245,8364,88
2022-08-20,Solano,095,438530,103202,102355,7622,109977,457
2022-08-20,Sonoma,097,501317,104804,104090,5109,109199,511
2022-08-20,Stanislaus,099,539301,135143,134407,21037,155444,1719
2022-08-20,Sutter,101,95872,23651,23587,2425,26012,228
2022-08-20,Tehama,103,63373,13374,13289,2993,16282,209
2022-08-20,Trinity,105,12862,1375,1366,364,1730,20
2022-08-20,Tulare,107,460477,119821,119251,34671,153922,1521
2022-08-20,Tuolumne,109,53932,15234,15085,898,15983,196
2022-08-20,Ventura,111,848112,204287,203318,14905,218223,1547
2022-08-20,Yolo,113,214977,46603,46567,4093,50660,333
2022-08-20,Yuba,115,75493,18435,18363,1633,19996,129
2022-08-19,Alameda,001,1643700,339207,337238,19108,356346,1970
2022-08-19,Alpine,002,1148,132,131,1,132,0
2022-08-19,Amador,005,37829,9800,9761,897,10658,89
2022-08-19,Butte,007,227075,38572,38316,8758,47074,449
2022-08-19,Calaveras,009,45235,8339,8313,505,8818,132
2022-08-19,Colusa,011,21464,3730,3718,1223,4941,22
2022-08-19,Contra Costa,013,1133247,245873,241665,20125,261790,1399
2022-08-19,Del Norte,015,27424,7314,7290,387,7677,55
2022-08-19,El Dorado,017,186661,31681,31600,4123,35723,225
2022-08-19,Fresno,019,978130,273172,268147,30458,298605,2822
2022-08-19,Glenn,021,27897,5446,5413,1831,7244,48
2022-08-19,Humboldt,023,135768,21225,21104,4737,25841,153
2022-08-19,Imperial,025,180216,64314,64092,15008,79100,951
2022-08-19,Inyo,027,18085,4443,4435,874,5309,59
2022-08-19,Kern,029,883053,215845,214656,60319,274975,2389
2022-08-19,Kings,031,150075,58284,58109,3977,62086,454
2022-08-19,Lake,033,64148,12486,12426,1118,13544,142
2022-08-19,Lassen,035,31185,9872,9843,974,10817,64
2022-08-19,Los Angeles,037,10098052,3219339,3200023,172901,3372924,32746
2022-08-19,Madera,039,155013,43012,42822,7909,50731,372
2022-08-19,Marin,041,260295,44158,43966,5083,49049,305
2022-08-19,Mariposa,043,17540,3023,3003,327,3330,31
2022-08-19,Mendocino,045,87422,15673,15578,4293,19871,134
2022-08-19,Merced,047,269075,71288,70449,11305,81754,846
2022-08-19,Modoc,049,8938,866,862,312,1174,11
2022-08-19,Mono,051,14174,3187,3177,237,3414,7
2022-08-19,Monterey,053,433212,92790,92287,20281,112568,760
2022-08-19,Napa,055,140530,31586,31534,1376,32910,156
2022-08-19,Nevada,057,99092,18592,18497,1735,20232,132
2022-08-19,Orange,059,3164182,655440,652703,60557,713260,7280
2022-08-19,Placer,061,380077,74389,74027,9292,83319,657
2022-08-19,Plumas,063,18699,3564,3550,430,3980,13
2022-08-19,Riverside,065,2383286,682599,679298,34089,713387,6574
2022-08-19,Sacramento,067,1510023,339526,337745,32936,370681,3208
2022-08-19,San Benito,069,59416,15875,15698,916,16614,103
2022-08-19,San Bernardino,071,2135413,658675,648583,29908,678491,8014
2022-08-19,San Diego,073,3302833,906370,904015,70019,974034,5448
2022-08-19,San Francisco,075,870044,174817,174151,11768,185919,973
2022-08-19,San Joaquin,077,732212,193929,192738,14254,206992,2288
2022-08-19,San Luis Obispo,079,281455,62194,61764,6838,68602,516
2022-08-19,San Mateo,081,765935,165057,163705,10214,173919,738
2022-08-19,Santa Barbara,083,443738,103430,102795,6593,109388,713
2022-08-19,Santa Clara,085,1922200,425811,419723,18436,438159,2437
2022-08-19,Santa Cruz,087,273765,61500,61098,3309,64407,269
2022-08-19,Shasta,089,179085,34277,34105,7148,41253,588
2022-08-19,Sierra,091,2930,302,298,60,358,4
2022-08-19,Siskiyou,093,43540,5008,5119,3245,8364,88
2022-08-19,Solano,095,438530,103143,102355,7615,109970,457
2022-08-19,Sonoma,097,501317,104744,104090,5106,109196,511
2022-08-19,Stanislaus,099,539301,135060,134407,21020,155427,1719
2022-08-19,Sutter,101,95872,23634,23587,2424,26011,228
2022-08-19,Tehama,103,63373,13364,13289,2987,16276,209
2022-08-19,Trinity,105,12862,1374,1366,364,1730,20
2022-08-19,Tulare,107,460477,119734,119251,34619,153870,1521
2022-08-19,Tuolumne,109,53932,15227,15085,897,15982,196
2022-08-19,Ventura,111,848112,204160,203318,14885,218203,1547
2022-08-19,Yolo,113,214977,46580,46567,4090,50657,333
2022-08-19,Yuba,115,75493,18420,18363,1633,19996,129
2022-08-18,Alameda,001,1643700,338914,337238,19074,356312,1970
2022-08-18,Alpine,002,1148,131,131,1,132,0
2022-08-18,Amador,005,37829,9795,9761,896,10657,89
2022-08-18,Butte,007,227075,38542,38316,8744,47060,449
2022-08-18,Calaveras,009,45235,8334,8313,505,8818,132
2022-08-18,Colusa,011,21464,3730,3718,1219,4937,22
2022-08-18,Contra Costa,013,1133247,245660,241665,20095,261760,1399
2022-08-18,Del Norte,015,27424,7309,7290,386,7676,55
2022-08-18,El Dorado,017,186661,31666,31600,4120,35720,225
2022-08-18,Fresno,019,978130,272948,268147,30401,298548,2822
2022-08-18,Glenn,021,27897,5441,5413,1830,7243,48
2022-08-18,Humboldt,023,135768,21200,21104,4710,25814,153
2022-08-18,Imperial,025,180216,64289,64092,14967,79059,951
2022-08-18,Inyo,027,18085,4442,4435,869,5304,59
2022-08-18,Kern,029,883053,215696,214656,60188,274844,2389
2022-08-18,Kings,031,150075,58239,58109,3966,62075,454
2022-08-18,Lake,033,64148,12472,12426,1117,13543,142
2022-08-18,Lassen,035,31185,9871,9843,973,10816,64
2022-08-18,Los Angeles,037,10098052,3216852,3200023,172618,3372641,32746
2022-08-18,Madera,039,155013,42971,42822,7891,50713,372
2022-08-18,Marin,041,260295,44126,43966,5072,49038,305
2022-08-18,Mariposa,043,17540,3021,3003,327,3330,31
2022-08-18,Mendocino,045,87422,15659,15578,4292,19870,134
2022-08-18,Merced,047,269075,71206,70449,11274,81723,846
2022-08-18,Modoc,049,8938,866,862,312,1174,11
2022-08-18,Mono,051,14174,3185,3177,236,3413,7
2022-08-18,Monterey,053,433212,92702,92287,20245,112532,760
2022-08-18,Napa,055,140530,31566,31534,1376,32910,156
2022-08-18,Nevada,057,99092,18575,18497,1731,20228,132
2022-08-18,Orange,059,3164182,654974,652703,60444,713147,7280
2022-08-18,Placer,061,380077,74333,74027,9288,83315,657
2022-08-18,Plumas,063,18699,3560,3550,430,3980,13
2022-08-18,Riverside,065,2383286,682019,679298,34041,713339,6574
2022-08-18,Sacramento,067,1510023,339230,337745,32877,370622,3208
2022-08-18,San Benito,069,59416,15863,15698,913,16611,103
2022-08-18,San Bernardino,071,2135413,657998,648583,29858,678441,8014
2022-08-18,San Diego,073,3302833,905725,904015,69943,973958,5448
2022-08-18,San Francisco,075,870044,174665,174151,11744,185895,973
2022-08-18,San Joaquin,077,732212,193758,192738,14225,206963,2288
2022-08-18,San Luis Obispo,079,281455,62150,61764,6825,68589,516
2022-08-18,San Mateo,081,765935,164877,163705,10206,173911,738
2022-08-18,Santa Barbara,083,443738,103321,102795,6584,109379,713
2022-08-18,Santa Clara,085,1922200,425374,419723,18402,438125,2437
2022-08-18,Santa Cruz,087,273765,61429,61098,3303,64401,269
2022-08-18,Shasta,089,179085,34256,34105,7143,41248,588
2022-08-18,Sierra,091,2930,301,298,60,358,4
2022-08-18,Siskiyou,093,43540,5006,5119,3243,8362,88
2022-08-18,Solano,095,438530,103071,102355,7604,109959,457
2022-08-18,Sonoma,097,501317,104656,104090,5097,109187,511
2022-08-18,Stanislaus,099,539301,134932,134407,20985,155392,1719
2022-08-18,Sutter,101,95872,23613,23587,2422,26009,228
2022-08-18,Tehama,103,63373,13357,13289,2983,16272,209
2022-08-18,Trinity,105,12862,1373,1366,361,1727,20
2022-08-18,Tulare,107,460477,119637,119251,34523,153774,1521
2022-08-18,Tuolumne,109,53932,15184,15085,894,15979,196
2022-08-18,Ventura,111,848112,203983,203318,14847,218165,1547
2022-08-18,Yolo,113,214977,46555,46567,4082,50649,333
2022-08-18,Yuba,115,75493,18400,18363,1630,19993,129
2022-08-17,Alameda,001,1643700,338580,336198,19037,355235,1948
2022-08-17,Alpine,002,1148,131,131,1,132,0
2022-08-17,Amador,005,37829,9787,9728,896,10624,89
2022-08-17,Butte,007,227075,38503,38203,8732,46935,447
2022-08-17,Calaveras,009,45235,8327,8295,502,8797,131
2022-08-17,Colusa,011,21464,3729,3716,1217,4933,22
2022-08-17,Contra Costa,013,1133247,245433,240894,20060,260954,1394
2022-08-17,Del Norte,015,27424,7305,7274,386,7660,55
2022-08-17,El Dorado,017,186661,31648,31523,4116,35639,225
2022-08-17,Fresno,019,978130,272718,267367,30337,297704,2818
2022-08-17,Glenn,021,27897,5440,5403,1828,7231,48
2022-08-17,Humboldt,023,135768,21176,21029,4696,25725,153
2022-08-17,Imperial,025,180216,64246,63972,14937,78909,950
2022-08-17,Inyo,027,18085,4440,4421,866,5287,58
2022-08-17,Kern,029,883053,215563,214040,60056,274096,2389
2022-08-17,Kings,031,150075,58175,57948,3964,61912,454
2022-08-17,Lake,033,64148,12462,12383,1116,13499,142
2022-08-17,Lassen,035,31185,9862,9813,973,10786,64
2022-08-17,Los Angeles,037,10098052,3214052,3190808,172293,3363101,32701
2022-08-17,Madera,039,155013,42921,42677,7854,50531,372
2022-08-17,Marin,041,260295,44093,43852,5068,48920,305
2022-08-17,Mariposa,043,17540,3017,2998,326,3324,31
2022-08-17,Mendocino,045,87422,15649,15504,4286,19790,132
2022-08-17,Merced,047,269075,71147,70232,11231,81463,843
2022-08-17,Modoc,049,8938,865,857,312,1169,11
2022-08-17,Mono,051,14174,3185,3175,236,3411,7
2022-08-17,Monterey,053,433212,92638,91984,20190,112174,759
2022-08-17,Napa,055,140530,31550,31454,1375,32829,155
2022-08-17,Nevada,057,99092,18558,18443,1729,20172,132
2022-08-17,Orange,059,3164182,654365,650827,60325,711152,7266
2022-08-17,Placer,061,380077,74282,73852,9282,83134,655
2022-08-17,Plumas,063,18699,3558,3544,429,3973,13
2022-08-17,Riverside,065,2383286,681380,677437,33983,711420,6562
2022-08-17,Sacramento,067,1510023,338905,336667,32832,369499,3194
2022-08-17,San Benito,069,59416,15847,15655,912,16567,103
2022-08-17,San Bernardino,071,2135413,657355,646584,29801,676385,7999
2022-08-17,San Diego,073,3302833,904981,901794,69874,971668,5442
2022-08-17,San Francisco,075,870044,174529,173590,11732,185322,971
2022-08-17,San Joaquin,077,732212,193607,192078,14188,206266,2283
2022-08-17,San Luis Obispo,079,281455,62096,61604,6813,68417,514
2022-08-17,San Mateo,081,765935,164778,163218,10199,173417,738
2022-08-17,Santa Barbara,083,443738,103204,102430,6569,108999,712
2022-08-17,Santa Clara,085,1922200,424908,418231,18392,436623,2424
2022-08-17,Santa Cruz,087,273765,61339,60880,3298,64178,269
2022-08-17,Shasta,089,179085,34238,33984,7134,41118,587
2022-08-17,Sierra,091,2930,301,297,60,357,4
2022-08-17,Siskiyou,093,43540,5003,5102,3240,8342,88
2022-08-17,Solano,095,438530,102986,102115,7598,109713,459
2022-08-17,Sonoma,097,501317,104553,103844,5091,108935,504
2022-08-17,Stanislaus,099,539301,134786,133989,20948,154937,1715
2022-08-17,Sutter,101,95872,23579,23489,2416,25905,228
2022-08-17,Tehama,103,63373,13354,13259,2978,16237,209
2022-08-17,Trinity,105,12862,1373,1362,359,1721,20
2022-08-17,Tulare,107,460477,119528,118997,34418,153415,1521
2022-08-17,Tuolumne,109,53932,15176,15044,892,15936,196
2022-08-17,Ventura,111,848112,203802,202609,14792,217401,1546
2022-08-17,Yolo,113,214977,46523,46414,4077,50491,331
2022-08-17,Yuba,115,75493,18380,18305,1627,19932,129
2022-08-16,Alameda,001,1643700,338208,336198,19020,355218,1948
2022-08-16,Alpine,002,1148,131,131,1,132,0
2022-08-16,Amador,005,37829,9774,9728,891,10619,89
2022-08-16,Butte,007,227075,38469,38203,8719,46922,447
2022-08-16,Calaveras,009,45235,8319,8295,502,8797,131
2022-08-16,Colusa,011,21464,3728,3716,1215,4931,22
2022-08-16,Contra Costa,013,1133247,245197,240894,20019,260913,1394
2022-08-16,Del Norte,015,27424,7300,7274,386,7660,55
2022-08-16,El Dorado,017,186661,31627,31523,4110,35633,225
2022-08-16,Fresno,019,978130,272471,267367,30289,297656,2818
2022-08-16,Glenn,021,27897,5439,5403,1825,7228,48
2022-08-16,Humboldt,023,135768,21149,21029,4669,25698,153
2022-08-16,Imperial,025,180216,64195,63972,14899,78871,950
2022-08-16,Inyo,027,18085,4436,4421,862,5283,58
2022-08-16,Kern,029,883053,215420,214040,59907,273947,2389
2022-08-16,Kings,031,150075,58129,57948,3961,61909,454
2022-08-16,Lake,033,64148,12446,12383,1112,13495,142
2022-08-16,Lassen,035,31185,9849,9813,972,10785,64
2022-08-16,Los Angeles,037,10098052,3210977,3190808,171943,3362751,32701
2022-08-16,Madera,039,155013,42863,42677,7833,50510,372
2022-08-16,Marin,041,260295,44055,43852,5063,48915,305
2022-08-16,Mariposa,043,17540,3015,2998,326,3324,31
2022-08-16,Mendocino,045,87422,15630,15504,4273,19777,132
2022-08-16,Merced,047,269075,71068,70232,11188,81420,843
2022-08-16,Modoc,049,8938,865,857,312,1169,11
2022-08-16,Mono,051,14174,3185,3175,235,3410,7
2022-08-16,Monterey,053,433212,92557,91984,20121,112105,759
2022-08-16,Napa,055,140530,31531,31454,1374,32828,155
2022-08-16,Nevada,057,99092,18542,18443,1726,20169,132
2022-08-16,Orange,059,3164182,653691,650827,60192,711019,7266
2022-08-16,Placer,061,380077,74212,73852,9274,83126,655
2022-08-16,Plumas,063,18699,3556,3544,429,3973,13
2022-08-16,Riverside,065,2383286,680689,677437,33935,711372,6562
2022-08-16,Sacramento,067,1510023,338569,336667,32797,369464,3194
2022-08-16,San Benito,069,59416,15834,15655,909,16564,103
2022-08-16,San Bernardino,071,2135413,656623,646584,29733,676317,7999
2022-08-16,San Diego,073,3302833,904163,901794,69780,971574,5442
2022-08-16,San Francisco,075,870044,174367,173590,11726,185316,971
2022-08-16,San Joaquin,077,732212,193392,192078,14158,206236,2283
2022-08-16,San Luis Obispo,079,281455,62058,61604,6806,68410,514
2022-08-16,San Mateo,081,765935,164616,163218,10186,173404,738
2022-08-16,Santa Barbara,083,443738,103073,102430,6549,108979,712
2022-08-16,Santa Clara,085,1922200,424427,418231,18367,436598,2424
2022-08-16,Santa Cruz,087,273765,61286,60880,3293,64173,269
2022-08-16,Shasta,089,179085,34211,33984,7125,41109,587
2022-08-16,Sierra,091,2930,300,297,60,357,4
2022-08-16,Siskiyou,093,43540,4999,5102,3235,8337,88
2022-08-16,Solano,095,438530,102913,102115,7580,109695,459
2022-08-16,Sonoma,097,501317,104450,103844,5083,108927,504
2022-08-16,Stanislaus,099,539301,134649,133989,20888,154877,1715
2022-08-16,Sutter,101,95872,23555,23489,2410,25899,228
2022-08-16,Tehama,103,63373,13348,13259,2973,16232,209
2022-08-16,Trinity,105,12862,1370,1362,359,1721,20
2022-08-16,Tulare,107,460477,119438,118997,34301,153298,1521
2022-08-16,Tuolumne,109,53932,15162,15044,892,15936,196
2022-08-16,Ventura,111,848112,203566,202609,14743,217352,1546
2022-08-16,Yolo,113,214977,46505,46414,4072,50486,331
2022-08-16,Yuba,115,75493,18361,18305,1621,19926,129
2022-08-15,Alameda,001,1643700,337825,336198,18987,355185,1948
2022-08-15,Alpine,002,1148,131,131,1,132,0
2022-08-15,Amador,005,37829,9762,9728,891,10619,89
2022-08-15,Butte,007,227075,38446,38203,8701,46904,447
2022-08-15,Calaveras,009,45235,8317,8295,501,8796,131
2022-08-15,Colusa,011,21464,3725,3716,1214,4930,22
2022-08-15,Contra Costa,013,1133247,244915,240894,19987,260881,1394
2022-08-15,Del Norte,015,27424,7295,7274,385,7659,55
2022-08-15,El Dorado,017,186661,31594,31523,4107,35630,225
2022-08-15,Fresno,019,978130,272163,267367,30223,297590,2818
2022-08-15,Glenn,021,27897,5431,5403,1824,7227,48
2022-08-15,Humboldt,023,135768,21127,21029,4648,25677,153
2022-08-15,Imperial,025,180216,64148,63972,14863,78835,950
2022-08-15,Inyo,027,18085,4435,4421,860,5281,58
2022-08-15,Kern,029,883053,215229,214040,59766,273806,2389
2022-08-15,Kings,031,150075,58055,57948,3952,61900,454
2022-08-15,Lake,033,64148,12429,12383,1111,13494,142
2022-08-15,Lassen,035,31185,9848,9813,972,10785,64
2022-08-15,Los Angeles,037,10098052,3207559,3190808,171597,3362405,32701
2022-08-15,Madera,039,155013,42808,42677,7794,50471,372
2022-08-15,Marin,041,260295,44010,43852,5057,48909,305
2022-08-15,Mariposa,043,17540,3013,2998,325,3323,31
2022-08-15,Mendocino,045,87422,15611,15504,4268,19772,132
2022-08-15,Merced,047,269075,70997,70232,11140,81372,843
2022-08-15,Modoc,049,8938,861,857,312,1169,11
2022-08-15,Mono,051,14174,3183,3175,235,3410,7
2022-08-15,Monterey,053,433212,92445,91984,20055,112039,759
2022-08-15,Napa,055,140530,31506,31454,1374,32828,155
2022-08-15,Nevada,057,99092,18528,18443,1725,20168,132
2022-08-15,Orange,059,3164182,652972,650827,60062,710889,7266
2022-08-15,Placer,061,380077,74152,73852,9265,83117,655
2022-08-15,Plumas,063,18699,3552,3544,429,3973,13
2022-08-15,Riverside,065,2383286,679896,677437,33876,711313,6562
2022-08-15,Sacramento,067,1510023,338168,336667,32758,369425,3194
2022-08-15,San Benito,069,59416,15818,15655,907,16562,103
2022-08-15,San Bernardino,071,2135413,655783,646584,29663,676247,7999
2022-08-15,San Diego,073,3302833,903320,901794,69669,971463,5442
2022-08-15,San Francisco,075,870044,174187,173590,11721,185311,971
2022-08-15,San Joaquin,077,732212,193184,192078,14120,206198,2283
2022-08-15,San Luis Obispo,079,281455,62020,61604,6788,68392,514
2022-08-15,San Mateo,081,765935,164414,163218,10180,173398,738
2022-08-15,Santa Barbara,083,443738,102975,102430,6527,108957,712
2022-08-15,Santa Clara,085,1922200,423904,418231,18336,436567,2424
2022-08-15,Santa Cruz,087,273765,61206,60880,3288,64168,269
2022-08-15,Shasta,089,179085,34186,33984,7114,41098,587
2022-08-15,Sierra,091,2930,300,297,60,357,4
2022-08-15,Siskiyou,093,43540,4996,5102,3231,8333,88
2022-08-15,Solano,095,438530,102800,102115,7565,109680,459
2022-08-15,Sonoma,097,501317,104360,103844,5076,108920,504
2022-08-15,Stanislaus,099,539301,134508,133989,20854,154843,1715
2022-08-15,Sutter,101,95872,23523,23489,2408,25897,228
2022-08-15,Tehama,103,63373,13340,13259,2966,16225,209
2022-08-15,Trinity,105,12862,1367,1362,357,1719,20
2022-08-15,Tulare,107,460477,119301,118997,34191,153188,1521
2022-08-15,Tuolumne,109,53932,15154,15044,892,15936,196
2022-08-15,Ventura,111,848112,203312,202609,14682,217291,1546
2022-08-15,Yolo,113,214977,46471,46414,4069,50483,331
2022-08-15,Yuba,115,75493,18338,18305,1616,19921,129
2022-08-14,Alameda,001,1643700,337366,334944,18963,353907,1948
2022-08-14,Alpine,002,1148,131,131,1,132,0
2022-08-14,Amador,005,37829,9753,9705,889,10594,89
2022-08-14,Butte,007,227075,38395,38062,8685,46747,447
2022-08-14,Calaveras,009,45235,8308,8271,500,8771,131
2022-08-14,Colusa,011,21464,3725,3704,1211,4915,22
2022-08-14,Contra Costa,013,1133247,244642,239735,19938,259673,1393
2022-08-14,Del Norte,015,27424,7285,7245,384,7629,54
2022-08-14,El Dorado,017,186661,31563,31430,4102,35532,225
2022-08-14,Fresno,019,978130,271863,266211,30169,296380,2816
2022-08-14,Glenn,021,27897,5428,5393,1823,7216,48
2022-08-14,Humboldt,023,135768,21098,20954,4634,25588,153
2022-08-14,Imperial,025,180216,64081,63766,14822,78588,950
2022-08-14,Inyo,027,18085,4428,4418,856,5274,58
2022-08-14,Kern,029,883053,215043,213071,59587,272658,2380
2022-08-14,Kings,031,150075,57999,57748,3945,61693,454
2022-08-14,Lake,033,64148,12410,12324,1108,13432,142
2022-08-14,Lassen,035,31185,9828,9795,971,10766,64
2022-08-14,Los Angeles,037,10098052,3203987,3177769,171194,3348963,32657
2022-08-14,Madera,039,155013,42746,42517,7751,50268,372
2022-08-14,Marin,041,260295,43963,43662,5052,48714,305
2022-08-14,Mariposa,043,17540,3011,2986,324,3310,31
2022-08-14,Mendocino,045,87422,15591,15456,4262,19718,132
2022-08-14,Merced,047,269075,70884,69974,11081,81055,842
2022-08-14,Modoc,049,8938,860,856,312,1168,11
2022-08-14,Mono,051,14174,3181,3170,235,3405,7
2022-08-14,Monterey,053,433212,92320,91612,19981,111593,759
2022-08-14,Napa,055,140530,31469,31312,1373,32685,156
2022-08-14,Nevada,057,99092,18508,18398,1722,20120,132
2022-08-14,Orange,059,3164182,652241,648171,59909,708080,7248
2022-08-14,Placer,061,380077,74088,73588,9252,82840,656
2022-08-14,Plumas,063,18699,3550,3539,429,3968,13
2022-08-14,Riverside,065,2383286,679081,674362,33793,708155,6561
2022-08-14,Sacramento,067,1510023,337689,335292,32702,367994,3190
2022-08-14,San Benito,069,59416,15796,15578,898,16476,103
2022-08-14,San Bernardino,071,2135413,654907,643895,29598,673493,7983
2022-08-14,San Diego,073,3302833,902425,898646,69557,968203,5437
2022-08-14,San Francisco,075,870044,173973,172876,11708,184584,955
2022-08-14,San Joaquin,077,732212,192887,191272,14060,205332,2283
2022-08-14,San Luis Obispo,079,281455,61958,61403,6761,68164,512
2022-08-14,San Mateo,081,765935,164207,162531,10167,172698,738
2022-08-14,Santa Barbara,083,443738,102836,101942,6501,108443,712
2022-08-14,Santa Clara,085,1922200,423330,416369,18299,434668,2422
2022-08-14,Santa Cruz,087,273765,61100,60594,3281,63875,273
2022-08-14,Shasta,089,179085,34141,33895,7100,40995,584
2022-08-14,Sierra,091,2930,300,296,60,356,4
2022-08-14,Siskiyou,093,43540,4990,5086,3229,8315,88
2022-08-14,Solano,095,438530,102660,101761,7556,109317,458
2022-08-14,Sonoma,097,501317,104252,103496,5063,108559,504
2022-08-14,Stanislaus,099,539301,134324,133490,20800,154290,1702
2022-08-14,Sutter,101,95872,23481,23386,2404,25790,228
2022-08-14,Tehama,103,63373,13333,13213,2965,16178,209
2022-08-14,Trinity,105,12862,1366,1356,357,1713,20
2022-08-14,Tulare,107,460477,119146,118563,34075,152638,1520
2022-08-14,Tuolumne,109,53932,15134,14964,891,15855,196
2022-08-14,Ventura,111,848112,203045,201765,14642,216407,1541
2022-08-14,Yolo,113,214977,46424,46225,4063,50288,331
2022-08-14,Yuba,115,75493,18316,18232,1613,19845,129
2022-08-13,Alameda,001,1643700,337115,334944,18948,353892,1948
2022-08-13,Alpine,002,1148,131,131,1,132,0
2022-08-13,Amador,005,37829,9749,9705,889,10594,89
2022-08-13,Butte,007,227075,38371,38062,8674,46736,447
2022-08-13,Calaveras,009,45235,8304,8271,499,8770,131
2022-08-13,Colusa,011,21464,3722,3704,1211,4915,22
2022-08-13,Contra Costa,013,1133247,244473,239735,19915,259650,1393
2022-08-13,Del Norte,015,27424,7283,7245,384,7629,54
2022-08-13,El Dorado,017,186661,31550,31430,4101,35531,225
2022-08-13,Fresno,019,978130,271723,266211,30140,296351,2816
2022-08-13,Glenn,021,27897,5428,5393,1821,7214,48
2022-08-13,Humboldt,023,135768,21081,20954,4625,25579,153
2022-08-13,Imperial,025,180216,64039,63766,14805,78571,950
2022-08-13,Inyo,027,18085,4426,4418,855,5273,58
2022-08-13,Kern,029,883053,214950,213071,59506,272577,2380
2022-08-13,Kings,031,150075,57974,57748,3945,61693,454
2022-08-13,Lake,033,64148,12399,12324,1108,13432,142
2022-08-13,Lassen,035,31185,9822,9795,970,10765,64
2022-08-13,Los Angeles,037,10098052,3202126,3177769,170928,3348697,32657
2022-08-13,Madera,039,155013,42730,42517,7744,50261,372
2022-08-13,Marin,041,260295,43943,43662,5049,48711,305
2022-08-13,Mariposa,043,17540,3010,2986,324,3310,31
2022-08-13,Mendocino,045,87422,15579,15456,4259,19715,132
2022-08-13,Merced,047,269075,70845,69974,11075,81049,842
2022-08-13,Modoc,049,8938,860,856,312,1168,11
2022-08-13,Mono,051,14174,3181,3170,234,3404,7
2022-08-13,Monterey,053,433212,92256,91612,19945,111557,759
2022-08-13,Napa,055,140530,31455,31312,1372,32684,156
2022-08-13,Nevada,057,99092,18497,18398,1720,20118,132
2022-08-13,Orange,059,3164182,651850,648171,59829,708000,7248
2022-08-13,Placer,061,380077,74040,73588,9246,82834,656
2022-08-13,Plumas,063,18699,3548,3539,429,3968,13
2022-08-13,Riverside,065,2383286,678646,674362,33761,708123,6561
2022-08-13,Sacramento,067,1510023,337497,335292,32691,367983,3190
2022-08-13,San Benito,069,59416,15788,15578,893,16471,103
2022-08-13,San Bernardino,071,2135413,654433,643895,29572,673467,7983
2022-08-13,San Diego,073,3302833,901973,898646,69514,968160,5437
2022-08-13,San Francisco,075,870044,173856,172876,11702,184578,955
2022-08-13,San Joaquin,077,732212,192763,191272,14038,205310,2283
2022-08-13,San Luis Obispo,079,281455,61939,61403,6756,68159,512
2022-08-13,San Mateo,081,765935,164095,162531,10155,172686,738
2022-08-13,Santa Barbara,083,443738,102756,101942,6488,108430,712
2022-08-13,Santa Clara,085,1922200,423016,416369,18278,434647,2422
2022-08-13,Santa Cruz,087,273765,61062,60594,3276,63870,273
2022-08-13,Shasta,089,179085,34103,33895,7096,40991,584
2022-08-13,Sierra,091,2930,300,296,60,356,4
2022-08-13,Siskiyou,093,43540,4989,5086,3226,8312,88
2022-08-13,Solano,095,438530,102620,101761,7547,109308,458
2022-08-13,Sonoma,097,501317,104196,103496,5063,108559,504
2022-08-13,Stanislaus,099,539301,134222,133490,20777,154267,1702
2022-08-13,Sutter,101,95872,23467,23386,2404,25790,228
2022-08-13,Tehama,103,63373,13328,13213,2964,16177,209
2022-08-13,Trinity,105,12862,1365,1356,357,1713,20
2022-08-13,Tulare,107,460477,119073,118563,34019,152582,1520
2022-08-13,Tuolumne,109,53932,15119,14964,887,15851,196
2022-08-13,Ventura,111,848112,202881,201765,14628,216393,1541
2022-08-13,Yolo,113,214977,46395,46225,4061,50286,331
2022-08-13,Yuba,115,75493,18307,18232,1611,19843,129
2022-08-12,Alameda,001,1643700,336865,334944,18935,353879,1948
2022-08-12,Alpine,002,1148,131,131,1,132,0
2022-08-12,Amador,005,37829,9739,9705,886,10591,89
2022-08-12,Butte,007,227075,38351,38062,8665,46727,447
2022-08-12,Calaveras,009,45235,8296,8271,496,8767,131
2022-08-12,Colusa,011,21464,3719,3704,1211,4915,22
2022-08-12,Contra Costa,013,1133247,244304,239735,19898,259633,1393
2022-08-12,Del Norte,015,27424,7279,7245,384,7629,54
2022-08-12,El Dorado,017,186661,31532,31430,4097,35527,225
2022-08-12,Fresno,019,978130,271513,266211,30115,296326,2816
2022-08-12,Glenn,021,27897,5428,5393,1821,7214,48
2022-08-12,Humboldt,023,135768,21059,20954,4617,25571,153
2022-08-12,Imperial,025,180216,64012,63766,14790,78556,950
2022-08-12,Inyo,027,18085,4425,4418,853,5271,58
2022-08-12,Kern,029,883053,214849,213071,59418,272489,2380
2022-08-12,Kings,031,150075,57954,57748,3944,61692,454
2022-08-12,Lake,033,64148,12395,12324,1105,13429,142
2022-08-12,Lassen,035,31185,9820,9795,970,10765,64
2022-08-12,Los Angeles,037,10098052,3200033,3177769,170677,3348446,32657
2022-08-12,Madera,039,155013,42701,42517,7738,50255,372
2022-08-12,Marin,041,260295,43912,43662,5042,48704,305
2022-08-12,Mariposa,043,17540,3010,2986,324,3310,31
2022-08-12,Mendocino,045,87422,15567,15456,4252,19708,132
2022-08-12,Merced,047,269075,70812,69974,11068,81042,842
2022-08-12,Modoc,049,8938,860,856,312,1168,11
2022-08-12,Mono,051,14174,3181,3170,234,3404,7
2022-08-12,Monterey,053,433212,92198,91612,19912,111524,759
2022-08-12,Napa,055,140530,31434,31312,1371,32683,156
2022-08-12,Nevada,057,99092,18493,18398,1718,20116,132
2022-08-12,Orange,059,3164182,651433,648171,59735,707906,7248
2022-08-12,Placer,061,380077,73989,73588,9236,82824,656
2022-08-12,Plumas,063,18699,3546,3539,429,3968,13
2022-08-12,Riverside,065,2383286,678223,674362,33730,708092,6561
2022-08-12,Sacramento,067,1510023,337281,335292,32674,367966,3190
2022-08-12,San Benito,069,59416,15771,15578,892,16470,103
2022-08-12,San Bernardino,071,2135413,654023,643895,29556,673451,7983
2022-08-12,San Diego,073,3302833,901443,898646,69439,968085,5437
2022-08-12,San Francisco,075,870044,173728,172876,11694,184570,955
2022-08-12,San Joaquin,077,732212,192638,191272,14019,205291,2283
2022-08-12,San Luis Obispo,079,281455,61916,61403,6750,68153,512
2022-08-12,San Mateo,081,765935,163965,162531,10151,172682,738
2022-08-12,Santa Barbara,083,443738,102674,101942,6483,108425,712
2022-08-12,Santa Clara,085,1922200,422673,416369,18257,434626,2422
2022-08-12,Santa Cruz,087,273765,61009,60594,3274,63868,273
2022-08-12,Shasta,089,179085,34089,33895,7088,40983,584
2022-08-12,Sierra,091,2930,298,296,59,355,4
2022-08-12,Siskiyou,093,43540,4987,5086,3226,8312,88
2022-08-12,Solano,095,438530,102547,101761,7535,109296,458
2022-08-12,Sonoma,097,501317,104138,103496,5062,108558,504
2022-08-12,Stanislaus,099,539301,134135,133490,20766,154256,1702
2022-08-12,Sutter,101,95872,23452,23386,2404,25790,228
2022-08-12,Tehama,103,63373,13321,13213,2963,16176,209
2022-08-12,Trinity,105,12862,1362,1356,356,1712,20
2022-08-12,Tulare,107,460477,119010,118563,33964,152527,1520
2022-08-12,Tuolumne,109,53932,15111,14964,887,15851,196
2022-08-12,Ventura,111,848112,202735,201765,14611,216376,1541
2022-08-12,Yolo,113,214977,46373,46225,4056,50281,331
2022-08-12,Yuba,115,75493,18296,18232,1610,19842,129
2022-08-11,Alameda,001,1643700,336544,334944,18905,353849,1948
2022-08-11,Alpine,002,1148,131,131,1,132,0
2022-08-11,Amador,005,37829,9736,9705,883,10588,89
2022-08-11,Butte,007,227075,38313,38062,8653,46715,447
2022-08-11,Calaveras,009,45235,8289,8271,495,8766,131
2022-08-11,Colusa,011,21464,3716,3704,1210,4914,22
2022-08-11,Contra Costa,013,1133247,244042,239735,19868,259603,1393
2022-08-11,Del Norte,015,27424,7272,7245,383,7628,54
2022-08-11,El Dorado,017,186661,31501,31430,4090,35520,225
2022-08-11,Fresno,019,978130,271263,266211,30070,296281,2816
2022-08-11,Glenn,021,27897,5426,5393,1820,7213,48
2022-08-11,Humboldt,023,135768,21029,20954,4608,25562,153
2022-08-11,Imperial,025,180216,63965,63766,14745,78511,950
2022-08-11,Inyo,027,18085,4423,4418,848,5266,58
2022-08-11,Kern,029,883053,214660,213071,59271,272342,2380
2022-08-11,Kings,031,150075,57896,57748,3937,61685,454
2022-08-11,Lake,033,64148,12385,12324,1104,13428,142
2022-08-11,Lassen,035,31185,9815,9795,970,10765,64
2022-08-11,Los Angeles,037,10098052,3197013,3177769,170297,3348066,32657
2022-08-11,Madera,039,155013,42654,42517,7713,50230,372
2022-08-11,Marin,041,260295,43873,43662,5035,48697,305
2022-08-11,Mariposa,043,17540,3008,2986,323,3309,31
2022-08-11,Mendocino,045,87422,15555,15456,4250,19706,132
2022-08-11,Merced,047,269075,70753,69974,11033,81007,842
2022-08-11,Modoc,049,8938,859,856,312,1168,11
2022-08-11,Mono,051,14174,3181,3170,234,3404,7
2022-08-11,Monterey,053,433212,92097,91612,19858,111470,759
2022-08-11,Napa,055,140530,31395,31312,1370,32682,156
2022-08-11,Nevada,057,99092,18473,18398,1716,20114,132
2022-08-11,Orange,059,3164182,650779,648171,59587,707758,7248
2022-08-11,Placer,061,380077,73923,73588,9225,82813,656
2022-08-11,Plumas,063,18699,3545,3539,428,3967,13
2022-08-11,Riverside,065,2383286,677615,674362,33686,708048,6561
2022-08-11,Sacramento,067,1510023,336970,335292,32642,367934,3190
2022-08-11,San Benito,069,59416,15755,15578,891,16469,103
2022-08-11,San Bernardino,071,2135413,653270,643895,29508,673403,7983
2022-08-11,San Diego,073,3302833,900666,898646,69313,967959,5437
2022-08-11,San Francisco,075,870044,173569,172876,11677,184553,955
2022-08-11,San Joaquin,077,732212,192447,191272,13987,205259,2283
2022-08-11,San Luis Obispo,079,281455,61864,61403,6726,68129,512
2022-08-11,San Mateo,081,765935,163800,162531,10142,172673,738
2022-08-11,Santa Barbara,083,443738,102563,101942,6463,108405,712
2022-08-11,Santa Clara,085,1922200,422239,416369,18233,434602,2422
2022-08-11,Santa Cruz,087,273765,60944,60594,3270,63864,273
2022-08-11,Shasta,089,179085,34068,33895,7076,40971,584
2022-08-11,Sierra,091,2930,297,296,59,355,4
2022-08-11,Siskiyou,093,43540,4985,5086,3222,8308,88
2022-08-11,Solano,095,438530,102479,101761,7521,109282,458
2022-08-11,Sonoma,097,501317,104041,103496,5056,108552,504
2022-08-11,Stanislaus,099,539301,133977,133490,20724,154214,1702
2022-08-11,Sutter,101,95872,23422,23386,2404,25790,228
2022-08-11,Tehama,103,63373,13312,13213,2963,16176,209
2022-08-11,Trinity,105,12862,1362,1356,355,1711,20
2022-08-11,Tulare,107,460477,118909,118563,33877,152440,1520
2022-08-11,Tuolumne,109,53932,15103,14964,885,15849,196
2022-08-11,Ventura,111,848112,202530,201765,14577,216342,1541
2022-08-11,Yolo,113,214977,46339,46225,4052,50277,331
2022-08-11,Yuba,115,75493,18273,18232,1607,19839,129
2022-08-10,Alameda,001,1643700,336146,333587,18878,352465,1944
2022-08-10,Alpine,002,1148,131,131,1,132,0
2022-08-10,Amador,005,37829,9731,9677,880,10557,88
2022-08-10,Butte,007,227075,38277,37892,8645,46537,446
2022-08-10,Calaveras,009,45235,8283,8251,492,8743,130
2022-08-10,Colusa,011,21464,3712,3700,1210,4910,22
2022-08-10,Contra Costa,013,1133247,243788,238658,19831,258489,1382
2022-08-10,Del Norte,015,27424,7267,7220,383,7603,54
2022-08-10,El Dorado,017,186661,31474,31354,4077,35431,225
2022-08-10,Fresno,019,978130,270989,265300,30010,295310,2815
2022-08-10,Glenn,021,27897,5424,5387,1817,7204,48
2022-08-10,Humboldt,023,135768,21014,20843,4591,25434,153
2022-08-10,Imperial,025,180216,63907,63532,14703,78235,949
2022-08-10,Inyo,027,18085,4423,4416,847,5263,57
2022-08-10,Kern,029,883053,214472,212602,59120,271722,2380
2022-08-10,Kings,031,150075,57849,57569,3935,61504,453
2022-08-10,Lake,033,64148,12371,12281,1104,13385,142
2022-08-10,Lassen,035,31185,9808,9682,970,10652,64
2022-08-10,Los Angeles,037,10098052,3193792,3168105,169929,3338034,32609
2022-08-10,Madera,039,155013,42615,42350,7699,50049,372
2022-08-10,Marin,041,260295,43827,43532,5032,48564,302
2022-08-10,Mariposa,043,17540,3007,2980,323,3303,31
2022-08-10,Mendocino,045,87422,15540,15394,4249,19643,132
2022-08-10,Merced,047,269075,70680,69740,11009,80749,839
2022-08-10,Modoc,049,8938,858,855,311,1166,11
2022-08-10,Mono,051,14174,3179,3165,234,3399,7
2022-08-10,Monterey,053,433212,91995,91307,19793,111100,758
2022-08-10,Napa,055,140530,31357,31223,1369,32592,153
2022-08-10,Nevada,057,99092,18459,18354,1714,20068,132
2022-08-10,Orange,059,3164182,650057,646005,59459,705464,7235
2022-08-10,Placer,061,380077,73867,73348,9217,82565,650
2022-08-10,Plumas,063,18699,3543,3525,428,3953,13
2022-08-10,Riverside,065,2383286,676891,672334,33630,705964,6555
2022-08-10,Sacramento,067,1510023,336641,334382,32609,366991,3177
2022-08-10,San Benito,069,59416,15725,15507,885,16392,101
2022-08-10,San Bernardino,071,2135413,652619,641936,29459,671395,7977
2022-08-10,San Diego,073,3302833,899815,895482,69196,964678,5429
2022-08-10,San Francisco,075,870044,173402,172265,11659,183924,945
2022-08-10,San Joaquin,077,732212,192220,190596,13942,204538,2281
2022-08-10,San Luis Obispo,079,281455,61819,61207,6711,67918,510
2022-08-10,San Mateo,081,765935,163602,161882,10135,172017,738
2022-08-10,Santa Barbara,083,443738,102436,101558,6445,108003,711
2022-08-10,Santa Clara,085,1922200,421713,414659,18206,432865,2398
2022-08-10,Santa Cruz,087,273765,60863,60360,3268,63628,269
2022-08-10,Shasta,089,179085,34045,33816,7069,40885,584
2022-08-10,Sierra,091,2930,297,295,59,354,4
2022-08-10,Siskiyou,093,43540,4982,5074,3216,8290,87
2022-08-10,Solano,095,438530,102386,101393,7517,108910,457
2022-08-10,Sonoma,097,501317,103946,103168,5050,108218,501
2022-08-10,Stanislaus,099,539301,133836,133071,20692,153763,1702
2022-08-10,Sutter,101,95872,23393,23279,2403,25682,228
2022-08-10,Tehama,103,63373,13304,13187,2963,16150,209
2022-08-10,Trinity,105,12862,1361,1350,355,1705,20
2022-08-10,Tulare,107,460477,118823,118239,33799,152038,1520
2022-08-10,Tuolumne,109,53932,15068,14922,883,15805,196
2022-08-10,Ventura,111,848112,202301,201179,14544,215723,1539
2022-08-10,Yolo,113,214977,46303,46069,4047,50116,330
2022-08-10,Yuba,115,75493,18253,18179,1603,19782,129
2022-08-09,Alameda,001,1643700,335721,333587,18839,352426,1944
2022-08-09,Alpine,002,1148,131,131,1,132,0
2022-08-09,Amador,005,37829,9721,9677,879,10556,88
2022-08-09,Butte,007,227075,38238,37892,8634,46526,446
2022-08-09,Calaveras,009,45235,8276,8251,492,8743,130
2022-08-09,Colusa,011,21464,3709,3700,1209,4909,22
2022-08-09,Contra Costa,013,1133247,243511,238658,19786,258444,1382
2022-08-09,Del Norte,015,27424,7250,7220,382,7602,54
2022-08-09,El Dorado,017,186661,31445,31354,4071,35425,225
2022-08-09,Fresno,019,978130,270659,265300,29975,295275,2815
2022-08-09,Glenn,021,27897,5422,5387,1817,7204,48
2022-08-09,Humboldt,023,135768,20988,20843,4582,25425,153
2022-08-09,Imperial,025,180216,63843,63532,14647,78179,949
2022-08-09,Inyo,027,18085,4422,4416,843,5259,57
2022-08-09,Kern,029,883053,214274,212602,58976,271578,2380
2022-08-09,Kings,031,150075,57783,57569,3932,61501,453
2022-08-09,Lake,033,64148,12347,12281,1103,13384,142
2022-08-09,Lassen,035,31185,9802,9682,970,10652,64
2022-08-09,Los Angeles,037,10098052,3190288,3168105,169540,3337645,32609
2022-08-09,Madera,039,155013,42561,42350,7688,50038,372
2022-08-09,Marin,041,260295,43772,43532,5028,48560,302
2022-08-09,Mariposa,043,17540,3003,2980,322,3302,31
2022-08-09,Mendocino,045,87422,15521,15394,4240,19634,132
2022-08-09,Merced,047,269075,70615,69740,10979,80719,839
2022-08-09,Modoc,049,8938,858,855,310,1165,11
2022-08-09,Mono,051,14174,3179,3165,233,3398,7
2022-08-09,Monterey,053,433212,91883,91307,19726,111033,758
2022-08-09,Napa,055,140530,31329,31223,1367,32590,153
2022-08-09,Nevada,057,99092,18447,18354,1712,20066,132
2022-08-09,Orange,059,3164182,649234,646005,59298,705303,7235
2022-08-09,Placer,061,380077,73801,73348,9210,82558,650
2022-08-09,Plumas,063,18699,3538,3525,428,3953,13
2022-08-09,Riverside,065,2383286,676140,672334,33576,705910,6555
2022-08-09,Sacramento,067,1510023,336220,334382,32576,366958,3177
2022-08-09,San Benito,069,59416,15706,15507,881,16388,101
2022-08-09,San Bernardino,071,2135413,651926,641936,29399,671335,7977
2022-08-09,San Diego,073,3302833,898912,895482,69067,964549,5429
2022-08-09,San Francisco,075,870044,173143,172265,11640,183905,945
2022-08-09,San Joaquin,077,732212,192006,190596,13900,204496,2281
2022-08-09,San Luis Obispo,079,281455,61761,61207,6688,67895,510
2022-08-09,San Mateo,081,765935,163405,161882,10120,172002,738
2022-08-09,Santa Barbara,083,443738,102278,101558,6416,107974,711
2022-08-09,Santa Clara,085,1922200,421186,414659,18182,432841,2398
2022-08-09,Santa Cruz,087,273765,60789,60360,3259,63619,269
2022-08-09,Shasta,089,179085,34023,33816,7066,40882,584
2022-08-09,Sierra,091,2930,297,295,59,354,4
2022-08-09,Siskiyou,093,43540,4980,5074,3212,8286,87
2022-08-09,Solano,095,438530,102282,101393,7506,108899,457
2022-08-09,Sonoma,097,501317,103841,103168,5044,108212,501
2022-08-09,Stanislaus,099,539301,133692,133071,20661,153732,1702
2022-08-09,Sutter,101,95872,23362,23279,2402,25681,228
2022-08-09,Tehama,103,63373,13290,13187,2954,16141,209
2022-08-09,Trinity,105,12862,1359,1350,354,1704,20
2022-08-09,Tulare,107,460477,118708,118239,33716,151955,1520
2022-08-09,Tuolumne,109,53932,15052,14922,883,15805,196
2022-08-09,Ventura,111,848112,202065,201179,14511,215690,1539
2022-08-09,Yolo,113,214977,46261,46069,4035,50104,330
2022-08-09,Yuba,115,75493,18234,18179,1593,19772,129
2022-08-08,Alameda,001,1643700,335263,333587,18795,352382,1944
2022-08-08,Alpine,002,1148,131,131,1,132,0
2022-08-08,Amador,005,37829,9715,9677,878,10555,88
2022-08-08,Butte,007,227075,38184,37892,8621,46513,446
2022-08-08,Calaveras,009,45235,8271,8251,489,8740,130
2022-08-08,Colusa,011,21464,3709,3700,1208,4908,22
2022-08-08,Contra Costa,013,1133247,243138,238658,19739,258397,1382
2022-08-08,Del Norte,015,27424,7242,7220,382,7602,54
2022-08-08,El Dorado,017,186661,31417,31354,4064,35418,225
2022-08-08,Fresno,019,978130,270294,265300,29924,295224,2815
2022-08-08,Glenn,021,27897,5416,5387,1816,7203,48
2022-08-08,Humboldt,023,135768,20948,20843,4567,25410,153
2022-08-08,Imperial,025,180216,63783,63532,14580,78112,949
2022-08-08,Inyo,027,18085,4421,4416,842,5258,57
2022-08-08,Kern,029,883053,214013,212602,58819,271421,2380
2022-08-08,Kings,031,150075,57723,57569,3923,61492,453
2022-08-08,Lake,033,64148,12325,12281,1100,13381,142
2022-08-08,Lassen,035,31185,9789,9682,967,10649,64
2022-08-08,Los Angeles,037,10098052,3186638,3168105,169105,3337210,32609
2022-08-08,Madera,039,155013,42503,42350,7665,50015,372
2022-08-08,Marin,041,260295,43716,43532,5016,48548,302
2022-08-08,Mariposa,043,17540,2998,2980,319,3299,31
2022-08-08,Mendocino,045,87422,15507,15394,4230,19624,132
2022-08-08,Merced,047,269075,70545,69740,10950,80690,839
2022-08-08,Modoc,049,8938,857,855,310,1165,11
2022-08-08,Mono,051,14174,3179,3165,233,3398,7
2022-08-08,Monterey,053,433212,91783,91307,19645,110952,758
2022-08-08,Napa,055,140530,31294,31223,1366,32589,153
2022-08-08,Nevada,057,99092,18430,18354,1705,20059,132
2022-08-08,Orange,059,3164182,648395,646005,59129,705134,7235
2022-08-08,Placer,061,380077,73741,73348,9200,82548,650
2022-08-08,Plumas,063,18699,3535,3525,427,3952,13
2022-08-08,Riverside,065,2383286,675336,672334,33524,705858,6555
2022-08-08,Sacramento,067,1510023,335815,334382,32537,366919,3177
2022-08-08,San Benito,069,59416,15678,15507,878,16385,101
2022-08-08,San Bernardino,071,2135413,651084,641936,29341,671277,7977
2022-08-08,San Diego,073,3302833,897821,895482,68934,964416,5429
2022-08-08,San Francisco,075,870044,172922,172265,11623,183888,945
2022-08-08,San Joaquin,077,732212,191741,190596,13858,204454,2281
2022-08-08,San Luis Obispo,079,281455,61695,61207,6666,67873,510
2022-08-08,San Mateo,081,765935,163194,161882,10109,171991,738
2022-08-08,Santa Barbara,083,443738,102144,101558,6400,107958,711
2022-08-08,Santa Clara,085,1922200,420572,414659,18155,432814,2398
2022-08-08,Santa Cruz,087,273765,60713,60360,3256,63616,269
2022-08-08,Shasta,089,179085,33992,33816,7058,40874,584
2022-08-08,Sierra,091,2930,297,295,59,354,4
2022-08-08,Siskiyou,093,43540,4977,5074,3209,8283,87
2022-08-08,Solano,095,438530,102137,101393,7492,108885,457
2022-08-08,Sonoma,097,501317,103729,103168,5035,108203,501
2022-08-08,Stanislaus,099,539301,133568,133071,20633,153704,1702
2022-08-08,Sutter,101,95872,23326,23279,2402,25681,228
2022-08-08,Tehama,103,63373,13280,13187,2952,16139,209
2022-08-08,Trinity,105,12862,1359,1350,353,1703,20
2022-08-08,Tulare,107,460477,118566,118239,33630,151869,1520
2022-08-08,Tuolumne,109,53932,15044,14922,882,15804,196
2022-08-08,Ventura,111,848112,201818,201179,14462,215641,1539
2022-08-08,Yolo,113,214977,46207,46069,4029,50098,330
2022-08-08,Yuba,115,75493,18210,18179,1591,19770,129
2022-08-07,Alameda,001,1643700,334706,331755,18755,350510,1945
2022-08-07,Alpine,002,1148,131,130,1,131,0
2022-08-07,Amador,005,37829,9708,9655,876,10531,88
2022-08-07,Butte,007,227075,38112,37717,8609,46326,446
2022-08-07,Calaveras,009,45235,8258,8219,485,8704,129
2022-08-07,Colusa,011,21464,3705,3696,1207,4903,22
2022-08-07,Contra Costa,013,1133247,242746,237436,19693,257129,1383
2022-08-07,Del Norte,015,27424,7230,7191,379,7570,54
2022-08-07,El Dorado,017,186661,31377,31240,4059,35299,225
2022-08-07,Fresno,019,978130,269867,263912,29850,293762,2815
2022-08-07,Glenn,021,27897,5414,5379,1813,7192,48
2022-08-07,Humboldt,023,135768,20909,20746,4547,25293,153
2022-08-07,Imperial,025,180216,63699,63198,14507,77705,949
2022-08-07,Inyo,027,18085,4421,4408,839,5247,57
2022-08-07,Kern,029,883053,213782,211798,58617,270415,2375
2022-08-07,Kings,031,150075,57626,57294,3916,61210,453
2022-08-07,Lake,033,64148,12311,12220,1100,13320,142
2022-08-07,Lassen,035,31185,9733,9654,967,10621,64
2022-08-07,Los Angeles,037,10098052,3182178,3153757,168711,3322468,32563
2022-08-07,Madera,039,155013,42446,42139,7626,49765,372
2022-08-07,Marin,041,260295,43659,43295,5006,48301,302
2022-08-07,Mariposa,043,17540,2995,2965,318,3283,31
2022-08-07,Mendocino,045,87422,15487,15335,4212,19547,132
2022-08-07,Merced,047,269075,70418,69498,10899,80397,838
2022-08-07,Modoc,049,8938,856,853,310,1163,11
2022-08-07,Mono,051,14174,3176,3161,233,3394,7
2022-08-07,Monterey,053,433212,91649,90884,19556,110440,757
2022-08-07,Napa,055,140530,31250,31052,1364,32416,151
2022-08-07,Nevada,057,99092,18406,18309,1699,20008,132
2022-08-07,Orange,059,3164182,647490,643029,58931,701960,7213
2022-08-07,Placer,061,380077,73651,73064,9184,82248,648
2022-08-07,Plumas,063,18699,3534,3516,427,3943,13
2022-08-07,Riverside,065,2383286,674405,669230,33444,702674,6555
2022-08-07,Sacramento,067,1510023,335329,332928,32483,365411,3175
2022-08-07,San Benito,069,59416,15651,15403,875,16278,101
2022-08-07,San Bernardino,071,2135413,650185,639120,29275,668395,7956
2022-08-07,San Diego,073,3302833,896549,891504,68821,960325,5424
2022-08-07,San Francisco,075,870044,172641,171486,11596,183082,946
2022-08-07,San Joaquin,077,732212,191436,189696,13800,203496,2276
2022-08-07,San Luis Obispo,079,281455,61597,60903,6634,67537,510
2022-08-07,San Mateo,081,765935,162944,161011,10092,171103,734
2022-08-07,Santa Barbara,083,443738,101955,100995,6374,107369,711
2022-08-07,Santa Clara,085,1922200,419861,412411,18136,430547,2386
2022-08-07,Santa Cruz,087,273765,60591,59982,3241,63223,269
2022-08-07,Shasta,089,179085,33943,33727,7044,40771,583
2022-08-07,Sierra,091,2930,296,295,59,354,4
2022-08-07,Siskiyou,093,43540,4975,5045,3205,8250,87
2022-08-07,Solano,095,438530,101978,100081,7475,107556,457
2022-08-07,Sonoma,097,501317,103610,102682,5028,107710,502
2022-08-07,Stanislaus,099,539301,133373,132406,20599,153005,1701
2022-08-07,Sutter,101,95872,23290,23178,2401,25579,228
2022-08-07,Tehama,103,63373,13270,13155,2948,16103,209
2022-08-07,Trinity,105,12862,1357,1347,352,1699,20
2022-08-07,Tulare,107,460477,118413,117668,33533,151201,1516
2022-08-07,Tuolumne,109,53932,15027,14844,882,15726,196
2022-08-07,Ventura,111,848112,201559,200270,14417,214687,1537
2022-08-07,Yolo,113,214977,46157,45902,4019,49921,331
2022-08-07,Yuba,115,75493,18191,18099,1587,19686,124
2022-08-06,Alameda,001,1643700,334462,331755,18743,350498,1945
2022-08-06,Alpine,002,1148,131,130,1,131,0
2022-08-06,Amador,005,37829,9701,9655,874,10529,88
2022-08-06,Butte,007,227075,38074,37717,8599,46316,446
2022-08-06,Calaveras,009,45235,8251,8219,484,8703,129
2022-08-06,Colusa,011,21464,3703,3696,1204,4900,22
2022-08-06,Contra Costa,013,1133247,242500,237436,19674,257110,1383
2022-08-06,Del Norte,015,27424,7224,7191,379,7570,54
2022-08-06,El Dorado,017,186661,31360,31240,4056,35296,225
2022-08-06,Fresno,019,978130,269687,263912,29828,293740,2815
2022-08-06,Glenn,021,27897,5414,5379,1812,7191,48
2022-08-06,Humboldt,023,135768,20888,20746,4539,25285,153
2022-08-06,Imperial,025,180216,63652,63198,14479,77677,949
2022-08-06,Inyo,027,18085,4421,4408,838,5246,57
2022-08-06,Kern,029,883053,213684,211798,58503,270301,2375
2022-08-06,Kings,031,150075,57586,57294,3916,61210,453
2022-08-06,Lake,033,64148,12306,12220,1099,13319,142
2022-08-06,Lassen,035,31185,9700,9654,967,10621,64
2022-08-06,Los Angeles,037,10098052,3179976,3153757,168426,3322183,32563
2022-08-06,Madera,039,155013,42402,42139,7620,49759,372
2022-08-06,Marin,041,260295,43630,43295,5001,48296,302
2022-08-06,Mariposa,043,17540,2994,2965,318,3283,31
2022-08-06,Mendocino,045,87422,15478,15335,4211,19546,132
2022-08-06,Merced,047,269075,70388,69498,10894,80392,838
2022-08-06,Modoc,049,8938,856,853,310,1163,11
2022-08-06,Mono,051,14174,3173,3161,233,3394,7
2022-08-06,Monterey,053,433212,91596,90884,19511,110395,757
2022-08-06,Napa,055,140530,31229,31052,1363,32415,151
2022-08-06,Nevada,057,99092,18397,18309,1698,20007,132
2022-08-06,Orange,059,3164182,647047,643029,58817,701846,7213
2022-08-06,Placer,061,380077,73594,73064,9177,82241,648
2022-08-06,Plumas,063,18699,3532,3516,427,3943,13
2022-08-06,Riverside,065,2383286,673891,669230,33405,702635,6555
2022-08-06,Sacramento,067,1510023,335154,332928,32474,365402,3175
2022-08-06,San Benito,069,59416,15634,15403,873,16276,101
2022-08-06,San Bernardino,071,2135413,649714,639120,29239,668359,7956
2022-08-06,San Diego,073,3302833,895993,891504,68778,960282,5424
2022-08-06,San Francisco,075,870044,172484,171486,11586,183072,946
2022-08-06,San Joaquin,077,732212,191307,189696,13764,203460,2276
2022-08-06,San Luis Obispo,079,281455,61569,60903,6629,67532,510
2022-08-06,San Mateo,081,765935,162807,161011,10085,171096,734
2022-08-06,Santa Barbara,083,443738,101881,100995,6362,107357,711
2022-08-06,Santa Clara,085,1922200,419398,412411,18115,430526,2386
2022-08-06,Santa Cruz,087,273765,60534,59982,3234,63216,269
2022-08-06,Shasta,089,179085,33912,33727,7034,40761,583
2022-08-06,Sierra,091,2930,296,295,59,354,4
2022-08-06,Siskiyou,093,43540,4973,5045,3203,8248,87
2022-08-06,Solano,095,438530,101929,100081,7469,107550,457
2022-08-06,Sonoma,097,501317,103546,102682,5021,107703,502
2022-08-06,Stanislaus,099,539301,133270,132406,20589,152995,1701
2022-08-06,Sutter,101,95872,23266,23178,2401,25579,228
2022-08-06,Tehama,103,63373,13265,13155,2944,16099,209
2022-08-06,Trinity,105,12862,1357,1347,352,1699,20
2022-08-06,Tulare,107,460477,118332,117668,33490,151158,1516
2022-08-06,Tuolumne,109,53932,15019,14844,881,15725,196
2022-08-06,Ventura,111,848112,201450,200270,14395,214665,1537
2022-08-06,Yolo,113,214977,46126,45902,4011,49913,331
2022-08-06,Yuba,115,75493,18175,18099,1586,19685,124
2022-08-05,Alameda,001,1643700,334153,331755,18732,350487,1945
2022-08-05,Alpine,002,1148,131,130,1,131,0
2022-08-05,Amador,005,37829,9699,9655,873,10528,88
2022-08-05,Butte,007,227075,38036,37717,8588,46305,446
2022-08-05,Calaveras,009,45235,8247,8219,484,8703,129
2022-08-05,Colusa,011,21464,3702,3696,1204,4900,22
2022-08-05,Contra Costa,013,1133247,242308,237436,19648,257084,1383
2022-08-05,Del Norte,015,27424,7220,7191,378,7569,54
2022-08-05,El Dorado,017,186661,31352,31240,4055,35295,225
2022-08-05,Fresno,019,978130,269504,263912,29804,293716,2815
2022-08-05,Glenn,021,27897,5413,5379,1811,7190,48
2022-08-05,Humboldt,023,135768,20871,20746,4526,25272,153
2022-08-05,Imperial,025,180216,63577,63198,14440,77638,949
2022-08-05,Inyo,027,18085,4421,4408,838,5246,57
2022-08-05,Kern,029,883053,213568,211798,58412,270210,2375
2022-08-05,Kings,031,150075,57561,57294,3915,61209,453
2022-08-05,Lake,033,64148,12296,12220,1099,13319,142
2022-08-05,Lassen,035,31185,9688,9654,966,10620,64
2022-08-05,Los Angeles,037,10098052,3177465,3153757,168142,3321899,32563
2022-08-05,Madera,039,155013,42359,42139,7610,49749,372
2022-08-05,Marin,041,260295,43587,43295,4995,48290,302
2022-08-05,Mariposa,043,17540,2989,2965,317,3282,31
2022-08-05,Mendocino,045,87422,15462,15335,4209,19544,132
2022-08-05,Merced,047,269075,70337,69498,10888,80386,838
2022-08-05,Modoc,049,8938,856,853,310,1163,11
2022-08-05,Mono,051,14174,3172,3161,233,3394,7
2022-08-05,Monterey,053,433212,91528,90884,19476,110360,757
2022-08-05,Napa,055,140530,31200,31052,1362,32414,151
2022-08-05,Nevada,057,99092,18387,18309,1697,20006,132
2022-08-05,Orange,059,3164182,646539,643029,58708,701737,7213
2022-08-05,Placer,061,380077,73542,73064,9170,82234,648
2022-08-05,Plumas,063,18699,3530,3516,427,3943,13
2022-08-05,Riverside,065,2383286,673328,669230,33360,702590,6555
2022-08-05,Sacramento,067,1510023,334904,332928,32453,365381,3175
2022-08-05,San Benito,069,59416,15612,15403,871,16274,101
2022-08-05,San Bernardino,071,2135413,649255,639120,29212,668332,7956
2022-08-05,San Diego,073,3302833,895332,891504,68697,960201,5424
2022-08-05,San Francisco,075,870044,172341,171486,11566,183052,946
2022-08-05,San Joaquin,077,732212,191179,189696,13730,203426,2276
2022-08-05,San Luis Obispo,079,281455,61534,60903,6621,67524,510
2022-08-05,San Mateo,081,765935,162632,161011,10075,171086,734
2022-08-05,Santa Barbara,083,443738,101779,100995,6354,107349,711
2022-08-05,Santa Clara,085,1922200,418897,412411,18083,430494,2386
2022-08-05,Santa Cruz,087,273765,60467,59982,3230,63212,269
2022-08-05,Shasta,089,179085,33902,33727,7031,40758,583
2022-08-05,Sierra,091,2930,296,295,59,354,4
2022-08-05,Siskiyou,093,43540,4970,5045,3201,8246,87
2022-08-05,Solano,095,438530,101851,100081,7461,107542,457
2022-08-05,Sonoma,097,501317,103468,102682,5017,107699,502
2022-08-05,Stanislaus,099,539301,133169,132406,20578,152984,1701
2022-08-05,Sutter,101,95872,23247,23178,2399,25577,228
2022-08-05,Tehama,103,63373,13257,13155,2944,16099,209
2022-08-05,Trinity,105,12862,1356,1347,352,1699,20
2022-08-05,Tulare,107,460477,118246,117668,33437,151105,1516
2022-08-05,Tuolumne,109,53932,15006,14844,880,15724,196
2022-08-05,Ventura,111,848112,201300,200270,14366,214636,1537
2022-08-05,Yolo,113,214977,46107,45902,3997,49899,331
2022-08-05,Yuba,115,75493,18167,18099,1585,19684,124
2022-08-04,Alameda,001,1643700,333691,331755,18689,350444,1945
2022-08-04,Alpine,002,1148,130,130,1,131,0
2022-08-04,Amador,005,37829,9688,9655,869,10524,88
2022-08-04,Butte,007,227075,37992,37717,8573,46290,446
2022-08-04,Calaveras,009,45235,8240,8219,483,8702,129
2022-08-04,Colusa,011,21464,3701,3696,1204,4900,22
2022-08-04,Contra Costa,013,1133247,242034,237436,19608,257044,1383
2022-08-04,Del Norte,015,27424,7212,7191,377,7568,54
2022-08-04,El Dorado,017,186661,31321,31240,4052,35292,225
2022-08-04,Fresno,019,978130,269169,263912,29753,293665,2815
2022-08-04,Glenn,021,27897,5408,5379,1808,7187,48
2022-08-04,Humboldt,023,135768,20845,20746,4515,25261,153
2022-08-04,Imperial,025,180216,63510,63198,14386,77584,949
2022-08-04,Inyo,027,18085,4420,4408,837,5245,57
2022-08-04,Kern,029,883053,213362,211798,58279,270077,2375
2022-08-04,Kings,031,150075,57494,57294,3908,61202,453
2022-08-04,Lake,033,64148,12281,12220,1099,13319,142
2022-08-04,Lassen,035,31185,9683,9654,963,10617,64
2022-08-04,Los Angeles,037,10098052,3173745,3153757,167753,3321510,32563
2022-08-04,Madera,039,155013,42316,42139,7569,49708,372
2022-08-04,Marin,041,260295,43532,43295,4967,48262,302
2022-08-04,Mariposa,043,17540,2983,2965,316,3281,31
2022-08-04,Mendocino,045,87422,15447,15335,4203,19538,132
2022-08-04,Merced,047,269075,70264,69498,10850,80348,838
2022-08-04,Modoc,049,8938,856,853,310,1163,11
2022-08-04,Mono,051,14174,3172,3161,233,3394,7
2022-08-04,Monterey,053,433212,91418,90884,19413,110297,757
2022-08-04,Napa,055,140530,31164,31052,1361,32413,151
2022-08-04,Nevada,057,99092,18375,18309,1691,20000,132
2022-08-04,Orange,059,3164182,645767,643029,58560,701589,7213
2022-08-04,Placer,061,380077,73469,73064,9158,82222,648
2022-08-04,Plumas,063,18699,3524,3516,427,3943,13
2022-08-04,Riverside,065,2383286,672608,669230,33317,702547,6555
2022-08-04,Sacramento,067,1510023,334479,332928,32428,365356,3175
2022-08-04,San Benito,069,59416,15582,15403,865,16268,101
2022-08-04,San Bernardino,071,2135413,648546,639120,29157,668277,7956
2022-08-04,San Diego,073,3302833,894349,891504,68596,960100,5424
2022-08-04,San Francisco,075,870044,172129,171486,11537,183023,946
2022-08-04,San Joaquin,077,732212,190974,189696,13690,203386,2276
2022-08-04,San Luis Obispo,079,281455,61461,60903,6599,67502,510
2022-08-04,San Mateo,081,765935,162408,161011,10068,171079,734
2022-08-04,Santa Barbara,083,443738,101646,100995,6333,107328,711
2022-08-04,Santa Clara,085,1922200,418319,412411,18052,430463,2386
2022-08-04,Santa Cruz,087,273765,60379,59982,3229,63211,269
2022-08-04,Shasta,089,179085,33878,33727,7018,40745,583
2022-08-04,Sierra,091,2930,296,295,59,354,4
2022-08-04,Siskiyou,093,43540,4966,5045,3195,8240,87
2022-08-04,Solano,095,438530,101740,100081,7450,107531,457
2022-08-04,Sonoma,097,501317,103359,102682,5007,107689,502
2022-08-04,Stanislaus,099,539301,133010,132406,20554,152960,1701
2022-08-04,Sutter,101,95872,23221,23178,2397,25575,228
2022-08-04,Tehama,103,63373,13243,13155,2939,16094,209
2022-08-04,Trinity,105,12862,1355,1347,351,1698,20
2022-08-04,Tulare,107,460477,118129,117668,33377,151045,1516
2022-08-04,Tuolumne,109,53932,14982,14844,878,15722,196
2022-08-04,Ventura,111,848112,201067,200270,14329,214599,1537
2022-08-04,Yolo,113,214977,46069,45902,3989,49891,331
2022-08-04,Yuba,115,75493,18148,18099,1584,19683,124
2022-08-03,Alameda,001,1643700,333184,330158,18649,348807,1941
2022-08-03,Alpine,002,1148,130,130,1,131,0
2022-08-03,Amador,005,37829,9682,9627,866,10493,88
2022-08-03,Butte,007,227075,37947,37567,8563,46130,444
2022-08-03,Calaveras,009,45235,8232,8194,482,8676,128
2022-08-03,Colusa,011,21464,3701,3676,1204,4880,22
2022-08-03,Contra Costa,013,1133247,241707,236190,19560,255750,1381
2022-08-03,Del Norte,015,27424,7208,7156,377,7533,54
2022-08-03,El Dorado,017,186661,31286,31165,4043,35208,222
2022-08-03,Fresno,019,978130,268760,262758,29706,292464,2806
2022-08-03,Glenn,021,27897,5406,5363,1804,7167,48
2022-08-03,Humboldt,023,135768,20811,20640,4498,25138,153
2022-08-03,Imperial,025,180216,63430,62884,14337,77221,949
2022-08-03,Inyo,027,18085,4420,4398,831,5229,57
2022-08-03,Kern,029,883053,213177,211047,58103,269150,2375
2022-08-03,Kings,031,150075,57430,57065,3904,60969,453
2022-08-03,Lake,033,64148,12262,12172,1098,13270,142
2022-08-03,Lassen,035,31185,9680,9563,963,10526,64
2022-08-03,Los Angeles,037,10098052,3170000,3140955,167358,3308313,32500
2022-08-03,Madera,039,155013,42273,41918,7551,49469,372
2022-08-03,Marin,041,260295,43468,43127,4955,48082,300
2022-08-03,Mariposa,043,17540,2979,2950,316,3266,30
2022-08-03,Mendocino,045,87422,15429,15260,4195,19455,132
2022-08-03,Merced,047,269075,70198,69198,10817,80015,838
2022-08-03,Modoc,049,8938,855,842,310,1152,11
2022-08-03,Mono,051,14174,3171,3157,232,3389,7
2022-08-03,Monterey,053,433212,91313,90456,19350,109806,754
2022-08-03,Napa,055,140530,31127,30935,1356,32291,151
2022-08-03,Nevada,057,99092,18364,18253,1688,19941,132
2022-08-03,Orange,059,3164182,644950,640110,58377,698487,7202
2022-08-03,Placer,061,380077,73385,72834,9142,81976,646
2022-08-03,Plumas,063,18699,3521,3496,427,3923,13
2022-08-03,Riverside,065,2383286,671754,666773,33252,700025,6547
2022-08-03,Sacramento,067,1510023,334050,331584,32393,363977,3162
2022-08-03,San Benito,069,59416,15552,15338,858,16196,100
2022-08-03,San Bernardino,071,2135413,647805,636510,29104,665614,7951
2022-08-03,San Diego,073,3302833,893135,887729,68471,956200,5417
2022-08-03,San Francisco,075,870044,171919,170637,11519,182156,939
2022-08-03,San Joaquin,077,732212,190729,188962,13657,202619,2276
2022-08-03,San Luis Obispo,079,281455,61374,60648,6586,67234,504
2022-08-03,San Mateo,081,765935,162216,160258,10059,170317,725
2022-08-03,Santa Barbara,083,443738,101522,100558,6313,106871,710
2022-08-03,Santa Clara,085,1922200,417838,410394,18021,428415,2383
2022-08-03,Santa Cruz,087,273765,60290,59661,3226,62887,269
2022-08-03,Shasta,089,179085,33848,33630,7014,40644,582
2022-08-03,Sierra,091,2930,296,295,59,354,4
2022-08-03,Siskiyou,093,43540,4964,5021,3193,8214,86
2022-08-03,Solano,095,438530,101620,99608,7437,107045,459
2022-08-03,Sonoma,097,501317,103234,102306,4994,107300,500
2022-08-03,Stanislaus,099,539301,132867,131869,20525,152394,1701
2022-08-03,Sutter,101,95872,23193,23056,2395,25451,228
2022-08-03,Tehama,103,63373,13231,13135,2935,16070,209
2022-08-03,Trinity,105,12862,1355,1342,350,1692,20
2022-08-03,Tulare,107,460477,117994,117288,33310,150598,1516
2022-08-03,Tuolumne,109,53932,14962,14778,878,15656,196
2022-08-03,Ventura,111,848112,200827,199530,14295,213825,1536
2022-08-03,Yolo,113,214977,46020,45757,3972,49729,330
2022-08-03,Yuba,115,75493,18119,18036,1583,19619,124
2022-08-02,Alameda,001,1643700,332647,330158,18614,348772,1941
2022-08-02,Alpine,002,1148,130,130,1,131,0
2022-08-02,Amador,005,37829,9672,9627,859,10486,88
2022-08-02,Butte,007,227075,37908,37567,8551,46118,444
2022-08-02,Calaveras,009,45235,8217,8194,480,8674,128
2022-08-02,Colusa,011,21464,3698,3676,1203,4879,22
2022-08-02,Contra Costa,013,1133247,241354,236190,19500,255690,1381
2022-08-02,Del Norte,015,27424,7198,7156,377,7533,54
2022-08-02,El Dorado,017,186661,31253,31165,4037,35202,222
2022-08-02,Fresno,019,978130,268333,262758,29622,292380,2806
2022-08-02,Glenn,021,27897,5402,5363,1803,7166,48
2022-08-02,Humboldt,023,135768,20773,20640,4476,25116,153
2022-08-02,Imperial,025,180216,63348,62884,14288,77172,949
2022-08-02,Inyo,027,18085,4417,4398,821,5219,57
2022-08-02,Kern,029,883053,212937,211047,57905,268952,2375
2022-08-02,Kings,031,150075,57349,57065,3899,60964,453
2022-08-02,Lake,033,64148,12249,12172,1096,13268,142
2022-08-02,Lassen,035,31185,9677,9563,962,10525,64
2022-08-02,Los Angeles,037,10098052,3165632,3140955,166868,3307823,32500
2022-08-02,Madera,039,155013,42206,41918,7528,49446,372
2022-08-02,Marin,041,260295,43410,43127,4947,48074,300
2022-08-02,Mariposa,043,17540,2975,2950,316,3266,30
2022-08-02,Mendocino,045,87422,15399,15260,4181,19441,132
2022-08-02,Merced,047,269075,70119,69198,10777,79975,838
2022-08-02,Modoc,049,8938,855,842,310,1152,11
2022-08-02,Mono,051,14174,3170,3157,230,3387,7
2022-08-02,Monterey,053,433212,91190,90456,19280,109736,754
2022-08-02,Napa,055,140530,31091,30935,1353,32288,151
2022-08-02,Nevada,057,99092,18348,18253,1688,19941,132
2022-08-02,Orange,059,3164182,644066,640110,58198,698308,7202
2022-08-02,Placer,061,380077,73296,72834,9129,81963,646
2022-08-02,Plumas,063,18699,3516,3496,427,3923,13
2022-08-02,Riverside,065,2383286,670834,666773,33201,699974,6547
2022-08-02,Sacramento,067,1510023,333635,331584,32345,363929,3162
2022-08-02,San Benito,069,59416,15512,15338,854,16192,100
2022-08-02,San Bernardino,071,2135413,646957,636510,29053,665563,7951
2022-08-02,San Diego,073,3302833,891973,887729,68340,956069,5417
2022-08-02,San Francisco,075,870044,171683,170637,11505,182142,939
2022-08-02,San Joaquin,077,732212,190491,188962,13612,202574,2276
2022-08-02,San Luis Obispo,079,281455,61285,60648,6559,67207,504
2022-08-02,San Mateo,081,765935,161970,160258,10053,170311,725
2022-08-02,Santa Barbara,083,443738,101355,100558,6287,106845,710
2022-08-02,Santa Clara,085,1922200,417212,410394,17986,428380,2383
2022-08-02,Santa Cruz,087,273765,60200,59661,3219,62880,269
2022-08-02,Shasta,089,179085,33823,33630,7003,40633,582
2022-08-02,Sierra,091,2930,296,295,59,354,4
2022-08-02,Siskiyou,093,43540,4956,5021,3189,8210,86
2022-08-02,Solano,095,438530,101437,99608,7415,107023,459
2022-08-02,Sonoma,097,501317,103059,102306,4981,107287,500
2022-08-02,Stanislaus,099,539301,132708,131869,20483,152352,1701
2022-08-02,Sutter,101,95872,23158,23056,2395,25451,228
2022-08-02,Tehama,103,63373,13219,13135,2932,16067,209
2022-08-02,Trinity,105,12862,1355,1342,348,1690,20
2022-08-02,Tulare,107,460477,117856,117288,33225,150513,1516
2022-08-02,Tuolumne,109,53932,14945,14778,876,15654,196
2022-08-02,Ventura,111,848112,200572,199530,14253,213783,1536
2022-08-02,Yolo,113,214977,45971,45757,3967,49724,330
2022-08-02,Yuba,115,75493,18098,18036,1578,19614,124
2022-08-01,Alameda,001,1643700,331985,330158,18576,348734,1941
2022-08-01,Alpine,002,1148,130,130,1,131,0
2022-08-01,Amador,005,37829,9665,9627,857,10484,88
2022-08-01,Butte,007,227075,37850,37567,8537,46104,444
2022-08-01,Calaveras,009,45235,8214,8194,479,8673,128
2022-08-01,Colusa,011,21464,3694,3676,1194,4870,22
2022-08-01,Contra Costa,013,1133247,240958,236190,19446,255636,1381
2022-08-01,Del Norte,015,27424,7193,7156,377,7533,54
2022-08-01,El Dorado,017,186661,31226,31165,4032,35197,222
2022-08-01,Fresno,019,978130,267873,262758,29539,292297,2806
2022-08-01,Glenn,021,27897,5394,5363,1802,7165,48
2022-08-01,Humboldt,023,135768,20740,20640,4460,25100,153
2022-08-01,Imperial,025,180216,63235,62884,14229,77113,949
2022-08-01,Inyo,027,18085,4413,4398,817,5215,57
2022-08-01,Kern,029,883053,212699,211047,57732,268779,2375
2022-08-01,Kings,031,150075,57256,57065,3889,60954,453
2022-08-01,Lake,033,64148,12219,12172,1096,13268,142
2022-08-01,Lassen,035,31185,9657,9563,962,10525,64
2022-08-01,Los Angeles,037,10098052,3160884,3140955,166380,3307335,32500
2022-08-01,Madera,039,155013,42123,41918,7497,49415,372
2022-08-01,Marin,041,260295,43356,43127,4923,48050,300
2022-08-01,Mariposa,043,17540,2970,2950,315,3265,30
2022-08-01,Mendocino,045,87422,15375,15260,4172,19432,132
2022-08-01,Merced,047,269075,70007,69198,10746,79944,838
2022-08-01,Modoc,049,8938,855,842,310,1152,11
2022-08-01,Mono,051,14174,3169,3157,228,3385,7
2022-08-01,Monterey,053,433212,91047,90456,19205,109661,754
2022-08-01,Napa,055,140530,31042,30935,1349,32284,151
2022-08-01,Nevada,057,99092,18336,18253,1683,19936,132
2022-08-01,Orange,059,3164182,643114,640110,58020,698130,7202
2022-08-01,Placer,061,380077,73228,72834,9115,81949,646
2022-08-01,Plumas,063,18699,3512,3496,427,3923,13
2022-08-01,Riverside,065,2383286,669828,666773,33153,699926,6547
2022-08-01,Sacramento,067,1510023,333193,331584,32306,363890,3162
2022-08-01,San Benito,069,59416,15491,15338,854,16192,100
2022-08-01,San Bernardino,071,2135413,646029,636510,28994,665504,7951
2022-08-01,San Diego,073,3302833,890546,887729,68164,955893,5417
2022-08-01,San Francisco,075,870044,171428,170637,11491,182128,939
2022-08-01,San Joaquin,077,732212,190219,188962,13570,202532,2276
2022-08-01,San Luis Obispo,079,281455,61186,60648,6545,67193,504
2022-08-01,San Mateo,081,765935,161675,160258,10041,170299,725
2022-08-01,Santa Barbara,083,443738,101180,100558,6262,106820,710
2022-08-01,Santa Clara,085,1922200,416433,410394,17956,428350,2383
2022-08-01,Santa Cruz,087,273765,60094,59661,3207,62868,269
2022-08-01,Shasta,089,179085,33795,33630,6993,40623,582
2022-08-01,Sierra,091,2930,296,295,59,354,4
2022-08-01,Siskiyou,093,43540,4950,5021,3183,8204,86
2022-08-01,Solano,095,438530,101254,99608,7396,107004,459
2022-08-01,Sonoma,097,501317,102890,102306,4970,107276,500
2022-08-01,Stanislaus,099,539301,132533,131869,20454,152323,1701
2022-08-01,Sutter,101,95872,23103,23056,2394,25450,228
2022-08-01,Tehama,103,63373,13203,13135,2926,16061,209
2022-08-01,Trinity,105,12862,1354,1342,347,1689,20
2022-08-01,Tulare,107,460477,117679,117288,33147,150435,1516
2022-08-01,Tuolumne,109,53932,14926,14778,876,15654,196
2022-08-01,Ventura,111,848112,200315,199530,14209,213739,1536
2022-08-01,Yolo,113,214977,45920,45757,3952,49709,330
2022-08-01,Yuba,115,75493,18074,18036,1574,19610,124
2022-07-31,Alameda,001,1643700,331248,327608,18537,346145,1941
2022-07-31,Alpine,002,1148,130,130,1,131,0
2022-07-31,Amador,005,37829,9652,9609,852,10461,88
2022-07-31,Butte,007,227075,37774,37349,8517,45866,444
2022-07-31,Calaveras,009,45235,8202,8145,476,8621,128
2022-07-31,Colusa,011,21464,3690,3664,1192,4856,22
2022-07-31,Contra Costa,013,1133247,240483,234635,19377,254012,1375
2022-07-31,Del Norte,015,27424,7181,7136,374,7510,54
2022-07-31,El Dorado,017,186661,31199,31007,4023,35030,222
2022-07-31,Fresno,019,978130,267319,260858,29454,290312,2805
2022-07-31,Glenn,021,27897,5391,5350,1800,7150,48
2022-07-31,Humboldt,023,135768,20700,20523,4429,24952,151
2022-07-31,Imperial,025,180216,63130,62471,14150,76621,949
2022-07-31,Inyo,027,18085,4408,4388,812,5200,57
2022-07-31,Kern,029,883053,212387,210190,57485,267675,2375
2022-07-31,Kings,031,150075,57130,56673,3880,60553,454
2022-07-31,Lake,033,64148,12203,12102,1094,13196,142
2022-07-31,Lassen,035,31185,9577,9548,962,10510,64
2022-07-31,Los Angeles,037,10098052,3155627,3122700,165752,3288452,32445
2022-07-31,Madera,039,155013,42035,41641,7463,49104,372
2022-07-31,Marin,041,260295,43284,42840,4910,47750,300
2022-07-31,Mariposa,043,17540,2964,2940,314,3254,30
2022-07-31,Mendocino,045,87422,15355,15172,4163,19335,132
2022-07-31,Merced,047,269075,69878,68853,10702,79555,838
2022-07-31,Modoc,049,8938,851,841,310,1151,11
2022-07-31,Mono,051,14174,3168,3155,225,3380,7
2022-07-31,Monterey,053,433212,90887,89974,19121,109095,754
2022-07-31,Napa,055,140530,30976,30777,1345,32122,150
2022-07-31,Nevada,057,99092,18298,18187,1681,19868,131
2022-07-31,Orange,059,3164182,642084,636403,57810,694213,7194
2022-07-31,Placer,061,380077,73125,72444,9099,81543,647
2022-07-31,Plumas,063,18699,3506,3490,426,3916,13
2022-07-31,Riverside,065,2383286,668741,662929,33070,695999,6543
2022-07-31,Sacramento,067,1510023,332595,329639,32249,361888,3156
2022-07-31,San Benito,069,59416,15458,15256,848,16104,100
2022-07-31,San Bernardino,071,2135413,644877,633131,28895,662026,7941
2022-07-31,San Diego,073,3302833,888936,881822,68014,949836,5409
2022-07-31,San Francisco,075,870044,171031,169564,11451,181015,937
2022-07-31,San Joaquin,077,732212,189859,187937,13481,201418,2276
2022-07-31,San Luis Obispo,079,281455,61038,60370,6510,66880,503
2022-07-31,San Mateo,081,765935,161426,159145,10014,169159,726
2022-07-31,Santa Barbara,083,443738,100948,99946,6220,106166,708
2022-07-31,Santa Clara,085,1922200,415658,407392,17921,425313,2381
2022-07-31,Santa Cruz,087,273765,59926,59227,3191,62418,269
2022-07-31,Shasta,089,179085,33744,33454,6970,40424,581
2022-07-31,Sierra,091,2930,296,293,59,352,4
2022-07-31,Siskiyou,093,43540,4940,4997,3180,8177,86
2022-07-31,Solano,095,438530,101054,99034,7382,106416,457
2022-07-31,Sonoma,097,501317,102736,101747,4944,106691,500
2022-07-31,Stanislaus,099,539301,132295,131081,20407,151488,1696
2022-07-31,Sutter,101,95872,23059,22931,2383,25314,228
2022-07-31,Tehama,103,63373,13195,13079,2917,15996,208
2022-07-31,Trinity,105,12862,1352,1340,346,1686,20
2022-07-31,Tulare,107,460477,117487,116640,33027,149667,1514
2022-07-31,Tuolumne,109,53932,14902,14701,873,15574,196
2022-07-31,Ventura,111,848112,199997,198498,14128,212626,1530
2022-07-31,Yolo,113,214977,45859,45511,3941,49452,327
2022-07-31,Yuba,115,75493,18043,17951,1566,19517,124
2022-07-30,Alameda,001,1643700,330909,327608,18518,346126,1941
2022-07-30,Alpine,002,1148,130,130,1,131,0
2022-07-30,Amador,005,37829,9650,9609,847,10456,88
2022-07-30,Butte,007,227075,37745,37349,8508,45857,444
2022-07-30,Calaveras,009,45235,8192,8145,475,8620,128
2022-07-30,Colusa,011,21464,3685,3664,1192,4856,22
2022-07-30,Contra Costa,013,1133247,240208,234635,19336,253971,1375
2022-07-30,Del Norte,015,27424,7176,7136,372,7508,54
2022-07-30,El Dorado,017,186661,31180,31007,4019,35026,222
2022-07-30,Fresno,019,978130,267112,260858,29411,290269,2805
2022-07-30,Glenn,021,27897,5386,5350,1799,7149,48
2022-07-30,Humboldt,023,135768,20681,20523,4417,24940,151
2022-07-30,Imperial,025,180216,63082,62471,14122,76593,949
2022-07-30,Inyo,027,18085,4407,4388,808,5196,57
2022-07-30,Kern,029,883053,212262,210190,57342,267532,2375
2022-07-30,Kings,031,150075,57097,56673,3880,60553,454
2022-07-30,Lake,033,64148,12193,12102,1093,13195,142
2022-07-30,Lassen,035,31185,9576,9548,960,10508,64
2022-07-30,Los Angeles,037,10098052,3153142,3122700,165350,3288050,32445
2022-07-30,Madera,039,155013,42001,41641,7458,49099,372
2022-07-30,Marin,041,260295,43252,42840,4908,47748,300
2022-07-30,Mariposa,043,17540,2962,2940,313,3253,30
2022-07-30,Mendocino,045,87422,15331,15172,4159,19331,132
2022-07-30,Merced,047,269075,69827,68853,10695,79548,838
2022-07-30,Modoc,049,8938,851,841,310,1151,11
2022-07-30,Mono,051,14174,3167,3155,224,3379,7
2022-07-30,Monterey,053,433212,90795,89974,19074,109048,754
2022-07-30,Napa,055,140530,30948,30777,1342,32119,150
2022-07-30,Nevada,057,99092,18289,18187,1677,19864,131
2022-07-30,Orange,059,3164182,641529,636403,57702,694105,7194
2022-07-30,Placer,061,380077,73086,72444,9086,81530,647
2022-07-30,Plumas,063,18699,3506,3490,426,3916,13
2022-07-30,Riverside,065,2383286,668191,662929,33041,695970,6543
2022-07-30,Sacramento,067,1510023,332352,329639,32238,361877,3156
2022-07-30,San Benito,069,59416,15445,15256,845,16101,100
2022-07-30,San Bernardino,071,2135413,644390,633131,28852,661983,7941
2022-07-30,San Diego,073,3302833,888291,881822,67955,949777,5409
2022-07-30,San Francisco,075,870044,170879,169564,11441,181005,937
2022-07-30,San Joaquin,077,732212,189733,187937,13451,201388,2276
2022-07-30,San Luis Obispo,079,281455,60998,60370,6497,66867,503
2022-07-30,San Mateo,081,765935,161241,159145,9996,169141,726
2022-07-30,Santa Barbara,083,443738,100855,99946,6201,106147,708
2022-07-30,Santa Clara,085,1922200,415173,407392,17902,425294,2381
2022-07-30,Santa Cruz,087,273765,59860,59227,3184,62411,269
2022-07-30,Shasta,089,179085,33724,33454,6969,40423,581
2022-07-30,Sierra,091,2930,296,293,59,352,4
2022-07-30,Siskiyou,093,43540,4940,4997,3178,8175,86
2022-07-30,Solano,095,438530,100996,99034,7369,106403,457
2022-07-30,Sonoma,097,501317,102646,101747,4937,106684,500
2022-07-30,Stanislaus,099,539301,132163,131081,20382,151463,1696
2022-07-30,Sutter,101,95872,23034,22931,2382,25313,228
2022-07-30,Tehama,103,63373,13189,13079,2914,15993,208
2022-07-30,Trinity,105,12862,1352,1340,346,1686,20
2022-07-30,Tulare,107,460477,117396,116640,32962,149602,1514
2022-07-30,Tuolumne,109,53932,14883,14701,873,15574,196
2022-07-30,Ventura,111,848112,199825,198498,14095,212593,1530
2022-07-30,Yolo,113,214977,45832,45511,3938,49449,327
2022-07-30,Yuba,115,75493,18030,17951,1566,19517,124
2022-07-29,Alameda,001,1643700,330548,327608,18490,346098,1941
2022-07-29,Alpine,002,1148,130,130,1,131,0
2022-07-29,Amador,005,37829,9649,9609,846,10455,88
2022-07-29,Butte,007,227075,37714,37349,8491,45840,444
2022-07-29,Calaveras,009,45235,8188,8145,475,8620,128
2022-07-29,Colusa,011,21464,3685,3664,1192,4856,22
2022-07-29,Contra Costa,013,1133247,239980,234635,19312,253947,1375
2022-07-29,Del Norte,015,27424,7171,7136,371,7507,54
2022-07-29,El Dorado,017,186661,31158,31007,4018,35025,222
2022-07-29,Fresno,019,978130,266866,260858,29363,290221,2805
2022-07-29,Glenn,021,27897,5383,5350,1797,7147,48
2022-07-29,Humboldt,023,135768,20655,20523,4407,24930,151
2022-07-29,Imperial,025,180216,63021,62471,14094,76565,949
2022-07-29,Inyo,027,18085,4406,4388,807,5195,57
2022-07-29,Kern,029,883053,212098,210190,57201,267391,2375
2022-07-29,Kings,031,150075,57060,56673,3879,60552,454
2022-07-29,Lake,033,64148,12178,12102,1090,13192,142
2022-07-29,Lassen,035,31185,9574,9548,960,10508,64
2022-07-29,Los Angeles,037,10098052,3150275,3122700,165017,3287717,32445
2022-07-29,Madera,039,155013,41956,41641,7447,49088,372
2022-07-29,Marin,041,260295,43205,42840,4900,47740,300
2022-07-29,Mariposa,043,17540,2961,2940,313,3253,30
2022-07-29,Mendocino,045,87422,15313,15172,4147,19319,132
2022-07-29,Merced,047,269075,69765,68853,10679,79532,838
2022-07-29,Modoc,049,8938,851,841,310,1151,11
2022-07-29,Mono,051,14174,3166,3155,223,3378,7
2022-07-29,Monterey,053,433212,90702,89974,19039,109013,754
2022-07-29,Napa,055,140530,30923,30777,1341,32118,150
2022-07-29,Nevada,057,99092,18278,18187,1675,19862,131
2022-07-29,Orange,059,3164182,640935,636403,57557,693960,7194
2022-07-29,Placer,061,380077,73013,72444,9072,81516,647
2022-07-29,Plumas,063,18699,3505,3490,426,3916,13
2022-07-29,Riverside,065,2383286,667648,662929,32996,695925,6543
2022-07-29,Sacramento,067,1510023,332040,329639,32219,361858,3156
2022-07-29,San Benito,069,59416,15427,15256,844,16100,100
2022-07-29,San Bernardino,071,2135413,643854,633131,28818,661949,7941
2022-07-29,San Diego,073,3302833,887439,881822,67844,949666,5409
2022-07-29,San Francisco,075,870044,170701,169564,11429,180993,937
2022-07-29,San Joaquin,077,732212,189617,187937,13426,201363,2276
2022-07-29,San Luis Obispo,079,281455,60962,60370,6485,66855,503
2022-07-29,San Mateo,081,765935,161065,159145,9987,169132,726
2022-07-29,Santa Barbara,083,443738,100732,99946,6191,106137,708
2022-07-29,Santa Clara,085,1922200,414697,407392,17881,425273,2381
2022-07-29,Santa Cruz,087,273765,59784,59227,3181,62408,269
2022-07-29,Shasta,089,179085,33697,33454,6962,40416,581
2022-07-29,Sierra,091,2930,296,293,58,351,4
2022-07-29,Siskiyou,093,43540,4939,4997,3178,8175,86
2022-07-29,Solano,095,438530,100866,99034,7357,106391,457
2022-07-29,Sonoma,097,501317,102542,101747,4926,106673,500
2022-07-29,Stanislaus,099,539301,132061,131081,20370,151451,1696
2022-07-29,Sutter,101,95872,23014,22931,2382,25313,228
2022-07-29,Tehama,103,63373,13182,13079,2912,15991,208
2022-07-29,Trinity,105,12862,1348,1340,345,1685,20
2022-07-29,Tulare,107,460477,117294,116640,32902,149542,1514
2022-07-29,Tuolumne,109,53932,14869,14701,872,15573,196
2022-07-29,Ventura,111,848112,199675,198498,14055,212553,1530
2022-07-29,Yolo,113,214977,45797,45511,3925,49436,327
2022-07-29,Yuba,115,75493,18009,17951,1564,19515,124
2022-07-28,Alameda,001,1643700,330057,327608,18442,346050,1941
2022-07-28,Alpine,002,1148,130,130,1,131,0
2022-07-28,Amador,005,37829,9642,9609,845,10454,88
2022-07-28,Butte,007,227075,37662,37349,8478,45827,444
2022-07-28,Calaveras,009,45235,8177,8145,474,8619,128
2022-07-28,Colusa,011,21464,3679,3664,1192,4856,22
2022-07-28,Contra Costa,013,1133247,239615,234635,19258,253893,1375
2022-07-28,Del Norte,015,27424,7165,7136,370,7506,54
2022-07-28,El Dorado,017,186661,31123,31007,4013,35020,222
2022-07-28,Fresno,019,978130,266435,260858,29288,290146,2805
2022-07-28,Glenn,021,27897,5381,5350,1793,7143,48
2022-07-28,Humboldt,023,135768,20621,20523,4396,24919,151
2022-07-28,Imperial,025,180216,62922,62471,14030,76501,949
2022-07-28,Inyo,027,18085,4402,4388,805,5193,57
2022-07-28,Kern,029,883053,211847,210190,57030,267220,2375
2022-07-28,Kings,031,150075,56957,56673,3876,60549,454
2022-07-28,Lake,033,64148,12161,12102,1089,13191,142
2022-07-28,Lassen,035,31185,9569,9548,960,10508,64
2022-07-28,Los Angeles,037,10098052,3145949,3122700,164460,3287160,32445
2022-07-28,Madera,039,155013,41898,41641,7438,49079,372
2022-07-28,Marin,041,260295,43157,42840,4895,47735,300
2022-07-28,Mariposa,043,17540,2958,2940,310,3250,30
2022-07-28,Mendocino,045,87422,15292,15172,4136,19308,132
2022-07-28,Merced,047,269075,69683,68853,10639,79492,838
2022-07-28,Modoc,049,8938,848,841,310,1151,11
2022-07-28,Mono,051,14174,3166,3155,222,3377,7
2022-07-28,Monterey,053,433212,90546,89974,18964,108938,754
2022-07-28,Napa,055,140530,30884,30777,1339,32116,150
2022-07-28,Nevada,057,99092,18265,18187,1669,19856,131
2022-07-28,Orange,059,3164182,639981,636403,57404,693807,7194
2022-07-28,Placer,061,380077,72922,72444,9051,81495,647
2022-07-28,Plumas,063,18699,3504,3490,426,3916,13
2022-07-28,Riverside,065,2383286,666841,662929,32945,695874,6543
2022-07-28,Sacramento,067,1510023,331624,329639,32190,361829,3156
2022-07-28,San Benito,069,59416,15398,15256,839,16095,100
2022-07-28,San Bernardino,071,2135413,643006,633131,28774,661905,7941
2022-07-28,San Diego,073,3302833,886092,881822,67710,949532,5409
2022-07-28,San Francisco,075,870044,170464,169564,11399,180963,937
2022-07-28,San Joaquin,077,732212,189363,187937,13378,201315,2276
2022-07-28,San Luis Obispo,079,281455,60874,60370,6465,66835,503
2022-07-28,San Mateo,081,765935,160808,159145,9974,169119,726
2022-07-28,Santa Barbara,083,443738,100593,99946,6160,106106,708
2022-07-28,Santa Clara,085,1922200,414054,407392,17848,425240,2381
2022-07-28,Santa Cruz,087,273765,59666,59227,3169,62396,269
2022-07-28,Shasta,089,179085,33670,33454,6947,40401,581
2022-07-28,Sierra,091,2930,296,293,58,351,4
2022-07-28,Siskiyou,093,43540,4935,4997,3172,8169,86
2022-07-28,Solano,095,438530,100716,99034,7346,106380,457
2022-07-28,Sonoma,097,501317,102418,101747,4900,106647,500
2022-07-28,Stanislaus,099,539301,131912,131081,20329,151410,1696
2022-07-28,Sutter,101,95872,22983,22931,2377,25308,228
2022-07-28,Tehama,103,63373,13164,13079,2903,15982,208
2022-07-28,Trinity,105,12862,1347,1340,344,1684,20
2022-07-28,Tulare,107,460477,117166,116640,32804,149444,1514
2022-07-28,Tuolumne,109,53932,14850,14701,870,15571,196
2022-07-28,Ventura,111,848112,199407,198498,14015,212513,1530
2022-07-28,Yolo,113,214977,45748,45511,3913,49424,327
2022-07-28,Yuba,115,75493,17995,17951,1555,19506,124
2022-07-27,Alameda,001,1643700,329529,325669,18396,344065,1938
2022-07-27,Alpine,002,1148,130,130,1,131,0
2022-07-27,Amador,005,37829,9634,9568,844,10412,87
2022-07-27,Butte,007,227075,37618,37146,8466,45612,441
2022-07-27,Calaveras,009,45235,8167,8105,473,8578,130
2022-07-27,Colusa,011,21464,3670,3649,1192,4841,22
2022-07-27,Contra Costa,013,1133247,239257,233236,19209,252445,1374
2022-07-27,Del Norte,015,27424,7161,7161,370,7531,54
2022-07-27,El Dorado,017,186661,31077,30891,4004,34895,222
2022-07-27,Fresno,019,978130,266018,259483,29209,288692,2801
2022-07-27,Glenn,021,27897,5377,5327,1792,7119,48
2022-07-27,Humboldt,023,135768,20581,20406,4388,24794,150
2022-07-27,Imperial,025,180216,62838,62014,13976,75990,948
2022-07-27,Inyo,027,18085,4398,4381,801,5182,57
2022-07-27,Kern,029,883053,211618,209400,56814,266214,2368
2022-07-27,Kings,031,150075,56882,56417,3868,60285,451
2022-07-27,Lake,033,64148,12145,12025,1087,13112,142
2022-07-27,Lassen,035,31185,9564,9509,959,10468,64
2022-07-27,Los Angeles,037,10098052,3141175,3107063,163946,3271009,32392
2022-07-27,Madera,039,155013,41811,41423,7425,48848,372
2022-07-27,Marin,041,260295,43085,42624,4887,47511,300
2022-07-27,Mariposa,043,17540,2953,2927,310,3237,30
2022-07-27,Mendocino,045,87422,15263,15066,4121,19187,131
2022-07-27,Merced,047,269075,69569,68455,10609,79064,838
2022-07-27,Modoc,049,8938,846,840,310,1150,10
2022-07-27,Mono,051,14174,3164,3148,220,3368,7
2022-07-27,Monterey,053,433212,90412,89520,18892,108412,752
2022-07-27,Napa,055,140530,30841,30647,1338,31985,150
2022-07-27,Nevada,057,99092,18246,18134,1669,19803,132
2022-07-27,Orange,059,3164182,638981,632871,57224,690095,7188
2022-07-27,Placer,061,380077,72841,72194,9030,81224,647
2022-07-27,Plumas,063,18699,3498,3472,426,3898,13
2022-07-27,Riverside,065,2383286,665829,659650,32865,692515,6528
2022-07-27,Sacramento,067,1510023,331165,328249,32136,360385,3146
2022-07-27,San Benito,069,59416,15378,15188,837,16025,100
2022-07-27,San Bernardino,071,2135413,642128,629895,28719,658614,7937
2022-07-27,San Diego,073,3302833,884653,876507,67567,944074,5386
2022-07-27,San Francisco,075,870044,170217,168570,11383,179953,931
2022-07-27,San Joaquin,077,732212,189073,187066,13335,200401,2267
2022-07-27,San Luis Obispo,079,281455,60792,60180,6431,66611,502
2022-07-27,San Mateo,081,765935,160559,158343,9965,168308,724
2022-07-27,Santa Barbara,083,443738,100435,99460,6122,105582,707
2022-07-27,Santa Clara,085,1922200,413371,404896,17825,422721,2380
2022-07-27,Santa Cruz,087,273765,59571,58873,3156,62029,269
2022-07-27,Shasta,089,179085,33637,33314,6937,40251,578
2022-07-27,Sierra,091,2930,295,293,58,351,4
2022-07-27,Siskiyou,093,43540,4929,4975,3169,8144,84
2022-07-27,Solano,095,438530,100552,98579,7335,105914,457
2022-07-27,Sonoma,097,501317,102277,101316,4886,106202,499
2022-07-27,Stanislaus,099,539301,131712,130451,20287,150738,1695
2022-07-27,Sutter,101,95872,22947,22811,2371,25182,228
2022-07-27,Tehama,103,63373,13150,13036,2898,15934,207
2022-07-27,Trinity,105,12862,1346,1337,343,1680,20
2022-07-27,Tulare,107,460477,117004,116167,32731,148898,1514
2022-07-27,Tuolumne,109,53932,14820,14594,867,15461,196
2022-07-27,Ventura,111,848112,199127,197572,13950,211522,1527
2022-07-27,Yolo,113,214977,45702,45359,3896,49255,326
2022-07-27,Yuba,115,75493,17971,17873,1547,19420,124
2022-07-26,Alameda,001,1643700,328890,325669,18356,344025,1938
2022-07-26,Alpine,002,1148,130,130,1,131,0
2022-07-26,Amador,005,37829,9625,9568,840,10408,87
2022-07-26,Butte,007,227075,37558,37146,8449,45595,441
2022-07-26,Calaveras,009,45235,8157,8105,471,8576,130
2022-07-26,Colusa,011,21464,3669,3649,1192,4841,22
2022-07-26,Contra Costa,013,1133247,238820,233236,19153,252389,1374
2022-07-26,Del Norte,015,27424,7148,7161,370,7531,54
2022-07-26,El Dorado,017,186661,31033,30891,3999,34890,222
2022-07-26,Fresno,019,978130,265474,259483,29113,288596,2801
2022-07-26,Glenn,021,27897,5374,5327,1788,7115,48
2022-07-26,Humboldt,023,135768,20549,20406,4374,24780,150
2022-07-26,Imperial,025,180216,62718,62014,13895,75909,948
2022-07-26,Inyo,027,18085,4395,4381,799,5180,57
2022-07-26,Kern,029,883053,211298,209400,56591,265991,2368
2022-07-26,Kings,031,150075,56768,56417,3866,60283,451
2022-07-26,Lake,033,64148,12115,12025,1085,13110,142
2022-07-26,Lassen,035,31185,9561,9509,957,10466,64
2022-07-26,Los Angeles,037,10098052,3136148,3107063,163348,3270411,32392
2022-07-26,Madera,039,155013,41747,41423,7399,48822,372
2022-07-26,Marin,041,260295,43019,42624,4876,47500,300
2022-07-26,Mariposa,043,17540,2951,2927,310,3237,30
2022-07-26,Mendocino,045,87422,15239,15066,4110,19176,131
2022-07-26,Merced,047,269075,69477,68455,10584,79039,838
2022-07-26,Modoc,049,8938,844,840,310,1150,10
2022-07-26,Mono,051,14174,3162,3148,219,3367,7
2022-07-26,Monterey,053,433212,90273,89520,18805,108325,752
2022-07-26,Napa,055,140530,30804,30647,1332,31979,150
2022-07-26,Nevada,057,99092,18223,18134,1666,19800,132
2022-07-26,Orange,059,3164182,637878,632871,56997,689868,7188
2022-07-26,Placer,061,380077,72723,72194,9010,81204,647
2022-07-26,Plumas,063,18699,3495,3472,425,3897,13
2022-07-26,Riverside,065,2383286,664798,659650,32786,692436,6528
2022-07-26,Sacramento,067,1510023,330633,328249,32065,360314,3146
2022-07-26,San Benito,069,59416,15348,15188,835,16023,100
2022-07-26,San Bernardino,071,2135413,641135,629895,28650,658545,7937
2022-07-26,San Diego,073,3302833,882964,876507,67375,943882,5386
2022-07-26,San Francisco,075,870044,169928,168570,11368,179938,931
2022-07-26,San Joaquin,077,732212,188778,187066,13275,200341,2267
2022-07-26,San Luis Obispo,079,281455,60713,60180,6404,66584,502
2022-07-26,San Mateo,081,765935,160275,158343,9954,168297,724
2022-07-26,Santa Barbara,083,443738,100256,99460,6099,105559,707
2022-07-26,Santa Clara,085,1922200,412510,404896,17787,422683,2380
2022-07-26,Santa Cruz,087,273765,59467,58873,3139,62012,269
2022-07-26,Shasta,089,179085,33603,33314,6922,40236,578
2022-07-26,Sierra,091,2930,294,293,58,351,4
2022-07-26,Siskiyou,093,43540,4924,4975,3161,8136,84
2022-07-26,Solano,095,438530,100356,98579,7319,105898,457
2022-07-26,Sonoma,097,501317,102128,101316,4858,106174,499
2022-07-26,Stanislaus,099,539301,131499,130451,20262,150713,1695
2022-07-26,Sutter,101,95872,22917,22811,2370,25181,228
2022-07-26,Tehama,103,63373,13131,13036,2894,15930,207
2022-07-26,Trinity,105,12862,1345,1337,341,1678,20
2022-07-26,Tulare,107,460477,116854,116167,32643,148810,1514
2022-07-26,Tuolumne,109,53932,14801,14594,865,15459,196
2022-07-26,Ventura,111,848112,198816,197572,13891,211463,1527
2022-07-26,Yolo,113,214977,45651,45359,3885,49244,326
2022-07-26,Yuba,115,75493,17953,17873,1546,19419,124
2022-07-25,Alameda,001,1643700,328169,325669,18297,343966,1938
2022-07-25,Alpine,002,1148,130,130,1,131,0
2022-07-25,Amador,005,37829,9612,9568,837,10405,87
2022-07-25,Butte,007,227075,37482,37146,8434,45580,441
2022-07-25,Calaveras,009,45235,8146,8105,470,8575,130
2022-07-25,Colusa,011,21464,3668,3649,1189,4838,22
2022-07-25,Contra Costa,013,1133247,238335,233236,19071,252307,1374
2022-07-25,Del Norte,015,27424,7140,7161,369,7530,54
2022-07-25,El Dorado,017,186661,30994,30891,3985,34876,222
2022-07-25,Fresno,019,978130,264879,259483,29008,288491,2801
2022-07-25,Glenn,021,27897,5366,5327,1785,7112,48
2022-07-25,Humboldt,023,135768,20516,20406,4354,24760,150
2022-07-25,Imperial,025,180216,62599,62014,13807,75821,948
2022-07-25,Inyo,027,18085,4393,4381,793,5174,57
2022-07-25,Kern,029,883053,211007,209400,56363,265763,2368
2022-07-25,Kings,031,150075,56632,56417,3857,60274,451
2022-07-25,Lake,033,64148,12094,12025,1083,13108,142
2022-07-25,Lassen,035,31185,9554,9509,956,10465,64
2022-07-25,Los Angeles,037,10098052,3130295,3107063,162784,3269847,32392
2022-07-25,Madera,039,155013,41660,41423,7373,48796,372
2022-07-25,Marin,041,260295,42945,42624,4869,47493,300
2022-07-25,Mariposa,043,17540,2948,2927,307,3234,30
2022-07-25,Mendocino,045,87422,15200,15066,4097,19163,131
2022-07-25,Merced,047,269075,69364,68455,10553,79008,838
2022-07-25,Modoc,049,8938,839,840,308,1148,10
2022-07-25,Mono,051,14174,3160,3148,218,3366,7
2022-07-25,Monterey,053,433212,90117,89520,18695,108215,752
2022-07-25,Napa,055,140530,30760,30647,1331,31978,150
2022-07-25,Nevada,057,99092,18211,18134,1658,19792,132
2022-07-25,Orange,059,3164182,636623,632871,56789,689660,7188
2022-07-25,Placer,061,380077,72640,72194,9004,81198,647
2022-07-25,Plumas,063,18699,3489,3472,424,3896,13
2022-07-25,Riverside,065,2383286,663708,659650,32707,692357,6528
2022-07-25,Sacramento,067,1510023,330098,328249,32002,360251,3146
2022-07-25,San Benito,069,59416,15314,15188,833,16021,100
2022-07-25,San Bernardino,071,2135413,639964,629895,28593,658488,7937
2022-07-25,San Diego,073,3302833,881184,876507,67182,943689,5386
2022-07-25,San Francisco,075,870044,169611,168570,11353,179923,931
2022-07-25,San Joaquin,077,732212,188485,187066,13199,200265,2267
2022-07-25,San Luis Obispo,079,281455,60608,60180,6371,66551,502
2022-07-25,San Mateo,081,765935,159902,158343,9933,168276,724
2022-07-25,Santa Barbara,083,443738,100061,99460,6074,105534,707
2022-07-25,Santa Clara,085,1922200,411615,404896,17701,422597,2380
2022-07-25,Santa Cruz,087,273765,59346,58873,3126,61999,269
2022-07-25,Shasta,089,179085,33550,33314,6914,40228,578
2022-07-25,Sierra,091,2930,293,293,58,351,4
2022-07-25,Siskiyou,093,43540,4921,4975,3152,8127,84
2022-07-25,Solano,095,438530,100109,98579,7304,105883,457
2022-07-25,Sonoma,097,501317,101969,101316,4840,106156,499
2022-07-25,Stanislaus,099,539301,131300,130451,20232,150683,1695
2022-07-25,Sutter,101,95872,22871,22811,2369,25180,228
2022-07-25,Tehama,103,63373,13114,13036,2886,15922,207
2022-07-25,Trinity,105,12862,1343,1337,341,1678,20
2022-07-25,Tulare,107,460477,116643,116167,32545,148712,1514
2022-07-25,Tuolumne,109,53932,14782,14594,865,15459,196
2022-07-25,Ventura,111,848112,198508,197572,13836,211408,1527
2022-07-25,Yolo,113,214977,45587,45359,3869,49228,326
2022-07-25,Yuba,115,75493,17915,17873,1545,19418,124
2022-07-24,Alameda,001,1643700,327365,323165,18251,341416,1933
2022-07-24,Alpine,002,1148,130,130,1,131,0
2022-07-24,Amador,005,37829,9590,9526,834,10360,87
2022-07-24,Butte,007,227075,37417,36994,8406,45400,440
2022-07-24,Calaveras,009,45235,8129,8064,468,8532,128
2022-07-24,Colusa,011,21464,3662,3639,1189,4828,22
2022-07-24,Contra Costa,013,1133247,237804,231714,18991,250705,1363
2022-07-24,Del Norte,015,27424,7121,7128,365,7493,54
2022-07-24,El Dorado,017,186661,30948,30722,3969,34691,222
2022-07-24,Fresno,019,978130,264225,257571,28904,286475,2792
2022-07-24,Glenn,021,27897,5360,5311,1783,7094,48
2022-07-24,Humboldt,023,135768,20483,20283,4337,24620,150
2022-07-24,Imperial,025,180216,62437,61671,13687,75358,948
2022-07-24,Inyo,027,18085,4389,4366,782,5148,57
2022-07-24,Kern,029,883053,210638,208535,56122,264657,2366
2022-07-24,Kings,031,150075,56508,56103,3845,59948,451
2022-07-24,Lake,033,64148,12068,11957,1080,13037,142
2022-07-24,Lassen,035,31185,9527,9504,953,10457,64
2022-07-24,Los Angeles,037,10098052,3123802,3085376,162096,3247472,32340
2022-07-24,Madera,039,155013,41561,41145,7342,48487,372
2022-07-24,Marin,041,260295,42875,42347,4857,47204,300
2022-07-24,Mariposa,043,17540,2945,2897,306,3203,30
2022-07-24,Mendocino,045,87422,15150,14988,4065,19053,131
2022-07-24,Merced,047,269075,69205,68127,10494,78621,837
2022-07-24,Modoc,049,8938,839,829,307,1136,10
2022-07-24,Mono,051,14174,3159,3141,218,3359,7
2022-07-24,Monterey,053,433212,89939,89067,18595,107662,747
2022-07-24,Napa,055,140530,30706,30495,1330,31825,148
2022-07-24,Nevada,057,99092,18192,18073,1649,19722,131
2022-07-24,Orange,059,3164182,635267,627948,56538,684486,7181
2022-07-24,Placer,061,380077,72515,71870,8991,80861,644
2022-07-24,Plumas,063,18699,3488,3464,424,3888,13
2022-07-24,Riverside,065,2383286,662411,655603,32593,688196,6527
2022-07-24,Sacramento,067,1510023,329413,326216,31931,358147,3136
2022-07-24,San Benito,069,59416,15291,15049,832,15881,100
2022-07-24,San Bernardino,071,2135413,638577,626059,28513,654572,7933
2022-07-24,San Diego,073,3302833,879109,870102,66989,937091,5380
2022-07-24,San Francisco,075,870044,169155,167260,11323,178583,931
2022-07-24,San Joaquin,077,732212,188124,186142,13122,199264,2267
2022-07-24,San Luis Obispo,079,281455,60461,59919,6339,66258,500
2022-07-24,San Mateo,081,765935,159559,157266,9912,167178,724
2022-07-24,Santa Barbara,083,443738,99834,98826,6034,104860,706
2022-07-24,Santa Clara,085,1922200,410652,401495,17661,419156,2381
2022-07-24,Santa Cruz,087,273765,59174,58386,3105,61491,268
2022-07-24,Shasta,089,179085,33486,33185,6899,40084,578
2022-07-24,Sierra,091,2930,293,293,58,351,4
2022-07-24,Siskiyou,093,43540,4917,4938,3137,8075,84
2022-07-24,Solano,095,438530,99892,98016,7289,105305,457
2022-07-24,Sonoma,097,501317,101766,100735,4819,105554,499
2022-07-24,Stanislaus,099,539301,131007,129813,20195,150008,1695
2022-07-24,Sutter,101,95872,22820,22687,2366,25053,228
2022-07-24,Tehama,103,63373,13102,12974,2876,15850,207
2022-07-24,Trinity,105,12862,1342,1330,339,1669,20
2022-07-24,Tulare,107,460477,116457,115548,32441,147989,1513
2022-07-24,Tuolumne,109,53932,14748,14514,864,15378,196
2022-07-24,Ventura,111,848112,198100,196127,13734,209861,1525
2022-07-24,Yolo,113,214977,45511,45141,3857,48998,327
2022-07-24,Yuba,115,75493,17888,17770,1543,19313,124
2022-07-23,Alameda,001,1643700,326951,323165,18234,341399,1933
2022-07-23,Alpine,002,1148,130,130,1,131,0
2022-07-23,Amador,005,37829,9580,9526,834,10360,87
2022-07-23,Butte,007,227075,37370,36994,8399,45393,440
2022-07-23,Calaveras,009,45235,8118,8064,468,8532,128
2022-07-23,Colusa,011,21464,3657,3639,1189,4828,22
2022-07-23,Contra Costa,013,1133247,237506,231714,18961,250675,1363
2022-07-23,Del Norte,015,27424,7118,7128,364,7492,54
2022-07-23,El Dorado,017,186661,30930,30722,3967,34689,222
2022-07-23,Fresno,019,978130,263999,257571,28846,286417,2792
2022-07-23,Glenn,021,27897,5358,5311,1781,7092,48
2022-07-23,Humboldt,023,135768,20456,20283,4324,24607,150
2022-07-23,Imperial,025,180216,62374,61671,13666,75337,948
2022-07-23,Inyo,027,18085,4387,4366,781,5147,57
2022-07-23,Kern,029,883053,210470,208535,55979,264514,2366
2022-07-23,Kings,031,150075,56465,56103,3842,59945,451
2022-07-23,Lake,033,64148,12057,11957,1079,13036,142
2022-07-23,Lassen,035,31185,9525,9504,953,10457,64
2022-07-23,Los Angeles,037,10098052,3120956,3085376,161642,3247018,32340
2022-07-23,Madera,039,155013,41499,41145,7336,48481,372
2022-07-23,Marin,041,260295,42800,42347,4847,47194,300
2022-07-23,Mariposa,043,17540,2942,2897,306,3203,30
2022-07-23,Mendocino,045,87422,15130,14988,4058,19046,131
2022-07-23,Merced,047,269075,69134,68127,10479,78606,837
2022-07-23,Modoc,049,8938,839,829,307,1136,10
2022-07-23,Mono,051,14174,3158,3141,218,3359,7
2022-07-23,Monterey,053,433212,89851,89067,18574,107641,747
2022-07-23,Napa,055,140530,30673,30495,1329,31824,148
2022-07-23,Nevada,057,99092,18180,18073,1647,19720,131
2022-07-23,Orange,059,3164182,634565,627948,56336,684284,7181
2022-07-23,Placer,061,380077,72444,71870,8981,80851,644
2022-07-23,Plumas,063,18699,3487,3464,424,3888,13
2022-07-23,Riverside,065,2383286,661704,655603,32553,688156,6527
2022-07-23,Sacramento,067,1510023,329138,326216,31913,358129,3136
2022-07-23,San Benito,069,59416,15283,15049,823,15872,100
2022-07-23,San Bernardino,071,2135413,637947,626059,28470,654529,7933
2022-07-23,San Diego,073,3302833,878285,870102,66928,937030,5380
2022-07-23,San Francisco,075,870044,168963,167260,11307,178567,931
2022-07-23,San Joaquin,077,732212,187968,186142,13099,199241,2267
2022-07-23,San Luis Obispo,079,281455,60432,59919,6328,66247,500
2022-07-23,San Mateo,081,765935,159379,157266,9898,167164,724
2022-07-23,Santa Barbara,083,443738,99735,98826,6003,104829,706
2022-07-23,Santa Clara,085,1922200,410038,401495,17636,419131,2381
2022-07-23,Santa Cruz,087,273765,59123,58386,3093,61479,268
2022-07-23,Shasta,089,179085,33447,33185,6893,40078,578
2022-07-23,Sierra,091,2930,293,293,58,351,4
2022-07-23,Siskiyou,093,43540,4915,4938,3135,8073,84
2022-07-23,Solano,095,438530,99824,98016,7283,105299,457
2022-07-23,Sonoma,097,501317,101678,100735,4809,105544,499
2022-07-23,Stanislaus,099,539301,130876,129813,20159,149972,1695
2022-07-23,Sutter,101,95872,22799,22687,2366,25053,228
2022-07-23,Tehama,103,63373,13088,12974,2873,15847,207
2022-07-23,Trinity,105,12862,1342,1330,338,1668,20
2022-07-23,Tulare,107,460477,116340,115548,32372,147920,1513
2022-07-23,Tuolumne,109,53932,14725,14514,864,15378,196
2022-07-23,Ventura,111,848112,197915,196127,13699,209826,1525
2022-07-23,Yolo,113,214977,45476,45141,3849,48990,327
2022-07-23,Yuba,115,75493,17875,17770,1539,19309,124
2022-07-22,Alameda,001,1643700,326541,323165,18205,341370,1933
2022-07-22,Alpine,002,1148,130,130,1,131,0
2022-07-22,Amador,005,37829,9574,9526,833,10359,87
2022-07-22,Butte,007,227075,37335,36994,8383,45377,440
2022-07-22,Calaveras,009,45235,8109,8064,468,8532,128
2022-07-22,Colusa,011,21464,3656,3639,1185,4824,22
2022-07-22,Contra Costa,013,1133247,237212,231714,18924,250638,1363
2022-07-22,Del Norte,015,27424,7111,7128,364,7492,54
2022-07-22,El Dorado,017,186661,30901,30722,3962,34684,222
2022-07-22,Fresno,019,978130,263717,257571,28797,286368,2792
2022-07-22,Glenn,021,27897,5354,5311,1780,7091,48
2022-07-22,Humboldt,023,135768,20432,20283,4314,24597,150
2022-07-22,Imperial,025,180216,62283,61671,13634,75305,948
2022-07-22,Inyo,027,18085,4387,4366,774,5140,57
2022-07-22,Kern,029,883053,210269,208535,55828,264363,2366
2022-07-22,Kings,031,150075,56429,56103,3841,59944,451
2022-07-22,Lake,033,64148,12043,11957,1077,13034,142
2022-07-22,Lassen,035,31185,9525,9504,953,10457,64
2022-07-22,Los Angeles,037,10098052,3117419,3085376,161193,3246569,32340
2022-07-22,Madera,039,155013,41456,41145,7325,48470,372
2022-07-22,Marin,041,260295,42745,42347,4839,47186,300
2022-07-22,Mariposa,043,17540,2940,2897,306,3203,30
2022-07-22,Mendocino,045,87422,15106,14988,4050,19038,131
2022-07-22,Merced,047,269075,69064,68127,10467,78594,837
2022-07-22,Modoc,049,8938,839,829,307,1136,10
2022-07-22,Mono,051,14174,3157,3141,217,3358,7
2022-07-22,Monterey,053,433212,89761,89067,18540,107607,747
2022-07-22,Napa,055,140530,30642,30495,1329,31824,148
2022-07-22,Nevada,057,99092,18168,18073,1640,19713,131
2022-07-22,Orange,059,3164182,633787,627948,56177,684125,7181
2022-07-22,Placer,061,380077,72398,71870,8973,80843,644
2022-07-22,Plumas,063,18699,3486,3464,424,3888,13
2022-07-22,Riverside,065,2383286,660959,655603,32489,688092,6527
2022-07-22,Sacramento,067,1510023,328781,326216,31888,358104,3136
2022-07-22,San Benito,069,59416,15273,15049,823,15872,100
2022-07-22,San Bernardino,071,2135413,637321,626059,28425,654484,7933
2022-07-22,San Diego,073,3302833,877204,870102,66790,936892,5380
2022-07-22,San Francisco,075,870044,168769,167260,11278,178538,931
2022-07-22,San Joaquin,077,732212,187807,186142,13067,199209,2267
2022-07-22,San Luis Obispo,079,281455,60377,59919,6316,66235,500
2022-07-22,San Mateo,081,765935,159147,157266,9886,167152,724
2022-07-22,Santa Barbara,083,443738,99633,98826,5997,104823,706
2022-07-22,Santa Clara,085,1922200,409384,401495,17609,419104,2381
2022-07-22,Santa Cruz,087,273765,59017,58386,3085,61471,268
2022-07-22,Shasta,089,179085,33416,33185,6888,40073,578
2022-07-22,Sierra,091,2930,293,293,58,351,4
2022-07-22,Siskiyou,093,43540,4912,4938,3132,8070,84
2022-07-22,Solano,095,438530,99686,98016,7269,105285,457
2022-07-22,Sonoma,097,501317,101571,100735,4791,105526,499
2022-07-22,Stanislaus,099,539301,130746,129813,20134,149947,1695
2022-07-22,Sutter,101,95872,22775,22687,2365,25052,228
2022-07-22,Tehama,103,63373,13079,12974,2871,15845,207
2022-07-22,Trinity,105,12862,1340,1330,337,1667,20
2022-07-22,Tulare,107,460477,116226,115548,32315,147863,1513
2022-07-22,Tuolumne,109,53932,14701,14514,860,15374,196
2022-07-22,Ventura,111,848112,197728,196127,13664,209791,1525
2022-07-22,Yolo,113,214977,45422,45141,3832,48973,327
2022-07-22,Yuba,115,75493,17861,17770,1537,19307,124
2022-07-21,Alameda,001,1643700,325866,323165,18158,341323,1933
2022-07-21,Alpine,002,1148,130,130,1,131,0
2022-07-21,Amador,005,37829,9567,9526,831,10357,87
2022-07-21,Butte,007,227075,37295,36994,8363,45357,440
2022-07-21,Calaveras,009,45235,8094,8064,466,8530,128
2022-07-21,Colusa,011,21464,3652,3639,1183,4822,22
2022-07-21,Contra Costa,013,1133247,236829,231714,18866,250580,1363
2022-07-21,Del Norte,015,27424,7101,7128,364,7492,54
2022-07-21,El Dorado,017,186661,30850,30722,3959,34681,222
2022-07-21,Fresno,019,978130,263242,257571,28713,286284,2792
2022-07-21,Glenn,021,27897,5348,5311,1780,7091,48
2022-07-21,Humboldt,023,135768,20401,20283,4291,24574,150
2022-07-21,Imperial,025,180216,62170,61671,13538,75209,948
2022-07-21,Inyo,027,18085,4383,4366,767,5133,57
2022-07-21,Kern,029,883053,209995,208535,55644,264179,2366
2022-07-21,Kings,031,150075,56356,56103,3828,59931,451
2022-07-21,Lake,033,64148,12030,11957,1074,13031,142
2022-07-21,Lassen,035,31185,9522,9504,953,10457,64
2022-07-21,Los Angeles,037,10098052,3111800,3085376,160580,3245956,32340
2022-07-21,Madera,039,155013,41378,41145,7303,48448,372
2022-07-21,Marin,041,260295,42680,42347,4835,47182,300
2022-07-21,Mariposa,043,17540,2936,2897,305,3202,30
2022-07-21,Mendocino,045,87422,15080,14988,4044,19032,131
2022-07-21,Merced,047,269075,68959,68127,10442,78569,837
2022-07-21,Modoc,049,8938,837,829,307,1136,10
2022-07-21,Mono,051,14174,3153,3141,216,3357,7
2022-07-21,Monterey,053,433212,89637,89067,18465,107532,747
2022-07-21,Napa,055,140530,30597,30495,1329,31824,148
2022-07-21,Nevada,057,99092,18149,18073,1634,19707,131
2022-07-21,Orange,059,3164182,632655,627948,55945,683893,7181
2022-07-21,Placer,061,380077,72291,71870,8950,80820,644
2022-07-21,Plumas,063,18699,3485,3464,424,3888,13
2022-07-21,Riverside,065,2383286,659896,655603,32415,688018,6527
2022-07-21,Sacramento,067,1510023,328268,326216,31845,358061,3136
2022-07-21,San Benito,069,59416,15231,15049,820,15869,100
2022-07-21,San Bernardino,071,2135413,636295,626059,28360,654419,7933
2022-07-21,San Diego,073,3302833,875522,870102,66595,936697,5380
2022-07-21,San Francisco,075,870044,168413,167260,11226,178486,931
2022-07-21,San Joaquin,077,732212,187552,186142,13019,199161,2267
2022-07-21,San Luis Obispo,079,281455,60320,59919,6286,66205,500
2022-07-21,San Mateo,081,765935,158845,157266,9871,167137,724
2022-07-21,Santa Barbara,083,443738,99472,98826,5977,104803,706
2022-07-21,Santa Clara,085,1922200,408580,401495,17571,419066,2381
2022-07-21,Santa Cruz,087,273765,58899,58386,3070,61456,268
2022-07-21,Shasta,089,179085,33367,33185,6874,40059,578
2022-07-21,Sierra,091,2930,293,293,58,351,4
2022-07-21,Siskiyou,093,43540,4906,4938,3126,8064,84
2022-07-21,Solano,095,438530,99537,98016,7261,105277,457
2022-07-21,Sonoma,097,501317,101427,100735,4777,105512,499
2022-07-21,Stanislaus,099,539301,130556,129813,20110,149923,1695
2022-07-21,Sutter,101,95872,22748,22687,2363,25050,228
2022-07-21,Tehama,103,63373,13062,12974,2860,15834,207
2022-07-21,Trinity,105,12862,1336,1330,337,1667,20
2022-07-21,Tulare,107,460477,116066,115548,32243,147791,1513
2022-07-21,Tuolumne,109,53932,14668,14514,857,15371,196
2022-07-21,Ventura,111,848112,197402,196127,13574,209701,1525
2022-07-21,Yolo,113,214977,45360,45141,3819,48960,327
2022-07-21,Yuba,115,75493,17832,17770,1534,19304,124
2022-07-20,Alameda,001,1643700,325187,321347,18115,339462,1915
2022-07-20,Alpine,002,1148,130,130,1,131,0
2022-07-20,Amador,005,37829,9549,9478,829,10307,87
2022-07-20,Butte,007,227075,37246,36820,8343,45163,440
2022-07-20,Calaveras,009,45235,8085,8035,465,8500,126
2022-07-20,Colusa,011,21464,3648,3627,1181,4808,22
2022-07-20,Contra Costa,013,1133247,236429,230356,18817,249173,1362
2022-07-20,Del Norte,015,27424,7092,7081,364,7445,54
2022-07-20,El Dorado,017,186661,30819,30628,3949,34577,221
2022-07-20,Fresno,019,978130,262723,256217,28639,284856,2790
2022-07-20,Glenn,021,27897,5344,5287,1777,7064,48
2022-07-20,Humboldt,023,135768,20362,20149,4273,24422,150
2022-07-20,Imperial,025,180216,62025,61170,13443,74613,944
2022-07-20,Inyo,027,18085,4381,4355,762,5117,56
2022-07-20,Kern,029,883053,209700,207603,55454,263057,2366
2022-07-20,Kings,031,150075,56271,55836,3817,59653,449
2022-07-20,Lake,033,64148,12009,11895,1069,12964,142
2022-07-20,Lassen,035,31185,9513,9455,953,10408,64
2022-07-20,Los Angeles,037,10098052,3106188,3068779,159957,3228736,32292
2022-07-20,Madera,039,155013,41306,40902,7283,48185,372
2022-07-20,Marin,041,260295,42600,42153,4828,46981,300
2022-07-20,Mariposa,043,17540,2921,2884,303,3187,30
2022-07-20,Mendocino,045,87422,15065,14890,4032,18922,131
2022-07-20,Merced,047,269075,68859,67775,10418,78193,833
2022-07-20,Modoc,049,8938,836,799,306,1105,9
2022-07-20,Mono,051,14174,3150,3138,213,3351,7
2022-07-20,Monterey,053,433212,89499,88606,18384,106990,747
2022-07-20,Napa,055,140530,30559,30353,1326,31679,145
2022-07-20,Nevada,057,99092,18123,18020,1628,19648,131
2022-07-20,Orange,059,3164182,631380,624998,55702,680700,7173
2022-07-20,Placer,061,380077,72209,71614,8932,80546,639
2022-07-20,Plumas,063,18699,3479,3433,423,3856,13
2022-07-20,Riverside,065,2383286,658795,652192,32317,684509,6510
2022-07-20,Sacramento,067,1510023,327719,324765,31795,356560,3123
2022-07-20,San Benito,069,59416,15199,14966,817,15783,100
2022-07-20,San Bernardino,071,2135413,635249,622760,28296,651056,7921
2022-07-20,San Diego,073,3302833,873692,864434,66411,930845,5375
2022-07-20,San Francisco,075,870044,168083,166241,11208,177449,929
2022-07-20,San Joaquin,077,732212,187264,185319,12962,198281,2262
2022-07-20,San Luis Obispo,079,281455,60250,59727,6257,65984,499
2022-07-20,San Mateo,081,765935,158546,156191,9851,166042,724
2022-07-20,Santa Barbara,083,443738,99292,98322,5950,104272,703
2022-07-20,Santa Clara,085,1922200,407774,398816,17533,416349,2374
2022-07-20,Santa Cruz,087,273765,58785,58004,3057,61061,267
2022-07-20,Shasta,089,179085,33326,33017,6867,39884,576
2022-07-20,Sierra,091,2930,293,292,58,350,4
2022-07-20,Siskiyou,093,43540,4894,4921,3120,8041,84
2022-07-20,Solano,095,438530,99367,97577,7239,104816,459
2022-07-20,Sonoma,097,501317,101239,100304,4764,105068,499
2022-07-20,Stanislaus,099,539301,130389,129200,20066,149266,1695
2022-07-20,Sutter,101,95872,22713,22592,2360,24952,228
2022-07-20,Tehama,103,63373,13046,12923,2856,15779,205
2022-07-20,Trinity,105,12862,1336,1319,336,1655,20
2022-07-20,Tulare,107,460477,115880,115073,32132,147205,1510
2022-07-20,Tuolumne,109,53932,14642,14389,856,15245,196
2022-07-20,Ventura,111,848112,197083,195189,13501,208690,1522
2022-07-20,Yolo,113,214977,45304,44950,3808,48758,325
2022-07-20,Yuba,115,75493,17808,17661,1533,19194,124
2022-07-19,Alameda,001,1643700,324511,321347,18091,339438,1915
2022-07-19,Alpine,002,1148,130,130,1,131,0
2022-07-19,Amador,005,37829,9537,9478,825,10303,87
2022-07-19,Butte,007,227075,37193,36820,8329,45149,440
2022-07-19,Calaveras,009,45235,8075,8035,465,8500,126
2022-07-19,Colusa,011,21464,3645,3627,1177,4804,22
2022-07-19,Contra Costa,013,1133247,235978,230356,18760,249116,1362
2022-07-19,Del Norte,015,27424,7084,7081,363,7444,54
2022-07-19,El Dorado,017,186661,30776,30628,3940,34568,221
2022-07-19,Fresno,019,978130,262113,256217,28548,284765,2790
2022-07-19,Glenn,021,27897,5337,5287,1776,7063,48
2022-07-19,Humboldt,023,135768,20327,20149,4259,24408,150
2022-07-19,Imperial,025,180216,61891,61170,13353,74523,944
2022-07-19,Inyo,027,18085,4379,4355,760,5115,56
2022-07-19,Kern,029,883053,209421,207603,55262,262865,2366
2022-07-19,Kings,031,150075,56168,55836,3798,59634,449
2022-07-19,Lake,033,64148,11988,11895,1061,12956,142
2022-07-19,Lassen,035,31185,9505,9455,953,10408,64
2022-07-19,Los Angeles,037,10098052,3100010,3068779,159251,3228030,32292
2022-07-19,Madera,039,155013,41227,40902,7260,48162,372
2022-07-19,Marin,041,260295,42537,42153,4815,46968,300
2022-07-19,Mariposa,043,17540,2916,2884,302,3186,30
2022-07-19,Mendocino,045,87422,15033,14890,4021,18911,131
2022-07-19,Merced,047,269075,68754,67775,10386,78161,833
2022-07-19,Modoc,049,8938,835,799,306,1105,9
2022-07-19,Mono,051,14174,3146,3138,213,3351,7
2022-07-19,Monterey,053,433212,89348,88606,18304,106910,747
2022-07-19,Napa,055,140530,30503,30353,1322,31675,145
2022-07-19,Nevada,057,99092,18109,18020,1621,19641,131
2022-07-19,Orange,059,3164182,630088,624998,55451,680449,7173
2022-07-19,Placer,061,380077,72121,71614,8915,80529,639
2022-07-19,Plumas,063,18699,3473,3433,421,3854,13
2022-07-19,Riverside,065,2383286,657483,652192,32222,684414,6510
2022-07-19,Sacramento,067,1510023,327087,324765,31753,356518,3123
2022-07-19,San Benito,069,59416,15155,14966,815,15781,100
2022-07-19,San Bernardino,071,2135413,634129,622760,28223,650983,7921
2022-07-19,San Diego,073,3302833,871604,864434,66164,930598,5375
2022-07-19,San Francisco,075,870044,167731,166241,11189,177430,929
2022-07-19,San Joaquin,077,732212,186982,185319,12900,198219,2262
2022-07-19,San Luis Obispo,079,281455,60166,59727,6219,65946,499
2022-07-19,San Mateo,081,765935,158248,156191,9828,166019,724
2022-07-19,Santa Barbara,083,443738,99081,98322,5928,104250,703
2022-07-19,Santa Clara,085,1922200,406823,398816,17481,416297,2374
2022-07-19,Santa Cruz,087,273765,58663,58004,3042,61046,267
2022-07-19,Shasta,089,179085,33294,33017,6853,39870,576
2022-07-19,Sierra,091,2930,293,292,58,350,4
2022-07-19,Siskiyou,093,43540,4889,4921,3113,8034,84
2022-07-19,Solano,095,438530,99141,97577,7212,104789,459
2022-07-19,Sonoma,097,501317,101082,100304,4736,105040,499
2022-07-19,Stanislaus,099,539301,130146,129200,20033,149233,1695
2022-07-19,Sutter,101,95872,22683,22592,2357,24949,228
2022-07-19,Tehama,103,63373,13032,12923,2849,15772,205
2022-07-19,Trinity,105,12862,1333,1319,335,1654,20
2022-07-19,Tulare,107,460477,115694,115073,32025,147098,1510
2022-07-19,Tuolumne,109,53932,14618,14389,847,15236,196
2022-07-19,Ventura,111,848112,196738,195189,13423,208612,1522
2022-07-19,Yolo,113,214977,45244,44950,3798,48748,325
2022-07-19,Yuba,115,75493,17775,17661,1532,19193,124
2022-07-18,Alameda,001,1643700,323769,321347,18059,339406,1915
2022-07-18,Alpine,002,1148,130,130,1,131,0
2022-07-18,Amador,005,37829,9522,9478,825,10303,87
2022-07-18,Butte,007,227075,37123,36820,8316,45136,440
2022-07-18,Calaveras,009,45235,8064,8035,462,8497,126
2022-07-18,Colusa,011,21464,3642,3627,1171,4798,22
2022-07-18,Contra Costa,013,1133247,235513,230356,18689,249045,1362
2022-07-18,Del Norte,015,27424,7073,7081,361,7442,54
2022-07-18,El Dorado,017,186661,30724,30628,3931,34559,221
2022-07-18,Fresno,019,978130,261521,256217,28467,284684,2790
2022-07-18,Glenn,021,27897,5335,5287,1776,7063,48
2022-07-18,Humboldt,023,135768,20286,20149,4239,24388,150
2022-07-18,Imperial,025,180216,61726,61170,13256,74426,944
2022-07-18,Inyo,027,18085,4375,4355,759,5114,56
2022-07-18,Kern,029,883053,209108,207603,55009,262612,2366
2022-07-18,Kings,031,150075,56061,55836,3790,59626,449
2022-07-18,Lake,033,64148,11966,11895,1055,12950,142
2022-07-18,Lassen,035,31185,9501,9455,952,10407,64
2022-07-18,Los Angeles,037,10098052,3093163,3068779,158585,3227364,32292
2022-07-18,Madera,039,155013,41121,40902,7232,48134,372
2022-07-18,Marin,041,260295,42456,42153,4805,46958,300
2022-07-18,Mariposa,043,17540,2908,2884,301,3185,30
2022-07-18,Mendocino,045,87422,15004,14890,4010,18900,131
2022-07-18,Merced,047,269075,68632,67775,10360,78135,833
2022-07-18,Modoc,049,8938,834,799,306,1105,9
2022-07-18,Mono,051,14174,3145,3138,213,3351,7
2022-07-18,Monterey,053,433212,89184,88606,18224,106830,747
2022-07-18,Napa,055,140530,30463,30353,1319,31672,145
2022-07-18,Nevada,057,99092,18095,18020,1609,19629,131
2022-07-18,Orange,059,3164182,628603,624998,55184,680182,7173
2022-07-18,Placer,061,380077,72034,71614,8899,80513,639
2022-07-18,Plumas,063,18699,3464,3433,420,3853,13
2022-07-18,Riverside,065,2383286,656195,652192,32112,684304,6510
2022-07-18,Sacramento,067,1510023,326466,324765,31695,356460,3123
2022-07-18,San Benito,069,59416,15114,14966,810,15776,100
2022-07-18,San Bernardino,071,2135413,632865,622760,28151,650911,7921
2022-07-18,San Diego,073,3302833,869287,864434,65893,930327,5375
2022-07-18,San Francisco,075,870044,167311,166241,11164,177405,929
2022-07-18,San Joaquin,077,732212,186648,185319,12841,198160,2262
2022-07-18,San Luis Obispo,079,281455,60069,59727,6194,65921,499
2022-07-18,San Mateo,081,765935,157873,156191,9808,165999,724
2022-07-18,Santa Barbara,083,443738,98883,98322,5907,104229,703
2022-07-18,Santa Clara,085,1922200,405843,398816,17429,416245,2374
2022-07-18,Santa Cruz,087,273765,58514,58004,3030,61034,267
2022-07-18,Shasta,089,179085,33245,33017,6837,39854,576
2022-07-18,Sierra,091,2930,293,292,58,350,4
2022-07-18,Siskiyou,093,43540,4885,4921,3106,8027,84
2022-07-18,Solano,095,438530,98906,97577,7191,104768,459
2022-07-18,Sonoma,097,501317,100903,100304,4718,105022,499
2022-07-18,Stanislaus,099,539301,129923,129200,19994,149194,1695
2022-07-18,Sutter,101,95872,22649,22592,2357,24949,228
2022-07-18,Tehama,103,63373,13011,12923,2849,15772,205
2022-07-18,Trinity,105,12862,1331,1319,334,1653,20
2022-07-18,Tulare,107,460477,115499,115073,31937,147010,1510
2022-07-18,Tuolumne,109,53932,14582,14389,845,15234,196
2022-07-18,Ventura,111,848112,196355,195189,13350,208539,1522
2022-07-18,Yolo,113,214977,45174,44950,3787,48737,325
2022-07-18,Yuba,115,75493,17740,17661,1523,19184,124
2022-07-17,Alameda,001,1643700,322865,318442,18001,336443,1911
2022-07-17,Alpine,002,1148,130,130,1,131,0
2022-07-17,Amador,005,37829,9513,9437,821,10258,87
2022-07-17,Butte,007,227075,37062,36644,8294,44938,440
2022-07-17,Calaveras,009,45235,8048,7994,452,8446,126
2022-07-17,Colusa,011,21464,3636,3617,1165,4782,22
2022-07-17,Contra Costa,013,1133247,234949,228634,18615,247249,1356
2022-07-17,Del Norte,015,27424,7046,6860,359,7219,54
2022-07-17,El Dorado,017,186661,30676,30461,3917,34378,219
2022-07-17,Fresno,019,978130,260825,254088,28360,282448,2790
2022-07-17,Glenn,021,27897,5329,5273,1774,7047,48
2022-07-17,Humboldt,023,135768,20230,20016,4222,24238,150
2022-07-17,Imperial,025,180216,61531,60550,13111,73661,944
2022-07-17,Inyo,027,18085,4365,4343,755,5098,56
2022-07-17,Kern,029,883053,208608,206466,54778,261244,2364
2022-07-17,Kings,031,150075,55923,55432,3767,59199,449
2022-07-17,Lake,033,64148,11934,11835,1051,12886,141
2022-07-17,Lassen,035,31185,9475,9425,948,10373,64
2022-07-17,Los Angeles,037,10098052,3085844,3042708,157786,3200494,32248
2022-07-17,Madera,039,155013,41011,40627,7187,47814,372
2022-07-17,Marin,041,260295,42358,41829,4798,46627,300
2022-07-17,Mariposa,043,17540,2901,2866,301,3167,30
2022-07-17,Mendocino,045,87422,14964,14799,3992,18791,131
2022-07-17,Merced,047,269075,68496,67416,10320,77736,833
2022-07-17,Modoc,049,8938,831,799,306,1105,9
2022-07-17,Mono,051,14174,3143,3131,209,3340,7
2022-07-17,Monterey,053,433212,88991,88118,18154,106272,747
2022-07-17,Napa,055,140530,30404,30176,1318,31494,145
2022-07-17,Nevada,057,99092,18068,17941,1601,19542,131
2022-07-17,Orange,059,3164182,627021,620414,54904,675318,7161
2022-07-17,Placer,061,380077,71945,71232,8880,80112,637
2022-07-17,Plumas,063,18699,3449,3406,420,3826,13
2022-07-17,Riverside,065,2383286,654728,647328,31996,679324,6508
2022-07-17,Sacramento,067,1510023,325798,322788,31637,354425,3119
2022-07-17,San Benito,069,59416,15088,14869,804,15673,100
2022-07-17,San Bernardino,071,2135413,631431,618482,28042,646524,7914
2022-07-17,San Diego,073,3302833,866910,857262,65690,922952,5370
2022-07-17,San Francisco,075,870044,166846,164853,11120,175973,928
2022-07-17,San Joaquin,077,732212,186271,184187,12761,196948,2262
2022-07-17,San Luis Obispo,079,281455,59950,59437,6155,65592,499
2022-07-17,San Mateo,081,765935,157502,154961,9787,164748,723
2022-07-17,Santa Barbara,083,443738,98614,97600,5880,103480,702
2022-07-17,Santa Clara,085,1922200,404781,395466,17374,412840,2371
2022-07-17,Santa Cruz,087,273765,58317,57531,3012,60543,267
2022-07-17,Shasta,089,179085,33192,32871,6811,39682,575
2022-07-17,Sierra,091,2930,293,291,58,349,4
2022-07-17,Siskiyou,093,43540,4879,4899,3092,7991,83
2022-07-17,Solano,095,438530,98704,96974,7166,104140,457
2022-07-17,Sonoma,097,501317,100709,99679,4700,104379,499
2022-07-17,Stanislaus,099,539301,129656,128436,19957,148393,1692
2022-07-17,Sutter,101,95872,22596,22452,2354,24806,228
2022-07-17,Tehama,103,63373,12987,12860,2841,15701,205
2022-07-17,Trinity,105,12862,1328,1304,332,1636,20
2022-07-17,Tulare,107,460477,115277,114399,31844,146243,1510
2022-07-17,Tuolumne,109,53932,14549,14280,837,15117,196
2022-07-17,Ventura,111,848112,195897,193965,13233,207198,1519
2022-07-17,Yolo,113,214977,45098,44703,3770,48473,324
2022-07-17,Yuba,115,75493,17700,17567,1513,19080,124
2022-07-16,Alameda,001,1643700,322447,318442,17983,336425,1911
2022-07-16,Alpine,002,1148,130,130,1,131,0
2022-07-16,Amador,005,37829,9505,9437,821,10258,87
2022-07-16,Butte,007,227075,37041,36644,8279,44923,440
2022-07-16,Calaveras,009,45235,8043,7994,446,8440,126
2022-07-16,Colusa,011,21464,3632,3617,1161,4778,22
2022-07-16,Contra Costa,013,1133247,234640,228634,18562,247196,1356
2022-07-16,Del Norte,015,27424,7035,6860,359,7219,54
2022-07-16,El Dorado,017,186661,30655,30461,3915,34376,219
2022-07-16,Fresno,019,978130,260535,254088,28317,282405,2790
2022-07-16,Glenn,021,27897,5324,5273,1771,7044,48
2022-07-16,Humboldt,023,135768,20199,20016,4210,24226,150
2022-07-16,Imperial,025,180216,61446,60550,13067,73617,944
2022-07-16,Inyo,027,18085,4364,4343,754,5097,56
2022-07-16,Kern,029,883053,208436,206466,54610,261076,2364
2022-07-16,Kings,031,150075,55883,55432,3763,59195,449
2022-07-16,Lake,033,64148,11918,11835,1051,12886,141
2022-07-16,Lassen,035,31185,9473,9425,947,10372,64
2022-07-16,Los Angeles,037,10098052,3082368,3042708,157308,3200016,32248
2022-07-16,Madera,039,155013,40968,40627,7174,47801,372
2022-07-16,Marin,041,260295,42322,41829,4791,46620,300
2022-07-16,Mariposa,043,17540,2899,2866,301,3167,30
2022-07-16,Mendocino,045,87422,14956,14799,3989,18788,131
2022-07-16,Merced,047,269075,68407,67416,10309,77725,833
2022-07-16,Modoc,049,8938,831,799,306,1105,9
2022-07-16,Mono,051,14174,3142,3131,208,3339,7
2022-07-16,Monterey,053,433212,88897,88118,18112,106230,747
2022-07-16,Napa,055,140530,30375,30176,1316,31492,145
2022-07-16,Nevada,057,99092,18054,17941,1594,19535,131
2022-07-16,Orange,059,3164182,626294,620414,54746,675160,7161
2022-07-16,Placer,061,380077,71860,71232,8864,80096,637
2022-07-16,Plumas,063,18699,3445,3406,419,3825,13
2022-07-16,Riverside,065,2383286,653939,647328,31945,679273,6508
2022-07-16,Sacramento,067,1510023,325525,322788,31622,354410,3119
2022-07-16,San Benito,069,59416,15071,14869,800,15669,100
2022-07-16,San Bernardino,071,2135413,630685,618482,27980,646462,7914
2022-07-16,San Diego,073,3302833,865999,857262,65605,922867,5370
2022-07-16,San Francisco,075,870044,166662,164853,11104,175957,928
2022-07-16,San Joaquin,077,732212,186112,184187,12731,196918,2262
2022-07-16,San Luis Obispo,079,281455,59922,59437,6135,65572,499
2022-07-16,San Mateo,081,765935,157260,154961,9777,164738,723
2022-07-16,Santa Barbara,083,443738,98498,97600,5860,103460,702
2022-07-16,Santa Clara,085,1922200,404111,395466,17348,412814,2371
2022-07-16,Santa Cruz,087,273765,58245,57531,3007,60538,267
2022-07-16,Shasta,089,179085,33172,32871,6807,39678,575
2022-07-16,Sierra,091,2930,293,291,58,349,4
2022-07-16,Siskiyou,093,43540,4878,4899,3087,7986,83
2022-07-16,Solano,095,438530,98629,96974,7149,104123,457
2022-07-16,Sonoma,097,501317,100621,99679,4689,104368,499
2022-07-16,Stanislaus,099,539301,129525,128436,19923,148359,1692
2022-07-16,Sutter,101,95872,22573,22452,2353,24805,228
2022-07-16,Tehama,103,63373,12978,12860,2836,15696,205
2022-07-16,Trinity,105,12862,1326,1304,332,1636,20
2022-07-16,Tulare,107,460477,115170,114399,31784,146183,1510
2022-07-16,Tuolumne,109,53932,14525,14280,837,15117,196
2022-07-16,Ventura,111,848112,195671,193965,13192,207157,1519
2022-07-16,Yolo,113,214977,45052,44703,3757,48460,324
2022-07-16,Yuba,115,75493,17676,17567,1513,19080,124
2022-07-15,Alameda,001,1643700,321984,318442,17948,336390,1911
2022-07-15,Alpine,002,1148,130,130,1,131,0
2022-07-15,Amador,005,37829,9502,9437,820,10257,87
2022-07-15,Butte,007,227075,37002,36644,8274,44918,440
2022-07-15,Calaveras,009,45235,8037,7994,442,8436,126
2022-07-15,Colusa,011,21464,3630,3617,1159,4776,22
2022-07-15,Contra Costa,013,1133247,234364,228634,18511,247145,1356
2022-07-15,Del Norte,015,27424,7024,6860,356,7216,54
2022-07-15,El Dorado,017,186661,30627,30461,3912,34373,219
2022-07-15,Fresno,019,978130,260138,254088,28252,282340,2790
2022-07-15,Glenn,021,27897,5321,5273,1768,7041,48
2022-07-15,Humboldt,023,135768,20175,20016,4198,24214,150
2022-07-15,Imperial,025,180216,61373,60550,13025,73575,944
2022-07-15,Inyo,027,18085,4359,4343,749,5092,56
2022-07-15,Kern,029,883053,208220,206466,54439,260905,2364
2022-07-15,Kings,031,150075,55819,55432,3756,59188,449
2022-07-15,Lake,033,64148,11906,11835,1048,12883,141
2022-07-15,Lassen,035,31185,9471,9425,945,10370,64
2022-07-15,Los Angeles,037,10098052,3078173,3042708,156790,3199498,32248
2022-07-15,Madera,039,155013,40905,40627,7155,47782,372
2022-07-15,Marin,041,260295,42262,41829,4780,46609,300
2022-07-15,Mariposa,043,17540,2896,2866,300,3166,30
2022-07-15,Mendocino,045,87422,14932,14799,3984,18783,131
2022-07-15,Merced,047,269075,68343,67416,10297,77713,833
2022-07-15,Modoc,049,8938,830,799,306,1105,9
2022-07-15,Mono,051,14174,3140,3131,207,3338,7
2022-07-15,Monterey,053,433212,88783,88118,18085,106203,747
2022-07-15,Napa,055,140530,30343,30176,1315,31491,145
2022-07-15,Nevada,057,99092,18042,17941,1592,19533,131
2022-07-15,Orange,059,3164182,625451,620414,54570,674984,7161
2022-07-15,Placer,061,380077,71787,71232,8838,80070,637
2022-07-15,Plumas,063,18699,3438,3406,417,3823,13
2022-07-15,Riverside,065,2383286,653113,647328,31883,679211,6508
2022-07-15,Sacramento,067,1510023,325155,322788,31594,354382,3119
2022-07-15,San Benito,069,59416,15056,14869,800,15669,100
2022-07-15,San Bernardino,071,2135413,629935,618482,27939,646421,7914
2022-07-15,San Diego,073,3302833,864726,857262,65440,922702,5370
2022-07-15,San Francisco,075,870044,166408,164853,11064,175917,928
2022-07-15,San Joaquin,077,732212,185933,184187,12686,196873,2262
2022-07-15,San Luis Obispo,079,281455,59890,59437,6123,65560,499
2022-07-15,San Mateo,081,765935,157022,154961,9760,164721,723
2022-07-15,Santa Barbara,083,443738,98369,97600,5853,103453,702
2022-07-15,Santa Clara,085,1922200,403427,395466,17319,412785,2371
2022-07-15,Santa Cruz,087,273765,58155,57531,2995,60526,267
2022-07-15,Shasta,089,179085,33149,32871,6800,39671,575
2022-07-15,Sierra,091,2930,293,291,58,349,4
2022-07-15,Siskiyou,093,43540,4878,4899,3085,7984,83
2022-07-15,Solano,095,438530,98480,96974,7137,104111,457
2022-07-15,Sonoma,097,501317,100499,99679,4680,104359,499
2022-07-15,Stanislaus,099,539301,129402,128436,19902,148338,1692
2022-07-15,Sutter,101,95872,22546,22452,2352,24804,228
2022-07-15,Tehama,103,63373,12971,12860,2828,15688,205
2022-07-15,Trinity,105,12862,1322,1304,332,1636,20
2022-07-15,Tulare,107,460477,115019,114399,31699,146098,1510
2022-07-15,Tuolumne,109,53932,14482,14280,834,15114,196
2022-07-15,Ventura,111,848112,195445,193965,13153,207118,1519
2022-07-15,Yolo,113,214977,45006,44703,3746,48449,324
2022-07-15,Yuba,115,75493,17650,17567,1513,19080,124
2022-07-14,Alameda,001,1643700,321218,318442,17886,336328,1911
2022-07-14,Alpine,002,1148,130,130,1,131,0
2022-07-14,Amador,005,37829,9489,9437,814,10251,87
2022-07-14,Butte,007,227075,36962,36644,8268,44912,440
2022-07-14,Calaveras,009,45235,8030,7994,438,8432,126
2022-07-14,Colusa,011,21464,3630,3617,1157,4774,22
2022-07-14,Contra Costa,013,1133247,233920,228634,18424,247058,1356
2022-07-14,Del Norte,015,27424,7002,6860,354,7214,54
2022-07-14,El Dorado,017,186661,30591,30461,3903,34364,219
2022-07-14,Fresno,019,978130,259600,254088,28156,282244,2790
2022-07-14,Glenn,021,27897,5312,5273,1765,7038,48
2022-07-14,Humboldt,023,135768,20135,20016,4183,24199,150
2022-07-14,Imperial,025,180216,61193,60550,12910,73460,944
2022-07-14,Inyo,027,18085,4357,4343,744,5087,56
2022-07-14,Kern,029,883053,207891,206466,54240,260706,2364
2022-07-14,Kings,031,150075,55724,55432,3745,59177,449
2022-07-14,Lake,033,64148,11890,11835,1046,12881,141
2022-07-14,Lassen,035,31185,9466,9425,944,10369,64
2022-07-14,Los Angeles,037,10098052,3071980,3042708,156074,3198782,32248
2022-07-14,Madera,039,155013,40831,40627,7097,47724,372
2022-07-14,Marin,041,260295,42171,41829,4774,46603,300
2022-07-14,Mariposa,043,17540,2890,2866,295,3161,30
2022-07-14,Mendocino,045,87422,14918,14799,3978,18777,131
2022-07-14,Merced,047,269075,68250,67416,10270,77686,833
2022-07-14,Modoc,049,8938,830,799,306,1105,9
2022-07-14,Mono,051,14174,3139,3131,207,3338,7
2022-07-14,Monterey,053,433212,88666,88118,18007,106125,747
2022-07-14,Napa,055,140530,30299,30176,1311,31487,145
2022-07-14,Nevada,057,99092,18017,17941,1583,19524,131
2022-07-14,Orange,059,3164182,624180,620414,54333,674747,7161
2022-07-14,Placer,061,380077,71677,71232,8817,80049,637
2022-07-14,Plumas,063,18699,3429,3406,416,3822,13
2022-07-14,Riverside,065,2383286,651878,647328,31809,679137,6508
2022-07-14,Sacramento,067,1510023,324603,322788,31547,354335,3119
2022-07-14,San Benito,069,59416,15026,14869,796,15665,100
2022-07-14,San Bernardino,071,2135413,628775,618482,27861,646343,7914
2022-07-14,San Diego,073,3302833,862848,857262,65210,922472,5370
2022-07-14,San Francisco,075,870044,166064,164853,11017,175870,928
2022-07-14,San Joaquin,077,732212,185619,184187,12644,196831,2262
2022-07-14,San Luis Obispo,079,281455,59803,59437,6077,65514,499
2022-07-14,San Mateo,081,765935,156731,154961,9739,164700,723
2022-07-14,Santa Barbara,083,443738,98190,97600,5841,103441,702
2022-07-14,Santa Clara,085,1922200,402569,395466,17276,412742,2371
2022-07-14,Santa Cruz,087,273765,58063,57531,2981,60512,267
2022-07-14,Shasta,089,179085,33101,32871,6788,39659,575
2022-07-14,Sierra,091,2930,293,291,58,349,4
2022-07-14,Siskiyou,093,43540,4871,4899,3077,7976,83
2022-07-14,Solano,095,438530,98297,96974,7124,104098,457
2022-07-14,Sonoma,097,501317,100365,99679,4657,104336,499
2022-07-14,Stanislaus,099,539301,129195,128436,19868,148304,1692
2022-07-14,Sutter,101,95872,22520,22452,2351,24803,228
2022-07-14,Tehama,103,63373,12948,12860,2823,15683,205
2022-07-14,Trinity,105,12862,1322,1304,328,1632,20
2022-07-14,Tulare,107,460477,114890,114399,31600,145999,1510
2022-07-14,Tuolumne,109,53932,14442,14280,830,15110,196
2022-07-14,Ventura,111,848112,195096,193965,13079,207044,1519
2022-07-14,Yolo,113,214977,44942,44703,3731,48434,324
2022-07-14,Yuba,115,75493,17618,17567,1504,19071,124
2022-07-13,Alameda,001,1643700,320512,316026,17847,333873,1911
2022-07-13,Alpine,002,1148,130,129,1,130,0
2022-07-13,Amador,005,37829,9478,9388,813,10201,87
2022-07-13,Butte,007,227075,36905,36405,8254,44659,439
2022-07-13,Calaveras,009,45235,8017,7945,437,8382,125
2022-07-13,Colusa,011,21464,3625,3606,1157,4763,22
2022-07-13,Contra Costa,013,1133247,233437,226833,18339,245172,1356
2022-07-13,Del Norte,015,27424,6983,6790,354,7144,54
2022-07-13,El Dorado,017,186661,30542,30273,3897,34170,218
2022-07-13,Fresno,019,978130,259042,252573,28042,280615,2786
2022-07-13,Glenn,021,27897,5308,5256,1764,7020,48
2022-07-13,Humboldt,023,135768,20101,19854,4168,24022,150
2022-07-13,Imperial,025,180216,61039,60011,12828,72839,944
2022-07-13,Inyo,027,18085,4356,4324,739,5063,56
2022-07-13,Kern,029,883053,207480,205428,54002,259430,2359
2022-07-13,Kings,031,150075,55613,55138,3736,58874,449
2022-07-13,Lake,033,64148,11872,11773,1045,12818,140
2022-07-13,Lassen,035,31185,9444,9381,943,10324,64
2022-07-13,Los Angeles,037,10098052,3065297,3024953,155369,3180322,32206
2022-07-13,Madera,039,155013,40765,40378,7069,47447,372
2022-07-13,Marin,041,260295,42104,41616,4766,46382,300
2022-07-13,Mariposa,043,17540,2885,2847,294,3141,30
2022-07-13,Mendocino,045,87422,14898,14713,3961,18674,128
2022-07-13,Merced,047,269075,68116,67028,10239,77267,832
2022-07-13,Modoc,049,8938,829,791,305,1096,9
2022-07-13,Mono,051,14174,3138,3131,203,3334,7
2022-07-13,Monterey,053,433212,88521,87575,17930,105505,745
2022-07-13,Napa,055,140530,30260,30032,1309,31341,145
2022-07-13,Nevada,057,99092,17999,17849,1575,19424,131
2022-07-13,Orange,059,3164182,622798,616278,54083,670361,7147
2022-07-13,Placer,061,380077,71569,70890,8803,79693,637
2022-07-13,Plumas,063,18699,3421,3354,415,3769,13
2022-07-13,Riverside,065,2383286,650667,643472,31712,675184,6504
2022-07-13,Sacramento,067,1510023,324072,321076,31501,352577,3114
2022-07-13,San Benito,069,59416,14999,14774,790,15564,100
2022-07-13,San Bernardino,071,2135413,627587,614957,27764,642721,7907
2022-07-13,San Diego,073,3302833,860944,851596,64977,916573,5363
2022-07-13,San Francisco,075,870044,165658,163635,10989,174624,919
2022-07-13,San Joaquin,077,732212,185290,183283,12600,195883,2260
2022-07-13,San Luis Obispo,079,281455,59697,59134,6029,65163,498
2022-07-13,San Mateo,081,765935,156388,153875,9722,163597,723
2022-07-13,Santa Barbara,083,443738,98010,97053,5828,102881,699
2022-07-13,Santa Clara,085,1922200,401677,392415,17236,409651,2365
2022-07-13,Santa Cruz,087,273765,57927,57124,2974,60098,267
2022-07-13,Shasta,089,179085,33044,32708,6773,39481,574
2022-07-13,Sierra,091,2930,293,289,58,347,4
2022-07-13,Siskiyou,093,43540,4866,4873,3075,7948,82
2022-07-13,Solano,095,438530,98090,96479,7098,103577,455
2022-07-13,Sonoma,097,501317,100207,99173,4640,103813,499
2022-07-13,Stanislaus,099,539301,128998,127845,19810,147655,1689
2022-07-13,Sutter,101,95872,22473,22331,2349,24680,228
2022-07-13,Tehama,103,63373,12935,12793,2820,15613,205
2022-07-13,Trinity,105,12862,1321,1293,326,1619,20
2022-07-13,Tulare,107,460477,114696,113830,31506,145336,1508
2022-07-13,Tuolumne,109,53932,14417,14159,825,14984,194
2022-07-13,Ventura,111,848112,194759,192923,12996,205919,1518
2022-07-13,Yolo,113,214977,44881,44447,3721,48168,326
2022-07-13,Yuba,115,75493,17591,17464,1496,18960,124
2022-07-12,Alameda,001,1643700,319736,316026,17802,333828,1911
2022-07-12,Alpine,002,1148,130,129,1,130,0
2022-07-12,Amador,005,37829,9445,9388,806,10194,87
2022-07-12,Butte,007,227075,36848,36405,8235,44640,439
2022-07-12,Calaveras,009,45235,8002,7945,435,8380,125
2022-07-12,Colusa,011,21464,3623,3606,1154,4760,22
2022-07-12,Contra Costa,013,1133247,232932,226833,18263,245096,1356
2022-07-12,Del Norte,015,27424,6936,6790,351,7141,54
2022-07-12,El Dorado,017,186661,30502,30273,3891,34164,218
2022-07-12,Fresno,019,978130,258494,252573,27951,280524,2786
2022-07-12,Glenn,021,27897,5304,5256,1760,7016,48
2022-07-12,Humboldt,023,135768,20051,19854,4151,24005,150
2022-07-12,Imperial,025,180216,60863,60011,12728,72739,944
2022-07-12,Inyo,027,18085,4348,4324,739,5063,56
2022-07-12,Kern,029,883053,207150,205428,53789,259217,2359
2022-07-12,Kings,031,150075,55503,55138,3726,58864,449
2022-07-12,Lake,033,64148,11860,11773,1040,12813,140
2022-07-12,Lassen,035,31185,9430,9381,937,10318,64
2022-07-12,Los Angeles,037,10098052,3058481,3024953,154670,3179623,32206
2022-07-12,Madera,039,155013,40679,40378,7054,47432,372
2022-07-12,Marin,041,260295,42029,41616,4757,46373,300
2022-07-12,Mariposa,043,17540,2874,2847,294,3141,30
2022-07-12,Mendocino,045,87422,14858,14713,3937,18650,128
2022-07-12,Merced,047,269075,68005,67028,10207,77235,832
2022-07-12,Modoc,049,8938,827,791,302,1093,9
2022-07-12,Mono,051,14174,3135,3131,203,3334,7
2022-07-12,Monterey,053,433212,88368,87575,17842,105417,745
2022-07-12,Napa,055,140530,30206,30032,1306,31338,145
2022-07-12,Nevada,057,99092,17977,17849,1568,19417,131
2022-07-12,Orange,059,3164182,621387,616278,53821,670099,7147
2022-07-12,Placer,061,380077,71459,70890,8788,79678,637
2022-07-12,Plumas,063,18699,3415,3354,414,3768,13
2022-07-12,Riverside,065,2383286,649386,643472,31617,675089,6504
2022-07-12,Sacramento,067,1510023,323472,321076,31454,352530,3114
2022-07-12,San Benito,069,59416,14953,14774,784,15558,100
2022-07-12,San Bernardino,071,2135413,626254,614957,27676,642633,7907
2022-07-12,San Diego,073,3302833,858585,851596,64743,916339,5363
2022-07-12,San Francisco,075,870044,165249,163635,10965,174600,919
2022-07-12,San Joaquin,077,732212,184977,183283,12542,195825,2260
2022-07-12,San Luis Obispo,079,281455,59618,59134,5999,65133,498
2022-07-12,San Mateo,081,765935,155988,153875,9703,163578,723
2022-07-12,Santa Barbara,083,443738,97795,97053,5811,102864,699
2022-07-12,Santa Clara,085,1922200,400716,392415,17194,409609,2365
2022-07-12,Santa Cruz,087,273765,57790,57124,2965,60089,267
2022-07-12,Shasta,089,179085,32981,32708,6754,39462,574
2022-07-12,Sierra,091,2930,292,289,58,347,4
2022-07-12,Siskiyou,093,43540,4857,4873,3073,7946,82
2022-07-12,Solano,095,438530,97874,96479,7073,103552,455
2022-07-12,Sonoma,097,501317,100044,99173,4612,103785,499
2022-07-12,Stanislaus,099,539301,128752,127845,19770,147615,1689
2022-07-12,Sutter,101,95872,22439,22331,2347,24678,228
2022-07-12,Tehama,103,63373,12915,12793,2813,15606,205
2022-07-12,Trinity,105,12862,1313,1293,326,1619,20
2022-07-12,Tulare,107,460477,114502,113830,31406,145236,1508
2022-07-12,Tuolumne,109,53932,14383,14159,821,14980,194
2022-07-12,Ventura,111,848112,194427,192923,12896,205819,1518
2022-07-12,Yolo,113,214977,44811,44447,3713,48160,326
2022-07-12,Yuba,115,75493,17563,17464,1483,18947,124
2022-07-11,Alameda,001,1643700,318815,316026,17741,333767,1911
2022-07-11,Alpine,002,1148,130,129,1,130,0
2022-07-11,Amador,005,37829,9437,9388,800,10188,87
2022-07-11,Butte,007,227075,36789,36405,8216,44621,439
2022-07-11,Calaveras,009,45235,7986,7945,433,8378,125
2022-07-11,Colusa,011,21464,3619,3606,1151,4757,22
2022-07-11,Contra Costa,013,1133247,232454,226833,18203,245036,1356
2022-07-11,Del Norte,015,27424,6905,6790,341,7131,54
2022-07-11,El Dorado,017,186661,30445,30273,3880,34153,218
2022-07-11,Fresno,019,978130,257820,252573,27868,280441,2786
2022-07-11,Glenn,021,27897,5301,5256,1758,7014,48
2022-07-11,Humboldt,023,135768,19992,19854,4132,23986,150
2022-07-11,Imperial,025,180216,60704,60011,12617,72628,944
2022-07-11,Inyo,027,18085,4345,4324,735,5059,56
2022-07-11,Kern,029,883053,206812,205428,53587,259015,2359
2022-07-11,Kings,031,150075,55353,55138,3717,58855,449
2022-07-11,Lake,033,64148,11834,11773,1038,12811,140
2022-07-11,Lassen,035,31185,9423,9381,937,10318,64
2022-07-11,Los Angeles,037,10098052,3051329,3024953,153876,3178829,32206
2022-07-11,Madera,039,155013,40592,40378,7009,47387,372
2022-07-11,Marin,041,260295,41940,41616,4748,46364,300
2022-07-11,Mariposa,043,17540,2866,2847,292,3139,30
2022-07-11,Mendocino,045,87422,14819,14713,3923,18636,128
2022-07-11,Merced,047,269075,67879,67028,10172,77200,832
2022-07-11,Modoc,049,8938,821,791,300,1091,9
2022-07-11,Mono,051,14174,3135,3131,202,3333,7
2022-07-11,Monterey,053,433212,88199,87575,17776,105351,745
2022-07-11,Napa,055,140530,30145,30032,1306,31338,145
2022-07-11,Nevada,057,99092,17960,17849,1566,19415,131
2022-07-11,Orange,059,3164182,619810,616278,53557,669835,7147
2022-07-11,Placer,061,380077,71350,70890,8772,79662,637
2022-07-11,Plumas,063,18699,3404,3354,412,3766,13
2022-07-11,Riverside,065,2383286,647949,643472,31532,675004,6504
2022-07-11,Sacramento,067,1510023,322925,321076,31403,352479,3114
2022-07-11,San Benito,069,59416,14915,14774,781,15555,100
2022-07-11,San Bernardino,071,2135413,624868,614957,27585,642542,7907
2022-07-11,San Diego,073,3302833,856209,851596,64498,916094,5363
2022-07-11,San Francisco,075,870044,164821,163635,10937,174572,919
2022-07-11,San Joaquin,077,732212,184595,183283,12495,195778,2260
2022-07-11,San Luis Obispo,079,281455,59509,59134,5967,65101,498
2022-07-11,San Mateo,081,765935,155584,153875,9670,163545,723
2022-07-11,Santa Barbara,083,443738,97586,97053,5798,102851,699
2022-07-11,Santa Clara,085,1922200,399649,392415,17136,409551,2365
2022-07-11,Santa Cruz,087,273765,57640,57124,2951,60075,267
2022-07-11,Shasta,089,179085,32925,32708,6724,39432,574
2022-07-11,Sierra,091,2930,292,289,58,347,4
2022-07-11,Siskiyou,093,43540,4851,4873,3066,7939,82
2022-07-11,Solano,095,438530,97660,96479,7055,103534,455
2022-07-11,Sonoma,097,501317,99850,99173,4592,103765,499
2022-07-11,Stanislaus,099,539301,128528,127845,19731,147576,1689
2022-07-11,Sutter,101,95872,22396,22331,2340,24671,228
2022-07-11,Tehama,103,63373,12901,12793,2806,15599,205
2022-07-11,Trinity,105,12862,1311,1293,325,1618,20
2022-07-11,Tulare,107,460477,114314,113830,31301,145131,1508
2022-07-11,Tuolumne,109,53932,14343,14159,819,14978,194
2022-07-11,Ventura,111,848112,194031,192923,12808,205731,1518
2022-07-11,Yolo,113,214977,44744,44447,3698,48145,326
2022-07-11,Yuba,115,75493,17527,17464,1480,18944,124
2022-07-10,Alameda,001,1643700,317814,312651,17663,330314,1912
2022-07-10,Alpine,002,1148,130,129,1,130,0
2022-07-10,Amador,005,37829,9427,9335,797,10132,87
2022-07-10,Butte,007,227075,36689,36165,8194,44359,438
2022-07-10,Calaveras,009,45235,7977,7895,432,8327,125
2022-07-10,Colusa,011,21464,3615,3586,1143,4729,22
2022-07-10,Contra Costa,013,1133247,231843,224718,18108,242826,1351
2022-07-10,Del Norte,015,27424,6865,6666,335,7001,54
2022-07-10,El Dorado,017,186661,30360,30070,3872,33942,218
2022-07-10,Fresno,019,978130,257144,250379,27775,278154,2786
2022-07-10,Glenn,021,27897,5296,5231,1754,6985,48
2022-07-10,Humboldt,023,135768,19933,19677,4118,23795,149
2022-07-10,Imperial,025,180216,60479,59558,12478,72036,944
2022-07-10,Inyo,027,18085,4340,4297,729,5026,56
2022-07-10,Kern,029,883053,206295,204128,53341,257469,2359
2022-07-10,Kings,031,150075,55179,54725,3711,58436,449
2022-07-10,Lake,033,64148,11809,11685,1035,12720,140
2022-07-10,Lassen,035,31185,9408,9362,935,10297,64
2022-07-10,Los Angeles,037,10098052,3044017,3002013,153054,3155067,32151
2022-07-10,Madera,039,155013,40484,40081,6975,47056,372
2022-07-10,Marin,041,260295,41843,41271,4739,46010,302
2022-07-10,Mariposa,043,17540,2859,2805,288,3093,30
2022-07-10,Mendocino,045,87422,14789,14610,3906,18516,128
2022-07-10,Merced,047,269075,67722,66616,10115,76731,832
2022-07-10,Modoc,049,8938,820,789,292,1081,9
2022-07-10,Mono,051,14174,3134,3119,200,3319,7
2022-07-10,Monterey,053,433212,88006,87002,17699,104701,745
2022-07-10,Napa,055,140530,30082,29807,1304,31111,145
2022-07-10,Nevada,057,99092,17899,17693,1557,19250,131
2022-07-10,Orange,059,3164182,618107,610975,53227,664202,7132
2022-07-10,Placer,061,380077,71233,70401,8753,79154,632
2022-07-10,Plumas,063,18699,3391,3339,408,3747,13
2022-07-10,Riverside,065,2383286,646353,638193,31400,669593,6506
2022-07-10,Sacramento,067,1510023,322220,318556,31323,349879,3108
2022-07-10,San Benito,069,59416,14879,14628,770,15398,100
2022-07-10,San Bernardino,071,2135413,623402,610086,27504,637590,7893
2022-07-10,San Diego,073,3302833,853716,844085,64227,908312,5357
2022-07-10,San Francisco,075,870044,164270,161931,10864,172795,914
2022-07-10,San Joaquin,077,732212,184218,181958,12434,194392,2257
2022-07-10,San Luis Obispo,079,281455,59387,58636,5928,64564,498
2022-07-10,San Mateo,081,765935,155114,152319,9643,161962,723
2022-07-10,Santa Barbara,083,443738,97353,96266,5772,102038,697
2022-07-10,Santa Clara,085,1922200,398513,388270,17074,405344,2360
2022-07-10,Santa Cruz,087,273765,57449,56455,2934,59389,266
2022-07-10,Shasta,089,179085,32858,32536,6700,39236,576
2022-07-10,Sierra,091,2930,290,291,58,349,4
2022-07-10,Siskiyou,093,43540,4848,4855,3053,7908,82
2022-07-10,Solano,095,438530,97407,95651,7022,102673,455
2022-07-10,Sonoma,097,501317,99647,98430,4560,102990,496
2022-07-10,Stanislaus,099,539301,128288,126897,19684,146581,1686
2022-07-10,Sutter,101,95872,22347,22165,2339,24504,228
2022-07-10,Tehama,103,63373,12874,12716,2793,15509,205
2022-07-10,Trinity,105,12862,1305,1272,323,1595,20
2022-07-10,Tulare,107,460477,114057,113002,31205,144207,1508
2022-07-10,Tuolumne,109,53932,14306,14019,811,14830,194
2022-07-10,Ventura,111,848112,193556,191462,12704,204166,1518
2022-07-10,Yolo,113,214977,44666,44152,3683,47835,323
2022-07-10,Yuba,115,75493,17488,17345,1478,18823,125
2022-07-09,Alameda,001,1643700,317325,312651,17639,330290,1912
2022-07-09,Alpine,002,1148,130,129,1,130,0
2022-07-09,Amador,005,37829,9419,9335,795,10130,87
2022-07-09,Butte,007,227075,36644,36165,8180,44345,438
2022-07-09,Calaveras,009,45235,7962,7895,431,8326,125
2022-07-09,Colusa,011,21464,3614,3586,1142,4728,22
2022-07-09,Contra Costa,013,1133247,231535,224718,18049,242767,1351
2022-07-09,Del Norte,015,27424,6857,6666,335,7001,54
2022-07-09,El Dorado,017,186661,30317,30070,3867,33937,218
2022-07-09,Fresno,019,978130,256882,250379,27734,278113,2786
2022-07-09,Glenn,021,27897,5289,5231,1754,6985,48
2022-07-09,Humboldt,023,135768,19915,19677,4108,23785,149
2022-07-09,Imperial,025,180216,60400,59558,12425,71983,944
2022-07-09,Inyo,027,18085,4335,4297,728,5025,56
2022-07-09,Kern,029,883053,206113,204128,53198,257326,2359
2022-07-09,Kings,031,150075,55140,54725,3709,58434,449
2022-07-09,Lake,033,64148,11801,11685,1034,12719,140
2022-07-09,Lassen,035,31185,9407,9362,935,10297,64
2022-07-09,Los Angeles,037,10098052,3040512,3002013,152561,3154574,32151
2022-07-09,Madera,039,155013,40444,40081,6967,47048,372
2022-07-09,Marin,041,260295,41787,41271,4728,45999,302
2022-07-09,Mariposa,043,17540,2854,2805,288,3093,30
2022-07-09,Mendocino,045,87422,14774,14610,3896,18506,128
2022-07-09,Merced,047,269075,67670,66616,10110,76726,832
2022-07-09,Modoc,049,8938,820,789,288,1077,9
2022-07-09,Mono,051,14174,3133,3119,200,3319,7
2022-07-09,Monterey,053,433212,87908,87002,17650,104652,745
2022-07-09,Napa,055,140530,30050,29807,1301,31108,145
2022-07-09,Nevada,057,99092,17887,17693,1553,19246,131
2022-07-09,Orange,059,3164182,617244,610975,53030,664005,7132
2022-07-09,Placer,061,380077,71144,70401,8745,79146,632
2022-07-09,Plumas,063,18699,3384,3339,406,3745,13
2022-07-09,Riverside,065,2383286,645454,638193,31345,669538,6506
2022-07-09,Sacramento,067,1510023,321920,318556,31301,349857,3108
2022-07-09,San Benito,069,59416,14859,14628,769,15397,100
2022-07-09,San Bernardino,071,2135413,622683,610086,27453,637539,7893
2022-07-09,San Diego,073,3302833,852808,844085,64139,908224,5357
2022-07-09,San Francisco,075,870044,164040,161931,10843,172774,914
2022-07-09,San Joaquin,077,732212,184050,181958,12405,194363,2257
2022-07-09,San Luis Obispo,079,281455,59330,58636,5909,64545,498
2022-07-09,San Mateo,081,765935,154869,152319,9628,161947,723
2022-07-09,Santa Barbara,083,443738,97220,96266,5762,102028,697
2022-07-09,Santa Clara,085,1922200,397777,388270,17046,405316,2360
2022-07-09,Santa Cruz,087,273765,57372,56455,2925,59380,266
2022-07-09,Shasta,089,179085,32836,32536,6690,39226,576
2022-07-09,Sierra,091,2930,290,291,58,349,4
2022-07-09,Siskiyou,093,43540,4845,4855,3051,7906,82
2022-07-09,Solano,095,438530,97320,95651,7007,102658,455
2022-07-09,Sonoma,097,501317,99562,98430,4554,102984,496
2022-07-09,Stanislaus,099,539301,128125,126897,19653,146550,1686
2022-07-09,Sutter,101,95872,22319,22165,2339,24504,228
2022-07-09,Tehama,103,63373,12858,12716,2784,15500,205
2022-07-09,Trinity,105,12862,1305,1272,322,1594,20
2022-07-09,Tulare,107,460477,113947,113002,31147,144149,1508
2022-07-09,Tuolumne,109,53932,14268,14019,809,14828,194
2022-07-09,Ventura,111,848112,193294,191462,12657,204119,1518
2022-07-09,Yolo,113,214977,44616,44152,3669,47821,323
2022-07-09,Yuba,115,75493,17465,17345,1478,18823,125
2022-07-08,Alameda,001,1643700,316801,312651,17595,330246,1912
2022-07-08,Alpine,002,1148,130,129,1,130,0
2022-07-08,Amador,005,37829,9409,9335,793,10128,87
2022-07-08,Butte,007,227075,36613,36165,8166,44331,438
2022-07-08,Calaveras,009,45235,7947,7895,431,8326,125
2022-07-08,Colusa,011,21464,3610,3586,1142,4728,22
2022-07-08,Contra Costa,013,1133247,231183,224718,18000,242718,1351
2022-07-08,Del Norte,015,27424,6846,6666,333,6999,54
2022-07-08,El Dorado,017,186661,30292,30070,3859,33929,218
2022-07-08,Fresno,019,978130,256513,250379,27681,278060,2786
2022-07-08,Glenn,021,27897,5284,5231,1751,6982,48
2022-07-08,Humboldt,023,135768,19902,19677,4097,23774,149
2022-07-08,Imperial,025,180216,60312,59558,12385,71943,944
2022-07-08,Inyo,027,18085,4334,4297,724,5021,56
2022-07-08,Kern,029,883053,205867,204128,53060,257188,2359
2022-07-08,Kings,031,150075,55099,54725,3708,58433,449
2022-07-08,Lake,033,64148,11784,11685,1031,12716,140
2022-07-08,Lassen,035,31185,9401,9362,934,10296,64
2022-07-08,Los Angeles,037,10098052,3036230,3002013,151980,3153993,32151
2022-07-08,Madera,039,155013,40390,40081,6953,47034,372
2022-07-08,Marin,041,260295,41701,41271,4712,45983,302
2022-07-08,Mariposa,043,17540,2851,2805,287,3092,30
2022-07-08,Mendocino,045,87422,14756,14610,3892,18502,128
2022-07-08,Merced,047,269075,67602,66616,10100,76716,832
2022-07-08,Modoc,049,8938,820,789,288,1077,9
2022-07-08,Mono,051,14174,3131,3119,199,3318,7
2022-07-08,Monterey,053,433212,87780,87002,17620,104622,745
2022-07-08,Napa,055,140530,30026,29807,1300,31107,145
2022-07-08,Nevada,057,99092,17879,17693,1551,19244,131
2022-07-08,Orange,059,3164182,616343,610975,52838,663813,7132
2022-07-08,Placer,061,380077,71069,70401,8731,79132,632
2022-07-08,Plumas,063,18699,3379,3339,406,3745,13
2022-07-08,Riverside,065,2383286,644543,638193,31287,669480,6506
2022-07-08,Sacramento,067,1510023,321480,318556,31273,349829,3108
2022-07-08,San Benito,069,59416,14842,14628,766,15394,100
2022-07-08,San Bernardino,071,2135413,621923,610086,27410,637496,7893
2022-07-08,San Diego,073,3302833,851554,844085,63972,908057,5357
2022-07-08,San Francisco,075,870044,163775,161931,10816,172747,914
2022-07-08,San Joaquin,077,732212,183876,181958,12388,194346,2257
2022-07-08,San Luis Obispo,079,281455,59294,58636,5894,64530,498
2022-07-08,San Mateo,081,765935,154572,152319,9614,161933,723
2022-07-08,Santa Barbara,083,443738,97093,96266,5758,102024,697
2022-07-08,Santa Clara,085,1922200,397005,388270,17024,405294,2360
2022-07-08,Santa Cruz,087,273765,57284,56455,2917,59372,266
2022-07-08,Shasta,089,179085,32806,32536,6682,39218,576
2022-07-08,Sierra,091,2930,290,291,58,349,4
2022-07-08,Siskiyou,093,43540,4843,4855,3048,7903,82
2022-07-08,Solano,095,438530,97201,95651,6993,102644,455
2022-07-08,Sonoma,097,501317,99410,98430,4537,102967,496
2022-07-08,Stanislaus,099,539301,127988,126897,19640,146537,1686
2022-07-08,Sutter,101,95872,22294,22165,2338,24503,228
2022-07-08,Tehama,103,63373,12846,12716,2782,15498,205
2022-07-08,Trinity,105,12862,1303,1272,321,1593,20
2022-07-08,Tulare,107,460477,113827,113002,31079,144081,1508
2022-07-08,Tuolumne,109,53932,14237,14019,803,14822,194
2022-07-08,Ventura,111,848112,193055,191462,12618,204080,1518
2022-07-08,Yolo,113,214977,44563,44152,3657,47809,323
2022-07-08,Yuba,115,75493,17449,17345,1477,18822,125
2022-07-07,Alameda,001,1643700,315994,312651,17545,330196,1912
2022-07-07,Alpine,002,1148,129,129,1,130,0
2022-07-07,Amador,005,37829,9393,9335,786,10121,87
2022-07-07,Butte,007,227075,36549,36165,8146,44311,438
2022-07-07,Calaveras,009,45235,7938,7895,426,8321,125
2022-07-07,Colusa,011,21464,3605,3586,1141,4727,22
2022-07-07,Contra Costa,013,1133247,230635,224718,17924,242642,1351
2022-07-07,Del Norte,015,27424,6820,6666,329,6995,54
2022-07-07,El Dorado,017,186661,30240,30070,3848,33918,218
2022-07-07,Fresno,019,978130,255962,250379,27576,277955,2786
2022-07-07,Glenn,021,27897,5278,5231,1749,6980,48
2022-07-07,Humboldt,023,135768,19857,19677,4081,23758,149
2022-07-07,Imperial,025,180216,60137,59558,12275,71833,944
2022-07-07,Inyo,027,18085,4330,4297,716,5013,56
2022-07-07,Kern,029,883053,205565,204128,52852,256980,2359
2022-07-07,Kings,031,150075,55021,54725,3704,58429,449
2022-07-07,Lake,033,64148,11763,11685,1031,12716,140
2022-07-07,Lassen,035,31185,9400,9362,934,10296,64
2022-07-07,Los Angeles,037,10098052,3029890,3002013,151293,3153306,32151
2022-07-07,Madera,039,155013,40310,40081,6937,47018,372
2022-07-07,Marin,041,260295,41623,41271,4701,45972,302
2022-07-07,Mariposa,043,17540,2844,2805,284,3089,30
2022-07-07,Mendocino,045,87422,14739,14610,3887,18497,128
2022-07-07,Merced,047,269075,67487,66616,10067,76683,832
2022-07-07,Modoc,049,8938,815,789,285,1074,9
2022-07-07,Mono,051,14174,3130,3119,197,3316,7
2022-07-07,Monterey,053,433212,87620,87002,17557,104559,745
2022-07-07,Napa,055,140530,29956,29807,1292,31099,145
2022-07-07,Nevada,057,99092,17849,17693,1546,19239,131
2022-07-07,Orange,059,3164182,614947,610975,52625,663600,7132
2022-07-07,Placer,061,380077,70959,70401,8706,79107,632
2022-07-07,Plumas,063,18699,3372,3339,405,3744,13
2022-07-07,Riverside,065,2383286,643218,638193,31224,669417,6506
2022-07-07,Sacramento,067,1510023,320843,318556,31222,349778,3108
2022-07-07,San Benito,069,59416,14812,14628,766,15394,100
2022-07-07,San Bernardino,071,2135413,620619,610086,27346,637432,7893
2022-07-07,San Diego,073,3302833,849641,844085,63739,907824,5357
2022-07-07,San Francisco,075,870044,163393,161931,10763,172694,914
2022-07-07,San Joaquin,077,732212,183539,181958,12337,194295,2257
2022-07-07,San Luis Obispo,079,281455,59215,58636,5862,64498,498
2022-07-07,San Mateo,081,765935,154223,152319,9605,161924,723
2022-07-07,Santa Barbara,083,443738,96899,96266,5743,102009,697
2022-07-07,Santa Clara,085,1922200,396014,388270,16973,405243,2360
2022-07-07,Santa Cruz,087,273765,57125,56455,2903,59358,266
2022-07-07,Shasta,089,179085,32770,32536,6665,39201,576
2022-07-07,Sierra,091,2930,289,291,57,348,4
2022-07-07,Siskiyou,093,43540,4837,4855,3043,7898,82
2022-07-07,Solano,095,438530,96925,95651,6980,102631,455
2022-07-07,Sonoma,097,501317,99272,98430,4518,102948,496
2022-07-07,Stanislaus,099,539301,127788,126897,19603,146500,1686
2022-07-07,Sutter,101,95872,22248,22165,2336,24501,228
2022-07-07,Tehama,103,63373,12829,12716,2773,15489,205
2022-07-07,Trinity,105,12862,1298,1272,320,1592,20
2022-07-07,Tulare,107,460477,113618,113002,30986,143988,1508
2022-07-07,Tuolumne,109,53932,14200,14019,798,14817,194
2022-07-07,Ventura,111,848112,192735,191462,12537,203999,1518
2022-07-07,Yolo,113,214977,44506,44152,3644,47796,323
2022-07-07,Yuba,115,75493,17415,17345,1475,18820,125
2022-07-06,Alameda,001,1643700,315155,310551,17504,328055,1899
2022-07-06,Alpine,002,1148,129,129,1,130,0
2022-07-06,Amador,005,37829,9373,9301,786,10087,87
2022-07-06,Butte,007,227075,36485,36053,8130,44183,436
2022-07-06,Calaveras,009,45235,7929,7873,424,8297,124
2022-07-06,Colusa,011,21464,3602,3579,1140,4719,22
2022-07-06,Contra Costa,013,1133247,230118,223500,17869,241369,1348
2022-07-06,Del Norte,015,27424,6789,6623,327,6950,54
2022-07-06,El Dorado,017,186661,30195,29953,3836,33789,218
2022-07-06,Fresno,019,978130,255404,249480,27493,276973,2786
2022-07-06,Glenn,021,27897,5273,5222,1749,6971,48
2022-07-06,Humboldt,023,135768,19810,19608,4070,23678,149
2022-07-06,Imperial,025,180216,59937,59184,12188,71372,944
2022-07-06,Inyo,027,18085,4324,4282,710,4992,56
2022-07-06,Kern,029,883053,205242,203587,52632,256219,2353
2022-07-06,Kings,031,150075,54903,54560,3699,58259,449
2022-07-06,Lake,033,64148,11744,11659,1031,12690,140
2022-07-06,Lassen,035,31185,9383,9350,934,10284,64
2022-07-06,Los Angeles,037,10098052,3023433,2991161,150574,3141735,32116
2022-07-06,Madera,039,155013,40239,39952,6915,46867,372
2022-07-06,Marin,041,260295,41555,41036,4691,45727,302
2022-07-06,Mariposa,043,17540,2834,2797,284,3081,30
2022-07-06,Mendocino,045,87422,14711,14540,3875,18415,127
2022-07-06,Merced,047,269075,67365,66420,10044,76464,832
2022-07-06,Modoc,049,8938,809,788,283,1071,8
2022-07-06,Mono,051,14174,3129,3109,197,3306,7
2022-07-06,Monterey,053,433212,87461,86639,17491,104130,744
2022-07-06,Napa,055,140530,29896,29690,1290,30980,144
2022-07-06,Nevada,057,99092,17820,17660,1540,19200,131
2022-07-06,Orange,059,3164182,613420,608084,52400,660484,7125
2022-07-06,Placer,061,380077,70846,70113,8685,78798,632
2022-07-06,Plumas,063,18699,3361,3316,404,3720,13
2022-07-06,Riverside,065,2383286,641857,636209,31152,667361,6505
2022-07-06,Sacramento,067,1510023,320154,317315,31173,348488,3104
2022-07-06,San Benito,069,59416,14770,14556,755,15311,100
2022-07-06,San Bernardino,071,2135413,619365,608119,27270,635389,7870
2022-07-06,San Diego,073,3302833,847516,839970,63482,903452,5349
2022-07-06,San Francisco,075,870044,162971,160612,10730,171342,910
2022-07-06,San Joaquin,077,732212,183224,181448,12307,193755,2256
2022-07-06,San Luis Obispo,079,281455,59103,58488,5823,64311,496
2022-07-06,San Mateo,081,765935,153815,151344,9575,160919,723
2022-07-06,Santa Barbara,083,443738,96708,95918,5722,101640,702
2022-07-06,Santa Clara,085,1922200,394908,385553,16907,402460,2358
2022-07-06,Santa Cruz,087,273765,56983,56307,2884,59191,267
2022-07-06,Shasta,089,179085,32716,32444,6642,39086,570
2022-07-06,Sierra,091,2930,289,290,57,347,4
2022-07-06,Siskiyou,093,43540,4832,4841,3037,7878,82
2022-07-06,Solano,095,438530,96672,95181,6955,102136,455
2022-07-06,Sonoma,097,501317,99090,98031,4500,102531,495
2022-07-06,Stanislaus,099,539301,127565,126492,19572,146064,1682
2022-07-06,Sutter,101,95872,22197,22089,2335,24424,228
2022-07-06,Tehama,103,63373,12818,12680,2767,15447,205
2022-07-06,Trinity,105,12862,1290,1263,316,1579,20
2022-07-06,Tulare,107,460477,113404,112684,30893,143577,1500
2022-07-06,Tuolumne,109,53932,14166,13960,786,14746,189
2022-07-06,Ventura,111,848112,192352,190794,12462,203256,1517
2022-07-06,Yolo,113,214977,44422,43171,3624,46795,324
2022-07-06,Yuba,115,75493,17377,17277,1469,18746,124
2022-07-05,Alameda,001,1643700,314167,310551,17447,327998,1899
2022-07-05,Alpine,002,1148,129,129,1,130,0
2022-07-05,Amador,005,37829,9358,9301,782,10083,87
2022-07-05,Butte,007,227075,36402,36053,8109,44162,436
2022-07-05,Calaveras,009,45235,7918,7873,423,8296,124
2022-07-05,Colusa,011,21464,3597,3579,1138,4717,22
2022-07-05,Contra Costa,013,1133247,229485,223500,17793,241293,1348
2022-07-05,Del Norte,015,27424,6763,6623,322,6945,54
2022-07-05,El Dorado,017,186661,30145,29953,3827,33780,218
2022-07-05,Fresno,019,978130,254801,249480,27406,276886,2786
2022-07-05,Glenn,021,27897,5264,5222,1748,6970,48
2022-07-05,Humboldt,023,135768,19772,19608,4059,23667,149
2022-07-05,Imperial,025,180216,59796,59184,12090,71274,944
2022-07-05,Inyo,027,18085,4310,4282,700,4982,56
2022-07-05,Kern,029,883053,204805,203587,52391,255978,2353
2022-07-05,Kings,031,150075,54772,54560,3685,58245,449
2022-07-05,Lake,033,64148,11721,11659,1028,12687,140
2022-07-05,Lassen,035,31185,9372,9350,934,10284,64
2022-07-05,Los Angeles,037,10098052,3016496,2991161,149815,3140976,32116
2022-07-05,Madera,039,155013,40154,39952,6890,46842,372
2022-07-05,Marin,041,260295,41454,41036,4681,45717,302
2022-07-05,Mariposa,043,17540,2824,2797,281,3078,30
2022-07-05,Mendocino,045,87422,14665,14540,3859,18399,127
2022-07-05,Merced,047,269075,67245,66420,10013,76433,832
2022-07-05,Modoc,049,8938,801,788,283,1071,8
2022-07-05,Mono,051,14174,3126,3109,194,3303,7
2022-07-05,Monterey,053,433212,87297,86639,17439,104078,744
2022-07-05,Napa,055,140530,29843,29690,1285,30975,144
2022-07-05,Nevada,057,99092,17781,17660,1530,19190,131
2022-07-05,Orange,059,3164182,611867,608084,52150,660234,7125
2022-07-05,Placer,061,380077,70740,70113,8664,78777,632
2022-07-05,Plumas,063,18699,3351,3316,403,3719,13
2022-07-05,Riverside,065,2383286,640385,636209,31065,667274,6505
2022-07-05,Sacramento,067,1510023,319502,317315,31102,348417,3104
2022-07-05,San Benito,069,59416,14736,14556,748,15304,100
2022-07-05,San Bernardino,071,2135413,618034,608119,27192,635311,7870
2022-07-05,San Diego,073,3302833,845170,839970,63247,903217,5349
2022-07-05,San Francisco,075,870044,162448,160612,10704,171316,910
2022-07-05,San Joaquin,077,732212,182860,181448,12234,193682,2256
2022-07-05,San Luis Obispo,079,281455,58943,58488,5781,64269,496
2022-07-05,San Mateo,081,765935,153330,151344,9553,160897,723
2022-07-05,Santa Barbara,083,443738,96484,95918,5693,101611,702
2022-07-05,Santa Clara,085,1922200,393742,385553,16844,402397,2358
2022-07-05,Santa Cruz,087,273765,56807,56307,2868,59175,267
2022-07-05,Shasta,089,179085,32674,32444,6618,39062,570
2022-07-05,Sierra,091,2930,289,290,57,347,4
2022-07-05,Siskiyou,093,43540,4828,4841,3025,7866,82
2022-07-05,Solano,095,438530,96381,95181,6931,102112,455
2022-07-05,Sonoma,097,501317,98844,98031,4482,102513,495
2022-07-05,Stanislaus,099,539301,127325,126492,19530,146022,1682
2022-07-05,Sutter,101,95872,22155,22089,2333,24422,228
2022-07-05,Tehama,103,63373,12793,12680,2763,15443,205
2022-07-05,Trinity,105,12862,1281,1263,314,1577,20
2022-07-05,Tulare,107,460477,113166,112684,30812,143496,1500
2022-07-05,Tuolumne,109,53932,14132,13960,779,14739,189
2022-07-05,Ventura,111,848112,191952,190794,12399,203193,1517
2022-07-05,Yolo,113,214977,44336,43171,3614,46785,324
2022-07-05,Yuba,115,75493,17348,17277,1468,18745,124
2022-07-04,Alameda,001,1643700,313014,310551,17363,327914,1899
2022-07-04,Alpine,002,1148,129,129,1,130,0
2022-07-04,Amador,005,37829,9345,9301,781,10082,87
2022-07-04,Butte,007,227075,36292,36053,8091,44144,436
2022-07-04,Calaveras,009,45235,7908,7873,423,8296,124
2022-07-04,Colusa,011,21464,3593,3579,1136,4715,22
2022-07-04,Contra Costa,013,1133247,228771,223500,17692,241192,1348
2022-07-04,Del Norte,015,27424,6730,6623,318,6941,54
2022-07-04,El Dorado,017,186661,30061,29953,3809,33762,218
2022-07-04,Fresno,019,978130,254158,249480,27275,276755,2786
2022-07-04,Glenn,021,27897,5256,5222,1742,6964,48
2022-07-04,Humboldt,023,135768,19701,19608,4045,23653,149
2022-07-04,Imperial,025,180216,59586,59184,11970,71154,944
2022-07-04,Inyo,027,18085,4307,4282,690,4972,56
2022-07-04,Kern,029,883053,204355,203587,52113,255700,2353
2022-07-04,Kings,031,150075,54621,54560,3681,58241,449
2022-07-04,Lake,033,64148,11708,11659,1026,12685,140
2022-07-04,Lassen,035,31185,9364,9350,933,10283,64
2022-07-04,Los Angeles,037,10098052,3008007,2991161,148896,3140057,32116
2022-07-04,Madera,039,155013,40060,39952,6864,46816,372
2022-07-04,Marin,041,260295,41337,41036,4670,45706,302
2022-07-04,Mariposa,043,17540,2814,2797,276,3073,30
2022-07-04,Mendocino,045,87422,14629,14540,3813,18353,127
2022-07-04,Merced,047,269075,67115,66420,9965,76385,832
2022-07-04,Modoc,049,8938,793,788,279,1067,8
2022-07-04,Mono,051,14174,3124,3109,192,3301,7
2022-07-04,Monterey,053,433212,87103,86639,17369,104008,744
2022-07-04,Napa,055,140530,29778,29690,1281,30971,144
2022-07-04,Nevada,057,99092,17739,17660,1522,19182,131
2022-07-04,Orange,059,3164182,610059,608084,51845,659929,7125
2022-07-04,Placer,061,380077,70566,70113,8634,78747,632
2022-07-04,Plumas,063,18699,3333,3316,402,3718,13
2022-07-04,Riverside,065,2383286,638741,636209,30970,667179,6505
2022-07-04,Sacramento,067,1510023,318720,317315,31004,348319,3104
2022-07-04,San Benito,069,59416,14680,14556,743,15299,100
2022-07-04,San Bernardino,071,2135413,616427,608119,27117,635236,7870
2022-07-04,San Diego,073,3302833,842542,839970,62910,902880,5349
2022-07-04,San Francisco,075,870044,161823,160612,10644,171256,910
2022-07-04,San Joaquin,077,732212,182453,181448,12168,193616,2256
2022-07-04,San Luis Obispo,079,281455,58754,58488,5710,64198,496
2022-07-04,San Mateo,081,765935,152806,151344,9514,160858,723
2022-07-04,Santa Barbara,083,443738,96260,95918,5670,101588,702
2022-07-04,Santa Clara,085,1922200,392247,385553,16776,402329,2358
2022-07-04,Santa Cruz,087,273765,56609,56307,2846,59153,267
2022-07-04,Shasta,089,179085,32597,32444,6589,39033,570
2022-07-04,Sierra,091,2930,289,290,57,347,4
2022-07-04,Siskiyou,093,43540,4822,4841,3019,7860,82
2022-07-04,Solano,095,438530,96028,95181,6895,102076,455
2022-07-04,Sonoma,097,501317,98550,98031,4455,102486,495
2022-07-04,Stanislaus,099,539301,127035,126492,19476,145968,1682
2022-07-04,Sutter,101,95872,22109,22089,2331,24420,228
2022-07-04,Tehama,103,63373,12767,12680,2749,15429,205
2022-07-04,Trinity,105,12862,1276,1263,312,1575,20
2022-07-04,Tulare,107,460477,112929,112684,30700,143384,1500
2022-07-04,Tuolumne,109,53932,14089,13960,775,14735,189
2022-07-04,Ventura,111,848112,191482,190794,12293,203087,1517
2022-07-04,Yolo,113,214977,44242,43171,3596,46767,324
2022-07-04,Yuba,115,75493,17309,17277,1468,18745,124
2022-07-03,Alameda,001,1643700,312456,307672,17332,325004,1898
2022-07-03,Alpine,002,1148,129,129,1,130,0
2022-07-03,Amador,005,37829,9337,9243,778,10021,87
2022-07-03,Butte,007,227075,36278,35846,8084,43930,436
2022-07-03,Calaveras,009,45235,7892,7836,423,8259,124
2022-07-03,Colusa,011,21464,3591,3566,1134,4700,22
2022-07-03,Contra Costa,013,1133247,228418,221545,17660,239205,1343
2022-07-03,Del Norte,015,27424,6721,6543,317,6860,53
2022-07-03,El Dorado,017,186661,30029,29764,3803,33567,217
2022-07-03,Fresno,019,978130,253906,247952,27239,275191,2783
2022-07-03,Glenn,021,27897,5255,5211,1739,6950,48
2022-07-03,Humboldt,023,135768,19679,19516,4036,23552,149
2022-07-03,Imperial,025,180216,59511,58768,11931,70699,944
2022-07-03,Inyo,027,18085,4303,4261,688,4949,56
2022-07-03,Kern,029,883053,204213,202502,51958,254460,2352
2022-07-03,Kings,031,150075,54597,54262,3679,57941,449
2022-07-03,Lake,033,64148,11697,11595,1026,12621,140
2022-07-03,Lassen,035,31185,9361,9336,932,10268,64
2022-07-03,Los Angeles,037,10098052,3005184,2969395,148517,3117912,32089
2022-07-03,Madera,039,155013,40033,39738,6859,46597,372
2022-07-03,Marin,041,260295,41267,40653,4661,45314,297
2022-07-03,Mariposa,043,17540,2810,2780,275,3055,30
2022-07-03,Mendocino,045,87422,14617,14464,3812,18276,127
2022-07-03,Merced,047,269075,67068,66093,9960,76053,832
2022-07-03,Modoc,049,8938,793,787,279,1066,8
2022-07-03,Mono,051,14174,3123,3099,191,3290,7
2022-07-03,Monterey,053,433212,86991,86212,17315,103527,744
2022-07-03,Napa,055,140530,29758,29486,1278,30764,145
2022-07-03,Nevada,057,99092,17720,17546,1515,19061,131
2022-07-03,Orange,059,3164182,609512,603511,51700,655211,7114
2022-07-03,Placer,061,380077,70479,69606,8620,78226,631
2022-07-03,Plumas,063,18699,3326,3294,402,3696,13
2022-07-03,Riverside,065,2383286,638170,632038,30927,662965,6502
2022-07-03,Sacramento,067,1510023,318451,315165,30982,346147,3100
2022-07-03,San Benito,069,59416,14673,14420,742,15162,100
2022-07-03,San Bernardino,071,2135413,615819,604093,27082,631175,7860
2022-07-03,San Diego,073,3302833,841812,834116,62837,896953,5341
2022-07-03,San Francisco,075,870044,161488,158871,10632,169503,910
2022-07-03,San Joaquin,077,732212,182280,180368,12131,192499,2256
2022-07-03,San Luis Obispo,079,281455,58685,58079,5700,63779,489
2022-07-03,San Mateo,081,765935,152500,149812,9497,159309,723
2022-07-03,Santa Barbara,083,443738,96152,95214,5658,100872,699
2022-07-03,Santa Clara,085,1922200,391519,381630,16745,398375,2355
2022-07-03,Santa Cruz,087,273765,56548,55757,2825,58582,267
2022-07-03,Shasta,089,179085,32562,32280,6579,38859,570
2022-07-03,Sierra,091,2930,288,283,57,340,4
2022-07-03,Siskiyou,093,43540,4819,4808,3017,7825,82
2022-07-03,Solano,095,438530,95950,94437,6889,101326,455
2022-07-03,Sonoma,097,501317,98441,97379,4450,101829,495
2022-07-03,Stanislaus,099,539301,126915,125788,19460,145248,1681
2022-07-03,Sutter,101,95872,22088,21935,2330,24265,228
2022-07-03,Tehama,103,63373,12749,12615,2747,15362,205
2022-07-03,Trinity,105,12862,1275,1256,309,1565,20
2022-07-03,Tulare,107,460477,112831,112118,30662,142780,1500
2022-07-03,Tuolumne,109,53932,14066,13886,772,14658,189
2022-07-03,Ventura,111,848112,191271,189493,12272,201765,1517
2022-07-03,Yolo,113,214977,44199,42760,3586,46346,324
2022-07-03,Yuba,115,75493,17295,17168,1467,18635,124
2022-07-02,Alameda,001,1643700,312078,307672,17305,324977,1898
2022-07-02,Alpine,002,1148,129,129,1,130,0
2022-07-02,Amador,005,37829,9321,9243,777,10020,87
2022-07-02,Butte,007,227075,36253,35846,8071,43917,436
2022-07-02,Calaveras,009,45235,7886,7836,423,8259,124
2022-07-02,Colusa,011,21464,3587,3566,1132,4698,22
2022-07-02,Contra Costa,013,1133247,228073,221545,17608,239153,1343
2022-07-02,Del Norte,015,27424,6711,6543,317,6860,53
2022-07-02,El Dorado,017,186661,29995,29764,3799,33563,217
2022-07-02,Fresno,019,978130,253678,247952,27202,275154,2783
2022-07-02,Glenn,021,27897,5250,5211,1738,6949,48
2022-07-02,Humboldt,023,135768,19653,19516,4032,23548,149
2022-07-02,Imperial,025,180216,59431,58768,11910,70678,944
2022-07-02,Inyo,027,18085,4299,4261,686,4947,56
2022-07-02,Kern,029,883053,204060,202502,51796,254298,2352
2022-07-02,Kings,031,150075,54552,54262,3679,57941,449
2022-07-02,Lake,033,64148,11688,11595,1024,12619,140
2022-07-02,Lassen,035,31185,9360,9336,931,10267,64
2022-07-02,Los Angeles,037,10098052,3002422,2969395,148091,3117486,32089
2022-07-02,Madera,039,155013,40003,39738,6855,46593,372
2022-07-02,Marin,041,260295,41205,40653,4644,45297,297
2022-07-02,Mariposa,043,17540,2806,2780,274,3054,30
2022-07-02,Mendocino,045,87422,14589,14464,3812,18276,127
2022-07-02,Merced,047,269075,67009,66093,9951,76044,832
2022-07-02,Modoc,049,8938,793,787,278,1065,8
2022-07-02,Mono,051,14174,3120,3099,191,3290,7
2022-07-02,Monterey,053,433212,86900,86212,17277,103489,744
2022-07-02,Napa,055,140530,29729,29486,1278,30764,145
2022-07-02,Nevada,057,99092,17705,17546,1509,19055,131
2022-07-02,Orange,059,3164182,608859,603511,51542,655053,7114
2022-07-02,Placer,061,380077,70386,69606,8606,78212,631
2022-07-02,Plumas,063,18699,3317,3294,402,3696,13
2022-07-02,Riverside,065,2383286,637575,632038,30882,662920,6502
2022-07-02,Sacramento,067,1510023,318116,315165,30957,346122,3100
2022-07-02,San Benito,069,59416,14654,14420,733,15153,100
2022-07-02,San Bernardino,071,2135413,615285,604093,27047,631140,7860
2022-07-02,San Diego,073,3302833,841005,834116,62771,896887,5341
2022-07-02,San Francisco,075,870044,161207,158871,10608,169479,910
2022-07-02,San Joaquin,077,732212,182147,180368,12105,192473,2256
2022-07-02,San Luis Obispo,079,281455,58636,58079,5686,63765,489
2022-07-02,San Mateo,081,765935,152241,149812,9478,159290,723
2022-07-02,Santa Barbara,083,443738,96025,95214,5647,100861,699
2022-07-02,Santa Clara,085,1922200,390786,381630,16715,398345,2355
2022-07-02,Santa Cruz,087,273765,56489,55757,2814,58571,267
2022-07-02,Shasta,089,179085,32532,32280,6568,38848,570
2022-07-02,Sierra,091,2930,288,283,57,340,4
2022-07-02,Siskiyou,093,43540,4815,4808,3016,7824,82
2022-07-02,Solano,095,438530,95877,94437,6873,101310,455
2022-07-02,Sonoma,097,501317,98335,97379,4442,101821,495
2022-07-02,Stanislaus,099,539301,126796,125788,19444,145232,1681
2022-07-02,Sutter,101,95872,22069,21935,2330,24265,228
2022-07-02,Tehama,103,63373,12726,12615,2746,15361,205
2022-07-02,Trinity,105,12862,1273,1256,308,1564,20
2022-07-02,Tulare,107,460477,112730,112118,30621,142739,1500
2022-07-02,Tuolumne,109,53932,14053,13886,763,14649,189
2022-07-02,Ventura,111,848112,191099,189493,12247,201740,1517
2022-07-02,Yolo,113,214977,44154,42760,3579,46339,324
2022-07-02,Yuba,115,75493,17283,17168,1467,18635,124
2022-07-01,Alameda,001,1643700,311595,307672,17274,324946,1898
2022-07-01,Alpine,002,1148,129,129,1,130,0
2022-07-01,Amador,005,37829,9316,9243,775,10018,87
2022-07-01,Butte,007,227075,36226,35846,8053,43899,436
2022-07-01,Calaveras,009,45235,7875,7836,423,8259,124
2022-07-01,Colusa,011,21464,3584,3566,1132,4698,22
2022-07-01,Contra Costa,013,1133247,227771,221545,17565,239110,1343
2022-07-01,Del Norte,015,27424,6691,6543,315,6858,53
2022-07-01,El Dorado,017,186661,29970,29764,3791,33555,217
2022-07-01,Fresno,019,978130,253390,247952,27147,275099,2783
2022-07-01,Glenn,021,27897,5250,5211,1738,6949,48
2022-07-01,Humboldt,023,135768,19631,19516,4023,23539,149
2022-07-01,Imperial,025,180216,59354,58768,11883,70651,944
2022-07-01,Inyo,027,18085,4292,4261,680,4941,56
2022-07-01,Kern,029,883053,203854,202502,51661,254163,2352
2022-07-01,Kings,031,150075,54519,54262,3675,57937,449
2022-07-01,Lake,033,64148,11677,11595,1023,12618,140
2022-07-01,Lassen,035,31185,9357,9336,931,10267,64
2022-07-01,Los Angeles,037,10098052,2998934,2969395,147575,3116970,32089
2022-07-01,Madera,039,155013,39960,39738,6841,46579,372
2022-07-01,Marin,041,260295,41132,40653,4631,45284,297
2022-07-01,Mariposa,043,17540,2804,2780,273,3053,30
2022-07-01,Mendocino,045,87422,14569,14464,3808,18272,127
2022-07-01,Merced,047,269075,66924,66093,9947,76040,832
2022-07-01,Modoc,049,8938,793,787,277,1064,8
2022-07-01,Mono,051,14174,3112,3099,190,3289,7
2022-07-01,Monterey,053,433212,86818,86212,17246,103458,744
2022-07-01,Napa,055,140530,29685,29486,1278,30764,145
2022-07-01,Nevada,057,99092,17685,17546,1504,19050,131
2022-07-01,Orange,059,3164182,608140,603511,51378,654889,7114
2022-07-01,Placer,061,380077,70319,69606,8586,78192,631
2022-07-01,Plumas,063,18699,3314,3294,402,3696,13
2022-07-01,Riverside,065,2383286,636857,632038,30829,662867,6502
2022-07-01,Sacramento,067,1510023,317733,315165,30933,346098,3100
2022-07-01,San Benito,069,59416,14636,14420,732,15152,100
2022-07-01,San Bernardino,071,2135413,614643,604093,27013,631106,7860
2022-07-01,San Diego,073,3302833,839970,834116,62630,896746,5341
2022-07-01,San Francisco,075,870044,160932,158871,10569,169440,910
2022-07-01,San Joaquin,077,732212,182002,180368,12072,192440,2256
2022-07-01,San Luis Obispo,079,281455,58607,58079,5674,63753,489
2022-07-01,San Mateo,081,765935,151959,149812,9462,159274,723
2022-07-01,Santa Barbara,083,443738,95909,95214,5638,100852,699
2022-07-01,Santa Clara,085,1922200,390080,381630,16679,398309,2355
2022-07-01,Santa Cruz,087,273765,56423,55757,2801,58558,267
2022-07-01,Shasta,089,179085,32512,32280,6558,38838,570
2022-07-01,Sierra,091,2930,288,283,57,340,4
2022-07-01,Siskiyou,093,43540,4815,4808,3014,7822,82
2022-07-01,Solano,095,438530,95708,94437,6856,101293,455
2022-07-01,Sonoma,097,501317,98214,97379,4423,101802,495
2022-07-01,Stanislaus,099,539301,126667,125788,19417,145205,1681
2022-07-01,Sutter,101,95872,22040,21935,2330,24265,228
2022-07-01,Tehama,103,63373,12717,12615,2744,15359,205
2022-07-01,Trinity,105,12862,1272,1256,308,1564,20
2022-07-01,Tulare,107,460477,112632,112118,30579,142697,1500
2022-07-01,Tuolumne,109,53932,14034,13886,756,14642,189
2022-07-01,Ventura,111,848112,190888,189493,12211,201704,1517
2022-07-01,Yolo,113,214977,44118,42760,3564,46324,324
2022-07-01,Yuba,115,75493,17262,17168,1467,18635,124
2022-06-30,Alameda,001,1643700,310769,307672,17218,324890,1898
2022-06-30,Alpine,002,1148,129,129,1,130,0
2022-06-30,Amador,005,37829,9306,9243,772,10015,87
2022-06-30,Butte,007,227075,36176,35846,8036,43882,436
2022-06-30,Calaveras,009,45235,7864,7836,422,8258,124
2022-06-30,Colusa,011,21464,3580,3566,1130,4696,22
2022-06-30,Contra Costa,013,1133247,227221,221545,17494,239039,1343
2022-06-30,Del Norte,015,27424,6674,6543,312,6855,53
2022-06-30,El Dorado,017,186661,29925,29764,3781,33545,217
2022-06-30,Fresno,019,978130,252991,247952,27098,275050,2783
2022-06-30,Glenn,021,27897,5247,5211,1738,6949,48
2022-06-30,Humboldt,023,135768,19594,19516,4017,23533,149
2022-06-30,Imperial,025,180216,59240,58768,11851,70619,944
2022-06-30,Inyo,027,18085,4286,4261,680,4941,56
2022-06-30,Kern,029,883053,203536,202502,51475,253977,2352
2022-06-30,Kings,031,150075,54443,54262,3672,57934,449
2022-06-30,Lake,033,64148,11658,11595,1020,12615,140
2022-06-30,Lassen,035,31185,9354,9336,930,10266,64
2022-06-30,Los Angeles,037,10098052,2993526,2969395,146975,3116370,32089
2022-06-30,Madera,039,155013,39894,39738,6814,46552,372
2022-06-30,Marin,041,260295,41048,40653,4624,45277,297
2022-06-30,Mariposa,043,17540,2797,2780,271,3051,30
2022-06-30,Mendocino,045,87422,14552,14464,3802,18266,127
2022-06-30,Merced,047,269075,66825,66093,9930,76023,832
2022-06-30,Modoc,049,8938,792,787,276,1063,8
2022-06-30,Mono,051,14174,3110,3099,189,3288,7
2022-06-30,Monterey,053,433212,86669,86212,17183,103395,744
2022-06-30,Napa,055,140530,29627,29486,1272,30758,145
2022-06-30,Nevada,057,99092,17657,17546,1497,19043,131
2022-06-30,Orange,059,3164182,606970,603511,51170,654681,7114
2022-06-30,Placer,061,380077,70169,69606,8558,78164,631
2022-06-30,Plumas,063,18699,3309,3294,401,3695,13
2022-06-30,Riverside,065,2383286,635757,632038,30759,662797,6502
2022-06-30,Sacramento,067,1510023,317139,315165,30894,346059,3100
2022-06-30,San Benito,069,59416,14600,14420,729,15149,100
2022-06-30,San Bernardino,071,2135413,613595,604093,26971,631064,7860
2022-06-30,San Diego,073,3302833,838453,834116,62419,896535,5341
2022-06-30,San Francisco,075,870044,160508,158871,10539,169410,910
2022-06-30,San Joaquin,077,732212,181722,180368,12041,192409,2256
2022-06-30,San Luis Obispo,079,281455,58507,58079,5646,63725,489
2022-06-30,San Mateo,081,765935,151535,149812,9431,159243,723
2022-06-30,Santa Barbara,083,443738,95711,95214,5626,100840,699
2022-06-30,Santa Clara,085,1922200,388985,381630,16634,398264,2355
2022-06-30,Santa Cruz,087,273765,56304,55757,2787,58544,267
2022-06-30,Shasta,089,179085,32472,32280,6539,38819,570
2022-06-30,Sierra,091,2930,288,283,57,340,4
2022-06-30,Siskiyou,093,43540,4810,4808,3007,7815,82
2022-06-30,Solano,095,438530,95504,94437,6824,101261,455
2022-06-30,Sonoma,097,501317,98050,97379,4402,101781,495
2022-06-30,Stanislaus,099,539301,126473,125788,19386,145174,1681
2022-06-30,Sutter,101,95872,22007,21935,2328,24263,228
2022-06-30,Tehama,103,63373,12696,12615,2741,15356,205
2022-06-30,Trinity,105,12862,1266,1256,306,1562,20
2022-06-30,Tulare,107,460477,112482,112118,30504,142622,1500
2022-06-30,Tuolumne,109,53932,14015,13886,750,14636,189
2022-06-30,Ventura,111,848112,190544,189493,12136,201629,1517
2022-06-30,Yolo,113,214977,44046,42760,3547,46307,324
2022-06-30,Yuba,115,75493,17234,17168,1461,18629,124
2022-06-29,Alameda,001,1643700,309967,305288,17177,322465,1895
2022-06-29,Alpine,002,1148,129,129,1,130,0
2022-06-29,Amador,005,37829,9299,9205,772,9977,87
2022-06-29,Butte,007,227075,36128,35651,8020,43671,434
2022-06-29,Calaveras,009,45235,7853,7798,419,8217,124
2022-06-29,Colusa,011,21464,3577,3548,1128,4676,22
2022-06-29,Contra Costa,013,1133247,226739,219921,17440,237361,1339
2022-06-29,Del Norte,015,27424,6648,6484,308,6792,53
2022-06-29,El Dorado,017,186661,29867,29549,3765,33314,216
2022-06-29,Fresno,019,978130,252598,246740,27032,273772,2777
2022-06-29,Glenn,021,27897,5246,5192,1736,6928,48
2022-06-29,Humboldt,023,135768,19568,19411,4007,23418,149
2022-06-29,Imperial,025,180216,59121,58498,11805,70303,944
2022-06-29,Inyo,027,18085,4282,4243,675,4918,56
2022-06-29,Kern,029,883053,203251,201537,51294,252831,2343
2022-06-29,Kings,031,150075,54353,54031,3670,57701,448
2022-06-29,Lake,033,64148,11631,11548,1016,12564,140
2022-06-29,Lassen,035,31185,9349,9310,930,10240,64
2022-06-29,Los Angeles,037,10098052,2987883,2955489,146382,3101871,32062
2022-06-29,Madera,039,155013,39843,39554,6805,46359,372
2022-06-29,Marin,041,260295,40944,40397,4618,45015,297
2022-06-29,Mariposa,043,17540,2795,2753,271,3024,30
2022-06-29,Mendocino,045,87422,14523,14383,3786,18169,127
2022-06-29,Merced,047,269075,66731,65733,9918,75651,830
2022-06-29,Modoc,049,8938,790,780,275,1055,8
2022-06-29,Mono,051,14174,3110,3081,187,3268,7
2022-06-29,Monterey,053,433212,86536,85711,17133,102844,743
2022-06-29,Napa,055,140530,29575,29285,1268,30553,144
2022-06-29,Nevada,057,99092,17623,17439,1493,18932,129
2022-06-29,Orange,059,3164182,605803,599951,50983,650934,7095
2022-06-29,Placer,061,380077,70033,69244,8549,77793,629
2022-06-29,Plumas,063,18699,3306,3267,399,3666,13
2022-06-29,Riverside,065,2383286,634698,629035,30691,659726,6493
2022-06-29,Sacramento,067,1510023,316543,313224,30849,344073,3082
2022-06-29,San Benito,069,59416,14563,14302,721,15023,100
2022-06-29,San Bernardino,071,2135413,612600,600960,26874,627834,7825
2022-06-29,San Diego,073,3302833,836726,828907,62184,891091,5336
2022-06-29,San Francisco,075,870044,160015,157419,10505,167924,902
2022-06-29,San Joaquin,077,732212,181426,179476,12003,191479,2252
2022-06-29,San Luis Obispo,079,281455,58372,57783,5608,63391,486
2022-06-29,San Mateo,081,765935,151148,148533,9411,157944,723
2022-06-29,Santa Barbara,083,443738,95560,94683,5615,100298,699
2022-06-29,Santa Clara,085,1922200,387990,378000,16574,394574,2348
2022-06-29,Santa Cruz,087,273765,56179,55432,2773,58205,266
2022-06-29,Shasta,089,179085,32425,32106,6523,38629,570
2022-06-29,Sierra,091,2930,286,283,57,340,4
2022-06-29,Siskiyou,093,43540,4804,4773,3007,7780,82
2022-06-29,Solano,095,438530,95269,92975,6805,99780,455
2022-06-29,Sonoma,097,501317,97865,96854,4390,101244,493
2022-06-29,Stanislaus,099,539301,126297,125189,19356,144545,1674
2022-06-29,Sutter,101,95872,21954,21836,2323,24159,227
2022-06-29,Tehama,103,63373,12677,12561,2740,15301,205
2022-06-29,Trinity,105,12862,1264,1245,305,1550,20
2022-06-29,Tulare,107,460477,112347,111707,30431,142138,1499
2022-06-29,Tuolumne,109,53932,13990,13779,734,14513,189
2022-06-29,Ventura,111,848112,190237,188519,12072,200591,1514
2022-06-29,Yolo,113,214977,43944,42410,3536,45946,323
2022-06-29,Yuba,115,75493,17205,17082,1459,18541,124
2022-06-28,Alameda,001,1643700,309118,305288,17140,322428,1895
2022-06-28,Alpine,002,1148,129,129,1,130,0
2022-06-28,Amador,005,37829,9294,9205,771,9976,87
2022-06-28,Butte,007,227075,36062,35651,8002,43653,434
2022-06-28,Calaveras,009,45235,7841,7798,419,8217,124
2022-06-28,Colusa,011,21464,3576,3548,1127,4675,22
2022-06-28,Contra Costa,013,1133247,226133,219921,17377,237298,1339
2022-06-28,Del Norte,015,27424,6611,6484,306,6790,53
2022-06-28,El Dorado,017,186661,29819,29549,3754,33303,216
2022-06-28,Fresno,019,978130,252162,246740,26975,273715,2777
2022-06-28,Glenn,021,27897,5238,5192,1731,6923,48
2022-06-28,Humboldt,023,135768,19548,19411,4000,23411,149
2022-06-28,Imperial,025,180216,59026,58498,11728,70226,944
2022-06-28,Inyo,027,18085,4275,4243,669,4912,56
2022-06-28,Kern,029,883053,202956,201537,51080,252617,2343
2022-06-28,Kings,031,150075,54272,54031,3665,57696,448
2022-06-28,Lake,033,64148,11620,11548,1014,12562,140
2022-06-28,Lassen,035,31185,9342,9310,930,10240,64
2022-06-28,Los Angeles,037,10098052,2981944,2955489,145771,3101260,32062
2022-06-28,Madera,039,155013,39784,39554,6788,46342,372
2022-06-28,Marin,041,260295,40836,40397,4611,45008,297
2022-06-28,Mariposa,043,17540,2787,2753,269,3022,30
2022-06-28,Mendocino,045,87422,14495,14383,3774,18157,127
2022-06-28,Merced,047,269075,66628,65733,9900,75633,830
2022-06-28,Modoc,049,8938,788,780,274,1054,8
2022-06-28,Mono,051,14174,3103,3081,185,3266,7
2022-06-28,Monterey,053,433212,86411,85711,17086,102797,743
2022-06-28,Napa,055,140530,29507,29285,1265,30550,144
2022-06-28,Nevada,057,99092,17592,17439,1489,18928,129
2022-06-28,Orange,059,3164182,604450,599951,50798,650749,7095
2022-06-28,Placer,061,380077,69873,69244,8540,77784,629
2022-06-28,Plumas,063,18699,3306,3267,398,3665,13
2022-06-28,Riverside,065,2383286,633497,629035,30644,659679,6493
2022-06-28,Sacramento,067,1510023,315868,313224,30784,344008,3082
2022-06-28,San Benito,069,59416,14524,14302,720,15022,100
2022-06-28,San Bernardino,071,2135413,611471,600960,26828,627788,7825
2022-06-28,San Diego,073,3302833,834866,828907,61943,890850,5336
2022-06-28,San Francisco,075,870044,159486,157419,10481,167900,902
2022-06-28,San Joaquin,077,732212,181116,179476,11967,191443,2252
2022-06-28,San Luis Obispo,079,281455,58253,57783,5571,63354,486
2022-06-28,San Mateo,081,765935,150684,148533,9386,157919,723
2022-06-28,Santa Barbara,083,443738,95390,94683,5598,100281,699
2022-06-28,Santa Clara,085,1922200,386868,378000,16516,394516,2348
2022-06-28,Santa Cruz,087,273765,56046,55432,2765,58197,266
2022-06-28,Shasta,089,179085,32378,32106,6510,38616,570
2022-06-28,Sierra,091,2930,286,283,57,340,4
2022-06-28,Siskiyou,093,43540,4798,4773,3001,7774,82
2022-06-28,Solano,095,438530,94994,92975,6787,99762,455
2022-06-28,Sonoma,097,501317,97655,96854,4374,101228,493
2022-06-28,Stanislaus,099,539301,126096,125189,19333,144522,1674
2022-06-28,Sutter,101,95872,21919,21836,2321,24157,227
2022-06-28,Tehama,103,63373,12657,12561,2736,15297,205
2022-06-28,Trinity,105,12862,1261,1245,303,1548,20
2022-06-28,Tulare,107,460477,112160,111707,30357,142064,1499
2022-06-28,Tuolumne,109,53932,13959,13779,728,14507,189
2022-06-28,Ventura,111,848112,189914,188519,11993,200512,1514
2022-06-28,Yolo,113,214977,43833,42410,3530,45940,323
2022-06-28,Yuba,115,75493,17169,17082,1455,18537,124
2022-06-27,Alameda,001,1643700,308177,305288,17085,322373,1895
2022-06-27,Alpine,002,1148,129,129,1,130,0
2022-06-27,Amador,005,37829,9279,9205,769,9974,87
2022-06-27,Butte,007,227075,36008,35651,7982,43633,434
2022-06-27,Calaveras,009,45235,7827,7798,419,8217,124
2022-06-27,Colusa,011,21464,3572,3548,1125,4673,22
2022-06-27,Contra Costa,013,1133247,225452,219921,17313,237234,1339
2022-06-27,Del Norte,015,27424,6590,6484,300,6784,53
2022-06-27,El Dorado,017,186661,29754,29549,3736,33285,216
2022-06-27,Fresno,019,978130,251689,246740,26905,273645,2777
2022-06-27,Glenn,021,27897,5232,5192,1724,6916,48
2022-06-27,Humboldt,023,135768,19513,19411,3988,23399,149
2022-06-27,Imperial,025,180216,58888,58498,11662,70160,944
2022-06-27,Inyo,027,18085,4265,4243,660,4903,56
2022-06-27,Kern,029,883053,202598,201537,50872,252409,2343
2022-06-27,Kings,031,150075,54185,54031,3662,57693,448
2022-06-27,Lake,033,64148,11601,11548,1009,12557,140
2022-06-27,Lassen,035,31185,9333,9310,930,10240,64
2022-06-27,Los Angeles,037,10098052,2975741,2955489,145204,3100693,32062
2022-06-27,Madera,039,155013,39719,39554,6776,46330,372
2022-06-27,Marin,041,260295,40729,40397,4598,44995,297
2022-06-27,Mariposa,043,17540,2778,2753,267,3020,30
2022-06-27,Mendocino,045,87422,14465,14383,3768,18151,127
2022-06-27,Merced,047,269075,66518,65733,9865,75598,830
2022-06-27,Modoc,049,8938,783,780,273,1053,8
2022-06-27,Mono,051,14174,3102,3081,185,3266,7
2022-06-27,Monterey,053,433212,86260,85711,17025,102736,743
2022-06-27,Napa,055,140530,29438,29285,1262,30547,144
2022-06-27,Nevada,057,99092,17562,17439,1475,18914,129
2022-06-27,Orange,059,3164182,603084,599951,50576,650527,7095
2022-06-27,Placer,061,380077,69758,69244,8517,77761,629
2022-06-27,Plumas,063,18699,3301,3267,397,3664,13
2022-06-27,Riverside,065,2383286,632343,629035,30578,659613,6493
2022-06-27,Sacramento,067,1510023,315142,313224,30728,343952,3082
2022-06-27,San Benito,069,59416,14469,14302,717,15019,100
2022-06-27,San Bernardino,071,2135413,610361,600960,26781,627741,7825
2022-06-27,San Diego,073,3302833,832940,828907,61713,890620,5336
2022-06-27,San Francisco,075,870044,158933,157419,10455,167874,902
2022-06-27,San Joaquin,077,732212,180771,179476,11925,191401,2252
2022-06-27,San Luis Obispo,079,281455,58138,57783,5534,63317,486
2022-06-27,San Mateo,081,765935,150206,148533,9352,157885,723
2022-06-27,Santa Barbara,083,443738,95203,94683,5584,100267,699
2022-06-27,Santa Clara,085,1922200,385443,378000,16462,394462,2348
2022-06-27,Santa Cruz,087,273765,55876,55432,2757,58189,266
2022-06-27,Shasta,089,179085,32317,32106,6492,38598,570
2022-06-27,Sierra,091,2930,286,283,57,340,4
2022-06-27,Siskiyou,093,43540,4788,4773,2994,7767,82
2022-06-27,Solano,095,438530,94683,92975,6755,99730,455
2022-06-27,Sonoma,097,501317,97462,96854,4355,101209,493
2022-06-27,Stanislaus,099,539301,125870,125189,19312,144501,1674
2022-06-27,Sutter,101,95872,21879,21836,2318,24154,227
2022-06-27,Tehama,103,63373,12635,12561,2734,15295,205
2022-06-27,Trinity,105,12862,1259,1245,301,1546,20
2022-06-27,Tulare,107,460477,111984,111707,30270,141977,1499
2022-06-27,Tuolumne,109,53932,13924,13779,720,14499,189
2022-06-27,Ventura,111,848112,189534,188519,11931,200450,1514
2022-06-27,Yolo,113,214977,43707,42410,3522,45932,323
2022-06-27,Yuba,115,75493,17141,17082,1452,18534,124
2022-06-26,Alameda,001,1643700,307095,302071,17030,319101,1891
2022-06-26,Alpine,002,1148,129,129,1,130,0
2022-06-26,Amador,005,37829,9240,9135,767,9902,87
2022-06-26,Butte,007,227075,35935,35406,7957,43363,433
2022-06-26,Calaveras,009,45235,7812,7754,416,8170,124
2022-06-26,Colusa,011,21464,3563,3540,1121,4661,22
2022-06-26,Contra Costa,013,1133247,224826,218053,17229,235282,1335
2022-06-26,Del Norte,015,27424,6568,6398,296,6694,52
2022-06-26,El Dorado,017,186661,29671,29313,3711,33024,216
2022-06-26,Fresno,019,978130,251149,245118,26839,271957,2777
2022-06-26,Glenn,021,27897,5227,5178,1721,6899,48
2022-06-26,Humboldt,023,135768,19478,19234,3977,23211,149
2022-06-26,Imperial,025,180216,58740,58127,11569,69696,944
2022-06-26,Inyo,027,18085,4254,4228,647,4875,56
2022-06-26,Kern,029,883053,202290,200556,50665,251221,2344
2022-06-26,Kings,031,150075,54077,53783,3658,57441,448
2022-06-26,Lake,033,64148,11582,11471,1007,12478,140
2022-06-26,Lassen,035,31185,9324,9287,930,10217,64
2022-06-26,Los Angeles,037,10098052,2969150,2936815,144561,3081376,32036
2022-06-26,Madera,039,155013,39650,39319,6756,46075,372
2022-06-26,Marin,041,260295,40608,39979,4577,44556,297
2022-06-26,Mariposa,043,17540,2770,2713,267,2980,30
2022-06-26,Mendocino,045,87422,14436,14292,3741,18033,127
2022-06-26,Merced,047,269075,66388,65408,9838,75246,828
2022-06-26,Modoc,049,8938,782,777,271,1048,8
2022-06-26,Mono,051,14174,3092,3076,185,3261,7
2022-06-26,Monterey,053,433212,86085,85275,16964,102239,743
2022-06-26,Napa,055,140530,29358,29054,1259,30313,144
2022-06-26,Nevada,057,99092,17518,17339,1471,18810,129
2022-06-26,Orange,059,3164182,601595,595761,50364,646125,7090
2022-06-26,Placer,061,380077,69628,68785,8493,77278,628
2022-06-26,Plumas,063,18699,3289,3241,397,3638,13
2022-06-26,Riverside,065,2383286,631116,625794,30521,656315,6493
2022-06-26,Sacramento,067,1510023,314318,310837,30661,341498,3077
2022-06-26,San Benito,069,59416,14424,14192,714,14906,99
2022-06-26,San Bernardino,071,2135413,609150,598062,26722,624784,7803
2022-06-26,San Diego,073,3302833,830756,822848,61540,884388,5332
2022-06-26,San Francisco,075,870044,158302,155609,10403,166012,899
2022-06-26,San Joaquin,077,732212,180393,178447,11880,190327,2252
2022-06-26,San Luis Obispo,079,281455,58003,57472,5483,62955,485
2022-06-26,San Mateo,081,765935,149688,146955,9322,156277,723
2022-06-26,Santa Barbara,083,443738,94995,94017,5556,99573,699
2022-06-26,Santa Clara,085,1922200,384059,373961,16381,390342,2338
2022-06-26,Santa Cruz,087,273765,55719,54874,2748,57622,265
2022-06-26,Shasta,089,179085,32234,31921,6474,38395,570
2022-06-26,Sierra,091,2930,285,283,57,340,4
2022-06-26,Siskiyou,093,43540,4770,4744,2987,7731,81
2022-06-26,Solano,095,438530,94410,92248,6717,98965,455
2022-06-26,Sonoma,097,501317,97227,95981,4319,100300,493
2022-06-26,Stanislaus,099,539301,125669,124493,19283,143776,1672
2022-06-26,Sutter,101,95872,21839,21733,2317,24050,227
2022-06-26,Tehama,103,63373,12618,12510,2728,15238,205
2022-06-26,Trinity,105,12862,1254,1233,299,1532,20
2022-06-26,Tulare,107,460477,111803,111188,30189,141377,1496
2022-06-26,Tuolumne,109,53932,13896,13688,713,14401,189
2022-06-26,Ventura,111,848112,189139,187389,11852,199241,1514
2022-06-26,Yolo,113,214977,43592,41932,3508,45440,323
2022-06-26,Yuba,115,75493,17104,16994,1443,18437,124
2022-06-25,Alameda,001,1643700,306623,302071,17015,319086,1891
2022-06-25,Alpine,002,1148,129,129,1,130,0
2022-06-25,Amador,005,37829,9230,9135,766,9901,87
2022-06-25,Butte,007,227075,35896,35406,7935,43341,433
2022-06-25,Calaveras,009,45235,7803,7754,416,8170,124
2022-06-25,Colusa,011,21464,3558,3540,1121,4661,22
2022-06-25,Contra Costa,013,1133247,224466,218053,17186,235239,1335
2022-06-25,Del Norte,015,27424,6554,6398,293,6691,52
2022-06-25,El Dorado,017,186661,29632,29313,3705,33018,216
2022-06-25,Fresno,019,978130,250917,245118,26813,271931,2777
2022-06-25,Glenn,021,27897,5222,5178,1719,6897,48
2022-06-25,Humboldt,023,135768,19457,19234,3966,23200,149
2022-06-25,Imperial,025,180216,58658,58127,11544,69671,944
2022-06-25,Inyo,027,18085,4252,4228,643,4871,56
2022-06-25,Kern,029,883053,202131,200556,50560,251116,2344
2022-06-25,Kings,031,150075,54039,53783,3658,57441,448
2022-06-25,Lake,033,64148,11573,11471,1006,12477,140
2022-06-25,Lassen,035,31185,9318,9287,928,10215,64
2022-06-25,Los Angeles,037,10098052,2966135,2936815,144179,3080994,32036
2022-06-25,Madera,039,155013,39617,39319,6753,46072,372
2022-06-25,Marin,041,260295,40555,39979,4570,44549,297
2022-06-25,Mariposa,043,17540,2768,2713,267,2980,30
2022-06-25,Mendocino,045,87422,14424,14292,3736,18028,127
2022-06-25,Merced,047,269075,66311,65408,9835,75243,828
2022-06-25,Modoc,049,8938,782,777,271,1048,8
2022-06-25,Mono,051,14174,3087,3076,185,3261,7
2022-06-25,Monterey,053,433212,85984,85275,16935,102210,743
2022-06-25,Napa,055,140530,29327,29054,1255,30309,144
2022-06-25,Nevada,057,99092,17494,17339,1467,18806,129
2022-06-25,Orange,059,3164182,600895,595761,50222,645983,7090
2022-06-25,Placer,061,380077,69529,68785,8473,77258,628
2022-06-25,Plumas,063,18699,3285,3241,397,3638,13
2022-06-25,Riverside,065,2383286,630471,625794,30479,656273,6493
2022-06-25,Sacramento,067,1510023,314007,310837,30633,341470,3077
2022-06-25,San Benito,069,59416,14399,14192,713,14905,99
2022-06-25,San Bernardino,071,2135413,608550,598062,26694,624756,7803
2022-06-25,San Diego,073,3302833,829849,822848,61476,884324,5332
2022-06-25,San Francisco,075,870044,158007,155609,10385,165994,899
2022-06-25,San Joaquin,077,732212,180243,178447,11865,190312,2252
2022-06-25,San Luis Obispo,079,281455,57932,57472,5473,62945,485
2022-06-25,San Mateo,081,765935,149412,146955,9301,156256,723
2022-06-25,Santa Barbara,083,443738,94852,94017,5543,99560,699
2022-06-25,Santa Clara,085,1922200,383204,373961,16353,390314,2338
2022-06-25,Santa Cruz,087,273765,55649,54874,2745,57619,265
2022-06-25,Shasta,089,179085,32198,31921,6460,38381,570
2022-06-25,Sierra,091,2930,285,283,57,340,4
2022-06-25,Siskiyou,093,43540,4767,4744,2984,7728,81
2022-06-25,Solano,095,438530,94325,92248,6696,98944,455
2022-06-25,Sonoma,097,501317,97116,95981,4308,100289,493
2022-06-25,Stanislaus,099,539301,125539,124493,19264,143757,1672
2022-06-25,Sutter,101,95872,21818,21733,2316,24049,227
2022-06-25,Tehama,103,63373,12606,12510,2723,15233,205
2022-06-25,Trinity,105,12862,1253,1233,297,1530,20
2022-06-25,Tulare,107,460477,111721,111188,30151,141339,1496
2022-06-25,Tuolumne,109,53932,13877,13688,710,14398,189
2022-06-25,Ventura,111,848112,188931,187389,11823,199212,1514
2022-06-25,Yolo,113,214977,43527,41932,3502,45434,323
2022-06-25,Yuba,115,75493,17083,16994,1442,18436,124
2022-06-24,Alameda,001,1643700,306047,302071,16981,319052,1891
2022-06-24,Alpine,002,1148,129,129,1,130,0
2022-06-24,Amador,005,37829,9223,9135,764,9899,87
2022-06-24,Butte,007,227075,35866,35406,7921,43327,433
2022-06-24,Calaveras,009,45235,7798,7754,415,8169,124
2022-06-24,Colusa,011,21464,3557,3540,1118,4658,22
2022-06-24,Contra Costa,013,1133247,224125,218053,17160,235213,1335
2022-06-24,Del Norte,015,27424,6543,6398,291,6689,52
2022-06-24,El Dorado,017,186661,29589,29313,3701,33014,216
2022-06-24,Fresno,019,978130,250626,245118,26777,271895,2777
2022-06-24,Glenn,021,27897,5220,5178,1719,6897,48
2022-06-24,Humboldt,023,135768,19426,19234,3961,23195,149
2022-06-24,Imperial,025,180216,58586,58127,11514,69641,944
2022-06-24,Inyo,027,18085,4250,4228,639,4867,56
2022-06-24,Kern,029,883053,201958,200556,50464,251020,2344
2022-06-24,Kings,031,150075,53995,53783,3654,57437,448
2022-06-24,Lake,033,64148,11562,11471,1006,12477,140
2022-06-24,Lassen,035,31185,9315,9287,927,10214,64
2022-06-24,Los Angeles,037,10098052,2962849,2936815,143853,3080668,32036
2022-06-24,Madera,039,155013,39571,39319,6747,46066,372
2022-06-24,Marin,041,260295,40479,39979,4558,44537,297
2022-06-24,Mariposa,043,17540,2761,2713,267,2980,30
2022-06-24,Mendocino,045,87422,14415,14292,3733,18025,127
2022-06-24,Merced,047,269075,66273,65408,9826,75234,828
2022-06-24,Modoc,049,8938,782,777,271,1048,8
2022-06-24,Mono,051,14174,3083,3076,184,3260,7
2022-06-24,Monterey,053,433212,85903,85275,16909,102184,743
2022-06-24,Napa,055,140530,29299,29054,1254,30308,144
2022-06-24,Nevada,057,99092,17478,17339,1461,18800,129
2022-06-24,Orange,059,3164182,600206,595761,50076,645837,7090
2022-06-24,Placer,061,380077,69452,68785,8461,77246,628
2022-06-24,Plumas,063,18699,3281,3241,397,3638,13
2022-06-24,Riverside,065,2383286,629824,625794,30435,656229,6493
2022-06-24,Sacramento,067,1510023,313611,310837,30610,341447,3077
2022-06-24,San Benito,069,59416,14386,14192,711,14903,99
2022-06-24,San Bernardino,071,2135413,607962,598062,26669,624731,7803
2022-06-24,San Diego,073,3302833,828810,822848,61394,884242,5332
2022-06-24,San Francisco,075,870044,157694,155609,10358,165967,899
2022-06-24,San Joaquin,077,732212,180064,178447,11839,190286,2252
2022-06-24,San Luis Obispo,079,281455,57887,57472,5468,62940,485
2022-06-24,San Mateo,081,765935,149076,146955,9288,156243,723
2022-06-24,Santa Barbara,083,443738,94721,94017,5540,99557,699
2022-06-24,Santa Clara,085,1922200,382371,373961,16300,390261,2338
2022-06-24,Santa Cruz,087,273765,55548,54874,2734,57608,265
2022-06-24,Shasta,089,179085,32168,31921,6451,38372,570
2022-06-24,Sierra,091,2930,285,283,57,340,4
2022-06-24,Siskiyou,093,43540,4759,4744,2983,7727,81
2022-06-24,Solano,095,438530,94173,92248,6682,98930,455
2022-06-24,Sonoma,097,501317,96976,95981,4291,100272,493
2022-06-24,Stanislaus,099,539301,125414,124493,19242,143735,1672
2022-06-24,Sutter,101,95872,21803,21733,2315,24048,227
2022-06-24,Tehama,103,63373,12591,12510,2717,15227,205
2022-06-24,Trinity,105,12862,1250,1233,297,1530,20
2022-06-24,Tulare,107,460477,111620,111188,30094,141282,1496
2022-06-24,Tuolumne,109,53932,13858,13688,704,14392,189
2022-06-24,Ventura,111,848112,188704,187389,11794,199183,1514
2022-06-24,Yolo,113,214977,43434,41932,3493,45425,323
2022-06-24,Yuba,115,75493,17065,16994,1442,18436,124
2022-06-23,Alameda,001,1643700,305224,302071,16920,318991,1891
2022-06-23,Alpine,002,1148,129,129,1,130,0
2022-06-23,Amador,005,37829,9214,9135,763,9898,87
2022-06-23,Butte,007,227075,35806,35406,7902,43308,433
2022-06-23,Calaveras,009,45235,7787,7754,414,8168,124
2022-06-23,Colusa,011,21464,3550,3540,1116,4656,22
2022-06-23,Contra Costa,013,1133247,223614,218053,17065,235118,1335
2022-06-23,Del Norte,015,27424,6511,6398,289,6687,52
2022-06-23,El Dorado,017,186661,29532,29313,3689,33002,216
2022-06-23,Fresno,019,978130,250215,245118,26715,271833,2777
2022-06-23,Glenn,021,27897,5217,5178,1710,6888,48
2022-06-23,Humboldt,023,135768,19404,19234,3957,23191,149
2022-06-23,Imperial,025,180216,58512,58127,11461,69588,944
2022-06-23,Inyo,027,18085,4247,4228,636,4864,56
2022-06-23,Kern,029,883053,201676,200556,50314,250870,2344
2022-06-23,Kings,031,150075,53935,53783,3651,57434,448
2022-06-23,Lake,033,64148,11541,11471,1006,12477,140
2022-06-23,Lassen,035,31185,9305,9287,926,10213,64
2022-06-23,Los Angeles,037,10098052,2958179,2936815,143311,3080126,32036
2022-06-23,Madera,039,155013,39508,39319,6732,46051,372
2022-06-23,Marin,041,260295,40365,39979,4534,44513,297
2022-06-23,Mariposa,043,17540,2749,2713,267,2980,30
2022-06-23,Mendocino,045,87422,14386,14292,3729,18021,127
2022-06-23,Merced,047,269075,66195,65408,9810,75218,828
2022-06-23,Modoc,049,8938,781,777,271,1048,8
2022-06-23,Mono,051,14174,3081,3076,183,3259,7
2022-06-23,Monterey,053,433212,85757,85275,16856,102131,743
2022-06-23,Napa,055,140530,29242,29054,1253,30307,144
2022-06-23,Nevada,057,99092,17445,17339,1461,18800,129
2022-06-23,Orange,059,3164182,599192,595761,49891,645652,7090
2022-06-23,Placer,061,380077,69313,68785,8440,77225,628
2022-06-23,Plumas,063,18699,3276,3241,395,3636,13
2022-06-23,Riverside,065,2383286,628902,625794,30386,656180,6493
2022-06-23,Sacramento,067,1510023,313007,310837,30564,341401,3077
2022-06-23,San Benito,069,59416,14355,14192,709,14901,99
2022-06-23,San Bernardino,071,2135413,607166,598062,26635,624697,7803
2022-06-23,San Diego,073,3302833,827339,822848,61195,884043,5332
2022-06-23,San Francisco,075,870044,157234,155609,10325,165934,899
2022-06-23,San Joaquin,077,732212,179786,178447,11812,190259,2252
2022-06-23,San Luis Obispo,079,281455,57798,57472,5436,62908,485
2022-06-23,San Mateo,081,765935,148727,146955,9253,156208,723
2022-06-23,Santa Barbara,083,443738,94555,94017,5512,99529,699
2022-06-23,Santa Clara,085,1922200,381374,373961,16252,390213,2338
2022-06-23,Santa Cruz,087,273765,55437,54874,2722,57596,265
2022-06-23,Shasta,089,179085,32126,31921,6439,38360,570
2022-06-23,Sierra,091,2930,284,283,57,340,4
2022-06-23,Siskiyou,093,43540,4753,4744,2976,7720,81
2022-06-23,Solano,095,438530,93923,92248,6641,98889,455
2022-06-23,Sonoma,097,501317,96780,95981,4271,100252,493
2022-06-23,Stanislaus,099,539301,125234,124493,19211,143704,1672
2022-06-23,Sutter,101,95872,21769,21733,2315,24048,227
2022-06-23,Tehama,103,63373,12582,12510,2714,15224,205
2022-06-23,Trinity,105,12862,1248,1233,297,1530,20
2022-06-23,Tulare,107,460477,111493,111188,30025,141213,1496
2022-06-23,Tuolumne,109,53932,13831,13688,692,14380,189
2022-06-23,Ventura,111,848112,188408,187389,11757,199146,1514
2022-06-23,Yolo,113,214977,43329,41932,3482,45414,323
2022-06-23,Yuba,115,75493,17044,16994,1436,18430,124
2022-06-22,Alameda,001,1643700,304398,299567,16861,316428,1888
2022-06-22,Alpine,002,1148,129,129,1,130,0
2022-06-22,Amador,005,37829,9208,9049,762,9811,87
2022-06-22,Butte,007,227075,35740,35203,7884,43087,433
2022-06-22,Calaveras,009,45235,7775,7716,414,8130,122
2022-06-22,Colusa,011,21464,3547,3529,1116,4645,21
2022-06-22,Contra Costa,013,1133247,223091,216355,17010,233365,1328
2022-06-22,Del Norte,015,27424,6493,6367,288,6655,52
2022-06-22,El Dorado,017,186661,29469,29139,3676,32815,215
2022-06-22,Fresno,019,978130,249793,244129,26660,270789,2772
2022-06-22,Glenn,021,27897,5215,5161,1705,6866,48
2022-06-22,Humboldt,023,135768,19352,19111,3937,23048,148
2022-06-22,Imperial,025,180216,58411,57866,11428,69294,944
2022-06-22,Inyo,027,18085,4242,4222,635,4857,56
2022-06-22,Kern,029,883053,201405,199721,50180,249901,2341
2022-06-22,Kings,031,150075,53871,53568,3647,57215,448
2022-06-22,Lake,033,64148,11524,11426,1000,12426,140
2022-06-22,Lassen,035,31185,9297,9259,924,10183,64
2022-06-22,Los Angeles,037,10098052,2953215,2925667,142846,3068513,32015
2022-06-22,Madera,039,155013,39451,39139,6713,45852,372
2022-06-22,Marin,041,260295,40262,39687,4528,44215,297
2022-06-22,Mariposa,043,17540,2743,2695,264,2959,30
2022-06-22,Mendocino,045,87422,14370,14201,3708,17909,127
2022-06-22,Merced,047,269075,66098,65120,9786,74906,827
2022-06-22,Modoc,049,8938,780,773,267,1040,8
2022-06-22,Mono,051,14174,3080,3073,181,3254,7
2022-06-22,Monterey,053,433212,85630,84752,16813,101565,742
2022-06-22,Napa,055,140530,29172,28894,1249,30143,144
2022-06-22,Nevada,057,99092,17426,17280,1451,18731,129
2022-06-22,Orange,059,3164182,598000,592215,49700,641915,7084
2022-06-22,Placer,061,380077,69198,68447,8430,76877,628
2022-06-22,Plumas,063,18699,3266,3220,395,3615,13
2022-06-22,Riverside,065,2383286,628051,623584,30330,653914,6491
2022-06-22,Sacramento,067,1510023,312379,309105,30529,339634,3071
2022-06-22,San Benito,069,59416,14330,14128,706,14834,99
2022-06-22,San Bernardino,071,2135413,606366,595517,26605,622122,7774
2022-06-22,San Diego,073,3302833,825734,815124,61006,876130,5318
2022-06-22,San Francisco,075,870044,156755,154213,10295,164508,897
2022-06-22,San Joaquin,077,732212,179523,177637,11787,189424,2251
2022-06-22,San Luis Obispo,079,281455,57708,57177,5401,62578,485
2022-06-22,San Mateo,081,765935,148317,145781,9230,155011,723
2022-06-22,Santa Barbara,083,443738,94407,93576,5498,99074,700
2022-06-22,Santa Clara,085,1922200,380272,370678,16142,386820,2340
2022-06-22,Santa Cruz,087,273765,55318,54525,2709,57234,265
2022-06-22,Shasta,089,179085,32081,31786,6424,38210,570
2022-06-22,Sierra,091,2930,284,283,57,340,4
2022-06-22,Siskiyou,093,43540,4746,4711,2973,7684,81
2022-06-22,Solano,095,438530,93664,91528,6575,98103,454
2022-06-22,Sonoma,097,501317,96570,95363,4250,99613,493
2022-06-22,Stanislaus,099,539301,125037,124023,19154,143177,1670
2022-06-22,Sutter,101,95872,21737,21649,2314,23963,227
2022-06-22,Tehama,103,63373,12571,12465,2712,15177,205
2022-06-22,Trinity,105,12862,1246,1223,297,1520,20
2022-06-22,Tulare,107,460477,111358,110768,29945,140713,1496
2022-06-22,Tuolumne,109,53932,13812,13596,686,14282,189
2022-06-22,Ventura,111,848112,188103,186601,11705,198306,1514
2022-06-22,Yolo,113,214977,43207,41689,3471,45160,323
2022-06-22,Yuba,115,75493,17024,16912,1432,18344,124
2022-06-21,Alameda,001,1643700,303599,299567,16824,316391,1888
2022-06-21,Alpine,002,1148,129,129,1,130,0
2022-06-21,Amador,005,37829,9201,9049,759,9808,87
2022-06-21,Butte,007,227075,35668,35203,7872,43075,433
2022-06-21,Calaveras,009,45235,7766,7716,413,8129,122
2022-06-21,Colusa,011,21464,3545,3529,1114,4643,21
2022-06-21,Contra Costa,013,1133247,222527,216355,16961,233316,1328
2022-06-21,Del Norte,015,27424,6462,6367,286,6653,52
2022-06-21,El Dorado,017,186661,29397,29139,3669,32808,215
2022-06-21,Fresno,019,978130,249355,244129,26593,270722,2772
2022-06-21,Glenn,021,27897,5208,5161,1703,6864,48
2022-06-21,Humboldt,023,135768,19300,19111,3924,23035,148
2022-06-21,Imperial,025,180216,58316,57866,11393,69259,944
2022-06-21,Inyo,027,18085,4237,4222,629,4851,56
2022-06-21,Kern,029,883053,201083,199721,49995,249716,2341
2022-06-21,Kings,031,150075,53796,53568,3646,57214,448
2022-06-21,Lake,033,64148,11501,11426,997,12423,140
2022-06-21,Lassen,035,31185,9287,9259,921,10180,64
2022-06-21,Los Angeles,037,10098052,2948391,2925667,142337,3068004,32015
2022-06-21,Madera,039,155013,39367,39139,6702,45841,372
2022-06-21,Marin,041,260295,40172,39687,4516,44203,297
2022-06-21,Mariposa,043,17540,2737,2695,263,2958,30
2022-06-21,Mendocino,045,87422,14341,14201,3699,17900,127
2022-06-21,Merced,047,269075,65998,65120,9754,74874,827
2022-06-21,Modoc,049,8938,777,773,266,1039,8
2022-06-21,Mono,051,14174,3078,3073,180,3253,7
2022-06-21,Monterey,053,433212,85474,84752,16771,101523,742
2022-06-21,Napa,055,140530,29119,28894,1248,30142,144
2022-06-21,Nevada,057,99092,17398,17280,1448,18728,129
2022-06-21,Orange,059,3164182,596808,592215,49550,641765,7084
2022-06-21,Placer,061,380077,69070,68447,8418,76865,628
2022-06-21,Plumas,063,18699,3257,3220,394,3614,13
2022-06-21,Riverside,065,2383286,627088,623584,30270,653854,6491
2022-06-21,Sacramento,067,1510023,311685,309105,30481,339586,3071
2022-06-21,San Benito,069,59416,14294,14128,703,14831,99
2022-06-21,San Bernardino,071,2135413,605540,595517,26558,622075,7774
2022-06-21,San Diego,073,3302833,824054,815124,60802,875926,5318
2022-06-21,San Francisco,075,870044,156278,154213,10263,164476,897
2022-06-21,San Joaquin,077,732212,179204,177637,11757,189394,2251
2022-06-21,San Luis Obispo,079,281455,57597,57177,5356,62533,485
2022-06-21,San Mateo,081,765935,147824,145781,9210,154991,723
2022-06-21,Santa Barbara,083,443738,94240,93576,5484,99060,700
2022-06-21,Santa Clara,085,1922200,379106,370678,16093,386771,2340
2022-06-21,Santa Cruz,087,273765,55188,54525,2701,57226,265
2022-06-21,Shasta,089,179085,32035,31786,6406,38192,570
2022-06-21,Sierra,091,2930,284,283,57,340,4
2022-06-21,Siskiyou,093,43540,4738,4711,2965,7676,81
2022-06-21,Solano,095,438530,93401,91528,6557,98085,454
2022-06-21,Sonoma,097,501317,96333,95363,4226,99589,493
2022-06-21,Stanislaus,099,539301,124845,124023,19124,143147,1670
2022-06-21,Sutter,101,95872,21713,21649,2312,23961,227
2022-06-21,Tehama,103,63373,12557,12465,2712,15177,205
2022-06-21,Trinity,105,12862,1240,1223,297,1520,20
2022-06-21,Tulare,107,460477,111219,110768,29886,140654,1496
2022-06-21,Tuolumne,109,53932,13788,13596,680,14276,189
2022-06-21,Ventura,111,848112,187780,186601,11650,198251,1514
2022-06-21,Yolo,113,214977,43075,41689,3459,45148,323
2022-06-21,Yuba,115,75493,16995,16912,1431,18343,124
2022-06-20,Alameda,001,1643700,302700,299567,16762,316329,1888
2022-06-20,Alpine,002,1148,129,129,1,130,0
2022-06-20,Amador,005,37829,9191,9049,757,9806,87
2022-06-20,Butte,007,227075,35598,35203,7858,43061,433
2022-06-20,Calaveras,009,45235,7758,7716,413,8129,122
2022-06-20,Colusa,011,21464,3544,3529,1113,4642,21
2022-06-20,Contra Costa,013,1133247,221925,216355,16893,233248,1328
2022-06-20,Del Norte,015,27424,6450,6367,282,6649,52
2022-06-20,El Dorado,017,186661,29327,29139,3650,32789,215
2022-06-20,Fresno,019,978130,248864,244129,26528,270657,2772
2022-06-20,Glenn,021,27897,5204,5161,1700,6861,48
2022-06-20,Humboldt,023,135768,19252,19111,3907,23018,148
2022-06-20,Imperial,025,180216,58183,57866,11360,69226,944
2022-06-20,Inyo,027,18085,4233,4222,624,4846,56
2022-06-20,Kern,029,883053,200786,199721,49846,249567,2341
2022-06-20,Kings,031,150075,53715,53568,3644,57212,448
2022-06-20,Lake,033,64148,11479,11426,995,12421,140
2022-06-20,Lassen,035,31185,9282,9259,920,10179,64
2022-06-20,Los Angeles,037,10098052,2942984,2925667,141856,3067523,32015
2022-06-20,Madera,039,155013,39305,39139,6684,45823,372
2022-06-20,Marin,041,260295,40069,39687,4493,44180,297
2022-06-20,Mariposa,043,17540,2723,2695,263,2958,30
2022-06-20,Mendocino,045,87422,14312,14201,3694,17895,127
2022-06-20,Merced,047,269075,65905,65120,9728,74848,827
2022-06-20,Modoc,049,8938,776,773,265,1038,8
2022-06-20,Mono,051,14174,3077,3073,177,3250,7
2022-06-20,Monterey,053,433212,85325,84752,16707,101459,742
2022-06-20,Napa,055,140530,29047,28894,1245,30139,144
2022-06-20,Nevada,057,99092,17373,17280,1439,18719,129
2022-06-20,Orange,059,3164182,595540,592215,49388,641603,7084
2022-06-20,Placer,061,380077,68950,68447,8405,76852,628
2022-06-20,Plumas,063,18699,3251,3220,394,3614,13
2022-06-20,Riverside,065,2383286,626148,623584,30202,653786,6491
2022-06-20,Sacramento,067,1510023,310978,309105,30404,339509,3071
2022-06-20,San Benito,069,59416,14248,14128,697,14825,99
2022-06-20,San Bernardino,071,2135413,604637,595517,26520,622037,7774
2022-06-20,San Diego,073,3302833,822067,815124,60547,875671,5318
2022-06-20,San Francisco,075,870044,155663,154213,10224,164437,897
2022-06-20,San Joaquin,077,732212,178877,177637,11711,189348,2251
2022-06-20,San Luis Obispo,079,281455,57493,57177,5308,62485,485
2022-06-20,San Mateo,081,765935,147316,145781,9185,154966,723
2022-06-20,Santa Barbara,083,443738,94055,93576,5459,99035,700
2022-06-20,Santa Clara,085,1922200,377901,370678,16032,386710,2340
2022-06-20,Santa Cruz,087,273765,55015,54525,2694,57219,265
2022-06-20,Shasta,089,179085,31978,31786,6394,38180,570
2022-06-20,Sierra,091,2930,284,283,56,339,4
2022-06-20,Siskiyou,093,43540,4725,4711,2953,7664,81
2022-06-20,Solano,095,438530,93069,91528,6535,98063,454
2022-06-20,Sonoma,097,501317,96094,95363,4200,99563,493
2022-06-20,Stanislaus,099,539301,124658,124023,19095,143118,1670
2022-06-20,Sutter,101,95872,21682,21649,2293,23942,227
2022-06-20,Tehama,103,63373,12542,12465,2709,15174,205
2022-06-20,Trinity,105,12862,1235,1223,297,1520,20
2022-06-20,Tulare,107,460477,111074,110768,29824,140592,1496
2022-06-20,Tuolumne,109,53932,13752,13596,680,14276,189
2022-06-20,Ventura,111,848112,187444,186601,11610,198211,1514
2022-06-20,Yolo,113,214977,42913,41689,3441,45130,323
2022-06-20,Yuba,115,75493,16969,16912,1425,18337,124
2022-06-19,Alameda,001,1643700,301774,296062,16731,312793,1883
2022-06-19,Alpine,002,1148,129,129,1,130,0
2022-06-19,Amador,005,37829,9141,8985,744,9729,87
2022-06-19,Butte,007,227075,35537,34920,7835,42755,432
2022-06-19,Calaveras,009,45235,7740,7664,412,8076,122
2022-06-19,Colusa,011,21464,3540,3519,1109,4628,21
2022-06-19,Contra Costa,013,1133247,221238,213994,16828,230822,1323
2022-06-19,Del Norte,015,27424,6433,6307,279,6586,52
2022-06-19,El Dorado,017,186661,29246,28904,3635,32539,215
2022-06-19,Fresno,019,978130,248415,242214,26459,268673,2768
2022-06-19,Glenn,021,27897,5195,5131,1698,6829,48
2022-06-19,Humboldt,023,135768,19205,18885,3882,22767,148
2022-06-19,Imperial,025,180216,58060,57450,11327,68777,944
2022-06-19,Inyo,027,18085,4232,4209,623,4832,56
2022-06-19,Kern,029,883053,200419,198567,49674,248241,2340
2022-06-19,Kings,031,150075,53621,53242,3641,56883,448
2022-06-19,Lake,033,64148,11465,11318,994,12312,140
2022-06-19,Lassen,035,31185,9269,9225,920,10145,64
2022-06-19,Los Angeles,037,10098052,2938116,2909197,141300,3050497,31999
2022-06-19,Madera,039,155013,39213,38859,6663,45522,372
2022-06-19,Marin,041,260295,39941,39214,4483,43697,294
2022-06-19,Mariposa,043,17540,2716,2662,262,2924,30
2022-06-19,Mendocino,045,87422,14285,14090,3681,17771,127
2022-06-19,Merced,047,269075,65804,64734,9698,74432,827
2022-06-19,Modoc,049,8938,773,771,264,1035,8
2022-06-19,Mono,051,14174,3075,3066,176,3242,6
2022-06-19,Monterey,053,433212,85177,84032,16661,100693,744
2022-06-19,Napa,055,140530,28986,28619,1241,29860,144
2022-06-19,Nevada,057,99092,17343,17134,1431,18565,129
2022-06-19,Orange,059,3164182,594243,587176,49195,636371,7074
2022-06-19,Placer,061,380077,68831,67961,8384,76345,628
2022-06-19,Plumas,063,18699,3243,3201,394,3595,13
2022-06-19,Riverside,065,2383286,625275,619760,30153,649913,6488
2022-06-19,Sacramento,067,1510023,310247,306215,30347,336562,3072
2022-06-19,San Benito,069,59416,14229,13985,695,14680,99
2022-06-19,San Bernardino,071,2135413,603811,591926,26483,618409,7765
2022-06-19,San Diego,073,3302833,820537,815124,60423,875547,5318
2022-06-19,San Francisco,075,870044,155145,151898,10185,162083,897
2022-06-19,San Joaquin,077,732212,178555,176323,11673,187996,2251
2022-06-19,San Luis Obispo,079,281455,57352,56767,5251,62018,485
2022-06-19,San Mateo,081,765935,146861,143879,9152,153031,723
2022-06-19,Santa Barbara,083,443738,93885,92906,5443,98349,699
2022-06-19,Santa Clara,085,1922200,376724,365638,15969,381607,2328
2022-06-19,Santa Cruz,087,273765,54852,53866,2675,56541,264
2022-06-19,Shasta,089,179085,31919,31647,6383,38030,568
2022-06-19,Sierra,091,2930,284,281,56,337,4
2022-06-19,Siskiyou,093,43540,4713,4672,2947,7619,81
2022-06-19,Solano,095,438530,92810,90548,6522,97070,454
2022-06-19,Sonoma,097,501317,95852,94318,4179,98497,493
2022-06-19,Stanislaus,099,539301,124472,123264,19046,142310,1668
2022-06-19,Sutter,101,95872,21647,21501,2285,23786,227
2022-06-19,Tehama,103,63373,12533,12410,2703,15113,205
2022-06-19,Trinity,105,12862,1232,1220,297,1517,20
2022-06-19,Tulare,107,460477,110890,110041,29771,139812,1496
2022-06-19,Tuolumne,109,53932,13725,13487,680,14167,189
2022-06-19,Ventura,111,848112,187092,185219,11565,196784,1513
2022-06-19,Yolo,113,214977,42825,41135,3428,44563,323
2022-06-19,Yuba,115,75493,16937,16786,1422,18208,124
2022-06-18,Alameda,001,1643700,301306,296062,16711,312773,1883
2022-06-18,Alpine,002,1148,129,129,1,130,0
2022-06-18,Amador,005,37829,9134,8985,740,9725,87
2022-06-18,Butte,007,227075,35487,34920,7824,42744,432
2022-06-18,Calaveras,009,45235,7728,7664,412,8076,122
2022-06-18,Colusa,011,21464,3537,3519,1109,4628,21
2022-06-18,Contra Costa,013,1133247,220923,213994,16800,230794,1323
2022-06-18,Del Norte,015,27424,6427,6307,278,6585,52
2022-06-18,El Dorado,017,186661,29217,28904,3632,32536,215
2022-06-18,Fresno,019,978130,248214,242214,26441,268655,2768
2022-06-18,Glenn,021,27897,5192,5131,1697,6828,48
2022-06-18,Humboldt,023,135768,19176,18885,3875,22760,148
2022-06-18,Imperial,025,180216,57990,57450,11314,68764,944
2022-06-18,Inyo,027,18085,4231,4209,622,4831,56
2022-06-18,Kern,029,883053,200295,198567,49588,248155,2340
2022-06-18,Kings,031,150075,53585,53242,3640,56882,448
2022-06-18,Lake,033,64148,11454,11318,992,12310,140
2022-06-18,Lassen,035,31185,9265,9225,920,10145,64
2022-06-18,Los Angeles,037,10098052,2935673,2909197,141011,3050208,31999
2022-06-18,Madera,039,155013,39189,38859,6657,45516,372
2022-06-18,Marin,041,260295,39877,39214,4473,43687,294
2022-06-18,Mariposa,043,17540,2711,2662,262,2924,30
2022-06-18,Mendocino,045,87422,14263,14090,3678,17768,127
2022-06-18,Merced,047,269075,65739,64734,9688,74422,827
2022-06-18,Modoc,049,8938,773,771,264,1035,8
2022-06-18,Mono,051,14174,3074,3066,176,3242,6
2022-06-18,Monterey,053,433212,85086,84032,16633,100665,744
2022-06-18,Napa,055,140530,28961,28619,1240,29859,144
2022-06-18,Nevada,057,99092,17331,17134,1430,18564,129
2022-06-18,Orange,059,3164182,593619,587176,49081,636257,7074
2022-06-18,Placer,061,380077,68765,67961,8370,76331,628
2022-06-18,Plumas,063,18699,3235,3201,394,3595,13
2022-06-18,Riverside,065,2383286,624741,619760,30138,649898,6488
2022-06-18,Sacramento,067,1510023,309927,306215,30323,336538,3072
2022-06-18,San Benito,069,59416,14214,13985,688,14673,99
2022-06-18,San Bernardino,071,2135413,603380,591926,26461,618387,7765
2022-06-18,San Diego,073,3302833,819819,815124,60362,875486,5318
2022-06-18,San Francisco,075,870044,154814,151898,10166,162064,897
2022-06-18,San Joaquin,077,732212,178392,176323,11664,187987,2251
2022-06-18,San Luis Obispo,079,281455,57307,56767,5242,62009,485
2022-06-18,San Mateo,081,765935,146591,143879,9130,153009,723
2022-06-18,Santa Barbara,083,443738,93774,92906,5433,98339,699
2022-06-18,Santa Clara,085,1922200,375970,365638,15923,381561,2328
2022-06-18,Santa Cruz,087,273765,54776,53866,2665,56531,264
2022-06-18,Shasta,089,179085,31898,31647,6380,38027,568
2022-06-18,Sierra,091,2930,284,281,56,337,4
2022-06-18,Siskiyou,093,43540,4705,4672,2943,7615,81
2022-06-18,Solano,095,438530,92726,90548,6513,97061,454
2022-06-18,Sonoma,097,501317,95712,94318,4161,98479,493
2022-06-18,Stanislaus,099,539301,124366,123264,19025,142289,1668
2022-06-18,Sutter,101,95872,21626,21501,2282,23783,227
2022-06-18,Tehama,103,63373,12524,12410,2699,15109,205
2022-06-18,Trinity,105,12862,1231,1220,297,1517,20
2022-06-18,Tulare,107,460477,110805,110041,29731,139772,1496
2022-06-18,Tuolumne,109,53932,13703,13487,677,14164,189
2022-06-18,Ventura,111,848112,186917,185219,11542,196761,1513
2022-06-18,Yolo,113,214977,42756,41135,3423,44558,323
2022-06-18,Yuba,115,75493,16924,16786,1422,18208,124
2022-06-17,Alameda,001,1643700,300832,296062,16697,312759,1883
2022-06-17,Alpine,002,1148,129,129,1,130,0
2022-06-17,Amador,005,37829,9125,8985,740,9725,87
2022-06-17,Butte,007,227075,35456,34920,7814,42734,432
2022-06-17,Calaveras,009,45235,7720,7664,412,8076,122
2022-06-17,Colusa,011,21464,3536,3519,1104,4623,21
2022-06-17,Contra Costa,013,1133247,220622,213994,16775,230769,1323
2022-06-17,Del Norte,015,27424,6413,6307,278,6585,52
2022-06-17,El Dorado,017,186661,29184,28904,3628,32532,215
2022-06-17,Fresno,019,978130,247968,242214,26413,268627,2768
2022-06-17,Glenn,021,27897,5191,5131,1691,6822,48
2022-06-17,Humboldt,023,135768,19149,18885,3871,22756,148
2022-06-17,Imperial,025,180216,57937,57450,11302,68752,944
2022-06-17,Inyo,027,18085,4227,4209,616,4825,56
2022-06-17,Kern,029,883053,200141,198567,49546,248113,2340
2022-06-17,Kings,031,150075,53558,53242,3639,56881,448
2022-06-17,Lake,033,64148,11446,11318,991,12309,140
2022-06-17,Lassen,035,31185,9264,9225,919,10144,64
2022-06-17,Los Angeles,037,10098052,2932829,2909197,140712,3049909,31999
2022-06-17,Madera,039,155013,39162,38859,6651,45510,372
2022-06-17,Marin,041,260295,39782,39214,4460,43674,294
2022-06-17,Mariposa,043,17540,2707,2662,262,2924,30
2022-06-17,Mendocino,045,87422,14246,14090,3674,17764,127
2022-06-17,Merced,047,269075,65682,64734,9683,74417,827
2022-06-17,Modoc,049,8938,773,771,264,1035,8
2022-06-17,Mono,051,14174,3074,3066,176,3242,6
2022-06-17,Monterey,053,433212,84996,84032,16603,100635,744
2022-06-17,Napa,055,140530,28922,28619,1237,29856,144
2022-06-17,Nevada,057,99092,17313,17134,1425,18559,129
2022-06-17,Orange,059,3164182,592942,587176,48945,636121,7074
2022-06-17,Placer,061,380077,68705,67961,8358,76319,628
2022-06-17,Plumas,063,18699,3234,3201,393,3594,13
2022-06-17,Riverside,065,2383286,624190,619760,30102,649862,6488
2022-06-17,Sacramento,067,1510023,309539,306215,30300,336515,3072
2022-06-17,San Benito,069,59416,14202,13985,688,14673,99
2022-06-17,San Bernardino,071,2135413,602939,591926,26430,618356,7765
2022-06-17,San Diego,073,3302833,818856,815124,60258,875382,5318
2022-06-17,San Francisco,075,870044,154499,151898,10133,162031,897
2022-06-17,San Joaquin,077,732212,178240,176323,11653,187976,2251
2022-06-17,San Luis Obispo,079,281455,57270,56767,5236,62003,485
2022-06-17,San Mateo,081,765935,146287,143879,9111,152990,723
2022-06-17,Santa Barbara,083,443738,93668,92906,5421,98327,699
2022-06-17,Santa Clara,085,1922200,375144,365638,15892,381530,2328
2022-06-17,Santa Cruz,087,273765,54710,53866,2660,56526,264
2022-06-17,Shasta,089,179085,31871,31647,6372,38019,568
2022-06-17,Sierra,091,2930,284,281,56,337,4
2022-06-17,Siskiyou,093,43540,4698,4672,2943,7615,81
2022-06-17,Solano,095,438530,92581,90548,6501,97049,454
2022-06-17,Sonoma,097,501317,95546,94318,4144,98462,493
2022-06-17,Stanislaus,099,539301,124270,123264,19015,142279,1668
2022-06-17,Sutter,101,95872,21604,21501,2276,23777,227
2022-06-17,Tehama,103,63373,12509,12410,2696,15106,205
2022-06-17,Trinity,105,12862,1231,1220,297,1517,20
2022-06-17,Tulare,107,460477,110716,110041,29700,139741,1496
2022-06-17,Tuolumne,109,53932,13690,13487,676,14163,189
2022-06-17,Ventura,111,848112,186737,185219,11521,196740,1513
2022-06-17,Yolo,113,214977,42673,41135,3410,44545,323
2022-06-17,Yuba,115,75493,16917,16786,1419,18205,124
2022-06-16,Alameda,001,1643700,300049,296062,16650,312712,1883
2022-06-16,Alpine,002,1148,129,129,1,130,0
2022-06-16,Amador,005,37829,9118,8985,735,9720,87
2022-06-16,Butte,007,227075,35381,34920,7798,42718,432
2022-06-16,Calaveras,009,45235,7708,7664,410,8074,122
2022-06-16,Colusa,011,21464,3534,3519,1103,4622,21
2022-06-16,Contra Costa,013,1133247,220158,213994,16724,230718,1323
2022-06-16,Del Norte,015,27424,6399,6307,277,6584,52
2022-06-16,El Dorado,017,186661,29132,28904,3616,32520,215
2022-06-16,Fresno,019,978130,247594,242214,26351,268565,2768
2022-06-16,Glenn,021,27897,5182,5131,1690,6821,48
2022-06-16,Humboldt,023,135768,19119,18885,3857,22742,148
2022-06-16,Imperial,025,180216,57838,57450,11273,68723,944
2022-06-16,Inyo,027,18085,4226,4209,613,4822,56
2022-06-16,Kern,029,883053,199930,198567,49430,247997,2340
2022-06-16,Kings,031,150075,53491,53242,3636,56878,448
2022-06-16,Lake,033,64148,11430,11318,991,12309,140
2022-06-16,Lassen,035,31185,9257,9225,919,10144,64
2022-06-16,Los Angeles,037,10098052,2928840,2909197,140353,3049550,31999
2022-06-16,Madera,039,155013,39131,38859,6641,45500,372
2022-06-16,Marin,041,260295,39681,39214,4447,43661,294
2022-06-16,Mariposa,043,17540,2699,2662,260,2922,30
2022-06-16,Mendocino,045,87422,14217,14090,3664,17754,127
2022-06-16,Merced,047,269075,65603,64734,9664,74398,827
2022-06-16,Modoc,049,8938,773,771,264,1035,8
2022-06-16,Mono,051,14174,3073,3066,175,3241,6
2022-06-16,Monterey,053,433212,84848,84032,16548,100580,744
2022-06-16,Napa,055,140530,28877,28619,1234,29853,144
2022-06-16,Nevada,057,99092,17290,17134,1420,18554,129
2022-06-16,Orange,059,3164182,591918,587176,48806,635982,7074
2022-06-16,Placer,061,380077,68620,67961,8335,76296,628
2022-06-16,Plumas,063,18699,3227,3201,392,3593,13
2022-06-16,Riverside,065,2383286,623444,619760,30058,649818,6488
2022-06-16,Sacramento,067,1510023,308959,306215,30265,336480,3072
2022-06-16,San Benito,069,59416,14177,13985,685,14670,99
2022-06-16,San Bernardino,071,2135413,602279,591926,26392,618318,7765
2022-06-16,San Diego,073,3302833,817336,815124,60098,875222,5318
2022-06-16,San Francisco,075,870044,154051,151898,10093,161991,897
2022-06-16,San Joaquin,077,732212,177987,176323,11633,187956,2251
2022-06-16,San Luis Obispo,079,281455,57192,56767,5216,61983,485
2022-06-16,San Mateo,081,765935,145920,143879,9095,152974,723
2022-06-16,Santa Barbara,083,443738,93519,92906,5407,98313,699
2022-06-16,Santa Clara,085,1922200,374198,365638,15844,381482,2328
2022-06-16,Santa Cruz,087,273765,54577,53866,2648,56514,264
2022-06-16,Shasta,089,179085,31840,31647,6361,38008,568
2022-06-16,Sierra,091,2930,283,281,56,337,4
2022-06-16,Siskiyou,093,43540,4689,4672,2934,7606,81
2022-06-16,Solano,095,438530,92385,90548,6489,97037,454
2022-06-16,Sonoma,097,501317,95359,94318,4127,98445,493
2022-06-16,Stanislaus,099,539301,124109,123264,18998,142262,1668
2022-06-16,Sutter,101,95872,21579,21501,2274,23775,227
2022-06-16,Tehama,103,63373,12490,12410,2694,15104,205
2022-06-16,Trinity,105,12862,1229,1220,294,1514,20
2022-06-16,Tulare,107,460477,110585,110041,29659,139700,1496
2022-06-16,Tuolumne,109,53932,13666,13487,672,14159,189
2022-06-16,Ventura,111,848112,186466,185219,11476,196695,1513
2022-06-16,Yolo,113,214977,42582,41135,3399,44534,323
2022-06-16,Yuba,115,75493,16893,16786,1415,18201,124
2022-06-15,Alameda,001,1643700,299264,295002,16624,311626,1880
2022-06-15,Alpine,002,1148,129,129,1,130,0
2022-06-15,Amador,005,37829,9110,8972,735,9707,87
2022-06-15,Butte,007,227075,35318,34841,7779,42620,430
2022-06-15,Calaveras,009,45235,7705,7648,408,8056,122
2022-06-15,Colusa,011,21464,3530,3515,1101,4616,21
2022-06-15,Contra Costa,013,1133247,219695,213219,16680,229899,1321
2022-06-15,Del Norte,015,27424,6388,6298,276,6574,52
2022-06-15,El Dorado,017,186661,29078,28829,3604,32433,215
2022-06-15,Fresno,019,978130,247221,241768,26305,268073,2767
2022-06-15,Glenn,021,27897,5176,5128,1682,6810,48
2022-06-15,Humboldt,023,135768,19081,18836,3832,22668,148
2022-06-15,Imperial,025,180216,57755,57373,11249,68622,941
2022-06-15,Inyo,027,18085,4224,4205,612,4817,56
2022-06-15,Kern,029,883053,199665,198216,49323,247539,2338
2022-06-15,Kings,031,150075,53438,53170,3633,56803,448
2022-06-15,Lake,033,64148,11410,11303,986,12289,140
2022-06-15,Lassen,035,31185,9253,9209,918,10127,64
2022-06-15,Los Angeles,037,10098052,2924552,2897298,139992,3037290,31971
2022-06-15,Madera,039,155013,39086,38776,6624,45400,372
2022-06-15,Marin,041,260295,39591,39027,4441,43468,294
2022-06-15,Mariposa,043,17540,2695,2651,258,2909,30
2022-06-15,Mendocino,045,87422,14185,14052,3654,17706,127
2022-06-15,Merced,047,269075,65522,64595,9652,74247,825
2022-06-15,Modoc,049,8938,772,772,264,1036,8
2022-06-15,Mono,051,14174,3073,3060,174,3234,6
2022-06-15,Monterey,053,433212,84705,83837,16508,100345,741
2022-06-15,Napa,055,140530,28817,28518,1225,29743,144
2022-06-15,Nevada,057,99092,17265,17107,1416,18523,127
2022-06-15,Orange,059,3164182,590891,585496,48634,634130,7067
2022-06-15,Placer,061,380077,68496,67805,8319,76124,628
2022-06-15,Plumas,063,18699,3222,3185,390,3575,13
2022-06-15,Riverside,065,2383286,622716,618584,30006,648590,6482
2022-06-15,Sacramento,067,1510023,308361,305361,30216,335577,3059
2022-06-15,San Benito,069,59416,14137,13953,678,14631,99
2022-06-15,San Bernardino,071,2135413,601621,590328,26352,616680,7735
2022-06-15,San Diego,073,3302833,815787,811093,59930,871023,5316
2022-06-15,San Francisco,075,870044,153623,151170,10068,161238,890
2022-06-15,San Joaquin,077,732212,177741,175966,11599,187565,2244
2022-06-15,San Luis Obispo,079,281455,57104,56535,5179,61714,486
2022-06-15,San Mateo,081,765935,145520,143277,9079,152356,722
2022-06-15,Santa Barbara,083,443738,93386,92710,5400,98110,698
2022-06-15,Santa Clara,085,1922200,373188,364014,15808,379822,2323
2022-06-15,Santa Cruz,087,273765,54462,53718,2643,56361,265
2022-06-15,Shasta,089,179085,31800,31598,6354,37952,568
2022-06-15,Sierra,091,2930,281,280,56,336,4
2022-06-15,Siskiyou,093,43540,4678,4656,2924,7580,81
2022-06-15,Solano,095,438530,92154,90265,6477,96742,453
2022-06-15,Sonoma,097,501317,95167,94041,4115,98156,492
2022-06-15,Stanislaus,099,539301,123967,122944,18973,141917,1668
2022-06-15,Sutter,101,95872,21551,21448,2269,23717,227
2022-06-15,Tehama,103,63373,12482,12392,2688,15080,205
2022-06-15,Trinity,105,12862,1228,1217,292,1509,20
2022-06-15,Tulare,107,460477,110481,109930,29622,139552,1495
2022-06-15,Tuolumne,109,53932,13655,13459,672,14131,189
2022-06-15,Ventura,111,848112,186194,184750,11427,196177,1509
2022-06-15,Yolo,113,214977,42478,40756,3384,44140,322
2022-06-15,Yuba,115,75493,16868,16754,1410,18164,124
2022-06-14,Alameda,001,1643700,298563,295002,16580,311582,1880
2022-06-14,Alpine,002,1148,129,129,1,130,0
2022-06-14,Amador,005,37829,9094,8972,730,9702,87
2022-06-14,Butte,007,227075,35263,34841,7763,42604,430
2022-06-14,Calaveras,009,45235,7694,7648,407,8055,122
2022-06-14,Colusa,011,21464,3528,3515,1100,4615,21
2022-06-14,Contra Costa,013,1133247,219159,213219,16621,229840,1321
2022-06-14,Del Norte,015,27424,6380,6298,273,6571,52
2022-06-14,El Dorado,017,186661,29026,28829,3596,32425,215
2022-06-14,Fresno,019,978130,246823,241768,26243,268011,2767
2022-06-14,Glenn,021,27897,5167,5128,1679,6807,48
2022-06-14,Humboldt,023,135768,19031,18836,3815,22651,148
2022-06-14,Imperial,025,180216,57681,57373,11219,68592,941
2022-06-14,Inyo,027,18085,4218,4205,611,4816,56
2022-06-14,Kern,029,883053,199403,198216,49207,247423,2338
2022-06-14,Kings,031,150075,53368,53170,3631,56801,448
2022-06-14,Lake,033,64148,11384,11303,985,12288,140
2022-06-14,Lassen,035,31185,9247,9209,915,10124,64
2022-06-14,Los Angeles,037,10098052,2920030,2897298,139571,3036869,31971
2022-06-14,Madera,039,155013,39032,38776,6615,45391,372
2022-06-14,Marin,041,260295,39482,39027,4430,43457,294
2022-06-14,Mariposa,043,17540,2684,2651,255,2906,30
2022-06-14,Mendocino,045,87422,14157,14052,3641,17693,127
2022-06-14,Merced,047,269075,65440,64595,9627,74222,825
2022-06-14,Modoc,049,8938,772,772,263,1035,8
2022-06-14,Mono,051,14174,3073,3060,173,3233,6
2022-06-14,Monterey,053,433212,84567,83837,16462,100299,741
2022-06-14,Napa,055,140530,28753,28518,1224,29742,144
2022-06-14,Nevada,057,99092,17234,17107,1411,18518,127
2022-06-14,Orange,059,3164182,589763,585496,48465,633961,7067
2022-06-14,Placer,061,380077,68373,67805,8304,76109,628
2022-06-14,Plumas,063,18699,3218,3185,390,3575,13
2022-06-14,Riverside,065,2383286,621933,618584,29971,648555,6482
2022-06-14,Sacramento,067,1510023,307729,305361,30131,335492,3059
2022-06-14,San Benito,069,59416,14102,13953,676,14629,99
2022-06-14,San Bernardino,071,2135413,600900,590328,26308,616636,7735
2022-06-14,San Diego,073,3302833,814077,811093,59781,870874,5316
2022-06-14,San Francisco,075,870044,153139,151170,10040,161210,890
2022-06-14,San Joaquin,077,732212,177472,175966,11563,187529,2244
2022-06-14,San Luis Obispo,079,281455,56995,56535,5131,61666,486
2022-06-14,San Mateo,081,765935,145133,143277,9065,152342,722
2022-06-14,Santa Barbara,083,443738,93250,92710,5384,98094,698
2022-06-14,Santa Clara,085,1922200,372119,364014,15764,379778,2323
2022-06-14,Santa Cruz,087,273765,54335,53718,2632,56350,265
2022-06-14,Shasta,089,179085,31770,31598,6346,37944,568
2022-06-14,Sierra,091,2930,281,280,56,336,4
2022-06-14,Siskiyou,093,43540,4668,4656,2918,7574,81
2022-06-14,Solano,095,438530,91891,90265,6455,96720,453
2022-06-14,Sonoma,097,501317,94952,94041,4101,98142,492
2022-06-14,Stanislaus,099,539301,123790,122944,18944,141888,1668
2022-06-14,Sutter,101,95872,21513,21448,2265,23713,227
2022-06-14,Tehama,103,63373,12464,12392,2687,15079,205
2022-06-14,Trinity,105,12862,1227,1217,292,1509,20
2022-06-14,Tulare,107,460477,110336,109930,29578,139508,1495
2022-06-14,Tuolumne,109,53932,13634,13459,668,14127,189
2022-06-14,Ventura,111,848112,185901,184750,11389,196139,1509
2022-06-14,Yolo,113,214977,42371,40756,3373,44129,322
2022-06-14,Yuba,115,75493,16838,16754,1407,18161,124
2022-06-13,Alameda,001,1643700,297737,295002,16528,311530,1880
2022-06-13,Alpine,002,1148,129,129,1,130,0
2022-06-13,Amador,005,37829,9087,8972,728,9700,87
2022-06-13,Butte,007,227075,35185,34841,7738,42579,430
2022-06-13,Calaveras,009,45235,7676,7648,407,8055,122
2022-06-13,Colusa,011,21464,3528,3515,1097,4612,21
2022-06-13,Contra Costa,013,1133247,218583,213219,16554,229773,1321
2022-06-13,Del Norte,015,27424,6368,6298,269,6567,52
2022-06-13,El Dorado,017,186661,28976,28829,3584,32413,215
2022-06-13,Fresno,019,978130,246395,241768,26187,267955,2767
2022-06-13,Glenn,021,27897,5163,5128,1675,6803,48
2022-06-13,Humboldt,023,135768,18978,18836,3791,22627,148
2022-06-13,Imperial,025,180216,57581,57373,11175,68548,941
2022-06-13,Inyo,027,18085,4214,4205,606,4811,56
2022-06-13,Kern,029,883053,199134,198216,49071,247287,2338
2022-06-13,Kings,031,150075,53302,53170,3627,56797,448
2022-06-13,Lake,033,64148,11359,11303,984,12287,140
2022-06-13,Lassen,035,31185,9239,9209,912,10121,64
2022-06-13,Los Angeles,037,10098052,2915458,2897298,139181,3036479,31971
2022-06-13,Madera,039,155013,38965,38776,6597,45373,372
2022-06-13,Marin,041,260295,39375,39027,4402,43429,294
2022-06-13,Mariposa,043,17540,2670,2651,254,2905,30
2022-06-13,Mendocino,045,87422,14132,14052,3625,17677,127
2022-06-13,Merced,047,269075,65364,64595,9599,74194,825
2022-06-13,Modoc,049,8938,771,772,263,1035,8
2022-06-13,Mono,051,14174,3071,3060,173,3233,6
2022-06-13,Monterey,053,433212,84431,83837,16411,100248,741
2022-06-13,Napa,055,140530,28682,28518,1220,29738,144
2022-06-13,Nevada,057,99092,17203,17107,1408,18515,127
2022-06-13,Orange,059,3164182,588527,585496,48280,633776,7067
2022-06-13,Placer,061,380077,68276,67805,8282,76087,628
2022-06-13,Plumas,063,18699,3213,3185,389,3574,13
2022-06-13,Riverside,065,2383286,621189,618584,29936,648520,6482
2022-06-13,Sacramento,067,1510023,307050,305361,30061,335422,3059
2022-06-13,San Benito,069,59416,14075,13953,670,14623,99
2022-06-13,San Bernardino,071,2135413,600099,590328,26277,616605,7735
2022-06-13,San Diego,073,3302833,812373,811093,59673,870766,5316
2022-06-13,San Francisco,075,870044,152604,151170,10022,161192,890
2022-06-13,San Joaquin,077,732212,177208,175966,11526,187492,2244
2022-06-13,San Luis Obispo,079,281455,56892,56535,5079,61614,486
2022-06-13,San Mateo,081,765935,144693,143277,9043,152320,722
2022-06-13,Santa Barbara,083,443738,93121,92710,5371,98081,698
2022-06-13,Santa Clara,085,1922200,371093,364014,15713,379727,2323
2022-06-13,Santa Cruz,087,273765,54197,53718,2625,56343,265
2022-06-13,Shasta,089,179085,31737,31598,6339,37937,568
2022-06-13,Sierra,091,2930,281,280,56,336,4
2022-06-13,Siskiyou,093,43540,4664,4656,2910,7566,81
2022-06-13,Solano,095,438530,91650,90265,6431,96696,453
2022-06-13,Sonoma,097,501317,94695,94041,4082,98123,492
2022-06-13,Stanislaus,099,539301,123623,122944,18920,141864,1668
2022-06-13,Sutter,101,95872,21485,21448,2261,23709,227
2022-06-13,Tehama,103,63373,12445,12392,2684,15076,205
2022-06-13,Trinity,105,12862,1225,1217,292,1509,20
2022-06-13,Tulare,107,460477,110182,109930,29531,139461,1495
2022-06-13,Tuolumne,109,53932,13611,13459,665,14124,189
2022-06-13,Ventura,111,848112,185609,184750,11337,196087,1509
2022-06-13,Yolo,113,214977,42233,40756,3361,44117,322
2022-06-13,Yuba,115,75493,16820,16754,1403,18157,124
2022-06-12,Alameda,001,1643700,296917,292112,16472,308584,1877
2022-06-12,Alpine,002,1148,129,129,1,130,0
2022-06-12,Amador,005,37829,9064,8869,727,9596,87
2022-06-12,Butte,007,227075,35128,34596,7717,42313,427
2022-06-12,Calaveras,009,45235,7662,7604,404,8008,122
2022-06-12,Colusa,011,21464,3527,3505,1096,4601,21
2022-06-12,Contra Costa,013,1133247,217992,211229,16483,227712,1315
2022-06-12,Del Norte,015,27424,6354,6253,269,6522,52
2022-06-12,El Dorado,017,186661,28915,28641,3567,32208,215
2022-06-12,Fresno,019,978130,245928,240345,26133,266478,2766
2022-06-12,Glenn,021,27897,5160,5104,1673,6777,48
2022-06-12,Humboldt,023,135768,18913,18696,3755,22451,148
2022-06-12,Imperial,025,180216,57503,57129,11131,68260,941
2022-06-12,Inyo,027,18085,4212,4194,605,4799,56
2022-06-12,Kern,029,883053,198852,197353,48950,246303,2338
2022-06-12,Kings,031,150075,53224,52978,3622,56600,447
2022-06-12,Lake,033,64148,11335,11202,983,12185,139
2022-06-12,Lassen,035,31185,9221,9172,910,10082,64
2022-06-12,Los Angeles,037,10098052,2910509,2878981,138698,3017679,31947
2022-06-12,Madera,039,155013,38872,38567,6571,45138,372
2022-06-12,Marin,041,260295,39264,38593,4378,42971,294
2022-06-12,Mariposa,043,17540,2664,2625,253,2878,30
2022-06-12,Mendocino,045,87422,14109,13945,3619,17564,127
2022-06-12,Merced,047,269075,65249,64286,9570,73856,825
2022-06-12,Modoc,049,8938,771,767,263,1030,8
2022-06-12,Mono,051,14174,3067,3052,172,3224,6
2022-06-12,Monterey,053,433212,84274,83391,16333,99724,739
2022-06-12,Napa,055,140530,28620,28202,1211,29413,143
2022-06-12,Nevada,057,99092,17159,16989,1402,18391,127
2022-06-12,Orange,059,3164182,587252,581624,48088,629712,7057
2022-06-12,Placer,061,380077,68162,67306,8260,75566,628
2022-06-12,Plumas,063,18699,3207,3172,388,3560,13
2022-06-12,Riverside,065,2383286,620244,615556,29868,645424,6481
2022-06-12,Sacramento,067,1510023,306304,302721,29951,332672,3058
2022-06-12,San Benito,069,59416,14041,13832,664,14496,99
2022-06-12,San Bernardino,071,2135413,599168,587385,26227,613612,7708
2022-06-12,San Diego,073,3302833,810639,805360,59537,864897,5315
2022-06-12,San Francisco,075,870044,152049,149278,9978,159256,890
2022-06-12,San Joaquin,077,732212,176850,174822,11499,186321,2244
2022-06-12,San Luis Obispo,079,281455,56755,56160,5018,61178,485
2022-06-12,San Mateo,081,765935,144227,141719,9002,150721,715
2022-06-12,Santa Barbara,083,443738,92948,92177,5356,97533,694
2022-06-12,Santa Clara,085,1922200,369910,359925,15667,375592,2322
2022-06-12,Santa Cruz,087,273765,54037,53171,2620,55791,264
2022-06-12,Shasta,089,179085,31690,31483,6325,37808,566
2022-06-12,Sierra,091,2930,281,278,56,334,4
2022-06-12,Siskiyou,093,43540,4656,4633,2905,7538,81
2022-06-12,Solano,095,438530,91358,89424,6412,95836,453
2022-06-12,Sonoma,097,501317,94439,93218,4058,97276,492
2022-06-12,Stanislaus,099,539301,123423,122267,18879,141146,1665
2022-06-12,Sutter,101,95872,21445,21333,2246,23579,227
2022-06-12,Tehama,103,63373,12426,12343,2679,15022,205
2022-06-12,Trinity,105,12862,1222,1213,292,1505,20
2022-06-12,Tulare,107,460477,109988,109467,29468,138935,1495
2022-06-12,Tuolumne,109,53932,13583,13382,663,14045,189
2022-06-12,Ventura,111,848112,185255,183680,11290,194970,1508
2022-06-12,Yolo,113,214977,42112,40202,3356,43558,323
2022-06-12,Yuba,115,75493,16792,16653,1396,18049,123
2022-06-11,Alameda,001,1643700,296500,292112,16450,308562,1877
2022-06-11,Alpine,002,1148,129,129,1,130,0
2022-06-11,Amador,005,37829,9050,8869,727,9596,87
2022-06-11,Butte,007,227075,35093,34596,7701,42297,427
2022-06-11,Calaveras,009,45235,7655,7604,403,8007,122
2022-06-11,Colusa,011,21464,3525,3505,1095,4600,21
2022-06-11,Contra Costa,013,1133247,217680,211229,16448,227677,1315
2022-06-11,Del Norte,015,27424,6346,6253,269,6522,52
2022-06-11,El Dorado,017,186661,28896,28641,3565,32206,215
2022-06-11,Fresno,019,978130,245732,240345,26113,266458,2766
2022-06-11,Glenn,021,27897,5158,5104,1673,6777,48
2022-06-11,Humboldt,023,135768,18893,18696,3747,22443,148
2022-06-11,Imperial,025,180216,57447,57129,11117,68246,941
2022-06-11,Inyo,027,18085,4212,4194,603,4797,56
2022-06-11,Kern,029,883053,198728,197353,48877,246230,2338
2022-06-11,Kings,031,150075,53192,52978,3621,56599,447
2022-06-11,Lake,033,64148,11327,11202,980,12182,139
2022-06-11,Lassen,035,31185,9216,9172,909,10081,64
2022-06-11,Los Angeles,037,10098052,2908161,2878981,138407,3017388,31947
2022-06-11,Madera,039,155013,38851,38567,6569,45136,372
2022-06-11,Marin,041,260295,39186,38593,4344,42937,294
2022-06-11,Mariposa,043,17540,2660,2625,252,2877,30
2022-06-11,Mendocino,045,87422,14098,13945,3615,17560,127
2022-06-11,Merced,047,269075,65201,64286,9566,73852,825
2022-06-11,Modoc,049,8938,771,767,263,1030,8
2022-06-11,Mono,051,14174,3067,3052,172,3224,6
2022-06-11,Monterey,053,433212,84190,83391,16301,99692,739
2022-06-11,Napa,055,140530,28581,28202,1207,29409,143
2022-06-11,Nevada,057,99092,17145,16989,1400,18389,127
2022-06-11,Orange,059,3164182,586612,581624,47946,629570,7057
2022-06-11,Placer,061,380077,68076,67306,8251,75557,628
2022-06-11,Plumas,063,18699,3204,3172,388,3560,13
2022-06-11,Riverside,065,2383286,619718,615556,29839,645395,6481
2022-06-11,Sacramento,067,1510023,305993,302721,29916,332637,3058
2022-06-11,San Benito,069,59416,14031,13832,661,14493,99
2022-06-11,San Bernardino,071,2135413,598745,587385,26204,613589,7708
2022-06-11,San Diego,073,3302833,809938,805360,59491,864851,5315
2022-06-11,San Francisco,075,870044,151728,149278,9958,159236,890
2022-06-11,San Joaquin,077,732212,176696,174822,11480,186302,2244
2022-06-11,San Luis Obispo,079,281455,56721,56160,5008,61168,485
2022-06-11,San Mateo,081,765935,144004,141719,8979,150698,715
2022-06-11,Santa Barbara,083,443738,92882,92177,5342,97519,694
2022-06-11,Santa Clara,085,1922200,369147,359925,15630,375555,2322
2022-06-11,Santa Cruz,087,273765,53982,53171,2606,55777,264
2022-06-11,Shasta,089,179085,31674,31483,6319,37802,566
2022-06-11,Sierra,091,2930,281,278,56,334,4
2022-06-11,Siskiyou,093,43540,4650,4633,2897,7530,81
2022-06-11,Solano,095,438530,91268,89424,6402,95826,453
2022-06-11,Sonoma,097,501317,94332,93218,4033,97251,492
2022-06-11,Stanislaus,099,539301,123321,122267,18856,141123,1665
2022-06-11,Sutter,101,95872,21427,21333,2245,23578,227
2022-06-11,Tehama,103,63373,12419,12343,2679,15022,205
2022-06-11,Trinity,105,12862,1221,1213,292,1505,20
2022-06-11,Tulare,107,460477,109902,109467,29440,138907,1495
2022-06-11,Tuolumne,109,53932,13557,13382,662,14044,189
2022-06-11,Ventura,111,848112,185077,183680,11258,194938,1508
2022-06-11,Yolo,113,214977,42047,40202,3349,43551,323
2022-06-11,Yuba,115,75493,16773,16653,1392,18045,123
2022-06-10,Alameda,001,1643700,296025,292112,16427,308539,1877
2022-06-10,Alpine,002,1148,129,129,1,130,0
2022-06-10,Amador,005,37829,9037,8869,726,9595,87
2022-06-10,Butte,007,227075,35061,34596,7687,42283,427
2022-06-10,Calaveras,009,45235,7650,7604,402,8006,122
2022-06-10,Colusa,011,21464,3520,3505,1094,4599,21
2022-06-10,Contra Costa,013,1133247,217412,211229,16417,227646,1315
2022-06-10,Del Norte,015,27424,6340,6253,268,6521,52
2022-06-10,El Dorado,017,186661,28868,28641,3562,32203,215
2022-06-10,Fresno,019,978130,245503,240345,26090,266435,2766
2022-06-10,Glenn,021,27897,5156,5104,1670,6774,48
2022-06-10,Humboldt,023,135768,18871,18696,3740,22436,148
2022-06-10,Imperial,025,180216,57401,57129,11114,68243,941
2022-06-10,Inyo,027,18085,4211,4194,600,4794,56
2022-06-10,Kern,029,883053,198582,197353,48785,246138,2338
2022-06-10,Kings,031,150075,53171,52978,3620,56598,447
2022-06-10,Lake,033,64148,11312,11202,979,12181,139
2022-06-10,Lassen,035,31185,9213,9172,907,10079,64
2022-06-10,Los Angeles,037,10098052,2905432,2878981,138138,3017119,31947
2022-06-10,Madera,039,155013,38823,38567,6561,45128,372
2022-06-10,Marin,041,260295,39091,38593,4317,42910,294
2022-06-10,Mariposa,043,17540,2656,2625,251,2876,30
2022-06-10,Mendocino,045,87422,14080,13945,3607,17552,127
2022-06-10,Merced,047,269075,65157,64286,9561,73847,825
2022-06-10,Modoc,049,8938,771,767,263,1030,8
2022-06-10,Mono,051,14174,3067,3052,171,3223,6
2022-06-10,Monterey,053,433212,84098,83391,16261,99652,739
2022-06-10,Napa,055,140530,28551,28202,1206,29408,143
2022-06-10,Nevada,057,99092,17132,16989,1399,18388,127
2022-06-10,Orange,059,3164182,585950,581624,47821,629445,7057
2022-06-10,Placer,061,380077,68004,67306,8233,75539,628
2022-06-10,Plumas,063,18699,3200,3172,388,3560,13
2022-06-10,Riverside,065,2383286,619195,615556,29810,645366,6481
2022-06-10,Sacramento,067,1510023,305597,302721,29893,332614,3058
2022-06-10,San Benito,069,59416,14018,13832,660,14492,99
2022-06-10,San Bernardino,071,2135413,598335,587385,26173,613558,7708
2022-06-10,San Diego,073,3302833,809024,805360,59455,864815,5315
2022-06-10,San Francisco,075,870044,151410,149278,9920,159198,890
2022-06-10,San Joaquin,077,732212,176581,174822,11464,186286,2244
2022-06-10,San Luis Obispo,079,281455,56686,56160,5001,61161,485
2022-06-10,San Mateo,081,765935,143747,141719,8966,150685,715
2022-06-10,Santa Barbara,083,443738,92783,92177,5338,97515,694
2022-06-10,Santa Clara,085,1922200,368400,359925,15596,375521,2322
2022-06-10,Santa Cruz,087,273765,53883,53171,2596,55767,264
2022-06-10,Shasta,089,179085,31654,31483,6310,37793,566
2022-06-10,Sierra,091,2930,280,278,56,334,4
2022-06-10,Siskiyou,093,43540,4643,4633,2891,7524,81
2022-06-10,Solano,095,438530,91106,89424,6388,95812,453
2022-06-10,Sonoma,097,501317,94169,93218,4010,97228,492
2022-06-10,Stanislaus,099,539301,123201,122267,18842,141109,1665
2022-06-10,Sutter,101,95872,21412,21333,2243,23576,227
2022-06-10,Tehama,103,63373,12411,12343,2678,15021,205
2022-06-10,Trinity,105,12862,1219,1213,292,1505,20
2022-06-10,Tulare,107,460477,109835,109467,29419,138886,1495
2022-06-10,Tuolumne,109,53932,13543,13382,660,14042,189
2022-06-10,Ventura,111,848112,184891,183680,11224,194904,1508
2022-06-10,Yolo,113,214977,41957,40202,3341,43543,323
2022-06-10,Yuba,115,75493,16752,16653,1389,18042,123
2022-06-09,Alameda,001,1643700,295113,292112,16377,308489,1877
2022-06-09,Alpine,002,1148,129,129,1,130,0
2022-06-09,Amador,005,37829,9025,8869,723,9592,87
2022-06-09,Butte,007,227075,35001,34596,7676,42272,427
2022-06-09,Calaveras,009,45235,7640,7604,402,8006,122
2022-06-09,Colusa,011,21464,3519,3505,1092,4597,21
2022-06-09,Contra Costa,013,1133247,216898,211229,16372,227601,1315
2022-06-09,Del Norte,015,27424,6327,6253,265,6518,52
2022-06-09,El Dorado,017,186661,28811,28641,3552,32193,215
2022-06-09,Fresno,019,978130,245148,240345,26044,266389,2766
2022-06-09,Glenn,021,27897,5150,5104,1668,6772,48
2022-06-09,Humboldt,023,135768,18822,18696,3729,22425,148
2022-06-09,Imperial,025,180216,57343,57129,11097,68226,941
2022-06-09,Inyo,027,18085,4208,4194,595,4789,56
2022-06-09,Kern,029,883053,198380,197353,48687,246040,2338
2022-06-09,Kings,031,150075,53130,52978,3617,56595,447
2022-06-09,Lake,033,64148,11287,11202,977,12179,139
2022-06-09,Lassen,035,31185,9194,9172,905,10077,64
2022-06-09,Los Angeles,037,10098052,2901034,2878981,137759,3016740,31947
2022-06-09,Madera,039,155013,38769,38567,6547,45114,372
2022-06-09,Marin,041,260295,38989,38593,4292,42885,294
2022-06-09,Mariposa,043,17540,2652,2625,250,2875,30
2022-06-09,Mendocino,045,87422,14052,13945,3605,17550,127
2022-06-09,Merced,047,269075,65080,64286,9552,73838,825
2022-06-09,Modoc,049,8938,770,767,263,1030,8
2022-06-09,Mono,051,14174,3061,3052,169,3221,6
2022-06-09,Monterey,053,433212,83976,83391,16192,99583,739
2022-06-09,Napa,055,140530,28491,28202,1204,29406,143
2022-06-09,Nevada,057,99092,17098,16989,1398,18387,127
2022-06-09,Orange,059,3164182,584884,581624,47666,629290,7057
2022-06-09,Placer,061,380077,67882,67306,8220,75526,628
2022-06-09,Plumas,063,18699,3194,3172,388,3560,13
2022-06-09,Riverside,065,2383286,618502,615556,29770,645326,6481
2022-06-09,Sacramento,067,1510023,305016,302721,29805,332526,3058
2022-06-09,San Benito,069,59416,14000,13832,658,14490,99
2022-06-09,San Bernardino,071,2135413,597666,587385,26140,613525,7708
2022-06-09,San Diego,073,3302833,807618,805360,59315,864675,5315
2022-06-09,San Francisco,075,870044,151017,149278,9890,159168,890
2022-06-09,San Joaquin,077,732212,176287,174822,11444,186266,2244
2022-06-09,San Luis Obispo,079,281455,56599,56160,4972,61132,485
2022-06-09,San Mateo,081,765935,143362,141719,8939,150658,715
2022-06-09,Santa Barbara,083,443738,92652,92177,5333,97510,694
2022-06-09,Santa Clara,085,1922200,367432,359925,15529,375454,2322
2022-06-09,Santa Cruz,087,273765,53751,53171,2586,55757,264
2022-06-09,Shasta,089,179085,31622,31483,6300,37783,566
2022-06-09,Sierra,091,2930,280,278,56,334,4
2022-06-09,Siskiyou,093,43540,4636,4633,2877,7510,81
2022-06-09,Solano,095,438530,90857,89424,6374,95798,453
2022-06-09,Sonoma,097,501317,94012,93218,3991,97209,492
2022-06-09,Stanislaus,099,539301,123033,122267,18827,141094,1665
2022-06-09,Sutter,101,95872,21375,21333,2243,23576,227
2022-06-09,Tehama,103,63373,12392,12343,2677,15020,205
2022-06-09,Trinity,105,12862,1218,1213,292,1505,20
2022-06-09,Tulare,107,460477,109713,109467,29383,138850,1495
2022-06-09,Tuolumne,109,53932,13512,13382,657,14039,189
2022-06-09,Ventura,111,848112,184623,183680,11190,194870,1508
2022-06-09,Yolo,113,214977,41845,40202,3326,43528,323
2022-06-09,Yuba,115,75493,16729,16653,1386,18039,123
2022-06-08,Alameda,001,1643700,294347,289661,16326,305987,1873
2022-06-08,Alpine,002,1148,129,128,1,129,0
2022-06-08,Amador,005,37829,9017,8818,721,9539,87
2022-06-08,Butte,007,227075,34934,34380,7658,42038,427
2022-06-08,Calaveras,009,45235,7626,7564,402,7966,122
2022-06-08,Colusa,011,21464,3517,3495,1089,4584,21
2022-06-08,Contra Costa,013,1133247,216385,209384,16308,225692,1310
2022-06-08,Del Norte,015,27424,6305,6229,265,6494,52
2022-06-08,El Dorado,017,186661,28760,28478,3542,32020,215
2022-06-08,Fresno,019,978130,244809,239376,25972,265348,2766
2022-06-08,Glenn,021,27897,5146,5095,1665,6760,48
2022-06-08,Humboldt,023,135768,18792,18598,3703,22301,147
2022-06-08,Imperial,025,180216,57268,56912,11077,67989,941
2022-06-08,Inyo,027,18085,4206,4189,594,4783,56
2022-06-08,Kern,029,883053,198109,196763,48577,245340,2338
2022-06-08,Kings,031,150075,53060,52821,3613,56434,447
2022-06-08,Lake,033,64148,11266,11158,974,12132,137
2022-06-08,Lassen,035,31185,9181,9148,905,10053,64
2022-06-08,Los Angeles,037,10098052,2896420,2865901,137368,3003269,31920
2022-06-08,Madera,039,155013,38724,38408,6534,44942,372
2022-06-08,Marin,041,260295,38897,38338,4275,42613,294
2022-06-08,Mariposa,043,17540,2642,2614,249,2863,30
2022-06-08,Mendocino,045,87422,14031,13859,3593,17452,127
2022-06-08,Merced,047,269075,65014,64080,9530,73610,825
2022-06-08,Modoc,049,8938,766,761,263,1024,8
2022-06-08,Mono,051,14174,3057,3044,169,3213,6
2022-06-08,Monterey,053,433212,83865,83063,16142,99205,740
2022-06-08,Napa,055,140530,28402,27996,1199,29195,143
2022-06-08,Nevada,057,99092,17072,16907,1394,18301,127
2022-06-08,Orange,059,3164182,583778,578530,47470,626000,7044
2022-06-08,Placer,061,380077,67753,66951,8206,75157,627
2022-06-08,Plumas,063,18699,3191,3150,387,3537,13
2022-06-08,Riverside,065,2383286,617815,613469,29735,643204,6480
2022-06-08,Sacramento,067,1510023,304372,300875,29720,330595,3054
2022-06-08,San Benito,069,59416,13966,13734,656,14390,99
2022-06-08,San Bernardino,071,2135413,596971,585029,26096,611125,7685
2022-06-08,San Diego,073,3302833,806123,800840,59139,859979,5308
2022-06-08,San Francisco,075,870044,150593,147960,9864,157824,885
2022-06-08,San Joaquin,077,732212,176009,173887,11414,185301,2241
2022-06-08,San Luis Obispo,079,281455,56443,55822,4909,60731,484
2022-06-08,San Mateo,081,765935,142963,140569,8890,149459,710
2022-06-08,Santa Barbara,083,443738,92513,91747,5322,97069,693
2022-06-08,Santa Clara,085,1922200,366459,356452,15481,371933,2321
2022-06-08,Santa Cruz,087,273765,53611,52753,2575,55328,264
2022-06-08,Shasta,089,179085,31589,31394,6289,37683,565
2022-06-08,Sierra,091,2930,280,278,56,334,4
2022-06-08,Siskiyou,093,43540,4631,4609,2875,7484,81
2022-06-08,Solano,095,438530,90588,88522,6354,94876,453
2022-06-08,Sonoma,097,501317,93826,92644,3957,96601,491
2022-06-08,Stanislaus,099,539301,122852,121787,18792,140579,1662
2022-06-08,Sutter,101,95872,21351,21256,2238,23494,227
2022-06-08,Tehama,103,63373,12385,12306,2676,14982,205
2022-06-08,Trinity,105,12862,1217,1211,291,1502,20
2022-06-08,Tulare,107,460477,109627,109091,29329,138420,1494
2022-06-08,Tuolumne,109,53932,13497,13335,656,13991,189
2022-06-08,Ventura,111,848112,184347,182847,11140,193987,1506
2022-06-08,Yolo,113,214977,41740,39962,3312,43274,321
2022-06-08,Yuba,115,75493,16704,16558,1378,17936,122
2022-06-07,Alameda,001,1643700,293539,289661,16283,305944,1873
2022-06-07,Alpine,002,1148,129,128,1,129,0
2022-06-07,Amador,005,37829,9007,8818,718,9536,87
2022-06-07,Butte,007,227075,34855,34380,7633,42013,427
2022-06-07,Calaveras,009,45235,7618,7564,400,7964,122
2022-06-07,Colusa,011,21464,3517,3495,1086,4581,21
2022-06-07,Contra Costa,013,1133247,215824,209384,16255,225639,1310
2022-06-07,Del Norte,015,27424,6297,6229,262,6491,52
2022-06-07,El Dorado,017,186661,28699,28478,3531,32009,215
2022-06-07,Fresno,019,978130,244423,239376,25906,265282,2766
2022-06-07,Glenn,021,27897,5139,5095,1665,6760,48
2022-06-07,Humboldt,023,135768,18754,18598,3687,22285,147
2022-06-07,Imperial,025,180216,57208,56912,11044,67956,941
2022-06-07,Inyo,027,18085,4205,4189,586,4775,56
2022-06-07,Kern,029,883053,197852,196763,48467,245230,2338
2022-06-07,Kings,031,150075,53002,52821,3609,56430,447
2022-06-07,Lake,033,64148,11241,11158,968,12126,137
2022-06-07,Lassen,035,31185,9172,9148,904,10052,64
2022-06-07,Los Angeles,037,10098052,2891104,2865901,136935,3002836,31920
2022-06-07,Madera,039,155013,38652,38408,6518,44926,372
2022-06-07,Marin,041,260295,38812,38338,4248,42586,294
2022-06-07,Mariposa,043,17540,2635,2614,247,2861,30
2022-06-07,Mendocino,045,87422,13999,13859,3562,17421,127
2022-06-07,Merced,047,269075,64923,64080,9514,73594,825
2022-06-07,Modoc,049,8938,766,761,261,1022,8
2022-06-07,Mono,051,14174,3055,3044,167,3211,6
2022-06-07,Monterey,053,433212,83736,83063,16088,99151,740
2022-06-07,Napa,055,140530,28328,27996,1192,29188,143
2022-06-07,Nevada,057,99092,17045,16907,1388,18295,127
2022-06-07,Orange,059,3164182,582656,578530,47307,625837,7044
2022-06-07,Placer,061,380077,67604,66951,8174,75125,627
2022-06-07,Plumas,063,18699,3186,3150,386,3536,13
2022-06-07,Riverside,065,2383286,616937,613469,29684,643153,6480
2022-06-07,Sacramento,067,1510023,303648,300875,29617,330492,3054
2022-06-07,San Benito,069,59416,13923,13734,652,14386,99
2022-06-07,San Bernardino,071,2135413,596197,585029,26068,611097,7685
2022-06-07,San Diego,073,3302833,804546,800840,58928,859768,5308
2022-06-07,San Francisco,075,870044,150078,147960,9842,157802,885
2022-06-07,San Joaquin,077,732212,175673,173887,11377,185264,2241
2022-06-07,San Luis Obispo,079,281455,56340,55822,4864,60686,484
2022-06-07,San Mateo,081,765935,142544,140569,8835,149404,710
2022-06-07,Santa Barbara,083,443738,92367,91747,5309,97056,693
2022-06-07,Santa Clara,085,1922200,365314,356452,15401,371853,2321
2022-06-07,Santa Cruz,087,273765,53510,52753,2568,55321,264
2022-06-07,Shasta,089,179085,31552,31394,6282,37676,565
2022-06-07,Sierra,091,2930,279,278,56,334,4
2022-06-07,Siskiyou,093,43540,4624,4609,2871,7480,81
2022-06-07,Solano,095,438530,90258,88522,6337,94859,453
2022-06-07,Sonoma,097,501317,93599,92644,3925,96569,491
2022-06-07,Stanislaus,099,539301,122679,121787,18772,140559,1662
2022-06-07,Sutter,101,95872,21322,21256,2236,23492,227
2022-06-07,Tehama,103,63373,12369,12306,2672,14978,205
2022-06-07,Trinity,105,12862,1216,1211,291,1502,20
2022-06-07,Tulare,107,460477,109500,109091,29279,138370,1494
2022-06-07,Tuolumne,109,53932,13482,13335,654,13989,189
2022-06-07,Ventura,111,848112,183982,182847,11096,193943,1506
2022-06-07,Yolo,113,214977,41623,39962,3303,43265,321
2022-06-07,Yuba,115,75493,16675,16558,1377,17935,122
2022-06-06,Alameda,001,1643700,292653,289661,16235,305896,1873
2022-06-06,Alpine,002,1148,129,128,1,129,0
2022-06-06,Amador,005,37829,8955,8818,716,9534,87
2022-06-06,Butte,007,227075,34791,34380,7619,41999,427
2022-06-06,Calaveras,009,45235,7607,7564,400,7964,122
2022-06-06,Colusa,011,21464,3516,3495,1082,4577,21
2022-06-06,Contra Costa,013,1133247,215169,209384,16172,225556,1310
2022-06-06,Del Norte,015,27424,6289,6229,261,6490,52
2022-06-06,El Dorado,017,186661,28652,28478,3519,31997,215
2022-06-06,Fresno,019,978130,243998,239376,25836,265212,2766
2022-06-06,Glenn,021,27897,5131,5095,1663,6758,48
2022-06-06,Humboldt,023,135768,18716,18598,3674,22272,147
2022-06-06,Imperial,025,180216,57135,56912,11012,67924,941
2022-06-06,Inyo,027,18085,4201,4189,583,4772,56
2022-06-06,Kern,029,883053,197569,196763,48332,245095,2338
2022-06-06,Kings,031,150075,52945,52821,3606,56427,447
2022-06-06,Lake,033,64148,11221,11158,962,12120,137
2022-06-06,Lassen,035,31185,9162,9148,903,10051,64
2022-06-06,Los Angeles,037,10098052,2885473,2865901,136518,3002419,31920
2022-06-06,Madera,039,155013,38584,38408,6490,44898,372
2022-06-06,Marin,041,260295,38687,38338,4211,42549,294
2022-06-06,Mariposa,043,17540,2625,2614,245,2859,30
2022-06-06,Mendocino,045,87422,13970,13859,3551,17410,127
2022-06-06,Merced,047,269075,64803,64080,9490,73570,825
2022-06-06,Modoc,049,8938,764,761,259,1020,8
2022-06-06,Mono,051,14174,3052,3044,166,3210,6
2022-06-06,Monterey,053,433212,83593,83063,16023,99086,740
2022-06-06,Napa,055,140530,28249,27996,1183,29179,143
2022-06-06,Nevada,057,99092,17017,16907,1384,18291,127
2022-06-06,Orange,059,3164182,581526,578530,47130,625660,7044
2022-06-06,Placer,061,380077,67486,66951,8142,75093,627
2022-06-06,Plumas,063,18699,3179,3150,385,3535,13
2022-06-06,Riverside,065,2383286,616145,613469,29634,643103,6480
2022-06-06,Sacramento,067,1510023,302872,300875,29513,330388,3054
2022-06-06,San Benito,069,59416,13875,13734,648,14382,99
2022-06-06,San Bernardino,071,2135413,595423,585029,26026,611055,7685
2022-06-06,San Diego,073,3302833,802759,800840,58693,859533,5308
2022-06-06,San Francisco,075,870044,149559,147960,9820,157780,885
2022-06-06,San Joaquin,077,732212,175289,173887,11346,185233,2241
2022-06-06,San Luis Obispo,079,281455,56231,55822,4831,60653,484
2022-06-06,San Mateo,081,765935,142058,140569,8798,149367,710
2022-06-06,Santa Barbara,083,443738,92190,91747,5291,97038,693
2022-06-06,Santa Clara,085,1922200,364050,356452,15317,371769,2321
2022-06-06,Santa Cruz,087,273765,53355,52753,2556,55309,264
2022-06-06,Shasta,089,179085,31517,31394,6270,37664,565
2022-06-06,Sierra,091,2930,279,278,56,334,4
2022-06-06,Siskiyou,093,43540,4614,4609,2861,7470,81
2022-06-06,Solano,095,438530,89964,88522,6317,94839,453
2022-06-06,Sonoma,097,501317,93358,92644,3897,96541,491
2022-06-06,Stanislaus,099,539301,122491,121787,18746,140533,1662
2022-06-06,Sutter,101,95872,21292,21256,2230,23486,227
2022-06-06,Tehama,103,63373,12357,12306,2670,14976,205
2022-06-06,Trinity,105,12862,1214,1211,291,1502,20
2022-06-06,Tulare,107,460477,109359,109091,29224,138315,1494
2022-06-06,Tuolumne,109,53932,13463,13335,653,13988,189
2022-06-06,Ventura,111,848112,183675,182847,11053,193900,1506
2022-06-06,Yolo,113,214977,41466,39962,3292,43254,321
2022-06-06,Yuba,115,75493,16632,16558,1370,17928,122
2022-06-05,Alameda,001,1643700,291602,285785,16171,301956,1873
2022-06-05,Alpine,002,1148,128,128,1,129,0
2022-06-05,Amador,005,37829,8918,8775,713,9488,87
2022-06-05,Butte,007,227075,34712,34129,7601,41730,427
2022-06-05,Calaveras,009,45235,7591,7525,394,7919,121
2022-06-05,Colusa,011,21464,3510,3484,1082,4566,21
2022-06-05,Contra Costa,013,1133247,214459,206711,16063,222774,1310
2022-06-05,Del Norte,015,27424,6278,6206,257,6463,52
2022-06-05,El Dorado,017,186661,28575,28241,3510,31751,214
2022-06-05,Fresno,019,978130,243529,237945,25747,263692,2766
2022-06-05,Glenn,021,27897,5124,5063,1663,6726,48
2022-06-05,Humboldt,023,135768,18666,18433,3652,22085,147
2022-06-05,Imperial,025,180216,57040,56690,10964,67654,941
2022-06-05,Inyo,027,18085,4197,4176,578,4754,56
2022-06-05,Kern,029,883053,197258,195863,48215,244078,2338
2022-06-05,Kings,031,150075,52868,52597,3600,56197,447
2022-06-05,Lake,033,64148,11202,11064,958,12022,137
2022-06-05,Lassen,035,31185,9154,9106,899,10005,64
2022-06-05,Los Angeles,037,10098052,2879409,2846989,135994,2982983,31899
2022-06-05,Madera,039,155013,38521,38188,6474,44662,372
2022-06-05,Marin,041,260295,38572,37879,4178,42057,294
2022-06-05,Mariposa,043,17540,2623,2557,244,2801,30
2022-06-05,Mendocino,045,87422,13934,13738,3504,17242,125
2022-06-05,Merced,047,269075,64712,63756,9456,73212,825
2022-06-05,Modoc,049,8938,763,759,259,1018,8
2022-06-05,Mono,051,14174,3049,3037,164,3201,6
2022-06-05,Monterey,053,433212,83430,82451,15942,98393,738
2022-06-05,Napa,055,140530,28120,27686,1174,28860,143
2022-06-05,Nevada,057,99092,16974,16728,1368,18096,127
2022-06-05,Orange,059,3164182,580259,574146,46938,621084,7038
2022-06-05,Placer,061,380077,67344,66428,8109,74537,627
2022-06-05,Plumas,063,18699,3171,3138,385,3523,13
2022-06-05,Riverside,065,2383286,615205,610369,29571,639940,6481
2022-06-05,Sacramento,067,1510023,301959,297787,29367,327154,3052
2022-06-05,San Benito,069,59416,13830,13572,642,14214,99
2022-06-05,San Bernardino,071,2135413,594434,582305,25982,608287,7664
2022-06-05,San Diego,073,3302833,800863,794822,58501,853323,5303
2022-06-05,San Francisco,075,870044,148970,145876,9767,155643,881
2022-06-05,San Joaquin,077,732212,174850,172621,11298,183919,2242
2022-06-05,San Luis Obispo,079,281455,56069,55333,4758,60091,484
2022-06-05,San Mateo,081,765935,141543,138536,8750,147286,710
2022-06-05,Santa Barbara,083,443738,91998,90911,5272,96183,693
2022-06-05,Santa Clara,085,1922200,362628,351492,15228,366720,2317
2022-06-05,Santa Cruz,087,273765,53163,52333,2543,54876,263
2022-06-05,Shasta,089,179085,31476,31272,6259,37531,565
2022-06-05,Sierra,091,2930,279,278,56,334,4
2022-06-05,Siskiyou,093,43540,4609,4591,2849,7440,81
2022-06-05,Solano,095,438530,89622,87571,6300,93871,452
2022-06-05,Sonoma,097,501317,93078,91518,3868,95386,491
2022-06-05,Stanislaus,099,539301,122297,121001,18718,139719,1661
2022-06-05,Sutter,101,95872,21260,21125,2223,23348,227
2022-06-05,Tehama,103,63373,12338,12262,2667,14929,204
2022-06-05,Trinity,105,12862,1214,1204,291,1495,20
2022-06-05,Tulare,107,460477,109172,108598,29149,137747,1490
2022-06-05,Tuolumne,109,53932,13434,13251,640,13891,189
2022-06-05,Ventura,111,848112,183322,181709,10996,192705,1505
2022-06-05,Yolo,113,214977,41335,39561,3280,42841,321
2022-06-05,Yuba,115,75493,16591,16467,1362,17829,122
2022-06-04,Alameda,001,1643700,291097,285785,16147,301932,1873
2022-06-04,Alpine,002,1148,128,128,1,129,0
2022-06-04,Amador,005,37829,8909,8775,711,9486,87
2022-06-04,Butte,007,227075,34673,34129,7596,41725,427
2022-06-04,Calaveras,009,45235,7577,7525,394,7919,121
2022-06-04,Colusa,011,21464,3507,3484,1077,4561,21
2022-06-04,Contra Costa,013,1133247,214071,206711,16023,222734,1310
2022-06-04,Del Norte,015,27424,6277,6206,257,6463,52
2022-06-04,El Dorado,017,186661,28536,28241,3506,31747,214
2022-06-04,Fresno,019,978130,243357,237945,25730,263675,2766
2022-06-04,Glenn,021,27897,5120,5063,1662,6725,48
2022-06-04,Humboldt,023,135768,18644,18433,3646,22079,147
2022-06-04,Imperial,025,180216,56988,56690,10951,67641,941
2022-06-04,Inyo,027,18085,4197,4176,577,4753,56
2022-06-04,Kern,029,883053,197135,195863,48147,244010,2338
2022-06-04,Kings,031,150075,52827,52597,3600,56197,447
2022-06-04,Lake,033,64148,11187,11064,952,12016,137
2022-06-04,Lassen,035,31185,9149,9106,898,10004,64
2022-06-04,Los Angeles,037,10098052,2876952,2846989,135721,2982710,31899
2022-06-04,Madera,039,155013,38487,38188,6470,44658,372
2022-06-04,Marin,041,260295,38495,37879,4137,42016,294
2022-06-04,Mariposa,043,17540,2620,2557,244,2801,30
2022-06-04,Mendocino,045,87422,13921,13738,3503,17241,125
2022-06-04,Merced,047,269075,64662,63756,9447,73203,825
2022-06-04,Modoc,049,8938,762,759,258,1017,8
2022-06-04,Mono,051,14174,3049,3037,164,3201,6
2022-06-04,Monterey,053,433212,83345,82451,15907,98358,738
2022-06-04,Napa,055,140530,28078,27686,1172,28858,143
2022-06-04,Nevada,057,99092,16961,16728,1367,18095,127
2022-06-04,Orange,059,3164182,579618,574146,46811,620957,7038
2022-06-04,Placer,061,380077,67264,66428,8092,74520,627
2022-06-04,Plumas,063,18699,3167,3138,384,3522,13
2022-06-04,Riverside,065,2383286,614669,610369,29546,639915,6481
2022-06-04,Sacramento,067,1510023,301598,297787,29338,327125,3052
2022-06-04,San Benito,069,59416,13804,13572,639,14211,99
2022-06-04,San Bernardino,071,2135413,593985,582305,25953,608258,7664
2022-06-04,San Diego,073,3302833,800136,794822,58454,853276,5303
2022-06-04,San Francisco,075,870044,148640,145876,9746,155622,881
2022-06-04,San Joaquin,077,732212,174705,172621,11261,183882,2242
2022-06-04,San Luis Obispo,079,281455,56030,55333,4752,60085,484
2022-06-04,San Mateo,081,765935,141237,138536,8722,147258,710
2022-06-04,Santa Barbara,083,443738,91900,90911,5251,96162,693
2022-06-04,Santa Clara,085,1922200,361758,351492,15187,366679,2317
2022-06-04,Santa Cruz,087,273765,53078,52333,2530,54863,263
2022-06-04,Shasta,089,179085,31453,31272,6256,37528,565
2022-06-04,Sierra,091,2930,279,278,56,334,4
2022-06-04,Siskiyou,093,43540,4605,4591,2843,7434,81
2022-06-04,Solano,095,438530,89536,87571,6283,93854,452
2022-06-04,Sonoma,097,501317,92924,91518,3854,95372,491
2022-06-04,Stanislaus,099,539301,122159,121001,18703,139704,1661
2022-06-04,Sutter,101,95872,21233,21125,2220,23345,227
2022-06-04,Tehama,103,63373,12324,12262,2666,14928,204
2022-06-04,Trinity,105,12862,1214,1204,291,1495,20
2022-06-04,Tulare,107,460477,109106,108598,29107,137705,1490
2022-06-04,Tuolumne,109,53932,13424,13251,637,13888,189
2022-06-04,Ventura,111,848112,183137,181709,10979,192688,1505
2022-06-04,Yolo,113,214977,41252,39561,3275,42836,321
2022-06-04,Yuba,115,75493,16575,16467,1358,17825,122
2022-06-03,Alameda,001,1643700,290560,285785,16117,301902,1873
2022-06-03,Alpine,002,1148,128,128,1,129,0
2022-06-03,Amador,005,37829,8903,8775,709,9484,87
2022-06-03,Butte,007,227075,34622,34129,7586,41715,427
2022-06-03,Calaveras,009,45235,7572,7525,394,7919,121
2022-06-03,Colusa,011,21464,3507,3484,1075,4559,21
2022-06-03,Contra Costa,013,1133247,213761,206711,15993,222704,1310
2022-06-03,Del Norte,015,27424,6273,6206,254,6460,52
2022-06-03,El Dorado,017,186661,28507,28241,3503,31744,214
2022-06-03,Fresno,019,978130,243128,237945,25697,263642,2766
2022-06-03,Glenn,021,27897,5114,5063,1660,6723,48
2022-06-03,Humboldt,023,135768,18624,18433,3641,22074,147
2022-06-03,Imperial,025,180216,56942,56690,10941,67631,941
2022-06-03,Inyo,027,18085,4196,4176,577,4753,56
2022-06-03,Kern,029,883053,196993,195863,48079,243942,2338
2022-06-03,Kings,031,150075,52803,52597,3600,56197,447
2022-06-03,Lake,033,64148,11176,11064,949,12013,137
2022-06-03,Lassen,035,31185,9144,9106,898,10004,64
2022-06-03,Los Angeles,037,10098052,2874047,2846989,135432,2982421,31899
2022-06-03,Madera,039,155013,38443,38188,6461,44649,372
2022-06-03,Marin,041,260295,38426,37879,4102,41981,294
2022-06-03,Mariposa,043,17540,2617,2557,244,2801,30
2022-06-03,Mendocino,045,87422,13899,13738,3502,17240,125
2022-06-03,Merced,047,269075,64611,63756,9444,73200,825
2022-06-03,Modoc,049,8938,762,759,258,1017,8
2022-06-03,Mono,051,14174,3046,3037,164,3201,6
2022-06-03,Monterey,053,433212,83246,82451,15860,98311,738
2022-06-03,Napa,055,140530,28028,27686,1164,28850,143
2022-06-03,Nevada,057,99092,16941,16728,1366,18094,127
2022-06-03,Orange,059,3164182,578934,574146,46707,620853,7038
2022-06-03,Placer,061,380077,67179,66428,8076,74504,627
2022-06-03,Plumas,063,18699,3165,3138,383,3521,13
2022-06-03,Riverside,065,2383286,614141,610369,29516,639885,6481
2022-06-03,Sacramento,067,1510023,301127,297787,29303,327090,3052
2022-06-03,San Benito,069,59416,13791,13572,635,14207,99
2022-06-03,San Bernardino,071,2135413,593533,582305,25918,608223,7664
2022-06-03,San Diego,073,3302833,799190,794822,58331,853153,5303
2022-06-03,San Francisco,075,870044,148270,145876,9714,155590,881
2022-06-03,San Joaquin,077,732212,174540,172621,11242,183863,2242
2022-06-03,San Luis Obispo,079,281455,55985,55333,4743,60076,484
2022-06-03,San Mateo,081,765935,140953,138536,8710,147246,710
2022-06-03,Santa Barbara,083,443738,91781,90911,5249,96160,693
2022-06-03,Santa Clara,085,1922200,360865,351492,15140,366632,2317
2022-06-03,Santa Cruz,087,273765,52946,52333,2517,54850,263
2022-06-03,Shasta,089,179085,31441,31272,6255,37527,565
2022-06-03,Sierra,091,2930,279,278,56,334,4
2022-06-03,Siskiyou,093,43540,4600,4591,2842,7433,81
2022-06-03,Solano,095,438530,89419,87571,6272,93843,452
2022-06-03,Sonoma,097,501317,92777,91518,3845,95363,491
2022-06-03,Stanislaus,099,539301,122054,121001,18682,139683,1661
2022-06-03,Sutter,101,95872,21210,21125,2219,23344,227
2022-06-03,Tehama,103,63373,12318,12262,2665,14927,204
2022-06-03,Trinity,105,12862,1212,1204,291,1495,20
2022-06-03,Tulare,107,460477,109038,108598,29072,137670,1490
2022-06-03,Tuolumne,109,53932,13413,13251,634,13885,189
2022-06-03,Ventura,111,848112,182949,181709,10954,192663,1505
2022-06-03,Yolo,113,214977,41190,39561,3261,42822,321
2022-06-03,Yuba,115,75493,16550,16467,1356,17823,122
2022-06-02,Alameda,001,1643700,289658,285785,16053,301838,1873
2022-06-02,Alpine,002,1148,128,128,1,129,0
2022-06-02,Amador,005,37829,8880,8775,707,9482,87
2022-06-02,Butte,007,227075,34546,34129,7570,41699,427
2022-06-02,Calaveras,009,45235,7559,7525,393,7918,121
2022-06-02,Colusa,011,21464,3504,3484,1075,4559,21
2022-06-02,Contra Costa,013,1133247,213174,206711,15901,222612,1310
2022-06-02,Del Norte,015,27424,6262,6206,253,6459,52
2022-06-02,El Dorado,017,186661,28439,28241,3491,31732,214
2022-06-02,Fresno,019,978130,242781,237945,25642,263587,2766
2022-06-02,Glenn,021,27897,5108,5063,1657,6720,48
2022-06-02,Humboldt,023,135768,18583,18433,3620,22053,147
2022-06-02,Imperial,025,180216,56882,56690,10930,67620,941
2022-06-02,Inyo,027,18085,4196,4176,574,4750,56
2022-06-02,Kern,029,883053,196710,195863,47975,243838,2338
2022-06-02,Kings,031,150075,52751,52597,3595,56192,447
2022-06-02,Lake,033,64148,11154,11064,947,12011,137
2022-06-02,Lassen,035,31185,9133,9106,898,10004,64
2022-06-02,Los Angeles,037,10098052,2869129,2846989,135007,2981996,31899
2022-06-02,Madera,039,155013,38389,38188,6448,44636,372
2022-06-02,Marin,041,260295,38328,37879,4075,41954,294
2022-06-02,Mariposa,043,17540,2612,2557,243,2800,30
2022-06-02,Mendocino,045,87422,13870,13738,3494,17232,125
2022-06-02,Merced,047,269075,64535,63756,9434,73190,825
2022-06-02,Modoc,049,8938,761,759,258,1017,8
2022-06-02,Mono,051,14174,3046,3037,164,3201,6
2022-06-02,Monterey,053,433212,83095,82451,15796,98247,738
2022-06-02,Napa,055,140530,27952,27686,1161,28847,143
2022-06-02,Nevada,057,99092,16904,16728,1361,18089,127
2022-06-02,Orange,059,3164182,577904,574146,46558,620704,7038
2022-06-02,Placer,061,380077,67059,66428,8051,74479,627
2022-06-02,Plumas,063,18699,3156,3138,383,3521,13
2022-06-02,Riverside,065,2383286,613456,610369,29458,639827,6481
2022-06-02,Sacramento,067,1510023,300484,297787,29199,326986,3052
2022-06-02,San Benito,069,59416,13758,13572,633,14205,99
2022-06-02,San Bernardino,071,2135413,592863,582305,25872,608177,7664
2022-06-02,San Diego,073,3302833,797817,794822,58160,852982,5303
2022-06-02,San Francisco,075,870044,147851,145876,9665,155541,881
2022-06-02,San Joaquin,077,732212,174229,172621,11209,183830,2242
2022-06-02,San Luis Obispo,079,281455,55855,55333,4708,60041,484
2022-06-02,San Mateo,081,765935,140571,138536,8658,147194,710
2022-06-02,Santa Barbara,083,443738,91607,90911,5234,96145,693
2022-06-02,Santa Clara,085,1922200,359774,351492,15020,366512,2317
2022-06-02,Santa Cruz,087,273765,52830,52333,2506,54839,263
2022-06-02,Shasta,089,179085,31411,31272,6248,37520,565
2022-06-02,Sierra,091,2930,279,278,56,334,4
2022-06-02,Siskiyou,093,43540,4593,4591,2833,7424,81
2022-06-02,Solano,095,438530,89143,87571,6262,93833,452
2022-06-02,Sonoma,097,501317,92551,91518,3819,95337,491
2022-06-02,Stanislaus,099,539301,121894,121001,18653,139654,1661
2022-06-02,Sutter,101,95872,21183,21125,2213,23338,227
2022-06-02,Tehama,103,63373,12306,12262,2658,14920,204
2022-06-02,Trinity,105,12862,1210,1204,291,1495,20
2022-06-02,Tulare,107,460477,108907,108598,29006,137604,1490
2022-06-02,Tuolumne,109,53932,13394,13251,632,13883,189
2022-06-02,Ventura,111,848112,182678,181709,10920,192629,1505
2022-06-02,Yolo,113,214977,41081,39561,3251,42812,321
2022-06-02,Yuba,115,75493,16529,16467,1349,17816,122
2022-06-01,Alameda,001,1643700,288648,284051,15999,300050,1868
2022-06-01,Alpine,002,1148,128,128,1,129,0
2022-06-01,Amador,005,37829,8874,8741,705,9446,87
2022-06-01,Butte,007,227075,34476,34059,7556,41615,427
2022-06-01,Calaveras,009,45235,7554,7502,390,7892,120
2022-06-01,Colusa,011,21464,3501,3476,1075,4551,21
2022-06-01,Contra Costa,013,1133247,212529,205699,15824,221523,1310
2022-06-01,Del Norte,015,27424,6251,6188,252,6440,51
2022-06-01,El Dorado,017,186661,28378,28133,3473,31606,214
2022-06-01,Fresno,019,978130,242422,237367,25587,262954,2765
2022-06-01,Glenn,021,27897,5103,5059,1656,6715,48
2022-06-01,Humboldt,023,135768,18540,18371,3597,21968,147
2022-06-01,Imperial,025,180216,56814,56445,10903,67348,938
2022-06-01,Inyo,027,18085,4192,4171,568,4739,56
2022-06-01,Kern,029,883053,196484,195438,47893,243331,2336
2022-06-01,Kings,031,150075,52693,52491,3591,56082,447
2022-06-01,Lake,033,64148,11133,11024,942,11966,137
2022-06-01,Lassen,035,31185,9119,9083,897,9980,64
2022-06-01,Los Angeles,037,10098052,2863735,2836856,134575,2971431,31882
2022-06-01,Madera,039,155013,38351,38115,6434,44549,372
2022-06-01,Marin,041,260295,38212,37654,4035,41689,293
2022-06-01,Mariposa,043,17540,2597,2549,242,2791,30
2022-06-01,Mendocino,045,87422,13843,13692,3478,17170,125
2022-06-01,Merced,047,269075,64456,63637,9414,73051,824
2022-06-01,Modoc,049,8938,758,755,257,1012,8
2022-06-01,Mono,051,14174,3044,3035,163,3198,6
2022-06-01,Monterey,053,433212,82941,82215,15733,97948,737
2022-06-01,Napa,055,140530,27876,27580,1151,28731,143
2022-06-01,Nevada,057,99092,16865,16693,1352,18045,127
2022-06-01,Orange,059,3164182,576653,571973,46402,618375,7032
2022-06-01,Placer,061,380077,66917,66199,8019,74218,627
2022-06-01,Plumas,063,18699,3149,3117,382,3499,13
2022-06-01,Riverside,065,2383286,612717,608913,29412,638325,6480
2022-06-01,Sacramento,067,1510023,299728,296457,29092,325549,3045
2022-06-01,San Benito,069,59416,13720,13510,622,14132,98
2022-06-01,San Bernardino,071,2135413,592150,580767,25834,606601,7641
2022-06-01,San Diego,073,3302833,796124,791557,57961,849518,5292
2022-06-01,San Francisco,075,870044,147331,144476,9627,154103,879
2022-06-01,San Joaquin,077,732212,173931,172170,11180,183350,2241
2022-06-01,San Luis Obispo,079,281455,55688,55099,4675,59774,482
2022-06-01,San Mateo,081,765935,140088,137566,8583,146149,710
2022-06-01,Santa Barbara,083,443738,91424,90531,5219,95750,693
2022-06-01,Santa Clara,085,1922200,358612,348742,14929,363671,2317
2022-06-01,Santa Cruz,087,273765,52717,52141,2496,54637,263
2022-06-01,Shasta,089,179085,31380,31247,6245,37492,564
2022-06-01,Sierra,091,2930,279,280,56,336,4
2022-06-01,Siskiyou,093,43540,4587,4574,2828,7402,81
2022-06-01,Solano,095,438530,88906,87206,6234,93440,452
2022-06-01,Sonoma,097,501317,92297,91174,3795,94969,491
2022-06-01,Stanislaus,099,539301,121704,120778,18631,139409,1656
2022-06-01,Sutter,101,95872,21154,21065,2209,23274,227
2022-06-01,Tehama,103,63373,12299,12245,2654,14899,204
2022-06-01,Trinity,105,12862,1209,1200,290,1490,20
2022-06-01,Tulare,107,460477,108796,108401,28950,137351,1490
2022-06-01,Tuolumne,109,53932,13379,13221,631,13852,189
2022-06-01,Ventura,111,848112,182395,181163,10889,192052,1503
2022-06-01,Yolo,113,214977,40998,39371,3240,42611,320
2022-06-01,Yuba,115,75493,16505,16406,1341,17747,122
2022-05-31,Alameda,001,1643700,287539,284051,15945,299996,1868
2022-05-31,Alpine,002,1148,128,128,1,129,0
2022-05-31,Amador,005,37829,8856,8741,699,9440,87
2022-05-31,Butte,007,227075,34415,34059,7538,41597,427
2022-05-31,Calaveras,009,45235,7543,7502,390,7892,120
2022-05-31,Colusa,011,21464,3496,3476,1074,4550,21
2022-05-31,Contra Costa,013,1133247,211777,205699,15729,221428,1310
2022-05-31,Del Norte,015,27424,6242,6188,250,6438,51
2022-05-31,El Dorado,017,186661,28317,28133,3453,31586,214
2022-05-31,Fresno,019,978130,242019,237367,25518,262885,2765
2022-05-31,Glenn,021,27897,5095,5059,1654,6713,48
2022-05-31,Humboldt,023,135768,18509,18371,3577,21948,147
2022-05-31,Imperial,025,180216,56750,56445,10879,67324,938
2022-05-31,Inyo,027,18085,4186,4171,566,4737,56
2022-05-31,Kern,029,883053,196239,195438,47797,243235,2336
2022-05-31,Kings,031,150075,52643,52491,3585,56076,447
2022-05-31,Lake,033,64148,11114,11024,938,11962,137
2022-05-31,Lassen,035,31185,9107,9083,896,9979,64
2022-05-31,Los Angeles,037,10098052,2857667,2836856,134108,2970964,31882
2022-05-31,Madera,039,155013,38287,38115,6414,44529,372
2022-05-31,Marin,041,260295,38073,37654,4000,41654,293
2022-05-31,Mariposa,043,17540,2591,2549,237,2786,30
2022-05-31,Mendocino,045,87422,13808,13692,3461,17153,125
2022-05-31,Merced,047,269075,64369,63637,9391,73028,824
2022-05-31,Modoc,049,8938,756,755,257,1012,8
2022-05-31,Mono,051,14174,3040,3035,163,3198,6
2022-05-31,Monterey,053,433212,82781,82215,15667,97882,737
2022-05-31,Napa,055,140530,27783,27580,1148,28728,143
2022-05-31,Nevada,057,99092,16818,16693,1350,18043,127
2022-05-31,Orange,059,3164182,575423,571973,46219,618192,7032
2022-05-31,Placer,061,380077,66758,66199,7989,74188,627
2022-05-31,Plumas,063,18699,3145,3117,381,3498,13
2022-05-31,Riverside,065,2383286,611798,608913,29350,638263,6480
2022-05-31,Sacramento,067,1510023,298874,296457,28951,325408,3045
2022-05-31,San Benito,069,59416,13664,13510,617,14127,98
2022-05-31,San Bernardino,071,2135413,591268,580767,25799,606566,7641
2022-05-31,San Diego,073,3302833,794248,791557,57756,849313,5292
2022-05-31,San Francisco,075,870044,146690,144476,9585,154061,879
2022-05-31,San Joaquin,077,732212,173555,172170,11137,183307,2241
2022-05-31,San Luis Obispo,079,281455,55537,55099,4610,59709,482
2022-05-31,San Mateo,081,765935,139528,137566,8541,146107,710
2022-05-31,Santa Barbara,083,443738,91200,90531,5196,95727,693
2022-05-31,Santa Clara,085,1922200,357100,348742,14852,363594,2317
2022-05-31,Santa Cruz,087,273765,52597,52141,2476,54617,263
2022-05-31,Shasta,089,179085,31346,31247,6234,37481,564
2022-05-31,Sierra,091,2930,278,280,55,335,4
2022-05-31,Siskiyou,093,43540,4582,4574,2822,7396,81
2022-05-31,Solano,095,438530,88567,87206,6210,93416,452
2022-05-31,Sonoma,097,501317,92008,91174,3756,94930,491
2022-05-31,Stanislaus,099,539301,121499,120778,18606,139384,1656
2022-05-31,Sutter,101,95872,21125,21065,2203,23268,227
2022-05-31,Tehama,103,63373,12290,12245,2649,14894,204
2022-05-31,Trinity,105,12862,1208,1200,290,1490,20
2022-05-31,Tulare,107,460477,108658,108401,28891,137292,1490
2022-05-31,Tuolumne,109,53932,13364,13221,628,13849,189
2022-05-31,Ventura,111,848112,182075,181163,10840,192003,1503
2022-05-31,Yolo,113,214977,40826,39371,3229,42600,320
2022-05-31,Yuba,115,75493,16473,16406,1335,17741,122
2022-05-30,Alameda,001,1643700,286164,284051,15859,299910,1868
2022-05-30,Alpine,002,1148,128,128,1,129,0
2022-05-30,Amador,005,37829,8841,8741,698,9439,87
2022-05-30,Butte,007,227075,34338,34059,7515,41574,427
2022-05-30,Calaveras,009,45235,7534,7502,390,7892,120
2022-05-30,Colusa,011,21464,3494,3476,1073,4549,21
2022-05-30,Contra Costa,013,1133247,210933,205699,15593,221292,1310
2022-05-30,Del Norte,015,27424,6224,6188,249,6437,51
2022-05-30,El Dorado,017,186661,28239,28133,3433,31566,214
2022-05-30,Fresno,019,978130,241547,237367,25443,262810,2765
2022-05-30,Glenn,021,27897,5090,5059,1651,6710,48
2022-05-30,Humboldt,023,135768,18455,18371,3549,21920,147
2022-05-30,Imperial,025,180216,56669,56445,10852,67297,938
2022-05-30,Inyo,027,18085,4181,4171,565,4736,56
2022-05-30,Kern,029,883053,195958,195438,47681,243119,2336
2022-05-30,Kings,031,150075,52548,52491,3584,56075,447
2022-05-30,Lake,033,64148,11085,11024,929,11953,137
2022-05-30,Lassen,035,31185,9091,9083,893,9976,64
2022-05-30,Los Angeles,037,10098052,2850372,2836856,133605,2970461,31882
2022-05-30,Madera,039,155013,38231,38115,6374,44489,372
2022-05-30,Marin,041,260295,37947,37654,3958,41612,293
2022-05-30,Mariposa,043,17540,2568,2549,233,2782,30
2022-05-30,Mendocino,045,87422,13761,13692,3443,17135,125
2022-05-30,Merced,047,269075,64272,63637,9354,72991,824
2022-05-30,Modoc,049,8938,753,755,255,1010,8
2022-05-30,Mono,051,14174,3037,3035,163,3198,6
2022-05-30,Monterey,053,433212,82591,82215,15579,97794,737
2022-05-30,Napa,055,140530,27706,27580,1140,28720,143
2022-05-30,Nevada,057,99092,16771,16693,1345,18038,127
2022-05-30,Orange,059,3164182,573957,571973,46003,617976,7032
2022-05-30,Placer,061,380077,66618,66199,7960,74159,627
2022-05-30,Plumas,063,18699,3139,3117,378,3495,13
2022-05-30,Riverside,065,2383286,610787,608913,29272,638185,6480
2022-05-30,Sacramento,067,1510023,297920,296457,28793,325250,3045
2022-05-30,San Benito,069,59416,13602,13510,609,14119,98
2022-05-30,San Bernardino,071,2135413,590293,580767,25763,606530,7641
2022-05-30,San Diego,073,3302833,791977,791557,57462,849019,5292
2022-05-30,San Francisco,075,870044,146034,144476,9532,154008,879
2022-05-30,San Joaquin,077,732212,173157,172170,11096,183266,2241
2022-05-30,San Luis Obispo,079,281455,55330,55099,4539,59638,482
2022-05-30,San Mateo,081,765935,138846,137566,8489,146055,710
2022-05-30,Santa Barbara,083,443738,90944,90531,5162,95693,693
2022-05-30,Santa Clara,085,1922200,355545,348742,14764,363506,2317
2022-05-30,Santa Cruz,087,273765,52459,52141,2466,54607,263
2022-05-30,Shasta,089,179085,31307,31247,6227,37474,564
2022-05-30,Sierra,091,2930,278,280,55,335,4
2022-05-30,Siskiyou,093,43540,4573,4574,2810,7384,81
2022-05-30,Solano,095,438530,88219,87206,6154,93360,452
2022-05-30,Sonoma,097,501317,91722,91174,3712,94886,491
2022-05-30,Stanislaus,099,539301,121308,120778,18576,139354,1656
2022-05-30,Sutter,101,95872,21086,21065,2197,23262,227
2022-05-30,Tehama,103,63373,12274,12245,2645,14890,204
2022-05-30,Trinity,105,12862,1207,1200,290,1490,20
2022-05-30,Tulare,107,460477,108499,108401,28802,137203,1490
2022-05-30,Tuolumne,109,53932,13339,13221,624,13845,189
2022-05-30,Ventura,111,848112,181702,181163,10788,191951,1503
2022-05-30,Yolo,113,214977,40639,39371,3219,42590,320
2022-05-30,Yuba,115,75493,16445,16406,1331,17737,122
2022-05-29,Alameda,001,1643700,285680,280775,15836,296611,1863
2022-05-29,Alpine,002,1148,128,126,1,127,0
2022-05-29,Amador,005,37829,8836,8696,695,9391,86
2022-05-29,Butte,007,227075,34322,33876,7508,41384,426
2022-05-29,Calaveras,009,45235,7523,7469,390,7859,120
2022-05-29,Colusa,011,21464,3493,3474,1072,4546,21
2022-05-29,Contra Costa,013,1133247,210588,203528,15568,219096,1306
2022-05-29,Del Norte,015,27424,6222,6166,248,6414,51
2022-05-29,El Dorado,017,186661,28213,27898,3430,31328,214
2022-05-29,Fresno,019,978130,241417,236250,25423,261673,2764
2022-05-29,Glenn,021,27897,5085,5048,1651,6699,48
2022-05-29,Humboldt,023,135768,18434,18257,3538,21795,147
2022-05-29,Imperial,025,180216,56631,56323,10838,67161,939
2022-05-29,Inyo,027,18085,4180,4161,565,4726,56
2022-05-29,Kern,029,883053,195860,194687,47616,242303,2334
2022-05-29,Kings,031,150075,52522,52292,3584,55876,447
2022-05-29,Lake,033,64148,11076,10958,927,11885,137
2022-05-29,Lassen,035,31185,9087,9049,893,9942,64
2022-05-29,Los Angeles,037,10098052,2848131,2819145,133333,2952478,31862
2022-05-29,Madera,039,155013,38208,37955,6369,44324,371
2022-05-29,Marin,041,260295,37878,37215,3926,41141,293
2022-05-29,Mariposa,043,17540,2563,2526,233,2759,31
2022-05-29,Mendocino,045,87422,13740,13612,3442,17054,124
2022-05-29,Merced,047,269075,64251,63389,9351,72740,824
2022-05-29,Modoc,049,8938,753,751,255,1006,8
2022-05-29,Mono,051,14174,3036,3030,163,3193,6
2022-05-29,Monterey,053,433212,82526,81875,15535,97410,737
2022-05-29,Napa,055,140530,27678,27376,1139,28515,144
2022-05-29,Nevada,057,99092,16756,16568,1343,17911,127
2022-05-29,Orange,059,3164182,573381,568369,45826,614195,7028
2022-05-29,Placer,061,380077,66549,65672,7950,73622,626
2022-05-29,Plumas,063,18699,3132,3096,378,3474,13
2022-05-29,Riverside,065,2383286,610441,606444,29237,635681,6480
2022-05-29,Sacramento,067,1510023,297462,294000,28765,322765,3032
2022-05-29,San Benito,069,59416,13596,13402,607,14009,98
2022-05-29,San Bernardino,071,2135413,589999,578656,25747,604403,7610
2022-05-29,San Diego,073,3302833,791236,786243,57382,843625,5288
2022-05-29,San Francisco,075,870044,145605,142456,9523,151979,879
2022-05-29,San Joaquin,077,732212,172995,171282,11078,182360,2241
2022-05-29,San Luis Obispo,079,281455,55278,54701,4527,59228,481
2022-05-29,San Mateo,081,765935,138591,135746,8476,144222,710
2022-05-29,Santa Barbara,083,443738,90814,89940,5161,95101,693
2022-05-29,Santa Clara,085,1922200,354750,344223,14725,358948,2304
2022-05-29,Santa Cruz,087,273765,52383,51819,2459,54278,263
2022-05-29,Shasta,089,179085,31295,31165,6223,37388,564
2022-05-29,Sierra,091,2930,278,278,55,333,4
2022-05-29,Siskiyou,093,43540,4568,4537,2808,7345,81
2022-05-29,Solano,095,438530,88164,86565,6143,92708,452
2022-05-29,Sonoma,097,501317,91629,90364,3697,94061,490
2022-05-29,Stanislaus,099,539301,121209,120241,18557,138798,1657
2022-05-29,Sutter,101,95872,21066,20976,2197,23173,227
2022-05-29,Tehama,103,63373,12264,12210,2644,14854,204
2022-05-29,Trinity,105,12862,1206,1196,290,1486,20
2022-05-29,Tulare,107,460477,108415,108029,28757,136786,1484
2022-05-29,Tuolumne,109,53932,13324,13141,624,13765,189
2022-05-29,Ventura,111,848112,181557,179953,10778,190731,1503
2022-05-29,Yolo,113,214977,40587,39016,3216,42232,319
2022-05-29,Yuba,115,75493,16429,16314,1327,17641,122
2022-05-28,Alameda,001,1643700,285304,280775,15810,296585,1863
2022-05-28,Alpine,002,1148,128,126,1,127,0
2022-05-28,Amador,005,37829,8827,8696,695,9391,86
2022-05-28,Butte,007,227075,34298,33876,7492,41368,426
2022-05-28,Calaveras,009,45235,7519,7469,390,7859,120
2022-05-28,Colusa,011,21464,3488,3474,1071,4545,21
2022-05-28,Contra Costa,013,1133247,210320,203528,15544,219072,1306
2022-05-28,Del Norte,015,27424,6218,6166,246,6412,51
2022-05-28,El Dorado,017,186661,28183,27898,3429,31327,214
2022-05-28,Fresno,019,978130,241260,236250,25392,261642,2764
2022-05-28,Glenn,021,27897,5082,5048,1651,6699,48
2022-05-28,Humboldt,023,135768,18410,18257,3528,21785,147
2022-05-28,Imperial,025,180216,56605,56323,10828,67151,939
2022-05-28,Inyo,027,18085,4180,4161,563,4724,56
2022-05-28,Kern,029,883053,195761,194687,47566,242253,2334
2022-05-28,Kings,031,150075,52498,52292,3583,55875,447
2022-05-28,Lake,033,64148,11066,10958,927,11885,137
2022-05-28,Lassen,035,31185,9082,9049,893,9942,64
2022-05-28,Los Angeles,037,10098052,2846150,2819145,133065,2952210,31862
2022-05-28,Madera,039,155013,38191,37955,6366,44321,371
2022-05-28,Marin,041,260295,37811,37215,3896,41111,293
2022-05-28,Mariposa,043,17540,2559,2526,233,2759,31
2022-05-28,Mendocino,045,87422,13728,13612,3442,17054,124
2022-05-28,Merced,047,269075,64218,63389,9345,72734,824
2022-05-28,Modoc,049,8938,753,751,255,1006,8
2022-05-28,Mono,051,14174,3036,3030,162,3192,6
2022-05-28,Monterey,053,433212,82458,81875,15503,97378,737
2022-05-28,Napa,055,140530,27633,27376,1138,28514,144
2022-05-28,Nevada,057,99092,16744,16568,1341,17909,127
2022-05-28,Orange,059,3164182,572866,568369,45705,614074,7028
2022-05-28,Placer,061,380077,66476,65672,7937,73609,626
2022-05-28,Plumas,063,18699,3126,3096,377,3473,13
2022-05-28,Riverside,065,2383286,610060,606444,29209,635653,6480
2022-05-28,Sacramento,067,1510023,297189,294000,28745,322745,3032
2022-05-28,San Benito,069,59416,13581,13402,607,14009,98
2022-05-28,San Bernardino,071,2135413,589635,578656,25720,604376,7610
2022-05-28,San Diego,073,3302833,790578,786243,57330,843573,5288
2022-05-28,San Francisco,075,870044,145299,142456,9502,151958,879
2022-05-28,San Joaquin,077,732212,172891,171282,11063,182345,2241
2022-05-28,San Luis Obispo,079,281455,55242,54701,4524,59225,481
2022-05-28,San Mateo,081,765935,138313,135746,8449,144195,710
2022-05-28,Santa Barbara,083,443738,90714,89940,5151,95091,693
2022-05-28,Santa Clara,085,1922200,353964,344223,14698,358921,2304
2022-05-28,Santa Cruz,087,273765,52343,51819,2451,54270,263
2022-05-28,Shasta,089,179085,31284,31165,6218,37383,564
2022-05-28,Sierra,091,2930,278,278,54,332,4
2022-05-28,Siskiyou,093,43540,4560,4537,2804,7341,81
2022-05-28,Solano,095,438530,88090,86565,6133,92698,452
2022-05-28,Sonoma,097,501317,91486,90364,3686,94050,490
2022-05-28,Stanislaus,099,539301,121110,120241,18549,138790,1657
2022-05-28,Sutter,101,95872,21051,20976,2195,23171,227
2022-05-28,Tehama,103,63373,12252,12210,2641,14851,204
2022-05-28,Trinity,105,12862,1205,1196,290,1486,20
2022-05-28,Tulare,107,460477,108359,108029,28724,136753,1484
2022-05-28,Tuolumne,109,53932,13308,13141,623,13764,189
2022-05-28,Ventura,111,848112,181391,179953,10758,190711,1503
2022-05-28,Yolo,113,214977,40533,39016,3209,42225,319
2022-05-28,Yuba,115,75493,16415,16314,1325,17639,122
2022-05-27,Alameda,001,1643700,284828,280775,15769,296544,1863
2022-05-27,Alpine,002,1148,127,126,1,127,0
2022-05-27,Amador,005,37829,8822,8696,695,9391,86
2022-05-27,Butte,007,227075,34272,33876,7476,41352,426
2022-05-27,Calaveras,009,45235,7512,7469,390,7859,120
2022-05-27,Colusa,011,21464,3488,3474,1071,4545,21
2022-05-27,Contra Costa,013,1133247,210039,203528,15512,219040,1306
2022-05-27,Del Norte,015,27424,6212,6166,246,6412,51
2022-05-27,El Dorado,017,186661,28159,27898,3421,31319,214
2022-05-27,Fresno,019,978130,241086,236250,25360,261610,2764
2022-05-27,Glenn,021,27897,5080,5048,1650,6698,48
2022-05-27,Humboldt,023,135768,18400,18257,3522,21779,147
2022-05-27,Imperial,025,180216,56521,56323,10823,67146,939
2022-05-27,Inyo,027,18085,4178,4161,562,4723,56
2022-05-27,Kern,029,883053,195652,194687,47498,242185,2334
2022-05-27,Kings,031,150075,52470,52292,3580,55872,447
2022-05-27,Lake,033,64148,11060,10958,925,11883,137
2022-05-27,Lassen,035,31185,9078,9049,893,9942,64
2022-05-27,Los Angeles,037,10098052,2843799,2819145,132819,2951964,31862
2022-05-27,Madera,039,155013,38157,37955,6357,44312,371
2022-05-27,Marin,041,260295,37743,37215,3862,41077,293
2022-05-27,Mariposa,043,17540,2553,2526,233,2759,31
2022-05-27,Mendocino,045,87422,13711,13612,3438,17050,124
2022-05-27,Merced,047,269075,64177,63389,9340,72729,824
2022-05-27,Modoc,049,8938,753,751,255,1006,8
2022-05-27,Mono,051,14174,3035,3030,162,3192,6
2022-05-27,Monterey,053,433212,82399,81875,15458,97333,737
2022-05-27,Napa,055,140530,27600,27376,1135,28511,144
2022-05-27,Nevada,057,99092,16733,16568,1337,17905,127
2022-05-27,Orange,059,3164182,572312,568369,45595,613964,7028
2022-05-27,Placer,061,380077,66406,65672,7927,73599,626
2022-05-27,Plumas,063,18699,3123,3096,377,3473,13
2022-05-27,Riverside,065,2383286,609645,606444,29177,635621,6480
2022-05-27,Sacramento,067,1510023,296812,294000,28703,322703,3032
2022-05-27,San Benito,069,59416,13569,13402,607,14009,98
2022-05-27,San Bernardino,071,2135413,589298,578656,25695,604351,7610
2022-05-27,San Diego,073,3302833,789702,786243,57238,843481,5288
2022-05-27,San Francisco,075,870044,144967,142456,9462,151918,879
2022-05-27,San Joaquin,077,732212,172760,171282,11042,182324,2241
2022-05-27,San Luis Obispo,079,281455,55179,54701,4513,59214,481
2022-05-27,San Mateo,081,765935,138062,135746,8424,144170,710
2022-05-27,Santa Barbara,083,443738,90625,89940,5150,95090,693
2022-05-27,Santa Clara,085,1922200,353220,344223,14682,358905,2304
2022-05-27,Santa Cruz,087,273765,52288,51819,2439,54258,263
2022-05-27,Shasta,089,179085,31274,31165,6212,37377,564
2022-05-27,Sierra,091,2930,278,278,54,332,4
2022-05-27,Siskiyou,093,43540,4558,4537,2802,7339,81
2022-05-27,Solano,095,438530,87962,86565,6122,92687,452
2022-05-27,Sonoma,097,501317,91341,90364,3674,94038,490
2022-05-27,Stanislaus,099,539301,121028,120241,18534,138775,1657
2022-05-27,Sutter,101,95872,21034,20976,2194,23170,227
2022-05-27,Tehama,103,63373,12249,12210,2640,14850,204
2022-05-27,Trinity,105,12862,1205,1196,290,1486,20
2022-05-27,Tulare,107,460477,108292,108029,28687,136716,1484
2022-05-27,Tuolumne,109,53932,13298,13141,622,13763,189
2022-05-27,Ventura,111,848112,181215,179953,10735,190688,1503
2022-05-27,Yolo,113,214977,40463,39016,3201,42217,319
2022-05-27,Yuba,115,75493,16401,16314,1324,17638,122
2022-05-26,Alameda,001,1643700,283977,280775,15694,296469,1863
2022-05-26,Alpine,002,1148,127,126,1,127,0
2022-05-26,Amador,005,37829,8809,8696,695,9391,86
2022-05-26,Butte,007,227075,34216,33876,7454,41330,426
2022-05-26,Calaveras,009,45235,7502,7469,390,7859,120
2022-05-26,Colusa,011,21464,3485,3474,1068,4542,21
2022-05-26,Contra Costa,013,1133247,209561,203528,15439,218967,1306
2022-05-26,Del Norte,015,27424,6204,6166,242,6408,51
2022-05-26,El Dorado,017,186661,28110,27898,3410,31308,214
2022-05-26,Fresno,019,978130,240830,236250,25304,261554,2764
2022-05-26,Glenn,021,27897,5074,5048,1650,6698,48
2022-05-26,Humboldt,023,135768,18359,18257,3509,21766,147
2022-05-26,Imperial,025,180216,56489,56323,10808,67131,939
2022-05-26,Inyo,027,18085,4177,4161,559,4720,56
2022-05-26,Kern,029,883053,195488,194687,47423,242110,2334
2022-05-26,Kings,031,150075,52423,52292,3577,55869,447
2022-05-26,Lake,033,64148,11045,10958,925,11883,137
2022-05-26,Lassen,035,31185,9069,9049,893,9942,64
2022-05-26,Los Angeles,037,10098052,2839630,2819145,132485,2951630,31862
2022-05-26,Madera,039,155013,38113,37955,6346,44301,371
2022-05-26,Marin,041,260295,37648,37215,3821,41036,293
2022-05-26,Mariposa,043,17540,2548,2526,231,2757,31
2022-05-26,Mendocino,045,87422,13685,13612,3429,17041,124
2022-05-26,Merced,047,269075,64112,63389,9330,72719,824
2022-05-26,Modoc,049,8938,752,751,255,1006,8
2022-05-26,Mono,051,14174,3034,3030,161,3191,6
2022-05-26,Monterey,053,433212,82320,81875,15405,97280,737
2022-05-26,Napa,055,140530,27548,27376,1133,28509,144
2022-05-26,Nevada,057,99092,16702,16568,1328,17896,127
2022-05-26,Orange,059,3164182,571407,568369,45469,613838,7028
2022-05-26,Placer,061,380077,66265,65672,7907,73579,626
2022-05-26,Plumas,063,18699,3119,3096,376,3472,13
2022-05-26,Riverside,065,2383286,609026,606444,29126,635570,6480
2022-05-26,Sacramento,067,1510023,296157,294000,28611,322611,3032
2022-05-26,San Benito,069,59416,13553,13402,605,14007,98
2022-05-26,San Bernardino,071,2135413,588752,578656,25680,604336,7610
2022-05-26,San Diego,073,3302833,788398,786243,57095,843338,5288
2022-05-26,San Francisco,075,870044,144510,142456,9415,151871,879
2022-05-26,San Joaquin,077,732212,172536,171282,11018,182300,2241
2022-05-26,San Luis Obispo,079,281455,55081,54701,4481,59182,481
2022-05-26,San Mateo,081,765935,137669,135746,8386,144132,710
2022-05-26,Santa Barbara,083,443738,90477,89940,5130,95070,693
2022-05-26,Santa Clara,085,1922200,352258,344223,14596,358819,2304
2022-05-26,Santa Cruz,087,273765,52197,51819,2431,54250,263
2022-05-26,Shasta,089,179085,31247,31165,6209,37374,564
2022-05-26,Sierra,091,2930,278,278,54,332,4
2022-05-26,Siskiyou,093,43540,4554,4537,2800,7337,81
2022-05-26,Solano,095,438530,87759,86565,6113,92678,452
2022-05-26,Sonoma,097,501317,91150,90364,3647,94011,490
2022-05-26,Stanislaus,099,539301,120924,120241,18515,138756,1657
2022-05-26,Sutter,101,95872,21014,20976,2190,23166,227
2022-05-26,Tehama,103,63373,12239,12210,2639,14849,204
2022-05-26,Trinity,105,12862,1203,1196,290,1486,20
2022-05-26,Tulare,107,460477,108227,108029,28632,136661,1484
2022-05-26,Tuolumne,109,53932,13278,13141,618,13759,189
2022-05-26,Ventura,111,848112,180953,179953,10698,190651,1503
2022-05-26,Yolo,113,214977,40360,39016,3192,42208,319
2022-05-26,Yuba,115,75493,16385,16314,1322,17636,122
2022-05-25,Alameda,001,1643700,283070,278228,15637,293865,1860
2022-05-25,Alpine,002,1148,126,126,1,127,0
2022-05-25,Amador,005,37829,8792,8654,693,9347,86
2022-05-25,Butte,007,227075,34154,33755,7431,41186,426
2022-05-25,Calaveras,009,45235,7494,7450,388,7838,120
2022-05-25,Colusa,011,21464,3484,3471,1066,4537,21
2022-05-25,Contra Costa,013,1133247,209008,201866,15365,217231,1306
2022-05-25,Del Norte,015,27424,6198,6145,236,6381,50
2022-05-25,El Dorado,017,186661,28059,27715,3401,31116,213
2022-05-25,Fresno,019,978130,240542,235569,25253,260822,2763
2022-05-25,Glenn,021,27897,5069,5030,1648,6678,48
2022-05-25,Humboldt,023,135768,18333,18133,3490,21623,147
2022-05-25,Imperial,025,180216,56433,56203,10797,67000,923
2022-05-25,Inyo,027,18085,4174,4152,559,4711,56
2022-05-25,Kern,029,883053,195294,194251,47336,241587,2336
2022-05-25,Kings,031,150075,52370,52178,3573,55751,447
2022-05-25,Lake,033,64148,11032,10908,924,11832,137
2022-05-25,Lassen,035,31185,9062,9028,893,9921,64
2022-05-25,Los Angeles,037,10098052,2835005,2806770,132114,2938884,31845
2022-05-25,Madera,039,155013,38074,37867,6333,44200,370
2022-05-25,Marin,041,260295,37548,36890,3793,40683,293
2022-05-25,Mariposa,043,17540,2538,2514,229,2743,30
2022-05-25,Mendocino,045,87422,13670,13545,3423,16968,124
2022-05-25,Merced,047,269075,64045,63220,9300,72520,823
2022-05-25,Modoc,049,8938,751,750,254,1004,8
2022-05-25,Mono,051,14174,3034,3024,160,3184,6
2022-05-25,Monterey,053,433212,82255,81592,15362,96954,737
2022-05-25,Napa,055,140530,27499,27240,1127,28367,143
2022-05-25,Nevada,057,99092,16667,16517,1322,17839,127
2022-05-25,Orange,059,3164182,570401,565564,45311,610875,7026
2022-05-25,Placer,061,380077,66121,65309,7886,73195,626
2022-05-25,Plumas,063,18699,3113,3065,375,3440,13
2022-05-25,Riverside,065,2383286,608345,604465,29074,633539,6480
2022-05-25,Sacramento,067,1510023,295512,292211,28503,320714,3028
2022-05-25,San Benito,069,59416,13518,13338,598,13936,98
2022-05-25,San Bernardino,071,2135413,588222,576982,25654,602636,7568
2022-05-25,San Diego,073,3302833,786932,782420,56906,839326,5284
2022-05-25,San Francisco,075,870044,144008,141015,9388,150403,872
2022-05-25,San Joaquin,077,732212,172299,170626,10997,181623,2238
2022-05-25,San Luis Obispo,079,281455,54972,54342,4429,58771,481
2022-05-25,San Mateo,081,765935,137211,134441,8320,142761,710
2022-05-25,Santa Barbara,083,443738,90310,89426,5115,94541,693
2022-05-25,Santa Clara,085,1922200,351189,340868,14490,355358,2304
2022-05-25,Santa Cruz,087,273765,52113,51644,2416,54060,263
2022-05-25,Shasta,089,179085,31222,31072,6200,37272,564
2022-05-25,Sierra,091,2930,278,277,54,331,4
2022-05-25,Siskiyou,093,43540,4544,4516,2797,7313,81
2022-05-25,Solano,095,438530,87544,86024,6096,92120,451
2022-05-25,Sonoma,097,501317,90958,89810,3608,93418,490
2022-05-25,Stanislaus,099,539301,120789,119894,18492,138386,1654
2022-05-25,Sutter,101,95872,20989,20904,2187,23091,226
2022-05-25,Tehama,103,63373,12233,12189,2635,14824,201
2022-05-25,Trinity,105,12862,1203,1194,290,1484,20
2022-05-25,Tulare,107,460477,108145,107790,28589,136379,1482
2022-05-25,Tuolumne,109,53932,13256,13086,615,13701,182
2022-05-25,Ventura,111,848112,180663,179116,10661,189777,1499
2022-05-25,Yolo,113,214977,40266,38782,3182,41964,319
2022-05-25,Yuba,115,75493,16358,16260,1316,17576,122
2022-05-24,Alameda,001,1643700,282188,278228,15578,293806,1860
2022-05-24,Alpine,002,1148,126,126,1,127,0
2022-05-24,Amador,005,37829,8785,8654,689,9343,86
2022-05-24,Butte,007,227075,34110,33755,7409,41164,426
2022-05-24,Calaveras,009,45235,7487,7450,386,7836,120
2022-05-24,Colusa,011,21464,3482,3471,1064,4535,21
2022-05-24,Contra Costa,013,1133247,208355,201866,15265,217131,1306
2022-05-24,Del Norte,015,27424,6193,6145,234,6379,50
2022-05-24,El Dorado,017,186661,27990,27715,3394,31109,213
2022-05-24,Fresno,019,978130,240229,235569,25216,260785,2763
2022-05-24,Glenn,021,27897,5067,5030,1648,6678,48
2022-05-24,Humboldt,023,135768,18301,18133,3472,21605,147
2022-05-24,Imperial,025,180216,56380,56203,10784,66987,923
2022-05-24,Inyo,027,18085,4166,4152,556,4708,56
2022-05-24,Kern,029,883053,195098,194251,47230,241481,2336
2022-05-24,Kings,031,150075,52305,52178,3568,55746,447
2022-05-24,Lake,033,64148,11015,10908,922,11830,137
2022-05-24,Lassen,035,31185,9049,9028,889,9917,64
2022-05-24,Los Angeles,037,10098052,2829735,2806770,131724,2938494,31845
2022-05-24,Madera,039,155013,38027,37867,6318,44185,370
2022-05-24,Marin,041,260295,37439,36890,3744,40634,293
2022-05-24,Mariposa,043,17540,2531,2514,227,2741,30
2022-05-24,Mendocino,045,87422,13646,13545,3413,16958,124
2022-05-24,Merced,047,269075,63985,63220,9269,72489,823
2022-05-24,Modoc,049,8938,750,750,253,1003,8
2022-05-24,Mono,051,14174,3031,3024,160,3184,6
2022-05-24,Monterey,053,433212,82165,81592,15301,96893,737
2022-05-24,Napa,055,140530,27451,27240,1115,28355,143
2022-05-24,Nevada,057,99092,16625,16517,1315,17832,127
2022-05-24,Orange,059,3164182,569365,565564,45139,610703,7026
2022-05-24,Placer,061,380077,66018,65309,7870,73179,626
2022-05-24,Plumas,063,18699,3107,3065,375,3440,13
2022-05-24,Riverside,065,2383286,607649,604465,29025,633490,6480
2022-05-24,Sacramento,067,1510023,294827,292211,28382,320593,3028
2022-05-24,San Benito,069,59416,13483,13338,596,13934,98
2022-05-24,San Bernardino,071,2135413,587597,576982,25625,602607,7568
2022-05-24,San Diego,073,3302833,785283,782420,56689,839109,5284
2022-05-24,San Francisco,075,870044,143470,141015,9361,150376,872
2022-05-24,San Joaquin,077,732212,172031,170626,10965,181591,2238
2022-05-24,San Luis Obispo,079,281455,54821,54342,4376,58718,481
2022-05-24,San Mateo,081,765935,136674,134441,8266,142707,710
2022-05-24,Santa Barbara,083,443738,90147,89426,5088,94514,693
2022-05-24,Santa Clara,085,1922200,349899,340868,14400,355268,2304
2022-05-24,Santa Cruz,087,273765,52036,51644,2406,54050,263
2022-05-24,Shasta,089,179085,31197,31072,6188,37260,564
2022-05-24,Sierra,091,2930,278,277,54,331,4
2022-05-24,Siskiyou,093,43540,4534,4516,2789,7305,81
2022-05-24,Solano,095,438530,87307,86024,6069,92093,451
2022-05-24,Sonoma,097,501317,90749,89810,3570,93380,490
2022-05-24,Stanislaus,099,539301,120648,119894,18456,138350,1654
2022-05-24,Sutter,101,95872,20968,20904,2183,23087,226
2022-05-24,Tehama,103,63373,12224,12189,2633,14822,201
2022-05-24,Trinity,105,12862,1200,1194,290,1484,20
2022-05-24,Tulare,107,460477,108026,107790,28534,136324,1482
2022-05-24,Tuolumne,109,53932,13241,13086,615,13701,182
2022-05-24,Ventura,111,848112,180352,179116,10611,189727,1499
2022-05-24,Yolo,113,214977,40162,38782,3177,41959,319
2022-05-24,Yuba,115,75493,16331,16260,1308,17568,122
2022-05-23,Alameda,001,1643700,281254,278228,15487,293715,1860
2022-05-23,Alpine,002,1148,126,126,1,127,0
2022-05-23,Amador,005,37829,8752,8654,686,9340,86
2022-05-23,Butte,007,227075,34062,33755,7381,41136,426
2022-05-23,Calaveras,009,45235,7480,7450,384,7834,120
2022-05-23,Colusa,011,21464,3481,3471,1062,4533,21
2022-05-23,Contra Costa,013,1133247,207615,201866,15183,217049,1306
2022-05-23,Del Norte,015,27424,6188,6145,230,6375,50
2022-05-23,El Dorado,017,186661,27907,27715,3385,31100,213
2022-05-23,Fresno,019,978130,239880,235569,25149,260718,2763
2022-05-23,Glenn,021,27897,5063,5030,1644,6674,48
2022-05-23,Humboldt,023,135768,18274,18133,3450,21583,147
2022-05-23,Imperial,025,180216,56337,56203,10764,66967,923
2022-05-23,Inyo,027,18085,4163,4152,555,4707,56
2022-05-23,Kern,029,883053,194880,194251,47144,241395,2336
2022-05-23,Kings,031,150075,52256,52178,3563,55741,447
2022-05-23,Lake,033,64148,10996,10908,920,11828,137
2022-05-23,Lassen,035,31185,9041,9028,886,9914,64
2022-05-23,Los Angeles,037,10098052,2824330,2806770,131359,2938129,31845
2022-05-23,Madera,039,155013,37996,37867,6295,44162,370
2022-05-23,Marin,041,260295,37297,36890,3699,40589,293
2022-05-23,Mariposa,043,17540,2529,2514,225,2739,30
2022-05-23,Mendocino,045,87422,13624,13545,3399,16944,124
2022-05-23,Merced,047,269075,63907,63220,9241,72461,823
2022-05-23,Modoc,049,8938,749,750,253,1003,8
2022-05-23,Mono,051,14174,3031,3024,160,3184,6
2022-05-23,Monterey,053,433212,82064,81592,15237,96829,737
2022-05-23,Napa,055,140530,27394,27240,1108,28348,143
2022-05-23,Nevada,057,99092,16590,16517,1312,17829,127
2022-05-23,Orange,059,3164182,568359,565564,44991,610555,7026
2022-05-23,Placer,061,380077,65880,65309,7837,73146,626
2022-05-23,Plumas,063,18699,3104,3065,374,3439,13
2022-05-23,Riverside,065,2383286,606919,604465,28973,633438,6480
2022-05-23,Sacramento,067,1510023,294079,292211,28256,320467,3028
2022-05-23,San Benito,069,59416,13448,13338,593,13931,98
2022-05-23,San Bernardino,071,2135413,586958,576982,25591,602573,7568
2022-05-23,San Diego,073,3302833,783567,782420,56475,838895,5284
2022-05-23,San Francisco,075,870044,142901,141015,9328,150343,872
2022-05-23,San Joaquin,077,732212,171759,170626,10932,181558,2238
2022-05-23,San Luis Obispo,079,281455,54674,54342,4329,58671,481
2022-05-23,San Mateo,081,765935,136093,134441,8216,142657,710
2022-05-23,Santa Barbara,083,443738,89912,89426,5064,94490,693
2022-05-23,Santa Clara,085,1922200,348515,340868,14312,355180,2304
2022-05-23,Santa Cruz,087,273765,51933,51644,2391,54035,263
2022-05-23,Shasta,089,179085,31174,31072,6182,37254,564
2022-05-23,Sierra,091,2930,278,277,54,331,4
2022-05-23,Siskiyou,093,43540,4520,4516,2785,7301,81
2022-05-23,Solano,095,438530,87034,86024,6049,92073,451
2022-05-23,Sonoma,097,501317,90521,89810,3521,93331,490
2022-05-23,Stanislaus,099,539301,120507,119894,18416,138310,1654
2022-05-23,Sutter,101,95872,20928,20904,2178,23082,226
2022-05-23,Tehama,103,63373,12212,12189,2632,14821,201
2022-05-23,Trinity,105,12862,1199,1194,290,1484,20
2022-05-23,Tulare,107,460477,107903,107790,28464,136254,1482
2022-05-23,Tuolumne,109,53932,13217,13086,611,13697,182
2022-05-23,Ventura,111,848112,180021,179116,10580,189696,1499
2022-05-23,Yolo,113,214977,40029,38782,3161,41943,319
2022-05-23,Yuba,115,75493,16301,16260,1304,17564,122
2022-05-22,Alameda,001,1643700,280168,274996,15380,290376,1858
2022-05-22,Alpine,002,1148,126,126,1,127,0
2022-05-22,Amador,005,37829,8735,8628,680,9308,86
2022-05-22,Butte,007,227075,34010,33606,7353,40959,426
2022-05-22,Calaveras,009,45235,7469,7424,380,7804,120
2022-05-22,Colusa,011,21464,3477,3468,1059,4527,21
2022-05-22,Contra Costa,013,1133247,206884,199703,15049,214752,1305
2022-05-22,Del Norte,015,27424,6172,6045,219,6264,50
2022-05-22,El Dorado,017,186661,27831,27517,3369,30886,213
2022-05-22,Fresno,019,978130,239533,234657,25096,259753,2760
2022-05-22,Glenn,021,27897,5053,5020,1643,6663,48
2022-05-22,Humboldt,023,135768,18221,17984,3423,21407,146
2022-05-22,Imperial,025,180216,56269,56014,10749,66763,923
2022-05-22,Inyo,027,18085,4155,4135,553,4688,56
2022-05-22,Kern,029,883053,194643,193705,47044,240749,2334
2022-05-22,Kings,031,150075,52193,52038,3557,55595,447
2022-05-22,Lake,033,64148,10964,10867,918,11785,137
2022-05-22,Lassen,035,31185,9025,9011,883,9894,64
2022-05-22,Los Angeles,037,10098052,2818489,2791671,130932,2922603,31815
2022-05-22,Madera,039,155013,37949,37744,6260,44004,370
2022-05-22,Marin,041,260295,37151,36394,3655,40049,293
2022-05-22,Mariposa,043,17540,2525,2490,224,2714,30
2022-05-22,Mendocino,045,87422,13596,13461,3370,16831,124
2022-05-22,Merced,047,269075,63831,62969,9210,72179,823
2022-05-22,Modoc,049,8938,748,750,253,1003,8
2022-05-22,Mono,051,14174,3030,3012,160,3172,6
2022-05-22,Monterey,053,433212,81906,81224,15138,96362,735
2022-05-22,Napa,055,140530,27323,27034,1100,28134,143
2022-05-22,Nevada,057,99092,16556,16410,1301,17711,127
2022-05-22,Orange,059,3164182,567266,562531,44806,607337,7025
2022-05-22,Placer,061,380077,65717,64802,7804,72606,626
2022-05-22,Plumas,063,18699,3097,3052,372,3424,13
2022-05-22,Riverside,065,2383286,606076,601808,28907,630715,6476
2022-05-22,Sacramento,067,1510023,293277,289972,28095,318067,3027
2022-05-22,San Benito,069,59416,13416,13234,587,13821,98
2022-05-22,San Bernardino,071,2135413,586246,575194,25552,600746,7523
2022-05-22,San Diego,073,3302833,781949,777404,56280,833684,5282
2022-05-22,San Francisco,075,870044,142216,138922,9311,148233,871
2022-05-22,San Joaquin,077,732212,171449,169745,10888,180633,2237
2022-05-22,San Luis Obispo,079,281455,54518,54012,4268,58280,481
2022-05-22,San Mateo,081,765935,135521,132636,8162,140798,711
2022-05-22,Santa Barbara,083,443738,89680,88783,5029,93812,692
2022-05-22,Santa Clara,085,1922200,347070,336488,14235,350723,2301
2022-05-22,Santa Cruz,087,273765,51840,51333,2377,53710,263
2022-05-22,Shasta,089,179085,31125,30966,6170,37136,564
2022-05-22,Sierra,091,2930,278,276,54,330,4
2022-05-22,Siskiyou,093,43540,4511,4501,2784,7285,81
2022-05-22,Solano,095,438530,86749,85038,6016,91054,451
2022-05-22,Sonoma,097,501317,90234,88889,3466,92355,489
2022-05-22,Stanislaus,099,539301,120333,119396,18391,137787,1653
2022-05-22,Sutter,101,95872,20898,20809,2170,22979,226
2022-05-22,Tehama,103,63373,12204,12162,2627,14789,201
2022-05-22,Trinity,105,12862,1199,1191,289,1480,20
2022-05-22,Tulare,107,460477,107799,107485,28381,135866,1477
2022-05-22,Tuolumne,109,53932,13197,12977,609,13586,182
2022-05-22,Ventura,111,848112,179674,178024,10528,188552,1499
2022-05-22,Yolo,113,214977,39904,38377,3137,41514,319
2022-05-22,Yuba,115,75493,16274,16180,1295,17475,122
2022-05-21,Alameda,001,1643700,279704,274996,15359,290355,1858
2022-05-21,Alpine,002,1148,126,126,1,127,0
2022-05-21,Amador,005,37829,8724,8628,680,9308,86
2022-05-21,Butte,007,227075,33989,33606,7339,40945,426
2022-05-21,Calaveras,009,45235,7463,7424,380,7804,120
2022-05-21,Colusa,011,21464,3477,3468,1058,4526,21
2022-05-21,Contra Costa,013,1133247,206525,199703,15016,214719,1305
2022-05-21,Del Norte,015,27424,6167,6045,217,6262,50
2022-05-21,El Dorado,017,186661,27794,27517,3367,30884,213
2022-05-21,Fresno,019,978130,239400,234657,25075,259732,2760
2022-05-21,Glenn,021,27897,5050,5020,1642,6662,48
2022-05-21,Humboldt,023,135768,18196,17984,3415,21399,146
2022-05-21,Imperial,025,180216,56235,56014,10747,66761,923
2022-05-21,Inyo,027,18085,4153,4135,551,4686,56
2022-05-21,Kern,029,883053,194545,193705,46984,240689,2334
2022-05-21,Kings,031,150075,52170,52038,3556,55594,447
2022-05-21,Lake,033,64148,10956,10867,918,11785,137
2022-05-21,Lassen,035,31185,9022,9011,883,9894,64
2022-05-21,Los Angeles,037,10098052,2816175,2791671,130686,2922357,31815
2022-05-21,Madera,039,155013,37931,37744,6254,43998,370
2022-05-21,Marin,041,260295,37056,36394,3611,40005,293
2022-05-21,Mariposa,043,17540,2523,2490,224,2714,30
2022-05-21,Mendocino,045,87422,13585,13461,3365,16826,124
2022-05-21,Merced,047,269075,63796,62969,9204,72173,823
2022-05-21,Modoc,049,8938,747,750,253,1003,8
2022-05-21,Mono,051,14174,3030,3012,160,3172,6
2022-05-21,Monterey,053,433212,81840,81224,15083,96307,735
2022-05-21,Napa,055,140530,27290,27034,1097,28131,143
2022-05-21,Nevada,057,99092,16550,16410,1301,17711,127
2022-05-21,Orange,059,3164182,566752,562531,44693,607224,7025
2022-05-21,Placer,061,380077,65612,64802,7792,72594,626
2022-05-21,Plumas,063,18699,3090,3052,372,3424,13
2022-05-21,Riverside,065,2383286,605602,601808,28882,630690,6476
2022-05-21,Sacramento,067,1510023,292948,289972,28065,318037,3027
2022-05-21,San Benito,069,59416,13404,13234,579,13813,98
2022-05-21,San Bernardino,071,2135413,585906,575194,25527,600721,7523
2022-05-21,San Diego,073,3302833,781255,777404,56216,833620,5282
2022-05-21,San Francisco,075,870044,141909,138922,9298,148220,871
2022-05-21,San Joaquin,077,732212,171332,169745,10869,180614,2237
2022-05-21,San Luis Obispo,079,281455,54438,54012,4254,58266,481
2022-05-21,San Mateo,081,765935,135208,132636,8136,140772,711
2022-05-21,Santa Barbara,083,443738,89588,88783,5016,93799,692
2022-05-21,Santa Clara,085,1922200,346219,336488,14192,350680,2301
2022-05-21,Santa Cruz,087,273765,51795,51333,2358,53691,263
2022-05-21,Shasta,089,179085,31114,30966,6168,37134,564
2022-05-21,Sierra,091,2930,277,276,54,330,4
2022-05-21,Siskiyou,093,43540,4507,4501,2782,7283,81
2022-05-21,Solano,095,438530,86664,85038,6010,91048,451
2022-05-21,Sonoma,097,501317,90108,88889,3457,92346,489
2022-05-21,Stanislaus,099,539301,120251,119396,18367,137763,1653
2022-05-21,Sutter,101,95872,20888,20809,2165,22974,226
2022-05-21,Tehama,103,63373,12202,12162,2626,14788,201
2022-05-21,Trinity,105,12862,1199,1191,289,1480,20
2022-05-21,Tulare,107,460477,107738,107485,28345,135830,1477
2022-05-21,Tuolumne,109,53932,13190,12977,609,13586,182
2022-05-21,Ventura,111,848112,179499,178024,10509,188533,1499
2022-05-21,Yolo,113,214977,39841,38377,3126,41503,319
2022-05-21,Yuba,115,75493,16261,16180,1293,17473,122
2022-05-20,Alameda,001,1643700,279162,274996,15333,290329,1858
2022-05-20,Alpine,002,1148,126,126,1,127,0
2022-05-20,Amador,005,37829,8717,8628,680,9308,86
2022-05-20,Butte,007,227075,33967,33606,7327,40933,426
2022-05-20,Calaveras,009,45235,7455,7424,380,7804,120
2022-05-20,Colusa,011,21464,3477,3468,1058,4526,21
2022-05-20,Contra Costa,013,1133247,206167,199703,14999,214702,1305
2022-05-20,Del Norte,015,27424,6162,6045,216,6261,50
2022-05-20,El Dorado,017,186661,27760,27517,3364,30881,213
2022-05-20,Fresno,019,978130,239240,234657,25045,259702,2760
2022-05-20,Glenn,021,27897,5047,5020,1642,6662,48
2022-05-20,Humboldt,023,135768,18174,17984,3407,21391,146
2022-05-20,Imperial,025,180216,56211,56014,10744,66758,923
2022-05-20,Inyo,027,18085,4150,4135,547,4682,56
2022-05-20,Kern,029,883053,194441,193705,46936,240641,2334
2022-05-20,Kings,031,150075,52155,52038,3555,55593,447
2022-05-20,Lake,033,64148,10939,10867,918,11785,137
2022-05-20,Lassen,035,31185,9020,9011,883,9894,64
2022-05-20,Los Angeles,037,10098052,2813813,2791671,130457,2922128,31815
2022-05-20,Madera,039,155013,37912,37744,6246,43990,370
2022-05-20,Marin,041,260295,36982,36394,3572,39966,293
2022-05-20,Mariposa,043,17540,2518,2490,224,2714,30
2022-05-20,Mendocino,045,87422,13570,13461,3361,16822,124
2022-05-20,Merced,047,269075,63762,62969,9201,72170,823
2022-05-20,Modoc,049,8938,747,750,253,1003,8
2022-05-20,Mono,051,14174,3026,3012,160,3172,6
2022-05-20,Monterey,053,433212,81782,81224,15043,96267,735
2022-05-20,Napa,055,140530,27260,27034,1093,28127,143
2022-05-20,Nevada,057,99092,16542,16410,1299,17709,127
2022-05-20,Orange,059,3164182,566180,562531,44594,607125,7025
2022-05-20,Placer,061,380077,65533,64802,7776,72578,626
2022-05-20,Plumas,063,18699,3088,3052,372,3424,13
2022-05-20,Riverside,065,2383286,605150,601808,28859,630667,6476
2022-05-20,Sacramento,067,1510023,292573,289972,28042,318014,3027
2022-05-20,San Benito,069,59416,13387,13234,578,13812,98
2022-05-20,San Bernardino,071,2135413,585585,575194,25508,600702,7523
2022-05-20,San Diego,073,3302833,780457,777404,56124,833528,5282
2022-05-20,San Francisco,075,870044,141574,138922,9267,148189,871
2022-05-20,San Joaquin,077,732212,171210,169745,10861,180606,2237
2022-05-20,San Luis Obispo,079,281455,54402,54012,4249,58261,481
2022-05-20,San Mateo,081,765935,134887,132636,8113,140749,711
2022-05-20,Santa Barbara,083,443738,89504,88783,5011,93794,692
2022-05-20,Santa Clara,085,1922200,345423,336488,14141,350629,2301
2022-05-20,Santa Cruz,087,273765,51750,51333,2340,53673,263
2022-05-20,Shasta,089,179085,31101,30966,6165,37131,564
2022-05-20,Sierra,091,2930,277,276,54,330,4
2022-05-20,Siskiyou,093,43540,4504,4501,2780,7281,81
2022-05-20,Solano,095,438530,86520,85038,6002,91040,451
2022-05-20,Sonoma,097,501317,89981,88889,3444,92333,489
2022-05-20,Stanislaus,099,539301,120169,119396,18354,137750,1653
2022-05-20,Sutter,101,95872,20879,20809,2164,22973,226
2022-05-20,Tehama,103,63373,12198,12162,2625,14787,201
2022-05-20,Trinity,105,12862,1199,1191,289,1480,20
2022-05-20,Tulare,107,460477,107679,107485,28306,135791,1477
2022-05-20,Tuolumne,109,53932,13171,12977,607,13584,182
2022-05-20,Ventura,111,848112,179302,178024,10491,188515,1499
2022-05-20,Yolo,113,214977,39772,38377,3120,41497,319
2022-05-20,Yuba,115,75493,16246,16180,1289,17469,122
2022-05-19,Alameda,001,1643700,278338,274996,15265,290261,1858
2022-05-19,Alpine,002,1148,126,126,1,127,0
2022-05-19,Amador,005,37829,8709,8628,680,9308,86
2022-05-19,Butte,007,227075,33929,33606,7318,40924,426
2022-05-19,Calaveras,009,45235,7449,7424,377,7801,120
2022-05-19,Colusa,011,21464,3476,3468,1057,4525,21
2022-05-19,Contra Costa,013,1133247,205623,199703,14925,214628,1305
2022-05-19,Del Norte,015,27424,6158,6045,211,6256,50
2022-05-19,El Dorado,017,186661,27708,27517,3349,30866,213
2022-05-19,Fresno,019,978130,239016,234657,25005,259662,2760
2022-05-19,Glenn,021,27897,5046,5020,1638,6658,48
2022-05-19,Humboldt,023,135768,18140,17984,3392,21376,146
2022-05-19,Imperial,025,180216,56163,56014,10743,66757,923
2022-05-19,Inyo,027,18085,4146,4135,546,4681,56
2022-05-19,Kern,029,883053,194300,193705,46861,240566,2334
2022-05-19,Kings,031,150075,52128,52038,3554,55592,447
2022-05-19,Lake,033,64148,10931,10867,916,11783,137
2022-05-19,Lassen,035,31185,9016,9011,883,9894,64
2022-05-19,Los Angeles,037,10098052,2809852,2791671,130127,2921798,31815
2022-05-19,Madera,039,155013,37876,37744,6230,43974,370
2022-05-19,Marin,041,260295,36886,36394,3539,39933,293
2022-05-19,Mariposa,043,17540,2510,2490,224,2714,30
2022-05-19,Mendocino,045,87422,13547,13461,3354,16815,124
2022-05-19,Merced,047,269075,63700,62969,9185,72154,823
2022-05-19,Modoc,049,8938,747,750,253,1003,8
2022-05-19,Mono,051,14174,3025,3012,156,3168,6
2022-05-19,Monterey,053,433212,81701,81224,14978,96202,735
2022-05-19,Napa,055,140530,27203,27034,1090,28124,143
2022-05-19,Nevada,057,99092,16508,16410,1292,17702,127
2022-05-19,Orange,059,3164182,565346,562531,44463,606994,7025
2022-05-19,Placer,061,380077,65409,64802,7760,72562,626
2022-05-19,Plumas,063,18699,3082,3052,372,3424,13
2022-05-19,Riverside,065,2383286,604519,601808,28815,630623,6476
2022-05-19,Sacramento,067,1510023,292009,289972,27957,317929,3027
2022-05-19,San Benito,069,59416,13359,13234,575,13809,98
2022-05-19,San Bernardino,071,2135413,585068,575194,25487,600681,7523
2022-05-19,San Diego,073,3302833,779220,777404,55959,833363,5282
2022-05-19,San Francisco,075,870044,141104,138922,9234,148156,871
2022-05-19,San Joaquin,077,732212,170965,169745,10844,180589,2237
2022-05-19,San Luis Obispo,079,281455,54297,54012,4217,58229,481
2022-05-19,San Mateo,081,765935,134416,132636,8055,140691,711
2022-05-19,Santa Barbara,083,443738,89351,88783,4984,93767,692
2022-05-19,Santa Clara,085,1922200,344341,336488,14054,350542,2301
2022-05-19,Santa Cruz,087,273765,51672,51333,2326,53659,263
2022-05-19,Shasta,089,179085,31072,30966,6159,37125,564
2022-05-19,Sierra,091,2930,277,276,54,330,4
2022-05-19,Siskiyou,093,43540,4501,4501,2778,7279,81
2022-05-19,Solano,095,438530,86332,85038,5977,91015,451
2022-05-19,Sonoma,097,501317,89776,88889,3410,92299,489
2022-05-19,Stanislaus,099,539301,120038,119396,18332,137728,1653
2022-05-19,Sutter,101,95872,20843,20809,2161,22970,226
2022-05-19,Tehama,103,63373,12188,12162,2622,14784,201
2022-05-19,Trinity,105,12862,1198,1191,289,1480,20
2022-05-19,Tulare,107,460477,107586,107485,28260,135745,1477
2022-05-19,Tuolumne,109,53932,13147,12977,604,13581,182
2022-05-19,Ventura,111,848112,179027,178024,10452,188476,1499
2022-05-19,Yolo,113,214977,39682,38377,3112,41489,319
2022-05-19,Yuba,115,75493,16226,16180,1281,17461,122
2022-05-18,Alameda,001,1643700,277493,272530,15196,287726,1859
2022-05-18,Alpine,002,1148,126,126,1,127,0
2022-05-18,Amador,005,37829,8691,8592,680,9272,86
2022-05-18,Butte,007,227075,33888,33486,7303,40789,426
2022-05-18,Calaveras,009,45235,7441,7400,377,7777,120
2022-05-18,Colusa,011,21464,3476,3467,1057,4524,21
2022-05-18,Contra Costa,013,1133247,205064,198207,14838,213045,1303
2022-05-18,Del Norte,015,27424,6149,6001,207,6208,50
2022-05-18,El Dorado,017,186661,27658,27388,3342,30730,212
2022-05-18,Fresno,019,978130,238752,234055,24964,259019,2759
2022-05-18,Glenn,021,27897,5045,5012,1638,6650,48
2022-05-18,Humboldt,023,135768,18115,17868,3371,21239,146
2022-05-18,Imperial,025,180216,56101,55915,10737,66652,918
2022-05-18,Inyo,027,18085,4142,4120,540,4660,56
2022-05-18,Kern,029,883053,194183,193338,46801,240139,2327
2022-05-18,Kings,031,150075,52099,51903,3551,55454,447
2022-05-18,Lake,033,64148,10922,10831,915,11746,137
2022-05-18,Lassen,035,31185,9010,8994,883,9877,65
2022-05-18,Los Angeles,037,10098052,2805529,2780354,129844,2910198,31789
2022-05-18,Madera,039,155013,37838,37644,6221,43865,365
2022-05-18,Marin,041,260295,36796,36024,3498,39522,293
2022-05-18,Mariposa,043,17540,2503,2481,224,2705,30
2022-05-18,Mendocino,045,87422,13526,13403,3339,16742,124
2022-05-18,Merced,047,269075,63635,62802,9158,71960,818
2022-05-18,Modoc,049,8938,747,748,253,1001,8
2022-05-18,Mono,051,14174,3024,3010,154,3164,6
2022-05-18,Monterey,053,433212,81592,80955,14922,95877,735
2022-05-18,Napa,055,140530,27161,26912,1083,27995,143
2022-05-18,Nevada,057,99092,16488,16361,1287,17648,127
2022-05-18,Orange,059,3164182,564540,560094,44354,604448,7021
2022-05-18,Placer,061,380077,65263,64432,7745,72177,626
2022-05-18,Plumas,063,18699,3074,3022,369,3391,13
2022-05-18,Riverside,065,2383286,603868,599947,28763,628710,6471
2022-05-18,Sacramento,067,1510023,291486,288335,27874,316209,3022
2022-05-18,San Benito,069,59416,13335,13186,571,13757,98
2022-05-18,San Bernardino,071,2135413,584597,573790,25460,599250,7455
2022-05-18,San Diego,073,3302833,777786,773934,55795,829729,5277
2022-05-18,San Francisco,075,870044,140577,137341,9207,146548,869
2022-05-18,San Joaquin,077,732212,170730,169045,10759,179804,2236
2022-05-18,San Luis Obispo,079,281455,54198,53756,4183,57939,478
2022-05-18,San Mateo,081,765935,133985,131330,7988,139318,709
2022-05-18,Santa Barbara,083,443738,89191,88317,4963,93280,693
2022-05-18,Santa Clara,085,1922200,343192,333230,13961,347191,2300
2022-05-18,Santa Cruz,087,273765,51584,51020,2313,53333,263
2022-05-18,Shasta,089,179085,31049,30899,6154,37053,558
2022-05-18,Sierra,091,2930,277,275,54,329,4
2022-05-18,Siskiyou,093,43540,4496,4495,2776,7271,81
2022-05-18,Solano,095,438530,86068,84476,5959,90435,451
2022-05-18,Sonoma,097,501317,89577,88195,3371,91566,489
2022-05-18,Stanislaus,099,539301,119928,119025,18299,137324,1645
2022-05-18,Sutter,101,95872,20821,20763,2152,22915,226
2022-05-18,Tehama,103,63373,12182,12133,2619,14752,201
2022-05-18,Trinity,105,12862,1198,1189,289,1478,20
2022-05-18,Tulare,107,460477,107517,107292,28202,135494,1477
2022-05-18,Tuolumne,109,53932,13128,12917,602,13519,182
2022-05-18,Ventura,111,848112,178758,177233,10408,187641,1497
2022-05-18,Yolo,113,214977,39570,38139,3100,41239,316
2022-05-18,Yuba,115,75493,16202,16109,1272,17381,122
2022-05-17,Alameda,001,1643700,276652,272530,15128,287658,1859
2022-05-17,Alpine,002,1148,126,126,1,127,0
2022-05-17,Amador,005,37829,8682,8592,678,9270,86
2022-05-17,Butte,007,227075,33836,33486,7282,40768,426
2022-05-17,Calaveras,009,45235,7434,7400,377,7777,120
2022-05-17,Colusa,011,21464,3475,3467,1056,4523,21
2022-05-17,Contra Costa,013,1133247,204426,198207,14753,212960,1303
2022-05-17,Del Norte,015,27424,6134,6001,207,6208,50
2022-05-17,El Dorado,017,186661,27607,27388,3336,30724,212
2022-05-17,Fresno,019,978130,238498,234055,24933,258988,2759
2022-05-17,Glenn,021,27897,5042,5012,1637,6649,48
2022-05-17,Humboldt,023,135768,18075,17868,3354,21222,146
2022-05-17,Imperial,025,180216,56058,55915,10727,66642,918
2022-05-17,Inyo,027,18085,4140,4120,531,4651,56
2022-05-17,Kern,029,883053,194026,193338,46745,240083,2327
2022-05-17,Kings,031,150075,52056,51903,3547,55450,447
2022-05-17,Lake,033,64148,10907,10831,913,11744,137
2022-05-17,Lassen,035,31185,9005,8994,882,9876,65
2022-05-17,Los Angeles,037,10098052,2801006,2780354,129532,2909886,31789
2022-05-17,Madera,039,155013,37812,37644,6206,43850,365
2022-05-17,Marin,041,260295,36663,36024,3437,39461,293
2022-05-17,Mariposa,043,17540,2498,2481,223,2704,30
2022-05-17,Mendocino,045,87422,13500,13403,3329,16732,124
2022-05-17,Merced,047,269075,63569,62802,9139,71941,818
2022-05-17,Modoc,049,8938,747,748,253,1001,8
2022-05-17,Mono,051,14174,3020,3010,154,3164,6
2022-05-17,Monterey,053,433212,81474,80955,14857,95812,735
2022-05-17,Napa,055,140530,27113,26912,1075,27987,143
2022-05-17,Nevada,057,99092,16459,16361,1279,17640,127
2022-05-17,Orange,059,3164182,563636,560094,44211,604305,7021
2022-05-17,Placer,061,380077,65103,64432,7708,72140,626
2022-05-17,Plumas,063,18699,3068,3022,368,3390,13
2022-05-17,Riverside,065,2383286,603180,599947,28720,628667,6471
2022-05-17,Sacramento,067,1510023,290853,288335,27774,316109,3022
2022-05-17,San Benito,069,59416,13298,13186,570,13756,98
2022-05-17,San Bernardino,071,2135413,584106,573790,25446,599236,7455
2022-05-17,San Diego,073,3302833,776273,773934,55628,829562,5277
2022-05-17,San Francisco,075,870044,140000,137341,9176,146517,869
2022-05-17,San Joaquin,077,732212,170489,169045,10718,179763,2236
2022-05-17,San Luis Obispo,079,281455,54105,53756,4139,57895,478
2022-05-17,San Mateo,081,765935,133486,131330,7949,139279,709
2022-05-17,Santa Barbara,083,443738,88993,88317,4945,93262,693
2022-05-17,Santa Clara,085,1922200,342010,333230,13888,347118,2300
2022-05-17,Santa Cruz,087,273765,51507,51020,2305,53325,263
2022-05-17,Shasta,089,179085,31012,30899,6151,37050,558
2022-05-17,Sierra,091,2930,277,275,54,329,4
2022-05-17,Siskiyou,093,43540,4494,4495,2774,7269,81
2022-05-17,Solano,095,438530,85782,84476,5929,90405,451
2022-05-17,Sonoma,097,501317,89333,88195,3326,91521,489
2022-05-17,Stanislaus,099,539301,119779,119025,18270,137295,1645
2022-05-17,Sutter,101,95872,20801,20763,2148,22911,226
2022-05-17,Tehama,103,63373,12170,12133,2616,14749,201
2022-05-17,Trinity,105,12862,1197,1189,289,1478,20
2022-05-17,Tulare,107,460477,107423,107292,28163,135455,1477
2022-05-17,Tuolumne,109,53932,13114,12917,602,13519,182
2022-05-17,Ventura,111,848112,178435,177233,10354,187587,1497
2022-05-17,Yolo,113,214977,39433,38139,3093,41232,316
2022-05-17,Yuba,115,75493,16177,16109,1269,17378,122
2022-05-16,Alameda,001,1643700,275646,272530,15051,287581,1859
2022-05-16,Alpine,002,1148,126,126,1,127,0
2022-05-16,Amador,005,37829,8672,8592,677,9269,86
2022-05-16,Butte,007,227075,33778,33486,7266,40752,426
2022-05-16,Calaveras,009,45235,7428,7400,375,7775,120
2022-05-16,Colusa,011,21464,3474,3467,1056,4523,21
2022-05-16,Contra Costa,013,1133247,203782,198207,14672,212879,1303
2022-05-16,Del Norte,015,27424,6121,6001,204,6205,50
2022-05-16,El Dorado,017,186661,27548,27388,3328,30716,212
2022-05-16,Fresno,019,978130,238234,234055,24891,258946,2759
2022-05-16,Glenn,021,27897,5037,5012,1632,6644,48
2022-05-16,Humboldt,023,135768,18029,17868,3340,21208,146
2022-05-16,Imperial,025,180216,55994,55915,10714,66629,918
2022-05-16,Inyo,027,18085,4136,4120,528,4648,56
2022-05-16,Kern,029,883053,193874,193338,46679,240017,2327
2022-05-16,Kings,031,150075,52006,51903,3546,55449,447
2022-05-16,Lake,033,64148,10900,10831,912,11743,137
2022-05-16,Lassen,035,31185,9000,8994,880,9874,65
2022-05-16,Los Angeles,037,10098052,2796586,2780354,129245,2909599,31789
2022-05-16,Madera,039,155013,37781,37644,6183,43827,365
2022-05-16,Marin,041,260295,36499,36024,3389,39413,293
2022-05-16,Mariposa,043,17540,2497,2481,222,2703,30
2022-05-16,Mendocino,045,87422,13474,13403,3317,16720,124
2022-05-16,Merced,047,269075,63498,62802,9103,71905,818
2022-05-16,Modoc,049,8938,747,748,253,1001,8
2022-05-16,Mono,051,14174,3017,3010,154,3164,6
2022-05-16,Monterey,053,433212,81362,80955,14771,95726,735
2022-05-16,Napa,055,140530,27062,26912,1070,27982,143
2022-05-16,Nevada,057,99092,16440,16361,1273,17634,127
2022-05-16,Orange,059,3164182,562783,560094,44083,604177,7021
2022-05-16,Placer,061,380077,64993,64432,7677,72109,626
2022-05-16,Plumas,063,18699,3058,3022,367,3389,13
2022-05-16,Riverside,065,2383286,602466,599947,28664,628611,6471
2022-05-16,Sacramento,067,1510023,290187,288335,27679,316014,3022
2022-05-16,San Benito,069,59416,13280,13186,564,13750,98
2022-05-16,San Bernardino,071,2135413,583633,573790,25416,599206,7455
2022-05-16,San Diego,073,3302833,774732,773934,55460,829394,5277
2022-05-16,San Francisco,075,870044,139297,137341,9144,146485,869
2022-05-16,San Joaquin,077,732212,170211,169045,10533,179578,2236
2022-05-16,San Luis Obispo,079,281455,54002,53756,4110,57866,478
2022-05-16,San Mateo,081,765935,132938,131330,7894,139224,709
2022-05-16,Santa Barbara,083,443738,88848,88317,4934,93251,693
2022-05-16,Santa Clara,085,1922200,340685,333230,13801,347031,2300
2022-05-16,Santa Cruz,087,273765,51428,51020,2290,53310,263
2022-05-16,Shasta,089,179085,30979,30899,6143,37042,558
2022-05-16,Sierra,091,2930,277,275,53,328,4
2022-05-16,Siskiyou,093,43540,4491,4495,2767,7262,81
2022-05-16,Solano,095,438530,85521,84476,5903,90379,451
2022-05-16,Sonoma,097,501317,89033,88195,3288,91483,489
2022-05-16,Stanislaus,099,539301,119635,119025,18237,137262,1645
2022-05-16,Sutter,101,95872,20787,20763,2141,22904,226
2022-05-16,Tehama,103,63373,12162,12133,2613,14746,201
2022-05-16,Trinity,105,12862,1196,1189,289,1478,20
2022-05-16,Tulare,107,460477,107343,107292,28117,135409,1477
2022-05-16,Tuolumne,109,53932,13081,12917,599,13516,182
2022-05-16,Ventura,111,848112,178104,177233,10296,187529,1497
2022-05-16,Yolo,113,214977,39298,38139,3084,41223,316
2022-05-16,Yuba,115,75493,16150,16109,1266,17375,122
2022-05-15,Alameda,001,1643700,274581,268944,14981,283925,1857
2022-05-15,Alpine,002,1148,126,125,1,126,0
2022-05-15,Amador,005,37829,8656,8574,672,9246,86
2022-05-15,Butte,007,227075,33720,33377,7245,40622,424
2022-05-15,Calaveras,009,45235,7409,7378,373,7751,120
2022-05-15,Colusa,011,21464,3471,3463,1054,4517,21
2022-05-15,Contra Costa,013,1133247,203014,195925,14590,210515,1301
2022-05-15,Del Norte,015,27424,6047,5919,202,6121,50
2022-05-15,El Dorado,017,186661,27486,27216,3315,30531,212
2022-05-15,Fresno,019,978130,237966,233305,24857,258162,2757
2022-05-15,Glenn,021,27897,5034,5004,1631,6635,48
2022-05-15,Humboldt,023,135768,17979,17633,3300,20933,146
2022-05-15,Imperial,025,180216,55958,55756,10693,66449,917
2022-05-15,Inyo,027,18085,4132,4114,524,4638,56
2022-05-15,Kern,029,883053,193696,192939,46596,239535,2314
2022-05-15,Kings,031,150075,51946,51779,3542,55321,447
2022-05-15,Lake,033,64148,10882,10790,909,11699,137
2022-05-15,Lassen,035,31185,8991,8987,879,9866,65
2022-05-15,Los Angeles,037,10098052,2791999,2768726,128873,2897599,31768
2022-05-15,Madera,039,155013,37739,37520,6165,43685,365
2022-05-15,Marin,041,260295,36328,35486,3350,38836,293
2022-05-15,Mariposa,043,17540,2492,2463,221,2684,30
2022-05-15,Mendocino,045,87422,13454,13349,3290,16639,124
2022-05-15,Merced,047,269075,63414,62627,9057,71684,818
2022-05-15,Modoc,049,8938,746,747,253,1000,8
2022-05-15,Mono,051,14174,3014,3002,152,3154,6
2022-05-15,Monterey,053,433212,81252,80620,14683,95303,735
2022-05-15,Napa,055,140530,27007,26698,1066,27764,143
2022-05-15,Nevada,057,99092,16410,16240,1270,17510,127
2022-05-15,Orange,059,3164182,561836,557134,43942,601076,7017
2022-05-15,Placer,061,380077,64816,63963,7648,71611,626
2022-05-15,Plumas,063,18699,3052,3006,367,3373,13
2022-05-15,Riverside,065,2383286,601746,597914,28596,626510,6471
2022-05-15,Sacramento,067,1510023,289470,286403,27543,313946,3022
2022-05-15,San Benito,069,59416,13255,13106,562,13668,98
2022-05-15,San Bernardino,071,2135413,583085,572057,25387,597444,7423
2022-05-15,San Diego,073,3302833,773228,770323,55261,825584,5271
2022-05-15,San Francisco,075,870044,138583,134916,9110,144026,866
2022-05-15,San Joaquin,077,732212,169968,168174,10456,178630,2236
2022-05-15,San Luis Obispo,079,281455,53875,53502,4068,57570,478
2022-05-15,San Mateo,081,765935,132403,129480,7824,137304,709
2022-05-15,Santa Barbara,083,443738,88618,87773,4899,92672,693
2022-05-15,Santa Clara,085,1922200,339267,328609,13709,342318,2297
2022-05-15,Santa Cruz,087,273765,51323,50268,2274,52542,263
2022-05-15,Shasta,089,179085,30939,30799,6137,36936,557
2022-05-15,Sierra,091,2930,277,275,53,328,4
2022-05-15,Siskiyou,093,43540,4489,4482,2764,7246,81
2022-05-15,Solano,095,438530,85200,83669,5869,89538,451
2022-05-15,Sonoma,097,501317,88708,87070,3263,90333,488
2022-05-15,Stanislaus,099,539301,119463,118586,18205,136791,1645
2022-05-15,Sutter,101,95872,20760,20690,2131,22821,226
2022-05-15,Tehama,103,63373,12144,12115,2607,14722,201
2022-05-15,Trinity,105,12862,1195,1188,289,1477,20
2022-05-15,Tulare,107,460477,107243,107077,28071,135148,1469
2022-05-15,Tuolumne,109,53932,13026,12851,597,13448,182
2022-05-15,Ventura,111,848112,177758,176317,10234,186551,1497
2022-05-15,Yolo,113,214977,39183,37737,3072,40809,316
2022-05-15,Yuba,115,75493,16116,16028,1257,17285,122
2022-05-14,Alameda,001,1643700,274153,268944,14961,283905,1857
2022-05-14,Alpine,002,1148,125,125,1,126,0
2022-05-14,Amador,005,37829,8650,8574,672,9246,86
2022-05-14,Butte,007,227075,33700,33377,7237,40614,424
2022-05-14,Calaveras,009,45235,7407,7378,373,7751,120
2022-05-14,Colusa,011,21464,3471,3463,1054,4517,21
2022-05-14,Contra Costa,013,1133247,202635,195925,14560,210485,1301
2022-05-14,Del Norte,015,27424,6038,5919,200,6119,50
2022-05-14,El Dorado,017,186661,27455,27216,3310,30526,212
2022-05-14,Fresno,019,978130,237842,233305,24847,258152,2757
2022-05-14,Glenn,021,27897,5033,5004,1627,6631,48
2022-05-14,Humboldt,023,135768,17953,17633,3293,20926,146
2022-05-14,Imperial,025,180216,55927,55756,10690,66446,917
2022-05-14,Inyo,027,18085,4127,4114,524,4638,56
2022-05-14,Kern,029,883053,193625,192939,46550,239489,2314
2022-05-14,Kings,031,150075,51919,51779,3542,55321,447
2022-05-14,Lake,033,64148,10872,10790,904,11694,137
2022-05-14,Lassen,035,31185,8989,8987,879,9866,65
2022-05-14,Los Angeles,037,10098052,2790067,2768726,128658,2897384,31768
2022-05-14,Madera,039,155013,37724,37520,6165,43685,365
2022-05-14,Marin,041,260295,36221,35486,3301,38787,293
2022-05-14,Mariposa,043,17540,2491,2463,221,2684,30
2022-05-14,Mendocino,045,87422,13444,13349,3286,16635,124
2022-05-14,Merced,047,269075,63378,62627,9054,71681,818
2022-05-14,Modoc,049,8938,745,747,253,1000,8
2022-05-14,Mono,051,14174,3014,3002,151,3153,6
2022-05-14,Monterey,053,433212,81187,80620,14630,95250,735
2022-05-14,Napa,055,140530,26983,26698,1059,27757,143
2022-05-14,Nevada,057,99092,16395,16240,1269,17509,127
2022-05-14,Orange,059,3164182,561391,557134,43852,600986,7017
2022-05-14,Placer,061,380077,64707,63963,7625,71588,626
2022-05-14,Plumas,063,18699,3048,3006,367,3373,13
2022-05-14,Riverside,065,2383286,601334,597914,28561,626475,6471
2022-05-14,Sacramento,067,1510023,289199,286403,27522,313925,3022
2022-05-14,San Benito,069,59416,13245,13106,559,13665,98
2022-05-14,San Bernardino,071,2135413,582807,572057,25375,597432,7423
2022-05-14,San Diego,073,3302833,772628,770323,55214,825537,5271
2022-05-14,San Francisco,075,870044,138225,134916,9086,144002,866
2022-05-14,San Joaquin,077,732212,169823,168174,10440,178614,2236
2022-05-14,San Luis Obispo,079,281455,53848,53502,4065,57567,478
2022-05-14,San Mateo,081,765935,132078,129480,7796,137276,709
2022-05-14,Santa Barbara,083,443738,88511,87773,4894,92667,693
2022-05-14,Santa Clara,085,1922200,338436,328609,13670,342279,2297
2022-05-14,Santa Cruz,087,273765,51276,50268,2260,52528,263
2022-05-14,Shasta,089,179085,30935,30799,6136,36935,557
2022-05-14,Sierra,091,2930,277,275,53,328,4
2022-05-14,Siskiyou,093,43540,4486,4482,2762,7244,81
2022-05-14,Solano,095,438530,85136,83669,5859,89528,451
2022-05-14,Sonoma,097,501317,88564,87070,3251,90321,488
2022-05-14,Stanislaus,099,539301,119378,118586,18193,136779,1645
2022-05-14,Sutter,101,95872,20753,20690,2130,22820,226
2022-05-14,Tehama,103,63373,12138,12115,2606,14721,201
2022-05-14,Trinity,105,12862,1195,1188,289,1477,20
2022-05-14,Tulare,107,460477,107193,107077,28047,135124,1469
2022-05-14,Tuolumne,109,53932,13015,12851,597,13448,182
2022-05-14,Ventura,111,848112,177596,176317,10209,186526,1497
2022-05-14,Yolo,113,214977,39114,37737,3065,40802,316
2022-05-14,Yuba,115,75493,16109,16028,1256,17284,122
2022-05-13,Alameda,001,1643700,273670,268944,14929,283873,1857
2022-05-13,Alpine,002,1148,125,125,1,126,0
2022-05-13,Amador,005,37829,8645,8574,671,9245,86
2022-05-13,Butte,007,227075,33683,33377,7235,40612,424
2022-05-13,Calaveras,009,45235,7404,7378,373,7751,120
2022-05-13,Colusa,011,21464,3470,3463,1054,4517,21
2022-05-13,Contra Costa,013,1133247,202292,195925,14530,210455,1301
2022-05-13,Del Norte,015,27424,6035,5919,200,6119,50
2022-05-13,El Dorado,017,186661,27427,27216,3310,30526,212
2022-05-13,Fresno,019,978130,237734,233305,24828,258133,2757
2022-05-13,Glenn,021,27897,5031,5004,1626,6630,48
2022-05-13,Humboldt,023,135768,17929,17633,3285,20918,146
2022-05-13,Imperial,025,180216,55908,55756,10689,66445,917
2022-05-13,Inyo,027,18085,4127,4114,523,4637,56
2022-05-13,Kern,029,883053,193550,192939,46521,239460,2314
2022-05-13,Kings,031,150075,51895,51779,3542,55321,447
2022-05-13,Lake,033,64148,10869,10790,904,11694,137
2022-05-13,Lassen,035,31185,8988,8987,879,9866,65
2022-05-13,Los Angeles,037,10098052,2788125,2768726,128464,2897190,31768
2022-05-13,Madera,039,155013,37704,37520,6156,43676,365
2022-05-13,Marin,041,260295,36118,35486,3258,38744,293
2022-05-13,Mariposa,043,17540,2489,2463,221,2684,30
2022-05-13,Mendocino,045,87422,13430,13349,3279,16628,124
2022-05-13,Merced,047,269075,63343,62627,9045,71672,818
2022-05-13,Modoc,049,8938,745,747,253,1000,8
2022-05-13,Mono,051,14174,3012,3002,150,3152,6
2022-05-13,Monterey,053,433212,81131,80620,14591,95211,735
2022-05-13,Napa,055,140530,26947,26698,1057,27755,143
2022-05-13,Nevada,057,99092,16380,16240,1268,17508,127
2022-05-13,Orange,059,3164182,560923,557134,43777,600911,7017
2022-05-13,Placer,061,380077,64629,63963,7615,71578,626
2022-05-13,Plumas,063,18699,3041,3006,367,3373,13
2022-05-13,Riverside,065,2383286,600947,597914,28532,626446,6471
2022-05-13,Sacramento,067,1510023,288861,286403,27496,313899,3022
2022-05-13,San Benito,069,59416,13241,13106,559,13665,98
2022-05-13,San Bernardino,071,2135413,582566,572057,25367,597424,7423
2022-05-13,San Diego,073,3302833,771990,770323,55134,825457,5271
2022-05-13,San Francisco,075,870044,137875,134916,9066,143982,866
2022-05-13,San Joaquin,077,732212,169703,168174,10428,178602,2236
2022-05-13,San Luis Obispo,079,281455,53812,53502,4061,57563,478
2022-05-13,San Mateo,081,765935,131786,129480,7775,137255,709
2022-05-13,Santa Barbara,083,443738,88417,87773,4891,92664,693
2022-05-13,Santa Clara,085,1922200,337633,328609,13637,342246,2297
2022-05-13,Santa Cruz,087,273765,51189,50268,2252,52520,263
2022-05-13,Shasta,089,179085,30931,30799,6136,36935,557
2022-05-13,Sierra,091,2930,276,275,50,325,4
2022-05-13,Siskiyou,093,43540,4485,4482,2762,7244,81
2022-05-13,Solano,095,438530,85012,83669,5852,89521,451
2022-05-13,Sonoma,097,501317,88387,87070,3237,90307,488
2022-05-13,Stanislaus,099,539301,119284,118586,18179,136765,1645
2022-05-13,Sutter,101,95872,20741,20690,2129,22819,226
2022-05-13,Tehama,103,63373,12136,12115,2604,14719,201
2022-05-13,Trinity,105,12862,1194,1188,289,1477,20
2022-05-13,Tulare,107,460477,107146,107077,28012,135089,1469
2022-05-13,Tuolumne,109,53932,12999,12851,597,13448,182
2022-05-13,Ventura,111,848112,177416,176317,10195,186512,1497
2022-05-13,Yolo,113,214977,39051,37737,3062,40799,316
2022-05-13,Yuba,115,75493,16096,16028,1253,17281,122
2022-05-12,Alameda,001,1643700,272922,268944,14876,283820,1857
2022-05-12,Alpine,002,1148,125,125,1,126,0
2022-05-12,Amador,005,37829,8636,8574,671,9245,86
2022-05-12,Butte,007,227075,33656,33377,7221,40598,424
2022-05-12,Calaveras,009,45235,7400,7378,372,7750,120
2022-05-12,Colusa,011,21464,3470,3463,1053,4516,21
2022-05-12,Contra Costa,013,1133247,201772,195925,14467,210392,1301
2022-05-12,Del Norte,015,27424,6018,5919,199,6118,50
2022-05-12,El Dorado,017,186661,27387,27216,3301,30517,212
2022-05-12,Fresno,019,978130,237580,233305,24808,258113,2757
2022-05-12,Glenn,021,27897,5027,5004,1624,6628,48
2022-05-12,Humboldt,023,135768,17887,17633,3272,20905,146
2022-05-12,Imperial,025,180216,55881,55756,10676,66432,917
2022-05-12,Inyo,027,18085,4123,4114,518,4632,56
2022-05-12,Kern,029,883053,193484,192939,46473,239412,2314
2022-05-12,Kings,031,150075,51875,51779,3540,55319,447
2022-05-12,Lake,033,64148,10851,10790,898,11688,137
2022-05-12,Lassen,035,31185,8987,8987,879,9866,65
2022-05-12,Los Angeles,037,10098052,2784919,2768726,128199,2896925,31768
2022-05-12,Madera,039,155013,37679,37520,6144,43664,365
2022-05-12,Marin,041,260295,36018,35486,3235,38721,293
2022-05-12,Mariposa,043,17540,2484,2463,220,2683,30
2022-05-12,Mendocino,045,87422,13413,13349,3267,16616,124
2022-05-12,Merced,047,269075,63311,62627,9034,71661,818
2022-05-12,Modoc,049,8938,744,747,253,1000,8
2022-05-12,Mono,051,14174,3012,3002,149,3151,6
2022-05-12,Monterey,053,433212,81074,80620,14548,95168,735
2022-05-12,Napa,055,140530,26902,26698,1055,27753,143
2022-05-12,Nevada,057,99092,16358,16240,1267,17507,127
2022-05-12,Orange,059,3164182,560283,557134,43668,600802,7017
2022-05-12,Placer,061,380077,64523,63963,7592,71555,626
2022-05-12,Plumas,063,18699,3035,3006,367,3373,13
2022-05-12,Riverside,065,2383286,600490,597914,28499,626413,6471
2022-05-12,Sacramento,067,1510023,288404,286403,27432,313835,3022
2022-05-12,San Benito,069,59416,13226,13106,558,13664,98
2022-05-12,San Bernardino,071,2135413,582214,572057,25350,597407,7423
2022-05-12,San Diego,073,3302833,771039,770323,55044,825367,5271
2022-05-12,San Francisco,075,870044,137496,134916,9028,143944,866
2022-05-12,San Joaquin,077,732212,169522,168174,10388,178562,2236
2022-05-12,San Luis Obispo,079,281455,53753,53502,4032,57534,478
2022-05-12,San Mateo,081,765935,131374,129480,7724,137204,709
2022-05-12,Santa Barbara,083,443738,88311,87773,4880,92653,693
2022-05-12,Santa Clara,085,1922200,336659,328609,13553,342162,2297
2022-05-12,Santa Cruz,087,273765,51045,50268,2246,52514,263
2022-05-12,Shasta,089,179085,30918,30799,6134,36933,557
2022-05-12,Sierra,091,2930,275,275,50,325,4
2022-05-12,Siskiyou,093,43540,4480,4482,2760,7242,81
2022-05-12,Solano,095,438530,84792,83669,5839,89508,451
2022-05-12,Sonoma,097,501317,88168,87070,3211,90281,488
2022-05-12,Stanislaus,099,539301,119180,118586,18150,136736,1645
2022-05-12,Sutter,101,95872,20725,20690,2128,22818,226
2022-05-12,Tehama,103,63373,12129,12115,2601,14716,201
2022-05-12,Trinity,105,12862,1193,1188,288,1476,20
2022-05-12,Tulare,107,460477,107093,107077,27964,135041,1469
2022-05-12,Tuolumne,109,53932,12979,12851,595,13446,182
2022-05-12,Ventura,111,848112,177186,176317,10152,186469,1497
2022-05-12,Yolo,113,214977,38938,37737,3052,40789,316
2022-05-12,Yuba,115,75493,16080,16028,1250,17278,122
2022-05-11,Alameda,001,1643700,272210,267982,14824,282806,1853
2022-05-11,Alpine,002,1148,125,125,1,126,0
2022-05-11,Amador,005,37829,8628,8564,671,9235,86
2022-05-11,Butte,007,227075,33624,33339,7215,40554,423
2022-05-11,Calaveras,009,45235,7395,7368,368,7736,120
2022-05-11,Colusa,011,21464,3469,3462,1053,4515,21
2022-05-11,Contra Costa,013,1133247,201252,195153,14412,209565,1302
2022-05-11,Del Norte,015,27424,6008,5911,199,6110,50
2022-05-11,El Dorado,017,186661,27351,27172,3293,30465,212
2022-05-11,Fresno,019,978130,237415,233021,24776,257797,2754
2022-05-11,Glenn,021,27897,5027,5001,1622,6623,48
2022-05-11,Humboldt,023,135768,17843,17585,3256,20841,146
2022-05-11,Imperial,025,180216,55856,55751,10666,66417,917
2022-05-11,Inyo,027,18085,4122,4093,517,4610,56
2022-05-11,Kern,029,883053,193386,192795,46428,239223,2292
2022-05-11,Kings,031,150075,51848,51752,3538,55290,447
2022-05-11,Lake,033,64148,10838,10786,897,11683,137
2022-05-11,Lassen,035,31185,8986,8984,878,9862,65
2022-05-11,Los Angeles,037,10098052,2781803,2761410,127970,2889380,31747
2022-05-11,Madera,039,155013,37647,37496,6133,43629,365
2022-05-11,Marin,041,260295,35917,35336,3194,38530,292
2022-05-11,Mariposa,043,17540,2479,2461,220,2681,30
2022-05-11,Mendocino,045,87422,13398,13320,3250,16570,124
2022-05-11,Merced,047,269075,63268,62567,9013,71580,818
2022-05-11,Modoc,049,8938,743,747,253,1000,8
2022-05-11,Mono,051,14174,3012,2999,148,3147,6
2022-05-11,Monterey,053,433212,81011,80534,14497,95031,733
2022-05-11,Napa,055,140530,26851,26660,1053,27713,143
2022-05-11,Nevada,057,99092,16342,16230,1262,17492,127
2022-05-11,Orange,059,3164182,559607,556265,43584,599849,7009
2022-05-11,Placer,061,380077,64426,63823,7575,71398,625
2022-05-11,Plumas,063,18699,3027,2998,367,3365,13
2022-05-11,Riverside,065,2383286,600039,597302,28463,625765,6468
2022-05-11,Sacramento,067,1510023,287986,285799,27382,313181,3020
2022-05-11,San Benito,069,59416,13206,13088,554,13642,98
2022-05-11,San Bernardino,071,2135413,581850,571372,25341,596713,7354
2022-05-11,San Diego,073,3302833,770058,768135,54913,823048,5257
2022-05-11,San Francisco,075,870044,136999,134027,9003,143030,864
2022-05-11,San Joaquin,077,732212,169348,167949,10367,178316,2233
2022-05-11,San Luis Obispo,079,281455,53706,53420,4015,57435,478
2022-05-11,San Mateo,081,765935,130972,128821,7681,136502,711
2022-05-11,Santa Barbara,083,443738,88182,87593,4868,92461,693
2022-05-11,Santa Clara,085,1922200,335656,327177,13505,340682,2294
2022-05-11,Santa Cruz,087,273765,50887,50031,2232,52263,263
2022-05-11,Shasta,089,179085,30886,30768,6131,36899,564
2022-05-11,Sierra,091,2930,275,275,50,325,4
2022-05-11,Siskiyou,093,43540,4478,4478,2760,7238,81
2022-05-11,Solano,095,438530,84589,83464,5826,89290,450
2022-05-11,Sonoma,097,501317,87964,86798,3198,89996,488
2022-05-11,Stanislaus,099,539301,119077,118445,18128,136573,1644
2022-05-11,Sutter,101,95872,20710,20668,2127,22795,225
2022-05-11,Tehama,103,63373,12129,12106,2601,14707,201
2022-05-11,Trinity,105,12862,1191,1188,288,1476,20
2022-05-11,Tulare,107,460477,107037,107068,27931,134999,1468
2022-05-11,Tuolumne,109,53932,12962,12829,595,13424,181
2022-05-11,Ventura,111,848112,176987,175955,10110,186065,1491
2022-05-11,Yolo,113,214977,38823,37654,3047,40701,316
2022-05-11,Yuba,115,75493,16061,15997,1240,17237,122
2022-05-10,Alameda,001,1643700,271428,267982,14768,282750,1853
2022-05-10,Alpine,002,1148,125,125,1,126,0
2022-05-10,Amador,005,37829,8624,8564,670,9234,86
2022-05-10,Butte,007,227075,33597,33339,7211,40550,423
2022-05-10,Calaveras,009,45235,7391,7368,367,7735,120
2022-05-10,Colusa,011,21464,3469,3462,1052,4514,21
2022-05-10,Contra Costa,013,1133247,200767,195153,14370,209523,1302
2022-05-10,Del Norte,015,27424,5956,5911,199,6110,50
2022-05-10,El Dorado,017,186661,27314,27172,3287,30459,212
2022-05-10,Fresno,019,978130,237252,233021,24746,257767,2754
2022-05-10,Glenn,021,27897,5024,5001,1622,6623,48
2022-05-10,Humboldt,023,135768,17805,17585,3239,20824,146
2022-05-10,Imperial,025,180216,55821,55751,10648,66399,917
2022-05-10,Inyo,027,18085,4120,4093,511,4604,56
2022-05-10,Kern,029,883053,193284,192795,46387,239182,2292
2022-05-10,Kings,031,150075,51817,51752,3538,55290,447
2022-05-10,Lake,033,64148,10833,10786,897,11683,137
2022-05-10,Lassen,035,31185,8981,8984,878,9862,65
2022-05-10,Los Angeles,037,10098052,2778516,2761410,127737,2889147,31747
2022-05-10,Madera,039,155013,37614,37496,6120,43616,365
2022-05-10,Marin,041,260295,35801,35336,3151,38487,292
2022-05-10,Mariposa,043,17540,2479,2461,220,2681,30
2022-05-10,Mendocino,045,87422,13386,13320,3237,16557,124
2022-05-10,Merced,047,269075,63224,62567,8994,71561,818
2022-05-10,Modoc,049,8938,743,747,253,1000,8
2022-05-10,Mono,051,14174,3008,2999,145,3144,6
2022-05-10,Monterey,053,433212,80945,80534,14449,94983,733
2022-05-10,Napa,055,140530,26813,26660,1051,27711,143
2022-05-10,Nevada,057,99092,16322,16230,1259,17489,127
2022-05-10,Orange,059,3164182,558905,556265,43489,599754,7009
2022-05-10,Placer,061,380077,64312,63823,7559,71382,625
2022-05-10,Plumas,063,18699,3019,2998,366,3364,13
2022-05-10,Riverside,065,2383286,599612,597302,28434,625736,6468
2022-05-10,Sacramento,067,1510023,287481,285799,27315,313114,3020
2022-05-10,San Benito,069,59416,13189,13088,549,13637,98
2022-05-10,San Bernardino,071,2135413,581500,571372,25315,596687,7354
2022-05-10,San Diego,073,3302833,769043,768135,54791,822926,5257
2022-05-10,San Francisco,075,870044,136444,134027,8976,143003,864
2022-05-10,San Joaquin,077,732212,169193,167949,10305,178254,2233
2022-05-10,San Luis Obispo,079,281455,53630,53420,3990,57410,478
2022-05-10,San Mateo,081,765935,130589,128821,7643,136464,711
2022-05-10,Santa Barbara,083,443738,88066,87593,4853,92446,693
2022-05-10,Santa Clara,085,1922200,334622,327177,13425,340602,2294
2022-05-10,Santa Cruz,087,273765,50761,50031,2221,52252,263
2022-05-10,Shasta,089,179085,30866,30768,6130,36898,564
2022-05-10,Sierra,091,2930,275,275,49,324,4
2022-05-10,Siskiyou,093,43540,4474,4478,2760,7238,81
2022-05-10,Solano,095,438530,84401,83464,5807,89271,450
2022-05-10,Sonoma,097,501317,87723,86798,3160,89958,488
2022-05-10,Stanislaus,099,539301,118982,118445,18109,136554,1644
2022-05-10,Sutter,101,95872,20691,20668,2124,22792,225
2022-05-10,Tehama,103,63373,12126,12106,2594,14700,201
2022-05-10,Trinity,105,12862,1191,1188,288,1476,20
2022-05-10,Tulare,107,460477,106993,107068,27904,134972,1468
2022-05-10,Tuolumne,109,53932,12950,12829,595,13424,181
2022-05-10,Ventura,111,848112,176769,175955,10072,186027,1491
2022-05-10,Yolo,113,214977,38719,37654,3036,40690,316
2022-05-10,Yuba,115,75493,16040,15997,1237,17234,122
2022-05-09,Alameda,001,1643700,270651,267982,14724,282706,1853
2022-05-09,Alpine,002,1148,125,125,1,126,0
2022-05-09,Amador,005,37829,8618,8564,670,9234,86
2022-05-09,Butte,007,227075,33571,33339,7202,40541,423
2022-05-09,Calaveras,009,45235,7385,7368,367,7735,120
2022-05-09,Colusa,011,21464,3467,3462,1050,4512,21
2022-05-09,Contra Costa,013,1133247,200294,195153,14312,209465,1302
2022-05-09,Del Norte,015,27424,5947,5911,198,6109,50
2022-05-09,El Dorado,017,186661,27282,27172,3278,30450,212
2022-05-09,Fresno,019,978130,237094,233021,24724,257745,2754
2022-05-09,Glenn,021,27897,5022,5001,1621,6622,48
2022-05-09,Humboldt,023,135768,17754,17585,3217,20802,146
2022-05-09,Imperial,025,180216,55787,55751,10635,66386,917
2022-05-09,Inyo,027,18085,4117,4093,508,4601,56
2022-05-09,Kern,029,883053,193187,192795,46330,239125,2292
2022-05-09,Kings,031,150075,51786,51752,3537,55289,447
2022-05-09,Lake,033,64148,10825,10786,896,11682,137
2022-05-09,Lassen,035,31185,8979,8984,878,9862,65
2022-05-09,Los Angeles,037,10098052,2775168,2761410,127492,2888902,31747
2022-05-09,Madera,039,155013,37582,37496,6111,43607,365
2022-05-09,Marin,041,260295,35684,35336,3116,38452,292
2022-05-09,Mariposa,043,17540,2474,2461,220,2681,30
2022-05-09,Mendocino,045,87422,13375,13320,3226,16546,124
2022-05-09,Merced,047,269075,63184,62567,8975,71542,818
2022-05-09,Modoc,049,8938,743,747,253,1000,8
2022-05-09,Mono,051,14174,3006,2999,143,3142,6
2022-05-09,Monterey,053,433212,80853,80534,14396,94930,733
2022-05-09,Napa,055,140530,26763,26660,1049,27709,143
2022-05-09,Nevada,057,99092,16294,16230,1253,17483,127
2022-05-09,Orange,059,3164182,558235,556265,43407,599672,7009
2022-05-09,Placer,061,380077,64251,63823,7544,71367,625
2022-05-09,Plumas,063,18699,3010,2998,366,3364,13
2022-05-09,Riverside,065,2383286,599122,597302,28398,625700,6468
2022-05-09,Sacramento,067,1510023,287050,285799,27244,313043,3020
2022-05-09,San Benito,069,59416,13170,13088,547,13635,98
2022-05-09,San Bernardino,071,2135413,581162,571372,25304,596676,7354
2022-05-09,San Diego,073,3302833,768068,768135,54649,822784,5257
2022-05-09,San Francisco,075,870044,135884,134027,8951,142978,864
2022-05-09,San Joaquin,077,732212,169010,167949,10283,178232,2233
2022-05-09,San Luis Obispo,079,281455,53577,53420,3969,57389,478
2022-05-09,San Mateo,081,765935,130162,128821,7605,136426,711
2022-05-09,Santa Barbara,083,443738,87936,87593,4842,92435,693
2022-05-09,Santa Clara,085,1922200,333481,327177,13361,340538,2294
2022-05-09,Santa Cruz,087,273765,50620,50031,2213,52244,263
2022-05-09,Shasta,089,179085,30853,30768,6128,36896,564
2022-05-09,Sierra,091,2930,275,275,49,324,4
2022-05-09,Siskiyou,093,43540,4472,4478,2760,7238,81
2022-05-09,Solano,095,438530,84242,83464,5794,89258,450
2022-05-09,Sonoma,097,501317,87463,86798,3134,89932,488
2022-05-09,Stanislaus,099,539301,118886,118445,18091,136536,1644
2022-05-09,Sutter,101,95872,20678,20668,2123,22791,225
2022-05-09,Tehama,103,63373,12124,12106,2592,14698,201
2022-05-09,Trinity,105,12862,1191,1188,288,1476,20
2022-05-09,Tulare,107,460477,106946,107068,27868,134936,1468
2022-05-09,Tuolumne,109,53932,12942,12829,595,13424,181
2022-05-09,Ventura,111,848112,176552,175955,10022,185977,1491
2022-05-09,Yolo,113,214977,38610,37654,3027,40681,316
2022-05-09,Yuba,115,75493,16031,15997,1236,17233,122
2022-05-08,Alameda,001,1643700,269758,265198,14657,279855,1855
2022-05-08,Alpine,002,1148,125,125,1,126,0
2022-05-08,Amador,005,37829,8607,8556,667,9223,86
2022-05-08,Butte,007,227075,33548,33269,7191,40460,421
2022-05-08,Calaveras,009,45235,7378,7353,366,7719,120
2022-05-08,Colusa,011,21464,3466,3459,1050,4509,21
2022-05-08,Contra Costa,013,1133247,199778,193961,14231,208192,1302
2022-05-08,Del Norte,015,27424,5931,5884,198,6082,50
2022-05-08,El Dorado,017,186661,27244,27081,3273,30354,210
2022-05-08,Fresno,019,978130,236925,232655,24701,257356,2754
2022-05-08,Glenn,021,27897,5020,4996,1621,6617,48
2022-05-08,Humboldt,023,135768,17701,17410,3178,20588,146
2022-05-08,Imperial,025,180216,55753,55683,10626,66309,917
2022-05-08,Inyo,027,18085,4110,4087,508,4595,56
2022-05-08,Kern,029,883053,193093,192590,46284,238874,2287
2022-05-08,Kings,031,150075,51769,51702,3537,55239,447
2022-05-08,Lake,033,64148,10818,10766,896,11662,137
2022-05-08,Lassen,035,31185,8975,8978,878,9856,65
2022-05-08,Los Angeles,037,10098052,2771578,2751478,127203,2878681,31738
2022-05-08,Madera,039,155013,37560,37420,6092,43512,365
2022-05-08,Marin,041,260295,35558,34934,3069,38003,292
2022-05-08,Mariposa,043,17540,2467,2438,219,2657,30
2022-05-08,Mendocino,045,87422,13356,13270,3200,16470,124
2022-05-08,Merced,047,269075,63135,62471,8946,71417,818
2022-05-08,Modoc,049,8938,743,745,253,998,8
2022-05-08,Mono,051,14174,3005,2997,141,3138,6
2022-05-08,Monterey,053,433212,80760,80246,14314,94560,733
2022-05-08,Napa,055,140530,26722,26524,1046,27570,143
2022-05-08,Nevada,057,99092,16270,16171,1251,17422,127
2022-05-08,Orange,059,3164182,557553,554411,43302,597713,7007
2022-05-08,Placer,061,380077,64140,63577,7517,71094,625
2022-05-08,Plumas,063,18699,3006,2996,366,3362,13
2022-05-08,Riverside,065,2383286,598635,596022,28363,624385,6467
2022-05-08,Sacramento,067,1510023,286540,284564,27174,311738,3016
2022-05-08,San Benito,069,59416,13155,13047,544,13591,98
2022-05-08,San Bernardino,071,2135413,580728,570381,25269,595650,7306
2022-05-08,San Diego,073,3302833,767040,765377,54544,819921,5244
2022-05-08,San Francisco,075,870044,135229,132659,8919,141578,861
2022-05-08,San Joaquin,077,732212,168825,167568,10250,177818,2229
2022-05-08,San Luis Obispo,079,281455,53506,53273,3949,57222,477
2022-05-08,San Mateo,081,765935,129698,127615,7553,135168,709
2022-05-08,Santa Barbara,083,443738,87802,87305,4833,92138,692
2022-05-08,Santa Clara,085,1922200,332409,324946,13288,338234,2287
2022-05-08,Santa Cruz,087,273765,50440,49605,2209,51814,262
2022-05-08,Shasta,089,179085,30825,30721,6124,36845,563
2022-05-08,Sierra,091,2930,275,275,49,324,4
2022-05-08,Siskiyou,093,43540,4469,4470,2755,7225,81
2022-05-08,Solano,095,438530,84067,83038,5770,88808,450
2022-05-08,Sonoma,097,501317,87244,86150,3099,89249,488
2022-05-08,Stanislaus,099,539301,118778,118235,18066,136301,1643
2022-05-08,Sutter,101,95872,20657,20694,2119,22813,225
2022-05-08,Tehama,103,63373,12118,12098,2589,14687,201
2022-05-08,Trinity,105,12862,1190,1180,288,1468,20
2022-05-08,Tulare,107,460477,106905,106987,27833,134820,1468
2022-05-08,Tuolumne,109,53932,12929,12793,591,13384,181
2022-05-08,Ventura,111,848112,176316,175454,9976,185430,1491
2022-05-08,Yolo,113,214977,38503,37456,3013,40469,315
2022-05-08,Yuba,115,75493,16009,15964,1232,17196,122
2022-05-07,Alameda,001,1643700,269378,265198,14639,279837,1855
2022-05-07,Alpine,002,1148,125,125,1,126,0
2022-05-07,Amador,005,37829,8605,8556,667,9223,86
2022-05-07,Butte,007,227075,33540,33269,7185,40454,421
2022-05-07,Calaveras,009,45235,7371,7353,366,7719,120
2022-05-07,Colusa,011,21464,3466,3459,1050,4509,21
2022-05-07,Contra Costa,013,1133247,199536,193961,14214,208175,1302
2022-05-07,Del Norte,015,27424,5929,5884,198,6082,50
2022-05-07,El Dorado,017,186661,27226,27081,3271,30352,210
2022-05-07,Fresno,019,978130,236867,232655,24695,257350,2754
2022-05-07,Glenn,021,27897,5019,4996,1621,6617,48
2022-05-07,Humboldt,023,135768,17672,17410,3170,20580,146
2022-05-07,Imperial,025,180216,55730,55683,10620,66303,917
2022-05-07,Inyo,027,18085,4107,4087,508,4595,56
2022-05-07,Kern,029,883053,193058,192590,46263,238853,2287
2022-05-07,Kings,031,150075,51758,51702,3537,55239,447
2022-05-07,Lake,033,64148,10814,10766,896,11662,137
2022-05-07,Lassen,035,31185,8975,8978,878,9856,65
2022-05-07,Los Angeles,037,10098052,2770000,2751478,127031,2878509,31738
2022-05-07,Madera,039,155013,37553,37420,6092,43512,365
2022-05-07,Marin,041,260295,35484,34934,3037,37971,292
2022-05-07,Mariposa,043,17540,2464,2438,219,2657,30
2022-05-07,Mendocino,045,87422,13347,13270,3197,16467,124
2022-05-07,Merced,047,269075,63122,62471,8946,71417,818
2022-05-07,Modoc,049,8938,743,745,253,998,8
2022-05-07,Mono,051,14174,3004,2997,140,3137,6
2022-05-07,Monterey,053,433212,80700,80246,14288,94534,733
2022-05-07,Napa,055,140530,26692,26524,1045,27569,143
2022-05-07,Nevada,057,99092,16259,16171,1246,17417,127
2022-05-07,Orange,059,3164182,557223,554411,43248,597659,7007
2022-05-07,Placer,061,380077,64072,63577,7507,71084,625
2022-05-07,Plumas,063,18699,3006,2996,365,3361,13
2022-05-07,Riverside,065,2383286,598379,596022,28336,624358,6467
2022-05-07,Sacramento,067,1510023,286344,284564,27162,311726,3016
2022-05-07,San Benito,069,59416,13146,13047,539,13586,98
2022-05-07,San Bernardino,071,2135413,580516,570381,25264,595645,7306
2022-05-07,San Diego,073,3302833,766554,765377,54514,819891,5244
2022-05-07,San Francisco,075,870044,134900,132659,8899,141558,861
2022-05-07,San Joaquin,077,732212,168720,167568,10241,177809,2229
2022-05-07,San Luis Obispo,079,281455,53494,53273,3938,57211,477
2022-05-07,San Mateo,081,765935,129413,127615,7532,135147,709
2022-05-07,Santa Barbara,083,443738,87722,87305,4830,92135,692
2022-05-07,Santa Clara,085,1922200,331788,324946,13258,338204,2287
2022-05-07,Santa Cruz,087,273765,50387,49605,2199,51804,262
2022-05-07,Shasta,089,179085,30817,30721,6124,36845,563
2022-05-07,Sierra,091,2930,275,275,49,324,4
2022-05-07,Siskiyou,093,43540,4467,4470,2755,7225,81
2022-05-07,Solano,095,438530,84009,83038,5765,88803,450
2022-05-07,Sonoma,097,501317,87118,86150,3090,89240,488
2022-05-07,Stanislaus,099,539301,118731,118235,18057,136292,1643
2022-05-07,Sutter,101,95872,20648,20694,2119,22813,225
2022-05-07,Tehama,103,63373,12116,12098,2588,14686,201
2022-05-07,Trinity,105,12862,1190,1180,288,1468,20
2022-05-07,Tulare,107,460477,106880,106987,27821,134808,1468
2022-05-07,Tuolumne,109,53932,12922,12793,591,13384,181
2022-05-07,Ventura,111,848112,176205,175454,9952,185406,1491
2022-05-07,Yolo,113,214977,38458,37456,3011,40467,315
2022-05-07,Yuba,115,75493,16000,15964,1232,17196,122
2022-05-06,Alameda,001,1643700,268996,265198,14618,279816,1855
2022-05-06,Alpine,002,1148,125,125,1,126,0
2022-05-06,Amador,005,37829,8604,8556,666,9222,86
2022-05-06,Butte,007,227075,33531,33269,7182,40451,421
2022-05-06,Calaveras,009,45235,7369,7353,366,7719,120
2022-05-06,Colusa,011,21464,3466,3459,1050,4509,21
2022-05-06,Contra Costa,013,1133247,199304,193961,14202,208163,1302
2022-05-06,Del Norte,015,27424,5919,5884,198,6082,50
2022-05-06,El Dorado,017,186661,27201,27081,3268,30349,210
2022-05-06,Fresno,019,978130,236791,232655,24686,257341,2754
2022-05-06,Glenn,021,27897,5019,4996,1621,6617,48
2022-05-06,Humboldt,023,135768,17645,17410,3163,20573,146
2022-05-06,Imperial,025,180216,55721,55683,10617,66300,917
2022-05-06,Inyo,027,18085,4098,4087,505,4592,56
2022-05-06,Kern,029,883053,193006,192590,46234,238824,2287
2022-05-06,Kings,031,150075,51750,51702,3537,55239,447
2022-05-06,Lake,033,64148,10812,10766,896,11662,137
2022-05-06,Lassen,035,31185,8975,8978,878,9856,65
2022-05-06,Los Angeles,037,10098052,2768184,2751478,126882,2878360,31738
2022-05-06,Madera,039,155013,37539,37420,6089,43509,365
2022-05-06,Marin,041,260295,35406,34934,2991,37925,292
2022-05-06,Mariposa,043,17540,2463,2438,212,2650,30
2022-05-06,Mendocino,045,87422,13335,13270,3195,16465,124
2022-05-06,Merced,047,269075,63105,62471,8945,71416,818
2022-05-06,Modoc,049,8938,743,745,253,998,8
2022-05-06,Mono,051,14174,3003,2997,140,3137,6
2022-05-06,Monterey,053,433212,80661,80246,14251,94497,733
2022-05-06,Napa,055,140530,26675,26524,1045,27569,143
2022-05-06,Nevada,057,99092,16247,16171,1244,17415,127
2022-05-06,Orange,059,3164182,556880,554411,43181,597592,7007
2022-05-06,Placer,061,380077,64011,63577,7496,71073,625
2022-05-06,Plumas,063,18699,3004,2996,365,3361,13
2022-05-06,Riverside,065,2383286,598149,596022,28316,624338,6467
2022-05-06,Sacramento,067,1510023,286087,284564,27141,311705,3016
2022-05-06,San Benito,069,59416,13141,13047,539,13586,98
2022-05-06,San Bernardino,071,2135413,580339,570381,25258,595639,7306
2022-05-06,San Diego,073,3302833,766044,765377,54477,819854,5244
2022-05-06,San Francisco,075,870044,134575,132659,8878,141537,861
2022-05-06,San Joaquin,077,732212,168630,167568,10229,177797,2229
2022-05-06,San Luis Obispo,079,281455,53468,53273,3933,57206,477
2022-05-06,San Mateo,081,765935,129184,127615,7524,135139,709
2022-05-06,Santa Barbara,083,443738,87668,87305,4828,92133,692
2022-05-06,Santa Clara,085,1922200,331195,324946,13243,338189,2287
2022-05-06,Santa Cruz,087,273765,50322,49605,2195,51800,262
2022-05-06,Shasta,089,179085,30811,30721,6123,36844,563
2022-05-06,Sierra,091,2930,275,275,49,324,4
2022-05-06,Siskiyou,093,43540,4465,4470,2753,7223,81
2022-05-06,Solano,095,438530,83920,83038,5757,88795,450
2022-05-06,Sonoma,097,501317,86995,86150,3075,89225,488
2022-05-06,Stanislaus,099,539301,118674,118235,18050,136285,1643
2022-05-06,Sutter,101,95872,20642,20694,2119,22813,225
2022-05-06,Tehama,103,63373,12111,12098,2588,14686,201
2022-05-06,Trinity,105,12862,1189,1180,288,1468,20
2022-05-06,Tulare,107,460477,106861,106987,27810,134797,1468
2022-05-06,Tuolumne,109,53932,12915,12793,590,13383,181
2022-05-06,Ventura,111,848112,176088,175454,9922,185376,1491
2022-05-06,Yolo,113,214977,38411,37456,3007,40463,315
2022-05-06,Yuba,115,75493,15989,15964,1231,17195,122
2022-05-05,Alameda,001,1643700,268407,265198,14576,279774,1855
2022-05-05,Alpine,002,1148,125,125,1,126,0
2022-05-05,Amador,005,37829,8602,8556,665,9221,86
2022-05-05,Butte,007,227075,33512,33269,7175,40444,421
2022-05-05,Calaveras,009,45235,7365,7353,364,7717,120
2022-05-05,Colusa,011,21464,3466,3459,1047,4506,21
2022-05-05,Contra Costa,013,1133247,198911,193961,14158,208119,1302
2022-05-05,Del Norte,015,27424,5918,5884,198,6082,50
2022-05-05,El Dorado,017,186661,27176,27081,3261,30342,210
2022-05-05,Fresno,019,978130,236690,232655,24663,257318,2754
2022-05-05,Glenn,021,27897,5019,4996,1620,6616,48
2022-05-05,Humboldt,023,135768,17608,17410,3149,20559,146
2022-05-05,Imperial,025,180216,55714,55683,10606,66289,917
2022-05-05,Inyo,027,18085,4094,4087,504,4591,56
2022-05-05,Kern,029,883053,192948,192590,46197,238787,2287
2022-05-05,Kings,031,150075,51742,51702,3537,55239,447
2022-05-05,Lake,033,64148,10808,10766,896,11662,137
2022-05-05,Lassen,035,31185,8975,8978,878,9856,65
2022-05-05,Los Angeles,037,10098052,2765606,2751478,126662,2878140,31738
2022-05-05,Madera,039,155013,37522,37420,6084,43504,365
2022-05-05,Marin,041,260295,35296,34934,2969,37903,292
2022-05-05,Mariposa,043,17540,2461,2438,211,2649,30
2022-05-05,Mendocino,045,87422,13324,13270,3187,16457,124
2022-05-05,Merced,047,269075,63073,62471,8941,71412,818
2022-05-05,Modoc,049,8938,743,745,251,996,8
2022-05-05,Mono,051,14174,3002,2997,139,3136,6
2022-05-05,Monterey,053,433212,80605,80246,14222,94468,733
2022-05-05,Napa,055,140530,26642,26524,1044,27568,143
2022-05-05,Nevada,057,99092,16237,16171,1241,17412,127
2022-05-05,Orange,059,3164182,556370,554411,43123,597534,7007
2022-05-05,Placer,061,380077,63947,63577,7486,71063,625
2022-05-05,Plumas,063,18699,3003,2996,365,3361,13
2022-05-05,Riverside,065,2383286,597812,596022,28289,624311,6467
2022-05-05,Sacramento,067,1510023,285748,284564,27090,311654,3016
2022-05-05,San Benito,069,59416,13130,13047,537,13584,98
2022-05-05,San Bernardino,071,2135413,580048,570381,25242,595623,7306
2022-05-05,San Diego,073,3302833,765304,765377,54407,819784,5244
2022-05-05,San Francisco,075,870044,134157,132659,8843,141502,861
2022-05-05,San Joaquin,077,732212,168540,167568,10201,177769,2229
2022-05-05,San Luis Obispo,079,281455,53432,53273,3918,57191,477
2022-05-05,San Mateo,081,765935,128846,127615,7499,135114,709
2022-05-05,Santa Barbara,083,443738,87593,87305,4823,92128,692
2022-05-05,Santa Clara,085,1922200,330398,324946,13181,338127,2287
2022-05-05,Santa Cruz,087,273765,50224,49605,2191,51796,262
2022-05-05,Shasta,089,179085,30801,30721,6121,36842,563
2022-05-05,Sierra,091,2930,275,275,49,324,4
2022-05-05,Siskiyou,093,43540,4463,4470,2753,7223,81
2022-05-05,Solano,095,438530,83799,83038,5739,88777,450
2022-05-05,Sonoma,097,501317,86821,86150,3057,89207,488
2022-05-05,Stanislaus,099,539301,118615,118235,18036,136271,1643
2022-05-05,Sutter,101,95872,20640,20694,2117,22811,225
2022-05-05,Tehama,103,63373,12107,12098,2586,14684,201
2022-05-05,Trinity,105,12862,1189,1180,288,1468,20
2022-05-05,Tulare,107,460477,106831,106987,27793,134780,1468
2022-05-05,Tuolumne,109,53932,12897,12793,587,13380,181
2022-05-05,Ventura,111,848112,175901,175454,9879,185333,1491
2022-05-05,Yolo,113,214977,38339,37456,2996,40452,315
2022-05-05,Yuba,115,75493,15979,15964,1228,17192,122
2022-05-04,Alameda,001,1643700,267737,263736,14534,278270,1850
2022-05-04,Alpine,002,1148,125,124,1,125,0
2022-05-04,Amador,005,37829,8599,8546,664,9210,86
2022-05-04,Butte,007,227075,33495,33220,7170,40390,417
2022-05-04,Calaveras,009,45235,7360,7344,364,7708,120
2022-05-04,Colusa,011,21464,3465,3460,1047,4507,21
2022-05-04,Contra Costa,013,1133247,198545,193175,14103,207278,1302
2022-05-04,Del Norte,015,27424,5910,5866,198,6064,50
2022-05-04,El Dorado,017,186661,27148,27021,3254,30275,210
2022-05-04,Fresno,019,978130,236572,232332,24653,256985,2751
2022-05-04,Glenn,021,27897,5017,4995,1620,6615,48
2022-05-04,Humboldt,023,135768,17568,17316,3139,20455,146
2022-05-04,Imperial,025,180216,55691,55548,10598,66146,910
2022-05-04,Inyo,027,18085,4094,4085,501,4586,56
2022-05-04,Kern,029,883053,192882,192432,46161,238593,2281
2022-05-04,Kings,031,150075,51724,51663,3536,55199,447
2022-05-04,Lake,033,64148,10803,10758,896,11654,137
2022-05-04,Lassen,035,31185,8974,8972,876,9848,65
2022-05-04,Los Angeles,037,10098052,2762827,2744894,126472,2871366,31722
2022-05-04,Madera,039,155013,37498,37395,6079,43474,365
2022-05-04,Marin,041,260295,35209,34727,2947,37674,291
2022-05-04,Mariposa,043,17540,2455,2435,206,2641,30
2022-05-04,Mendocino,045,87422,13316,13247,3179,16426,123
2022-05-04,Merced,047,269075,63046,62419,8930,71349,818
2022-05-04,Modoc,049,8938,743,746,251,997,8
2022-05-04,Mono,051,14174,3001,2993,136,3129,6
2022-05-04,Monterey,053,433212,80543,80038,14198,94236,732
2022-05-04,Napa,055,140530,26604,26434,1041,27475,143
2022-05-04,Nevada,057,99092,16221,16136,1237,17373,127
2022-05-04,Orange,059,3164182,555784,553177,43046,596223,7006
2022-05-04,Placer,061,380077,63864,63410,7481,70891,625
2022-05-04,Plumas,063,18699,3001,2947,365,3312,13
2022-05-04,Riverside,065,2383286,597477,594981,28263,623244,6457
2022-05-04,Sacramento,067,1510023,285417,283939,27054,310993,3013
2022-05-04,San Benito,069,59416,13121,13019,531,13550,98
2022-05-04,San Bernardino,071,2135413,579784,569570,25229,594799,7240
2022-05-04,San Diego,073,3302833,764556,763453,54314,817767,5239
2022-05-04,San Francisco,075,870044,133748,131599,8822,140421,860
2022-05-04,San Joaquin,077,732212,168436,167280,10172,177452,2225
2022-05-04,San Luis Obispo,079,281455,53388,53156,3907,57063,477
2022-05-04,San Mateo,081,765935,128521,126800,7465,134265,710
2022-05-04,Santa Barbara,083,443738,87488,87058,4808,91866,688
2022-05-04,Santa Clara,085,1922200,329591,322805,13128,335933,2285
2022-05-04,Santa Cruz,087,273765,50109,49230,2188,51418,262
2022-05-04,Shasta,089,179085,30785,30681,6119,36800,556
2022-05-04,Sierra,091,2930,275,275,49,324,4
2022-05-04,Siskiyou,093,43540,4460,4463,2751,7214,81
2022-05-04,Solano,095,438530,83653,82796,5728,88524,449
2022-05-04,Sonoma,097,501317,86645,85694,3032,88726,488
2022-05-04,Stanislaus,099,539301,118552,118123,18025,136148,1643
2022-05-04,Sutter,101,95872,20629,20672,2115,22787,224
2022-05-04,Tehama,103,63373,12105,12090,2581,14671,201
2022-05-04,Trinity,105,12862,1189,1180,288,1468,20
2022-05-04,Tulare,107,460477,106813,106935,27778,134713,1464
2022-05-04,Tuolumne,109,53932,12890,12757,585,13342,181
2022-05-04,Ventura,111,848112,175733,175066,9837,184903,1486
2022-05-04,Yolo,113,214977,38263,37344,2991,40335,315
2022-05-04,Yuba,115,75493,15970,15940,1225,17165,122
2022-05-03,Alameda,001,1643700,267135,263736,14490,278226,1850
2022-05-03,Alpine,002,1148,125,124,1,125,0
2022-05-03,Amador,005,37829,8596,8546,663,9209,86
2022-05-03,Butte,007,227075,33479,33220,7165,40385,417
2022-05-03,Calaveras,009,45235,7353,7344,364,7708,120
2022-05-03,Colusa,011,21464,3464,3460,1047,4507,21
2022-05-03,Contra Costa,013,1133247,198152,193175,14060,207235,1302
2022-05-03,Del Norte,015,27424,5903,5866,196,6062,50
2022-05-03,El Dorado,017,186661,27127,27021,3250,30271,210
2022-05-03,Fresno,019,978130,236462,232332,24634,256966,2751
2022-05-03,Glenn,021,27897,5016,4995,1618,6613,48
2022-05-03,Humboldt,023,135768,17532,17316,3120,20436,146
2022-05-03,Imperial,025,180216,55669,55548,10592,66140,910
2022-05-03,Inyo,027,18085,4092,4085,501,4586,56
2022-05-03,Kern,029,883053,192804,192432,46129,238561,2281
2022-05-03,Kings,031,150075,51712,51663,3536,55199,447
2022-05-03,Lake,033,64148,10799,10758,895,11653,137
2022-05-03,Lassen,035,31185,8974,8972,876,9848,65
2022-05-03,Los Angeles,037,10098052,2759768,2744894,126239,2871133,31722
2022-05-03,Madera,039,155013,37467,37395,6074,43469,365
2022-05-03,Marin,041,260295,35099,34727,2924,37651,291
2022-05-03,Mariposa,043,17540,2447,2435,206,2641,30
2022-05-03,Mendocino,045,87422,13301,13247,3161,16408,123
2022-05-03,Merced,047,269075,63018,62419,8906,71325,818
2022-05-03,Modoc,049,8938,742,746,251,997,8
2022-05-03,Mono,051,14174,2999,2993,135,3128,6
2022-05-03,Monterey,053,433212,80491,80038,14164,94202,732
2022-05-03,Napa,055,140530,26569,26434,1034,27468,143
2022-05-03,Nevada,057,99092,16210,16136,1237,17373,127
2022-05-03,Orange,059,3164182,555259,553177,42966,596143,7006
2022-05-03,Placer,061,380077,63770,63410,7466,70876,625
2022-05-03,Plumas,063,18699,2997,2947,365,3312,13
2022-05-03,Riverside,065,2383286,597111,594981,28239,623220,6457
2022-05-03,Sacramento,067,1510023,285100,283939,27009,310948,3013
2022-05-03,San Benito,069,59416,13108,13019,528,13547,98
2022-05-03,San Bernardino,071,2135413,579515,569570,25217,594787,7240
2022-05-03,San Diego,073,3302833,763714,763453,54214,817667,5239
2022-05-03,San Francisco,075,870044,133271,131599,8792,140391,860
2022-05-03,San Joaquin,077,732212,168353,167280,10145,177425,2225
2022-05-03,San Luis Obispo,079,281455,53341,53156,3898,57054,477
2022-05-03,San Mateo,081,765935,128172,126800,7432,134232,710
2022-05-03,Santa Barbara,083,443738,87399,87058,4806,91864,688
2022-05-03,Santa Clara,085,1922200,328773,322805,13078,335883,2285
2022-05-03,Santa Cruz,087,273765,50017,49230,2182,51412,262
2022-05-03,Shasta,089,179085,30766,30681,6118,36799,556
2022-05-03,Sierra,091,2930,275,275,49,324,4
2022-05-03,Siskiyou,093,43540,4459,4463,2751,7214,81
2022-05-03,Solano,095,438530,83463,82796,5716,88512,449
2022-05-03,Sonoma,097,501317,86463,85694,3008,88702,488
2022-05-03,Stanislaus,099,539301,118498,118123,18012,136135,1643
2022-05-03,Sutter,101,95872,20624,20672,2113,22785,224
2022-05-03,Tehama,103,63373,12101,12090,2580,14670,201
2022-05-03,Trinity,105,12862,1188,1180,288,1468,20
2022-05-03,Tulare,107,460477,106785,106935,27764,134699,1464
2022-05-03,Tuolumne,109,53932,12877,12757,585,13342,181
2022-05-03,Ventura,111,848112,175564,175066,9794,184860,1486
2022-05-03,Yolo,113,214977,38195,37344,2990,40334,315
2022-05-03,Yuba,115,75493,15959,15940,1217,17157,122
2022-05-02,Alameda,001,1643700,266499,263736,14448,278184,1850
2022-05-02,Alpine,002,1148,125,124,1,125,0
2022-05-02,Amador,005,37829,8593,8546,660,9206,86
2022-05-02,Butte,007,227075,33456,33220,7162,40382,417
2022-05-02,Calaveras,009,45235,7352,7344,363,7707,120
2022-05-02,Colusa,011,21464,3464,3460,1047,4507,21
2022-05-02,Contra Costa,013,1133247,197779,193175,14022,207197,1302
2022-05-02,Del Norte,015,27424,5898,5866,191,6057,50
2022-05-02,El Dorado,017,186661,27103,27021,3245,30266,210
2022-05-02,Fresno,019,978130,236349,232332,24606,256938,2751
2022-05-02,Glenn,021,27897,5014,4995,1618,6613,48
2022-05-02,Humboldt,023,135768,17481,17316,3106,20422,146
2022-05-02,Imperial,025,180216,55656,55548,10585,66133,910
2022-05-02,Inyo,027,18085,4091,4085,499,4584,56
2022-05-02,Kern,029,883053,192720,192432,46100,238532,2281
2022-05-02,Kings,031,150075,51695,51663,3536,55199,447
2022-05-02,Lake,033,64148,10795,10758,895,11653,137
2022-05-02,Lassen,035,31185,8973,8972,876,9848,65
2022-05-02,Los Angeles,037,10098052,2756743,2744894,126021,2870915,31722
2022-05-02,Madera,039,155013,37450,37395,6067,43462,365
2022-05-02,Marin,041,260295,34973,34727,2901,37628,291
2022-05-02,Mariposa,043,17540,2442,2435,206,2641,30
2022-05-02,Mendocino,045,87422,13283,13247,3148,16395,123
2022-05-02,Merced,047,269075,62986,62419,8899,71318,818
2022-05-02,Modoc,049,8938,741,746,251,997,8
2022-05-02,Mono,051,14174,2997,2993,134,3127,6
2022-05-02,Monterey,053,433212,80413,80038,14123,94161,732
2022-05-02,Napa,055,140530,26530,26434,1032,27466,143
2022-05-02,Nevada,057,99092,16192,16136,1235,17371,127
2022-05-02,Orange,059,3164182,554719,553177,42869,596046,7006
2022-05-02,Placer,061,380077,63714,63410,7459,70869,625
2022-05-02,Plumas,063,18699,2997,2947,365,3312,13
2022-05-02,Riverside,065,2383286,596720,594981,28212,623193,6457
2022-05-02,Sacramento,067,1510023,284794,283939,26970,310909,3013
2022-05-02,San Benito,069,59416,13096,13019,528,13547,98
2022-05-02,San Bernardino,071,2135413,579228,569570,25199,594769,7240
2022-05-02,San Diego,073,3302833,762851,763453,54118,817571,5239
2022-05-02,San Francisco,075,870044,132835,131599,8765,140364,860
2022-05-02,San Joaquin,077,732212,168237,167280,10133,177413,2225
2022-05-02,San Luis Obispo,079,281455,53288,53156,3889,57045,477
2022-05-02,San Mateo,081,765935,127847,126800,7417,134217,710
2022-05-02,Santa Barbara,083,443738,87298,87058,4802,91860,688
2022-05-02,Santa Clara,085,1922200,327858,322805,13032,335837,2285
2022-05-02,Santa Cruz,087,273765,49891,49230,2178,51408,262
2022-05-02,Shasta,089,179085,30747,30681,6117,36798,556
2022-05-02,Sierra,091,2930,275,275,49,324,4
2022-05-02,Siskiyou,093,43540,4456,4463,2749,7212,81
2022-05-02,Solano,095,438530,83322,82796,5706,88502,449
2022-05-02,Sonoma,097,501317,86282,85694,2987,88681,488
2022-05-02,Stanislaus,099,539301,118425,118123,17998,136121,1643
2022-05-02,Sutter,101,95872,20617,20672,2110,22782,224
2022-05-02,Tehama,103,63373,12096,12090,2577,14667,201
2022-05-02,Trinity,105,12862,1187,1180,288,1468,20
2022-05-02,Tulare,107,460477,106763,106935,27748,134683,1464
2022-05-02,Tuolumne,109,53932,12871,12757,585,13342,181
2022-05-02,Ventura,111,848112,175401,175066,9762,184828,1486
2022-05-02,Yolo,113,214977,38117,37344,2984,40328,315
2022-05-02,Yuba,115,75493,15954,15940,1215,17155,122
2022-05-01,Alameda,001,1643700,265797,262027,14396,276423,1851
2022-05-01,Alpine,002,1148,125,124,1,125,0
2022-05-01,Amador,005,37829,8593,8533,660,9193,86
2022-05-01,Butte,007,227075,33429,33172,7157,40329,418
2022-05-01,Calaveras,009,45235,7348,7328,357,7685,120
2022-05-01,Colusa,011,21464,3464,3457,1047,4504,21
2022-05-01,Contra Costa,013,1133247,197393,192136,13951,206087,1301
2022-05-01,Del Norte,015,27424,5890,5841,191,6032,50
2022-05-01,El Dorado,017,186661,27072,26946,3241,30187,210
2022-05-01,Fresno,019,978130,236243,232067,24586,256653,2748
2022-05-01,Glenn,021,27897,5014,4995,1618,6613,48
2022-05-01,Humboldt,023,135768,17417,17194,3081,20275,145
2022-05-01,Imperial,025,180216,55632,55503,10582,66085,910
2022-05-01,Inyo,027,18085,4090,4084,498,4582,56
2022-05-01,Kern,029,883053,192656,192250,46054,238304,2265
2022-05-01,Kings,031,150075,51674,51640,3532,55172,447
2022-05-01,Lake,033,64148,10788,10742,893,11635,137
2022-05-01,Lassen,035,31185,8973,8966,876,9842,65
2022-05-01,Los Angeles,037,10098052,2753739,2736900,125786,2862686,31712
2022-05-01,Madera,039,155013,37433,37360,6056,43416,365
2022-05-01,Marin,041,260295,34886,34519,2868,37387,291
2022-05-01,Mariposa,043,17540,2441,2430,206,2636,30
2022-05-01,Mendocino,045,87422,13264,13219,3132,16351,123
2022-05-01,Merced,047,269075,62954,62357,8883,71240,818
2022-05-01,Modoc,049,8938,741,745,251,996,8
2022-05-01,Mono,051,14174,2994,2989,132,3121,6
2022-05-01,Monterey,053,433212,80334,79881,14081,93962,731
2022-05-01,Napa,055,140530,26485,26319,1028,27347,143
2022-05-01,Nevada,057,99092,16173,16100,1234,17334,127
2022-05-01,Orange,059,3164182,554163,551822,42765,594587,6998
2022-05-01,Placer,061,380077,63641,63273,7445,70718,625
2022-05-01,Plumas,063,18699,2996,2946,365,3311,13
2022-05-01,Riverside,065,2383286,596257,593965,28177,622142,6457
2022-05-01,Sacramento,067,1510023,284460,283048,26911,309959,3007
2022-05-01,San Benito,069,59416,13088,12988,528,13516,98
2022-05-01,San Bernardino,071,2135413,578909,568758,25182,593940,7191
2022-05-01,San Diego,073,3302833,761970,761253,54026,815279,5238
2022-05-01,San Francisco,075,870044,132343,130241,8734,138975,860
2022-05-01,San Joaquin,077,732212,168093,167028,10103,177131,2225
2022-05-01,San Luis Obispo,079,281455,53216,53040,3873,56913,477
2022-05-01,San Mateo,081,765935,127481,125807,7378,133185,705
2022-05-01,Santa Barbara,083,443738,87193,86768,4792,91560,688
2022-05-01,Santa Clara,085,1922200,326910,320709,12982,333691,2281
2022-05-01,Santa Cruz,087,273765,49739,48798,2170,50968,262
2022-05-01,Shasta,089,179085,30731,30649,6115,36764,554
2022-05-01,Sierra,091,2930,275,274,49,323,4
2022-05-01,Siskiyou,093,43540,4455,4458,2743,7201,81
2022-05-01,Solano,095,438530,83190,82459,5691,88150,449
2022-05-01,Sonoma,097,501317,86063,85290,2959,88249,488
2022-05-01,Stanislaus,099,539301,118370,117943,17982,135925,1643
2022-05-01,Sutter,101,95872,20609,20644,2103,22747,224
2022-05-01,Tehama,103,63373,12095,12078,2576,14654,202
2022-05-01,Trinity,105,12862,1187,1179,288,1467,20
2022-05-01,Tulare,107,460477,106729,106856,27728,134584,1458
2022-05-01,Tuolumne,109,53932,12852,12713,579,13292,181
2022-05-01,Ventura,111,848112,175229,174679,9709,184388,1486
2022-05-01,Yolo,113,214977,38052,37173,2974,40147,314
2022-05-01,Yuba,115,75493,15944,15917,1213,17130,121
2022-04-30,Alameda,001,1643700,265388,262027,14379,276406,1851
2022-04-30,Alpine,002,1148,125,124,1,125,0
2022-04-30,Amador,005,37829,8591,8533,660,9193,86
2022-04-30,Butte,007,227075,33423,33172,7153,40325,418
2022-04-30,Calaveras,009,45235,7345,7328,356,7684,120
2022-04-30,Colusa,011,21464,3463,3457,1047,4504,21
2022-04-30,Contra Costa,013,1133247,197147,192136,13941,206077,1301
2022-04-30,Del Norte,015,27424,5885,5841,191,6032,50
2022-04-30,El Dorado,017,186661,27053,26946,3237,30183,210
2022-04-30,Fresno,019,978130,236196,232067,24579,256646,2748
2022-04-30,Glenn,021,27897,5013,4995,1617,6612,48
2022-04-30,Humboldt,023,135768,17374,17194,3072,20266,145
2022-04-30,Imperial,025,180216,55619,55503,10580,66083,910
2022-04-30,Inyo,027,18085,4090,4084,498,4582,56
2022-04-30,Kern,029,883053,192620,192250,46036,238286,2265
2022-04-30,Kings,031,150075,51668,51640,3531,55171,447
2022-04-30,Lake,033,64148,10785,10742,893,11635,137
2022-04-30,Lassen,035,31185,8973,8966,876,9842,65
2022-04-30,Los Angeles,037,10098052,2752358,2736900,125609,2862509,31712
2022-04-30,Madera,039,155013,37422,37360,6055,43415,365
2022-04-30,Marin,041,260295,34840,34519,2838,37357,291
2022-04-30,Mariposa,043,17540,2439,2430,205,2635,30
2022-04-30,Mendocino,045,87422,13260,13219,3132,16351,123
2022-04-30,Merced,047,269075,62940,62357,8881,71238,818
2022-04-30,Modoc,049,8938,741,745,251,996,8
2022-04-30,Mono,051,14174,2993,2989,130,3119,6
2022-04-30,Monterey,053,433212,80266,79881,14058,93939,731
2022-04-30,Napa,055,140530,26462,26319,1027,27346,143
2022-04-30,Nevada,057,99092,16158,16100,1233,17333,127
2022-04-30,Orange,059,3164182,553896,551822,42722,594544,6998
2022-04-30,Placer,061,380077,63595,63273,7437,70710,625
2022-04-30,Plumas,063,18699,2993,2946,365,3311,13
2022-04-30,Riverside,065,2383286,596012,593965,28159,622124,6457
2022-04-30,Sacramento,067,1510023,284338,283048,26898,309946,3007
2022-04-30,San Benito,069,59416,13085,12988,528,13516,98
2022-04-30,San Bernardino,071,2135413,578734,568758,25173,593931,7191
2022-04-30,San Diego,073,3302833,761596,761253,53994,815247,5238
2022-04-30,San Francisco,075,870044,132054,130241,8711,138952,860
2022-04-30,San Joaquin,077,732212,168038,167028,10098,177126,2225
2022-04-30,San Luis Obispo,079,281455,53205,53040,3870,56910,477
2022-04-30,San Mateo,081,765935,127262,125807,7360,133167,705
2022-04-30,Santa Barbara,083,443738,87137,86768,4789,91557,688
2022-04-30,Santa Clara,085,1922200,326335,320709,12958,333667,2281
2022-04-30,Santa Cruz,087,273765,49693,48798,2170,50968,262
2022-04-30,Shasta,089,179085,30724,30649,6113,36762,554
2022-04-30,Sierra,091,2930,275,274,49,323,4
2022-04-30,Siskiyou,093,43540,4453,4458,2742,7200,81
2022-04-30,Solano,095,438530,83171,82459,5689,88148,449
2022-04-30,Sonoma,097,501317,85946,85290,2947,88237,488
2022-04-30,Stanislaus,099,539301,118339,117943,17976,135919,1643
2022-04-30,Sutter,101,95872,20604,20644,2103,22747,224
2022-04-30,Tehama,103,63373,12091,12078,2574,14652,202
2022-04-30,Trinity,105,12862,1187,1179,288,1467,20
2022-04-30,Tulare,107,460477,106709,106856,27716,134572,1458
2022-04-30,Tuolumne,109,53932,12843,12713,579,13292,181
2022-04-30,Ventura,111,848112,175145,174679,9677,184356,1486
2022-04-30,Yolo,113,214977,38006,37173,2973,40146,314
2022-04-30,Yuba,115,75493,15938,15917,1212,17129,121
2022-04-29,Alameda,001,1643700,265078,262027,14365,276392,1851
2022-04-29,Alpine,002,1148,124,124,1,125,0
2022-04-29,Amador,005,37829,8584,8533,658,9191,86
2022-04-29,Butte,007,227075,33418,33172,7147,40319,418
2022-04-29,Calaveras,009,45235,7343,7328,356,7684,120
2022-04-29,Colusa,011,21464,3462,3457,1047,4504,21
2022-04-29,Contra Costa,013,1133247,196951,192136,13922,206058,1301
2022-04-29,Del Norte,015,27424,5881,5841,191,6032,50
2022-04-29,El Dorado,017,186661,27041,26946,3235,30181,210
2022-04-29,Fresno,019,978130,236145,232067,24571,256638,2748
2022-04-29,Glenn,021,27897,5013,4995,1616,6611,48
2022-04-29,Humboldt,023,135768,17349,17194,3064,20258,145
2022-04-29,Imperial,025,180216,55603,55503,10579,66082,910
2022-04-29,Inyo,027,18085,4090,4084,496,4580,56
2022-04-29,Kern,029,883053,192593,192250,46024,238274,2265
2022-04-29,Kings,031,150075,51663,51640,3531,55171,447
2022-04-29,Lake,033,64148,10784,10742,893,11635,137
2022-04-29,Lassen,035,31185,8972,8966,876,9842,65
2022-04-29,Los Angeles,037,10098052,2751064,2736900,125463,2862363,31712
2022-04-29,Madera,039,155013,37412,37360,6054,43414,365
2022-04-29,Marin,041,260295,34775,34519,2818,37337,291
2022-04-29,Mariposa,043,17540,2437,2430,205,2635,30
2022-04-29,Mendocino,045,87422,13255,13219,3131,16350,123
2022-04-29,Merced,047,269075,62928,62357,8879,71236,818
2022-04-29,Modoc,049,8938,741,745,251,996,8
2022-04-29,Mono,051,14174,2993,2989,130,3119,6
2022-04-29,Monterey,053,433212,80232,79881,14044,93925,731
2022-04-29,Napa,055,140530,26434,26319,1025,27344,143
2022-04-29,Nevada,057,99092,16151,16100,1232,17332,127
2022-04-29,Orange,059,3164182,553629,551822,42668,594490,6998
2022-04-29,Placer,061,380077,63565,63273,7430,70703,625
2022-04-29,Plumas,063,18699,2992,2946,365,3311,13
2022-04-29,Riverside,065,2383286,595792,593965,28138,622103,6457
2022-04-29,Sacramento,067,1510023,284191,283048,26890,309938,3007
2022-04-29,San Benito,069,59416,13080,12988,528,13516,98
2022-04-29,San Bernardino,071,2135413,578576,568758,25163,593921,7191
2022-04-29,San Diego,073,3302833,761180,761253,53968,815221,5238
2022-04-29,San Francisco,075,870044,131831,130241,8691,138932,860
2022-04-29,San Joaquin,077,732212,167983,167028,10094,177122,2225
2022-04-29,San Luis Obispo,079,281455,53190,53040,3865,56905,477
2022-04-29,San Mateo,081,765935,127063,125807,7347,133154,705
2022-04-29,Santa Barbara,083,443738,87097,86768,4787,91555,688
2022-04-29,Santa Clara,085,1922200,325824,320709,12928,333637,2281
2022-04-29,Santa Cruz,087,273765,49637,48798,2166,50964,262
2022-04-29,Shasta,089,179085,30722,30649,6112,36761,554
2022-04-29,Sierra,091,2930,275,274,49,323,4
2022-04-29,Siskiyou,093,43540,4452,4458,2742,7200,81
2022-04-29,Solano,095,438530,83114,82459,5684,88143,449
2022-04-29,Sonoma,097,501317,85838,85290,2934,88224,488
2022-04-29,Stanislaus,099,539301,118316,117943,17970,135913,1643
2022-04-29,Sutter,101,95872,20597,20644,2102,22746,224
2022-04-29,Tehama,103,63373,12089,12078,2574,14652,202
2022-04-29,Trinity,105,12862,1187,1179,288,1467,20
2022-04-29,Tulare,107,460477,106691,106856,27699,134555,1458
2022-04-29,Tuolumne,109,53932,12836,12713,576,13289,181
2022-04-29,Ventura,111,848112,175069,174679,9655,184334,1486
2022-04-29,Yolo,113,214977,37973,37173,2970,40143,314
2022-04-29,Yuba,115,75493,15933,15917,1212,17129,121
2022-04-28,Alameda,001,1643700,264638,262027,14328,276355,1851
2022-04-28,Alpine,002,1148,124,124,1,125,0
2022-04-28,Amador,005,37829,8581,8533,658,9191,86
2022-04-28,Butte,007,227075,33409,33172,7141,40313,418
2022-04-28,Calaveras,009,45235,7339,7328,356,7684,120
2022-04-28,Colusa,011,21464,3462,3457,1047,4504,21
2022-04-28,Contra Costa,013,1133247,196690,192136,13881,206017,1301
2022-04-28,Del Norte,015,27424,5877,5841,191,6032,50
2022-04-28,El Dorado,017,186661,27019,26946,3231,30177,210
2022-04-28,Fresno,019,978130,236086,232067,24562,256629,2748
2022-04-28,Glenn,021,27897,5010,4995,1616,6611,48
2022-04-28,Humboldt,023,135768,17315,17194,3048,20242,145
2022-04-28,Imperial,025,180216,55591,55503,10574,66077,910
2022-04-28,Inyo,027,18085,4090,4084,496,4580,56
2022-04-28,Kern,029,883053,192554,192250,46010,238260,2265
2022-04-28,Kings,031,150075,51657,51640,3531,55171,447
2022-04-28,Lake,033,64148,10780,10742,893,11635,137
2022-04-28,Lassen,035,31185,8972,8966,876,9842,65
2022-04-28,Los Angeles,037,10098052,2749005,2736900,125277,2862177,31712
2022-04-28,Madera,039,155013,37406,37360,6051,43411,365
2022-04-28,Marin,041,260295,34725,34519,2803,37322,291
2022-04-28,Mariposa,043,17540,2437,2430,205,2635,30
2022-04-28,Mendocino,045,87422,13244,13219,3114,16333,123
2022-04-28,Merced,047,269075,62907,62357,8870,71227,818
2022-04-28,Modoc,049,8938,741,745,251,996,8
2022-04-28,Mono,051,14174,2991,2989,130,3119,6
2022-04-28,Monterey,053,433212,80193,79881,14020,93901,731
2022-04-28,Napa,055,140530,26403,26319,1022,27341,143
2022-04-28,Nevada,057,99092,16143,16100,1229,17329,127
2022-04-28,Orange,059,3164182,553270,551822,42601,594423,6998
2022-04-28,Placer,061,380077,63518,63273,7422,70695,625
2022-04-28,Plumas,063,18699,2991,2946,365,3311,13
2022-04-28,Riverside,065,2383286,595510,593965,28116,622081,6457
2022-04-28,Sacramento,067,1510023,284005,283048,26852,309900,3007
2022-04-28,San Benito,069,59416,13070,12988,526,13514,98
2022-04-28,San Bernardino,071,2135413,578376,568758,25155,593913,7191
2022-04-28,San Diego,073,3302833,760640,761253,53904,815157,5238
2022-04-28,San Francisco,075,870044,131526,130241,8656,138897,860
2022-04-28,San Joaquin,077,732212,167913,167028,10078,177106,2225
2022-04-28,San Luis Obispo,079,281455,53162,53040,3847,56887,477
2022-04-28,San Mateo,081,765935,126813,125807,7326,133133,705
2022-04-28,Santa Barbara,083,443738,87044,86768,4784,91552,688
2022-04-28,Santa Clara,085,1922200,325280,320709,12894,333603,2281
2022-04-28,Santa Cruz,087,273765,49540,48798,2160,50958,262
2022-04-28,Shasta,089,179085,30714,30649,6112,36761,554
2022-04-28,Sierra,091,2930,275,274,49,323,4
2022-04-28,Siskiyou,093,43540,4449,4458,2742,7200,81
2022-04-28,Solano,095,438530,83030,82459,5679,88138,449
2022-04-28,Sonoma,097,501317,85723,85290,2920,88210,488
2022-04-28,Stanislaus,099,539301,118278,117943,17963,135906,1643
2022-04-28,Sutter,101,95872,20587,20644,2099,22743,224
2022-04-28,Tehama,103,63373,12088,12078,2573,14651,202
2022-04-28,Trinity,105,12862,1187,1179,288,1467,20
2022-04-28,Tulare,107,460477,106669,106856,27689,134545,1458
2022-04-28,Tuolumne,109,53932,12824,12713,575,13288,181
2022-04-28,Ventura,111,848112,174980,174679,9619,184298,1486
2022-04-28,Yolo,113,214977,37936,37173,2967,40140,314
2022-04-28,Yuba,115,75493,15924,15917,1210,17127,121
2022-04-27,Alameda,001,1643700,264157,260871,14285,275156,1843
2022-04-27,Alpine,002,1148,124,124,1,125,0
2022-04-27,Amador,005,37829,8580,8518,658,9176,86
2022-04-27,Butte,007,227075,33398,33118,7136,40254,411
2022-04-27,Calaveras,009,45235,7336,7307,356,7663,119
2022-04-27,Colusa,011,21464,3462,3457,1047,4504,21
2022-04-27,Contra Costa,013,1133247,196426,191412,13851,205263,1300
2022-04-27,Del Norte,015,27424,5872,5833,191,6024,50
2022-04-27,El Dorado,017,186661,27007,26898,3226,30124,209
2022-04-27,Fresno,019,978130,236019,231951,24549,256500,2744
2022-04-27,Glenn,021,27897,5010,4993,1616,6609,48
2022-04-27,Humboldt,023,135768,17285,17138,3037,20175,145
2022-04-27,Imperial,025,180216,55573,55480,10571,66051,910
2022-04-27,Inyo,027,18085,4089,4080,495,4575,56
2022-04-27,Kern,029,883053,192518,192157,45991,238148,2271
2022-04-27,Kings,031,150075,51652,51617,3530,55147,444
2022-04-27,Lake,033,64148,10776,10732,893,11625,135
2022-04-27,Lassen,035,31185,8971,8965,876,9841,65
2022-04-27,Los Angeles,037,10098052,2746697,2731988,125093,2857081,31691
2022-04-27,Madera,039,155013,37397,37339,6050,43389,354
2022-04-27,Marin,041,260295,34664,34354,2789,37143,288
2022-04-27,Mariposa,043,17540,2435,2427,205,2632,30
2022-04-27,Mendocino,045,87422,13237,13188,3106,16294,123
2022-04-27,Merced,047,269075,62893,62315,8865,71180,815
2022-04-27,Modoc,049,8938,741,745,251,996,8
2022-04-27,Mono,051,14174,2991,2989,130,3119,6
2022-04-27,Monterey,053,433212,80151,79695,13980,93675,729
2022-04-27,Napa,055,140530,26374,26210,1017,27227,143
2022-04-27,Nevada,057,99092,16127,16080,1226,17306,127
2022-04-27,Orange,059,3164182,552898,550859,42539,593398,6991
2022-04-27,Placer,061,380077,63476,63154,7407,70561,623
2022-04-27,Plumas,063,18699,2990,2934,365,3299,13
2022-04-27,Riverside,065,2383286,595244,593397,28100,621497,6453
2022-04-27,Sacramento,067,1510023,283804,281802,26820,308622,3001
2022-04-27,San Benito,069,59416,13057,12989,524,13513,98
2022-04-27,San Bernardino,071,2135413,578178,568018,25148,593166,7105
2022-04-27,San Diego,073,3302833,760066,759873,53841,813714,5236
2022-04-27,San Francisco,075,870044,131172,129284,8631,137915,857
2022-04-27,San Joaquin,077,732212,167836,166848,10063,176911,2225
2022-04-27,San Luis Obispo,079,281455,53117,52911,3836,56747,476
2022-04-27,San Mateo,081,765935,126578,125018,7275,132293,702
2022-04-27,Santa Barbara,083,443738,86980,86557,4777,91334,685
2022-04-27,Santa Clara,085,1922200,324709,319077,12849,331926,2282
2022-04-27,Santa Cruz,087,273765,49455,48500,2153,50653,262
2022-04-27,Shasta,089,179085,30703,30633,6109,36742,554
2022-04-27,Sierra,091,2930,274,276,49,325,4
2022-04-27,Siskiyou,093,43540,4449,4455,2738,7193,81
2022-04-27,Solano,095,438530,82916,82220,5671,87891,448
2022-04-27,Sonoma,097,501317,85614,84983,2902,87885,487
2022-04-27,Stanislaus,099,539301,118236,117841,17953,135794,1643
2022-04-27,Sutter,101,95872,20583,20627,2095,22722,224
2022-04-27,Tehama,103,63373,12088,12073,2573,14646,201
2022-04-27,Trinity,105,12862,1187,1179,288,1467,20
2022-04-27,Tulare,107,460477,106652,106580,27680,134260,1453
2022-04-27,Tuolumne,109,53932,12807,12684,574,13258,181
2022-04-27,Ventura,111,848112,174876,174425,9604,184029,1480
2022-04-27,Yolo,113,214977,37887,37096,2962,40058,314
2022-04-27,Yuba,115,75493,15920,15902,1205,17107,121
2022-04-26,Alameda,001,1643700,263635,260871,14247,275118,1843
2022-04-26,Alpine,002,1148,124,124,1,125,0
2022-04-26,Amador,005,37829,8577,8518,657,9175,86
2022-04-26,Butte,007,227075,33381,33118,7129,40247,411
2022-04-26,Calaveras,009,45235,7332,7307,355,7662,119
2022-04-26,Colusa,011,21464,3462,3457,1047,4504,21
2022-04-26,Contra Costa,013,1133247,196164,191412,13814,205226,1300
2022-04-26,Del Norte,015,27424,5864,5833,191,6024,50
2022-04-26,El Dorado,017,186661,26985,26898,3222,30120,209
2022-04-26,Fresno,019,978130,235938,231951,24539,256490,2744
2022-04-26,Glenn,021,27897,5010,4993,1615,6608,48
2022-04-26,Humboldt,023,135768,17254,17138,3031,20169,145
2022-04-26,Imperial,025,180216,55553,55480,10566,66046,910
2022-04-26,Inyo,027,18085,4089,4080,495,4575,56
2022-04-26,Kern,029,883053,192471,192157,45966,238123,2271
2022-04-26,Kings,031,150075,51646,51617,3530,55147,444
2022-04-26,Lake,033,64148,10769,10732,893,11625,135
2022-04-26,Lassen,035,31185,8966,8965,876,9841,65
2022-04-26,Los Angeles,037,10098052,2744318,2731988,124909,2856897,31691
2022-04-26,Madera,039,155013,37389,37339,6043,43382,354
2022-04-26,Marin,041,260295,34610,34354,2770,37124,288
2022-04-26,Mariposa,043,17540,2435,2427,205,2632,30
2022-04-26,Mendocino,045,87422,13233,13188,3100,16288,123
2022-04-26,Merced,047,269075,62870,62315,8848,71163,815
2022-04-26,Modoc,049,8938,741,745,251,996,8
2022-04-26,Mono,051,14174,2991,2989,129,3118,6
2022-04-26,Monterey,053,433212,80096,79695,13941,93636,729
2022-04-26,Napa,055,140530,26343,26210,1013,27223,143
2022-04-26,Nevada,057,99092,16118,16080,1226,17306,127
2022-04-26,Orange,059,3164182,552489,550859,42479,593338,6991
2022-04-26,Placer,061,380077,63443,63154,7403,70557,623
2022-04-26,Plumas,063,18699,2990,2934,365,3299,13
2022-04-26,Riverside,065,2383286,594934,593397,28074,621471,6453
2022-04-26,Sacramento,067,1510023,283567,281802,26799,308601,3001
2022-04-26,San Benito,069,59416,13053,12989,523,13512,98
2022-04-26,San Bernardino,071,2135413,577969,568018,25134,593152,7105
2022-04-26,San Diego,073,3302833,759407,759873,53736,813609,5236
2022-04-26,San Francisco,075,870044,130772,129284,8606,137890,857
2022-04-26,San Joaquin,077,732212,167774,166848,10053,176901,2225
2022-04-26,San Luis Obispo,079,281455,53088,52911,3825,56736,476
2022-04-26,San Mateo,081,765935,126301,125018,7246,132264,702
2022-04-26,Santa Barbara,083,443738,86919,86557,4772,91329,685
2022-04-26,Santa Clara,085,1922200,324147,319077,12805,331882,2282
2022-04-26,Santa Cruz,087,273765,49355,48500,2150,50650,262
2022-04-26,Shasta,089,179085,30691,30633,6109,36742,554
2022-04-26,Sierra,091,2930,274,276,49,325,4
2022-04-26,Siskiyou,093,43540,4447,4455,2736,7191,81
2022-04-26,Solano,095,438530,82816,82220,5660,87880,448
2022-04-26,Sonoma,097,501317,85508,84983,2886,87869,487
2022-04-26,Stanislaus,099,539301,118201,117841,17943,135784,1643
2022-04-26,Sutter,101,95872,20573,20627,2095,22722,224
2022-04-26,Tehama,103,63373,12079,12073,2573,14646,201
2022-04-26,Trinity,105,12862,1187,1179,288,1467,20
2022-04-26,Tulare,107,460477,106624,106580,27666,134246,1453
2022-04-26,Tuolumne,109,53932,12788,12684,572,13256,181
2022-04-26,Ventura,111,848112,174767,174425,9578,184003,1480
2022-04-26,Yolo,113,214977,37828,37096,2957,40053,314
2022-04-26,Yuba,115,75493,15918,15902,1205,17107,121
2022-04-25,Alameda,001,1643700,263122,260871,14206,275077,1843
2022-04-25,Alpine,002,1148,124,124,1,125,0
2022-04-25,Amador,005,37829,8574,8518,657,9175,86
2022-04-25,Butte,007,227075,33365,33118,7120,40238,411
2022-04-25,Calaveras,009,45235,7329,7307,355,7662,119
2022-04-25,Colusa,011,21464,3462,3457,1047,4504,21
2022-04-25,Contra Costa,013,1133247,195898,191412,13777,205189,1300
2022-04-25,Del Norte,015,27424,5858,5833,189,6022,50
2022-04-25,El Dorado,017,186661,26963,26898,3220,30118,209
2022-04-25,Fresno,019,978130,235846,231951,24527,256478,2744
2022-04-25,Glenn,021,27897,5010,4993,1615,6608,48
2022-04-25,Humboldt,023,135768,17212,17138,3023,20161,145
2022-04-25,Imperial,025,180216,55533,55480,10561,66041,910
2022-04-25,Inyo,027,18085,4089,4080,495,4575,56
2022-04-25,Kern,029,883053,192427,192157,45948,238105,2271
2022-04-25,Kings,031,150075,51637,51617,3529,55146,444
2022-04-25,Lake,033,64148,10766,10732,892,11624,135
2022-04-25,Lassen,035,31185,8965,8965,876,9841,65
2022-04-25,Los Angeles,037,10098052,2741939,2731988,124744,2856732,31691
2022-04-25,Madera,039,155013,37375,37339,6039,43378,354
2022-04-25,Marin,041,260295,34546,34354,2746,37100,288
2022-04-25,Mariposa,043,17540,2435,2427,204,2631,30
2022-04-25,Mendocino,045,87422,13223,13188,3083,16271,123
2022-04-25,Merced,047,269075,62856,62315,8846,71161,815
2022-04-25,Modoc,049,8938,741,745,251,996,8
2022-04-25,Mono,051,14174,2991,2989,129,3118,6
2022-04-25,Monterey,053,433212,80057,79695,13916,93611,729
2022-04-25,Napa,055,140530,26302,26210,1011,27221,143
2022-04-25,Nevada,057,99092,16112,16080,1224,17304,127
2022-04-25,Orange,059,3164182,552080,550859,42416,593275,6991
2022-04-25,Placer,061,380077,63408,63154,7399,70553,623
2022-04-25,Plumas,063,18699,2988,2934,365,3299,13
2022-04-25,Riverside,065,2383286,594670,593397,28057,621454,6453
2022-04-25,Sacramento,067,1510023,283402,281802,26768,308570,3001
2022-04-25,San Benito,069,59416,13046,12989,523,13512,98
2022-04-25,San Bernardino,071,2135413,577739,568018,25117,593135,7105
2022-04-25,San Diego,073,3302833,758731,759873,53658,813531,5236
2022-04-25,San Francisco,075,870044,130411,129284,8584,137868,857
2022-04-25,San Joaquin,077,732212,167690,166848,10040,176888,2225
2022-04-25,San Luis Obispo,079,281455,53039,52911,3817,56728,476
2022-04-25,San Mateo,081,765935,126027,125018,7228,132246,702
2022-04-25,Santa Barbara,083,443738,86858,86557,4766,91323,685
2022-04-25,Santa Clara,085,1922200,323500,319077,12761,331838,2282
2022-04-25,Santa Cruz,087,273765,49213,48500,2141,50641,262
2022-04-25,Shasta,089,179085,30679,30633,6106,36739,554
2022-04-25,Sierra,091,2930,274,276,49,325,4
2022-04-25,Siskiyou,093,43540,4447,4455,2735,7190,81
2022-04-25,Solano,095,438530,82698,82220,5649,87869,448
2022-04-25,Sonoma,097,501317,85384,84983,2867,87850,487
2022-04-25,Stanislaus,099,539301,118156,117841,17936,135777,1643
2022-04-25,Sutter,101,95872,20570,20627,2095,22722,224
2022-04-25,Tehama,103,63373,12079,12073,2573,14646,201
2022-04-25,Trinity,105,12862,1186,1179,288,1467,20
2022-04-25,Tulare,107,460477,106599,106580,27656,134236,1453
2022-04-25,Tuolumne,109,53932,12778,12684,572,13256,181
2022-04-25,Ventura,111,848112,174657,174425,9554,183979,1480
2022-04-25,Yolo,113,214977,37765,37096,2953,40049,314
2022-04-25,Yuba,115,75493,15908,15902,1204,17106,121
2022-04-24,Alameda,001,1643700,262537,259619,14161,273780,1837
2022-04-24,Alpine,002,1148,124,124,1,125,0
2022-04-24,Amador,005,37829,8565,8509,656,9165,86
2022-04-24,Butte,007,227075,33348,33105,7113,40218,411
2022-04-24,Calaveras,009,45235,7320,7296,353,7649,119
2022-04-24,Colusa,011,21464,3461,3453,1047,4500,21
2022-04-24,Contra Costa,013,1133247,195594,190611,13744,204355,1298
2022-04-24,Del Norte,015,27424,5849,5827,187,6014,50
2022-04-24,El Dorado,017,186661,26945,26837,3218,30055,209
2022-04-24,Fresno,019,978130,235765,231751,24514,256265,2744
2022-04-24,Glenn,021,27897,5010,4989,1613,6602,48
2022-04-24,Humboldt,023,135768,17187,17033,3009,20042,145
2022-04-24,Imperial,025,180216,55521,55434,10553,65987,910
2022-04-24,Inyo,027,18085,4085,4079,494,4573,56
2022-04-24,Kern,029,883053,192374,192012,45934,237946,2267
2022-04-24,Kings,031,150075,51628,51588,3529,55117,444
2022-04-24,Lake,033,64148,10758,10720,889,11609,134
2022-04-24,Lassen,035,31185,8964,8966,876,9842,65
2022-04-24,Los Angeles,037,10098052,2739598,2725630,124599,2850229,31667
2022-04-24,Madera,039,155013,37360,37333,6033,43366,354
2022-04-24,Marin,041,260295,34492,34150,2712,36862,288
2022-04-24,Mariposa,043,17540,2432,2422,204,2626,30
2022-04-24,Mendocino,045,87422,13218,13158,3071,16229,122
2022-04-24,Merced,047,269075,62832,62286,8837,71123,815
2022-04-24,Modoc,049,8938,741,745,251,996,8
2022-04-24,Mono,051,14174,2989,2986,129,3115,6
2022-04-24,Monterey,053,433212,80004,79560,13883,93443,729
2022-04-24,Napa,055,140530,26265,26093,1010,27103,143
2022-04-24,Nevada,057,99092,16096,16052,1222,17274,127
2022-04-24,Orange,059,3164182,551659,549765,42353,592118,6989
2022-04-24,Placer,061,380077,63356,63037,7392,70429,622
2022-04-24,Plumas,063,18699,2986,2934,365,3299,13
2022-04-24,Riverside,065,2383286,594392,592683,28022,620705,6450
2022-04-24,Sacramento,067,1510023,283194,280551,26735,307286,2993
2022-04-24,San Benito,069,59416,13042,12966,523,13489,98
2022-04-24,San Bernardino,071,2135413,577505,566806,25095,591901,7047
2022-04-24,San Diego,073,3302833,758102,758311,53595,811906,5233
2022-04-24,San Francisco,075,870044,129966,128323,8558,136881,857
2022-04-24,San Joaquin,077,732212,167604,166626,10003,176629,2224
2022-04-24,San Luis Obispo,079,281455,52963,52826,3807,56633,476
2022-04-24,San Mateo,081,765935,125710,124106,7199,131305,703
2022-04-24,Santa Barbara,083,443738,86789,86376,4764,91140,685
2022-04-24,Santa Clara,085,1922200,322814,317487,12710,330197,2277
2022-04-24,Santa Cruz,087,273765,49099,48255,2135,50390,261
2022-04-24,Shasta,089,179085,30668,30607,6104,36711,557
2022-04-24,Sierra,091,2930,274,276,49,325,4
2022-04-24,Siskiyou,093,43540,4445,4453,2733,7186,81
2022-04-24,Solano,095,438530,82588,81982,5640,87622,448
2022-04-24,Sonoma,097,501317,85248,84581,2845,87426,486
2022-04-24,Stanislaus,099,539301,118104,117737,17930,135667,1632
2022-04-24,Sutter,101,95872,20561,20605,2092,22697,224
2022-04-24,Tehama,103,63373,12075,12064,2573,14637,201
2022-04-24,Trinity,105,12862,1186,1177,288,1465,20
2022-04-24,Tulare,107,460477,106572,106354,27645,133999,1446
2022-04-24,Tuolumne,109,53932,12765,12664,571,13235,181
2022-04-24,Ventura,111,848112,174544,174091,9533,183624,1479
2022-04-24,Yolo,113,214977,37725,36990,2950,39940,314
2022-04-24,Yuba,115,75493,15904,15888,1204,17092,121
2022-04-23,Alameda,001,1643700,262289,259619,14149,273768,1837
2022-04-23,Alpine,002,1148,124,124,1,125,0
2022-04-23,Amador,005,37829,8559,8509,656,9165,86
2022-04-23,Butte,007,227075,33339,33105,7110,40215,411
2022-04-23,Calaveras,009,45235,7312,7296,353,7649,119
2022-04-23,Colusa,011,21464,3461,3453,1047,4500,21
2022-04-23,Contra Costa,013,1133247,195439,190611,13726,204337,1298
2022-04-23,Del Norte,015,27424,5847,5827,186,6013,50
2022-04-23,El Dorado,017,186661,26935,26837,3217,30054,209
2022-04-23,Fresno,019,978130,235733,231751,24508,256259,2744
2022-04-23,Glenn,021,27897,5010,4989,1613,6602,48
2022-04-23,Humboldt,023,135768,17171,17033,3006,20039,145
2022-04-23,Imperial,025,180216,55510,55434,10552,65986,910
2022-04-23,Inyo,027,18085,4085,4079,493,4572,56
2022-04-23,Kern,029,883053,192346,192012,45920,237932,2267
2022-04-23,Kings,031,150075,51623,51588,3528,55116,444
2022-04-23,Lake,033,64148,10757,10720,889,11609,134
2022-04-23,Lassen,035,31185,8964,8966,876,9842,65
2022-04-23,Los Angeles,037,10098052,2738652,2725630,124497,2850127,31667
2022-04-23,Madera,039,155013,37353,37333,6032,43365,354
2022-04-23,Marin,041,260295,34457,34150,2666,36816,288
2022-04-23,Mariposa,043,17540,2432,2422,204,2626,30
2022-04-23,Mendocino,045,87422,13211,13158,3071,16229,122
2022-04-23,Merced,047,269075,62822,62286,8837,71123,815
2022-04-23,Modoc,049,8938,741,745,251,996,8
2022-04-23,Mono,051,14174,2989,2986,129,3115,6
2022-04-23,Monterey,053,433212,79935,79560,13868,93428,729
2022-04-23,Napa,055,140530,26244,26093,1008,27101,143
2022-04-23,Nevada,057,99092,16090,16052,1220,17272,127
2022-04-23,Orange,059,3164182,551443,549765,42304,592069,6989
2022-04-23,Placer,061,380077,63326,63037,7391,70428,622
2022-04-23,Plumas,063,18699,2986,2934,365,3299,13
2022-04-23,Riverside,065,2383286,594256,592683,28012,620695,6450
2022-04-23,Sacramento,067,1510023,283094,280551,26732,307283,2993
2022-04-23,San Benito,069,59416,13041,12966,523,13489,98
2022-04-23,San Bernardino,071,2135413,577383,566806,25092,591898,7047
2022-04-23,San Diego,073,3302833,757839,758311,53576,811887,5233
2022-04-23,San Francisco,075,870044,129760,128323,8532,136855,857
2022-04-23,San Joaquin,077,732212,167563,166626,9995,176621,2224
2022-04-23,San Luis Obispo,079,281455,52948,52826,3803,56629,476
2022-04-23,San Mateo,081,765935,125547,124106,7193,131299,703
2022-04-23,Santa Barbara,083,443738,86753,86376,4763,91139,685
2022-04-23,Santa Clara,085,1922200,322432,317487,12683,330170,2277
2022-04-23,Santa Cruz,087,273765,49049,48255,2133,50388,261
2022-04-23,Shasta,089,179085,30665,30607,6104,36711,557
2022-04-23,Sierra,091,2930,274,276,49,325,4
2022-04-23,Siskiyou,093,43540,4443,4453,2733,7186,81
2022-04-23,Solano,095,438530,82560,81982,5635,87617,448
2022-04-23,Sonoma,097,501317,85179,84581,2836,87417,486
2022-04-23,Stanislaus,099,539301,118068,117737,17928,135665,1632
2022-04-23,Sutter,101,95872,20555,20605,2092,22697,224
2022-04-23,Tehama,103,63373,12074,12064,2573,14637,201
2022-04-23,Trinity,105,12862,1186,1177,288,1465,20
2022-04-23,Tulare,107,460477,106564,106354,27636,133990,1446
2022-04-23,Tuolumne,109,53932,12760,12664,571,13235,181
2022-04-23,Ventura,111,848112,174481,174091,9525,183616,1479
2022-04-23,Yolo,113,214977,37697,36990,2946,39936,314
2022-04-23,Yuba,115,75493,15902,15888,1204,17092,121
2022-04-22,Alameda,001,1643700,262059,259619,14130,273749,1837
2022-04-22,Alpine,002,1148,124,124,1,125,0
2022-04-22,Amador,005,37829,8558,8509,654,9163,86
2022-04-22,Butte,007,227075,33333,33105,7105,40210,411
2022-04-22,Calaveras,009,45235,7311,7296,353,7649,119
2022-04-22,Colusa,011,21464,3461,3453,1047,4500,21
2022-04-22,Contra Costa,013,1133247,195302,190611,13710,204321,1298
2022-04-22,Del Norte,015,27424,5847,5827,186,6013,50
2022-04-22,El Dorado,017,186661,26922,26837,3213,30050,209
2022-04-22,Fresno,019,978130,235703,231751,24504,256255,2744
2022-04-22,Glenn,021,27897,5008,4989,1613,6602,48
2022-04-22,Humboldt,023,135768,17155,17033,3000,20033,145
2022-04-22,Imperial,025,180216,55504,55434,10552,65986,910
2022-04-22,Inyo,027,18085,4085,4079,492,4571,56
2022-04-22,Kern,029,883053,192325,192012,45917,237929,2267
2022-04-22,Kings,031,150075,51619,51588,3527,55115,444
2022-04-22,Lake,033,64148,10756,10720,889,11609,134
2022-04-22,Lassen,035,31185,8964,8966,876,9842,65
2022-04-22,Los Angeles,037,10098052,2737572,2725630,124438,2850068,31667
2022-04-22,Madera,039,155013,37348,37333,6031,43364,354
2022-04-22,Marin,041,260295,34420,34150,2655,36805,288
2022-04-22,Mariposa,043,17540,2431,2422,204,2626,30
2022-04-22,Mendocino,045,87422,13206,13158,3066,16224,122
2022-04-22,Merced,047,269075,62815,62286,8825,71111,815
2022-04-22,Modoc,049,8938,741,745,251,996,8
2022-04-22,Mono,051,14174,2989,2986,128,3114,6
2022-04-22,Monterey,053,433212,79900,79560,13854,93414,729
2022-04-22,Napa,055,140530,26227,26093,1006,27099,143
2022-04-22,Nevada,057,99092,16090,16052,1220,17272,127
2022-04-22,Orange,059,3164182,551258,549765,42251,592016,6989
2022-04-22,Placer,061,380077,63303,63037,7388,70425,622
2022-04-22,Plumas,063,18699,2986,2934,365,3299,13
2022-04-22,Riverside,065,2383286,594112,592683,27997,620680,6450
2022-04-22,Sacramento,067,1510023,283006,280551,26720,307271,2993
2022-04-22,San Benito,069,59416,13036,12966,523,13489,98
2022-04-22,San Bernardino,071,2135413,577270,566806,25084,591890,7047
2022-04-22,San Diego,073,3302833,757520,758311,53548,811859,5233
2022-04-22,San Francisco,075,870044,129593,128323,8506,136829,857
2022-04-22,San Joaquin,077,732212,167532,166626,9993,176619,2224
2022-04-22,San Luis Obispo,079,281455,52942,52826,3802,56628,476
2022-04-22,San Mateo,081,765935,125380,124106,7182,131288,703
2022-04-22,Santa Barbara,083,443738,86707,86376,4762,91138,685
2022-04-22,Santa Clara,085,1922200,322085,317487,12669,330156,2277
2022-04-22,Santa Cruz,087,273765,49009,48255,2132,50387,261
2022-04-22,Shasta,089,179085,30660,30607,6103,36710,557
2022-04-22,Sierra,091,2930,274,276,48,324,4
2022-04-22,Siskiyou,093,43540,4443,4453,2733,7186,81
2022-04-22,Solano,095,438530,82503,81982,5632,87614,448
2022-04-22,Sonoma,097,501317,85114,84581,2832,87413,486
2022-04-22,Stanislaus,099,539301,118046,117737,17923,135660,1632
2022-04-22,Sutter,101,95872,20549,20605,2092,22697,224
2022-04-22,Tehama,103,63373,12069,12064,2572,14636,201
2022-04-22,Trinity,105,12862,1186,1177,287,1464,20
2022-04-22,Tulare,107,460477,106554,106354,27628,133982,1446
2022-04-22,Tuolumne,109,53932,12754,12664,569,13233,181
2022-04-22,Ventura,111,848112,174406,174091,9514,183605,1479
2022-04-22,Yolo,113,214977,37676,36990,2944,39934,314
2022-04-22,Yuba,115,75493,15899,15888,1203,17091,121
2022-04-21,Alameda,001,1643700,261696,259619,14093,273712,1837
2022-04-21,Alpine,002,1148,124,124,1,125,0
2022-04-21,Amador,005,37829,8555,8509,654,9163,86
2022-04-21,Butte,007,227075,33326,33105,7097,40202,411
2022-04-21,Calaveras,009,45235,7308,7296,353,7649,119
2022-04-21,Colusa,011,21464,3460,3453,1047,4500,21
2022-04-21,Contra Costa,013,1133247,195106,190611,13689,204300,1298
2022-04-21,Del Norte,015,27424,5846,5827,186,6013,50
2022-04-21,El Dorado,017,186661,26906,26837,3212,30049,209
2022-04-21,Fresno,019,978130,235660,231751,24495,256246,2744
2022-04-21,Glenn,021,27897,5008,4989,1612,6601,48
2022-04-21,Humboldt,023,135768,17132,17033,2992,20025,145
2022-04-21,Imperial,025,180216,55495,55434,10552,65986,910
2022-04-21,Inyo,027,18085,4085,4079,492,4571,56
2022-04-21,Kern,029,883053,192292,192012,45902,237914,2267
2022-04-21,Kings,031,150075,51611,51588,3527,55115,444
2022-04-21,Lake,033,64148,10753,10720,889,11609,134
2022-04-21,Lassen,035,31185,8964,8966,876,9842,65
2022-04-21,Los Angeles,037,10098052,2735928,2725630,124323,2849953,31667
2022-04-21,Madera,039,155013,37345,37333,6030,43363,354
2022-04-21,Marin,041,260295,34372,34150,2645,36795,288
2022-04-21,Mariposa,043,17540,2430,2422,204,2626,30
2022-04-21,Mendocino,045,87422,13199,13158,3063,16221,122
2022-04-21,Merced,047,269075,62797,62286,8822,71108,815
2022-04-21,Modoc,049,8938,741,745,251,996,8
2022-04-21,Mono,051,14174,2988,2986,127,3113,6
2022-04-21,Monterey,053,433212,79873,79560,13840,93400,729
2022-04-21,Napa,055,140530,26196,26093,1005,27098,143
2022-04-21,Nevada,057,99092,16086,16052,1220,17272,127
2022-04-21,Orange,059,3164182,551006,549765,42214,591979,6989
2022-04-21,Placer,061,380077,63264,63037,7384,70421,622
2022-04-21,Plumas,063,18699,2986,2934,365,3299,13
2022-04-21,Riverside,065,2383286,593951,592683,27979,620662,6450
2022-04-21,Sacramento,067,1510023,282857,280551,26701,307252,2993
2022-04-21,San Benito,069,59416,13030,12966,523,13489,98
2022-04-21,San Bernardino,071,2135413,577077,566806,25072,591878,7047
2022-04-21,San Diego,073,3302833,757095,758311,53504,811815,5233
2022-04-21,San Francisco,075,870044,129370,128323,8479,136802,857
2022-04-21,San Joaquin,077,732212,167480,166626,9988,176614,2224
2022-04-21,San Luis Obispo,079,281455,52922,52826,3795,56621,476
2022-04-21,San Mateo,081,765935,125174,124106,7165,131271,703
2022-04-21,Santa Barbara,083,443738,86648,86376,4759,91135,685
2022-04-21,Santa Clara,085,1922200,321635,317487,12647,330134,2277
2022-04-21,Santa Cruz,087,273765,48963,48255,2130,50385,261
2022-04-21,Shasta,089,179085,30652,30607,6103,36710,557
2022-04-21,Sierra,091,2930,274,276,48,324,4
2022-04-21,Siskiyou,093,43540,4443,4453,2733,7186,81
2022-04-21,Solano,095,438530,82439,81982,5626,87608,448
2022-04-21,Sonoma,097,501317,84999,84581,2812,87393,486
2022-04-21,Stanislaus,099,539301,118007,117737,17915,135652,1632
2022-04-21,Sutter,101,95872,20540,20605,2090,22695,224
2022-04-21,Tehama,103,63373,12069,12064,2572,14636,201
2022-04-21,Trinity,105,12862,1186,1177,287,1464,20
2022-04-21,Tulare,107,460477,106547,106354,27624,133978,1446
2022-04-21,Tuolumne,109,53932,12749,12664,569,13233,181
2022-04-21,Ventura,111,848112,174324,174091,9508,183599,1479
2022-04-21,Yolo,113,214977,37646,36990,2944,39934,314
2022-04-21,Yuba,115,75493,15897,15888,1203,17091,121
2022-04-20,Alameda,001,1643700,261330,258734,14067,272801,1832
2022-04-20,Alpine,002,1148,124,124,1,125,0
2022-04-20,Amador,005,37829,8553,8494,654,9148,86
2022-04-20,Butte,007,227075,33310,33083,7090,40173,408
2022-04-20,Calaveras,009,45235,7302,7288,352,7640,119
2022-04-20,Colusa,011,21464,3460,3453,1047,4500,21
2022-04-20,Contra Costa,013,1133247,194872,190042,13664,203706,1299
2022-04-20,Del Norte,015,27424,5840,5814,186,6000,50
2022-04-20,El Dorado,017,186661,26891,26821,3208,30029,209
2022-04-20,Fresno,019,978130,235610,231568,24494,256062,2740
2022-04-20,Glenn,021,27897,5007,4988,1609,6597,48
2022-04-20,Humboldt,023,135768,17110,16976,2988,19964,145
2022-04-20,Imperial,025,180216,55487,55405,10549,65954,910
2022-04-20,Inyo,027,18085,4085,4075,491,4566,56
2022-04-20,Kern,029,883053,192257,191915,45886,237801,2262
2022-04-20,Kings,031,150075,51602,51571,3525,55096,445
2022-04-20,Lake,033,64148,10753,10711,889,11600,134
2022-04-20,Lassen,035,31185,8964,8951,876,9827,65
2022-04-20,Los Angeles,037,10098052,2734190,2721699,124204,2845903,31630
2022-04-20,Madera,039,155013,37342,37333,6027,43360,354
2022-04-20,Marin,041,260295,34331,33985,2622,36607,288
2022-04-20,Mariposa,043,17540,2428,2412,204,2616,30
2022-04-20,Mendocino,045,87422,13193,13128,3055,16183,122
2022-04-20,Merced,047,269075,62787,62322,8810,71132,813
2022-04-20,Modoc,049,8938,741,744,251,995,8
2022-04-20,Mono,051,14174,2988,2984,127,3111,6
2022-04-20,Monterey,053,433212,79828,79419,13821,93240,727
2022-04-20,Napa,055,140530,26162,26016,1001,27017,143
2022-04-20,Nevada,057,99092,16076,16034,1217,17251,127
2022-04-20,Orange,059,3164182,550678,549136,42167,591303,6963
2022-04-20,Placer,061,380077,63236,62928,7378,70306,619
2022-04-20,Plumas,063,18699,2986,2932,365,3297,13
2022-04-20,Riverside,065,2383286,593759,592224,27957,620181,6447
2022-04-20,Sacramento,067,1510023,282710,279326,26687,306013,2987
2022-04-20,San Benito,069,59416,13024,12971,520,13491,98
2022-04-20,San Bernardino,071,2135413,576869,565405,25055,590460,6977
2022-04-20,San Diego,073,3302833,756654,757138,53443,810581,5231
2022-04-20,San Francisco,075,870044,129061,127594,8461,136055,854
2022-04-20,San Joaquin,077,732212,167412,166531,9981,176512,2222
2022-04-20,San Luis Obispo,079,281455,52895,52740,3788,56528,476
2022-04-20,San Mateo,081,765935,124955,123279,7134,130413,701
2022-04-20,Santa Barbara,083,443738,86612,86214,4753,90967,685
2022-04-20,Santa Clara,085,1922200,321224,316355,12609,328964,2274
2022-04-20,Santa Cruz,087,273765,48899,47997,2126,50123,261
2022-04-20,Shasta,089,179085,30649,30590,6102,36692,554
2022-04-20,Sierra,091,2930,274,276,48,324,4
2022-04-20,Siskiyou,093,43540,4442,4446,2732,7178,80
2022-04-20,Solano,095,438530,82368,81841,5623,87464,447
2022-04-20,Sonoma,097,501317,84912,84429,2788,87217,485
2022-04-20,Stanislaus,099,539301,117970,117540,17904,135444,1630
2022-04-20,Sutter,101,95872,20533,20632,2090,22722,224
2022-04-20,Tehama,103,63373,12067,12061,2572,14633,199
2022-04-20,Trinity,105,12862,1186,1178,287,1465,20
2022-04-20,Tulare,107,460477,106539,105974,27613,133587,1439
2022-04-20,Tuolumne,109,53932,12744,12648,568,13216,180
2022-04-20,Ventura,111,848112,174236,173904,9499,183403,1475
2022-04-20,Yolo,113,214977,37596,36785,2941,39726,311
2022-04-20,Yuba,115,75493,15893,15868,1201,17069,121
2022-04-19,Alameda,001,1643700,260968,258734,14038,272772,1832
2022-04-19,Alpine,002,1148,124,124,1,125,0
2022-04-19,Amador,005,37829,8549,8494,651,9145,86
2022-04-19,Butte,007,227075,33303,33083,7086,40169,408
2022-04-19,Calaveras,009,45235,7299,7288,352,7640,119
2022-04-19,Colusa,011,21464,3460,3453,1047,4500,21
2022-04-19,Contra Costa,013,1133247,194625,190042,13646,203688,1299
2022-04-19,Del Norte,015,27424,5838,5814,184,5998,50
2022-04-19,El Dorado,017,186661,26877,26821,3205,30026,209
2022-04-19,Fresno,019,978130,235555,231568,24484,256052,2740
2022-04-19,Glenn,021,27897,5006,4988,1609,6597,48
2022-04-19,Humboldt,023,135768,17073,16976,2977,19953,145
2022-04-19,Imperial,025,180216,55480,55405,10546,65951,910
2022-04-19,Inyo,027,18085,4082,4075,491,4566,56
2022-04-19,Kern,029,883053,192221,191915,45876,237791,2262
2022-04-19,Kings,031,150075,51588,51571,3524,55095,445
2022-04-19,Lake,033,64148,10749,10711,888,11599,134
2022-04-19,Lassen,035,31185,8964,8951,876,9827,65
2022-04-19,Los Angeles,037,10098052,2732397,2721699,124077,2845776,31630
2022-04-19,Madera,039,155013,37339,37333,6026,43359,354
2022-04-19,Marin,041,260295,34280,33985,2606,36591,288
2022-04-19,Mariposa,043,17540,2428,2412,203,2615,30
2022-04-19,Mendocino,045,87422,13185,13128,3044,16172,122
2022-04-19,Merced,047,269075,62769,62322,8807,71129,813
2022-04-19,Modoc,049,8938,741,744,251,995,8
2022-04-19,Mono,051,14174,2988,2984,127,3111,6
2022-04-19,Monterey,053,433212,79809,79419,13808,93227,727
2022-04-19,Napa,055,140530,26139,26016,992,27008,143
2022-04-19,Nevada,057,99092,16070,16034,1215,17249,127
2022-04-19,Orange,059,3164182,550399,549136,42123,591259,6963
2022-04-19,Placer,061,380077,63203,62928,7373,70301,619
2022-04-19,Plumas,063,18699,2986,2932,365,3297,13
2022-04-19,Riverside,065,2383286,593576,592224,27945,620169,6447
2022-04-19,Sacramento,067,1510023,282535,279326,26665,305991,2987
2022-04-19,San Benito,069,59416,13018,12971,519,13490,98
2022-04-19,San Bernardino,071,2135413,576655,565405,25033,590438,6977
2022-04-19,San Diego,073,3302833,756189,757138,53378,810516,5231
2022-04-19,San Francisco,075,870044,128728,127594,8444,136038,854
2022-04-19,San Joaquin,077,732212,167362,166531,9977,176508,2222
2022-04-19,San Luis Obispo,079,281455,52859,52740,3782,56522,476
2022-04-19,San Mateo,081,765935,124722,123279,7114,130393,701
2022-04-19,Santa Barbara,083,443738,86558,86214,4745,90959,685
2022-04-19,Santa Clara,085,1922200,320804,316355,12581,328936,2274
2022-04-19,Santa Cruz,087,273765,48844,47997,2124,50121,261
2022-04-19,Shasta,089,179085,30637,30590,6101,36691,554
2022-04-19,Sierra,091,2930,274,276,48,324,4
2022-04-19,Siskiyou,093,43540,4441,4446,2730,7176,80
2022-04-19,Solano,095,438530,82284,81841,5616,87457,447
2022-04-19,Sonoma,097,501317,84810,84429,2759,87188,485
2022-04-19,Stanislaus,099,539301,117944,117540,17899,135439,1630
2022-04-19,Sutter,101,95872,20533,20632,2090,22722,224
2022-04-19,Tehama,103,63373,12066,12061,2572,14633,199
2022-04-19,Trinity,105,12862,1185,1178,287,1465,20
2022-04-19,Tulare,107,460477,106523,105974,27607,133581,1439
2022-04-19,Tuolumne,109,53932,12742,12648,568,13216,180
2022-04-19,Ventura,111,848112,174143,173904,9486,183390,1475
2022-04-19,Yolo,113,214977,37551,36785,2939,39724,311
2022-04-19,Yuba,115,75493,15886,15868,1201,17069,121
2022-04-18,Alameda,001,1643700,260581,258734,14019,272753,1832
2022-04-18,Alpine,002,1148,124,124,1,125,0
2022-04-18,Amador,005,37829,8548,8494,650,9144,86
2022-04-18,Butte,007,227075,33299,33083,7081,40164,408
2022-04-18,Calaveras,009,45235,7295,7288,351,7639,119
2022-04-18,Colusa,011,21464,3459,3453,1047,4500,21
2022-04-18,Contra Costa,013,1133247,194390,190042,13621,203663,1299
2022-04-18,Del Norte,015,27424,5833,5814,184,5998,50
2022-04-18,El Dorado,017,186661,26860,26821,3203,30024,209
2022-04-18,Fresno,019,978130,235512,231568,24473,256041,2740
2022-04-18,Glenn,021,27897,5006,4988,1608,6596,48
2022-04-18,Humboldt,023,135768,17044,16976,2974,19950,145
2022-04-18,Imperial,025,180216,55468,55405,10544,65949,910
2022-04-18,Inyo,027,18085,4082,4075,491,4566,56
2022-04-18,Kern,029,883053,192176,191915,45864,237779,2262
2022-04-18,Kings,031,150075,51583,51571,3524,55095,445
2022-04-18,Lake,033,64148,10745,10711,887,11598,134
2022-04-18,Lassen,035,31185,8964,8951,876,9827,65
2022-04-18,Los Angeles,037,10098052,2730571,2721699,123964,2845663,31630
2022-04-18,Madera,039,155013,37331,37333,6025,43358,354
2022-04-18,Marin,041,260295,34217,33985,2583,36568,288
2022-04-18,Mariposa,043,17540,2426,2412,203,2615,30
2022-04-18,Mendocino,045,87422,13168,13128,3039,16167,122
2022-04-18,Merced,047,269075,62757,62322,8801,71123,813
2022-04-18,Modoc,049,8938,740,744,251,995,8
2022-04-18,Mono,051,14174,2987,2984,127,3111,6
2022-04-18,Monterey,053,433212,79735,79419,13792,93211,727
2022-04-18,Napa,055,140530,26103,26016,991,27007,143
2022-04-18,Nevada,057,99092,16060,16034,1213,17247,127
2022-04-18,Orange,059,3164182,550111,549136,42086,591222,6963
2022-04-18,Placer,061,380077,63170,62928,7371,70299,619
2022-04-18,Plumas,063,18699,2986,2932,365,3297,13
2022-04-18,Riverside,065,2383286,593366,592224,27925,620149,6447
2022-04-18,Sacramento,067,1510023,282379,279326,26653,305979,2987
2022-04-18,San Benito,069,59416,13012,12971,519,13490,98
2022-04-18,San Bernardino,071,2135413,576445,565405,25015,590420,6977
2022-04-18,San Diego,073,3302833,755720,757138,53319,810457,5231
2022-04-18,San Francisco,075,870044,128410,127594,8432,136026,854
2022-04-18,San Joaquin,077,732212,167303,166531,9970,176501,2222
2022-04-18,San Luis Obispo,079,281455,52830,52740,3777,56517,476
2022-04-18,San Mateo,081,765935,124489,123279,7095,130374,701
2022-04-18,Santa Barbara,083,443738,86487,86214,4740,90954,685
2022-04-18,Santa Clara,085,1922200,320358,316355,12557,328912,2274
2022-04-18,Santa Cruz,087,273765,48739,47997,2122,50119,261
2022-04-18,Shasta,089,179085,30631,30590,6098,36688,554
2022-04-18,Sierra,091,2930,274,276,48,324,4
2022-04-18,Siskiyou,093,43540,4440,4446,2729,7175,80
2022-04-18,Solano,095,438530,82219,81841,5610,87451,447
2022-04-18,Sonoma,097,501317,84710,84429,2744,87173,485
2022-04-18,Stanislaus,099,539301,117915,117540,17896,135436,1630
2022-04-18,Sutter,101,95872,20531,20632,2088,22720,224
2022-04-18,Tehama,103,63373,12062,12061,2572,14633,199
2022-04-18,Trinity,105,12862,1185,1178,287,1465,20
2022-04-18,Tulare,107,460477,106508,105974,27599,133573,1439
2022-04-18,Tuolumne,109,53932,12735,12648,567,13215,180
2022-04-18,Ventura,111,848112,174052,173904,9476,183380,1475
2022-04-18,Yolo,113,214977,37493,36785,2939,39724,311
2022-04-18,Yuba,115,75493,15877,15868,1200,17068,121
2022-04-17,Alameda,001,1643700,260185,257897,13995,271892,1829
2022-04-17,Alpine,002,1148,124,124,1,125,0
2022-04-17,Amador,005,37829,8543,8491,648,9139,86
2022-04-17,Butte,007,227075,33296,33053,7078,40131,405
2022-04-17,Calaveras,009,45235,7292,7275,350,7625,119
2022-04-17,Colusa,011,21464,3458,3450,1047,4497,21
2022-04-17,Contra Costa,013,1133247,194162,189742,13585,203327,1298
2022-04-17,Del Norte,015,27424,5828,5809,184,5993,50
2022-04-17,El Dorado,017,186661,26850,26796,3201,29997,209
2022-04-17,Fresno,019,978130,235434,231455,24468,255923,2739
2022-04-17,Glenn,021,27897,5006,4991,1608,6599,48
2022-04-17,Humboldt,023,135768,17009,16929,2968,19897,143
2022-04-17,Imperial,025,180216,55459,55371,10543,65914,910
2022-04-17,Inyo,027,18085,4080,4075,491,4566,56
2022-04-17,Kern,029,883053,192141,191866,45849,237715,2258
2022-04-17,Kings,031,150075,51572,51544,3522,55066,445
2022-04-17,Lake,033,64148,10744,10702,887,11589,134
2022-04-17,Lassen,035,31185,8964,8950,876,9826,65
2022-04-17,Los Angeles,037,10098052,2728588,2717479,123845,2841324,31598
2022-04-17,Madera,039,155013,37325,37362,6025,43387,354
2022-04-17,Marin,041,260295,34150,33829,2553,36382,288
2022-04-17,Mariposa,043,17540,2418,2406,203,2609,30
2022-04-17,Mendocino,045,87422,13153,13107,3035,16142,122
2022-04-17,Merced,047,269075,62737,62295,8795,71090,813
2022-04-17,Modoc,049,8938,740,743,251,994,8
2022-04-17,Mono,051,14174,2986,2977,127,3104,6
2022-04-17,Monterey,053,433212,79702,79311,13772,93083,727
2022-04-17,Napa,055,140530,26058,25929,985,26914,143
2022-04-17,Nevada,057,99092,16044,16014,1208,17222,123
2022-04-17,Orange,059,3164182,549748,548311,42035,590346,6945
2022-04-17,Placer,061,380077,63131,62882,7364,70246,618
2022-04-17,Plumas,063,18699,2986,2929,365,3294,13
2022-04-17,Riverside,065,2383286,593144,591772,27906,619678,6443
2022-04-17,Sacramento,067,1510023,282216,278523,26629,305152,2978
2022-04-17,San Benito,069,59416,13009,12926,518,13444,98
2022-04-17,San Bernardino,071,2135413,576207,564397,25001,589398,6948
2022-04-17,San Diego,073,3302833,755234,756165,53251,809416,5229
2022-04-17,San Francisco,075,870044,128091,126976,8416,135392,854
2022-04-17,San Joaquin,077,732212,167253,166645,9964,176609,2220
2022-04-17,San Luis Obispo,079,281455,52761,52698,3772,56470,476
2022-04-17,San Mateo,081,765935,124248,122652,7081,129733,699
2022-04-17,Santa Barbara,083,443738,86429,86030,4733,90763,684
2022-04-17,Santa Clara,085,1922200,319866,315296,12531,327827,2268
2022-04-17,Santa Cruz,087,273765,48617,47895,2120,50015,261
2022-04-17,Shasta,089,179085,30621,30578,6094,36672,554
2022-04-17,Sierra,091,2930,274,276,48,324,4
2022-04-17,Siskiyou,093,43540,4435,4444,2728,7172,80
2022-04-17,Solano,095,438530,82152,81781,5604,87385,447
2022-04-17,Sonoma,097,501317,84598,84172,2737,86909,485
2022-04-17,Stanislaus,099,539301,117885,117567,17889,135456,1619
2022-04-17,Sutter,101,95872,20526,20621,2087,22708,224
2022-04-17,Tehama,103,63373,12061,12061,2572,14633,199
2022-04-17,Trinity,105,12862,1184,1178,287,1465,20
2022-04-17,Tulare,107,460477,106494,105757,27591,133348,1428
2022-04-17,Tuolumne,109,53932,12729,12640,567,13207,180
2022-04-17,Ventura,111,848112,173955,173665,9457,183122,1474
2022-04-17,Yolo,113,214977,37444,36752,2937,39689,311
2022-04-17,Yuba,115,75493,15871,15857,1200,17057,121
2022-04-16,Alameda,001,1643700,260032,257897,13985,271882,1829
2022-04-16,Alpine,002,1148,124,124,1,125,0
2022-04-16,Amador,005,37829,8541,8491,648,9139,86
2022-04-16,Butte,007,227075,33292,33053,7076,40129,405
2022-04-16,Calaveras,009,45235,7290,7275,350,7625,119
2022-04-16,Colusa,011,21464,3458,3450,1047,4497,21
2022-04-16,Contra Costa,013,1133247,194071,189742,13579,203321,1298
2022-04-16,Del Norte,015,27424,5828,5809,184,5993,50
2022-04-16,El Dorado,017,186661,26839,26796,3201,29997,209
2022-04-16,Fresno,019,978130,235406,231455,24467,255922,2739
2022-04-16,Glenn,021,27897,5006,4991,1608,6599,48
2022-04-16,Humboldt,023,135768,17001,16929,2963,19892,143
2022-04-16,Imperial,025,180216,55453,55371,10542,65913,910
2022-04-16,Inyo,027,18085,4080,4075,491,4566,56
2022-04-16,Kern,029,883053,192130,191866,45837,237703,2258
2022-04-16,Kings,031,150075,51569,51544,3522,55066,445
2022-04-16,Lake,033,64148,10742,10702,887,11589,134
2022-04-16,Lassen,035,31185,8964,8950,876,9826,65
2022-04-16,Los Angeles,037,10098052,2727872,2717479,123794,2841273,31598
2022-04-16,Madera,039,155013,37323,37362,6025,43387,354
2022-04-16,Marin,041,260295,34112,33829,2527,36356,288
2022-04-16,Mariposa,043,17540,2417,2406,203,2609,30
2022-04-16,Mendocino,045,87422,13147,13107,3035,16142,122
2022-04-16,Merced,047,269075,62734,62295,8794,71089,813
2022-04-16,Modoc,049,8938,740,743,251,994,8
2022-04-16,Mono,051,14174,2986,2977,127,3104,6
2022-04-16,Monterey,053,433212,79687,79311,13763,93074,727
2022-04-16,Napa,055,140530,26035,25929,983,26912,143
2022-04-16,Nevada,057,99092,16041,16014,1205,17219,123
2022-04-16,Orange,059,3164182,549632,548311,42004,590315,6945
2022-04-16,Placer,061,380077,63114,62882,7362,70244,618
2022-04-16,Plumas,063,18699,2984,2929,365,3294,13
2022-04-16,Riverside,065,2383286,593064,591772,27899,619671,6443
2022-04-16,Sacramento,067,1510023,282164,278523,26626,305149,2978
2022-04-16,San Benito,069,59416,13008,12926,518,13444,98
2022-04-16,San Bernardino,071,2135413,576107,564397,24997,589394,6948
2022-04-16,San Diego,073,3302833,755087,756165,53237,809402,5229
2022-04-16,San Francisco,075,870044,127934,126976,8407,135383,854
2022-04-16,San Joaquin,077,732212,167212,166645,9961,176606,2220
2022-04-16,San Luis Obispo,079,281455,52755,52698,3771,56469,476
2022-04-16,San Mateo,081,765935,124144,122652,7078,129730,699
2022-04-16,Santa Barbara,083,443738,86399,86030,4733,90763,684
2022-04-16,Santa Clara,085,1922200,319625,315296,12523,327819,2268
2022-04-16,Santa Cruz,087,273765,48589,47895,2120,50015,261
2022-04-16,Shasta,089,179085,30617,30578,6094,36672,554
2022-04-16,Sierra,091,2930,274,276,48,324,4
2022-04-16,Siskiyou,093,43540,4435,4444,2728,7172,80
2022-04-16,Solano,095,438530,82137,81781,5602,87383,447
2022-04-16,Sonoma,097,501317,84549,84172,2728,86900,485
2022-04-16,Stanislaus,099,539301,117865,117567,17884,135451,1619
2022-04-16,Sutter,101,95872,20522,20621,2087,22708,224
2022-04-16,Tehama,103,63373,12060,12061,2572,14633,199
2022-04-16,Trinity,105,12862,1184,1178,287,1465,20
2022-04-16,Tulare,107,460477,106484,105757,27589,133346,1428
2022-04-16,Tuolumne,109,53932,12728,12640,567,13207,180
2022-04-16,Ventura,111,848112,173927,173665,9453,183118,1474
2022-04-16,Yolo,113,214977,37436,36752,2936,39688,311
2022-04-16,Yuba,115,75493,15867,15857,1200,17057,121
2022-04-15,Alameda,001,1643700,259852,257897,13977,271874,1829
2022-04-15,Alpine,002,1148,124,124,1,125,0
2022-04-15,Amador,005,37829,8540,8491,646,9137,86
2022-04-15,Butte,007,227075,33290,33053,7074,40127,405
2022-04-15,Calaveras,009,45235,7288,7275,350,7625,119
2022-04-15,Colusa,011,21464,3458,3450,1047,4497,21
2022-04-15,Contra Costa,013,1133247,193953,189742,13572,203314,1298
2022-04-15,Del Norte,015,27424,5827,5809,184,5993,50
2022-04-15,El Dorado,017,186661,26824,26796,3200,29996,209
2022-04-15,Fresno,019,978130,235377,231455,24466,255921,2739
2022-04-15,Glenn,021,27897,5005,4991,1608,6599,48
2022-04-15,Humboldt,023,135768,16989,16929,2962,19891,143
2022-04-15,Imperial,025,180216,55451,55371,10542,65913,910
2022-04-15,Inyo,027,18085,4080,4075,490,4565,56
2022-04-15,Kern,029,883053,192115,191866,45827,237693,2258
2022-04-15,Kings,031,150075,51565,51544,3522,55066,445
2022-04-15,Lake,033,64148,10737,10702,887,11589,134
2022-04-15,Lassen,035,31185,8964,8950,876,9826,65
2022-04-15,Los Angeles,037,10098052,2727095,2717479,123727,2841206,31598
2022-04-15,Madera,039,155013,37321,37362,6025,43387,354
2022-04-15,Marin,041,260295,34078,33829,2506,36335,288
2022-04-15,Mariposa,043,17540,2416,2406,203,2609,30
2022-04-15,Mendocino,045,87422,13141,13107,3033,16140,122
2022-04-15,Merced,047,269075,62730,62295,8794,71089,813
2022-04-15,Modoc,049,8938,740,743,251,994,8
2022-04-15,Mono,051,14174,2981,2977,126,3103,6
2022-04-15,Monterey,053,433212,79660,79311,13757,93068,727
2022-04-15,Napa,055,140530,26018,25929,982,26911,143
2022-04-15,Nevada,057,99092,16039,16014,1204,17218,123
2022-04-15,Orange,059,3164182,549511,548311,41972,590283,6945
2022-04-15,Placer,061,380077,63099,62882,7361,70243,618
2022-04-15,Plumas,063,18699,2984,2929,365,3294,13
2022-04-15,Riverside,065,2383286,592963,591772,27893,619665,6443
2022-04-15,Sacramento,067,1510023,282085,278523,26622,305145,2978
2022-04-15,San Benito,069,59416,13006,12926,517,13443,98
2022-04-15,San Bernardino,071,2135413,576026,564397,24994,589391,6948
2022-04-15,San Diego,073,3302833,754894,756165,53218,809383,5229
2022-04-15,San Francisco,075,870044,127785,126976,8391,135367,854
2022-04-15,San Joaquin,077,732212,167189,166645,9959,176604,2220
2022-04-15,San Luis Obispo,079,281455,52747,52698,3771,56469,476
2022-04-15,San Mateo,081,765935,124008,122652,7071,129723,699
2022-04-15,Santa Barbara,083,443738,86366,86030,4732,90762,684
2022-04-15,Santa Clara,085,1922200,319333,315296,12514,327810,2268
2022-04-15,Santa Cruz,087,273765,48561,47895,2119,50014,261
2022-04-15,Shasta,089,179085,30608,30578,6094,36672,554
2022-04-15,Sierra,091,2930,274,276,48,324,4
2022-04-15,Siskiyou,093,43540,4433,4444,2728,7172,80
2022-04-15,Solano,095,438530,82112,81781,5602,87383,447
2022-04-15,Sonoma,097,501317,84496,84172,2712,86884,485
2022-04-15,Stanislaus,099,539301,117845,117567,17882,135449,1619
2022-04-15,Sutter,101,95872,20519,20621,2087,22708,224
2022-04-15,Tehama,103,63373,12060,12061,2572,14633,199
2022-04-15,Trinity,105,12862,1184,1178,287,1465,20
2022-04-15,Tulare,107,460477,106478,105757,27582,133339,1428
2022-04-15,Tuolumne,109,53932,12725,12640,564,13204,180
2022-04-15,Ventura,111,848112,173898,173665,9447,183112,1474
2022-04-15,Yolo,113,214977,37419,36752,2936,39688,311
2022-04-15,Yuba,115,75493,15864,15857,1200,17057,121
2022-04-14,Alameda,001,1643700,259589,257897,13966,271863,1829
2022-04-14,Alpine,002,1148,124,124,1,125,0
2022-04-14,Amador,005,37829,8540,8491,646,9137,86
2022-04-14,Butte,007,227075,33285,33053,7071,40124,405
2022-04-14,Calaveras,009,45235,7287,7275,350,7625,119
2022-04-14,Colusa,011,21464,3458,3450,1047,4497,21
2022-04-14,Contra Costa,013,1133247,193797,189742,13560,203302,1298
2022-04-14,Del Norte,015,27424,5826,5809,184,5993,50
2022-04-14,El Dorado,017,186661,26821,26796,3198,29994,209
2022-04-14,Fresno,019,978130,235350,231455,24465,255920,2739
2022-04-14,Glenn,021,27897,5005,4991,1606,6597,48
2022-04-14,Humboldt,023,135768,16974,16929,2961,19890,143
2022-04-14,Imperial,025,180216,55441,55371,10542,65913,910
2022-04-14,Inyo,027,18085,4080,4075,489,4564,56
2022-04-14,Kern,029,883053,192096,191866,45819,237685,2258
2022-04-14,Kings,031,150075,51557,51544,3522,55066,445
2022-04-14,Lake,033,64148,10736,10702,887,11589,134
2022-04-14,Lassen,035,31185,8964,8950,875,9825,65
2022-04-14,Los Angeles,037,10098052,2726010,2717479,123638,2841117,31598
2022-04-14,Madera,039,155013,37319,37362,6025,43387,354
2022-04-14,Marin,041,260295,34038,33829,2485,36314,288
2022-04-14,Mariposa,043,17540,2415,2406,203,2609,30
2022-04-14,Mendocino,045,87422,13136,13107,3033,16140,122
2022-04-14,Merced,047,269075,62726,62295,8793,71088,813
2022-04-14,Modoc,049,8938,739,743,251,994,8
2022-04-14,Mono,051,14174,2981,2977,125,3102,6
2022-04-14,Monterey,053,433212,79635,79311,13752,93063,727
2022-04-14,Napa,055,140530,25996,25929,981,26910,143
2022-04-14,Nevada,057,99092,16032,16014,1203,17217,123
2022-04-14,Orange,059,3164182,549320,548311,41943,590254,6945
2022-04-14,Placer,061,380077,63081,62882,7356,70238,618
2022-04-14,Plumas,063,18699,2984,2929,365,3294,13
2022-04-14,Riverside,065,2383286,592842,591772,27883,619655,6443
2022-04-14,Sacramento,067,1510023,281965,278523,26608,305131,2978
2022-04-14,San Benito,069,59416,13000,12926,517,13443,98
2022-04-14,San Bernardino,071,2135413,575855,564397,24989,589386,6948
2022-04-14,San Diego,073,3302833,754616,756165,53180,809345,5229
2022-04-14,San Francisco,075,870044,127581,126976,8378,135354,854
2022-04-14,San Joaquin,077,732212,167158,166645,9958,176603,2220
2022-04-14,San Luis Obispo,079,281455,52731,52698,3767,56465,476
2022-04-14,San Mateo,081,765935,123846,122652,7059,129711,699
2022-04-14,Santa Barbara,083,443738,86321,86030,4730,90760,684
2022-04-14,Santa Clara,085,1922200,319030,315296,12505,327801,2268
2022-04-14,Santa Cruz,087,273765,48531,47895,2118,50013,261
2022-04-14,Shasta,089,179085,30606,30578,6093,36671,554
2022-04-14,Sierra,091,2930,274,276,48,324,4
2022-04-14,Siskiyou,093,43540,4433,4444,2727,7171,80
2022-04-14,Solano,095,438530,82072,81781,5596,87377,447
2022-04-14,Sonoma,097,501317,84406,84172,2707,86879,485
2022-04-14,Stanislaus,099,539301,117826,117567,17879,135446,1619
2022-04-14,Sutter,101,95872,20517,20621,2078,22699,224
2022-04-14,Tehama,103,63373,12059,12061,2571,14632,199
2022-04-14,Trinity,105,12862,1184,1178,287,1465,20
2022-04-14,Tulare,107,460477,106464,105757,27578,133335,1428
2022-04-14,Tuolumne,109,53932,12720,12640,563,13203,180
2022-04-14,Ventura,111,848112,173849,173665,9441,183106,1474
2022-04-14,Yolo,113,214977,37392,36752,2933,39685,311
2022-04-14,Yuba,115,75493,15861,15857,1200,17057,121
2022-04-13,Alameda,001,1643700,259338,257440,13945,271385,1833
2022-04-13,Alpine,002,1148,124,124,1,125,0
2022-04-13,Amador,005,37829,8538,8490,646,9136,86
2022-04-13,Butte,007,227075,33277,33044,7071,40115,402
2022-04-13,Calaveras,009,45235,7286,7270,350,7620,119
2022-04-13,Colusa,011,21464,3458,3451,1047,4498,21
2022-04-13,Contra Costa,013,1133247,193663,189471,13546,203017,1298
2022-04-13,Del Norte,015,27424,5824,5812,184,5996,50
2022-04-13,El Dorado,017,186661,26817,26794,3198,29992,208
2022-04-13,Fresno,019,978130,235317,231325,24453,255778,2738
2022-04-13,Glenn,021,27897,5003,4989,1606,6595,48
2022-04-13,Humboldt,023,135768,16960,16922,2960,19882,143
2022-04-13,Imperial,025,180216,55428,55353,10540,65893,910
2022-04-13,Inyo,027,18085,4080,4074,486,4560,56
2022-04-13,Kern,029,883053,192071,191859,45813,237672,2249
2022-04-13,Kings,031,150075,51551,51535,3522,55057,443
2022-04-13,Lake,033,64148,10734,10695,887,11582,134
2022-04-13,Lassen,035,31185,8963,8949,875,9824,65
2022-04-13,Los Angeles,037,10098052,2724750,2715722,123564,2839286,31578
2022-04-13,Madera,039,155013,37316,37361,6025,43386,354
2022-04-13,Marin,041,260295,33999,33747,2456,36203,288
2022-04-13,Mariposa,043,17540,2409,2402,203,2605,29
2022-04-13,Mendocino,045,87422,13127,13101,3031,16132,120
2022-04-13,Merced,047,269075,62716,62276,8792,71068,811
2022-04-13,Modoc,049,8938,739,743,251,994,8
2022-04-13,Mono,051,14174,2979,2971,125,3096,6
2022-04-13,Monterey,053,433212,79622,79179,13745,92924,727
2022-04-13,Napa,055,140530,25979,25892,978,26870,143
2022-04-13,Nevada,057,99092,16026,16002,1203,17205,123
2022-04-13,Orange,059,3164182,549125,547783,41919,589702,6935
2022-04-13,Placer,061,380077,63054,62851,7353,70204,615
2022-04-13,Plumas,063,18699,2983,2923,365,3288,13
2022-04-13,Riverside,065,2383286,592703,591659,27876,619535,6437
2022-04-13,Sacramento,067,1510023,281878,277866,26605,304471,2974
2022-04-13,San Benito,069,59416,12994,12927,517,13444,98
2022-04-13,San Bernardino,071,2135413,575710,563709,24984,588693,6905
2022-04-13,San Diego,073,3302833,754332,755584,53148,808732,5223
2022-04-13,San Francisco,075,870044,127413,126608,8358,134966,850
2022-04-13,San Joaquin,077,732212,167123,166654,9956,176610,2219
2022-04-13,San Luis Obispo,079,281455,52707,52660,3767,56427,476
2022-04-13,San Mateo,081,765935,123691,122167,7038,129205,699
2022-04-13,Santa Barbara,083,443738,86283,85938,4725,90663,684
2022-04-13,Santa Clara,085,1922200,318758,314863,12488,327351,2267
2022-04-13,Santa Cruz,087,273765,48476,47765,2117,49882,260
2022-04-13,Shasta,089,179085,30604,30569,6093,36662,551
2022-04-13,Sierra,091,2930,274,276,48,324,4
2022-04-13,Siskiyou,093,43540,4432,4444,2726,7170,80
2022-04-13,Solano,095,438530,82033,81843,5593,87436,448
2022-04-13,Sonoma,097,501317,84335,84033,2693,86726,485
2022-04-13,Stanislaus,099,539301,117808,117573,17874,135447,1577
2022-04-13,Sutter,101,95872,20513,20610,2078,22688,223
2022-04-13,Tehama,103,63373,12058,12062,2570,14632,200
2022-04-13,Trinity,105,12862,1184,1177,287,1464,20
2022-04-13,Tulare,107,460477,106457,105519,27573,133092,1426
2022-04-13,Tuolumne,109,53932,12714,12639,563,13202,180
2022-04-13,Ventura,111,848112,173792,173558,9435,182993,1474
2022-04-13,Yolo,113,214977,37353,36684,2931,39615,311
2022-04-13,Yuba,115,75493,15857,15851,1200,17051,121
2022-04-12,Alameda,001,1643700,259093,257440,13936,271376,1833
2022-04-12,Alpine,002,1148,124,124,1,125,0
2022-04-12,Amador,005,37829,8537,8490,646,9136,86
2022-04-12,Butte,007,227075,33265,33044,7065,40109,402
2022-04-12,Calaveras,009,45235,7282,7270,349,7619,119
2022-04-12,Colusa,011,21464,3458,3451,1047,4498,21
2022-04-12,Contra Costa,013,1133247,193508,189471,13533,203004,1298
2022-04-12,Del Norte,015,27424,5821,5812,184,5996,50
2022-04-12,El Dorado,017,186661,26806,26794,3198,29992,208
2022-04-12,Fresno,019,978130,235287,231325,24446,255771,2738
2022-04-12,Glenn,021,27897,5003,4989,1606,6595,48
2022-04-12,Humboldt,023,135768,16952,16922,2958,19880,143
2022-04-12,Imperial,025,180216,55424,55353,10531,65884,910
2022-04-12,Inyo,027,18085,4080,4074,486,4560,56
2022-04-12,Kern,029,883053,192051,191859,45804,237663,2249
2022-04-12,Kings,031,150075,51543,51535,3520,55055,443
2022-04-12,Lake,033,64148,10730,10695,886,11581,134
2022-04-12,Lassen,035,31185,8963,8949,875,9824,65
2022-04-12,Los Angeles,037,10098052,2723509,2715722,123462,2839184,31578
2022-04-12,Madera,039,155013,37315,37361,6025,43386,354
2022-04-12,Marin,041,260295,33953,33747,2430,36177,288
2022-04-12,Mariposa,043,17540,2409,2402,203,2605,29
2022-04-12,Mendocino,045,87422,13119,13101,3025,16126,120
2022-04-12,Merced,047,269075,62702,62276,8790,71066,811
2022-04-12,Modoc,049,8938,739,743,250,993,8
2022-04-12,Mono,051,14174,2979,2971,125,3096,6
2022-04-12,Monterey,053,433212,79598,79179,13738,92917,727
2022-04-12,Napa,055,140530,25956,25892,968,26860,143
2022-04-12,Nevada,057,99092,16023,16002,1202,17204,123
2022-04-12,Orange,059,3164182,548874,547783,41884,589667,6935
2022-04-12,Placer,061,380077,63031,62851,7347,70198,615
2022-04-12,Plumas,063,18699,2982,2923,365,3288,13
2022-04-12,Riverside,065,2383286,592557,591659,27856,619515,6437
2022-04-12,Sacramento,067,1510023,281763,277866,26602,304468,2974
2022-04-12,San Benito,069,59416,12989,12927,516,13443,98
2022-04-12,San Bernardino,071,2135413,575537,563709,24981,588690,6905
2022-04-12,San Diego,073,3302833,754000,755584,53106,808690,5223
2022-04-12,San Francisco,075,870044,127200,126608,8344,134952,850
2022-04-12,San Joaquin,077,732212,167093,166654,9954,176608,2219
2022-04-12,San Luis Obispo,079,281455,52673,52660,3761,56421,476
2022-04-12,San Mateo,081,765935,123526,122167,7024,129191,699
2022-04-12,Santa Barbara,083,443738,86237,85938,4721,90659,684
2022-04-12,Santa Clara,085,1922200,318465,314863,12478,327341,2267
2022-04-12,Santa Cruz,087,273765,48396,47765,2114,49879,260
2022-04-12,Shasta,089,179085,30604,30569,6092,36661,551
2022-04-12,Sierra,091,2930,274,276,48,324,4
2022-04-12,Siskiyou,093,43540,4432,4444,2724,7168,80
2022-04-12,Solano,095,438530,81993,81843,5591,87434,448
2022-04-12,Sonoma,097,501317,84276,84033,2687,86720,485
2022-04-12,Stanislaus,099,539301,117788,117573,17870,135443,1577
2022-04-12,Sutter,101,95872,20510,20610,2078,22688,223
2022-04-12,Tehama,103,63373,12056,12062,2570,14632,200
2022-04-12,Trinity,105,12862,1184,1177,287,1464,20
2022-04-12,Tulare,107,460477,106442,105519,27568,133087,1426
2022-04-12,Tuolumne,109,53932,12712,12639,561,13200,180
2022-04-12,Ventura,111,848112,173744,173558,9429,182987,1474
2022-04-12,Yolo,113,214977,37313,36684,2925,39609,311
2022-04-12,Yuba,115,75493,15852,15851,1200,17051,121
2022-04-11,Alameda,001,1643700,258802,256649,13921,270570,1826
2022-04-11,Alpine,002,1148,124,124,1,125,0
2022-04-11,Amador,005,37829,8536,8489,646,9135,86
2022-04-11,Butte,007,227075,33252,33031,7061,40092,399
2022-04-11,Calaveras,009,45235,7279,7260,349,7609,119
2022-04-11,Colusa,011,21464,3456,3449,1047,4496,21
2022-04-11,Contra Costa,013,1133247,193340,189154,13516,202670,1296
2022-04-11,Del Norte,015,27424,5820,5811,184,5995,50
2022-04-11,El Dorado,017,186661,26794,26757,3197,29954,207
2022-04-11,Fresno,019,978130,235265,231090,24445,255535,2731
2022-04-11,Glenn,021,27897,5002,4988,1605,6593,47
2022-04-11,Humboldt,023,135768,16937,16913,2956,19869,141
2022-04-11,Imperial,025,180216,55419,55267,10529,65796,910
2022-04-11,Inyo,027,18085,4080,4071,486,4557,56
2022-04-11,Kern,029,883053,192026,191542,45802,237344,2244
2022-04-11,Kings,031,150075,51539,51519,3520,55039,443
2022-04-11,Lake,033,64148,10729,10690,885,11575,134
2022-04-11,Lassen,035,31185,8963,8948,875,9823,65
2022-04-11,Los Angeles,037,10098052,2722255,2709735,123390,2833125,31509
2022-04-11,Madera,039,155013,37308,37356,6025,43381,354
2022-04-11,Marin,041,260295,33895,33648,2413,36061,288
2022-04-11,Mariposa,043,17540,2408,2394,203,2597,29
2022-04-11,Mendocino,045,87422,13115,13087,3023,16110,120
2022-04-11,Merced,047,269075,62692,62231,8788,71019,811
2022-04-11,Modoc,049,8938,739,743,250,993,8
2022-04-11,Mono,051,14174,2978,2967,124,3091,6
2022-04-11,Monterey,053,433212,79578,79103,13729,92832,727
2022-04-11,Napa,055,140530,25939,25824,966,26790,144
2022-04-11,Nevada,057,99092,16019,15976,1202,17178,123
2022-04-11,Orange,059,3164182,548668,546983,41850,588833,6912
2022-04-11,Placer,061,380077,63009,62831,7346,70177,616
2022-04-11,Plumas,063,18699,2980,2887,365,3252,13
2022-04-11,Riverside,065,2383286,592429,591268,27839,619107,6429
2022-04-11,Sacramento,067,1510023,281664,277125,26598,303723,2972
2022-04-11,San Benito,069,59416,12988,12917,516,13433,98
2022-04-11,San Bernardino,071,2135413,575387,562571,24972,587543,6892
2022-04-11,San Diego,073,3302833,753674,754281,53066,807347,5210
2022-04-11,San Francisco,075,870044,126970,125963,8332,134295,844
2022-04-11,San Joaquin,077,732212,167055,166547,9948,176495,2212
2022-04-11,San Luis Obispo,079,281455,52650,52609,3760,56369,476
2022-04-11,San Mateo,081,765935,123336,121514,7014,128528,698
2022-04-11,Santa Barbara,083,443738,86188,85754,4716,90470,680
2022-04-11,Santa Clara,085,1922200,318120,313965,12463,326428,2266
2022-04-11,Santa Cruz,087,273765,48301,47624,2111,49735,259
2022-04-11,Shasta,089,179085,30599,30586,6091,36677,549
2022-04-11,Sierra,091,2930,274,272,48,320,4
2022-04-11,Siskiyou,093,43540,4432,4444,2722,7166,80
2022-04-11,Solano,095,438530,81965,81886,5590,87476,448
2022-04-11,Sonoma,097,501317,84208,83600,2675,86275,485
2022-04-11,Stanislaus,099,539301,117754,117528,17862,135390,1578
2022-04-11,Sutter,101,95872,20507,20591,2078,22669,223
2022-04-11,Tehama,103,63373,12055,12059,2569,14628,201
2022-04-11,Trinity,105,12862,1184,1177,287,1464,20
2022-04-11,Tulare,107,460477,106431,105278,27560,132838,1415
2022-04-11,Tuolumne,109,53932,12709,12632,561,13193,180
2022-04-11,Ventura,111,848112,173685,173343,9428,182771,1467
2022-04-11,Yolo,113,214977,37276,36587,2923,39510,312
2022-04-11,Yuba,115,75493,15849,15848,1199,17047,121
2022-04-10,Alameda,001,1643700,258467,256649,13910,270559,1826
2022-04-10,Alpine,002,1148,124,124,1,125,0
2022-04-10,Amador,005,37829,8534,8489,646,9135,86
2022-04-10,Butte,007,227075,33248,33031,7057,40088,399
2022-04-10,Calaveras,009,45235,7276,7260,349,7609,119
2022-04-10,Colusa,011,21464,3455,3449,1047,4496,21
2022-04-10,Contra Costa,013,1133247,193180,189154,13496,202650,1296
2022-04-10,Del Norte,015,27424,5817,5811,184,5995,50
2022-04-10,El Dorado,017,186661,26786,26757,3195,29952,207
2022-04-10,Fresno,019,978130,235227,231090,24443,255533,2731
2022-04-10,Glenn,021,27897,5002,4988,1605,6593,47
2022-04-10,Humboldt,023,135768,16927,16913,2954,19867,141
2022-04-10,Imperial,025,180216,55415,55267,10527,65794,910
2022-04-10,Inyo,027,18085,4080,4071,484,4555,56
2022-04-10,Kern,029,883053,192008,191542,45797,237339,2244
2022-04-10,Kings,031,150075,51537,51519,3520,55039,443
2022-04-10,Lake,033,64148,10725,10690,883,11573,134
2022-04-10,Lassen,035,31185,8962,8948,875,9823,65
2022-04-10,Los Angeles,037,10098052,2720932,2709735,123302,2833037,31509
2022-04-10,Madera,039,155013,37303,37356,6024,43380,354
2022-04-10,Marin,041,260295,33855,33648,2384,36032,288
2022-04-10,Mariposa,043,17540,2406,2394,203,2597,29
2022-04-10,Mendocino,045,87422,13107,13087,3022,16109,120
2022-04-10,Merced,047,269075,62681,62231,8786,71017,811
2022-04-10,Modoc,049,8938,739,743,250,993,8
2022-04-10,Mono,051,14174,2975,2967,124,3091,6
2022-04-10,Monterey,053,433212,79562,79103,13719,92822,727
2022-04-10,Napa,055,140530,25917,25824,964,26788,144
2022-04-10,Nevada,057,99092,16002,15976,1202,17178,123
2022-04-10,Orange,059,3164182,548418,546983,41810,588793,6912
2022-04-10,Placer,061,380077,62975,62831,7345,70176,616
2022-04-10,Plumas,063,18699,2977,2887,365,3252,13
2022-04-10,Riverside,065,2383286,592279,591268,27826,619094,6429
2022-04-10,Sacramento,067,1510023,281565,277125,26588,303713,2972
2022-04-10,San Benito,069,59416,12985,12917,516,13433,98
2022-04-10,San Bernardino,071,2135413,575154,562571,24963,587534,6892
2022-04-10,San Diego,073,3302833,753346,754281,53018,807299,5210
2022-04-10,San Francisco,075,870044,126729,125963,8317,134280,844
2022-04-10,San Joaquin,077,732212,167009,166547,9940,176487,2212
2022-04-10,San Luis Obispo,079,281455,52615,52609,3758,56367,476
2022-04-10,San Mateo,081,765935,123167,121514,7001,128515,698
2022-04-10,Santa Barbara,083,443738,86104,85754,4706,90460,680
2022-04-10,Santa Clara,085,1922200,317790,313965,12449,326414,2266
2022-04-10,Santa Cruz,087,273765,48211,47624,2110,49734,259
2022-04-10,Shasta,089,179085,30592,30586,6091,36677,549
2022-04-10,Sierra,091,2930,274,272,48,320,4
2022-04-10,Siskiyou,093,43540,4432,4444,2721,7165,80
2022-04-10,Solano,095,438530,81918,81886,5585,87471,448
2022-04-10,Sonoma,097,501317,84107,83600,2668,86268,485
2022-04-10,Stanislaus,099,539301,117731,117528,17855,135383,1578
2022-04-10,Sutter,101,95872,20503,20591,2074,22665,223
2022-04-10,Tehama,103,63373,12053,12059,2569,14628,201
2022-04-10,Trinity,105,12862,1184,1177,287,1464,20
2022-04-10,Tulare,107,460477,106414,105278,27553,132831,1415
2022-04-10,Tuolumne,109,53932,12702,12632,561,13193,180
2022-04-10,Ventura,111,848112,173606,173343,9423,182766,1467
2022-04-10,Yolo,113,214977,37246,36587,2918,39505,312
2022-04-10,Yuba,115,75493,15848,15848,1199,17047,121
2022-04-09,Alameda,001,1643700,258294,256649,13905,270554,1826
2022-04-09,Alpine,002,1148,124,124,1,125,0
2022-04-09,Amador,005,37829,8534,8489,645,9134,86
2022-04-09,Butte,007,227075,33245,33031,7057,40088,399
2022-04-09,Calaveras,009,45235,7275,7260,349,7609,119
2022-04-09,Colusa,011,21464,3454,3449,1047,4496,21
2022-04-09,Contra Costa,013,1133247,193083,189154,13489,202643,1296
2022-04-09,Del Norte,015,27424,5816,5811,184,5995,50
2022-04-09,El Dorado,017,186661,26778,26757,3195,29952,207
2022-04-09,Fresno,019,978130,235206,231090,24443,255533,2731
2022-04-09,Glenn,021,27897,5002,4988,1605,6593,47
2022-04-09,Humboldt,023,135768,16920,16913,2954,19867,141
2022-04-09,Imperial,025,180216,55410,55267,10527,65794,910
2022-04-09,Inyo,027,18085,4080,4071,484,4555,56
2022-04-09,Kern,029,883053,191999,191542,45792,237334,2244
2022-04-09,Kings,031,150075,51531,51519,3520,55039,443
2022-04-09,Lake,033,64148,10723,10690,883,11573,134
2022-04-09,Lassen,035,31185,8962,8948,875,9823,65
2022-04-09,Los Angeles,037,10098052,2720247,2709735,123230,2832965,31509
2022-04-09,Madera,039,155013,37300,37356,6024,43380,354
2022-04-09,Marin,041,260295,33817,33648,2348,35996,288
2022-04-09,Mariposa,043,17540,2406,2394,203,2597,29
2022-04-09,Mendocino,045,87422,13105,13087,3022,16109,120
2022-04-09,Merced,047,269075,62669,62231,8784,71015,811
2022-04-09,Modoc,049,8938,739,743,250,993,8
2022-04-09,Mono,051,14174,2974,2967,123,3090,6
2022-04-09,Monterey,053,433212,79553,79103,13715,92818,727
2022-04-09,Napa,055,140530,25892,25824,964,26788,144
2022-04-09,Nevada,057,99092,15999,15976,1202,17178,123
2022-04-09,Orange,059,3164182,548297,546983,41788,588771,6912
2022-04-09,Placer,061,380077,62960,62831,7343,70174,616
2022-04-09,Plumas,063,18699,2977,2887,365,3252,13
2022-04-09,Riverside,065,2383286,592189,591268,27816,619084,6429
2022-04-09,Sacramento,067,1510023,281518,277125,26586,303711,2972
2022-04-09,San Benito,069,59416,12984,12917,515,13432,98
2022-04-09,San Bernardino,071,2135413,575087,562571,24960,587531,6892
2022-04-09,San Diego,073,3302833,753198,754281,53004,807285,5210
2022-04-09,San Francisco,075,870044,126604,125963,8309,134272,844
2022-04-09,San Joaquin,077,732212,166993,166547,9937,176484,2212
2022-04-09,San Luis Obispo,079,281455,52615,52609,3755,56364,476
2022-04-09,San Mateo,081,765935,123073,121514,6998,128512,698
2022-04-09,Santa Barbara,083,443738,86071,85754,4706,90460,680
2022-04-09,Santa Clara,085,1922200,317594,313965,12446,326411,2266
2022-04-09,Santa Cruz,087,273765,48178,47624,2108,49732,259
2022-04-09,Shasta,089,179085,30590,30586,6091,36677,549
2022-04-09,Sierra,091,2930,274,272,48,320,4
2022-04-09,Siskiyou,093,43540,4431,4444,2720,7164,80
2022-04-09,Solano,095,438530,81900,81886,5583,87469,448
2022-04-09,Sonoma,097,501317,84068,83600,2664,86264,485
2022-04-09,Stanislaus,099,539301,117718,117528,17853,135381,1578
2022-04-09,Sutter,101,95872,20503,20591,2074,22665,223
2022-04-09,Tehama,103,63373,12053,12059,2569,14628,201
2022-04-09,Trinity,105,12862,1184,1177,287,1464,20
2022-04-09,Tulare,107,460477,106411,105278,27551,132829,1415
2022-04-09,Tuolumne,109,53932,12700,12632,561,13193,180
2022-04-09,Ventura,111,848112,173569,173343,9420,182763,1467
2022-04-09,Yolo,113,214977,37227,36587,2918,39505,312
2022-04-09,Yuba,115,75493,15847,15848,1199,17047,121
2022-04-08,Alameda,001,1643700,258133,256649,13899,270548,1826
2022-04-08,Alpine,002,1148,124,124,1,125,0
2022-04-08,Amador,005,37829,8532,8489,644,9133,86
2022-04-08,Butte,007,227075,33239,33031,7054,40085,399
2022-04-08,Calaveras,009,45235,7273,7260,349,7609,119
2022-04-08,Colusa,011,21464,3454,3449,1047,4496,21
2022-04-08,Contra Costa,013,1133247,193005,189154,13476,202630,1296
2022-04-08,Del Norte,015,27424,5814,5811,184,5995,50
2022-04-08,El Dorado,017,186661,26776,26757,3195,29952,207
2022-04-08,Fresno,019,978130,235186,231090,24441,255531,2731
2022-04-08,Glenn,021,27897,5002,4988,1605,6593,47
2022-04-08,Humboldt,023,135768,16916,16913,2952,19865,141
2022-04-08,Imperial,025,180216,55406,55267,10527,65794,910
2022-04-08,Inyo,027,18085,4078,4071,483,4554,56
2022-04-08,Kern,029,883053,191980,191542,45791,237333,2244
2022-04-08,Kings,031,150075,51526,51519,3520,55039,443
2022-04-08,Lake,033,64148,10723,10690,883,11573,134
2022-04-08,Lassen,035,31185,8962,8948,875,9823,65
2022-04-08,Los Angeles,037,10098052,2719621,2709735,123172,2832907,31509
2022-04-08,Madera,039,155013,37298,37356,6023,43379,354
2022-04-08,Marin,041,260295,33795,33648,2334,35982,288
2022-04-08,Mariposa,043,17540,2406,2394,202,2596,29
2022-04-08,Mendocino,045,87422,13103,13087,3022,16109,120
2022-04-08,Merced,047,269075,62664,62231,8781,71012,811
2022-04-08,Modoc,049,8938,739,743,250,993,8
2022-04-08,Mono,051,14174,2972,2967,123,3090,6
2022-04-08,Monterey,053,433212,79543,79103,13714,92817,727
2022-04-08,Napa,055,140530,25880,25824,956,26780,144
2022-04-08,Nevada,057,99092,15996,15976,1202,17178,123
2022-04-08,Orange,059,3164182,548176,546983,41774,588757,6912
2022-04-08,Placer,061,380077,62942,62831,7341,70172,616
2022-04-08,Plumas,063,18699,2974,2887,365,3252,13
2022-04-08,Riverside,065,2383286,592113,591268,27813,619081,6429
2022-04-08,Sacramento,067,1510023,281471,277125,26585,303710,2972
2022-04-08,San Benito,069,59416,12984,12917,515,13432,98
2022-04-08,San Bernardino,071,2135413,575034,562571,24957,587528,6892
2022-04-08,San Diego,073,3302833,753030,754281,52993,807274,5210
2022-04-08,San Francisco,075,870044,126507,125963,8304,134267,844
2022-04-08,San Joaquin,077,732212,166975,166547,9935,176482,2212
2022-04-08,San Luis Obispo,079,281455,52610,52609,3755,56364,476
2022-04-08,San Mateo,081,765935,122966,121514,6994,128508,698
2022-04-08,Santa Barbara,083,443738,86050,85754,4706,90460,680
2022-04-08,Santa Clara,085,1922200,317408,313965,12439,326404,2266
2022-04-08,Santa Cruz,087,273765,48161,47624,2105,49729,259
2022-04-08,Shasta,089,179085,30587,30586,6091,36677,549
2022-04-08,Sierra,091,2930,274,272,48,320,4
2022-04-08,Siskiyou,093,43540,4431,4444,2720,7164,80
2022-04-08,Solano,095,438530,81880,81886,5582,87468,448
2022-04-08,Sonoma,097,501317,84017,83600,2660,86260,485
2022-04-08,Stanislaus,099,539301,117703,117528,17851,135379,1578
2022-04-08,Sutter,101,95872,20503,20591,2074,22665,223
2022-04-08,Tehama,103,63373,12053,12059,2569,14628,201
2022-04-08,Trinity,105,12862,1184,1177,287,1464,20
2022-04-08,Tulare,107,460477,106406,105278,27547,132825,1415
2022-04-08,Tuolumne,109,53932,12699,12632,560,13192,180
2022-04-08,Ventura,111,848112,173540,173343,9418,182761,1467
2022-04-08,Yolo,113,214977,37218,36587,2917,39504,312
2022-04-08,Yuba,115,75493,15846,15848,1199,17047,121
2022-04-07,Alameda,001,1643700,257937,256649,13891,270540,1826
2022-04-07,Alpine,002,1148,124,124,1,125,0
2022-04-07,Amador,005,37829,8531,8489,641,9130,86
2022-04-07,Butte,007,227075,33235,33031,7052,40083,399
2022-04-07,Calaveras,009,45235,7271,7260,349,7609,119
2022-04-07,Colusa,011,21464,3453,3449,1047,4496,21
2022-04-07,Contra Costa,013,1133247,192886,189154,13464,202618,1296
2022-04-07,Del Norte,015,27424,5813,5811,184,5995,50
2022-04-07,El Dorado,017,186661,26764,26757,3193,29950,207
2022-04-07,Fresno,019,978130,235159,231090,24440,255530,2731
2022-04-07,Glenn,021,27897,5001,4988,1604,6592,47
2022-04-07,Humboldt,023,135768,16909,16913,2950,19863,141
2022-04-07,Imperial,025,180216,55404,55267,10525,65792,910
2022-04-07,Inyo,027,18085,4078,4071,483,4554,56
2022-04-07,Kern,029,883053,191956,191542,45788,237330,2244
2022-04-07,Kings,031,150075,51518,51519,3520,55039,443
2022-04-07,Lake,033,64148,10719,10690,883,11573,134
2022-04-07,Lassen,035,31185,8962,8948,875,9823,65
2022-04-07,Los Angeles,037,10098052,2718713,2709735,123097,2832832,31509
2022-04-07,Madera,039,155013,37294,37356,6023,43379,354
2022-04-07,Marin,041,260295,33775,33648,2315,35963,288
2022-04-07,Mariposa,043,17540,2403,2394,201,2595,29
2022-04-07,Mendocino,045,87422,13099,13087,3021,16108,120
2022-04-07,Merced,047,269075,62654,62231,8776,71007,811
2022-04-07,Modoc,049,8938,739,743,250,993,8
2022-04-07,Mono,051,14174,2971,2967,123,3090,6
2022-04-07,Monterey,053,433212,79521,79103,13710,92813,727
2022-04-07,Napa,055,140530,25864,25824,952,26776,144
2022-04-07,Nevada,057,99092,15988,15976,1201,17177,123
2022-04-07,Orange,059,3164182,548020,546983,41744,588727,6912
2022-04-07,Placer,061,380077,62925,62831,7338,70169,616
2022-04-07,Plumas,063,18699,2974,2887,365,3252,13
2022-04-07,Riverside,065,2383286,592011,591268,27799,619067,6429
2022-04-07,Sacramento,067,1510023,281406,277125,26578,303703,2972
2022-04-07,San Benito,069,59416,12983,12917,515,13432,98
2022-04-07,San Bernardino,071,2135413,574873,562571,24944,587515,6892
2022-04-07,San Diego,073,3302833,752763,754281,52961,807242,5210
2022-04-07,San Francisco,075,870044,126350,125963,8289,134252,844
2022-04-07,San Joaquin,077,732212,166935,166547,9932,176479,2212
2022-04-07,San Luis Obispo,079,281455,52592,52609,3753,56362,476
2022-04-07,San Mateo,081,765935,122843,121514,6978,128492,698
2022-04-07,Santa Barbara,083,443738,86006,85754,4704,90458,680
2022-04-07,Santa Clara,085,1922200,317185,313965,12427,326392,2266
2022-04-07,Santa Cruz,087,273765,48142,47624,2101,49725,259
2022-04-07,Shasta,089,179085,30585,30586,6091,36677,549
2022-04-07,Sierra,091,2930,274,272,48,320,4
2022-04-07,Siskiyou,093,43540,4431,4444,2719,7163,80
2022-04-07,Solano,095,438530,81850,81886,5582,87468,448
2022-04-07,Sonoma,097,501317,83974,83600,2654,86254,485
2022-04-07,Stanislaus,099,539301,117681,117528,17848,135376,1578
2022-04-07,Sutter,101,95872,20499,20591,2073,22664,223
2022-04-07,Tehama,103,63373,12052,12059,2569,14628,201
2022-04-07,Trinity,105,12862,1184,1177,287,1464,20
2022-04-07,Tulare,107,460477,106399,105278,27546,132824,1415
2022-04-07,Tuolumne,109,53932,12697,12632,559,13191,180
2022-04-07,Ventura,111,848112,173511,173343,9416,182759,1467
2022-04-07,Yolo,113,214977,37200,36587,2917,39504,312
2022-04-07,Yuba,115,75493,15844,15848,1199,17047,121
2022-04-06,Alameda,001,1643700,257751,256143,13883,270026,1814
2022-04-06,Alpine,002,1148,124,124,1,125,0
2022-04-06,Amador,005,37829,8530,8488,641,9129,86
2022-04-06,Butte,007,227075,33230,32997,7050,40047,396
2022-04-06,Calaveras,009,45235,7269,7258,349,7607,120
2022-04-06,Colusa,011,21464,3453,3447,1047,4494,21
2022-04-06,Contra Costa,013,1133247,192820,188850,13448,202298,1296
2022-04-06,Del Norte,015,27424,5813,5809,184,5993,50
2022-04-06,El Dorado,017,186661,26761,26744,3193,29937,205
2022-04-06,Fresno,019,978130,235124,230942,24436,255378,2725
2022-04-06,Glenn,021,27897,5001,4986,1603,6589,47
2022-04-06,Humboldt,023,135768,16905,16904,2949,19853,140
2022-04-06,Imperial,025,180216,55398,55294,10525,65819,908
2022-04-06,Inyo,027,18085,4077,4068,481,4549,56
2022-04-06,Kern,029,883053,191934,191449,45786,237235,2234
2022-04-06,Kings,031,150075,51517,51491,3519,55010,443
2022-04-06,Lake,033,64148,10715,10679,883,11562,136
2022-04-06,Lassen,035,31185,8962,8945,875,9820,65
2022-04-06,Los Angeles,037,10098052,2717668,2707306,123027,2830333,31465
2022-04-06,Madera,039,155013,37290,37349,6023,43372,354
2022-04-06,Marin,041,260295,33753,33566,2307,35873,288
2022-04-06,Mariposa,043,17540,2402,2392,201,2593,29
2022-04-06,Mendocino,045,87422,13095,13074,3020,16094,119
2022-04-06,Merced,047,269075,62646,62195,8772,70967,810
2022-04-06,Modoc,049,8938,739,741,250,991,8
2022-04-06,Mono,051,14174,2970,2967,123,3090,6
2022-04-06,Monterey,053,433212,79508,79019,13702,92721,727
2022-04-06,Napa,055,140530,25845,25790,948,26738,143
2022-04-06,Nevada,057,99092,15986,15974,1201,17175,123
2022-04-06,Orange,059,3164182,547852,546491,41721,588212,6887
2022-04-06,Placer,061,380077,62919,62787,7337,70124,615
2022-04-06,Plumas,063,18699,2974,2850,365,3215,13
2022-04-06,Riverside,065,2383286,591914,590826,27794,618620,6424
2022-04-06,Sacramento,067,1510023,281328,276567,26574,303141,2953
2022-04-06,San Benito,069,59416,12982,12908,515,13423,98
2022-04-06,San Bernardino,071,2135413,574741,561648,24942,586590,6883
2022-04-06,San Diego,073,3302833,752470,753402,52922,806324,5192
2022-04-06,San Francisco,075,870044,126191,125536,8283,133819,843
2022-04-06,San Joaquin,077,732212,166902,166415,9929,176344,2207
2022-04-06,San Luis Obispo,079,281455,52570,52557,3751,56308,475
2022-04-06,San Mateo,081,765935,122734,121041,6967,128008,693
2022-04-06,Santa Barbara,083,443738,85966,85630,4700,90330,679
2022-04-06,Santa Clara,085,1922200,316987,313278,12407,325685,2265
2022-04-06,Santa Cruz,087,273765,48088,47446,2096,49542,259
2022-04-06,Shasta,089,179085,30584,30565,6091,36656,529
2022-04-06,Sierra,091,2930,274,272,47,319,4
2022-04-06,Siskiyou,093,43540,4431,4442,2719,7161,80
2022-04-06,Solano,095,438530,81815,81789,5577,87366,447
2022-04-06,Sonoma,097,501317,83910,83361,2649,86010,485
2022-04-06,Stanislaus,099,539301,117665,117534,17842,135376,1578
2022-04-06,Sutter,101,95872,20494,20581,2073,22654,222
2022-04-06,Tehama,103,63373,12050,12049,2569,14618,198
2022-04-06,Trinity,105,12862,1184,1173,287,1460,20
2022-04-06,Tulare,107,460477,106392,104826,27541,132367,1414
2022-04-06,Tuolumne,109,53932,12695,12621,559,13180,180
2022-04-06,Ventura,111,848112,173458,173179,9410,182589,1460
2022-04-06,Yolo,113,214977,37175,36393,2916,39309,314
2022-04-06,Yuba,115,75493,15839,15839,1199,17038,121
2022-04-05,Alameda,001,1643700,257539,256143,13873,270016,1814
2022-04-05,Alpine,002,1148,124,124,1,125,0
2022-04-05,Amador,005,37829,8528,8488,641,9129,86
2022-04-05,Butte,007,227075,33225,32997,7047,40044,396
2022-04-05,Calaveras,009,45235,7265,7258,349,7607,120
2022-04-05,Colusa,011,21464,3451,3447,1046,4493,21
2022-04-05,Contra Costa,013,1133247,192727,188850,13441,202291,1296
2022-04-05,Del Norte,015,27424,5811,5809,184,5993,50
2022-04-05,El Dorado,017,186661,26750,26744,3193,29937,205
2022-04-05,Fresno,019,978130,235088,230942,24428,255370,2725
2022-04-05,Glenn,021,27897,5001,4986,1602,6588,47
2022-04-05,Humboldt,023,135768,16899,16904,2949,19853,140
2022-04-05,Imperial,025,180216,55396,55294,10525,65819,908
2022-04-05,Inyo,027,18085,4076,4068,480,4548,56
2022-04-05,Kern,029,883053,191914,191449,45783,237232,2234
2022-04-05,Kings,031,150075,51514,51491,3519,55010,443
2022-04-05,Lake,033,64148,10712,10679,883,11562,136
2022-04-05,Lassen,035,31185,8962,8945,874,9819,65
2022-04-05,Los Angeles,037,10098052,2716614,2707306,122953,2830259,31465
2022-04-05,Madera,039,155013,37283,37349,6021,43370,354
2022-04-05,Marin,041,260295,33698,33566,2292,35858,288
2022-04-05,Mariposa,043,17540,2402,2392,201,2593,29
2022-04-05,Mendocino,045,87422,13089,13074,3019,16093,119
2022-04-05,Merced,047,269075,62634,62195,8767,70962,810
2022-04-05,Modoc,049,8938,739,741,250,991,8
2022-04-05,Mono,051,14174,2969,2967,123,3090,6
2022-04-05,Monterey,053,433212,79485,79019,13691,92710,727
2022-04-05,Napa,055,140530,25836,25790,943,26733,143
2022-04-05,Nevada,057,99092,15978,15974,1201,17175,123
2022-04-05,Orange,059,3164182,547670,546491,41692,588183,6887
2022-04-05,Placer,061,380077,62893,62787,7337,70124,615
2022-04-05,Plumas,063,18699,2974,2850,365,3215,13
2022-04-05,Riverside,065,2383286,591793,590826,27782,618608,6424
2022-04-05,Sacramento,067,1510023,281248,276567,26569,303136,2953
2022-04-05,San Benito,069,59416,12975,12908,515,13423,98
2022-04-05,San Bernardino,071,2135413,574610,561648,24932,586580,6883
2022-04-05,San Diego,073,3302833,752162,753402,52878,806280,5192
2022-04-05,San Francisco,075,870044,125988,125536,8275,133811,843
2022-04-05,San Joaquin,077,732212,166860,166415,9927,176342,2207
2022-04-05,San Luis Obispo,079,281455,52553,52557,3746,56303,475
2022-04-05,San Mateo,081,765935,122616,121041,6957,127998,693
2022-04-05,Santa Barbara,083,443738,85930,85630,4699,90329,679
2022-04-05,Santa Clara,085,1922200,316727,313278,12394,325672,2265
2022-04-05,Santa Cruz,087,273765,48021,47446,2093,49539,259
2022-04-05,Shasta,089,179085,30584,30565,6089,36654,529
2022-04-05,Sierra,091,2930,274,272,47,319,4
2022-04-05,Siskiyou,093,43540,4431,4442,2719,7161,80
2022-04-05,Solano,095,438530,81762,81789,5574,87363,447
2022-04-05,Sonoma,097,501317,83846,83361,2640,86001,485
2022-04-05,Stanislaus,099,539301,117651,117534,17833,135367,1578
2022-04-05,Sutter,101,95872,20490,20581,2072,22653,222
2022-04-05,Tehama,103,63373,12048,12049,2568,14617,198
2022-04-05,Trinity,105,12862,1184,1173,287,1460,20
2022-04-05,Tulare,107,460477,106382,104826,27538,132364,1414
2022-04-05,Tuolumne,109,53932,12694,12621,559,13180,180
2022-04-05,Ventura,111,848112,173402,173179,9403,182582,1460
2022-04-05,Yolo,113,214977,37160,36393,2913,39306,314
2022-04-05,Yuba,115,75493,15837,15839,1199,17038,121
2022-04-04,Alameda,001,1643700,257308,256143,13858,270001,1814
2022-04-04,Alpine,002,1148,124,124,1,125,0
2022-04-04,Amador,005,37829,8527,8488,640,9128,86
2022-04-04,Butte,007,227075,33219,32997,7044,40041,396
2022-04-04,Calaveras,009,45235,7265,7258,349,7607,120
2022-04-04,Colusa,011,21464,3450,3447,1046,4493,21
2022-04-04,Contra Costa,013,1133247,192627,188850,13433,202283,1296
2022-04-04,Del Norte,015,27424,5811,5809,184,5993,50
2022-04-04,El Dorado,017,186661,26746,26744,3193,29937,205
2022-04-04,Fresno,019,978130,235070,230942,24423,255365,2725
2022-04-04,Glenn,021,27897,5000,4986,1602,6588,47
2022-04-04,Humboldt,023,135768,16891,16904,2944,19848,140
2022-04-04,Imperial,025,180216,55391,55294,10525,65819,908
2022-04-04,Inyo,027,18085,4076,4068,478,4546,56
2022-04-04,Kern,029,883053,191891,191449,45778,237227,2234
2022-04-04,Kings,031,150075,51508,51491,3519,55010,443
2022-04-04,Lake,033,64148,10707,10679,883,11562,136
2022-04-04,Lassen,035,31185,8962,8945,874,9819,65
2022-04-04,Los Angeles,037,10098052,2715519,2707306,122909,2830215,31465
2022-04-04,Madera,039,155013,37279,37349,6021,43370,354
2022-04-04,Marin,041,260295,33681,33566,2284,35850,288
2022-04-04,Mariposa,043,17540,2401,2392,201,2593,29
2022-04-04,Mendocino,045,87422,13083,13074,3017,16091,119
2022-04-04,Merced,047,269075,62623,62195,8762,70957,810
2022-04-04,Modoc,049,8938,739,741,250,991,8
2022-04-04,Mono,051,14174,2969,2967,123,3090,6
2022-04-04,Monterey,053,433212,79469,79019,13685,92704,727
2022-04-04,Napa,055,140530,25819,25790,942,26732,143
2022-04-04,Nevada,057,99092,15974,15974,1200,17174,123
2022-04-04,Orange,059,3164182,547504,546491,41666,588157,6887
2022-04-04,Placer,061,380077,62883,62787,7336,70123,615
2022-04-04,Plumas,063,18699,2973,2850,365,3215,13
2022-04-04,Riverside,065,2383286,591701,590826,27770,618596,6424
2022-04-04,Sacramento,067,1510023,281156,276567,26561,303128,2953
2022-04-04,San Benito,069,59416,12972,12908,515,13423,98
2022-04-04,San Bernardino,071,2135413,574473,561648,24925,586573,6883
2022-04-04,San Diego,073,3302833,751843,753402,52841,806243,5192
2022-04-04,San Francisco,075,870044,125788,125536,8266,133802,843
2022-04-04,San Joaquin,077,732212,166834,166415,9924,176339,2207
2022-04-04,San Luis Obispo,079,281455,52530,52557,3744,56301,475
2022-04-04,San Mateo,081,765935,122478,121041,6945,127986,693
2022-04-04,Santa Barbara,083,443738,85885,85630,4698,90328,679
2022-04-04,Santa Clara,085,1922200,316458,313278,12382,325660,2265
2022-04-04,Santa Cruz,087,273765,47974,47446,2093,49539,259
2022-04-04,Shasta,089,179085,30581,30565,6088,36653,529
2022-04-04,Sierra,091,2930,274,272,47,319,4
2022-04-04,Siskiyou,093,43540,4431,4442,2719,7161,80
2022-04-04,Solano,095,438530,81716,81789,5571,87360,447
2022-04-04,Sonoma,097,501317,83792,83361,2633,85994,485
2022-04-04,Stanislaus,099,539301,117630,117534,17826,135360,1578
2022-04-04,Sutter,101,95872,20487,20581,2072,22653,222
2022-04-04,Tehama,103,63373,12046,12049,2568,14617,198
2022-04-04,Trinity,105,12862,1184,1173,287,1460,20
2022-04-04,Tulare,107,460477,106373,104826,27535,132361,1414
2022-04-04,Tuolumne,109,53932,12687,12621,559,13180,180
2022-04-04,Ventura,111,848112,173362,173179,9400,182579,1460
2022-04-04,Yolo,113,214977,37146,36393,2911,39304,314
2022-04-04,Yuba,115,75493,15834,15839,1199,17038,121
2022-04-03,Alameda,001,1643700,257054,255650,13855,269505,1813
2022-04-03,Alpine,002,1148,124,124,1,125,0
2022-04-03,Amador,005,37829,8526,8485,640,9125,86
2022-04-03,Butte,007,227075,33212,32981,7042,40023,396
2022-04-03,Calaveras,009,45235,7265,7254,349,7603,119
2022-04-03,Colusa,011,21464,3450,3445,1046,4491,21
2022-04-03,Contra Costa,013,1133247,192521,188658,13423,202081,1291
2022-04-03,Del Norte,015,27424,5811,5812,184,5996,50
2022-04-03,El Dorado,017,186661,26731,26732,3190,29922,200
2022-04-03,Fresno,019,978130,235038,230559,24420,254979,2722
2022-04-03,Glenn,021,27897,5000,4982,1602,6584,47
2022-04-03,Humboldt,023,135768,16885,16898,2944,19842,140
2022-04-03,Imperial,025,180216,55389,55266,10522,65788,908
2022-04-03,Inyo,027,18085,4074,4063,478,4541,56
2022-04-03,Kern,029,883053,191866,191384,45773,237157,2224
2022-04-03,Kings,031,150075,51502,51470,3517,54987,443
2022-04-03,Lake,033,64148,10705,10674,883,11557,136
2022-04-03,Lassen,035,31185,8961,8943,874,9817,65
2022-04-03,Los Angeles,037,10098052,2714329,2703576,122824,2826400,31410
2022-04-03,Madera,039,155013,37277,37333,6020,43353,354
2022-04-03,Marin,041,260295,33646,33493,2276,35769,287
2022-04-03,Mariposa,043,17540,2400,2391,201,2592,29
2022-04-03,Mendocino,045,87422,13077,13058,3016,16074,119
2022-04-03,Merced,047,269075,62608,62149,8756,70905,808
2022-04-03,Modoc,049,8938,738,741,250,991,8
2022-04-03,Mono,051,14174,2969,2967,123,3090,6
2022-04-03,Monterey,053,433212,79452,78964,13660,92624,726
2022-04-03,Napa,055,140530,25800,25757,941,26698,143
2022-04-03,Nevada,057,99092,15968,15962,1199,17161,123
2022-04-03,Orange,059,3164182,547305,546047,41641,587688,6880
2022-04-03,Placer,061,380077,62857,62740,7331,70071,614
2022-04-03,Plumas,063,18699,2972,2803,365,3168,14
2022-04-03,Riverside,065,2383286,591544,590563,27755,618318,6418
2022-04-03,Sacramento,067,1510023,281081,276218,26548,302766,2950
2022-04-03,San Benito,069,59416,12968,12901,515,13416,98
2022-04-03,San Bernardino,071,2135413,574328,561362,24922,586284,6865
2022-04-03,San Diego,073,3302833,751513,752281,52804,805085,5178
2022-04-03,San Francisco,075,870044,125557,125075,8260,133335,843
2022-04-03,San Joaquin,077,732212,166777,166336,9919,176255,2202
2022-04-03,San Luis Obispo,079,281455,52511,52512,3744,56256,475
2022-04-03,San Mateo,081,765935,122338,120717,6938,127655,693
2022-04-03,Santa Barbara,083,443738,85840,85611,4696,90307,678
2022-04-03,Santa Clara,085,1922200,316158,312517,12373,324890,2258
2022-04-03,Santa Cruz,087,273765,47919,47371,2091,49462,259
2022-04-03,Shasta,089,179085,30571,30556,6087,36643,530
2022-04-03,Sierra,091,2930,274,273,47,320,4
2022-04-03,Siskiyou,093,43540,4431,4439,2719,7158,80
2022-04-03,Solano,095,438530,81674,81848,5565,87413,446
2022-04-03,Sonoma,097,501317,83713,83235,2625,85860,485
2022-04-03,Stanislaus,099,539301,117599,117536,17820,135356,1581
2022-04-03,Sutter,101,95872,20484,20570,2072,22642,222
2022-04-03,Tehama,103,63373,12044,12046,2568,14614,198
2022-04-03,Trinity,105,12862,1184,1173,287,1460,20
2022-04-03,Tulare,107,460477,106366,104736,27527,132263,1410
2022-04-03,Tuolumne,109,53932,12686,12618,559,13177,180
2022-04-03,Ventura,111,848112,173309,173044,9396,182440,1460
2022-04-03,Yolo,113,214977,37125,36347,2909,39256,313
2022-04-03,Yuba,115,75493,15832,15835,1199,17034,120
2022-04-02,Alameda,001,1643700,256951,255650,13855,269505,1813
2022-04-02,Alpine,002,1148,124,124,1,125,0
2022-04-02,Amador,005,37829,8526,8485,640,9125,86
2022-04-02,Butte,007,227075,33208,32981,7041,40022,396
2022-04-02,Calaveras,009,45235,7265,7254,349,7603,119
2022-04-02,Colusa,011,21464,3450,3445,1046,4491,21
2022-04-02,Contra Costa,013,1133247,192462,188658,13420,202078,1291
2022-04-02,Del Norte,015,27424,5810,5812,184,5996,50
2022-04-02,El Dorado,017,186661,26728,26732,3190,29922,200
2022-04-02,Fresno,019,978130,235009,230559,24420,254979,2722
2022-04-02,Glenn,021,27897,5000,4982,1602,6584,47
2022-04-02,Humboldt,023,135768,16881,16898,2944,19842,140
2022-04-02,Imperial,025,180216,55386,55266,10522,65788,908
2022-04-02,Inyo,027,18085,4074,4063,478,4541,56
2022-04-02,Kern,029,883053,191851,191384,45769,237153,2224
2022-04-02,Kings,031,150075,51499,51470,3517,54987,443
2022-04-02,Lake,033,64148,10704,10674,883,11557,136
2022-04-02,Lassen,035,31185,8961,8943,874,9817,65
2022-04-02,Los Angeles,037,10098052,2713809,2703576,122784,2826360,31410
2022-04-02,Madera,039,155013,37274,37333,6020,43353,354
2022-04-02,Marin,041,260295,33623,33493,2268,35761,287
2022-04-02,Mariposa,043,17540,2399,2391,201,2592,29
2022-04-02,Mendocino,045,87422,13075,13058,3016,16074,119
2022-04-02,Merced,047,269075,62605,62149,8756,70905,808
2022-04-02,Modoc,049,8938,738,741,250,991,8
2022-04-02,Mono,051,14174,2969,2967,122,3089,6
2022-04-02,Monterey,053,433212,79439,78964,13654,92618,726
2022-04-02,Napa,055,140530,25786,25757,940,26697,143
2022-04-02,Nevada,057,99092,15964,15962,1198,17160,123
2022-04-02,Orange,059,3164182,547200,546047,41629,587676,6880
2022-04-02,Placer,061,380077,62846,62740,7329,70069,614
2022-04-02,Plumas,063,18699,2972,2803,365,3168,14
2022-04-02,Riverside,065,2383286,591470,590563,27750,618313,6418
2022-04-02,Sacramento,067,1510023,281041,276218,26547,302765,2950
2022-04-02,San Benito,069,59416,12967,12901,515,13416,98
2022-04-02,San Bernardino,071,2135413,574275,561362,24919,586281,6865
2022-04-02,San Diego,073,3302833,751389,752281,52794,805075,5178
2022-04-02,San Francisco,075,870044,125452,125075,8252,133327,843
2022-04-02,San Joaquin,077,732212,166755,166336,9917,176253,2202
2022-04-02,San Luis Obispo,079,281455,52506,52512,3744,56256,475
2022-04-02,San Mateo,081,765935,122240,120717,6931,127648,693
2022-04-02,Santa Barbara,083,443738,85821,85611,4695,90306,678
2022-04-02,Santa Clara,085,1922200,315994,312517,12369,324886,2258
2022-04-02,Santa Cruz,087,273765,47907,47371,2090,49461,259
2022-04-02,Shasta,089,179085,30570,30556,6087,36643,530
2022-04-02,Sierra,091,2930,274,273,47,320,4
2022-04-02,Siskiyou,093,43540,4431,4439,2718,7157,80
2022-04-02,Solano,095,438530,81659,81848,5564,87412,446
2022-04-02,Sonoma,097,501317,83665,83235,2619,85854,485
2022-04-02,Stanislaus,099,539301,117590,117536,17818,135354,1581
2022-04-02,Sutter,101,95872,20479,20570,2072,22642,222
2022-04-02,Tehama,103,63373,12044,12046,2568,14614,198
2022-04-02,Trinity,105,12862,1184,1173,287,1460,20
2022-04-02,Tulare,107,460477,106362,104736,27527,132263,1410
2022-04-02,Tuolumne,109,53932,12684,12618,559,13177,180
2022-04-02,Ventura,111,848112,173268,173044,9396,182440,1460
2022-04-02,Yolo,113,214977,37113,36347,2906,39253,313
2022-04-02,Yuba,115,75493,15831,15835,1199,17034,120
2022-04-01,Alameda,001,1643700,256836,255650,13850,269500,1813
2022-04-01,Alpine,002,1148,124,124,1,125,0
2022-04-01,Amador,005,37829,8526,8485,640,9125,86
2022-04-01,Butte,007,227075,33204,32981,7038,40019,396
2022-04-01,Calaveras,009,45235,7263,7254,349,7603,119
2022-04-01,Colusa,011,21464,3449,3445,1046,4491,21
2022-04-01,Contra Costa,013,1133247,192409,188658,13419,202077,1291
2022-04-01,Del Norte,015,27424,5808,5812,184,5996,50
2022-04-01,El Dorado,017,186661,26725,26732,3189,29921,200
2022-04-01,Fresno,019,978130,234984,230559,24418,254977,2722
2022-04-01,Glenn,021,27897,5000,4982,1602,6584,47
2022-04-01,Humboldt,023,135768,16879,16898,2944,19842,140
2022-04-01,Imperial,025,180216,55384,55266,10522,65788,908
2022-04-01,Inyo,027,18085,4072,4063,477,4540,56
2022-04-01,Kern,029,883053,191840,191384,45766,237150,2224
2022-04-01,Kings,031,150075,51496,51470,3517,54987,443
2022-04-01,Lake,033,64148,10701,10674,883,11557,136
2022-04-01,Lassen,035,31185,8960,8943,874,9817,65
2022-04-01,Los Angeles,037,10098052,2713315,2703576,122741,2826317,31410
2022-04-01,Madera,039,155013,37273,37333,6020,43353,354
2022-04-01,Marin,041,260295,33605,33493,2261,35754,287
2022-04-01,Mariposa,043,17540,2396,2391,201,2592,29
2022-04-01,Mendocino,045,87422,13072,13058,3015,16073,119
2022-04-01,Merced,047,269075,62598,62149,8755,70904,808
2022-04-01,Modoc,049,8938,738,741,250,991,8
2022-04-01,Mono,051,14174,2969,2967,122,3089,6
2022-04-01,Monterey,053,433212,79421,78964,13651,92615,726
2022-04-01,Napa,055,140530,25776,25757,940,26697,143
2022-04-01,Nevada,057,99092,15964,15962,1197,17159,123
2022-04-01,Orange,059,3164182,547092,546047,41621,587668,6880
2022-04-01,Placer,061,380077,62832,62740,7329,70069,614
2022-04-01,Plumas,063,18699,2972,2803,364,3167,14
2022-04-01,Riverside,065,2383286,591404,590563,27737,618300,6418
2022-04-01,Sacramento,067,1510023,281003,276218,26540,302758,2950
2022-04-01,San Benito,069,59416,12966,12901,515,13416,98
2022-04-01,San Bernardino,071,2135413,574219,561362,24915,586277,6865
2022-04-01,San Diego,073,3302833,751243,752281,52778,805059,5178
2022-04-01,San Francisco,075,870044,125342,125075,8246,133321,843
2022-04-01,San Joaquin,077,732212,166735,166336,9914,176250,2202
2022-04-01,San Luis Obispo,079,281455,52500,52512,3743,56255,475
2022-04-01,San Mateo,081,765935,122176,120717,6927,127644,693
2022-04-01,Santa Barbara,083,443738,85801,85611,4695,90306,678
2022-04-01,Santa Clara,085,1922200,315844,312517,12368,324885,2258
2022-04-01,Santa Cruz,087,273765,47892,47371,2088,49459,259
2022-04-01,Shasta,089,179085,30569,30556,6087,36643,530
2022-04-01,Sierra,091,2930,274,273,47,320,4
2022-04-01,Siskiyou,093,43540,4431,4439,2717,7156,80
2022-04-01,Solano,095,438530,81643,81848,5564,87412,446
2022-04-01,Sonoma,097,501317,83621,83235,2618,85853,485
2022-04-01,Stanislaus,099,539301,117578,117536,17815,135351,1581
2022-04-01,Sutter,101,95872,20479,20570,2072,22642,222
2022-04-01,Tehama,103,63373,12044,12046,2568,14614,198
2022-04-01,Trinity,105,12862,1184,1173,287,1460,20
2022-04-01,Tulare,107,460477,106357,104736,27523,132259,1410
2022-04-01,Tuolumne,109,53932,12683,12618,559,13177,180
2022-04-01,Ventura,111,848112,173237,173044,9392,182436,1460
2022-04-01,Yolo,113,214977,37099,36347,2905,39252,313
2022-04-01,Yuba,115,75493,15830,15835,1199,17034,120
2022-03-31,Alameda,001,1643700,256662,255650,13837,269487,1813
2022-03-31,Alpine,002,1148,124,124,1,125,0
2022-03-31,Amador,005,37829,8526,8485,640,9125,86
2022-03-31,Butte,007,227075,33200,32981,7035,40016,396
2022-03-31,Calaveras,009,45235,7260,7254,349,7603,119
2022-03-31,Colusa,011,21464,3448,3445,1046,4491,21
2022-03-31,Contra Costa,013,1133247,192312,188658,13413,202071,1291
2022-03-31,Del Norte,015,27424,5807,5812,184,5996,50
2022-03-31,El Dorado,017,186661,26717,26732,3189,29921,200
2022-03-31,Fresno,019,978130,234949,230559,24397,254956,2722
2022-03-31,Glenn,021,27897,4999,4982,1602,6584,47
2022-03-31,Humboldt,023,135768,16875,16898,2944,19842,140
2022-03-31,Imperial,025,180216,55381,55266,10521,65787,908
2022-03-31,Inyo,027,18085,4071,4063,474,4537,56
2022-03-31,Kern,029,883053,191825,191384,45757,237141,2224
2022-03-31,Kings,031,150075,51487,51470,3517,54987,443
2022-03-31,Lake,033,64148,10700,10674,882,11556,136
2022-03-31,Lassen,035,31185,8958,8943,874,9817,65
2022-03-31,Los Angeles,037,10098052,2712573,2703576,122684,2826260,31410
2022-03-31,Madera,039,155013,37270,37333,6020,43353,354
2022-03-31,Marin,041,260295,33579,33493,2249,35742,287
2022-03-31,Mariposa,043,17540,2395,2391,200,2591,29
2022-03-31,Mendocino,045,87422,13068,13058,3015,16073,119
2022-03-31,Merced,047,269075,62593,62149,8752,70901,808
2022-03-31,Modoc,049,8938,738,741,250,991,8
2022-03-31,Mono,051,14174,2969,2967,122,3089,6
2022-03-31,Monterey,053,433212,79404,78964,13640,92604,726
2022-03-31,Napa,055,140530,25769,25757,938,26695,143
2022-03-31,Nevada,057,99092,15957,15962,1196,17158,123
2022-03-31,Orange,059,3164182,546944,546047,41607,587654,6880
2022-03-31,Placer,061,380077,62807,62740,7326,70066,614
2022-03-31,Plumas,063,18699,2972,2803,363,3166,14
2022-03-31,Riverside,065,2383286,591294,590563,27734,618297,6418
2022-03-31,Sacramento,067,1510023,280929,276218,26532,302750,2950
2022-03-31,San Benito,069,59416,12965,12901,515,13416,98
2022-03-31,San Bernardino,071,2135413,574122,561362,24904,586266,6865
2022-03-31,San Diego,073,3302833,751007,752281,52750,805031,5178
2022-03-31,San Francisco,075,870044,125185,125075,8234,133309,843
2022-03-31,San Joaquin,077,732212,166701,166336,9899,176235,2202
2022-03-31,San Luis Obispo,079,281455,52486,52512,3742,56254,475
2022-03-31,San Mateo,081,765935,122065,120717,6926,127643,693
2022-03-31,Santa Barbara,083,443738,85771,85611,4695,90306,678
2022-03-31,Santa Clara,085,1922200,315616,312517,12357,324874,2258
2022-03-31,Santa Cruz,087,273765,47873,47371,2086,49457,259
2022-03-31,Shasta,089,179085,30563,30556,6087,36643,530
2022-03-31,Sierra,091,2930,271,273,47,320,4
2022-03-31,Siskiyou,093,43540,4430,4439,2717,7156,80
2022-03-31,Solano,095,438530,81614,81848,5561,87409,446
2022-03-31,Sonoma,097,501317,83578,83235,2612,85847,485
2022-03-31,Stanislaus,099,539301,117561,117536,17810,135346,1581
2022-03-31,Sutter,101,95872,20476,20570,2071,22641,222
2022-03-31,Tehama,103,63373,12043,12046,2567,14613,198
2022-03-31,Trinity,105,12862,1184,1173,287,1460,20
2022-03-31,Tulare,107,460477,106347,104736,27515,132251,1410
2022-03-31,Tuolumne,109,53932,12682,12618,559,13177,180
2022-03-31,Ventura,111,848112,173198,173044,9389,182433,1460
2022-03-31,Yolo,113,214977,37083,36347,2905,39252,313
2022-03-31,Yuba,115,75493,15830,15835,1196,17031,120
2022-03-30,Alameda,001,1643700,256531,255467,13828,269295,1812
2022-03-30,Alpine,002,1148,124,124,1,125,0
2022-03-30,Amador,005,37829,8526,8485,640,9125,86
2022-03-30,Butte,007,227075,33195,32968,7029,39997,396
2022-03-30,Calaveras,009,45235,7258,7253,348,7601,119
2022-03-30,Colusa,011,21464,3448,3445,1046,4491,21
2022-03-30,Contra Costa,013,1133247,192251,188496,13402,201898,1291
2022-03-30,Del Norte,015,27424,5805,5808,184,5992,50
2022-03-30,El Dorado,017,186661,26708,26722,3189,29911,200
2022-03-30,Fresno,019,978130,234938,230448,24391,254839,2720
2022-03-30,Glenn,021,27897,4998,4982,1602,6584,47
2022-03-30,Humboldt,023,135768,16872,16894,2944,19838,140
2022-03-30,Imperial,025,180216,55377,55252,10518,65770,908
2022-03-30,Inyo,027,18085,4070,4062,472,4534,56
2022-03-30,Kern,029,883053,191797,191363,45752,237115,2219
2022-03-30,Kings,031,150075,51481,51446,3516,54962,443
2022-03-30,Lake,033,64148,10699,10674,882,11556,136
2022-03-30,Lassen,035,31185,8958,8943,874,9817,65
2022-03-30,Los Angeles,037,10098052,2711757,2702536,122630,2825166,31384
2022-03-30,Madera,039,155013,37264,37330,6019,43349,354
2022-03-30,Marin,041,260295,33559,33453,2230,35683,287
2022-03-30,Mariposa,043,17540,2395,2390,200,2590,27
2022-03-30,Mendocino,045,87422,13064,13055,3012,16067,118
2022-03-30,Merced,047,269075,62588,62136,8747,70883,808
2022-03-30,Modoc,049,8938,738,739,250,989,8
2022-03-30,Mono,051,14174,2968,2967,122,3089,6
2022-03-30,Monterey,053,433212,79387,78911,13633,92544,726
2022-03-30,Napa,055,140530,25757,25745,937,26682,141
2022-03-30,Nevada,057,99092,15954,15960,1194,17154,123
2022-03-30,Orange,059,3164182,546793,545895,41585,587480,6876
2022-03-30,Placer,061,380077,62792,62705,7322,70027,614
2022-03-30,Plumas,063,18699,2972,2762,361,3123,13
2022-03-30,Riverside,065,2383286,591211,590437,27721,618158,6411
2022-03-30,Sacramento,067,1510023,280861,276081,26525,302606,2949
2022-03-30,San Benito,069,59416,12961,12898,515,13413,98
2022-03-30,San Bernardino,071,2135413,574038,561153,24900,586053,6863
2022-03-30,San Diego,073,3302833,750776,751684,52723,804407,5169
2022-03-30,San Francisco,075,870044,125079,124930,8225,133155,841
2022-03-30,San Joaquin,077,732212,166672,166299,9893,176192,2201
2022-03-30,San Luis Obispo,079,281455,52472,52484,3738,56222,475
2022-03-30,San Mateo,081,765935,121964,120548,6926,127474,693
2022-03-30,Santa Barbara,083,443738,85749,85488,4692,90180,677
2022-03-30,Santa Clara,085,1922200,315434,312253,12337,324590,2258
2022-03-30,Santa Cruz,087,273765,47817,47340,2085,49425,259
2022-03-30,Shasta,089,179085,30560,30555,6087,36642,530
2022-03-30,Sierra,091,2930,271,273,47,320,4
2022-03-30,Siskiyou,093,43540,4430,4439,2717,7156,80
2022-03-30,Solano,095,438530,81595,81816,5557,87373,443
2022-03-30,Sonoma,097,501317,83541,83163,2611,85774,485
2022-03-30,Stanislaus,099,539301,117548,117593,17807,135400,1559
2022-03-30,Sutter,101,95872,20471,20565,2071,22636,222
2022-03-30,Tehama,103,63373,12042,12045,2566,14611,198
2022-03-30,Trinity,105,12862,1183,1173,287,1460,20
2022-03-30,Tulare,107,460477,106341,104667,27508,132175,1410
2022-03-30,Tuolumne,109,53932,12680,12616,559,13175,180
2022-03-30,Ventura,111,848112,173158,172984,9381,182365,1460
2022-03-30,Yolo,113,214977,37073,36325,2902,39227,313
2022-03-30,Yuba,115,75493,15828,15830,1196,17026,120
2022-03-29,Alameda,001,1643700,256406,255261,13818,269079,1810
2022-03-29,Alpine,002,1148,124,124,1,125,0
2022-03-29,Amador,005,37829,8526,8483,640,9123,86
2022-03-29,Butte,007,227075,33192,32954,7029,39983,396
2022-03-29,Calaveras,009,45235,7257,7250,347,7597,119
2022-03-29,Colusa,011,21464,3448,3445,1046,4491,21
2022-03-29,Contra Costa,013,1133247,192163,188359,13394,201753,1290
2022-03-29,Del Norte,015,27424,5805,5806,183,5989,50
2022-03-29,El Dorado,017,186661,26703,26706,3189,29895,200
2022-03-29,Fresno,019,978130,234910,230256,24387,254643,2718
2022-03-29,Glenn,021,27897,4998,4983,1602,6585,47
2022-03-29,Humboldt,023,135768,16869,16892,2941,19833,140
2022-03-29,Imperial,025,180216,55363,55233,10517,65750,908
2022-03-29,Inyo,027,18085,4068,4062,471,4533,56
2022-03-29,Kern,029,883053,191765,191338,45745,237083,2220
2022-03-29,Kings,031,150075,51474,51416,3515,54931,443
2022-03-29,Lake,033,64148,10695,10674,882,11556,136
2022-03-29,Lassen,035,31185,8957,8943,874,9817,65
2022-03-29,Los Angeles,037,10098052,2710927,2702005,122584,2824589,31378
2022-03-29,Madera,039,155013,37256,37325,6016,43341,354
2022-03-29,Marin,041,260295,33539,33431,2225,35656,287
2022-03-29,Mariposa,043,17540,2395,2388,200,2588,23
2022-03-29,Mendocino,045,87422,13060,13053,3011,16064,119
2022-03-29,Merced,047,269075,62575,62123,8746,70869,806
2022-03-29,Modoc,049,8938,736,737,250,987,8
2022-03-29,Mono,051,14174,2968,2966,122,3088,5
2022-03-29,Monterey,053,433212,79374,78774,13625,92399,725
2022-03-29,Napa,055,140530,25750,25732,937,26669,141
2022-03-29,Nevada,057,99092,15946,15956,1194,17150,123
2022-03-29,Orange,059,3164182,546645,545832,41569,587401,6871
2022-03-29,Placer,061,380077,62774,62687,7317,70004,614
2022-03-29,Plumas,063,18699,2970,2761,361,3122,13
2022-03-29,Riverside,065,2383286,591109,590359,27713,618072,6403
2022-03-29,Sacramento,067,1510023,280795,276040,26513,302553,2946
2022-03-29,San Benito,069,59416,12959,12892,515,13407,97
2022-03-29,San Bernardino,071,2135413,573942,561026,24892,585918,6860
2022-03-29,San Diego,073,3302833,750534,751240,52700,803940,5159
2022-03-29,San Francisco,075,870044,124928,124789,8219,133008,840
2022-03-29,San Joaquin,077,732212,166636,166241,9885,176126,2198
2022-03-29,San Luis Obispo,079,281455,52456,52455,3734,56189,472
2022-03-29,San Mateo,081,765935,121869,120435,6924,127359,686
2022-03-29,Santa Barbara,083,443738,85725,85464,4692,90156,676
2022-03-29,Santa Clara,085,1922200,315195,312067,12320,324387,2259
2022-03-29,Santa Cruz,087,273765,47797,47323,2084,49407,259
2022-03-29,Shasta,089,179085,30553,30552,6085,36637,529
2022-03-29,Sierra,091,2930,271,273,47,320,4
2022-03-29,Siskiyou,093,43540,4430,4439,2716,7155,80
2022-03-29,Solano,095,438530,81571,81713,5554,87267,441
2022-03-29,Sonoma,097,501317,83508,83130,2605,85735,485
2022-03-29,Stanislaus,099,539301,117529,117683,17801,135484,1559
2022-03-29,Sutter,101,95872,20469,20556,2070,22626,221
2022-03-29,Tehama,103,63373,12040,12045,2566,14611,198
2022-03-29,Trinity,105,12862,1183,1173,287,1460,20
2022-03-29,Tulare,107,460477,106337,104622,27503,132125,1406
2022-03-29,Tuolumne,109,53932,12677,12615,559,13174,180
2022-03-29,Ventura,111,848112,173102,172946,9380,182326,1460
2022-03-29,Yolo,113,214977,37060,36296,2901,39197,313
2022-03-29,Yuba,115,75493,15824,15824,1195,17019,117
2022-03-28,Alameda,001,1643700,256253,255192,13809,269001,1808
2022-03-28,Alpine,002,1148,124,124,1,125,0
2022-03-28,Amador,005,37829,8525,8480,640,9120,86
2022-03-28,Butte,007,227075,33175,32947,7029,39976,392
2022-03-28,Calaveras,009,45235,7257,7247,347,7594,119
2022-03-28,Colusa,011,21464,3448,3445,1046,4491,21
2022-03-28,Contra Costa,013,1133247,192083,188305,13389,201694,1290
2022-03-28,Del Norte,015,27424,5803,5834,183,6017,50
2022-03-28,El Dorado,017,186661,26696,26703,3187,29890,200
2022-03-28,Fresno,019,978130,234882,230144,24370,254514,2717
2022-03-28,Glenn,021,27897,4997,4983,1602,6585,47
2022-03-28,Humboldt,023,135768,16868,16916,2941,19857,140
2022-03-28,Imperial,025,180216,55352,55245,10517,65762,909
2022-03-28,Inyo,027,18085,4067,4062,471,4533,56
2022-03-28,Kern,029,883053,191739,191333,45736,237069,2212
2022-03-28,Kings,031,150075,51461,51405,3515,54920,443
2022-03-28,Lake,033,64148,10693,10673,882,11555,136
2022-03-28,Lassen,035,31185,8957,8946,874,9820,63
2022-03-28,Los Angeles,037,10098052,2710058,2700997,122545,2823542,31349
2022-03-28,Madera,039,155013,37252,37324,6016,43340,354
2022-03-28,Marin,041,260295,33514,33391,2220,35611,287
2022-03-28,Mariposa,043,17540,2394,2388,200,2588,23
2022-03-28,Mendocino,045,87422,13058,13046,3010,16056,118
2022-03-28,Merced,047,269075,62565,62116,8739,70855,805
2022-03-28,Modoc,049,8938,735,736,250,986,7
2022-03-28,Mono,051,14174,2968,2966,122,3088,5
2022-03-28,Monterey,053,433212,79341,78784,13621,92405,724
2022-03-28,Napa,055,140530,25744,25723,936,26659,140
2022-03-28,Nevada,057,99092,15944,15969,1194,17163,123
2022-03-28,Orange,059,3164182,546515,545700,41543,587243,6860
2022-03-28,Placer,061,380077,62754,62687,7316,70003,613
2022-03-28,Plumas,063,18699,2969,2760,361,3121,13
2022-03-28,Riverside,065,2383286,591009,590298,27705,618003,6397
2022-03-28,Sacramento,067,1510023,280726,275889,26501,302390,2946
2022-03-28,San Benito,069,59416,12959,12889,515,13404,97
2022-03-28,San Bernardino,071,2135413,573860,560836,24881,585717,6858
2022-03-28,San Diego,073,3302833,750295,750659,52666,803325,5155
2022-03-28,San Francisco,075,870044,124787,124678,8209,132887,839
2022-03-28,San Joaquin,077,732212,166605,166247,9883,176130,2196
2022-03-28,San Luis Obispo,079,281455,52431,52434,3731,56165,470
2022-03-28,San Mateo,081,765935,121753,120337,6919,127256,686
2022-03-28,Santa Barbara,083,443738,85698,85442,4690,90132,675
2022-03-28,Santa Clara,085,1922200,314966,311953,12311,324264,2257
2022-03-28,Santa Cruz,087,273765,47764,47324,2084,49408,259
2022-03-28,Shasta,089,179085,30552,30550,6084,36634,527
2022-03-28,Sierra,091,2930,271,273,47,320,4
2022-03-28,Siskiyou,093,43540,4429,4438,2716,7154,80
2022-03-28,Solano,095,438530,81543,81704,5549,87253,441
2022-03-28,Sonoma,097,501317,83462,83105,2600,85705,485
2022-03-28,Stanislaus,099,539301,117517,117783,17796,135579,1562
2022-03-28,Sutter,101,95872,20463,20549,2070,22619,221
2022-03-28,Tehama,103,63373,12040,12041,2566,14607,200
2022-03-28,Trinity,105,12862,1183,1173,287,1460,20
2022-03-28,Tulare,107,460477,106325,104576,27497,132073,1404
2022-03-28,Tuolumne,109,53932,12677,12627,559,13186,180
2022-03-28,Ventura,111,848112,173064,172867,9379,182246,1455
2022-03-28,Yolo,113,214977,37042,36282,2899,39181,312
2022-03-28,Yuba,115,75493,15823,15821,1193,17014,117
2022-03-27,Alameda,001,1643700,256066,255132,13800,268932,1809
2022-03-27,Alpine,002,1148,124,124,1,125,0
2022-03-27,Amador,005,37829,8522,8480,640,9120,86
2022-03-27,Butte,007,227075,33162,32943,7023,39966,392
2022-03-27,Calaveras,009,45235,7255,7245,347,7592,119
2022-03-27,Colusa,011,21464,3448,3445,1046,4491,21
2022-03-27,Contra Costa,013,1133247,191969,188251,13372,201623,1290
2022-03-27,Del Norte,015,27424,5802,5836,183,6019,50
2022-03-27,El Dorado,017,186661,26682,26699,3184,29883,200
2022-03-27,Fresno,019,978130,234835,230049,24352,254401,2717
2022-03-27,Glenn,021,27897,4995,4983,1602,6585,47
2022-03-27,Humboldt,023,135768,16864,16920,2941,19861,140
2022-03-27,Imperial,025,180216,55339,55240,10516,65756,909
2022-03-27,Inyo,027,18085,4066,4062,469,4531,56
2022-03-27,Kern,029,883053,191701,191332,45730,237062,2213
2022-03-27,Kings,031,150075,51452,51400,3515,54915,443
2022-03-27,Lake,033,64148,10692,10672,881,11553,136
2022-03-27,Lassen,035,31185,8957,8946,874,9820,63
2022-03-27,Los Angeles,037,10098052,2709242,2700983,122498,2823481,31348
2022-03-27,Madera,039,155013,37248,37323,6014,43337,354
2022-03-27,Marin,041,260295,33477,33391,2210,35601,287
2022-03-27,Mariposa,043,17540,2394,2390,200,2590,23
2022-03-27,Mendocino,045,87422,13054,13046,3008,16054,118
2022-03-27,Merced,047,269075,62555,62110,8738,70848,805
2022-03-27,Modoc,049,8938,734,736,248,984,7
2022-03-27,Mono,051,14174,2968,2966,122,3088,5
2022-03-27,Monterey,053,433212,79320,78778,13609,92387,724
2022-03-27,Napa,055,140530,25728,25723,936,26659,140
2022-03-27,Nevada,057,99092,15940,15967,1192,17159,123
2022-03-27,Orange,059,3164182,546381,545644,41508,587152,6860
2022-03-27,Placer,061,380077,62738,62680,7315,69995,613
2022-03-27,Plumas,063,18699,2968,2760,359,3119,13
2022-03-27,Riverside,065,2383286,590923,590251,27694,617945,6395
2022-03-27,Sacramento,067,1510023,280645,275854,26494,302348,2941
2022-03-27,San Benito,069,59416,12954,12889,514,13403,97
2022-03-27,San Bernardino,071,2135413,573743,560853,24879,585732,6862
2022-03-27,San Diego,073,3302833,750039,750659,52642,803301,5155
2022-03-27,San Francisco,075,870044,124602,124619,8198,132817,839
2022-03-27,San Joaquin,077,732212,166570,166238,9879,176117,2196
2022-03-27,San Luis Obispo,079,281455,52410,52430,3729,56159,470
2022-03-27,San Mateo,081,765935,121648,120324,6914,127238,686
2022-03-27,Santa Barbara,083,443738,85662,85434,4688,90122,675
2022-03-27,Santa Clara,085,1922200,314755,311822,12304,324126,2257
2022-03-27,Santa Cruz,087,273765,47731,47321,2082,49403,259
2022-03-27,Shasta,089,179085,30547,30550,6082,36632,527
2022-03-27,Sierra,091,2930,271,273,47,320,4
2022-03-27,Siskiyou,093,43540,4429,4436,2715,7151,80
2022-03-27,Solano,095,438530,81501,81691,5546,87237,441
2022-03-27,Sonoma,097,501317,83409,83088,2596,85684,485
2022-03-27,Stanislaus,099,539301,117497,117778,17793,135571,1562
2022-03-27,Sutter,101,95872,20457,20545,2070,22615,221
2022-03-27,Tehama,103,63373,12040,12040,2566,14606,200
2022-03-27,Trinity,105,12862,1183,1173,287,1460,20
2022-03-27,Tulare,107,460477,106316,104582,27488,132070,1404
2022-03-27,Tuolumne,109,53932,12676,12628,559,13187,180
2022-03-27,Ventura,111,848112,173019,172831,9377,182208,1455
2022-03-27,Yolo,113,214977,37021,36232,2896,39128,312
2022-03-27,Yuba,115,75493,15820,15821,1186,17007,117
2022-03-26,Alameda,001,1643700,255986,254691,13799,268490,1803
2022-03-26,Alpine,002,1148,124,124,1,125,0
2022-03-26,Amador,005,37829,8522,8476,640,9116,86
2022-03-26,Butte,007,227075,33158,32929,7021,39950,391
2022-03-26,Calaveras,009,45235,7253,7240,347,7587,120
2022-03-26,Colusa,011,21464,3446,3445,1046,4491,21
2022-03-26,Contra Costa,013,1133247,191916,187990,13369,201359,1285
2022-03-26,Del Norte,015,27424,5800,5831,183,6014,50
2022-03-26,El Dorado,017,186661,26674,26674,3182,29856,200
2022-03-26,Fresno,019,978130,234812,229799,24351,254150,2710
2022-03-26,Glenn,021,27897,4994,4978,1602,6580,47
2022-03-26,Humboldt,023,135768,16860,16911,2941,19852,139
2022-03-26,Imperial,025,180216,55333,55230,10515,65745,913
2022-03-26,Inyo,027,18085,4066,4060,468,4528,56
2022-03-26,Kern,029,883053,191688,191288,45726,237014,2201
2022-03-26,Kings,031,150075,51451,51397,3515,54912,444
2022-03-26,Lake,033,64148,10692,10659,881,11540,136
2022-03-26,Lassen,035,31185,8957,8944,874,9818,63
2022-03-26,Los Angeles,037,10098052,2708786,2698028,122457,2820485,31291
2022-03-26,Madera,039,155013,37245,37321,6012,43333,354
2022-03-26,Marin,041,260295,33466,33317,2206,35523,287
2022-03-26,Mariposa,043,17540,2394,2386,200,2586,23
2022-03-26,Mendocino,045,87422,13050,13038,3008,16046,118
2022-03-26,Merced,047,269075,62548,62083,8737,70820,805
2022-03-26,Modoc,049,8938,734,736,248,984,7
2022-03-26,Mono,051,14174,2968,2966,122,3088,5
2022-03-26,Monterey,053,433212,79313,78688,13607,92295,724
2022-03-26,Napa,055,140530,25724,25701,936,26637,139
2022-03-26,Nevada,057,99092,15936,15960,1192,17152,123
2022-03-26,Orange,059,3164182,546306,545294,41497,586791,6853
2022-03-26,Placer,061,380077,62725,62634,7311,69945,613
2022-03-26,Plumas,063,18699,2968,2758,358,3116,13
2022-03-26,Riverside,065,2383286,590854,590060,27693,617753,6397
2022-03-26,Sacramento,067,1510023,280611,275529,26492,302021,2935
2022-03-26,San Benito,069,59416,12954,12885,514,13399,97
2022-03-26,San Bernardino,071,2135413,573683,560742,24875,585617,6840
2022-03-26,San Diego,073,3302833,749915,750170,52635,802805,5146
2022-03-26,San Francisco,075,870044,124495,124265,8192,132457,839
2022-03-26,San Joaquin,077,732212,166548,166079,9878,175957,2195
2022-03-26,San Luis Obispo,079,281455,52404,52369,3729,56098,469
2022-03-26,San Mateo,081,765935,121589,120165,6906,127071,684
2022-03-26,Santa Barbara,083,443738,85642,85477,4686,90163,674
2022-03-26,Santa Clara,085,1922200,314597,311189,12297,323486,2250
2022-03-26,Santa Cruz,087,273765,47720,47329,2082,49411,259
2022-03-26,Shasta,089,179085,30546,30542,6081,36623,527
2022-03-26,Sierra,091,2930,271,273,47,320,4
2022-03-26,Siskiyou,093,43540,4428,4433,2715,7148,80
2022-03-26,Solano,095,438530,81492,81659,5546,87205,441
2022-03-26,Sonoma,097,501317,83379,83113,2591,85704,485
2022-03-26,Stanislaus,099,539301,117490,117962,17792,135754,1565
2022-03-26,Sutter,101,95872,20455,20536,2070,22606,221
2022-03-26,Tehama,103,63373,12040,12036,2565,14601,195
2022-03-26,Trinity,105,12862,1183,1174,287,1461,20
2022-03-26,Tulare,107,460477,106308,104538,27487,132025,1400
2022-03-26,Tuolumne,109,53932,12674,12628,559,13187,180
2022-03-26,Ventura,111,848112,172977,172690,9373,182063,1455
2022-03-26,Yolo,113,214977,37012,36234,2896,39130,311
2022-03-26,Yuba,115,75493,15819,15807,1186,16993,117
2022-03-25,Alameda,001,1643700,255923,254691,13796,268487,1803
2022-03-25,Alpine,002,1148,124,124,1,125,0
2022-03-25,Amador,005,37829,8521,8476,640,9116,86
2022-03-25,Butte,007,227075,33153,32929,7021,39950,391
2022-03-25,Calaveras,009,45235,7252,7240,347,7587,120
2022-03-25,Colusa,011,21464,3446,3445,1046,4491,21
2022-03-25,Contra Costa,013,1133247,191867,187990,13366,201356,1285
2022-03-25,Del Norte,015,27424,5800,5831,183,6014,50
2022-03-25,El Dorado,017,186661,26670,26674,3182,29856,200
2022-03-25,Fresno,019,978130,234783,229799,24343,254142,2710
2022-03-25,Glenn,021,27897,4994,4978,1602,6580,47
2022-03-25,Humboldt,023,135768,16860,16911,2941,19852,139
2022-03-25,Imperial,025,180216,55328,55230,10514,65744,913
2022-03-25,Inyo,027,18085,4065,4060,468,4528,56
2022-03-25,Kern,029,883053,191678,191288,45725,237013,2201
2022-03-25,Kings,031,150075,51450,51397,3515,54912,444
2022-03-25,Lake,033,64148,10692,10659,881,11540,136
2022-03-25,Lassen,035,31185,8956,8944,874,9818,63
2022-03-25,Los Angeles,037,10098052,2708362,2698028,122425,2820453,31291
2022-03-25,Madera,039,155013,37244,37321,6011,43332,354
2022-03-25,Marin,041,260295,33451,33317,2197,35514,287
2022-03-25,Mariposa,043,17540,2394,2386,200,2586,23
2022-03-25,Mendocino,045,87422,13050,13038,3008,16046,118
2022-03-25,Merced,047,269075,62542,62083,8736,70819,805
2022-03-25,Modoc,049,8938,734,736,248,984,7
2022-03-25,Mono,051,14174,2967,2966,122,3088,5
2022-03-25,Monterey,053,433212,79302,78688,13604,92292,724
2022-03-25,Napa,055,140530,25717,25701,936,26637,139
2022-03-25,Nevada,057,99092,15935,15960,1192,17152,123
2022-03-25,Orange,059,3164182,546232,545294,41480,586774,6853
2022-03-25,Placer,061,380077,62718,62634,7308,69942,613
2022-03-25,Plumas,063,18699,2967,2758,358,3116,13
2022-03-25,Riverside,065,2383286,590794,590060,27682,617742,6397
2022-03-25,Sacramento,067,1510023,280568,275529,26491,302020,2935
2022-03-25,San Benito,069,59416,12954,12885,514,13399,97
2022-03-25,San Bernardino,071,2135413,573643,560742,24872,585614,6840
2022-03-25,San Diego,073,3302833,749792,750170,52624,802794,5146
2022-03-25,San Francisco,075,870044,124414,124265,8179,132444,839
2022-03-25,San Joaquin,077,732212,166534,166079,9876,175955,2195
2022-03-25,San Luis Obispo,079,281455,52401,52369,3728,56097,469
2022-03-25,San Mateo,081,765935,121537,120165,6906,127071,684
2022-03-25,Santa Barbara,083,443738,85627,85477,4684,90161,674
2022-03-25,Santa Clara,085,1922200,314446,311189,12292,323481,2250
2022-03-25,Santa Cruz,087,273765,47712,47329,2082,49411,259
2022-03-25,Shasta,089,179085,30542,30542,6080,36622,527
2022-03-25,Sierra,091,2930,271,273,47,320,4
2022-03-25,Siskiyou,093,43540,4426,4433,2713,7146,80
2022-03-25,Solano,095,438530,81478,81659,5544,87203,441
2022-03-25,Sonoma,097,501317,83342,83113,2591,85704,485
2022-03-25,Stanislaus,099,539301,117476,117962,17791,135753,1565
2022-03-25,Sutter,101,95872,20450,20536,2070,22606,221
2022-03-25,Tehama,103,63373,12038,12036,2565,14601,195
2022-03-25,Trinity,105,12862,1183,1174,287,1461,20
2022-03-25,Tulare,107,460477,106304,104538,27487,132025,1400
2022-03-25,Tuolumne,109,53932,12673,12628,559,13187,180
2022-03-25,Ventura,111,848112,172939,172690,9373,182063,1455
2022-03-25,Yolo,113,214977,37000,36234,2895,39129,311
2022-03-25,Yuba,115,75493,15814,15807,1185,16992,117
2022-03-24,Alameda,001,1643700,255810,254691,13780,268471,1803
2022-03-24,Alpine,002,1148,124,124,1,125,0
2022-03-24,Amador,005,37829,8521,8476,640,9116,86
2022-03-24,Butte,007,227075,33147,32929,7021,39950,391
2022-03-24,Calaveras,009,45235,7250,7240,347,7587,120
2022-03-24,Colusa,011,21464,3446,3445,1046,4491,21
2022-03-24,Contra Costa,013,1133247,191788,187990,13363,201353,1285
2022-03-24,Del Norte,015,27424,5796,5831,183,6014,50
2022-03-24,El Dorado,017,186661,26660,26674,3182,29856,200
2022-03-24,Fresno,019,978130,234741,229799,24333,254132,2710
2022-03-24,Glenn,021,27897,4993,4978,1602,6580,47
2022-03-24,Humboldt,023,135768,16855,16911,2939,19850,139
2022-03-24,Imperial,025,180216,55321,55230,10514,65744,913
2022-03-24,Inyo,027,18085,4064,4060,468,4528,56
2022-03-24,Kern,029,883053,191668,191288,45723,237011,2201
2022-03-24,Kings,031,150075,51441,51397,3513,54910,444
2022-03-24,Lake,033,64148,10691,10659,881,11540,136
2022-03-24,Lassen,035,31185,8955,8944,874,9818,63
2022-03-24,Los Angeles,037,10098052,2707789,2698028,122381,2820409,31291
2022-03-24,Madera,039,155013,37242,37321,6009,43330,354
2022-03-24,Marin,041,260295,33429,33317,2188,35505,287
2022-03-24,Mariposa,043,17540,2394,2386,200,2586,23
2022-03-24,Mendocino,045,87422,13044,13038,3005,16043,118
2022-03-24,Merced,047,269075,62535,62083,8735,70818,805
2022-03-24,Modoc,049,8938,734,736,248,984,7
2022-03-24,Mono,051,14174,2967,2966,122,3088,5
2022-03-24,Monterey,053,433212,79274,78688,13590,92278,724
2022-03-24,Napa,055,140530,25708,25701,936,26637,139
2022-03-24,Nevada,057,99092,15931,15960,1191,17151,123
2022-03-24,Orange,059,3164182,546130,545294,41465,586759,6853
2022-03-24,Placer,061,380077,62698,62634,7307,69941,613
2022-03-24,Plumas,063,18699,2967,2758,358,3116,13
2022-03-24,Riverside,065,2383286,590717,590060,27674,617734,6397
2022-03-24,Sacramento,067,1510023,280498,275529,26487,302016,2935
2022-03-24,San Benito,069,59416,12953,12885,513,13398,97
2022-03-24,San Bernardino,071,2135413,573558,560742,24868,585610,6840
2022-03-24,San Diego,073,3302833,749585,750170,52611,802781,5146
2022-03-24,San Francisco,075,870044,124332,124265,8173,132438,839
2022-03-24,San Joaquin,077,732212,166507,166079,9876,175955,2195
2022-03-24,San Luis Obispo,079,281455,52385,52369,3727,56096,469
2022-03-24,San Mateo,081,765935,121488,120165,6903,127068,684
2022-03-24,Santa Barbara,083,443738,85612,85477,4681,90158,674
2022-03-24,Santa Clara,085,1922200,314298,311189,12276,323465,2250
2022-03-24,Santa Cruz,087,273765,47694,47329,2081,49410,259
2022-03-24,Shasta,089,179085,30534,30542,6080,36622,527
2022-03-24,Sierra,091,2930,271,273,47,320,4
2022-03-24,Siskiyou,093,43540,4424,4433,2713,7146,80
2022-03-24,Solano,095,438530,81459,81659,5543,87202,441
2022-03-24,Sonoma,097,501317,83307,83113,2589,85702,485
2022-03-24,Stanislaus,099,539301,117467,117962,17788,135750,1565
2022-03-24,Sutter,101,95872,20445,20536,2070,22606,221
2022-03-24,Tehama,103,63373,12036,12036,2564,14600,195
2022-03-24,Trinity,105,12862,1183,1174,287,1461,20
2022-03-24,Tulare,107,460477,106293,104538,27482,132020,1400
2022-03-24,Tuolumne,109,53932,12671,12628,559,13187,180
2022-03-24,Ventura,111,848112,172896,172690,9370,182060,1455
2022-03-24,Yolo,113,214977,36994,36234,2891,39125,311
2022-03-24,Yuba,115,75493,15810,15807,1183,16990,117
2022-03-23,Alameda,001,1643700,255677,254559,13769,268328,1802
2022-03-23,Alpine,002,1148,124,124,1,125,0
2022-03-23,Amador,005,37829,8521,8475,640,9115,86
2022-03-23,Butte,007,227075,33132,32920,7020,39940,387
2022-03-23,Calaveras,009,45235,7245,7237,347,7584,120
2022-03-23,Colusa,011,21464,3445,3444,1046,4490,21
2022-03-23,Contra Costa,013,1133247,191690,187898,13352,201250,1279
2022-03-23,Del Norte,015,27424,5794,5830,183,6013,50
2022-03-23,El Dorado,017,186661,26654,26670,3182,29852,200
2022-03-23,Fresno,019,978130,234705,229656,24320,253976,2710
2022-03-23,Glenn,021,27897,4993,4975,1602,6577,47
2022-03-23,Humboldt,023,135768,16854,16908,2938,19846,139
2022-03-23,Imperial,025,180216,55315,55211,10513,65724,909
2022-03-23,Inyo,027,18085,4064,4060,468,4528,56
2022-03-23,Kern,029,883053,191651,191241,45718,236959,2196
2022-03-23,Kings,031,150075,51429,51384,3513,54897,442
2022-03-23,Lake,033,64148,10687,10658,880,11538,135
2022-03-23,Lassen,035,31185,8954,8944,873,9817,63
2022-03-23,Los Angeles,037,10098052,2707110,2697227,122352,2819579,31267
2022-03-23,Madera,039,155013,37237,37317,6007,43324,354
2022-03-23,Marin,041,260295,33403,33274,2183,35457,287
2022-03-23,Mariposa,043,17540,2392,2382,199,2581,11
2022-03-23,Mendocino,045,87422,13040,13033,3004,16037,118
2022-03-23,Merced,047,269075,62524,62056,8732,70788,805
2022-03-23,Modoc,049,8938,734,736,248,984,7
2022-03-23,Mono,051,14174,2967,2966,122,3088,5
2022-03-23,Monterey,053,433212,79257,78655,13566,92221,724
2022-03-23,Napa,055,140530,25694,25691,934,26625,139
2022-03-23,Nevada,057,99092,15929,15958,1191,17149,123
2022-03-23,Orange,059,3164182,545998,545158,41452,586610,6852
2022-03-23,Placer,061,380077,62680,62622,7305,69927,613
2022-03-23,Plumas,063,18699,2967,2747,358,3105,13
2022-03-23,Riverside,065,2383286,590644,589947,27669,617616,6388
2022-03-23,Sacramento,067,1510023,280435,275398,26479,301877,2934
2022-03-23,San Benito,069,59416,12952,12884,513,13397,97
2022-03-23,San Bernardino,071,2135413,573485,560550,24864,585414,6828
2022-03-23,San Diego,073,3302833,749392,749871,52588,802459,5143
2022-03-23,San Francisco,075,870044,124218,124110,8166,132276,838
2022-03-23,San Joaquin,077,732212,166469,166041,9868,175909,2187
2022-03-23,San Luis Obispo,079,281455,52368,52344,3722,56066,469
2022-03-23,San Mateo,081,765935,121403,120080,6893,126973,685
2022-03-23,Santa Barbara,083,443738,85595,85464,4680,90144,673
2022-03-23,Santa Clara,085,1922200,314132,310956,12264,323220,2250
2022-03-23,Santa Cruz,087,273765,47675,47314,2077,49391,259
2022-03-23,Shasta,089,179085,30530,30524,6079,36603,526
2022-03-23,Sierra,091,2930,271,273,47,320,4
2022-03-23,Siskiyou,093,43540,4424,4433,2713,7146,80
2022-03-23,Solano,095,438530,81425,81615,5542,87157,441
2022-03-23,Sonoma,097,501317,83274,83074,2586,85660,482
2022-03-23,Stanislaus,099,539301,117450,118041,17785,135826,1568
2022-03-23,Sutter,101,95872,20442,20532,2070,22602,218
2022-03-23,Tehama,103,63373,12033,12035,2564,14599,195
2022-03-23,Trinity,105,12862,1183,1174,287,1461,20
2022-03-23,Tulare,107,460477,106276,104489,27477,131966,1394
2022-03-23,Tuolumne,109,53932,12670,12629,559,13188,180
2022-03-23,Ventura,111,848112,172848,172647,9368,182015,1455
2022-03-23,Yolo,113,214977,36975,36197,2889,39086,308
2022-03-23,Yuba,115,75493,15803,15801,1182,16983,117
2022-03-22,Alameda,001,1643700,255554,254467,13495,267962,1802
2022-03-22,Alpine,002,1148,124,122,1,123,0
2022-03-22,Amador,005,37829,8520,8462,639,9101,86
2022-03-22,Butte,007,227075,33122,32907,7016,39923,387
2022-03-22,Calaveras,009,45235,7243,7237,347,7584,120
2022-03-22,Colusa,011,21464,3444,3445,1046,4491,21
2022-03-22,Contra Costa,013,1133247,191613,187813,13331,201144,1279
2022-03-22,Del Norte,015,27424,5788,5824,183,6007,50
2022-03-22,El Dorado,017,186661,26647,26661,3182,29843,200
2022-03-22,Fresno,019,978130,234656,229551,24311,253862,2708
2022-03-22,Glenn,021,27897,4991,4971,1602,6573,47
2022-03-22,Humboldt,023,135768,16851,16911,2938,19849,139
2022-03-22,Imperial,025,180216,55303,55170,10510,65680,908
2022-03-22,Inyo,027,18085,4064,4060,468,4528,56
2022-03-22,Kern,029,883053,191628,191213,45710,236923,2195
2022-03-22,Kings,031,150075,51418,51369,3512,54881,442
2022-03-22,Lake,033,64148,10685,10657,879,11536,135
2022-03-22,Lassen,035,31185,8954,8940,873,9813,63
2022-03-22,Los Angeles,037,10098052,2706443,2696746,122306,2819052,31250
2022-03-22,Madera,039,155013,37234,37304,6004,43308,354
2022-03-22,Marin,041,260295,33378,33253,2179,35432,287
2022-03-22,Mariposa,043,17540,2390,2382,199,2581,6
2022-03-22,Mendocino,045,87422,13035,13030,3002,16032,118
2022-03-22,Merced,047,269075,62513,62056,8728,70784,805
2022-03-22,Modoc,049,8938,734,735,248,983,7
2022-03-22,Mono,051,14174,2967,2963,122,3085,5
2022-03-22,Monterey,053,433212,79240,78614,13556,92170,724
2022-03-22,Napa,055,140530,25684,25688,933,26621,139
2022-03-22,Nevada,057,99092,15921,15950,1191,17141,123
2022-03-22,Orange,059,3164182,545857,545075,41435,586510,6843
2022-03-22,Placer,061,380077,62667,62604,7303,69907,610
2022-03-22,Plumas,063,18699,2966,2744,358,3102,13
2022-03-22,Riverside,065,2383286,590569,589816,27666,617482,6383
2022-03-22,Sacramento,067,1510023,280359,275374,26468,301842,2927
2022-03-22,San Benito,069,59416,12951,12884,512,13396,97
2022-03-22,San Bernardino,071,2135413,573403,560371,24844,585215,6811
2022-03-22,San Diego,073,3302833,749194,749647,52568,802215,5141
2022-03-22,San Francisco,075,870044,124111,123998,8160,132158,838
2022-03-22,San Joaquin,077,732212,166441,165992,9865,175857,2187
2022-03-22,San Luis Obispo,079,281455,52360,52257,3722,55979,465
2022-03-22,San Mateo,081,765935,121330,119975,6890,126865,686
2022-03-22,Santa Barbara,083,443738,85578,85457,4679,90136,672
2022-03-22,Santa Clara,085,1922200,313953,310787,12253,323040,2249
2022-03-22,Santa Cruz,087,273765,47655,47287,2076,49363,259
2022-03-22,Shasta,089,179085,30524,30528,6079,36607,525
2022-03-22,Sierra,091,2930,271,273,47,320,4
2022-03-22,Siskiyou,093,43540,4424,4429,2712,7141,80
2022-03-22,Solano,095,438530,81402,81587,5539,87126,440
2022-03-22,Sonoma,097,501317,83245,83042,2583,85625,482
2022-03-22,Stanislaus,099,539301,117433,118025,17781,135806,1568
2022-03-22,Sutter,101,95872,20441,20525,2067,22592,218
2022-03-22,Tehama,103,63373,12031,12034,2564,14598,162
2022-03-22,Trinity,105,12862,1183,1174,287,1461,20
2022-03-22,Tulare,107,460477,106264,104431,27469,131900,1391
2022-03-22,Tuolumne,109,53932,12670,12628,559,13187,180
2022-03-22,Ventura,111,848112,172799,172590,9366,181956,1455
2022-03-22,Yolo,113,214977,36955,36184,2888,39072,308
2022-03-22,Yuba,115,75493,15800,15795,1181,16976,117
2022-03-21,Alameda,001,1643700,255327,254354,13487,267841,1799
2022-03-21,Alpine,002,1148,124,122,1,123,0
2022-03-21,Amador,005,37829,8517,8461,638,9099,85
2022-03-21,Butte,007,227075,33111,32895,7013,39908,385
2022-03-21,Calaveras,009,45235,7242,7237,347,7584,119
2022-03-21,Colusa,011,21464,3444,3445,1046,4491,21
2022-03-21,Contra Costa,013,1133247,191548,187509,13316,200825,1276
2022-03-21,Del Norte,015,27424,5787,5824,183,6007,50
2022-03-21,El Dorado,017,186661,26636,26610,3182,29792,199
2022-03-21,Fresno,019,978130,234607,229374,24302,253676,2707
2022-03-21,Glenn,021,27897,4989,4972,1597,6569,46
2022-03-21,Humboldt,023,135768,16841,16912,2925,19837,139
2022-03-21,Imperial,025,180216,55290,55133,10509,65642,908
2022-03-21,Inyo,027,18085,4063,4060,468,4528,56
2022-03-21,Kern,029,883053,191595,191184,45704,236888,2187
2022-03-21,Kings,031,150075,51404,51366,3510,54876,441
2022-03-21,Lake,033,64148,10683,10655,879,11534,135
2022-03-21,Lassen,035,31185,8953,8939,873,9812,63
2022-03-21,Los Angeles,037,10098052,2705585,2694711,122258,2816969,31218
2022-03-21,Madera,039,155013,37228,37288,6001,43289,354
2022-03-21,Marin,041,260295,33334,33242,2174,35416,287
2022-03-21,Mariposa,043,17540,2389,2383,198,2581,6
2022-03-21,Mendocino,045,87422,13027,13028,3000,16028,118
2022-03-21,Merced,047,269075,62501,62048,8723,70771,803
2022-03-21,Modoc,049,8938,732,734,248,982,7
2022-03-21,Mono,051,14174,2967,2962,122,3084,5
2022-03-21,Monterey,053,433212,79191,78572,13543,92115,724
2022-03-21,Napa,055,140530,25676,25684,931,26615,138
2022-03-21,Nevada,057,99092,15917,15963,1190,17153,123
2022-03-21,Orange,059,3164182,545706,544943,41418,586361,6841
2022-03-21,Placer,061,380077,62647,62550,7302,69852,610
2022-03-21,Plumas,063,18699,2966,2744,358,3102,13
2022-03-21,Riverside,065,2383286,590487,589707,27662,617369,6376
2022-03-21,Sacramento,067,1510023,280268,275334,26453,301787,2925
2022-03-21,San Benito,069,59416,12945,12872,512,13384,97
2022-03-21,San Bernardino,071,2135413,573315,560210,24831,585041,6807
2022-03-21,San Diego,073,3302833,748970,748833,52548,801381,5138
2022-03-21,San Francisco,075,870044,123943,123912,8151,132063,835
2022-03-21,San Joaquin,077,732212,166415,165939,9862,175801,2185
2022-03-21,San Luis Obispo,079,281455,52335,52219,3717,55936,463
2022-03-21,San Mateo,081,765935,121171,119899,6888,126787,684
2022-03-21,Santa Barbara,083,443738,85563,85416,4677,90093,672
2022-03-21,Santa Clara,085,1922200,313691,310509,12250,322759,2245
2022-03-21,Santa Cruz,087,273765,47619,47267,2075,49342,259
2022-03-21,Shasta,089,179085,30518,30523,6077,36600,525
2022-03-21,Sierra,091,2930,271,273,47,320,4
2022-03-21,Siskiyou,093,43540,4424,4426,2712,7138,80
2022-03-21,Solano,095,438530,81374,81399,5538,86937,441
2022-03-21,Sonoma,097,501317,83202,82979,2581,85560,482
2022-03-21,Stanislaus,099,539301,117398,118144,17779,135923,1571
2022-03-21,Sutter,101,95872,20438,20523,2055,22578,218
2022-03-21,Tehama,103,63373,12027,12030,2564,14594,160
2022-03-21,Trinity,105,12862,1183,1174,287,1461,20
2022-03-21,Tulare,107,460477,106244,104350,27464,131814,1389
2022-03-21,Tuolumne,109,53932,12670,12620,559,13179,180
2022-03-21,Ventura,111,848112,172729,172537,9362,181899,1452
2022-03-21,Yolo,113,214977,36939,36141,2886,39027,307
2022-03-21,Yuba,115,75493,15797,15790,1180,16970,117
2022-03-20,Alameda,001,1643700,255190,254293,13477,267770,1801
2022-03-20,Alpine,002,1148,122,122,1,123,0
2022-03-20,Amador,005,37829,8514,8460,638,9098,85
2022-03-20,Butte,007,227075,33096,32892,7009,39901,385
2022-03-20,Calaveras,009,45235,7242,7233,344,7577,119
2022-03-20,Colusa,011,21464,3444,3446,1046,4492,21
2022-03-20,Contra Costa,013,1133247,191445,187467,13306,200773,1276
2022-03-20,Del Norte,015,27424,5785,5821,183,6004,50
2022-03-20,El Dorado,017,186661,26627,26608,3182,29790,199
2022-03-20,Fresno,019,978130,234529,229297,24290,253587,2707
2022-03-20,Glenn,021,27897,4988,4972,1597,6569,46
2022-03-20,Humboldt,023,135768,16839,16913,2923,19836,139
2022-03-20,Imperial,025,180216,55279,55133,10509,65642,908
2022-03-20,Inyo,027,18085,4063,4060,468,4528,56
2022-03-20,Kern,029,883053,191553,191170,45699,236869,2187
2022-03-20,Kings,031,150075,51393,51360,3510,54870,441
2022-03-20,Lake,033,64148,10679,10652,879,11531,135
2022-03-20,Lassen,035,31185,8951,8938,873,9811,63
2022-03-20,Los Angeles,037,10098052,2704793,2694698,122215,2816913,31219
2022-03-20,Madera,039,155013,37223,37284,5998,43282,354
2022-03-20,Marin,041,260295,33318,33232,2173,35405,275
2022-03-20,Mariposa,043,17540,2389,2383,198,2581,6
2022-03-20,Mendocino,045,87422,13020,13027,2995,16022,118
2022-03-20,Merced,047,269075,62489,62041,8719,70760,803
2022-03-20,Modoc,049,8938,732,734,248,982,7
2022-03-20,Mono,051,14174,2965,2962,122,3084,5
2022-03-20,Monterey,053,433212,79158,78566,13532,92098,723
2022-03-20,Napa,055,140530,25664,25682,930,26612,138
2022-03-20,Nevada,057,99092,15913,15964,1190,17154,123
2022-03-20,Orange,059,3164182,545584,544862,41399,586261,6841
2022-03-20,Placer,061,380077,62625,62525,7302,69827,610
2022-03-20,Plumas,063,18699,2966,2744,358,3102,13
2022-03-20,Riverside,065,2383286,590391,589657,27658,617315,6376
2022-03-20,Sacramento,067,1510023,280186,275317,26441,301758,2927
2022-03-20,San Benito,069,59416,12945,12869,511,13380,97
2022-03-20,San Bernardino,071,2135413,573234,560220,24822,585042,6805
2022-03-20,San Diego,073,3302833,748734,748833,52514,801347,5138
2022-03-20,San Francisco,075,870044,123794,123858,8139,131997,835
2022-03-20,San Joaquin,077,732212,166383,165927,9857,175784,2185
2022-03-20,San Luis Obispo,079,281455,52311,52217,3714,55931,463
2022-03-20,San Mateo,081,765935,121111,119901,6882,126783,684
2022-03-20,Santa Barbara,083,443738,85538,85412,4676,90088,672
2022-03-20,Santa Clara,085,1922200,313483,310412,12242,322654,2243
2022-03-20,Santa Cruz,087,273765,47592,47265,2074,49339,259
2022-03-20,Shasta,089,179085,30509,30522,6076,36598,525
2022-03-20,Sierra,091,2930,271,273,47,320,4
2022-03-20,Siskiyou,093,43540,4423,4426,2712,7138,80
2022-03-20,Solano,095,438530,81344,81393,5536,86929,441
2022-03-20,Sonoma,097,501317,83159,82965,2580,85545,481
2022-03-20,Stanislaus,099,539301,117373,118146,17776,135922,1572
2022-03-20,Sutter,101,95872,20431,20519,2047,22566,218
2022-03-20,Tehama,103,63373,12025,12030,2564,14594,160
2022-03-20,Trinity,105,12862,1183,1174,287,1461,20
2022-03-20,Tulare,107,460477,106224,104353,27452,131805,1389
2022-03-20,Tuolumne,109,53932,12665,12617,559,13176,180
2022-03-20,Ventura,111,848112,172679,172514,9357,181871,1451
2022-03-20,Yolo,113,214977,36920,36135,2885,39020,307
2022-03-20,Yuba,115,75493,15788,15787,1178,16965,117
2022-03-19,Alameda,001,1643700,255114,253936,13475,267411,1797
2022-03-19,Alpine,002,1148,122,122,1,123,0
2022-03-19,Amador,005,37829,8511,8456,638,9094,85
2022-03-19,Butte,007,227075,33088,32856,7009,39865,385
2022-03-19,Calaveras,009,45235,7242,7229,344,7573,119
2022-03-19,Colusa,011,21464,3442,3445,1046,4491,21
2022-03-19,Contra Costa,013,1133247,191409,187225,13305,200530,1276
2022-03-19,Del Norte,015,27424,5782,5815,183,5998,48
2022-03-19,El Dorado,017,186661,26623,26618,3182,29800,199
2022-03-19,Fresno,019,978130,234506,228965,24289,253254,2694
2022-03-19,Glenn,021,27897,4988,4971,1597,6568,44
2022-03-19,Humboldt,023,135768,16833,16901,2923,19824,138
2022-03-19,Imperial,025,180216,55278,55038,10508,65546,898
2022-03-19,Inyo,027,18085,4063,4061,468,4529,56
2022-03-19,Kern,029,883053,191538,190943,45691,236634,2184
2022-03-19,Kings,031,150075,51388,51334,3510,54844,441
2022-03-19,Lake,033,64148,10679,10641,879,11520,135
2022-03-19,Lassen,035,31185,8951,8925,873,9798,63
2022-03-19,Los Angeles,037,10098052,2704416,2686759,122181,2808940,31133
2022-03-19,Madera,039,155013,37223,37273,5998,43271,354
2022-03-19,Marin,041,260295,33299,33163,2169,35332,272
2022-03-19,Mariposa,043,17540,2388,2378,198,2576,6
2022-03-19,Mendocino,045,87422,13020,13012,2995,16007,117
2022-03-19,Merced,047,269075,62484,61985,8717,70702,800
2022-03-19,Modoc,049,8938,732,734,248,982,7
2022-03-19,Mono,051,14174,2965,2961,122,3083,5
2022-03-19,Monterey,053,433212,79147,78483,13525,92008,720
2022-03-19,Napa,055,140530,25661,25654,930,26584,138
2022-03-19,Nevada,057,99092,15911,15960,1190,17150,123
2022-03-19,Orange,059,3164182,545512,543907,41383,585290,6817
2022-03-19,Placer,061,380077,62611,62483,7302,69785,605
2022-03-19,Plumas,063,18699,2966,2724,358,3082,13
2022-03-19,Riverside,065,2383286,590341,589017,27651,616668,6359
2022-03-19,Sacramento,067,1510023,280144,274855,26437,301292,2913
2022-03-19,San Benito,069,59416,12944,12859,511,13370,97
2022-03-19,San Bernardino,071,2135413,573188,559935,24820,584755,6778
2022-03-19,San Diego,073,3302833,748634,747344,52500,799844,5133
2022-03-19,San Francisco,075,870044,123724,123587,8137,131724,833
2022-03-19,San Joaquin,077,732212,166358,165765,9854,175619,2181
2022-03-19,San Luis Obispo,079,281455,52305,52174,3714,55888,463
2022-03-19,San Mateo,081,765935,121074,119782,6881,126663,667
2022-03-19,Santa Barbara,083,443738,85523,85336,4675,90011,671
2022-03-19,Santa Clara,085,1922200,313361,309918,12233,322151,2225
2022-03-19,Santa Cruz,087,273765,47584,47203,2070,49273,256
2022-03-19,Shasta,089,179085,30505,30495,6076,36571,525
2022-03-19,Sierra,091,2930,271,273,47,320,4
2022-03-19,Siskiyou,093,43540,4422,4422,2712,7134,76
2022-03-19,Solano,095,438530,81335,81340,5533,86873,441
2022-03-19,Sonoma,097,501317,83142,82838,2577,85415,472
2022-03-19,Stanislaus,099,539301,117363,118138,17774,135912,1568
2022-03-19,Sutter,101,95872,20428,20503,2047,22550,218
2022-03-19,Tehama,103,63373,12025,12007,2564,14571,160
2022-03-19,Trinity,105,12862,1183,1173,287,1460,20
2022-03-19,Tulare,107,460477,106215,104290,27447,131737,1384
2022-03-19,Tuolumne,109,53932,12664,12617,559,13176,180
2022-03-19,Ventura,111,848112,172648,172380,9356,181736,1451
2022-03-19,Yolo,113,214977,36911,36086,2885,38971,306
2022-03-19,Yuba,115,75493,15784,15768,1177,16945,117
2022-03-18,Alameda,001,1643700,255052,253936,13471,267407,1797
2022-03-18,Alpine,002,1148,122,122,1,123,0
2022-03-18,Amador,005,37829,8511,8456,638,9094,85
2022-03-18,Butte,007,227075,33083,32856,7006,39862,385
2022-03-18,Calaveras,009,45235,7242,7229,344,7573,119
2022-03-18,Colusa,011,21464,3442,3445,1046,4491,21
2022-03-18,Contra Costa,013,1133247,191377,187225,13303,200528,1276
2022-03-18,Del Norte,015,27424,5780,5815,183,5998,48
2022-03-18,El Dorado,017,186661,26618,26618,3180,29798,199
2022-03-18,Fresno,019,978130,234473,228965,24289,253254,2694
2022-03-18,Glenn,021,27897,4987,4971,1597,6568,44
2022-03-18,Humboldt,023,135768,16830,16901,2922,19823,138
2022-03-18,Imperial,025,180216,55276,55038,10508,65546,898
2022-03-18,Inyo,027,18085,4063,4061,468,4529,56
2022-03-18,Kern,029,883053,191527,190943,45688,236631,2184
2022-03-18,Kings,031,150075,51380,51334,3510,54844,441
2022-03-18,Lake,033,64148,10677,10641,878,11519,135
2022-03-18,Lassen,035,31185,8950,8925,873,9798,63
2022-03-18,Los Angeles,037,10098052,2704062,2686759,122155,2808914,31133
2022-03-18,Madera,039,155013,37218,37273,5998,43271,354
2022-03-18,Marin,041,260295,33285,33163,2169,35332,272
2022-03-18,Mariposa,043,17540,2387,2378,198,2576,6
2022-03-18,Mendocino,045,87422,13016,13012,2995,16007,117
2022-03-18,Merced,047,269075,62472,61985,8717,70702,800
2022-03-18,Modoc,049,8938,732,734,248,982,7
2022-03-18,Mono,051,14174,2964,2961,122,3083,5
2022-03-18,Monterey,053,433212,79129,78483,13523,92006,720
2022-03-18,Napa,055,140530,25658,25654,930,26584,138
2022-03-18,Nevada,057,99092,15908,15960,1189,17149,123
2022-03-18,Orange,059,3164182,545445,543907,41374,585281,6817
2022-03-18,Placer,061,380077,62602,62483,7302,69785,605
2022-03-18,Plumas,063,18699,2966,2724,358,3082,13
2022-03-18,Riverside,065,2383286,590280,589017,27647,616664,6359
2022-03-18,Sacramento,067,1510023,280108,274855,26433,301288,2913
2022-03-18,San Benito,069,59416,12942,12859,511,13370,97
2022-03-18,San Bernardino,071,2135413,573150,559935,24818,584753,6778
2022-03-18,San Diego,073,3302833,748526,747344,52485,799829,5133
2022-03-18,San Francisco,075,870044,123644,123587,8132,131719,833
2022-03-18,San Joaquin,077,732212,166343,165765,9849,175614,2181
2022-03-18,San Luis Obispo,079,281455,52298,52174,3714,55888,463
2022-03-18,San Mateo,081,765935,121038,119782,6878,126660,667
2022-03-18,Santa Barbara,083,443738,85513,85336,4674,90010,671
2022-03-18,Santa Clara,085,1922200,313255,309918,12230,322148,2225
2022-03-18,Santa Cruz,087,273765,47572,47203,2069,49272,256
2022-03-18,Shasta,089,179085,30504,30495,6076,36571,525
2022-03-18,Sierra,091,2930,271,273,47,320,4
2022-03-18,Siskiyou,093,43540,4422,4422,2712,7134,76
2022-03-18,Solano,095,438530,81324,81340,5527,86867,441
2022-03-18,Sonoma,097,501317,83121,82838,2576,85414,472
2022-03-18,Stanislaus,099,539301,117350,118138,17774,135912,1568
2022-03-18,Sutter,101,95872,20425,20503,2047,22550,218
2022-03-18,Tehama,103,63373,12024,12007,2564,14571,160
2022-03-18,Trinity,105,12862,1183,1173,287,1460,20
2022-03-18,Tulare,107,460477,106209,104290,27442,131732,1384
2022-03-18,Tuolumne,109,53932,12663,12617,559,13176,180
2022-03-18,Ventura,111,848112,172628,172380,9351,181731,1451
2022-03-18,Yolo,113,214977,36900,36086,2885,38971,306
2022-03-18,Yuba,115,75493,15782,15768,1177,16945,117
2022-03-17,Alameda,001,1643700,254951,253936,13465,267401,1797
2022-03-17,Alpine,002,1148,122,122,1,123,0
2022-03-17,Amador,005,37829,8504,8456,638,9094,85
2022-03-17,Butte,007,227075,33070,32856,7004,39860,385
2022-03-17,Calaveras,009,45235,7239,7229,344,7573,119
2022-03-17,Colusa,011,21464,3442,3445,1046,4491,21
2022-03-17,Contra Costa,013,1133247,191313,187225,13292,200517,1276
2022-03-17,Del Norte,015,27424,5778,5815,183,5998,48
2022-03-17,El Dorado,017,186661,26612,26618,3180,29798,199
2022-03-17,Fresno,019,978130,234423,228965,24285,253250,2694
2022-03-17,Glenn,021,27897,4987,4971,1597,6568,44
2022-03-17,Humboldt,023,135768,16826,16901,2920,19821,138
2022-03-17,Imperial,025,180216,55265,55038,10508,65546,898
2022-03-17,Inyo,027,18085,4063,4061,468,4529,56
2022-03-17,Kern,029,883053,191496,190943,45685,236628,2184
2022-03-17,Kings,031,150075,51377,51334,3509,54843,441
2022-03-17,Lake,033,64148,10674,10641,878,11519,135
2022-03-17,Lassen,035,31185,8948,8925,873,9798,63
2022-03-17,Los Angeles,037,10098052,2703404,2686759,122120,2808879,31133
2022-03-17,Madera,039,155013,37214,37273,5998,43271,354
2022-03-17,Marin,041,260295,33273,33163,2168,35331,272
2022-03-17,Mariposa,043,17540,2387,2378,198,2576,6
2022-03-17,Mendocino,045,87422,13012,13012,2992,16004,117
2022-03-17,Merced,047,269075,62466,61985,8714,70699,800
2022-03-17,Modoc,049,8938,732,734,248,982,7
2022-03-17,Mono,051,14174,2964,2961,121,3082,5
2022-03-17,Monterey,053,433212,79106,78483,13517,92000,720
2022-03-17,Napa,055,140530,25653,25654,930,26584,138
2022-03-17,Nevada,057,99092,15905,15960,1189,17149,123
2022-03-17,Orange,059,3164182,545351,543907,41364,585271,6817
2022-03-17,Placer,061,380077,62586,62483,7300,69783,605
2022-03-17,Plumas,063,18699,2965,2724,358,3082,13
2022-03-17,Riverside,065,2383286,590200,589017,27640,616657,6359
2022-03-17,Sacramento,067,1510023,280042,274855,26427,301282,2913
2022-03-17,San Benito,069,59416,12941,12859,511,13370,97
2022-03-17,San Bernardino,071,2135413,573086,559935,24815,584750,6778
2022-03-17,San Diego,073,3302833,748351,747344,52469,799813,5133
2022-03-17,San Francisco,075,870044,123564,123587,8127,131714,833
2022-03-17,San Joaquin,077,732212,166323,165765,9847,175612,2181
2022-03-17,San Luis Obispo,079,281455,52284,52174,3712,55886,463
2022-03-17,San Mateo,081,765935,120990,119782,6874,126656,667
2022-03-17,Santa Barbara,083,443738,85498,85336,4674,90010,671
2022-03-17,Santa Clara,085,1922200,313134,309918,12226,322144,2225
2022-03-17,Santa Cruz,087,273765,47556,47203,2067,49270,256
2022-03-17,Shasta,089,179085,30500,30495,6074,36569,525
2022-03-17,Sierra,091,2930,271,273,47,320,4
2022-03-17,Siskiyou,093,43540,4422,4422,2712,7134,76
2022-03-17,Solano,095,438530,81295,81340,5523,86863,441
2022-03-17,Sonoma,097,501317,83092,82838,2574,85412,472
2022-03-17,Stanislaus,099,539301,117335,118138,17769,135907,1568
2022-03-17,Sutter,101,95872,20415,20503,2036,22539,218
2022-03-17,Tehama,103,63373,12024,12007,2564,14571,160
2022-03-17,Trinity,105,12862,1183,1173,287,1460,20
2022-03-17,Tulare,107,460477,106194,104290,27432,131722,1384
2022-03-17,Tuolumne,109,53932,12661,12617,558,13175,180
2022-03-17,Ventura,111,848112,172579,172380,9349,181729,1451
2022-03-17,Yolo,113,214977,36886,36086,2885,38971,306
2022-03-17,Yuba,115,75493,15780,15768,1176,16944,117
2022-03-16,Alameda,001,1643700,254851,253792,13462,267254,1794
2022-03-16,Alpine,002,1148,122,122,1,123,0
2022-03-16,Amador,005,37829,8496,8449,638,9087,85
2022-03-16,Butte,007,227075,33059,32837,6999,39836,385
2022-03-16,Calaveras,009,45235,7237,7229,344,7573,120
2022-03-16,Colusa,011,21464,3442,3445,1046,4491,22
2022-03-16,Contra Costa,013,1133247,191255,187100,13281,200381,1266
2022-03-16,Del Norte,015,27424,5777,5811,181,5992,48
2022-03-16,El Dorado,017,186661,26599,26602,3179,29781,199
2022-03-16,Fresno,019,978130,234376,228786,24274,253060,2689
2022-03-16,Glenn,021,27897,4986,4969,1597,6566,44
2022-03-16,Humboldt,023,135768,16823,16893,2920,19813,138
2022-03-16,Imperial,025,180216,55254,55002,10507,65509,897
2022-03-16,Inyo,027,18085,4062,4061,468,4529,56
2022-03-16,Kern,029,883053,191453,190835,45678,236513,2170
2022-03-16,Kings,031,150075,51362,51321,3509,54830,437
2022-03-16,Lake,033,64148,10672,10633,877,11510,133
2022-03-16,Lassen,035,31185,8945,8924,873,9797,62
2022-03-16,Los Angeles,037,10098052,2702773,2685789,122080,2807869,31102
2022-03-16,Madera,039,155013,37204,37262,5997,43259,354
2022-03-16,Marin,041,260295,33252,33136,2166,35302,272
2022-03-16,Mariposa,043,17540,2385,2376,198,2574,6
2022-03-16,Mendocino,045,87422,13009,13011,2991,16002,117
2022-03-16,Merced,047,269075,62450,61959,8710,70669,798
2022-03-16,Modoc,049,8938,731,734,248,982,7
2022-03-16,Mono,051,14174,2964,2960,121,3081,5
2022-03-16,Monterey,053,433212,79084,78416,13512,91928,720
2022-03-16,Napa,055,140530,25644,25638,930,26568,138
2022-03-16,Nevada,057,99092,15903,15960,1189,17149,123
2022-03-16,Orange,059,3164182,545227,543326,41341,584667,6791
2022-03-16,Placer,061,380077,62571,62435,7298,69733,605
2022-03-16,Plumas,063,18699,2965,2723,358,3081,13
2022-03-16,Riverside,065,2383286,590104,588761,27637,616398,6351
2022-03-16,Sacramento,067,1510023,279975,274709,26420,301129,2910
2022-03-16,San Benito,069,59416,12936,12854,511,13365,97
2022-03-16,San Bernardino,071,2135413,573005,559746,24808,584554,6775
2022-03-16,San Diego,073,3302833,748144,746970,52445,799415,5126
2022-03-16,San Francisco,075,870044,123463,123446,8120,131566,831
2022-03-16,San Joaquin,077,732212,166276,165703,9844,175547,2169
2022-03-16,San Luis Obispo,079,281455,52266,52132,3708,55840,462
2022-03-16,San Mateo,081,765935,120927,119680,6866,126546,660
2022-03-16,Santa Barbara,083,443738,85465,85322,4670,89992,670
2022-03-16,Santa Clara,085,1922200,312948,309689,12211,321900,2224
2022-03-16,Santa Cruz,087,273765,47526,47161,2067,49228,255
2022-03-16,Shasta,089,179085,30491,30489,6070,36559,527
2022-03-16,Sierra,091,2930,271,273,47,320,4
2022-03-16,Siskiyou,093,43540,4420,4419,2710,7129,76
2022-03-16,Solano,095,438530,81272,81277,5521,86798,440
2022-03-16,Sonoma,097,501317,83048,82791,2565,85356,472
2022-03-16,Stanislaus,099,539301,117309,118072,17767,135839,1567
2022-03-16,Sutter,101,95872,20413,20494,2035,22529,218
2022-03-16,Tehama,103,63373,12022,11999,2564,14563,160
2022-03-16,Trinity,105,12862,1183,1173,287,1460,20
2022-03-16,Tulare,107,460477,106181,104217,27426,131643,1377
2022-03-16,Tuolumne,109,53932,12656,12610,558,13168,180
2022-03-16,Ventura,111,848112,172538,172212,9345,181557,1451
2022-03-16,Yolo,113,214977,36863,36079,2884,38963,307
2022-03-16,Yuba,115,75493,15775,15758,1176,16934,117
2022-03-15,Alameda,001,1643700,254716,253694,13453,267147,1793
2022-03-15,Alpine,002,1148,122,122,1,123,0
2022-03-15,Amador,005,37829,8493,8448,638,9086,85
2022-03-15,Butte,007,227075,33046,32822,6998,39820,385
2022-03-15,Calaveras,009,45235,7235,7236,344,7580,118
2022-03-15,Colusa,011,21464,3442,3445,1046,4491,21
2022-03-15,Contra Costa,013,1133247,191174,187021,13274,200295,1265
2022-03-15,Del Norte,015,27424,5774,5806,178,5984,48
2022-03-15,El Dorado,017,186661,26596,26596,3179,29775,199
2022-03-15,Fresno,019,978130,234333,228631,24265,252896,2689
2022-03-15,Glenn,021,27897,4984,4966,1597,6563,44
2022-03-15,Humboldt,023,135768,16817,16889,2919,19808,138
2022-03-15,Imperial,025,180216,55243,54981,10503,65484,896
2022-03-15,Inyo,027,18085,4062,4062,467,4529,56
2022-03-15,Kern,029,883053,191424,190645,45668,236313,2168
2022-03-15,Kings,031,150075,51343,51317,3505,54822,437
2022-03-15,Lake,033,64148,10668,10631,877,11508,131
2022-03-15,Lassen,035,31185,8943,8926,873,9799,62
2022-03-15,Los Angeles,037,10098052,2702086,2685071,122023,2807094,31077
2022-03-15,Madera,039,155013,37195,37258,5996,43254,354
2022-03-15,Marin,041,260295,33229,33111,2165,35276,272
2022-03-15,Mariposa,043,17540,2383,2377,198,2575,6
2022-03-15,Mendocino,045,87422,13004,13005,2990,15995,117
2022-03-15,Merced,047,269075,62433,61916,8701,70617,798
2022-03-15,Modoc,049,8938,731,733,248,981,7
2022-03-15,Mono,051,14174,2964,2961,121,3082,5
2022-03-15,Monterey,053,433212,79054,78400,13504,91904,718
2022-03-15,Napa,055,140530,25636,25657,928,26585,138
2022-03-15,Nevada,057,99092,15901,15960,1187,17147,123
2022-03-15,Orange,059,3164182,545086,543197,41334,584531,6780
2022-03-15,Placer,061,380077,62553,62398,7294,69692,604
2022-03-15,Plumas,063,18699,2964,2722,358,3080,13
2022-03-15,Riverside,065,2383286,590005,588622,27629,616251,6333
2022-03-15,Sacramento,067,1510023,279890,274633,26414,301047,2907
2022-03-15,San Benito,069,59416,12931,12849,511,13360,95
2022-03-15,San Bernardino,071,2135413,572929,559605,24805,584410,6770
2022-03-15,San Diego,073,3302833,747901,746474,52423,798897,5116
2022-03-15,San Francisco,075,870044,123347,123526,8111,131637,831
2022-03-15,San Joaquin,077,732212,166233,165664,9838,175502,2161
2022-03-15,San Luis Obispo,079,281455,52256,52060,3704,55764,458
2022-03-15,San Mateo,081,765935,120875,119586,6860,126446,649
2022-03-15,Santa Barbara,083,443738,85440,85353,4666,90019,668
2022-03-15,Santa Clara,085,1922200,312784,309535,12200,321735,2224
2022-03-15,Santa Cruz,087,273765,47473,47117,2067,49184,255
2022-03-15,Shasta,089,179085,30482,30476,6067,36543,524
2022-03-15,Sierra,091,2930,271,273,47,320,4
2022-03-15,Siskiyou,093,43540,4420,4420,2710,7130,76
2022-03-15,Solano,095,438530,81236,81260,5520,86780,440
2022-03-15,Sonoma,097,501317,83008,82737,2565,85302,472
2022-03-15,Stanislaus,099,539301,117291,118085,17764,135849,1567
2022-03-15,Sutter,101,95872,20410,20480,2026,22506,217
2022-03-15,Tehama,103,63373,12019,11997,2564,14561,160
2022-03-15,Trinity,105,12862,1183,1173,287,1460,20
2022-03-15,Tulare,107,460477,106162,104153,27414,131567,1375
2022-03-15,Tuolumne,109,53932,12652,12602,558,13160,180
2022-03-15,Ventura,111,848112,172493,172150,9342,181492,1451
2022-03-15,Yolo,113,214977,36848,36079,2880,38959,308
2022-03-15,Yuba,115,75493,15767,15756,1176,16932,116
2022-03-14,Alameda,001,1643700,254604,253629,13449,267078,1791
2022-03-14,Alpine,002,1148,122,122,1,123,0
2022-03-14,Amador,005,37829,8488,8448,638,9086,85
2022-03-14,Butte,007,227075,33030,32812,6998,39810,385
2022-03-14,Calaveras,009,45235,7234,7245,344,7589,118
2022-03-14,Colusa,011,21464,3441,3445,1046,4491,21
2022-03-14,Contra Costa,013,1133247,191082,186969,13266,200235,1265
2022-03-14,Del Norte,015,27424,5768,5807,178,5985,48
2022-03-14,El Dorado,017,186661,26590,26570,3179,29749,199
2022-03-14,Fresno,019,978130,234258,228470,24255,252725,2682
2022-03-14,Glenn,021,27897,4982,4966,1597,6563,44
2022-03-14,Humboldt,023,135768,16810,16890,2917,19807,137
2022-03-14,Imperial,025,180216,55232,54933,10502,65435,897
2022-03-14,Inyo,027,18085,4062,4062,467,4529,56
2022-03-14,Kern,029,883053,191389,190526,45657,236183,2166
2022-03-14,Kings,031,150075,51325,51293,3504,54797,437
2022-03-14,Lake,033,64148,10665,10631,877,11508,131
2022-03-14,Lassen,035,31185,8943,8927,872,9799,62
2022-03-14,Los Angeles,037,10098052,2701455,2683369,121958,2805327,31034
2022-03-14,Madera,039,155013,37188,37255,5995,43250,354
2022-03-14,Marin,041,260295,33201,33099,2165,35264,272
2022-03-14,Mariposa,043,17540,2382,2376,198,2574,6
2022-03-14,Mendocino,045,87422,12999,12992,2983,15975,117
2022-03-14,Merced,047,269075,62414,61905,8699,70604,795
2022-03-14,Modoc,049,8938,730,731,248,979,7
2022-03-14,Mono,051,14174,2963,2961,121,3082,5
2022-03-14,Monterey,053,433212,79039,78376,13468,91844,718
2022-03-14,Napa,055,140530,25622,25649,928,26577,138
2022-03-14,Nevada,057,99092,15899,15954,1187,17141,123
2022-03-14,Orange,059,3164182,544949,543099,41319,584418,6775
2022-03-14,Placer,061,380077,62535,62389,7292,69681,601
2022-03-14,Plumas,063,18699,2964,2711,358,3069,13
2022-03-14,Riverside,065,2383286,589871,588531,27619,616150,6332
2022-03-14,Sacramento,067,1510023,279808,274682,26409,301091,2899
2022-03-14,San Benito,069,59416,12926,12846,511,13357,95
2022-03-14,San Bernardino,071,2135413,572842,559505,24800,584305,6767
2022-03-14,San Diego,073,3302833,747598,745515,52394,797909,5108
2022-03-14,San Francisco,075,870044,123256,123575,8104,131679,824
2022-03-14,San Joaquin,077,732212,166194,165662,9837,175499,2142
2022-03-14,San Luis Obispo,079,281455,52228,52046,3701,55747,458
2022-03-14,San Mateo,081,765935,120802,119564,6858,126422,649
2022-03-14,Santa Barbara,083,443738,85403,85396,4665,90061,667
2022-03-14,Santa Clara,085,1922200,312592,309600,12197,321797,2223
2022-03-14,Santa Cruz,087,273765,47435,47107,2065,49172,255
2022-03-14,Shasta,089,179085,30477,30462,6064,36526,520
2022-03-14,Sierra,091,2930,271,273,47,320,4
2022-03-14,Siskiyou,093,43540,4415,4419,2709,7128,76
2022-03-14,Solano,095,438530,81187,81233,5515,86748,440
2022-03-14,Sonoma,097,501317,82973,82731,2561,85292,473
2022-03-14,Stanislaus,099,539301,117256,118088,17760,135848,1567
2022-03-14,Sutter,101,95872,20404,20478,2026,22504,217
2022-03-14,Tehama,103,63373,12017,11996,2564,14560,160
2022-03-14,Trinity,105,12862,1183,1172,287,1459,20
2022-03-14,Tulare,107,460477,106135,104121,27407,131528,1365
2022-03-14,Tuolumne,109,53932,12651,12567,557,13124,180
2022-03-14,Ventura,111,848112,172440,172107,9340,181447,1442
2022-03-14,Yolo,113,214977,36832,36059,2878,38937,308
2022-03-14,Yuba,115,75493,15755,15748,1176,16924,116
2022-03-13,Alameda,001,1643700,254479,253547,13441,266988,1792
2022-03-13,Alpine,002,1148,122,122,1,123,0
2022-03-13,Amador,005,37829,8486,8444,638,9082,85
2022-03-13,Butte,007,227075,33011,32806,6995,39801,384
2022-03-13,Calaveras,009,45235,7229,7253,344,7597,118
2022-03-13,Colusa,011,21464,3441,3444,1044,4488,21
2022-03-13,Contra Costa,013,1133247,190983,186911,13253,200164,1265
2022-03-13,Del Norte,015,27424,5764,5808,178,5986,48
2022-03-13,El Dorado,017,186661,26585,26563,3178,29741,199
2022-03-13,Fresno,019,978130,234175,228421,24241,252662,2683
2022-03-13,Glenn,021,27897,4979,4966,1596,6562,44
2022-03-13,Humboldt,023,135768,16802,16883,2917,19800,137
2022-03-13,Imperial,025,180216,55221,54934,10500,65434,897
2022-03-13,Inyo,027,18085,4062,4062,466,4528,56
2022-03-13,Kern,029,883053,191335,190495,45645,236140,2166
2022-03-13,Kings,031,150075,51317,51273,3504,54777,437
2022-03-13,Lake,033,64148,10662,10626,877,11503,131
2022-03-13,Lassen,035,31185,8942,8929,871,9800,62
2022-03-13,Los Angeles,037,10098052,2700730,2683351,121916,2805267,31034
2022-03-13,Madera,039,155013,37180,37248,5995,43243,354
2022-03-13,Marin,041,260295,33177,33083,2163,35246,272
2022-03-13,Mariposa,043,17540,2380,2376,198,2574,6
2022-03-13,Mendocino,045,87422,12993,12987,2978,15965,117
2022-03-13,Merced,047,269075,62392,61895,8689,70584,795
2022-03-13,Modoc,049,8938,730,731,248,979,7
2022-03-13,Mono,051,14174,2963,2961,121,3082,5
2022-03-13,Monterey,053,433212,79003,78366,13420,91786,718
2022-03-13,Napa,055,140530,25608,25639,927,26566,138
2022-03-13,Nevada,057,99092,15892,15959,1187,17146,123
2022-03-13,Orange,059,3164182,544829,543036,41295,584331,6774
2022-03-13,Placer,061,380077,62511,62372,7289,69661,601
2022-03-13,Plumas,063,18699,2964,2711,358,3069,13
2022-03-13,Riverside,065,2383286,589738,588487,27613,616100,6332
2022-03-13,Sacramento,067,1510023,279699,274715,26396,301111,2899
2022-03-13,San Benito,069,59416,12920,12844,509,13353,95
2022-03-13,San Bernardino,071,2135413,572752,559450,24790,584240,6767
2022-03-13,San Diego,073,3302833,747256,745515,52360,797875,5108
2022-03-13,San Francisco,075,870044,123136,123622,8098,131720,824
2022-03-13,San Joaquin,077,732212,166145,165641,9835,175476,2142
2022-03-13,San Luis Obispo,079,281455,52198,52040,3699,55739,458
2022-03-13,San Mateo,081,765935,120724,119521,6849,126370,649
2022-03-13,Santa Barbara,083,443738,85363,85453,4663,90116,667
2022-03-13,Santa Clara,085,1922200,312406,309493,12189,321682,2225
2022-03-13,Santa Cruz,087,273765,47383,47087,2065,49152,255
2022-03-13,Shasta,089,179085,30460,30457,6062,36519,520
2022-03-13,Sierra,091,2930,271,273,47,320,4
2022-03-13,Siskiyou,093,43540,4415,4418,2709,7127,76
2022-03-13,Solano,095,438530,81151,81217,5510,86727,440
2022-03-13,Sonoma,097,501317,82939,82711,2557,85268,473
2022-03-13,Stanislaus,099,539301,117223,118075,17755,135830,1567
2022-03-13,Sutter,101,95872,20400,20474,2026,22500,217
2022-03-13,Tehama,103,63373,12016,11997,2563,14560,160
2022-03-13,Trinity,105,12862,1183,1172,287,1459,20
2022-03-13,Tulare,107,460477,106101,104119,27399,131518,1365
2022-03-13,Tuolumne,109,53932,12648,12565,557,13122,180
2022-03-13,Ventura,111,848112,172382,172080,9333,181413,1442
2022-03-13,Yolo,113,214977,36813,36019,2876,38895,308
2022-03-13,Yuba,115,75493,15750,15741,1176,16917,116
2022-03-12,Alameda,001,1643700,254412,253079,13436,266515,1783
2022-03-12,Alpine,002,1148,122,122,1,123,0
2022-03-12,Amador,005,37829,8482,8427,638,9065,84
2022-03-12,Butte,007,227075,33006,32774,6993,39767,380
2022-03-12,Calaveras,009,45235,7228,7253,344,7597,118
2022-03-12,Colusa,011,21464,3441,3440,1044,4484,21
2022-03-12,Contra Costa,013,1133247,190941,186618,13252,199870,1256
2022-03-12,Del Norte,015,27424,5763,5791,178,5969,48
2022-03-12,El Dorado,017,186661,26581,26538,3178,29716,199
2022-03-12,Fresno,019,978130,234153,228041,24241,252282,2653
2022-03-12,Glenn,021,27897,4979,4955,1596,6551,44
2022-03-12,Humboldt,023,135768,16798,16862,2916,19778,137
2022-03-12,Imperial,025,180216,55216,54837,10497,65334,896
2022-03-12,Inyo,027,18085,4062,4056,466,4522,56
2022-03-12,Kern,029,883053,191318,190330,45640,235970,2162
2022-03-12,Kings,031,150075,51311,51145,3504,54649,436
2022-03-12,Lake,033,64148,10660,10594,876,11470,131
2022-03-12,Lassen,035,31185,8941,8915,871,9786,62
2022-03-12,Los Angeles,037,10098052,2700404,2678858,121894,2800752,30901
2022-03-12,Madera,039,155013,37175,37223,5995,43218,354
2022-03-12,Marin,041,260295,33152,33015,2162,35177,272
2022-03-12,Mariposa,043,17540,2380,2372,198,2570,6
2022-03-12,Mendocino,045,87422,12989,12965,2978,15943,117
2022-03-12,Merced,047,269075,62385,61840,8687,70527,795
2022-03-12,Modoc,049,8938,730,730,248,978,7
2022-03-12,Mono,051,14174,2963,2960,120,3080,5
2022-03-12,Monterey,053,433212,78996,78285,13418,91703,716
2022-03-12,Napa,055,140530,25598,25584,926,26510,138
2022-03-12,Nevada,057,99092,15886,15947,1187,17134,123
2022-03-12,Orange,059,3164182,544765,542354,41286,583640,6718
2022-03-12,Placer,061,380077,62501,62282,7289,69571,598
2022-03-12,Plumas,063,18699,2964,2707,358,3065,13
2022-03-12,Riverside,065,2383286,589672,588022,27608,615630,6317
2022-03-12,Sacramento,067,1510023,279659,274519,26392,300911,2886
2022-03-12,San Benito,069,59416,12917,12868,509,13377,95
2022-03-12,San Bernardino,071,2135413,572704,559013,24789,583802,6734
2022-03-12,San Diego,073,3302833,747134,744386,52338,796724,5090
2022-03-12,San Francisco,075,870044,123071,123610,8092,131702,823
2022-03-12,San Joaquin,077,732212,166124,165516,9832,175348,2117
2022-03-12,San Luis Obispo,079,281455,52189,51947,3696,55643,457
2022-03-12,San Mateo,081,765935,120688,119288,6848,126136,641
2022-03-12,Santa Barbara,083,443738,85344,85421,4663,90084,664
2022-03-12,Santa Clara,085,1922200,312302,308989,12184,321173,2208
2022-03-12,Santa Cruz,087,273765,47370,46982,2064,49046,254
2022-03-12,Shasta,089,179085,30448,30419,6060,36479,517
2022-03-12,Sierra,091,2930,271,273,47,320,4
2022-03-12,Siskiyou,093,43540,4415,4405,2709,7114,75
2022-03-12,Solano,095,438530,81137,81058,5510,86568,436
2022-03-12,Sonoma,097,501317,82922,82622,2555,85177,473
2022-03-12,Stanislaus,099,539301,117209,117884,17754,135638,1564
2022-03-12,Sutter,101,95872,20399,20429,2026,22455,217
2022-03-12,Tehama,103,63373,12016,11983,2563,14546,159
2022-03-12,Trinity,105,12862,1182,1172,287,1459,20
2022-03-12,Tulare,107,460477,106096,103994,27395,131389,1358
2022-03-12,Tuolumne,109,53932,12647,12476,557,13033,180
2022-03-12,Ventura,111,848112,172357,171932,9332,181264,1442
2022-03-12,Yolo,113,214977,36806,35982,2874,38856,308
2022-03-12,Yuba,115,75493,15750,15722,1176,16898,116
2022-03-11,Alameda,001,1643700,254350,253079,13436,266515,1783
2022-03-11,Alpine,002,1148,122,122,1,123,0
2022-03-11,Amador,005,37829,8480,8427,638,9065,84
2022-03-11,Butte,007,227075,33002,32774,6992,39766,380
2022-03-11,Calaveras,009,45235,7228,7253,344,7597,118
2022-03-11,Colusa,011,21464,3441,3440,1044,4484,21
2022-03-11,Contra Costa,013,1133247,190892,186618,13250,199868,1256
2022-03-11,Del Norte,015,27424,5759,5791,178,5969,48
2022-03-11,El Dorado,017,186661,26577,26538,3178,29716,199
2022-03-11,Fresno,019,978130,234098,228041,24237,252278,2653
2022-03-11,Glenn,021,27897,4979,4955,1596,6551,44
2022-03-11,Humboldt,023,135768,16793,16862,2915,19777,137
2022-03-11,Imperial,025,180216,55210,54837,10496,65333,896
2022-03-11,Inyo,027,18085,4062,4056,466,4522,56
2022-03-11,Kern,029,883053,191296,190330,45635,235965,2162
2022-03-11,Kings,031,150075,51292,51145,3504,54649,436
2022-03-11,Lake,033,64148,10656,10594,876,11470,131
2022-03-11,Lassen,035,31185,8940,8915,871,9786,62
2022-03-11,Los Angeles,037,10098052,2700083,2678858,121866,2800724,30901
2022-03-11,Madera,039,155013,37170,37223,5995,43218,354
2022-03-11,Marin,041,260295,33136,33015,2161,35176,272
2022-03-11,Mariposa,043,17540,2379,2372,198,2570,6
2022-03-11,Mendocino,045,87422,12983,12965,2978,15943,117
2022-03-11,Merced,047,269075,62378,61840,8685,70525,795
2022-03-11,Modoc,049,8938,730,730,248,978,7
2022-03-11,Mono,051,14174,2962,2960,120,3080,5
2022-03-11,Monterey,053,433212,78983,78285,13411,91696,716
2022-03-11,Napa,055,140530,25587,25584,926,26510,138
2022-03-11,Nevada,057,99092,15883,15947,1187,17134,123
2022-03-11,Orange,059,3164182,544696,542354,41272,583626,6718
2022-03-11,Placer,061,380077,62488,62282,7288,69570,598
2022-03-11,Plumas,063,18699,2962,2707,358,3065,13
2022-03-11,Riverside,065,2383286,589595,588022,27604,615626,6317
2022-03-11,Sacramento,067,1510023,279589,274519,26390,300909,2886
2022-03-11,San Benito,069,59416,12916,12868,509,13377,95
2022-03-11,San Bernardino,071,2135413,572647,559013,24784,583797,6734
2022-03-11,San Diego,073,3302833,746968,744386,52324,796710,5090
2022-03-11,San Francisco,075,870044,123014,123610,8088,131698,823
2022-03-11,San Joaquin,077,732212,166086,165516,9829,175345,2117
2022-03-11,San Luis Obispo,079,281455,52181,51947,3695,55642,457
2022-03-11,San Mateo,081,765935,120639,119288,6845,126133,641
2022-03-11,Santa Barbara,083,443738,85324,85421,4662,90083,664
2022-03-11,Santa Clara,085,1922200,312165,308989,12181,321170,2208
2022-03-11,Santa Cruz,087,273765,47355,46982,2064,49046,254
2022-03-11,Shasta,089,179085,30443,30419,6057,36476,517
2022-03-11,Sierra,091,2930,271,273,47,320,4
2022-03-11,Siskiyou,093,43540,4415,4405,2707,7112,75
2022-03-11,Solano,095,438530,81123,81058,5509,86567,436
2022-03-11,Sonoma,097,501317,82896,82622,2553,85175,473
2022-03-11,Stanislaus,099,539301,117195,117884,17752,135636,1564
2022-03-11,Sutter,101,95872,20397,20429,2026,22455,217
2022-03-11,Tehama,103,63373,12014,11983,2563,14546,159
2022-03-11,Trinity,105,12862,1182,1172,287,1459,20
2022-03-11,Tulare,107,460477,106082,103994,27389,131383,1358
2022-03-11,Tuolumne,109,53932,12645,12476,557,13033,180
2022-03-11,Ventura,111,848112,172321,171932,9327,181259,1442
2022-03-11,Yolo,113,214977,36795,35982,2874,38856,308
2022-03-11,Yuba,115,75493,15747,15722,1176,16898,116
2022-03-10,Alameda,001,1643700,254225,253079,13432,266511,1783
2022-03-10,Alpine,002,1148,122,122,1,123,0
2022-03-10,Amador,005,37829,8479,8427,638,9065,84
2022-03-10,Butte,007,227075,32986,32774,6990,39764,380
2022-03-10,Calaveras,009,45235,7227,7253,343,7596,118
2022-03-10,Colusa,011,21464,3441,3440,1044,4484,21
2022-03-10,Contra Costa,013,1133247,190808,186618,13240,199858,1256
2022-03-10,Del Norte,015,27424,5750,5791,178,5969,48
2022-03-10,El Dorado,017,186661,26566,26538,3177,29715,199
2022-03-10,Fresno,019,978130,234022,228041,24227,252268,2653
2022-03-10,Glenn,021,27897,4976,4955,1596,6551,44
2022-03-10,Humboldt,023,135768,16784,16862,2914,19776,137
2022-03-10,Imperial,025,180216,55200,54837,10495,65332,896
2022-03-10,Inyo,027,18085,4061,4056,466,4522,56
2022-03-10,Kern,029,883053,191263,190330,45621,235951,2162
2022-03-10,Kings,031,150075,51263,51145,3503,54648,436
2022-03-10,Lake,033,64148,10646,10594,875,11469,131
2022-03-10,Lassen,035,31185,8940,8915,871,9786,62
2022-03-10,Los Angeles,037,10098052,2699531,2678858,121825,2800683,30901
2022-03-10,Madera,039,155013,37164,37223,5988,43211,354
2022-03-10,Marin,041,260295,33123,33015,2157,35172,272
2022-03-10,Mariposa,043,17540,2379,2372,198,2570,6
2022-03-10,Mendocino,045,87422,12979,12965,2978,15943,117
2022-03-10,Merced,047,269075,62358,61840,8680,70520,795
2022-03-10,Modoc,049,8938,729,730,248,978,7
2022-03-10,Mono,051,14174,2962,2960,120,3080,5
2022-03-10,Monterey,053,433212,78960,78285,13386,91671,716
2022-03-10,Napa,055,140530,25578,25584,925,26509,138
2022-03-10,Nevada,057,99092,15876,15947,1187,17134,123
2022-03-10,Orange,059,3164182,544575,542354,41254,583608,6718
2022-03-10,Placer,061,380077,62467,62282,7283,69565,598
2022-03-10,Plumas,063,18699,2961,2707,358,3065,13
2022-03-10,Riverside,065,2383286,589480,588022,27599,615621,6317
2022-03-10,Sacramento,067,1510023,279512,274519,26384,300903,2886
2022-03-10,San Benito,069,59416,12915,12868,508,13376,95
2022-03-10,San Bernardino,071,2135413,572574,559013,24780,583793,6734
2022-03-10,San Diego,073,3302833,746710,744386,52293,796679,5090
2022-03-10,San Francisco,075,870044,122947,123610,8082,131692,823
2022-03-10,San Joaquin,077,732212,166053,165516,9827,175343,2117
2022-03-10,San Luis Obispo,079,281455,52158,51947,3692,55639,457
2022-03-10,San Mateo,081,765935,120576,119288,6843,126131,641
2022-03-10,Santa Barbara,083,443738,85292,85421,4661,90082,664
2022-03-10,Santa Clara,085,1922200,311993,308989,12174,321163,2208
2022-03-10,Santa Cruz,087,273765,47323,46982,2064,49046,254
2022-03-10,Shasta,089,179085,30434,30419,6055,36474,517
2022-03-10,Sierra,091,2930,271,273,47,320,4
2022-03-10,Siskiyou,093,43540,4415,4405,2707,7112,75
2022-03-10,Solano,095,438530,81087,81058,5504,86562,436
2022-03-10,Sonoma,097,501317,82870,82622,2553,85175,473
2022-03-10,Stanislaus,099,539301,117160,117884,17750,135634,1564
2022-03-10,Sutter,101,95872,20393,20429,2026,22455,217
2022-03-10,Tehama,103,63373,12013,11983,2563,14546,159
2022-03-10,Trinity,105,12862,1182,1172,287,1459,20
2022-03-10,Tulare,107,460477,106064,103994,27383,131377,1358
2022-03-10,Tuolumne,109,53932,12642,12476,557,13033,180
2022-03-10,Ventura,111,848112,172280,171932,9324,181256,1442
2022-03-10,Yolo,113,214977,36782,35982,2873,38855,308
2022-03-10,Yuba,115,75493,15737,15722,1175,16897,116
2022-03-09,Alameda,001,1643700,254093,252893,13428,266321,1781
2022-03-09,Alpine,002,1148,122,125,1,126,0
2022-03-09,Amador,005,37829,8473,8409,638,9047,84
2022-03-09,Butte,007,227075,32977,32767,6986,39753,380
2022-03-09,Calaveras,009,45235,7225,7249,343,7592,117
2022-03-09,Colusa,011,21464,3440,3439,1044,4483,21
2022-03-09,Contra Costa,013,1133247,190702,186483,13225,199708,1256
2022-03-09,Del Norte,015,27424,5746,5765,178,5943,48
2022-03-09,El Dorado,017,186661,26562,26515,3176,29691,198
2022-03-09,Fresno,019,978130,233924,227885,24219,252104,2653
2022-03-09,Glenn,021,27897,4976,4953,1595,6548,44
2022-03-09,Humboldt,023,135768,16779,16854,2911,19765,137
2022-03-09,Imperial,025,180216,55194,54764,10493,65257,894
2022-03-09,Inyo,027,18085,4061,4056,466,4522,56
2022-03-09,Kern,029,883053,191215,190254,45608,235862,2159
2022-03-09,Kings,031,150075,51242,51122,3503,54625,435
2022-03-09,Lake,033,64148,10639,10586,875,11461,130
2022-03-09,Lassen,035,31185,8940,8901,871,9772,62
2022-03-09,Los Angeles,037,10098052,2698886,2677901,121785,2799686,30842
2022-03-09,Madera,039,155013,37156,37207,5987,43194,354
2022-03-09,Marin,041,260295,33105,32967,2157,35124,272
2022-03-09,Mariposa,043,17540,2376,2372,198,2570,6
2022-03-09,Mendocino,045,87422,12975,12957,2973,15930,117
2022-03-09,Merced,047,269075,62341,61792,8674,70466,792
2022-03-09,Modoc,049,8938,728,730,247,977,7
2022-03-09,Mono,051,14174,2962,2962,120,3082,5
2022-03-09,Monterey,053,433212,78937,78258,13343,91601,716
2022-03-09,Napa,055,140530,25557,25561,924,26485,138
2022-03-09,Nevada,057,99092,15867,15938,1186,17124,123
2022-03-09,Orange,059,3164182,544444,542278,41242,583520,6700
2022-03-09,Placer,061,380077,62444,62242,7279,69521,598
2022-03-09,Plumas,063,18699,2960,2708,358,3066,13
2022-03-09,Riverside,065,2383286,589368,587833,27589,615422,6305
2022-03-09,Sacramento,067,1510023,279424,274373,26368,300741,2877
2022-03-09,San Benito,069,59416,12898,12864,508,13372,95
2022-03-09,San Bernardino,071,2135413,572472,558795,24769,583564,6723
2022-03-09,San Diego,073,3302833,746439,743956,52266,796222,5083
2022-03-09,San Francisco,075,870044,122856,123676,8078,131754,812
2022-03-09,San Joaquin,077,732212,166013,165444,9821,175265,2113
2022-03-09,San Luis Obispo,079,281455,52139,51923,3690,55613,457
2022-03-09,San Mateo,081,765935,120518,119194,6831,126025,639
2022-03-09,Santa Barbara,083,443738,85278,85382,4659,90041,661
2022-03-09,Santa Clara,085,1922200,311838,308765,12164,320929,2206
2022-03-09,Santa Cruz,087,273765,47283,46917,2063,48980,254
2022-03-09,Shasta,089,179085,30412,30407,6054,36461,493
2022-03-09,Sierra,091,2930,271,273,47,320,4
2022-03-09,Siskiyou,093,43540,4414,4403,2706,7109,75
2022-03-09,Solano,095,438530,81051,80984,5503,86487,436
2022-03-09,Sonoma,097,501317,82837,82574,2551,85125,473
2022-03-09,Stanislaus,099,539301,117123,117827,17745,135572,1541
2022-03-09,Sutter,101,95872,20382,20409,2022,22431,217
2022-03-09,Tehama,103,63373,12009,11980,2563,14543,159
2022-03-09,Trinity,105,12862,1182,1174,287,1461,20
2022-03-09,Tulare,107,460477,106036,103932,27370,131302,1350
2022-03-09,Tuolumne,109,53932,12640,12444,557,13001,180
2022-03-09,Ventura,111,848112,172229,171852,9321,181173,1448
2022-03-09,Yolo,113,214977,36763,35973,2861,38834,308
2022-03-09,Yuba,115,75493,15732,15714,1174,16888,115
2022-03-08,Alameda,001,1643700,253936,252744,13415,266159,1769
2022-03-08,Alpine,002,1148,122,125,1,126,0
2022-03-08,Amador,005,37829,8459,8407,638,9045,84
2022-03-08,Butte,007,227075,32963,32759,6982,39741,380
2022-03-08,Calaveras,009,45235,7221,7245,343,7588,117
2022-03-08,Colusa,011,21464,3437,3439,1043,4482,21
2022-03-08,Contra Costa,013,1133247,190615,186396,13212,199608,1256
2022-03-08,Del Norte,015,27424,5741,5763,178,5941,48
2022-03-08,El Dorado,017,186661,26552,26503,3171,29674,197
2022-03-08,Fresno,019,978130,233826,227808,24210,252018,2653
2022-03-08,Glenn,021,27897,4974,4944,1594,6538,43
2022-03-08,Humboldt,023,135768,16767,16837,2898,19735,137
2022-03-08,Imperial,025,180216,55180,54721,10491,65212,890
2022-03-08,Inyo,027,18085,4058,4056,466,4522,56
2022-03-08,Kern,029,883053,191152,190208,45594,235802,2154
2022-03-08,Kings,031,150075,51200,51089,3501,54590,434
2022-03-08,Lake,033,64148,10629,10571,875,11446,130
2022-03-08,Lassen,035,31185,8939,8897,871,9768,62
2022-03-08,Los Angeles,037,10098052,2698195,2677166,121748,2798914,30803
2022-03-08,Madera,039,155013,37146,37185,5986,43171,354
2022-03-08,Marin,041,260295,33068,32943,2156,35099,272
2022-03-08,Mariposa,043,17540,2374,2371,198,2569,6
2022-03-08,Mendocino,045,87422,12971,12950,2972,15922,117
2022-03-08,Merced,047,269075,62320,61767,8663,70430,791
2022-03-08,Modoc,049,8938,727,729,247,976,7
2022-03-08,Mono,051,14174,2961,2961,120,3081,5
2022-03-08,Monterey,053,433212,78917,78247,13306,91553,711
2022-03-08,Napa,055,140530,25531,25528,923,26451,137
2022-03-08,Nevada,057,99092,15856,15939,1185,17124,122
2022-03-08,Orange,059,3164182,544298,542164,41222,583386,6692
2022-03-08,Placer,061,380077,62416,62221,7278,69499,594
2022-03-08,Plumas,063,18699,2960,2703,358,3061,13
2022-03-08,Riverside,065,2383286,589259,587686,27582,615268,6294
2022-03-08,Sacramento,067,1510023,279322,274276,26349,300625,2872
2022-03-08,San Benito,069,59416,12896,12855,508,13363,94
2022-03-08,San Bernardino,071,2135413,572379,558512,24759,583271,6715
2022-03-08,San Diego,073,3302833,746096,743604,52249,795853,5077
2022-03-08,San Francisco,075,870044,122760,123675,8073,131748,807
2022-03-08,San Joaquin,077,732212,165977,165381,9817,175198,2104
2022-03-08,San Luis Obispo,079,281455,52111,51900,3687,55587,451
2022-03-08,San Mateo,081,765935,120437,119103,6821,125924,638
2022-03-08,Santa Barbara,083,443738,85246,85363,4659,90022,659
2022-03-08,Santa Clara,085,1922200,311611,308528,12157,320685,2206
2022-03-08,Santa Cruz,087,273765,47246,46875,2062,48937,254
2022-03-08,Shasta,089,179085,30393,30372,6051,36423,493
2022-03-08,Sierra,091,2930,271,273,47,320,4
2022-03-08,Siskiyou,093,43540,4410,4404,2706,7110,74
2022-03-08,Solano,095,438530,81023,80924,5500,86424,434
2022-03-08,Sonoma,097,501317,82790,82571,2550,85121,473
2022-03-08,Stanislaus,099,539301,117079,117782,17736,135518,1541
2022-03-08,Sutter,101,95872,20374,20403,2022,22425,217
2022-03-08,Tehama,103,63373,12005,11972,2562,14534,158
2022-03-08,Trinity,105,12862,1182,1174,287,1461,20
2022-03-08,Tulare,107,460477,105998,103893,27359,131252,1334
2022-03-08,Tuolumne,109,53932,12635,12427,555,12982,180
2022-03-08,Ventura,111,848112,172165,171806,9314,181120,1447
2022-03-08,Yolo,113,214977,36737,35946,2860,38806,306
2022-03-08,Yuba,115,75493,15727,15705,1173,16878,115
2022-03-07,Alameda,001,1643700,253727,252578,13404,265982,1766
2022-03-07,Alpine,002,1148,122,125,1,126,0
2022-03-07,Amador,005,37829,8456,8368,638,9006,84
2022-03-07,Butte,007,227075,32948,32734,6978,39712,378
2022-03-07,Calaveras,009,45235,7217,7242,343,7585,116
2022-03-07,Colusa,011,21464,3437,3437,1043,4480,21
2022-03-07,Contra Costa,013,1133247,190515,186087,13191,199278,1256
2022-03-07,Del Norte,015,27424,5737,5758,178,5936,48
2022-03-07,El Dorado,017,186661,26546,26487,3170,29657,196
2022-03-07,Fresno,019,978130,233735,227670,24186,251856,2653
2022-03-07,Glenn,021,27897,4971,4939,1594,6533,43
2022-03-07,Humboldt,023,135768,16754,16829,2893,19722,137
2022-03-07,Imperial,025,180216,55158,54712,10486,65198,890
2022-03-07,Inyo,027,18085,4056,4054,466,4520,56
2022-03-07,Kern,029,883053,191088,190163,45571,235734,2152
2022-03-07,Kings,031,150075,51170,51065,3496,54561,433
2022-03-07,Lake,033,64148,10617,10562,874,11436,130
2022-03-07,Lassen,035,31185,8938,8896,871,9767,62
2022-03-07,Los Angeles,037,10098052,2697398,2675497,121707,2797204,30759
2022-03-07,Madera,039,155013,37136,37164,5984,43148,354
2022-03-07,Marin,041,260295,33031,32919,2153,35072,272
2022-03-07,Mariposa,043,17540,2373,2369,198,2567,6
2022-03-07,Mendocino,045,87422,12964,12940,2971,15911,117
2022-03-07,Merced,047,269075,62280,61751,8656,70407,791
2022-03-07,Modoc,049,8938,727,729,247,976,7
2022-03-07,Mono,051,14174,2961,2960,120,3080,5
2022-03-07,Monterey,053,433212,78883,78161,13258,91419,706
2022-03-07,Napa,055,140530,25501,25500,923,26423,136
2022-03-07,Nevada,057,99092,15849,15935,1179,17114,122
2022-03-07,Orange,059,3164182,544127,542028,41196,583224,6687
2022-03-07,Placer,061,380077,62387,62215,7277,69492,591
2022-03-07,Plumas,063,18699,2960,2702,358,3060,13
2022-03-07,Riverside,065,2383286,589132,587537,27574,615111,6279
2022-03-07,Sacramento,067,1510023,279221,274079,26336,300415,2866
2022-03-07,San Benito,069,59416,12890,12843,508,13351,94
2022-03-07,San Bernardino,071,2135413,572274,558265,24749,583014,6703
2022-03-07,San Diego,073,3302833,745754,742287,52206,794493,5068
2022-03-07,San Francisco,075,870044,122648,123655,8067,131722,807
2022-03-07,San Joaquin,077,732212,165926,165343,9810,175153,2091
2022-03-07,San Luis Obispo,079,281455,52066,51874,3685,55559,448
2022-03-07,San Mateo,081,765935,120361,119035,6814,125849,630
2022-03-07,Santa Barbara,083,443738,85207,85345,4658,90003,659
2022-03-07,Santa Clara,085,1922200,311415,308517,12149,320666,2202
2022-03-07,Santa Cruz,087,273765,47196,46823,2061,48884,254
2022-03-07,Shasta,089,179085,30380,30352,6048,36400,493
2022-03-07,Sierra,091,2930,271,273,47,320,4
2022-03-07,Siskiyou,093,43540,4406,4398,2705,7103,74
2022-03-07,Solano,095,438530,80966,80886,5498,86384,435
2022-03-07,Sonoma,097,501317,82745,82530,2549,85079,473
2022-03-07,Stanislaus,099,539301,117040,117713,17729,135442,1537
2022-03-07,Sutter,101,95872,20363,20400,2021,22421,217
2022-03-07,Tehama,103,63373,12000,11966,2561,14527,158
2022-03-07,Trinity,105,12862,1180,1173,287,1460,20
2022-03-07,Tulare,107,460477,105961,103834,27349,131183,1316
2022-03-07,Tuolumne,109,53932,12629,12408,554,12962,179
2022-03-07,Ventura,111,848112,172114,171886,9312,181198,1436
2022-03-07,Yolo,113,214977,36714,35934,2854,38788,306
2022-03-07,Yuba,115,75493,15720,15701,1172,16873,115
2022-03-06,Alameda,001,1643700,253534,252460,13395,265855,1766
2022-03-06,Alpine,002,1148,122,125,1,126,0
2022-03-06,Amador,005,37829,8453,8367,636,9003,84
2022-03-06,Butte,007,227075,32936,32714,6973,39687,376
2022-03-06,Calaveras,009,45235,7215,7236,342,7578,116
2022-03-06,Colusa,011,21464,3435,3435,1042,4477,21
2022-03-06,Contra Costa,013,1133247,190401,185974,13166,199140,1256
2022-03-06,Del Norte,015,27424,5722,5744,177,5921,48
2022-03-06,El Dorado,017,186661,26539,26478,3168,29646,196
2022-03-06,Fresno,019,978130,233593,227514,24176,251690,2653
2022-03-06,Glenn,021,27897,4967,4939,1594,6533,43
2022-03-06,Humboldt,023,135768,16744,16813,2890,19703,137
2022-03-06,Imperial,025,180216,55140,54719,10476,65195,890
2022-03-06,Inyo,027,18085,4054,4053,466,4519,56
2022-03-06,Kern,029,883053,191032,190088,45551,235639,2152
2022-03-06,Kings,031,150075,51100,51050,3494,54544,432
2022-03-06,Lake,033,64148,10603,10539,873,11412,130
2022-03-06,Lassen,035,31185,8925,8887,870,9757,62
2022-03-06,Los Angeles,037,10098052,2696474,2675456,121653,2797109,30759
2022-03-06,Madera,039,155013,37106,37135,5977,43112,354
2022-03-06,Marin,041,260295,33005,32879,2152,35031,272
2022-03-06,Mariposa,043,17540,2372,2365,197,2562,6
2022-03-06,Mendocino,045,87422,12952,12923,2967,15890,116
2022-03-06,Merced,047,269075,62248,61722,8638,70360,791
2022-03-06,Modoc,049,8938,727,729,247,976,7
2022-03-06,Mono,051,14174,2961,2959,120,3079,5
2022-03-06,Monterey,053,433212,78837,78154,13227,91381,706
2022-03-06,Napa,055,140530,25466,25457,921,26378,136
2022-03-06,Nevada,057,99092,15838,15924,1178,17102,122
2022-03-06,Orange,059,3164182,543970,541903,41149,583052,6688
2022-03-06,Placer,061,380077,62355,62185,7274,69459,591
2022-03-06,Plumas,063,18699,2955,2704,358,3062,13
2022-03-06,Riverside,065,2383286,588969,587388,27554,614942,6279
2022-03-06,Sacramento,067,1510023,279085,273935,26312,300247,2869
2022-03-06,San Benito,069,59416,12879,12835,507,13342,94
2022-03-06,San Bernardino,071,2135413,572152,558139,24737,582876,6701
2022-03-06,San Diego,073,3302833,745359,742287,52157,794444,5068
2022-03-06,San Francisco,075,870044,122516,123742,8064,131806,806
2022-03-06,San Joaquin,077,732212,165844,165252,9804,175056,2091
2022-03-06,San Luis Obispo,079,281455,52028,51828,3683,55511,448
2022-03-06,San Mateo,081,765935,120278,118916,6805,125721,630
2022-03-06,Santa Barbara,083,443738,85166,85317,4653,89970,659
2022-03-06,Santa Clara,085,1922200,311147,308250,12147,320397,2201
2022-03-06,Santa Cruz,087,273765,47145,46755,2060,48815,254
2022-03-06,Shasta,089,179085,30357,30332,6032,36364,493
2022-03-06,Sierra,091,2930,271,273,47,320,4
2022-03-06,Siskiyou,093,43540,4404,4398,2703,7101,74
2022-03-06,Solano,095,438530,80909,80833,5492,86325,435
2022-03-06,Sonoma,097,501317,82710,82458,2545,85003,473
2022-03-06,Stanislaus,099,539301,116994,117680,17717,135397,1536
2022-03-06,Sutter,101,95872,20351,20390,2017,22407,217
2022-03-06,Tehama,103,63373,11992,11963,2561,14524,158
2022-03-06,Trinity,105,12862,1180,1172,286,1458,20
2022-03-06,Tulare,107,460477,105905,103794,27337,131131,1316
2022-03-06,Tuolumne,109,53932,12623,12379,552,12931,179
2022-03-06,Ventura,111,848112,172045,171819,9310,181129,1436
2022-03-06,Yolo,113,214977,36688,35882,2851,38733,306
2022-03-06,Yuba,115,75493,15716,15694,1171,16865,115
2022-03-05,Alameda,001,1643700,253417,251988,13390,265378,1760
2022-03-05,Alpine,002,1148,122,125,1,126,0
2022-03-05,Amador,005,37829,8450,8344,636,8980,83
2022-03-05,Butte,007,227075,32928,32663,6969,39632,372
2022-03-05,Calaveras,009,45235,7212,7236,342,7578,116
2022-03-05,Colusa,011,21464,3435,3433,1042,4475,21
2022-03-05,Contra Costa,013,1133247,190338,185734,13161,198895,1235
2022-03-05,Del Norte,015,27424,5719,5725,177,5902,48
2022-03-05,El Dorado,017,186661,26533,26446,3165,29611,193
2022-03-05,Fresno,019,978130,233541,227154,24175,251329,2640
2022-03-05,Glenn,021,27897,4963,4927,1594,6521,43
2022-03-05,Humboldt,023,135768,16738,16781,2888,19669,136
2022-03-05,Imperial,025,180216,55130,54650,10474,65124,880
2022-03-05,Inyo,027,18085,4053,4043,465,4508,56
2022-03-05,Kern,029,883053,190999,189817,45533,235350,2141
2022-03-05,Kings,031,150075,51093,50926,3493,54419,431
2022-03-05,Lake,033,64148,10595,10512,872,11384,130
2022-03-05,Lassen,035,31185,8916,8818,870,9688,62
2022-03-05,Los Angeles,037,10098052,2696110,2671564,121617,2793181,30608
2022-03-05,Madera,039,155013,37091,37100,5977,43077,354
2022-03-05,Marin,041,260295,32993,32829,2152,34981,272
2022-03-05,Mariposa,043,17540,2372,2363,197,2560,6
2022-03-05,Mendocino,045,87422,12949,12845,2967,15812,113
2022-03-05,Merced,047,269075,62237,61653,8638,70291,789
2022-03-05,Modoc,049,8938,727,729,247,976,7
2022-03-05,Mono,051,14174,2961,2961,120,3081,5
2022-03-05,Monterey,053,433212,78818,78028,13220,91248,704
2022-03-05,Napa,055,140530,25448,25405,921,26326,134
2022-03-05,Nevada,057,99092,15834,15907,1178,17085,122
2022-03-05,Orange,059,3164182,543846,541463,41137,582600,6638
2022-03-05,Placer,061,380077,62340,62117,7267,69384,591
2022-03-05,Plumas,063,18699,2954,2701,358,3059,13
2022-03-05,Riverside,065,2383286,588878,586785,27550,614335,6239
2022-03-05,Sacramento,067,1510023,279021,273487,26306,299793,2847
2022-03-05,San Benito,069,59416,12877,12820,507,13327,94
2022-03-05,San Bernardino,071,2135413,572094,557421,24731,582152,6641
2022-03-05,San Diego,073,3302833,745172,740747,52145,792892,5045
2022-03-05,San Francisco,075,870044,122446,123537,8061,131598,798
2022-03-05,San Joaquin,077,732212,165804,165085,9796,174881,2069
2022-03-05,San Luis Obispo,079,281455,52020,51739,3682,55421,446
2022-03-05,San Mateo,081,765935,120223,118646,6801,125447,621
2022-03-05,Santa Barbara,083,443738,85151,85249,4653,89902,655
2022-03-05,Santa Clara,085,1922200,311030,307689,12144,319833,2195
2022-03-05,Santa Cruz,087,273765,47125,46622,2060,48682,253
2022-03-05,Shasta,089,179085,30345,30282,6032,36314,492
2022-03-05,Sierra,091,2930,271,273,46,319,4
2022-03-05,Siskiyou,093,43540,4403,4389,2702,7091,74
2022-03-05,Solano,095,438530,80892,80690,5492,86182,435
2022-03-05,Sonoma,097,501317,82688,82313,2545,84858,473
2022-03-05,Stanislaus,099,539301,116968,117501,17715,135216,1531
2022-03-05,Sutter,101,95872,20343,20346,2017,22363,217
2022-03-05,Tehama,103,63373,11989,11939,2561,14500,158
2022-03-05,Trinity,105,12862,1180,1170,284,1454,20
2022-03-05,Tulare,107,460477,105891,103534,27328,130862,1305
2022-03-05,Tuolumne,109,53932,12619,12325,551,12876,178
2022-03-05,Ventura,111,848112,172004,171666,9308,180974,1436
2022-03-05,Yolo,113,214977,36674,35856,2851,38707,306
2022-03-05,Yuba,115,75493,15708,15666,1171,16837,115
2022-03-04,Alameda,001,1643700,253322,251988,13382,265370,1760
2022-03-04,Alpine,002,1148,122,125,1,126,0
2022-03-04,Amador,005,37829,8449,8344,636,8980,83
2022-03-04,Butte,007,227075,32922,32663,6964,39627,372
2022-03-04,Calaveras,009,45235,7211,7236,342,7578,116
2022-03-04,Colusa,011,21464,3433,3433,1042,4475,21
2022-03-04,Contra Costa,013,1133247,190270,185734,13158,198892,1235
2022-03-04,Del Norte,015,27424,5709,5725,177,5902,48
2022-03-04,El Dorado,017,186661,26529,26446,3165,29611,193
2022-03-04,Fresno,019,978130,233479,227154,24167,251321,2640
2022-03-04,Glenn,021,27897,4962,4927,1594,6521,43
2022-03-04,Humboldt,023,135768,16734,16781,2888,19669,136
2022-03-04,Imperial,025,180216,55123,54650,10470,65120,880
2022-03-04,Inyo,027,18085,4053,4043,465,4508,56
2022-03-04,Kern,029,883053,190957,189817,45523,235340,2141
2022-03-04,Kings,031,150075,51080,50926,3493,54419,431
2022-03-04,Lake,033,64148,10594,10512,872,11384,130
2022-03-04,Lassen,035,31185,8914,8818,870,9688,62
2022-03-04,Los Angeles,037,10098052,2695580,2671564,121587,2793151,30608
2022-03-04,Madera,039,155013,37082,37100,5977,43077,354
2022-03-04,Marin,041,260295,32971,32829,2150,34979,272
2022-03-04,Mariposa,043,17540,2367,2363,197,2560,6
2022-03-04,Mendocino,045,87422,12943,12845,2967,15812,113
2022-03-04,Merced,047,269075,62227,61653,8636,70289,789
2022-03-04,Modoc,049,8938,727,729,247,976,7
2022-03-04,Mono,051,14174,2961,2961,120,3081,5
2022-03-04,Monterey,053,433212,78798,78028,13214,91242,704
2022-03-04,Napa,055,140530,25433,25405,920,26325,134
2022-03-04,Nevada,057,99092,15829,15907,1178,17085,122
2022-03-04,Orange,059,3164182,543727,541463,41119,582582,6638
2022-03-04,Placer,061,380077,62328,62117,7264,69381,591
2022-03-04,Plumas,063,18699,2954,2701,357,3058,13
2022-03-04,Riverside,065,2383286,588791,586785,27549,614334,6239
2022-03-04,Sacramento,067,1510023,278947,273487,26303,299790,2847
2022-03-04,San Benito,069,59416,12873,12820,507,13327,94
2022-03-04,San Bernardino,071,2135413,572012,557421,24730,582151,6641
2022-03-04,San Diego,073,3302833,744934,740747,52127,792874,5045
2022-03-04,San Francisco,075,870044,122380,123537,8054,131591,798
2022-03-04,San Joaquin,077,732212,165772,165085,9795,174880,2069
2022-03-04,San Luis Obispo,079,281455,52011,51739,3681,55420,446
2022-03-04,San Mateo,081,765935,120165,118646,6799,125445,621
2022-03-04,Santa Barbara,083,443738,85128,85249,4653,89902,655
2022-03-04,Santa Clara,085,1922200,310879,307689,12142,319831,2195
2022-03-04,Santa Cruz,087,273765,47102,46622,2060,48682,253
2022-03-04,Shasta,089,179085,30337,30282,6029,36311,492
2022-03-04,Sierra,091,2930,271,273,46,319,4
2022-03-04,Siskiyou,093,43540,4402,4389,2698,7087,74
2022-03-04,Solano,095,438530,80859,80690,5489,86179,435
2022-03-04,Sonoma,097,501317,82657,82313,2544,84857,473
2022-03-04,Stanislaus,099,539301,116949,117501,17713,135214,1531
2022-03-04,Sutter,101,95872,20339,20346,2017,22363,217
2022-03-04,Tehama,103,63373,11986,11939,2561,14500,158
2022-03-04,Trinity,105,12862,1180,1170,284,1454,20
2022-03-04,Tulare,107,460477,105872,103534,27323,130857,1305
2022-03-04,Tuolumne,109,53932,12614,12325,551,12876,178
2022-03-04,Ventura,111,848112,171956,171666,9305,180971,1436
2022-03-04,Yolo,113,214977,36657,35856,2851,38707,306
2022-03-04,Yuba,115,75493,15703,15666,1170,16836,115
2022-03-03,Alameda,001,1643700,253204,251988,13370,265358,1760
2022-03-03,Alpine,002,1148,122,125,1,126,0
2022-03-03,Amador,005,37829,8448,8344,636,8980,83
2022-03-03,Butte,007,227075,32905,32663,6957,39620,372
2022-03-03,Calaveras,009,45235,7199,7236,342,7578,116
2022-03-03,Colusa,011,21464,3433,3433,1042,4475,21
2022-03-03,Contra Costa,013,1133247,190195,185734,13143,198877,1235
2022-03-03,Del Norte,015,27424,5702,5725,177,5902,48
2022-03-03,El Dorado,017,186661,26510,26446,3164,29610,193
2022-03-03,Fresno,019,978130,233350,227154,24160,251314,2640
2022-03-03,Glenn,021,27897,4959,4927,1593,6520,43
2022-03-03,Humboldt,023,135768,16719,16781,2887,19668,136
2022-03-03,Imperial,025,180216,55106,54650,10468,65118,880
2022-03-03,Inyo,027,18085,4052,4043,465,4508,56
2022-03-03,Kern,029,883053,190889,189817,45505,235322,2141
2022-03-03,Kings,031,150075,51057,50926,3491,54417,431
2022-03-03,Lake,033,64148,10589,10512,870,11382,130
2022-03-03,Lassen,035,31185,8906,8818,870,9688,62
2022-03-03,Los Angeles,037,10098052,2694855,2671564,121545,2793109,30608
2022-03-03,Madera,039,155013,37066,37100,5972,43072,354
2022-03-03,Marin,041,260295,32945,32829,2149,34978,272
2022-03-03,Mariposa,043,17540,2366,2363,197,2560,6
2022-03-03,Mendocino,045,87422,12932,12845,2965,15810,113
2022-03-03,Merced,047,269075,62207,61653,8630,70283,789
2022-03-03,Modoc,049,8938,727,729,247,976,7
2022-03-03,Mono,051,14174,2960,2961,120,3081,5
2022-03-03,Monterey,053,433212,78769,78028,13197,91225,704
2022-03-03,Napa,055,140530,25409,25405,919,26324,134
2022-03-03,Nevada,057,99092,15824,15907,1173,17080,122
2022-03-03,Orange,059,3164182,543547,541463,41092,582555,6638
2022-03-03,Placer,061,380077,62307,62117,7260,69377,591
2022-03-03,Plumas,063,18699,2953,2701,357,3058,13
2022-03-03,Riverside,065,2383286,588658,586785,27544,614329,6239
2022-03-03,Sacramento,067,1510023,278834,273487,26286,299773,2847
2022-03-03,San Benito,069,59416,12869,12820,507,13327,94
2022-03-03,San Bernardino,071,2135413,571910,557421,24724,582145,6641
2022-03-03,San Diego,073,3302833,744590,740747,52109,792856,5045
2022-03-03,San Francisco,075,870044,122306,123537,8043,131580,798
2022-03-03,San Joaquin,077,732212,165698,165085,9792,174877,2069
2022-03-03,San Luis Obispo,079,281455,51956,51739,3673,55412,446
2022-03-03,San Mateo,081,765935,120089,118646,6790,125436,621
2022-03-03,Santa Barbara,083,443738,85109,85249,4644,89893,655
2022-03-03,Santa Clara,085,1922200,310697,307689,12128,319817,2195
2022-03-03,Santa Cruz,087,273765,47052,46622,2058,48680,253
2022-03-03,Shasta,089,179085,30319,30282,6027,36309,492
2022-03-03,Sierra,091,2930,271,273,46,319,4
2022-03-03,Siskiyou,093,43540,4400,4389,2698,7087,74
2022-03-03,Solano,095,438530,80811,80690,5487,86177,435
2022-03-03,Sonoma,097,501317,82607,82313,2540,84853,473
2022-03-03,Stanislaus,099,539301,116916,117501,17705,135206,1531
2022-03-03,Sutter,101,95872,20331,20346,2017,22363,217
2022-03-03,Tehama,103,63373,11983,11939,2561,14500,158
2022-03-03,Trinity,105,12862,1179,1170,284,1454,20
2022-03-03,Tulare,107,460477,105829,103534,27315,130849,1305
2022-03-03,Tuolumne,109,53932,12603,12325,551,12876,178
2022-03-03,Ventura,111,848112,171904,171666,9303,180969,1436
2022-03-03,Yolo,113,214977,36633,35856,2846,38702,306
2022-03-03,Yuba,115,75493,15697,15666,1165,16831,115
2022-03-02,Alameda,001,1643700,253026,251886,13353,265239,1759
2022-03-02,Alpine,002,1148,122,125,1,126,0
2022-03-02,Amador,005,37829,8435,8341,636,8977,83
2022-03-02,Butte,007,227075,32893,32636,6953,39589,372
2022-03-02,Calaveras,009,45235,7198,7225,342,7567,116
2022-03-02,Colusa,011,21464,3430,3428,1042,4470,21
2022-03-02,Contra Costa,013,1133247,190102,185589,13125,198714,1236
2022-03-02,Del Norte,015,27424,5695,5708,175,5883,47
2022-03-02,El Dorado,017,186661,26498,26433,3161,29594,192
2022-03-02,Fresno,019,978130,233217,226932,24150,251082,2629
2022-03-02,Glenn,021,27897,4958,4922,1592,6514,43
2022-03-02,Humboldt,023,135768,16709,16747,2880,19627,135
2022-03-02,Imperial,025,180216,55080,54629,10463,65092,878
2022-03-02,Inyo,027,18085,4050,4041,464,4505,56
2022-03-02,Kern,029,883053,190821,189656,45486,235142,2136
2022-03-02,Kings,031,150075,51031,50819,3488,54307,431
2022-03-02,Lake,033,64148,10576,10495,868,11363,130
2022-03-02,Lassen,035,31185,8903,8811,869,9680,62
2022-03-02,Los Angeles,037,10098052,2693977,2670287,121498,2791785,30535
2022-03-02,Madera,039,155013,37049,37077,5970,43047,354
2022-03-02,Marin,041,260295,32928,32794,2148,34942,272
2022-03-02,Mariposa,043,17540,2366,2359,197,2556,6
2022-03-02,Mendocino,045,87422,12919,12832,2960,15792,112
2022-03-02,Merced,047,269075,62182,61606,8621,70227,785
2022-03-02,Modoc,049,8938,727,729,247,976,7
2022-03-02,Mono,051,14174,2960,2961,120,3081,5
2022-03-02,Monterey,053,433212,78732,77963,13174,91137,703
2022-03-02,Napa,055,140530,25360,25382,918,26300,134
2022-03-02,Nevada,057,99092,15813,15920,1172,17092,122
2022-03-02,Orange,059,3164182,543342,541230,41065,582295,6623
2022-03-02,Placer,061,380077,62284,62066,7257,69323,589
2022-03-02,Plumas,063,18699,2953,2700,357,3057,13
2022-03-02,Riverside,065,2383286,588508,586513,27534,614047,6229
2022-03-02,Sacramento,067,1510023,278717,273291,26275,299566,2837
2022-03-02,San Benito,069,59416,12858,12814,507,13321,94
2022-03-02,San Bernardino,071,2135413,571800,557082,24718,581800,6619
2022-03-02,San Diego,073,3302833,744230,739803,52061,791864,5034
2022-03-02,San Francisco,075,870044,122211,123442,8041,131483,792
2022-03-02,San Joaquin,077,732212,165638,164968,9787,174755,2063
2022-03-02,San Luis Obispo,079,281455,51918,51686,3668,55354,446
2022-03-02,San Mateo,081,765935,120002,118518,6774,125292,617
2022-03-02,Santa Barbara,083,443738,85084,85183,4643,89826,655
2022-03-02,Santa Clara,085,1922200,310483,307354,12115,319469,2184
2022-03-02,Santa Cruz,087,273765,46981,46534,2057,48591,253
2022-03-02,Shasta,089,179085,30294,30253,6017,36270,490
2022-03-02,Sierra,091,2930,271,273,46,319,4
2022-03-02,Siskiyou,093,43540,4399,4384,2695,7079,74
2022-03-02,Solano,095,438530,80745,80626,5484,86110,433
2022-03-02,Sonoma,097,501317,82561,82208,2536,84744,473
2022-03-02,Stanislaus,099,539301,116880,117411,17680,135091,1519
2022-03-02,Sutter,101,95872,20309,20317,2000,22317,216
2022-03-02,Tehama,103,63373,11979,11930,2560,14490,158
2022-03-02,Trinity,105,12862,1177,1160,284,1444,20
2022-03-02,Tulare,107,460477,105789,103451,27300,130751,1302
2022-03-02,Tuolumne,109,53932,12598,12297,551,12848,179
2022-03-02,Ventura,111,848112,171851,171770,9299,181069,1427
2022-03-02,Yolo,113,214977,36615,35799,2841,38640,305
2022-03-02,Yuba,115,75493,15684,15653,1160,16813,115
2022-03-01,Alameda,001,1643700,252856,251830,13341,265171,1749
2022-03-01,Alpine,002,1148,122,125,1,126,0
2022-03-01,Amador,005,37829,8387,8334,634,8968,83
2022-03-01,Butte,007,227075,32869,32575,6948,39523,372
2022-03-01,Calaveras,009,45235,7195,7223,341,7564,116
2022-03-01,Colusa,011,21464,3429,3423,1042,4465,21
2022-03-01,Contra Costa,013,1133247,189993,185378,13110,198488,1231
2022-03-01,Del Norte,015,27424,5692,5701,174,5875,45
2022-03-01,El Dorado,017,186661,26479,26413,3158,29571,192
2022-03-01,Fresno,019,978130,233077,226594,24136,250730,2628
2022-03-01,Glenn,021,27897,4956,4919,1590,6509,40
2022-03-01,Humboldt,023,135768,16688,16727,2873,19600,135
2022-03-01,Imperial,025,180216,55063,54570,10457,65027,875
2022-03-01,Inyo,027,18085,4046,4041,463,4504,56
2022-03-01,Kern,029,883053,190747,189365,45462,234827,2120
2022-03-01,Kings,031,150075,51009,50763,3484,54247,427
2022-03-01,Lake,033,64148,10565,10471,866,11337,128
2022-03-01,Lassen,035,31185,8899,8801,869,9670,61
2022-03-01,Los Angeles,037,10098052,2693027,2669489,121441,2790930,30486
2022-03-01,Madera,039,155013,37029,37046,5964,43010,354
2022-03-01,Marin,041,260295,32902,32764,2147,34911,272
2022-03-01,Mariposa,043,17540,2365,2357,196,2553,6
2022-03-01,Mendocino,045,87422,12908,12818,2958,15776,112
2022-03-01,Merced,047,269075,62151,61549,8607,70156,781
2022-03-01,Modoc,049,8938,727,729,247,976,7
2022-03-01,Mono,051,14174,2959,2960,120,3080,6
2022-03-01,Monterey,053,433212,78706,77911,13164,91075,696
2022-03-01,Napa,055,140530,25329,25344,918,26262,134
2022-03-01,Nevada,057,99092,15805,15916,1169,17085,121
2022-03-01,Orange,059,3164182,543126,541054,41030,582084,6612
2022-03-01,Placer,061,380077,62254,62021,7252,69273,583
2022-03-01,Plumas,063,18699,2953,2694,357,3051,13
2022-03-01,Riverside,065,2383286,588344,586184,27533,613717,6198
2022-03-01,Sacramento,067,1510023,278588,273089,26262,299351,2831
2022-03-01,San Benito,069,59416,12854,12806,507,13313,94
2022-03-01,San Bernardino,071,2135413,571666,556743,24716,581459,6588
2022-03-01,San Diego,073,3302833,743805,739136,52019,791155,5029
2022-03-01,San Francisco,075,870044,122108,123481,8035,131516,792
2022-03-01,San Joaquin,077,732212,165571,164894,9783,174677,2062
2022-03-01,San Luis Obispo,079,281455,51882,51592,3664,55256,445
2022-03-01,San Mateo,081,765935,119930,118358,6767,125125,613
2022-03-01,Santa Barbara,083,443738,85048,85134,4639,89773,654
2022-03-01,Santa Clara,085,1922200,310228,306978,12103,319081,2190
2022-03-01,Santa Cruz,087,273765,46931,46471,2054,48525,253
2022-03-01,Shasta,089,179085,30265,30227,6014,36241,489
2022-03-01,Sierra,091,2930,271,274,46,320,5
2022-03-01,Siskiyou,093,43540,4397,4384,2693,7077,74
2022-03-01,Solano,095,438530,80682,80556,5481,86037,434
2022-03-01,Sonoma,097,501317,82492,82103,2530,84633,477
2022-03-01,Stanislaus,099,539301,116828,117308,17655,134963,1521
2022-03-01,Sutter,101,95872,20295,20288,1996,22284,217
2022-03-01,Tehama,103,63373,11973,11923,2557,14480,158
2022-03-01,Trinity,105,12862,1176,1159,284,1443,20
2022-03-01,Tulare,107,460477,105707,103371,27280,130651,1302
2022-03-01,Tuolumne,109,53932,12591,12276,549,12825,175
2022-03-01,Ventura,111,848112,171781,171672,9292,180964,1427
2022-03-01,Yolo,113,214977,36590,35801,2835,38636,299
2022-03-01,Yuba,115,75493,15676,15637,1160,16797,116
2022-02-28,Alameda,001,1643700,252633,251714,13327,265041,1742
2022-02-28,Alpine,002,1148,122,125,1,126,0
2022-02-28,Amador,005,37829,8381,8308,633,8941,83
2022-02-28,Butte,007,227075,32850,32550,6942,39492,368
2022-02-28,Calaveras,009,45235,7192,7220,340,7560,110
2022-02-28,Colusa,011,21464,3428,3422,1040,4462,21
2022-02-28,Contra Costa,013,1133247,189888,185272,13091,198363,1231
2022-02-28,Del Norte,015,27424,5687,5699,173,5872,45
2022-02-28,El Dorado,017,186661,26469,26409,3153,29562,191
2022-02-28,Fresno,019,978130,232876,226519,24114,250633,2622
2022-02-28,Glenn,021,27897,4952,4918,1590,6508,40
2022-02-28,Humboldt,023,135768,16673,16717,2869,19586,135
2022-02-28,Imperial,025,180216,55036,54517,10453,64970,875
2022-02-28,Inyo,027,18085,4046,4041,462,4503,56
2022-02-28,Kern,029,883053,190655,189245,45433,234678,2115
2022-02-28,Kings,031,150075,50969,50741,3483,54224,427
2022-02-28,Lake,033,64148,10553,10468,862,11330,128
2022-02-28,Lassen,035,31185,8842,8794,869,9663,55
2022-02-28,Los Angeles,037,10098052,2691861,2666804,121346,2788150,30410
2022-02-28,Madera,039,155013,37003,37023,5948,42971,354
2022-02-28,Marin,041,260295,32877,32775,2147,34922,272
2022-02-28,Mariposa,043,17540,2362,2354,194,2548,6
2022-02-28,Mendocino,045,87422,12899,12800,2950,15750,112
2022-02-28,Merced,047,269075,62107,61519,8590,70109,781
2022-02-28,Modoc,049,8938,727,727,247,974,7
2022-02-28,Mono,051,14174,2959,2961,120,3081,5
2022-02-28,Monterey,053,433212,78639,77865,13143,91008,693
2022-02-28,Napa,055,140530,25302,25317,918,26235,129
2022-02-28,Nevada,057,99092,15799,15908,1163,17071,121
2022-02-28,Orange,059,3164182,542873,540839,41015,581854,6605
2022-02-28,Placer,061,380077,62223,61976,7247,69223,577
2022-02-28,Plumas,063,18699,2953,2691,356,3047,13
2022-02-28,Riverside,065,2383286,588152,585891,27501,613392,6179
2022-02-28,Sacramento,067,1510023,278448,273038,26238,299276,2825
2022-02-28,San Benito,069,59416,12849,12798,507,13305,94
2022-02-28,San Bernardino,071,2135413,571482,556540,24702,581242,6576
2022-02-28,San Diego,073,3302833,743416,737760,51989,789749,5018
2022-02-28,San Francisco,075,870044,121948,123402,8029,131431,792
2022-02-28,San Joaquin,077,732212,165487,164833,9773,174606,2060
2022-02-28,San Luis Obispo,079,281455,51821,51565,3657,55222,440
2022-02-28,San Mateo,081,765935,119832,118301,6761,125062,611
2022-02-28,Santa Barbara,083,443738,85004,85076,4634,89710,653
2022-02-28,Santa Clara,085,1922200,309948,306930,12082,319012,2180
2022-02-28,Santa Cruz,087,273765,46861,46447,2054,48501,253
2022-02-28,Shasta,089,179085,30240,30213,6010,36223,488
2022-02-28,Sierra,091,2930,271,273,46,319,4
2022-02-28,Siskiyou,093,43540,4394,4382,2688,7070,74
2022-02-28,Solano,095,438530,80614,80544,5469,86013,430
2022-02-28,Sonoma,097,501317,82424,82058,2527,84585,477
2022-02-28,Stanislaus,099,539301,116764,117231,17638,134869,1521
2022-02-28,Sutter,101,95872,20282,20285,1993,22278,214
2022-02-28,Tehama,103,63373,11960,11917,2557,14474,158
2022-02-28,Trinity,105,12862,1176,1160,284,1444,20
2022-02-28,Tulare,107,460477,105659,103304,27264,130568,1300
2022-02-28,Tuolumne,109,53932,12581,12247,549,12796,175
2022-02-28,Ventura,111,848112,171697,171614,9291,180905,1423
2022-02-28,Yolo,113,214977,36554,35754,2828,38582,299
2022-02-28,Yuba,115,75493,15661,15625,1159,16784,115
2022-02-27,Alameda,001,1643700,252359,251624,13318,264942,1744
2022-02-27,Alpine,002,1148,122,125,1,126,0
2022-02-27,Amador,005,37829,8377,8305,630,8935,83
2022-02-27,Butte,007,227075,32814,32551,6929,39480,368
2022-02-27,Calaveras,009,45235,7184,7214,340,7554,110
2022-02-27,Colusa,011,21464,3426,3422,1040,4462,21
2022-02-27,Contra Costa,013,1133247,189759,185185,13071,198256,1230
2022-02-27,Del Norte,015,27424,5670,5691,171,5862,45
2022-02-27,El Dorado,017,186661,26452,26410,3151,29561,191
2022-02-27,Fresno,019,978130,232677,226397,24086,250483,2621
2022-02-27,Glenn,021,27897,4950,4915,1590,6505,40
2022-02-27,Humboldt,023,135768,16651,16713,2862,19575,135
2022-02-27,Imperial,025,180216,54988,54509,10436,64945,875
2022-02-27,Inyo,027,18085,4045,4041,458,4499,56
2022-02-27,Kern,029,883053,190538,189219,45394,234613,2115
2022-02-27,Kings,031,150075,50941,50733,3482,54215,428
2022-02-27,Lake,033,64148,10534,10463,862,11325,128
2022-02-27,Lassen,035,31185,8834,8786,869,9655,55
2022-02-27,Los Angeles,037,10098052,2690552,2666789,121265,2788054,30410
2022-02-27,Madera,039,155013,36977,37009,5940,42949,354
2022-02-27,Marin,041,260295,32839,32756,2145,34901,272
2022-02-27,Mariposa,043,17540,2359,2352,194,2546,6
2022-02-27,Mendocino,045,87422,12882,12798,2937,15735,112
2022-02-27,Merced,047,269075,62054,61491,8572,70063,779
2022-02-27,Modoc,049,8938,726,727,247,974,7
2022-02-27,Mono,051,14174,2958,2960,120,3080,5
2022-02-27,Monterey,053,433212,78582,77851,13119,90970,693
2022-02-27,Napa,055,140530,25265,25316,918,26234,129
2022-02-27,Nevada,057,99092,15791,15900,1159,17059,121
2022-02-27,Orange,059,3164182,542626,540659,40985,581644,6605
2022-02-27,Placer,061,380077,62182,61965,7243,69208,577
2022-02-27,Plumas,063,18699,2950,2691,356,3047,13
2022-02-27,Riverside,065,2383286,587911,585833,27477,613310,6179
2022-02-27,Sacramento,067,1510023,278259,272927,26209,299136,2822
2022-02-27,San Benito,069,59416,12842,12798,507,13305,94
2022-02-27,San Bernardino,071,2135413,571297,556457,24692,581149,6572
2022-02-27,San Diego,073,3302833,742945,737760,51943,789703,5018
2022-02-27,San Francisco,075,870044,121824,123327,8018,131345,791
2022-02-27,San Joaquin,077,732212,165383,164814,9766,174580,2060
2022-02-27,San Luis Obispo,079,281455,51729,51564,3650,55214,439
2022-02-27,San Mateo,081,765935,119722,118244,6756,125000,611
2022-02-27,Santa Barbara,083,443738,84966,85050,4630,89680,653
2022-02-27,Santa Clara,085,1922200,309659,306756,12055,318811,2180
2022-02-27,Santa Cruz,087,273765,46800,46411,2054,48465,253
2022-02-27,Shasta,089,179085,30208,30206,6005,36211,488
2022-02-27,Sierra,091,2930,271,273,46,319,4
2022-02-27,Siskiyou,093,43540,4389,4378,2676,7054,74
2022-02-27,Solano,095,438530,80540,80515,5456,85971,430
2022-02-27,Sonoma,097,501317,82342,82041,2520,84561,476
2022-02-27,Stanislaus,099,539301,116698,117200,17618,134818,1522
2022-02-27,Sutter,101,95872,20265,20280,1987,22267,214
2022-02-27,Tehama,103,63373,11947,11915,2556,14471,158
2022-02-27,Trinity,105,12862,1175,1158,284,1442,20
2022-02-27,Tulare,107,460477,105590,103270,27217,130487,1300
2022-02-27,Tuolumne,109,53932,12568,12243,548,12791,175
2022-02-27,Ventura,111,848112,171622,171660,9287,180947,1423
2022-02-27,Yolo,113,214977,36527,35744,2823,38567,299
2022-02-27,Yuba,115,75493,15651,15619,1157,16776,113
2022-02-26,Alameda,001,1643700,252246,250867,13314,264181,1716
2022-02-26,Alpine,002,1148,122,125,1,126,0
2022-02-26,Amador,005,37829,8375,8282,629,8911,83
2022-02-26,Butte,007,227075,32800,32466,6926,39392,368
2022-02-26,Calaveras,009,45235,7183,7192,340,7532,110
2022-02-26,Colusa,011,21464,3426,3414,1040,4454,21
2022-02-26,Contra Costa,013,1133247,189691,184686,13053,197739,1209
2022-02-26,Del Norte,015,27424,5665,5639,171,5810,45
2022-02-26,El Dorado,017,186661,26441,26355,3148,29503,191
2022-02-26,Fresno,019,978130,232587,225679,24086,249765,2597
2022-02-26,Glenn,021,27897,4948,4909,1589,6498,40
2022-02-26,Humboldt,023,135768,16626,16619,2861,19480,133
2022-02-26,Imperial,025,180216,54961,54367,10434,64801,871
2022-02-26,Inyo,027,18085,4044,4034,453,4487,56
2022-02-26,Kern,029,883053,190485,188584,45375,233959,2106
2022-02-26,Kings,031,150075,50928,50579,3482,54061,423
2022-02-26,Lake,033,64148,10529,10383,862,11245,128
2022-02-26,Lassen,035,31185,8833,8761,869,9630,55
2022-02-26,Los Angeles,037,10098052,2689981,2660973,121225,2782198,30202
2022-02-26,Madera,039,155013,36962,36933,5938,42871,330
2022-02-26,Marin,041,260295,32823,32651,2143,34794,267
2022-02-26,Mariposa,043,17540,2358,2332,194,2526,6
2022-02-26,Mendocino,045,87422,12875,12762,2937,15699,111
2022-02-26,Merced,047,269075,62034,61348,8571,69919,775
2022-02-26,Modoc,049,8938,726,726,247,973,7
2022-02-26,Mono,051,14174,2958,2959,119,3078,5
2022-02-26,Monterey,053,433212,78550,77610,13113,90723,692
2022-02-26,Napa,055,140530,25250,25221,917,26138,130
2022-02-26,Nevada,057,99092,15787,15850,1157,17007,121
2022-02-26,Orange,059,3164182,542514,539992,40968,580960,6540
2022-02-26,Placer,061,380077,62163,61803,7240,69043,573
2022-02-26,Plumas,063,18699,2950,2673,356,3029,13
2022-02-26,Riverside,065,2383286,587789,584835,27468,612303,6143
2022-02-26,Sacramento,067,1510023,278162,272339,26199,298538,2793
2022-02-26,San Benito,069,59416,12838,12770,507,13277,92
2022-02-26,San Bernardino,071,2135413,571208,555668,24685,580353,6505
2022-02-26,San Diego,073,3302833,742722,736049,51919,787968,5002
2022-02-26,San Francisco,075,870044,121754,123079,8010,131089,769
2022-02-26,San Joaquin,077,732212,165350,164418,9765,174183,2048
2022-02-26,San Luis Obispo,079,281455,51717,51358,3648,55006,438
2022-02-26,San Mateo,081,765935,119668,117860,6755,124615,603
2022-02-26,Santa Barbara,083,443738,84935,84830,4630,89460,652
2022-02-26,Santa Clara,085,1922200,309510,305895,12051,317946,2166
2022-02-26,Santa Cruz,087,273765,46777,46186,2054,48240,251
2022-02-26,Shasta,089,179085,30199,30108,5999,36107,485
2022-02-26,Sierra,091,2930,271,270,46,316,1
2022-02-26,Siskiyou,093,43540,4389,4359,2674,7033,72
2022-02-26,Solano,095,438530,80505,80225,5452,85677,428
2022-02-26,Sonoma,097,501317,82308,81702,2518,84220,432
2022-02-26,Stanislaus,099,539301,116660,116896,17613,134509,1503
2022-02-26,Sutter,101,95872,20256,20230,1987,22217,214
2022-02-26,Tehama,103,63373,11941,11878,2554,14432,158
2022-02-26,Trinity,105,12862,1174,1156,284,1440,20
2022-02-26,Tulare,107,460477,105553,102983,27202,130185,1295
2022-02-26,Tuolumne,109,53932,12565,12169,548,12717,175
2022-02-26,Ventura,111,848112,171590,171292,9284,180576,1411
2022-02-26,Yolo,113,214977,36506,35615,2820,38435,296
2022-02-26,Yuba,115,75493,15639,15587,1157,16744,113
2022-02-25,Alameda,001,1643700,252122,250867,13305,264172,1716
2022-02-25,Alpine,002,1148,122,125,1,126,0
2022-02-25,Amador,005,37829,8364,8282,629,8911,83
2022-02-25,Butte,007,227075,32787,32466,6923,39389,368
2022-02-25,Calaveras,009,45235,7181,7192,340,7532,110
2022-02-25,Colusa,011,21464,3426,3414,1040,4454,21
2022-02-25,Contra Costa,013,1133247,189607,184686,13032,197718,1209
2022-02-25,Del Norte,015,27424,5656,5639,171,5810,45
2022-02-25,El Dorado,017,186661,26433,26355,3148,29503,191
2022-02-25,Fresno,019,978130,232491,225679,24079,249758,2597
2022-02-25,Glenn,021,27897,4946,4909,1589,6498,40
2022-02-25,Humboldt,023,135768,16615,16619,2861,19480,133
2022-02-25,Imperial,025,180216,54943,54367,10433,64800,871
2022-02-25,Inyo,027,18085,4043,4034,453,4487,56
2022-02-25,Kern,029,883053,190420,188584,45362,233946,2106
2022-02-25,Kings,031,150075,50914,50579,3480,54059,423
2022-02-25,Lake,033,64148,10511,10383,862,11245,128
2022-02-25,Lassen,035,31185,8830,8761,869,9630,55
2022-02-25,Los Angeles,037,10098052,2689394,2660973,121194,2782167,30202
2022-02-25,Madera,039,155013,36942,36933,5937,42870,330
2022-02-25,Marin,041,260295,32809,32651,2143,34794,267
2022-02-25,Mariposa,043,17540,2355,2332,194,2526,6
2022-02-25,Mendocino,045,87422,12873,12762,2937,15699,111
2022-02-25,Merced,047,269075,62004,61348,8566,69914,775
2022-02-25,Modoc,049,8938,726,726,247,973,7
2022-02-25,Mono,051,14174,2957,2959,119,3078,5
2022-02-25,Monterey,053,433212,78522,77610,13107,90717,692
2022-02-25,Napa,055,140530,25241,25221,917,26138,130
2022-02-25,Nevada,057,99092,15776,15850,1154,17004,121
2022-02-25,Orange,059,3164182,542379,539992,40945,580937,6540
2022-02-25,Placer,061,380077,62148,61803,7235,69038,573
2022-02-25,Plumas,063,18699,2948,2673,356,3029,13
2022-02-25,Riverside,065,2383286,587636,584835,27456,612291,6143
2022-02-25,Sacramento,067,1510023,278060,272339,26194,298533,2793
2022-02-25,San Benito,069,59416,12836,12770,507,13277,92
2022-02-25,San Bernardino,071,2135413,571101,555668,24678,580346,6505
2022-02-25,San Diego,073,3302833,742439,736049,51900,787949,5002
2022-02-25,San Francisco,075,870044,121673,123079,8007,131086,769
2022-02-25,San Joaquin,077,732212,165310,164418,9760,174178,2048
2022-02-25,San Luis Obispo,079,281455,51713,51358,3639,54997,438
2022-02-25,San Mateo,081,765935,119606,117860,6751,124611,603
2022-02-25,Santa Barbara,083,443738,84899,84830,4630,89460,652
2022-02-25,Santa Clara,085,1922200,309324,305895,12048,317943,2166
2022-02-25,Santa Cruz,087,273765,46743,46186,2052,48238,251
2022-02-25,Shasta,089,179085,30190,30108,5997,36105,485
2022-02-25,Sierra,091,2930,271,270,46,316,1
2022-02-25,Siskiyou,093,43540,4389,4359,2673,7032,72
2022-02-25,Solano,095,438530,80476,80225,5451,85676,428
2022-02-25,Sonoma,097,501317,82257,81702,2516,84218,432
2022-02-25,Stanislaus,099,539301,116632,116896,17609,134505,1503
2022-02-25,Sutter,101,95872,20247,20230,1987,22217,214
2022-02-25,Tehama,103,63373,11939,11878,2554,14432,158
2022-02-25,Trinity,105,12862,1174,1156,284,1440,20
2022-02-25,Tulare,107,460477,105519,102983,27180,130163,1295
2022-02-25,Tuolumne,109,53932,12562,12169,548,12717,175
2022-02-25,Ventura,111,848112,171539,171292,9283,180575,1411
2022-02-25,Yolo,113,214977,36491,35615,2820,38435,296
2022-02-25,Yuba,115,75493,15632,15587,1157,16744,113
2022-02-24,Alameda,001,1643700,251914,250867,13296,264163,1716
2022-02-24,Alpine,002,1148,122,125,1,126,0
2022-02-24,Amador,005,37829,8359,8282,628,8910,83
2022-02-24,Butte,007,227075,32766,32466,6919,39385,368
2022-02-24,Calaveras,009,45235,7179,7192,338,7530,110
2022-02-24,Colusa,011,21464,3425,3414,1039,4453,21
2022-02-24,Contra Costa,013,1133247,189477,184686,13023,197709,1209
2022-02-24,Del Norte,015,27424,5641,5639,170,5809,45
2022-02-24,El Dorado,017,186661,26417,26355,3148,29503,191
2022-02-24,Fresno,019,978130,232297,225679,24064,249743,2597
2022-02-24,Glenn,021,27897,4944,4909,1588,6497,40
2022-02-24,Humboldt,023,135768,16599,16619,2860,19479,133
2022-02-24,Imperial,025,180216,54903,54367,10424,64791,871
2022-02-24,Inyo,027,18085,4042,4034,452,4486,56
2022-02-24,Kern,029,883053,190280,188584,45329,233913,2106
2022-02-24,Kings,031,150075,50884,50579,3475,54054,423
2022-02-24,Lake,033,64148,10494,10383,862,11245,128
2022-02-24,Lassen,035,31185,8826,8761,868,9629,55
2022-02-24,Los Angeles,037,10098052,2688237,2660973,121139,2782112,30202
2022-02-24,Madera,039,155013,36916,36933,5935,42868,330
2022-02-24,Marin,041,260295,32789,32651,2142,34793,267
2022-02-24,Mariposa,043,17540,2349,2332,193,2525,6
2022-02-24,Mendocino,045,87422,12866,12762,2933,15695,111
2022-02-24,Merced,047,269075,61974,61348,8557,69905,775
2022-02-24,Modoc,049,8938,725,726,247,973,7
2022-02-24,Mono,051,14174,2956,2959,119,3078,5
2022-02-24,Monterey,053,433212,78470,77610,13099,90709,692
2022-02-24,Napa,055,140530,25201,25221,913,26134,130
2022-02-24,Nevada,057,99092,15762,15850,1154,17004,121
2022-02-24,Orange,059,3164182,542130,539992,40909,580901,6540
2022-02-24,Placer,061,380077,62111,61803,7233,69036,573
2022-02-24,Plumas,063,18699,2943,2673,355,3028,13
2022-02-24,Riverside,065,2383286,587385,584835,27430,612265,6143
2022-02-24,Sacramento,067,1510023,277887,272339,26178,298517,2793
2022-02-24,San Benito,069,59416,12825,12770,507,13277,92
2022-02-24,San Bernardino,071,2135413,570908,555668,24666,580334,6505
2022-02-24,San Diego,073,3302833,742025,736049,51853,787902,5002
2022-02-24,San Francisco,075,870044,121549,123079,8000,131079,769
2022-02-24,San Joaquin,077,732212,165182,164418,9756,174174,2048
2022-02-24,San Luis Obispo,079,281455,51667,51358,3637,54995,438
2022-02-24,San Mateo,081,765935,119513,117860,6745,124605,603
2022-02-24,Santa Barbara,083,443738,84834,84830,4629,89459,652
2022-02-24,Santa Clara,085,1922200,309089,305895,12035,317930,2166
2022-02-24,Santa Cruz,087,273765,46662,46186,2050,48236,251
2022-02-24,Shasta,089,179085,30171,30108,5991,36099,485
2022-02-24,Sierra,091,2930,271,270,46,316,1
2022-02-24,Siskiyou,093,43540,4386,4359,2670,7029,72
2022-02-24,Solano,095,438530,80397,80225,5447,85672,428
2022-02-24,Sonoma,097,501317,82203,81702,2511,84213,432
2022-02-24,Stanislaus,099,539301,116557,116896,17596,134492,1503
2022-02-24,Sutter,101,95872,20233,20230,1971,22201,214
2022-02-24,Tehama,103,63373,11933,11878,2553,14431,158
2022-02-24,Trinity,105,12862,1172,1156,284,1440,20
2022-02-24,Tulare,107,460477,105462,102983,27151,130134,1295
2022-02-24,Tuolumne,109,53932,12551,12169,546,12715,175
2022-02-24,Ventura,111,848112,171461,171292,9280,180572,1411
2022-02-24,Yolo,113,214977,36465,35615,2818,38433,296
2022-02-24,Yuba,115,75493,15618,15587,1157,16744,113
2022-02-23,Alameda,001,1643700,251688,247686,13282,260968,1713
2022-02-23,Alpine,002,1148,122,125,1,126,0
2022-02-23,Amador,005,37829,8341,8274,628,8902,79
2022-02-23,Butte,007,227075,32739,32417,6916,39333,367
2022-02-23,Calaveras,009,45235,7169,7182,337,7519,107
2022-02-23,Colusa,011,21464,3421,3411,1039,4450,21
2022-02-23,Contra Costa,013,1133247,189334,184013,13010,197023,1209
2022-02-23,Del Norte,015,27424,5630,5625,169,5794,45
2022-02-23,El Dorado,017,186661,26401,26317,3144,29461,189
2022-02-23,Fresno,019,978130,232111,225308,24041,249349,2596
2022-02-23,Glenn,021,27897,4940,4909,1586,6495,40
2022-02-23,Humboldt,023,135768,16583,16601,2857,19458,132
2022-02-23,Imperial,025,180216,54864,54292,10411,64703,871
2022-02-23,Inyo,027,18085,4041,4031,449,4480,54
2022-02-23,Kern,029,883053,190177,188432,45282,233714,2106
2022-02-23,Kings,031,150075,50851,50416,3474,53890,423
2022-02-23,Lake,033,64148,10476,10368,861,11229,126
2022-02-23,Lassen,035,31185,8810,8749,868,9617,55
2022-02-23,Los Angeles,037,10098052,2686876,2659569,121097,2780666,30167
2022-02-23,Madera,039,155013,36885,36876,5925,42801,330
2022-02-23,Marin,041,260295,32766,32625,2141,34766,267
2022-02-23,Mariposa,043,17540,2344,2325,192,2517,6
2022-02-23,Mendocino,045,87422,12856,12747,2929,15676,111
2022-02-23,Merced,047,269075,61942,61295,8551,69846,772
2022-02-23,Modoc,049,8938,725,723,246,969,7
2022-02-23,Mono,051,14174,2955,2960,119,3079,5
2022-02-23,Monterey,053,433212,78432,77472,13076,90548,691
2022-02-23,Napa,055,140530,25176,25185,908,26093,128
2022-02-23,Nevada,057,99092,15756,15825,1151,16976,121
2022-02-23,Orange,059,3164182,541824,539631,40887,580518,6520
2022-02-23,Placer,061,380077,62064,61758,7226,68984,573
2022-02-23,Plumas,063,18699,2939,2663,355,3018,13
2022-02-23,Riverside,065,2383286,587094,584381,27394,611775,6119
2022-02-23,Sacramento,067,1510023,277728,272057,26157,298214,2796
2022-02-23,San Benito,069,59416,12818,12756,506,13262,92
2022-02-23,San Bernardino,071,2135413,570748,555238,24650,579888,6479
2022-02-23,San Diego,073,3302833,741521,735406,51803,787209,4988
2022-02-23,San Francisco,075,870044,121423,122127,7998,130125,769
2022-02-23,San Joaquin,077,732212,165090,164257,9750,174007,2042
2022-02-23,San Luis Obispo,079,281455,51619,51264,3635,54899,434
2022-02-23,San Mateo,081,765935,119422,117585,6736,124321,603
2022-02-23,Santa Barbara,083,443738,84773,84760,4625,89385,651
2022-02-23,Santa Clara,085,1922200,308832,305484,12026,317510,2157
2022-02-23,Santa Cruz,087,273765,46592,46059,2049,48108,251
2022-02-23,Shasta,089,179085,30143,30066,5988,36054,481
2022-02-23,Sierra,091,2930,271,270,46,316,1
2022-02-23,Siskiyou,093,43540,4383,4356,2668,7024,71
2022-02-23,Solano,095,438530,80307,80103,5445,85548,427
2022-02-23,Sonoma,097,501317,82149,81594,2509,84103,432
2022-02-23,Stanislaus,099,539301,116480,116789,17587,134376,1482
2022-02-23,Sutter,101,95872,20216,20194,1967,22161,213
2022-02-23,Tehama,103,63373,11923,11863,2553,14416,154
2022-02-23,Trinity,105,12862,1172,1156,284,1440,20
2022-02-23,Tulare,107,460477,105396,102812,27128,129940,1290
2022-02-23,Tuolumne,109,53932,12542,12158,545,12703,175
2022-02-23,Ventura,111,848112,171373,171163,9273,180436,1401
2022-02-23,Yolo,113,214977,36427,35590,2811,38401,296
2022-02-23,Yuba,115,75493,15615,15571,1155,16726,113
2022-02-22,Alameda,001,1643700,251440,247434,13271,260705,1706
2022-02-22,Alpine,002,1148,122,124,1,125,0
2022-02-22,Amador,005,37829,8331,8243,628,8871,79
2022-02-22,Butte,007,227075,32704,32359,6909,39268,366
2022-02-22,Calaveras,009,45235,7160,7178,337,7515,107
2022-02-22,Colusa,011,21464,3420,3402,1037,4439,21
2022-02-22,Contra Costa,013,1133247,189181,183812,12991,196803,1201
2022-02-22,Del Norte,015,27424,5621,5611,168,5779,45
2022-02-22,El Dorado,017,186661,26392,26289,3144,29433,189
2022-02-22,Fresno,019,978130,231885,225104,24015,249119,2592
2022-02-22,Glenn,021,27897,4939,4900,1585,6485,40
2022-02-22,Humboldt,023,135768,16559,16559,2853,19412,132
2022-02-22,Imperial,025,180216,54832,54227,10407,64634,864
2022-02-22,Inyo,027,18085,4039,4026,447,4473,54
2022-02-22,Kern,029,883053,190057,188237,45246,233483,2102
2022-02-22,Kings,031,150075,50789,50359,3472,53831,423
2022-02-22,Lake,033,64148,10465,10353,859,11212,126
2022-02-22,Lassen,035,31185,8806,8730,868,9598,55
2022-02-22,Los Angeles,037,10098052,2685418,2658230,121007,2779237,30129
2022-02-22,Madera,039,155013,36851,36833,5916,42749,330
2022-02-22,Marin,041,260295,32741,32591,2140,34731,267
2022-02-22,Mariposa,043,17540,2336,2322,192,2514,6
2022-02-22,Mendocino,045,87422,12842,12714,2919,15633,110
2022-02-22,Merced,047,269075,61881,61241,8544,69785,770
2022-02-22,Modoc,049,8938,722,720,246,966,6
2022-02-22,Mono,051,14174,2955,2961,119,3080,5
2022-02-22,Monterey,053,433212,78378,77359,13057,90416,690
2022-02-22,Napa,055,140530,25147,25151,907,26058,128
2022-02-22,Nevada,057,99092,15740,15815,1150,16965,121
2022-02-22,Orange,059,3164182,541537,539390,40853,580243,6502
2022-02-22,Placer,061,380077,62028,61709,7221,68930,572
2022-02-22,Plumas,063,18699,2933,2659,354,3013,13
2022-02-22,Riverside,065,2383286,586836,583969,27374,611343,6097
2022-02-22,Sacramento,067,1510023,277538,271789,26133,297922,2775
2022-02-22,San Benito,069,59416,12807,12742,505,13247,92
2022-02-22,San Bernardino,071,2135413,570546,554903,24631,579534,6451
2022-02-22,San Diego,073,3302833,740997,734536,51748,786284,4974
2022-02-22,San Francisco,075,870044,121293,121954,7994,129948,769
2022-02-22,San Joaquin,077,732212,164969,164111,9740,173851,2040
2022-02-22,San Luis Obispo,079,281455,51534,51193,3629,54822,431
2022-02-22,San Mateo,081,765935,119328,117418,6731,124149,603
2022-02-22,Santa Barbara,083,443738,84712,84701,4621,89322,650
2022-02-22,Santa Clara,085,1922200,308549,305045,12020,317065,2155
2022-02-22,Santa Cruz,087,273765,46527,45958,2049,48007,251
2022-02-22,Shasta,089,179085,30118,30024,5983,36007,479
2022-02-22,Sierra,091,2930,271,269,45,314,0
2022-02-22,Siskiyou,093,43540,4380,4350,2663,7013,70
2022-02-22,Solano,095,438530,80231,79968,5443,85411,425
2022-02-22,Sonoma,097,501317,82083,81412,2505,83917,431
2022-02-22,Stanislaus,099,539301,116401,116676,17567,134243,1475
2022-02-22,Sutter,101,95872,20200,20164,1965,22129,210
2022-02-22,Tehama,103,63373,11914,11852,2552,14404,152
2022-02-22,Trinity,105,12862,1172,1147,283,1430,20
2022-02-22,Tulare,107,460477,105289,102717,27098,129815,1287
2022-02-22,Tuolumne,109,53932,12523,12136,544,12680,175
2022-02-22,Ventura,111,848112,171288,171064,9267,180331,1401
2022-02-22,Yolo,113,214977,36390,35527,2806,38333,292
2022-02-22,Yuba,115,75493,15605,15550,1154,16704,110
2022-02-21,Alameda,001,1643700,251157,247434,13255,260689,1704
2022-02-21,Alpine,002,1148,122,124,1,125,0
2022-02-21,Amador,005,37829,8325,8246,628,8874,79
2022-02-21,Butte,007,227075,32662,32356,6885,39241,366
2022-02-21,Calaveras,009,45235,7152,7175,337,7512,107
2022-02-21,Colusa,011,21464,3418,3401,1035,4436,21
2022-02-21,Contra Costa,013,1133247,188952,183701,12977,196678,1201
2022-02-21,Del Norte,015,27424,5603,5601,167,5768,45
2022-02-21,El Dorado,017,186661,26363,26273,3139,29412,189
2022-02-21,Fresno,019,978130,231569,224923,23959,248882,2592
2022-02-21,Glenn,021,27897,4934,4897,1585,6482,40
2022-02-21,Humboldt,023,135768,16516,16548,2845,19393,132
2022-02-21,Imperial,025,180216,54772,54208,10394,64602,864
2022-02-21,Inyo,027,18085,4036,4023,447,4470,54
2022-02-21,Kern,029,883053,189864,188188,45194,233382,2102
2022-02-21,Kings,031,150075,50723,50188,3469,53657,422
2022-02-21,Lake,033,64148,10443,10334,857,11191,126
2022-02-21,Lassen,035,31185,8798,8705,863,9568,55
2022-02-21,Los Angeles,037,10098052,2683644,2656873,120912,2777785,30108
2022-02-21,Madera,039,155013,36814,36796,5895,42691,330
2022-02-21,Marin,041,260295,32717,32570,2140,34710,258
2022-02-21,Mariposa,043,17540,2333,2321,192,2513,6
2022-02-21,Mendocino,045,87422,12815,12706,2908,15614,110
2022-02-21,Merced,047,269075,61824,61209,8526,69735,770
2022-02-21,Modoc,049,8938,721,718,246,964,6
2022-02-21,Mono,051,14174,2954,2960,119,3079,5
2022-02-21,Monterey,053,433212,78284,77354,13016,90370,690
2022-02-21,Napa,055,140530,25108,25126,907,26033,128
2022-02-21,Nevada,057,99092,15729,15810,1147,16957,121
2022-02-21,Orange,059,3164182,541185,539068,40828,579896,6502
2022-02-21,Placer,061,380077,61975,61727,7217,68944,572
2022-02-21,Plumas,063,18699,2930,2657,349,3006,13
2022-02-21,Riverside,065,2383286,586465,583712,27327,611039,6097
2022-02-21,Sacramento,067,1510023,277285,271588,26100,297688,2769
2022-02-21,San Benito,069,59416,12794,12731,505,13236,92
2022-02-21,San Bernardino,071,2135413,570308,554662,24610,579272,6441
2022-02-21,San Diego,073,3302833,740382,732298,51670,783968,4974
2022-02-21,San Francisco,075,870044,121112,121865,7990,129855,769
2022-02-21,San Joaquin,077,732212,164829,164036,9728,173764,2040
2022-02-21,San Luis Obispo,079,281455,51443,51184,3622,54806,429
2022-02-21,San Mateo,081,765935,119235,117259,6723,123982,605
2022-02-21,Santa Barbara,083,443738,84635,84626,4613,89239,650
2022-02-21,Santa Clara,085,1922200,308218,304858,12014,316872,2158
2022-02-21,Santa Cruz,087,273765,46401,45941,2048,47989,251
2022-02-21,Shasta,089,179085,30073,30004,5975,35979,479
2022-02-21,Sierra,091,2930,271,269,45,314,0
2022-02-21,Siskiyou,093,43540,4369,4337,2657,6994,70
2022-02-21,Solano,095,438530,80138,79906,5438,85344,425
2022-02-21,Sonoma,097,501317,81970,81361,2498,83859,431
2022-02-21,Stanislaus,099,539301,116294,116597,17543,134140,1475
2022-02-21,Sutter,101,95872,20176,20152,1963,22115,210
2022-02-21,Tehama,103,63373,11900,11842,2551,14393,152
2022-02-21,Trinity,105,12862,1171,1147,283,1430,20
2022-02-21,Tulare,107,460477,105195,102614,27055,129669,1287
2022-02-21,Tuolumne,109,53932,12512,12126,541,12667,175
2022-02-21,Ventura,111,848112,171149,170939,9258,180197,1401
2022-02-21,Yolo,113,214977,36347,35518,2797,38315,292
2022-02-21,Yuba,115,75493,15586,15546,1145,16691,110
2022-02-20,Alameda,001,1643700,250929,246028,13247,259275,1700
2022-02-20,Alpine,002,1148,122,124,1,125,0
2022-02-20,Amador,005,37829,8313,8203,628,8831,79
2022-02-20,Butte,007,227075,32634,32173,6881,39054,364
2022-02-20,Calaveras,009,45235,7149,7136,336,7472,107
2022-02-20,Colusa,011,21464,3415,3389,1034,4423,21
2022-02-20,Contra Costa,013,1133247,188822,182797,12972,195769,1190
2022-02-20,Del Norte,015,27424,5588,5511,167,5678,45
2022-02-20,El Dorado,017,186661,26342,26101,3138,29239,189
2022-02-20,Fresno,019,978130,231373,223594,23943,247537,2544
2022-02-20,Glenn,021,27897,4931,4881,1585,6466,39
2022-02-20,Humboldt,023,135768,16504,16393,2841,19234,132
2022-02-20,Imperial,025,180216,54706,53967,10384,64351,862
2022-02-20,Inyo,027,18085,4036,4018,446,4464,52
2022-02-20,Kern,029,883053,189729,187158,45149,232307,2095
2022-02-20,Kings,031,150075,50695,49724,3466,53190,421
2022-02-20,Lake,033,64148,10410,10184,856,11040,126
2022-02-20,Lassen,035,31185,8786,8640,863,9503,55
2022-02-20,Los Angeles,037,10098052,2682322,2642878,120830,2763708,29842
2022-02-20,Madera,039,155013,36783,36526,5891,42417,330
2022-02-20,Marin,041,260295,32700,32441,2140,34581,258
2022-02-20,Mariposa,043,17540,2327,2310,190,2500,6
2022-02-20,Mendocino,045,87422,12805,12625,2905,15530,110
2022-02-20,Merced,047,269075,61796,60886,8521,69407,769
2022-02-20,Modoc,049,8938,720,714,246,960,6
2022-02-20,Mono,051,14174,2954,2956,119,3075,5
2022-02-20,Monterey,053,433212,78224,76765,13003,89768,682
2022-02-20,Napa,055,140530,25086,24970,905,25875,127
2022-02-20,Nevada,057,99092,15718,15715,1146,16861,121
2022-02-20,Orange,059,3164182,540866,538019,40790,578809,6416
2022-02-20,Placer,061,380077,61940,61417,7209,68626,560
2022-02-20,Plumas,063,18699,2926,2646,347,2993,13
2022-02-20,Riverside,065,2383286,586196,581788,27301,609089,6087
2022-02-20,Sacramento,067,1510023,277105,270080,26076,296156,2747
2022-02-20,San Benito,069,59416,12791,12665,505,13170,92
2022-02-20,San Bernardino,071,2135413,570100,553151,24593,577744,6400
2022-02-20,San Diego,073,3302833,739811,729549,51605,781154,4947
2022-02-20,San Francisco,075,870044,120975,121197,7980,129177,756
2022-02-20,San Joaquin,077,732212,164710,163083,9717,172800,2033
2022-02-20,San Luis Obispo,079,281455,51414,50823,3618,54441,424
2022-02-20,San Mateo,081,765935,119160,116648,6716,123364,598
2022-02-20,Santa Barbara,083,443738,84591,83988,4611,88599,642
2022-02-20,Santa Clara,085,1922200,307934,303077,12006,315083,2138
2022-02-20,Santa Cruz,087,273765,46335,45532,2045,47577,250
2022-02-20,Shasta,089,179085,30044,29847,5968,35815,479
2022-02-20,Sierra,091,2930,271,269,45,314,0
2022-02-20,Siskiyou,093,43540,4364,4307,2656,6963,70
2022-02-20,Solano,095,438530,80063,78914,5434,84348,424
2022-02-20,Sonoma,097,501317,81895,80843,2495,83338,431
2022-02-20,Stanislaus,099,539301,116228,115976,17526,133502,1454
2022-02-20,Sutter,101,95872,20164,20060,1960,22020,210
2022-02-20,Tehama,103,63373,11888,11760,2548,14308,152
2022-02-20,Trinity,105,12862,1170,1130,283,1413,20
2022-02-20,Tulare,107,460477,105107,101996,27030,129026,1286
2022-02-20,Tuolumne,109,53932,12491,12036,541,12577,175
2022-02-20,Ventura,111,848112,171053,170331,9251,179582,1384
2022-02-20,Yolo,113,214977,36321,35363,2794,38157,293
2022-02-20,Yuba,115,75493,15571,15449,1144,16593,112
2022-02-19,Alameda,001,1643700,250757,246028,13243,259271,1700
2022-02-19,Alpine,002,1148,122,124,1,125,0
2022-02-19,Amador,005,37829,8309,8203,628,8831,79
2022-02-19,Butte,007,227075,32610,32173,6878,39051,364
2022-02-19,Calaveras,009,45235,7149,7136,336,7472,107
2022-02-19,Colusa,011,21464,3414,3389,1032,4421,21
2022-02-19,Contra Costa,013,1133247,188725,182797,12971,195768,1190
2022-02-19,Del Norte,015,27424,5578,5511,167,5678,45
2022-02-19,El Dorado,017,186661,26324,26101,3136,29237,189
2022-02-19,Fresno,019,978130,231253,223594,23936,247530,2544
2022-02-19,Glenn,021,27897,4926,4881,1585,6466,39
2022-02-19,Humboldt,023,135768,16489,16393,2841,19234,132
2022-02-19,Imperial,025,180216,54690,53967,10379,64346,862
2022-02-19,Inyo,027,18085,4035,4018,445,4463,52
2022-02-19,Kern,029,883053,189626,187158,45125,232283,2095
2022-02-19,Kings,031,150075,50672,49724,3465,53189,421
2022-02-19,Lake,033,64148,10401,10184,856,11040,126
2022-02-19,Lassen,035,31185,8774,8640,862,9502,55
2022-02-19,Los Angeles,037,10098052,2681534,2642878,120788,2763666,29842
2022-02-19,Madera,039,155013,36761,36526,5889,42415,330
2022-02-19,Marin,041,260295,32677,32441,2139,34580,258
2022-02-19,Mariposa,043,17540,2324,2310,190,2500,6
2022-02-19,Mendocino,045,87422,12795,12625,2905,15530,110
2022-02-19,Merced,047,269075,61752,60886,8517,69403,769
2022-02-19,Modoc,049,8938,720,714,245,959,6
2022-02-19,Mono,051,14174,2953,2956,119,3075,5
2022-02-19,Monterey,053,433212,78135,76765,12992,89757,682
2022-02-19,Napa,055,140530,25076,24970,905,25875,127
2022-02-19,Nevada,057,99092,15710,15715,1146,16861,121
2022-02-19,Orange,059,3164182,540664,538019,40764,578783,6416
2022-02-19,Placer,061,380077,61894,61417,7208,68625,560
2022-02-19,Plumas,063,18699,2925,2646,347,2993,13
2022-02-19,Riverside,065,2383286,586014,581788,27289,609077,6087
2022-02-19,Sacramento,067,1510023,276960,270080,26065,296145,2747
2022-02-19,San Benito,069,59416,12778,12665,504,13169,92
2022-02-19,San Bernardino,071,2135413,569938,553151,24586,577737,6400
2022-02-19,San Diego,073,3302833,739467,729549,51558,781107,4947
2022-02-19,San Francisco,075,870044,120889,121197,7976,129173,756
2022-02-19,San Joaquin,077,732212,164636,163083,9706,172789,2033
2022-02-19,San Luis Obispo,079,281455,51401,50823,3614,54437,424
2022-02-19,San Mateo,081,765935,119118,116648,6715,123363,598
2022-02-19,Santa Barbara,083,443738,84524,83988,4610,88598,642
2022-02-19,Santa Clara,085,1922200,307739,303077,12004,315081,2138
2022-02-19,Santa Cruz,087,273765,46297,45532,2043,47575,250
2022-02-19,Shasta,089,179085,30029,29847,5965,35812,479
2022-02-19,Sierra,091,2930,271,269,45,314,0
2022-02-19,Siskiyou,093,43540,4361,4307,2656,6963,70
2022-02-19,Solano,095,438530,80021,78914,5433,84347,424
2022-02-19,Sonoma,097,501317,81853,80843,2495,83338,431
2022-02-19,Stanislaus,099,539301,116156,115976,17520,133496,1454
2022-02-19,Sutter,101,95872,20156,20060,1960,22020,210
2022-02-19,Tehama,103,63373,11881,11760,2548,14308,152
2022-02-19,Trinity,105,12862,1168,1130,283,1413,20
2022-02-19,Tulare,107,460477,105060,101996,27005,129001,1286
2022-02-19,Tuolumne,109,53932,12482,12036,541,12577,175
2022-02-19,Ventura,111,848112,170978,170331,9247,179578,1384
2022-02-19,Yolo,113,214977,36290,35363,2790,38153,293
2022-02-19,Yuba,115,75493,15562,15449,1144,16593,112
2022-02-18,Alameda,001,1643700,250592,246028,13235,259263,1700
2022-02-18,Alpine,002,1148,121,124,1,125,0
2022-02-18,Amador,005,37829,8302,8203,626,8829,79
2022-02-18,Butte,007,227075,32589,32173,6872,39045,364
2022-02-18,Calaveras,009,45235,7144,7136,335,7471,107
2022-02-18,Colusa,011,21464,3412,3389,1032,4421,21
2022-02-18,Contra Costa,013,1133247,188618,182797,12965,195762,1190
2022-02-18,Del Norte,015,27424,5566,5511,167,5678,45
2022-02-18,El Dorado,017,186661,26313,26101,3136,29237,189
2022-02-18,Fresno,019,978130,231066,223594,23923,247517,2544
2022-02-18,Glenn,021,27897,4925,4881,1584,6465,39
2022-02-18,Humboldt,023,135768,16472,16393,2836,19229,132
2022-02-18,Imperial,025,180216,54664,53967,10368,64335,862
2022-02-18,Inyo,027,18085,4033,4018,445,4463,52
2022-02-18,Kern,029,883053,189514,187158,45079,232237,2095
2022-02-18,Kings,031,150075,50585,49724,3465,53189,421
2022-02-18,Lake,033,64148,10383,10184,854,11038,126
2022-02-18,Lassen,035,31185,8754,8640,861,9501,55
2022-02-18,Los Angeles,037,10098052,2680551,2642878,120734,2763612,29842
2022-02-18,Madera,039,155013,36738,36526,5887,42413,330
2022-02-18,Marin,041,260295,32659,32441,2137,34578,258
2022-02-18,Mariposa,043,17540,2322,2310,190,2500,6
2022-02-18,Mendocino,045,87422,12785,12625,2905,15530,110
2022-02-18,Merced,047,269075,61709,60886,8508,69394,769
2022-02-18,Modoc,049,8938,720,714,245,959,6
2022-02-18,Mono,051,14174,2953,2956,119,3075,5
2022-02-18,Monterey,053,433212,78062,76765,12984,89749,682
2022-02-18,Napa,055,140530,25058,24970,905,25875,127
2022-02-18,Nevada,057,99092,15702,15715,1146,16861,121
2022-02-18,Orange,059,3164182,540426,538019,40725,578744,6416
2022-02-18,Placer,061,380077,61864,61417,7201,68618,560
2022-02-18,Plumas,063,18699,2921,2646,347,2993,13
2022-02-18,Riverside,065,2383286,585832,581788,27281,609069,6087
2022-02-18,Sacramento,067,1510023,276768,270080,26056,296136,2747
2022-02-18,San Benito,069,59416,12770,12665,504,13169,92
2022-02-18,San Bernardino,071,2135413,569760,553151,24581,577732,6400
2022-02-18,San Diego,073,3302833,739043,729549,51532,781081,4947
2022-02-18,San Francisco,075,870044,120801,121197,7968,129165,756
2022-02-18,San Joaquin,077,732212,164566,163083,9699,172782,2033
2022-02-18,San Luis Obispo,079,281455,51385,50823,3611,54434,424
2022-02-18,San Mateo,081,765935,119053,116648,6712,123360,598
2022-02-18,Santa Barbara,083,443738,84484,83988,4608,88596,642
2022-02-18,Santa Clara,085,1922200,307503,303077,12003,315080,2138
2022-02-18,Santa Cruz,087,273765,46263,45532,2042,47574,250
2022-02-18,Shasta,089,179085,30013,29847,5964,35811,479
2022-02-18,Sierra,091,2930,271,269,45,314,0
2022-02-18,Siskiyou,093,43540,4358,4307,2654,6961,70
2022-02-18,Solano,095,438530,79951,78914,5432,84346,424
2022-02-18,Sonoma,097,501317,81797,80843,2494,83337,431
2022-02-18,Stanislaus,099,539301,116106,115976,17506,133482,1454
2022-02-18,Sutter,101,95872,20144,20060,1960,22020,210
2022-02-18,Tehama,103,63373,11870,11760,2548,14308,152
2022-02-18,Trinity,105,12862,1167,1130,282,1412,20
2022-02-18,Tulare,107,460477,105009,101996,26964,128960,1286
2022-02-18,Tuolumne,109,53932,12476,12036,540,12576,175
2022-02-18,Ventura,111,848112,170888,170331,9242,179573,1384
2022-02-18,Yolo,113,214977,36262,35363,2788,38151,293
2022-02-18,Yuba,115,75493,15547,15449,1144,16593,112
2022-02-17,Alameda,001,1643700,250326,246028,13220,259248,1700
2022-02-17,Alpine,002,1148,121,124,1,125,0
2022-02-17,Amador,005,37829,8298,8203,624,8827,79
2022-02-17,Butte,007,227075,32556,32173,6868,39041,364
2022-02-17,Calaveras,009,45235,7135,7136,332,7468,107
2022-02-17,Colusa,011,21464,3409,3389,1032,4421,21
2022-02-17,Contra Costa,013,1133247,188422,182797,12933,195730,1190
2022-02-17,Del Norte,015,27424,5545,5511,167,5678,45
2022-02-17,El Dorado,017,186661,26287,26101,3126,29227,189
2022-02-17,Fresno,019,978130,230778,223594,23893,247487,2544
2022-02-17,Glenn,021,27897,4923,4881,1581,6462,39
2022-02-17,Humboldt,023,135768,16432,16393,2835,19228,132
2022-02-17,Imperial,025,180216,54592,53967,10352,64319,862
2022-02-17,Inyo,027,18085,4031,4018,444,4462,52
2022-02-17,Kern,029,883053,189360,187158,45030,232188,2095
2022-02-17,Kings,031,150075,50521,49724,3460,53184,421
2022-02-17,Lake,033,64148,10353,10184,850,11034,126
2022-02-17,Lassen,035,31185,8744,8640,859,9499,55
2022-02-17,Los Angeles,037,10098052,2678729,2642878,120654,2763532,29842
2022-02-17,Madera,039,155013,36695,36526,5880,42406,330
2022-02-17,Marin,041,260295,32633,32441,2136,34577,258
2022-02-17,Mariposa,043,17540,2320,2310,189,2499,6
2022-02-17,Mendocino,045,87422,12768,12625,2902,15527,110
2022-02-17,Merced,047,269075,61635,60886,8490,69376,769
2022-02-17,Modoc,049,8938,719,714,245,959,6
2022-02-17,Mono,051,14174,2951,2956,119,3075,5
2022-02-17,Monterey,053,433212,77950,76765,12942,89707,682
2022-02-17,Napa,055,140530,25026,24970,903,25873,127
2022-02-17,Nevada,057,99092,15690,15715,1145,16860,121
2022-02-17,Orange,059,3164182,540087,538019,40698,578717,6416
2022-02-17,Placer,061,380077,61821,61417,7193,68610,560
2022-02-17,Plumas,063,18699,2918,2646,347,2993,13
2022-02-17,Riverside,065,2383286,585457,581788,27254,609042,6087
2022-02-17,Sacramento,067,1510023,276481,270080,26008,296088,2747
2022-02-17,San Benito,069,59416,12759,12665,504,13169,92
2022-02-17,San Bernardino,071,2135413,569457,553151,24567,577718,6400
2022-02-17,San Diego,073,3302833,738447,729549,51478,781027,4947
2022-02-17,San Francisco,075,870044,120667,121197,7958,129155,756
2022-02-17,San Joaquin,077,732212,164401,163083,9686,172769,2033
2022-02-17,San Luis Obispo,079,281455,51280,50823,3603,54426,424
2022-02-17,San Mateo,081,765935,118958,116648,6703,123351,598
2022-02-17,Santa Barbara,083,443738,84383,83988,4601,88589,642
2022-02-17,Santa Clara,085,1922200,307133,303077,11989,315066,2138
2022-02-17,Santa Cruz,087,273765,46180,45532,2040,47572,250
2022-02-17,Shasta,089,179085,29986,29847,5961,35808,479
2022-02-17,Sierra,091,2930,271,269,45,314,0
2022-02-17,Siskiyou,093,43540,4349,4307,2650,6957,70
2022-02-17,Solano,095,438530,79870,78914,5425,84339,424
2022-02-17,Sonoma,097,501317,81731,80843,2487,83330,431
2022-02-17,Stanislaus,099,539301,116002,115976,17489,133465,1454
2022-02-17,Sutter,101,95872,20129,20060,1952,22012,210
2022-02-17,Tehama,103,63373,11862,11760,2547,14307,152
2022-02-17,Trinity,105,12862,1165,1130,280,1410,20
2022-02-17,Tulare,107,460477,104897,101996,26940,128936,1286
2022-02-17,Tuolumne,109,53932,12465,12036,540,12576,175
2022-02-17,Ventura,111,848112,170748,170331,9241,179572,1384
2022-02-17,Yolo,113,214977,36224,35363,2787,38150,293
2022-02-17,Yuba,115,75493,15532,15449,1144,16593,112
2022-02-16,Alameda,001,1643700,250017,245662,13183,258845,1691
2022-02-16,Alpine,002,1148,121,124,1,125,0
2022-02-16,Amador,005,37829,8280,8197,623,8820,77
2022-02-16,Butte,007,227075,32510,32095,6855,38950,363
2022-02-16,Calaveras,009,45235,7131,7129,329,7458,107
2022-02-16,Colusa,011,21464,3403,3384,1032,4416,21
2022-02-16,Contra Costa,013,1133247,188189,182423,12897,195320,1179
2022-02-16,Del Norte,015,27424,5525,5473,164,5637,45
2022-02-16,El Dorado,017,186661,26262,26061,3122,29183,189
2022-02-16,Fresno,019,978130,230416,223056,23844,246900,2542
2022-02-16,Glenn,021,27897,4920,4873,1576,6449,39
2022-02-16,Humboldt,023,135768,16408,16342,2825,19167,132
2022-02-16,Imperial,025,180216,54514,53901,10324,64225,861
2022-02-16,Inyo,027,18085,4028,4013,443,4456,52
2022-02-16,Kern,029,883053,189143,186740,44945,231685,2084
2022-02-16,Kings,031,150075,50468,49575,3451,53026,420
2022-02-16,Lake,033,64148,10327,10145,850,10995,125
2022-02-16,Lassen,035,31185,8711,8618,859,9477,55
2022-02-16,Los Angeles,037,10098052,2676651,2640005,120546,2760551,29749
2022-02-16,Madera,039,155013,36628,36382,5866,42248,330
2022-02-16,Marin,041,260295,32597,32381,2134,34515,257
2022-02-16,Mariposa,043,17540,2318,2305,189,2494,6
2022-02-16,Mendocino,045,87422,12746,12605,2892,15497,108
2022-02-16,Merced,047,269075,61568,60776,8457,69233,767
2022-02-16,Modoc,049,8938,719,711,241,952,6
2022-02-16,Mono,051,14174,2949,2953,119,3072,5
2022-02-16,Monterey,053,433212,77802,76624,12901,89525,682
2022-02-16,Napa,055,140530,24988,24897,900,25797,128
2022-02-16,Nevada,057,99092,15672,15677,1141,16818,121
2022-02-16,Orange,059,3164182,539682,537934,40652,578586,6392
2022-02-16,Placer,061,380077,61778,61278,7181,68459,556
2022-02-16,Plumas,063,18699,2915,2644,345,2989,13
2022-02-16,Riverside,065,2383286,585057,580828,27208,608036,6064
2022-02-16,Sacramento,067,1510023,276157,269416,25952,295368,2736
2022-02-16,San Benito,069,59416,12732,12644,504,13148,92
2022-02-16,San Bernardino,071,2135413,569183,552353,24545,576898,6379
2022-02-16,San Diego,073,3302833,737686,728610,51401,780011,4931
2022-02-16,San Francisco,075,870044,120494,120987,7955,128942,756
2022-02-16,San Joaquin,077,732212,164234,162752,9676,172428,2032
2022-02-16,San Luis Obispo,079,281455,51208,50704,3591,54295,425
2022-02-16,San Mateo,081,765935,118840,116438,6685,123123,595
2022-02-16,Santa Barbara,083,443738,84307,83968,4589,88557,642
2022-02-16,Santa Clara,085,1922200,306740,302439,11958,314397,2130
2022-02-16,Santa Cruz,087,273765,46090,45274,2038,47312,250
2022-02-16,Shasta,089,179085,29946,29767,5949,35716,477
2022-02-16,Sierra,091,2930,270,269,45,314,0
2022-02-16,Siskiyou,093,43540,4342,4302,2644,6946,71
2022-02-16,Solano,095,438530,79755,78742,5419,84161,422
2022-02-16,Sonoma,097,501317,81603,80642,2477,83119,431
2022-02-16,Stanislaus,099,539301,115883,115751,17456,133207,1443
2022-02-16,Sutter,101,95872,20112,20020,1949,21969,210
2022-02-16,Tehama,103,63373,11845,11738,2545,14283,152
2022-02-16,Trinity,105,12862,1165,1130,279,1409,20
2022-02-16,Tulare,107,460477,104778,101817,26890,128707,1281
2022-02-16,Tuolumne,109,53932,12453,11991,539,12530,171
2022-02-16,Ventura,111,848112,170614,170117,9233,179350,1372
2022-02-16,Yolo,113,214977,36174,35284,2785,38069,292
2022-02-16,Yuba,115,75493,15510,15405,1141,16546,110
2022-02-15,Alameda,001,1643700,249663,245265,13157,258422,1683
2022-02-15,Alpine,002,1148,121,124,1,125,0
2022-02-15,Amador,005,37829,8270,8183,622,8805,77
2022-02-15,Butte,007,227075,32461,32011,6841,38852,361
2022-02-15,Calaveras,009,45235,7121,7115,329,7444,106
2022-02-15,Colusa,011,21464,3395,3374,1031,4405,21
2022-02-15,Contra Costa,013,1133247,187931,182041,12867,194908,1179
2022-02-15,Del Norte,015,27424,5497,5439,163,5602,45
2022-02-15,El Dorado,017,186661,26244,25988,3117,29105,189
2022-02-15,Fresno,019,978130,230043,222673,23786,246459,2543
2022-02-15,Glenn,021,27897,4911,4862,1575,6437,39
2022-02-15,Humboldt,023,135768,16363,16297,2810,19107,132
2022-02-15,Imperial,025,180216,54450,53813,10309,64122,860
2022-02-15,Inyo,027,18085,4027,4009,442,4451,52
2022-02-15,Kern,029,883053,188922,186324,44853,231177,2072
2022-02-15,Kings,031,150075,50375,49473,3442,52915,418
2022-02-15,Lake,033,64148,10295,10112,844,10956,123
2022-02-15,Lassen,035,31185,8697,8587,857,9444,55
2022-02-15,Los Angeles,037,10098052,2674397,2638266,120417,2758683,29691
2022-02-15,Madera,039,155013,36562,36260,5846,42106,330
2022-02-15,Marin,041,260295,32554,32355,2132,34487,255
2022-02-15,Mariposa,043,17540,2317,2302,189,2491,6
2022-02-15,Mendocino,045,87422,12729,12580,2873,15453,108
2022-02-15,Merced,047,269075,61487,60674,8425,69099,763
2022-02-15,Modoc,049,8938,717,710,238,948,6
2022-02-15,Mono,051,14174,2948,2952,119,3071,5
2022-02-15,Monterey,053,433212,77675,75530,12843,88373,682
2022-02-15,Napa,055,140530,24938,24832,893,25725,127
2022-02-15,Nevada,057,99092,15646,15643,1140,16783,121
2022-02-15,Orange,059,3164182,539226,537478,40605,578083,6374
2022-02-15,Placer,061,380077,61716,61170,7170,68340,554
2022-02-15,Plumas,063,18699,2911,2638,345,2983,13
2022-02-15,Riverside,065,2383286,584572,579940,27149,607089,6049
2022-02-15,Sacramento,067,1510023,275767,268950,25873,294823,2721
2022-02-15,San Benito,069,59416,12714,12616,504,13120,91
2022-02-15,San Bernardino,071,2135413,568822,551803,24525,576328,6372
2022-02-15,San Diego,073,3302833,736725,727486,51298,778784,4914
2022-02-15,San Francisco,075,870044,120324,120759,7944,128703,756
2022-02-15,San Joaquin,077,732212,164017,162518,9662,172180,2021
2022-02-15,San Luis Obispo,079,281455,51111,50534,3576,54110,419
2022-02-15,San Mateo,081,765935,118704,116253,6665,122918,595
2022-02-15,Santa Barbara,083,443738,84171,83734,4575,88309,640
2022-02-15,Santa Clara,085,1922200,306240,301831,11923,313754,2130
2022-02-15,Santa Cruz,087,273765,45986,45171,2033,47204,250
2022-02-15,Shasta,089,179085,29896,29684,5935,35619,477
2022-02-15,Sierra,091,2930,270,269,45,314,0
2022-02-15,Siskiyou,093,43540,4335,4288,2637,6925,70
2022-02-15,Solano,095,438530,79621,78626,5414,84040,426
2022-02-15,Sonoma,097,501317,81481,80433,2471,82904,431
2022-02-15,Stanislaus,099,539301,115740,115549,17425,132974,1429
2022-02-15,Sutter,101,95872,20083,19980,1944,21924,208
2022-02-15,Tehama,103,63373,11827,11717,2543,14260,151
2022-02-15,Trinity,105,12862,1159,1125,276,1401,20
2022-02-15,Tulare,107,460477,104625,101645,26835,128480,1278
2022-02-15,Tuolumne,109,53932,12434,11945,537,12482,171
2022-02-15,Ventura,111,848112,170440,169942,9226,179168,1372
2022-02-15,Yolo,113,214977,36124,35241,2777,38018,289
2022-02-15,Yuba,115,75493,15481,15372,1136,16508,109
2022-02-14,Alameda,001,1643700,249230,244315,13124,257439,1677
2022-02-14,Alpine,002,1148,121,125,1,126,0
2022-02-14,Amador,005,37829,8255,8164,619,8783,77
2022-02-14,Butte,007,227075,32407,31946,6826,38772,360
2022-02-14,Calaveras,009,45235,7108,7097,327,7424,106
2022-02-14,Colusa,011,21464,3392,3367,1027,4394,21
2022-02-14,Contra Costa,013,1133247,187647,181753,12829,194582,1167
2022-02-14,Del Norte,015,27424,5474,5426,162,5588,45
2022-02-14,El Dorado,017,186661,26208,25915,3108,29023,188
2022-02-14,Fresno,019,978130,229562,222360,23701,246061,2538
2022-02-14,Glenn,021,27897,4906,4854,1575,6429,39
2022-02-14,Humboldt,023,135768,16323,16264,2785,19049,132
2022-02-14,Imperial,025,180216,54378,53765,10283,64048,860
2022-02-14,Inyo,027,18085,4026,4010,441,4451,52
2022-02-14,Kern,029,883053,188579,186037,44745,230782,2063
2022-02-14,Kings,031,150075,50269,49395,3433,52828,419
2022-02-14,Lake,033,64148,10258,10090,841,10931,123
2022-02-14,Lassen,035,31185,8687,8539,855,9394,55
2022-02-14,Los Angeles,037,10098052,2671836,2636064,120290,2756354,29650
2022-02-14,Madera,039,155013,36497,36194,5823,42017,330
2022-02-14,Marin,041,260295,32518,32304,2129,34433,255
2022-02-14,Mariposa,043,17540,2310,2295,189,2484,6
2022-02-14,Mendocino,045,87422,12702,12541,2841,15382,108
2022-02-14,Merced,047,269075,61397,60591,8382,68973,758
2022-02-14,Modoc,049,8938,712,707,238,945,6
2022-02-14,Mono,051,14174,2947,2954,119,3073,5
2022-02-14,Monterey,053,433212,77504,75407,12764,88171,678
2022-02-14,Napa,055,140530,24879,24776,893,25669,127
2022-02-14,Nevada,057,99092,15627,15629,1139,16768,121
2022-02-14,Orange,059,3164182,538722,536924,40538,577462,6355
2022-02-14,Placer,061,380077,61647,61123,7155,68278,554
2022-02-14,Plumas,063,18699,2909,2631,345,2976,13
2022-02-14,Riverside,065,2383286,584026,579174,27081,606255,5994
2022-02-14,Sacramento,067,1510023,275324,268547,25761,294308,2717
2022-02-14,San Benito,069,59416,12690,12598,503,13101,91
2022-02-14,San Bernardino,071,2135413,568406,551338,24505,575843,6372
2022-02-14,San Diego,073,3302833,735757,723902,51195,775097,4894
2022-02-14,San Francisco,075,870044,120137,120581,7934,128515,756
2022-02-14,San Joaquin,077,732212,163780,162363,9639,172002,2018
2022-02-14,San Luis Obispo,079,281455,51002,50465,3566,54031,416
2022-02-14,San Mateo,081,765935,118540,116129,6657,122786,592
2022-02-14,Santa Barbara,083,443738,84024,83697,4565,88262,636
2022-02-14,Santa Clara,085,1922200,305703,301319,11899,313218,2127
2022-02-14,Santa Cruz,087,273765,45823,45042,2029,47071,250
2022-02-14,Shasta,089,179085,29810,29595,5918,35513,474
2022-02-14,Sierra,091,2930,270,269,45,314,0
2022-02-14,Siskiyou,093,43540,4322,4278,2623,6901,69
2022-02-14,Solano,095,438530,79441,78533,5403,83936,427
2022-02-14,Sonoma,097,501317,81341,80336,2459,82795,431
2022-02-14,Stanislaus,099,539301,115562,115426,17382,132808,1406
2022-02-14,Sutter,101,95872,20055,19957,1938,21895,209
2022-02-14,Tehama,103,63373,11804,11686,2542,14228,151
2022-02-14,Trinity,105,12862,1156,1123,276,1399,20
2022-02-14,Tulare,107,460477,104419,101448,26741,128189,1276
2022-02-14,Tuolumne,109,53932,12405,11920,534,12454,170
2022-02-14,Ventura,111,848112,170263,169725,9214,178939,1361
2022-02-14,Yolo,113,214977,36065,35112,2767,37879,286
2022-02-14,Yuba,115,75493,15451,15375,1132,16507,108
2022-02-13,Alameda,001,1643700,248740,243681,13090,256771,1677
2022-02-13,Alpine,002,1148,121,125,1,126,0
2022-02-13,Amador,005,37829,8226,8146,616,8762,77
2022-02-13,Butte,007,227075,32332,31865,6804,38669,360
2022-02-13,Calaveras,009,45235,7101,7083,324,7407,106
2022-02-13,Colusa,011,21464,3390,3366,1025,4391,21
2022-02-13,Contra Costa,013,1133247,187285,181313,12765,194078,1159
2022-02-13,Del Norte,015,27424,5442,5379,162,5541,45
2022-02-13,El Dorado,017,186661,26172,25871,3101,28972,188
2022-02-13,Fresno,019,978130,229026,221686,23642,245328,2537
2022-02-13,Glenn,021,27897,4899,4847,1572,6419,39
2022-02-13,Humboldt,023,135768,16276,16210,2758,18968,132
2022-02-13,Imperial,025,180216,54280,53658,10248,63906,860
2022-02-13,Inyo,027,18085,4023,4006,439,4445,52
2022-02-13,Kern,029,883053,188327,185640,44660,230300,2063
2022-02-13,Kings,031,150075,50142,49243,3421,52664,416
2022-02-13,Lake,033,64148,10195,10042,834,10876,123
2022-02-13,Lassen,035,31185,8661,8503,853,9356,55
2022-02-13,Los Angeles,037,10098052,2668686,2631267,120150,2751417,29595
2022-02-13,Madera,039,155013,36380,36054,5795,41849,330
2022-02-13,Marin,041,260295,32447,32222,2122,34344,255
2022-02-13,Mariposa,043,17540,2304,2292,187,2479,6
2022-02-13,Mendocino,045,87422,12673,12521,2802,15323,108
2022-02-13,Merced,047,269075,61254,60460,8328,68788,758
2022-02-13,Modoc,049,8938,710,704,231,935,6
2022-02-13,Mono,051,14174,2946,2949,119,3068,5
2022-02-13,Monterey,053,433212,77297,75295,12690,87985,678
2022-02-13,Napa,055,140530,24802,24743,890,25633,127
2022-02-13,Nevada,057,99092,15593,15590,1132,16722,121
2022-02-13,Orange,059,3164182,538093,536134,40476,576610,6355
2022-02-13,Placer,061,380077,61572,61020,7134,68154,554
2022-02-13,Plumas,063,18699,2901,2626,342,2968,13
2022-02-13,Riverside,065,2383286,583432,578363,27040,605403,5995
2022-02-13,Sacramento,067,1510023,274811,267947,25631,293578,2699
2022-02-13,San Benito,069,59416,12657,12578,502,13080,91
2022-02-13,San Bernardino,071,2135413,567919,550632,24471,575103,6367
2022-02-13,San Diego,073,3302833,734621,723902,51075,774977,4894
2022-02-13,San Francisco,075,870044,119885,120295,7922,128217,756
2022-02-13,San Joaquin,077,732212,163479,162028,9611,171639,2018
2022-02-13,San Luis Obispo,079,281455,50857,50384,3558,53942,415
2022-02-13,San Mateo,081,765935,118319,115876,6631,122507,592
2022-02-13,Santa Barbara,083,443738,83860,83547,4558,88105,635
2022-02-13,Santa Clara,085,1922200,305062,300412,11862,312274,2114
2022-02-13,Santa Cruz,087,273765,45668,44887,2027,46914,240
2022-02-13,Shasta,089,179085,29731,29531,5895,35426,474
2022-02-13,Sierra,091,2930,270,269,45,314,0
2022-02-13,Siskiyou,093,43540,4315,4264,2607,6871,69
2022-02-13,Solano,095,438530,79283,78424,5380,83804,426
2022-02-13,Sonoma,097,501317,81177,80172,2447,82619,431
2022-02-13,Stanislaus,099,539301,115370,115156,17342,132498,1406
2022-02-13,Sutter,101,95872,20016,19900,1938,21838,209
2022-02-13,Tehama,103,63373,11779,11644,2539,14183,151
2022-02-13,Trinity,105,12862,1153,1120,273,1393,20
2022-02-13,Tulare,107,460477,104206,101135,26653,127788,1276
2022-02-13,Tuolumne,109,53932,12379,11891,529,12420,170
2022-02-13,Ventura,111,848112,170069,169422,9194,178616,1361
2022-02-13,Yolo,113,214977,35998,35057,2756,37813,286
2022-02-13,Yuba,115,75493,15417,15346,1131,16477,107
2022-02-12,Alameda,001,1643700,248520,242137,13076,255213,1668
2022-02-12,Alpine,002,1148,121,124,1,125,0
2022-02-12,Amador,005,37829,8220,8091,616,8707,76
2022-02-12,Butte,007,227075,32303,31601,6798,38399,360
2022-02-12,Calaveras,009,45235,7098,7022,323,7345,106
2022-02-12,Colusa,011,21464,3387,3345,1025,4370,21
2022-02-12,Contra Costa,013,1133247,187094,180270,12758,193028,1141
2022-02-12,Del Norte,015,27424,5423,5262,162,5424,45
2022-02-12,El Dorado,017,186661,26156,25692,3101,28793,188
2022-02-12,Fresno,019,978130,228813,219909,23627,243536,2509
2022-02-12,Glenn,021,27897,4898,4818,1571,6389,39
2022-02-12,Humboldt,023,135768,16252,16058,2755,18813,132
2022-02-12,Imperial,025,180216,54236,53304,10238,63542,860
2022-02-12,Inyo,027,18085,4021,3991,439,4430,52
2022-02-12,Kern,029,883053,188216,184639,44622,229261,2037
2022-02-12,Kings,031,150075,50102,48893,3414,52307,415
2022-02-12,Lake,033,64148,10174,9926,830,10756,123
2022-02-12,Lassen,035,31185,8638,8477,852,9329,55
2022-02-12,Los Angeles,037,10098052,2667531,2616426,120079,2736505,29364
2022-02-12,Madera,039,155013,36345,35710,5789,41499,330
2022-02-12,Marin,041,260295,32415,32048,2119,34167,255
2022-02-12,Mariposa,043,17540,2304,2286,187,2473,6
2022-02-12,Mendocino,045,87422,12657,12439,2802,15241,107
2022-02-12,Merced,047,269075,61201,60187,8323,68510,758
2022-02-12,Modoc,049,8938,710,697,231,928,6
2022-02-12,Mono,051,14174,2945,2939,119,3058,5
2022-02-12,Monterey,053,433212,77236,74842,12668,87510,672
2022-02-12,Napa,055,140530,24774,24530,890,25420,124
2022-02-12,Nevada,057,99092,15580,15499,1131,16630,119
2022-02-12,Orange,059,3164182,537801,534503,40441,574944,6305
2022-02-12,Placer,061,380077,61516,60636,7131,67767,554
2022-02-12,Plumas,063,18699,2900,2617,341,2958,13
2022-02-12,Riverside,065,2383286,583070,575566,27017,602583,5961
2022-02-12,Sacramento,067,1510023,274575,266347,25621,291968,2686
2022-02-12,San Benito,069,59416,12645,12526,502,13028,91
2022-02-12,San Bernardino,071,2135413,567684,548822,24458,573280,6360
2022-02-12,San Diego,073,3302833,734122,720287,51022,771309,4854
2022-02-12,San Francisco,075,870044,119763,119113,7911,127024,740
2022-02-12,San Joaquin,077,732212,163348,161234,9605,170839,2014
2022-02-12,San Luis Obispo,079,281455,50821,50064,3555,53619,416
2022-02-12,San Mateo,081,765935,118231,115235,6624,121859,589
2022-02-12,Santa Barbara,083,443738,83774,83390,4551,87941,631
2022-02-12,Santa Clara,085,1922200,304725,298176,11855,310031,2093
2022-02-12,Santa Cruz,087,273765,45632,44447,2025,46472,239
2022-02-12,Shasta,089,179085,29702,29370,5891,35261,473
2022-02-12,Sierra,091,2930,270,268,45,313,0
2022-02-12,Siskiyou,093,43540,4307,4231,2604,6835,68
2022-02-12,Solano,095,438530,79241,77865,5375,83240,424
2022-02-12,Sonoma,097,501317,81073,79533,2445,81978,431
2022-02-12,Stanislaus,099,539301,115246,114531,17329,131860,1406
2022-02-12,Sutter,101,95872,20001,19800,1938,21738,211
2022-02-12,Tehama,103,63373,11763,11580,2539,14119,151
2022-02-12,Trinity,105,12862,1152,1115,273,1388,20
2022-02-12,Tulare,107,460477,104111,100434,26616,127050,1273
2022-02-12,Tuolumne,109,53932,12361,11754,529,12283,125
2022-02-12,Ventura,111,848112,169962,168736,9189,177925,1340
2022-02-12,Yolo,113,214977,35956,34773,2753,37526,286
2022-02-12,Yuba,115,75493,15403,15242,1130,16372,107
2022-02-11,Alameda,001,1643700,248236,242137,13063,255200,1668
2022-02-11,Alpine,002,1148,121,124,1,125,0
2022-02-11,Amador,005,37829,8208,8091,616,8707,76
2022-02-11,Butte,007,227075,32259,31601,6787,38388,360
2022-02-11,Calaveras,009,45235,7095,7022,323,7345,106
2022-02-11,Colusa,011,21464,3385,3345,1024,4369,21
2022-02-11,Contra Costa,013,1133247,186892,180270,12739,193009,1141
2022-02-11,Del Norte,015,27424,5407,5262,161,5423,45
2022-02-11,El Dorado,017,186661,26137,25692,3100,28792,188
2022-02-11,Fresno,019,978130,228519,219909,23609,243518,2509
2022-02-11,Glenn,021,27897,4894,4818,1571,6389,39
2022-02-11,Humboldt,023,135768,16224,16058,2750,18808,132
2022-02-11,Imperial,025,180216,54207,53304,10227,63531,860
2022-02-11,Inyo,027,18085,4017,3991,435,4426,52
2022-02-11,Kern,029,883053,188058,184639,44571,229210,2037
2022-02-11,Kings,031,150075,50063,48893,3413,52306,415
2022-02-11,Lake,033,64148,10149,9926,828,10754,123
2022-02-11,Lassen,035,31185,8598,8477,852,9329,55
2022-02-11,Los Angeles,037,10098052,2665900,2616426,119990,2736416,29364
2022-02-11,Madera,039,155013,36303,35710,5783,41493,330
2022-02-11,Marin,041,260295,32383,32048,2116,34164,255
2022-02-11,Mariposa,043,17540,2299,2286,187,2473,6
2022-02-11,Mendocino,045,87422,12641,12439,2802,15241,107
2022-02-11,Merced,047,269075,61152,60187,8311,68498,758
2022-02-11,Modoc,049,8938,708,697,231,928,6
2022-02-11,Mono,051,14174,2944,2939,119,3058,5
2022-02-11,Monterey,053,433212,77121,74842,12655,87497,672
2022-02-11,Napa,055,140530,24748,24530,890,25420,124
2022-02-11,Nevada,057,99092,15566,15499,1128,16627,119
2022-02-11,Orange,059,3164182,537449,534503,40381,574884,6305
2022-02-11,Placer,061,380077,61463,60636,7129,67765,554
2022-02-11,Plumas,063,18699,2896,2617,339,2956,13
2022-02-11,Riverside,065,2383286,582652,575566,27001,602567,5961
2022-02-11,Sacramento,067,1510023,274311,266347,25609,291956,2686
2022-02-11,San Benito,069,59416,12640,12526,502,13028,91
2022-02-11,San Bernardino,071,2135413,567369,548822,24444,573266,6360
2022-02-11,San Diego,073,3302833,733422,720287,50963,771250,4854
2022-02-11,San Francisco,075,870044,119643,119113,7895,127008,740
2022-02-11,San Joaquin,077,732212,163179,161234,9594,170828,2014
2022-02-11,San Luis Obispo,079,281455,50784,50064,3551,53615,416
2022-02-11,San Mateo,081,765935,118113,115235,6615,121850,589
2022-02-11,Santa Barbara,083,443738,83690,83390,4550,87940,631
2022-02-11,Santa Clara,085,1922200,304298,298176,11839,310015,2093
2022-02-11,Santa Cruz,087,273765,45540,44447,2025,46472,239
2022-02-11,Shasta,089,179085,29671,29370,5883,35253,473
2022-02-11,Sierra,091,2930,269,268,44,312,0
2022-02-11,Siskiyou,093,43540,4296,4231,2598,6829,68
2022-02-11,Solano,095,438530,79116,77865,5369,83234,424
2022-02-11,Sonoma,097,501317,80988,79533,2440,81973,431
2022-02-11,Stanislaus,099,539301,115145,114531,17314,131845,1406
2022-02-11,Sutter,101,95872,19978,19800,1936,21736,211
2022-02-11,Tehama,103,63373,11749,11580,2539,14119,151
2022-02-11,Trinity,105,12862,1151,1115,272,1387,20
2022-02-11,Tulare,107,460477,103992,100434,26565,126999,1273
2022-02-11,Tuolumne,109,53932,12345,11754,527,12281,125
2022-02-11,Ventura,111,848112,169823,168736,9184,177920,1340
2022-02-11,Yolo,113,214977,35923,34773,2751,37524,286
2022-02-11,Yuba,115,75493,15386,15242,1129,16371,107
2022-02-10,Alameda,001,1643700,247712,242137,13021,255158,1668
2022-02-10,Alpine,002,1148,121,124,1,125,0
2022-02-10,Amador,005,37829,8196,8091,610,8701,76
2022-02-10,Butte,007,227075,32208,31601,6773,38374,360
2022-02-10,Calaveras,009,45235,7083,7022,321,7343,106
2022-02-10,Colusa,011,21464,3379,3345,1022,4367,21
2022-02-10,Contra Costa,013,1133247,186531,180270,12674,192944,1141
2022-02-10,Del Norte,015,27424,5378,5262,159,5421,45
2022-02-10,El Dorado,017,186661,26093,25692,3094,28786,188
2022-02-10,Fresno,019,978130,227943,219909,23522,243431,2509
2022-02-10,Glenn,021,27897,4888,4818,1569,6387,39
2022-02-10,Humboldt,023,135768,16174,16058,2728,18786,132
2022-02-10,Imperial,025,180216,54137,53304,10184,63488,860
2022-02-10,Inyo,027,18085,4013,3991,435,4426,52
2022-02-10,Kern,029,883053,187749,184639,44462,229101,2037
2022-02-10,Kings,031,150075,49951,48893,3402,52295,415
2022-02-10,Lake,033,64148,10118,9926,826,10752,123
2022-02-10,Lassen,035,31185,8584,8477,850,9327,55
2022-02-10,Los Angeles,037,10098052,2662764,2616426,119808,2736234,29364
2022-02-10,Madera,039,155013,36206,35710,5752,41462,330
2022-02-10,Marin,041,260295,32325,32048,2104,34152,255
2022-02-10,Mariposa,043,17540,2295,2286,186,2472,6
2022-02-10,Mendocino,045,87422,12619,12439,2778,15217,107
2022-02-10,Merced,047,269075,61026,60187,8254,68441,758
2022-02-10,Modoc,049,8938,707,697,230,927,6
2022-02-10,Mono,051,14174,2942,2939,118,3057,5
2022-02-10,Monterey,053,433212,76939,74842,12575,87417,672
2022-02-10,Napa,055,140530,24683,24530,888,25418,124
2022-02-10,Nevada,057,99092,15541,15499,1127,16626,119
2022-02-10,Orange,059,3164182,536800,534503,40310,574813,6305
2022-02-10,Placer,061,380077,61381,60636,7120,67756,554
2022-02-10,Plumas,063,18699,2893,2617,332,2949,13
2022-02-10,Riverside,065,2383286,581933,575566,26946,602512,5961
2022-02-10,Sacramento,067,1510023,273828,266347,25521,291868,2686
2022-02-10,San Benito,069,59416,12619,12526,500,13026,91
2022-02-10,San Bernardino,071,2135413,566822,548822,24414,573236,6360
2022-02-10,San Diego,073,3302833,732319,720287,50837,771124,4854
2022-02-10,San Francisco,075,870044,119429,119113,7878,126991,740
2022-02-10,San Joaquin,077,732212,162867,161234,9586,170820,2014
2022-02-10,San Luis Obispo,079,281455,50685,50064,3540,53604,416
2022-02-10,San Mateo,081,765935,117887,115235,6598,121833,589
2022-02-10,Santa Barbara,083,443738,83506,83390,4544,87934,631
2022-02-10,Santa Clara,085,1922200,303625,298176,11784,309960,2093
2022-02-10,Santa Cruz,087,273765,45396,44447,2023,46470,239
2022-02-10,Shasta,089,179085,29609,29370,5863,35233,473
2022-02-10,Sierra,091,2930,269,268,44,312,0
2022-02-10,Siskiyou,093,43540,4291,4231,2585,6816,68
2022-02-10,Solano,095,438530,78923,77865,5350,83215,424
2022-02-10,Sonoma,097,501317,80853,79533,2423,81956,431
2022-02-10,Stanislaus,099,539301,114964,114531,17275,131806,1406
2022-02-10,Sutter,101,95872,19939,19800,1921,21721,211
2022-02-10,Tehama,103,63373,11719,11580,2536,14116,151
2022-02-10,Trinity,105,12862,1148,1115,271,1386,20
2022-02-10,Tulare,107,460477,103804,100434,26489,126923,1273
2022-02-10,Tuolumne,109,53932,12324,11754,522,12276,125
2022-02-10,Ventura,111,848112,169542,168736,9170,177906,1340
2022-02-10,Yolo,113,214977,35848,34773,2745,37518,286
2022-02-10,Yuba,115,75493,15354,15242,1124,16366,107
2022-02-09,Alameda,001,1643700,247178,241141,12965,254106,1668
2022-02-09,Alpine,002,1148,120,124,1,125,0
2022-02-09,Amador,005,37829,8182,8069,605,8674,76
2022-02-09,Butte,007,227075,32115,31433,6759,38192,359
2022-02-09,Calaveras,009,45235,7068,7005,317,7322,106
2022-02-09,Colusa,011,21464,3376,3331,1021,4352,21
2022-02-09,Contra Costa,013,1133247,186171,179695,12627,192322,1132
2022-02-09,Del Norte,015,27424,5331,5204,158,5362,45
2022-02-09,El Dorado,017,186661,26056,25572,3081,28653,186
2022-02-09,Fresno,019,978130,227318,218989,23431,242420,2502
2022-02-09,Glenn,021,27897,4873,4804,1568,6372,39
2022-02-09,Humboldt,023,135768,16127,15929,2703,18632,131
2022-02-09,Imperial,025,180216,54034,53102,10112,63214,858
2022-02-09,Inyo,027,18085,4007,3989,434,4423,52
2022-02-09,Kern,029,883053,187374,184068,44348,228416,2021
2022-02-09,Kings,031,150075,49840,48718,3396,52114,410
2022-02-09,Lake,033,64148,10078,9880,821,10701,124
2022-02-09,Lassen,035,31185,8559,8459,849,9308,55
2022-02-09,Los Angeles,037,10098052,2659133,2611611,119671,2731282,29263
2022-02-09,Madera,039,155013,36109,35559,5722,41281,330
2022-02-09,Marin,041,260295,32276,31965,2097,34062,255
2022-02-09,Mariposa,043,17540,2292,2279,186,2465,6
2022-02-09,Mendocino,045,87422,12585,12378,2749,15127,107
2022-02-09,Merced,047,269075,60896,59952,8197,68149,755
2022-02-09,Modoc,049,8938,703,691,229,920,6
2022-02-09,Mono,051,14174,2940,2937,118,3055,5
2022-02-09,Monterey,053,433212,76736,74500,12489,86989,670
2022-02-09,Napa,055,140530,24637,24429,883,25312,123
2022-02-09,Nevada,057,99092,15520,15446,1125,16571,119
2022-02-09,Orange,059,3164182,536168,534316,40230,574546,6263
2022-02-09,Placer,061,380077,61285,60490,7100,67590,553
2022-02-09,Plumas,063,18699,2888,2609,328,2937,13
2022-02-09,Riverside,065,2383286,581191,573907,26901,600808,5911
2022-02-09,Sacramento,067,1510023,273264,265624,25405,291029,2673
2022-02-09,San Benito,069,59416,12595,12492,500,12992,91
2022-02-09,San Bernardino,071,2135413,566212,547768,24388,572156,6349
2022-02-09,San Diego,073,3302833,730962,717896,50725,768621,4832
2022-02-09,San Francisco,075,870044,119178,118550,7867,126417,731
2022-02-09,San Joaquin,077,732212,162562,160618,9576,170194,2014
2022-02-09,San Luis Obispo,079,281455,50539,49833,3535,53368,414
2022-02-09,San Mateo,081,765935,117699,114890,6558,121448,589
2022-02-09,Santa Barbara,083,443738,83324,82830,4538,87368,629
2022-02-09,Santa Clara,085,1922200,302903,297157,11726,308883,2090
2022-02-09,Santa Cruz,087,273765,45213,44200,2016,46216,239
2022-02-09,Shasta,089,179085,29540,29215,5842,35057,471
2022-02-09,Sierra,091,2930,268,268,43,311,0
2022-02-09,Siskiyou,093,43540,4277,4217,2579,6796,68
2022-02-09,Solano,095,438530,78730,77299,5340,82639,423
2022-02-09,Sonoma,097,501317,80678,79165,2416,81581,431
2022-02-09,Stanislaus,099,539301,114715,114039,17044,131083,1406
2022-02-09,Sutter,101,95872,19897,19758,1908,21666,207
2022-02-09,Tehama,103,63373,11694,11542,2532,14074,149
2022-02-09,Trinity,105,12862,1144,1110,270,1380,20
2022-02-09,Tulare,107,460477,103591,100049,26403,126452,1271
2022-02-09,Tuolumne,109,53932,12286,11702,519,12221,95
2022-02-09,Ventura,111,848112,169305,168253,9157,177410,1325
2022-02-09,Yolo,113,214977,35778,34588,2729,37317,285
2022-02-09,Yuba,115,75493,15323,15187,1113,16300,105
2022-02-08,Alameda,001,1643700,246544,240587,12893,253480,1651
2022-02-08,Alpine,002,1148,120,124,1,125,0
2022-02-08,Amador,005,37829,8174,8050,598,8648,76
2022-02-08,Butte,007,227075,32031,31353,6737,38090,359
2022-02-08,Calaveras,009,45235,7051,6981,315,7296,101
2022-02-08,Colusa,011,21464,3368,3320,1020,4340,21
2022-02-08,Contra Costa,013,1133247,185724,179078,12546,191624,1132
2022-02-08,Del Norte,015,27424,5305,5156,153,5309,44
2022-02-08,El Dorado,017,186661,26011,25446,3071,28517,186
2022-02-08,Fresno,019,978130,226572,218416,23325,241741,2502
2022-02-08,Glenn,021,27897,4856,4784,1564,6348,39
2022-02-08,Humboldt,023,135768,16067,15865,2671,18536,130
2022-02-08,Imperial,025,180216,53905,52977,10068,63045,855
2022-02-08,Inyo,027,18085,4002,3983,434,4417,52
2022-02-08,Kern,029,883053,187038,183519,44218,227737,2010
2022-02-08,Kings,031,150075,49680,48479,3384,51863,411
2022-02-08,Lake,033,64148,10048,9806,815,10621,125
2022-02-08,Lassen,035,31185,8550,8423,845,9268,55
2022-02-08,Los Angeles,037,10098052,2654826,2611204,119486,2730690,29259
2022-02-08,Madera,039,155013,36001,35381,5666,41047,330
2022-02-08,Marin,041,260295,32202,31878,2092,33970,255
2022-02-08,Mariposa,043,17540,2291,2266,178,2444,6
2022-02-08,Mendocino,045,87422,12553,12336,2718,15054,107
2022-02-08,Merced,047,269075,60782,59789,8137,67926,751
2022-02-08,Modoc,049,8938,699,684,229,913,6
2022-02-08,Mono,051,14174,2939,2932,118,3050,5
2022-02-08,Monterey,053,433212,76530,74316,12404,86720,670
2022-02-08,Napa,055,140530,24564,24346,877,25223,121
2022-02-08,Nevada,057,99092,15494,15383,1122,16505,117
2022-02-08,Orange,059,3164182,535483,533507,40143,573650,6205
2022-02-08,Placer,061,380077,61177,60301,7088,67389,553
2022-02-08,Plumas,063,18699,2877,2596,321,2917,13
2022-02-08,Riverside,065,2383286,580360,571892,26829,598721,5908
2022-02-08,Sacramento,067,1510023,272591,264479,25230,289709,2664
2022-02-08,San Benito,069,59416,12571,12434,498,12932,91
2022-02-08,San Bernardino,071,2135413,565499,544658,24344,569002,6335
2022-02-08,San Diego,073,3302833,729393,717896,50593,768489,4832
2022-02-08,San Francisco,075,870044,118867,117942,7858,125800,731
2022-02-08,San Joaquin,077,732212,162178,160147,9558,169705,2005
2022-02-08,San Luis Obispo,079,281455,50374,49556,3505,53061,410
2022-02-08,San Mateo,081,765935,117481,114541,6528,121069,589
2022-02-08,Santa Barbara,083,443738,83156,82461,4513,86974,627
2022-02-08,Santa Clara,085,1922200,302020,295679,11679,307358,2091
2022-02-08,Santa Cruz,087,273765,45058,43884,2011,45895,239
2022-02-08,Shasta,089,179085,29457,29084,5815,34899,470
2022-02-08,Sierra,091,2930,268,267,43,310,0
2022-02-08,Siskiyou,093,43540,4267,4191,2570,6761,68
2022-02-08,Solano,095,438530,78497,77031,5325,82356,421
2022-02-08,Sonoma,097,501317,80464,78798,2392,81190,431
2022-02-08,Stanislaus,099,539301,114457,113733,16966,130699,1406
2022-02-08,Sutter,101,95872,19858,19717,1896,21613,203
2022-02-08,Tehama,103,63373,11666,11491,2525,14016,149
2022-02-08,Trinity,105,12862,1138,1110,270,1380,20
2022-02-08,Tulare,107,460477,103300,99694,26273,125967,1267
2022-02-08,Tuolumne,109,53932,12261,11665,517,12182,92
2022-02-08,Ventura,111,848112,169068,167830,9142,176972,1325
2022-02-08,Yolo,113,214977,35696,34462,2716,37178,281
2022-02-08,Yuba,115,75493,15278,15126,1091,16217,107
2022-02-07,Alameda,001,1643700,245822,238678,12828,251506,1643
2022-02-07,Alpine,002,1148,120,124,1,125,0
2022-02-07,Amador,005,37829,8146,7980,590,8570,75
2022-02-07,Butte,007,227075,31943,31184,6706,37890,355
2022-02-07,Calaveras,009,45235,7029,6910,314,7224,100
2022-02-07,Colusa,011,21464,3357,3283,1016,4299,21
2022-02-07,Contra Costa,013,1133247,185242,177767,12472,190239,1130
2022-02-07,Del Norte,015,27424,5264,5093,148,5241,44
2022-02-07,El Dorado,017,186661,25948,25257,3061,28318,185
2022-02-07,Fresno,019,978130,225697,216495,23177,239672,2493
2022-02-07,Glenn,021,27897,4848,4762,1560,6322,39
2022-02-07,Humboldt,023,135768,15992,15764,2646,18410,129
2022-02-07,Imperial,025,180216,53790,52689,9999,62688,853
2022-02-07,Inyo,027,18085,3997,3976,428,4404,51
2022-02-07,Kern,029,883053,186565,182047,44054,226101,1998
2022-02-07,Kings,031,150075,49495,48147,3367,51514,403
2022-02-07,Lake,033,64148,10002,9519,807,10326,125
2022-02-07,Lassen,035,31185,8532,8362,839,9201,55
2022-02-07,Los Angeles,037,10098052,2650399,2607438,119268,2726706,29210
2022-02-07,Madera,039,155013,35877,35083,5619,40702,330
2022-02-07,Marin,041,260295,32135,31670,2082,33752,255
2022-02-07,Mariposa,043,17540,2286,2253,174,2427,6
2022-02-07,Mendocino,045,87422,12495,12237,2680,14917,107
2022-02-07,Merced,047,269075,60652,59472,8044,67516,748
2022-02-07,Modoc,049,8938,695,679,229,908,6
2022-02-07,Mono,051,14174,2937,2917,118,3035,5
2022-02-07,Monterey,053,433212,76275,69433,12297,81730,670
2022-02-07,Napa,055,140530,24479,23237,868,24105,120
2022-02-07,Nevada,057,99092,15458,15268,1116,16384,113
2022-02-07,Orange,059,3164182,534722,531442,40057,571499,6179
2022-02-07,Placer,061,380077,61052,59894,7073,66967,546
2022-02-07,Plumas,063,18699,2866,2573,312,2885,13
2022-02-07,Riverside,065,2383286,579417,568874,26744,595618,5868
2022-02-07,Sacramento,067,1510023,271908,262834,25048,287882,2631
2022-02-07,San Benito,069,59416,12532,12285,496,12781,90
2022-02-07,San Bernardino,071,2135413,564702,542846,24304,567150,6335
2022-02-07,San Diego,073,3302833,727676,716244,50404,766648,4811
2022-02-07,San Francisco,075,870044,118527,113945,7833,121778,727
2022-02-07,San Joaquin,077,732212,161794,159358,9539,168897,1998
2022-02-07,San Luis Obispo,079,281455,50204,48994,3486,52480,406
2022-02-07,San Mateo,081,765935,117195,107060,6499,113559,589
2022-02-07,Santa Barbara,083,443738,82968,81608,4498,86106,624
2022-02-07,Santa Clara,085,1922200,301068,293360,11632,304992,2085
2022-02-07,Santa Cruz,087,273765,44842,43244,2007,45251,239
2022-02-07,Shasta,089,179085,29367,28900,5789,34689,468
2022-02-07,Sierra,091,2930,268,265,43,308,0
2022-02-07,Siskiyou,093,43540,4256,4157,2554,6711,68
2022-02-07,Solano,095,438530,78240,73934,5296,79230,420
2022-02-07,Sonoma,097,501317,80206,78296,2376,80672,431
2022-02-07,Stanislaus,099,539301,114198,113029,16822,129851,1406
2022-02-07,Sutter,101,95872,19825,19599,1869,21468,203
2022-02-07,Tehama,103,63373,11624,11418,2517,13935,146
2022-02-07,Trinity,105,12862,1134,1109,267,1376,20
2022-02-07,Tulare,107,460477,102940,98774,26143,124917,1263
2022-02-07,Tuolumne,109,53932,12213,11578,513,12091,92
2022-02-07,Ventura,111,848112,168752,166904,9127,176031,1324
2022-02-07,Yolo,113,214977,35586,34007,2702,36709,281
2022-02-07,Yuba,115,75493,15231,14998,1084,16082,105
2022-02-06,Alameda,001,1643700,244911,237188,12746,249934,1643
2022-02-06,Alpine,002,1148,120,123,1,124,0
2022-02-06,Amador,005,37829,8115,7922,578,8500,73
2022-02-06,Butte,007,227075,31813,31021,6655,37676,355
2022-02-06,Calaveras,009,45235,7002,6870,309,7179,99
2022-02-06,Colusa,011,21464,3347,3282,1015,4297,21
2022-02-06,Contra Costa,013,1133247,184581,176863,12309,189172,1128
2022-02-06,Del Norte,015,27424,5208,5038,146,5184,44
2022-02-06,El Dorado,017,186661,25886,25165,3049,28214,185
2022-02-06,Fresno,019,978130,224831,214726,22924,237650,2489
2022-02-06,Glenn,021,27897,4834,4738,1550,6288,39
2022-02-06,Humboldt,023,135768,15909,15658,2606,18264,128
2022-02-06,Imperial,025,180216,53603,52396,9953,62349,853
2022-02-06,Inyo,027,18085,3995,3970,425,4395,51
2022-02-06,Kern,029,883053,186013,181188,43815,225003,1996
2022-02-06,Kings,031,150075,49271,47669,3342,51011,401
2022-02-06,Lake,033,64148,9933,9468,790,10258,125
2022-02-06,Lassen,035,31185,8512,8326,834,9160,55
2022-02-06,Los Angeles,037,10098052,2644894,2602620,119011,2721631,29180
2022-02-06,Madera,039,155013,35692,34901,5527,40428,330
2022-02-06,Marin,041,260295,32037,31488,2069,33557,255
2022-02-06,Mariposa,043,17540,2278,2244,163,2407,6
2022-02-06,Mendocino,045,87422,12452,12169,2610,14779,107
2022-02-06,Merced,047,269075,60426,59112,7877,66989,748
2022-02-06,Modoc,049,8938,690,675,228,903,6
2022-02-06,Mono,051,14174,2932,2901,116,3017,5
2022-02-06,Monterey,053,433212,75910,67912,12140,80052,670
2022-02-06,Napa,055,140530,24360,23230,861,24091,120
2022-02-06,Nevada,057,99092,15393,15192,1103,16295,113
2022-02-06,Orange,059,3164182,533769,527906,39954,567860,6171
2022-02-06,Placer,061,380077,60876,59507,7047,66554,544
2022-02-06,Plumas,063,18699,2853,2559,303,2862,13
2022-02-06,Riverside,065,2383286,578278,568276,26667,594943,5865
2022-02-06,Sacramento,067,1510023,271041,261353,24787,286140,2631
2022-02-06,San Benito,069,59416,12477,12186,488,12674,90
2022-02-06,San Bernardino,071,2135413,563725,541103,24234,565337,6334
2022-02-06,San Diego,073,3302833,725617,709938,50161,760099,4786
2022-02-06,San Francisco,075,870044,118148,113115,7807,120922,728
2022-02-06,San Joaquin,077,732212,161224,158510,9501,168011,1997
2022-02-06,San Luis Obispo,079,281455,49979,48843,3429,52272,405
2022-02-06,San Mateo,081,765935,116857,105556,6460,112016,587
2022-02-06,Santa Barbara,083,443738,82650,81118,4461,85579,623
2022-02-06,Santa Clara,085,1922200,299947,291732,11516,303248,2075
2022-02-06,Santa Cruz,087,273765,44529,42952,1993,44945,239
2022-02-06,Shasta,089,179085,29244,28762,5740,34502,468
2022-02-06,Sierra,091,2930,268,265,43,308,0
2022-02-06,Siskiyou,093,43540,4235,4118,2528,6646,68
2022-02-06,Solano,095,438530,77943,73475,5254,78729,419
2022-02-06,Sonoma,097,501317,79871,77887,2356,80243,431
2022-02-06,Stanislaus,099,539301,113802,112521,16674,129195,1406
2022-02-06,Sutter,101,95872,19783,19523,1831,21354,203
2022-02-06,Tehama,103,63373,11584,11366,2497,13863,146
2022-02-06,Trinity,105,12862,1133,1102,266,1368,20
2022-02-06,Tulare,107,460477,102508,98260,25962,124222,1262
2022-02-06,Tuolumne,109,53932,12161,11507,495,12002,92
2022-02-06,Ventura,111,848112,168376,166235,9116,175351,1323
2022-02-06,Yolo,113,214977,35447,33784,2685,36469,281
2022-02-06,Yuba,115,75493,15186,14917,1075,15992,104
2022-02-05,Alameda,001,1643700,244495,235698,12735,248433,1638
2022-02-05,Alpine,002,1148,120,124,1,125,0
2022-02-05,Amador,005,37829,8106,7855,576,8431,71
2022-02-05,Butte,007,227075,31758,30733,6641,37374,355
2022-02-05,Calaveras,009,45235,6986,6789,309,7098,99
2022-02-05,Colusa,011,21464,3340,3234,1015,4249,21
2022-02-05,Contra Costa,013,1133247,184302,175871,12293,188164,1115
2022-02-05,Del Norte,015,27424,5166,4978,146,5124,44
2022-02-05,El Dorado,017,186661,25855,24813,3047,27860,185
2022-02-05,Fresno,019,978130,224474,213539,22902,236441,2477
2022-02-05,Glenn,021,27897,4832,4691,1544,6235,39
2022-02-05,Humboldt,023,135768,15860,15514,2603,18117,127
2022-02-05,Imperial,025,180216,53542,52153,9940,62093,853
2022-02-05,Inyo,027,18085,3992,3948,425,4373,51
2022-02-05,Kern,029,883053,185804,180296,43713,224009,1987
2022-02-05,Kings,031,150075,49184,47538,3335,50873,402
2022-02-05,Lake,033,64148,9914,9289,783,10072,124
2022-02-05,Lassen,035,31185,8501,8288,832,9120,55
2022-02-05,Los Angeles,037,10098052,2642719,2572702,118887,2691589,28947
2022-02-05,Madera,039,155013,35639,34471,5514,39985,329
2022-02-05,Marin,041,260295,31991,31299,2065,33364,255
2022-02-05,Mariposa,043,17540,2277,2222,162,2384,6
2022-02-05,Mendocino,045,87422,12424,12066,2608,14674,107
2022-02-05,Merced,047,269075,60332,58908,7870,66778,744
2022-02-05,Modoc,049,8938,689,664,228,892,6
2022-02-05,Mono,051,14174,2931,2904,116,3020,5
2022-02-05,Monterey,053,433212,75796,67342,12096,79438,666
2022-02-05,Napa,055,140530,24304,22973,860,23833,118
2022-02-05,Nevada,057,99092,15371,15002,1098,16100,113
2022-02-05,Orange,059,3164182,533329,527516,39861,567377,6134
2022-02-05,Placer,061,380077,60751,59043,7034,66077,533
2022-02-05,Plumas,063,18699,2852,2550,302,2852,13
2022-02-05,Riverside,065,2383286,577676,563991,26597,590588,5827
2022-02-05,Sacramento,067,1510023,270643,259437,24752,284189,2610
2022-02-05,San Benito,069,59416,12432,12142,488,12630,90
2022-02-05,San Bernardino,071,2135413,563212,539312,24214,563526,6322
2022-02-05,San Diego,073,3302833,724760,703957,50084,754041,4735
2022-02-05,San Francisco,075,870044,117934,112481,7780,120261,720
2022-02-05,San Joaquin,077,732212,161036,157420,9489,166909,1989
2022-02-05,San Luis Obispo,079,281455,49942,48361,3427,51788,404
2022-02-05,San Mateo,081,765935,116669,104810,6452,111262,587
2022-02-05,Santa Barbara,083,443738,82487,80478,4449,84927,617
2022-02-05,Santa Clara,085,1922200,299295,289262,11500,300762,2067
2022-02-05,Santa Cruz,087,273765,44455,42553,1990,44543,239
2022-02-05,Shasta,089,179085,29201,28604,5730,34334,466
2022-02-05,Sierra,091,2930,268,262,43,305,0
2022-02-05,Siskiyou,093,43540,4228,4106,2515,6621,67
2022-02-05,Solano,095,438530,77868,73112,5244,78356,415
2022-02-05,Sonoma,097,501317,79705,77213,2352,79565,431
2022-02-05,Stanislaus,099,539301,113600,111783,16651,128434,1406
2022-02-05,Sutter,101,95872,19753,19406,1825,21231,203
2022-02-05,Tehama,103,63373,11565,11259,2491,13750,146
2022-02-05,Trinity,105,12862,1131,1085,266,1351,20
2022-02-05,Tulare,107,460477,102339,97414,25881,123295,1254
2022-02-05,Tuolumne,109,53932,12135,11409,492,11901,91
2022-02-05,Ventura,111,848112,168150,165532,9100,174632,1308
2022-02-05,Yolo,113,214977,35363,33614,2670,36284,281
2022-02-05,Yuba,115,75493,15155,14801,1067,15868,105
2022-02-04,Alameda,001,1643700,244005,235698,12722,248420,1638
2022-02-04,Alpine,002,1148,120,124,1,125,0
2022-02-04,Amador,005,37829,8090,7855,572,8427,71
2022-02-04,Butte,007,227075,31699,30733,6629,37362,355
2022-02-04,Calaveras,009,45235,6976,6789,307,7096,99
2022-02-04,Colusa,011,21464,3336,3234,1013,4247,21
2022-02-04,Contra Costa,013,1133247,183967,175871,12265,188136,1115
2022-02-04,Del Norte,015,27424,5145,4978,146,5124,44
2022-02-04,El Dorado,017,186661,25821,24813,3044,27857,185
2022-02-04,Fresno,019,978130,223991,213539,22868,236407,2477
2022-02-04,Glenn,021,27897,4823,4691,1541,6232,39
2022-02-04,Humboldt,023,135768,15833,15514,2600,18114,127
2022-02-04,Imperial,025,180216,53465,52153,9923,62076,853
2022-02-04,Inyo,027,18085,3989,3948,425,4373,51
2022-02-04,Kern,029,883053,185579,180296,43589,223885,1987
2022-02-04,Kings,031,150075,49109,47538,3328,50866,402
2022-02-04,Lake,033,64148,9892,9289,780,10069,124
2022-02-04,Lassen,035,31185,8478,8288,832,9120,55
2022-02-04,Los Angeles,037,10098052,2640082,2572702,118756,2691458,28947
2022-02-04,Madera,039,155013,35556,34471,5506,39977,329
2022-02-04,Marin,041,260295,31927,31299,2056,33355,255
2022-02-04,Mariposa,043,17540,2275,2222,160,2382,6
2022-02-04,Mendocino,045,87422,12393,12066,2606,14672,107
2022-02-04,Merced,047,269075,60252,58908,7860,66768,744
2022-02-04,Modoc,049,8938,689,664,228,892,6
2022-02-04,Mono,051,14174,2929,2904,116,3020,5
2022-02-04,Monterey,053,433212,75606,67342,12053,79395,666
2022-02-04,Napa,055,140530,24257,22973,856,23829,118
2022-02-04,Nevada,057,99092,15337,15002,1094,16096,113
2022-02-04,Orange,059,3164182,532780,527516,39803,567319,6134
2022-02-04,Placer,061,380077,60646,59043,7023,66066,533
2022-02-04,Plumas,063,18699,2845,2550,301,2851,13
2022-02-04,Riverside,065,2383286,576963,563991,26585,590576,5827
2022-02-04,Sacramento,067,1510023,270140,259437,24729,284166,2610
2022-02-04,San Benito,069,59416,12413,12142,486,12628,90
2022-02-04,San Bernardino,071,2135413,562630,539312,24193,563505,6322
2022-02-04,San Diego,073,3302833,723630,703957,49997,753954,4735
2022-02-04,San Francisco,075,870044,117693,112481,7755,120236,720
2022-02-04,San Joaquin,077,732212,160804,157420,9477,166897,1989
2022-02-04,San Luis Obispo,079,281455,49881,48361,3420,51781,404
2022-02-04,San Mateo,081,765935,116437,104810,6438,111248,587
2022-02-04,Santa Barbara,083,443738,82338,80478,4448,84926,617
2022-02-04,Santa Clara,085,1922200,298624,289262,11479,300741,2067
2022-02-04,Santa Cruz,087,273765,44250,42553,1986,44539,239
2022-02-04,Shasta,089,179085,29149,28604,5719,34323,466
2022-02-04,Sierra,091,2930,268,262,43,305,0
2022-02-04,Siskiyou,093,43540,4220,4106,2508,6614,67
2022-02-04,Solano,095,438530,77676,73112,5206,78318,415
2022-02-04,Sonoma,097,501317,79546,77213,2271,79484,431
2022-02-04,Stanislaus,099,539301,113419,111783,16625,128408,1406
2022-02-04,Sutter,101,95872,19729,19406,1818,21224,203
2022-02-04,Tehama,103,63373,11550,11259,2490,13749,146
2022-02-04,Trinity,105,12862,1130,1085,265,1350,20
2022-02-04,Tulare,107,460477,102159,97414,25801,123215,1254
2022-02-04,Tuolumne,109,53932,12123,11409,491,11900,91
2022-02-04,Ventura,111,848112,167881,165532,9092,174624,1308
2022-02-04,Yolo,113,214977,35269,33614,2664,36278,281
2022-02-04,Yuba,115,75493,15137,14801,1067,15868,105
2022-02-03,Alameda,001,1643700,243230,235698,12660,248358,1638
2022-02-03,Alpine,002,1148,120,124,1,125,0
2022-02-03,Amador,005,37829,8070,7855,567,8422,71
2022-02-03,Butte,007,227075,31593,30733,6599,37332,355
2022-02-03,Calaveras,009,45235,6946,6789,304,7093,99
2022-02-03,Colusa,011,21464,3323,3234,1011,4245,21
2022-02-03,Contra Costa,013,1133247,183340,175871,12161,188032,1115
2022-02-03,Del Norte,015,27424,5102,4978,143,5121,44
2022-02-03,El Dorado,017,186661,25750,24813,3039,27852,185
2022-02-03,Fresno,019,978130,223051,213539,22706,236245,2477
2022-02-03,Glenn,021,27897,4806,4691,1524,6215,39
2022-02-03,Humboldt,023,135768,15757,15514,2564,18078,127
2022-02-03,Imperial,025,180216,53321,52153,9872,62025,853
2022-02-03,Inyo,027,18085,3986,3948,421,4369,51
2022-02-03,Kern,029,883053,185115,180296,43375,223671,1987
2022-02-03,Kings,031,150075,48951,47538,3321,50859,402
2022-02-03,Lake,033,64148,9838,9289,774,10063,124
2022-02-03,Lassen,035,31185,8454,8288,831,9119,55
2022-02-03,Los Angeles,037,10098052,2634661,2572702,118494,2691196,28947
2022-02-03,Madera,039,155013,35420,34471,5462,39933,329
2022-02-03,Marin,041,260295,31832,31299,2051,33350,255
2022-02-03,Mariposa,043,17540,2263,2222,157,2379,6
2022-02-03,Mendocino,045,87422,12349,12066,2583,14649,107
2022-02-03,Merced,047,269075,60100,58908,7762,66670,744
2022-02-03,Modoc,049,8938,686,664,228,892,6
2022-02-03,Mono,051,14174,2924,2904,115,3019,5
2022-02-03,Monterey,053,433212,75319,67342,11861,79203,666
2022-02-03,Napa,055,140530,24124,22973,856,23829,118
2022-02-03,Nevada,057,99092,15297,15002,1084,16086,113
2022-02-03,Orange,059,3164182,531856,527516,39711,567227,6134
2022-02-03,Placer,061,380077,60448,59043,7000,66043,533
2022-02-03,Plumas,063,18699,2831,2550,297,2847,13
2022-02-03,Riverside,065,2383286,575760,563991,26514,590505,5827
2022-02-03,Sacramento,067,1510023,269183,259437,24541,283978,2610
2022-02-03,San Benito,069,59416,12385,12142,483,12625,90
2022-02-03,San Bernardino,071,2135413,561618,539312,24154,563466,6322
2022-02-03,San Diego,073,3302833,721660,703957,49825,753782,4735
2022-02-03,San Francisco,075,870044,117361,112481,7726,120207,720
2022-02-03,San Joaquin,077,732212,160314,157420,9446,166866,1989
2022-02-03,San Luis Obispo,079,281455,49682,48361,3405,51766,404
2022-02-03,San Mateo,081,765935,116086,104810,6405,111215,587
2022-02-03,Santa Barbara,083,443738,81980,80478,4419,84897,617
2022-02-03,Santa Clara,085,1922200,297429,289262,11372,300634,2067
2022-02-03,Santa Cruz,087,273765,43910,42553,1979,44532,239
2022-02-03,Shasta,089,179085,29042,28604,5692,34296,466
2022-02-03,Sierra,091,2930,268,262,43,305,0
2022-02-03,Siskiyou,093,43540,4205,4106,2492,6598,67
2022-02-03,Solano,095,438530,77345,73112,5187,78299,415
2022-02-03,Sonoma,097,501317,79248,77213,2264,79477,431
2022-02-03,Stanislaus,099,539301,113042,111783,16537,128320,1406
2022-02-03,Sutter,101,95872,19677,19406,1802,21208,203
2022-02-03,Tehama,103,63373,11520,11259,2482,13741,146
2022-02-03,Trinity,105,12862,1128,1085,264,1349,20
2022-02-03,Tulare,107,460477,101751,97414,25664,123078,1254
2022-02-03,Tuolumne,109,53932,12082,11409,479,11888,91
2022-02-03,Ventura,111,848112,167495,165532,9080,174612,1308
2022-02-03,Yolo,113,214977,35160,33614,2650,36264,281
2022-02-03,Yuba,115,75493,15087,14801,1051,15852,105
2022-02-02,Alameda,001,1643700,242278,234300,12560,246860,1632
2022-02-02,Alpine,002,1148,120,123,1,124,0
2022-02-02,Amador,005,37829,8040,7781,558,8339,71
2022-02-02,Butte,007,227075,31481,30550,6562,37112,355
2022-02-02,Calaveras,009,45235,6919,6753,300,7053,99
2022-02-02,Colusa,011,21464,3308,3211,1010,4221,21
2022-02-02,Contra Costa,013,1133247,182711,174876,12064,186940,1113
2022-02-02,Del Norte,015,27424,5060,4924,139,5063,44
2022-02-02,El Dorado,017,186661,25687,24690,3020,27710,185
2022-02-02,Fresno,019,978130,222009,211976,22572,234548,2463
2022-02-02,Glenn,021,27897,4787,4667,1514,6181,39
2022-02-02,Humboldt,023,135768,15697,15392,2525,17917,127
2022-02-02,Imperial,025,180216,53124,51875,9745,61620,853
2022-02-02,Inyo,027,18085,3980,3944,420,4364,51
2022-02-02,Kern,029,883053,184519,179386,43162,222548,1974
2022-02-02,Kings,031,150075,48761,47061,3296,50357,401
2022-02-02,Lake,033,64148,9780,9235,767,10002,120
2022-02-02,Lassen,035,31185,8441,8258,822,9080,55
2022-02-02,Los Angeles,037,10098052,2628438,2561902,118120,2680022,28850
2022-02-02,Madera,039,155013,35252,34265,5390,39655,329
2022-02-02,Marin,041,260295,31729,31149,2041,33190,255
2022-02-02,Mariposa,043,17540,2252,2215,153,2368,6
2022-02-02,Mendocino,045,87422,12296,11996,2544,14540,105
2022-02-02,Merced,047,269075,59916,58532,7676,66208,744
2022-02-02,Modoc,049,8938,680,662,228,890,6
2022-02-02,Mono,051,14174,2913,2887,115,3002,5
2022-02-02,Monterey,053,433212,74927,66852,11681,78533,666
2022-02-02,Napa,055,140530,24004,22859,843,23702,117
2022-02-02,Nevada,057,99092,15239,14895,1062,15957,112
2022-02-02,Orange,059,3164182,530802,524418,39613,564031,6127
2022-02-02,Placer,061,380077,60254,58654,6971,65625,533
2022-02-02,Plumas,063,18699,2815,2540,294,2834,12
2022-02-02,Riverside,065,2383286,574480,561220,26467,587687,5827
2022-02-02,Sacramento,067,1510023,268179,258078,24336,282414,2602
2022-02-02,San Benito,069,59416,12345,12058,479,12537,90
2022-02-02,San Bernardino,071,2135413,560598,537485,24091,561576,6317
2022-02-02,San Diego,073,3302833,719461,703957,49636,753593,4735
2022-02-02,San Francisco,075,870044,116991,112008,7710,119718,714
2022-02-02,San Joaquin,077,732212,159742,156537,9420,165957,1986
2022-02-02,San Luis Obispo,079,281455,49483,48119,3392,51511,403
2022-02-02,San Mateo,081,765935,115710,104201,6341,110542,587
2022-02-02,Santa Barbara,083,443738,81637,79979,4388,84367,612
2022-02-02,Santa Clara,085,1922200,296256,287443,11260,298703,2051
2022-02-02,Santa Cruz,087,273765,43621,42127,1968,44095,239
2022-02-02,Shasta,089,179085,28941,28429,5647,34076,465
2022-02-02,Sierra,091,2930,268,262,43,305,0
2022-02-02,Siskiyou,093,43540,4195,4078,2463,6541,67
2022-02-02,Solano,095,438530,76986,72711,5160,77871,414
2022-02-02,Sonoma,097,501317,78935,76681,2251,78932,431
2022-02-02,Stanislaus,099,539301,112645,111167,16404,127571,1403
2022-02-02,Sutter,101,95872,19613,19290,1773,21063,203
2022-02-02,Tehama,103,63373,11462,11193,2463,13656,146
2022-02-02,Trinity,105,12862,1125,1074,262,1336,20
2022-02-02,Tulare,107,460477,101362,96820,25512,122332,1249
2022-02-02,Tuolumne,109,53932,12005,11342,476,11818,91
2022-02-02,Ventura,111,848112,167097,164905,9061,173966,1292
2022-02-02,Yolo,113,214977,35035,33332,2627,35959,281
2022-02-02,Yuba,115,75493,15022,14720,1043,15763,104
2022-02-01,Alameda,001,1643700,241209,233782,12455,246237,1620
2022-02-01,Alpine,002,1148,120,123,1,124,0
2022-02-01,Amador,005,37829,7994,7783,552,8335,73
2022-02-01,Butte,007,227075,31337,30496,6520,37016,355
2022-02-01,Calaveras,009,45235,6882,6749,296,7045,98
2022-02-01,Colusa,011,21464,3296,3202,997,4199,21
2022-02-01,Contra Costa,013,1133247,181947,174379,11920,186299,1115
2022-02-01,Del Norte,015,27424,5012,4907,136,5043,44
2022-02-01,El Dorado,017,186661,25627,24664,3003,27667,184
2022-02-01,Fresno,019,978130,220809,211352,22406,233758,2464
2022-02-01,Glenn,021,27897,4771,4649,1504,6153,39
2022-02-01,Humboldt,023,135768,15615,15354,2497,17851,127
2022-02-01,Imperial,025,180216,52911,51675,9680,61355,846
2022-02-01,Inyo,027,18085,3970,3928,417,4345,51
2022-02-01,Kern,029,883053,183872,178987,42917,221904,1967
2022-02-01,Kings,031,150075,48501,46959,3273,50232,400
2022-02-01,Lake,033,64148,9724,9211,760,9971,119
2022-02-01,Lassen,035,31185,8423,8231,818,9049,55
2022-02-01,Los Angeles,037,10098052,2621280,2548794,117746,2666540,28752
2022-02-01,Madera,039,155013,35032,34124,5309,39433,329
2022-02-01,Marin,041,260295,31605,31099,2025,33124,255
2022-02-01,Mariposa,043,17540,2245,2210,152,2362,6
2022-02-01,Mendocino,045,87422,12234,11978,2507,14485,105
2022-02-01,Merced,047,269075,59730,58362,7550,65912,743
2022-02-01,Modoc,049,8938,673,664,228,892,6
2022-02-01,Mono,051,14174,2907,2888,115,3003,5
2022-02-01,Monterey,053,433212,74507,66553,11487,78040,665
2022-02-01,Napa,055,140530,23905,22795,827,23622,116
2022-02-01,Nevada,057,99092,15178,14863,1050,15913,112
2022-02-01,Orange,059,3164182,529655,523741,39469,563210,6108
2022-02-01,Placer,061,380077,60006,58486,6933,65419,532
2022-02-01,Plumas,063,18699,2800,2526,291,2817,12
2022-02-01,Riverside,065,2383286,573093,560010,26419,586429,5825
2022-02-01,Sacramento,067,1510023,267124,257504,24071,281575,2593
2022-02-01,San Benito,069,59416,12279,12053,476,12529,90
2022-02-01,San Bernardino,071,2135413,559302,536591,24026,560617,6311
2022-02-01,San Diego,073,3302833,716943,701009,49408,750417,4710
2022-02-01,San Francisco,075,870044,116523,111606,7691,119297,713
2022-02-01,San Joaquin,077,732212,159209,156300,9397,165697,1987
2022-02-01,San Luis Obispo,079,281455,49254,47842,3331,51173,403
2022-02-01,San Mateo,081,765935,115241,103868,6299,110167,589
2022-02-01,Santa Barbara,083,443738,81192,79659,4351,84010,608
2022-02-01,Santa Clara,085,1922200,294725,286109,11155,297264,2070
2022-02-01,Santa Cruz,087,273765,43321,41782,1952,43734,239
2022-02-01,Shasta,089,179085,28820,28382,5594,33976,465
2022-02-01,Sierra,091,2930,266,262,43,305,0
2022-02-01,Siskiyou,093,43540,4181,4072,2436,6508,66
2022-02-01,Solano,095,438530,76708,72494,5138,77632,415
2022-02-01,Sonoma,097,501317,78574,76379,2228,78607,431
2022-02-01,Stanislaus,099,539301,112233,110925,16298,127223,1403
2022-02-01,Sutter,101,95872,19545,19256,1740,20996,202
2022-02-01,Tehama,103,63373,11405,11165,2450,13615,146
2022-02-01,Trinity,105,12862,1121,1073,262,1335,19
2022-02-01,Tulare,107,460477,100869,96467,25316,121783,1247
2022-02-01,Tuolumne,109,53932,11955,11318,467,11785,91
2022-02-01,Ventura,111,848112,166592,164721,9036,173757,1293
2022-02-01,Yolo,113,214977,34883,33257,2601,35858,275
2022-02-01,Yuba,115,75493,14961,14693,1036,15729,103
2022-01-31,Alameda,001,1643700,239853,232743,12346,245089,1607
2022-01-31,Alpine,002,1148,119,123,1,124,0
2022-01-31,Amador,005,37829,7942,7682,535,8217,73
2022-01-31,Butte,007,227075,31161,30371,6472,36843,354
2022-01-31,Calaveras,009,45235,6846,6700,285,6985,96
2022-01-31,Colusa,011,21464,3286,3187,988,4175,21
2022-01-31,Contra Costa,013,1133247,181105,173466,11793,185259,1115
2022-01-31,Del Norte,015,27424,4978,4879,133,5012,43
2022-01-31,El Dorado,017,186661,25521,24545,2973,27518,184
2022-01-31,Fresno,019,978130,219315,210589,22204,232793,2464
2022-01-31,Glenn,021,27897,4735,4641,1492,6133,39
2022-01-31,Humboldt,023,135768,15525,15308,2464,17772,126
2022-01-31,Imperial,025,180216,52695,51472,9571,61043,846
2022-01-31,Inyo,027,18085,3959,3922,411,4333,50
2022-01-31,Kern,029,883053,183090,178375,42601,220976,1967
2022-01-31,Kings,031,150075,48144,46845,3239,50084,398
2022-01-31,Lake,033,64148,9651,9141,748,9889,119
2022-01-31,Lassen,035,31185,8392,8162,812,8974,55
2022-01-31,Los Angeles,037,10098052,2613047,2541189,117338,2658527,28718
2022-01-31,Madera,039,155013,34817,33886,5213,39099,329
2022-01-31,Marin,041,260295,31480,31023,2008,33031,253
2022-01-31,Mariposa,043,17540,2235,2203,143,2346,6
2022-01-31,Mendocino,045,87422,12168,11896,2466,14362,104
2022-01-31,Merced,047,269075,59443,58198,7361,65559,740
2022-01-31,Modoc,049,8938,670,661,228,889,6
2022-01-31,Mono,051,14174,2893,2889,115,3004,5
2022-01-31,Monterey,053,433212,74054,66117,11274,77391,661
2022-01-31,Napa,055,140530,23737,22707,810,23517,113
2022-01-31,Nevada,057,99092,15101,14813,1037,15850,112
2022-01-31,Orange,059,3164182,528328,522358,39328,561686,6098
2022-01-31,Placer,061,380077,59759,58252,6902,65154,523
2022-01-31,Plumas,063,18699,2787,2513,289,2802,12
2022-01-31,Riverside,065,2383286,571274,558166,26355,584521,5785
2022-01-31,Sacramento,067,1510023,265831,256594,23819,280413,2571
2022-01-31,San Benito,069,59416,12220,11976,475,12451,90
2022-01-31,San Bernardino,071,2135413,557652,535276,23944,559220,6302
2022-01-31,San Diego,073,3302833,714040,698571,49136,747707,4686
2022-01-31,San Francisco,075,870044,116120,111119,7657,118776,712
2022-01-31,San Joaquin,077,732212,158447,155736,9366,165102,1985
2022-01-31,San Luis Obispo,079,281455,49000,47656,3274,50930,395
2022-01-31,San Mateo,081,765935,114732,103313,6241,109554,589
2022-01-31,Santa Barbara,083,443738,80686,79267,4309,83576,606
2022-01-31,Santa Clara,085,1922200,293035,284562,11051,295613,2041
2022-01-31,Santa Cruz,087,273765,42942,41630,1945,43575,239
2022-01-31,Shasta,089,179085,28690,28190,5553,33743,462
2022-01-31,Sierra,091,2930,266,261,43,304,0
2022-01-31,Siskiyou,093,43540,4165,4054,2420,6474,66
2022-01-31,Solano,095,438530,76002,72258,5091,77349,414
2022-01-31,Sonoma,097,501317,78120,76199,2198,78397,431
2022-01-31,Stanislaus,099,539301,111707,110493,16116,126609,1403
2022-01-31,Sutter,101,95872,19465,19189,1690,20879,202
2022-01-31,Tehama,103,63373,11342,11112,2422,13534,145
2022-01-31,Trinity,105,12862,1116,1071,259,1330,19
2022-01-31,Tulare,107,460477,100237,96053,25084,121137,1245
2022-01-31,Tuolumne,109,53932,11865,11278,460,11738,91
2022-01-31,Ventura,111,848112,166056,164060,9011,173071,1286
2022-01-31,Yolo,113,214977,34722,33175,2574,35749,274
2022-01-31,Yuba,115,75493,14898,14652,1016,15668,103
2022-01-30,Alameda,001,1643700,238300,231838,12195,244033,1607
2022-01-30,Alpine,002,1148,119,123,1,124,0
2022-01-30,Amador,005,37829,7889,7644,512,8156,73
2022-01-30,Butte,007,227075,30955,30255,6393,36648,354
2022-01-30,Calaveras,009,45235,6790,6676,274,6950,96
2022-01-30,Colusa,011,21464,3266,3168,980,4148,21
2022-01-30,Contra Costa,013,1133247,180110,172902,11589,184491,1102
2022-01-30,Del Norte,015,27424,4937,4833,130,4963,43
2022-01-30,El Dorado,017,186661,25398,24491,2949,27440,184
2022-01-30,Fresno,019,978130,217739,209645,21941,231586,2463
2022-01-30,Glenn,021,27897,4702,4619,1483,6102,39
2022-01-30,Humboldt,023,135768,15413,15247,2409,17656,126
2022-01-30,Imperial,025,180216,52371,51415,9402,60817,846
2022-01-30,Inyo,027,18085,3942,3921,408,4329,50
2022-01-30,Kern,029,883053,182225,177924,42279,220203,1967
2022-01-30,Kings,031,150075,47791,46654,3182,49836,398
2022-01-30,Lake,033,64148,9562,9080,727,9807,119
2022-01-30,Lassen,035,31185,8368,8158,804,8962,55
2022-01-30,Los Angeles,037,10098052,2602964,2530739,116866,2647605,28678
2022-01-30,Madera,039,155013,34518,33752,5029,38781,329
2022-01-30,Marin,041,260295,31332,30875,1994,32869,253
2022-01-30,Mariposa,043,17540,2223,2177,138,2315,6
2022-01-30,Mendocino,045,87422,12095,11860,2360,14220,104
2022-01-30,Merced,047,269075,59071,58006,7067,65073,740
2022-01-30,Modoc,049,8938,667,661,228,889,6
2022-01-30,Mono,051,14174,2887,2888,115,3003,5
2022-01-30,Monterey,053,433212,73466,65996,10995,76991,661
2022-01-30,Napa,055,140530,23569,22588,794,23382,114
2022-01-30,Nevada,057,99092,15012,14741,1021,15762,112
2022-01-30,Orange,059,3164182,526688,521334,39176,560510,6098
2022-01-30,Placer,061,380077,59432,58030,6862,64892,523
2022-01-30,Plumas,063,18699,2762,2510,275,2785,12
2022-01-30,Riverside,065,2383286,569205,557088,26254,583342,5767
2022-01-30,Sacramento,067,1510023,264373,255715,23326,279041,2572
2022-01-30,San Benito,069,59416,12154,11945,470,12415,90
2022-01-30,San Bernardino,071,2135413,555879,534050,23833,557883,6302
2022-01-30,San Diego,073,3302833,710506,687145,48700,735845,4665
2022-01-30,San Francisco,075,870044,115572,110772,7623,118395,712
2022-01-30,San Joaquin,077,732212,157458,155165,9328,164493,1985
2022-01-30,San Luis Obispo,079,281455,48602,47599,3238,50837,394
2022-01-30,San Mateo,081,765935,114157,102979,6196,109175,589
2022-01-30,Santa Barbara,083,443738,80009,79072,4248,83320,606
2022-01-30,Santa Clara,085,1922200,291059,282846,10920,293766,2035
2022-01-30,Santa Cruz,087,273765,42483,41330,1937,43267,239
2022-01-30,Shasta,089,179085,28529,28105,5469,33574,462
2022-01-30,Sierra,091,2930,266,261,43,304,0
2022-01-30,Siskiyou,093,43540,4135,4039,2373,6412,66
2022-01-30,Solano,095,438530,75476,71857,5040,76897,414
2022-01-30,Sonoma,097,501317,77601,75890,2169,78059,431
2022-01-30,Stanislaus,099,539301,111051,110111,15913,126024,1403
2022-01-30,Sutter,101,95872,19373,19108,1593,20701,202
2022-01-30,Tehama,103,63373,11270,11071,2392,13463,145
2022-01-30,Trinity,105,12862,1110,1068,259,1327,19
2022-01-30,Tulare,107,460477,99494,95676,24824,120500,1245
2022-01-30,Tuolumne,109,53932,11755,11242,423,11665,91
2022-01-30,Ventura,111,848112,165479,163521,8981,172502,1286
2022-01-30,Yolo,113,214977,34504,33043,2541,35584,274
2022-01-30,Yuba,115,75493,14808,14584,996,15580,103
2022-01-29,Alameda,001,1643700,237627,225602,12177,237779,1605
2022-01-29,Alpine,002,1148,119,123,1,124,0
2022-01-29,Amador,005,37829,7867,7505,509,8014,73
2022-01-29,Butte,007,227075,30865,29557,6362,35919,353
2022-01-29,Calaveras,009,45235,6771,6484,274,6758,96
2022-01-29,Colusa,011,21464,3261,3107,976,4083,21
2022-01-29,Contra Costa,013,1133247,179562,168003,11556,179559,1101
2022-01-29,Del Norte,015,27424,4919,4589,128,4717,43
2022-01-29,El Dorado,017,186661,25355,24008,2942,26950,184
2022-01-29,Fresno,019,978130,217279,202691,21903,224594,2457
2022-01-29,Glenn,021,27897,4694,4516,1476,5992,39
2022-01-29,Humboldt,023,135768,15366,14812,2402,17214,126
2022-01-29,Imperial,025,180216,52254,50153,9346,59499,845
2022-01-29,Inyo,027,18085,3940,3895,400,4295,50
2022-01-29,Kern,029,883053,181885,174456,42117,216573,1962
2022-01-29,Kings,031,150075,47672,45047,3175,48222,397
2022-01-29,Lake,033,64148,9529,8747,723,9470,119
2022-01-29,Lassen,035,31185,8347,7961,801,8762,55
2022-01-29,Los Angeles,037,10098052,2599056,2473332,116602,2589934,28467
2022-01-29,Madera,039,155013,34408,32753,5001,37754,329
2022-01-29,Marin,041,260295,31267,30137,1992,32129,253
2022-01-29,Mariposa,043,17540,2221,2117,136,2253,6
2022-01-29,Mendocino,045,87422,12071,11591,2344,13935,104
2022-01-29,Merced,047,269075,58963,56472,7062,63534,735
2022-01-29,Modoc,049,8938,667,654,228,882,6
2022-01-29,Mono,051,14174,2885,2860,115,2975,5
2022-01-29,Monterey,053,433212,73311,64090,10933,75023,658
2022-01-29,Napa,055,140530,23513,22121,792,22913,113
2022-01-29,Nevada,057,99092,14978,14337,1018,15355,112
2022-01-29,Orange,059,3164182,525982,511255,39070,550325,6038
2022-01-29,Placer,061,380077,59243,56562,6846,63408,523
2022-01-29,Plumas,063,18699,2752,2463,271,2734,12
2022-01-29,Riverside,065,2383286,568180,548121,26212,574333,5726
2022-01-29,Sacramento,067,1510023,263734,249130,23280,272410,2558
2022-01-29,San Benito,069,59416,12096,11670,469,12139,90
2022-01-29,San Bernardino,071,2135413,555130,525249,23789,549038,6297
2022-01-29,San Diego,073,3302833,709172,683027,48600,731627,4643
2022-01-29,San Francisco,075,870044,115298,108265,7575,115840,712
2022-01-29,San Joaquin,077,732212,157213,150849,9306,160155,1971
2022-01-29,San Luis Obispo,079,281455,48511,46374,3235,49609,391
2022-01-29,San Mateo,081,765935,113817,100306,6177,106483,586
2022-01-29,Santa Barbara,083,443738,79787,76546,4242,80788,604
2022-01-29,Santa Clara,085,1922200,290124,273879,10892,284771,2019
2022-01-29,Santa Cruz,087,273765,42352,39228,1935,41163,240
2022-01-29,Shasta,089,179085,28469,27504,5456,32960,452
2022-01-29,Sierra,091,2930,266,260,42,302,0
2022-01-29,Siskiyou,093,43540,4125,3987,2366,6353,66
2022-01-29,Solano,095,438530,75331,69862,5027,74889,407
2022-01-29,Sonoma,097,501317,77386,73439,2164,75603,427
2022-01-29,Stanislaus,099,539301,110802,107668,15862,123530,1403
2022-01-29,Sutter,101,95872,19325,18797,1577,20374,202
2022-01-29,Tehama,103,63373,11235,10880,2383,13263,145
2022-01-29,Trinity,105,12862,1107,1033,258,1291,19
2022-01-29,Tulare,107,460477,99236,93154,24752,117906,1237
2022-01-29,Tuolumne,109,53932,11729,10806,415,11221,91
2022-01-29,Ventura,111,848112,165150,160466,8962,169428,1271
2022-01-29,Yolo,113,214977,34390,32123,2525,34648,275
2022-01-29,Yuba,115,75493,14768,14295,994,15289,103
2022-01-28,Alameda,001,1643700,236681,225602,12159,237761,1605
2022-01-28,Alpine,002,1148,119,123,1,124,0
2022-01-28,Amador,005,37829,7841,7505,508,8013,73
2022-01-28,Butte,007,227075,30788,29557,6340,35897,353
2022-01-28,Calaveras,009,45235,6753,6484,273,6757,96
2022-01-28,Colusa,011,21464,3256,3107,975,4082,21
2022-01-28,Contra Costa,013,1133247,179012,168003,11519,179522,1101
2022-01-28,Del Norte,015,27424,4895,4589,127,4716,43
2022-01-28,El Dorado,017,186661,25310,24008,2935,26943,184
2022-01-28,Fresno,019,978130,216396,202691,21846,224537,2457
2022-01-28,Glenn,021,27897,4681,4516,1474,5990,39
2022-01-28,Humboldt,023,135768,15330,14812,2392,17204,126
2022-01-28,Imperial,025,180216,52126,50153,9316,59469,845
2022-01-28,Inyo,027,18085,3936,3895,397,4292,50
2022-01-28,Kern,029,883053,181474,174456,41959,216415,1962
2022-01-28,Kings,031,150075,47542,45047,3165,48212,397
2022-01-28,Lake,033,64148,9497,8747,720,9467,119
2022-01-28,Lassen,035,31185,8277,7961,799,8760,55
2022-01-28,Los Angeles,037,10098052,2593328,2473332,116390,2589722,28467
2022-01-28,Madera,039,155013,34280,32753,4985,37738,329
2022-01-28,Marin,041,260295,31174,30137,1972,32109,253
2022-01-28,Mariposa,043,17540,2211,2117,134,2251,6
2022-01-28,Mendocino,045,87422,12027,11591,2342,13933,104
2022-01-28,Merced,047,269075,58862,56472,7047,63519,735
2022-01-28,Modoc,049,8938,666,654,228,882,6
2022-01-28,Mono,051,14174,2880,2860,114,2974,5
2022-01-28,Monterey,053,433212,73109,64090,10884,74974,658
2022-01-28,Napa,055,140530,23434,22121,790,22911,113
2022-01-28,Nevada,057,99092,14941,14337,1016,15353,112
2022-01-28,Orange,059,3164182,524909,511255,38980,550235,6038
2022-01-28,Placer,061,380077,59043,56562,6823,63385,523
2022-01-28,Plumas,063,18699,2744,2463,269,2732,12
2022-01-28,Riverside,065,2383286,566858,548121,26171,574292,5726
2022-01-28,Sacramento,067,1510023,262991,249130,23229,272359,2558
2022-01-28,San Benito,069,59416,12074,11670,464,12134,90
2022-01-28,San Bernardino,071,2135413,554088,525249,23752,549001,6297
2022-01-28,San Diego,073,3302833,707352,683027,48521,731548,4643
2022-01-28,San Francisco,075,870044,114941,108265,7526,115791,712
2022-01-28,San Joaquin,077,732212,156924,150849,9292,160141,1971
2022-01-28,San Luis Obispo,079,281455,48427,46374,3228,49602,391
2022-01-28,San Mateo,081,765935,113463,100306,6157,106463,586
2022-01-28,Santa Barbara,083,443738,79538,76546,4240,80786,604
2022-01-28,Santa Clara,085,1922200,288935,273879,10843,284722,2019
2022-01-28,Santa Cruz,087,273765,42159,39228,1924,41152,240
2022-01-28,Shasta,089,179085,28409,27504,5442,32946,452
2022-01-28,Sierra,091,2930,266,260,42,302,0
2022-01-28,Siskiyou,093,43540,4115,3987,2362,6349,66
2022-01-28,Solano,095,438530,74779,69862,4961,74823,407
2022-01-28,Sonoma,097,501317,77181,73439,2157,75596,427
2022-01-28,Stanislaus,099,539301,110529,107668,15815,123483,1403
2022-01-28,Sutter,101,95872,19280,18797,1575,20372,202
2022-01-28,Tehama,103,63373,11203,10880,2376,13256,145
2022-01-28,Trinity,105,12862,1098,1033,258,1291,19
2022-01-28,Tulare,107,460477,98963,93154,24646,117800,1237
2022-01-28,Tuolumne,109,53932,11696,10806,411,11217,91
2022-01-28,Ventura,111,848112,164695,160466,8943,169409,1271
2022-01-28,Yolo,113,214977,34285,32123,2519,34642,275
2022-01-28,Yuba,115,75493,14729,14295,990,15285,103
2022-01-27,Alameda,001,1643700,235097,225602,12026,237628,1605
2022-01-27,Alpine,002,1148,119,123,1,124,0
2022-01-27,Amador,005,37829,7794,7505,497,8002,73
2022-01-27,Butte,007,227075,30635,29557,6286,35843,353
2022-01-27,Calaveras,009,45235,6727,6484,257,6741,96
2022-01-27,Colusa,011,21464,3240,3107,970,4077,21
2022-01-27,Contra Costa,013,1133247,177947,168003,11345,179348,1101
2022-01-27,Del Norte,015,27424,4851,4589,123,4712,43
2022-01-27,El Dorado,017,186661,25201,24008,2916,26924,184
2022-01-27,Fresno,019,978130,214741,202691,21623,224314,2457
2022-01-27,Glenn,021,27897,4649,4516,1466,5982,39
2022-01-27,Humboldt,023,135768,15243,14812,2355,17167,126
2022-01-27,Imperial,025,180216,51856,50153,9205,59358,845
2022-01-27,Inyo,027,18085,3929,3895,388,4283,50
2022-01-27,Kern,029,883053,180695,174456,41598,216054,1962
2022-01-27,Kings,031,150075,47201,45047,3127,48174,397
2022-01-27,Lake,033,64148,9443,8747,703,9450,119
2022-01-27,Lassen,035,31185,8236,7961,793,8754,55
2022-01-27,Los Angeles,037,10098052,2582168,2473332,115878,2589210,28467
2022-01-27,Madera,039,155013,34071,32753,4883,37636,329
2022-01-27,Marin,041,260295,31010,30137,1957,32094,253
2022-01-27,Mariposa,043,17540,2188,2117,131,2248,6
2022-01-27,Mendocino,045,87422,11976,11591,2293,13884,104
2022-01-27,Merced,047,269075,58591,56472,6884,63356,735
2022-01-27,Modoc,049,8938,664,654,227,881,6
2022-01-27,Mono,051,14174,2875,2860,114,2974,5
2022-01-27,Monterey,053,433212,72487,64090,10639,74729,658
2022-01-27,Napa,055,140530,23278,22121,763,22884,113
2022-01-27,Nevada,057,99092,14869,14337,989,15326,112
2022-01-27,Orange,059,3164182,523182,511255,38841,550096,6038
2022-01-27,Placer,061,380077,58727,56562,6771,63333,523
2022-01-27,Plumas,063,18699,2733,2463,257,2720,12
2022-01-27,Riverside,065,2383286,564683,548121,26102,574223,5726
2022-01-27,Sacramento,067,1510023,261709,249130,22905,272035,2558
2022-01-27,San Benito,069,59416,12019,11670,459,12129,90
2022-01-27,San Bernardino,071,2135413,552194,525249,23651,548900,6297
2022-01-27,San Diego,073,3302833,704016,683027,48162,731189,4643
2022-01-27,San Francisco,075,870044,114433,108265,7468,115733,712
2022-01-27,San Joaquin,077,732212,156064,150849,9227,160076,1971
2022-01-27,San Luis Obispo,079,281455,48156,46374,3193,49567,391
2022-01-27,San Mateo,081,765935,112876,100306,6088,106394,586
2022-01-27,Santa Barbara,083,443738,79059,76546,4185,80731,604
2022-01-27,Santa Clara,085,1922200,286863,273879,10697,284576,2019
2022-01-27,Santa Cruz,087,273765,41494,39228,1906,41134,240
2022-01-27,Shasta,089,179085,28284,27504,5393,32897,452
2022-01-27,Sierra,091,2930,265,260,41,301,0
2022-01-27,Siskiyou,093,43540,4094,3987,2325,6312,66
2022-01-27,Solano,095,438530,74140,69862,4903,74765,407
2022-01-27,Sonoma,097,501317,76716,73439,2143,75582,427
2022-01-27,Stanislaus,099,539301,110004,107668,15658,123326,1403
2022-01-27,Sutter,101,95872,19174,18797,1551,20348,202
2022-01-27,Tehama,103,63373,11151,10880,2360,13240,145
2022-01-27,Trinity,105,12862,1094,1033,257,1290,19
2022-01-27,Tulare,107,460477,98294,93154,24385,117539,1237
2022-01-27,Tuolumne,109,53932,11641,10806,403,11209,91
2022-01-27,Ventura,111,848112,164044,160466,8907,169373,1271
2022-01-27,Yolo,113,214977,34139,32123,2504,34627,275
2022-01-27,Yuba,115,75493,14651,14295,974,15269,103
2022-01-26,Alameda,001,1643700,233207,222680,11860,234540,1596
2022-01-26,Alpine,002,1148,119,123,1,124,0
2022-01-26,Amador,005,37829,7720,7427,482,7909,73
2022-01-26,Butte,007,227075,30440,29229,6223,35452,353
2022-01-26,Calaveras,009,45235,6689,6387,251,6638,96
2022-01-26,Colusa,011,21464,3221,3094,965,4059,21
2022-01-26,Contra Costa,013,1133247,176748,165972,11175,177147,1095
2022-01-26,Del Norte,015,27424,4793,4542,122,4664,43
2022-01-26,El Dorado,017,186661,25080,23819,2893,26712,181
2022-01-26,Fresno,019,978130,212876,199689,21401,221090,2452
2022-01-26,Glenn,021,27897,4615,4472,1461,5933,39
2022-01-26,Humboldt,023,135768,15145,14715,2312,17027,126
2022-01-26,Imperial,025,180216,51498,49477,9065,58542,839
2022-01-26,Inyo,027,18085,3926,3889,358,4247,50
2022-01-26,Kern,029,883053,179755,173052,41257,214309,1953
2022-01-26,Kings,031,150075,46796,44367,3098,47465,396
2022-01-26,Lake,033,64148,9361,8645,693,9338,119
2022-01-26,Lassen,035,31185,8196,7888,793,8681,55
2022-01-26,Los Angeles,037,10098052,2569954,2450620,115434,2566054,28382
2022-01-26,Madera,039,155013,33832,32323,4746,37069,329
2022-01-26,Marin,041,260295,30827,29813,1940,31753,253
2022-01-26,Mariposa,043,17540,2171,2108,124,2232,6
2022-01-26,Mendocino,045,87422,11928,11453,2242,13695,103
2022-01-26,Merced,047,269075,58215,56060,6707,62767,733
2022-01-26,Modoc,049,8938,663,652,226,878,6
2022-01-26,Mono,051,14174,2872,2852,114,2966,4
2022-01-26,Monterey,053,433212,71930,63264,10351,73615,659
2022-01-26,Napa,055,140530,23122,21864,753,22617,112
2022-01-26,Nevada,057,99092,14774,14128,977,15105,112
2022-01-26,Orange,059,3164182,521193,506419,38674,545093,6007
2022-01-26,Placer,061,380077,58387,55892,6710,62602,524
2022-01-26,Plumas,063,18699,2706,2425,255,2680,12
2022-01-26,Riverside,065,2383286,562153,543788,25985,569773,5701
2022-01-26,Sacramento,067,1510023,260016,246416,22578,268994,2559
2022-01-26,San Benito,069,59416,11948,11563,447,12010,90
2022-01-26,San Bernardino,071,2135413,549921,521699,23544,545243,6291
2022-01-26,San Diego,073,3302833,699803,676392,47804,724196,4622
2022-01-26,San Francisco,075,870044,113791,107174,7436,114610,704
2022-01-26,San Joaquin,077,732212,155068,148770,9173,157943,1971
2022-01-26,San Luis Obispo,079,281455,47851,45716,3167,48883,391
2022-01-26,San Mateo,081,765935,112208,99016,5964,104980,586
2022-01-26,Santa Barbara,083,443738,78531,75548,4125,79673,600
2022-01-26,Santa Clara,085,1922200,284746,270470,10526,280996,2015
2022-01-26,Santa Cruz,087,273765,40975,38298,1892,40190,239
2022-01-26,Shasta,089,179085,28137,27255,5348,32603,452
2022-01-26,Sierra,091,2930,264,260,40,300,0
2022-01-26,Siskiyou,093,43540,4078,3971,2300,6271,66
2022-01-26,Solano,095,438530,73443,69150,4836,73986,401
2022-01-26,Sonoma,097,501317,76156,72509,2108,74617,423
2022-01-26,Stanislaus,099,539301,109449,106582,15441,122023,1396
2022-01-26,Sutter,101,95872,19065,18670,1507,20177,202
2022-01-26,Tehama,103,63373,11097,10749,2346,13095,145
2022-01-26,Trinity,105,12862,1089,1008,257,1265,19
2022-01-26,Tulare,107,460477,97486,91904,24147,116051,1234
2022-01-26,Tuolumne,109,53932,11457,10699,392,11091,91
2022-01-26,Ventura,111,848112,163334,159077,8865,167942,1263
2022-01-26,Yolo,113,214977,33921,31913,2466,34379,275
2022-01-26,Yuba,115,75493,14566,14171,952,15123,103
2022-01-25,Alameda,001,1643700,231323,219753,11687,231440,1589
2022-01-25,Alpine,002,1148,119,122,1,123,0
2022-01-25,Amador,005,37829,7643,7352,471,7823,73
2022-01-25,Butte,007,227075,30227,28887,6150,35037,351
2022-01-25,Calaveras,009,45235,6631,6266,238,6504,95
2022-01-25,Colusa,011,21464,3200,3074,963,4037,21
2022-01-25,Contra Costa,013,1133247,175349,163792,10947,174739,1092
2022-01-25,Del Norte,015,27424,4723,4514,117,4631,43
2022-01-25,El Dorado,017,186661,24943,23339,2869,26208,179
2022-01-25,Fresno,019,978130,210697,198262,21102,219364,2434
2022-01-25,Glenn,021,27897,4585,4418,1445,5863,39
2022-01-25,Humboldt,023,135768,15053,14574,2286,16860,126
2022-01-25,Imperial,025,180216,51042,48913,8844,57757,832
2022-01-25,Inyo,027,18085,3910,3857,316,4173,50
2022-01-25,Kern,029,883053,178750,171695,40809,212504,1947
2022-01-25,Kings,031,150075,46328,43853,3053,46906,396
2022-01-25,Lake,033,64148,9282,8543,681,9224,118
2022-01-25,Lassen,035,31185,8165,7834,784,8618,55
2022-01-25,Los Angeles,037,10098052,2555002,2433516,114793,2548309,28293
2022-01-25,Madera,039,155013,33511,31794,4613,36407,329
2022-01-25,Marin,041,260295,30649,29589,1927,31516,253
2022-01-25,Mariposa,043,17540,2159,2069,118,2187,6
2022-01-25,Mendocino,045,87422,11808,11280,2139,13419,103
2022-01-25,Merced,047,269075,57822,55555,6567,62122,733
2022-01-25,Modoc,049,8938,661,652,226,878,6
2022-01-25,Mono,051,14174,2862,2826,113,2939,4
2022-01-25,Monterey,053,433212,71356,62498,9950,72448,654
2022-01-25,Napa,055,140530,22927,21668,719,22387,111
2022-01-25,Nevada,057,99092,14660,13944,955,14899,112
2022-01-25,Orange,059,3164182,518910,504274,38475,542749,5980
2022-01-25,Placer,061,380077,57986,55465,6637,62102,518
2022-01-25,Plumas,063,18699,2682,2397,251,2648,12
2022-01-25,Riverside,065,2383286,559062,540723,25821,566544,5686
2022-01-25,Sacramento,067,1510023,258064,244468,22050,266518,2545
2022-01-25,San Benito,069,59416,11848,11446,443,11889,88
2022-01-25,San Bernardino,071,2135413,547294,519150,23430,542580,6288
2022-01-25,San Diego,073,3302833,694822,670110,47352,717462,4604
2022-01-25,San Francisco,075,870044,113028,106254,7394,113648,703
2022-01-25,San Joaquin,077,732212,154066,147271,9108,156379,1972
2022-01-25,San Luis Obispo,079,281455,47490,45130,3119,48249,391
2022-01-25,San Mateo,081,765935,111371,98010,5853,103863,586
2022-01-25,Santa Barbara,083,443738,77863,74686,4046,78732,594
2022-01-25,Santa Clara,085,1922200,282095,268031,10324,278355,2006
2022-01-25,Santa Cruz,087,273765,40304,37850,1877,39727,237
2022-01-25,Shasta,089,179085,27974,27090,5282,32372,452
2022-01-25,Sierra,091,2930,264,260,36,296,0
2022-01-25,Siskiyou,093,43540,4054,3958,2265,6223,65
2022-01-25,Solano,095,438530,72871,68657,4777,73434,399
2022-01-25,Sonoma,097,501317,75466,71633,2068,73701,423
2022-01-25,Stanislaus,099,539301,108778,105965,15215,121180,1396
2022-01-25,Sutter,101,95872,18962,18508,1467,19975,200
2022-01-25,Tehama,103,63373,11035,10669,2322,12991,145
2022-01-25,Trinity,105,12862,1082,999,255,1254,19
2022-01-25,Tulare,107,460477,96625,91237,23828,115065,1229
2022-01-25,Tuolumne,109,53932,11276,10516,368,10884,91
2022-01-25,Ventura,111,848112,162480,157971,8816,166787,1263
2022-01-25,Yolo,113,214977,33662,31677,2422,34099,274
2022-01-25,Yuba,115,75493,14481,14038,925,14963,103
2022-01-24,Alameda,001,1643700,228855,216252,11421,227673,1581
2022-01-24,Alpine,002,1148,119,120,1,121,0
2022-01-24,Amador,005,37829,7592,7166,434,7600,73
2022-01-24,Butte,007,227075,29993,28607,6084,34691,350
2022-01-24,Calaveras,009,45235,6583,6172,224,6396,95
2022-01-24,Colusa,011,21464,3180,3052,946,3998,21
2022-01-24,Contra Costa,013,1133247,173790,162161,10725,172886,1092
2022-01-24,Del Norte,015,27424,4663,4460,117,4577,43
2022-01-24,El Dorado,017,186661,24779,23128,2842,25970,179
2022-01-24,Fresno,019,978130,208354,196092,20774,216866,2430
2022-01-24,Glenn,021,27897,4545,4367,1436,5803,39
2022-01-24,Humboldt,023,135768,14942,14416,2241,16657,126
2022-01-24,Imperial,025,180216,50501,48228,8564,56792,824
2022-01-24,Inyo,027,18085,3904,3805,292,4097,50
2022-01-24,Kern,029,883053,177440,169892,40338,210230,1946
2022-01-24,Kings,031,150075,45753,43260,2982,46242,396
2022-01-24,Lake,033,64148,9173,8423,666,9089,118
2022-01-24,Lassen,035,31185,8081,7732,765,8497,55
2022-01-24,Los Angeles,037,10098052,2538475,2391045,114016,2505061,28230
2022-01-24,Madera,039,155013,33073,31339,4429,35768,329
2022-01-24,Marin,041,260295,30416,29301,1891,31192,253
2022-01-24,Mariposa,043,17540,2134,2033,114,2147,6
2022-01-24,Mendocino,045,87422,11704,11002,2060,13062,103
2022-01-24,Merced,047,269075,57318,54970,6282,61252,730
2022-01-24,Modoc,049,8938,658,648,225,873,6
2022-01-24,Mono,051,14174,2852,2802,112,2914,4
2022-01-24,Monterey,053,433212,70496,61975,9595,71570,654
2022-01-24,Napa,055,140530,22748,21494,707,22201,111
2022-01-24,Nevada,057,99092,14533,13774,932,14706,112
2022-01-24,Orange,059,3164182,516330,501634,38208,539842,5969
2022-01-24,Placer,061,380077,57503,54933,6588,61521,518
2022-01-24,Plumas,063,18699,2650,2370,237,2607,12
2022-01-24,Riverside,065,2383286,555329,535962,25612,561574,5661
2022-01-24,Sacramento,067,1510023,255696,241522,21496,263018,2526
2022-01-24,San Benito,069,59416,11746,11331,430,11761,88
2022-01-24,San Bernardino,071,2135413,544400,515604,23267,538871,6285
2022-01-24,San Diego,073,3302833,689171,663580,46801,710381,4586
2022-01-24,San Francisco,075,870044,112071,105418,7300,112718,703
2022-01-24,San Joaquin,077,732212,152746,145984,9032,155016,1959
2022-01-24,San Luis Obispo,079,281455,47019,44616,3065,47681,387
2022-01-24,San Mateo,081,765935,110404,96968,5740,102708,586
2022-01-24,Santa Barbara,083,443738,77052,73866,3953,77819,591
2022-01-24,Santa Clara,085,1922200,279197,265341,10113,275454,2006
2022-01-24,Santa Cruz,087,273765,39503,37188,1859,39047,237
2022-01-24,Shasta,089,179085,27790,26871,5194,32065,452
2022-01-24,Sierra,091,2930,264,258,36,294,0
2022-01-24,Siskiyou,093,43540,4046,3934,2226,6160,64
2022-01-24,Solano,095,438530,72189,68094,4700,72794,400
2022-01-24,Sonoma,097,501317,74550,70733,2031,72764,423
2022-01-24,Stanislaus,099,539301,108019,104933,14928,119861,1395
2022-01-24,Sutter,101,95872,18846,18336,1381,19717,200
2022-01-24,Tehama,103,63373,10965,10567,2302,12869,145
2022-01-24,Trinity,105,12862,1073,978,253,1231,19
2022-01-24,Tulare,107,460477,95551,90089,23471,113560,1219
2022-01-24,Tuolumne,109,53932,11155,10374,360,10734,91
2022-01-24,Ventura,111,848112,161457,156551,8771,165322,1261
2022-01-24,Yolo,113,214977,33369,31480,2393,33873,273
2022-01-24,Yuba,115,75493,14375,13862,886,14748,103
2022-01-23,Alameda,001,1643700,226162,214003,11105,225108,1583
2022-01-23,Alpine,002,1148,119,120,1,121,0
2022-01-23,Amador,005,37829,7536,7090,394,7484,73
2022-01-23,Butte,007,227075,29694,28340,5958,34298,350
2022-01-23,Calaveras,009,45235,6518,6095,203,6298,95
2022-01-23,Colusa,011,21464,3155,3040,937,3977,21
2022-01-23,Contra Costa,013,1133247,171849,160798,10352,171150,1092
2022-01-23,Del Norte,015,27424,4595,4419,111,4530,43
2022-01-23,El Dorado,017,186661,24593,22925,2795,25720,179
2022-01-23,Fresno,019,978130,205800,193642,20286,213928,2430
2022-01-23,Glenn,021,27897,4498,4340,1414,5754,39
2022-01-23,Humboldt,023,135768,14820,14296,2159,16455,126
2022-01-23,Imperial,025,180216,49902,47935,8282,56217,824
2022-01-23,Inyo,027,18085,3877,3781,278,4059,50
2022-01-23,Kern,029,883053,176077,168585,39810,208395,1946
2022-01-23,Kings,031,150075,45119,42622,2879,45501,397
2022-01-23,Lake,033,64148,9003,8363,640,9003,118
2022-01-23,Lassen,035,31185,8032,7710,741,8451,55
2022-01-23,Los Angeles,037,10098052,2518141,2390590,112872,2503462,28231
2022-01-23,Madera,039,155013,32713,30962,4193,35155,329
2022-01-23,Marin,041,260295,30163,29025,1853,30878,253
2022-01-23,Mariposa,043,17540,2119,2011,111,2122,6
2022-01-23,Mendocino,045,87422,11579,10889,1932,12821,103
2022-01-23,Merced,047,269075,56746,54644,5824,60468,730
2022-01-23,Modoc,049,8938,656,645,222,867,6
2022-01-23,Mono,051,14174,2844,2788,110,2898,4
2022-01-23,Monterey,053,433212,69657,61522,9163,70685,654
2022-01-23,Napa,055,140530,22486,21281,694,21975,111
2022-01-23,Nevada,057,99092,14371,13629,903,14532,112
2022-01-23,Orange,059,3164182,513225,498968,37911,536879,5970
2022-01-23,Placer,061,380077,56937,54568,6500,61068,518
2022-01-23,Plumas,063,18699,2617,2368,208,2576,12
2022-01-23,Riverside,065,2383286,550882,532273,25310,557583,5661
2022-01-23,Sacramento,067,1510023,253055,239589,20557,260146,2530
2022-01-23,San Benito,069,59416,11624,11225,419,11644,88
2022-01-23,San Bernardino,071,2135413,540837,512657,22989,535646,6281
2022-01-23,San Diego,073,3302833,682576,640215,45992,686207,4566
2022-01-23,San Francisco,075,870044,111004,104485,7192,111677,704
2022-01-23,San Joaquin,077,732212,151119,144621,8949,153570,1959
2022-01-23,San Luis Obispo,079,281455,46322,44183,2991,47174,386
2022-01-23,San Mateo,081,765935,109283,95940,5596,101536,586
2022-01-23,Santa Barbara,083,443738,75928,73041,3830,76871,590
2022-01-23,Santa Clara,085,1922200,275849,261991,9794,271785,2005
2022-01-23,Santa Cruz,087,273765,38971,36547,1828,38375,237
2022-01-23,Shasta,089,179085,27510,26732,5074,31806,452
2022-01-23,Sierra,091,2930,263,252,36,288,0
2022-01-23,Siskiyou,093,43540,4021,3916,2169,6085,64
2022-01-23,Solano,095,438530,71388,67457,4606,72063,400
2022-01-23,Sonoma,097,501317,73596,69791,1975,71766,423
2022-01-23,Stanislaus,099,539301,107157,104067,14637,118704,1395
2022-01-23,Sutter,101,95872,18687,18175,1268,19443,200
2022-01-23,Tehama,103,63373,10867,10481,2271,12752,145
2022-01-23,Trinity,105,12862,1070,961,251,1212,19
2022-01-23,Tulare,107,460477,94293,89120,23062,112182,1219
2022-01-23,Tuolumne,109,53932,10963,10243,343,10586,91
2022-01-23,Ventura,111,848112,160275,155052,8694,163746,1261
2022-01-23,Yolo,113,214977,32993,30908,2353,33261,273
2022-01-23,Yuba,115,75493,14251,13762,833,14595,103
2022-01-22,Alameda,001,1643700,225103,203927,11078,215005,1575
2022-01-22,Alpine,002,1148,118,119,1,120,0
2022-01-22,Amador,005,37829,7502,6845,389,7234,73
2022-01-22,Butte,007,227075,29572,27232,5926,33158,350
2022-01-22,Calaveras,009,45235,6488,5835,202,6037,95
2022-01-22,Colusa,011,21464,3138,2954,934,3888,21
2022-01-22,Contra Costa,013,1133247,170872,154111,10322,164433,1091
2022-01-22,Del Norte,015,27424,4556,4269,107,4376,43
2022-01-22,El Dorado,017,186661,24528,22273,2783,25056,179
2022-01-22,Fresno,019,978130,204962,185292,20216,205508,2429
2022-01-22,Glenn,021,27897,4491,4174,1411,5585,39
2022-01-22,Humboldt,023,135768,14752,13628,2146,15774,125
2022-01-22,Imperial,025,180216,49710,45741,8224,53965,820
2022-01-22,Inyo,027,18085,3873,3706,254,3960,50
2022-01-22,Kern,029,883053,175450,162902,39510,202412,1946
2022-01-22,Kings,031,150075,44911,40580,2866,43446,396
2022-01-22,Lake,033,64148,8969,8056,632,8688,118
2022-01-22,Lassen,035,31185,7998,7545,734,8279,55
2022-01-22,Los Angeles,037,10098052,2510717,2286280,112367,2398647,28038
2022-01-22,Madera,039,155013,32594,29595,4178,33773,329
2022-01-22,Marin,041,260295,30036,27893,1848,29741,253
2022-01-22,Mariposa,043,17540,2115,1920,111,2031,6
2022-01-22,Mendocino,045,87422,11529,10395,1910,12305,103
2022-01-22,Merced,047,269075,56586,53025,5815,58840,727
2022-01-22,Modoc,049,8938,655,639,222,861,6
2022-01-22,Mono,051,14174,2843,2723,106,2829,4
2022-01-22,Monterey,053,433212,69451,59038,9121,68159,651
2022-01-22,Napa,055,140530,22391,20402,684,21086,111
2022-01-22,Nevada,057,99092,14302,12957,895,13852,112
2022-01-22,Orange,059,3164182,511616,480329,37663,517992,5946
2022-01-22,Placer,061,380077,56666,52557,6463,59020,512
2022-01-22,Plumas,063,18699,2600,2289,204,2493,12
2022-01-22,Riverside,065,2383286,548964,513567,25238,538805,5623
2022-01-22,Sacramento,067,1510023,252013,230206,20452,250658,2510
2022-01-22,San Benito,069,59416,11566,10743,414,11157,88
2022-01-22,San Bernardino,071,2135413,539300,495209,22895,518104,6267
2022-01-22,San Diego,073,3302833,680092,628904,45771,674675,4559
2022-01-22,San Francisco,075,870044,110347,100238,7043,107281,702
2022-01-22,San Joaquin,077,732212,150676,138264,8907,147171,1960
2022-01-22,San Luis Obispo,079,281455,46203,42154,2985,45139,385
2022-01-22,San Mateo,081,765935,108697,91440,5534,96974,585
2022-01-22,Santa Barbara,083,443738,75506,69555,3824,73379,589
2022-01-22,Santa Clara,085,1922200,274162,249205,9728,258933,1993
2022-01-22,Santa Cruz,087,273765,38789,33741,1822,35563,237
2022-01-22,Shasta,089,179085,27414,25919,5052,30971,450
2022-01-22,Sierra,091,2930,263,248,35,283,0
2022-01-22,Siskiyou,093,43540,4003,3845,2148,5993,62
2022-01-22,Solano,095,438530,71165,63882,4568,68450,391
2022-01-22,Sonoma,097,501317,73175,66013,1965,67978,422
2022-01-22,Stanislaus,099,539301,106698,100092,14539,114631,1393
2022-01-22,Sutter,101,95872,18619,17616,1255,18871,199
2022-01-22,Tehama,103,63373,10832,10171,2260,12431,142
2022-01-22,Trinity,105,12862,1068,925,251,1176,19
2022-01-22,Tulare,107,460477,93915,85223,22940,108163,1211
2022-01-22,Tuolumne,109,53932,10895,9731,337,10068,91
2022-01-22,Ventura,111,848112,159584,148742,8654,157396,1250
2022-01-22,Yolo,113,214977,32815,30061,2336,32397,273
2022-01-22,Yuba,115,75493,14161,13288,829,14117,103
2022-01-21,Alameda,001,1643700,223532,203927,11047,214974,1575
2022-01-21,Alpine,002,1148,118,119,1,120,0
2022-01-21,Amador,005,37829,7445,6845,386,7231,73
2022-01-21,Butte,007,227075,29446,27232,5883,33115,350
2022-01-21,Calaveras,009,45235,6442,5835,202,6037,95
2022-01-21,Colusa,011,21464,3131,2954,928,3882,21
2022-01-21,Contra Costa,013,1133247,169765,154111,10242,164353,1091
2022-01-21,Del Norte,015,27424,4516,4269,107,4376,43
2022-01-21,El Dorado,017,186661,24443,22273,2767,25040,179
2022-01-21,Fresno,019,978130,203672,185292,20110,205402,2429
2022-01-21,Glenn,021,27897,4469,4174,1407,5581,39
2022-01-21,Humboldt,023,135768,14682,13628,2127,15755,125
2022-01-21,Imperial,025,180216,49521,45741,8148,53889,820
2022-01-21,Inyo,027,18085,3860,3706,249,3955,50
2022-01-21,Kern,029,883053,174735,162902,39140,202042,1946
2022-01-21,Kings,031,150075,44713,40580,2858,43438,396
2022-01-21,Lake,033,64148,8912,8056,620,8676,118
2022-01-21,Lassen,035,31185,7949,7545,730,8275,55
2022-01-21,Los Angeles,037,10098052,2499410,2286280,111909,2398189,28038
2022-01-21,Madera,039,155013,32302,29595,4150,33745,329
2022-01-21,Marin,041,260295,29861,27893,1829,29722,253
2022-01-21,Mariposa,043,17540,2103,1920,110,2030,6
2022-01-21,Mendocino,045,87422,11448,10395,1907,12302,103
2022-01-21,Merced,047,269075,56424,53025,5811,58836,727
2022-01-21,Modoc,049,8938,654,639,222,861,6
2022-01-21,Mono,051,14174,2829,2723,103,2826,4
2022-01-21,Monterey,053,433212,68980,59038,8995,68033,651
2022-01-21,Napa,055,140530,22271,20402,676,21078,111
2022-01-21,Nevada,057,99092,14204,12957,891,13848,112
2022-01-21,Orange,059,3164182,509376,480329,37417,517746,5946
2022-01-21,Placer,061,380077,56274,52557,6401,58958,512
2022-01-21,Plumas,063,18699,2587,2289,199,2488,12
2022-01-21,Riverside,065,2383286,546310,513567,25159,538726,5623
2022-01-21,Sacramento,067,1510023,250573,230206,20354,250560,2510
2022-01-21,San Benito,069,59416,11531,10743,411,11154,88
2022-01-21,San Bernardino,071,2135413,537225,495209,22819,518028,6267
2022-01-21,San Diego,073,3302833,675932,628904,45594,674498,4559
2022-01-21,San Francisco,075,870044,109586,100238,6955,107193,702
2022-01-21,San Joaquin,077,732212,150073,138264,8851,147115,1960
2022-01-21,San Luis Obispo,079,281455,46077,42154,2982,45136,385
2022-01-21,San Mateo,081,765935,108024,91440,5495,96935,585
2022-01-21,Santa Barbara,083,443738,75004,69555,3815,73370,589
2022-01-21,Santa Clara,085,1922200,272329,249205,9620,258825,1993
2022-01-21,Santa Cruz,087,273765,38070,33741,1809,35550,237
2022-01-21,Shasta,089,179085,27325,25919,5005,30924,450
2022-01-21,Sierra,091,2930,261,248,34,282,0
2022-01-21,Siskiyou,093,43540,3994,3845,2130,5975,62
2022-01-21,Solano,095,438530,70752,63882,4485,68367,391
2022-01-21,Sonoma,097,501317,72650,66013,1955,67968,422
2022-01-21,Stanislaus,099,539301,106192,100092,14464,114556,1393
2022-01-21,Sutter,101,95872,18533,17616,1241,18857,199
2022-01-21,Tehama,103,63373,10795,10171,2258,12429,142
2022-01-21,Trinity,105,12862,1062,925,250,1175,19
2022-01-21,Tulare,107,460477,93435,85223,22786,108009,1211
2022-01-21,Tuolumne,109,53932,10812,9731,330,10061,91
2022-01-21,Ventura,111,848112,158774,148742,8623,157365,1250
2022-01-21,Yolo,113,214977,32653,30061,2315,32376,273
2022-01-21,Yuba,115,75493,14089,13288,822,14110,103
2022-01-20,Alameda,001,1643700,220479,203927,10814,214741,1575
2022-01-20,Alpine,002,1148,118,119,1,120,0
2022-01-20,Amador,005,37829,7381,6845,368,7213,73
2022-01-20,Butte,007,227075,29180,27232,5803,33035,350
2022-01-20,Calaveras,009,45235,6337,5835,193,6028,95
2022-01-20,Colusa,011,21464,3105,2954,916,3870,21
2022-01-20,Contra Costa,013,1133247,167708,154111,9968,164079,1091
2022-01-20,Del Norte,015,27424,4476,4269,104,4373,43
2022-01-20,El Dorado,017,186661,24243,22273,2721,24994,179
2022-01-20,Fresno,019,978130,201012,185292,19721,205013,2429
2022-01-20,Glenn,021,27897,4435,4174,1398,5572,39
2022-01-20,Humboldt,023,135768,14555,13628,2077,15705,125
2022-01-20,Imperial,025,180216,49001,45741,7973,53714,820
2022-01-20,Inyo,027,18085,3848,3706,238,3944,50
2022-01-20,Kern,029,883053,173212,162902,38600,201502,1946
2022-01-20,Kings,031,150075,44156,40580,2818,43398,396
2022-01-20,Lake,033,64148,8816,8056,592,8648,118
2022-01-20,Lassen,035,31185,7896,7545,715,8260,55
2022-01-20,Los Angeles,037,10098052,2474668,2286280,110939,2397219,28038
2022-01-20,Madera,039,155013,31915,29595,4025,33620,329
2022-01-20,Marin,041,260295,29569,27893,1792,29685,253
2022-01-20,Mariposa,043,17540,2076,1920,107,2027,6
2022-01-20,Mendocino,045,87422,11350,10395,1829,12224,103
2022-01-20,Merced,047,269075,55977,53025,5578,58603,727
2022-01-20,Modoc,049,8938,652,639,222,861,6
2022-01-20,Mono,051,14174,2821,2723,102,2825,4
2022-01-20,Monterey,053,433212,68214,59038,8579,67617,651
2022-01-20,Napa,055,140530,22006,20402,637,21039,111
2022-01-20,Nevada,057,99092,14059,12957,869,13826,112
2022-01-20,Orange,059,3164182,505436,480329,37044,517373,5946
2022-01-20,Placer,061,380077,55789,52557,6341,58898,512
2022-01-20,Plumas,063,18699,2559,2289,195,2484,12
2022-01-20,Riverside,065,2383286,541739,513567,24927,538494,5623
2022-01-20,Sacramento,067,1510023,248293,230206,19725,249931,2510
2022-01-20,San Benito,069,59416,11420,10743,398,11141,88
2022-01-20,San Bernardino,071,2135413,533013,495209,22540,517749,6267
2022-01-20,San Diego,073,3302833,668847,628904,44890,673794,4559
2022-01-20,San Francisco,075,870044,108437,100238,6816,107054,702
2022-01-20,San Joaquin,077,732212,148422,138264,8723,146987,1960
2022-01-20,San Luis Obispo,079,281455,45566,42154,2948,45102,385
2022-01-20,San Mateo,081,765935,106798,91440,5291,96731,585
2022-01-20,Santa Barbara,083,443738,74105,69555,3703,73258,589
2022-01-20,Santa Clara,085,1922200,268980,249205,9292,258497,1993
2022-01-20,Santa Cruz,087,273765,37185,33741,1786,35527,237
2022-01-20,Shasta,089,179085,27134,25919,4938,30857,450
2022-01-20,Sierra,091,2930,261,248,32,280,0
2022-01-20,Siskiyou,093,43540,3983,3845,2097,5942,62
2022-01-20,Solano,095,438530,69801,63882,4396,68278,391
2022-01-20,Sonoma,097,501317,71622,66013,1904,67917,422
2022-01-20,Stanislaus,099,539301,105233,100092,14258,114350,1393
2022-01-20,Sutter,101,95872,18369,17616,1213,18829,199
2022-01-20,Tehama,103,63373,10722,10171,2240,12411,142
2022-01-20,Trinity,105,12862,1048,925,249,1174,19
2022-01-20,Tulare,107,460477,92380,85223,22503,107726,1211
2022-01-20,Tuolumne,109,53932,10670,9731,320,10051,91
2022-01-20,Ventura,111,848112,157390,148742,8546,157288,1250
2022-01-20,Yolo,113,214977,32365,30061,2282,32343,273
2022-01-20,Yuba,115,75493,13983,13288,789,14077,103
2022-01-19,Alameda,001,1643700,217116,199739,10495,210234,1571
2022-01-19,Alpine,002,1148,117,119,1,120,0
2022-01-19,Amador,005,37829,7300,6789,326,7115,73
2022-01-19,Butte,007,227075,28875,26839,5716,32555,351
2022-01-19,Calaveras,009,45235,6247,5765,184,5949,95
2022-01-19,Colusa,011,21464,3071,2938,908,3846,21
2022-01-19,Contra Costa,013,1133247,165277,151543,9722,161265,1091
2022-01-19,Del Norte,015,27424,4437,4240,103,4343,43
2022-01-19,El Dorado,017,186661,23991,21953,2680,24633,177
2022-01-19,Fresno,019,978130,198045,181526,19391,200917,2430
2022-01-19,Glenn,021,27897,4383,4127,1388,5515,39
2022-01-19,Humboldt,023,135768,14398,13391,2027,15418,125
2022-01-19,Imperial,025,180216,48266,45156,7776,52932,820
2022-01-19,Inyo,027,18085,3825,3680,199,3879,49
2022-01-19,Kern,029,883053,171446,160747,37922,198669,1946
2022-01-19,Kings,031,150075,43457,40027,2750,42777,395
2022-01-19,Lake,033,64148,8689,7972,579,8551,118
2022-01-19,Lassen,035,31185,7839,7507,693,8200,55
2022-01-19,Los Angeles,037,10098052,2446269,2251718,109526,2361244,27934
2022-01-19,Madera,039,155013,31534,29021,3855,32876,329
2022-01-19,Marin,041,260295,29271,27375,1751,29126,251
2022-01-19,Mariposa,043,17540,2051,1896,100,1996,6
2022-01-19,Mendocino,045,87422,11179,10252,1736,11988,103
2022-01-19,Merced,047,269075,55419,52355,5218,57573,724
2022-01-19,Modoc,049,8938,650,635,221,856,6
2022-01-19,Mono,051,14174,2799,2677,100,2777,4
2022-01-19,Monterey,053,433212,67306,58426,8122,66548,651
2022-01-19,Napa,055,140530,21753,20090,610,20700,110
2022-01-19,Nevada,057,99092,13901,12703,842,13545,112
2022-01-19,Orange,059,3164182,500949,468460,36669,505129,5943
2022-01-19,Placer,061,380077,55224,51545,6273,57818,511
2022-01-19,Plumas,063,18699,2519,2239,189,2428,12
2022-01-19,Riverside,065,2383286,536217,503575,24692,528267,5604
2022-01-19,Sacramento,067,1510023,245394,226035,19014,245049,2512
2022-01-19,San Benito,069,59416,11278,10639,386,11025,88
2022-01-19,San Bernardino,071,2135413,528244,487846,22160,510006,6265
2022-01-19,San Diego,073,3302833,660082,614709,44151,658860,4553
2022-01-19,San Francisco,075,870044,107067,98652,6740,105392,694
2022-01-19,San Joaquin,077,732212,146515,135953,8600,144553,1959
2022-01-19,San Luis Obispo,079,281455,44967,41374,2882,44256,382
2022-01-19,San Mateo,081,765935,105384,89715,5027,94742,585
2022-01-19,Santa Barbara,083,443738,73108,68531,3604,72135,586
2022-01-19,Santa Clara,085,1922200,265188,244922,8935,253857,1991
2022-01-19,Santa Cruz,087,273765,35881,33026,1762,34788,237
2022-01-19,Shasta,089,179085,26866,25355,4866,30221,450
2022-01-19,Sierra,091,2930,261,245,31,276,0
2022-01-19,Siskiyou,093,43540,3959,3821,2044,5865,62
2022-01-19,Solano,095,438530,68954,63003,4266,67269,392
2022-01-19,Sonoma,097,501317,70521,64689,1858,66547,420
2022-01-19,Stanislaus,099,539301,104180,98952,13966,112918,1381
2022-01-19,Sutter,101,95872,18201,17436,1125,18561,199
2022-01-19,Tehama,103,63373,10607,10064,2196,12260,142
2022-01-19,Trinity,105,12862,1036,916,248,1164,19
2022-01-19,Tulare,107,460477,91095,83743,22036,105779,1200
2022-01-19,Tuolumne,109,53932,10510,9613,295,9908,91
2022-01-19,Ventura,111,848112,155875,144738,8471,153209,1234
2022-01-19,Yolo,113,214977,31999,29392,2246,31638,273
2022-01-19,Yuba,115,75493,13821,13114,776,13890,104
2022-01-18,Alameda,001,1643700,213769,195728,10178,205906,1566
2022-01-18,Alpine,002,1148,117,118,1,119,0
2022-01-18,Amador,005,37829,7162,6691,290,6981,73
2022-01-18,Butte,007,227075,28482,26514,5634,32148,347
2022-01-18,Calaveras,009,45235,6158,5684,169,5853,94
2022-01-18,Colusa,011,21464,3027,2903,903,3806,21
2022-01-18,Contra Costa,013,1133247,163130,149446,9344,158790,1085
2022-01-18,Del Norte,015,27424,4366,4229,98,4327,43
2022-01-18,El Dorado,017,186661,23624,21707,2636,24343,175
2022-01-18,Fresno,019,978130,194483,178922,18933,197855,2425
2022-01-18,Glenn,021,27897,4349,4070,1376,5446,39
2022-01-18,Humboldt,023,135768,14233,13218,1955,15173,125
2022-01-18,Imperial,025,180216,47570,44742,7595,52337,819
2022-01-18,Inyo,027,18085,3784,3654,189,3843,49
2022-01-18,Kern,029,883053,169424,158864,37168,196032,1943
2022-01-18,Kings,031,150075,42582,39440,2672,42112,392
2022-01-18,Lake,033,64148,8576,7919,560,8479,117
2022-01-18,Lassen,035,31185,7756,7461,654,8115,55
2022-01-18,Los Angeles,037,10098052,2412821,2227360,108051,2335411,27871
2022-01-18,Madera,039,155013,31012,28717,3666,32383,329
2022-01-18,Marin,041,260295,28964,27036,1710,28746,251
2022-01-18,Mariposa,043,17540,2026,1872,96,1968,6
2022-01-18,Mendocino,045,87422,11010,10114,1651,11765,103
2022-01-18,Merced,047,269075,54782,51746,4924,56670,718
2022-01-18,Modoc,049,8938,648,633,216,849,6
2022-01-18,Mono,051,14174,2778,2643,99,2742,4
2022-01-18,Monterey,053,433212,66529,57846,7644,65490,650
2022-01-18,Napa,055,140530,21421,19911,595,20506,109
2022-01-18,Nevada,057,99092,13718,12584,800,13384,111
2022-01-18,Orange,059,3164182,495609,461324,36160,497484,5938
2022-01-18,Placer,061,380077,54577,50983,6199,57182,508
2022-01-18,Plumas,063,18699,2481,2218,183,2401,12
2022-01-18,Riverside,065,2383286,530237,497278,24385,521663,5599
2022-01-18,Sacramento,067,1510023,242308,223745,18030,241775,2496
2022-01-18,San Benito,069,59416,11137,10520,372,10892,88
2022-01-18,San Bernardino,071,2135413,522792,483753,21730,505483,6258
2022-01-18,San Diego,073,3302833,649895,605137,43104,648241,4547
2022-01-18,San Francisco,075,870044,105601,96505,6625,103130,694
2022-01-18,San Joaquin,077,732212,144548,134365,8384,142749,1957
2022-01-18,San Luis Obispo,079,281455,44286,40848,2796,43644,381
2022-01-18,San Mateo,081,765935,103868,88225,4830,93055,585
2022-01-18,Santa Barbara,083,443738,71890,67216,3431,70647,581
2022-01-18,Santa Clara,085,1922200,261002,240281,8540,248821,1986
2022-01-18,Santa Cruz,087,273765,35231,32203,1727,33930,237
2022-01-18,Shasta,089,179085,26584,25162,4772,29934,448
2022-01-18,Sierra,091,2930,257,244,31,275,0
2022-01-18,Siskiyou,093,43540,3926,3799,1991,5790,62
2022-01-18,Solano,095,438530,68103,62204,4155,66359,391
2022-01-18,Sonoma,097,501317,69131,63714,1803,65517,419
2022-01-18,Stanislaus,099,539301,102960,98000,13592,111592,1379
2022-01-18,Sutter,101,95872,18009,17295,1054,18349,198
2022-01-18,Tehama,103,63373,10511,9975,2144,12119,142
2022-01-18,Trinity,105,12862,1023,907,247,1154,19
2022-01-18,Tulare,107,460477,89626,82667,21634,104301,1196
2022-01-18,Tuolumne,109,53932,10341,9528,284,9812,91
2022-01-18,Ventura,111,848112,154162,143384,8385,151769,1233
2022-01-18,Yolo,113,214977,31601,28786,2196,30982,270
2022-01-18,Yuba,115,75493,13661,12971,751,13722,101
2022-01-17,Alameda,001,1643700,209112,193276,9589,202865,1565
2022-01-17,Alpine,002,1148,116,118,0,118,0
2022-01-17,Amador,005,37829,7048,6640,232,6872,73
2022-01-17,Butte,007,227075,28089,26303,5521,31824,348
2022-01-17,Calaveras,009,45235,6027,5584,141,5725,94
2022-01-17,Colusa,011,21464,3003,2905,896,3801,21
2022-01-17,Contra Costa,013,1133247,160195,147993,8844,156837,1086
2022-01-17,Del Norte,015,27424,4315,4209,91,4300,43
2022-01-17,El Dorado,017,186661,23379,21540,2554,24094,175
2022-01-17,Fresno,019,978130,190639,176959,18393,195352,2426
2022-01-17,Glenn,021,27897,4295,4055,1363,5418,39
2022-01-17,Humboldt,023,135768,14027,13120,1789,14909,125
2022-01-17,Imperial,025,180216,46884,44412,7431,51843,821
2022-01-17,Inyo,027,18085,3762,3650,163,3813,49
2022-01-17,Kern,029,883053,166886,157645,36292,193937,1944
2022-01-17,Kings,031,150075,41447,39143,2550,41693,392
2022-01-17,Lake,033,64148,8427,7864,520,8384,117
2022-01-17,Lassen,035,31185,7663,7417,617,8034,55
2022-01-17,Los Angeles,037,10098052,2373578,2205740,106091,2311831,27832
2022-01-17,Madera,039,155013,30358,28568,3486,32054,329
2022-01-17,Marin,041,260295,28558,26633,1654,28287,251
2022-01-17,Mariposa,043,17540,2001,1862,89,1951,6
2022-01-17,Mendocino,045,87422,10787,10030,1511,11541,103
2022-01-17,Merced,047,269075,54084,51227,4358,55585,718
2022-01-17,Modoc,049,8938,644,630,216,846,6
2022-01-17,Mono,051,14174,2755,2642,98,2740,4
2022-01-17,Monterey,053,433212,65408,57318,7224,64542,647
2022-01-17,Napa,055,140530,21076,19647,573,20220,109
2022-01-17,Nevada,057,99092,13532,12414,763,13177,111
2022-01-17,Orange,059,3164182,489646,457418,35678,493096,5933
2022-01-17,Placer,061,380077,53843,50511,6054,56565,508
2022-01-17,Plumas,063,18699,2435,2205,151,2356,12
2022-01-17,Riverside,065,2383286,523421,491322,23932,515254,5600
2022-01-17,Sacramento,067,1510023,238228,221143,16686,237829,2497
2022-01-17,San Benito,069,59416,10970,10432,344,10776,88
2022-01-17,San Bernardino,071,2135413,516321,480243,21188,501431,6259
2022-01-17,San Diego,073,3302833,637691,569241,41894,611135,4545
2022-01-17,San Francisco,075,870044,103972,95292,6435,101727,694
2022-01-17,San Joaquin,077,732212,141693,133414,8194,141608,1958
2022-01-17,San Luis Obispo,079,281455,43458,40425,2695,43120,379
2022-01-17,San Mateo,081,765935,101895,87013,4577,91590,585
2022-01-17,Santa Barbara,083,443738,70568,66704,3231,69935,581
2022-01-17,Santa Clara,085,1922200,256411,237934,8107,246041,1985
2022-01-17,Santa Cruz,087,273765,34458,31714,1690,33404,237
2022-01-17,Shasta,089,179085,26304,25025,4651,29676,448
2022-01-17,Sierra,091,2930,256,242,31,273,0
2022-01-17,Siskiyou,093,43540,3887,3764,1911,5675,62
2022-01-17,Solano,095,438530,67062,61497,3896,65393,391
2022-01-17,Sonoma,097,501317,67624,62763,1737,64500,419
2022-01-17,Stanislaus,099,539301,101643,96951,13101,110052,1379
2022-01-17,Sutter,101,95872,17799,17159,918,18077,198
2022-01-17,Tehama,103,63373,10387,9912,2087,11999,142
2022-01-17,Trinity,105,12862,1010,906,243,1149,19
2022-01-17,Tulare,107,460477,87869,81741,21093,102834,1199
2022-01-17,Tuolumne,109,53932,10202,9416,252,9668,91
2022-01-17,Ventura,111,848112,152046,142070,8267,150337,1234
2022-01-17,Yolo,113,214977,31070,28638,2131,30769,270
2022-01-17,Yuba,115,75493,13464,12871,695,13566,101
2022-01-16,Alameda,001,1643700,206067,190691,9339,200030,1564
2022-01-16,Alpine,002,1148,116,118,0,118,0
2022-01-16,Amador,005,37829,6975,6618,224,6842,73
2022-01-16,Butte,007,227075,27740,26139,5468,31607,348
2022-01-16,Calaveras,009,45235,5926,5537,137,5674,94
2022-01-16,Colusa,011,21464,2986,2886,884,3770,21
2022-01-16,Contra Costa,013,1133247,158180,146307,8630,154937,1086
2022-01-16,Del Norte,015,27424,4273,4177,89,4266,43
2022-01-16,El Dorado,017,186661,23103,21303,2516,23819,175
2022-01-16,Fresno,019,978130,187776,174818,17979,192797,2425
2022-01-16,Glenn,021,27897,4238,4049,1341,5390,39
2022-01-16,Humboldt,023,135768,13879,13075,1770,14845,125
2022-01-16,Imperial,025,180216,46312,44035,7267,51302,821
2022-01-16,Inyo,027,18085,3725,3602,141,3743,49
2022-01-16,Kern,029,883053,165612,156655,35507,192162,1944
2022-01-16,Kings,031,150075,41073,38861,2529,41390,392
2022-01-16,Lake,033,64148,8323,7823,486,8309,117
2022-01-16,Lassen,035,31185,7618,7391,604,7995,55
2022-01-16,Los Angeles,037,10098052,2350362,2174403,104586,2278989,27805
2022-01-16,Madera,039,155013,29988,28313,3436,31749,329
2022-01-16,Marin,041,260295,28264,26292,1639,27931,251
2022-01-16,Mariposa,043,17540,1974,1851,84,1935,6
2022-01-16,Mendocino,045,87422,10640,9992,1395,11387,102
2022-01-16,Merced,047,269075,53468,50882,4330,55212,718
2022-01-16,Modoc,049,8938,641,629,216,845,6
2022-01-16,Mono,051,14174,2751,2614,96,2710,4
2022-01-16,Monterey,053,433212,64642,57012,7080,64092,647
2022-01-16,Napa,055,140530,20809,19521,562,20083,109
2022-01-16,Nevada,057,99092,13318,12307,745,13052,111
2022-01-16,Orange,059,3164182,484251,451962,35126,487088,5932
2022-01-16,Placer,061,380077,53137,50076,5946,56022,508
2022-01-16,Plumas,063,18699,2400,2204,142,2346,12
2022-01-16,Riverside,065,2383286,517911,485191,23712,508903,5600
2022-01-16,Sacramento,067,1510023,235269,218819,15970,234789,2491
2022-01-16,San Benito,069,59416,10811,10377,342,10719,88
2022-01-16,San Bernardino,071,2135413,512283,474425,20933,495358,6259
2022-01-16,San Diego,073,3302833,630106,569241,41454,610695,4545
2022-01-16,San Francisco,075,870044,102450,94139,6297,100436,694
2022-01-16,San Joaquin,077,732212,139892,132214,8051,140265,1958
2022-01-16,San Luis Obispo,079,281455,42801,40113,2656,42769,379
2022-01-16,San Mateo,081,765935,100362,85966,4484,90450,585
2022-01-16,Santa Barbara,083,443738,69538,66111,3190,69301,582
2022-01-16,Santa Clara,085,1922200,252621,234293,7949,242242,1984
2022-01-16,Santa Cruz,087,273765,33828,31469,1668,33137,237
2022-01-16,Shasta,089,179085,26048,24980,4583,29563,449
2022-01-16,Sierra,091,2930,252,238,31,269,0
2022-01-16,Siskiyou,093,43540,3859,3748,1872,5620,62
2022-01-16,Solano,095,438530,66387,60885,3765,64650,391
2022-01-16,Sonoma,097,501317,66544,61842,1720,63562,419
2022-01-16,Stanislaus,099,539301,100580,96370,12935,109305,1379
2022-01-16,Sutter,101,95872,17599,16996,896,17892,198
2022-01-16,Tehama,103,63373,10301,9868,2066,11934,142
2022-01-16,Trinity,105,12862,1005,889,241,1130,19
2022-01-16,Tulare,107,460477,86557,80867,20840,101707,1199
2022-01-16,Tuolumne,109,53932,10097,9369,244,9613,91
2022-01-16,Ventura,111,848112,150469,140715,8189,148904,1234
2022-01-16,Yolo,113,214977,30676,28481,2078,30559,270
2022-01-16,Yuba,115,75493,13286,12760,689,13449,101
2022-01-15,Alameda,001,1643700,204731,177768,9284,187052,1561
2022-01-15,Alpine,002,1148,116,117,0,117,0
2022-01-15,Amador,005,37829,6943,6434,210,6644,72
2022-01-15,Butte,007,227075,27585,25032,5416,30448,348
2022-01-15,Calaveras,009,45235,5894,5258,137,5395,93
2022-01-15,Colusa,011,21464,2972,2796,877,3673,21
2022-01-15,Contra Costa,013,1133247,156912,137643,8582,146225,1082
2022-01-15,Del Norte,015,27424,4258,4065,87,4152,43
2022-01-15,El Dorado,017,186661,22998,20434,2500,22934,175
2022-01-15,Fresno,019,978130,186790,167361,17879,185240,2415
2022-01-15,Glenn,021,27897,4231,3906,1332,5238,39
2022-01-15,Humboldt,023,135768,13776,12419,1754,14173,123
2022-01-15,Imperial,025,180216,46174,42508,7159,49667,817
2022-01-15,Inyo,027,18085,3715,3395,141,3536,49
2022-01-15,Kern,029,883053,164769,150085,35117,185202,1938
2022-01-15,Kings,031,150075,40824,37221,2517,39738,391
2022-01-15,Lake,033,64148,8284,7641,473,8114,117
2022-01-15,Lassen,035,31185,7578,7274,598,7872,55
2022-01-15,Los Angeles,037,10098052,2338814,2047927,103639,2151566,27641
2022-01-15,Madera,039,155013,29842,27294,3412,30706,329
2022-01-15,Marin,041,260295,28077,25248,1632,26880,251
2022-01-15,Mariposa,043,17540,1967,1762,84,1846,6
2022-01-15,Mendocino,045,87422,10567,9534,1389,10923,102
2022-01-15,Merced,047,269075,53296,48904,4318,53222,715
2022-01-15,Modoc,049,8938,639,628,216,844,6
2022-01-15,Mono,051,14174,2746,2508,95,2603,4
2022-01-15,Monterey,053,433212,64128,55315,7016,62331,647
2022-01-15,Napa,055,140530,20688,17648,558,18206,109
2022-01-15,Nevada,057,99092,13258,11773,732,12505,111
2022-01-15,Orange,059,3164182,481650,433141,34835,467976,5914
2022-01-15,Placer,061,380077,52846,47780,5910,53690,501
2022-01-15,Plumas,063,18699,2379,2158,136,2294,12
2022-01-15,Riverside,065,2383286,515228,466381,23577,489958,5578
2022-01-15,Sacramento,067,1510023,234107,208156,15871,224027,2491
2022-01-15,San Benito,069,59416,10711,9868,337,10205,87
2022-01-15,San Bernardino,071,2135413,509915,454395,20785,475180,6233
2022-01-15,San Diego,073,3302833,626321,559385,41198,600583,4540
2022-01-15,San Francisco,075,870044,101454,88004,6162,94166,692
2022-01-15,San Joaquin,077,732212,139319,125136,7954,133090,1954
2022-01-15,San Luis Obispo,079,281455,42612,38231,2643,40874,374
2022-01-15,San Mateo,081,765935,99404,80494,4443,84937,582
2022-01-15,Santa Barbara,083,443738,68942,62312,3179,65491,579
2022-01-15,Santa Clara,085,1922200,250374,218986,7831,226817,1974
2022-01-15,Santa Cruz,087,273765,33474,29414,1660,31074,235
2022-01-15,Shasta,089,179085,25956,24482,4551,29033,445
2022-01-15,Sierra,091,2930,251,232,30,262,0
2022-01-15,Siskiyou,093,43540,3847,3661,1862,5523,62
2022-01-15,Solano,095,438530,66107,58061,3716,61777,389
2022-01-15,Sonoma,097,501317,65958,58181,1714,59895,418
2022-01-15,Stanislaus,099,539301,99998,92986,12832,105818,1379
2022-01-15,Sutter,101,95872,17510,16345,886,17231,197
2022-01-15,Tehama,103,63373,10253,9572,2047,11619,141
2022-01-15,Trinity,105,12862,1002,872,241,1113,19
2022-01-15,Tulare,107,460477,86109,77769,20731,98500,1192
2022-01-15,Tuolumne,109,53932,9996,9042,239,9281,91
2022-01-15,Ventura,111,848112,149694,134736,8151,142887,1227
2022-01-15,Yolo,113,214977,30496,27311,2058,29369,270
2022-01-15,Yuba,115,75493,13222,12200,685,12885,101
2022-01-14,Alameda,001,1643700,202703,177768,9233,187001,1561
2022-01-14,Alpine,002,1148,116,117,0,117,0
2022-01-14,Amador,005,37829,6867,6434,201,6635,72
2022-01-14,Butte,007,227075,27403,25032,5385,30417,348
2022-01-14,Calaveras,009,45235,5857,5258,136,5394,93
2022-01-14,Colusa,011,21464,2963,2796,867,3663,21
2022-01-14,Contra Costa,013,1133247,155386,137643,8476,146119,1082
2022-01-14,Del Norte,015,27424,4233,4065,86,4151,43
2022-01-14,El Dorado,017,186661,22845,20434,2482,22916,175
2022-01-14,Fresno,019,978130,185034,167361,17777,185138,2415
2022-01-14,Glenn,021,27897,4208,3906,1324,5230,39
2022-01-14,Humboldt,023,135768,13670,12419,1722,14141,123
2022-01-14,Imperial,025,180216,46003,42508,7139,49647,817
2022-01-14,Inyo,027,18085,3690,3395,137,3532,49
2022-01-14,Kern,029,883053,163769,150085,34682,184767,1938
2022-01-14,Kings,031,150075,40571,37221,2509,39730,391
2022-01-14,Lake,033,64148,8227,7641,461,8102,117
2022-01-14,Lassen,035,31185,7544,7274,586,7860,55
2022-01-14,Los Angeles,037,10098052,2319481,2047927,102604,2150531,27641
2022-01-14,Madera,039,155013,29606,27294,3384,30678,329
2022-01-14,Marin,041,260295,27818,25248,1597,26845,251
2022-01-14,Mariposa,043,17540,1952,1762,84,1846,6
2022-01-14,Mendocino,045,87422,10455,9534,1376,10910,102
2022-01-14,Merced,047,269075,53109,48904,4302,53206,715
2022-01-14,Modoc,049,8938,638,628,216,844,6
2022-01-14,Mono,051,14174,2725,2508,93,2601,4
2022-01-14,Monterey,053,433212,63430,55315,6923,62238,647
2022-01-14,Napa,055,140530,20518,17648,553,18201,109
2022-01-14,Nevada,057,99092,13135,11773,719,12492,111
2022-01-14,Orange,059,3164182,477915,433141,34493,467634,5914
2022-01-14,Placer,061,380077,52412,47780,5824,53604,501
2022-01-14,Plumas,063,18699,2371,2158,129,2287,12
2022-01-14,Riverside,065,2383286,511708,466381,23433,489814,5578
2022-01-14,Sacramento,067,1510023,232156,208156,15718,223874,2491
2022-01-14,San Benito,069,59416,10659,9868,336,10204,87
2022-01-14,San Bernardino,071,2135413,506705,454395,20598,474993,6233
2022-01-14,San Diego,073,3302833,620677,559385,40889,600274,4540
2022-01-14,San Francisco,075,870044,100281,88004,5987,93991,692
2022-01-14,San Joaquin,077,732212,138464,125136,7874,133010,1954
2022-01-14,San Luis Obispo,079,281455,42445,38231,2622,40853,374
2022-01-14,San Mateo,081,765935,98174,80494,4414,84908,582
2022-01-14,Santa Barbara,083,443738,68423,62312,3169,65481,579
2022-01-14,Santa Clara,085,1922200,247711,218986,7726,226712,1974
2022-01-14,Santa Cruz,087,273765,33096,29414,1651,31065,235
2022-01-14,Shasta,089,179085,25835,24482,4518,29000,445
2022-01-14,Sierra,091,2930,249,232,28,260,0
2022-01-14,Siskiyou,093,43540,3836,3661,1849,5510,62
2022-01-14,Solano,095,438530,65260,58061,3628,61689,389
2022-01-14,Sonoma,097,501317,65418,58181,1688,59869,418
2022-01-14,Stanislaus,099,539301,99391,92986,12724,105710,1379
2022-01-14,Sutter,101,95872,17383,16345,878,17223,197
2022-01-14,Tehama,103,63373,10200,9572,2035,11607,141
2022-01-14,Trinity,105,12862,997,872,239,1111,19
2022-01-14,Tulare,107,460477,85581,77769,20570,98339,1192
2022-01-14,Tuolumne,109,53932,9873,9042,235,9277,91
2022-01-14,Ventura,111,848112,148591,134736,8092,142828,1227
2022-01-14,Yolo,113,214977,30255,27311,2030,29341,270
2022-01-14,Yuba,115,75493,13119,12200,680,12880,101
2022-01-13,Alameda,001,1643700,198459,177768,8888,186656,1561
2022-01-13,Alpine,002,1148,115,117,0,117,0
2022-01-13,Amador,005,37829,6807,6434,180,6614,72
2022-01-13,Butte,007,227075,27097,25032,5272,30304,348
2022-01-13,Calaveras,009,45235,5767,5258,133,5391,93
2022-01-13,Colusa,011,21464,2935,2796,857,3653,21
2022-01-13,Contra Costa,013,1133247,152718,137643,8010,145653,1082
2022-01-13,Del Norte,015,27424,4197,4065,85,4150,43
2022-01-13,El Dorado,017,186661,22598,20434,2436,22870,175
2022-01-13,Fresno,019,978130,181994,167361,17368,184729,2415
2022-01-13,Glenn,021,27897,4161,3906,1298,5204,39
2022-01-13,Humboldt,023,135768,13516,12419,1660,14079,123
2022-01-13,Imperial,025,180216,45460,42508,6928,49436,817
2022-01-13,Inyo,027,18085,3634,3395,120,3515,49
2022-01-13,Kern,029,883053,162184,150085,34093,184178,1938
2022-01-13,Kings,031,150075,40090,37221,2465,39686,391
2022-01-13,Lake,033,64148,8127,7641,440,8081,117
2022-01-13,Lassen,035,31185,7510,7274,570,7844,55
2022-01-13,Los Angeles,037,10098052,2282970,2047927,100820,2148747,27641
2022-01-13,Madera,039,155013,29140,27294,3291,30585,329
2022-01-13,Marin,041,260295,27474,25248,1554,26802,251
2022-01-13,Mariposa,043,17540,1929,1762,81,1843,6
2022-01-13,Mendocino,045,87422,10364,9534,1308,10842,102
2022-01-13,Merced,047,269075,52442,48904,4034,52938,715
2022-01-13,Modoc,049,8938,635,628,216,844,6
2022-01-13,Mono,051,14174,2702,2508,90,2598,4
2022-01-13,Monterey,053,433212,62492,55315,6637,61952,647
2022-01-13,Napa,055,140530,20220,17648,543,18191,109
2022-01-13,Nevada,057,99092,12943,11773,689,12462,111
2022-01-13,Orange,059,3164182,471466,433141,34027,467168,5914
2022-01-13,Placer,061,380077,51781,47780,5709,53489,501
2022-01-13,Plumas,063,18699,2351,2158,119,2277,12
2022-01-13,Riverside,065,2383286,505402,466381,23105,489486,5578
2022-01-13,Sacramento,067,1510023,229060,208156,14934,223090,2491
2022-01-13,San Benito,069,59416,10554,9868,328,10196,87
2022-01-13,San Bernardino,071,2135413,500812,454395,20133,474528,6233
2022-01-13,San Diego,073,3302833,612167,559385,40013,599398,4540
2022-01-13,San Francisco,075,870044,98541,88004,5792,93796,692
2022-01-13,San Joaquin,077,732212,136380,125136,7720,132856,1954
2022-01-13,San Luis Obispo,079,281455,41842,38231,2517,40748,374
2022-01-13,San Mateo,081,765935,96387,80494,4178,84672,582
2022-01-13,Santa Barbara,083,443738,67425,62312,2993,65305,579
2022-01-13,Santa Clara,085,1922200,243292,218986,7398,226384,1974
2022-01-13,Santa Cruz,087,273765,32279,29414,1629,31043,235
2022-01-13,Shasta,089,179085,25625,24482,4446,28928,445
2022-01-13,Sierra,091,2930,248,232,28,260,0
2022-01-13,Siskiyou,093,43540,3814,3661,1809,5470,62
2022-01-13,Solano,095,438530,64126,58061,3517,61578,389
2022-01-13,Sonoma,097,501317,64351,58181,1632,59813,418
2022-01-13,Stanislaus,099,539301,98270,92986,12430,105416,1379
2022-01-13,Sutter,101,95872,17187,16345,814,17159,197
2022-01-13,Tehama,103,63373,10102,9572,1987,11559,141
2022-01-13,Trinity,105,12862,989,872,239,1111,19
2022-01-13,Tulare,107,460477,84297,77769,20282,98051,1192
2022-01-13,Tuolumne,109,53932,9731,9042,217,9259,91
2022-01-13,Ventura,111,848112,146809,134736,7998,142734,1227
2022-01-13,Yolo,113,214977,29839,27311,1986,29297,270
2022-01-13,Yuba,115,75493,12984,12200,651,12851,101
2022-01-12,Alameda,001,1643700,193902,173001,8430,181431,1563
2022-01-12,Alpine,002,1148,115,117,0,117,0
2022-01-12,Amador,005,37829,6759,6354,166,6520,71
2022-01-12,Butte,007,227075,26765,24631,5180,29811,348
2022-01-12,Calaveras,009,45235,5690,5151,127,5278,93
2022-01-12,Colusa,011,21464,2897,2772,844,3616,21
2022-01-12,Contra Costa,013,1133247,150021,134579,7631,142210,1077
2022-01-12,Del Norte,015,27424,4171,4019,83,4102,43
2022-01-12,El Dorado,017,186661,22281,20092,2397,22489,175
2022-01-12,Fresno,019,978130,179014,165316,16926,182242,2413
2022-01-12,Glenn,021,27897,4110,3859,1276,5135,39
2022-01-12,Humboldt,023,135768,13344,12081,1578,13659,122
2022-01-12,Imperial,025,180216,44804,41985,6630,48615,814
2022-01-12,Inyo,027,18085,3588,3334,104,3438,49
2022-01-12,Kern,029,883053,160045,148435,33371,181806,1933
2022-01-12,Kings,031,150075,39459,36780,2423,39203,391
2022-01-12,Lake,033,64148,8011,7535,396,7931,117
2022-01-12,Lassen,035,31185,7467,7223,543,7766,55
2022-01-12,Los Angeles,037,10098052,2243201,2005065,98592,2103657,27601
2022-01-12,Madera,039,155013,28824,26952,3192,30144,329
2022-01-12,Marin,041,260295,26985,24704,1503,26207,251
2022-01-12,Mariposa,043,17540,1900,1725,79,1804,6
2022-01-12,Mendocino,045,87422,10199,9379,1210,10589,103
2022-01-12,Merced,047,269075,51731,48441,3758,52199,710
2022-01-12,Modoc,049,8938,633,627,216,843,6
2022-01-12,Mono,051,14174,2666,2466,86,2552,4
2022-01-12,Monterey,053,433212,61505,54524,6276,60800,647
2022-01-12,Napa,055,140530,19962,17347,520,17867,109
2022-01-12,Nevada,057,99092,12728,11552,643,12195,111
2022-01-12,Orange,059,3164182,464696,425737,33431,459168,5912
2022-01-12,Placer,061,380077,51121,47004,5594,52598,501
2022-01-12,Plumas,063,18699,2311,2135,108,2243,12
2022-01-12,Riverside,065,2383286,498167,458881,22765,481646,5565
2022-01-12,Sacramento,067,1510023,225475,204696,14057,218753,2479
2022-01-12,San Benito,069,59416,10418,9737,316,10053,87
2022-01-12,San Bernardino,071,2135413,494290,447869,19509,467378,6222
2022-01-12,San Diego,073,3302833,601669,551669,39149,590818,4529
2022-01-12,San Francisco,075,870044,96701,85700,5679,91379,691
2022-01-12,San Joaquin,077,732212,134068,122850,7592,130442,1948
2022-01-12,San Luis Obispo,079,281455,41116,37727,2434,40161,373
2022-01-12,San Mateo,081,765935,94354,78476,3804,82280,582
2022-01-12,Santa Barbara,083,443738,66282,60815,2891,63706,578
2022-01-12,Santa Clara,085,1922200,238538,213177,7020,220197,1971
2022-01-12,Santa Cruz,087,273765,31624,28463,1581,30044,235
2022-01-12,Shasta,089,179085,25412,24324,4381,28705,446
2022-01-12,Sierra,091,2930,247,228,28,256,0
2022-01-12,Siskiyou,093,43540,3786,3639,1762,5401,62
2022-01-12,Solano,095,438530,63074,57052,3397,60449,386
2022-01-12,Sonoma,097,501317,63064,56394,1549,57943,417
2022-01-12,Stanislaus,099,539301,97031,91738,12087,103825,1373
2022-01-12,Sutter,101,95872,16993,16135,781,16916,197
2022-01-12,Tehama,103,63373,10013,9475,1926,11401,141
2022-01-12,Trinity,105,12862,985,868,238,1106,19
2022-01-12,Tulare,107,460477,83184,76943,19904,96847,1192
2022-01-12,Tuolumne,109,53932,9601,8870,200,9070,91
2022-01-12,Ventura,111,848112,144904,132180,7912,140092,1220
2022-01-12,Yolo,113,214977,29427,26888,1914,28802,270
2022-01-12,Yuba,115,75493,12823,12015,624,12639,101
2022-01-11,Alameda,001,1643700,189468,169181,8037,177218,1561
2022-01-11,Alpine,002,1148,115,116,0,116,0
2022-01-11,Amador,005,37829,6675,6317,151,6468,71
2022-01-11,Butte,007,227075,26370,24479,5086,29565,347
2022-01-11,Calaveras,009,45235,5561,5083,113,5196,93
2022-01-11,Colusa,011,21464,2872,2766,831,3597,21
2022-01-11,Contra Costa,013,1133247,146869,132410,7137,139547,1077
2022-01-11,Del Norte,015,27424,4138,4006,81,4087,43
2022-01-11,El Dorado,017,186661,21950,19842,2327,22169,174
2022-01-11,Fresno,019,978130,175684,163509,16525,180034,2404
2022-01-11,Glenn,021,27897,4048,3844,1232,5076,39
2022-01-11,Humboldt,023,135768,13125,11960,1485,13445,122
2022-01-11,Imperial,025,180216,44200,41444,6431,47875,813
2022-01-11,Inyo,027,18085,3490,3278,97,3375,49
2022-01-11,Kern,029,883053,157762,146942,32549,179491,1929
2022-01-11,Kings,031,150075,38871,36524,2392,38916,389
2022-01-11,Lake,033,64148,7933,7494,380,7874,117
2022-01-11,Lassen,035,31185,7417,7210,529,7739,55
2022-01-11,Los Angeles,037,10098052,2200687,1966319,96346,2062665,27563
2022-01-11,Madera,039,155013,28409,26688,3113,29801,329
2022-01-11,Marin,041,260295,26628,24387,1458,25845,251
2022-01-11,Mariposa,043,17540,1878,1718,75,1793,6
2022-01-11,Mendocino,045,87422,10038,9301,1112,10413,102
2022-01-11,Merced,047,269075,50945,48068,3574,51642,708
2022-01-11,Modoc,049,8938,632,626,215,841,6
2022-01-11,Mono,051,14174,2623,2425,85,2510,4
2022-01-11,Monterey,053,433212,60462,53911,5928,59839,646
2022-01-11,Napa,055,140530,19523,17020,473,17493,109
2022-01-11,Nevada,057,99092,12503,11467,607,12074,110
2022-01-11,Orange,059,3164182,457021,417703,32788,450491,5909
2022-01-11,Placer,061,380077,50367,46459,5453,51912,500
2022-01-11,Plumas,063,18699,2276,2099,100,2199,12
2022-01-11,Riverside,065,2383286,490432,453766,22448,476214,5551
2022-01-11,Sacramento,067,1510023,221291,201058,13029,214087,2489
2022-01-11,San Benito,069,59416,10239,9624,300,9924,83
2022-01-11,San Bernardino,071,2135413,486320,442960,18899,461859,6198
2022-01-11,San Diego,073,3302833,589670,536954,38031,574985,4520
2022-01-11,San Francisco,075,870044,94502,83678,5523,89201,691
2022-01-11,San Joaquin,077,732212,131669,121139,7421,128560,1944
2022-01-11,San Luis Obispo,079,281455,40341,37183,2315,39498,372
2022-01-11,San Mateo,081,765935,92057,76756,3582,80338,582
2022-01-11,Santa Barbara,083,443738,64977,59758,2754,62512,578
2022-01-11,Santa Clara,085,1922200,232914,208425,6567,214992,1971
2022-01-11,Santa Cruz,087,273765,31114,27709,1531,29240,232
2022-01-11,Shasta,089,179085,25154,24132,4288,28420,446
2022-01-11,Sierra,091,2930,245,228,28,256,0
2022-01-11,Siskiyou,093,43540,3762,3621,1712,5333,62
2022-01-11,Solano,095,438530,61670,56349,3243,59592,388
2022-01-11,Sonoma,097,501317,61545,55411,1469,56880,416
2022-01-11,Stanislaus,099,539301,95659,90998,11714,102712,1372
2022-01-11,Sutter,101,95872,16795,15993,727,16720,197
2022-01-11,Tehama,103,63373,9886,9406,1878,11284,140
2022-01-11,Trinity,105,12862,973,858,236,1094,19
2022-01-11,Tulare,107,460477,81884,76267,19505,95772,1188
2022-01-11,Tuolumne,109,53932,9441,8811,193,9004,91
2022-01-11,Ventura,111,848112,142673,129548,7766,137314,1220
2022-01-11,Yolo,113,214977,28857,26482,1853,28335,270
2022-01-11,Yuba,115,75493,12648,11912,603,12515,101
2022-01-10,Alameda,001,1643700,184408,165657,7516,173173,1559
2022-01-10,Alpine,002,1148,115,116,0,116,0
2022-01-10,Amador,005,37829,6572,6279,136,6415,71
2022-01-10,Butte,007,227075,26028,24217,4989,29206,347
2022-01-10,Calaveras,009,45235,5463,5025,107,5132,93
2022-01-10,Colusa,011,21464,2842,2758,822,3580,21
2022-01-10,Contra Costa,013,1133247,143972,129951,6615,136566,1077
2022-01-10,Del Norte,015,27424,4115,3970,81,4051,43
2022-01-10,El Dorado,017,186661,21412,19606,2272,21878,172
2022-01-10,Fresno,019,978130,172387,161593,16080,177673,2404
2022-01-10,Glenn,021,27897,3989,3807,1218,5025,39
2022-01-10,Humboldt,023,135768,12884,11778,1352,13130,121
2022-01-10,Imperial,025,180216,43472,41080,6213,47293,811
2022-01-10,Inyo,027,18085,3435,3227,85,3312,49
2022-01-10,Kern,029,883053,155193,145744,31806,177550,1929
2022-01-10,Kings,031,150075,38249,36286,2366,38652,389
2022-01-10,Lake,033,64148,7844,7416,356,7772,117
2022-01-10,Lassen,035,31185,7379,7192,507,7699,55
2022-01-10,Los Angeles,037,10098052,2155104,1932475,93859,2026334,27546
2022-01-10,Madera,039,155013,27958,26501,3011,29512,328
2022-01-10,Marin,041,260295,26138,24023,1385,25408,251
2022-01-10,Mariposa,043,17540,1838,1684,70,1754,6
2022-01-10,Mendocino,045,87422,9865,9163,1025,10188,101
2022-01-10,Merced,047,269075,50113,47632,3283,50915,707
2022-01-10,Modoc,049,8938,631,622,213,835,6
2022-01-10,Mono,051,14174,2557,2415,80,2495,4
2022-01-10,Monterey,053,433212,59506,53485,5610,59095,645
2022-01-10,Napa,055,140530,19146,16775,459,17234,109
2022-01-10,Nevada,057,99092,12279,11300,569,11869,110
2022-01-10,Orange,059,3164182,448320,406170,31921,438091,5906
2022-01-10,Placer,061,380077,49523,45642,5289,50931,498
2022-01-10,Plumas,063,18699,2241,2086,98,2184,12
2022-01-10,Riverside,065,2383286,482168,445536,21999,467535,5546
2022-01-10,Sacramento,067,1510023,216772,198023,11980,210003,2474
2022-01-10,San Benito,069,59416,10067,9467,290,9757,83
2022-01-10,San Bernardino,071,2135413,477821,437207,18172,455379,6184
2022-01-10,San Diego,073,3302833,576983,530506,36889,567395,4500
2022-01-10,San Francisco,075,870044,92709,82209,5264,87473,690
2022-01-10,San Joaquin,077,732212,128972,119587,7137,126724,1927
2022-01-10,San Luis Obispo,079,281455,39523,36618,2220,38838,371
2022-01-10,San Mateo,081,765935,89410,75210,3327,78537,582
2022-01-10,Santa Barbara,083,443738,63716,58957,2565,61522,578
2022-01-10,Santa Clara,085,1922200,226852,203540,6090,209630,1971
2022-01-10,Santa Cruz,087,273765,30273,26906,1493,28399,232
2022-01-10,Shasta,089,179085,24957,23983,4211,28194,446
2022-01-10,Sierra,091,2930,242,223,28,251,0
2022-01-10,Siskiyou,093,43540,3729,3592,1668,5260,62
2022-01-10,Solano,095,438530,60628,55663,3047,58710,385
2022-01-10,Sonoma,097,501317,59996,54478,1423,55901,412
2022-01-10,Stanislaus,099,539301,94316,89997,11363,101360,1372
2022-01-10,Sutter,101,95872,16551,15823,681,16504,196
2022-01-10,Tehama,103,63373,9772,9360,1823,11183,140
2022-01-10,Trinity,105,12862,969,849,234,1083,19
2022-01-10,Tulare,107,460477,80391,75498,19130,94628,1186
2022-01-10,Tuolumne,109,53932,9316,8685,181,8866,91
2022-01-10,Ventura,111,848112,140072,126240,7616,133856,1217
2022-01-10,Yolo,113,214977,28265,26065,1800,27865,270
2022-01-10,Yuba,115,75493,12400,11776,569,12345,101
2022-01-09,Alameda,001,1643700,179911,162701,6849,169550,1561
2022-01-09,Alpine,002,1148,115,116,0,116,0
2022-01-09,Amador,005,37829,6484,6215,124,6339,71
2022-01-09,Butte,007,227075,25633,24018,4868,28886,347
2022-01-09,Calaveras,009,45235,5332,4976,98,5074,93
2022-01-09,Colusa,011,21464,2814,2750,799,3549,21
2022-01-09,Contra Costa,013,1133247,140961,128050,5947,133997,1077
2022-01-09,Del Norte,015,27424,4077,3950,77,4027,43
2022-01-09,El Dorado,017,186661,21045,19430,2207,21637,172
2022-01-09,Fresno,019,978130,169549,159989,15657,175646,2405
2022-01-09,Glenn,021,27897,3932,3797,1196,4993,39
2022-01-09,Humboldt,023,135768,12640,11582,1230,12812,121
2022-01-09,Imperial,025,180216,42636,40608,5953,46561,811
2022-01-09,Inyo,027,18085,3332,3149,76,3225,49
2022-01-09,Kern,029,883053,152741,144819,31066,175885,1927
2022-01-09,Kings,031,150075,37574,36041,2329,38370,389
2022-01-09,Lake,033,64148,7733,7393,312,7705,117
2022-01-09,Lassen,035,31185,7315,7172,478,7650,55
2022-01-09,Los Angeles,037,10098052,2107016,1887830,90806,1978636,27532
2022-01-09,Madera,039,155013,27577,26325,2914,29239,328
2022-01-09,Marin,041,260295,25686,23708,1295,25003,251
2022-01-09,Mariposa,043,17540,1788,1660,69,1729,6
2022-01-09,Mendocino,045,87422,9657,9097,914,10011,101
2022-01-09,Merced,047,269075,49230,47294,3007,50301,706
2022-01-09,Modoc,049,8938,629,619,213,832,6
2022-01-09,Mono,051,14174,2522,2390,73,2463,4
2022-01-09,Monterey,053,433212,58442,53251,5342,58593,645
2022-01-09,Napa,055,140530,18651,16614,443,17057,109
2022-01-09,Nevada,057,99092,12021,11152,508,11660,110
2022-01-09,Orange,059,3164182,438318,400563,30960,431523,5905
2022-01-09,Placer,061,380077,48526,45081,5139,50220,498
2022-01-09,Plumas,063,18699,2202,2081,78,2159,12
2022-01-09,Riverside,065,2383286,473172,440413,21457,461870,5546
2022-01-09,Sacramento,067,1510023,211972,195444,10862,206306,2475
2022-01-09,San Benito,069,59416,9881,9363,262,9625,83
2022-01-09,San Bernardino,071,2135413,469308,430257,17355,447612,6180
2022-01-09,San Diego,073,3302833,563868,478206,35031,513237,4500
2022-01-09,San Francisco,075,870044,90835,80463,5018,85481,690
2022-01-09,San Joaquin,077,732212,125873,118422,6970,125392,1927
2022-01-09,San Luis Obispo,079,281455,38718,36291,2114,38405,371
2022-01-09,San Mateo,081,765935,86893,73867,3001,76868,582
2022-01-09,Santa Barbara,083,443738,62031,58280,2303,60583,578
2022-01-09,Santa Clara,085,1922200,220473,199889,5554,205443,1976
2022-01-09,Santa Cruz,087,273765,29523,26513,1461,27974,232
2022-01-09,Shasta,089,179085,24717,23926,4124,28050,446
2022-01-09,Sierra,091,2930,239,223,26,249,0
2022-01-09,Siskiyou,093,43540,3700,3580,1609,5189,62
2022-01-09,Solano,095,438530,59471,54985,2766,57751,384
2022-01-09,Sonoma,097,501317,58321,53543,1386,54929,412
2022-01-09,Stanislaus,099,539301,92941,89248,11066,100314,1372
2022-01-09,Sutter,101,95872,16263,15695,601,16296,196
2022-01-09,Tehama,103,63373,9654,9306,1772,11078,140
2022-01-09,Trinity,105,12862,965,848,232,1080,19
2022-01-09,Tulare,107,460477,78979,75085,18756,93841,1186
2022-01-09,Tuolumne,109,53932,9158,8595,162,8757,91
2022-01-09,Ventura,111,848112,137018,124269,7373,131642,1217
2022-01-09,Yolo,113,214977,27657,25632,1755,27387,270
2022-01-09,Yuba,115,75493,12202,11666,538,12204,101
2022-01-08,Alameda,001,1643700,178011,148560,6707,155267,1558
2022-01-08,Alpine,002,1148,115,114,0,114,0
2022-01-08,Amador,005,37829,6453,6091,119,6210,71
2022-01-08,Butte,007,227075,25442,23429,4827,28256,347
2022-01-08,Calaveras,009,45235,5286,4823,94,4917,93
2022-01-08,Colusa,011,21464,2806,2713,796,3509,21
2022-01-08,Contra Costa,013,1133247,139393,119907,5864,125771,1077
2022-01-08,Del Norte,015,27424,4060,3902,77,3979,43
2022-01-08,El Dorado,017,186661,20859,18599,2173,20772,172
2022-01-08,Fresno,019,978130,168601,155394,15515,170909,2393
2022-01-08,Glenn,021,27897,3924,3732,1191,4923,39
2022-01-08,Humboldt,023,135768,12516,11149,1204,12353,121
2022-01-08,Imperial,025,180216,42448,39429,5811,45240,800
2022-01-08,Inyo,027,18085,3318,3020,73,3093,49
2022-01-08,Kern,029,883053,151604,140410,30635,171045,1921
2022-01-08,Kings,031,150075,37333,35275,2312,37587,390
2022-01-08,Lake,033,64148,7693,7209,304,7513,117
2022-01-08,Lassen,035,31185,7285,7127,462,7589,55
2022-01-08,Los Angeles,037,10098052,2088611,1765787,89074,1854861,27476
2022-01-08,Madera,039,155013,27410,25767,2876,28643,328
2022-01-08,Marin,041,260295,25403,22377,1284,23661,251
2022-01-08,Mariposa,043,17540,1778,1588,69,1657,6
2022-01-08,Mendocino,045,87422,9583,8792,912,9704,101
2022-01-08,Merced,047,269075,49050,46094,2983,49077,703
2022-01-08,Modoc,049,8938,629,610,213,823,6
2022-01-08,Mono,051,14174,2511,2240,68,2308,4
2022-01-08,Monterey,053,433212,58055,51721,5249,56970,644
2022-01-08,Napa,055,140530,18498,15819,417,16236,109
2022-01-08,Nevada,057,99092,11936,10765,495,11260,110
2022-01-08,Orange,059,3164182,434520,375124,30101,405225,5903
2022-01-08,Placer,061,380077,48082,43172,5097,48269,495
2022-01-08,Plumas,063,18699,2192,2053,73,2126,12
2022-01-08,Riverside,065,2383286,469654,422591,21189,443780,5535
2022-01-08,Sacramento,067,1510023,210531,185118,10704,195822,2470
2022-01-08,San Benito,069,59416,9719,9016,259,9275,83
2022-01-08,San Bernardino,071,2135413,465814,411724,16954,428678,6122
2022-01-08,San Diego,073,3302833,558970,472273,34482,506755,4495
2022-01-08,San Francisco,075,870044,89635,73660,4739,78399,690
2022-01-08,San Joaquin,077,732212,124890,112514,6871,119385,1916
2022-01-08,San Luis Obispo,079,281455,38515,34489,2071,36560,369
2022-01-08,San Mateo,081,765935,85507,67918,2914,70832,582
2022-01-08,Santa Barbara,083,443738,61336,54617,2269,56886,575
2022-01-08,Santa Clara,085,1922200,217209,183842,5317,189159,1966
2022-01-08,Santa Cruz,087,273765,29096,24678,1441,26119,230
2022-01-08,Shasta,089,179085,24625,23585,4093,27678,445
2022-01-08,Sierra,091,2930,235,215,25,240,0
2022-01-08,Siskiyou,093,43540,3688,3545,1595,5140,62
2022-01-08,Solano,095,438530,59062,52452,2694,55146,383
2022-01-08,Sonoma,097,501317,57798,50130,1352,51482,411
2022-01-08,Stanislaus,099,539301,92301,87049,10943,97992,1372
2022-01-08,Sutter,101,95872,16144,15261,588,15849,195
2022-01-08,Tehama,103,63373,9623,9109,1764,10873,140
2022-01-08,Trinity,105,12862,959,836,232,1068,19
2022-01-08,Tulare,107,460477,78580,73600,18620,92220,1185
2022-01-08,Tuolumne,109,53932,9052,8360,159,8519,91
2022-01-08,Ventura,111,848112,135848,117229,7239,124468,1216
2022-01-08,Yolo,113,214977,27365,24006,1727,25733,270
2022-01-08,Yuba,115,75493,12114,11277,535,11812,101
2022-01-07,Alameda,001,1643700,175316,148560,6590,155150,1558
2022-01-07,Alpine,002,1148,115,114,0,114,0
2022-01-07,Amador,005,37829,6404,6091,116,6207,71
2022-01-07,Butte,007,227075,25236,23429,4794,28223,347
2022-01-07,Calaveras,009,45235,5247,4823,94,4917,93
2022-01-07,Colusa,011,21464,2797,2713,785,3498,21
2022-01-07,Contra Costa,013,1133247,137440,119907,5740,125647,1077
2022-01-07,Del Norte,015,27424,4044,3902,76,3978,43
2022-01-07,El Dorado,017,186661,20674,18599,2160,20759,172
2022-01-07,Fresno,019,978130,167116,155394,15410,170804,2393
2022-01-07,Glenn,021,27897,3904,3732,1188,4920,39
2022-01-07,Humboldt,023,135768,12371,11149,1177,12326,121
2022-01-07,Imperial,025,180216,42290,39429,5728,45157,800
2022-01-07,Inyo,027,18085,3299,3020,71,3091,49
2022-01-07,Kern,029,883053,150631,140410,30190,170600,1921
2022-01-07,Kings,031,150075,37152,35275,2298,37573,390
2022-01-07,Lake,033,64148,7645,7209,279,7488,117
2022-01-07,Lassen,035,31185,7268,7127,459,7586,55
2022-01-07,Los Angeles,037,10098052,2057420,1765787,87620,1853407,27476
2022-01-07,Madera,039,155013,27226,25767,2839,28606,328
2022-01-07,Marin,041,260295,25023,22377,1266,23643,251
2022-01-07,Mariposa,043,17540,1762,1588,69,1657,6
2022-01-07,Mendocino,045,87422,9490,8792,911,9703,101
2022-01-07,Merced,047,269075,48877,46094,2959,49053,703
2022-01-07,Modoc,049,8938,628,610,213,823,6
2022-01-07,Mono,051,14174,2473,2240,62,2302,4
2022-01-07,Monterey,053,433212,57634,51721,5154,56875,644
2022-01-07,Napa,055,140530,18271,15819,398,16217,109
2022-01-07,Nevada,057,99092,11806,10765,474,11239,110
2022-01-07,Orange,059,3164182,429706,375124,29481,404605,5903
2022-01-07,Placer,061,380077,47576,43172,5048,48220,495
2022-01-07,Plumas,063,18699,2183,2053,72,2125,12
2022-01-07,Riverside,065,2383286,465825,422591,20960,443551,5535
2022-01-07,Sacramento,067,1510023,208258,185118,10551,195669,2470
2022-01-07,San Benito,069,59416,9673,9016,258,9274,83
2022-01-07,San Bernardino,071,2135413,461687,411724,16725,428449,6122
2022-01-07,San Diego,073,3302833,551863,472273,33934,506207,4495
2022-01-07,San Francisco,075,870044,88188,73660,4485,78145,690
2022-01-07,San Joaquin,077,732212,123928,112514,6810,119324,1916
2022-01-07,San Luis Obispo,079,281455,38300,34489,2016,36505,369
2022-01-07,San Mateo,081,765935,84040,67918,2855,70773,582
2022-01-07,Santa Barbara,083,443738,60641,54617,2248,56865,575
2022-01-07,Santa Clara,085,1922200,213736,183842,5202,189044,1966
2022-01-07,Santa Cruz,087,273765,28616,24678,1425,26103,230
2022-01-07,Shasta,089,179085,24526,23585,4059,27644,445
2022-01-07,Sierra,091,2930,232,215,25,240,0
2022-01-07,Siskiyou,093,43540,3677,3545,1583,5128,62
2022-01-07,Solano,095,438530,58377,52452,2649,55101,383
2022-01-07,Sonoma,097,501317,57195,50130,1267,51397,411
2022-01-07,Stanislaus,099,539301,91775,87049,10842,97891,1372
2022-01-07,Sutter,101,95872,15994,15261,575,15836,195
2022-01-07,Tehama,103,63373,9587,9109,1751,10860,140
2022-01-07,Trinity,105,12862,952,836,231,1067,19
2022-01-07,Tulare,107,460477,78152,73600,18480,92080,1185
2022-01-07,Tuolumne,109,53932,8964,8360,155,8515,91
2022-01-07,Ventura,111,848112,134222,117229,7103,124332,1216
2022-01-07,Yolo,113,214977,26993,24006,1708,25714,270
2022-01-07,Yuba,115,75493,12008,11277,530,11807,101
2022-01-06,Alameda,001,1643700,170065,148560,6175,154735,1558
2022-01-06,Alpine,002,1148,114,114,0,114,0
2022-01-06,Amador,005,37829,6353,6091,111,6202,71
2022-01-06,Butte,007,227075,24943,23429,4710,28139,347
2022-01-06,Calaveras,009,45235,5130,4823,92,4915,93
2022-01-06,Colusa,011,21464,2778,2713,777,3490,21
2022-01-06,Contra Costa,013,1133247,134310,119907,5319,125226,1077
2022-01-06,Del Norte,015,27424,4010,3902,74,3976,43
2022-01-06,El Dorado,017,186661,20333,18599,2124,20723,172
2022-01-06,Fresno,019,978130,164775,155394,15136,170530,2393
2022-01-06,Glenn,021,27897,3877,3732,1162,4894,39
2022-01-06,Humboldt,023,135768,12143,11149,1136,12285,121
2022-01-06,Imperial,025,180216,41706,39429,5527,44956,800
2022-01-06,Inyo,027,18085,3261,3020,71,3091,49
2022-01-06,Kern,029,883053,148961,140410,29524,169934,1921
2022-01-06,Kings,031,150075,36827,35275,2273,37548,390
2022-01-06,Lake,033,64148,7571,7209,268,7477,117
2022-01-06,Lassen,035,31185,7245,7127,453,7580,55
2022-01-06,Los Angeles,037,10098052,2003226,1765787,85274,1851061,27476
2022-01-06,Madera,039,155013,26921,25767,2781,28548,328
2022-01-06,Marin,041,260295,24620,22377,1234,23611,251
2022-01-06,Mariposa,043,17540,1743,1588,69,1657,6
2022-01-06,Mendocino,045,87422,9394,8792,872,9664,101
2022-01-06,Merced,047,269075,48316,46094,2813,48907,703
2022-01-06,Modoc,049,8938,627,610,213,823,6
2022-01-06,Mono,051,14174,2450,2240,59,2299,4
2022-01-06,Monterey,053,433212,56910,51721,4903,56624,644
2022-01-06,Napa,055,140530,17875,15819,389,16208,109
2022-01-06,Nevada,057,99092,11608,10765,462,11227,110
2022-01-06,Orange,059,3164182,420248,375124,28728,403852,5903
2022-01-06,Placer,061,380077,46835,43172,4964,48136,495
2022-01-06,Plumas,063,18699,2165,2053,64,2117,12
2022-01-06,Riverside,065,2383286,458354,422591,20672,443263,5535
2022-01-06,Sacramento,067,1510023,204200,185118,9814,194932,2470
2022-01-06,San Benito,069,59416,9571,9016,251,9267,83
2022-01-06,San Bernardino,071,2135413,454005,411724,16236,427960,6122
2022-01-06,San Diego,073,3302833,540234,472273,32932,505205,4495
2022-01-06,San Francisco,075,870044,85857,73660,4230,77890,690
2022-01-06,San Joaquin,077,732212,121734,112514,6727,119241,1916
2022-01-06,San Luis Obispo,079,281455,37601,34489,1946,36435,369
2022-01-06,San Mateo,081,765935,81614,67918,2674,70592,582
2022-01-06,Santa Barbara,083,443738,59473,54617,2189,56806,575
2022-01-06,Santa Clara,085,1922200,208666,183842,4811,188653,1966
2022-01-06,Santa Cruz,087,273765,28054,24678,1401,26079,230
2022-01-06,Shasta,089,179085,24378,23585,4009,27594,445
2022-01-06,Sierra,091,2930,229,215,25,240,0
2022-01-06,Siskiyou,093,43540,3661,3545,1537,5082,62
2022-01-06,Solano,095,438530,57362,52452,2464,54916,383
2022-01-06,Sonoma,097,501317,55803,50130,1234,51364,411
2022-01-06,Stanislaus,099,539301,90626,87049,10671,97720,1372
2022-01-06,Sutter,101,95872,15817,15261,547,15808,195
2022-01-06,Tehama,103,63373,9508,9109,1724,10833,140
2022-01-06,Trinity,105,12862,945,836,230,1066,19
2022-01-06,Tulare,107,460477,77446,73600,18312,91912,1185
2022-01-06,Tuolumne,109,53932,8852,8360,149,8509,91
2022-01-06,Ventura,111,848112,131538,117229,6943,124172,1216
2022-01-06,Yolo,113,214977,26438,24006,1663,25669,270
2022-01-06,Yuba,115,75493,11873,11277,513,11790,101
2022-01-05,Alameda,001,1643700,164960,144824,5750,150574,1548
2022-01-05,Alpine,002,1148,114,112,0,112,0
2022-01-05,Amador,005,37829,6310,6012,108,6120,70
2022-01-05,Butte,007,227075,24629,23134,4648,27782,343
2022-01-05,Calaveras,009,45235,5075,4758,90,4848,90
2022-01-05,Colusa,011,21464,2764,2704,766,3470,21
2022-01-05,Contra Costa,013,1133247,131034,117188,4865,122053,1071
2022-01-05,Del Norte,015,27424,3990,3862,72,3934,43
2022-01-05,El Dorado,017,186661,19938,18367,2094,20461,171
2022-01-05,Fresno,019,978130,162551,153033,14834,167867,2377
2022-01-05,Glenn,021,27897,3828,3700,1152,4852,39
2022-01-05,Humboldt,023,135768,11940,10938,1088,12026,120
2022-01-05,Imperial,025,180216,41080,38789,5375,44164,800
2022-01-05,Inyo,027,18085,3179,2939,67,3006,49
2022-01-05,Kern,029,883053,147176,138186,28954,167140,1913
2022-01-05,Kings,031,150075,36482,34893,2254,37147,387
2022-01-05,Lake,033,64148,7488,7129,252,7381,117
2022-01-05,Lassen,035,31185,7225,7077,445,7522,55
2022-01-05,Los Angeles,037,10098052,1946878,1729640,82900,1812540,27443
2022-01-05,Madera,039,155013,26681,25392,2688,28080,327
2022-01-05,Marin,041,260295,24273,21829,1185,23014,251
2022-01-05,Mariposa,043,17540,1717,1564,68,1632,6
2022-01-05,Mendocino,045,87422,9263,8625,837,9462,101
2022-01-05,Merced,047,269075,47645,45721,2677,48398,700
2022-01-05,Modoc,049,8938,624,603,213,816,6
2022-01-05,Mono,051,14174,2431,2201,55,2256,4
2022-01-05,Monterey,053,433212,56085,51241,4706,55947,639
2022-01-05,Napa,055,140530,17513,15494,359,15853,108
2022-01-05,Nevada,057,99092,11412,10624,445,11069,110
2022-01-05,Orange,059,3164182,410196,366139,27655,393794,5869
2022-01-05,Placer,061,380077,45951,42456,4871,47327,492
2022-01-05,Plumas,063,18699,2145,2020,62,2082,12
2022-01-05,Riverside,065,2383286,450908,415253,20321,435574,5502
2022-01-05,Sacramento,067,1510023,199418,181488,8856,190344,2455
2022-01-05,San Benito,069,59416,9376,8829,238,9067,83
2022-01-05,San Bernardino,071,2135413,445239,405323,15677,421000,6085
2022-01-05,San Diego,073,3302833,526661,466602,31951,498553,4495
2022-01-05,San Francisco,075,870044,83279,71405,4092,75497,686
2022-01-05,San Joaquin,077,732212,119196,110497,6648,117145,1903
2022-01-05,San Luis Obispo,079,281455,36804,34066,1869,35935,369
2022-01-05,San Mateo,081,765935,79423,66018,2476,68494,578
2022-01-05,Santa Barbara,083,443738,58166,53082,2110,55192,570
2022-01-05,Santa Clara,085,1922200,202696,178629,4397,183026,1961
2022-01-05,Santa Cruz,087,273765,27299,24394,1380,25774,229
2022-01-05,Shasta,089,179085,24222,23361,3980,27341,441
2022-01-05,Sierra,091,2930,226,210,23,233,0
2022-01-05,Siskiyou,093,43540,3651,3513,1508,5021,60
2022-01-05,Solano,095,438530,56316,51505,2329,53834,380
2022-01-05,Sonoma,097,501317,54536,49120,1077,50197,412
2022-01-05,Stanislaus,099,539301,89631,86248,10499,96747,1360
2022-01-05,Sutter,101,95872,15616,15117,508,15625,193
2022-01-05,Tehama,103,63373,9411,9011,1693,10704,140
2022-01-05,Trinity,105,12862,941,822,228,1050,19
2022-01-05,Tulare,107,460477,76665,72718,18141,90859,1173
2022-01-05,Tuolumne,109,53932,8759,8223,142,8365,90
2022-01-05,Ventura,111,848112,128787,114752,6735,121487,1211
2022-01-05,Yolo,113,214977,25829,23401,1623,25024,269
2022-01-05,Yuba,115,75493,11691,11138,487,11625,100
2022-01-04,Alameda,001,1643700,159334,143360,5346,148706,1532
2022-01-04,Alpine,002,1148,114,113,0,113,0
2022-01-04,Amador,005,37829,6243,6025,102,6127,71
2022-01-04,Butte,007,227075,24330,23094,4577,27671,346
2022-01-04,Calaveras,009,45235,5001,4767,87,4854,93
2022-01-04,Colusa,011,21464,2747,2689,760,3449,21
2022-01-04,Contra Costa,013,1133247,127676,116005,4496,120501,1075
2022-01-04,Del Norte,015,27424,3958,3882,69,3951,43
2022-01-04,El Dorado,017,186661,19585,18339,2073,20412,172
2022-01-04,Fresno,019,978130,160183,153244,14565,167809,2380
2022-01-04,Glenn,021,27897,3799,3705,1137,4842,39
2022-01-04,Humboldt,023,135768,11693,10865,1038,11903,120
2022-01-04,Imperial,025,180216,40481,38596,5114,43710,800
2022-01-04,Inyo,027,18085,3096,2870,66,2936,49
2022-01-04,Kern,029,883053,145244,138245,28374,166619,1916
2022-01-04,Kings,031,150075,36160,34931,2237,37168,388
2022-01-04,Lake,033,64148,7447,7152,243,7395,117
2022-01-04,Lassen,035,31185,7202,7111,441,7552,55
2022-01-04,Los Angeles,037,10098052,1886897,1705253,80542,1785795,27419
2022-01-04,Madera,039,155013,26337,25425,2617,28042,328
2022-01-04,Marin,041,260295,23793,21675,1126,22801,251
2022-01-04,Mariposa,043,17540,1681,1564,67,1631,6
2022-01-04,Mendocino,045,87422,9140,8636,813,9449,101
2022-01-04,Merced,047,269075,47024,45583,2547,48130,700
2022-01-04,Modoc,049,8938,621,611,213,824,6
2022-01-04,Mono,051,14174,2382,2190,45,2235,4
2022-01-04,Monterey,053,433212,55353,51176,4481,55657,643
2022-01-04,Napa,055,140530,17009,15370,329,15699,107
2022-01-04,Nevada,057,99092,11254,10608,432,11040,110
2022-01-04,Orange,059,3164182,399428,362051,26487,388538,5897
2022-01-04,Placer,061,380077,45135,42285,4757,47042,494
2022-01-04,Plumas,063,18699,2119,2014,60,2074,12
2022-01-04,Riverside,065,2383286,442384,413366,19973,433339,5504
2022-01-04,Sacramento,067,1510023,194422,181271,8129,189400,2453
2022-01-04,San Benito,069,59416,9190,8763,230,8993,79
2022-01-04,San Bernardino,071,2135413,436046,404409,15138,419547,6060
2022-01-04,San Diego,073,3302833,510328,458499,30985,489484,4487
2022-01-04,San Francisco,075,870044,80425,70666,3949,74615,688
2022-01-04,San Joaquin,077,732212,116774,110374,6495,116869,1911
2022-01-04,San Luis Obispo,079,281455,35997,33788,1782,35570,371
2022-01-04,San Mateo,081,765935,77105,65157,2288,67445,582
2022-01-04,Santa Barbara,083,443738,56641,52449,2033,54482,574
2022-01-04,Santa Clara,085,1922200,196452,176854,3933,180787,1964
2022-01-04,Santa Cruz,087,273765,26538,23904,1345,25249,228
2022-01-04,Shasta,089,179085,24076,23366,3926,27292,442
2022-01-04,Sierra,091,2930,225,214,22,236,0
2022-01-04,Siskiyou,093,43540,3636,3509,1489,4998,61
2022-01-04,Solano,095,438530,55006,51300,2133,53433,383
2022-01-04,Sonoma,097,501317,52826,48653,957,49610,410
2022-01-04,Stanislaus,099,539301,88571,86107,10329,96436,1361
2022-01-04,Sutter,101,95872,15463,15032,484,15516,193
2022-01-04,Tehama,103,63373,9333,9020,1671,10691,140
2022-01-04,Trinity,105,12862,936,833,224,1057,18
2022-01-04,Tulare,107,460477,75879,72893,17941,90834,1172
2022-01-04,Tuolumne,109,53932,8647,8235,137,8372,91
2022-01-04,Ventura,111,848112,125728,114079,6505,120584,1213
2022-01-04,Yolo,113,214977,25184,22938,1578,24516,270
2022-01-04,Yuba,115,75493,11511,11104,471,11575,101
2022-01-03,Alameda,001,1643700,153201,142090,4911,147001,1529
2022-01-03,Alpine,002,1148,113,113,0,113,0
2022-01-03,Amador,005,37829,6181,6004,97,6101,71
2022-01-03,Butte,007,227075,24030,22924,4520,27444,345
2022-01-03,Calaveras,009,45235,4940,4742,81,4823,93
2022-01-03,Colusa,011,21464,2737,2683,753,3436,21
2022-01-03,Contra Costa,013,1133247,124230,114966,3906,118872,1073
2022-01-03,Del Norte,015,27424,3938,3873,65,3938,43
2022-01-03,El Dorado,017,186661,19198,18183,2043,20226,172
2022-01-03,Fresno,019,978130,157986,152674,14349,167023,2379
2022-01-03,Glenn,021,27897,3770,3703,1102,4805,39
2022-01-03,Humboldt,023,135768,11483,10784,990,11774,119
2022-01-03,Imperial,025,180216,39850,38411,4938,43349,800
2022-01-03,Inyo,027,18085,3027,2845,62,2907,49
2022-01-03,Kern,029,883053,143247,137773,27777,165550,1916
2022-01-03,Kings,031,150075,35836,34817,2208,37025,387
2022-01-03,Lake,033,64148,7345,7134,225,7359,117
2022-01-03,Lassen,035,31185,7184,7103,438,7541,55
2022-01-03,Los Angeles,037,10098052,1826023,1686203,77795,1763998,27394
2022-01-03,Madera,039,155013,26044,25323,2573,27896,320
2022-01-03,Marin,041,260295,23198,21532,1087,22619,251
2022-01-03,Mariposa,043,17540,1639,1559,67,1626,6
2022-01-03,Mendocino,045,87422,8991,8573,763,9336,101
2022-01-03,Merced,047,269075,46420,45459,2435,47894,696
2022-01-03,Modoc,049,8938,618,602,213,815,6
2022-01-03,Mono,051,14174,2304,2172,40,2212,4
2022-01-03,Monterey,053,433212,54526,51047,4275,55322,644
2022-01-03,Napa,055,140530,16500,15260,297,15557,107
2022-01-03,Nevada,057,99092,11090,10572,423,10995,110
2022-01-03,Orange,059,3164182,388242,358052,25253,383305,5894
2022-01-03,Placer,061,380077,44328,42054,4698,46752,489
2022-01-03,Plumas,063,18699,2100,2005,60,2065,12
2022-01-03,Riverside,065,2383286,433908,410155,19478,429633,5504
2022-01-03,Sacramento,067,1510023,189246,179992,7569,187561,2452
2022-01-03,San Benito,069,59416,9029,8688,223,8911,79
2022-01-03,San Bernardino,071,2135413,427130,401938,14668,416606,6056
2022-01-03,San Diego,073,3302833,494239,451154,30024,481178,4476
2022-01-03,San Francisco,075,870044,77615,69315,3699,73014,686
2022-01-03,San Joaquin,077,732212,114457,109757,6370,116127,1903
2022-01-03,San Luis Obispo,079,281455,35187,33667,1689,35356,367
2022-01-03,San Mateo,081,765935,74388,64470,2131,66601,582
2022-01-03,Santa Barbara,083,443738,55179,51912,1939,53851,571
2022-01-03,Santa Clara,085,1922200,190349,174215,3459,177674,1963
2022-01-03,Santa Cruz,087,273765,25730,23765,1313,25078,228
2022-01-03,Shasta,089,179085,23898,23301,3899,27200,440
2022-01-03,Sierra,091,2930,218,213,21,234,0
2022-01-03,Siskiyou,093,43540,3609,3500,1467,4967,61
2022-01-03,Solano,095,438530,53704,51030,1947,52977,380
2022-01-03,Sonoma,097,501317,51128,48391,861,49252,410
2022-01-03,Stanislaus,099,539301,87576,85793,10139,95932,1332
2022-01-03,Sutter,101,95872,15306,14973,464,15437,193
2022-01-03,Tehama,103,63373,9259,9005,1645,10650,140
2022-01-03,Trinity,105,12862,931,833,223,1056,18
2022-01-03,Tulare,107,460477,75183,72664,17736,90400,1167
2022-01-03,Tuolumne,109,53932,8510,8179,133,8312,91
2022-01-03,Ventura,111,848112,122561,112762,6266,119028,1211
2022-01-03,Yolo,113,214977,24505,22563,1514,24077,270
2022-01-03,Yuba,115,75493,11378,11037,452,11489,99
2022-01-02,Alameda,001,1643700,148638,133486,4420,137906,1528
2022-01-02,Alpine,002,1148,111,113,0,113,0
2022-01-02,Amador,005,37829,6113,5913,92,6005,70
2022-01-02,Butte,007,227075,23686,22469,4458,26927,341
2022-01-02,Calaveras,009,45235,4869,4668,73,4741,93
2022-01-02,Colusa,011,21464,2730,2659,742,3401,21
2022-01-02,Contra Costa,013,1133247,120644,109593,3467,113060,1073
2022-01-02,Del Norte,015,27424,3906,3841,63,3904,43
2022-01-02,El Dorado,017,186661,18860,17621,1992,19613,172
2022-01-02,Fresno,019,978130,156137,149927,14112,164039,2379
2022-01-02,Glenn,021,27897,3750,3663,1093,4756,39
2022-01-02,Humboldt,023,135768,11241,10381,914,11295,119
2022-01-02,Imperial,025,180216,39195,37672,4729,42401,800
2022-01-02,Inyo,027,18085,2957,2726,51,2777,49
2022-01-02,Kern,029,883053,141328,136123,27179,163302,1917
2022-01-02,Kings,031,150075,35512,34318,2173,36491,386
2022-01-02,Lake,033,64148,7274,7060,211,7271,117
2022-01-02,Lassen,035,31185,7168,7089,436,7525,55
2022-01-02,Los Angeles,037,10098052,1774807,1596123,74896,1671019,27371
2022-01-02,Madera,039,155013,25793,25002,2520,27522,320
2022-01-02,Marin,041,260295,22633,20475,1016,21491,249
2022-01-02,Mariposa,043,17540,1608,1509,65,1574,6
2022-01-02,Mendocino,045,87422,8867,8422,745,9167,101
2022-01-02,Merced,047,269075,45876,44769,2334,47103,694
2022-01-02,Modoc,049,8938,616,601,212,813,6
2022-01-02,Mono,051,14174,2275,2101,35,2136,4
2022-01-02,Monterey,053,433212,53900,50251,4065,54316,643
2022-01-02,Napa,055,140530,15960,14439,286,14725,107
2022-01-02,Nevada,057,99092,10901,10299,408,10707,110
2022-01-02,Orange,059,3164182,377211,339526,24090,363616,5890
2022-01-02,Placer,061,380077,43596,40857,4610,45467,489
2022-01-02,Plumas,063,18699,2083,1994,56,2050,12
2022-01-02,Riverside,065,2383286,425562,397124,18961,416085,5501
2022-01-02,Sacramento,067,1510023,185156,173562,6736,180298,2448
2022-01-02,San Benito,069,59416,8848,8320,208,8528,79
2022-01-02,San Bernardino,071,2135413,419016,386278,14111,400389,6051
2022-01-02,San Diego,073,3302833,479215,427087,28845,455932,4469
2022-01-02,San Francisco,075,870044,74662,64498,3458,67956,682
2022-01-02,San Joaquin,077,732212,112569,106640,6229,112869,1902
2022-01-02,San Luis Obispo,079,281455,34451,32342,1606,33948,365
2022-01-02,San Mateo,081,765935,71815,60504,1891,62395,581
2022-01-02,Santa Barbara,083,443738,53741,49555,1878,51433,568
2022-01-02,Santa Clara,085,1922200,184118,164547,3059,167606,1969
2022-01-02,Santa Cruz,087,273765,25060,22980,1280,24260,228
2022-01-02,Shasta,089,179085,23704,23161,3850,27011,435
2022-01-02,Sierra,091,2930,217,206,21,227,0
2022-01-02,Siskiyou,093,43540,3584,3474,1444,4918,61
2022-01-02,Solano,095,438530,52760,48957,1783,50740,379
2022-01-02,Sonoma,097,501317,49806,46040,824,46864,410
2022-01-02,Stanislaus,099,539301,86719,84367,10002,94369,1332
2022-01-02,Sutter,101,95872,15133,14741,445,15186,193
2022-01-02,Tehama,103,63373,9194,8944,1622,10566,139
2022-01-02,Trinity,105,12862,929,832,222,1054,17
2022-01-02,Tulare,107,460477,74517,71941,17541,89482,1160
2022-01-02,Tuolumne,109,53932,8404,8044,128,8172,91
2022-01-02,Ventura,111,848112,119638,107992,6045,114037,1211
2022-01-02,Yolo,113,214977,23828,21747,1448,23195,270
2022-01-02,Yuba,115,75493,11253,10844,436,11280,99
2022-01-01,Alameda,001,1643700,146758,133486,4162,137648,1528
2022-01-01,Alpine,002,1148,111,113,0,113,0
2022-01-01,Amador,005,37829,6077,5913,87,6000,70
2022-01-01,Butte,007,227075,23490,22469,4420,26889,341
2022-01-01,Calaveras,009,45235,4830,4668,71,4739,93
2022-01-01,Colusa,011,21464,2726,2659,732,3391,21
2022-01-01,Contra Costa,013,1133247,119272,109593,3340,112933,1073
2022-01-01,Del Norte,015,27424,3901,3841,63,3904,43
2022-01-01,El Dorado,017,186661,18710,17621,1977,19598,172
2022-01-01,Fresno,019,978130,155436,149927,14029,163956,2379
2022-01-01,Glenn,021,27897,3743,3663,1093,4756,39
2022-01-01,Humboldt,023,135768,11102,10381,893,11274,119
2022-01-01,Imperial,025,180216,39045,37672,4680,42352,800
2022-01-01,Inyo,027,18085,2928,2726,49,2775,49
2022-01-01,Kern,029,883053,140628,136123,26873,162996,1917
2022-01-01,Kings,031,150075,35370,34318,2146,36464,386
2022-01-01,Lake,033,64148,7236,7060,206,7266,117
2022-01-01,Lassen,035,31185,7162,7089,431,7520,55
2022-01-01,Los Angeles,037,10098052,1754654,1596123,72946,1669069,27371
2022-01-01,Madera,039,155013,25709,25002,2506,27508,320
2022-01-01,Marin,041,260295,22321,20475,975,21450,249
2022-01-01,Mariposa,043,17540,1597,1509,65,1574,6
2022-01-01,Mendocino,045,87422,8775,8422,739,9161,101
2022-01-01,Merced,047,269075,45743,44769,2320,47089,694
2022-01-01,Modoc,049,8938,613,601,212,813,6
2022-01-01,Mono,051,14174,2251,2101,30,2131,4
2022-01-01,Monterey,053,433212,53590,50251,3978,54229,643
2022-01-01,Napa,055,140530,15810,14439,271,14710,107
2022-01-01,Nevada,057,99092,10825,10299,401,10700,110
2022-01-01,Orange,059,3164182,372986,339526,23379,362905,5890
2022-01-01,Placer,061,380077,43291,40857,4543,45400,489
2022-01-01,Plumas,063,18699,2071,1994,56,2050,12
2022-01-01,Riverside,065,2383286,422055,397124,18759,415883,5501
2022-01-01,Sacramento,067,1510023,183879,173562,6477,180039,2448
2022-01-01,San Benito,069,59416,8756,8320,208,8528,79
2022-01-01,San Bernardino,071,2135413,415755,386278,13831,400109,6051
2022-01-01,San Diego,073,3302833,473265,427087,28326,455413,4469
2022-01-01,San Francisco,075,870044,73258,64498,3249,67747,682
2022-01-01,San Joaquin,077,732212,111862,106640,6156,112796,1902
2022-01-01,San Luis Obispo,079,281455,34247,32342,1597,33939,365
2022-01-01,San Mateo,081,765935,70349,60504,1742,62246,581
2022-01-01,Santa Barbara,083,443738,52999,49555,1842,51397,568
2022-01-01,Santa Clara,085,1922200,181047,164547,2863,167410,1969
2022-01-01,Santa Cruz,087,273765,24739,22980,1262,24242,228
2022-01-01,Shasta,089,179085,23618,23161,3832,26993,435
2022-01-01,Sierra,091,2930,216,206,21,227,0
2022-01-01,Siskiyou,093,43540,3581,3474,1434,4908,61
2022-01-01,Solano,095,438530,52491,48957,1724,50681,379
2022-01-01,Sonoma,097,501317,49412,46040,794,46834,410
2022-01-01,Stanislaus,099,539301,86312,84367,9915,94282,1332
2022-01-01,Sutter,101,95872,15056,14741,443,15184,193
2022-01-01,Tehama,103,63373,9161,8944,1610,10554,139
2022-01-01,Trinity,105,12862,926,832,222,1054,17
2022-01-01,Tulare,107,460477,74271,71941,17442,89383,1160
2022-01-01,Tuolumne,109,53932,8344,8044,125,8169,91
2022-01-01,Ventura,111,848112,118250,107992,5915,113907,1211
2022-01-01,Yolo,113,214977,23409,21747,1408,23155,270
2022-01-01,Yuba,115,75493,11187,10844,430,11274,99
2021-12-31,Alameda,001,1643700,145935,133486,4062,137548,1528
2021-12-31,Alpine,002,1148,111,113,0,113,0
2021-12-31,Amador,005,37829,6053,5913,86,5999,70
2021-12-31,Butte,007,227075,23383,22469,4384,26853,341
2021-12-31,Calaveras,009,45235,4797,4668,71,4739,93
2021-12-31,Colusa,011,21464,2717,2659,726,3385,21
2021-12-31,Contra Costa,013,1133247,118378,109593,3260,112853,1073
2021-12-31,Del Norte,015,27424,3892,3841,61,3902,43
2021-12-31,El Dorado,017,186661,18619,17621,1960,19581,172
2021-12-31,Fresno,019,978130,155119,149927,14006,163933,2379
2021-12-31,Glenn,021,27897,3742,3663,1091,4754,39
2021-12-31,Humboldt,023,135768,11014,10381,874,11255,119
2021-12-31,Imperial,025,180216,38913,37672,4664,42336,800
2021-12-31,Inyo,027,18085,2901,2726,48,2774,49
2021-12-31,Kern,029,883053,140120,136123,26736,162859,1917
2021-12-31,Kings,031,150075,35259,34318,2136,36454,386
2021-12-31,Lake,033,64148,7213,7060,201,7261,117
2021-12-31,Lassen,035,31185,7148,7089,431,7520,55
2021-12-31,Los Angeles,037,10098052,1743865,1596123,72196,1668319,27371
2021-12-31,Madera,039,155013,25640,25002,2489,27491,320
2021-12-31,Marin,041,260295,22165,20475,944,21419,249
2021-12-31,Mariposa,043,17540,1590,1509,64,1573,6
2021-12-31,Mendocino,045,87422,8742,8422,736,9158,101
2021-12-31,Merced,047,269075,45659,44769,2302,47071,694
2021-12-31,Modoc,049,8938,609,601,210,811,6
2021-12-31,Mono,051,14174,2239,2101,29,2130,4
2021-12-31,Monterey,053,433212,53463,50251,3912,54163,643
2021-12-31,Napa,055,140530,15698,14439,261,14700,107
2021-12-31,Nevada,057,99092,10758,10299,395,10694,110
2021-12-31,Orange,059,3164182,370468,339526,22953,362479,5890
2021-12-31,Placer,061,380077,43042,40857,4476,45333,489
2021-12-31,Plumas,063,18699,2066,1994,56,2050,12
2021-12-31,Riverside,065,2383286,420364,397124,18604,415728,5501
2021-12-31,Sacramento,067,1510023,183010,173562,6371,179933,2448
2021-12-31,San Benito,069,59416,8742,8320,207,8527,79
2021-12-31,San Bernardino,071,2135413,413424,386278,13640,399918,6051
2021-12-31,San Diego,073,3302833,470044,427087,28008,455095,4469
2021-12-31,San Francisco,075,870044,72332,64498,3191,67689,682
2021-12-31,San Joaquin,077,732212,111234,106640,6090,112730,1902
2021-12-31,San Luis Obispo,079,281455,34139,32342,1585,33927,365
2021-12-31,San Mateo,081,765935,69468,60504,1690,62194,581
2021-12-31,Santa Barbara,083,443738,52600,49555,1830,51385,568
2021-12-31,Santa Clara,085,1922200,179064,164547,2722,167269,1969
2021-12-31,Santa Cruz,087,273765,24501,22980,1241,24221,228
2021-12-31,Shasta,089,179085,23556,23161,3811,26972,435
2021-12-31,Sierra,091,2930,216,206,21,227,0
2021-12-31,Siskiyou,093,43540,3574,3474,1423,4897,61
2021-12-31,Solano,095,438530,52333,48957,1698,50655,379
2021-12-31,Sonoma,097,501317,49159,46040,781,46821,410
2021-12-31,Stanislaus,099,539301,85986,84367,9854,94221,1332
2021-12-31,Sutter,101,95872,14995,14741,437,15178,193
2021-12-31,Tehama,103,63373,9129,8944,1601,10545,139
2021-12-31,Trinity,105,12862,925,832,222,1054,17
2021-12-31,Tulare,107,460477,74067,71941,17357,89298,1160
2021-12-31,Tuolumne,109,53932,8299,8044,124,8168,91
2021-12-31,Ventura,111,848112,117276,107992,5833,113825,1211
2021-12-31,Yolo,113,214977,23188,21747,1386,23133,270
2021-12-31,Yuba,115,75493,11130,10844,424,11268,99
2021-12-30,Alameda,001,1643700,144630,133486,3927,137413,1528
2021-12-30,Alpine,002,1148,110,113,0,113,0
2021-12-30,Amador,005,37829,6034,5913,85,5998,70
2021-12-30,Butte,007,227075,23252,22469,4359,26828,341
2021-12-30,Calaveras,009,45235,4778,4668,71,4739,93
2021-12-30,Colusa,011,21464,2716,2659,724,3383,21
2021-12-30,Contra Costa,013,1133247,117282,109593,3149,112742,1073
2021-12-30,Del Norte,015,27424,3881,3841,60,3901,43
2021-12-30,El Dorado,017,186661,18515,17621,1939,19560,172
2021-12-30,Fresno,019,978130,154580,149927,13935,163862,2379
2021-12-30,Glenn,021,27897,3736,3663,1088,4751,39
2021-12-30,Humboldt,023,135768,10947,10381,862,11243,119
2021-12-30,Imperial,025,180216,38745,37672,4554,42226,800
2021-12-30,Inyo,027,18085,2882,2726,46,2772,49
2021-12-30,Kern,029,883053,139587,136123,26436,162559,1917
2021-12-30,Kings,031,150075,35141,34318,2121,36439,386
2021-12-30,Lake,033,64148,7198,7060,196,7256,117
2021-12-30,Lassen,035,31185,7142,7089,431,7520,55
2021-12-30,Los Angeles,037,10098052,1720547,1596123,70934,1667057,27371
2021-12-30,Madera,039,155013,25563,25002,2469,27471,320
2021-12-30,Marin,041,260295,21991,20475,919,21394,249
2021-12-30,Mariposa,043,17540,1584,1509,64,1573,6
2021-12-30,Mendocino,045,87422,8725,8422,725,9147,101
2021-12-30,Merced,047,269075,45557,44769,2287,47056,694
2021-12-30,Modoc,049,8938,608,601,210,811,6
2021-12-30,Mono,051,14174,2234,2101,28,2129,4
2021-12-30,Monterey,053,433212,53150,50251,3851,54102,643
2021-12-30,Napa,055,140530,15554,14439,252,14691,107
2021-12-30,Nevada,057,99092,10694,10299,386,10685,110
2021-12-30,Orange,059,3164182,365420,339526,22397,361923,5890
2021-12-30,Placer,061,380077,42754,40857,4426,45283,489
2021-12-30,Plumas,063,18699,2062,1994,55,2049,12
2021-12-30,Riverside,065,2383286,417095,397124,18452,415576,5501
2021-12-30,Sacramento,067,1510023,181754,173562,6225,179787,2448
2021-12-30,San Benito,069,59416,8695,8320,205,8525,79
2021-12-30,San Bernardino,071,2135413,410808,386278,13493,399771,6051
2021-12-30,San Diego,073,3302833,464899,427087,27497,454584,4469
2021-12-30,San Francisco,075,870044,71243,64498,3119,67617,682
2021-12-30,San Joaquin,077,732212,110638,106640,6046,112686,1902
2021-12-30,San Luis Obispo,079,281455,34020,32342,1572,33914,365
2021-12-30,San Mateo,081,765935,68426,60504,1561,62065,581
2021-12-30,Santa Barbara,083,443738,52122,49555,1811,51366,568
2021-12-30,Santa Clara,085,1922200,176737,164547,2599,167146,1969
2021-12-30,Santa Cruz,087,273765,24262,22980,1207,24187,228
2021-12-30,Shasta,089,179085,23503,23161,3805,26966,435
2021-12-30,Sierra,091,2930,216,206,21,227,0
2021-12-30,Siskiyou,093,43540,3565,3474,1421,4895,61
2021-12-30,Solano,095,438530,51984,48957,1651,50608,379
2021-12-30,Sonoma,097,501317,48824,46040,772,46812,410
2021-12-30,Stanislaus,099,539301,85669,84367,9794,94161,1332
2021-12-30,Sutter,101,95872,14933,14741,436,15177,193
2021-12-30,Tehama,103,63373,9102,8944,1595,10539,139
2021-12-30,Trinity,105,12862,922,832,222,1054,17
2021-12-30,Tulare,107,460477,73877,71941,17281,89222,1160
2021-12-30,Tuolumne,109,53932,8260,8044,124,8168,91
2021-12-30,Ventura,111,848112,116019,107992,5730,113722,1211
2021-12-30,Yolo,113,214977,23049,21747,1360,23107,270
2021-12-30,Yuba,115,75493,11083,10844,422,11266,99
2021-12-29,Alameda,001,1643700,141383,131586,3776,135362,1529
2021-12-29,Alpine,002,1148,110,113,0,113,0
2021-12-29,Amador,005,37829,6011,5905,82,5987,70
2021-12-29,Butte,007,227075,23109,22353,4321,26674,338
2021-12-29,Calaveras,009,45235,4751,4646,69,4715,93
2021-12-29,Colusa,011,21464,2706,2657,719,3376,21
2021-12-29,Contra Costa,013,1133247,115186,108165,3023,111188,1072
2021-12-29,Del Norte,015,27424,3867,3826,58,3884,43
2021-12-29,El Dorado,017,186661,18292,17489,1921,19410,172
2021-12-29,Fresno,019,978130,153437,149318,13819,163137,2364
2021-12-29,Glenn,021,27897,3726,3653,1085,4738,39
2021-12-29,Humboldt,023,135768,10837,10249,840,11089,119
2021-12-29,Imperial,025,180216,38508,37460,4485,41945,800
2021-12-29,Inyo,027,18085,2849,2703,46,2749,49
2021-12-29,Kern,029,883053,138783,135648,26051,161699,1913
2021-12-29,Kings,031,150075,35027,34216,2115,36331,386
2021-12-29,Lake,033,64148,7167,7048,194,7242,117
2021-12-29,Lassen,035,31185,7138,7085,430,7515,55
2021-12-29,Los Angeles,037,10098052,1690537,1576414,69219,1645633,27349
2021-12-29,Madera,039,155013,25459,24923,2458,27381,320
2021-12-29,Marin,041,260295,21636,20025,898,20923,249
2021-12-29,Mariposa,043,17540,1562,1507,64,1571,6
2021-12-29,Mendocino,045,87422,8666,8386,721,9107,99
2021-12-29,Merced,047,269075,45341,44548,2272,46820,693
2021-12-29,Modoc,049,8938,605,600,210,810,6
2021-12-29,Mono,051,14174,2210,2056,27,2083,4
2021-12-29,Monterey,053,433212,52739,50097,3745,53842,641
2021-12-29,Napa,055,140530,15231,14247,234,14481,107
2021-12-29,Nevada,057,99092,10603,10274,385,10659,110
2021-12-29,Orange,059,3164182,357923,334557,21713,356270,5887
2021-12-29,Placer,061,380077,42263,40545,4352,44897,489
2021-12-29,Plumas,063,18699,2050,1990,55,2045,12
2021-12-29,Riverside,065,2383286,411674,392989,18245,411234,5486
2021-12-29,Sacramento,067,1510023,179419,172145,6067,178212,2437
2021-12-29,San Benito,069,59416,8552,8239,204,8443,79
2021-12-29,San Bernardino,071,2135413,405225,382872,13277,396149,6049
2021-12-29,San Diego,073,3302833,454068,421045,26779,447824,4461
2021-12-29,San Francisco,075,870044,69547,63117,3049,66166,684
2021-12-29,San Joaquin,077,732212,109455,106063,5976,112039,1891
2021-12-29,San Luis Obispo,079,281455,33625,31936,1523,33459,365
2021-12-29,San Mateo,081,765935,66801,59478,1453,60931,581
2021-12-29,Santa Barbara,083,443738,51284,49003,1786,50789,568
2021-12-29,Santa Clara,085,1922200,173535,162008,2468,164476,1962
2021-12-29,Santa Cruz,087,273765,23985,22669,1175,23844,228
2021-12-29,Shasta,089,179085,23428,23083,3793,26876,435
2021-12-29,Sierra,091,2930,215,206,21,227,0
2021-12-29,Siskiyou,093,43540,3553,3472,1410,4882,61
2021-12-29,Solano,095,438530,51279,48562,1598,50160,379
2021-12-29,Sonoma,097,501317,48022,45479,750,46229,410
2021-12-29,Stanislaus,099,539301,85181,84083,9734,93817,1332
2021-12-29,Sutter,101,95872,14864,14688,434,15122,193
2021-12-29,Tehama,103,63373,9077,8914,1583,10497,138
2021-12-29,Trinity,105,12862,919,832,222,1054,17
2021-12-29,Tulare,107,460477,73589,71752,17162,88914,1160
2021-12-29,Tuolumne,109,53932,8207,8012,123,8135,91
2021-12-29,Ventura,111,848112,114082,106974,5552,112526,1207
2021-12-29,Yolo,113,214977,22810,21564,1329,22893,270
2021-12-29,Yuba,115,75493,11022,10808,418,11226,99
2021-12-28,Alameda,001,1643700,138217,130427,3623,134050,1522
2021-12-28,Alpine,002,1148,110,113,0,113,0
2021-12-28,Amador,005,37829,5991,5900,81,5981,70
2021-12-28,Butte,007,227075,22964,22285,4304,26589,338
2021-12-28,Calaveras,009,45235,4733,4641,68,4709,91
2021-12-28,Colusa,011,21464,2700,2653,717,3370,21
2021-12-28,Contra Costa,013,1133247,112883,107160,2908,110068,1072
2021-12-28,Del Norte,015,27424,3861,3815,58,3873,43
2021-12-28,El Dorado,017,186661,18068,17419,1911,19330,172
2021-12-28,Fresno,019,978130,152349,148987,13734,162721,2365
2021-12-28,Glenn,021,27897,3701,3639,1081,4720,39
2021-12-28,Humboldt,023,135768,10716,10198,816,11014,119
2021-12-28,Imperial,025,180216,38213,37223,4385,41608,800
2021-12-28,Inyo,027,18085,2791,2676,45,2721,48
2021-12-28,Kern,029,883053,138062,135346,25702,161048,1909
2021-12-28,Kings,031,150075,34891,34165,2100,36265,386
2021-12-28,Lake,033,64148,7148,7044,189,7233,116
2021-12-28,Lassen,035,31185,7129,7083,430,7513,55
2021-12-28,Los Angeles,037,10098052,1658252,1561791,67576,1629367,27323
2021-12-28,Madera,039,155013,25333,24865,2438,27303,320
2021-12-28,Marin,041,260295,21224,19739,868,20607,249
2021-12-28,Mariposa,043,17540,1551,1499,63,1562,6
2021-12-28,Mendocino,045,87422,8605,8366,713,9079,98
2021-12-28,Merced,047,269075,45101,44434,2260,46694,691
2021-12-28,Modoc,049,8938,605,599,209,808,6
2021-12-28,Mono,051,14174,2187,2045,25,2070,4
2021-12-28,Monterey,053,433212,52361,49973,3672,53645,639
2021-12-28,Napa,055,140530,14913,14131,207,14338,107
2021-12-28,Nevada,057,99092,10512,10250,382,10632,110
2021-12-28,Orange,059,3164182,350263,331279,20975,352254,5882
2021-12-28,Placer,061,380077,41793,40410,4284,44694,489
2021-12-28,Plumas,063,18699,2047,1989,55,2044,12
2021-12-28,Riverside,065,2383286,406436,390343,18002,408345,5470
2021-12-28,Sacramento,067,1510023,177131,171290,5938,177228,2426
2021-12-28,San Benito,069,59416,8408,8170,202,8372,79
2021-12-28,San Bernardino,071,2135413,399315,381316,13056,394372,6047
2021-12-28,San Diego,073,3302833,443376,417383,26223,443606,4450
2021-12-28,San Francisco,075,870044,67926,61745,2991,64736,682
2021-12-28,San Joaquin,077,732212,108400,105572,5932,111504,1884
2021-12-28,San Luis Obispo,079,281455,33159,31759,1507,33266,365
2021-12-28,San Mateo,081,765935,65287,58712,1365,60077,582
2021-12-28,Santa Barbara,083,443738,50639,48493,1766,50259,568
2021-12-28,Santa Clara,085,1922200,170331,160811,2373,163184,1962
2021-12-28,Santa Cruz,087,273765,23611,22513,1137,23650,228
2021-12-28,Shasta,089,179085,23357,23035,3788,26823,434
2021-12-28,Sierra,091,2930,212,206,21,227,0
2021-12-28,Siskiyou,093,43540,3544,3468,1405,4873,60
2021-12-28,Solano,095,438530,50365,48318,1543,49861,378
2021-12-28,Sonoma,097,501317,47163,45086,725,45811,410
2021-12-28,Stanislaus,099,539301,84698,83946,9673,93619,1331
2021-12-28,Sutter,101,95872,14815,14662,431,15093,193
2021-12-28,Tehama,103,63373,9059,8893,1581,10474,138
2021-12-28,Trinity,105,12862,917,831,221,1052,17
2021-12-28,Tulare,107,460477,73309,71630,17047,88677,1156
2021-12-28,Tuolumne,109,53932,8165,8006,123,8129,91
2021-12-28,Ventura,111,848112,111975,105883,5422,111305,1207
2021-12-28,Yolo,113,214977,22476,21320,1280,22600,270
2021-12-28,Yuba,115,75493,10966,10778,415,11193,99
2021-12-27,Alameda,001,1643700,135536,129910,3491,133401,1530
2021-12-27,Alpine,002,1148,110,113,0,113,0
2021-12-27,Amador,005,37829,5963,5891,81,5972,70
2021-12-27,Butte,007,227075,22828,22234,4277,26511,335
2021-12-27,Calaveras,009,45235,4708,4630,67,4697,91
2021-12-27,Colusa,011,21464,2689,2652,711,3363,21
2021-12-27,Contra Costa,013,1133247,110714,106692,2825,109517,1071
2021-12-27,Del Norte,015,27424,3852,3802,57,3859,43
2021-12-27,El Dorado,017,186661,17908,17361,1899,19260,172
2021-12-27,Fresno,019,978130,151383,148826,13651,162477,2364
2021-12-27,Glenn,021,27897,3693,3634,1075,4709,39
2021-12-27,Humboldt,023,135768,10602,10164,794,10958,119
2021-12-27,Imperial,025,180216,37972,37180,4291,41471,800
2021-12-27,Inyo,027,18085,2762,2662,43,2705,48
2021-12-27,Kern,029,883053,137412,135119,25399,160518,1907
2021-12-27,Kings,031,150075,34740,34126,2087,36213,382
2021-12-27,Lake,033,64148,7125,7037,179,7216,116
2021-12-27,Lassen,035,31185,7123,7080,430,7510,55
2021-12-27,Los Angeles,037,10098052,1621889,1554074,65831,1619905,27300
2021-12-27,Madera,039,155013,25214,24840,2419,27259,320
2021-12-27,Marin,041,260295,20835,19601,841,20442,249
2021-12-27,Mariposa,043,17540,1536,1495,63,1558,6
2021-12-27,Mendocino,045,87422,8538,8351,708,9059,98
2021-12-27,Merced,047,269075,44869,44383,2242,46625,690
2021-12-27,Modoc,049,8938,603,599,209,808,6
2021-12-27,Mono,051,14174,2124,2026,25,2051,4
2021-12-27,Monterey,053,433212,52061,49918,3621,53539,639
2021-12-27,Napa,055,140530,14644,14083,198,14281,107
2021-12-27,Nevada,057,99092,10443,10239,374,10613,110
2021-12-27,Orange,059,3164182,342772,329222,20169,349391,5875
2021-12-27,Placer,061,380077,41414,40263,4235,44498,489
2021-12-27,Plumas,063,18699,2045,1988,53,2041,12
2021-12-27,Riverside,065,2383286,401857,389096,17746,406842,5470
2021-12-27,Sacramento,067,1510023,175099,170858,5768,176626,2422
2021-12-27,San Benito,069,59416,8290,8133,198,8331,79
2021-12-27,San Bernardino,071,2135413,393318,380526,12855,393381,6047
2021-12-27,San Diego,073,3302833,433169,414968,25731,440699,4445
2021-12-27,San Francisco,075,870044,66175,60920,2926,63846,682
2021-12-27,San Joaquin,077,732212,107480,105413,5868,111281,1876
2021-12-27,San Luis Obispo,079,281455,32714,31671,1486,33157,365
2021-12-27,San Mateo,081,765935,63760,58397,1266,59663,581
2021-12-27,Santa Barbara,083,443738,49853,48209,1746,49955,568
2021-12-27,Santa Clara,085,1922200,167322,159904,2247,162151,1961
2021-12-27,Santa Cruz,087,273765,23320,22456,1119,23575,228
2021-12-27,Shasta,089,179085,23296,23015,3777,26792,432
2021-12-27,Sierra,091,2930,212,206,21,227,0
2021-12-27,Siskiyou,093,43540,3535,3466,1400,4866,60
2021-12-27,Solano,095,438530,49632,48172,1495,49667,378
2021-12-27,Sonoma,097,501317,46587,44990,707,45697,410
2021-12-27,Stanislaus,099,539301,84243,83833,9632,93465,1331
2021-12-27,Sutter,101,95872,14759,14642,426,15068,191
2021-12-27,Tehama,103,63373,9043,8887,1573,10460,136
2021-12-27,Trinity,105,12862,917,827,221,1048,17
2021-12-27,Tulare,107,460477,73039,71562,16952,88514,1146
2021-12-27,Tuolumne,109,53932,8127,7978,122,8100,91
2021-12-27,Ventura,111,848112,109890,105212,5287,110499,1206
2021-12-27,Yolo,113,214977,22184,21300,1246,22546,270
2021-12-27,Yuba,115,75493,10905,10759,414,11173,98
2021-12-26,Alameda,001,1643700,133415,127221,3419,130640,1525
2021-12-26,Alpine,002,1148,110,113,0,113,0
2021-12-26,Amador,005,37829,5947,5861,79,5940,70
2021-12-26,Butte,007,227075,22674,22087,4247,26334,330
2021-12-26,Calaveras,009,45235,4686,4591,67,4658,91
2021-12-26,Colusa,011,21464,2678,2647,705,3352,21
2021-12-26,Contra Costa,013,1133247,108951,105022,2726,107748,1071
2021-12-26,Del Norte,015,27424,3847,3795,57,3852,43
2021-12-26,El Dorado,017,186661,17754,17188,1891,19079,172
2021-12-26,Fresno,019,978130,150672,148027,13569,161596,2358
2021-12-26,Glenn,021,27897,3681,3611,1061,4672,39
2021-12-26,Humboldt,023,135768,10459,10052,771,10823,119
2021-12-26,Imperial,025,180216,37670,36878,4201,41079,800
2021-12-26,Inyo,027,18085,2738,2636,40,2676,47
2021-12-26,Kern,029,883053,136687,134591,25144,159735,1908
2021-12-26,Kings,031,150075,34587,34009,2081,36090,379
2021-12-26,Lake,033,64148,7103,7019,176,7195,116
2021-12-26,Lassen,035,31185,7117,7072,429,7501,55
2021-12-26,Los Angeles,037,10098052,1591984,1515469,64039,1579508,27257
2021-12-26,Madera,039,155013,25095,24741,2403,27144,320
2021-12-26,Marin,041,260295,20456,19085,782,19867,249
2021-12-26,Mariposa,043,17540,1530,1480,63,1543,6
2021-12-26,Mendocino,045,87422,8487,8314,706,9020,98
2021-12-26,Merced,047,269075,44617,44208,2228,46436,690
2021-12-26,Modoc,049,8938,602,597,207,804,6
2021-12-26,Mono,051,14174,2098,2000,25,2025,4
2021-12-26,Monterey,053,433212,51780,49709,3572,53281,638
2021-12-26,Napa,055,140530,14407,13809,193,14002,107
2021-12-26,Nevada,057,99092,10383,10153,367,10520,110
2021-12-26,Orange,059,3164182,336425,322991,19373,342364,5863
2021-12-26,Placer,061,380077,41056,39852,4163,44015,489
2021-12-26,Plumas,063,18699,2037,1987,52,2039,12
2021-12-26,Riverside,065,2383286,397673,384567,17577,402144,5470
2021-12-26,Sacramento,067,1510023,173367,169144,5621,174765,2418
2021-12-26,San Benito,069,59416,8201,7991,194,8185,79
2021-12-26,San Bernardino,071,2135413,388454,376052,12678,388730,6043
2021-12-26,San Diego,073,3302833,424174,406616,25237,431853,4442
2021-12-26,San Francisco,075,870044,64596,58229,2864,61093,682
2021-12-26,San Joaquin,077,732212,106674,104590,5815,110405,1872
2021-12-26,San Luis Obispo,079,281455,32267,31290,1468,32758,365
2021-12-26,San Mateo,081,765935,62357,56973,1219,58192,581
2021-12-26,Santa Barbara,083,443738,49176,47553,1716,49269,567
2021-12-26,Santa Clara,085,1922200,164604,156872,2113,158985,1967
2021-12-26,Santa Cruz,087,273765,23036,22176,1105,23281,228
2021-12-26,Shasta,089,179085,23213,22959,3765,26724,432
2021-12-26,Sierra,091,2930,212,202,21,223,0
2021-12-26,Siskiyou,093,43540,3527,3460,1391,4851,60
2021-12-26,Solano,095,438530,49128,47646,1457,49103,377
2021-12-26,Sonoma,097,501317,46090,44358,675,45033,408
2021-12-26,Stanislaus,099,539301,83869,83368,9590,92958,1331
2021-12-26,Sutter,101,95872,14693,14533,423,14956,191
2021-12-26,Tehama,103,63373,9010,8861,1569,10430,136
2021-12-26,Trinity,105,12862,917,826,220,1046,17
2021-12-26,Tulare,107,460477,72789,71292,16846,88138,1137
2021-12-26,Tuolumne,109,53932,8090,7919,122,8041,91
2021-12-26,Ventura,111,848112,108056,103498,5140,108638,1206
2021-12-26,Yolo,113,214977,21899,21084,1207,22291,270
2021-12-26,Yuba,115,75493,10854,10694,412,11106,98
2021-12-25,Alameda,001,1643700,132324,127221,3354,130575,1525
2021-12-25,Alpine,002,1148,110,113,0,113,0
2021-12-25,Amador,005,37829,5928,5861,79,5940,70
2021-12-25,Butte,007,227075,22576,22087,4230,26317,330
2021-12-25,Calaveras,009,45235,4657,4591,66,4657,91
2021-12-25,Colusa,011,21464,2673,2647,699,3346,21
2021-12-25,Contra Costa,013,1133247,108126,105022,2672,107694,1071
2021-12-25,Del Norte,015,27424,3840,3795,56,3851,43
2021-12-25,El Dorado,017,186661,17701,17188,1880,19068,172
2021-12-25,Fresno,019,978130,150356,148027,13521,161548,2358
2021-12-25,Glenn,021,27897,3670,3611,1057,4668,39
2021-12-25,Humboldt,023,135768,10377,10052,764,10816,119
2021-12-25,Imperial,025,180216,37547,36878,4179,41057,800
2021-12-25,Inyo,027,18085,2718,2636,40,2676,47
2021-12-25,Kern,029,883053,136340,134591,25018,159609,1908
2021-12-25,Kings,031,150075,34497,34009,2074,36083,379
2021-12-25,Lake,033,64148,7091,7019,174,7193,116
2021-12-25,Lassen,035,31185,7115,7072,429,7501,55
2021-12-25,Los Angeles,037,10098052,1579157,1515469,62697,1578166,27257
2021-12-25,Madera,039,155013,25045,24741,2397,27138,320
2021-12-25,Marin,041,260295,20114,19085,733,19818,249
2021-12-25,Mariposa,043,17540,1524,1480,63,1543,6
2021-12-25,Mendocino,045,87422,8449,8314,706,9020,98
2021-12-25,Merced,047,269075,44515,44208,2226,46434,690
2021-12-25,Modoc,049,8938,602,597,207,804,6
2021-12-25,Mono,051,14174,2081,2000,25,2025,4
2021-12-25,Monterey,053,433212,51612,49709,3538,53247,638
2021-12-25,Napa,055,140530,14292,13809,185,13994,107
2021-12-25,Nevada,057,99092,10354,10153,367,10520,110
2021-12-25,Orange,059,3164182,333545,322991,18802,341793,5863
2021-12-25,Placer,061,380077,40867,39852,4129,43981,489
2021-12-25,Plumas,063,18699,2035,1987,52,2039,12
2021-12-25,Riverside,065,2383286,395390,384567,17458,402025,5470
2021-12-25,Sacramento,067,1510023,172550,169144,5516,174660,2418
2021-12-25,San Benito,069,59416,8136,7991,194,8185,79
2021-12-25,San Bernardino,071,2135413,386210,376052,12545,388597,6043
2021-12-25,San Diego,073,3302833,420106,406616,24967,431583,4442
2021-12-25,San Francisco,075,870044,63565,58229,2828,61057,682
2021-12-25,San Joaquin,077,732212,106338,104590,5783,110373,1872
2021-12-25,San Luis Obispo,079,281455,32114,31290,1459,32749,365
2021-12-25,San Mateo,081,765935,61322,56973,1176,58149,581
2021-12-25,Santa Barbara,083,443738,48812,47553,1704,49257,567
2021-12-25,Santa Clara,085,1922200,163116,156872,2046,158918,1967
2021-12-25,Santa Cruz,087,273765,22876,22176,1099,23275,228
2021-12-25,Shasta,089,179085,23180,22959,3759,26718,432
2021-12-25,Sierra,091,2930,212,202,21,223,0
2021-12-25,Siskiyou,093,43540,3524,3460,1385,4845,60
2021-12-25,Solano,095,438530,49003,47646,1439,49085,377
2021-12-25,Sonoma,097,501317,45705,44358,649,45007,408
2021-12-25,Stanislaus,099,539301,83655,83368,9564,92932,1331
2021-12-25,Sutter,101,95872,14652,14533,421,14954,191
2021-12-25,Tehama,103,63373,8990,8861,1565,10426,136
2021-12-25,Trinity,105,12862,916,826,220,1046,17
2021-12-25,Tulare,107,460477,72655,71292,16768,88060,1137
2021-12-25,Tuolumne,109,53932,8058,7919,122,8041,91
2021-12-25,Ventura,111,848112,106883,103498,5034,108532,1206
2021-12-25,Yolo,113,214977,21788,21084,1186,22270,270
2021-12-25,Yuba,115,75493,10827,10694,411,11105,98
2021-12-24,Alameda,001,1643700,131700,127221,3337,130558,1525
2021-12-24,Alpine,002,1148,110,113,0,113,0
2021-12-24,Amador,005,37829,5920,5861,78,5939,70
2021-12-24,Butte,007,227075,22519,22087,4213,26300,330
2021-12-24,Calaveras,009,45235,4651,4591,66,4657,91
2021-12-24,Colusa,011,21464,2671,2647,698,3345,21
2021-12-24,Contra Costa,013,1133247,107807,105022,2639,107661,1071
2021-12-24,Del Norte,015,27424,3833,3795,56,3851,43
2021-12-24,El Dorado,017,186661,17646,17188,1875,19063,172
2021-12-24,Fresno,019,978130,150189,148027,13508,161535,2358
2021-12-24,Glenn,021,27897,3669,3611,1057,4668,39
2021-12-24,Humboldt,023,135768,10322,10052,759,10811,119
2021-12-24,Imperial,025,180216,37464,36878,4175,41053,800
2021-12-24,Inyo,027,18085,2698,2636,40,2676,47
2021-12-24,Kern,029,883053,136217,134591,24976,159567,1908
2021-12-24,Kings,031,150075,34428,34009,2073,36082,379
2021-12-24,Lake,033,64148,7087,7019,174,7193,116
2021-12-24,Lassen,035,31185,7112,7072,429,7501,55
2021-12-24,Los Angeles,037,10098052,1574279,1515469,62169,1577638,27257
2021-12-24,Madera,039,155013,25010,24741,2392,27133,320
2021-12-24,Marin,041,260295,19968,19085,702,19787,249
2021-12-24,Mariposa,043,17540,1522,1480,63,1543,6
2021-12-24,Mendocino,045,87422,8432,8314,706,9020,98
2021-12-24,Merced,047,269075,44465,44208,2224,46432,690
2021-12-24,Modoc,049,8938,602,597,207,804,6
2021-12-24,Mono,051,14174,2068,2000,25,2025,4
2021-12-24,Monterey,053,433212,51516,49709,3512,53221,638
2021-12-24,Napa,055,140530,14227,13809,181,13990,107
2021-12-24,Nevada,057,99092,10328,10153,365,10518,110
2021-12-24,Orange,059,3164182,332479,322991,18642,341633,5863
2021-12-24,Placer,061,380077,40744,39852,4112,43964,489
2021-12-24,Plumas,063,18699,2034,1987,52,2039,12
2021-12-24,Riverside,065,2383286,394390,384567,17368,401935,5470
2021-12-24,Sacramento,067,1510023,172234,169144,5481,174625,2418
2021-12-24,San Benito,069,59416,8127,7991,193,8184,79
2021-12-24,San Bernardino,071,2135413,385063,376052,12472,388524,6043
2021-12-24,San Diego,073,3302833,418983,406616,24840,431456,4442
2021-12-24,San Francisco,075,870044,63058,58229,2811,61040,682
2021-12-24,San Joaquin,077,732212,106143,104590,5775,110365,1872
2021-12-24,San Luis Obispo,079,281455,32052,31290,1449,32739,365
2021-12-24,San Mateo,081,765935,60889,56973,1153,58126,581
2021-12-24,Santa Barbara,083,443738,48607,47553,1697,49250,567
2021-12-24,Santa Clara,085,1922200,162290,156872,2012,158884,1967
2021-12-24,Santa Cruz,087,273765,22793,22176,1096,23272,228
2021-12-24,Shasta,089,179085,23146,22959,3755,26714,432
2021-12-24,Sierra,091,2930,211,202,21,223,0
2021-12-24,Siskiyou,093,43540,3519,3460,1381,4841,60
2021-12-24,Solano,095,438530,48951,47646,1437,49083,377
2021-12-24,Sonoma,097,501317,45539,44358,641,44999,408
2021-12-24,Stanislaus,099,539301,83544,83368,9541,92909,1331
2021-12-24,Sutter,101,95872,14632,14533,418,14951,191
2021-12-24,Tehama,103,63373,8981,8861,1562,10423,136
2021-12-24,Trinity,105,12862,914,826,220,1046,17
2021-12-24,Tulare,107,460477,72587,71292,16726,88018,1137
2021-12-24,Tuolumne,109,53932,8033,7919,122,8041,91
2021-12-24,Ventura,111,848112,106436,103498,4978,108476,1206
2021-12-24,Yolo,113,214977,21714,21084,1168,22252,270
2021-12-24,Yuba,115,75493,10804,10694,410,11104,98
2021-12-23,Alameda,001,1643700,130965,127221,3302,130523,1525
2021-12-23,Alpine,002,1148,110,113,0,113,0
2021-12-23,Amador,005,37829,5908,5861,76,5937,70
2021-12-23,Butte,007,227075,22466,22087,4202,26289,330
2021-12-23,Calaveras,009,45235,4640,4591,66,4657,91
2021-12-23,Colusa,011,21464,2665,2647,694,3341,21
2021-12-23,Contra Costa,013,1133247,107377,105022,2596,107618,1071
2021-12-23,Del Norte,015,27424,3830,3795,56,3851,43
2021-12-23,El Dorado,017,186661,17582,17188,1869,19057,172
2021-12-23,Fresno,019,978130,149984,148027,13490,161517,2358
2021-12-23,Glenn,021,27897,3665,3611,1057,4668,39
2021-12-23,Humboldt,023,135768,10269,10052,756,10808,119
2021-12-23,Imperial,025,180216,37391,36878,4148,41026,800
2021-12-23,Inyo,027,18085,2685,2636,40,2676,47
2021-12-23,Kern,029,883053,136067,134591,24880,159471,1908
2021-12-23,Kings,031,150075,34387,34009,2072,36081,379
2021-12-23,Lake,033,64148,7075,7019,172,7191,116
2021-12-23,Lassen,035,31185,7111,7072,429,7501,55
2021-12-23,Los Angeles,037,10098052,1564715,1515469,61093,1576562,27257
2021-12-23,Madera,039,155013,24977,24741,2388,27129,320
2021-12-23,Marin,041,260295,19834,19085,685,19770,249
2021-12-23,Mariposa,043,17540,1517,1480,63,1543,6
2021-12-23,Mendocino,045,87422,8423,8314,706,9020,98
2021-12-23,Merced,047,269075,44416,44208,2222,46430,690
2021-12-23,Modoc,049,8938,602,597,207,804,6
2021-12-23,Mono,051,14174,2047,2000,24,2024,4
2021-12-23,Monterey,053,433212,51395,49709,3491,53200,638
2021-12-23,Napa,055,140530,14148,13809,176,13985,107
2021-12-23,Nevada,057,99092,10304,10153,364,10517,110
2021-12-23,Orange,059,3164182,330791,322991,18312,341303,5863
2021-12-23,Placer,061,380077,40619,39852,4096,43948,489
2021-12-23,Plumas,063,18699,2034,1987,52,2039,12
2021-12-23,Riverside,065,2383286,393173,384567,17299,401866,5470
2021-12-23,Sacramento,067,1510023,171777,169144,5434,174578,2418
2021-12-23,San Benito,069,59416,8108,7991,191,8182,79
2021-12-23,San Bernardino,071,2135413,383873,376052,12367,388419,6043
2021-12-23,San Diego,073,3302833,417132,406616,24642,431258,4442
2021-12-23,San Francisco,075,870044,62327,58229,2783,61012,682
2021-12-23,San Joaquin,077,732212,105925,104590,5762,110352,1872
2021-12-23,San Luis Obispo,079,281455,31980,31290,1445,32735,365
2021-12-23,San Mateo,081,765935,60326,56973,1133,58106,581
2021-12-23,Santa Barbara,083,443738,48408,47553,1695,49248,567
2021-12-23,Santa Clara,085,1922200,161382,156872,1953,158825,1967
2021-12-23,Santa Cruz,087,273765,22678,22176,1084,23260,228
2021-12-23,Shasta,089,179085,23115,22959,3752,26711,432
2021-12-23,Sierra,091,2930,208,202,21,223,0
2021-12-23,Siskiyou,093,43540,3519,3460,1379,4839,60
2021-12-23,Solano,095,438530,48843,47646,1421,49067,377
2021-12-23,Sonoma,097,501317,45362,44358,640,44998,408
2021-12-23,Stanislaus,099,539301,83415,83368,9521,92889,1331
2021-12-23,Sutter,101,95872,14615,14533,417,14950,191
2021-12-23,Tehama,103,63373,8969,8861,1558,10419,136
2021-12-23,Trinity,105,12862,914,826,220,1046,17
2021-12-23,Tulare,107,460477,72511,71292,16683,87975,1137
2021-12-23,Tuolumne,109,53932,8015,7919,121,8040,91
2021-12-23,Ventura,111,848112,105901,103498,4912,108410,1206
2021-12-23,Yolo,113,214977,21642,21084,1150,22234,270
2021-12-23,Yuba,115,75493,10791,10694,410,11104,98
2021-12-22,Alameda,001,1643700,130009,126533,3219,129752,1522
2021-12-22,Alpine,002,1148,110,112,0,112,0
2021-12-22,Amador,005,37829,5895,5850,75,5925,70
2021-12-22,Butte,007,227075,22414,22070,4188,26258,330
2021-12-22,Calaveras,009,45235,4631,4580,66,4646,91
2021-12-22,Colusa,011,21464,2665,2645,691,3336,21
2021-12-22,Contra Costa,013,1133247,106739,104559,2552,107111,1070
2021-12-22,Del Norte,015,27424,3830,3794,56,3850,43
2021-12-22,El Dorado,017,186661,17520,17140,1860,19000,172
2021-12-22,Fresno,019,978130,149705,147838,13458,161296,2349
2021-12-22,Glenn,021,27897,3660,3604,1057,4661,39
2021-12-22,Humboldt,023,135768,10207,10022,751,10773,119
2021-12-22,Imperial,025,180216,37305,36755,4111,40866,798
2021-12-22,Inyo,027,18085,2667,2632,40,2672,47
2021-12-22,Kern,029,883053,135832,134433,24798,159231,1900
2021-12-22,Kings,031,150075,34337,33953,2065,36018,376
2021-12-22,Lake,033,64148,7068,7008,170,7178,116
2021-12-22,Lassen,035,31185,7106,7069,428,7497,55
2021-12-22,Los Angeles,037,10098052,1551156,1507110,59933,1567043,27234
2021-12-22,Madera,039,155013,24939,24702,2384,27086,320
2021-12-22,Marin,041,260295,19613,18927,662,19589,249
2021-12-22,Mariposa,043,17540,1510,1480,63,1543,6
2021-12-22,Mendocino,045,87422,8414,8299,706,9005,99
2021-12-22,Merced,047,269075,44345,44137,2219,46356,689
2021-12-22,Modoc,049,8938,602,595,207,802,6
2021-12-22,Mono,051,14174,2043,1979,24,2003,4
2021-12-22,Monterey,053,433212,51239,49650,3474,53124,639
2021-12-22,Napa,055,140530,14021,13746,166,13912,107
2021-12-22,Nevada,057,99092,10276,10101,359,10460,110
2021-12-22,Orange,059,3164182,328488,321765,17884,339649,5858
2021-12-22,Placer,061,380077,40435,39758,4059,43817,489
2021-12-22,Plumas,063,18699,2030,1986,52,2038,12
2021-12-22,Riverside,065,2383286,391344,383319,17186,400505,5472
2021-12-22,Sacramento,067,1510023,171117,168695,5374,174069,2422
2021-12-22,San Benito,069,59416,8056,7971,189,8160,79
2021-12-22,San Bernardino,071,2135413,382145,375044,12282,387326,6039
2021-12-22,San Diego,073,3302833,413014,404269,24313,428582,4434
2021-12-22,San Francisco,075,870044,61341,57520,2741,60261,682
2021-12-22,San Joaquin,077,732212,105656,104385,5748,110133,1870
2021-12-22,San Luis Obispo,079,281455,31839,31175,1425,32600,365
2021-12-22,San Mateo,081,765935,59644,56604,1103,57707,581
2021-12-22,Santa Barbara,083,443738,48151,47372,1679,49051,566
2021-12-22,Santa Clara,085,1922200,160257,156258,1912,158170,1954
2021-12-22,Santa Cruz,087,273765,22572,22075,1079,23154,228
2021-12-22,Shasta,089,179085,23086,22937,3747,26684,432
2021-12-22,Sierra,091,2930,208,202,21,223,0
2021-12-22,Siskiyou,093,43540,3516,3458,1376,4834,59
2021-12-22,Solano,095,438530,48613,47531,1408,48939,375
2021-12-22,Sonoma,097,501317,45087,44201,629,44830,408
2021-12-22,Stanislaus,099,539301,83274,83245,9501,92746,1331
2021-12-22,Sutter,101,95872,14579,14513,414,14927,191
2021-12-22,Tehama,103,63373,8956,8853,1554,10407,136
2021-12-22,Trinity,105,12862,914,826,220,1046,17
2021-12-22,Tulare,107,460477,72412,71226,16635,87861,1137
2021-12-22,Tuolumne,109,53932,7994,7903,121,8024,91
2021-12-22,Ventura,111,848112,105295,103089,4807,107896,1206
2021-12-22,Yolo,113,214977,21567,21012,1136,22148,270
2021-12-22,Yuba,115,75493,10774,10681,410,11091,98
2021-12-21,Alameda,001,1643700,128985,126007,3164,129171,1518
2021-12-21,Alpine,002,1148,110,112,0,112,0
2021-12-21,Amador,005,37829,5885,5845,75,5920,70
2021-12-21,Butte,007,227075,22350,22041,4174,26215,330
2021-12-21,Calaveras,009,45235,4618,4575,66,4641,91
2021-12-21,Colusa,011,21464,2663,2643,690,3333,21
2021-12-21,Contra Costa,013,1133247,106107,104255,2487,106742,1068
2021-12-21,Del Norte,015,27424,3829,3793,56,3849,43
2021-12-21,El Dorado,017,186661,17457,17098,1848,18946,172
2021-12-21,Fresno,019,978130,149415,147707,13423,161130,2341
2021-12-21,Glenn,021,27897,3646,3602,1057,4659,39
2021-12-21,Humboldt,023,135768,10143,9989,746,10735,118
2021-12-21,Imperial,025,180216,37207,36580,4070,40650,792
2021-12-21,Inyo,027,18085,2656,2627,40,2667,47
2021-12-21,Kern,029,883053,135623,134321,24693,159014,1892
2021-12-21,Kings,031,150075,34276,33914,2064,35978,376
2021-12-21,Lake,033,64148,7063,7004,168,7172,116
2021-12-21,Lassen,035,31185,7104,7069,428,7497,55
2021-12-21,Los Angeles,037,10098052,1537250,1501169,58914,1560083,27220
2021-12-21,Madera,039,155013,24902,24688,2377,27065,320
2021-12-21,Marin,041,260295,19443,18828,627,19455,249
2021-12-21,Mariposa,043,17540,1509,1480,62,1542,6
2021-12-21,Mendocino,045,87422,8398,8282,704,8986,97
2021-12-21,Merced,047,269075,44273,44096,2215,46311,688
2021-12-21,Modoc,049,8938,600,595,205,800,6
2021-12-21,Mono,051,14174,2024,1979,24,2003,4
2021-12-21,Monterey,053,433212,51148,49586,3457,53043,638
2021-12-21,Napa,055,140530,13920,13703,155,13858,107
2021-12-21,Nevada,057,99092,10247,10095,359,10454,110
2021-12-21,Orange,059,3164182,326351,320705,17436,338141,5855
2021-12-21,Placer,061,380077,40295,39649,4030,43679,487
2021-12-21,Plumas,063,18699,2030,1975,52,2027,12
2021-12-21,Riverside,065,2383286,389619,382415,17067,399482,5465
2021-12-21,Sacramento,067,1510023,170470,168422,5319,173741,2419
2021-12-21,San Benito,069,59416,8017,7950,186,8136,79
2021-12-21,San Bernardino,071,2135413,380470,374219,12170,386389,6026
2021-12-21,San Diego,073,3302833,409284,402386,23975,426361,4424
2021-12-21,San Francisco,075,870044,60377,56950,2708,59658,681
2021-12-21,San Joaquin,077,732212,105372,104238,5729,109967,1870
2021-12-21,San Luis Obispo,079,281455,31675,31103,1413,32516,365
2021-12-21,San Mateo,081,765935,59025,56381,1080,57461,581
2021-12-21,Santa Barbara,083,443738,47923,47194,1664,48858,564
2021-12-21,Santa Clara,085,1922200,159233,155769,1870,157639,1951
2021-12-21,Santa Cruz,087,273765,22455,22028,1069,23097,228
2021-12-21,Shasta,089,179085,23054,22920,3743,26663,429
2021-12-21,Sierra,091,2930,206,201,21,222,0
2021-12-21,Siskiyou,093,43540,3515,3455,1376,4831,59
2021-12-21,Solano,095,438530,48459,47474,1401,48875,372
2021-12-21,Sonoma,097,501317,44865,44051,619,44670,408
2021-12-21,Stanislaus,099,539301,83120,83167,9470,92637,1331
2021-12-21,Sutter,101,95872,14556,14492,413,14905,190
2021-12-21,Tehama,103,63373,8948,8849,1549,10398,136
2021-12-21,Trinity,105,12862,913,826,220,1046,17
2021-12-21,Tulare,107,460477,72318,71166,16594,87760,1137
2021-12-21,Tuolumne,109,53932,7970,7893,121,8014,91
2021-12-21,Ventura,111,848112,104677,102631,4694,107325,1205
2021-12-21,Yolo,113,214977,21460,20944,1132,22076,267
2021-12-21,Yuba,115,75493,10757,10668,410,11078,98
2021-12-20,Alameda,001,1643700,128020,125762,3095,128857,1515
2021-12-20,Alpine,002,1148,110,112,0,112,0
2021-12-20,Amador,005,37829,5871,5838,75,5913,70
2021-12-20,Butte,007,227075,22288,22030,4160,26190,329
2021-12-20,Calaveras,009,45235,4608,4569,66,4635,91
2021-12-20,Colusa,011,21464,2662,2644,690,3334,21
2021-12-20,Contra Costa,013,1133247,105573,104051,2439,106490,1068
2021-12-20,Del Norte,015,27424,3827,3792,56,3848,43
2021-12-20,El Dorado,017,186661,17397,17083,1840,18923,172
2021-12-20,Fresno,019,978130,149174,147605,13393,160998,2341
2021-12-20,Glenn,021,27897,3640,3597,1057,4654,39
2021-12-20,Humboldt,023,135768,10101,9973,742,10715,118
2021-12-20,Imperial,025,180216,37091,36532,4040,40572,792
2021-12-20,Inyo,027,18085,2653,2615,40,2655,47
2021-12-20,Kern,029,883053,135424,134203,24633,158836,1883
2021-12-20,Kings,031,150075,34234,33898,2063,35961,376
2021-12-20,Lake,033,64148,7058,6999,168,7167,116
2021-12-20,Lassen,035,31185,7102,7065,427,7492,55
2021-12-20,Los Angeles,037,10098052,1525756,1495251,58188,1553439,27188
2021-12-20,Madera,039,155013,24873,24668,2373,27041,313
2021-12-20,Marin,041,260295,19228,18747,609,19356,249
2021-12-20,Mariposa,043,17540,1500,1479,62,1541,6
2021-12-20,Mendocino,045,87422,8386,8264,702,8966,96
2021-12-20,Merced,047,269075,44216,44071,2210,46281,687
2021-12-20,Modoc,049,8938,600,595,202,797,6
2021-12-20,Mono,051,14174,2001,1973,24,1997,4
2021-12-20,Monterey,053,433212,51052,49556,3437,52993,636
2021-12-20,Napa,055,140530,13835,13672,145,13817,107
2021-12-20,Nevada,057,99092,10207,10079,358,10437,109
2021-12-20,Orange,059,3164182,324741,320235,17122,337357,5852
2021-12-20,Placer,061,380077,40163,39579,4000,43579,485
2021-12-20,Plumas,063,18699,2027,1971,50,2021,12
2021-12-20,Riverside,065,2383286,388173,381841,16978,398819,5452
2021-12-20,Sacramento,067,1510023,169899,168153,5279,173432,2414
2021-12-20,San Benito,069,59416,7973,7934,184,8118,79
2021-12-20,San Bernardino,071,2135413,378930,373881,12085,385966,6023
2021-12-20,San Diego,073,3302833,406069,401483,23735,425218,4412
2021-12-20,San Francisco,075,870044,59317,56661,2651,59312,681
2021-12-20,San Joaquin,077,732212,105130,104188,5718,109906,1865
2021-12-20,San Luis Obispo,079,281455,31561,31075,1405,32480,365
2021-12-20,San Mateo,081,765935,58477,56247,1061,57308,581
2021-12-20,Santa Barbara,083,443738,47711,47131,1659,48790,562
2021-12-20,Santa Clara,085,1922200,158271,155427,1821,157248,1950
2021-12-20,Santa Cruz,087,273765,22374,21989,1064,23053,227
2021-12-20,Shasta,089,179085,23033,22888,3738,26626,429
2021-12-20,Sierra,091,2930,205,201,21,222,0
2021-12-20,Siskiyou,093,43540,3514,3453,1374,4827,59
2021-12-20,Solano,095,438530,48332,47394,1393,48787,370
2021-12-20,Sonoma,097,501317,44675,43982,611,44593,408
2021-12-20,Stanislaus,099,539301,82994,83110,9441,92551,1331
2021-12-20,Sutter,101,95872,14533,14480,413,14893,190
2021-12-20,Tehama,103,63373,8940,8840,1546,10386,136
2021-12-20,Trinity,105,12862,913,826,220,1046,17
2021-12-20,Tulare,107,460477,72224,71124,16536,87660,1129
2021-12-20,Tuolumne,109,53932,7956,7867,117,7984,91
2021-12-20,Ventura,111,848112,104170,102452,4618,107070,1203
2021-12-20,Yolo,113,214977,21366,20903,1120,22023,267
2021-12-20,Yuba,115,75493,10741,10656,407,11063,97
2021-12-19,Alameda,001,1643700,127127,125464,3055,128519,1519
2021-12-19,Alpine,002,1148,110,112,0,112,0
2021-12-19,Amador,005,37829,5859,5832,74,5906,70
2021-12-19,Butte,007,227075,22233,22022,4152,26174,329
2021-12-19,Calaveras,009,45235,4592,4563,65,4628,91
2021-12-19,Colusa,011,21464,2662,2643,687,3330,21
2021-12-19,Contra Costa,013,1133247,105083,103906,2405,106311,1068
2021-12-19,Del Norte,015,27424,3823,3797,56,3853,43
2021-12-19,El Dorado,017,186661,17338,17067,1838,18905,172
2021-12-19,Fresno,019,978130,148932,147505,13367,160872,2341
2021-12-19,Glenn,021,27897,3636,3596,1056,4652,39
2021-12-19,Humboldt,023,135768,10058,9957,737,10694,118
2021-12-19,Imperial,025,180216,36962,36501,3997,40498,792
2021-12-19,Inyo,027,18085,2644,2613,40,2653,47
2021-12-19,Kern,029,883053,135225,134136,24565,158701,1883
2021-12-19,Kings,031,150075,34175,33874,2059,35933,378
2021-12-19,Lake,033,64148,7049,6999,165,7164,116
2021-12-19,Lassen,035,31185,7098,7065,427,7492,55
2021-12-19,Los Angeles,037,10098052,1516745,1495082,57587,1552669,27189
2021-12-19,Madera,039,155013,24848,24642,2367,27009,313
2021-12-19,Marin,041,260295,19052,18707,586,19293,249
2021-12-19,Mariposa,043,17540,1494,1475,62,1537,6
2021-12-19,Mendocino,045,87422,8369,8257,699,8956,96
2021-12-19,Merced,047,269075,44121,44045,2203,46248,687
2021-12-19,Modoc,049,8938,599,595,202,797,6
2021-12-19,Mono,051,14174,1990,1968,23,1991,4
2021-12-19,Monterey,053,433212,50949,49516,3416,52932,636
2021-12-19,Napa,055,140530,13762,13659,136,13795,107
2021-12-19,Nevada,057,99092,10171,10057,355,10412,109
2021-12-19,Orange,059,3164182,323329,319615,16895,336510,5852
2021-12-19,Placer,061,380077,40039,39525,3984,43509,485
2021-12-19,Plumas,063,18699,2024,1971,50,2021,12
2021-12-19,Riverside,065,2383286,386728,381305,16903,398208,5452
2021-12-19,Sacramento,067,1510023,169403,167933,5250,173183,2415
2021-12-19,San Benito,069,59416,7948,7929,183,8112,79
2021-12-19,San Bernardino,071,2135413,377597,373480,12047,385527,6023
2021-12-19,San Diego,073,3302833,403590,398197,23539,421736,4406
2021-12-19,San Francisco,075,870044,58437,56358,2595,58953,681
2021-12-19,San Joaquin,077,732212,104871,104125,5704,109829,1865
2021-12-19,San Luis Obispo,079,281455,31437,31035,1394,32429,366
2021-12-19,San Mateo,081,765935,58010,56132,1046,57178,581
2021-12-19,Santa Barbara,083,443738,47488,47070,1652,48722,562
2021-12-19,Santa Clara,085,1922200,157383,155049,1795,156844,1950
2021-12-19,Santa Cruz,087,273765,22275,21960,1059,23019,227
2021-12-19,Shasta,089,179085,22996,22875,3734,26609,429
2021-12-19,Sierra,091,2930,204,201,21,222,0
2021-12-19,Siskiyou,093,43540,3511,3452,1374,4826,59
2021-12-19,Solano,095,438530,48210,47341,1387,48728,370
2021-12-19,Sonoma,097,501317,44491,43944,609,44553,408
2021-12-19,Stanislaus,099,539301,82856,83040,9409,92449,1331
2021-12-19,Sutter,101,95872,14493,14475,412,14887,190
2021-12-19,Tehama,103,63373,8932,8840,1546,10386,136
2021-12-19,Trinity,105,12862,913,826,220,1046,17
2021-12-19,Tulare,107,460477,72131,71085,16494,87579,1129
2021-12-19,Tuolumne,109,53932,7939,7865,116,7981,91
2021-12-19,Ventura,111,848112,103590,102170,4553,106723,1203
2021-12-19,Yolo,113,214977,21284,20887,1102,21989,267
2021-12-19,Yuba,115,75493,10724,10646,405,11051,97
2021-12-18,Alameda,001,1643700,126715,124583,3028,127611,1512
2021-12-18,Alpine,002,1148,110,110,0,110,0
2021-12-18,Amador,005,37829,5853,5821,74,5895,69
2021-12-18,Butte,007,227075,22217,21956,4147,26103,328
2021-12-18,Calaveras,009,45235,4585,4534,65,4599,91
2021-12-18,Colusa,011,21464,2658,2635,685,3320,21
2021-12-18,Contra Costa,013,1133247,104868,103380,2391,105771,1065
2021-12-18,Del Norte,015,27424,3820,3791,56,3847,43
2021-12-18,El Dorado,017,186661,17310,16968,1835,18803,171
2021-12-18,Fresno,019,978130,148829,147038,13353,160391,2335
2021-12-18,Glenn,021,27897,3633,3590,1056,4646,39
2021-12-18,Humboldt,023,135768,10042,9889,737,10626,118
2021-12-18,Imperial,025,180216,36889,36280,3985,40265,790
2021-12-18,Inyo,027,18085,2638,2607,40,2647,47
2021-12-18,Kern,029,883053,135135,133754,24520,158274,1873
2021-12-18,Kings,031,150075,34142,33783,2055,35838,374
2021-12-18,Lake,033,64148,7048,6976,165,7141,115
2021-12-18,Lassen,035,31185,7096,7061,426,7487,55
2021-12-18,Los Angeles,037,10098052,1512646,1484840,57275,1542115,27135
2021-12-18,Madera,039,155013,24833,24575,2365,26940,313
2021-12-18,Marin,041,260295,18952,18537,574,19111,249
2021-12-18,Mariposa,043,17540,1493,1468,62,1530,6
2021-12-18,Mendocino,045,87422,8363,8219,699,8918,95
2021-12-18,Merced,047,269075,44086,43929,2202,46131,686
2021-12-18,Modoc,049,8938,597,595,202,797,6
2021-12-18,Mono,051,14174,1988,1956,23,1979,4
2021-12-18,Monterey,053,433212,50891,49343,3411,52754,635
2021-12-18,Napa,055,140530,13736,13581,134,13715,107
2021-12-18,Nevada,057,99092,10149,9991,353,10344,108
2021-12-18,Orange,059,3164182,322662,318149,16759,334908,5844
2021-12-18,Placer,061,380077,39937,39336,3970,43306,485
2021-12-18,Plumas,063,18699,2024,1964,50,2014,13
2021-12-18,Riverside,065,2383286,386027,379354,16862,396216,5439
2021-12-18,Sacramento,067,1510023,169166,167046,5230,172276,2404
2021-12-18,San Benito,069,59416,7933,7894,183,8077,79
2021-12-18,San Bernardino,071,2135413,376927,371658,12019,383677,6017
2021-12-18,San Diego,073,3302833,402625,397130,23487,420617,4399
2021-12-18,San Francisco,075,870044,57943,55562,2565,58127,679
2021-12-18,San Joaquin,077,732212,104784,103698,5694,109392,1858
2021-12-18,San Luis Obispo,079,281455,31395,30873,1388,32261,365
2021-12-18,San Mateo,081,765935,57770,55730,1041,56771,580
2021-12-18,Santa Barbara,083,443738,47392,46776,1650,48426,562
2021-12-18,Santa Clara,085,1922200,156927,154243,1782,156025,1946
2021-12-18,Santa Cruz,087,273765,22223,21805,1057,22862,225
2021-12-18,Shasta,089,179085,22975,22811,3734,26545,429
2021-12-18,Sierra,091,2930,204,199,21,220,0
2021-12-18,Siskiyou,093,43540,3509,3441,1373,4814,58
2021-12-18,Solano,095,438530,48163,47174,1385,48559,369
2021-12-18,Sonoma,097,501317,44381,43658,605,44263,407
2021-12-18,Stanislaus,099,539301,82774,82736,9397,92133,1330
2021-12-18,Sutter,101,95872,14475,14435,412,14847,190
2021-12-18,Tehama,103,63373,8925,8814,1545,10359,136
2021-12-18,Trinity,105,12862,913,823,220,1043,17
2021-12-18,Tulare,107,460477,72093,70922,16469,87391,1120
2021-12-18,Tuolumne,109,53932,7925,7834,116,7950,91
2021-12-18,Ventura,111,848112,103305,101612,4531,106143,1201
2021-12-18,Yolo,113,214977,21244,20793,1097,21890,267
2021-12-18,Yuba,115,75493,10713,10599,405,11004,96
2021-12-17,Alameda,001,1643700,126371,124583,3009,127592,1512
2021-12-17,Alpine,002,1148,110,110,0,110,0
2021-12-17,Amador,005,37829,5846,5821,74,5895,69
2021-12-17,Butte,007,227075,22196,21956,4140,26096,328
2021-12-17,Calaveras,009,45235,4581,4534,65,4599,91
2021-12-17,Colusa,011,21464,2657,2635,684,3319,21
2021-12-17,Contra Costa,013,1133247,104667,103380,2387,105767,1065
2021-12-17,Del Norte,015,27424,3819,3791,56,3847,43
2021-12-17,El Dorado,017,186661,17282,16968,1832,18800,171
2021-12-17,Fresno,019,978130,148726,147038,13352,160390,2335
2021-12-17,Glenn,021,27897,3626,3590,1056,4646,39
2021-12-17,Humboldt,023,135768,10022,9889,735,10624,118
2021-12-17,Imperial,025,180216,36826,36280,3967,40247,790
2021-12-17,Inyo,027,18085,2633,2607,40,2647,47
2021-12-17,Kern,029,883053,135043,133754,24479,158233,1873
2021-12-17,Kings,031,150075,34123,33783,2055,35838,374
2021-12-17,Lake,033,64148,7044,6976,165,7141,115
2021-12-17,Lassen,035,31185,7096,7061,425,7486,55
2021-12-17,Los Angeles,037,10098052,1508700,1484840,57038,1541878,27135
2021-12-17,Madera,039,155013,24817,24575,2360,26935,313
2021-12-17,Marin,041,260295,18876,18537,570,19107,249
2021-12-17,Mariposa,043,17540,1489,1468,62,1530,6
2021-12-17,Mendocino,045,87422,8352,8219,699,8918,95
2021-12-17,Merced,047,269075,44060,43929,2201,46130,686
2021-12-17,Modoc,049,8938,597,595,202,797,6
2021-12-17,Mono,051,14174,1985,1956,23,1979,4
2021-12-17,Monterey,053,433212,50833,49343,3406,52749,635
2021-12-17,Napa,055,140530,13709,13581,133,13714,107
2021-12-17,Nevada,057,99092,10138,9991,353,10344,108
2021-12-17,Orange,059,3164182,322098,318149,16692,334841,5844
2021-12-17,Placer,061,380077,39882,39336,3964,43300,485
2021-12-17,Plumas,063,18699,2023,1964,50,2014,13
2021-12-17,Riverside,065,2383286,385371,379354,16852,396206,5439
2021-12-17,Sacramento,067,1510023,168933,167046,5217,172263,2404
2021-12-17,San Benito,069,59416,7931,7894,183,8077,79
2021-12-17,San Bernardino,071,2135413,376365,371658,12002,383660,6017
2021-12-17,San Diego,073,3302833,401696,397130,23439,420569,4399
2021-12-17,San Francisco,075,870044,57615,55562,2535,58097,679
2021-12-17,San Joaquin,077,732212,104709,103698,5677,109375,1858
2021-12-17,San Luis Obispo,079,281455,31365,30873,1385,32258,365
2021-12-17,San Mateo,081,765935,57582,55730,1034,56764,580
2021-12-17,Santa Barbara,083,443738,47314,46776,1644,48420,562
2021-12-17,Santa Clara,085,1922200,156554,154243,1768,156011,1946
2021-12-17,Santa Cruz,087,273765,22176,21805,1053,22858,225
2021-12-17,Shasta,089,179085,22963,22811,3732,26543,429
2021-12-17,Sierra,091,2930,203,199,21,220,0
2021-12-17,Siskiyou,093,43540,3505,3441,1371,4812,58
2021-12-17,Solano,095,438530,48095,47174,1381,48555,369
2021-12-17,Sonoma,097,501317,44284,43658,602,44260,407
2021-12-17,Stanislaus,099,539301,82723,82736,9390,92126,1330
2021-12-17,Sutter,101,95872,14463,14435,410,14845,190
2021-12-17,Tehama,103,63373,8918,8814,1544,10358,136
2021-12-17,Trinity,105,12862,913,823,220,1043,17
2021-12-17,Tulare,107,460477,72051,70922,16439,87361,1120
2021-12-17,Tuolumne,109,53932,7913,7834,116,7950,91
2021-12-17,Ventura,111,848112,103055,101612,4519,106131,1201
2021-12-17,Yolo,113,214977,21208,20793,1095,21888,267
2021-12-17,Yuba,115,75493,10702,10599,403,11002,96
2021-12-16,Alameda,001,1643700,125990,124583,2994,127577,1512
2021-12-16,Alpine,002,1148,108,110,0,110,0
2021-12-16,Amador,005,37829,5838,5821,74,5895,69
2021-12-16,Butte,007,227075,22176,21956,4136,26092,328
2021-12-16,Calaveras,009,45235,4574,4534,65,4599,91
2021-12-16,Colusa,011,21464,2657,2635,684,3319,21
2021-12-16,Contra Costa,013,1133247,104445,103380,2377,105757,1065
2021-12-16,Del Norte,015,27424,3816,3791,56,3847,43
2021-12-16,El Dorado,017,186661,17247,16968,1827,18795,171
2021-12-16,Fresno,019,978130,148566,147038,13344,160382,2335
2021-12-16,Glenn,021,27897,3626,3590,1053,4643,39
2021-12-16,Humboldt,023,135768,9998,9889,725,10614,118
2021-12-16,Imperial,025,180216,36742,36280,3939,40219,790
2021-12-16,Inyo,027,18085,2629,2607,39,2646,47
2021-12-16,Kern,029,883053,134899,133754,24430,158184,1873
2021-12-16,Kings,031,150075,34099,33783,2054,35837,374
2021-12-16,Lake,033,64148,7040,6976,165,7141,115
2021-12-16,Lassen,035,31185,7093,7061,424,7485,55
2021-12-16,Los Angeles,037,10098052,1504486,1484840,56775,1541615,27135
2021-12-16,Madera,039,155013,24788,24575,2356,26931,313
2021-12-16,Marin,041,260295,18829,18537,563,19100,249
2021-12-16,Mariposa,043,17540,1487,1468,62,1530,6
2021-12-16,Mendocino,045,87422,8341,8219,694,8913,95
2021-12-16,Merced,047,269075,44021,43929,2200,46129,686
2021-12-16,Modoc,049,8938,597,595,202,797,6
2021-12-16,Mono,051,14174,1982,1956,23,1979,4
2021-12-16,Monterey,053,433212,50762,49343,3389,52732,635
2021-12-16,Napa,055,140530,13677,13581,133,13714,107
2021-12-16,Nevada,057,99092,10112,9991,353,10344,108
2021-12-16,Orange,059,3164182,321485,318149,16612,334761,5844
2021-12-16,Placer,061,380077,39803,39336,3959,43295,485
2021-12-16,Plumas,063,18699,2023,1964,50,2014,13
2021-12-16,Riverside,065,2383286,384562,379354,16838,396192,5439
2021-12-16,Sacramento,067,1510023,168648,167046,5193,172239,2404
2021-12-16,San Benito,069,59416,7924,7894,183,8077,79
2021-12-16,San Bernardino,071,2135413,375699,371658,11982,383640,6017
2021-12-16,San Diego,073,3302833,400527,397130,23373,420503,4399
2021-12-16,San Francisco,075,870044,57235,55562,2513,58075,679
2021-12-16,San Joaquin,077,732212,104587,103698,5670,109368,1858
2021-12-16,San Luis Obispo,079,281455,31295,30873,1379,32252,365
2021-12-16,San Mateo,081,765935,57382,55730,1031,56761,580
2021-12-16,Santa Barbara,083,443738,47193,46776,1640,48416,562
2021-12-16,Santa Clara,085,1922200,156222,154243,1758,156001,1946
2021-12-16,Santa Cruz,087,273765,22130,21805,1052,22857,225
2021-12-16,Shasta,089,179085,22933,22811,3730,26541,429
2021-12-16,Sierra,091,2930,203,199,21,220,0
2021-12-16,Siskiyou,093,43540,3504,3441,1367,4808,58
2021-12-16,Solano,095,438530,48027,47174,1374,48548,369
2021-12-16,Sonoma,097,501317,44184,43658,600,44258,407
2021-12-16,Stanislaus,099,539301,82636,82736,9376,92112,1330
2021-12-16,Sutter,101,95872,14449,14435,409,14844,190
2021-12-16,Tehama,103,63373,8911,8814,1543,10357,136
2021-12-16,Trinity,105,12862,913,823,220,1043,17
2021-12-16,Tulare,107,460477,72002,70922,16414,87336,1120
2021-12-16,Tuolumne,109,53932,7892,7834,116,7950,91
2021-12-16,Ventura,111,848112,102788,101612,4512,106124,1201
2021-12-16,Yolo,113,214977,21157,20793,1090,21883,267
2021-12-16,Yuba,115,75493,10686,10599,402,11001,96
2021-12-15,Alameda,001,1643700,125661,124342,2983,127325,1509
2021-12-15,Alpine,002,1148,108,109,0,109,0
2021-12-15,Amador,005,37829,5832,5810,74,5884,69
2021-12-15,Butte,007,227075,22152,21922,4135,26057,327
2021-12-15,Calaveras,009,45235,4568,4523,65,4588,89
2021-12-15,Colusa,011,21464,2656,2632,683,3315,21
2021-12-15,Contra Costa,013,1133247,104226,103236,2374,105610,1064
2021-12-15,Del Norte,015,27424,3815,3789,55,3844,43
2021-12-15,El Dorado,017,186661,17217,16936,1821,18757,171
2021-12-15,Fresno,019,978130,148437,146859,13329,160188,2319
2021-12-15,Glenn,021,27897,3625,3589,1053,4642,39
2021-12-15,Humboldt,023,135768,9978,9854,724,10578,118
2021-12-15,Imperial,025,180216,36662,36187,3895,40082,789
2021-12-15,Inyo,027,18085,2624,2606,39,2645,47
2021-12-15,Kern,029,883053,134761,133590,24384,157974,1866
2021-12-15,Kings,031,150075,34070,33716,2050,35766,374
2021-12-15,Lake,033,64148,7032,6968,164,7132,115
2021-12-15,Lassen,035,31185,7093,7062,424,7486,55
2021-12-15,Los Angeles,037,10098052,1500577,1482735,56576,1539311,27116
2021-12-15,Madera,039,155013,24770,24549,2350,26899,313
2021-12-15,Marin,041,260295,18770,18514,558,19072,249
2021-12-15,Mariposa,043,17540,1484,1463,62,1525,6
2021-12-15,Mendocino,045,87422,8336,8209,691,8900,95
2021-12-15,Merced,047,269075,43979,43890,2188,46078,685
2021-12-15,Modoc,049,8938,597,595,202,797,6
2021-12-15,Mono,051,14174,1978,1955,23,1978,4
2021-12-15,Monterey,053,433212,50707,49279,3371,52650,635
2021-12-15,Napa,055,140530,13648,13557,131,13688,107
2021-12-15,Nevada,057,99092,10091,9958,353,10311,107
2021-12-15,Orange,059,3164182,320901,317808,16570,334378,5838
2021-12-15,Placer,061,380077,39745,39264,3949,43213,485
2021-12-15,Plumas,063,18699,2019,1957,50,2007,12
2021-12-15,Riverside,065,2383286,383839,378769,16827,395596,5438
2021-12-15,Sacramento,067,1510023,168340,166793,5173,171966,2401
2021-12-15,San Benito,069,59416,7909,7877,183,8060,79
2021-12-15,San Bernardino,071,2135413,375132,371122,11949,383071,6013
2021-12-15,San Diego,073,3302833,399332,396546,23303,419849,4395
2021-12-15,San Francisco,075,870044,56916,55414,2495,57909,679
2021-12-15,San Joaquin,077,732212,104436,103579,5660,109239,1853
2021-12-15,San Luis Obispo,079,281455,31246,30784,1372,32156,365
2021-12-15,San Mateo,081,765935,57240,55657,1021,56678,580
2021-12-15,Santa Barbara,083,443738,47112,46681,1638,48319,562
2021-12-15,Santa Clara,085,1922200,155910,153928,1740,155668,1944
2021-12-15,Santa Cruz,087,273765,22090,21753,1045,22798,225
2021-12-15,Shasta,089,179085,22918,22778,3726,26504,427
2021-12-15,Sierra,091,2930,203,199,21,220,0
2021-12-15,Siskiyou,093,43540,3503,3434,1366,4800,58
2021-12-15,Solano,095,438530,47956,47098,1368,48466,367
2021-12-15,Sonoma,097,501317,44100,43580,595,44175,407
2021-12-15,Stanislaus,099,539301,82528,82628,9368,91996,1298
2021-12-15,Sutter,101,95872,14429,14428,408,14836,189
2021-12-15,Tehama,103,63373,8904,8806,1542,10348,136
2021-12-15,Trinity,105,12862,912,822,220,1042,17
2021-12-15,Tulare,107,460477,71950,70846,16385,87231,1120
2021-12-15,Tuolumne,109,53932,7883,7818,115,7933,91
2021-12-15,Ventura,111,848112,102573,101447,4506,105953,1199
2021-12-15,Yolo,113,214977,21128,20749,1086,21835,267
2021-12-15,Yuba,115,75493,10676,10587,401,10988,96
2021-12-14,Alameda,001,1643700,125328,124272,2971,127243,1506
2021-12-14,Alpine,002,1148,107,109,0,109,0
2021-12-14,Amador,005,37829,5826,5808,73,5881,69
2021-12-14,Butte,007,227075,22119,21901,4133,26034,326
2021-12-14,Calaveras,009,45235,4556,4517,65,4582,89
2021-12-14,Colusa,011,21464,2654,2628,683,3311,21
2021-12-14,Contra Costa,013,1133247,104042,103135,2370,105505,1064
2021-12-14,Del Norte,015,27424,3812,3788,55,3843,43
2021-12-14,El Dorado,017,186661,17182,16915,1819,18734,170
2021-12-14,Fresno,019,978130,148266,146756,13321,160077,2316
2021-12-14,Glenn,021,27897,3624,3589,1053,4642,39
2021-12-14,Humboldt,023,135768,9966,9836,716,10552,118
2021-12-14,Imperial,025,180216,36590,36049,3852,39901,789
2021-12-14,Inyo,027,18085,2623,2601,39,2640,46
2021-12-14,Kern,029,883053,134623,133498,24335,157833,1863
2021-12-14,Kings,031,150075,34033,33693,2047,35740,373
2021-12-14,Lake,033,64148,7023,6961,164,7125,115
2021-12-14,Lassen,035,31185,7092,7061,424,7485,55
2021-12-14,Los Angeles,037,10098052,1496907,1481131,56400,1537531,27099
2021-12-14,Madera,039,155013,24743,24535,2342,26877,313
2021-12-14,Marin,041,260295,18722,18491,556,19047,249
2021-12-14,Mariposa,043,17540,1481,1463,61,1524,6
2021-12-14,Mendocino,045,87422,8308,8206,689,8895,95
2021-12-14,Merced,047,269075,43933,43870,2186,46056,684
2021-12-14,Modoc,049,8938,596,595,202,797,6
2021-12-14,Mono,051,14174,1971,1955,23,1978,4
2021-12-14,Monterey,053,433212,50622,49237,3361,52598,635
2021-12-14,Napa,055,140530,13619,13528,131,13659,107
2021-12-14,Nevada,057,99092,10065,9956,352,10308,106
2021-12-14,Orange,059,3164182,320347,317465,16516,333981,5827
2021-12-14,Placer,061,380077,39669,39221,3944,43165,482
2021-12-14,Plumas,063,18699,2015,1950,48,1998,12
2021-12-14,Riverside,065,2383286,383145,378227,16810,395037,5427
2021-12-14,Sacramento,067,1510023,168030,166605,5150,171755,2394
2021-12-14,San Benito,069,59416,7891,7871,183,8054,79
2021-12-14,San Bernardino,071,2135413,374500,370604,11917,382521,6013
2021-12-14,San Diego,073,3302833,398193,395876,23252,419128,4393
2021-12-14,San Francisco,075,870044,56600,55278,2484,57762,679
2021-12-14,San Joaquin,077,732212,104293,103488,5643,109131,1848
2021-12-14,San Luis Obispo,079,281455,31186,30753,1368,32121,363
2021-12-14,San Mateo,081,765935,57076,55601,1014,56615,580
2021-12-14,Santa Barbara,083,443738,47010,46648,1634,48282,560
2021-12-14,Santa Clara,085,1922200,155588,153814,1727,155541,1945
2021-12-14,Santa Cruz,087,273765,22025,21737,1040,22777,225
2021-12-14,Shasta,089,179085,22891,22756,3725,26481,427
2021-12-14,Sierra,091,2930,201,199,21,220,0
2021-12-14,Siskiyou,093,43540,3498,3430,1365,4795,58
2021-12-14,Solano,095,438530,47909,47065,1362,48427,367
2021-12-14,Sonoma,097,501317,44017,43538,593,44131,407
2021-12-14,Stanislaus,099,539301,82441,82581,9352,91933,1293
2021-12-14,Sutter,101,95872,14417,14421,407,14828,189
2021-12-14,Tehama,103,63373,8900,8805,1542,10347,134
2021-12-14,Trinity,105,12862,912,821,220,1041,17
2021-12-14,Tulare,107,460477,71878,70803,16355,87158,1120
2021-12-14,Tuolumne,109,53932,7870,7815,115,7930,91
2021-12-14,Ventura,111,848112,102349,101343,4499,105842,1199
2021-12-14,Yolo,113,214977,21089,20734,1078,21812,267
2021-12-14,Yuba,115,75493,10659,10574,401,10975,92
2021-12-13,Alameda,001,1643700,125037,124174,2954,127128,1501
2021-12-13,Alpine,002,1148,107,109,0,109,0
2021-12-13,Amador,005,37829,5822,5797,73,5870,69
2021-12-13,Butte,007,227075,22095,21889,4129,26018,326
2021-12-13,Calaveras,009,45235,4549,4507,64,4571,89
2021-12-13,Colusa,011,21464,2651,2627,683,3310,21
2021-12-13,Contra Costa,013,1133247,103889,103041,2359,105400,1064
2021-12-13,Del Norte,015,27424,3808,3787,55,3842,42
2021-12-13,El Dorado,017,186661,17159,16896,1817,18713,170
2021-12-13,Fresno,019,978130,148116,146641,13311,159952,2312
2021-12-13,Glenn,021,27897,3620,3589,1051,4640,37
2021-12-13,Humboldt,023,135768,9937,9821,712,10533,118
2021-12-13,Imperial,025,180216,36506,35974,3831,39805,787
2021-12-13,Inyo,027,18085,2622,2592,39,2631,46
2021-12-13,Kern,029,883053,134497,133381,24282,157663,1863
2021-12-13,Kings,031,150075,33990,33680,2042,35722,372
2021-12-13,Lake,033,64148,7021,6958,162,7120,115
2021-12-13,Lassen,035,31185,7091,7057,424,7481,55
2021-12-13,Los Angeles,037,10098052,1494122,1480195,56239,1536434,27085
2021-12-13,Madera,039,155013,24714,24527,2337,26864,311
2021-12-13,Marin,041,260295,18661,18471,553,19024,249
2021-12-13,Mariposa,043,17540,1479,1462,61,1523,6
2021-12-13,Mendocino,045,87422,8295,8196,687,8883,95
2021-12-13,Merced,047,269075,43893,43848,2182,46030,682
2021-12-13,Modoc,049,8938,595,595,202,797,6
2021-12-13,Mono,051,14174,1964,1952,23,1975,4
2021-12-13,Monterey,053,433212,50571,49222,3342,52564,631
2021-12-13,Napa,055,140530,13606,13518,131,13649,107
2021-12-13,Nevada,057,99092,10046,9946,351,10297,106
2021-12-13,Orange,059,3164182,319877,317112,16464,333576,5824
2021-12-13,Placer,061,380077,39608,39168,3933,43101,481
2021-12-13,Plumas,063,18699,2011,1943,48,1991,12
2021-12-13,Riverside,065,2383286,382564,377728,16795,394523,5414
2021-12-13,Sacramento,067,1510023,167751,166439,5118,171557,2392
2021-12-13,San Benito,069,59416,7882,7856,183,8039,79
2021-12-13,San Bernardino,071,2135413,373919,370274,11909,382183,6011
2021-12-13,San Diego,073,3302833,397388,395266,23199,418465,4389
2021-12-13,San Francisco,075,870044,56329,55245,2471,57716,678
2021-12-13,San Joaquin,077,732212,104178,103449,5634,109083,1846
2021-12-13,San Luis Obispo,079,281455,31136,30746,1364,32110,363
2021-12-13,San Mateo,081,765935,56917,55569,1005,56574,580
2021-12-13,Santa Barbara,083,443738,46922,46608,1629,48237,560
2021-12-13,Santa Clara,085,1922200,155323,153672,1716,155388,1944
2021-12-13,Santa Cruz,087,273765,21970,21698,1037,22735,225
2021-12-13,Shasta,089,179085,22870,22731,3723,26454,426
2021-12-13,Sierra,091,2930,201,199,21,220,0
2021-12-13,Siskiyou,093,43540,3494,3426,1362,4788,57
2021-12-13,Solano,095,438530,47835,47045,1357,48402,365
2021-12-13,Sonoma,097,501317,43921,43492,591,44083,407
2021-12-13,Stanislaus,099,539301,82324,82507,9329,91836,1282
2021-12-13,Sutter,101,95872,14410,14408,407,14815,188
2021-12-13,Tehama,103,63373,8888,8800,1542,10342,134
2021-12-13,Trinity,105,12862,912,820,220,1040,17
2021-12-13,Tulare,107,460477,71820,70758,16331,87089,1114
2021-12-13,Tuolumne,109,53932,7859,7804,115,7919,91
2021-12-13,Ventura,111,848112,102124,101180,4488,105668,1197
2021-12-13,Yolo,113,214977,21037,20706,1076,21782,267
2021-12-13,Yuba,115,75493,10641,10570,401,10971,92
2021-12-12,Alameda,001,1643700,124755,124075,2942,127017,1503
2021-12-12,Alpine,002,1148,107,109,0,109,0
2021-12-12,Amador,005,37829,5814,5797,72,5869,69
2021-12-12,Butte,007,227075,22071,21874,4123,25997,326
2021-12-12,Calaveras,009,45235,4538,4501,64,4565,89
2021-12-12,Colusa,011,21464,2646,2627,680,3307,21
2021-12-12,Contra Costa,013,1133247,103700,102976,2357,105333,1065
2021-12-12,Del Norte,015,27424,3805,3793,55,3848,42
2021-12-12,El Dorado,017,186661,17123,16890,1809,18699,170
2021-12-12,Fresno,019,978130,147954,146518,13296,159814,2310
2021-12-12,Glenn,021,27897,3617,3589,1051,4640,37
2021-12-12,Humboldt,023,135768,9912,9804,705,10509,118
2021-12-12,Imperial,025,180216,36372,35926,3800,39726,787
2021-12-12,Inyo,027,18085,2617,2592,39,2631,46
2021-12-12,Kern,029,883053,134331,133314,24241,157555,1861
2021-12-12,Kings,031,150075,33939,33661,2040,35701,372
2021-12-12,Lake,033,64148,7013,6955,161,7116,115
2021-12-12,Lassen,035,31185,7090,7057,424,7481,55
2021-12-12,Los Angeles,037,10098052,1491206,1479054,56062,1535116,27074
2021-12-12,Madera,039,155013,24684,24493,2330,26823,311
2021-12-12,Marin,041,260295,18608,18451,549,19000,249
2021-12-12,Mariposa,043,17540,1478,1461,61,1522,6
2021-12-12,Mendocino,045,87422,8282,8190,686,8876,95
2021-12-12,Merced,047,269075,43859,43821,2175,45996,682
2021-12-12,Modoc,049,8938,595,595,201,796,6
2021-12-12,Mono,051,14174,1960,1947,23,1970,4
2021-12-12,Monterey,053,433212,50517,49192,3316,52508,631
2021-12-12,Napa,055,140530,13563,13508,129,13637,107
2021-12-12,Nevada,057,99092,10020,9938,350,10288,106
2021-12-12,Orange,059,3164182,319370,316918,16400,333318,5825
2021-12-12,Placer,061,380077,39544,39139,3927,43066,481
2021-12-12,Plumas,063,18699,2007,1942,46,1988,12
2021-12-12,Riverside,065,2383286,381888,377467,16770,394237,5414
2021-12-12,Sacramento,067,1510023,167483,166291,5097,171388,2392
2021-12-12,San Benito,069,59416,7862,7853,183,8036,79
2021-12-12,San Bernardino,071,2135413,373272,369977,11885,381862,6011
2021-12-12,San Diego,073,3302833,396493,393307,23161,416468,4378
2021-12-12,San Francisco,075,870044,56073,55180,2459,57639,678
2021-12-12,San Joaquin,077,732212,104038,103405,5624,109029,1846
2021-12-12,San Luis Obispo,079,281455,31083,30719,1362,32081,363
2021-12-12,San Mateo,081,765935,56800,55505,1001,56506,580
2021-12-12,Santa Barbara,083,443738,46847,46586,1627,48213,560
2021-12-12,Santa Clara,085,1922200,155037,153452,1702,155154,1945
2021-12-12,Santa Cruz,087,273765,21921,21671,1035,22706,225
2021-12-12,Shasta,089,179085,22842,22732,3722,26454,426
2021-12-12,Sierra,091,2930,201,199,21,220,0
2021-12-12,Siskiyou,093,43540,3494,3424,1362,4786,57
2021-12-12,Solano,095,438530,47769,47021,1354,48375,365
2021-12-12,Sonoma,097,501317,43829,43424,588,44012,407
2021-12-12,Stanislaus,099,539301,82224,82460,9316,91776,1282
2021-12-12,Sutter,101,95872,14399,14396,407,14803,189
2021-12-12,Tehama,103,63373,8877,8796,1540,10336,134
2021-12-12,Trinity,105,12862,910,820,220,1040,17
2021-12-12,Tulare,107,460477,71744,70733,16289,87022,1115
2021-12-12,Tuolumne,109,53932,7842,7794,115,7909,91
2021-12-12,Ventura,111,848112,101930,101105,4474,105579,1197
2021-12-12,Yolo,113,214977,20981,20685,1071,21756,267
2021-12-12,Yuba,115,75493,10627,10565,398,10963,92
2021-12-11,Alameda,001,1643700,124616,123572,2940,126512,1496
2021-12-11,Alpine,002,1148,107,109,0,109,0
2021-12-11,Amador,005,37829,5809,5787,72,5859,69
2021-12-11,Butte,007,227075,22057,21819,4121,25940,326
2021-12-11,Calaveras,009,45235,4530,4469,63,4532,89
2021-12-11,Colusa,011,21464,2642,2619,679,3298,21
2021-12-11,Contra Costa,013,1133247,103614,102618,2355,104973,1061
2021-12-11,Del Norte,015,27424,3805,3778,55,3833,42
2021-12-11,El Dorado,017,186661,17103,16796,1808,18604,170
2021-12-11,Fresno,019,978130,147865,145988,13287,159275,2294
2021-12-11,Glenn,021,27897,3615,3585,1051,4636,37
2021-12-11,Humboldt,023,135768,9895,9721,702,10423,118
2021-12-11,Imperial,025,180216,36314,35635,3791,39426,782
2021-12-11,Inyo,027,18085,2612,2576,39,2615,46
2021-12-11,Kern,029,883053,134262,132852,24207,157059,1854
2021-12-11,Kings,031,150075,33926,33530,2038,35568,371
2021-12-11,Lake,033,64148,7012,6932,159,7091,114
2021-12-11,Lassen,035,31185,7089,7049,424,7473,55
2021-12-11,Los Angeles,037,10098052,1489992,1474030,55972,1530002,27031
2021-12-11,Madera,039,155013,24678,24417,2329,26746,311
2021-12-11,Marin,041,260295,18574,18339,546,18885,249
2021-12-11,Mariposa,043,17540,1477,1450,61,1511,6
2021-12-11,Mendocino,045,87422,8276,8130,686,8816,95
2021-12-11,Merced,047,269075,43840,43690,2174,45864,681
2021-12-11,Modoc,049,8938,595,594,201,795,6
2021-12-11,Mono,051,14174,1956,1926,23,1949,4
2021-12-11,Monterey,053,433212,50488,49008,3313,52321,631
2021-12-11,Napa,055,140530,13546,13459,129,13588,107
2021-12-11,Nevada,057,99092,10007,9880,350,10230,106
2021-12-11,Orange,059,3164182,319120,315759,16373,332132,5805
2021-12-11,Placer,061,380077,39485,38959,3920,42879,481
2021-12-11,Plumas,063,18699,2001,1934,46,1980,12
2021-12-11,Riverside,065,2383286,381468,375649,16755,392404,5408
2021-12-11,Sacramento,067,1510023,167352,165530,5090,170620,2386
2021-12-11,San Benito,069,59416,7848,7808,183,7991,79
2021-12-11,San Bernardino,071,2135413,372909,368145,11875,380020,6007
2021-12-11,San Diego,073,3302833,396070,392274,23123,415397,4374
2021-12-11,San Francisco,075,870044,55920,54869,2454,57323,678
2021-12-11,San Joaquin,077,732212,103977,103013,5620,108633,1842
2021-12-11,San Luis Obispo,079,281455,31061,30567,1358,31925,362
2021-12-11,San Mateo,081,765935,56721,55284,999,56283,580
2021-12-11,Santa Barbara,083,443738,46812,46309,1627,47936,559
2021-12-11,Santa Clara,085,1922200,154839,152846,1690,154536,1941
2021-12-11,Santa Cruz,087,273765,21897,21557,1035,22592,225
2021-12-11,Shasta,089,179085,22827,22660,3718,26378,419
2021-12-11,Sierra,091,2930,201,199,21,220,0
2021-12-11,Siskiyou,093,43540,3488,3418,1359,4777,57
2021-12-11,Solano,095,438530,47740,46891,1350,48241,365
2021-12-11,Sonoma,097,501317,43780,43227,588,43815,407
2021-12-11,Stanislaus,099,539301,82175,82133,9307,91440,1264
2021-12-11,Sutter,101,95872,14390,14354,407,14761,187
2021-12-11,Tehama,103,63373,8874,8776,1538,10314,134
2021-12-11,Trinity,105,12862,910,819,220,1039,17
2021-12-11,Tulare,107,460477,71700,70523,16279,86802,1103
2021-12-11,Tuolumne,109,53932,7833,7760,115,7875,91
2021-12-11,Ventura,111,848112,101855,100711,4467,105178,1195
2021-12-11,Yolo,113,214977,20962,20608,1067,21675,267
2021-12-11,Yuba,115,75493,10615,10519,397,10916,92
2021-12-10,Alameda,001,1643700,124493,123572,2932,126504,1496
2021-12-10,Alpine,002,1148,106,109,0,109,0
2021-12-10,Amador,005,37829,5802,5787,72,5859,69
2021-12-10,Butte,007,227075,22044,21819,4119,25938,326
2021-12-10,Calaveras,009,45235,4527,4469,63,4532,89
2021-12-10,Colusa,011,21464,2641,2619,679,3298,21
2021-12-10,Contra Costa,013,1133247,103518,102618,2354,104972,1061
2021-12-10,Del Norte,015,27424,3805,3778,55,3833,42
2021-12-10,El Dorado,017,186661,17090,16796,1808,18604,170
2021-12-10,Fresno,019,978130,147777,145988,13276,159264,2294
2021-12-10,Glenn,021,27897,3615,3585,1051,4636,37
2021-12-10,Humboldt,023,135768,9878,9721,700,10421,118
2021-12-10,Imperial,025,180216,36259,35635,3776,39411,782
2021-12-10,Inyo,027,18085,2609,2576,39,2615,46
2021-12-10,Kern,029,883053,134173,132852,24183,157035,1854
2021-12-10,Kings,031,150075,33911,33530,2036,35566,371
2021-12-10,Lake,033,64148,7005,6932,159,7091,114
2021-12-10,Lassen,035,31185,7088,7049,424,7473,55
2021-12-10,Los Angeles,037,10098052,1488904,1474030,55886,1529916,27031
2021-12-10,Madera,039,155013,24660,24417,2327,26744,311
2021-12-10,Marin,041,260295,18552,18339,546,18885,249
2021-12-10,Mariposa,043,17540,1474,1450,61,1511,6
2021-12-10,Mendocino,045,87422,8269,8130,685,8815,95
2021-12-10,Merced,047,269075,43822,43690,2172,45862,681
2021-12-10,Modoc,049,8938,595,594,201,795,6
2021-12-10,Mono,051,14174,1953,1926,23,1949,4
2021-12-10,Monterey,053,433212,50451,49008,3307,52315,631
2021-12-10,Napa,055,140530,13534,13459,128,13587,107
2021-12-10,Nevada,057,99092,9998,9880,350,10230,106
2021-12-10,Orange,059,3164182,318852,315759,16341,332100,5805
2021-12-10,Placer,061,380077,39444,38959,3917,42876,481
2021-12-10,Plumas,063,18699,1999,1934,46,1980,12
2021-12-10,Riverside,065,2383286,381060,375649,16745,392394,5408
2021-12-10,Sacramento,067,1510023,167200,165530,5088,170618,2386
2021-12-10,San Benito,069,59416,7844,7808,183,7991,79
2021-12-10,San Bernardino,071,2135413,372537,368145,11852,379997,6007
2021-12-10,San Diego,073,3302833,395590,392274,23109,415383,4374
2021-12-10,San Francisco,075,870044,55835,54869,2448,57317,678
2021-12-10,San Joaquin,077,732212,103921,103013,5616,108629,1842
2021-12-10,San Luis Obispo,079,281455,31051,30567,1355,31922,362
2021-12-10,San Mateo,081,765935,56664,55284,996,56280,580
2021-12-10,Santa Barbara,083,443738,46776,46309,1626,47935,559
2021-12-10,Santa Clara,085,1922200,154669,152846,1677,154523,1941
2021-12-10,Santa Cruz,087,273765,21877,21557,1034,22591,225
2021-12-10,Shasta,089,179085,22816,22660,3715,26375,419
2021-12-10,Sierra,091,2930,201,199,21,220,0
2021-12-10,Siskiyou,093,43540,3481,3418,1359,4777,57
2021-12-10,Solano,095,438530,47698,46891,1346,48237,365
2021-12-10,Sonoma,097,501317,43746,43227,587,43814,407
2021-12-10,Stanislaus,099,539301,82109,82133,9301,91434,1264
2021-12-10,Sutter,101,95872,14382,14354,407,14761,187
2021-12-10,Tehama,103,63373,8872,8776,1536,10312,134
2021-12-10,Trinity,105,12862,910,819,220,1039,17
2021-12-10,Tulare,107,460477,71671,70523,16255,86778,1103
2021-12-10,Tuolumne,109,53932,7827,7760,115,7875,91
2021-12-10,Ventura,111,848112,101751,100711,4464,105175,1195
2021-12-10,Yolo,113,214977,20948,20608,1065,21673,267
2021-12-10,Yuba,115,75493,10603,10519,396,10915,92
2021-12-09,Alameda,001,1643700,124349,123572,2927,126499,1496
2021-12-09,Alpine,002,1148,106,109,0,109,0
2021-12-09,Amador,005,37829,5799,5787,71,5858,69
2021-12-09,Butte,007,227075,22024,21819,4115,25934,326
2021-12-09,Calaveras,009,45235,4518,4469,63,4532,89
2021-12-09,Colusa,011,21464,2639,2619,679,3298,21
2021-12-09,Contra Costa,013,1133247,103399,102618,2348,104966,1061
2021-12-09,Del Norte,015,27424,3804,3778,55,3833,42
2021-12-09,El Dorado,017,186661,17062,16796,1803,18599,170
2021-12-09,Fresno,019,978130,147629,145988,13263,159251,2294
2021-12-09,Glenn,021,27897,3615,3585,1051,4636,37
2021-12-09,Humboldt,023,135768,9855,9721,699,10420,118
2021-12-09,Imperial,025,180216,36188,35635,3747,39382,782
2021-12-09,Inyo,027,18085,2607,2576,39,2615,46
2021-12-09,Kern,029,883053,134047,132852,24150,157002,1854
2021-12-09,Kings,031,150075,33884,33530,2033,35563,371
2021-12-09,Lake,033,64148,6996,6932,159,7091,114
2021-12-09,Lassen,035,31185,7086,7049,424,7473,55
2021-12-09,Los Angeles,037,10098052,1487363,1474030,55802,1529832,27031
2021-12-09,Madera,039,155013,24635,24417,2324,26741,311
2021-12-09,Marin,041,260295,18538,18339,544,18883,249
2021-12-09,Mariposa,043,17540,1473,1450,61,1511,6
2021-12-09,Mendocino,045,87422,8256,8130,682,8812,95
2021-12-09,Merced,047,269075,43784,43690,2160,45850,681
2021-12-09,Modoc,049,8938,595,594,201,795,6
2021-12-09,Mono,051,14174,1949,1926,23,1949,4
2021-12-09,Monterey,053,433212,50405,49008,3296,52304,631
2021-12-09,Napa,055,140530,13514,13459,124,13583,107
2021-12-09,Nevada,057,99092,9979,9880,350,10230,106
2021-12-09,Orange,059,3164182,318515,315759,16302,332061,5805
2021-12-09,Placer,061,380077,39400,38959,3904,42863,481
2021-12-09,Plumas,063,18699,1991,1934,46,1980,12
2021-12-09,Riverside,065,2383286,380509,375649,16729,392378,5408
2021-12-09,Sacramento,067,1510023,166979,165530,5073,170603,2386
2021-12-09,San Benito,069,59416,7831,7808,182,7990,79
2021-12-09,San Bernardino,071,2135413,372022,368145,11828,379973,6007
2021-12-09,San Diego,073,3302833,394944,392274,23079,415353,4374
2021-12-09,San Francisco,075,870044,55750,54869,2441,57310,678
2021-12-09,San Joaquin,077,732212,103829,103013,5611,108624,1842
2021-12-09,San Luis Obispo,079,281455,31023,30567,1352,31919,362
2021-12-09,San Mateo,081,765935,56576,55284,994,56278,580
2021-12-09,Santa Barbara,083,443738,46696,46309,1620,47929,559
2021-12-09,Santa Clara,085,1922200,154452,152846,1666,154512,1941
2021-12-09,Santa Cruz,087,273765,21849,21557,1034,22591,225
2021-12-09,Shasta,089,179085,22800,22660,3714,26374,419
2021-12-09,Sierra,091,2930,201,199,21,220,0
2021-12-09,Siskiyou,093,43540,3477,3418,1358,4776,57
2021-12-09,Solano,095,438530,47661,46891,1344,48235,365
2021-12-09,Sonoma,097,501317,43690,43227,585,43812,407
2021-12-09,Stanislaus,099,539301,82038,82133,9286,91419,1264
2021-12-09,Sutter,101,95872,14367,14354,407,14761,187
2021-12-09,Tehama,103,63373,8865,8776,1534,10310,134
2021-12-09,Trinity,105,12862,910,819,220,1039,17
2021-12-09,Tulare,107,460477,71615,70523,16227,86750,1103
2021-12-09,Tuolumne,109,53932,7816,7760,114,7874,91
2021-12-09,Ventura,111,848112,101605,100711,4452,105163,1195
2021-12-09,Yolo,113,214977,20925,20608,1057,21665,267
2021-12-09,Yuba,115,75493,10595,10519,393,10912,92
2021-12-08,Alameda,001,1643700,124198,123438,2917,126355,1496
2021-12-08,Alpine,002,1148,106,108,0,108,0
2021-12-08,Amador,005,37829,5794,5781,71,5852,69
2021-12-08,Butte,007,227075,22007,21780,4112,25892,326
2021-12-08,Calaveras,009,45235,4510,4455,63,4518,89
2021-12-08,Colusa,011,21464,2636,2619,678,3297,21
2021-12-08,Contra Costa,013,1133247,103270,102506,2348,104854,1058
2021-12-08,Del Norte,015,27424,3803,3767,55,3822,42
2021-12-08,El Dorado,017,186661,17030,16757,1803,18560,170
2021-12-08,Fresno,019,978130,147468,145830,13249,159079,2293
2021-12-08,Glenn,021,27897,3615,3584,1048,4632,37
2021-12-08,Humboldt,023,135768,9834,9704,697,10401,117
2021-12-08,Imperial,025,180216,36107,35537,3717,39254,782
2021-12-08,Inyo,027,18085,2604,2570,39,2609,46
2021-12-08,Kern,029,883053,133925,132709,24102,156811,1846
2021-12-08,Kings,031,150075,33849,33468,2032,35500,371
2021-12-08,Lake,033,64148,6990,6927,158,7085,114
2021-12-08,Lassen,035,31185,7085,7041,422,7463,55
2021-12-08,Los Angeles,037,10098052,1485816,1472410,55691,1528101,27018
2021-12-08,Madera,039,155013,24614,24396,2317,26713,311
2021-12-08,Marin,041,260295,18517,18305,541,18846,249
2021-12-08,Mariposa,043,17540,1470,1447,61,1508,6
2021-12-08,Mendocino,045,87422,8243,8118,681,8799,95
2021-12-08,Merced,047,269075,43752,43631,2153,45784,680
2021-12-08,Modoc,049,8938,595,594,201,795,6
2021-12-08,Mono,051,14174,1943,1924,23,1947,4
2021-12-08,Monterey,053,433212,50338,48957,3283,52240,631
2021-12-08,Napa,055,140530,13500,13421,124,13545,107
2021-12-08,Nevada,057,99092,9963,9862,350,10212,106
2021-12-08,Orange,059,3164182,318167,315421,16265,331686,5795
2021-12-08,Placer,061,380077,39348,38934,3900,42834,478
2021-12-08,Plumas,063,18699,1989,1924,46,1970,12
2021-12-08,Riverside,065,2383286,379996,375099,16706,391805,5404
2021-12-08,Sacramento,067,1510023,166724,165278,5046,170324,2373
2021-12-08,San Benito,069,59416,7822,7793,182,7975,79
2021-12-08,San Bernardino,071,2135413,371540,367516,11804,379320,6006
2021-12-08,San Diego,073,3302833,394294,391676,23047,414723,4369
2021-12-08,San Francisco,075,870044,55663,54792,2433,57225,677
2021-12-08,San Joaquin,077,732212,103727,102877,5602,108479,1841
2021-12-08,San Luis Obispo,079,281455,30974,30519,1347,31866,361
2021-12-08,San Mateo,081,765935,56509,55220,988,56208,580
2021-12-08,Santa Barbara,083,443738,46641,46250,1617,47867,558
2021-12-08,Santa Clara,085,1922200,154289,152674,1655,154329,1937
2021-12-08,Santa Cruz,087,273765,21803,21505,1032,22537,224
2021-12-08,Shasta,089,179085,22780,22616,3708,26324,419
2021-12-08,Sierra,091,2930,201,199,21,220,0
2021-12-08,Siskiyou,093,43540,3476,3415,1356,4771,57
2021-12-08,Solano,095,438530,47631,46837,1343,48180,365
2021-12-08,Sonoma,097,501317,43628,43179,584,43763,405
2021-12-08,Stanislaus,099,539301,81957,82038,9273,91311,1264
2021-12-08,Sutter,101,95872,14351,14336,405,14741,187
2021-12-08,Tehama,103,63373,8856,8768,1534,10302,133
2021-12-08,Trinity,105,12862,910,818,220,1038,17
2021-12-08,Tulare,107,460477,71552,70472,16202,86674,1102
2021-12-08,Tuolumne,109,53932,7803,7749,114,7863,91
2021-12-08,Ventura,111,848112,101476,100647,4449,105096,1194
2021-12-08,Yolo,113,214977,20898,20575,1052,21627,267
2021-12-08,Yuba,115,75493,10581,10499,390,10889,92
2021-12-07,Alameda,001,1643700,124023,123325,2909,126234,1497
2021-12-07,Alpine,002,1148,106,108,0,108,0
2021-12-07,Amador,005,37829,5791,5778,70,5848,69
2021-12-07,Butte,007,227075,21983,21761,4106,25867,324
2021-12-07,Calaveras,009,45235,4493,4445,63,4508,88
2021-12-07,Colusa,011,21464,2634,2619,678,3297,21
2021-12-07,Contra Costa,013,1133247,103149,102421,2340,104761,1058
2021-12-07,Del Norte,015,27424,3802,3766,55,3821,42
2021-12-07,El Dorado,017,186661,17005,16742,1800,18542,170
2021-12-07,Fresno,019,978130,147319,145715,13235,158950,2289
2021-12-07,Glenn,021,27897,3614,3579,1048,4627,36
2021-12-07,Humboldt,023,135768,9808,9693,692,10385,117
2021-12-07,Imperial,025,180216,36029,35502,3696,39198,778
2021-12-07,Inyo,027,18085,2601,2567,39,2606,46
2021-12-07,Kern,029,883053,133765,132564,24049,156613,1838
2021-12-07,Kings,031,150075,33817,33441,2029,35470,372
2021-12-07,Lake,033,64148,6986,6925,158,7083,113
2021-12-07,Lassen,035,31185,7083,7040,421,7461,55
2021-12-07,Los Angeles,037,10098052,1484040,1470904,55591,1526495,27007
2021-12-07,Madera,039,155013,24591,24367,2310,26677,311
2021-12-07,Marin,041,260295,18484,18284,536,18820,249
2021-12-07,Mariposa,043,17540,1468,1446,61,1507,6
2021-12-07,Mendocino,045,87422,8224,8107,681,8788,95
2021-12-07,Merced,047,269075,43711,43600,2146,45746,675
2021-12-07,Modoc,049,8938,595,594,200,794,6
2021-12-07,Mono,051,14174,1941,1921,23,1944,4
2021-12-07,Monterey,053,433212,50254,48880,3265,52145,631
2021-12-07,Napa,055,140530,13481,13409,124,13533,107
2021-12-07,Nevada,057,99092,9948,9858,349,10207,105
2021-12-07,Orange,059,3164182,317832,315138,16216,331354,5784
2021-12-07,Placer,061,380077,39273,38860,3896,42756,474
2021-12-07,Plumas,063,18699,1985,1915,46,1961,12
2021-12-07,Riverside,065,2383286,379464,374552,16690,391242,5397
2021-12-07,Sacramento,067,1510023,166476,165148,5032,170180,2375
2021-12-07,San Benito,069,59416,7805,7776,182,7958,78
2021-12-07,San Bernardino,071,2135413,370947,366981,11786,378767,6007
2021-12-07,San Diego,073,3302833,393451,391110,23009,414119,4357
2021-12-07,San Francisco,075,870044,55551,54729,2428,57157,676
2021-12-07,San Joaquin,077,732212,103610,102797,5590,108387,1839
2021-12-07,San Luis Obispo,079,281455,30934,30495,1345,31840,361
2021-12-07,San Mateo,081,765935,56417,55163,982,56145,580
2021-12-07,Santa Barbara,083,443738,46569,46205,1615,47820,556
2021-12-07,Santa Clara,085,1922200,154104,152465,1646,154111,1941
2021-12-07,Santa Cruz,087,273765,21756,21493,1032,22525,224
2021-12-07,Shasta,089,179085,22758,22594,3705,26299,418
2021-12-07,Sierra,091,2930,201,199,21,220,0
2021-12-07,Siskiyou,093,43540,3474,3412,1356,4768,57
2021-12-07,Solano,095,438530,47591,46812,1341,48153,365
2021-12-07,Sonoma,097,501317,43553,43154,583,43737,405
2021-12-07,Stanislaus,099,539301,81879,81980,9262,91242,1258
2021-12-07,Sutter,101,95872,14343,14322,404,14726,186
2021-12-07,Tehama,103,63373,8848,8765,1533,10298,133
2021-12-07,Trinity,105,12862,910,818,220,1038,17
2021-12-07,Tulare,107,460477,71497,70411,16175,86586,1103
2021-12-07,Tuolumne,109,53932,7795,7743,114,7857,91
2021-12-07,Ventura,111,848112,101379,100569,4439,105008,1194
2021-12-07,Yolo,113,214977,20871,20560,1050,21610,263
2021-12-07,Yuba,115,75493,10564,10491,389,10880,91
2021-12-06,Alameda,001,1643700,123857,123227,2905,126132,1496
2021-12-06,Alpine,002,1148,106,108,0,108,0
2021-12-06,Amador,005,37829,5784,5769,69,5838,67
2021-12-06,Butte,007,227075,21965,21732,4103,25835,321
2021-12-06,Calaveras,009,45235,4486,4443,63,4506,88
2021-12-06,Colusa,011,21464,2633,2615,674,3289,21
2021-12-06,Contra Costa,013,1133247,103029,102327,2336,104663,1058
2021-12-06,Del Norte,015,27424,3800,3744,55,3799,42
2021-12-06,El Dorado,017,186661,16980,16726,1798,18524,168
2021-12-06,Fresno,019,978130,147122,145539,13223,158762,2285
2021-12-06,Glenn,021,27897,3611,3577,1047,4624,36
2021-12-06,Humboldt,023,135768,9787,9671,685,10356,117
2021-12-06,Imperial,025,180216,35948,35453,3678,39131,778
2021-12-06,Inyo,027,18085,2595,2562,38,2600,46
2021-12-06,Kern,029,883053,133577,132366,23993,156359,1835
2021-12-06,Kings,031,150075,33784,33399,2024,35423,368
2021-12-06,Lake,033,64148,6982,6922,158,7080,113
2021-12-06,Lassen,035,31185,7078,7032,419,7451,51
2021-12-06,Los Angeles,037,10098052,1482378,1470059,55498,1525557,26993
2021-12-06,Madera,039,155013,24564,24334,2307,26641,307
2021-12-06,Marin,041,260295,18456,18252,534,18786,249
2021-12-06,Mariposa,043,17540,1465,1443,61,1504,6
2021-12-06,Mendocino,045,87422,8211,8079,677,8756,95
2021-12-06,Merced,047,269075,43671,43549,2136,45685,672
2021-12-06,Modoc,049,8938,595,593,200,793,6
2021-12-06,Mono,051,14174,1936,1913,23,1936,4
2021-12-06,Monterey,053,433212,50176,48831,3246,52077,626
2021-12-06,Napa,055,140530,13458,13387,122,13509,107
2021-12-06,Nevada,057,99092,9920,9847,348,10195,105
2021-12-06,Orange,059,3164182,317452,314859,16173,331032,5771
2021-12-06,Placer,061,380077,39220,38785,3891,42676,473
2021-12-06,Plumas,063,18699,1977,1913,46,1959,10
2021-12-06,Riverside,065,2383286,378939,374116,16676,390792,5388
2021-12-06,Sacramento,067,1510023,166200,164926,5011,169937,2367
2021-12-06,San Benito,069,59416,7789,7755,182,7937,78
2021-12-06,San Bernardino,071,2135413,370387,366606,11759,378365,5998
2021-12-06,San Diego,073,3302833,392605,390389,22964,413353,4352
2021-12-06,San Francisco,075,870044,55441,54659,2423,57082,674
2021-12-06,San Joaquin,077,732212,103482,102728,5583,108311,1837
2021-12-06,San Luis Obispo,079,281455,30897,30464,1343,31807,361
2021-12-06,San Mateo,081,765935,56343,55112,979,56091,580
2021-12-06,Santa Barbara,083,443738,46476,46146,1614,47760,556
2021-12-06,Santa Clara,085,1922200,153894,152310,1629,153939,1937
2021-12-06,Santa Cruz,087,273765,21721,21450,1029,22479,224
2021-12-06,Shasta,089,179085,22735,22556,3697,26253,416
2021-12-06,Sierra,091,2930,200,198,21,219,0
2021-12-06,Siskiyou,093,43540,3472,3409,1351,4760,57
2021-12-06,Solano,095,438530,47546,46748,1340,48088,360
2021-12-06,Sonoma,097,501317,43482,43114,575,43689,405
2021-12-06,Stanislaus,099,539301,81782,81889,9228,91117,1241
2021-12-06,Sutter,101,95872,14331,14319,404,14723,186
2021-12-06,Tehama,103,63373,8840,8760,1533,10293,133
2021-12-06,Trinity,105,12862,910,815,219,1034,17
2021-12-06,Tulare,107,460477,71420,70285,16135,86420,1101
2021-12-06,Tuolumne,109,53932,7781,7726,114,7840,91
2021-12-06,Ventura,111,848112,101278,100426,4431,104857,1194
2021-12-06,Yolo,113,214977,20846,20548,1050,21598,263
2021-12-06,Yuba,115,75493,10549,10480,384,10864,91
2021-12-05,Alameda,001,1643700,123672,123104,2898,126002,1496
2021-12-05,Alpine,002,1148,105,108,0,108,0
2021-12-05,Amador,005,37829,5781,5761,69,5830,67
2021-12-05,Butte,007,227075,21931,21720,4097,25817,320
2021-12-05,Calaveras,009,45235,4470,4434,63,4497,88
2021-12-05,Colusa,011,21464,2632,2615,673,3288,21
2021-12-05,Contra Costa,013,1133247,102896,102251,2326,104577,1058
2021-12-05,Del Norte,015,27424,3798,3751,55,3806,42
2021-12-05,El Dorado,017,186661,16941,16717,1793,18510,168
2021-12-05,Fresno,019,978130,146948,145452,13202,158654,2284
2021-12-05,Glenn,021,27897,3609,3577,1046,4623,36
2021-12-05,Humboldt,023,135768,9756,9662,682,10344,117
2021-12-05,Imperial,025,180216,35853,35422,3649,39071,778
2021-12-05,Inyo,027,18085,2588,2559,38,2597,46
2021-12-05,Kern,029,883053,133413,132286,23941,156227,1833
2021-12-05,Kings,031,150075,33721,33360,2024,35384,369
2021-12-05,Lake,033,64148,6977,6919,157,7076,113
2021-12-05,Lassen,035,31185,7076,7031,419,7450,51
2021-12-05,Los Angeles,037,10098052,1480532,1468937,55364,1524301,26991
2021-12-05,Madera,039,155013,24523,24311,2304,26615,307
2021-12-05,Marin,041,260295,18409,18216,526,18742,249
2021-12-05,Mariposa,043,17540,1462,1440,60,1500,6
2021-12-05,Mendocino,045,87422,8192,8069,671,8740,95
2021-12-05,Merced,047,269075,43626,43534,2127,45661,672
2021-12-05,Modoc,049,8938,595,593,200,793,6
2021-12-05,Mono,051,14174,1929,1907,23,1930,4
2021-12-05,Monterey,053,433212,50104,48813,3214,52027,626
2021-12-05,Napa,055,140530,13432,13382,119,13501,107
2021-12-05,Nevada,057,99092,9899,9827,347,10174,105
2021-12-05,Orange,059,3164182,317015,314560,16131,330691,5771
2021-12-05,Placer,061,380077,39161,38738,3882,42620,473
2021-12-05,Plumas,063,18699,1973,1913,45,1958,9
2021-12-05,Riverside,065,2383286,378281,373827,16646,390473,5388
2021-12-05,Sacramento,067,1510023,165896,164721,4993,169714,2367
2021-12-05,San Benito,069,59416,7772,7748,181,7929,78
2021-12-05,San Bernardino,071,2135413,369679,366282,11712,377994,5998
2021-12-05,San Diego,073,3302833,391810,387979,22915,410894,4351
2021-12-05,San Francisco,075,870044,55338,54603,2421,57024,674
2021-12-05,San Joaquin,077,732212,103341,102698,5578,108276,1837
2021-12-05,San Luis Obispo,079,281455,30827,30454,1340,31794,360
2021-12-05,San Mateo,081,765935,56254,55050,969,56019,580
2021-12-05,Santa Barbara,083,443738,46393,46097,1606,47703,555
2021-12-05,Santa Clara,085,1922200,153640,152114,1611,153725,1933
2021-12-05,Santa Cruz,087,273765,21671,21424,1029,22453,224
2021-12-05,Shasta,089,179085,22678,22550,3696,26246,416
2021-12-05,Sierra,091,2930,200,198,21,219,0
2021-12-05,Siskiyou,093,43540,3470,3409,1350,4759,57
2021-12-05,Solano,095,438530,47483,46715,1338,48053,360
2021-12-05,Sonoma,097,501317,43405,43038,570,43608,405
2021-12-05,Stanislaus,099,539301,81645,81847,9218,91065,1241
2021-12-05,Sutter,101,95872,14308,14303,399,14702,186
2021-12-05,Tehama,103,63373,8832,8755,1531,10286,133
2021-12-05,Trinity,105,12862,909,815,219,1034,17
2021-12-05,Tulare,107,460477,71339,70254,16087,86341,1102
2021-12-05,Tuolumne,109,53932,7768,7718,114,7832,91
2021-12-05,Ventura,111,848112,101143,100367,4418,104785,1194
2021-12-05,Yolo,113,214977,20803,20512,1049,21561,263
2021-12-05,Yuba,115,75493,10536,10467,377,10844,91
2021-12-04,Alameda,001,1643700,123558,122508,2895,125403,1494
2021-12-04,Alpine,002,1148,105,108,0,108,0
2021-12-04,Amador,005,37829,5778,5729,69,5798,67
2021-12-04,Butte,007,227075,21912,21638,4093,25731,318
2021-12-04,Calaveras,009,45235,4462,4392,62,4454,88
2021-12-04,Colusa,011,21464,2632,2600,671,3271,21
2021-12-04,Contra Costa,013,1133247,102824,101824,2320,104144,1056
2021-12-04,Del Norte,015,27424,3795,3726,55,3781,42
2021-12-04,El Dorado,017,186661,16932,16621,1793,18414,168
2021-12-04,Fresno,019,978130,146858,144734,13194,157928,2270
2021-12-04,Glenn,021,27897,3609,3559,1046,4605,36
2021-12-04,Humboldt,023,135768,9741,9596,678,10274,117
2021-12-04,Imperial,025,180216,35800,35206,3636,38842,776
2021-12-04,Inyo,027,18085,2583,2538,38,2576,46
2021-12-04,Kern,029,883053,133333,131771,23918,155689,1817
2021-12-04,Kings,031,150075,33698,33183,2023,35206,367
2021-12-04,Lake,033,64148,6968,6903,157,7060,113
2021-12-04,Lassen,035,31185,7075,7014,417,7431,51
2021-12-04,Los Angeles,037,10098052,1479655,1463270,55286,1518556,26952
2021-12-04,Madera,039,155013,24509,24188,2300,26488,307
2021-12-04,Marin,041,260295,18388,18075,525,18600,249
2021-12-04,Mariposa,043,17540,1458,1421,60,1481,6
2021-12-04,Mendocino,045,87422,8187,7981,671,8652,91
2021-12-04,Merced,047,269075,43599,43337,2125,45462,671
2021-12-04,Modoc,049,8938,595,591,200,791,6
2021-12-04,Mono,051,14174,1929,1883,23,1906,4
2021-12-04,Monterey,053,433212,50072,48682,3207,51889,626
2021-12-04,Napa,055,140530,13422,13327,118,13445,106
2021-12-04,Nevada,057,99092,9891,9752,347,10099,105
2021-12-04,Orange,059,3164182,316783,313112,16105,329217,5748
2021-12-04,Placer,061,380077,39119,38460,3875,42335,473
2021-12-04,Plumas,063,18699,1970,1903,45,1948,7
2021-12-04,Riverside,065,2383286,377922,371768,16640,388408,5381
2021-12-04,Sacramento,067,1510023,165752,163900,4985,168885,2365
2021-12-04,San Benito,069,59416,7746,7688,181,7869,78
2021-12-04,San Bernardino,071,2135413,369290,364154,11699,375853,5983
2021-12-04,San Diego,073,3302833,391332,386710,22885,409595,4350
2021-12-04,San Francisco,075,870044,55270,54286,2418,56704,674
2021-12-04,San Joaquin,077,732212,103286,102286,5576,107862,1835
2021-12-04,San Luis Obispo,079,281455,30806,30318,1336,31654,360
2021-12-04,San Mateo,081,765935,56205,54774,966,55740,579
2021-12-04,Santa Barbara,083,443738,46348,45774,1606,47380,555
2021-12-04,Santa Clara,085,1922200,153486,151275,1597,152872,1928
2021-12-04,Santa Cruz,087,273765,21645,21286,1028,22314,224
2021-12-04,Shasta,089,179085,22661,22418,3694,26112,414
2021-12-04,Sierra,091,2930,200,196,21,217,0
2021-12-04,Siskiyou,093,43540,3468,3398,1350,4748,57
2021-12-04,Solano,095,438530,47463,46529,1337,47866,360
2021-12-04,Sonoma,097,501317,43360,42778,567,43345,405
2021-12-04,Stanislaus,099,539301,81573,81462,9211,90673,1231
2021-12-04,Sutter,101,95872,14300,14258,398,14656,186
2021-12-04,Tehama,103,63373,8830,8742,1531,10273,131
2021-12-04,Trinity,105,12862,908,801,219,1020,17
2021-12-04,Tulare,107,460477,71301,70014,16058,86072,1100
2021-12-04,Tuolumne,109,53932,7763,7676,114,7790,91
2021-12-04,Ventura,111,848112,101052,99751,4414,104165,1192
2021-12-04,Yolo,113,214977,20780,20442,1047,21489,261
2021-12-04,Yuba,115,75493,10525,10418,376,10794,91
2021-12-03,Alameda,001,1643700,123464,122508,2885,125393,1494
2021-12-03,Alpine,002,1148,105,108,0,108,0
2021-12-03,Amador,005,37829,5773,5729,68,5797,67
2021-12-03,Butte,007,227075,21899,21638,4088,25726,318
2021-12-03,Calaveras,009,45235,4453,4392,62,4454,88
2021-12-03,Colusa,011,21464,2630,2600,671,3271,21
2021-12-03,Contra Costa,013,1133247,102751,101824,2314,104138,1056
2021-12-03,Del Norte,015,27424,3793,3726,55,3781,42
2021-12-03,El Dorado,017,186661,16903,16621,1791,18412,168
2021-12-03,Fresno,019,978130,146744,144734,13191,157925,2270
2021-12-03,Glenn,021,27897,3608,3559,1045,4604,36
2021-12-03,Humboldt,023,135768,9724,9596,676,10272,117
2021-12-03,Imperial,025,180216,35758,35206,3606,38812,776
2021-12-03,Inyo,027,18085,2576,2538,38,2576,46
2021-12-03,Kern,029,883053,133261,131771,23883,155654,1817
2021-12-03,Kings,031,150075,33671,33183,2023,35206,367
2021-12-03,Lake,033,64148,6968,6903,157,7060,113
2021-12-03,Lassen,035,31185,7073,7014,416,7430,51
2021-12-03,Los Angeles,037,10098052,1478709,1463270,55211,1518481,26952
2021-12-03,Madera,039,155013,24483,24188,2296,26484,307
2021-12-03,Marin,041,260295,18354,18075,521,18596,249
2021-12-03,Mariposa,043,17540,1456,1421,60,1481,6
2021-12-03,Mendocino,045,87422,8180,7981,671,8652,91
2021-12-03,Merced,047,269075,43576,43337,2122,45459,671
2021-12-03,Modoc,049,8938,595,591,200,791,6
2021-12-03,Mono,051,14174,1923,1883,23,1906,4
2021-12-03,Monterey,053,433212,50033,48682,3196,51878,626
2021-12-03,Napa,055,140530,13410,13327,118,13445,106
2021-12-03,Nevada,057,99092,9880,9752,347,10099,105
2021-12-03,Orange,059,3164182,316514,313112,16073,329185,5748
2021-12-03,Placer,061,380077,39081,38460,3869,42329,473
2021-12-03,Plumas,063,18699,1967,1903,45,1948,7
2021-12-03,Riverside,065,2383286,377531,371768,16634,388402,5381
2021-12-03,Sacramento,067,1510023,165571,163900,4971,168871,2365
2021-12-03,San Benito,069,59416,7739,7688,181,7869,78
2021-12-03,San Bernardino,071,2135413,368842,364154,11688,375842,5983
2021-12-03,San Diego,073,3302833,390856,386710,22861,409571,4350
2021-12-03,San Francisco,075,870044,55200,54286,2414,56700,674
2021-12-03,San Joaquin,077,732212,103230,102286,5575,107861,1835
2021-12-03,San Luis Obispo,079,281455,30780,30318,1333,31651,360
2021-12-03,San Mateo,081,765935,56140,54774,963,55737,579
2021-12-03,Santa Barbara,083,443738,46312,45774,1606,47380,555
2021-12-03,Santa Clara,085,1922200,153306,151275,1583,152858,1928
2021-12-03,Santa Cruz,087,273765,21618,21286,1028,22314,224
2021-12-03,Shasta,089,179085,22646,22418,3694,26112,414
2021-12-03,Sierra,091,2930,200,196,21,217,0
2021-12-03,Siskiyou,093,43540,3465,3398,1348,4746,57
2021-12-03,Solano,095,438530,47421,46529,1336,47865,360
2021-12-03,Sonoma,097,501317,43324,42778,565,43343,405
2021-12-03,Stanislaus,099,539301,81516,81462,9202,90664,1231
2021-12-03,Sutter,101,95872,14287,14258,396,14654,186
2021-12-03,Tehama,103,63373,8829,8742,1530,10272,131
2021-12-03,Trinity,105,12862,908,801,219,1020,17
2021-12-03,Tulare,107,460477,71262,70014,16027,86041,1100
2021-12-03,Tuolumne,109,53932,7754,7676,114,7790,91
2021-12-03,Ventura,111,848112,100966,99751,4407,104158,1192
2021-12-03,Yolo,113,214977,20763,20442,1046,21488,261
2021-12-03,Yuba,115,75493,10517,10418,376,10794,91
2021-12-02,Alameda,001,1643700,123306,122508,2878,125386,1494
2021-12-02,Alpine,002,1148,105,108,0,108,0
2021-12-02,Amador,005,37829,5768,5729,67,5796,67
2021-12-02,Butte,007,227075,21874,21638,4083,25721,318
2021-12-02,Calaveras,009,45235,4443,4392,61,4453,88
2021-12-02,Colusa,011,21464,2629,2600,671,3271,21
2021-12-02,Contra Costa,013,1133247,102637,101824,2310,104134,1056
2021-12-02,Del Norte,015,27424,3785,3726,55,3781,42
2021-12-02,El Dorado,017,186661,16882,16621,1789,18410,168
2021-12-02,Fresno,019,978130,146574,144734,13177,157911,2270
2021-12-02,Glenn,021,27897,3608,3559,1042,4601,36
2021-12-02,Humboldt,023,135768,9705,9596,675,10271,117
2021-12-02,Imperial,025,180216,35690,35206,3584,38790,776
2021-12-02,Inyo,027,18085,2571,2538,38,2576,46
2021-12-02,Kern,029,883053,133091,131771,23831,155602,1817
2021-12-02,Kings,031,150075,33617,33183,2021,35204,367
2021-12-02,Lake,033,64148,6964,6903,157,7060,113
2021-12-02,Lassen,035,31185,7069,7014,416,7430,51
2021-12-02,Los Angeles,037,10098052,1477192,1463270,55123,1518393,26952
2021-12-02,Madera,039,155013,24446,24188,2287,26475,307
2021-12-02,Marin,041,260295,18324,18075,517,18592,249
2021-12-02,Mariposa,043,17540,1453,1421,60,1481,6
2021-12-02,Mendocino,045,87422,8164,7981,670,8651,91
2021-12-02,Merced,047,269075,43530,43337,2117,45454,671
2021-12-02,Modoc,049,8938,594,591,200,791,6
2021-12-02,Mono,051,14174,1917,1883,23,1906,4
2021-12-02,Monterey,053,433212,49957,48682,3175,51857,626
2021-12-02,Napa,055,140530,13397,13327,118,13445,106
2021-12-02,Nevada,057,99092,9862,9752,346,10098,105
2021-12-02,Orange,059,3164182,316170,313112,16036,329148,5748
2021-12-02,Placer,061,380077,39013,38460,3864,42324,473
2021-12-02,Plumas,063,18699,1964,1903,45,1948,7
2021-12-02,Riverside,065,2383286,377002,371768,16624,388392,5381
2021-12-02,Sacramento,067,1510023,165343,163900,4961,168861,2365
2021-12-02,San Benito,069,59416,7719,7688,181,7869,78
2021-12-02,San Bernardino,071,2135413,368288,364154,11668,375822,5983
2021-12-02,San Diego,073,3302833,390216,386710,22806,409516,4350
2021-12-02,San Francisco,075,870044,55105,54286,2409,56695,674
2021-12-02,San Joaquin,077,732212,103116,102286,5570,107856,1835
2021-12-02,San Luis Obispo,079,281455,30746,30318,1326,31644,360
2021-12-02,San Mateo,081,765935,56059,54774,955,55729,579
2021-12-02,Santa Barbara,083,443738,46231,45774,1603,47377,555
2021-12-02,Santa Clara,085,1922200,153061,151275,1566,152841,1928
2021-12-02,Santa Cruz,087,273765,21567,21286,1027,22313,224
2021-12-02,Shasta,089,179085,22613,22418,3693,26111,414
2021-12-02,Sierra,091,2930,200,196,21,217,0
2021-12-02,Siskiyou,093,43540,3464,3398,1341,4739,57
2021-12-02,Solano,095,438530,47371,46529,1334,47863,360
2021-12-02,Sonoma,097,501317,43250,42778,565,43343,405
2021-12-02,Stanislaus,099,539301,81421,81462,9194,90656,1231
2021-12-02,Sutter,101,95872,14274,14258,393,14651,186
2021-12-02,Tehama,103,63373,8822,8742,1528,10270,131
2021-12-02,Trinity,105,12862,908,801,219,1020,17
2021-12-02,Tulare,107,460477,71175,70014,15977,85991,1100
2021-12-02,Tuolumne,109,53932,7739,7676,113,7789,91
2021-12-02,Ventura,111,848112,100841,99751,4405,104156,1192
2021-12-02,Yolo,113,214977,20735,20442,1046,21488,261
2021-12-02,Yuba,115,75493,10501,10418,373,10791,91
2021-12-01,Alameda,001,1643700,123155,122298,2869,125167,1492
2021-12-01,Alpine,002,1148,105,108,0,108,0
2021-12-01,Amador,005,37829,5761,5723,67,5790,67
2021-12-01,Butte,007,227075,21856,21600,4078,25678,318
2021-12-01,Calaveras,009,45235,4438,4371,61,4432,88
2021-12-01,Colusa,011,21464,2622,2595,669,3264,20
2021-12-01,Contra Costa,013,1133247,102529,101651,2300,103951,1048
2021-12-01,Del Norte,015,27424,3783,3722,55,3777,42
2021-12-01,El Dorado,017,186661,16861,16575,1787,18362,166
2021-12-01,Fresno,019,978130,146366,144507,13165,157672,2264
2021-12-01,Glenn,021,27897,3602,3556,1041,4597,36
2021-12-01,Humboldt,023,135768,9681,9573,670,10243,117
2021-12-01,Imperial,025,180216,35610,35085,3557,38642,776
2021-12-01,Inyo,027,18085,2567,2533,38,2571,46
2021-12-01,Kern,029,883053,132943,131580,23777,155357,1804
2021-12-01,Kings,031,150075,33567,33112,2020,35132,364
2021-12-01,Lake,033,64148,6956,6896,156,7052,112
2021-12-01,Lassen,035,31185,7064,7008,414,7422,51
2021-12-01,Los Angeles,037,10098052,1475601,1461394,55029,1516423,26928
2021-12-01,Madera,039,155013,24415,24134,2278,26412,307
2021-12-01,Marin,041,260295,18286,18038,511,18549,249
2021-12-01,Mariposa,043,17540,1449,1415,60,1475,6
2021-12-01,Mendocino,045,87422,8150,7966,665,8631,90
2021-12-01,Merced,047,269075,43474,43259,2096,45355,670
2021-12-01,Modoc,049,8938,594,576,200,776,5
2021-12-01,Mono,051,14174,1912,1876,23,1899,4
2021-12-01,Monterey,053,433212,49908,48611,3166,51777,626
2021-12-01,Napa,055,140530,13380,13319,115,13434,107
2021-12-01,Nevada,057,99092,9849,9706,346,10052,105
2021-12-01,Orange,059,3164182,315803,312772,16000,328772,5735
2021-12-01,Placer,061,380077,38956,38373,3858,42231,472
2021-12-01,Plumas,063,18699,1960,1893,45,1938,7
2021-12-01,Riverside,065,2383286,376477,371189,16607,387796,5369
2021-12-01,Sacramento,067,1510023,165130,163616,4944,168560,2360
2021-12-01,San Benito,069,59416,7705,7669,181,7850,78
2021-12-01,San Bernardino,071,2135413,367695,363368,11642,375010,5973
2021-12-01,San Diego,073,3302833,389419,386056,22750,408806,4346
2021-12-01,San Francisco,075,870044,55023,54199,2402,56601,672
2021-12-01,San Joaquin,077,732212,103008,102109,5569,107678,1834
2021-12-01,San Luis Obispo,079,281455,30704,30238,1322,31560,360
2021-12-01,San Mateo,081,765935,55978,54711,952,55663,579
2021-12-01,Santa Barbara,083,443738,46161,45681,1601,47282,554
2021-12-01,Santa Clara,085,1922200,152839,150961,1548,152509,1925
2021-12-01,Santa Cruz,087,273765,21538,21191,1026,22217,224
2021-12-01,Shasta,089,179085,22582,22375,3687,26062,410
2021-12-01,Sierra,091,2930,200,195,21,216,0
2021-12-01,Siskiyou,093,43540,3461,3391,1341,4732,55
2021-12-01,Solano,095,438530,47326,46485,1334,47819,360
2021-12-01,Sonoma,097,501317,43175,42713,564,43277,405
2021-12-01,Stanislaus,099,539301,81324,81330,9181,90511,1231
2021-12-01,Sutter,101,95872,14259,14229,392,14621,186
2021-12-01,Tehama,103,63373,8812,8728,1528,10256,130
2021-12-01,Trinity,105,12862,903,801,219,1020,17
2021-12-01,Tulare,107,460477,71100,69953,15937,85890,1098
2021-12-01,Tuolumne,109,53932,7731,7655,113,7768,91
2021-12-01,Ventura,111,848112,100735,99680,4394,104074,1191
2021-12-01,Yolo,113,214977,20707,20393,1046,21439,260
2021-12-01,Yuba,115,75493,10490,10401,373,10774,89
2021-11-30,Alameda,001,1643700,122983,122196,2861,125057,1489
2021-11-30,Alpine,002,1148,105,108,0,108,0
2021-11-30,Amador,005,37829,5753,5716,67,5783,66
2021-11-30,Butte,007,227075,21827,21565,4067,25632,318
2021-11-30,Calaveras,009,45235,4420,4360,61,4421,88
2021-11-30,Colusa,011,21464,2621,2592,669,3261,21
2021-11-30,Contra Costa,013,1133247,102395,101538,2293,103831,1046
2021-11-30,Del Norte,015,27424,3777,3718,55,3773,42
2021-11-30,El Dorado,017,186661,16833,16558,1781,18339,166
2021-11-30,Fresno,019,978130,146166,144384,13155,157539,2259
2021-11-30,Glenn,021,27897,3597,3555,1040,4595,36
2021-11-30,Humboldt,023,135768,9650,9539,664,10203,116
2021-11-30,Imperial,025,180216,35502,34999,3530,38529,773
2021-11-30,Inyo,027,18085,2558,2530,38,2568,46
2021-11-30,Kern,029,883053,132774,131451,23722,155173,1799
2021-11-30,Kings,031,150075,33515,33074,2016,35090,362
2021-11-30,Lake,033,64148,6950,6892,154,7046,110
2021-11-30,Lassen,035,31185,7060,7003,413,7416,51
2021-11-30,Los Angeles,037,10098052,1473804,1460177,54929,1515106,26913
2021-11-30,Madera,039,155013,24381,24108,2273,26381,307
2021-11-30,Marin,041,260295,18243,18010,509,18519,249
2021-11-30,Mariposa,043,17540,1443,1412,60,1472,6
2021-11-30,Mendocino,045,87422,8121,7960,659,8619,89
2021-11-30,Merced,047,269075,43406,43200,2088,45288,668
2021-11-30,Modoc,049,8938,593,576,200,776,5
2021-11-30,Mono,051,14174,1909,1873,23,1896,4
2021-11-30,Monterey,053,433212,49845,48581,3155,51736,626
2021-11-30,Napa,055,140530,13360,13308,115,13423,105
2021-11-30,Nevada,057,99092,9833,9699,345,10044,105
2021-11-30,Orange,059,3164182,315382,312451,15958,328409,5724
2021-11-30,Placer,061,380077,38855,38324,3849,42173,470
2021-11-30,Plumas,063,18699,1955,1887,44,1931,7
2021-11-30,Riverside,065,2383286,375793,370739,16582,387321,5358
2021-11-30,Sacramento,067,1510023,164848,163420,4922,168342,2353
2021-11-30,San Benito,069,59416,7683,7645,180,7825,78
2021-11-30,San Bernardino,071,2135413,367007,363006,11619,374625,5967
2021-11-30,San Diego,073,3302833,388492,385405,22703,408108,4340
2021-11-30,San Francisco,075,870044,54917,54147,2393,56540,672
2021-11-30,San Joaquin,077,732212,102881,101972,5561,107533,1834
2021-11-30,San Luis Obispo,079,281455,30679,30200,1320,31520,360
2021-11-30,San Mateo,081,765935,55873,54656,942,55598,579
2021-11-30,Santa Barbara,083,443738,46065,45628,1595,47223,553
2021-11-30,Santa Clara,085,1922200,152582,150799,1531,152330,1929
2021-11-30,Santa Cruz,087,273765,21479,21169,1022,22191,224
2021-11-30,Shasta,089,179085,22552,22347,3684,26031,401
2021-11-30,Sierra,091,2930,197,195,21,216,0
2021-11-30,Siskiyou,093,43540,3457,3385,1338,4723,55
2021-11-30,Solano,095,438530,47262,46434,1328,47762,358
2021-11-30,Sonoma,097,501317,43096,42663,561,43224,405
2021-11-30,Stanislaus,099,539301,81220,81276,9153,90429,1227
2021-11-30,Sutter,101,95872,14248,14210,389,14599,186
2021-11-30,Tehama,103,63373,8805,8727,1527,10254,130
2021-11-30,Trinity,105,12862,902,799,219,1018,17
2021-11-30,Tulare,107,460477,71014,69900,15891,85791,1099
2021-11-30,Tuolumne,109,53932,7716,7643,113,7756,91
2021-11-30,Ventura,111,848112,100581,99601,4383,103984,1191
2021-11-30,Yolo,113,214977,20662,20376,1043,21419,260
2021-11-30,Yuba,115,75493,10471,10398,368,10766,89
2021-11-29,Alameda,001,1643700,122822,122136,2852,124988,1489
2021-11-29,Alpine,002,1148,105,108,0,108,0
2021-11-29,Amador,005,37829,5746,5706,67,5773,66
2021-11-29,Butte,007,227075,21796,21544,4060,25604,314
2021-11-29,Calaveras,009,45235,4404,4353,61,4414,88
2021-11-29,Colusa,011,21464,2619,2585,666,3251,20
2021-11-29,Contra Costa,013,1133247,102246,101441,2285,103726,1046
2021-11-29,Del Norte,015,27424,3774,3704,55,3759,42
2021-11-29,El Dorado,017,186661,16816,16534,1777,18311,166
2021-11-29,Fresno,019,978130,145959,144282,13131,157413,2254
2021-11-29,Glenn,021,27897,3594,3555,1039,4594,36
2021-11-29,Humboldt,023,135768,9633,9514,657,10171,115
2021-11-29,Imperial,025,180216,35437,34960,3509,38469,773
2021-11-29,Inyo,027,18085,2553,2529,38,2567,46
2021-11-29,Kern,029,883053,132590,131362,23681,155043,1789
2021-11-29,Kings,031,150075,33462,33059,2012,35071,363
2021-11-29,Lake,033,64148,6938,6889,154,7043,110
2021-11-29,Lassen,035,31185,7057,7003,411,7414,51
2021-11-29,Los Angeles,037,10098052,1471956,1459446,54844,1514290,26889
2021-11-29,Madera,039,155013,24345,24069,2265,26334,307
2021-11-29,Marin,041,260295,18195,17980,504,18484,249
2021-11-29,Mariposa,043,17540,1435,1409,60,1469,6
2021-11-29,Mendocino,045,87422,8104,7954,655,8609,89
2021-11-29,Merced,047,269075,43333,43167,2080,45247,667
2021-11-29,Modoc,049,8938,592,569,200,769,5
2021-11-29,Mono,051,14174,1892,1859,23,1882,4
2021-11-29,Monterey,053,433212,49785,48548,3139,51687,626
2021-11-29,Napa,055,140530,13350,13304,115,13419,104
2021-11-29,Nevada,057,99092,9819,9689,345,10034,105
2021-11-29,Orange,059,3164182,314978,312203,15913,328116,5709
2021-11-29,Placer,061,380077,38790,38261,3844,42105,470
2021-11-29,Plumas,063,18699,1952,1884,44,1928,7
2021-11-29,Riverside,065,2383286,375254,370334,16571,386905,5358
2021-11-29,Sacramento,067,1510023,164598,163282,4890,168172,2342
2021-11-29,San Benito,069,59416,7663,7631,179,7810,77
2021-11-29,San Bernardino,071,2135413,366402,362694,11585,374279,5962
2021-11-29,San Diego,073,3302833,387604,384853,22669,407522,4335
2021-11-29,San Francisco,075,870044,54818,54125,2389,56514,669
2021-11-29,San Joaquin,077,732212,102742,101927,5554,107481,1834
2021-11-29,San Luis Obispo,079,281455,30645,30165,1316,31481,359
2021-11-29,San Mateo,081,765935,55770,54622,938,55560,579
2021-11-29,Santa Barbara,083,443738,45968,45576,1591,47167,549
2021-11-29,Santa Clara,085,1922200,152306,150620,1525,152145,1925
2021-11-29,Santa Cruz,087,273765,21441,21149,1021,22170,224
2021-11-29,Shasta,089,179085,22517,22315,3680,25995,399
2021-11-29,Sierra,091,2930,197,195,21,216,0
2021-11-29,Siskiyou,093,43540,3454,3374,1331,4705,55
2021-11-29,Solano,095,438530,47210,46412,1326,47738,357
2021-11-29,Sonoma,097,501317,43019,42624,558,43182,405
2021-11-29,Stanislaus,099,539301,81138,81227,9135,90362,1223
2021-11-29,Sutter,101,95872,14232,14204,386,14590,186
2021-11-29,Tehama,103,63373,8800,8720,1522,10242,130
2021-11-29,Trinity,105,12862,897,798,219,1017,17
2021-11-29,Tulare,107,460477,70934,69850,15857,85707,1096
2021-11-29,Tuolumne,109,53932,7703,7627,113,7740,90
2021-11-29,Ventura,111,848112,100460,99520,4374,103894,1190
2021-11-29,Yolo,113,214977,20617,20344,1041,21385,257
2021-11-29,Yuba,115,75493,10454,10395,367,10762,89
2021-11-28,Alameda,001,1643700,122603,122082,2846,124928,1491
2021-11-28,Alpine,002,1148,105,108,0,108,0
2021-11-28,Amador,005,37829,5736,5703,67,5770,66
2021-11-28,Butte,007,227075,21755,21530,4057,25587,313
2021-11-28,Calaveras,009,45235,4383,4350,61,4411,88
2021-11-28,Colusa,011,21464,2615,2586,665,3251,19
2021-11-28,Contra Costa,013,1133247,102073,101355,2275,103630,1046
2021-11-28,Del Norte,015,27424,3769,3703,55,3758,42
2021-11-28,El Dorado,017,186661,16775,16527,1776,18303,166
2021-11-28,Fresno,019,978130,145713,144164,13103,157267,2252
2021-11-28,Glenn,021,27897,3591,3547,1037,4584,36
2021-11-28,Humboldt,023,135768,9601,9499,653,10152,115
2021-11-28,Imperial,025,180216,35329,34929,3485,38414,773
2021-11-28,Inyo,027,18085,2546,2531,38,2569,46
2021-11-28,Kern,029,883053,132383,131279,23624,154903,1789
2021-11-28,Kings,031,150075,33389,33057,2006,35063,364
2021-11-28,Lake,033,64148,6928,6885,153,7038,110
2021-11-28,Lassen,035,31185,7048,7002,407,7409,51
2021-11-28,Los Angeles,037,10098052,1469790,1458646,54757,1513403,26878
2021-11-28,Madera,039,155013,24297,24055,2258,26313,307
2021-11-28,Marin,041,260295,18148,17962,500,18462,249
2021-11-28,Mariposa,043,17540,1431,1406,60,1466,6
2021-11-28,Mendocino,045,87422,8074,7943,650,8593,89
2021-11-28,Merced,047,269075,43267,43166,2065,45231,667
2021-11-28,Modoc,049,8938,591,569,200,769,5
2021-11-28,Mono,051,14174,1886,1841,23,1864,4
2021-11-28,Monterey,053,433212,49719,48537,3119,51656,626
2021-11-28,Napa,055,140530,13337,13303,115,13418,104
2021-11-28,Nevada,057,99092,9793,9684,344,10028,105
2021-11-28,Orange,059,3164182,314593,312028,15871,327899,5693
2021-11-28,Placer,061,380077,38709,38240,3825,42065,470
2021-11-28,Plumas,063,18699,1946,1884,43,1927,7
2021-11-28,Riverside,065,2383286,374590,370051,16549,386600,5358
2021-11-28,Sacramento,067,1510023,164240,163170,4867,168037,2335
2021-11-28,San Benito,069,59416,7644,7623,178,7801,77
2021-11-28,San Bernardino,071,2135413,365660,362407,11557,373964,5958
2021-11-28,San Diego,073,3302833,386716,383025,22606,405631,4325
2021-11-28,San Francisco,075,870044,54742,54082,2384,56466,669
2021-11-28,San Joaquin,077,732212,102561,101895,5537,107432,1834
2021-11-28,San Luis Obispo,079,281455,30582,30152,1312,31464,358
2021-11-28,San Mateo,081,765935,55676,54567,934,55501,579
2021-11-28,Santa Barbara,083,443738,45889,45551,1580,47131,549
2021-11-28,Santa Clara,085,1922200,152005,150436,1511,151947,1920
2021-11-28,Santa Cruz,087,273765,21370,21110,1020,22130,224
2021-11-28,Shasta,089,179085,22478,22316,3678,25994,400
2021-11-28,Sierra,091,2930,197,195,21,216,0
2021-11-28,Siskiyou,093,43540,3448,3372,1327,4699,55
2021-11-28,Solano,095,438530,47148,46385,1325,47710,356
2021-11-28,Sonoma,097,501317,42933,42583,555,43138,405
2021-11-28,Stanislaus,099,539301,81013,81181,9113,90294,1223
2021-11-28,Sutter,101,95872,14211,14192,380,14572,186
2021-11-28,Tehama,103,63373,8792,8720,1518,10238,130
2021-11-28,Trinity,105,12862,896,797,219,1016,17
2021-11-28,Tulare,107,460477,70837,69833,15805,85638,1095
2021-11-28,Tuolumne,109,53932,7683,7620,113,7733,90
2021-11-28,Ventura,111,848112,100304,99486,4363,103849,1190
2021-11-28,Yolo,113,214977,20573,20333,1041,21374,257
2021-11-28,Yuba,115,75493,10436,10391,365,10756,89
2021-11-27,Alameda,001,1643700,122505,121618,2843,124461,1477
2021-11-27,Alpine,002,1148,105,106,0,106,0
2021-11-27,Amador,005,37829,5735,5670,67,5737,66
2021-11-27,Butte,007,227075,21732,21384,4052,25436,309
2021-11-27,Calaveras,009,45235,4377,4294,61,4355,85
2021-11-27,Colusa,011,21464,2614,2568,663,3231,19
2021-11-27,Contra Costa,013,1133247,101988,100961,2274,103235,1045
2021-11-27,Del Norte,015,27424,3762,3661,55,3716,42
2021-11-27,El Dorado,017,186661,16741,16399,1775,18174,161
2021-11-27,Fresno,019,978130,145601,143386,13097,156483,2246
2021-11-27,Glenn,021,27897,3587,3532,1036,4568,36
2021-11-27,Humboldt,023,135768,9573,9399,651,10050,115
2021-11-27,Imperial,025,180216,35246,34611,3469,38080,769
2021-11-27,Inyo,027,18085,2543,2506,38,2544,45
2021-11-27,Kern,029,883053,132298,130245,23595,153840,1773
2021-11-27,Kings,031,150075,33367,32891,2003,34894,358
2021-11-27,Lake,033,64148,6925,6836,152,6988,110
2021-11-27,Lassen,035,31185,7046,6959,406,7365,47
2021-11-27,Los Angeles,037,10098052,1468783,1454495,54690,1509185,26817
2021-11-27,Madera,039,155013,24276,23880,2253,26133,296
2021-11-27,Marin,041,260295,18109,17857,495,18352,248
2021-11-27,Mariposa,043,17540,1429,1374,60,1434,6
2021-11-27,Mendocino,045,87422,8055,7871,650,8521,89
2021-11-27,Merced,047,269075,43232,42921,2062,44983,664
2021-11-27,Modoc,049,8938,589,551,200,751,5
2021-11-27,Mono,051,14174,1884,1810,23,1833,4
2021-11-27,Monterey,053,433212,49686,48400,3105,51505,625
2021-11-27,Napa,055,140530,13323,13256,115,13371,104
2021-11-27,Nevada,057,99092,9771,9584,343,9927,103
2021-11-27,Orange,059,3164182,314342,310809,15834,326643,5665
2021-11-27,Placer,061,380077,38648,38001,3819,41820,468
2021-11-27,Plumas,063,18699,1942,1860,43,1903,7
2021-11-27,Riverside,065,2383286,374229,367601,16542,384143,5306
2021-11-27,Sacramento,067,1510023,164082,162328,4864,167192,2335
2021-11-27,San Benito,069,59416,7628,7575,178,7753,77
2021-11-27,San Bernardino,071,2135413,365225,360033,11548,371581,5932
2021-11-27,San Diego,073,3302833,386221,382634,22580,405214,4319
2021-11-27,San Francisco,075,870044,54691,53830,2381,56211,669
2021-11-27,San Joaquin,077,732212,102493,101368,5534,106902,1833
2021-11-27,San Luis Obispo,079,281455,30547,29983,1308,31291,358
2021-11-27,San Mateo,081,765935,55619,54360,931,55291,577
2021-11-27,Santa Barbara,083,443738,45835,45318,1578,46896,548
2021-11-27,Santa Clara,085,1922200,151798,149700,1504,151204,1922
2021-11-27,Santa Cruz,087,273765,21330,20929,1017,21946,222
2021-11-27,Shasta,089,179085,22455,22151,3677,25828,396
2021-11-27,Sierra,091,2930,196,194,21,215,0
2021-11-27,Siskiyou,093,43540,3445,3336,1325,4661,54
2021-11-27,Solano,095,438530,47112,46163,1322,47485,356
2021-11-27,Sonoma,097,501317,42870,42368,555,42923,405
2021-11-27,Stanislaus,099,539301,80944,80782,9096,89878,1220
2021-11-27,Sutter,101,95872,14203,14127,379,14506,181
2021-11-27,Tehama,103,63373,8790,8675,1517,10192,129
2021-11-27,Trinity,105,12862,896,789,219,1008,17
2021-11-27,Tulare,107,460477,70784,69377,15789,85166,1082
2021-11-27,Tuolumne,109,53932,7670,7574,113,7687,90
2021-11-27,Ventura,111,848112,100231,99163,4356,103519,1188
2021-11-27,Yolo,113,214977,20545,20237,1039,21276,257
2021-11-27,Yuba,115,75493,10425,10335,365,10700,88
2021-11-26,Alameda,001,1643700,122397,121618,2841,124459,1477
2021-11-26,Alpine,002,1148,105,106,0,106,0
2021-11-26,Amador,005,37829,5731,5670,67,5737,66
2021-11-26,Butte,007,227075,21708,21384,4047,25431,309
2021-11-26,Calaveras,009,45235,4368,4294,61,4355,85
2021-11-26,Colusa,011,21464,2612,2568,662,3230,19
2021-11-26,Contra Costa,013,1133247,101900,100961,2270,103231,1045
2021-11-26,Del Norte,015,27424,3759,3661,55,3716,42
2021-11-26,El Dorado,017,186661,16724,16399,1772,18171,161
2021-11-26,Fresno,019,978130,145468,143386,13087,156473,2246
2021-11-26,Glenn,021,27897,3584,3532,1036,4568,36
2021-11-26,Humboldt,023,135768,9554,9399,647,10046,115
2021-11-26,Imperial,025,180216,35189,34611,3456,38067,769
2021-11-26,Inyo,027,18085,2543,2506,38,2544,45
2021-11-26,Kern,029,883053,132215,130245,23551,153796,1773
2021-11-26,Kings,031,150075,33343,32891,2001,34892,358
2021-11-26,Lake,033,64148,6923,6836,152,6988,110
2021-11-26,Lassen,035,31185,7040,6959,406,7365,47
2021-11-26,Los Angeles,037,10098052,1467934,1454495,54629,1509124,26817
2021-11-26,Madera,039,155013,24249,23880,2251,26131,296
2021-11-26,Marin,041,260295,18080,17857,494,18351,248
2021-11-26,Mariposa,043,17540,1423,1374,59,1433,6
2021-11-26,Mendocino,045,87422,8045,7871,650,8521,89
2021-11-26,Merced,047,269075,43202,42921,2058,44979,664
2021-11-26,Modoc,049,8938,587,551,200,751,5
2021-11-26,Mono,051,14174,1873,1810,23,1833,4
2021-11-26,Monterey,053,433212,49643,48400,3098,51498,625
2021-11-26,Napa,055,140530,13307,13256,115,13371,104
2021-11-26,Nevada,057,99092,9759,9584,343,9927,103
2021-11-26,Orange,059,3164182,314073,310809,15802,326611,5665
2021-11-26,Placer,061,380077,38603,38001,3811,41812,468
2021-11-26,Plumas,063,18699,1937,1860,43,1903,7
2021-11-26,Riverside,065,2383286,373828,367601,16535,384136,5306
2021-11-26,Sacramento,067,1510023,163969,162328,4859,167187,2335
2021-11-26,San Benito,069,59416,7620,7575,178,7753,77
2021-11-26,San Bernardino,071,2135413,364792,360033,11541,371574,5932
2021-11-26,San Diego,073,3302833,385676,382634,22568,405202,4319
2021-11-26,San Francisco,075,870044,54643,53830,2379,56209,669
2021-11-26,San Joaquin,077,732212,102436,101368,5533,106901,1833
2021-11-26,San Luis Obispo,079,281455,30505,29983,1305,31288,358
2021-11-26,San Mateo,081,765935,55556,54360,930,55290,577
2021-11-26,Santa Barbara,083,443738,45788,45318,1577,46895,548
2021-11-26,Santa Clara,085,1922200,151628,149700,1496,151196,1922
2021-11-26,Santa Cruz,087,273765,21290,20929,1017,21946,222
2021-11-26,Shasta,089,179085,22435,22151,3675,25826,396
2021-11-26,Sierra,091,2930,196,194,21,215,0
2021-11-26,Siskiyou,093,43540,3442,3336,1324,4660,54
2021-11-26,Solano,095,438530,47070,46163,1321,47484,356
2021-11-26,Sonoma,097,501317,42820,42368,553,42921,405
2021-11-26,Stanislaus,099,539301,80871,80782,9085,89867,1220
2021-11-26,Sutter,101,95872,14190,14127,378,14505,181
2021-11-26,Tehama,103,63373,8788,8675,1516,10191,129
2021-11-26,Trinity,105,12862,895,789,219,1008,17
2021-11-26,Tulare,107,460477,70738,69377,15757,85134,1082
2021-11-26,Tuolumne,109,53932,7660,7574,113,7687,90
2021-11-26,Ventura,111,848112,100152,99163,4351,103514,1188
2021-11-26,Yolo,113,214977,20525,20237,1033,21270,257
2021-11-26,Yuba,115,75493,10419,10335,365,10700,88
2021-11-25,Alameda,001,1643700,122288,121618,2836,124454,1477
2021-11-25,Alpine,002,1148,105,106,0,106,0
2021-11-25,Amador,005,37829,5723,5670,67,5737,66
2021-11-25,Butte,007,227075,21690,21384,4045,25429,309
2021-11-25,Calaveras,009,45235,4363,4294,61,4355,85
2021-11-25,Colusa,011,21464,2609,2568,660,3228,19
2021-11-25,Contra Costa,013,1133247,101796,100961,2267,103228,1045
2021-11-25,Del Norte,015,27424,3754,3661,55,3716,42
2021-11-25,El Dorado,017,186661,16705,16399,1772,18171,161
2021-11-25,Fresno,019,978130,145335,143386,13078,156464,2246
2021-11-25,Glenn,021,27897,3581,3532,1035,4567,36
2021-11-25,Humboldt,023,135768,9535,9399,644,10043,115
2021-11-25,Imperial,025,180216,35144,34611,3445,38056,769
2021-11-25,Inyo,027,18085,2541,2506,38,2544,45
2021-11-25,Kern,029,883053,132117,130245,23505,153750,1773
2021-11-25,Kings,031,150075,33315,32891,2000,34891,358
2021-11-25,Lake,033,64148,6916,6836,152,6988,110
2021-11-25,Lassen,035,31185,7038,6959,405,7364,47
2021-11-25,Los Angeles,037,10098052,1466964,1454495,54572,1509067,26817
2021-11-25,Madera,039,155013,24213,23880,2250,26130,296
2021-11-25,Marin,041,260295,18053,17857,488,18345,248
2021-11-25,Mariposa,043,17540,1420,1374,59,1433,6
2021-11-25,Mendocino,045,87422,8027,7871,650,8521,89
2021-11-25,Merced,047,269075,43163,42921,2052,44973,664
2021-11-25,Modoc,049,8938,586,551,200,751,5
2021-11-25,Mono,051,14174,1862,1810,23,1833,4
2021-11-25,Monterey,053,433212,49599,48400,3089,51489,625
2021-11-25,Napa,055,140530,13299,13256,115,13371,104
2021-11-25,Nevada,057,99092,9740,9584,340,9924,103
2021-11-25,Orange,059,3164182,313810,310809,15771,326580,5665
2021-11-25,Placer,061,380077,38556,38001,3806,41807,468
2021-11-25,Plumas,063,18699,1935,1860,43,1903,7
2021-11-25,Riverside,065,2383286,373412,367601,16528,384129,5306
2021-11-25,Sacramento,067,1510023,163790,162328,4853,167181,2335
2021-11-25,San Benito,069,59416,7613,7575,178,7753,77
2021-11-25,San Bernardino,071,2135413,364393,360033,11524,371557,5932
2021-11-25,San Diego,073,3302833,385234,382634,22549,405183,4319
2021-11-25,San Francisco,075,870044,54594,53830,2376,56206,669
2021-11-25,San Joaquin,077,732212,102353,101368,5529,106897,1833
2021-11-25,San Luis Obispo,079,281455,30475,29983,1303,31286,358
2021-11-25,San Mateo,081,765935,55507,54360,928,55288,577
2021-11-25,Santa Barbara,083,443738,45749,45318,1575,46893,548
2021-11-25,Santa Clara,085,1922200,151470,149700,1491,151191,1922
2021-11-25,Santa Cruz,087,273765,21257,20929,1017,21946,222
2021-11-25,Shasta,089,179085,22409,22151,3675,25826,396
2021-11-25,Sierra,091,2930,196,194,21,215,0
2021-11-25,Siskiyou,093,43540,3439,3336,1324,4660,54
2021-11-25,Solano,095,438530,47033,46163,1320,47483,356
2021-11-25,Sonoma,097,501317,42763,42368,549,42917,405
2021-11-25,Stanislaus,099,539301,80804,80782,9071,89853,1220
2021-11-25,Sutter,101,95872,14174,14127,377,14504,181
2021-11-25,Tehama,103,63373,8780,8675,1516,10191,129
2021-11-25,Trinity,105,12862,895,789,219,1008,17
2021-11-25,Tulare,107,460477,70670,69377,15731,85108,1082
2021-11-25,Tuolumne,109,53932,7648,7574,113,7687,90
2021-11-25,Ventura,111,848112,100086,99163,4348,103511,1188
2021-11-25,Yolo,113,214977,20494,20237,1030,21267,257
2021-11-25,Yuba,115,75493,10410,10335,364,10699,88
2021-11-24,Alameda,001,1643700,122225,121618,2832,124450,1477
2021-11-24,Alpine,002,1148,105,106,0,106,0
2021-11-24,Amador,005,37829,5713,5670,67,5737,66
2021-11-24,Butte,007,227075,21674,21384,4044,25428,309
2021-11-24,Calaveras,009,45235,4356,4294,61,4355,85
2021-11-24,Colusa,011,21464,2609,2568,659,3227,19
2021-11-24,Contra Costa,013,1133247,101757,100961,2264,103225,1045
2021-11-24,Del Norte,015,27424,3751,3661,55,3716,42
2021-11-24,El Dorado,017,186661,16693,16399,1771,18170,161
2021-11-24,Fresno,019,978130,145280,143386,13076,156462,2246
2021-11-24,Glenn,021,27897,3576,3532,1034,4566,36
2021-11-24,Humboldt,023,135768,9520,9399,644,10043,115
2021-11-24,Imperial,025,180216,35115,34611,3439,38050,769
2021-11-24,Inyo,027,18085,2538,2506,38,2544,45
2021-11-24,Kern,029,883053,132055,130245,23493,153738,1773
2021-11-24,Kings,031,150075,33301,32891,1999,34890,358
2021-11-24,Lake,033,64148,6912,6836,152,6988,110
2021-11-24,Lassen,035,31185,7038,6959,405,7364,47
2021-11-24,Los Angeles,037,10098052,1466479,1454495,54530,1509025,26817
2021-11-24,Madera,039,155013,24190,23880,2244,26124,296
2021-11-24,Marin,041,260295,18041,17857,486,18343,248
2021-11-24,Mariposa,043,17540,1420,1374,59,1433,6
2021-11-24,Mendocino,045,87422,8015,7871,650,8521,89
2021-11-24,Merced,047,269075,43131,42921,2049,44970,664
2021-11-24,Modoc,049,8938,586,551,200,751,5
2021-11-24,Mono,051,14174,1859,1810,23,1833,4
2021-11-24,Monterey,053,433212,49586,48400,3088,51488,625
2021-11-24,Napa,055,140530,13295,13256,115,13371,104
2021-11-24,Nevada,057,99092,9725,9584,340,9924,103
2021-11-24,Orange,059,3164182,313654,310809,15756,326565,5665
2021-11-24,Placer,061,380077,38522,38001,3803,41804,468
2021-11-24,Plumas,063,18699,1933,1860,43,1903,7
2021-11-24,Riverside,065,2383286,373233,367601,16522,384123,5306
2021-11-24,Sacramento,067,1510023,163718,162328,4853,167181,2335
2021-11-24,San Benito,069,59416,7611,7575,178,7753,77
2021-11-24,San Bernardino,071,2135413,364181,360033,11514,371547,5932
2021-11-24,San Diego,073,3302833,384976,382634,22536,405170,4319
2021-11-24,San Francisco,075,870044,54563,53830,2374,56204,669
2021-11-24,San Joaquin,077,732212,102312,101368,5526,106894,1833
2021-11-24,San Luis Obispo,079,281455,30456,29983,1303,31286,358
2021-11-24,San Mateo,081,765935,55477,54360,927,55287,577
2021-11-24,Santa Barbara,083,443738,45722,45318,1575,46893,548
2021-11-24,Santa Clara,085,1922200,151374,149700,1490,151190,1922
2021-11-24,Santa Cruz,087,273765,21234,20929,1016,21945,222
2021-11-24,Shasta,089,179085,22398,22151,3672,25823,396
2021-11-24,Sierra,091,2930,196,194,21,215,0
2021-11-24,Siskiyou,093,43540,3436,3336,1324,4660,54
2021-11-24,Solano,095,438530,47005,46163,1318,47481,356
2021-11-24,Sonoma,097,501317,42731,42368,547,42915,405
2021-11-24,Stanislaus,099,539301,80767,80782,9066,89848,1220
2021-11-24,Sutter,101,95872,14161,14127,375,14502,181
2021-11-24,Tehama,103,63373,8777,8675,1515,10190,129
2021-11-24,Trinity,105,12862,895,789,219,1008,17
2021-11-24,Tulare,107,460477,70646,69377,15712,85089,1082
2021-11-24,Tuolumne,109,53932,7644,7574,113,7687,90
2021-11-24,Ventura,111,848112,100051,99163,4344,103507,1188
2021-11-24,Yolo,113,214977,20485,20237,1030,21267,257
2021-11-24,Yuba,115,75493,10406,10335,363,10698,88
2021-11-23,Alameda,001,1643700,122106,121618,2825,124443,1477
2021-11-23,Alpine,002,1148,105,106,0,106,0
2021-11-23,Amador,005,37829,5706,5670,67,5737,66
2021-11-23,Butte,007,227075,21645,21384,4040,25424,309
2021-11-23,Calaveras,009,45235,4350,4294,60,4354,85
2021-11-23,Colusa,011,21464,2605,2568,657,3225,19
2021-11-23,Contra Costa,013,1133247,101650,100961,2262,103223,1045
2021-11-23,Del Norte,015,27424,3748,3661,55,3716,42
2021-11-23,El Dorado,017,186661,16662,16399,1768,18167,161
2021-11-23,Fresno,019,978130,145141,143386,13067,156453,2246
2021-11-23,Glenn,021,27897,3571,3532,1034,4566,36
2021-11-23,Humboldt,023,135768,9498,9399,641,10040,115
2021-11-23,Imperial,025,180216,35046,34611,3420,38031,769
2021-11-23,Inyo,027,18085,2534,2506,38,2544,45
2021-11-23,Kern,029,883053,131946,130245,23444,153689,1773
2021-11-23,Kings,031,150075,33259,32891,1998,34889,358
2021-11-23,Lake,033,64148,6907,6836,152,6988,110
2021-11-23,Lassen,035,31185,7035,6959,402,7361,47
2021-11-23,Los Angeles,037,10098052,1465471,1454495,54463,1508958,26817
2021-11-23,Madera,039,155013,24164,23880,2242,26122,296
2021-11-23,Marin,041,260295,18012,17857,483,18340,248
2021-11-23,Mariposa,043,17540,1417,1374,59,1433,6
2021-11-23,Mendocino,045,87422,7994,7871,647,8518,89
2021-11-23,Merced,047,269075,43092,42921,2048,44969,664
2021-11-23,Modoc,049,8938,584,551,200,751,5
2021-11-23,Mono,051,14174,1845,1810,23,1833,4
2021-11-23,Monterey,053,433212,49550,48400,3082,51482,625
2021-11-23,Napa,055,140530,13287,13256,115,13371,104
2021-11-23,Nevada,057,99092,9696,9584,339,9923,103
2021-11-23,Orange,059,3164182,313404,310809,15720,326529,5665
2021-11-23,Placer,061,380077,38463,38001,3786,41787,468
2021-11-23,Plumas,063,18699,1929,1860,43,1903,7
2021-11-23,Riverside,065,2383286,372853,367601,16509,384110,5306
2021-11-23,Sacramento,067,1510023,163532,162328,4842,167170,2335
2021-11-23,San Benito,069,59416,7602,7575,176,7751,77
2021-11-23,San Bernardino,071,2135413,363764,360033,11499,371532,5932
2021-11-23,San Diego,073,3302833,384491,382634,22513,405147,4319
2021-11-23,San Francisco,075,870044,54503,53830,2372,56202,669
2021-11-23,San Joaquin,077,732212,102203,101368,5515,106883,1833
2021-11-23,San Luis Obispo,079,281455,30421,29983,1300,31283,358
2021-11-23,San Mateo,081,765935,55426,54360,926,55286,577
2021-11-23,Santa Barbara,083,443738,45670,45318,1575,46893,548
2021-11-23,Santa Clara,085,1922200,151162,149700,1478,151178,1922
2021-11-23,Santa Cruz,087,273765,21196,20929,1016,21945,222
2021-11-23,Shasta,089,179085,22362,22151,3670,25821,396
2021-11-23,Sierra,091,2930,196,194,21,215,0
2021-11-23,Siskiyou,093,43540,3431,3336,1323,4659,54
2021-11-23,Solano,095,438530,46951,46163,1314,47477,356
2021-11-23,Sonoma,097,501317,42680,42368,544,42912,405
2021-11-23,Stanislaus,099,539301,80697,80782,9054,89836,1220
2021-11-23,Sutter,101,95872,14145,14127,374,14501,181
2021-11-23,Tehama,103,63373,8764,8675,1514,10189,129
2021-11-23,Trinity,105,12862,894,789,219,1008,17
2021-11-23,Tulare,107,460477,70599,69377,15682,85059,1082
2021-11-23,Tuolumne,109,53932,7632,7574,112,7686,90
2021-11-23,Ventura,111,848112,99968,99163,4338,103501,1188
2021-11-23,Yolo,113,214977,20462,20237,1024,21261,257
2021-11-23,Yuba,115,75493,10394,10335,363,10698,88
2021-11-22,Alameda,001,1643700,121991,121566,2824,124390,1475
2021-11-22,Alpine,002,1148,105,106,0,106,0
2021-11-22,Amador,005,37829,5693,5670,67,5737,66
2021-11-22,Butte,007,227075,21606,21363,4035,25398,305
2021-11-22,Calaveras,009,45235,4338,4294,60,4354,84
2021-11-22,Colusa,011,21464,2602,2565,657,3222,19
2021-11-22,Contra Costa,013,1133247,101562,100877,2257,103134,1045
2021-11-22,Del Norte,015,27424,3745,3659,55,3714,42
2021-11-22,El Dorado,017,186661,16639,16378,1765,18143,161
2021-11-22,Fresno,019,978130,145008,143290,13059,156349,2243
2021-11-22,Glenn,021,27897,3566,3530,1033,4563,36
2021-11-22,Humboldt,023,135768,9472,9389,636,10025,115
2021-11-22,Imperial,025,180216,34985,34562,3406,37968,766
2021-11-22,Inyo,027,18085,2528,2501,38,2539,44
2021-11-22,Kern,029,883053,131785,130091,23395,153486,1762
2021-11-22,Kings,031,150075,33222,32867,1993,34860,358
2021-11-22,Lake,033,64148,6902,6837,152,6989,110
2021-11-22,Lassen,035,31185,7033,6954,401,7355,47
2021-11-22,Los Angeles,037,10098052,1464405,1453945,54381,1508326,26800
2021-11-22,Madera,039,155013,24130,23872,2234,26106,296
2021-11-22,Marin,041,260295,17980,17842,481,18323,248
2021-11-22,Mariposa,043,17540,1413,1372,59,1431,6
2021-11-22,Mendocino,045,87422,7978,7859,646,8505,89
2021-11-22,Merced,047,269075,43041,42898,2037,44935,660
2021-11-22,Modoc,049,8938,583,551,200,751,5
2021-11-22,Mono,051,14174,1838,1809,23,1832,4
2021-11-22,Monterey,053,433212,49522,48374,3078,51452,611
2021-11-22,Napa,055,140530,13278,13255,114,13369,104
2021-11-22,Nevada,057,99092,9678,9575,337,9912,96
2021-11-22,Orange,059,3164182,313162,310654,15694,326348,5663
2021-11-22,Placer,061,380077,38415,37956,3778,41734,465
2021-11-22,Plumas,063,18699,1926,1858,43,1901,7
2021-11-22,Riverside,065,2383286,372414,367301,16500,383801,5283
2021-11-22,Sacramento,067,1510023,163340,162222,4833,167055,2328
2021-11-22,San Benito,069,59416,7582,7567,176,7743,77
2021-11-22,San Bernardino,071,2135413,363347,359851,11488,371339,5916
2021-11-22,San Diego,073,3302833,383997,382132,22489,404621,4317
2021-11-22,San Francisco,075,870044,54411,53778,2366,56144,669
2021-11-22,San Joaquin,077,732212,102078,101299,5510,106809,1833
2021-11-22,San Luis Obispo,079,281455,30395,29963,1297,31260,358
2021-11-22,San Mateo,081,765935,55369,54330,924,55254,577
2021-11-22,Santa Barbara,083,443738,45594,45279,1575,46854,546
2021-11-22,Santa Clara,085,1922200,150978,149541,1468,151009,1919
2021-11-22,Santa Cruz,087,273765,21155,20891,1016,21907,222
2021-11-22,Shasta,089,179085,22348,22116,3665,25781,393
2021-11-22,Sierra,091,2930,196,193,21,214,0
2021-11-22,Siskiyou,093,43540,3426,3336,1321,4657,54
2021-11-22,Solano,095,438530,46902,46153,1312,47465,356
2021-11-22,Sonoma,097,501317,42619,42344,543,42887,404
2021-11-22,Stanislaus,099,539301,80610,80718,9044,89762,1209
2021-11-22,Sutter,101,95872,14129,14125,372,14497,181
2021-11-22,Tehama,103,63373,8757,8669,1509,10178,127
2021-11-22,Trinity,105,12862,893,785,219,1004,17
2021-11-22,Tulare,107,460477,70539,69314,15646,84960,1075
2021-11-22,Tuolumne,109,53932,7617,7567,112,7679,90
2021-11-22,Ventura,111,848112,99902,99114,4335,103449,1186
2021-11-22,Yolo,113,214977,20439,20227,1022,21249,257
2021-11-22,Yuba,115,75493,10385,10332,362,10694,88
2021-11-21,Alameda,001,1643700,121858,121443,2820,124263,1475
2021-11-21,Alpine,002,1148,103,106,0,106,0
2021-11-21,Amador,005,37829,5688,5662,66,5728,66
2021-11-21,Butte,007,227075,21564,21342,4030,25372,306
2021-11-21,Calaveras,009,45235,4329,4287,60,4347,84
2021-11-21,Colusa,011,21464,2598,2562,656,3218,19
2021-11-21,Contra Costa,013,1133247,101460,100807,2250,103057,1045
2021-11-21,Del Norte,015,27424,3741,3659,55,3714,42
2021-11-21,El Dorado,017,186661,16612,16370,1759,18129,161
2021-11-21,Fresno,019,978130,144836,143203,13037,156240,2242
2021-11-21,Glenn,021,27897,3561,3529,1033,4562,36
2021-11-21,Humboldt,023,135768,9450,9378,635,10013,115
2021-11-21,Imperial,025,180216,34898,34527,3396,37923,766
2021-11-21,Inyo,027,18085,2521,2501,38,2539,44
2021-11-21,Kern,029,883053,131621,130020,23349,153369,1762
2021-11-21,Kings,031,150075,33184,32843,1989,34832,356
2021-11-21,Lake,033,64148,6895,6834,152,6986,110
2021-11-21,Lassen,035,31185,7024,6953,401,7354,47
2021-11-21,Los Angeles,037,10098052,1463345,1453181,54326,1507507,26793
2021-11-21,Madera,039,155013,24105,23856,2229,26085,296
2021-11-21,Marin,041,260295,17951,17829,478,18307,248
2021-11-21,Mariposa,043,17540,1412,1371,58,1429,6
2021-11-21,Mendocino,045,87422,7972,7846,643,8489,89
2021-11-21,Merced,047,269075,42986,42881,2034,44915,660
2021-11-21,Modoc,049,8938,579,551,200,751,5
2021-11-21,Mono,051,14174,1828,1799,22,1821,4
2021-11-21,Monterey,053,433212,49476,48358,3069,51427,611
2021-11-21,Napa,055,140530,13266,13250,114,13364,104
2021-11-21,Nevada,057,99092,9653,9556,336,9892,96
2021-11-21,Orange,059,3164182,312906,310477,15663,326140,5663
2021-11-21,Placer,061,380077,38337,37929,3777,41706,465
2021-11-21,Plumas,063,18699,1921,1858,43,1901,7
2021-11-21,Riverside,065,2383286,371923,367093,16492,383585,5283
2021-11-21,Sacramento,067,1510023,163122,162087,4823,166910,2327
2021-11-21,San Benito,069,59416,7568,7563,175,7738,77
2021-11-21,San Bernardino,071,2135413,362851,359621,11453,371074,5912
2021-11-21,San Diego,073,3302833,383466,380747,22464,403211,4317
2021-11-21,San Francisco,075,870044,54342,53741,2361,56102,669
2021-11-21,San Joaquin,077,732212,101971,101264,5497,106761,1833
2021-11-21,San Luis Obispo,079,281455,30357,29948,1297,31245,358
2021-11-21,San Mateo,081,765935,55317,54290,922,55212,577
2021-11-21,Santa Barbara,083,443738,45533,45237,1572,46809,546
2021-11-21,Santa Clara,085,1922200,150772,149387,1449,150836,1918
2021-11-21,Santa Cruz,087,273765,21111,20866,1014,21880,222
2021-11-21,Shasta,089,179085,22316,22112,3663,25775,393
2021-11-21,Sierra,091,2930,196,193,21,214,0
2021-11-21,Siskiyou,093,43540,3421,3333,1320,4653,54
2021-11-21,Solano,095,438530,46846,46122,1305,47427,356
2021-11-21,Sonoma,097,501317,42559,42298,542,42840,404
2021-11-21,Stanislaus,099,539301,80515,80687,9029,89716,1209
2021-11-21,Sutter,101,95872,14115,14111,372,14483,181
2021-11-21,Tehama,103,63373,8751,8669,1508,10177,127
2021-11-21,Trinity,105,12862,891,784,217,1001,17
2021-11-21,Tulare,107,460477,70456,69285,15608,84893,1075
2021-11-21,Tuolumne,109,53932,7609,7560,111,7671,90
2021-11-21,Ventura,111,848112,99811,99081,4332,103413,1186
2021-11-21,Yolo,113,214977,20411,20209,1019,21228,257
2021-11-21,Yuba,115,75493,10376,10326,362,10688,88
2021-11-20,Alameda,001,1643700,121764,121059,2814,123873,1473
2021-11-20,Alpine,002,1148,103,105,0,105,0
2021-11-20,Amador,005,37829,5682,5652,65,5717,66
2021-11-20,Butte,007,227075,21549,21265,4026,25291,300
2021-11-20,Calaveras,009,45235,4319,4268,60,4328,84
2021-11-20,Colusa,011,21464,2597,2549,655,3204,19
2021-11-20,Contra Costa,013,1133247,101384,100491,2246,102737,1043
2021-11-20,Del Norte,015,27424,3738,3637,55,3692,42
2021-11-20,El Dorado,017,186661,16591,16308,1757,18065,161
2021-11-20,Fresno,019,978130,144767,142579,13028,155607,2233
2021-11-20,Glenn,021,27897,3560,3526,1032,4558,35
2021-11-20,Humboldt,023,135768,9437,9302,633,9935,115
2021-11-20,Imperial,025,180216,34846,34312,3390,37702,766
2021-11-20,Inyo,027,18085,2520,2467,38,2505,44
2021-11-20,Kern,029,883053,131520,129488,23312,152800,1750
2021-11-20,Kings,031,150075,33174,32720,1989,34709,354
2021-11-20,Lake,033,64148,6892,6808,152,6960,110
2021-11-20,Lassen,035,31185,7023,6931,401,7332,47
2021-11-20,Los Angeles,037,10098052,1462725,1448963,54278,1503241,26741
2021-11-20,Madera,039,155013,24091,23720,2225,25945,296
2021-11-20,Marin,041,260295,17936,17774,478,18252,248
2021-11-20,Mariposa,043,17540,1411,1354,58,1412,6
2021-11-20,Mendocino,045,87422,7964,7773,643,8416,89
2021-11-20,Merced,047,269075,42960,42692,2034,44726,656
2021-11-20,Modoc,049,8938,578,550,200,750,5
2021-11-20,Mono,051,14174,1822,1767,22,1789,4
2021-11-20,Monterey,053,433212,49463,48260,3064,51324,609
2021-11-20,Napa,055,140530,13263,13184,114,13298,103
2021-11-20,Nevada,057,99092,9637,9480,336,9816,92
2021-11-20,Orange,059,3164182,312706,309672,15646,325318,5658
2021-11-20,Placer,061,380077,38295,37800,3772,41572,462
2021-11-20,Plumas,063,18699,1917,1841,43,1884,7
2021-11-20,Riverside,065,2383286,371649,365809,16480,382289,5265
2021-11-20,Sacramento,067,1510023,163018,161533,4819,166352,2316
2021-11-20,San Benito,069,59416,7564,7533,175,7708,77
2021-11-20,San Bernardino,071,2135413,362571,358322,11442,369764,5897
2021-11-20,San Diego,073,3302833,383140,380147,22438,402585,4311
2021-11-20,San Francisco,075,870044,54301,53525,2360,55885,669
2021-11-20,San Joaquin,077,732212,101921,100922,5492,106414,1832
2021-11-20,San Luis Obispo,079,281455,30343,29815,1296,31111,355
2021-11-20,San Mateo,081,765935,55283,54132,921,55053,577
2021-11-20,Santa Barbara,083,443738,45501,45074,1572,46646,544
2021-11-20,Santa Clara,085,1922200,150665,148829,1448,150277,1917
2021-11-20,Santa Cruz,087,273765,21093,20756,1014,21770,222
2021-11-20,Shasta,089,179085,22292,21968,3662,25630,383
2021-11-20,Sierra,091,2930,196,191,21,212,0
2021-11-20,Siskiyou,093,43540,3418,3313,1320,4633,54
2021-11-20,Solano,095,438530,46825,46006,1305,47311,356
2021-11-20,Sonoma,097,501317,42528,42151,542,42693,403
2021-11-20,Stanislaus,099,539301,80469,80412,9025,89437,1205
2021-11-20,Sutter,101,95872,14108,14074,372,14446,181
2021-11-20,Tehama,103,63373,8746,8648,1508,10156,125
2021-11-20,Trinity,105,12862,887,771,217,988,17
2021-11-20,Tulare,107,460477,70417,69074,15587,84661,1054
2021-11-20,Tuolumne,109,53932,7601,7511,111,7622,90
2021-11-20,Ventura,111,848112,99762,98893,4325,103218,1186
2021-11-20,Yolo,113,214977,20402,20139,1016,21155,257
2021-11-20,Yuba,115,75493,10370,10290,361,10651,88
2021-11-19,Alameda,001,1643700,121689,121059,2811,123870,1473
2021-11-19,Alpine,002,1148,103,105,0,105,0
2021-11-19,Amador,005,37829,5672,5652,65,5717,66
2021-11-19,Butte,007,227075,21526,21265,4019,25284,300
2021-11-19,Calaveras,009,45235,4312,4268,60,4328,84
2021-11-19,Colusa,011,21464,2595,2549,654,3203,19
2021-11-19,Contra Costa,013,1133247,101326,100491,2241,102732,1043
2021-11-19,Del Norte,015,27424,3733,3637,55,3692,42
2021-11-19,El Dorado,017,186661,16569,16308,1755,18063,161
2021-11-19,Fresno,019,978130,144649,142579,13019,155598,2233
2021-11-19,Glenn,021,27897,3559,3526,1031,4557,35
2021-11-19,Humboldt,023,135768,9425,9302,630,9932,115
2021-11-19,Imperial,025,180216,34808,34312,3383,37695,766
2021-11-19,Inyo,027,18085,2516,2467,38,2505,44
2021-11-19,Kern,029,883053,131417,129488,23269,152757,1750
2021-11-19,Kings,031,150075,33149,32720,1987,34707,354
2021-11-19,Lake,033,64148,6889,6808,152,6960,110
2021-11-19,Lassen,035,31185,7018,6931,400,7331,47
2021-11-19,Los Angeles,037,10098052,1462037,1448963,54225,1503188,26741
2021-11-19,Madera,039,155013,24070,23720,2220,25940,296
2021-11-19,Marin,041,260295,17918,17774,476,18250,248
2021-11-19,Mariposa,043,17540,1409,1354,58,1412,6
2021-11-19,Mendocino,045,87422,7944,7773,643,8416,89
2021-11-19,Merced,047,269075,42934,42692,2033,44725,656
2021-11-19,Modoc,049,8938,577,550,200,750,5
2021-11-19,Mono,051,14174,1811,1767,22,1789,4
2021-11-19,Monterey,053,433212,49441,48260,3064,51324,609
2021-11-19,Napa,055,140530,13252,13184,113,13297,103
2021-11-19,Nevada,057,99092,9624,9480,336,9816,92
2021-11-19,Orange,059,3164182,312552,309672,15621,325293,5658
2021-11-19,Placer,061,380077,38258,37800,3768,41568,462
2021-11-19,Plumas,063,18699,1913,1841,43,1884,7
2021-11-19,Riverside,065,2383286,371375,365809,16476,382285,5265
2021-11-19,Sacramento,067,1510023,162893,161533,4815,166348,2316
2021-11-19,San Benito,069,59416,7558,7533,173,7706,77
2021-11-19,San Bernardino,071,2135413,362248,358322,11433,369755,5897
2021-11-19,San Diego,073,3302833,382749,380147,22412,402559,4311
2021-11-19,San Francisco,075,870044,54263,53525,2360,55885,669
2021-11-19,San Joaquin,077,732212,101864,100922,5488,106410,1832
2021-11-19,San Luis Obispo,079,281455,30325,29815,1294,31109,355
2021-11-19,San Mateo,081,765935,55235,54132,917,55049,577
2021-11-19,Santa Barbara,083,443738,45464,45074,1572,46646,544
2021-11-19,Santa Clara,085,1922200,150517,148829,1445,150274,1917
2021-11-19,Santa Cruz,087,273765,21066,20756,1011,21767,222
2021-11-19,Shasta,089,179085,22280,21968,3661,25629,383
2021-11-19,Sierra,091,2930,196,191,21,212,0
2021-11-19,Siskiyou,093,43540,3415,3313,1320,4633,54
2021-11-19,Solano,095,438530,46794,46006,1301,47307,356
2021-11-19,Sonoma,097,501317,42495,42151,539,42690,403
2021-11-19,Stanislaus,099,539301,80411,80412,9016,89428,1205
2021-11-19,Sutter,101,95872,14106,14074,372,14446,181
2021-11-19,Tehama,103,63373,8743,8648,1508,10156,125
2021-11-19,Trinity,105,12862,885,771,217,988,17
2021-11-19,Tulare,107,460477,70376,69074,15561,84635,1054
2021-11-19,Tuolumne,109,53932,7590,7511,111,7622,90
2021-11-19,Ventura,111,848112,99698,98893,4322,103215,1186
2021-11-19,Yolo,113,214977,20390,20139,1015,21154,257
2021-11-19,Yuba,115,75493,10367,10290,361,10651,88
2021-11-18,Alameda,001,1643700,121564,121059,2804,123863,1473
2021-11-18,Alpine,002,1148,103,105,0,105,0
2021-11-18,Amador,005,37829,5670,5652,65,5717,66
2021-11-18,Butte,007,227075,21509,21265,4012,25277,300
2021-11-18,Calaveras,009,45235,4305,4268,59,4327,84
2021-11-18,Colusa,011,21464,2587,2549,654,3203,19
2021-11-18,Contra Costa,013,1133247,101224,100491,2233,102724,1043
2021-11-18,Del Norte,015,27424,3730,3637,55,3692,42
2021-11-18,El Dorado,017,186661,16548,16308,1752,18060,161
2021-11-18,Fresno,019,978130,144508,142579,13009,155588,2233
2021-11-18,Glenn,021,27897,3558,3526,1030,4556,35
2021-11-18,Humboldt,023,135768,9408,9302,625,9927,115
2021-11-18,Imperial,025,180216,34753,34312,3367,37679,766
2021-11-18,Inyo,027,18085,2508,2467,38,2505,44
2021-11-18,Kern,029,883053,131269,129488,23222,152710,1750
2021-11-18,Kings,031,150075,33112,32720,1984,34704,354
2021-11-18,Lake,033,64148,6884,6808,152,6960,110
2021-11-18,Lassen,035,31185,7015,6931,395,7326,47
2021-11-18,Los Angeles,037,10098052,1461049,1448963,54165,1503128,26741
2021-11-18,Madera,039,155013,24045,23720,2216,25936,296
2021-11-18,Marin,041,260295,17901,17774,472,18246,248
2021-11-18,Mariposa,043,17540,1406,1354,58,1412,6
2021-11-18,Mendocino,045,87422,7922,7773,634,8407,89
2021-11-18,Merced,047,269075,42877,42692,2031,44723,656
2021-11-18,Modoc,049,8938,565,550,200,750,5
2021-11-18,Mono,051,14174,1803,1767,22,1789,4
2021-11-18,Monterey,053,433212,49416,48260,3059,51319,609
2021-11-18,Napa,055,140530,13240,13184,112,13296,103
2021-11-18,Nevada,057,99092,9600,9480,336,9816,92
2021-11-18,Orange,059,3164182,312315,309672,15601,325273,5658
2021-11-18,Placer,061,380077,38216,37800,3757,41557,462
2021-11-18,Plumas,063,18699,1912,1841,43,1884,7
2021-11-18,Riverside,065,2383286,370998,365809,16463,382272,5265
2021-11-18,Sacramento,067,1510023,162665,161533,4800,166333,2316
2021-11-18,San Benito,069,59416,7548,7533,173,7706,77
2021-11-18,San Bernardino,071,2135413,361815,358322,11414,369736,5897
2021-11-18,San Diego,073,3302833,382252,380147,22395,402542,4311
2021-11-18,San Francisco,075,870044,54211,53525,2356,55881,669
2021-11-18,San Joaquin,077,732212,101769,100922,5480,106402,1832
2021-11-18,San Luis Obispo,079,281455,30295,29815,1293,31108,355
2021-11-18,San Mateo,081,765935,55176,54132,914,55046,577
2021-11-18,Santa Barbara,083,443738,45418,45074,1565,46639,544
2021-11-18,Santa Clara,085,1922200,150326,148829,1437,150266,1917
2021-11-18,Santa Cruz,087,273765,21015,20756,1010,21766,222
2021-11-18,Shasta,089,179085,22244,21968,3656,25624,383
2021-11-18,Sierra,091,2930,195,191,21,212,0
2021-11-18,Siskiyou,093,43540,3415,3313,1316,4629,54
2021-11-18,Solano,095,438530,46751,46006,1299,47305,356
2021-11-18,Sonoma,097,501317,42446,42151,537,42688,403
2021-11-18,Stanislaus,099,539301,80344,80412,9008,89420,1205
2021-11-18,Sutter,101,95872,14095,14074,371,14445,181
2021-11-18,Tehama,103,63373,8738,8648,1508,10156,125
2021-11-18,Trinity,105,12862,884,771,217,988,17
2021-11-18,Tulare,107,460477,70302,69074,15517,84591,1054
2021-11-18,Tuolumne,109,53932,7580,7511,111,7622,90
2021-11-18,Ventura,111,848112,99620,98893,4318,103211,1186
2021-11-18,Yolo,113,214977,20373,20139,1011,21150,257
2021-11-18,Yuba,115,75493,10361,10290,361,10651,88
2021-11-17,Alameda,001,1643700,121442,120913,2803,123716,1472
2021-11-17,Alpine,002,1148,103,105,0,105,0
2021-11-17,Amador,005,37829,5664,5646,65,5711,66
2021-11-17,Butte,007,227075,21483,21230,4009,25239,300
2021-11-17,Calaveras,009,45235,4298,4259,59,4318,84
2021-11-17,Colusa,011,21464,2584,2546,653,3199,19
2021-11-17,Contra Costa,013,1133247,101132,100387,2229,102616,1039
2021-11-17,Del Norte,015,27424,3727,3630,55,3685,42
2021-11-17,El Dorado,017,186661,16528,16269,1751,18020,161
2021-11-17,Fresno,019,978130,144323,142366,12995,155361,2230
2021-11-17,Glenn,021,27897,3556,3527,1028,4555,34
2021-11-17,Humboldt,023,135768,9397,9270,622,9892,115
2021-11-17,Imperial,025,180216,34697,34256,3346,37602,766
2021-11-17,Inyo,027,18085,2502,2457,38,2495,44
2021-11-17,Kern,029,883053,131096,129307,23180,152487,1743
2021-11-17,Kings,031,150075,33085,32669,1980,34649,352
2021-11-17,Lake,033,64148,6880,6795,151,6946,110
2021-11-17,Lassen,035,31185,7013,6918,395,7313,47
2021-11-17,Los Angeles,037,10098052,1459952,1447947,54098,1502045,26721
2021-11-17,Madera,039,155013,24012,23673,2214,25887,287
2021-11-17,Marin,041,260295,17881,17757,470,18227,248
2021-11-17,Mariposa,043,17540,1402,1353,58,1411,6
2021-11-17,Mendocino,045,87422,7914,7735,633,8368,89
2021-11-17,Merced,047,269075,42818,42612,2026,44638,654
2021-11-17,Modoc,049,8938,561,540,200,740,5
2021-11-17,Mono,051,14174,1799,1765,22,1787,5
2021-11-17,Monterey,053,433212,49368,48221,3048,51269,609
2021-11-17,Napa,055,140530,13218,13167,112,13279,103
2021-11-17,Nevada,057,99092,9587,9447,336,9783,92
2021-11-17,Orange,059,3164182,312068,309396,15567,324963,5651
2021-11-17,Placer,061,380077,38167,37725,3749,41474,460
2021-11-17,Plumas,063,18699,1907,1833,43,1876,7
2021-11-17,Riverside,065,2383286,370586,365406,16450,381856,5229
2021-11-17,Sacramento,067,1510023,162496,161269,4793,166062,2302
2021-11-17,San Benito,069,59416,7541,7524,173,7697,77
2021-11-17,San Bernardino,071,2135413,361449,357947,11397,369344,5893
2021-11-17,San Diego,073,3302833,381761,379769,22369,402138,4301
2021-11-17,San Francisco,075,870044,54156,53469,2353,55822,667
2021-11-17,San Joaquin,077,732212,101667,100764,5475,106239,1828
2021-11-17,San Luis Obispo,079,281455,30269,29731,1290,31021,354
2021-11-17,San Mateo,081,765935,55108,54092,911,55003,577
2021-11-17,Santa Barbara,083,443738,45379,45000,1565,46565,542
2021-11-17,Santa Clara,085,1922200,150162,148626,1429,150055,1915
2021-11-17,Santa Cruz,087,273765,20980,20700,1010,21710,222
2021-11-17,Shasta,089,179085,22211,21883,3654,25537,382
2021-11-17,Sierra,091,2930,194,189,21,210,0
2021-11-17,Siskiyou,093,43540,3411,3307,1313,4620,54
2021-11-17,Solano,095,438530,46718,45948,1298,47246,353
2021-11-17,Sonoma,097,501317,42400,42093,534,42627,403
2021-11-17,Stanislaus,099,539301,80255,80276,8998,89274,1199
2021-11-17,Sutter,101,95872,14081,14064,369,14433,181
2021-11-17,Tehama,103,63373,8728,8633,1505,10138,125
2021-11-17,Trinity,105,12862,883,765,217,982,17
2021-11-17,Tulare,107,460477,70231,68977,15490,84467,1047
2021-11-17,Tuolumne,109,53932,7563,7485,111,7596,90
2021-11-17,Ventura,111,848112,99558,98812,4312,103124,1183
2021-11-17,Yolo,113,214977,20354,20100,1009,21109,257
2021-11-17,Yuba,115,75493,10349,10275,357,10632,88
2021-11-16,Alameda,001,1643700,121334,120809,2799,123608,1467
2021-11-16,Alpine,002,1148,103,105,0,105,0
2021-11-16,Amador,005,37829,5658,5644,65,5709,66
2021-11-16,Butte,007,227075,21457,21208,4004,25212,297
2021-11-16,Calaveras,009,45235,4289,4249,59,4308,83
2021-11-16,Colusa,011,21464,2578,2538,653,3191,19
2021-11-16,Contra Costa,013,1133247,101012,100320,2226,102546,1038
2021-11-16,Del Norte,015,27424,3721,3630,55,3685,42
2021-11-16,El Dorado,017,186661,16502,16248,1749,17997,159
2021-11-16,Fresno,019,978130,144137,142200,12973,155173,2218
2021-11-16,Glenn,021,27897,3555,3527,1025,4552,34
2021-11-16,Humboldt,023,135768,9377,9252,618,9870,115
2021-11-16,Imperial,025,180216,34614,34177,3332,37509,766
2021-11-16,Inyo,027,18085,2495,2449,38,2487,42
2021-11-16,Kern,029,883053,130936,129136,23119,152255,1735
2021-11-16,Kings,031,150075,33032,32614,1973,34587,350
2021-11-16,Lake,033,64148,6875,6789,151,6940,110
2021-11-16,Lassen,035,31185,7003,6915,395,7310,47
2021-11-16,Los Angeles,037,10098052,1458783,1446815,54027,1500842,26703
2021-11-16,Madera,039,155013,23974,23642,2208,25850,287
2021-11-16,Marin,041,260295,17862,17736,469,18205,248
2021-11-16,Mariposa,043,17540,1394,1349,57,1406,6
2021-11-16,Mendocino,045,87422,7873,7723,629,8352,89
2021-11-16,Merced,047,269075,42781,42578,2019,44597,653
2021-11-16,Modoc,049,8938,560,539,199,738,5
2021-11-16,Mono,051,14174,1790,1767,22,1789,4
2021-11-16,Monterey,053,433212,49338,48195,3034,51229,609
2021-11-16,Napa,055,140530,13207,13151,112,13263,103
2021-11-16,Nevada,057,99092,9570,9435,335,9770,92
2021-11-16,Orange,059,3164182,311801,309170,15533,324703,5651
2021-11-16,Placer,061,380077,38125,37676,3743,41419,459
2021-11-16,Plumas,063,18699,1898,1832,43,1875,7
2021-11-16,Riverside,065,2383286,370165,365078,16428,381506,5208
2021-11-16,Sacramento,067,1510023,162316,161102,4781,165883,2299
2021-11-16,San Benito,069,59416,7527,7513,173,7686,77
2021-11-16,San Bernardino,071,2135413,361023,357528,11344,368872,5901
2021-11-16,San Diego,073,3302833,381206,379435,22342,401777,4287
2021-11-16,San Francisco,075,870044,54083,53415,2345,55760,667
2021-11-16,San Joaquin,077,732212,101527,100637,5460,106097,1807
2021-11-16,San Luis Obispo,079,281455,30237,29703,1287,30990,356
2021-11-16,San Mateo,081,765935,55045,54034,909,54943,577
2021-11-16,Santa Barbara,083,443738,45311,44932,1562,46494,539
2021-11-16,Santa Clara,085,1922200,149979,148452,1417,149869,1916
2021-11-16,Santa Cruz,087,273765,20935,20684,1008,21692,222
2021-11-16,Shasta,089,179085,22172,21853,3650,25503,379
2021-11-16,Sierra,091,2930,194,189,21,210,0
2021-11-16,Siskiyou,093,43540,3408,3304,1311,4615,54
2021-11-16,Solano,095,438530,46678,45908,1297,47205,351
2021-11-16,Sonoma,097,501317,42351,42056,533,42589,401
2021-11-16,Stanislaus,099,539301,80158,80214,8975,89189,1196
2021-11-16,Sutter,101,95872,14069,14058,368,14426,181
2021-11-16,Tehama,103,63373,8721,8621,1498,10119,125
2021-11-16,Trinity,105,12862,883,762,216,978,17
2021-11-16,Tulare,107,460477,70151,68881,15455,84336,1039
2021-11-16,Tuolumne,109,53932,7553,7478,111,7589,90
2021-11-16,Ventura,111,848112,99484,98731,4309,103040,1183
2021-11-16,Yolo,113,214977,20316,20077,1007,21084,257
2021-11-16,Yuba,115,75493,10341,10262,355,10617,85
2021-11-15,Alameda,001,1643700,121176,120731,2795,123526,1464
2021-11-15,Alpine,002,1148,103,105,0,105,0
2021-11-15,Amador,005,37829,5653,5637,65,5702,66
2021-11-15,Butte,007,227075,21433,21182,3999,25181,296
2021-11-15,Calaveras,009,45235,4274,4237,59,4296,83
2021-11-15,Colusa,011,21464,2571,2535,650,3185,19
2021-11-15,Contra Costa,013,1133247,100905,100251,2223,102474,1038
2021-11-15,Del Norte,015,27424,3716,3630,54,3684,42
2021-11-15,El Dorado,017,186661,16478,16236,1745,17981,159
2021-11-15,Fresno,019,978130,143915,142015,12951,154966,2210
2021-11-15,Glenn,021,27897,3553,3526,1025,4551,34
2021-11-15,Humboldt,023,135768,9355,9230,610,9840,115
2021-11-15,Imperial,025,180216,34541,34130,3316,37446,766
2021-11-15,Inyo,027,18085,2490,2442,38,2480,42
2021-11-15,Kern,029,883053,130727,128928,23050,151978,1730
2021-11-15,Kings,031,150075,32998,32584,1968,34552,348
2021-11-15,Lake,033,64148,6871,6784,151,6935,109
2021-11-15,Lassen,035,31185,6992,6915,393,7308,47
2021-11-15,Los Angeles,037,10098052,1457596,1446114,53964,1500078,26677
2021-11-15,Madera,039,155013,23936,23605,2197,25802,287
2021-11-15,Marin,041,260295,17845,17723,468,18191,248
2021-11-15,Mariposa,043,17540,1393,1347,55,1402,6
2021-11-15,Mendocino,045,87422,7852,7694,623,8317,89
2021-11-15,Merced,047,269075,42724,42552,2008,44560,648
2021-11-15,Modoc,049,8938,559,538,198,736,5
2021-11-15,Mono,051,14174,1785,1763,22,1785,4
2021-11-15,Monterey,053,433212,49306,48154,3028,51182,609
2021-11-15,Napa,055,140530,13199,13143,112,13255,103
2021-11-15,Nevada,057,99092,9541,9420,334,9754,92
2021-11-15,Orange,059,3164182,311522,308859,15509,324368,5646
2021-11-15,Placer,061,380077,38062,37610,3739,41349,452
2021-11-15,Plumas,063,18699,1891,1829,43,1872,7
2021-11-15,Riverside,065,2383286,369717,364750,16409,381159,5199
2021-11-15,Sacramento,067,1510023,162095,160937,4769,165706,2293
2021-11-15,San Benito,069,59416,7522,7511,172,7683,77
2021-11-15,San Bernardino,071,2135413,360595,357306,11325,368631,5898
2021-11-15,San Diego,073,3302833,380669,378845,22317,401162,4284
2021-11-15,San Francisco,075,870044,54016,53374,2342,55716,667
2021-11-15,San Joaquin,077,732212,101373,100587,5449,106036,1799
2021-11-15,San Luis Obispo,079,281455,30194,29669,1275,30944,351
2021-11-15,San Mateo,081,765935,54992,54010,907,54917,576
2021-11-15,Santa Barbara,083,443738,45256,44879,1556,46435,539
2021-11-15,Santa Clara,085,1922200,149762,148313,1410,149723,1914
2021-11-15,Santa Cruz,087,273765,20893,20630,1007,21637,223
2021-11-15,Shasta,089,179085,22126,21779,3645,25424,374
2021-11-15,Sierra,091,2930,194,189,21,210,0
2021-11-15,Siskiyou,093,43540,3401,3302,1309,4611,54
2021-11-15,Solano,095,438530,46640,45885,1292,47177,351
2021-11-15,Sonoma,097,501317,42300,42021,532,42553,401
2021-11-15,Stanislaus,099,539301,80073,80129,8961,89090,1174
2021-11-15,Sutter,101,95872,14056,14043,367,14410,181
2021-11-15,Tehama,103,63373,8715,8615,1497,10112,125
2021-11-15,Trinity,105,12862,881,757,214,971,17
2021-11-15,Tulare,107,460477,70064,68826,15411,84237,1039
2021-11-15,Tuolumne,109,53932,7542,7461,111,7572,90
2021-11-15,Ventura,111,848112,99400,98605,4304,102909,1183
2021-11-15,Yolo,113,214977,20285,20065,1003,21068,255
2021-11-15,Yuba,115,75493,10322,10254,351,10605,85
2021-11-14,Alameda,001,1643700,121002,120629,2791,123420,1461
2021-11-14,Alpine,002,1148,102,105,0,105,0
2021-11-14,Amador,005,37829,5646,5632,64,5696,66
2021-11-14,Butte,007,227075,21401,21146,3990,25136,296
2021-11-14,Calaveras,009,45235,4263,4222,59,4281,83
2021-11-14,Colusa,011,21464,2569,2532,647,3179,19
2021-11-14,Contra Costa,013,1133247,100796,100188,2221,102409,1038
2021-11-14,Del Norte,015,27424,3713,3629,54,3683,42
2021-11-14,El Dorado,017,186661,16436,16212,1740,17952,159
2021-11-14,Fresno,019,978130,143633,141869,12916,154785,2209
2021-11-14,Glenn,021,27897,3551,3521,1025,4546,34
2021-11-14,Humboldt,023,135768,9324,9215,600,9815,115
2021-11-14,Imperial,025,180216,34438,34078,3301,37379,766
2021-11-14,Inyo,027,18085,2478,2441,38,2479,42
2021-11-14,Kern,029,883053,130487,128842,22980,151822,1730
2021-11-14,Kings,031,150075,32941,32545,1961,34506,349
2021-11-14,Lake,033,64148,6863,6777,151,6928,109
2021-11-14,Lassen,035,31185,6982,6911,392,7303,47
2021-11-14,Los Angeles,037,10098052,1456232,1445284,53889,1499173,26667
2021-11-14,Madera,039,155013,23886,23566,2188,25754,287
2021-11-14,Marin,041,260295,17830,17712,468,18180,247
2021-11-14,Mariposa,043,17540,1383,1337,51,1388,6
2021-11-14,Mendocino,045,87422,7819,7684,618,8302,89
2021-11-14,Merced,047,269075,42634,42513,2002,44515,648
2021-11-14,Modoc,049,8938,557,538,198,736,5
2021-11-14,Mono,051,14174,1773,1760,22,1782,4
2021-11-14,Monterey,053,433212,49251,48135,3010,51145,609
2021-11-14,Napa,055,140530,13181,13132,112,13244,103
2021-11-14,Nevada,057,99092,9513,9408,334,9742,92
2021-11-14,Orange,059,3164182,311203,308699,15488,324187,5646
2021-11-14,Placer,061,380077,37982,37569,3730,41299,452
2021-11-14,Plumas,063,18699,1888,1829,42,1871,7
2021-11-14,Riverside,065,2383286,369218,364490,16392,380882,5199
2021-11-14,Sacramento,067,1510023,161860,160761,4752,165513,2295
2021-11-14,San Benito,069,59416,7511,7507,171,7678,77
2021-11-14,San Bernardino,071,2135413,360013,357014,11308,368322,5897
2021-11-14,San Diego,073,3302833,380070,377633,22286,399919,4280
2021-11-14,San Francisco,075,870044,53940,53338,2337,55675,667
2021-11-14,San Joaquin,077,732212,101245,100518,5444,105962,1799
2021-11-14,San Luis Obispo,079,281455,30112,29645,1272,30917,352
2021-11-14,San Mateo,081,765935,54939,53978,905,54883,576
2021-11-14,Santa Barbara,083,443738,45176,44842,1553,46395,539
2021-11-14,Santa Clara,085,1922200,149562,148152,1403,149555,1913
2021-11-14,Santa Cruz,087,273765,20839,20609,1005,21614,223
2021-11-14,Shasta,089,179085,22074,21771,3632,25403,373
2021-11-14,Sierra,091,2930,194,189,21,210,0
2021-11-14,Siskiyou,093,43540,3392,3302,1308,4610,54
2021-11-14,Solano,095,438530,46585,45860,1285,47145,351
2021-11-14,Sonoma,097,501317,42234,41974,530,42504,401
2021-11-14,Stanislaus,099,539301,79938,80076,8943,89019,1174
2021-11-14,Sutter,101,95872,14039,14031,363,14394,181
2021-11-14,Tehama,103,63373,8705,8607,1495,10102,125
2021-11-14,Trinity,105,12862,878,754,212,966,17
2021-11-14,Tulare,107,460477,69947,68772,15352,84124,1037
2021-11-14,Tuolumne,109,53932,7524,7439,110,7549,90
2021-11-14,Ventura,111,848112,99286,98550,4303,102853,1183
2021-11-14,Yolo,113,214977,20257,20040,998,21038,255
2021-11-14,Yuba,115,75493,10315,10238,350,10588,85
2021-11-13,Alameda,001,1643700,120933,120407,2790,123197,1454
2021-11-13,Alpine,002,1148,102,105,0,105,0
2021-11-13,Amador,005,37829,5645,5614,64,5678,66
2021-11-13,Butte,007,227075,21380,21104,3987,25091,296
2021-11-13,Calaveras,009,45235,4252,4203,59,4262,83
2021-11-13,Colusa,011,21464,2567,2522,647,3169,19
2021-11-13,Contra Costa,013,1133247,100724,100004,2215,102219,1028
2021-11-13,Del Norte,015,27424,3713,3629,54,3683,42
2021-11-13,El Dorado,017,186661,16423,16163,1737,17900,159
2021-11-13,Fresno,019,978130,143526,141452,12902,154354,2205
2021-11-13,Glenn,021,27897,3551,3514,1024,4538,34
2021-11-13,Humboldt,023,135768,9309,9177,595,9772,115
2021-11-13,Imperial,025,180216,34388,33990,3284,37274,766
2021-11-13,Inyo,027,18085,2472,2436,38,2474,42
2021-11-13,Kern,029,883053,130385,128472,22936,151408,1719
2021-11-13,Kings,031,150075,32924,32452,1960,34412,347
2021-11-13,Lake,033,64148,6858,6769,151,6920,109
2021-11-13,Lassen,035,31185,6977,6897,392,7289,47
2021-11-13,Los Angeles,037,10098052,1455578,1443088,53851,1496939,26649
2021-11-13,Madera,039,155013,23855,23462,2183,25645,287
2021-11-13,Marin,041,260295,17817,17684,466,18150,247
2021-11-13,Mariposa,043,17540,1380,1323,51,1374,6
2021-11-13,Mendocino,045,87422,7800,7652,617,8269,89
2021-11-13,Merced,047,269075,42596,42411,1999,44410,644
2021-11-13,Modoc,049,8938,556,536,198,734,5
2021-11-13,Mono,051,14174,1769,1750,22,1772,4
2021-11-13,Monterey,053,433212,49225,48087,3008,51095,609
2021-11-13,Napa,055,140530,13173,13110,112,13222,103
2021-11-13,Nevada,057,99092,9493,9369,332,9701,92
2021-11-13,Orange,059,3164182,311037,308211,15459,323670,5641
2021-11-13,Placer,061,380077,37933,37453,3727,41180,445
2021-11-13,Plumas,063,18699,1885,1828,42,1870,8
2021-11-13,Riverside,065,2383286,368913,363801,16385,380186,5187
2021-11-13,Sacramento,067,1510023,161724,160397,4740,165137,2291
2021-11-13,San Benito,069,59416,7498,7491,170,7661,77
2021-11-13,San Bernardino,071,2135413,359760,356325,11301,367626,5873
2021-11-13,San Diego,073,3302833,379740,377633,22258,399891,4280
2021-11-13,San Francisco,075,870044,53908,53195,2336,55531,667
2021-11-13,San Joaquin,077,732212,101188,100263,5435,105698,1799
2021-11-13,San Luis Obispo,079,281455,30081,29589,1271,30860,351
2021-11-13,San Mateo,081,765935,54901,53853,904,54757,574
2021-11-13,Santa Barbara,083,443738,45143,44734,1553,46287,537
2021-11-13,Santa Clara,085,1922200,149443,147821,1398,149219,1905
2021-11-13,Santa Cruz,087,273765,20824,20565,1004,21569,223
2021-11-13,Shasta,089,179085,22043,21713,3628,25341,366
2021-11-13,Sierra,091,2930,193,188,21,209,0
2021-11-13,Siskiyou,093,43540,3383,3299,1307,4606,54
2021-11-13,Solano,095,438530,46556,45774,1281,47055,350
2021-11-13,Sonoma,097,501317,42201,41882,529,42411,399
2021-11-13,Stanislaus,099,539301,79863,79872,8929,88801,1174
2021-11-13,Sutter,101,95872,14029,14017,362,14379,181
2021-11-13,Tehama,103,63373,8699,8592,1491,10083,125
2021-11-13,Trinity,105,12862,877,749,212,961,17
2021-11-13,Tulare,107,460477,69881,68619,15329,83948,1033
2021-11-13,Tuolumne,109,53932,7506,7392,110,7502,90
2021-11-13,Ventura,111,848112,99227,98452,4300,102752,1183
2021-11-13,Yolo,113,214977,20240,20009,996,21005,255
2021-11-13,Yuba,115,75493,10305,10218,348,10566,85
2021-11-12,Alameda,001,1643700,120846,120407,2787,123194,1454
2021-11-12,Alpine,002,1148,102,105,0,105,0
2021-11-12,Amador,005,37829,5641,5614,63,5677,66
2021-11-12,Butte,007,227075,21362,21104,3983,25087,296
2021-11-12,Calaveras,009,45235,4241,4203,59,4262,83
2021-11-12,Colusa,011,21464,2563,2522,646,3168,19
2021-11-12,Contra Costa,013,1133247,100670,100004,2214,102218,1028
2021-11-12,Del Norte,015,27424,3712,3629,54,3683,42
2021-11-12,El Dorado,017,186661,16404,16163,1736,17899,159
2021-11-12,Fresno,019,978130,143382,141452,12889,154341,2205
2021-11-12,Glenn,021,27897,3548,3514,1023,4537,34
2021-11-12,Humboldt,023,135768,9302,9177,593,9770,115
2021-11-12,Imperial,025,180216,34361,33990,3275,37265,766
2021-11-12,Inyo,027,18085,2468,2436,38,2474,42
2021-11-12,Kern,029,883053,130248,128472,22903,151375,1719
2021-11-12,Kings,031,150075,32898,32452,1958,34410,347
2021-11-12,Lake,033,64148,6854,6769,151,6920,109
2021-11-12,Lassen,035,31185,6973,6897,391,7288,47
2021-11-12,Los Angeles,037,10098052,1454850,1443088,53807,1496895,26649
2021-11-12,Madera,039,155013,23826,23462,2178,25640,287
2021-11-12,Marin,041,260295,17801,17684,465,18149,247
2021-11-12,Mariposa,043,17540,1373,1323,51,1374,6
2021-11-12,Mendocino,045,87422,7788,7652,614,8266,89
2021-11-12,Merced,047,269075,42567,42411,1997,44408,644
2021-11-12,Modoc,049,8938,555,536,198,734,5
2021-11-12,Mono,051,14174,1767,1750,22,1772,4
2021-11-12,Monterey,053,433212,49193,48087,3002,51089,609
2021-11-12,Napa,055,140530,13164,13110,112,13222,103
2021-11-12,Nevada,057,99092,9479,9369,331,9700,92
2021-11-12,Orange,059,3164182,310849,308211,15441,323652,5641
2021-11-12,Placer,061,380077,37894,37453,3724,41177,445
2021-11-12,Plumas,063,18699,1879,1828,42,1870,8
2021-11-12,Riverside,065,2383286,368645,363801,16381,380182,5187
2021-11-12,Sacramento,067,1510023,161565,160397,4734,165131,2291
2021-11-12,San Benito,069,59416,7498,7491,170,7661,77
2021-11-12,San Bernardino,071,2135413,359451,356325,11291,367616,5873
2021-11-12,San Diego,073,3302833,379373,377633,22236,399869,4280
2021-11-12,San Francisco,075,870044,53874,53195,2332,55527,667
2021-11-12,San Joaquin,077,732212,101143,100263,5428,105691,1799
2021-11-12,San Luis Obispo,079,281455,30052,29589,1270,30859,351
2021-11-12,San Mateo,081,765935,54851,53853,901,54754,574
2021-11-12,Santa Barbara,083,443738,45088,44734,1552,46286,537
2021-11-12,Santa Clara,085,1922200,149300,147821,1394,149215,1905
2021-11-12,Santa Cruz,087,273765,20796,20565,1002,21567,223
2021-11-12,Shasta,089,179085,22010,21713,3625,25338,366
2021-11-12,Sierra,091,2930,192,188,21,209,0
2021-11-12,Siskiyou,093,43540,3382,3299,1305,4604,54
2021-11-12,Solano,095,438530,46528,45774,1277,47051,350
2021-11-12,Sonoma,097,501317,42161,41882,529,42411,399
2021-11-12,Stanislaus,099,539301,79811,79872,8921,88793,1174
2021-11-12,Sutter,101,95872,14022,14017,362,14379,181
2021-11-12,Tehama,103,63373,8695,8592,1490,10082,125
2021-11-12,Trinity,105,12862,870,749,212,961,17
2021-11-12,Tulare,107,460477,69839,68619,15294,83913,1033
2021-11-12,Tuolumne,109,53932,7493,7392,109,7501,90
2021-11-12,Ventura,111,848112,99162,98452,4299,102751,1183
2021-11-12,Yolo,113,214977,20225,20009,991,21000,255
2021-11-12,Yuba,115,75493,10296,10218,347,10565,85
2021-11-11,Alameda,001,1643700,120732,120147,2779,122926,1453
2021-11-11,Alpine,002,1148,102,105,0,105,0
2021-11-11,Amador,005,37829,5638,5603,62,5665,66
2021-11-11,Butte,007,227075,21319,21047,3975,25022,293
2021-11-11,Calaveras,009,45235,4223,4179,59,4238,83
2021-11-11,Colusa,011,21464,2555,2518,644,3162,19
2021-11-11,Contra Costa,013,1133247,100566,99808,2210,102018,1028
2021-11-11,Del Norte,015,27424,3710,3622,54,3676,42
2021-11-11,El Dorado,017,186661,16371,16085,1733,17818,159
2021-11-11,Fresno,019,978130,143177,140833,12854,153687,2202
2021-11-11,Glenn,021,27897,3546,3503,1022,4525,34
2021-11-11,Humboldt,023,135768,9279,9125,590,9715,115
2021-11-11,Imperial,025,180216,34292,33844,3253,37097,766
2021-11-11,Inyo,027,18085,2463,2428,38,2466,42
2021-11-11,Kern,029,883053,130063,128023,22840,150863,1709
2021-11-11,Kings,031,150075,32848,32318,1956,34274,345
2021-11-11,Lake,033,64148,6847,6745,151,6896,107
2021-11-11,Lassen,035,31185,6967,6875,391,7266,47
2021-11-11,Los Angeles,037,10098052,1453754,1440436,53749,1494185,26614
2021-11-11,Madera,039,155013,23779,23316,2170,25486,287
2021-11-11,Marin,041,260295,17791,17639,465,18104,247
2021-11-11,Mariposa,043,17540,1363,1317,51,1368,6
2021-11-11,Mendocino,045,87422,7773,7612,605,8217,89
2021-11-11,Merced,047,269075,42511,42292,1994,44286,643
2021-11-11,Modoc,049,8938,553,536,198,734,5
2021-11-11,Mono,051,14174,1763,1743,22,1765,4
2021-11-11,Monterey,053,433212,49158,48008,2990,50998,609
2021-11-11,Napa,055,140530,13156,13075,112,13187,103
2021-11-11,Nevada,057,99092,9457,9308,331,9639,92
2021-11-11,Orange,059,3164182,310575,307674,15404,323078,5633
2021-11-11,Placer,061,380077,37843,37333,3715,41048,440
2021-11-11,Plumas,063,18699,1875,1814,42,1856,7
2021-11-11,Riverside,065,2383286,368209,362930,16363,379293,5175
2021-11-11,Sacramento,067,1510023,161352,159962,4715,164677,2289
2021-11-11,San Benito,069,59416,7490,7473,170,7643,76
2021-11-11,San Bernardino,071,2135413,359021,355413,11278,366691,5849
2021-11-11,San Diego,073,3302833,378864,376428,22213,398641,4272
2021-11-11,San Francisco,075,870044,53815,53063,2331,55394,666
2021-11-11,San Joaquin,077,732212,101048,99937,5412,105349,1799
2021-11-11,San Luis Obispo,079,281455,30001,29532,1268,30800,351
2021-11-11,San Mateo,081,765935,54803,53722,896,54618,574
2021-11-11,Santa Barbara,083,443738,45030,44603,1549,46152,534
2021-11-11,Santa Clara,085,1922200,149118,147458,1388,148846,1901
2021-11-11,Santa Cruz,087,273765,20751,20479,1002,21481,222
2021-11-11,Shasta,089,179085,21965,21600,3623,25223,364
2021-11-11,Sierra,091,2930,191,186,21,207,0
2021-11-11,Siskiyou,093,43540,3376,3297,1304,4601,53
2021-11-11,Solano,095,438530,46491,45679,1276,46955,350
2021-11-11,Sonoma,097,501317,42124,41774,529,42303,395
2021-11-11,Stanislaus,099,539301,79729,79570,8905,88475,1166
2021-11-11,Sutter,101,95872,14007,13993,361,14354,181
2021-11-11,Tehama,103,63373,8683,8565,1488,10053,125
2021-11-11,Trinity,105,12862,869,748,212,960,17
2021-11-11,Tulare,107,460477,69746,68367,15258,83625,1028
2021-11-11,Tuolumne,109,53932,7480,7354,109,7463,90
2021-11-11,Ventura,111,848112,99084,98297,4292,102589,1182
2021-11-11,Yolo,113,214977,20197,19946,990,20936,255
2021-11-11,Yuba,115,75493,10280,10191,347,10538,85
2021-11-10,Alameda,001,1643700,120622,120147,2770,122917,1453
2021-11-10,Alpine,002,1148,102,105,0,105,0
2021-11-10,Amador,005,37829,5632,5603,62,5665,66
2021-11-10,Butte,007,227075,21292,21047,3971,25018,293
2021-11-10,Calaveras,009,45235,4213,4179,59,4238,83
2021-11-10,Colusa,011,21464,2549,2518,644,3162,19
2021-11-10,Contra Costa,013,1133247,100483,99808,2206,102014,1028
2021-11-10,Del Norte,015,27424,3709,3622,54,3676,42
2021-11-10,El Dorado,017,186661,16355,16085,1732,17817,159
2021-11-10,Fresno,019,978130,142999,140833,12839,153672,2202
2021-11-10,Glenn,021,27897,3546,3503,1021,4524,34
2021-11-10,Humboldt,023,135768,9261,9125,590,9715,115
2021-11-10,Imperial,025,180216,34244,33844,3234,37078,766
2021-11-10,Inyo,027,18085,2456,2428,38,2466,42
2021-11-10,Kern,029,883053,129913,128023,22785,150808,1709
2021-11-10,Kings,031,150075,32815,32318,1954,34272,345
2021-11-10,Lake,033,64148,6837,6745,151,6896,107
2021-11-10,Lassen,035,31185,6962,6875,391,7266,47
2021-11-10,Los Angeles,037,10098052,1452804,1440436,53689,1494125,26614
2021-11-10,Madera,039,155013,23729,23316,2164,25480,287
2021-11-10,Marin,041,260295,17778,17639,463,18102,247
2021-11-10,Mariposa,043,17540,1357,1317,51,1368,6
2021-11-10,Mendocino,045,87422,7761,7612,604,8216,89
2021-11-10,Merced,047,269075,42476,42292,1992,44284,643
2021-11-10,Modoc,049,8938,552,536,197,733,5
2021-11-10,Mono,051,14174,1761,1743,22,1765,4
2021-11-10,Monterey,053,433212,49124,48008,2979,50987,609
2021-11-10,Napa,055,140530,13143,13075,111,13186,103
2021-11-10,Nevada,057,99092,9450,9308,329,9637,92
2021-11-10,Orange,059,3164182,310311,307674,15372,323046,5633
2021-11-10,Placer,061,380077,37797,37333,3708,41041,440
2021-11-10,Plumas,063,18699,1869,1814,41,1855,7
2021-11-10,Riverside,065,2383286,367828,362930,16357,379287,5175
2021-11-10,Sacramento,067,1510023,161197,159962,4705,164667,2289
2021-11-10,San Benito,069,59416,7482,7473,170,7643,76
2021-11-10,San Bernardino,071,2135413,358679,355413,11271,366684,5849
2021-11-10,San Diego,073,3302833,378459,376428,22191,398619,4272
2021-11-10,San Francisco,075,870044,53754,53063,2328,55391,666
2021-11-10,San Joaquin,077,732212,100943,99937,5407,105344,1799
2021-11-10,San Luis Obispo,079,281455,29970,29532,1267,30799,351
2021-11-10,San Mateo,081,765935,54750,53722,895,54617,574
2021-11-10,Santa Barbara,083,443738,44992,44603,1548,46151,534
2021-11-10,Santa Clara,085,1922200,148971,147458,1382,148840,1901
2021-11-10,Santa Cruz,087,273765,20724,20479,1001,21480,222
2021-11-10,Shasta,089,179085,21929,21600,3621,25221,364
2021-11-10,Sierra,091,2930,190,186,21,207,0
2021-11-10,Siskiyou,093,43540,3374,3297,1304,4601,53
2021-11-10,Solano,095,438530,46461,45679,1274,46953,350
2021-11-10,Sonoma,097,501317,42072,41774,529,42303,395
2021-11-10,Stanislaus,099,539301,79627,79570,8889,88459,1166
2021-11-10,Sutter,101,95872,13999,13993,361,14354,181
2021-11-10,Tehama,103,63373,8671,8565,1482,10047,125
2021-11-10,Trinity,105,12862,865,748,211,959,17
2021-11-10,Tulare,107,460477,69685,68367,15220,83587,1028
2021-11-10,Tuolumne,109,53932,7456,7354,109,7463,90
2021-11-10,Ventura,111,848112,99013,98297,4292,102589,1182
2021-11-10,Yolo,113,214977,20178,19946,989,20935,255
2021-11-10,Yuba,115,75493,10271,10191,347,10538,85
2021-11-09,Alameda,001,1643700,120486,120051,2761,122812,1450
2021-11-09,Alpine,002,1148,102,105,0,105,0
2021-11-09,Amador,005,37829,5626,5596,62,5658,66
2021-11-09,Butte,007,227075,21267,21022,3967,24989,291
2021-11-09,Calaveras,009,45235,4209,4174,59,4233,84
2021-11-09,Colusa,011,21464,2544,2517,643,3160,19
2021-11-09,Contra Costa,013,1133247,100387,99732,2199,101931,1028
2021-11-09,Del Norte,015,27424,3708,3620,54,3674,42
2021-11-09,El Dorado,017,186661,16317,16073,1727,17800,160
2021-11-09,Fresno,019,978130,142754,140666,12823,153489,2188
2021-11-09,Glenn,021,27897,3541,3499,1020,4519,34
2021-11-09,Humboldt,023,135768,9240,9112,585,9697,115
2021-11-09,Imperial,025,180216,34191,33751,3220,36971,766
2021-11-09,Inyo,027,18085,2452,2404,38,2442,42
2021-11-09,Kern,029,883053,129667,127901,22723,150624,1694
2021-11-09,Kings,031,150075,32749,32279,1950,34229,344
2021-11-09,Lake,033,64148,6828,6743,151,6894,106
2021-11-09,Lassen,035,31185,6950,6846,391,7237,47
2021-11-09,Los Angeles,037,10098052,1451551,1439125,53628,1492753,26581
2021-11-09,Madera,039,155013,23679,23285,2155,25440,287
2021-11-09,Marin,041,260295,17759,17630,461,18091,247
2021-11-09,Mariposa,043,17540,1349,1317,51,1368,5
2021-11-09,Mendocino,045,87422,7738,7598,598,8196,85
2021-11-09,Merced,047,269075,42435,42251,1986,44237,613
2021-11-09,Modoc,049,8938,551,536,195,731,5
2021-11-09,Mono,051,14174,1756,1738,22,1760,4
2021-11-09,Monterey,053,433212,49088,47975,2955,50930,609
2021-11-09,Napa,055,140530,13125,13051,111,13162,103
2021-11-09,Nevada,057,99092,9431,9288,329,9617,92
2021-11-09,Orange,059,3164182,310027,307412,15345,322757,5621
2021-11-09,Placer,061,380077,37740,37291,3691,40982,440
2021-11-09,Plumas,063,18699,1867,1802,41,1843,7
2021-11-09,Riverside,065,2383286,367366,362557,16343,378900,5160
2021-11-09,Sacramento,067,1510023,160956,159856,4696,164552,2286
2021-11-09,San Benito,069,59416,7472,7471,169,7640,76
2021-11-09,San Bernardino,071,2135413,358228,354972,11254,366226,5839
2021-11-09,San Diego,073,3302833,377964,375997,22165,398162,4272
2021-11-09,San Francisco,075,870044,53680,52996,2323,55319,666
2021-11-09,San Joaquin,077,732212,100769,99848,5394,105242,1794
2021-11-09,San Luis Obispo,079,281455,29930,29488,1266,30754,350
2021-11-09,San Mateo,081,765935,54702,53697,886,54583,574
2021-11-09,Santa Barbara,083,443738,44925,44579,1541,46120,533
2021-11-09,Santa Clara,085,1922200,148765,147281,1375,148656,1901
2021-11-09,Santa Cruz,087,273765,20690,20463,1000,21463,222
2021-11-09,Shasta,089,179085,21874,21558,3616,25174,364
2021-11-09,Sierra,091,2930,190,186,21,207,0
2021-11-09,Siskiyou,093,43540,3372,3295,1302,4597,52
2021-11-09,Solano,095,438530,46405,45639,1273,46912,350
2021-11-09,Sonoma,097,501317,42015,41727,527,42254,395
2021-11-09,Stanislaus,099,539301,79521,79505,8872,88377,1165
2021-11-09,Sutter,101,95872,13984,13988,359,14347,180
2021-11-09,Tehama,103,63373,8653,8555,1480,10035,125
2021-11-09,Trinity,105,12862,864,746,211,957,17
2021-11-09,Tulare,107,460477,69578,68298,15181,83479,1024
2021-11-09,Tuolumne,109,53932,7436,7347,109,7456,90
2021-11-09,Ventura,111,848112,98935,98202,4287,102489,1182
2021-11-09,Yolo,113,214977,20154,19931,985,20916,255
2021-11-09,Yuba,115,75493,10254,10175,341,10516,85
2021-11-08,Alameda,001,1643700,120342,119983,2755,122738,1447
2021-11-08,Alpine,002,1148,102,105,0,105,0
2021-11-08,Amador,005,37829,5620,5590,62,5652,66
2021-11-08,Butte,007,227075,21239,21000,3958,24958,288
2021-11-08,Calaveras,009,45235,4201,4166,59,4225,82
2021-11-08,Colusa,011,21464,2543,2514,642,3156,19
2021-11-08,Contra Costa,013,1133247,100284,99669,2195,101864,1028
2021-11-08,Del Norte,015,27424,3704,3619,54,3673,42
2021-11-08,El Dorado,017,186661,16298,16055,1722,17777,156
2021-11-08,Fresno,019,978130,142454,140466,12800,153266,2179
2021-11-08,Glenn,021,27897,3539,3496,1016,4512,34
2021-11-08,Humboldt,023,135768,9214,9095,575,9670,109
2021-11-08,Imperial,025,180216,34111,33690,3202,36892,766
2021-11-08,Inyo,027,18085,2445,2398,38,2436,41
2021-11-08,Kern,029,883053,129431,127722,22640,150362,1692
2021-11-08,Kings,031,150075,32703,32248,1949,34197,344
2021-11-08,Lake,033,64148,6822,6737,151,6888,106
2021-11-08,Lassen,035,31185,6943,6830,389,7219,46
2021-11-08,Los Angeles,037,10098052,1450213,1438322,53571,1491893,26575
2021-11-08,Madera,039,155013,23630,23253,2144,25397,287
2021-11-08,Marin,041,260295,17742,17617,458,18075,247
2021-11-08,Mariposa,043,17540,1341,1316,50,1366,5
2021-11-08,Mendocino,045,87422,7725,7581,592,8173,85
2021-11-08,Merced,047,269075,42366,42224,1976,44200,607
2021-11-08,Modoc,049,8938,550,529,195,724,5
2021-11-08,Mono,051,14174,1752,1739,22,1761,4
2021-11-08,Monterey,053,433212,49048,47942,2935,50877,602
2021-11-08,Napa,055,140530,13111,13045,111,13156,103
2021-11-08,Nevada,057,99092,9412,9278,327,9605,92
2021-11-08,Orange,059,3164182,309753,307156,15315,322471,5616
2021-11-08,Placer,061,380077,37687,37250,3688,40938,439
2021-11-08,Plumas,063,18699,1866,1788,40,1828,7
2021-11-08,Riverside,065,2383286,366911,362201,16329,378530,5152
2021-11-08,Sacramento,067,1510023,160740,159735,4675,164410,2275
2021-11-08,San Benito,069,59416,7470,7461,169,7630,75
2021-11-08,San Bernardino,071,2135413,357715,354741,11236,365977,5836
2021-11-08,San Diego,073,3302833,377402,375557,22118,397675,4259
2021-11-08,San Francisco,075,870044,53627,52942,2317,55259,666
2021-11-08,San Joaquin,077,732212,100652,99736,5392,105128,1794
2021-11-08,San Luis Obispo,079,281455,29879,29464,1261,30725,350
2021-11-08,San Mateo,081,765935,54629,53658,881,54539,574
2021-11-08,Santa Barbara,083,443738,44871,44548,1540,46088,532
2021-11-08,Santa Clara,085,1922200,148538,147183,1369,148552,1899
2021-11-08,Santa Cruz,087,273765,20661,20435,1000,21435,222
2021-11-08,Shasta,089,179085,21827,21504,3610,25114,354
2021-11-08,Sierra,091,2930,190,183,21,204,0
2021-11-08,Siskiyou,093,43540,3368,3290,1291,4581,50
2021-11-08,Solano,095,438530,46364,45613,1269,46882,350
2021-11-08,Sonoma,097,501317,41946,41669,526,42195,395
2021-11-08,Stanislaus,099,539301,79369,79417,8858,88275,1150
2021-11-08,Sutter,101,95872,13976,13976,355,14331,180
2021-11-08,Tehama,103,63373,8644,8534,1480,10014,123
2021-11-08,Trinity,105,12862,864,743,210,953,13
2021-11-08,Tulare,107,460477,69461,68199,15143,83342,1020
2021-11-08,Tuolumne,109,53932,7417,7328,108,7436,90
2021-11-08,Ventura,111,848112,98842,98144,4285,102429,1182
2021-11-08,Yolo,113,214977,20115,19916,981,20897,255
2021-11-08,Yuba,115,75493,10243,10172,338,10510,83
2021-11-07,Alameda,001,1643700,120183,119902,2749,122651,1444
2021-11-07,Alpine,002,1148,102,105,0,105,0
2021-11-07,Amador,005,37829,5612,5580,60,5640,66
2021-11-07,Butte,007,227075,21198,20969,3949,24918,288
2021-11-07,Calaveras,009,45235,4174,4158,58,4216,82
2021-11-07,Colusa,011,21464,2537,2511,640,3151,19
2021-11-07,Contra Costa,013,1133247,100173,99596,2186,101782,1028
2021-11-07,Del Norte,015,27424,3702,3617,54,3671,42
2021-11-07,El Dorado,017,186661,16261,16040,1719,17759,156
2021-11-07,Fresno,019,978130,142115,140263,12771,153034,2179
2021-11-07,Glenn,021,27897,3532,3493,1015,4508,34
2021-11-07,Humboldt,023,135768,9190,9074,571,9645,109
2021-11-07,Imperial,025,180216,34038,33674,3183,36857,766
2021-11-07,Inyo,027,18085,2432,2394,38,2432,41
2021-11-07,Kern,029,883053,129160,127583,22549,150132,1692
2021-11-07,Kings,031,150075,32611,32221,1946,34167,343
2021-11-07,Lake,033,64148,6806,6734,150,6884,106
2021-11-07,Lassen,035,31185,6935,6819,385,7204,46
2021-11-07,Los Angeles,037,10098052,1448725,1437314,53496,1490810,26573
2021-11-07,Madera,039,155013,23585,23225,2136,25361,287
2021-11-07,Marin,041,260295,17723,17594,457,18051,247
2021-11-07,Mariposa,043,17540,1339,1306,50,1356,5
2021-11-07,Mendocino,045,87422,7697,7567,588,8155,85
2021-11-07,Merced,047,269075,42288,42186,1945,44131,607
2021-11-07,Modoc,049,8938,547,528,194,722,5
2021-11-07,Mono,051,14174,1746,1739,22,1761,4
2021-11-07,Monterey,053,433212,48996,47924,2931,50855,602
2021-11-07,Napa,055,140530,13090,13041,111,13152,103
2021-11-07,Nevada,057,99092,9364,9254,327,9581,92
2021-11-07,Orange,059,3164182,309429,306954,15277,322231,5616
2021-11-07,Placer,061,380077,37611,37202,3673,40875,439
2021-11-07,Plumas,063,18699,1859,1787,39,1826,7
2021-11-07,Riverside,065,2383286,366373,361960,16309,378269,5152
2021-11-07,Sacramento,067,1510023,160506,159549,4658,164207,2277
2021-11-07,San Benito,069,59416,7457,7460,169,7629,75
2021-11-07,San Bernardino,071,2135413,357198,354488,11213,365701,5832
2021-11-07,San Diego,073,3302833,376825,375165,22085,397250,4250
2021-11-07,San Francisco,075,870044,53543,52868,2311,55179,666
2021-11-07,San Joaquin,077,732212,100467,99696,5386,105082,1794
2021-11-07,San Luis Obispo,079,281455,29831,29454,1257,30711,350
2021-11-07,San Mateo,081,765935,54570,53600,879,54479,574
2021-11-07,Santa Barbara,083,443738,44808,44501,1539,46040,532
2021-11-07,Santa Clara,085,1922200,148332,147054,1357,148411,1898
2021-11-07,Santa Cruz,087,273765,20603,20397,999,21396,222
2021-11-07,Shasta,089,179085,21779,21479,3604,25083,354
2021-11-07,Sierra,091,2930,188,183,21,204,0
2021-11-07,Siskiyou,093,43540,3362,3289,1289,4578,51
2021-11-07,Solano,095,438530,46309,45582,1262,46844,350
2021-11-07,Sonoma,097,501317,41896,41630,525,42155,395
2021-11-07,Stanislaus,099,539301,79214,79351,8836,88187,1150
2021-11-07,Sutter,101,95872,13963,13964,352,14316,180
2021-11-07,Tehama,103,63373,8619,8528,1478,10006,121
2021-11-07,Trinity,105,12862,863,742,209,951,13
2021-11-07,Tulare,107,460477,69308,68145,15099,83244,1020
2021-11-07,Tuolumne,109,53932,7399,7300,106,7406,90
2021-11-07,Ventura,111,848112,98751,98085,4283,102368,1182
2021-11-07,Yolo,113,214977,20094,19899,978,20877,255
2021-11-07,Yuba,115,75493,10226,10162,333,10495,83
2021-11-06,Alameda,001,1643700,120119,119499,2746,122245,1436
2021-11-06,Alpine,002,1148,102,105,0,105,0
2021-11-06,Amador,005,37829,5606,5557,60,5617,66
2021-11-06,Butte,007,227075,21178,20796,3945,24741,288
2021-11-06,Calaveras,009,45235,4166,4105,58,4163,82
2021-11-06,Colusa,011,21464,2536,2501,639,3140,19
2021-11-06,Contra Costa,013,1133247,100118,99282,2184,101466,1025
2021-11-06,Del Norte,015,27424,3699,3607,54,3661,42
2021-11-06,El Dorado,017,186661,16244,15958,1719,17677,156
2021-11-06,Fresno,019,978130,141996,139249,12766,152015,2170
2021-11-06,Glenn,021,27897,3529,3479,1015,4494,33
2021-11-06,Humboldt,023,135768,9178,8972,567,9539,109
2021-11-06,Imperial,025,180216,33994,33471,3177,36648,766
2021-11-06,Inyo,027,18085,2426,2353,38,2391,41
2021-11-06,Kern,029,883053,129026,126848,22497,149345,1684
2021-11-06,Kings,031,150075,32578,32018,1941,33959,342
2021-11-06,Lake,033,64148,6804,6695,150,6845,106
2021-11-06,Lassen,035,31185,6930,6796,384,7180,46
2021-11-06,Los Angeles,037,10098052,1447955,1433081,53453,1486534,26533
2021-11-06,Madera,039,155013,23549,22994,2126,25120,287
2021-11-06,Marin,041,260295,17704,17520,454,17974,247
2021-11-06,Mariposa,043,17540,1337,1282,50,1332,5
2021-11-06,Mendocino,045,87422,7675,7486,588,8074,85
2021-11-06,Merced,047,269075,42264,41958,1937,43895,604
2021-11-06,Modoc,049,8938,546,523,194,717,5
2021-11-06,Mono,051,14174,1744,1725,22,1747,4
2021-11-06,Monterey,053,433212,48963,47830,2921,50751,602
2021-11-06,Napa,055,140530,13080,12950,111,13061,103
2021-11-06,Nevada,057,99092,9342,9169,326,9495,91
2021-11-06,Orange,059,3164182,309223,306049,15251,321300,5611
2021-11-06,Placer,061,380077,37570,36967,3670,40637,438
2021-11-06,Plumas,063,18699,1855,1755,38,1793,7
2021-11-06,Riverside,065,2383286,366050,360584,16301,376885,5138
2021-11-06,Sacramento,067,1510023,160413,158766,4653,163419,2263
2021-11-06,San Benito,069,59416,7450,7429,169,7598,75
2021-11-06,San Bernardino,071,2135413,356927,353142,11209,364351,5813
2021-11-06,San Diego,073,3302833,376489,373423,22067,395490,4246
2021-11-06,San Francisco,075,870044,53489,52556,2308,54864,666
2021-11-06,San Joaquin,077,732212,100409,99372,5385,104757,1782
2021-11-06,San Luis Obispo,079,281455,29803,29335,1253,30588,350
2021-11-06,San Mateo,081,765935,54535,53442,878,54320,574
2021-11-06,Santa Barbara,083,443738,44772,44301,1538,45839,532
2021-11-06,Santa Clara,085,1922200,148186,146519,1353,147872,1894
2021-11-06,Santa Cruz,087,273765,20584,20311,997,21308,222
2021-11-06,Shasta,089,179085,21760,21281,3599,24880,349
2021-11-06,Sierra,091,2930,188,181,21,202,0
2021-11-06,Siskiyou,093,43540,3362,3279,1287,4566,48
2021-11-06,Solano,095,438530,46279,45465,1261,46726,350
2021-11-06,Sonoma,097,501317,41846,41398,524,41922,395
2021-11-06,Stanislaus,099,539301,79146,78902,8828,87730,1193
2021-11-06,Sutter,101,95872,13959,13908,351,14259,180
2021-11-06,Tehama,103,63373,8607,8474,1476,9950,120
2021-11-06,Trinity,105,12862,860,732,209,941,11
2021-11-06,Tulare,107,460477,69258,67767,15070,82837,1010
2021-11-06,Tuolumne,109,53932,7386,7245,106,7351,90
2021-11-06,Ventura,111,848112,98684,97770,4278,102048,1180
2021-11-06,Yolo,113,214977,20077,19827,974,20801,255
2021-11-06,Yuba,115,75493,10212,10107,333,10440,83
2021-11-05,Alameda,001,1643700,120035,119499,2744,122243,1436
2021-11-05,Alpine,002,1148,102,105,0,105,0
2021-11-05,Amador,005,37829,5601,5557,60,5617,66
2021-11-05,Butte,007,227075,21165,20796,3944,24740,288
2021-11-05,Calaveras,009,45235,4161,4105,58,4163,82
2021-11-05,Colusa,011,21464,2536,2501,638,3139,19
2021-11-05,Contra Costa,013,1133247,100052,99282,2182,101464,1025
2021-11-05,Del Norte,015,27424,3697,3607,54,3661,42
2021-11-05,El Dorado,017,186661,16227,15958,1713,17671,156
2021-11-05,Fresno,019,978130,141814,139249,12755,152004,2170
2021-11-05,Glenn,021,27897,3528,3479,1014,4493,33
2021-11-05,Humboldt,023,135768,9164,8972,567,9539,109
2021-11-05,Imperial,025,180216,33958,33471,3174,36645,766
2021-11-05,Inyo,027,18085,2418,2353,38,2391,41
2021-11-05,Kern,029,883053,128899,126848,22442,149290,1684
2021-11-05,Kings,031,150075,32554,32018,1940,33958,342
2021-11-05,Lake,033,64148,6798,6695,150,6845,106
2021-11-05,Lassen,035,31185,6926,6796,383,7179,46
2021-11-05,Los Angeles,037,10098052,1447132,1433081,53415,1486496,26533
2021-11-05,Madera,039,155013,23510,22994,2125,25119,287
2021-11-05,Marin,041,260295,17682,17520,453,17973,247
2021-11-05,Mariposa,043,17540,1334,1282,49,1331,5
2021-11-05,Mendocino,045,87422,7664,7486,587,8073,85
2021-11-05,Merced,047,269075,42238,41958,1928,43886,604
2021-11-05,Modoc,049,8938,546,523,194,717,5
2021-11-05,Mono,051,14174,1743,1725,22,1747,4
2021-11-05,Monterey,053,433212,48933,47830,2919,50749,602
2021-11-05,Napa,055,140530,13058,12950,111,13061,103
2021-11-05,Nevada,057,99092,9329,9169,326,9495,91
2021-11-05,Orange,059,3164182,309026,306049,15229,321278,5611
2021-11-05,Placer,061,380077,37542,36967,3661,40628,438
2021-11-05,Plumas,063,18699,1847,1755,38,1793,7
2021-11-05,Riverside,065,2383286,365712,360584,16291,376875,5138
2021-11-05,Sacramento,067,1510023,160291,158766,4646,163412,2263
2021-11-05,San Benito,069,59416,7448,7429,168,7597,75
2021-11-05,San Bernardino,071,2135413,356593,353142,11199,364341,5813
2021-11-05,San Diego,073,3302833,376136,373423,22055,395478,4246
2021-11-05,San Francisco,075,870044,53438,52556,2305,54861,666
2021-11-05,San Joaquin,077,732212,100356,99372,5376,104748,1782
2021-11-05,San Luis Obispo,079,281455,29780,29335,1253,30588,350
2021-11-05,San Mateo,081,765935,54493,53442,876,54318,574
2021-11-05,Santa Barbara,083,443738,44727,44301,1537,45838,532
2021-11-05,Santa Clara,085,1922200,148049,146519,1352,147871,1894
2021-11-05,Santa Cruz,087,273765,20560,20311,996,21307,222
2021-11-05,Shasta,089,179085,21728,21281,3594,24875,349
2021-11-05,Sierra,091,2930,188,181,21,202,0
2021-11-05,Siskiyou,093,43540,3357,3279,1286,4565,48
2021-11-05,Solano,095,438530,46234,45465,1259,46724,350
2021-11-05,Sonoma,097,501317,41806,41398,524,41922,395
2021-11-05,Stanislaus,099,539301,79088,78902,8816,87718,1193
2021-11-05,Sutter,101,95872,13951,13908,350,14258,180
2021-11-05,Tehama,103,63373,8600,8474,1475,9949,120
2021-11-05,Trinity,105,12862,860,732,209,941,11
2021-11-05,Tulare,107,460477,69186,67767,15033,82800,1010
2021-11-05,Tuolumne,109,53932,7369,7245,105,7350,90
2021-11-05,Ventura,111,848112,98644,97770,4276,102046,1180
2021-11-05,Yolo,113,214977,20066,19827,973,20800,255
2021-11-05,Yuba,115,75493,10199,10107,331,10438,83
2021-11-04,Alameda,001,1643700,119919,119499,2738,122237,1436
2021-11-04,Alpine,002,1148,102,105,0,105,0
2021-11-04,Amador,005,37829,5593,5557,60,5617,66
2021-11-04,Butte,007,227075,21124,20796,3933,24729,288
2021-11-04,Calaveras,009,45235,4147,4105,56,4161,82
2021-11-04,Colusa,011,21464,2530,2501,637,3138,19
2021-11-04,Contra Costa,013,1133247,99961,99282,2177,101459,1025
2021-11-04,Del Norte,015,27424,3694,3607,54,3661,42
2021-11-04,El Dorado,017,186661,16201,15958,1709,17667,156
2021-11-04,Fresno,019,978130,141531,139249,12745,151994,2170
2021-11-04,Glenn,021,27897,3523,3479,1013,4492,33
2021-11-04,Humboldt,023,135768,9139,8972,564,9536,109
2021-11-04,Imperial,025,180216,33901,33471,3165,36636,766
2021-11-04,Inyo,027,18085,2410,2353,38,2391,41
2021-11-04,Kern,029,883053,128667,126848,22373,149221,1684
2021-11-04,Kings,031,150075,32475,32018,1931,33949,342
2021-11-04,Lake,033,64148,6788,6695,148,6843,106
2021-11-04,Lassen,035,31185,6916,6796,378,7174,46
2021-11-04,Los Angeles,037,10098052,1445825,1433081,53334,1486415,26533
2021-11-04,Madera,039,155013,23455,22994,2114,25108,287
2021-11-04,Marin,041,260295,17670,17520,451,17971,247
2021-11-04,Mariposa,043,17540,1327,1282,49,1331,5
2021-11-04,Mendocino,045,87422,7651,7486,581,8067,85
2021-11-04,Merced,047,269075,42184,41958,1924,43882,604
2021-11-04,Modoc,049,8938,545,523,194,717,5
2021-11-04,Mono,051,14174,1738,1725,22,1747,4
2021-11-04,Monterey,053,433212,48889,47830,2903,50733,602
2021-11-04,Napa,055,140530,13036,12950,111,13061,103
2021-11-04,Nevada,057,99092,9298,9169,325,9494,91
2021-11-04,Orange,059,3164182,308777,306049,15211,321260,5611
2021-11-04,Placer,061,380077,37471,36967,3652,40619,438
2021-11-04,Plumas,063,18699,1839,1755,34,1789,7
2021-11-04,Riverside,065,2383286,365314,360584,16282,376866,5138
2021-11-04,Sacramento,067,1510023,160056,158766,4627,163393,2263
2021-11-04,San Benito,069,59416,7442,7429,168,7597,75
2021-11-04,San Bernardino,071,2135413,356153,353142,11191,364333,5813
2021-11-04,San Diego,073,3302833,375667,373423,22034,395457,4246
2021-11-04,San Francisco,075,870044,53357,52556,2301,54857,666
2021-11-04,San Joaquin,077,732212,100249,99372,5364,104736,1782
2021-11-04,San Luis Obispo,079,281455,29756,29335,1247,30582,350
2021-11-04,San Mateo,081,765935,54434,53442,870,54312,574
2021-11-04,Santa Barbara,083,443738,44671,44301,1537,45838,532
2021-11-04,Santa Clara,085,1922200,147889,146519,1348,147867,1894
2021-11-04,Santa Cruz,087,273765,20525,20311,996,21307,222
2021-11-04,Shasta,089,179085,21670,21281,3588,24869,349
2021-11-04,Sierra,091,2930,186,181,21,202,0
2021-11-04,Siskiyou,093,43540,3353,3279,1279,4558,48
2021-11-04,Solano,095,438530,46192,45465,1258,46723,350
2021-11-04,Sonoma,097,501317,41748,41398,524,41922,395
2021-11-04,Stanislaus,099,539301,78951,78902,8808,87710,1193
2021-11-04,Sutter,101,95872,13940,13908,348,14256,180
2021-11-04,Tehama,103,63373,8591,8474,1471,9945,120
2021-11-04,Trinity,105,12862,859,732,209,941,11
2021-11-04,Tulare,107,460477,69071,67767,14987,82754,1010
2021-11-04,Tuolumne,109,53932,7347,7245,103,7348,90
2021-11-04,Ventura,111,848112,98557,97770,4274,102044,1180
2021-11-04,Yolo,113,214977,20040,19827,969,20796,255
2021-11-04,Yuba,115,75493,10185,10107,329,10436,83
2021-11-03,Alameda,001,1643700,119778,119356,2734,122090,1428
2021-11-03,Alpine,002,1148,102,105,0,105,0
2021-11-03,Amador,005,37829,5587,5545,59,5604,66
2021-11-03,Butte,007,227075,21079,20769,3924,24693,284
2021-11-03,Calaveras,009,45235,4129,4087,55,4142,82
2021-11-03,Colusa,011,21464,2524,2499,637,3136,20
2021-11-03,Contra Costa,013,1133247,99861,99168,2172,101340,1025
2021-11-03,Del Norte,015,27424,3692,3600,53,3653,42
2021-11-03,El Dorado,017,186661,16174,15915,1705,17620,156
2021-11-03,Fresno,019,978130,141170,138873,12723,151596,2166
2021-11-03,Glenn,021,27897,3520,3470,1013,4483,33
2021-11-03,Humboldt,023,135768,9122,8949,559,9508,109
2021-11-03,Imperial,025,180216,33829,33402,3155,36557,766
2021-11-03,Inyo,027,18085,2389,2344,38,2382,41
2021-11-03,Kern,029,883053,128407,126523,22274,148797,1681
2021-11-03,Kings,031,150075,32420,31923,1924,33847,341
2021-11-03,Lake,033,64148,6772,6685,148,6833,106
2021-11-03,Lassen,035,31185,6900,6782,373,7155,46
2021-11-03,Los Angeles,037,10098052,1444473,1431209,53255,1484464,26517
2021-11-03,Madera,039,155013,23386,22893,2105,24998,287
2021-11-03,Marin,041,260295,17649,17491,447,17938,247
2021-11-03,Mariposa,043,17540,1317,1276,49,1325,5
2021-11-03,Mendocino,045,87422,7635,7457,573,8030,84
2021-11-03,Merced,047,269075,42123,41849,1914,43763,597
2021-11-03,Modoc,049,8938,545,521,192,713,5
2021-11-03,Mono,051,14174,1734,1719,22,1741,4
2021-11-03,Monterey,053,433212,48839,47794,2890,50684,601
2021-11-03,Napa,055,140530,13024,12937,110,13047,103
2021-11-03,Nevada,057,99092,9271,9131,324,9455,91
2021-11-03,Orange,059,3164182,308466,305661,15178,320839,5607
2021-11-03,Placer,061,380077,37403,36868,3647,40515,438
2021-11-03,Plumas,063,18699,1828,1739,33,1772,7
2021-11-03,Riverside,065,2383286,364858,360060,16278,376338,5131
2021-11-03,Sacramento,067,1510023,159832,158311,4617,162928,2259
2021-11-03,San Benito,069,59416,7434,7419,168,7587,75
2021-11-03,San Bernardino,071,2135413,355677,352225,11170,363395,5813
2021-11-03,San Diego,073,3302833,375167,372951,22011,394962,4241
2021-11-03,San Francisco,075,870044,53265,52493,2296,54789,663
2021-11-03,San Joaquin,077,732212,100136,99188,5354,104542,1776
2021-11-03,San Luis Obispo,079,281455,29714,29276,1241,30517,348
2021-11-03,San Mateo,081,765935,54370,53396,864,54260,571
2021-11-03,Santa Barbara,083,443738,44614,44220,1534,45754,531
2021-11-03,Santa Clara,085,1922200,147707,146259,1341,147600,1897
2021-11-03,Santa Cruz,087,273765,20490,20275,996,21271,222
2021-11-03,Shasta,089,179085,21612,21215,3581,24796,346
2021-11-03,Sierra,091,2930,184,180,21,201,0
2021-11-03,Siskiyou,093,43540,3349,3276,1277,4553,46
2021-11-03,Solano,095,438530,46165,45411,1256,46667,351
2021-11-03,Sonoma,097,501317,41671,41326,522,41848,395
2021-11-03,Stanislaus,099,539301,78819,78736,8792,87528,1193
2021-11-03,Sutter,101,95872,13927,13876,346,14222,179
2021-11-03,Tehama,103,63373,8579,8438,1471,9909,118
2021-11-03,Trinity,105,12862,858,730,209,939,11
2021-11-03,Tulare,107,460477,68945,67588,14946,82534,1007
2021-11-03,Tuolumne,109,53932,7329,7218,101,7319,90
2021-11-03,Ventura,111,848112,98452,97682,4269,101951,1178
2021-11-03,Yolo,113,214977,20020,19758,963,20721,250
2021-11-03,Yuba,115,75493,10173,10092,329,10421,83
2021-11-02,Alameda,001,1643700,119633,119241,2728,121969,1425
2021-11-02,Alpine,002,1148,101,105,0,105,0
2021-11-02,Amador,005,37829,5582,5535,59,5594,66
2021-11-02,Butte,007,227075,21035,20744,3912,24656,282
2021-11-02,Calaveras,009,45235,4106,4075,55,4130,82
2021-11-02,Colusa,011,21464,2519,2497,636,3133,19
2021-11-02,Contra Costa,013,1133247,99758,99080,2160,101240,1025
2021-11-02,Del Norte,015,27424,3690,3596,53,3649,42
2021-11-02,El Dorado,017,186661,16145,15883,1705,17588,154
2021-11-02,Fresno,019,978130,140846,138644,12693,151337,2158
2021-11-02,Glenn,021,27897,3512,3469,1010,4479,33
2021-11-02,Humboldt,023,135768,9080,8937,558,9495,109
2021-11-02,Imperial,025,180216,33757,33371,3143,36514,766
2021-11-02,Inyo,027,18085,2382,2324,38,2362,41
2021-11-02,Kern,029,883053,128152,126311,22154,148465,1665
2021-11-02,Kings,031,150075,32361,31896,1919,33815,339
2021-11-02,Lake,033,64148,6767,6681,147,6828,106
2021-11-02,Lassen,035,31185,6888,6777,370,7147,45
2021-11-02,Los Angeles,037,10098052,1443031,1429601,53179,1482780,26496
2021-11-02,Madera,039,155013,23305,22837,2094,24931,287
2021-11-02,Marin,041,260295,17621,17482,447,17929,247
2021-11-02,Mariposa,043,17540,1306,1270,48,1318,5
2021-11-02,Mendocino,045,87422,7611,7447,561,8008,84
2021-11-02,Merced,047,269075,42056,41785,1906,43691,596
2021-11-02,Modoc,049,8938,542,520,191,711,5
2021-11-02,Mono,051,14174,1730,1718,22,1740,4
2021-11-02,Monterey,053,433212,48788,47775,2872,50647,599
2021-11-02,Napa,055,140530,13006,12930,110,13040,104
2021-11-02,Nevada,057,99092,9241,9122,323,9445,91
2021-11-02,Orange,059,3164182,308150,305369,15134,320503,5600
2021-11-02,Placer,061,380077,37332,36817,3632,40449,438
2021-11-02,Plumas,063,18699,1817,1721,33,1754,7
2021-11-02,Riverside,065,2383286,364405,359586,16259,375845,5116
2021-11-02,Sacramento,067,1510023,159575,158112,4595,162707,2250
2021-11-02,San Benito,069,59416,7418,7407,168,7575,75
2021-11-02,San Bernardino,071,2135413,355200,351832,11117,362949,5813
2021-11-02,San Diego,073,3302833,374582,372440,21981,394421,4232
2021-11-02,San Francisco,075,870044,53145,52450,2292,54742,663
2021-11-02,San Joaquin,077,732212,100003,99076,5343,104419,1772
2021-11-02,San Luis Obispo,079,281455,29681,29224,1237,30461,348
2021-11-02,San Mateo,081,765935,54298,53351,861,54212,571
2021-11-02,Santa Barbara,083,443738,44558,44177,1531,45708,531
2021-11-02,Santa Clara,085,1922200,147513,146115,1334,147449,1896
2021-11-02,Santa Cruz,087,273765,20457,20266,995,21261,222
2021-11-02,Shasta,089,179085,21538,21127,3571,24698,344
2021-11-02,Sierra,091,2930,184,180,20,200,0
2021-11-02,Siskiyou,093,43540,3347,3272,1274,4546,46
2021-11-02,Solano,095,438530,46125,45378,1250,46628,350
2021-11-02,Sonoma,097,501317,41591,41288,521,41809,395
2021-11-02,Stanislaus,099,539301,78664,78629,8772,87401,1193
2021-11-02,Sutter,101,95872,13907,13868,346,14214,179
2021-11-02,Tehama,103,63373,8563,8422,1468,9890,116
2021-11-02,Trinity,105,12862,858,729,209,938,11
2021-11-02,Tulare,107,460477,68819,67502,14898,82400,1002
2021-11-02,Tuolumne,109,53932,7307,7204,99,7303,90
2021-11-02,Ventura,111,848112,98345,97574,4265,101839,1178
2021-11-02,Yolo,113,214977,19990,19736,961,20697,250
2021-11-02,Yuba,115,75493,10150,10080,327,10407,83
2021-11-01,Alameda,001,1643700,119495,119159,2726,121885,1421
2021-11-01,Alpine,002,1148,101,105,0,105,0
2021-11-01,Amador,005,37829,5580,5532,59,5591,64
2021-11-01,Butte,007,227075,20985,20710,3906,24616,281
2021-11-01,Calaveras,009,45235,4096,4059,54,4113,82
2021-11-01,Colusa,011,21464,2517,2494,633,3127,19
2021-11-01,Contra Costa,013,1133247,99632,99011,2152,101163,1025
2021-11-01,Del Norte,015,27424,3688,3594,53,3647,42
2021-11-01,El Dorado,017,186661,16121,15858,1700,17558,154
2021-11-01,Fresno,019,978130,140468,138421,12657,151078,2149
2021-11-01,Glenn,021,27897,3505,3461,1008,4469,33
2021-11-01,Humboldt,023,135768,9052,8929,555,9484,108
2021-11-01,Imperial,025,180216,33707,33342,3134,36476,766
2021-11-01,Inyo,027,18085,2370,2307,38,2345,41
2021-11-01,Kern,029,883053,127851,126092,22039,148131,1660
2021-11-01,Kings,031,150075,32308,31866,1915,33781,337
2021-11-01,Lake,033,64148,6756,6676,146,6822,106
2021-11-01,Lassen,035,31185,6873,6775,367,7142,42
2021-11-01,Los Angeles,037,10098052,1441646,1428891,53090,1481981,26483
2021-11-01,Madera,039,155013,23225,22801,2089,24890,283
2021-11-01,Marin,041,260295,17601,17460,446,17906,247
2021-11-01,Mariposa,043,17540,1298,1266,47,1313,5
2021-11-01,Mendocino,045,87422,7578,7422,543,7965,84
2021-11-01,Merced,047,269075,41964,41740,1904,43644,594
2021-11-01,Modoc,049,8938,537,520,189,709,5
2021-11-01,Mono,051,14174,1726,1714,22,1736,3
2021-11-01,Monterey,053,433212,48745,47756,2860,50616,597
2021-11-01,Napa,055,140530,12979,12916,109,13025,101
2021-11-01,Nevada,057,99092,9218,9108,322,9430,91
2021-11-01,Orange,059,3164182,307807,305192,15094,320286,5596
2021-11-01,Placer,061,380077,37245,36747,3620,40367,435
2021-11-01,Plumas,063,18699,1798,1719,33,1752,7
2021-11-01,Riverside,065,2383286,363900,359263,16237,375500,5115
2021-11-01,Sacramento,067,1510023,159301,157893,4572,162465,2239
2021-11-01,San Benito,069,59416,7408,7406,167,7573,73
2021-11-01,San Bernardino,071,2135413,354710,351620,11097,362717,5815
2021-11-01,San Diego,073,3302833,374017,372043,21963,394006,4232
2021-11-01,San Francisco,075,870044,53059,52418,2285,54703,661
2021-11-01,San Joaquin,077,732212,99841,98969,5336,104305,1772
2021-11-01,San Luis Obispo,079,281455,29637,29199,1232,30431,343
2021-11-01,San Mateo,081,765935,54231,53314,857,54171,571
2021-11-01,Santa Barbara,083,443738,44491,44146,1527,45673,529
2021-11-01,Santa Clara,085,1922200,147314,145978,1329,147307,1907
2021-11-01,Santa Cruz,087,273765,20422,20238,995,21233,221
2021-11-01,Shasta,089,179085,21485,21104,3564,24668,338
2021-11-01,Sierra,091,2930,184,180,20,200,0
2021-11-01,Siskiyou,093,43540,3340,3272,1269,4541,46
2021-11-01,Solano,095,438530,46071,45358,1250,46608,350
2021-11-01,Sonoma,097,501317,41517,41234,520,41754,395
2021-11-01,Stanislaus,099,539301,78534,78534,8757,87291,1193
2021-11-01,Sutter,101,95872,13883,13852,344,14196,179
2021-11-01,Tehama,103,63373,8535,8412,1465,9877,116
2021-11-01,Trinity,105,12862,856,727,209,936,11
2021-11-01,Tulare,107,460477,68676,67388,14846,82234,1002
2021-11-01,Tuolumne,109,53932,7291,7175,98,7273,90
2021-11-01,Ventura,111,848112,98253,97507,4263,101770,1178
2021-11-01,Yolo,113,214977,19969,19708,955,20663,250
2021-11-01,Yuba,115,75493,10132,10066,325,10391,83
2021-10-31,Alameda,001,1643700,119353,119071,2722,121793,1419
2021-10-31,Alpine,002,1148,101,105,0,105,0
2021-10-31,Amador,005,37829,5569,5518,59,5577,64
2021-10-31,Butte,007,227075,20923,20689,3895,24584,281
2021-10-31,Calaveras,009,45235,4078,4052,53,4105,82
2021-10-31,Colusa,011,21464,2515,2493,630,3123,18
2021-10-31,Contra Costa,013,1133247,99504,98936,2150,101086,1025
2021-10-31,Del Norte,015,27424,3682,3591,53,3644,42
2021-10-31,El Dorado,017,186661,16075,15841,1697,17538,154
2021-10-31,Fresno,019,978130,140064,138165,12623,150788,2147
2021-10-31,Glenn,021,27897,3498,3459,1008,4467,33
2021-10-31,Humboldt,023,135768,9004,8919,549,9468,108
2021-10-31,Imperial,025,180216,33632,33334,3122,36456,766
2021-10-31,Inyo,027,18085,2351,2309,38,2347,41
2021-10-31,Kern,029,883053,127479,125917,21915,147832,1666
2021-10-31,Kings,031,150075,32222,31814,1903,33717,338
2021-10-31,Lake,033,64148,6745,6665,144,6809,106
2021-10-31,Lassen,035,31185,6858,6768,362,7130,42
2021-10-31,Los Angeles,037,10098052,1440094,1427933,53007,1480940,26474
2021-10-31,Madera,039,155013,23129,22744,2076,24820,283
2021-10-31,Marin,041,260295,17573,17443,445,17888,247
2021-10-31,Mariposa,043,17540,1292,1257,46,1303,5
2021-10-31,Mendocino,045,87422,7537,7403,526,7929,84
2021-10-31,Merced,047,269075,41871,41699,1884,43583,589
2021-10-31,Modoc,049,8938,531,517,186,703,5
2021-10-31,Mono,051,14174,1722,1711,22,1733,3
2021-10-31,Monterey,053,433212,48704,47744,2842,50586,596
2021-10-31,Napa,055,140530,12962,12906,107,13013,101
2021-10-31,Nevada,057,99092,9181,9084,317,9401,91
2021-10-31,Orange,059,3164182,307459,305032,15010,320042,5596
2021-10-31,Placer,061,380077,37148,36698,3607,40305,435
2021-10-31,Plumas,063,18699,1780,1716,33,1749,7
2021-10-31,Riverside,065,2383286,363324,359005,16223,375228,5104
2021-10-31,Sacramento,067,1510023,158950,157667,4559,162226,2243
2021-10-31,San Benito,069,59416,7399,7397,165,7562,73
2021-10-31,San Bernardino,071,2135413,354177,351411,11083,362494,5810
2021-10-31,San Diego,073,3302833,373464,371603,21932,393535,4218
2021-10-31,San Francisco,075,870044,52950,52370,2279,54649,661
2021-10-31,San Joaquin,077,732212,99677,98893,5321,104214,1772
2021-10-31,San Luis Obispo,079,281455,29584,29176,1231,30407,343
2021-10-31,San Mateo,081,765935,54172,53284,855,54139,571
2021-10-31,Santa Barbara,083,443738,44421,44113,1522,45635,529
2021-10-31,Santa Clara,085,1922200,147098,145829,1314,147143,1908
2021-10-31,Santa Cruz,087,273765,20387,20218,994,21212,221
2021-10-31,Shasta,089,179085,21402,21086,3552,24638,338
2021-10-31,Sierra,091,2930,184,180,20,200,0
2021-10-31,Siskiyou,093,43540,3334,3271,1268,4539,46
2021-10-31,Solano,095,438530,46022,45310,1244,46554,350
2021-10-31,Sonoma,097,501317,41447,41183,517,41700,395
2021-10-31,Stanislaus,099,539301,78345,78426,8740,87166,1193
2021-10-31,Sutter,101,95872,13864,13838,341,14179,179
2021-10-31,Tehama,103,63373,8504,8391,1461,9852,116
2021-10-31,Trinity,105,12862,856,724,209,933,11
2021-10-31,Tulare,107,460477,68480,67310,14758,82068,1002
2021-10-31,Tuolumne,109,53932,7262,7141,97,7238,90
2021-10-31,Ventura,111,848112,98131,97460,4258,101718,1178
2021-10-31,Yolo,113,214977,19923,19662,951,20613,250
2021-10-31,Yuba,115,75493,10114,10051,315,10366,83
2021-10-30,Alameda,001,1643700,119292,118632,2719,121351,1419
2021-10-30,Alpine,002,1148,101,105,0,105,0
2021-10-30,Amador,005,37829,5560,5480,58,5538,64
2021-10-30,Butte,007,227075,20908,20516,3888,24404,277
2021-10-30,Calaveras,009,45235,4071,3992,53,4045,82
2021-10-30,Colusa,011,21464,2515,2484,629,3113,19
2021-10-30,Contra Costa,013,1133247,99441,98562,2149,100711,1024
2021-10-30,Del Norte,015,27424,3679,3574,53,3627,42
2021-10-30,El Dorado,017,186661,16059,15752,1693,17445,154
2021-10-30,Fresno,019,978130,139919,136901,12611,149512,2131
2021-10-30,Glenn,021,27897,3494,3442,1008,4450,33
2021-10-30,Humboldt,023,135768,8989,8871,547,9418,105
2021-10-30,Imperial,025,180216,33586,33156,3118,36274,766
2021-10-30,Inyo,027,18085,2348,2249,38,2287,41
2021-10-30,Kern,029,883053,127326,124892,21846,146738,1653
2021-10-30,Kings,031,150075,32188,31578,1899,33477,337
2021-10-30,Lake,033,64148,6740,6610,144,6754,106
2021-10-30,Lassen,035,31185,6852,6719,360,7079,42
2021-10-30,Los Angeles,037,10098052,1439372,1424257,52954,1477211,26625
2021-10-30,Madera,039,155013,23085,22524,2071,24595,283
2021-10-30,Marin,041,260295,17558,17380,443,17823,247
2021-10-30,Mariposa,043,17540,1289,1228,46,1274,5
2021-10-30,Mendocino,045,87422,7515,7338,524,7862,84
2021-10-30,Merced,047,269075,41831,41428,1882,43310,586
2021-10-30,Modoc,049,8938,529,513,185,698,5
2021-10-30,Mono,051,14174,1722,1684,22,1706,3
2021-10-30,Monterey,053,433212,48687,47649,2836,50485,588
2021-10-30,Napa,055,140530,12947,12863,106,12969,101
2021-10-30,Nevada,057,99092,9162,9015,317,9332,91
2021-10-30,Orange,059,3164182,307279,304120,14988,319108,5588
2021-10-30,Placer,061,380077,37103,36400,3601,40001,434
2021-10-30,Plumas,063,18699,1775,1695,33,1728,7
2021-10-30,Riverside,065,2383286,363022,357645,16215,373860,5088
2021-10-30,Sacramento,067,1510023,158793,157125,4550,161675,2233
2021-10-30,San Benito,069,59416,7392,7362,165,7527,71
2021-10-30,San Bernardino,071,2135413,353899,350076,11068,361144,5777
2021-10-30,San Diego,073,3302833,373101,370006,21910,391916,4213
2021-10-30,San Francisco,075,870044,52921,52161,2277,54438,661
2021-10-30,San Joaquin,077,732212,99621,98314,5320,103634,1768
2021-10-30,San Luis Obispo,079,281455,29552,29053,1228,30281,341
2021-10-30,San Mateo,081,765935,54133,53083,855,53938,571
2021-10-30,Santa Barbara,083,443738,44385,43972,1521,45493,528
2021-10-30,Santa Clara,085,1922200,146991,145262,1310,146572,1903
2021-10-30,Santa Cruz,087,273765,20369,20134,992,21126,221
2021-10-30,Shasta,089,179085,21358,20878,3546,24424,332
2021-10-30,Sierra,091,2930,184,175,20,195,0
2021-10-30,Siskiyou,093,43540,3333,3257,1265,4522,46
2021-10-30,Solano,095,438530,46001,45146,1242,46388,346
2021-10-30,Sonoma,097,501317,41408,40924,517,41441,393
2021-10-30,Stanislaus,099,539301,78275,77871,8733,86604,1191
2021-10-30,Sutter,101,95872,13850,13773,341,14114,178
2021-10-30,Tehama,103,63373,8492,8307,1457,9764,114
2021-10-30,Trinity,105,12862,854,708,208,916,11
2021-10-30,Tulare,107,460477,68409,66745,14714,81459,995
2021-10-30,Tuolumne,109,53932,7239,7050,96,7146,90
2021-10-30,Ventura,111,848112,98082,97182,4255,101437,1174
2021-10-30,Yolo,113,214977,19904,19568,949,20517,250
2021-10-30,Yuba,115,75493,10103,9969,315,10284,82
2021-10-29,Alameda,001,1643700,119212,118632,2714,121346,1419
2021-10-29,Alpine,002,1148,101,105,0,105,0
2021-10-29,Amador,005,37829,5549,5480,58,5538,64
2021-10-29,Butte,007,227075,20883,20516,3876,24392,277
2021-10-29,Calaveras,009,45235,4064,3992,53,4045,82
2021-10-29,Colusa,011,21464,2515,2484,627,3111,19
2021-10-29,Contra Costa,013,1133247,99373,98562,2147,100709,1024
2021-10-29,Del Norte,015,27424,3672,3574,53,3627,42
2021-10-29,El Dorado,017,186661,16045,15752,1693,17445,154
2021-10-29,Fresno,019,978130,139703,136901,12598,149499,2131
2021-10-29,Glenn,021,27897,3493,3442,1007,4449,33
2021-10-29,Humboldt,023,135768,8984,8871,546,9417,105
2021-10-29,Imperial,025,180216,33559,33156,3115,36271,766
2021-10-29,Inyo,027,18085,2345,2249,38,2287,41
2021-10-29,Kern,029,883053,127149,124892,21756,146648,1653
2021-10-29,Kings,031,150075,32154,31578,1897,33475,337
2021-10-29,Lake,033,64148,6731,6610,141,6751,106
2021-10-29,Lassen,035,31185,6843,6719,358,7077,42
2021-10-29,Los Angeles,037,10098052,1438531,1424257,52912,1477169,26625
2021-10-29,Madera,039,155013,23033,22524,2066,24590,283
2021-10-29,Marin,041,260295,17542,17380,442,17822,247
2021-10-29,Mariposa,043,17540,1285,1228,46,1274,5
2021-10-29,Mendocino,045,87422,7506,7338,524,7862,84
2021-10-29,Merced,047,269075,41781,41428,1876,43304,586
2021-10-29,Modoc,049,8938,526,513,185,698,5
2021-10-29,Mono,051,14174,1720,1684,22,1706,3
2021-10-29,Monterey,053,433212,48664,47649,2836,50485,588
2021-10-29,Napa,055,140530,12926,12863,106,12969,101
2021-10-29,Nevada,057,99092,9150,9015,317,9332,91
2021-10-29,Orange,059,3164182,307054,304120,14968,319088,5588
2021-10-29,Placer,061,380077,37066,36400,3591,39991,434
2021-10-29,Plumas,063,18699,1769,1695,33,1728,7
2021-10-29,Riverside,065,2383286,362687,357645,16210,373855,5088
2021-10-29,Sacramento,067,1510023,158604,157125,4540,161665,2233
2021-10-29,San Benito,069,59416,7389,7362,165,7527,71
2021-10-29,San Bernardino,071,2135413,353596,350076,11057,361133,5777
2021-10-29,San Diego,073,3302833,372729,370006,21882,391888,4213
2021-10-29,San Francisco,075,870044,52861,52161,2270,54431,661
2021-10-29,San Joaquin,077,732212,99561,98314,5315,103629,1768
2021-10-29,San Luis Obispo,079,281455,29526,29053,1226,30279,341
2021-10-29,San Mateo,081,765935,54090,53083,853,53936,571
2021-10-29,Santa Barbara,083,443738,44345,43972,1518,45490,528
2021-10-29,Santa Clara,085,1922200,146875,145262,1303,146565,1903
2021-10-29,Santa Cruz,087,273765,20362,20134,991,21125,221
2021-10-29,Shasta,089,179085,21320,20878,3540,24418,332
2021-10-29,Sierra,091,2930,182,175,20,195,0
2021-10-29,Siskiyou,093,43540,3333,3257,1264,4521,46
2021-10-29,Solano,095,438530,45964,45146,1241,46387,346
2021-10-29,Sonoma,097,501317,41387,40924,517,41441,393
2021-10-29,Stanislaus,099,539301,78190,77871,8721,86592,1191
2021-10-29,Sutter,101,95872,13831,13773,341,14114,178
2021-10-29,Tehama,103,63373,8479,8307,1456,9763,114
2021-10-29,Trinity,105,12862,853,708,208,916,11
2021-10-29,Tulare,107,460477,68304,66745,14671,81416,995
2021-10-29,Tuolumne,109,53932,7226,7050,96,7146,90
2021-10-29,Ventura,111,848112,98027,97182,4251,101433,1174
2021-10-29,Yolo,113,214977,19883,19568,947,20515,250
2021-10-29,Yuba,115,75493,10095,9969,311,10280,82
2021-10-28,Alameda,001,1643700,119089,118632,2707,121339,1419
2021-10-28,Alpine,002,1148,101,105,0,105,0
2021-10-28,Amador,005,37829,5536,5480,58,5538,64
2021-10-28,Butte,007,227075,20841,20516,3865,24381,277
2021-10-28,Calaveras,009,45235,4051,3992,53,4045,82
2021-10-28,Colusa,011,21464,2512,2484,626,3110,19
2021-10-28,Contra Costa,013,1133247,99243,98562,2143,100705,1024
2021-10-28,Del Norte,015,27424,3671,3574,53,3627,42
2021-10-28,El Dorado,017,186661,16016,15752,1690,17442,154
2021-10-28,Fresno,019,978130,139369,136901,12566,149467,2131
2021-10-28,Glenn,021,27897,3490,3442,1005,4447,33
2021-10-28,Humboldt,023,135768,8968,8871,541,9412,105
2021-10-28,Imperial,025,180216,33493,33156,3108,36264,766
2021-10-28,Inyo,027,18085,2328,2249,38,2287,41
2021-10-28,Kern,029,883053,126901,124892,21644,146536,1653
2021-10-28,Kings,031,150075,32085,31578,1892,33470,337
2021-10-28,Lake,033,64148,6721,6610,141,6751,106
2021-10-28,Lassen,035,31185,6834,6719,355,7074,42
2021-10-28,Los Angeles,037,10098052,1437394,1424257,52838,1477095,26625
2021-10-28,Madera,039,155013,22979,22524,2055,24579,283
2021-10-28,Marin,041,260295,17524,17380,441,17821,247
2021-10-28,Mariposa,043,17540,1281,1228,46,1274,5
2021-10-28,Mendocino,045,87422,7493,7338,513,7851,84
2021-10-28,Merced,047,269075,41696,41428,1866,43294,586
2021-10-28,Modoc,049,8938,525,513,185,698,5
2021-10-28,Mono,051,14174,1714,1684,22,1706,3
2021-10-28,Monterey,053,433212,48633,47649,2819,50468,588
2021-10-28,Napa,055,140530,12917,12863,105,12968,101
2021-10-28,Nevada,057,99092,9132,9015,317,9332,91
2021-10-28,Orange,059,3164182,306767,304120,14904,319024,5588
2021-10-28,Placer,061,380077,36993,36400,3582,39982,434
2021-10-28,Plumas,063,18699,1761,1695,33,1728,7
2021-10-28,Riverside,065,2383286,362244,357645,16187,373832,5088
2021-10-28,Sacramento,067,1510023,158338,157125,4527,161652,2233
2021-10-28,San Benito,069,59416,7381,7362,165,7527,71
2021-10-28,San Bernardino,071,2135413,353179,350076,11034,361110,5777
2021-10-28,San Diego,073,3302833,372273,370006,21859,391865,4213
2021-10-28,San Francisco,075,870044,52815,52161,2263,54424,661
2021-10-28,San Joaquin,077,732212,99433,98314,5314,103628,1768
2021-10-28,San Luis Obispo,079,281455,29497,29053,1223,30276,341
2021-10-28,San Mateo,081,765935,54045,53083,851,53934,571
2021-10-28,Santa Barbara,083,443738,44307,43972,1516,45488,528
2021-10-28,Santa Clara,085,1922200,146716,145262,1298,146560,1903
2021-10-28,Santa Cruz,087,273765,20338,20134,991,21125,221
2021-10-28,Shasta,089,179085,21245,20878,3533,24411,332
2021-10-28,Sierra,091,2930,181,175,20,195,0
2021-10-28,Siskiyou,093,43540,3332,3257,1264,4521,46
2021-10-28,Solano,095,438530,45924,45146,1240,46386,346
2021-10-28,Sonoma,097,501317,41319,40924,516,41440,393
2021-10-28,Stanislaus,099,539301,78037,77871,8705,86576,1191
2021-10-28,Sutter,101,95872,13818,13773,337,14110,178
2021-10-28,Tehama,103,63373,8442,8307,1453,9760,114
2021-10-28,Trinity,105,12862,850,708,208,916,11
2021-10-28,Tulare,107,460477,68166,66745,14615,81360,995
2021-10-28,Tuolumne,109,53932,7195,7050,96,7146,90
2021-10-28,Ventura,111,848112,97942,97182,4248,101430,1174
2021-10-28,Yolo,113,214977,19844,19568,944,20512,250
2021-10-28,Yuba,115,75493,10066,9969,308,10277,82
2021-10-27,Alameda,001,1643700,118967,118487,2705,121192,1414
2021-10-27,Alpine,002,1148,101,105,0,105,0
2021-10-27,Amador,005,37829,5524,5470,57,5527,64
2021-10-27,Butte,007,227075,20796,20446,3850,24296,274
2021-10-27,Calaveras,009,45235,4033,3970,52,4022,82
2021-10-27,Colusa,011,21464,2512,2480,625,3105,18
2021-10-27,Contra Costa,013,1133247,99135,98442,2131,100573,1018
2021-10-27,Del Norte,015,27424,3664,3571,52,3623,42
2021-10-27,El Dorado,017,186661,15985,15723,1685,17408,154
2021-10-27,Fresno,019,978130,138987,136447,12531,148978,2128
2021-10-27,Glenn,021,27897,3488,3435,1004,4439,33
2021-10-27,Humboldt,023,135768,8948,8851,539,9390,105
2021-10-27,Imperial,025,180216,33453,33068,3103,36171,766
2021-10-27,Inyo,027,18085,2308,2236,38,2274,41
2021-10-27,Kern,029,883053,126632,124557,21544,146101,1647
2021-10-27,Kings,031,150075,32020,31437,1886,33323,335
2021-10-27,Lake,033,64148,6695,6589,141,6730,105
2021-10-27,Lassen,035,31185,6821,6706,353,7059,42
2021-10-27,Los Angeles,037,10098052,1436165,1422615,52780,1475395,26604
2021-10-27,Madera,039,155013,22893,22413,2031,24444,283
2021-10-27,Marin,041,260295,17509,17362,441,17803,247
2021-10-27,Mariposa,043,17540,1268,1228,46,1274,5
2021-10-27,Mendocino,045,87422,7479,7321,506,7827,84
2021-10-27,Merced,047,269075,41598,41310,1852,43162,583
2021-10-27,Modoc,049,8938,521,513,185,698,5
2021-10-27,Mono,051,14174,1711,1682,22,1704,3
2021-10-27,Monterey,053,433212,48596,47610,2798,50408,588
2021-10-27,Napa,055,140530,12902,12856,105,12961,101
2021-10-27,Nevada,057,99092,9115,8987,316,9303,90
2021-10-27,Orange,059,3164182,306447,303825,14854,318679,5584
2021-10-27,Placer,061,380077,36926,36296,3575,39871,434
2021-10-27,Plumas,063,18699,1753,1686,33,1719,7
2021-10-27,Riverside,065,2383286,361815,357152,16179,373331,5081
2021-10-27,Sacramento,067,1510023,158070,156830,4506,161336,2230
2021-10-27,San Benito,069,59416,7374,7337,165,7502,71
2021-10-27,San Bernardino,071,2135413,352754,349624,11012,360636,5770
2021-10-27,San Diego,073,3302833,371717,369579,21835,391414,4207
2021-10-27,San Francisco,075,870044,52763,52108,2259,54367,655
2021-10-27,San Joaquin,077,732212,99276,98168,5299,103467,1753
2021-10-27,San Luis Obispo,079,281455,29458,29002,1221,30223,341
2021-10-27,San Mateo,081,765935,53990,53032,843,53875,571
2021-10-27,Santa Barbara,083,443738,44254,43901,1513,45414,527
2021-10-27,Santa Clara,085,1922200,146537,145081,1290,146371,1902
2021-10-27,Santa Cruz,087,273765,20311,20091,989,21080,221
2021-10-27,Shasta,089,179085,21170,20813,3525,24338,331
2021-10-27,Sierra,091,2930,180,176,20,196,0
2021-10-27,Siskiyou,093,43540,3329,3256,1260,4516,46
2021-10-27,Solano,095,438530,45879,45089,1233,46322,346
2021-10-27,Sonoma,097,501317,41243,40829,514,41343,393
2021-10-27,Stanislaus,099,539301,77877,77687,8690,86377,1191
2021-10-27,Sutter,101,95872,13804,13754,337,14091,177
2021-10-27,Tehama,103,63373,8420,8265,1451,9716,113
2021-10-27,Trinity,105,12862,850,706,207,913,11
2021-10-27,Tulare,107,460477,68013,66568,14559,81127,991
2021-10-27,Tuolumne,109,53932,7168,7009,95,7104,90
2021-10-27,Ventura,111,848112,97850,97108,4243,101351,1172
2021-10-27,Yolo,113,214977,19815,19517,937,20454,250
2021-10-27,Yuba,115,75493,10045,9945,306,10251,82
2021-10-26,Alameda,001,1643700,118827,118360,2703,121063,1407
2021-10-26,Alpine,002,1148,101,105,0,105,0
2021-10-26,Amador,005,37829,5516,5465,56,5521,64
2021-10-26,Butte,007,227075,20736,20387,3833,24220,274
2021-10-26,Calaveras,009,45235,4022,3966,52,4018,81
2021-10-26,Colusa,011,21464,2509,2478,624,3102,18
2021-10-26,Contra Costa,013,1133247,99011,98352,2121,100473,1017
2021-10-26,Del Norte,015,27424,3659,3563,52,3615,42
2021-10-26,El Dorado,017,186661,15957,15690,1676,17366,153
2021-10-26,Fresno,019,978130,138540,136211,12480,148691,2122
2021-10-26,Glenn,021,27897,3474,3431,1001,4432,33
2021-10-26,Humboldt,023,135768,8930,8830,533,9363,105
2021-10-26,Imperial,025,180216,33388,33012,3098,36110,766
2021-10-26,Inyo,027,18085,2293,2200,38,2238,41
2021-10-26,Kern,029,883053,126289,124351,21426,145777,1645
2021-10-26,Kings,031,150075,31953,31382,1879,33261,336
2021-10-26,Lake,033,64148,6685,6584,139,6723,105
2021-10-26,Lassen,035,31185,6800,6689,351,7040,42
2021-10-26,Los Angeles,037,10098052,1434826,1421795,52709,1474504,26599
2021-10-26,Madera,039,155013,22803,22363,2020,24383,283
2021-10-26,Marin,041,260295,17492,17354,440,17794,244
2021-10-26,Mariposa,043,17540,1263,1225,45,1270,5
2021-10-26,Mendocino,045,87422,7450,7308,490,7798,83
2021-10-26,Merced,047,269075,41520,41267,1845,43112,583
2021-10-26,Modoc,049,8938,521,513,185,698,5
2021-10-26,Mono,051,14174,1706,1680,22,1702,3
2021-10-26,Monterey,053,433212,48557,47572,2788,50360,588
2021-10-26,Napa,055,140530,12890,12849,105,12954,101
2021-10-26,Nevada,057,99092,9084,8971,315,9286,90
2021-10-26,Orange,059,3164182,306178,303533,14815,318348,5580
2021-10-26,Placer,061,380077,36828,36245,3569,39814,434
2021-10-26,Plumas,063,18699,1744,1645,33,1678,7
2021-10-26,Riverside,065,2383286,361327,356775,16169,372944,5068
2021-10-26,Sacramento,067,1510023,157768,156643,4489,161132,2228
2021-10-26,San Benito,069,59416,7351,7325,165,7490,71
2021-10-26,San Bernardino,071,2135413,352325,349346,10997,360343,5764
2021-10-26,San Diego,073,3302833,371200,369043,21805,390848,4198
2021-10-26,San Francisco,075,870044,52689,52063,2256,54319,655
2021-10-26,San Joaquin,077,732212,99098,98036,5285,103321,1748
2021-10-26,San Luis Obispo,079,281455,29419,28928,1215,30143,337
2021-10-26,San Mateo,081,765935,53918,52974,840,53814,571
2021-10-26,Santa Barbara,083,443738,44208,43835,1512,45347,525
2021-10-26,Santa Clara,085,1922200,146334,144932,1284,146216,1903
2021-10-26,Santa Cruz,087,273765,20280,20067,989,21056,221
2021-10-26,Shasta,089,179085,21109,20725,3507,24232,330
2021-10-26,Sierra,091,2930,180,169,20,189,0
2021-10-26,Siskiyou,093,43540,3323,3254,1258,4512,46
2021-10-26,Solano,095,438530,45823,45044,1232,46276,344
2021-10-26,Sonoma,097,501317,41162,40794,512,41306,393
2021-10-26,Stanislaus,099,539301,77703,77552,8665,86217,1157
2021-10-26,Sutter,101,95872,13775,13739,336,14075,176
2021-10-26,Tehama,103,63373,8392,8247,1446,9693,112
2021-10-26,Trinity,105,12862,846,705,207,912,11
2021-10-26,Tulare,107,460477,67851,66476,14502,80978,991
2021-10-26,Tuolumne,109,53932,7142,6995,93,7088,90
2021-10-26,Ventura,111,848112,97741,97014,4240,101254,1170
2021-10-26,Yolo,113,214977,19784,19490,936,20426,248
2021-10-26,Yuba,115,75493,10027,9927,301,10228,82
2021-10-25,Alameda,001,1643700,118684,118319,2702,121021,1404
2021-10-25,Alpine,002,1148,101,105,0,105,0
2021-10-25,Amador,005,37829,5502,5455,56,5511,64
2021-10-25,Butte,007,227075,20663,20331,3825,24156,273
2021-10-25,Calaveras,009,45235,3992,3942,51,3993,82
2021-10-25,Colusa,011,21464,2507,2471,622,3093,18
2021-10-25,Contra Costa,013,1133247,98894,98267,2117,100384,1017
2021-10-25,Del Norte,015,27424,3652,3562,52,3614,42
2021-10-25,El Dorado,017,186661,15922,15663,1674,17337,149
2021-10-25,Fresno,019,978130,138105,135974,12444,148418,2112
2021-10-25,Glenn,021,27897,3471,3421,1000,4421,33
2021-10-25,Humboldt,023,135768,8907,8825,528,9353,105
2021-10-25,Imperial,025,180216,33327,32968,3087,36055,766
2021-10-25,Inyo,027,18085,2275,2183,38,2221,41
2021-10-25,Kern,029,883053,125938,124078,21287,145365,1649
2021-10-25,Kings,031,150075,31863,31329,1870,33199,335
2021-10-25,Lake,033,64148,6671,6571,139,6710,105
2021-10-25,Lassen,035,31185,6789,6688,349,7037,42
2021-10-25,Los Angeles,037,10098052,1433472,1421061,52643,1473704,26579
2021-10-25,Madera,039,155013,22749,22325,2013,24338,281
2021-10-25,Marin,041,260295,17470,17334,438,17772,244
2021-10-25,Mariposa,043,17540,1249,1220,45,1265,5
2021-10-25,Mendocino,045,87422,7421,7296,486,7782,82
2021-10-25,Merced,047,269075,41452,41207,1818,43025,583
2021-10-25,Modoc,049,8938,519,512,183,695,5
2021-10-25,Mono,051,14174,1698,1677,22,1699,3
2021-10-25,Monterey,053,433212,48524,47547,2786,50333,587
2021-10-25,Napa,055,140530,12877,12841,105,12946,100
2021-10-25,Nevada,057,99092,9058,8958,315,9273,90
2021-10-25,Orange,059,3164182,305880,303279,14778,318057,5574
2021-10-25,Placer,061,380077,36719,36153,3559,39712,431
2021-10-25,Plumas,063,18699,1732,1641,33,1674,7
2021-10-25,Riverside,065,2383286,360897,356381,16154,372535,5056
2021-10-25,Sacramento,067,1510023,157462,156516,4466,160982,2235
2021-10-25,San Benito,069,59416,7338,7314,164,7478,71
2021-10-25,San Bernardino,071,2135413,351817,349075,10985,360060,5748
2021-10-25,San Diego,073,3302833,370631,368386,21777,390163,4196
2021-10-25,San Francisco,075,870044,52616,52041,2250,54291,649
2021-10-25,San Joaquin,077,732212,98897,97980,5276,103256,1740
2021-10-25,San Luis Obispo,079,281455,29371,28907,1210,30117,336
2021-10-25,San Mateo,081,765935,53857,52927,836,53763,571
2021-10-25,Santa Barbara,083,443738,44149,43775,1512,45287,525
2021-10-25,Santa Clara,085,1922200,146142,144895,1279,146174,1901
2021-10-25,Santa Cruz,087,273765,20251,20053,988,21041,221
2021-10-25,Shasta,089,179085,21037,20666,3500,24166,326
2021-10-25,Sierra,091,2930,180,168,20,188,0
2021-10-25,Siskiyou,093,43540,3319,3248,1253,4501,46
2021-10-25,Solano,095,438530,45762,45022,1230,46252,344
2021-10-25,Sonoma,097,501317,41091,40746,510,41256,393
2021-10-25,Stanislaus,099,539301,77511,77452,8637,86089,1145
2021-10-25,Sutter,101,95872,13761,13721,333,14054,176
2021-10-25,Tehama,103,63373,8365,8224,1442,9666,111
2021-10-25,Trinity,105,12862,841,699,206,905,11
2021-10-25,Tulare,107,460477,67655,66357,14440,80797,986
2021-10-25,Tuolumne,109,53932,7108,6952,92,7044,90
2021-10-25,Ventura,111,848112,97650,96932,4238,101170,1167
2021-10-25,Yolo,113,214977,19734,19457,933,20390,248
2021-10-25,Yuba,115,75493,10011,9924,297,10221,82
2021-10-24,Alameda,001,1643700,118552,117816,2697,120513,1397
2021-10-24,Alpine,002,1148,101,105,0,105,0
2021-10-24,Amador,005,37829,5497,5412,56,5468,64
2021-10-24,Butte,007,227075,20591,20101,3812,23913,273
2021-10-24,Calaveras,009,45235,3973,3865,50,3915,81
2021-10-24,Colusa,011,21464,2504,2458,619,3077,18
2021-10-24,Contra Costa,013,1133247,98776,97855,2108,99963,1008
2021-10-24,Del Norte,015,27424,3648,3540,52,3592,42
2021-10-24,El Dorado,017,186661,15885,15540,1670,17210,149
2021-10-24,Fresno,019,978130,137671,134466,12393,146859,2094
2021-10-24,Glenn,021,27897,3463,3399,998,4397,33
2021-10-24,Humboldt,023,135768,8894,8753,522,9275,105
2021-10-24,Imperial,025,180216,33250,32777,3081,35858,766
2021-10-24,Inyo,027,18085,2243,2108,38,2146,41
2021-10-24,Kern,029,883053,125604,122939,21171,144110,1636
2021-10-24,Kings,031,150075,31734,30942,1855,32797,325
2021-10-24,Lake,033,64148,6648,6501,138,6639,105
2021-10-24,Lassen,035,31185,6772,6632,348,6980,27
2021-10-24,Los Angeles,037,10098052,1432038,1415919,52575,1468494,26527
2021-10-24,Madera,039,155013,22672,22062,2001,24063,281
2021-10-24,Marin,041,260295,17452,17264,437,17701,244
2021-10-24,Mariposa,043,17540,1246,1184,45,1229,5
2021-10-24,Mendocino,045,87422,7398,7220,476,7696,82
2021-10-24,Merced,047,269075,41329,40808,1812,42620,581
2021-10-24,Modoc,049,8938,518,507,183,690,5
2021-10-24,Mono,051,14174,1693,1655,22,1677,3
2021-10-24,Monterey,053,433212,48476,47456,2776,50232,586
2021-10-24,Napa,055,140530,12866,12789,105,12894,100
2021-10-24,Nevada,057,99092,9035,8861,312,9173,90
2021-10-24,Orange,059,3164182,305529,302237,14741,316978,5546
2021-10-24,Placer,061,380077,36617,35822,3545,39367,426
2021-10-24,Plumas,063,18699,1722,1623,32,1655,7
2021-10-24,Riverside,065,2383286,360424,354688,16134,370822,5041
2021-10-24,Sacramento,067,1510023,157120,155125,4443,159568,2232
2021-10-24,San Benito,069,59416,7318,7280,164,7444,71
2021-10-24,San Bernardino,071,2135413,351259,347681,10973,358654,5688
2021-10-24,San Diego,073,3302833,370047,366085,21746,387831,4183
2021-10-24,San Francisco,075,870044,52553,51820,2244,54064,649
2021-10-24,San Joaquin,077,732212,98724,97440,5270,102710,1721
2021-10-24,San Luis Obispo,079,281455,29310,28755,1203,29958,333
2021-10-24,San Mateo,081,765935,53785,52719,836,53555,571
2021-10-24,Santa Barbara,083,443738,44082,43552,1510,45062,523
2021-10-24,Santa Clara,085,1922200,145951,144276,1269,145545,1897
2021-10-24,Santa Cruz,087,273765,20213,19967,987,20954,221
2021-10-24,Shasta,089,179085,20939,20386,3494,23880,321
2021-10-24,Sierra,091,2930,180,168,20,188,0
2021-10-24,Siskiyou,093,43540,3312,3231,1249,4480,46
2021-10-24,Solano,095,438530,45713,44861,1225,46086,341
2021-10-24,Sonoma,097,501317,41008,40476,510,40986,393
2021-10-24,Stanislaus,099,539301,77320,76812,8626,85438,1145
2021-10-24,Sutter,101,95872,13735,13616,325,13941,175
2021-10-24,Tehama,103,63373,8317,8105,1431,9536,110
2021-10-24,Trinity,105,12862,837,696,204,900,11
2021-10-24,Tulare,107,460477,67482,65585,14369,79954,978
2021-10-24,Tuolumne,109,53932,7068,6840,90,6930,90
2021-10-24,Ventura,111,848112,97543,96664,4236,100900,1167
2021-10-24,Yolo,113,214977,19683,19280,933,20213,248
2021-10-24,Yuba,115,75493,9987,9838,296,10134,82
2021-10-23,Alameda,001,1643700,118464,117816,2692,120508,1397
2021-10-23,Alpine,002,1148,101,105,0,105,0
2021-10-23,Amador,005,37829,5490,5412,56,5468,64
2021-10-23,Butte,007,227075,20554,20101,3804,23905,273
2021-10-23,Calaveras,009,45235,3966,3865,49,3914,81
2021-10-23,Colusa,011,21464,2502,2458,618,3076,18
2021-10-23,Contra Costa,013,1133247,98724,97855,2104,99959,1008
2021-10-23,Del Norte,015,27424,3646,3540,52,3592,42
2021-10-23,El Dorado,017,186661,15859,15540,1668,17208,149
2021-10-23,Fresno,019,978130,137492,134466,12380,146846,2094
2021-10-23,Glenn,021,27897,3461,3399,997,4396,33
2021-10-23,Humboldt,023,135768,8880,8753,517,9270,105
2021-10-23,Imperial,025,180216,33202,32777,3077,35854,766
2021-10-23,Inyo,027,18085,2232,2108,38,2146,41
2021-10-23,Kern,029,883053,125444,122939,21084,144023,1636
2021-10-23,Kings,031,150075,31688,30942,1853,32795,325
2021-10-23,Lake,033,64148,6643,6501,138,6639,105
2021-10-23,Lassen,035,31185,6769,6632,346,6978,27
2021-10-23,Los Angeles,037,10098052,1431362,1415919,52521,1468440,26527
2021-10-23,Madera,039,155013,22623,22062,1993,24055,281
2021-10-23,Marin,041,260295,17435,17264,437,17701,244
2021-10-23,Mariposa,043,17540,1243,1184,44,1228,5
2021-10-23,Mendocino,045,87422,7391,7220,475,7695,82
2021-10-23,Merced,047,269075,41288,40808,1807,42615,581
2021-10-23,Modoc,049,8938,516,507,183,690,5
2021-10-23,Mono,051,14174,1687,1655,22,1677,3
2021-10-23,Monterey,053,433212,48459,47456,2772,50228,586
2021-10-23,Napa,055,140530,12861,12789,105,12894,100
2021-10-23,Nevada,057,99092,9024,8861,310,9171,90
2021-10-23,Orange,059,3164182,305342,302237,14726,316963,5546
2021-10-23,Placer,061,380077,36557,35822,3539,39361,426
2021-10-23,Plumas,063,18699,1721,1623,32,1655,7
2021-10-23,Riverside,065,2383286,360101,354688,16127,370815,5041
2021-10-23,Sacramento,067,1510023,156991,155125,4435,159560,2232
2021-10-23,San Benito,069,59416,7308,7280,164,7444,71
2021-10-23,San Bernardino,071,2135413,350988,347681,10965,358646,5688
2021-10-23,San Diego,073,3302833,369706,366085,21715,387800,4183
2021-10-23,San Francisco,075,870044,52517,51820,2243,54063,649
2021-10-23,San Joaquin,077,732212,98655,97440,5261,102701,1721
2021-10-23,San Luis Obispo,079,281455,29272,28755,1201,29956,333
2021-10-23,San Mateo,081,765935,53747,52719,835,53554,571
2021-10-23,Santa Barbara,083,443738,44051,43552,1508,45060,523
2021-10-23,Santa Clara,085,1922200,145840,144276,1265,145541,1897
2021-10-23,Santa Cruz,087,273765,20201,19967,987,20954,221
2021-10-23,Shasta,089,179085,20903,20386,3482,23868,321
2021-10-23,Sierra,091,2930,179,168,20,188,0
2021-10-23,Siskiyou,093,43540,3310,3231,1249,4480,46
2021-10-23,Solano,095,438530,45688,44861,1222,46083,341
2021-10-23,Sonoma,097,501317,40968,40476,510,40986,393
2021-10-23,Stanislaus,099,539301,77231,76812,8606,85418,1145
2021-10-23,Sutter,101,95872,13728,13616,324,13940,175
2021-10-23,Tehama,103,63373,8305,8105,1430,9535,110
2021-10-23,Trinity,105,12862,836,696,204,900,11
2021-10-23,Tulare,107,460477,67394,65585,14310,79895,978
2021-10-23,Tuolumne,109,53932,7047,6840,90,6930,90
2021-10-23,Ventura,111,848112,97482,96664,4236,100900,1167
2021-10-23,Yolo,113,214977,19665,19280,931,20211,248
2021-10-23,Yuba,115,75493,9978,9838,296,10134,82
2021-10-22,Alameda,001,1643700,118382,117816,2689,120505,1397
2021-10-22,Alpine,002,1148,101,105,0,105,0
2021-10-22,Amador,005,37829,5479,5412,56,5468,64
2021-10-22,Butte,007,227075,20522,20101,3800,23901,273
2021-10-22,Calaveras,009,45235,3958,3865,49,3914,81
2021-10-22,Colusa,011,21464,2499,2458,618,3076,18
2021-10-22,Contra Costa,013,1133247,98633,97855,2102,99957,1008
2021-10-22,Del Norte,015,27424,3642,3540,52,3592,42
2021-10-22,El Dorado,017,186661,15846,15540,1666,17206,149
2021-10-22,Fresno,019,978130,137277,134466,12359,146825,2094
2021-10-22,Glenn,021,27897,3451,3399,997,4396,33
2021-10-22,Humboldt,023,135768,8866,8753,516,9269,105
2021-10-22,Imperial,025,180216,33158,32777,3077,35854,766
2021-10-22,Inyo,027,18085,2219,2108,38,2146,41
2021-10-22,Kern,029,883053,125257,122939,21011,143950,1636
2021-10-22,Kings,031,150075,31653,30942,1852,32794,325
2021-10-22,Lake,033,64148,6633,6501,138,6639,105
2021-10-22,Lassen,035,31185,6762,6632,343,6975,27
2021-10-22,Los Angeles,037,10098052,1430597,1415919,52463,1468382,26527
2021-10-22,Madera,039,155013,22573,22062,1981,24043,281
2021-10-22,Marin,041,260295,17424,17264,437,17701,244
2021-10-22,Mariposa,043,17540,1240,1184,44,1228,5
2021-10-22,Mendocino,045,87422,7377,7220,474,7694,82
2021-10-22,Merced,047,269075,41251,40808,1800,42608,581
2021-10-22,Modoc,049,8938,516,507,183,690,5
2021-10-22,Mono,051,14174,1685,1655,22,1677,3
2021-10-22,Monterey,053,433212,48425,47456,2770,50226,586
2021-10-22,Napa,055,140530,12855,12789,105,12894,100
2021-10-22,Nevada,057,99092,9007,8861,309,9170,90
2021-10-22,Orange,059,3164182,305126,302237,14696,316933,5546
2021-10-22,Placer,061,380077,36527,35822,3530,39352,426
2021-10-22,Plumas,063,18699,1715,1623,32,1655,7
2021-10-22,Riverside,065,2383286,359789,354688,16122,370810,5041
2021-10-22,Sacramento,067,1510023,156804,155125,4426,159551,2232
2021-10-22,San Benito,069,59416,7303,7280,164,7444,71
2021-10-22,San Bernardino,071,2135413,350658,347681,10950,358631,5688
2021-10-22,San Diego,073,3302833,369308,366085,21697,387782,4183
2021-10-22,San Francisco,075,870044,52479,51820,2236,54056,649
2021-10-22,San Joaquin,077,732212,98594,97440,5258,102698,1721
2021-10-22,San Luis Obispo,079,281455,29242,28755,1201,29956,333
2021-10-22,San Mateo,081,765935,53696,52719,829,53548,571
2021-10-22,Santa Barbara,083,443738,44010,43552,1508,45060,523
2021-10-22,Santa Clara,085,1922200,145682,144276,1258,145534,1897
2021-10-22,Santa Cruz,087,273765,20179,19967,987,20954,221
2021-10-22,Shasta,089,179085,20870,20386,3479,23865,321
2021-10-22,Sierra,091,2930,178,168,19,187,0
2021-10-22,Siskiyou,093,43540,3308,3231,1246,4477,46
2021-10-22,Solano,095,438530,45653,44861,1218,46079,341
2021-10-22,Sonoma,097,501317,40911,40476,510,40986,393
2021-10-22,Stanislaus,099,539301,77128,76812,8589,85401,1145
2021-10-22,Sutter,101,95872,13713,13616,324,13940,175
2021-10-22,Tehama,103,63373,8284,8105,1425,9530,110
2021-10-22,Trinity,105,12862,835,696,204,900,11
2021-10-22,Tulare,107,460477,67307,65585,14258,79843,978
2021-10-22,Tuolumne,109,53932,7012,6840,90,6930,90
2021-10-22,Ventura,111,848112,97429,96664,4230,100894,1167
2021-10-22,Yolo,113,214977,19638,19280,930,20210,248
2021-10-22,Yuba,115,75493,9964,9838,294,10132,82
2021-10-21,Alameda,001,1643700,118267,117816,2683,120499,1397
2021-10-21,Alpine,002,1148,101,105,0,105,0
2021-10-21,Amador,005,37829,5471,5412,56,5468,64
2021-10-21,Butte,007,227075,20438,20101,3784,23885,273
2021-10-21,Calaveras,009,45235,3939,3865,49,3914,81
2021-10-21,Colusa,011,21464,2495,2458,614,3072,18
2021-10-21,Contra Costa,013,1133247,98516,97855,2097,99952,1008
2021-10-21,Del Norte,015,27424,3636,3540,51,3591,42
2021-10-21,El Dorado,017,186661,15817,15540,1659,17199,149
2021-10-21,Fresno,019,978130,136926,134466,12314,146780,2094
2021-10-21,Glenn,021,27897,3447,3399,994,4393,33
2021-10-21,Humboldt,023,135768,8852,8753,512,9265,105
2021-10-21,Imperial,025,180216,33103,32777,3073,35850,766
2021-10-21,Inyo,027,18085,2197,2108,38,2146,41
2021-10-21,Kern,029,883053,125010,122939,20902,143841,1636
2021-10-21,Kings,031,150075,31555,30942,1846,32788,325
2021-10-21,Lake,033,64148,6619,6501,137,6638,105
2021-10-21,Lassen,035,31185,6749,6632,339,6971,27
2021-10-21,Los Angeles,037,10098052,1429477,1415919,52415,1468334,26527
2021-10-21,Madera,039,155013,22515,22062,1971,24033,281
2021-10-21,Marin,041,260295,17406,17264,437,17701,244
2021-10-21,Mariposa,043,17540,1234,1184,43,1227,5
2021-10-21,Mendocino,045,87422,7359,7220,467,7687,82
2021-10-21,Merced,047,269075,41154,40808,1789,42597,581
2021-10-21,Modoc,049,8938,516,507,183,690,5
2021-10-21,Mono,051,14174,1676,1655,22,1677,3
2021-10-21,Monterey,053,433212,48391,47456,2759,50215,586
2021-10-21,Napa,055,140530,12843,12789,105,12894,100
2021-10-21,Nevada,057,99092,8982,8861,309,9170,90
2021-10-21,Orange,059,3164182,304854,302237,14660,316897,5546
2021-10-21,Placer,061,380077,36435,35822,3517,39339,426
2021-10-21,Plumas,063,18699,1701,1623,32,1655,7
2021-10-21,Riverside,065,2383286,359344,354688,16112,370800,5041
2021-10-21,Sacramento,067,1510023,156484,155125,4400,159525,2232
2021-10-21,San Benito,069,59416,7296,7280,162,7442,71
2021-10-21,San Bernardino,071,2135413,350278,347681,10916,358597,5688
2021-10-21,San Diego,073,3302833,368796,366085,21667,387752,4183
2021-10-21,San Francisco,075,870044,52424,51820,2235,54055,649
2021-10-21,San Joaquin,077,732212,98456,97440,5251,102691,1721
2021-10-21,San Luis Obispo,079,281455,29200,28755,1199,29954,333
2021-10-21,San Mateo,081,765935,53649,52719,828,53547,571
2021-10-21,Santa Barbara,083,443738,43944,43552,1506,45058,523
2021-10-21,Santa Clara,085,1922200,145508,144276,1254,145530,1897
2021-10-21,Santa Cruz,087,273765,20155,19967,985,20952,221
2021-10-21,Shasta,089,179085,20809,20386,3464,23850,321
2021-10-21,Sierra,091,2930,177,168,18,186,0
2021-10-21,Siskiyou,093,43540,3303,3231,1244,4475,46
2021-10-21,Solano,095,438530,45601,44861,1216,46077,341
2021-10-21,Sonoma,097,501317,40842,40476,508,40984,393
2021-10-21,Stanislaus,099,539301,76959,76812,8578,85390,1145
2021-10-21,Sutter,101,95872,13685,13616,320,13936,175
2021-10-21,Tehama,103,63373,8256,8105,1418,9523,110
2021-10-21,Trinity,105,12862,833,696,204,900,11
2021-10-21,Tulare,107,460477,67118,65585,14190,79775,978
2021-10-21,Tuolumne,109,53932,6974,6840,89,6929,90
2021-10-21,Ventura,111,848112,97340,96664,4228,100892,1167
2021-10-21,Yolo,113,214977,19592,19280,929,20209,248
2021-10-21,Yuba,115,75493,9940,9838,293,10131,82
2021-10-20,Alameda,001,1643700,118146,117654,2683,120337,1390
2021-10-20,Alpine,002,1148,101,103,0,103,0
2021-10-20,Amador,005,37829,5463,5379,56,5435,64
2021-10-20,Butte,007,227075,20383,20021,3768,23789,270
2021-10-20,Calaveras,009,45235,3919,3844,48,3892,81
2021-10-20,Colusa,011,21464,2491,2454,612,3066,18
2021-10-20,Contra Costa,013,1133247,98401,97721,2093,99814,1008
2021-10-20,Del Norte,015,27424,3632,3536,51,3587,42
2021-10-20,El Dorado,017,186661,15788,15502,1656,17158,149
2021-10-20,Fresno,019,978130,136523,134025,12273,146298,2084
2021-10-20,Glenn,021,27897,3439,3382,993,4375,33
2021-10-20,Humboldt,023,135768,8830,8727,510,9237,105
2021-10-20,Imperial,025,180216,33029,32705,3065,35770,766
2021-10-20,Inyo,027,18085,2178,2077,37,2114,40
2021-10-20,Kern,029,883053,124716,122630,20784,143414,1623
2021-10-20,Kings,031,150075,31479,30805,1836,32641,322
2021-10-20,Lake,033,64148,6597,6475,136,6611,104
2021-10-20,Lassen,035,31185,6734,6622,339,6961,27
2021-10-20,Los Angeles,037,10098052,1428359,1414931,52344,1467275,26506
2021-10-20,Madera,039,155013,22446,21983,1962,23945,281
2021-10-20,Marin,041,260295,17385,17250,436,17686,244
2021-10-20,Mariposa,043,17540,1227,1174,43,1217,5
2021-10-20,Mendocino,045,87422,7331,7189,464,7653,82
2021-10-20,Merced,047,269075,41073,40685,1773,42458,581
2021-10-20,Modoc,049,8938,516,504,183,687,5
2021-10-20,Mono,051,14174,1676,1653,22,1675,3
2021-10-20,Monterey,053,433212,48359,47430,2750,50180,587
2021-10-20,Napa,055,140530,12829,12773,104,12877,100
2021-10-20,Nevada,057,99092,8954,8836,309,9145,90
2021-10-20,Orange,059,3164182,304566,301957,14638,316595,5534
2021-10-20,Placer,061,380077,36345,35729,3508,39237,425
2021-10-20,Plumas,063,18699,1694,1604,32,1636,7
2021-10-20,Riverside,065,2383286,358900,354311,16095,370406,5030
2021-10-20,Sacramento,067,1510023,156184,154822,4376,159198,2222
2021-10-20,San Benito,069,59416,7293,7275,160,7435,71
2021-10-20,San Bernardino,071,2135413,349876,347217,10885,358102,5663
2021-10-20,San Diego,073,3302833,368289,365698,21648,387346,4178
2021-10-20,San Francisco,075,870044,52375,51755,2234,53989,646
2021-10-20,San Joaquin,077,732212,98311,97246,5243,102489,1721
2021-10-20,San Luis Obispo,079,281455,29154,28727,1195,29922,332
2021-10-20,San Mateo,081,765935,53578,52663,820,53483,571
2021-10-20,Santa Barbara,083,443738,43881,43489,1505,44994,523
2021-10-20,Santa Clara,085,1922200,145367,144124,1249,145373,1896
2021-10-20,Santa Cruz,087,273765,20142,19951,985,20936,219
2021-10-20,Shasta,089,179085,20747,20313,3437,23750,320
2021-10-20,Sierra,091,2930,177,168,18,186,0
2021-10-20,Siskiyou,093,43540,3303,3224,1238,4462,46
2021-10-20,Solano,095,438530,45569,44819,1214,46033,341
2021-10-20,Sonoma,097,501317,40795,40404,508,40912,393
2021-10-20,Stanislaus,099,539301,76809,76631,8559,85190,1145
2021-10-20,Sutter,101,95872,13661,13592,314,13906,175
2021-10-20,Tehama,103,63373,8225,8081,1407,9488,110
2021-10-20,Trinity,105,12862,833,693,203,896,11
2021-10-20,Tulare,107,460477,66943,65413,14146,79559,967
2021-10-20,Tuolumne,109,53932,6951,6803,89,6892,89
2021-10-20,Ventura,111,848112,97258,96610,4223,100833,1166
2021-10-20,Yolo,113,214977,19547,19236,927,20163,248
2021-10-20,Yuba,115,75493,9923,9808,290,10098,82
2021-10-19,Alameda,001,1643700,118023,117542,2677,120219,1383
2021-10-19,Alpine,002,1148,101,103,0,103,0
2021-10-19,Amador,005,37829,5447,5367,56,5423,64
2021-10-19,Butte,007,227075,20330,19974,3760,23734,268
2021-10-19,Calaveras,009,45235,3902,3826,47,3873,80
2021-10-19,Colusa,011,21464,2488,2447,610,3057,18
2021-10-19,Contra Costa,013,1133247,98310,97613,2088,99701,1004
2021-10-19,Del Norte,015,27424,3625,3531,51,3582,42
2021-10-19,El Dorado,017,186661,15763,15478,1651,17129,149
2021-10-19,Fresno,019,978130,136157,133813,12223,146036,2073
2021-10-19,Glenn,021,27897,3435,3380,991,4371,33
2021-10-19,Humboldt,023,135768,8806,8714,504,9218,105
2021-10-19,Imperial,025,180216,32964,32632,3061,35693,764
2021-10-19,Inyo,027,18085,2147,2045,37,2082,40
2021-10-19,Kern,029,883053,124399,122391,20660,143051,1613
2021-10-19,Kings,031,150075,31385,30757,1829,32586,322
2021-10-19,Lake,033,64148,6593,6465,136,6601,104
2021-10-19,Lassen,035,31185,6728,6612,335,6947,27
2021-10-19,Los Angeles,037,10098052,1427112,1413882,52272,1466154,26473
2021-10-19,Madera,039,155013,22383,21950,1954,23904,281
2021-10-19,Marin,041,260295,17371,17241,433,17674,244
2021-10-19,Mariposa,043,17540,1221,1171,41,1212,5
2021-10-19,Mendocino,045,87422,7315,7172,461,7633,82
2021-10-19,Merced,047,269075,40958,40628,1752,42380,580
2021-10-19,Modoc,049,8938,514,502,183,685,5
2021-10-19,Mono,051,14174,1672,1651,22,1673,3
2021-10-19,Monterey,053,433212,48322,47412,2739,50151,583
2021-10-19,Napa,055,140530,12822,12769,104,12873,100
2021-10-19,Nevada,057,99092,8933,8829,308,9137,90
2021-10-19,Orange,059,3164182,304309,301700,14605,316305,5527
2021-10-19,Placer,061,380077,36225,35663,3493,39156,422
2021-10-19,Plumas,063,18699,1676,1586,32,1618,8
2021-10-19,Riverside,065,2383286,358480,353891,16088,369979,5020
2021-10-19,Sacramento,067,1510023,155879,154570,4349,158919,2227
2021-10-19,San Benito,069,59416,7278,7264,160,7424,71
2021-10-19,San Bernardino,071,2135413,349473,346814,10856,357670,5627
2021-10-19,San Diego,073,3302833,367707,365285,21617,386902,4170
2021-10-19,San Francisco,075,870044,52312,51704,2232,53936,645
2021-10-19,San Joaquin,077,732212,98143,97105,5232,102337,1721
2021-10-19,San Luis Obispo,079,281455,29106,28670,1192,29862,332
2021-10-19,San Mateo,081,765935,53520,52617,818,53435,571
2021-10-19,Santa Barbara,083,443738,43814,43413,1504,44917,522
2021-10-19,Santa Clara,085,1922200,145191,143989,1242,145231,1898
2021-10-19,Santa Cruz,087,273765,20118,19895,983,20878,218
2021-10-19,Shasta,089,179085,20670,20209,3429,23638,319
2021-10-19,Sierra,091,2930,174,168,18,186,0
2021-10-19,Siskiyou,093,43540,3299,3216,1233,4449,46
2021-10-19,Solano,095,438530,45528,44782,1208,45990,341
2021-10-19,Sonoma,097,501317,40721,40379,507,40886,392
2021-10-19,Stanislaus,099,539301,76667,76526,8547,85073,1145
2021-10-19,Sutter,101,95872,13637,13569,313,13882,174
2021-10-19,Tehama,103,63373,8194,8057,1392,9449,108
2021-10-19,Trinity,105,12862,826,691,203,894,11
2021-10-19,Tulare,107,460477,66756,65253,14078,79331,958
2021-10-19,Tuolumne,109,53932,6923,6782,88,6870,89
2021-10-19,Ventura,111,848112,97181,96539,4218,100757,1166
2021-10-19,Yolo,113,214977,19498,19206,926,20132,248
2021-10-19,Yuba,115,75493,9905,9796,289,10085,82
2021-10-18,Alameda,001,1643700,117886,117506,2667,120173,1381
2021-10-18,Alpine,002,1148,101,103,0,103,0
2021-10-18,Amador,005,37829,5436,5345,56,5401,64
2021-10-18,Butte,007,227075,20280,19921,3747,23668,265
2021-10-18,Calaveras,009,45235,3877,3819,46,3865,80
2021-10-18,Colusa,011,21464,2487,2444,608,3052,18
2021-10-18,Contra Costa,013,1133247,98198,97585,2084,99669,995
2021-10-18,Del Norte,015,27424,3618,3529,51,3580,41
2021-10-18,El Dorado,017,186661,15733,15452,1649,17101,149
2021-10-18,Fresno,019,978130,135753,133688,12180,145868,2063
2021-10-18,Glenn,021,27897,3431,3370,987,4357,32
2021-10-18,Humboldt,023,135768,8786,8699,496,9195,104
2021-10-18,Imperial,025,180216,32872,32558,3061,35619,764
2021-10-18,Inyo,027,18085,2129,2020,37,2057,40
2021-10-18,Kern,029,883053,124100,122231,20566,142797,1605
2021-10-18,Kings,031,150075,31272,30698,1816,32514,320
2021-10-18,Lake,033,64148,6574,6455,132,6587,104
2021-10-18,Lassen,035,31185,6708,6607,332,6939,26
2021-10-18,Los Angeles,037,10098052,1425869,1413291,52195,1465486,26446
2021-10-18,Madera,039,155013,22329,21909,1941,23850,277
2021-10-18,Marin,041,260295,17352,17232,430,17662,244
2021-10-18,Mariposa,043,17540,1213,1160,41,1201,5
2021-10-18,Mendocino,045,87422,7296,7156,453,7609,82
2021-10-18,Merced,047,269075,40835,40573,1741,42314,579
2021-10-18,Modoc,049,8938,514,498,183,681,5
2021-10-18,Mono,051,14174,1666,1648,21,1669,3
2021-10-18,Monterey,053,433212,48300,47389,2734,50123,583
2021-10-18,Napa,055,140530,12807,12762,104,12866,100
2021-10-18,Nevada,057,99092,8914,8816,308,9124,90
2021-10-18,Orange,059,3164182,303970,301573,14570,316143,5524
2021-10-18,Placer,061,380077,36149,35598,3489,39087,420
2021-10-18,Plumas,063,18699,1668,1579,32,1611,6
2021-10-18,Riverside,065,2383286,358062,353699,16074,369773,5008
2021-10-18,Sacramento,067,1510023,155574,154428,4319,158747,2203
2021-10-18,San Benito,069,59416,7266,7253,160,7413,71
2021-10-18,San Bernardino,071,2135413,349052,346742,10842,357584,5606
2021-10-18,San Diego,073,3302833,367151,364948,21579,386527,4169
2021-10-18,San Francisco,075,870044,52249,51671,2226,53897,644
2021-10-18,San Joaquin,077,732212,97977,97041,5222,102263,1721
2021-10-18,San Luis Obispo,079,281455,29067,28644,1189,29833,331
2021-10-18,San Mateo,081,765935,53455,52594,817,53411,571
2021-10-18,Santa Barbara,083,443738,43755,43386,1502,44888,522
2021-10-18,Santa Clara,085,1922200,145035,143891,1234,145125,1895
2021-10-18,Santa Cruz,087,273765,20104,19876,981,20857,218
2021-10-18,Shasta,089,179085,20591,20146,3418,23564,313
2021-10-18,Sierra,091,2930,174,166,18,184,0
2021-10-18,Siskiyou,093,43540,3296,3210,1225,4435,42
2021-10-18,Solano,095,438530,45484,44758,1205,45963,339
2021-10-18,Sonoma,097,501317,40657,40349,504,40853,392
2021-10-18,Stanislaus,099,539301,76502,76466,8533,84999,1145
2021-10-18,Sutter,101,95872,13603,13557,311,13868,172
2021-10-18,Tehama,103,63373,8158,8042,1381,9423,107
2021-10-18,Trinity,105,12862,825,688,203,891,11
2021-10-18,Tulare,107,460477,66581,65171,14014,79185,958
2021-10-18,Tuolumne,109,53932,6894,6755,88,6843,89
2021-10-18,Ventura,111,848112,97089,96506,4215,100721,1165
2021-10-18,Yolo,113,214977,19459,19197,925,20122,248
2021-10-18,Yuba,115,75493,9878,9782,287,10069,82
2021-10-17,Alameda,001,1643700,117734,117423,2662,120085,1376
2021-10-17,Alpine,002,1148,101,103,0,103,0
2021-10-17,Amador,005,37829,5413,5341,56,5397,64
2021-10-17,Butte,007,227075,20195,19897,3736,23633,265
2021-10-17,Calaveras,009,45235,3860,3805,46,3851,80
2021-10-17,Colusa,011,21464,2482,2442,601,3043,18
2021-10-17,Contra Costa,013,1133247,98077,97485,2073,99558,995
2021-10-17,Del Norte,015,27424,3613,3526,51,3577,41
2021-10-17,El Dorado,017,186661,15675,15438,1642,17080,149
2021-10-17,Fresno,019,978130,135285,133429,12135,145564,2063
2021-10-17,Glenn,021,27897,3421,3364,982,4346,32
2021-10-17,Humboldt,023,135768,8766,8690,493,9183,104
2021-10-17,Imperial,025,180216,32790,32520,3054,35574,764
2021-10-17,Inyo,027,18085,2101,2000,37,2037,40
2021-10-17,Kern,029,883053,123750,122085,20468,142553,1603
2021-10-17,Kings,031,150075,31159,30636,1808,32444,315
2021-10-17,Lake,033,64148,6558,6437,132,6569,104
2021-10-17,Lassen,035,31185,6696,6605,328,6933,26
2021-10-17,Los Angeles,037,10098052,1424533,1412371,52123,1464494,26443
2021-10-17,Madera,039,155013,22267,21869,1930,23799,277
2021-10-17,Marin,041,260295,17330,17211,430,17641,243
2021-10-17,Mariposa,043,17540,1206,1150,41,1191,5
2021-10-17,Mendocino,045,87422,7267,7148,447,7595,82
2021-10-17,Merced,047,269075,40709,40531,1725,42256,579
2021-10-17,Modoc,049,8938,511,498,181,679,5
2021-10-17,Mono,051,14174,1664,1640,20,1660,3
2021-10-17,Monterey,053,433212,48259,47369,2724,50093,583
2021-10-17,Napa,055,140530,12791,12753,101,12854,100
2021-10-17,Nevada,057,99092,8897,8794,307,9101,90
2021-10-17,Orange,059,3164182,303655,301414,14537,315951,5524
2021-10-17,Placer,061,380077,36049,35559,3474,39033,420
2021-10-17,Plumas,063,18699,1644,1571,31,1602,6
2021-10-17,Riverside,065,2383286,357578,353500,16060,369560,5008
2021-10-17,Sacramento,067,1510023,155175,154080,4302,158382,2213
2021-10-17,San Benito,069,59416,7257,7250,159,7409,71
2021-10-17,San Bernardino,071,2135413,348616,346524,10822,357346,5597
2021-10-17,San Diego,073,3302833,366560,364675,21551,386226,4163
2021-10-17,San Francisco,075,870044,52177,51625,2217,53842,644
2021-10-17,San Joaquin,077,732212,97804,96950,5213,102163,1721
2021-10-17,San Luis Obispo,079,281455,29015,28604,1181,29785,331
2021-10-17,San Mateo,081,765935,53403,52541,813,53354,571
2021-10-17,Santa Barbara,083,443738,43692,43344,1501,44845,522
2021-10-17,Santa Clara,085,1922200,144857,143768,1225,144993,1895
2021-10-17,Santa Cruz,087,273765,20077,19861,979,20840,218
2021-10-17,Shasta,089,179085,20501,20116,3408,23524,312
2021-10-17,Sierra,091,2930,172,165,18,183,0
2021-10-17,Siskiyou,093,43540,3288,3204,1222,4426,42
2021-10-17,Solano,095,438530,45427,44722,1204,45926,340
2021-10-17,Sonoma,097,501317,40582,40306,503,40809,392
2021-10-17,Stanislaus,099,539301,76304,76354,8519,84873,1145
2021-10-17,Sutter,101,95872,13586,13543,309,13852,172
2021-10-17,Tehama,103,63373,8126,8015,1365,9380,107
2021-10-17,Trinity,105,12862,822,686,202,888,11
2021-10-17,Tulare,107,460477,66397,65057,13942,78999,958
2021-10-17,Tuolumne,109,53932,6860,6735,87,6822,89
2021-10-17,Ventura,111,848112,96988,96458,4212,100670,1165
2021-10-17,Yolo,113,214977,19415,19171,919,20090,248
2021-10-17,Yuba,115,75493,9852,9771,285,10056,82
2021-10-16,Alameda,001,1643700,117645,117027,2660,119687,1365
2021-10-16,Alpine,002,1148,100,102,0,102,0
2021-10-16,Amador,005,37829,5406,5310,56,5366,64
2021-10-16,Butte,007,227075,20164,19612,3726,23338,260
2021-10-16,Calaveras,009,45235,3853,3771,46,3817,80
2021-10-16,Colusa,011,21464,2478,2431,598,3029,18
2021-10-16,Contra Costa,013,1133247,97986,97107,2066,99173,982
2021-10-16,Del Norte,015,27424,3610,3516,51,3567,41
2021-10-16,El Dorado,017,186661,15653,15315,1640,16955,149
2021-10-16,Fresno,019,978130,135131,132433,12118,144551,2051
2021-10-16,Glenn,021,27897,3415,3331,982,4313,26
2021-10-16,Humboldt,023,135768,8755,8621,488,9109,104
2021-10-16,Imperial,025,180216,32775,32368,3052,35420,764
2021-10-16,Inyo,027,18085,2087,1932,37,1969,39
2021-10-16,Kern,029,883053,123594,121354,20387,141741,1590
2021-10-16,Kings,031,150075,31113,30418,1805,32223,314
2021-10-16,Lake,033,64148,6547,6378,132,6510,104
2021-10-16,Lassen,035,31185,6687,6559,324,6883,26
2021-10-16,Los Angeles,037,10098052,1423880,1409418,52070,1461488,26398
2021-10-16,Madera,039,155013,22223,21707,1926,23633,277
2021-10-16,Marin,041,260295,17319,17148,430,17578,243
2021-10-16,Mariposa,043,17540,1203,1096,41,1137,5
2021-10-16,Mendocino,045,87422,7256,7099,447,7546,82
2021-10-16,Merced,047,269075,40677,40265,1723,41988,577
2021-10-16,Modoc,049,8938,508,492,181,673,5
2021-10-16,Mono,051,14174,1660,1628,20,1648,3
2021-10-16,Monterey,053,433212,48242,47293,2716,50009,582
2021-10-16,Napa,055,140530,12780,12706,101,12807,100
2021-10-16,Nevada,057,99092,8877,8739,307,9046,90
2021-10-16,Orange,059,3164182,303479,300722,14512,315234,5509
2021-10-16,Placer,061,380077,35964,35343,3468,38811,412
2021-10-16,Plumas,063,18699,1639,1542,30,1572,6
2021-10-16,Riverside,065,2383286,357305,352435,16048,368483,4990
2021-10-16,Sacramento,067,1510023,154977,153264,4298,157562,2192
2021-10-16,San Benito,069,59416,7244,7210,158,7368,71
2021-10-16,San Bernardino,071,2135413,348408,345418,10814,356232,5566
2021-10-16,San Diego,073,3302833,366244,363109,21535,384644,4151
2021-10-16,San Francisco,075,870044,52130,51436,2213,53649,645
2021-10-16,San Joaquin,077,732212,97733,96507,5210,101717,1708
2021-10-16,San Luis Obispo,079,281455,28989,28460,1180,29640,329
2021-10-16,San Mateo,081,765935,53354,52399,812,53211,569
2021-10-16,Santa Barbara,083,443738,43656,43175,1500,44675,521
2021-10-16,Santa Clara,085,1922200,144757,143282,1217,144499,1890
2021-10-16,Santa Cruz,087,273765,20061,19794,978,20772,218
2021-10-16,Shasta,089,179085,20451,19932,3397,23329,309
2021-10-16,Sierra,091,2930,170,160,18,178,0
2021-10-16,Siskiyou,093,43540,3286,3173,1215,4388,42
2021-10-16,Solano,095,438530,45401,44585,1200,45785,334
2021-10-16,Sonoma,097,501317,40542,40195,503,40698,390
2021-10-16,Stanislaus,099,539301,76218,75868,8509,84377,1142
2021-10-16,Sutter,101,95872,13567,13471,308,13779,169
2021-10-16,Tehama,103,63373,8113,7907,1360,9267,104
2021-10-16,Trinity,105,12862,822,679,202,881,11
2021-10-16,Tulare,107,460477,66259,64489,13911,78400,951
2021-10-16,Tuolumne,109,53932,6828,6666,87,6753,89
2021-10-16,Ventura,111,848112,96955,96181,4207,100388,1164
2021-10-16,Yolo,113,214977,19387,19078,916,19994,247
2021-10-16,Yuba,115,75493,9828,9705,282,9987,82
2021-10-15,Alameda,001,1643700,117573,117027,2656,119683,1365
2021-10-15,Alpine,002,1148,100,102,0,102,0
2021-10-15,Amador,005,37829,5382,5310,56,5366,64
2021-10-15,Butte,007,227075,20128,19612,3718,23330,260
2021-10-15,Calaveras,009,45235,3847,3771,46,3817,80
2021-10-15,Colusa,011,21464,2476,2431,595,3026,18
2021-10-15,Contra Costa,013,1133247,97904,97107,2063,99170,982
2021-10-15,Del Norte,015,27424,3608,3516,51,3567,41
2021-10-15,El Dorado,017,186661,15633,15315,1635,16950,149
2021-10-15,Fresno,019,978130,134877,132433,12108,144541,2051
2021-10-15,Glenn,021,27897,3409,3331,981,4312,26
2021-10-15,Humboldt,023,135768,8746,8621,486,9107,104
2021-10-15,Imperial,025,180216,32728,32368,3048,35416,764
2021-10-15,Inyo,027,18085,2069,1932,37,1969,39
2021-10-15,Kern,029,883053,123458,121354,20313,141667,1590
2021-10-15,Kings,031,150075,31057,30418,1801,32219,314
2021-10-15,Lake,033,64148,6538,6378,132,6510,104
2021-10-15,Lassen,035,31185,6675,6559,323,6882,26
2021-10-15,Los Angeles,037,10098052,1423194,1409418,52023,1461441,26398
2021-10-15,Madera,039,155013,22179,21707,1918,23625,277
2021-10-15,Marin,041,260295,17308,17148,430,17578,243
2021-10-15,Mariposa,043,17540,1195,1096,41,1137,5
2021-10-15,Mendocino,045,87422,7241,7099,447,7546,82
2021-10-15,Merced,047,269075,40647,40265,1720,41985,577
2021-10-15,Modoc,049,8938,507,492,181,673,5
2021-10-15,Mono,051,14174,1657,1628,20,1648,3
2021-10-15,Monterey,053,433212,48220,47293,2714,50007,582
2021-10-15,Napa,055,140530,12776,12706,101,12807,100
2021-10-15,Nevada,057,99092,8862,8739,307,9046,90
2021-10-15,Orange,059,3164182,303311,300722,14494,315216,5509
2021-10-15,Placer,061,380077,35910,35343,3462,38805,412
2021-10-15,Plumas,063,18699,1631,1542,30,1572,6
2021-10-15,Riverside,065,2383286,357060,352435,16043,368478,4990
2021-10-15,Sacramento,067,1510023,154788,153264,4288,157552,2192
2021-10-15,San Benito,069,59416,7241,7210,158,7368,71
2021-10-15,San Bernardino,071,2135413,348176,345418,10811,356229,5566
2021-10-15,San Diego,073,3302833,365885,363109,21510,384619,4151
2021-10-15,San Francisco,075,870044,52090,51436,2206,53642,645
2021-10-15,San Joaquin,077,732212,97654,96507,5203,101710,1708
2021-10-15,San Luis Obispo,079,281455,28968,28460,1178,29638,329
2021-10-15,San Mateo,081,765935,53310,52399,811,53210,569
2021-10-15,Santa Barbara,083,443738,43618,43175,1500,44675,521
2021-10-15,Santa Clara,085,1922200,144636,143282,1209,144491,1890
2021-10-15,Santa Cruz,087,273765,20050,19794,978,20772,218
2021-10-15,Shasta,089,179085,20395,19932,3389,23321,309
2021-10-15,Sierra,091,2930,170,160,18,178,0
2021-10-15,Siskiyou,093,43540,3285,3173,1212,4385,42
2021-10-15,Solano,095,438530,45375,44585,1200,45785,334
2021-10-15,Sonoma,097,501317,40508,40195,502,40697,390
2021-10-15,Stanislaus,099,539301,76138,75868,8493,84361,1142
2021-10-15,Sutter,101,95872,13550,13471,306,13777,169
2021-10-15,Tehama,103,63373,8091,7907,1355,9262,104
2021-10-15,Trinity,105,12862,822,679,202,881,11
2021-10-15,Tulare,107,460477,66180,64489,13874,78363,951
2021-10-15,Tuolumne,109,53932,6805,6666,85,6751,89
2021-10-15,Ventura,111,848112,96912,96181,4204,100385,1164
2021-10-15,Yolo,113,214977,19370,19078,914,19992,247
2021-10-15,Yuba,115,75493,9818,9705,281,9986,82
2021-10-14,Alameda,001,1643700,117465,117027,2651,119678,1365
2021-10-14,Alpine,002,1148,100,102,0,102,0
2021-10-14,Amador,005,37829,5371,5310,56,5366,64
2021-10-14,Butte,007,227075,20076,19612,3712,23324,260
2021-10-14,Calaveras,009,45235,3833,3771,45,3816,80
2021-10-14,Colusa,011,21464,2474,2431,593,3024,18
2021-10-14,Contra Costa,013,1133247,97769,97107,2055,99162,982
2021-10-14,Del Norte,015,27424,3602,3516,51,3567,41
2021-10-14,El Dorado,017,186661,15595,15315,1632,16947,149
2021-10-14,Fresno,019,978130,134582,132433,12078,144511,2051
2021-10-14,Glenn,021,27897,3404,3331,980,4311,26
2021-10-14,Humboldt,023,135768,8729,8621,483,9104,104
2021-10-14,Imperial,025,180216,32665,32368,3041,35409,764
2021-10-14,Inyo,027,18085,2050,1932,37,1969,39
2021-10-14,Kern,029,883053,123186,121354,20214,141568,1590
2021-10-14,Kings,031,150075,30991,30418,1793,32211,314
2021-10-14,Lake,033,64148,6517,6378,131,6509,104
2021-10-14,Lassen,035,31185,6669,6559,322,6881,26
2021-10-14,Los Angeles,037,10098052,1422208,1409418,51973,1461391,26398
2021-10-14,Madera,039,155013,22114,21707,1912,23619,277
2021-10-14,Marin,041,260295,17303,17148,427,17575,243
2021-10-14,Mariposa,043,17540,1182,1096,40,1136,5
2021-10-14,Mendocino,045,87422,7227,7099,445,7544,82
2021-10-14,Merced,047,269075,40558,40265,1706,41971,577
2021-10-14,Modoc,049,8938,507,492,181,673,5
2021-10-14,Mono,051,14174,1650,1628,20,1648,3
2021-10-14,Monterey,053,433212,48195,47293,2709,50002,582
2021-10-14,Napa,055,140530,12761,12706,101,12807,100
2021-10-14,Nevada,057,99092,8835,8739,305,9044,90
2021-10-14,Orange,059,3164182,303103,300722,14476,315198,5509
2021-10-14,Placer,061,380077,35842,35343,3448,38791,412
2021-10-14,Plumas,063,18699,1616,1542,30,1572,6
2021-10-14,Riverside,065,2383286,356664,352435,16032,368467,4990
2021-10-14,Sacramento,067,1510023,154538,153264,4268,157532,2192
2021-10-14,San Benito,069,59416,7230,7210,158,7368,71
2021-10-14,San Bernardino,071,2135413,347819,345418,10804,356222,5566
2021-10-14,San Diego,073,3302833,365445,363109,21483,384592,4151
2021-10-14,San Francisco,075,870044,52034,51436,2202,53638,645
2021-10-14,San Joaquin,077,732212,97525,96507,5194,101701,1708
2021-10-14,San Luis Obispo,079,281455,28924,28460,1174,29634,329
2021-10-14,San Mateo,081,765935,53262,52399,810,53209,569
2021-10-14,Santa Barbara,083,443738,43562,43175,1495,44670,521
2021-10-14,Santa Clara,085,1922200,144495,143282,1203,144485,1890
2021-10-14,Santa Cruz,087,273765,20028,19794,978,20772,218
2021-10-14,Shasta,089,179085,20338,19932,3377,23309,309
2021-10-14,Sierra,091,2930,169,160,18,178,0
2021-10-14,Siskiyou,093,43540,3282,3173,1204,4377,42
2021-10-14,Solano,095,438530,45325,44585,1192,45777,334
2021-10-14,Sonoma,097,501317,40457,40195,499,40694,390
2021-10-14,Stanislaus,099,539301,75992,75868,8480,84348,1142
2021-10-14,Sutter,101,95872,13530,13471,305,13776,169
2021-10-14,Tehama,103,63373,8060,7907,1348,9255,104
2021-10-14,Trinity,105,12862,821,679,201,880,11
2021-10-14,Tulare,107,460477,65997,64489,13827,78316,951
2021-10-14,Tuolumne,109,53932,6773,6666,84,6750,89
2021-10-14,Ventura,111,848112,96843,96181,4198,100379,1164
2021-10-14,Yolo,113,214977,19334,19078,910,19988,247
2021-10-14,Yuba,115,75493,9804,9705,272,9977,82
2021-10-13,Alameda,001,1643700,117358,116914,2645,119559,1360
2021-10-13,Alpine,002,1148,100,102,0,102,0
2021-10-13,Amador,005,37829,5357,5305,56,5361,63
2021-10-13,Butte,007,227075,20000,19546,3706,23252,257
2021-10-13,Calaveras,009,45235,3812,3756,43,3799,79
2021-10-13,Colusa,011,21464,2467,2430,589,3019,18
2021-10-13,Contra Costa,013,1133247,97652,96975,2054,99029,969
2021-10-13,Del Norte,015,27424,3597,3512,51,3563,39
2021-10-13,El Dorado,017,186661,15572,15302,1627,16929,149
2021-10-13,Fresno,019,978130,134247,132055,12045,144100,2048
2021-10-13,Glenn,021,27897,3399,3327,976,4303,26
2021-10-13,Humboldt,023,135768,8718,8604,479,9083,102
2021-10-13,Imperial,025,180216,32605,32317,3039,35356,762
2021-10-13,Inyo,027,18085,2013,1907,37,1944,39
2021-10-13,Kern,029,883053,122941,120956,20122,141078,1586
2021-10-13,Kings,031,150075,30910,30246,1786,32032,312
2021-10-13,Lake,033,64148,6497,6371,131,6502,103
2021-10-13,Lassen,035,31185,6658,6535,316,6851,25
2021-10-13,Los Angeles,037,10098052,1421152,1408384,51919,1460303,26379
2021-10-13,Madera,039,155013,22061,21609,1898,23507,277
2021-10-13,Marin,041,260295,17279,17137,426,17563,243
2021-10-13,Mariposa,043,17540,1168,1090,40,1130,5
2021-10-13,Mendocino,045,87422,7211,7088,437,7525,82
2021-10-13,Merced,047,269075,40473,40164,1694,41858,577
2021-10-13,Modoc,049,8938,505,490,179,669,5
2021-10-13,Mono,051,14174,1650,1612,20,1632,3
2021-10-13,Monterey,053,433212,48175,47273,2702,49975,582
2021-10-13,Napa,055,140530,12750,12695,99,12794,100
2021-10-13,Nevada,057,99092,8813,8725,305,9030,90
2021-10-13,Orange,059,3164182,302896,300468,14460,314928,5503
2021-10-13,Placer,061,380077,35774,35254,3439,38693,412
2021-10-13,Plumas,063,18699,1602,1514,30,1544,6
2021-10-13,Riverside,065,2383286,356335,352044,16019,368063,4978
2021-10-13,Sacramento,067,1510023,154289,153141,4247,157388,2182
2021-10-13,San Benito,069,59416,7224,7196,157,7353,71
2021-10-13,San Bernardino,071,2135413,347494,344951,10787,355738,5562
2021-10-13,San Diego,073,3302833,365014,362564,21461,384025,4141
2021-10-13,San Francisco,075,870044,51990,51379,2198,53577,644
2021-10-13,San Joaquin,077,732212,97381,96343,5190,101533,1696
2021-10-13,San Luis Obispo,079,281455,28886,28397,1171,29568,330
2021-10-13,San Mateo,081,765935,53210,52352,806,53158,569
2021-10-13,Santa Barbara,083,443738,43510,43109,1495,44604,518
2021-10-13,Santa Clara,085,1922200,144355,143064,1202,144266,1886
2021-10-13,Santa Cruz,087,273765,20002,19763,977,20740,217
2021-10-13,Shasta,089,179085,20268,19802,3357,23159,307
2021-10-13,Sierra,091,2930,169,155,18,173,0
2021-10-13,Siskiyou,093,43540,3274,3173,1203,4376,42
2021-10-13,Solano,095,438530,45286,44558,1189,45747,334
2021-10-13,Sonoma,097,501317,40401,40122,499,40621,390
2021-10-13,Stanislaus,099,539301,75850,75698,8470,84168,1136
2021-10-13,Sutter,101,95872,13500,13458,303,13761,169
2021-10-13,Tehama,103,63373,8024,7849,1343,9192,103
2021-10-13,Trinity,105,12862,818,677,201,878,11
2021-10-13,Tulare,107,460477,65813,64297,13774,78071,945
2021-10-13,Tuolumne,109,53932,6758,6644,83,6727,89
2021-10-13,Ventura,111,848112,96770,96099,4192,100291,1162
2021-10-13,Yolo,113,214977,19305,19023,909,19932,247
2021-10-13,Yuba,115,75493,9779,9690,259,9949,80
2021-10-12,Alameda,001,1643700,117255,116813,2641,119454,1357
2021-10-12,Alpine,002,1148,100,102,0,102,0
2021-10-12,Amador,005,37829,5346,5301,56,5357,63
2021-10-12,Butte,007,227075,19928,19506,3694,23200,256
2021-10-12,Calaveras,009,45235,3797,3750,43,3793,75
2021-10-12,Colusa,011,21464,2464,2428,587,3015,18
2021-10-12,Contra Costa,013,1133247,97539,96894,2045,98939,960
2021-10-12,Del Norte,015,27424,3591,3511,51,3562,39
2021-10-12,El Dorado,017,186661,15538,15287,1625,16912,148
2021-10-12,Fresno,019,978130,133887,131848,12014,143862,2042
2021-10-12,Glenn,021,27897,3385,3321,975,4296,26
2021-10-12,Humboldt,023,135768,8690,8587,473,9060,102
2021-10-12,Imperial,025,180216,32553,32267,3037,35304,762
2021-10-12,Inyo,027,18085,1981,1889,37,1926,39
2021-10-12,Kern,029,883053,122654,120826,20013,140839,1580
2021-10-12,Kings,031,150075,30836,30200,1775,31975,312
2021-10-12,Lake,033,64148,6482,6372,129,6501,97
2021-10-12,Lassen,035,31185,6648,6526,315,6841,25
2021-10-12,Los Angeles,037,10098052,1420092,1407462,51873,1459335,26362
2021-10-12,Madera,039,155013,21990,21574,1885,23459,277
2021-10-12,Marin,041,260295,17256,17126,426,17552,242
2021-10-12,Mariposa,043,17540,1154,1088,40,1128,5
2021-10-12,Mendocino,045,87422,7182,7077,434,7511,82
2021-10-12,Merced,047,269075,40394,40113,1688,41801,567
2021-10-12,Modoc,049,8938,500,485,178,663,5
2021-10-12,Mono,051,14174,1648,1608,20,1628,3
2021-10-12,Monterey,053,433212,48144,47254,2694,49948,582
2021-10-12,Napa,055,140530,12736,12671,99,12770,97
2021-10-12,Nevada,057,99092,8801,8720,303,9023,89
2021-10-12,Orange,059,3164182,302641,300256,14435,314691,5499
2021-10-12,Placer,061,380077,35709,35214,3431,38645,404
2021-10-12,Plumas,063,18699,1588,1488,29,1517,6
2021-10-12,Riverside,065,2383286,356008,351771,16005,367776,4973
2021-10-12,Sacramento,067,1510023,153984,152935,4222,157157,2170
2021-10-12,San Benito,069,59416,7210,7193,157,7350,71
2021-10-12,San Bernardino,071,2135413,347180,344788,10777,355565,5563
2021-10-12,San Diego,073,3302833,364501,362256,21432,383688,4137
2021-10-12,San Francisco,075,870044,51926,51301,2197,53498,643
2021-10-12,San Joaquin,077,732212,97245,96237,5185,101422,1690
2021-10-12,San Luis Obispo,079,281455,28839,28379,1170,29549,327
2021-10-12,San Mateo,081,765935,53159,52328,805,53133,569
2021-10-12,Santa Barbara,083,443738,43449,43076,1495,44571,515
2021-10-12,Santa Clara,085,1922200,144202,142954,1200,144154,1882
2021-10-12,Santa Cruz,087,273765,19977,19757,977,20734,218
2021-10-12,Shasta,089,179085,20194,19731,3336,23067,304
2021-10-12,Sierra,091,2930,169,153,18,171,0
2021-10-12,Siskiyou,093,43540,3263,3166,1197,4363,42
2021-10-12,Solano,095,438530,45244,44516,1183,45699,329
2021-10-12,Sonoma,097,501317,40360,40105,498,40603,390
2021-10-12,Stanislaus,099,539301,75698,75589,8458,84047,1126
2021-10-12,Sutter,101,95872,13477,13436,299,13735,168
2021-10-12,Tehama,103,63373,7992,7820,1339,9159,103
2021-10-12,Trinity,105,12862,815,676,201,877,11
2021-10-12,Tulare,107,460477,65629,64216,13719,77935,944
2021-10-12,Tuolumne,109,53932,6741,6637,82,6719,89
2021-10-12,Ventura,111,848112,96670,96022,4187,100209,1160
2021-10-12,Yolo,113,214977,19274,18987,906,19893,247
2021-10-12,Yuba,115,75493,9764,9676,255,9931,70
2021-10-11,Alameda,001,1643700,117112,116759,2640,119399,1358
2021-10-11,Alpine,002,1148,100,102,0,102,0
2021-10-11,Amador,005,37829,5334,5286,56,5342,62
2021-10-11,Butte,007,227075,19868,19452,3689,23141,253
2021-10-11,Calaveras,009,45235,3776,3750,43,3793,75
2021-10-11,Colusa,011,21464,2459,2427,579,3006,18
2021-10-11,Contra Costa,013,1133247,97403,96832,2040,98872,960
2021-10-11,Del Norte,015,27424,3588,3510,47,3557,39
2021-10-11,El Dorado,017,186661,15509,15273,1621,16894,146
2021-10-11,Fresno,019,978130,133557,131703,11980,143683,2036
2021-10-11,Glenn,021,27897,3368,3308,973,4281,26
2021-10-11,Humboldt,023,135768,8665,8571,466,9037,101
2021-10-11,Imperial,025,180216,32503,32207,3031,35238,762
2021-10-11,Inyo,027,18085,1958,1862,36,1898,39
2021-10-11,Kern,029,883053,122417,120684,19918,140602,1575
2021-10-11,Kings,031,150075,30747,30180,1765,31945,309
2021-10-11,Lake,033,64148,6466,6361,125,6486,97
2021-10-11,Lassen,035,31185,6628,6499,312,6811,25
2021-10-11,Los Angeles,037,10098052,1419046,1406826,51822,1458648,26346
2021-10-11,Madera,039,155013,21932,21555,1868,23423,272
2021-10-11,Marin,041,260295,17238,17121,422,17543,242
2021-10-11,Mariposa,043,17540,1124,1083,39,1122,5
2021-10-11,Mendocino,045,87422,7166,7064,430,7494,82
2021-10-11,Merced,047,269075,40278,40064,1663,41727,566
2021-10-11,Modoc,049,8938,497,482,175,657,5
2021-10-11,Mono,051,14174,1638,1604,20,1624,3
2021-10-11,Monterey,053,433212,48115,47241,2687,49928,580
2021-10-11,Napa,055,140530,12714,12654,97,12751,96
2021-10-11,Nevada,057,99092,8781,8716,302,9018,90
2021-10-11,Orange,059,3164182,302408,299941,14404,314345,5499
2021-10-11,Placer,061,380077,35642,35173,3413,38586,404
2021-10-11,Plumas,063,18699,1570,1469,27,1496,6
2021-10-11,Riverside,065,2383286,355662,351444,16000,367444,4973
2021-10-11,Sacramento,067,1510023,153693,152681,4191,156872,2169
2021-10-11,San Benito,069,59416,7189,7184,155,7339,71
2021-10-11,San Bernardino,071,2135413,346794,344594,10769,355363,5549
2021-10-11,San Diego,073,3302833,363989,361712,21400,383112,4124
2021-10-11,San Francisco,075,870044,51855,51275,2194,53469,643
2021-10-11,San Joaquin,077,732212,97090,96152,5174,101326,1681
2021-10-11,San Luis Obispo,079,281455,28791,28355,1165,29520,327
2021-10-11,San Mateo,081,765935,53111,52298,805,53103,569
2021-10-11,Santa Barbara,083,443738,43402,43018,1494,44512,515
2021-10-11,Santa Clara,085,1922200,144039,142836,1196,144032,1882
2021-10-11,Santa Cruz,087,273765,19953,19745,976,20721,217
2021-10-11,Shasta,089,179085,20115,19662,3320,22982,295
2021-10-11,Sierra,091,2930,166,147,17,164,0
2021-10-11,Siskiyou,093,43540,3256,3159,1193,4352,42
2021-10-11,Solano,095,438530,45195,44474,1180,45654,329
2021-10-11,Sonoma,097,501317,40315,40067,498,40565,390
2021-10-11,Stanislaus,099,539301,75527,75478,8437,83915,1118
2021-10-11,Sutter,101,95872,13458,13427,297,13724,165
2021-10-11,Tehama,103,63373,7951,7795,1330,9125,102
2021-10-11,Trinity,105,12862,809,675,200,875,11
2021-10-11,Tulare,107,460477,65449,64094,13652,77746,942
2021-10-11,Tuolumne,109,53932,6702,6602,82,6684,89
2021-10-11,Ventura,111,848112,96573,95876,4180,100056,1160
2021-10-11,Yolo,113,214977,19226,18977,904,19881,247
2021-10-11,Yuba,115,75493,9747,9657,243,9900,69
2021-10-10,Alameda,001,1643700,116993,116679,2636,119315,1358
2021-10-10,Alpine,002,1148,100,102,0,102,0
2021-10-10,Amador,005,37829,5320,5278,56,5334,62
2021-10-10,Butte,007,227075,19803,19430,3674,23104,253
2021-10-10,Calaveras,009,45235,3764,3747,43,3790,75
2021-10-10,Colusa,011,21464,2458,2425,578,3003,18
2021-10-10,Contra Costa,013,1133247,97304,96760,2034,98794,960
2021-10-10,Del Norte,015,27424,3584,3507,47,3554,39
2021-10-10,El Dorado,017,186661,15479,15250,1615,16865,146
2021-10-10,Fresno,019,978130,133226,131434,11947,143381,2035
2021-10-10,Glenn,021,27897,3363,3297,971,4268,26
2021-10-10,Humboldt,023,135768,8644,8554,462,9016,101
2021-10-10,Imperial,025,180216,32428,32167,3030,35197,762
2021-10-10,Inyo,027,18085,1937,1857,36,1893,39
2021-10-10,Kern,029,883053,122091,120552,19815,140367,1573
2021-10-10,Kings,031,150075,30658,30122,1755,31877,308
2021-10-10,Lake,033,64148,6450,6349,124,6473,97
2021-10-10,Lassen,035,31185,6609,6495,311,6806,26
2021-10-10,Los Angeles,037,10098052,1417858,1406034,51748,1457782,26338
2021-10-10,Madera,039,155013,21886,21486,1859,23345,272
2021-10-10,Marin,041,260295,17221,17112,422,17534,242
2021-10-10,Mariposa,043,17540,1121,1074,39,1113,5
2021-10-10,Mendocino,045,87422,7151,7060,422,7482,81
2021-10-10,Merced,047,269075,40195,40036,1644,41680,566
2021-10-10,Modoc,049,8938,497,482,175,657,5
2021-10-10,Mono,051,14174,1637,1596,20,1616,3
2021-10-10,Monterey,053,433212,48085,47228,2686,49914,580
2021-10-10,Napa,055,140530,12691,12641,97,12738,96
2021-10-10,Nevada,057,99092,8769,8689,302,8991,90
2021-10-10,Orange,059,3164182,302145,299787,14375,314162,5499
2021-10-10,Placer,061,380077,35549,35128,3402,38530,404
2021-10-10,Plumas,063,18699,1554,1468,25,1493,6
2021-10-10,Riverside,065,2383286,355285,351248,15982,367230,4973
2021-10-10,Sacramento,067,1510023,153429,152405,4174,156579,2178
2021-10-10,San Benito,069,59416,7184,7180,154,7334,71
2021-10-10,San Bernardino,071,2135413,346481,344423,10761,355184,5551
2021-10-10,San Diego,073,3302833,363473,361038,21353,382391,4113
2021-10-10,San Francisco,075,870044,51807,51216,2192,53408,643
2021-10-10,San Joaquin,077,732212,96919,96084,5160,101244,1681
2021-10-10,San Luis Obispo,079,281455,28747,28343,1165,29508,326
2021-10-10,San Mateo,081,765935,53069,52273,804,53077,569
2021-10-10,Santa Barbara,083,443738,43355,42987,1493,44480,515
2021-10-10,Santa Clara,085,1922200,143873,142768,1189,143957,1881
2021-10-10,Santa Cruz,087,273765,19933,19727,976,20703,217
2021-10-10,Shasta,089,179085,20026,19635,3311,22946,296
2021-10-10,Sierra,091,2930,164,147,17,164,0
2021-10-10,Siskiyou,093,43540,3242,3155,1186,4341,42
2021-10-10,Solano,095,438530,45139,44431,1180,45611,329
2021-10-10,Sonoma,097,501317,40263,40027,498,40525,390
2021-10-10,Stanislaus,099,539301,75349,75403,8423,83826,1118
2021-10-10,Sutter,101,95872,13434,13412,292,13704,165
2021-10-10,Tehama,103,63373,7914,7764,1321,9085,102
2021-10-10,Trinity,105,12862,808,669,199,868,11
2021-10-10,Tulare,107,460477,65279,63930,13603,77533,940
2021-10-10,Tuolumne,109,53932,6678,6580,81,6661,89
2021-10-10,Ventura,111,848112,96484,95829,4180,100009,1160
2021-10-10,Yolo,113,214977,19192,18952,900,19852,247
2021-10-10,Yuba,115,75493,9731,9641,238,9879,69
2021-10-09,Alameda,001,1643700,116895,116253,2634,118887,1356
2021-10-09,Alpine,002,1148,99,102,0,102,0
2021-10-09,Amador,005,37829,5318,5237,55,5292,62
2021-10-09,Butte,007,227075,19773,19277,3670,22947,250
2021-10-09,Calaveras,009,45235,3760,3716,43,3759,75
2021-10-09,Colusa,011,21464,2454,2419,577,2996,18
2021-10-09,Contra Costa,013,1133247,97235,96378,2028,98406,958
2021-10-09,Del Norte,015,27424,3583,3495,47,3542,39
2021-10-09,El Dorado,017,186661,15461,15153,1612,16765,144
2021-10-09,Fresno,019,978130,133094,130508,11930,142438,2018
2021-10-09,Glenn,021,27897,3359,3277,969,4246,26
2021-10-09,Humboldt,023,135768,8630,8448,460,8908,97
2021-10-09,Imperial,025,180216,32394,31989,3028,35017,760
2021-10-09,Inyo,027,18085,1928,1808,36,1844,39
2021-10-09,Kern,029,883053,121950,119795,19788,139583,1559
2021-10-09,Kings,031,150075,30609,29894,1753,31647,308
2021-10-09,Lake,033,64148,6431,6283,123,6406,97
2021-10-09,Lassen,035,31185,6604,6442,310,6752,25
2021-10-09,Los Angeles,037,10098052,1417272,1402810,51711,1454521,26280
2021-10-09,Madera,039,155013,21853,21313,1845,23158,271
2021-10-09,Marin,041,260295,17216,17049,420,17469,242
2021-10-09,Mariposa,043,17540,1114,1042,38,1080,5
2021-10-09,Mendocino,045,87422,7144,7011,421,7432,82
2021-10-09,Merced,047,269075,40152,39784,1644,41428,565
2021-10-09,Modoc,049,8938,495,477,174,651,5
2021-10-09,Mono,051,14174,1634,1577,20,1597,3
2021-10-09,Monterey,053,433212,48073,47168,2683,49851,577
2021-10-09,Napa,055,140530,12687,12586,97,12683,96
2021-10-09,Nevada,057,99092,8758,8613,301,8914,90
2021-10-09,Orange,059,3164182,301964,299089,14356,313445,5457
2021-10-09,Placer,061,380077,35511,34877,3395,38272,393
2021-10-09,Plumas,063,18699,1543,1418,25,1443,6
2021-10-09,Riverside,065,2383286,355034,350082,15966,366048,4965
2021-10-09,Sacramento,067,1510023,153219,151566,4161,155727,2160
2021-10-09,San Benito,069,59416,7176,7123,154,7277,71
2021-10-09,San Bernardino,071,2135413,346293,343452,10757,354209,5556
2021-10-09,San Diego,073,3302833,363168,359909,21348,381257,4111
2021-10-09,San Francisco,075,870044,51759,50960,2185,53145,643
2021-10-09,San Joaquin,077,732212,96853,95606,5155,100761,1669
2021-10-09,San Luis Obispo,079,281455,28730,28197,1163,29360,324
2021-10-09,San Mateo,081,765935,53038,52121,803,52924,569
2021-10-09,Santa Barbara,083,443738,43328,42735,1493,44228,514
2021-10-09,Santa Clara,085,1922200,143749,142298,1183,143481,1873
2021-10-09,Santa Cruz,087,273765,19923,19635,975,20610,217
2021-10-09,Shasta,089,179085,19975,19437,3306,22743,290
2021-10-09,Sierra,091,2930,161,141,17,158,0
2021-10-09,Siskiyou,093,43540,3241,3124,1185,4309,42
2021-10-09,Solano,095,438530,45122,44265,1179,45444,329
2021-10-09,Sonoma,097,501317,40219,39848,498,40346,387
2021-10-09,Stanislaus,099,539301,75259,74899,8412,83311,1114
2021-10-09,Sutter,101,95872,13425,13314,290,13604,165
2021-10-09,Tehama,103,63373,7903,7670,1316,8986,99
2021-10-09,Trinity,105,12862,807,660,199,859,11
2021-10-09,Tulare,107,460477,65171,63398,13582,76980,932
2021-10-09,Tuolumne,109,53932,6658,6521,81,6602,89
2021-10-09,Ventura,111,848112,96429,95542,4177,99719,1158
2021-10-09,Yolo,113,214977,19169,18850,899,19749,247
2021-10-09,Yuba,115,75493,9719,9551,237,9788,69
2021-10-08,Alameda,001,1643700,116813,116253,2630,118883,1356
2021-10-08,Alpine,002,1148,99,102,0,102,0
2021-10-08,Amador,005,37829,5305,5237,55,5292,62
2021-10-08,Butte,007,227075,19744,19277,3666,22943,250
2021-10-08,Calaveras,009,45235,3755,3716,43,3759,75
2021-10-08,Colusa,011,21464,2452,2419,577,2996,18
2021-10-08,Contra Costa,013,1133247,97191,96378,2023,98401,958
2021-10-08,Del Norte,015,27424,3582,3495,47,3542,39
2021-10-08,El Dorado,017,186661,15441,15153,1608,16761,144
2021-10-08,Fresno,019,978130,132899,130508,11906,142414,2018
2021-10-08,Glenn,021,27897,3351,3277,966,4243,26
2021-10-08,Humboldt,023,135768,8619,8448,457,8905,97
2021-10-08,Imperial,025,180216,32364,31989,3024,35013,760
2021-10-08,Inyo,027,18085,1910,1808,36,1844,39
2021-10-08,Kern,029,883053,121813,119795,19746,139541,1559
2021-10-08,Kings,031,150075,30515,29894,1752,31646,308
2021-10-08,Lake,033,64148,6423,6283,123,6406,97
2021-10-08,Lassen,035,31185,6590,6442,307,6749,25
2021-10-08,Los Angeles,037,10098052,1416611,1402810,51679,1454489,26280
2021-10-08,Madera,039,155013,21794,21313,1838,23151,271
2021-10-08,Marin,041,260295,17205,17049,419,17468,242
2021-10-08,Mariposa,043,17540,1107,1042,36,1078,5
2021-10-08,Mendocino,045,87422,7131,7011,421,7432,82
2021-10-08,Merced,047,269075,40120,39784,1641,41425,565
2021-10-08,Modoc,049,8938,493,477,174,651,5
2021-10-08,Mono,051,14174,1631,1577,20,1597,3
2021-10-08,Monterey,053,433212,48046,47168,2681,49849,577
2021-10-08,Napa,055,140530,12671,12586,97,12683,96
2021-10-08,Nevada,057,99092,8746,8613,301,8914,90
2021-10-08,Orange,059,3164182,301817,299089,14336,313425,5457
2021-10-08,Placer,061,380077,35472,34877,3388,38265,393
2021-10-08,Plumas,063,18699,1531,1418,25,1443,6
2021-10-08,Riverside,065,2383286,354765,350082,15955,366037,4965
2021-10-08,Sacramento,067,1510023,153054,151566,4146,155712,2160
2021-10-08,San Benito,069,59416,7172,7123,152,7275,71
2021-10-08,San Bernardino,071,2135413,346084,343452,10749,354201,5556
2021-10-08,San Diego,073,3302833,362842,359909,21329,381238,4111
2021-10-08,San Francisco,075,870044,51712,50960,2178,53138,643
2021-10-08,San Joaquin,077,732212,96785,95606,5149,100755,1669
2021-10-08,San Luis Obispo,079,281455,28703,28197,1162,29359,324
2021-10-08,San Mateo,081,765935,53010,52121,803,52924,569
2021-10-08,Santa Barbara,083,443738,43293,42735,1492,44227,514
2021-10-08,Santa Clara,085,1922200,143636,142298,1178,143476,1873
2021-10-08,Santa Cruz,087,273765,19908,19635,975,20610,217
2021-10-08,Shasta,089,179085,19933,19437,3300,22737,290
2021-10-08,Sierra,091,2930,159,141,15,156,0
2021-10-08,Siskiyou,093,43540,3233,3124,1184,4308,42
2021-10-08,Solano,095,438530,45083,44265,1179,45444,329
2021-10-08,Sonoma,097,501317,40184,39848,498,40346,387
2021-10-08,Stanislaus,099,539301,75190,74899,8403,83302,1114
2021-10-08,Sutter,101,95872,13411,13314,288,13602,165
2021-10-08,Tehama,103,63373,7886,7670,1313,8983,99
2021-10-08,Trinity,105,12862,806,660,199,859,11
2021-10-08,Tulare,107,460477,65053,63398,13550,76948,932
2021-10-08,Tuolumne,109,53932,6635,6521,81,6602,89
2021-10-08,Ventura,111,848112,96378,95542,4171,99713,1158
2021-10-08,Yolo,113,214977,19154,18850,897,19747,247
2021-10-08,Yuba,115,75493,9699,9551,236,9787,69
2021-10-07,Alameda,001,1643700,116693,116253,2629,118882,1356
2021-10-07,Alpine,002,1148,99,102,0,102,0
2021-10-07,Amador,005,37829,5298,5237,55,5292,62
2021-10-07,Butte,007,227075,19696,19277,3655,22932,250
2021-10-07,Calaveras,009,45235,3743,3716,43,3759,75
2021-10-07,Colusa,011,21464,2449,2419,571,2990,18
2021-10-07,Contra Costa,013,1133247,97068,96378,2020,98398,958
2021-10-07,Del Norte,015,27424,3579,3495,47,3542,39
2021-10-07,El Dorado,017,186661,15405,15153,1604,16757,144
2021-10-07,Fresno,019,978130,132624,130508,11880,142388,2018
2021-10-07,Glenn,021,27897,3344,3277,963,4240,26
2021-10-07,Humboldt,023,135768,8593,8448,454,8902,97
2021-10-07,Imperial,025,180216,32292,31989,3011,35000,760
2021-10-07,Inyo,027,18085,1891,1808,36,1844,39
2021-10-07,Kern,029,883053,121581,119795,19682,139477,1559
2021-10-07,Kings,031,150075,30449,29894,1746,31640,308
2021-10-07,Lake,033,64148,6412,6283,123,6406,97
2021-10-07,Lassen,035,31185,6572,6442,305,6747,25
2021-10-07,Los Angeles,037,10098052,1415655,1402810,51634,1454444,26280
2021-10-07,Madera,039,155013,21721,21313,1824,23137,271
2021-10-07,Marin,041,260295,17187,17049,419,17468,242
2021-10-07,Mariposa,043,17540,1099,1042,36,1078,5
2021-10-07,Mendocino,045,87422,7121,7011,417,7428,82
2021-10-07,Merced,047,269075,40054,39784,1624,41408,565
2021-10-07,Modoc,049,8938,490,477,173,650,5
2021-10-07,Mono,051,14174,1623,1577,20,1597,3
2021-10-07,Monterey,053,433212,48021,47168,2672,49840,577
2021-10-07,Napa,055,140530,12656,12586,97,12683,96
2021-10-07,Nevada,057,99092,8718,8613,301,8914,90
2021-10-07,Orange,059,3164182,301591,299089,14322,313411,5457
2021-10-07,Placer,061,380077,35410,34877,3381,38258,393
2021-10-07,Plumas,063,18699,1514,1418,25,1443,6
2021-10-07,Riverside,065,2383286,354433,350082,15943,366025,4965
2021-10-07,Sacramento,067,1510023,152771,151566,4117,155683,2160
2021-10-07,San Benito,069,59416,7156,7123,150,7273,71
2021-10-07,San Bernardino,071,2135413,345810,343452,10741,354193,5556
2021-10-07,San Diego,073,3302833,362447,359909,21308,381217,4111
2021-10-07,San Francisco,075,870044,51641,50960,2175,53135,643
2021-10-07,San Joaquin,077,732212,96631,95606,5141,100747,1669
2021-10-07,San Luis Obispo,079,281455,28652,28197,1160,29357,324
2021-10-07,San Mateo,081,765935,52970,52121,802,52923,569
2021-10-07,Santa Barbara,083,443738,43224,42735,1486,44221,514
2021-10-07,Santa Clara,085,1922200,143486,142298,1172,143470,1873
2021-10-07,Santa Cruz,087,273765,19888,19635,974,20609,217
2021-10-07,Shasta,089,179085,19845,19437,3285,22722,290
2021-10-07,Sierra,091,2930,158,141,15,156,0
2021-10-07,Siskiyou,093,43540,3229,3124,1179,4303,42
2021-10-07,Solano,095,438530,45038,44265,1175,45440,329
2021-10-07,Sonoma,097,501317,40147,39848,496,40344,387
2021-10-07,Stanislaus,099,539301,75028,74899,8378,83277,1114
2021-10-07,Sutter,101,95872,13389,13314,285,13599,165
2021-10-07,Tehama,103,63373,7853,7670,1307,8977,99
2021-10-07,Trinity,105,12862,804,660,199,859,11
2021-10-07,Tulare,107,460477,64888,63398,13514,76912,932
2021-10-07,Tuolumne,109,53932,6614,6521,81,6602,89
2021-10-07,Ventura,111,848112,96305,95542,4168,99710,1158
2021-10-07,Yolo,113,214977,19121,18850,893,19743,247
2021-10-07,Yuba,115,75493,9673,9551,229,9780,69
2021-10-06,Alameda,001,1643700,116556,116058,2623,118681,1353
2021-10-06,Alpine,002,1148,99,102,0,102,0
2021-10-06,Amador,005,37829,5295,5205,55,5260,62
2021-10-06,Butte,007,227075,19634,19208,3648,22856,247
2021-10-06,Calaveras,009,45235,3734,3669,43,3712,75
2021-10-06,Colusa,011,21464,2446,2414,564,2978,18
2021-10-06,Contra Costa,013,1133247,96943,96184,2016,98200,953
2021-10-06,Del Norte,015,27424,3576,3490,44,3534,39
2021-10-06,El Dorado,017,186661,15379,15078,1601,16679,140
2021-10-06,Fresno,019,978130,132333,130074,11855,141929,2008
2021-10-06,Glenn,021,27897,3335,3270,961,4231,26
2021-10-06,Humboldt,023,135768,8578,8416,448,8864,94
2021-10-06,Imperial,025,180216,32239,31930,3001,34931,760
2021-10-06,Inyo,027,18085,1876,1806,36,1842,39
2021-10-06,Kern,029,883053,121324,119491,19591,139082,1552
2021-10-06,Kings,031,150075,30383,29785,1738,31523,308
2021-10-06,Lake,033,64148,6398,6271,123,6394,97
2021-10-06,Lassen,035,31185,6556,6429,304,6733,25
2021-10-06,Los Angeles,037,10098052,1414699,1401675,51585,1453260,26252
2021-10-06,Madera,039,155013,21666,21230,1814,23044,269
2021-10-06,Marin,041,260295,17178,17042,416,17458,242
2021-10-06,Mariposa,043,17540,1092,1036,36,1072,5
2021-10-06,Mendocino,045,87422,7112,6986,415,7401,81
2021-10-06,Merced,047,269075,39979,39666,1612,41278,563
2021-10-06,Modoc,049,8938,490,477,171,648,5
2021-10-06,Mono,051,14174,1611,1568,20,1588,3
2021-10-06,Monterey,053,433212,47988,47136,2667,49803,577
2021-10-06,Napa,055,140530,12632,12552,96,12648,96
2021-10-06,Nevada,057,99092,8702,8582,300,8882,90
2021-10-06,Orange,059,3164182,301352,298785,14309,313094,5448
2021-10-06,Placer,061,380077,35359,34764,3375,38139,390
2021-10-06,Plumas,063,18699,1491,1383,25,1408,6
2021-10-06,Riverside,065,2383286,354078,349645,15922,365567,4953
2021-10-06,Sacramento,067,1510023,152518,151164,4085,155249,2141
2021-10-06,San Benito,069,59416,7141,7108,150,7258,69
2021-10-06,San Bernardino,071,2135413,345518,343022,10734,353756,5551
2021-10-06,San Diego,073,3302833,361955,359564,21282,380846,4104
2021-10-06,San Francisco,075,870044,51577,50894,2172,53066,641
2021-10-06,San Joaquin,077,732212,96497,95418,5129,100547,1658
2021-10-06,San Luis Obispo,079,281455,28603,28170,1154,29324,323
2021-10-06,San Mateo,081,765935,52920,52056,797,52853,569
2021-10-06,Santa Barbara,083,443738,43141,42687,1484,44171,513
2021-10-06,Santa Clara,085,1922200,143334,142124,1167,143291,1872
2021-10-06,Santa Cruz,087,273765,19859,19604,972,20576,217
2021-10-06,Shasta,089,179085,19770,19325,3272,22597,287
2021-10-06,Sierra,091,2930,156,138,15,153,0
2021-10-06,Siskiyou,093,43540,3219,3116,1172,4288,42
2021-10-06,Solano,095,438530,45004,44185,1174,45359,328
2021-10-06,Sonoma,097,501317,40098,39787,495,40282,383
2021-10-06,Stanislaus,099,539301,74886,74699,8365,83064,1114
2021-10-06,Sutter,101,95872,13368,13284,283,13567,164
2021-10-06,Tehama,103,63373,7817,7629,1299,8928,99
2021-10-06,Trinity,105,12862,801,656,199,855,11
2021-10-06,Tulare,107,460477,64708,63198,13458,76656,926
2021-10-06,Tuolumne,109,53932,6587,6486,81,6567,89
2021-10-06,Ventura,111,848112,96214,95449,4160,99609,1158
2021-10-06,Yolo,113,214977,19088,18815,890,19705,247
2021-10-06,Yuba,115,75493,9649,9520,228,9748,69
2021-10-05,Alameda,001,1643700,116412,115968,2618,118586,1350
2021-10-05,Alpine,002,1148,99,102,0,102,0
2021-10-05,Amador,005,37829,5274,5194,54,5248,61
2021-10-05,Butte,007,227075,19585,19137,3632,22769,246
2021-10-05,Calaveras,009,45235,3718,3657,43,3700,73
2021-10-05,Colusa,011,21464,2439,2414,563,2977,18
2021-10-05,Contra Costa,013,1133247,96826,96108,2011,98119,941
2021-10-05,Del Norte,015,27424,3574,3485,43,3528,39
2021-10-05,El Dorado,017,186661,15340,15052,1598,16650,140
2021-10-05,Fresno,019,978130,131992,129957,11819,141776,1987
2021-10-05,Glenn,021,27897,3324,3270,956,4226,26
2021-10-05,Humboldt,023,135768,8547,8398,444,8842,94
2021-10-05,Imperial,025,180216,32192,31909,2996,34905,759
2021-10-05,Inyo,027,18085,1859,1800,36,1836,39
2021-10-05,Kern,029,883053,121060,119260,19490,138750,1540
2021-10-05,Kings,031,150075,30308,29749,1733,31482,301
2021-10-05,Lake,033,64148,6377,6264,122,6386,97
2021-10-05,Lassen,035,31185,6537,6417,302,6719,25
2021-10-05,Los Angeles,037,10098052,1413556,1400300,51532,1451832,26223
2021-10-05,Madera,039,155013,21608,21183,1802,22985,269
2021-10-05,Marin,041,260295,17166,17024,416,17440,242
2021-10-05,Mariposa,043,17540,1073,1033,33,1066,5
2021-10-05,Mendocino,045,87422,7096,6972,408,7380,79
2021-10-05,Merced,047,269075,39913,39608,1604,41212,562
2021-10-05,Modoc,049,8938,486,475,170,645,5
2021-10-05,Mono,051,14174,1603,1565,20,1585,3
2021-10-05,Monterey,053,433212,47971,47087,2657,49744,573
2021-10-05,Napa,055,140530,12608,12533,96,12629,96
2021-10-05,Nevada,057,99092,8672,8576,300,8876,90
2021-10-05,Orange,059,3164182,301075,298589,14277,312866,5441
2021-10-05,Placer,061,380077,35282,34728,3369,38097,382
2021-10-05,Plumas,063,18699,1466,1357,25,1382,6
2021-10-05,Riverside,065,2383286,353720,349365,15907,365272,4942
2021-10-05,Sacramento,067,1510023,152244,151111,4057,155168,2126
2021-10-05,San Benito,069,59416,7123,7103,148,7251,69
2021-10-05,San Bernardino,071,2135413,345192,342711,10727,353438,5557
2021-10-05,San Diego,073,3302833,361380,359194,21255,380449,4092
2021-10-05,San Francisco,075,870044,51478,50826,2169,52995,641
2021-10-05,San Joaquin,077,732212,96344,95276,5103,100379,1651
2021-10-05,San Luis Obispo,079,281455,28559,28113,1152,29265,324
2021-10-05,San Mateo,081,765935,52873,52008,797,52805,569
2021-10-05,Santa Barbara,083,443738,43063,42595,1480,44075,511
2021-10-05,Santa Clara,085,1922200,143172,141971,1160,143131,1873
2021-10-05,Santa Cruz,087,273765,19817,19582,972,20554,216
2021-10-05,Shasta,089,179085,19696,19285,3259,22544,286
2021-10-05,Sierra,091,2930,152,136,15,151,0
2021-10-05,Siskiyou,093,43540,3205,3107,1172,4279,42
2021-10-05,Solano,095,438530,44933,44149,1173,45322,325
2021-10-05,Sonoma,097,501317,40043,39756,490,40246,383
2021-10-05,Stanislaus,099,539301,74724,74599,8348,82947,1114
2021-10-05,Sutter,101,95872,13340,13270,282,13552,164
2021-10-05,Tehama,103,63373,7789,7607,1290,8897,98
2021-10-05,Trinity,105,12862,798,655,199,854,11
2021-10-05,Tulare,107,460477,64500,63093,13405,76498,920
2021-10-05,Tuolumne,109,53932,6571,6473,80,6553,89
2021-10-05,Ventura,111,848112,96108,95351,4159,99510,1155
2021-10-05,Yolo,113,214977,19052,18782,884,19666,245
2021-10-05,Yuba,115,75493,9617,9504,225,9729,69
2021-10-04,Alameda,001,1643700,116251,115845,2615,118460,1347
2021-10-04,Alpine,002,1148,99,102,0,102,0
2021-10-04,Amador,005,37829,5264,5163,53,5216,61
2021-10-04,Butte,007,227075,19508,19081,3621,22702,245
2021-10-04,Calaveras,009,45235,3709,3641,43,3684,73
2021-10-04,Colusa,011,21464,2438,2414,561,2975,18
2021-10-04,Contra Costa,013,1133247,96684,95958,2006,97964,937
2021-10-04,Del Norte,015,27424,3572,3485,39,3524,39
2021-10-04,El Dorado,017,186661,15294,15031,1591,16622,138
2021-10-04,Fresno,019,978130,131683,129665,11790,141455,1978
2021-10-04,Glenn,021,27897,3317,3270,953,4223,26
2021-10-04,Humboldt,023,135768,8515,8355,437,8792,94
2021-10-04,Imperial,025,180216,32143,31866,2989,34855,757
2021-10-04,Inyo,027,18085,1847,1792,34,1826,39
2021-10-04,Kern,029,883053,120769,118984,19370,138354,1531
2021-10-04,Kings,031,150075,30214,29702,1730,31432,303
2021-10-04,Lake,033,64148,6364,6248,122,6370,97
2021-10-04,Lassen,035,31185,6520,6405,302,6707,25
2021-10-04,Los Angeles,037,10098052,1412435,1399604,51477,1451081,26186
2021-10-04,Madera,039,155013,21544,21126,1790,22916,266
2021-10-04,Marin,041,260295,17150,17008,415,17423,242
2021-10-04,Mariposa,043,17540,1061,1024,33,1057,5
2021-10-04,Mendocino,045,87422,7078,6947,405,7352,79
2021-10-04,Merced,047,269075,39796,39565,1588,41153,558
2021-10-04,Modoc,049,8938,483,473,170,643,5
2021-10-04,Mono,051,14174,1595,1561,20,1581,3
2021-10-04,Monterey,053,433212,47950,47058,2650,49708,571
2021-10-04,Napa,055,140530,12585,12506,96,12602,96
2021-10-04,Nevada,057,99092,8652,8563,300,8863,90
2021-10-04,Orange,059,3164182,300780,298165,14245,312410,5438
2021-10-04,Placer,061,380077,35200,34630,3341,37971,379
2021-10-04,Plumas,063,18699,1444,1329,25,1354,6
2021-10-04,Riverside,065,2383286,353340,348828,15897,364725,4923
2021-10-04,Sacramento,067,1510023,151920,150887,4030,154917,2115
2021-10-04,San Benito,069,59416,7110,7099,148,7247,69
2021-10-04,San Bernardino,071,2135413,344831,342418,10716,353134,5551
2021-10-04,San Diego,073,3302833,360814,358525,21224,379749,4090
2021-10-04,San Francisco,075,870044,51383,50798,2165,52963,638
2021-10-04,San Joaquin,077,732212,96147,95198,5083,100281,1649
2021-10-04,San Luis Obispo,079,281455,28514,28090,1146,29236,323
2021-10-04,San Mateo,081,765935,52813,51958,796,52754,569
2021-10-04,Santa Barbara,083,443738,42978,42585,1479,44064,511
2021-10-04,Santa Clara,085,1922200,143025,141840,1154,142994,1869
2021-10-04,Santa Cruz,087,273765,19788,19559,971,20530,216
2021-10-04,Shasta,089,179085,19589,19170,3245,22415,279
2021-10-04,Sierra,091,2930,145,136,14,150,0
2021-10-04,Siskiyou,093,43540,3196,3103,1157,4260,42
2021-10-04,Solano,095,438530,44874,44092,1169,45261,322
2021-10-04,Sonoma,097,501317,39977,39720,490,40210,381
2021-10-04,Stanislaus,099,539301,74573,74444,8329,82773,1106
2021-10-04,Sutter,101,95872,13311,13261,281,13542,164
2021-10-04,Tehama,103,63373,7748,7585,1284,8869,95
2021-10-04,Trinity,105,12862,797,649,198,847,11
2021-10-04,Tulare,107,460477,64315,62957,13337,76294,920
2021-10-04,Tuolumne,109,53932,6545,6442,80,6522,89
2021-10-04,Ventura,111,848112,96017,95170,4153,99323,1153
2021-10-04,Yolo,113,214977,19008,18761,880,19641,242
2021-10-04,Yuba,115,75493,9578,9481,223,9704,68
2021-10-03,Alameda,001,1643700,116108,115751,2605,118356,1349
2021-10-03,Alpine,002,1148,99,102,0,102,0
2021-10-03,Amador,005,37829,5246,5160,51,5211,61
2021-10-03,Butte,007,227075,19435,19066,3602,22668,245
2021-10-03,Calaveras,009,45235,3692,3632,43,3675,73
2021-10-03,Colusa,011,21464,2436,2413,558,2971,18
2021-10-03,Contra Costa,013,1133247,96551,95890,1999,97889,937
2021-10-03,Del Norte,015,27424,3566,3483,38,3521,39
2021-10-03,El Dorado,017,186661,15235,15014,1584,16598,139
2021-10-03,Fresno,019,978130,131301,129365,11749,141114,1978
2021-10-03,Glenn,021,27897,3310,3266,945,4211,26
2021-10-03,Humboldt,023,135768,8469,8352,433,8785,94
2021-10-03,Imperial,025,180216,32076,31844,2981,34825,757
2021-10-03,Inyo,027,18085,1826,1788,34,1822,39
2021-10-03,Kern,029,883053,120464,118851,19248,138099,1535
2021-10-03,Kings,031,150075,30116,29623,1723,31346,300
2021-10-03,Lake,033,64148,6338,6239,122,6361,97
2021-10-03,Lassen,035,31185,6498,6400,300,6700,25
2021-10-03,Los Angeles,037,10098052,1411174,1398790,51424,1450214,26179
2021-10-03,Madera,039,155013,21472,21066,1780,22846,266
2021-10-03,Marin,041,260295,17127,16995,410,17405,242
2021-10-03,Mariposa,043,17540,1054,1011,33,1044,5
2021-10-03,Mendocino,045,87422,7058,6939,397,7336,79
2021-10-03,Merced,047,269075,39689,39516,1568,41084,558
2021-10-03,Modoc,049,8938,482,472,169,641,5
2021-10-03,Mono,051,14174,1591,1554,20,1574,3
2021-10-03,Monterey,053,433212,47925,47049,2639,49688,571
2021-10-03,Napa,055,140530,12556,12489,94,12583,96
2021-10-03,Nevada,057,99092,8618,8545,300,8845,90
2021-10-03,Orange,059,3164182,300498,298027,14225,312252,5447
2021-10-03,Placer,061,380077,35060,34596,3325,37921,379
2021-10-03,Plumas,063,18699,1416,1328,25,1353,6
2021-10-03,Riverside,065,2383286,352910,348593,15877,364470,4924
2021-10-03,Sacramento,067,1510023,151631,150664,4001,154665,2120
2021-10-03,San Benito,069,59416,7101,7095,148,7243,69
2021-10-03,San Bernardino,071,2135413,344413,342302,10709,353011,5555
2021-10-03,San Diego,073,3302833,360234,358153,21192,379345,4081
2021-10-03,San Francisco,075,870044,51298,50733,2162,52895,638
2021-10-03,San Joaquin,077,732212,95959,95133,5075,100208,1649
2021-10-03,San Luis Obispo,079,281455,28448,28065,1141,29206,325
2021-10-03,San Mateo,081,765935,52746,51923,795,52718,569
2021-10-03,Santa Barbara,083,443738,42882,42550,1471,44021,511
2021-10-03,Santa Clara,085,1922200,142854,141737,1147,142884,1869
2021-10-03,Santa Cruz,087,273765,19748,19548,969,20517,216
2021-10-03,Shasta,089,179085,19484,19132,3217,22349,279
2021-10-03,Sierra,091,2930,142,136,14,150,0
2021-10-03,Siskiyou,093,43540,3183,3096,1147,4243,42
2021-10-03,Solano,095,438530,44811,44051,1166,45217,322
2021-10-03,Sonoma,097,501317,39911,39679,490,40169,381
2021-10-03,Stanislaus,099,539301,74385,74366,8311,82677,1106
2021-10-03,Sutter,101,95872,13296,13248,277,13525,164
2021-10-03,Tehama,103,63373,7706,7564,1279,8843,94
2021-10-03,Trinity,105,12862,793,647,196,843,11
2021-10-03,Tulare,107,460477,64110,62860,13265,76125,924
2021-10-03,Tuolumne,109,53932,6516,6430,78,6508,89
2021-10-03,Ventura,111,848112,95911,95108,4150,99258,1153
2021-10-03,Yolo,113,214977,18978,18720,874,19594,242
2021-10-03,Yuba,115,75493,9561,9462,222,9684,68
2021-10-02,Alameda,001,1643700,116000,115185,2600,117785,1343
2021-10-02,Alpine,002,1148,99,102,0,102,0
2021-10-02,Amador,005,37829,5237,5105,51,5156,61
2021-10-02,Butte,007,227075,19405,18911,3594,22505,243
2021-10-02,Calaveras,009,45235,3685,3585,43,3628,72
2021-10-02,Colusa,011,21464,2435,2403,556,2959,18
2021-10-02,Contra Costa,013,1133247,96480,95369,1995,97364,933
2021-10-02,Del Norte,015,27424,3561,3468,38,3506,39
2021-10-02,El Dorado,017,186661,15209,14887,1583,16470,136
2021-10-02,Fresno,019,978130,131130,128450,11736,140186,1964
2021-10-02,Glenn,021,27897,3305,3234,945,4179,26
2021-10-02,Humboldt,023,135768,8451,8244,433,8677,94
2021-10-02,Imperial,025,180216,32041,31674,2978,34652,757
2021-10-02,Inyo,027,18085,1817,1746,34,1780,39
2021-10-02,Kern,029,883053,120331,117962,19167,137129,1524
2021-10-02,Kings,031,150075,30067,29339,1719,31058,301
2021-10-02,Lake,033,64148,6329,6191,122,6313,97
2021-10-02,Lassen,035,31185,6493,6360,300,6660,25
2021-10-02,Los Angeles,037,10098052,1410562,1395070,51388,1446458,26126
2021-10-02,Madera,039,155013,21447,20931,1771,22702,266
2021-10-02,Marin,041,260295,17122,16936,407,17343,242
2021-10-02,Mariposa,043,17540,1052,967,33,1000,5
2021-10-02,Mendocino,045,87422,7048,6869,397,7266,78
2021-10-02,Merced,047,269075,39662,39196,1564,40760,552
2021-10-02,Modoc,049,8938,480,468,169,637,5
2021-10-02,Mono,051,14174,1589,1540,20,1560,3
2021-10-02,Monterey,053,433212,47870,46964,2638,49602,571
2021-10-02,Napa,055,140530,12545,12433,94,12527,96
2021-10-02,Nevada,057,99092,8607,8474,299,8773,87
2021-10-02,Orange,059,3164182,300332,297307,14205,311512,5435
2021-10-02,Placer,061,380077,34993,34377,3316,37693,381
2021-10-02,Plumas,063,18699,1405,1298,25,1323,6
2021-10-02,Riverside,065,2383286,352668,347227,15866,363093,4895
2021-10-02,Sacramento,067,1510023,151458,149897,3993,153890,2099
2021-10-02,San Benito,069,59416,7094,7055,148,7203,69
2021-10-02,San Bernardino,071,2135413,344226,341212,10657,351869,5540
2021-10-02,San Diego,073,3302833,359917,356454,21170,377624,4078
2021-10-02,San Francisco,075,870044,51249,50393,2157,52550,634
2021-10-02,San Joaquin,077,732212,95895,94599,5069,99668,1646
2021-10-02,San Luis Obispo,079,281455,28424,27915,1141,29056,323
2021-10-02,San Mateo,081,765935,52705,51767,791,52558,573
2021-10-02,Santa Barbara,083,443738,42842,42423,1471,43894,508
2021-10-02,Santa Clara,085,1922200,142740,141231,1143,142374,1862
2021-10-02,Santa Cruz,087,273765,19731,19461,968,20429,214
2021-10-02,Shasta,089,179085,19438,18912,3211,22123,270
2021-10-02,Sierra,091,2930,141,131,14,145,0
2021-10-02,Siskiyou,093,43540,3182,3053,1144,4197,42
2021-10-02,Solano,095,438530,44766,43800,1165,44965,321
2021-10-02,Sonoma,097,501317,39877,39497,489,39986,382
2021-10-02,Stanislaus,099,539301,74299,73859,8298,82157,1099
2021-10-02,Sutter,101,95872,13287,13160,276,13436,160
2021-10-02,Tehama,103,63373,7691,7453,1279,8732,93
2021-10-02,Trinity,105,12862,790,625,196,821,10
2021-10-02,Tulare,107,460477,64034,62247,13239,75486,908
2021-10-02,Tuolumne,109,53932,6502,6369,78,6447,89
2021-10-02,Ventura,111,848112,95839,94854,4145,98999,1148
2021-10-02,Yolo,113,214977,18951,18640,872,19512,242
2021-10-02,Yuba,115,75493,9542,9370,221,9591,66
2021-10-01,Alameda,001,1643700,115923,115185,2594,117779,1343
2021-10-01,Alpine,002,1148,99,102,0,102,0
2021-10-01,Amador,005,37829,5217,5105,51,5156,61
2021-10-01,Butte,007,227075,19365,18911,3587,22498,243
2021-10-01,Calaveras,009,45235,3675,3585,43,3628,72
2021-10-01,Colusa,011,21464,2433,2403,556,2959,18
2021-10-01,Contra Costa,013,1133247,96384,95369,1991,97360,933
2021-10-01,Del Norte,015,27424,3558,3468,37,3505,39
2021-10-01,El Dorado,017,186661,15192,14887,1579,16466,136
2021-10-01,Fresno,019,978130,130941,128450,11726,140176,1964
2021-10-01,Glenn,021,27897,3303,3234,944,4178,26
2021-10-01,Humboldt,023,135768,8434,8244,433,8677,94
2021-10-01,Imperial,025,180216,32022,31674,2969,34643,757
2021-10-01,Inyo,027,18085,1808,1746,34,1780,39
2021-10-01,Kern,029,883053,120178,117962,19111,137073,1524
2021-10-01,Kings,031,150075,30033,29339,1714,31053,301
2021-10-01,Lake,033,64148,6319,6191,122,6313,97
2021-10-01,Lassen,035,31185,6482,6360,299,6659,25
2021-10-01,Los Angeles,037,10098052,1409797,1395070,51345,1446415,26126
2021-10-01,Madera,039,155013,21397,20931,1762,22693,266
2021-10-01,Marin,041,260295,17107,16936,406,17342,242
2021-10-01,Mariposa,043,17540,1045,967,33,1000,5
2021-10-01,Mendocino,045,87422,7036,6869,397,7266,78
2021-10-01,Merced,047,269075,39618,39196,1556,40752,552
2021-10-01,Modoc,049,8938,479,468,169,637,5
2021-10-01,Mono,051,14174,1586,1540,20,1560,3
2021-10-01,Monterey,053,433212,47849,46964,2635,49599,571
2021-10-01,Napa,055,140530,12535,12433,93,12526,96
2021-10-01,Nevada,057,99092,8593,8474,298,8772,87
2021-10-01,Orange,059,3164182,300147,297307,14184,311491,5435
2021-10-01,Placer,061,380077,34959,34377,3312,37689,381
2021-10-01,Plumas,063,18699,1396,1298,25,1323,6
2021-10-01,Riverside,065,2383286,352378,347227,15859,363086,4895
2021-10-01,Sacramento,067,1510023,151305,149897,3983,153880,2099
2021-10-01,San Benito,069,59416,7092,7055,146,7201,69
2021-10-01,San Bernardino,071,2135413,344026,341212,10654,351866,5540
2021-10-01,San Diego,073,3302833,359557,356454,21149,377603,4078
2021-10-01,San Francisco,075,870044,51208,50393,2156,52549,634
2021-10-01,San Joaquin,077,732212,95824,94599,5065,99664,1646
2021-10-01,San Luis Obispo,079,281455,28400,27915,1138,29053,323
2021-10-01,San Mateo,081,765935,52665,51767,788,52555,573
2021-10-01,Santa Barbara,083,443738,42806,42423,1471,43894,508
2021-10-01,Santa Clara,085,1922200,142647,141231,1138,142369,1862
2021-10-01,Santa Cruz,087,273765,19711,19461,967,20428,214
2021-10-01,Shasta,089,179085,19384,18912,3204,22116,270
2021-10-01,Sierra,091,2930,141,131,14,145,0
2021-10-01,Siskiyou,093,43540,3181,3053,1141,4194,42
2021-10-01,Solano,095,438530,44713,43800,1159,44959,321
2021-10-01,Sonoma,097,501317,39845,39497,488,39985,382
2021-10-01,Stanislaus,099,539301,74215,73859,8287,82146,1099
2021-10-01,Sutter,101,95872,13271,13160,274,13434,160
2021-10-01,Tehama,103,63373,7679,7453,1277,8730,93
2021-10-01,Trinity,105,12862,788,625,196,821,10
2021-10-01,Tulare,107,460477,63930,62247,13204,75451,908
2021-10-01,Tuolumne,109,53932,6485,6369,78,6447,89
2021-10-01,Ventura,111,848112,95773,94854,4140,98994,1148
2021-10-01,Yolo,113,214977,18928,18640,870,19510,242
2021-10-01,Yuba,115,75493,9520,9370,221,9591,66
2021-09-30,Alameda,001,1643700,115778,115185,2590,117775,1343
2021-09-30,Alpine,002,1148,99,102,0,102,0
2021-09-30,Amador,005,37829,5205,5105,51,5156,61
2021-09-30,Butte,007,227075,19316,18911,3578,22489,243
2021-09-30,Calaveras,009,45235,3661,3585,43,3628,72
2021-09-30,Colusa,011,21464,2430,2403,555,2958,18
2021-09-30,Contra Costa,013,1133247,96279,95369,1986,97355,933
2021-09-30,Del Norte,015,27424,3554,3468,34,3502,39
2021-09-30,El Dorado,017,186661,15166,14887,1571,16458,136
2021-09-30,Fresno,019,978130,130665,128450,11692,140142,1964
2021-09-30,Glenn,021,27897,3293,3234,941,4175,26
2021-09-30,Humboldt,023,135768,8402,8244,427,8671,94
2021-09-30,Imperial,025,180216,31970,31674,2967,34641,757
2021-09-30,Inyo,027,18085,1798,1746,34,1780,39
2021-09-30,Kern,029,883053,119934,117962,19030,136992,1524
2021-09-30,Kings,031,150075,29943,29339,1710,31049,301
2021-09-30,Lake,033,64148,6301,6191,122,6313,97
2021-09-30,Lassen,035,31185,6468,6360,299,6659,25
2021-09-30,Los Angeles,037,10098052,1408588,1395070,51286,1446356,26126
2021-09-30,Madera,039,155013,21314,20931,1747,22678,266
2021-09-30,Marin,041,260295,17087,16936,405,17341,242
2021-09-30,Mariposa,043,17540,1023,967,33,1000,5
2021-09-30,Mendocino,045,87422,7027,6869,388,7257,78
2021-09-30,Merced,047,269075,39522,39196,1551,40747,552
2021-09-30,Modoc,049,8938,479,468,168,636,5
2021-09-30,Mono,051,14174,1578,1540,20,1560,3
2021-09-30,Monterey,053,433212,47819,46964,2624,49588,571
2021-09-30,Napa,055,140530,12515,12433,93,12526,96
2021-09-30,Nevada,057,99092,8576,8474,297,8771,87
2021-09-30,Orange,059,3164182,299875,297307,14146,311453,5435
2021-09-30,Placer,061,380077,34904,34377,3292,37669,381
2021-09-30,Plumas,063,18699,1378,1298,25,1323,6
2021-09-30,Riverside,065,2383286,351945,347227,15838,363065,4895
2021-09-30,Sacramento,067,1510023,151044,149897,3957,153854,2099
2021-09-30,San Benito,069,59416,7086,7055,146,7201,69
2021-09-30,San Bernardino,071,2135413,343713,341212,10640,351852,5540
2021-09-30,San Diego,073,3302833,359076,356454,21123,377577,4078
2021-09-30,San Francisco,075,870044,51131,50393,2152,52545,634
2021-09-30,San Joaquin,077,732212,95692,94599,5057,99656,1646
2021-09-30,San Luis Obispo,079,281455,28352,27915,1134,29049,323
2021-09-30,San Mateo,081,765935,52616,51767,785,52552,573
2021-09-30,Santa Barbara,083,443738,42749,42423,1470,43893,508
2021-09-30,Santa Clara,085,1922200,142498,141231,1135,142366,1862
2021-09-30,Santa Cruz,087,273765,19671,19461,966,20427,214
2021-09-30,Shasta,089,179085,19322,18912,3189,22101,270
2021-09-30,Sierra,091,2930,140,131,14,145,0
2021-09-30,Siskiyou,093,43540,3173,3053,1136,4189,42
2021-09-30,Solano,095,438530,44659,43800,1156,44956,321
2021-09-30,Sonoma,097,501317,39795,39497,488,39985,382
2021-09-30,Stanislaus,099,539301,74055,73859,8268,82127,1099
2021-09-30,Sutter,101,95872,13250,13160,274,13434,160
2021-09-30,Tehama,103,63373,7641,7453,1265,8718,93
2021-09-30,Trinity,105,12862,784,625,196,821,10
2021-09-30,Tulare,107,460477,63755,62247,13147,75394,908
2021-09-30,Tuolumne,109,53932,6462,6369,78,6447,89
2021-09-30,Ventura,111,848112,95668,94854,4133,98987,1148
2021-09-30,Yolo,113,214977,18888,18640,867,19507,242
2021-09-30,Yuba,115,75493,9497,9370,220,9590,66
2021-09-29,Alameda,001,1643700,115632,114998,2587,117585,1339
2021-09-29,Alpine,002,1148,99,101,0,101,0
2021-09-29,Amador,005,37829,5183,5058,51,5109,61
2021-09-29,Butte,007,227075,19262,18835,3571,22406,242
2021-09-29,Calaveras,009,45235,3644,3553,42,3595,72
2021-09-29,Colusa,011,21464,2428,2401,555,2956,18
2021-09-29,Contra Costa,013,1133247,96164,95213,1978,97191,929
2021-09-29,Del Norte,015,27424,3548,3467,34,3501,39
2021-09-29,El Dorado,017,186661,15132,14834,1564,16398,136
2021-09-29,Fresno,019,978130,130365,128068,11671,139739,1957
2021-09-29,Glenn,021,27897,3288,3213,939,4152,26
2021-09-29,Humboldt,023,135768,8379,8203,426,8629,94
2021-09-29,Imperial,025,180216,31905,31600,2962,34562,757
2021-09-29,Inyo,027,18085,1788,1740,33,1773,39
2021-09-29,Kern,029,883053,119699,117605,18954,136559,1513
2021-09-29,Kings,031,150075,29861,29195,1695,30890,299
2021-09-29,Lake,033,64148,6281,6164,122,6286,97
2021-09-29,Lassen,035,31185,6454,6347,299,6646,25
2021-09-29,Los Angeles,037,10098052,1407366,1393617,51217,1444834,26098
2021-09-29,Madera,039,155013,21269,20818,1731,22549,266
2021-09-29,Marin,041,260295,17069,16921,403,17324,242
2021-09-29,Mariposa,043,17540,1008,963,33,996,5
2021-09-29,Mendocino,045,87422,7015,6821,380,7201,78
2021-09-29,Merced,047,269075,39429,39026,1540,40566,552
2021-09-29,Modoc,049,8938,477,468,168,636,5
2021-09-29,Mono,051,14174,1576,1527,20,1547,3
2021-09-29,Monterey,053,433212,47781,46917,2610,49527,571
2021-09-29,Napa,055,140530,12495,12416,90,12506,96
2021-09-29,Nevada,057,99092,8563,8434,297,8731,87
2021-09-29,Orange,059,3164182,299605,296936,14108,311044,5429
2021-09-29,Placer,061,380077,34840,34271,3270,37541,379
2021-09-29,Plumas,063,18699,1359,1289,25,1314,6
2021-09-29,Riverside,065,2383286,351507,346558,15825,362383,4886
2021-09-29,Sacramento,067,1510023,150793,149686,3947,153633,2099
2021-09-29,San Benito,069,59416,7075,7039,146,7185,69
2021-09-29,San Bernardino,071,2135413,343393,340672,10625,351297,5539
2021-09-29,San Diego,073,3302833,358589,355899,21093,376992,4066
2021-09-29,San Francisco,075,870044,51046,50286,2148,52434,629
2021-09-29,San Joaquin,077,732212,95534,94356,5035,99391,1645
2021-09-29,San Luis Obispo,079,281455,28306,27800,1128,28928,323
2021-09-29,San Mateo,081,765935,52556,51673,783,52456,573
2021-09-29,Santa Barbara,083,443738,42677,42328,1467,43795,507
2021-09-29,Santa Clara,085,1922200,142362,141036,1130,142166,1861
2021-09-29,Santa Cruz,087,273765,19653,19425,965,20390,214
2021-09-29,Shasta,089,179085,19256,18805,3178,21983,271
2021-09-29,Sierra,091,2930,136,130,14,144,0
2021-09-29,Siskiyou,093,43540,3160,3043,1129,4172,42
2021-09-29,Solano,095,438530,44603,43724,1149,44873,321
2021-09-29,Sonoma,097,501317,39734,39426,486,39912,370
2021-09-29,Stanislaus,099,539301,73924,73634,8257,81891,1096
2021-09-29,Sutter,101,95872,13223,13135,271,13406,155
2021-09-29,Tehama,103,63373,7611,7409,1250,8659,88
2021-09-29,Trinity,105,12862,780,616,196,812,10
2021-09-29,Tulare,107,460477,63578,62046,13088,75134,908
2021-09-29,Tuolumne,109,53932,6445,6336,78,6414,89
2021-09-29,Ventura,111,848112,95578,94753,4129,98882,1144
2021-09-29,Yolo,113,214977,18854,18587,863,19450,239
2021-09-29,Yuba,115,75493,9466,9351,216,9567,66
2021-09-28,Alameda,001,1643700,115474,114869,2581,117450,1333
2021-09-28,Alpine,002,1148,99,101,0,101,0
2021-09-28,Amador,005,37829,5161,5049,51,5100,61
2021-09-28,Butte,007,227075,19213,18764,3555,22319,241
2021-09-28,Calaveras,009,45235,3624,3530,42,3572,72
2021-09-28,Colusa,011,21464,2425,2399,553,2952,18
2021-09-28,Contra Costa,013,1133247,96023,95115,1973,97088,929
2021-09-28,Del Norte,015,27424,3545,3462,34,3496,39
2021-09-28,El Dorado,017,186661,15086,14793,1560,16353,133
2021-09-28,Fresno,019,978130,130019,127877,11637,139514,1948
2021-09-28,Glenn,021,27897,3283,3205,938,4143,26
2021-09-28,Humboldt,023,135768,8339,8159,423,8582,91
2021-09-28,Imperial,025,180216,31860,31543,2958,34501,757
2021-09-28,Inyo,027,18085,1774,1708,32,1740,39
2021-09-28,Kern,029,883053,119430,117420,18859,136279,1506
2021-09-28,Kings,031,150075,29759,29141,1687,30828,295
2021-09-28,Lake,033,64148,6266,6155,122,6277,95
2021-09-28,Lassen,035,31185,6448,6340,295,6635,25
2021-09-28,Los Angeles,037,10098052,1406077,1392445,51151,1443596,26068
2021-09-28,Madera,039,155013,21215,20764,1716,22480,266
2021-09-28,Marin,041,260295,17050,16887,401,17288,242
2021-09-28,Mariposa,043,17540,1003,952,33,985,5
2021-09-28,Mendocino,045,87422,6993,6804,378,7182,78
2021-09-28,Merced,047,269075,39343,38953,1527,40480,551
2021-09-28,Modoc,049,8938,476,467,168,635,5
2021-09-28,Mono,051,14174,1566,1527,20,1547,3
2021-09-28,Monterey,053,433212,47744,46859,2601,49460,571
2021-09-28,Napa,055,140530,12478,12388,89,12477,96
2021-09-28,Nevada,057,99092,8540,8409,296,8705,84
2021-09-28,Orange,059,3164182,299350,296596,14078,310674,5421
2021-09-28,Placer,061,380077,34775,34187,3252,37439,370
2021-09-28,Plumas,063,18699,1350,1276,25,1301,6
2021-09-28,Riverside,065,2383286,351048,346096,15804,361900,4874
2021-09-28,Sacramento,067,1510023,150502,149310,3925,153235,2086
2021-09-28,San Benito,069,59416,7058,7028,145,7173,69
2021-09-28,San Bernardino,071,2135413,343046,340342,10607,350949,5540
2021-09-28,San Diego,073,3302833,358041,355373,21061,376434,4054
2021-09-28,San Francisco,075,870044,50944,50234,2147,52381,627
2021-09-28,San Joaquin,077,732212,95382,94194,5022,99216,1639
2021-09-28,San Luis Obispo,079,281455,28272,27755,1123,28878,321
2021-09-28,San Mateo,081,765935,52511,51620,783,52403,571
2021-09-28,Santa Barbara,083,443738,42604,42226,1466,43692,506
2021-09-28,Santa Clara,085,1922200,142201,140886,1121,142007,1858
2021-09-28,Santa Cruz,087,273765,19612,19324,964,20288,214
2021-09-28,Shasta,089,179085,19195,18701,3164,21865,267
2021-09-28,Sierra,091,2930,135,130,13,143,0
2021-09-28,Siskiyou,093,43540,3148,3032,1126,4158,42
2021-09-28,Solano,095,438530,44530,43652,1146,44798,316
2021-09-28,Sonoma,097,501317,39687,39395,485,39880,370
2021-09-28,Stanislaus,099,539301,73753,73528,8245,81773,1094
2021-09-28,Sutter,101,95872,13204,13102,267,13369,155
2021-09-28,Tehama,103,63373,7593,7382,1235,8617,88
2021-09-28,Trinity,105,12862,777,613,196,809,10
2021-09-28,Tulare,107,460477,63416,61916,13030,74946,905
2021-09-28,Tuolumne,109,53932,6418,6308,78,6386,89
2021-09-28,Ventura,111,848112,95451,94632,4126,98758,1143
2021-09-28,Yolo,113,214977,18828,18564,859,19423,239
2021-09-28,Yuba,115,75493,9447,9323,215,9538,66
2021-09-27,Alameda,001,1643700,115280,114731,2572,117303,1327
2021-09-27,Alpine,002,1148,99,101,0,101,0
2021-09-27,Amador,005,37829,5147,5017,51,5068,59
2021-09-27,Butte,007,227075,19153,18687,3537,22224,239
2021-09-27,Calaveras,009,45235,3604,3514,41,3555,70
2021-09-27,Colusa,011,21464,2424,2393,552,2945,18
2021-09-27,Contra Costa,013,1133247,95891,94979,1964,96943,924
2021-09-27,Del Norte,015,27424,3543,3468,32,3500,37
2021-09-27,El Dorado,017,186661,15047,14764,1553,16317,132
2021-09-27,Fresno,019,978130,129698,127475,11604,139079,1942
2021-09-27,Glenn,021,27897,3270,3189,934,4123,26
2021-09-27,Humboldt,023,135768,8299,8118,423,8541,91
2021-09-27,Imperial,025,180216,31797,31491,2951,34442,756
2021-09-27,Inyo,027,18085,1762,1698,32,1730,39
2021-09-27,Kern,029,883053,119155,117064,18764,135828,1503
2021-09-27,Kings,031,150075,29660,28998,1675,30673,297
2021-09-27,Lake,033,64148,6246,6126,121,6247,95
2021-09-27,Lassen,035,31185,6433,6327,291,6618,25
2021-09-27,Los Angeles,037,10098052,1404740,1391538,51083,1442621,26040
2021-09-27,Madera,039,155013,21150,20691,1708,22399,262
2021-09-27,Marin,041,260295,17029,16861,400,17261,242
2021-09-27,Mariposa,043,17540,993,931,33,964,5
2021-09-27,Mendocino,045,87422,6967,6761,371,7132,74
2021-09-27,Merced,047,269075,39243,38840,1521,40361,548
2021-09-27,Modoc,049,8938,475,465,166,631,5
2021-09-27,Mono,051,14174,1554,1525,20,1545,3
2021-09-27,Monterey,053,433212,47701,46811,2590,49401,571
2021-09-27,Napa,055,140530,12454,12354,88,12442,95
2021-09-27,Nevada,057,99092,8517,8379,293,8672,84
2021-09-27,Orange,059,3164182,299043,296334,14040,310374,5409
2021-09-27,Placer,061,380077,34688,34087,3247,37334,370
2021-09-27,Plumas,063,18699,1340,1269,25,1294,6
2021-09-27,Riverside,065,2383286,350605,345529,15794,361323,4864
2021-09-27,Sacramento,067,1510023,150186,149096,3902,152998,2076
2021-09-27,San Benito,069,59416,7041,7017,145,7162,67
2021-09-27,San Bernardino,071,2135413,342631,339952,10583,350535,5544
2021-09-27,San Diego,073,3302833,357389,354755,21036,375791,4054
2021-09-27,San Francisco,075,870044,50860,50157,2144,52301,622
2021-09-27,San Joaquin,077,732212,95197,94085,5019,99104,1633
2021-09-27,San Luis Obispo,079,281455,28217,27674,1120,28794,320
2021-09-27,San Mateo,081,765935,52435,51552,783,52335,571
2021-09-27,Santa Barbara,083,443738,42537,42012,1462,43474,505
2021-09-27,Santa Clara,085,1922200,142020,140802,1111,141913,1853
2021-09-27,Santa Cruz,087,273765,19588,19292,963,20255,214
2021-09-27,Shasta,089,179085,19114,18599,3137,21736,267
2021-09-27,Sierra,091,2930,135,128,13,141,0
2021-09-27,Siskiyou,093,43540,3136,3015,1121,4136,42
2021-09-27,Solano,095,438530,44454,43582,1141,44723,314
2021-09-27,Sonoma,097,501317,39633,39347,485,39832,370
2021-09-27,Stanislaus,099,539301,73599,73370,8225,81595,1091
2021-09-27,Sutter,101,95872,13173,13082,264,13346,155
2021-09-27,Tehama,103,63373,7553,7345,1226,8571,88
2021-09-27,Trinity,105,12862,766,605,195,800,9
2021-09-27,Tulare,107,460477,63216,61708,12959,74667,904
2021-09-27,Tuolumne,109,53932,6396,6264,78,6342,89
2021-09-27,Ventura,111,848112,95327,94477,4122,98599,1138
2021-09-27,Yolo,113,214977,18793,18524,859,19383,239
2021-09-27,Yuba,115,75493,9410,9292,211,9503,64
2021-09-26,Alameda,001,1643700,115086,114601,2565,117166,1326
2021-09-26,Alpine,002,1148,99,101,0,101,0
2021-09-26,Amador,005,37829,5115,5001,50,5051,59
2021-09-26,Butte,007,227075,19078,18634,3517,22151,238
2021-09-26,Calaveras,009,45235,3582,3505,41,3546,70
2021-09-26,Colusa,011,21464,2419,2392,550,2942,18
2021-09-26,Contra Costa,013,1133247,95716,94877,1951,96828,924
2021-09-26,Del Norte,015,27424,3538,3466,31,3497,37
2021-09-26,El Dorado,017,186661,15005,14738,1545,16283,132
2021-09-26,Fresno,019,978130,129339,127235,11558,138793,1939
2021-09-26,Glenn,021,27897,3262,3182,930,4112,26
2021-09-26,Humboldt,023,135768,8262,8098,422,8520,91
2021-09-26,Imperial,025,180216,31736,31462,2950,34412,756
2021-09-26,Inyo,027,18085,1747,1685,32,1717,39
2021-09-26,Kern,029,883053,118816,116927,18654,135581,1502
2021-09-26,Kings,031,150075,29559,28930,1664,30594,293
2021-09-26,Lake,033,64148,6229,6113,121,6234,95
2021-09-26,Lassen,035,31185,6423,6319,286,6605,25
2021-09-26,Los Angeles,037,10098052,1403250,1390577,51016,1441593,26035
2021-09-26,Madera,039,155013,21075,20629,1689,22318,262
2021-09-26,Marin,041,260295,17005,16860,400,17260,242
2021-09-26,Mariposa,043,17540,987,929,33,962,5
2021-09-26,Mendocino,045,87422,6933,6744,356,7100,74
2021-09-26,Merced,047,269075,39082,38717,1513,40230,548
2021-09-26,Modoc,049,8938,475,465,165,630,5
2021-09-26,Mono,051,14174,1550,1516,20,1536,3
2021-09-26,Monterey,053,433212,47654,46792,2577,49369,571
2021-09-26,Napa,055,140530,12430,12340,87,12427,95
2021-09-26,Nevada,057,99092,8486,8356,288,8644,84
2021-09-26,Orange,059,3164182,298700,296085,14005,310090,5409
2021-09-26,Placer,061,380077,34594,34043,3238,37281,370
2021-09-26,Plumas,063,18699,1322,1268,25,1293,6
2021-09-26,Riverside,065,2383286,350071,345257,15780,361037,4864
2021-09-26,Sacramento,067,1510023,149780,148745,3883,152628,2071
2021-09-26,San Benito,069,59416,7024,7012,144,7156,67
2021-09-26,San Bernardino,071,2135413,342172,339771,10569,350340,5545
2021-09-26,San Diego,073,3302833,356767,354414,20995,375409,4051
2021-09-26,San Francisco,075,870044,50734,50092,2135,52227,622
2021-09-26,San Joaquin,077,732212,94991,93935,5005,98940,1633
2021-09-26,San Luis Obispo,079,281455,28144,27624,1115,28739,319
2021-09-26,San Mateo,081,765935,52366,51496,781,52277,571
2021-09-26,Santa Barbara,083,443738,42451,41946,1459,43405,505
2021-09-26,Santa Clara,085,1922200,141819,140667,1108,141775,1852
2021-09-26,Santa Cruz,087,273765,19563,19279,963,20242,214
2021-09-26,Shasta,089,179085,19005,18566,3114,21680,266
2021-09-26,Sierra,091,2930,135,128,13,141,0
2021-09-26,Siskiyou,093,43540,3122,2998,1111,4109,42
2021-09-26,Solano,095,438530,44387,43537,1140,44677,314
2021-09-26,Sonoma,097,501317,39574,39302,485,39787,370
2021-09-26,Stanislaus,099,539301,73399,73243,8197,81440,1091
2021-09-26,Sutter,101,95872,13136,13045,263,13308,155
2021-09-26,Tehama,103,63373,7496,7323,1215,8538,88
2021-09-26,Trinity,105,12862,763,591,195,786,9
2021-09-26,Tulare,107,460477,62996,61560,12882,74442,904
2021-09-26,Tuolumne,109,53932,6368,6236,76,6312,89
2021-09-26,Ventura,111,848112,95212,94391,4115,98506,1138
2021-09-26,Yolo,113,214977,18756,18496,852,19348,239
2021-09-26,Yuba,115,75493,9383,9275,211,9486,64
2021-09-25,Alameda,001,1643700,115007,114014,2562,116576,1324
2021-09-25,Alpine,002,1148,99,101,0,101,0
2021-09-25,Amador,005,37829,5101,4934,50,4984,59
2021-09-25,Butte,007,227075,19049,18396,3509,21905,236
2021-09-25,Calaveras,009,45235,3579,3461,41,3502,70
2021-09-25,Colusa,011,21464,2416,2387,548,2935,16
2021-09-25,Contra Costa,013,1133247,95645,94337,1947,96284,924
2021-09-25,Del Norte,015,27424,3537,3404,31,3435,35
2021-09-25,El Dorado,017,186661,14982,14641,1541,16182,130
2021-09-25,Fresno,019,978130,129195,126299,11542,137841,1927
2021-09-25,Glenn,021,27897,3257,3144,929,4073,25
2021-09-25,Humboldt,023,135768,8243,8014,420,8434,88
2021-09-25,Imperial,025,180216,31709,31280,2950,34230,755
2021-09-25,Inyo,027,18085,1739,1657,32,1689,39
2021-09-25,Kern,029,883053,118661,116021,18587,134608,1485
2021-09-25,Kings,031,150075,29508,28636,1661,30297,293
2021-09-25,Lake,033,64148,6223,6046,120,6166,92
2021-09-25,Lassen,035,31185,6411,6248,285,6533,25
2021-09-25,Los Angeles,037,10098052,1402541,1386417,50974,1437391,25964
2021-09-25,Madera,039,155013,21050,20432,1683,22115,262
2021-09-25,Marin,041,260295,16996,16802,398,17200,242
2021-09-25,Mariposa,043,17540,982,906,33,939,5
2021-09-25,Mendocino,045,87422,6914,6657,355,7012,74
2021-09-25,Merced,047,269075,39036,38393,1511,39904,546
2021-09-25,Modoc,049,8938,475,460,165,625,5
2021-09-25,Mono,051,14174,1547,1501,20,1521,3
2021-09-25,Monterey,053,433212,47624,46653,2575,49228,567
2021-09-25,Napa,055,140530,12410,12266,87,12353,95
2021-09-25,Nevada,057,99092,8469,8285,288,8573,84
2021-09-25,Orange,059,3164182,298527,294514,13986,308500,5374
2021-09-25,Placer,061,380077,34529,33764,3236,37000,367
2021-09-25,Plumas,063,18699,1318,1238,25,1263,6
2021-09-25,Riverside,065,2383286,349748,343463,15772,359235,4843
2021-09-25,Sacramento,067,1510023,149605,147728,3875,151603,2049
2021-09-25,San Benito,069,59416,7019,6965,144,7109,67
2021-09-25,San Bernardino,071,2135413,341934,338413,10556,348969,5540
2021-09-25,San Diego,073,3302833,356422,352017,20969,372986,4039
2021-09-25,San Francisco,075,870044,50690,49840,2134,51974,615
2021-09-25,San Joaquin,077,732212,94905,93273,5003,98276,1628
2021-09-25,San Luis Obispo,079,281455,28106,27447,1111,28558,318
2021-09-25,San Mateo,081,765935,52302,51266,779,52045,568
2021-09-25,Santa Barbara,083,443738,42393,41728,1459,43187,505
2021-09-25,Santa Clara,085,1922200,141712,140023,1106,141129,1844
2021-09-25,Santa Cruz,087,273765,19547,19200,961,20161,214
2021-09-25,Shasta,089,179085,18954,18256,3105,21361,262
2021-09-25,Sierra,091,2930,134,127,13,140,0
2021-09-25,Siskiyou,093,43540,3115,2956,1101,4057,41
2021-09-25,Solano,095,438530,44346,43331,1137,44468,312
2021-09-25,Sonoma,097,501317,39534,39112,485,39597,369
2021-09-25,Stanislaus,099,539301,73289,72628,8183,80811,1091
2021-09-25,Sutter,101,95872,13118,12976,260,13236,154
2021-09-25,Tehama,103,63373,7480,7200,1213,8413,86
2021-09-25,Trinity,105,12862,763,576,195,771,9
2021-09-25,Tulare,107,460477,62913,60909,12839,73748,898
2021-09-25,Tuolumne,109,53932,6356,6168,76,6244,89
2021-09-25,Ventura,111,848112,95145,94059,4111,98170,1129
2021-09-25,Yolo,113,214977,18734,18393,851,19244,239
2021-09-25,Yuba,115,75493,9363,9191,211,9402,61
2021-09-24,Alameda,001,1643700,114902,114014,2558,116572,1324
2021-09-24,Alpine,002,1148,99,101,0,101,0
2021-09-24,Amador,005,37829,5071,4934,50,4984,59
2021-09-24,Butte,007,227075,18997,18396,3498,21894,236
2021-09-24,Calaveras,009,45235,3572,3461,40,3501,70
2021-09-24,Colusa,011,21464,2413,2387,547,2934,16
2021-09-24,Contra Costa,013,1133247,95534,94337,1943,96280,924
2021-09-24,Del Norte,015,27424,3534,3404,31,3435,35
2021-09-24,El Dorado,017,186661,14964,14641,1539,16180,130
2021-09-24,Fresno,019,978130,128997,126299,11530,137829,1927
2021-09-24,Glenn,021,27897,3249,3144,929,4073,25
2021-09-24,Humboldt,023,135768,8224,8014,417,8431,88
2021-09-24,Imperial,025,180216,31671,31280,2948,34228,755
2021-09-24,Inyo,027,18085,1730,1657,32,1689,39
2021-09-24,Kern,029,883053,118525,116021,18521,134542,1485
2021-09-24,Kings,031,150075,29467,28636,1657,30293,293
2021-09-24,Lake,033,64148,6215,6046,120,6166,92
2021-09-24,Lassen,035,31185,6403,6248,284,6532,25
2021-09-24,Los Angeles,037,10098052,1401654,1386417,50933,1437350,25964
2021-09-24,Madera,039,155013,21019,20432,1674,22106,262
2021-09-24,Marin,041,260295,16982,16802,397,17199,242
2021-09-24,Mariposa,043,17540,970,906,33,939,5
2021-09-24,Mendocino,045,87422,6901,6657,355,7012,74
2021-09-24,Merced,047,269075,38992,38393,1511,39904,546
2021-09-24,Modoc,049,8938,475,460,164,624,5
2021-09-24,Mono,051,14174,1542,1501,20,1521,3
2021-09-24,Monterey,053,433212,47603,46653,2567,49220,567
2021-09-24,Napa,055,140530,12390,12266,87,12353,95
2021-09-24,Nevada,057,99092,8455,8285,285,8570,84
2021-09-24,Orange,059,3164182,298320,294514,13965,308479,5374
2021-09-24,Placer,061,380077,34474,33764,3224,36988,367
2021-09-24,Plumas,063,18699,1314,1238,25,1263,6
2021-09-24,Riverside,065,2383286,349414,343463,15765,359228,4843
2021-09-24,Sacramento,067,1510023,149419,147728,3871,151599,2049
2021-09-24,San Benito,069,59416,7013,6965,144,7109,67
2021-09-24,San Bernardino,071,2135413,341665,338413,10546,348959,5540
2021-09-24,San Diego,073,3302833,356071,352017,20954,372971,4039
2021-09-24,San Francisco,075,870044,50626,49840,2127,51967,615
2021-09-24,San Joaquin,077,732212,94792,93273,5001,98274,1628
2021-09-24,San Luis Obispo,079,281455,28074,27447,1107,28554,318
2021-09-24,San Mateo,081,765935,52242,51266,778,52044,568
2021-09-24,Santa Barbara,083,443738,42353,41728,1458,43186,505
2021-09-24,Santa Clara,085,1922200,141599,140023,1105,141128,1844
2021-09-24,Santa Cruz,087,273765,19524,19200,960,20160,214
2021-09-24,Shasta,089,179085,18900,18256,3091,21347,262
2021-09-24,Sierra,091,2930,133,127,13,140,0
2021-09-24,Siskiyou,093,43540,3106,2956,1095,4051,41
2021-09-24,Solano,095,438530,44308,43331,1135,44466,312
2021-09-24,Sonoma,097,501317,39501,39112,485,39597,369
2021-09-24,Stanislaus,099,539301,73174,72628,8168,80796,1091
2021-09-24,Sutter,101,95872,13099,12976,259,13235,154
2021-09-24,Tehama,103,63373,7467,7200,1208,8408,86
2021-09-24,Trinity,105,12862,760,576,195,771,9
2021-09-24,Tulare,107,460477,62824,60909,12797,73706,898
2021-09-24,Tuolumne,109,53932,6327,6168,76,6244,89
2021-09-24,Ventura,111,848112,95067,94059,4104,98163,1129
2021-09-24,Yolo,113,214977,18703,18393,847,19240,239
2021-09-24,Yuba,115,75493,9344,9191,211,9402,61
2021-09-23,Alameda,001,1643700,114745,114014,2552,116566,1324
2021-09-23,Alpine,002,1148,99,101,0,101,0
2021-09-23,Amador,005,37829,5058,4934,50,4984,59
2021-09-23,Butte,007,227075,18935,18396,3467,21863,236
2021-09-23,Calaveras,009,45235,3551,3461,40,3501,70
2021-09-23,Colusa,011,21464,2411,2387,544,2931,16
2021-09-23,Contra Costa,013,1133247,95393,94337,1936,96273,924
2021-09-23,Del Norte,015,27424,3525,3404,30,3434,35
2021-09-23,El Dorado,017,186661,14938,14641,1533,16174,130
2021-09-23,Fresno,019,978130,128700,126299,11511,137810,1927
2021-09-23,Glenn,021,27897,3235,3144,926,4070,25
2021-09-23,Humboldt,023,135768,8201,8014,415,8429,88
2021-09-23,Imperial,025,180216,31635,31280,2948,34228,755
2021-09-23,Inyo,027,18085,1716,1657,32,1689,39
2021-09-23,Kern,029,883053,118267,116021,18441,134462,1485
2021-09-23,Kings,031,150075,29363,28636,1648,30284,293
2021-09-23,Lake,033,64148,6205,6046,120,6166,92
2021-09-23,Lassen,035,31185,6394,6248,279,6527,25
2021-09-23,Los Angeles,037,10098052,1400457,1386417,50869,1437286,25964
2021-09-23,Madera,039,155013,20935,20432,1670,22102,262
2021-09-23,Marin,041,260295,16967,16802,394,17196,242
2021-09-23,Mariposa,043,17540,957,906,33,939,5
2021-09-23,Mendocino,045,87422,6878,6657,350,7007,74
2021-09-23,Merced,047,269075,38887,38393,1504,39897,546
2021-09-23,Modoc,049,8938,474,460,164,624,5
2021-09-23,Mono,051,14174,1539,1501,20,1521,3
2021-09-23,Monterey,053,433212,47554,46653,2556,49209,567
2021-09-23,Napa,055,140530,12373,12266,87,12353,95
2021-09-23,Nevada,057,99092,8428,8285,285,8570,84
2021-09-23,Orange,059,3164182,298023,294514,13937,308451,5374
2021-09-23,Placer,061,380077,34397,33764,3218,36982,367
2021-09-23,Plumas,063,18699,1297,1238,24,1262,6
2021-09-23,Riverside,065,2383286,348961,343463,15758,359221,4843
2021-09-23,Sacramento,067,1510023,149096,147728,3852,151580,2049
2021-09-23,San Benito,069,59416,7002,6965,144,7109,67
2021-09-23,San Bernardino,071,2135413,341299,338413,10529,348942,5540
2021-09-23,San Diego,073,3302833,355615,352017,20915,372932,4039
2021-09-23,San Francisco,075,870044,50553,49840,2125,51965,615
2021-09-23,San Joaquin,077,732212,94618,93273,4986,98259,1628
2021-09-23,San Luis Obispo,079,281455,28031,27447,1105,28552,318
2021-09-23,San Mateo,081,765935,52167,51266,777,52043,568
2021-09-23,Santa Barbara,083,443738,42275,41728,1455,43183,505
2021-09-23,Santa Clara,085,1922200,141447,140023,1098,141121,1844
2021-09-23,Santa Cruz,087,273765,19493,19200,960,20160,214
2021-09-23,Shasta,089,179085,18819,18256,3074,21330,262
2021-09-23,Sierra,091,2930,133,127,13,140,0
2021-09-23,Siskiyou,093,43540,3102,2956,1084,4040,41
2021-09-23,Solano,095,438530,44240,43331,1132,44463,312
2021-09-23,Sonoma,097,501317,39442,39112,482,39594,369
2021-09-23,Stanislaus,099,539301,73018,72628,8136,80764,1091
2021-09-23,Sutter,101,95872,13070,12976,259,13235,154
2021-09-23,Tehama,103,63373,7426,7200,1203,8403,86
2021-09-23,Trinity,105,12862,746,576,194,770,9
2021-09-23,Tulare,107,460477,62647,60909,12743,73652,898
2021-09-23,Tuolumne,109,53932,6302,6168,75,6243,89
2021-09-23,Ventura,111,848112,94963,94059,4097,98156,1129
2021-09-23,Yolo,113,214977,18672,18393,843,19236,239
2021-09-23,Yuba,115,75493,9315,9191,210,9401,61
2021-09-22,Alameda,001,1643700,114589,113862,2548,116410,1322
2021-09-22,Alpine,002,1148,99,100,0,100,0
2021-09-22,Amador,005,37829,5042,4915,50,4965,59
2021-09-22,Butte,007,227075,18875,18337,3449,21786,235
2021-09-22,Calaveras,009,45235,3535,3448,40,3488,70
2021-09-22,Colusa,011,21464,2406,2384,543,2927,16
2021-09-22,Contra Costa,013,1133247,95206,94209,1927,96136,924
2021-09-22,Del Norte,015,27424,3514,3386,29,3415,35
2021-09-22,El Dorado,017,186661,14902,14605,1527,16132,127
2021-09-22,Fresno,019,978130,128444,126006,11496,137502,1908
2021-09-22,Glenn,021,27897,3228,3138,925,4063,25
2021-09-22,Humboldt,023,135768,8179,7998,407,8405,80
2021-09-22,Imperial,025,180216,31583,31243,2941,34184,755
2021-09-22,Inyo,027,18085,1706,1651,32,1683,39
2021-09-22,Kern,029,883053,118025,115757,18319,134076,1477
2021-09-22,Kings,031,150075,29278,28589,1642,30231,292
2021-09-22,Lake,033,64148,6193,6035,120,6155,93
2021-09-22,Lassen,035,31185,6374,6209,275,6484,25
2021-09-22,Los Angeles,037,10098052,1399134,1384719,50814,1435533,25930
2021-09-22,Madera,039,155013,20878,20382,1660,22042,262
2021-09-22,Marin,041,260295,16956,16782,391,17173,242
2021-09-22,Mariposa,043,17540,951,901,33,934,5
2021-09-22,Mendocino,045,87422,6852,6624,344,6968,70
2021-09-22,Merced,047,269075,38756,38305,1502,39807,541
2021-09-22,Modoc,049,8938,471,458,164,622,5
2021-09-22,Mono,051,14174,1530,1496,19,1515,3
2021-09-22,Monterey,053,433212,47503,46615,2549,49164,566
2021-09-22,Napa,055,140530,12351,12248,86,12334,95
2021-09-22,Nevada,057,99092,8405,8273,282,8555,84
2021-09-22,Orange,059,3164182,297747,294214,13918,308132,5366
2021-09-22,Placer,061,380077,34309,33661,3205,36866,367
2021-09-22,Plumas,063,18699,1284,1230,24,1254,6
2021-09-22,Riverside,065,2383286,348426,342946,15733,358679,4830
2021-09-22,Sacramento,067,1510023,148791,147533,3823,151356,2043
2021-09-22,San Benito,069,59416,6991,6961,142,7103,67
2021-09-22,San Bernardino,071,2135413,340905,337938,10520,348458,5528
2021-09-22,San Diego,073,3302833,355164,351132,20891,372023,4027
2021-09-22,San Francisco,075,870044,50468,49734,2120,51854,610
2021-09-22,San Joaquin,077,732212,94386,93010,4962,97972,1626
2021-09-22,San Luis Obispo,079,281455,27981,27398,1101,28499,315
2021-09-22,San Mateo,081,765935,52094,51197,773,51970,568
2021-09-22,Santa Barbara,083,443738,42212,41678,1454,43132,504
2021-09-22,Santa Clara,085,1922200,141282,139803,1091,140894,1844
2021-09-22,Santa Cruz,087,273765,19455,19177,959,20136,214
2021-09-22,Shasta,089,179085,18729,18153,3063,21216,260
2021-09-22,Sierra,091,2930,133,127,13,140,0
2021-09-22,Siskiyou,093,43540,3085,2947,1074,4021,41
2021-09-22,Solano,095,438530,44174,43269,1132,44401,312
2021-09-22,Sonoma,097,501317,39389,39063,481,39544,369
2021-09-22,Stanislaus,099,539301,72853,72355,8117,80472,1091
2021-09-22,Sutter,101,95872,13050,12960,256,13216,153
2021-09-22,Tehama,103,63373,7399,7173,1200,8373,86
2021-09-22,Trinity,105,12862,745,572,194,766,9
2021-09-22,Tulare,107,460477,62436,60776,12674,73450,896
2021-09-22,Tuolumne,109,53932,6281,6155,74,6229,89
2021-09-22,Ventura,111,848112,94857,93978,4092,98070,1122
2021-09-22,Yolo,113,214977,18633,18342,836,19178,239
2021-09-22,Yuba,115,75493,9286,9169,205,9374,61
2021-09-21,Alameda,001,1643700,114436,113765,2548,116313,1321
2021-09-21,Alpine,002,1148,99,100,0,100,0
2021-09-21,Amador,005,37829,5020,4897,50,4947,59
2021-09-21,Butte,007,227075,18779,18229,3405,21634,232
2021-09-21,Calaveras,009,45235,3518,3437,40,3477,70
2021-09-21,Colusa,011,21464,2403,2378,542,2920,16
2021-09-21,Contra Costa,013,1133247,95012,94101,1913,96014,924
2021-09-21,Del Norte,015,27424,3502,3378,29,3407,34
2021-09-21,El Dorado,017,186661,14872,14578,1520,16098,127
2021-09-21,Fresno,019,978130,128092,125789,11469,137258,1892
2021-09-21,Glenn,021,27897,3221,3134,921,4055,25
2021-09-21,Humboldt,023,135768,8147,7955,402,8357,80
2021-09-21,Imperial,025,180216,31526,31185,2939,34124,755
2021-09-21,Inyo,027,18085,1696,1646,32,1678,39
2021-09-21,Kern,029,883053,117732,115534,18206,133740,1467
2021-09-21,Kings,031,150075,29190,28545,1634,30179,291
2021-09-21,Lake,033,64148,6170,6013,120,6133,90
2021-09-21,Lassen,035,31185,6356,6159,271,6430,25
2021-09-21,Los Angeles,037,10098052,1397678,1383277,50760,1434037,25893
2021-09-21,Madera,039,155013,20818,20317,1650,21967,262
2021-09-21,Marin,041,260295,16941,16748,390,17138,242
2021-09-21,Mariposa,043,17540,946,894,32,926,5
2021-09-21,Mendocino,045,87422,6814,6580,333,6913,68
2021-09-21,Merced,047,269075,38630,38225,1498,39723,539
2021-09-21,Modoc,049,8938,468,458,164,622,5
2021-09-21,Mono,051,14174,1528,1495,18,1513,3
2021-09-21,Monterey,053,433212,47435,46583,2537,49120,565
2021-09-21,Napa,055,140530,12330,12238,86,12324,95
2021-09-21,Nevada,057,99092,8378,8259,274,8533,84
2021-09-21,Orange,059,3164182,297415,293898,13888,307786,5357
2021-09-21,Placer,061,380077,34208,33609,3194,36803,365
2021-09-21,Plumas,063,18699,1277,1225,24,1249,5
2021-09-21,Riverside,065,2383286,347866,342460,15709,358169,4817
2021-09-21,Sacramento,067,1510023,148410,147378,3795,151173,2027
2021-09-21,San Benito,069,59416,6980,6950,141,7091,67
2021-09-21,San Bernardino,071,2135413,340465,337387,10503,347890,5520
2021-09-21,San Diego,073,3302833,354558,350265,20865,371130,4021
2021-09-21,San Francisco,075,870044,50370,49653,2116,51769,609
2021-09-21,San Joaquin,077,732212,94152,92762,4951,97713,1621
2021-09-21,San Luis Obispo,079,281455,27921,27318,1098,28416,314
2021-09-21,San Mateo,081,765935,52024,51136,773,51909,568
2021-09-21,Santa Barbara,083,443738,42143,41644,1450,43094,503
2021-09-21,Santa Clara,085,1922200,141065,139657,1087,140744,1843
2021-09-21,Santa Cruz,087,273765,19425,19140,958,20098,212
2021-09-21,Shasta,089,179085,18601,18027,3039,21066,258
2021-09-21,Sierra,091,2930,133,127,13,140,0
2021-09-21,Siskiyou,093,43540,3071,2927,1060,3987,36
2021-09-21,Solano,095,438530,44098,43220,1132,44352,311
2021-09-21,Sonoma,097,501317,39337,39042,481,39523,369
2021-09-21,Stanislaus,099,539301,72669,72211,8097,80308,1091
2021-09-21,Sutter,101,95872,13027,12930,253,13183,153
2021-09-21,Tehama,103,63373,7353,7151,1196,8347,85
2021-09-21,Trinity,105,12862,734,572,192,764,9
2021-09-21,Tulare,107,460477,62221,60607,12613,73220,896
2021-09-21,Tuolumne,109,53932,6248,6139,74,6213,89
2021-09-21,Ventura,111,848112,94752,93818,4084,97902,1120
2021-09-21,Yolo,113,214977,18597,18313,833,19146,239
2021-09-21,Yuba,115,75493,9258,9135,205,9340,61
2021-09-20,Alameda,001,1643700,114255,113637,2544,116181,1320
2021-09-20,Alpine,002,1148,99,100,0,100,0
2021-09-20,Amador,005,37829,5002,4883,49,4932,59
2021-09-20,Butte,007,227075,18698,18135,3389,21524,231
2021-09-20,Calaveras,009,45235,3496,3395,39,3434,66
2021-09-20,Colusa,011,21464,2401,2376,539,2915,16
2021-09-20,Contra Costa,013,1133247,94863,93919,1907,95826,924
2021-09-20,Del Norte,015,27424,3494,3374,28,3402,34
2021-09-20,El Dorado,017,186661,14839,14545,1508,16053,127
2021-09-20,Fresno,019,978130,127678,125287,11443,136730,1889
2021-09-20,Glenn,021,27897,3210,3112,918,4030,25
2021-09-20,Humboldt,023,135768,8112,7938,397,8335,80
2021-09-20,Imperial,025,180216,31443,31146,2938,34084,755
2021-09-20,Inyo,027,18085,1688,1641,31,1672,39
2021-09-20,Kern,029,883053,117393,115271,18075,133346,1459
2021-09-20,Kings,031,150075,29103,28471,1628,30099,285
2021-09-20,Lake,033,64148,6155,5984,119,6103,87
2021-09-20,Lassen,035,31185,6326,6132,271,6403,25
2021-09-20,Los Angeles,037,10098052,1396155,1382206,50680,1432886,25858
2021-09-20,Madera,039,155013,20765,20203,1643,21846,257
2021-09-20,Marin,041,260295,16916,16732,388,17120,242
2021-09-20,Mariposa,043,17540,935,887,32,919,5
2021-09-20,Mendocino,045,87422,6780,6568,328,6896,67
2021-09-20,Merced,047,269075,38519,38144,1487,39631,536
2021-09-20,Modoc,049,8938,467,457,162,619,5
2021-09-20,Mono,051,14174,1522,1480,18,1498,3
2021-09-20,Monterey,053,433212,47393,46506,2519,49025,565
2021-09-20,Napa,055,140530,12305,12209,85,12294,95
2021-09-20,Nevada,057,99092,8358,8228,272,8500,84
2021-09-20,Orange,059,3164182,297071,293642,13861,307503,5354
2021-09-20,Placer,061,380077,34117,33531,3179,36710,364
2021-09-20,Plumas,063,18699,1272,1211,24,1235,5
2021-09-20,Riverside,065,2383286,347364,341961,15696,357657,4802
2021-09-20,Sacramento,067,1510023,148037,147016,3761,150777,2016
2021-09-20,San Benito,069,59416,6971,6947,140,7087,67
2021-09-20,San Bernardino,071,2135413,340062,337059,10487,347546,5507
2021-09-20,San Diego,073,3302833,353885,349579,20828,370407,4009
2021-09-20,San Francisco,075,870044,50264,49559,2115,51674,605
2021-09-20,San Joaquin,077,732212,93909,92614,4938,97552,1615
2021-09-20,San Luis Obispo,079,281455,27845,27259,1090,28349,313
2021-09-20,San Mateo,081,765935,51937,51100,770,51870,567
2021-09-20,Santa Barbara,083,443738,42044,41589,1446,43035,500
2021-09-20,Santa Clara,085,1922200,140865,139578,1085,140663,1841
2021-09-20,Santa Cruz,087,273765,19393,19121,958,20079,211
2021-09-20,Shasta,089,179085,18503,17893,3009,20902,258
2021-09-20,Sierra,091,2930,131,126,13,139,0
2021-09-20,Siskiyou,093,43540,3049,2902,1047,3949,35
2021-09-20,Solano,095,438530,44030,43152,1124,44276,312
2021-09-20,Sonoma,097,501317,39291,38991,481,39472,369
2021-09-20,Stanislaus,099,539301,72470,72031,8078,80109,1091
2021-09-20,Sutter,101,95872,12991,12896,248,13144,153
2021-09-20,Tehama,103,63373,7321,7121,1184,8305,84
2021-09-20,Trinity,105,12862,728,568,191,759,7
2021-09-20,Tulare,107,460477,62019,60302,12560,72862,896
2021-09-20,Tuolumne,109,53932,6222,6113,74,6187,89
2021-09-20,Ventura,111,848112,94639,93700,4078,97778,1120
2021-09-20,Yolo,113,214977,18551,18287,831,19118,239
2021-09-20,Yuba,115,75493,9223,9107,203,9310,61
2021-09-19,Alameda,001,1643700,114042,113446,2539,115985,1320
2021-09-19,Alpine,002,1148,99,100,0,100,0
2021-09-19,Amador,005,37829,4962,4875,48,4923,59
2021-09-19,Butte,007,227075,18606,18063,3361,21424,230
2021-09-19,Calaveras,009,45235,3472,3390,36,3426,66
2021-09-19,Colusa,011,21464,2399,2375,537,2912,16
2021-09-19,Contra Costa,013,1133247,94677,93788,1897,95685,924
2021-09-19,Del Norte,015,27424,3468,3344,27,3371,34
2021-09-19,El Dorado,017,186661,14786,14512,1502,16014,127
2021-09-19,Fresno,019,978130,127273,124985,11398,136383,1888
2021-09-19,Glenn,021,27897,3201,3102,915,4017,25
2021-09-19,Humboldt,023,135768,8066,7914,395,8309,80
2021-09-19,Imperial,025,180216,31374,31122,2935,34057,755
2021-09-19,Inyo,027,18085,1679,1639,31,1670,39
2021-09-19,Kern,029,883053,117081,115074,17969,133043,1459
2021-09-19,Kings,031,150075,28976,28416,1619,30035,284
2021-09-19,Lake,033,64148,6124,5962,119,6081,87
2021-09-19,Lassen,035,31185,6306,6129,265,6394,25
2021-09-19,Los Angeles,037,10098052,1394174,1381200,50586,1431786,25852
2021-09-19,Madera,039,155013,20686,20161,1633,21794,257
2021-09-19,Marin,041,260295,16887,16711,386,17097,242
2021-09-19,Mariposa,043,17540,927,881,32,913,5
2021-09-19,Mendocino,045,87422,6735,6538,322,6860,67
2021-09-19,Merced,047,269075,38362,38068,1478,39546,535
2021-09-19,Modoc,049,8938,464,457,160,617,5
2021-09-19,Mono,051,14174,1517,1480,18,1498,3
2021-09-19,Monterey,053,433212,47338,46486,2516,49002,565
2021-09-19,Napa,055,140530,12284,12190,83,12273,95
2021-09-19,Nevada,057,99092,8330,8203,270,8473,84
2021-09-19,Orange,059,3164182,296703,293258,13839,307097,5354
2021-09-19,Placer,061,380077,34004,33406,3161,36567,364
2021-09-19,Plumas,063,18699,1264,1211,24,1235,5
2021-09-19,Riverside,065,2383286,346770,341566,15687,357253,4804
2021-09-19,Sacramento,067,1510023,147675,146603,3715,150318,2012
2021-09-19,San Benito,069,59416,6952,6942,140,7082,67
2021-09-19,San Bernardino,071,2135413,339566,336688,10475,347163,5506
2021-09-19,San Diego,073,3302833,353181,349225,20791,370016,4006
2021-09-19,San Francisco,075,870044,50156,49458,2106,51564,605
2021-09-19,San Joaquin,077,732212,93613,92467,4927,97394,1615
2021-09-19,San Luis Obispo,079,281455,27744,27208,1081,28289,313
2021-09-19,San Mateo,081,765935,51839,51028,769,51797,567
2021-09-19,Santa Barbara,083,443738,41938,41512,1446,42958,500
2021-09-19,Santa Clara,085,1922200,140677,139410,1080,140490,1841
2021-09-19,Santa Cruz,087,273765,19354,19096,958,20054,211
2021-09-19,Shasta,089,179085,18389,17813,2974,20787,258
2021-09-19,Sierra,091,2930,130,126,13,139,0
2021-09-19,Siskiyou,093,43540,3023,2882,1038,3920,35
2021-09-19,Solano,095,438530,43941,43056,1119,44175,312
2021-09-19,Sonoma,097,501317,39220,38956,477,39433,369
2021-09-19,Stanislaus,099,539301,72225,71830,8053,79883,1091
2021-09-19,Sutter,101,95872,12964,12868,241,13109,153
2021-09-19,Tehama,103,63373,7267,7081,1175,8256,84
2021-09-19,Trinity,105,12862,717,562,189,751,7
2021-09-19,Tulare,107,460477,61758,60160,12467,72627,896
2021-09-19,Tuolumne,109,53932,6181,6097,74,6171,89
2021-09-19,Ventura,111,848112,94477,93491,4069,97560,1120
2021-09-19,Yolo,113,214977,18502,18238,826,19064,239
2021-09-19,Yuba,115,75493,9197,9087,202,9289,61
2021-09-18,Alameda,001,1643700,113942,113300,2538,115838,1320
2021-09-18,Alpine,002,1148,99,100,0,100,0
2021-09-18,Amador,005,37829,4952,4850,48,4898,59
2021-09-18,Butte,007,227075,18567,17961,3345,21306,230
2021-09-18,Calaveras,009,45235,3467,3361,35,3396,66
2021-09-18,Colusa,011,21464,2399,2373,536,2909,16
2021-09-18,Contra Costa,013,1133247,94587,93656,1893,95549,924
2021-09-18,Del Norte,015,27424,3460,3326,25,3351,34
2021-09-18,El Dorado,017,186661,14763,14472,1499,15971,127
2021-09-18,Fresno,019,978130,127131,124771,11380,136151,1889
2021-09-18,Glenn,021,27897,3192,3086,912,3998,25
2021-09-18,Humboldt,023,135768,8052,7881,394,8275,80
2021-09-18,Imperial,025,180216,31350,31096,2934,34030,755
2021-09-18,Inyo,027,18085,1673,1636,31,1667,39
2021-09-18,Kern,029,883053,116926,114781,17905,132686,1459
2021-09-18,Kings,031,150075,28928,28330,1614,29944,285
2021-09-18,Lake,033,64148,6107,5936,119,6055,87
2021-09-18,Lassen,035,31185,6296,6121,263,6384,25
2021-09-18,Los Angeles,037,10098052,1393411,1379880,50536,1430416,25849
2021-09-18,Madera,039,155013,20642,20126,1623,21749,257
2021-09-18,Marin,041,260295,16870,16685,385,17070,242
2021-09-18,Mariposa,043,17540,924,871,32,903,5
2021-09-18,Mendocino,045,87422,6714,6523,322,6845,67
2021-09-18,Merced,047,269075,38326,37977,1472,39449,535
2021-09-18,Modoc,049,8938,464,457,159,616,5
2021-09-18,Mono,051,14174,1514,1480,18,1498,3
2021-09-18,Monterey,053,433212,47300,46466,2513,48979,565
2021-09-18,Napa,055,140530,12272,12168,83,12251,95
2021-09-18,Nevada,057,99092,8313,8183,270,8453,84
2021-09-18,Orange,059,3164182,296509,293005,13825,306830,5354
2021-09-18,Placer,061,380077,33930,33309,3158,36467,364
2021-09-18,Plumas,063,18699,1263,1204,24,1228,5
2021-09-18,Riverside,065,2383286,346385,341136,15673,356809,4802
2021-09-18,Sacramento,067,1510023,147492,146162,3706,149868,2016
2021-09-18,San Benito,069,59416,6948,6937,140,7077,67
2021-09-18,San Bernardino,071,2135413,339292,336380,10462,346842,5501
2021-09-18,San Diego,073,3302833,352790,348848,20778,369626,4006
2021-09-18,San Francisco,075,870044,50092,49359,2101,51460,605
2021-09-18,San Joaquin,077,732212,93503,92242,4915,97157,1615
2021-09-18,San Luis Obispo,079,281455,27707,27181,1078,28259,313
2021-09-18,San Mateo,081,765935,51789,50961,767,51728,567
2021-09-18,Santa Barbara,083,443738,41873,41465,1446,42911,500
2021-09-18,Santa Clara,085,1922200,140557,139233,1077,140310,1841
2021-09-18,Santa Cruz,087,273765,19334,19079,958,20037,211
2021-09-18,Shasta,089,179085,18326,17777,2958,20735,258
2021-09-18,Sierra,091,2930,129,125,13,138,0
2021-09-18,Siskiyou,093,43540,3020,2875,1032,3907,35
2021-09-18,Solano,095,438530,43901,42966,1116,44082,312
2021-09-18,Sonoma,097,501317,39185,38891,475,39366,369
2021-09-18,Stanislaus,099,539301,72080,71587,8031,79618,1091
2021-09-18,Sutter,101,95872,12950,12829,241,13070,153
2021-09-18,Tehama,103,63373,7253,7055,1168,8223,84
2021-09-18,Trinity,105,12862,715,561,189,750,7
2021-09-18,Tulare,107,460477,61682,60003,12417,72420,896
2021-09-18,Tuolumne,109,53932,6166,6069,74,6143,89
2021-09-18,Ventura,111,848112,94409,93424,4064,97488,1120
2021-09-18,Yolo,113,214977,18474,18213,822,19035,239
2021-09-18,Yuba,115,75493,9183,9061,201,9262,61
2021-09-17,Alameda,001,1643700,113816,113070,2536,115606,1320
2021-09-17,Alpine,002,1148,99,99,0,99,0
2021-09-17,Amador,005,37829,4936,4835,47,4882,58
2021-09-17,Butte,007,227075,18515,17870,3333,21203,230
2021-09-17,Calaveras,009,45235,3455,3338,34,3372,66
2021-09-17,Colusa,011,21464,2398,2369,531,2900,16
2021-09-17,Contra Costa,013,1133247,94484,93485,1890,95375,924
2021-09-17,Del Norte,015,27424,3455,3311,23,3334,34
2021-09-17,El Dorado,017,186661,14744,14421,1497,15918,127
2021-09-17,Fresno,019,978130,126913,124296,11364,135660,1882
2021-09-17,Glenn,021,27897,3175,3072,908,3980,25
2021-09-17,Humboldt,023,135768,8031,7850,394,8244,80
2021-09-17,Imperial,025,180216,31324,31031,2933,33964,755
2021-09-17,Inyo,027,18085,1665,1634,31,1665,39
2021-09-17,Kern,029,883053,116735,114303,17808,132111,1456
2021-09-17,Kings,031,150075,28863,28240,1612,29852,281
2021-09-17,Lake,033,64148,6094,5915,119,6034,87
2021-09-17,Lassen,035,31185,6281,6080,261,6341,25
2021-09-17,Los Angeles,037,10098052,1392431,1377905,50470,1428375,25820
2021-09-17,Madera,039,155013,20592,20040,1611,21651,257
2021-09-17,Marin,041,260295,16857,16658,383,17041,242
2021-09-17,Mariposa,043,17540,922,869,32,901,5
2021-09-17,Mendocino,045,87422,6695,6498,322,6820,67
2021-09-17,Merced,047,269075,38280,37803,1470,39273,533
2021-09-17,Modoc,049,8938,464,456,159,615,5
2021-09-17,Mono,051,14174,1510,1457,18,1475,3
2021-09-17,Monterey,053,433212,47277,46421,2512,48933,564
2021-09-17,Napa,055,140530,12251,12153,83,12236,95
2021-09-17,Nevada,057,99092,8298,8157,270,8427,84
2021-09-17,Orange,059,3164182,296289,292685,13807,306492,5346
2021-09-17,Placer,061,380077,33870,33188,3148,36336,362
2021-09-17,Plumas,063,18699,1254,1192,23,1215,5
2021-09-17,Riverside,065,2383286,345985,340445,15662,356107,4792
2021-09-17,Sacramento,067,1510023,147292,145985,3695,149680,1999
2021-09-17,San Benito,069,59416,6945,6929,140,7069,67
2021-09-17,San Bernardino,071,2135413,338932,335810,10455,346265,5488
2021-09-17,San Diego,073,3302833,352367,348098,20761,368859,4002
2021-09-17,San Francisco,075,870044,50041,49249,2096,51345,605
2021-09-17,San Joaquin,077,732212,93365,91977,4904,96881,1610
2021-09-17,San Luis Obispo,079,281455,27673,27102,1067,28169,311
2021-09-17,San Mateo,081,765935,51736,50854,766,51620,564
2021-09-17,Santa Barbara,083,443738,41810,41354,1445,42799,498
2021-09-17,Santa Clara,085,1922200,140408,138939,1076,140015,1838
2021-09-17,Santa Cruz,087,273765,19310,19039,958,19997,211
2021-09-17,Shasta,089,179085,18256,17617,2945,20562,254
2021-09-17,Sierra,091,2930,129,124,13,137,0
2021-09-17,Siskiyou,093,43540,3005,2852,1032,3884,35
2021-09-17,Solano,095,438530,43838,42898,1112,44010,312
2021-09-17,Sonoma,097,501317,39148,38808,474,39282,369
2021-09-17,Stanislaus,099,539301,71973,71408,8013,79421,1091
2021-09-17,Sutter,101,95872,12934,12799,238,13037,153
2021-09-17,Tehama,103,63373,7230,7020,1156,8176,84
2021-09-17,Trinity,105,12862,710,556,188,744,7
2021-09-17,Tulare,107,460477,61567,59689,12382,72071,895
2021-09-17,Tuolumne,109,53932,6147,6047,74,6121,89
2021-09-17,Ventura,111,848112,94297,93273,4062,97335,1116
2021-09-17,Yolo,113,214977,18443,18177,818,18995,239
2021-09-17,Yuba,115,75493,9156,9019,200,9219,61
2021-09-16,Alameda,001,1643700,113639,112770,2533,115303,1318
2021-09-16,Alpine,002,1148,99,99,0,99,0
2021-09-16,Amador,005,37829,4916,4819,47,4866,58
2021-09-16,Butte,007,227075,18440,17750,3317,21067,230
2021-09-16,Calaveras,009,45235,3424,3313,34,3347,66
2021-09-16,Colusa,011,21464,2396,2363,529,2892,16
2021-09-16,Contra Costa,013,1133247,94312,93213,1882,95095,917
2021-09-16,Del Norte,015,27424,3437,3285,23,3308,34
2021-09-16,El Dorado,017,186661,14703,14372,1489,15861,127
2021-09-16,Fresno,019,978130,126556,123853,11323,135176,1868
2021-09-16,Glenn,021,27897,3165,3068,906,3974,24
2021-09-16,Humboldt,023,135768,7998,7809,386,8195,80
2021-09-16,Imperial,025,180216,31281,30966,2925,33891,753
2021-09-16,Inyo,027,18085,1663,1623,31,1654,39
2021-09-16,Kern,029,883053,116463,113828,17741,131569,1448
2021-09-16,Kings,031,150075,28777,28114,1604,29718,280
2021-09-16,Lake,033,64148,6070,5890,116,6006,87
2021-09-16,Lassen,035,31185,6246,6028,256,6284,25
2021-09-16,Los Angeles,037,10098052,1391039,1376277,50405,1426682,25796
2021-09-16,Madera,039,155013,20514,19974,1606,21580,257
2021-09-16,Marin,041,260295,16830,16625,382,17007,242
2021-09-16,Mariposa,043,17540,916,849,32,881,6
2021-09-16,Mendocino,045,87422,6657,6445,311,6756,67
2021-09-16,Merced,047,269075,38173,37675,1468,39143,532
2021-09-16,Modoc,049,8938,462,455,159,614,5
2021-09-16,Mono,051,14174,1504,1449,18,1467,3
2021-09-16,Monterey,053,433212,47223,46342,2506,48848,562
2021-09-16,Napa,055,140530,12226,12115,79,12194,95
2021-09-16,Nevada,057,99092,8271,8121,269,8390,84
2021-09-16,Orange,059,3164182,295943,292183,13787,305970,5340
2021-09-16,Placer,061,380077,33774,33037,3128,36165,354
2021-09-16,Plumas,063,18699,1245,1178,23,1201,5
2021-09-16,Riverside,065,2383286,345455,339770,15648,355418,4786
2021-09-16,Sacramento,067,1510023,146936,145754,3663,149417,1996
2021-09-16,San Benito,069,59416,6933,6913,139,7052,67
2021-09-16,San Bernardino,071,2135413,338509,335129,10448,345577,5474
2021-09-16,San Diego,073,3302833,351753,347472,20722,368194,3994
2021-09-16,San Francisco,075,870044,49955,49133,2088,51221,605
2021-09-16,San Joaquin,077,732212,93127,91650,4861,96511,1608
2021-09-16,San Luis Obispo,079,281455,27600,27044,1063,28107,310
2021-09-16,San Mateo,081,765935,51658,50773,764,51537,564
2021-09-16,Santa Barbara,083,443738,41744,41272,1442,42714,497
2021-09-16,Santa Clara,085,1922200,140254,138685,1072,139757,1835
2021-09-16,Santa Cruz,087,273765,19283,19011,958,19969,211
2021-09-16,Shasta,089,179085,18132,17438,2912,20350,251
2021-09-16,Sierra,091,2930,129,123,13,136,0
2021-09-16,Siskiyou,093,43540,2985,2819,1025,3844,35
2021-09-16,Solano,095,438530,43766,42792,1103,43895,312
2021-09-16,Sonoma,097,501317,39085,38707,473,39180,369
2021-09-16,Stanislaus,099,539301,71740,71105,7997,79102,1091
2021-09-16,Sutter,101,95872,12890,12729,233,12962,152
2021-09-16,Tehama,103,63373,7189,6953,1145,8098,83
2021-09-16,Trinity,105,12862,707,547,187,734,7
2021-09-16,Tulare,107,460477,61345,59459,12310,71769,894
2021-09-16,Tuolumne,109,53932,6125,5999,73,6072,89
2021-09-16,Ventura,111,848112,94157,93087,4058,97145,1110
2021-09-16,Yolo,113,214977,18411,18135,816,18951,239
2021-09-16,Yuba,115,75493,9122,8981,197,9178,61
2021-09-15,Alameda,001,1643700,113473,112498,2526,115024,1317
2021-09-15,Alpine,002,1148,99,99,0,99,0
2021-09-15,Amador,005,37829,4908,4792,47,4839,58
2021-09-15,Butte,007,227075,18341,17664,3297,20961,228
2021-09-15,Calaveras,009,45235,3395,3293,32,3325,66
2021-09-15,Colusa,011,21464,2394,2352,526,2878,16
2021-09-15,Contra Costa,013,1133247,94130,92989,1871,94860,913
2021-09-15,Del Norte,015,27424,3424,3271,21,3292,34
2021-09-15,El Dorado,017,186661,14676,14309,1480,15789,127
2021-09-15,Fresno,019,978130,126176,123370,11267,134637,1867
2021-09-15,Glenn,021,27897,3153,3051,901,3952,20
2021-09-15,Humboldt,023,135768,7962,7754,381,8135,52
2021-09-15,Imperial,025,180216,31226,30891,2920,33811,753
2021-09-15,Inyo,027,18085,1659,1614,31,1645,39
2021-09-15,Kern,029,883053,116117,113546,17642,131188,1434
2021-09-15,Kings,031,150075,28698,27991,1596,29587,279
2021-09-15,Lake,033,64148,6037,5852,115,5967,85
2021-09-15,Lassen,035,31185,6186,6018,251,6269,25
2021-09-15,Los Angeles,037,10098052,1389535,1374307,50336,1424643,25767
2021-09-15,Madera,039,155013,20439,19880,1599,21479,257
2021-09-15,Marin,041,260295,16795,16592,377,16969,242
2021-09-15,Mariposa,043,17540,904,843,32,875,5
2021-09-15,Mendocino,045,87422,6627,6399,306,6705,66
2021-09-15,Merced,047,269075,38065,37508,1466,38974,529
2021-09-15,Modoc,049,8938,462,454,159,613,5
2021-09-15,Mono,051,14174,1498,1445,18,1463,3
2021-09-15,Monterey,053,433212,47153,46317,2495,48812,562
2021-09-15,Napa,055,140530,12205,12082,79,12161,95
2021-09-15,Nevada,057,99092,8249,8081,266,8347,84
2021-09-15,Orange,059,3164182,295619,291834,13768,305602,5328
2021-09-15,Placer,061,380077,33663,32860,3107,35967,352
2021-09-15,Plumas,063,18699,1240,1164,22,1186,5
2021-09-15,Riverside,065,2383286,344872,339077,15624,354701,4769
2021-09-15,Sacramento,067,1510023,146510,145202,3631,148833,1981
2021-09-15,San Benito,069,59416,6930,6902,139,7041,67
2021-09-15,San Bernardino,071,2135413,338047,334556,10434,344990,5470
2021-09-15,San Diego,073,3302833,351133,346933,20694,367627,3983
2021-09-15,San Francisco,075,870044,49844,48999,2083,51082,605
2021-09-15,San Joaquin,077,732212,92851,91322,4821,96143,1607
2021-09-15,San Luis Obispo,079,281455,27517,26943,1057,28000,306
2021-09-15,San Mateo,081,765935,51576,50691,761,51452,564
2021-09-15,Santa Barbara,083,443738,41641,41077,1438,42515,497
2021-09-15,Santa Clara,085,1922200,140080,138410,1067,139477,1833
2021-09-15,Santa Cruz,087,273765,19245,18984,956,19940,210
2021-09-15,Shasta,089,179085,18021,17317,2891,20208,250
2021-09-15,Sierra,091,2930,129,123,13,136,0
2021-09-15,Siskiyou,093,43540,2965,2804,995,3799,35
2021-09-15,Solano,095,438530,43694,42682,1098,43780,312
2021-09-15,Sonoma,097,501317,39028,38629,473,39102,369
2021-09-15,Stanislaus,099,539301,71516,70852,7975,78827,1091
2021-09-15,Sutter,101,95872,12857,12699,228,12927,151
2021-09-15,Tehama,103,63373,7148,6894,1136,8030,79
2021-09-15,Trinity,105,12862,705,541,185,726,7
2021-09-15,Tulare,107,460477,61085,59149,12250,71399,890
2021-09-15,Tuolumne,109,53932,6099,5969,73,6042,89
2021-09-15,Ventura,111,848112,94014,92960,4051,97011,1109
2021-09-15,Yolo,113,214977,18377,18064,810,18874,239
2021-09-15,Yuba,115,75493,9088,8953,197,9150,61
2021-09-14,Alameda,001,1643700,113266,112329,2523,114852,1316
2021-09-14,Alpine,002,1148,99,98,0,98,0
2021-09-14,Amador,005,37829,4888,4790,47,4837,57
2021-09-14,Butte,007,227075,18209,17516,3273,20789,226
2021-09-14,Calaveras,009,45235,3375,3280,29,3309,66
2021-09-14,Colusa,011,21464,2390,2344,523,2867,16
2021-09-14,Contra Costa,013,1133247,93932,92822,1863,94685,908
2021-09-14,Del Norte,015,27424,3408,3252,21,3273,32
2021-09-14,El Dorado,017,186661,14623,14247,1472,15719,123
2021-09-14,Fresno,019,978130,125701,123151,11215,134366,1856
2021-09-14,Glenn,021,27897,3136,3045,897,3942,20
2021-09-14,Humboldt,023,135768,7928,7717,376,8093,52
2021-09-14,Imperial,025,180216,31177,30845,2917,33762,752
2021-09-14,Inyo,027,18085,1650,1605,30,1635,39
2021-09-14,Kern,029,883053,115734,113250,17519,130769,1428
2021-09-14,Kings,031,150075,28622,27955,1588,29543,278
2021-09-14,Lake,033,64148,6005,5845,115,5960,83
2021-09-14,Lassen,035,31185,6172,5977,246,6223,25
2021-09-14,Los Angeles,037,10098052,1387699,1372831,50256,1423087,25729
2021-09-14,Madera,039,155013,20357,19800,1588,21388,254
2021-09-14,Marin,041,260295,16767,16584,375,16959,242
2021-09-14,Mariposa,043,17540,893,834,31,865,5
2021-09-14,Mendocino,045,87422,6591,6372,295,6667,65
2021-09-14,Merced,047,269075,37914,37430,1462,38892,526
2021-09-14,Modoc,049,8938,461,453,159,612,5
2021-09-14,Mono,051,14174,1494,1440,18,1458,4
2021-09-14,Monterey,053,433212,47113,46224,2484,48708,558
2021-09-14,Napa,055,140530,12172,12070,78,12148,91
2021-09-14,Nevada,057,99092,8215,8056,266,8322,83
2021-09-14,Orange,059,3164182,295226,291423,13744,305167,5319
2021-09-14,Placer,061,380077,33532,32735,3087,35822,350
2021-09-14,Plumas,063,18699,1225,1148,22,1170,5
2021-09-14,Riverside,065,2383286,344231,338534,15593,354127,4748
2021-09-14,Sacramento,067,1510023,146125,145051,3582,148633,1977
2021-09-14,San Benito,069,59416,6920,6887,139,7026,64
2021-09-14,San Bernardino,071,2135413,337550,333968,10409,344377,5465
2021-09-14,San Diego,073,3302833,350473,346204,20643,366847,3966
2021-09-14,San Francisco,075,870044,49710,48998,2081,51079,603
2021-09-14,San Joaquin,077,732212,92612,91128,4812,95940,1596
2021-09-14,San Luis Obispo,079,281455,27444,26845,1052,27897,304
2021-09-14,San Mateo,081,765935,51479,50602,758,51360,564
2021-09-14,Santa Barbara,083,443738,41545,40783,1429,42212,495
2021-09-14,Santa Clara,085,1922200,139845,138321,1063,139384,1828
2021-09-14,Santa Cruz,087,273765,19205,18965,954,19919,210
2021-09-14,Shasta,089,179085,17890,17152,2870,20022,246
2021-09-14,Sierra,091,2930,129,123,13,136,0
2021-09-14,Siskiyou,093,43540,2941,2756,978,3734,35
2021-09-14,Solano,095,438530,43611,42599,1095,43694,307
2021-09-14,Sonoma,097,501317,38959,38595,469,39064,369
2021-09-14,Stanislaus,099,539301,71256,70697,7947,78644,1091
2021-09-14,Sutter,101,95872,12815,12670,221,12891,149
2021-09-14,Tehama,103,63373,7094,6859,1128,7987,80
2021-09-14,Trinity,105,12862,699,538,184,722,7
2021-09-14,Tulare,107,460477,60832,58961,12179,71140,888
2021-09-14,Tuolumne,109,53932,6078,5951,71,6022,89
2021-09-14,Ventura,111,848112,93829,92841,4034,96875,1107
2021-09-14,Yolo,113,214977,18333,18039,805,18844,239
2021-09-14,Yuba,115,75493,9052,8928,197,9125,61
2021-09-13,Alameda,001,1643700,113052,112159,2518,114677,1309
2021-09-13,Alpine,002,1148,98,98,0,98,0
2021-09-13,Amador,005,37829,4870,4761,47,4808,56
2021-09-13,Butte,007,227075,18085,17393,3244,20637,225
2021-09-13,Calaveras,009,45235,3349,3253,27,3280,65
2021-09-13,Colusa,011,21464,2381,2346,519,2865,16
2021-09-13,Contra Costa,013,1133247,93686,92658,1858,94516,908
2021-09-13,Del Norte,015,27424,3372,3232,21,3253,28
2021-09-13,El Dorado,017,186661,14562,14194,1464,15658,119
2021-09-13,Fresno,019,978130,125234,122650,11149,133799,1853
2021-09-13,Glenn,021,27897,3122,3026,891,3917,20
2021-09-13,Humboldt,023,135768,7895,7659,373,8032,52
2021-09-13,Imperial,025,180216,31124,30802,2914,33716,751
2021-09-13,Inyo,027,18085,1643,1602,30,1632,39
2021-09-13,Kern,029,883053,115350,112930,17397,130327,1424
2021-09-13,Kings,031,150075,28512,27858,1576,29434,275
2021-09-13,Lake,033,64148,5983,5809,115,5924,82
2021-09-13,Lassen,035,31185,6137,5953,245,6198,25
2021-09-13,Los Angeles,037,10098052,1385834,1371423,50190,1421613,25703
2021-09-13,Madera,039,155013,20287,19735,1573,21308,252
2021-09-13,Marin,041,260295,16731,16557,374,16931,242
2021-09-13,Mariposa,043,17540,879,825,31,856,5
2021-09-13,Mendocino,045,87422,6556,6323,286,6609,61
2021-09-13,Merced,047,269075,37764,37291,1457,38748,521
2021-09-13,Modoc,049,8938,460,451,159,610,5
2021-09-13,Mono,051,14174,1488,1435,18,1453,3
2021-09-13,Monterey,053,433212,47024,46188,2471,48659,558
2021-09-13,Napa,055,140530,12154,12039,78,12117,91
2021-09-13,Nevada,057,99092,8189,8021,264,8285,83
2021-09-13,Orange,059,3164182,294793,291128,13722,304850,5312
2021-09-13,Placer,061,380077,33367,32617,3070,35687,343
2021-09-13,Plumas,063,18699,1216,1142,22,1164,5
2021-09-13,Riverside,065,2383286,343585,337876,15575,353451,4731
2021-09-13,Sacramento,067,1510023,145637,144537,3548,148085,1956
2021-09-13,San Benito,069,59416,6904,6867,138,7005,64
2021-09-13,San Bernardino,071,2135413,337059,333613,10384,343997,5441
2021-09-13,San Diego,073,3302833,349686,345647,20591,366238,3961
2021-09-13,San Francisco,075,870044,49580,48914,2075,50989,603
2021-09-13,San Joaquin,077,732212,92327,90966,4794,95760,1581
2021-09-13,San Luis Obispo,079,281455,27347,26805,1049,27854,300
2021-09-13,San Mateo,081,765935,51387,50525,753,51278,564
2021-09-13,Santa Barbara,083,443738,41426,40661,1422,42083,494
2021-09-13,Santa Clara,085,1922200,139599,138152,1058,139210,1820
2021-09-13,Santa Cruz,087,273765,19165,18917,953,19870,210
2021-09-13,Shasta,089,179085,17760,17033,2830,19863,243
2021-09-13,Sierra,091,2930,129,123,13,136,0
2021-09-13,Siskiyou,093,43540,2926,2745,966,3711,35
2021-09-13,Solano,095,438530,43507,42501,1092,43593,306
2021-09-13,Sonoma,097,501317,38892,38513,466,38979,368
2021-09-13,Stanislaus,099,539301,71001,70477,7911,78388,1091
2021-09-13,Sutter,101,95872,12757,12624,217,12841,145
2021-09-13,Tehama,103,63373,7031,6803,1116,7919,79
2021-09-13,Trinity,105,12862,697,533,182,715,7
2021-09-13,Tulare,107,460477,60548,58768,12119,70887,887
2021-09-13,Tuolumne,109,53932,6048,5909,71,5980,89
2021-09-13,Ventura,111,848112,93667,92679,4027,96706,1107
2021-09-13,Yolo,113,214977,18289,17974,799,18773,239
2021-09-13,Yuba,115,75493,9007,8884,196,9080,61
2021-09-12,Alameda,001,1643700,112791,111961,2515,114476,1309
2021-09-12,Alpine,002,1148,98,98,0,98,0
2021-09-12,Amador,005,37829,4849,4752,47,4799,56
2021-09-12,Butte,007,227075,17940,17257,3197,20454,221
2021-09-12,Calaveras,009,45235,3318,3236,23,3259,65
2021-09-12,Colusa,011,21464,2378,2344,518,2862,16
2021-09-12,Contra Costa,013,1133247,93418,92498,1846,94344,908
2021-09-12,Del Norte,015,27424,3337,3200,21,3221,28
2021-09-12,El Dorado,017,186661,14489,14167,1448,15615,119
2021-09-12,Fresno,019,978130,124714,122407,11092,133499,1853
2021-09-12,Glenn,021,27897,3105,3016,885,3901,20
2021-09-12,Humboldt,023,135768,7825,7636,362,7998,52
2021-09-12,Imperial,025,180216,31061,30790,2909,33699,751
2021-09-12,Inyo,027,18085,1633,1596,30,1626,39
2021-09-12,Kern,029,883053,114938,112602,17238,129840,1424
2021-09-12,Kings,031,150075,28401,27764,1559,29323,274
2021-09-12,Lake,033,64148,5943,5781,113,5894,82
2021-09-12,Lassen,035,31185,6100,5943,236,6179,25
2021-09-12,Los Angeles,037,10098052,1383775,1365968,50117,1416085,25630
2021-09-12,Madera,039,155013,20200,19691,1561,21252,252
2021-09-12,Marin,041,260295,16708,16526,374,16900,242
2021-09-12,Mariposa,043,17540,868,811,29,840,5
2021-09-12,Mendocino,045,87422,6516,6283,277,6560,61
2021-09-12,Merced,047,269075,37592,37172,1446,38618,521
2021-09-12,Modoc,049,8938,460,451,158,609,5
2021-09-12,Mono,051,14174,1481,1431,18,1449,3
2021-09-12,Monterey,053,433212,46927,46167,2461,48628,558
2021-09-12,Napa,055,140530,12124,12011,78,12089,91
2021-09-12,Nevada,057,99092,8149,7987,263,8250,83
2021-09-12,Orange,059,3164182,294331,290718,13701,304419,5312
2021-09-12,Placer,061,380077,33217,32520,3048,35568,343
2021-09-12,Plumas,063,18699,1197,1138,22,1160,5
2021-09-12,Riverside,065,2383286,342901,337332,15541,352873,4731
2021-09-12,Sacramento,067,1510023,145128,144030,3509,147539,1959
2021-09-12,San Benito,069,59416,6885,6852,137,6989,64
2021-09-12,San Bernardino,071,2135413,336448,333049,10371,343420,5439
2021-09-12,San Diego,073,3302833,348876,345058,20515,365573,3942
2021-09-12,San Francisco,075,870044,49468,48819,2068,50887,603
2021-09-12,San Joaquin,077,732212,91998,90730,4786,95516,1581
2021-09-12,San Luis Obispo,079,281455,27228,26729,1036,27765,299
2021-09-12,San Mateo,081,765935,51276,50432,749,51181,564
2021-09-12,Santa Barbara,083,443738,41315,40600,1415,42015,494
2021-09-12,Santa Clara,085,1922200,139342,137899,1055,138954,1820
2021-09-12,Santa Cruz,087,273765,19132,18892,952,19844,210
2021-09-12,Shasta,089,179085,17595,16957,2772,19729,243
2021-09-12,Sierra,091,2930,129,123,13,136,0
2021-09-12,Siskiyou,093,43540,2898,2730,951,3681,35
2021-09-12,Solano,095,438530,43401,42409,1089,43498,306
2021-09-12,Sonoma,097,501317,38812,38456,464,38920,368
2021-09-12,Stanislaus,099,539301,70702,70184,7872,78056,1091
2021-09-12,Sutter,101,95872,12715,12589,211,12800,145
2021-09-12,Tehama,103,63373,6968,6732,1104,7836,79
2021-09-12,Trinity,105,12862,693,529,180,709,7
2021-09-12,Tulare,107,460477,60195,58582,12059,70641,887
2021-09-12,Tuolumne,109,53932,6015,5888,71,5959,89
2021-09-12,Ventura,111,848112,93540,92496,4021,96517,1107
2021-09-12,Yolo,113,214977,18223,17943,791,18734,239
2021-09-12,Yuba,115,75493,8972,8842,196,9038,61
2021-09-11,Alameda,001,1643700,112667,111715,2513,114228,1309
2021-09-11,Alpine,002,1148,98,98,0,98,0
2021-09-11,Amador,005,37829,4836,4728,46,4774,56
2021-09-11,Butte,007,227075,17857,17218,3170,20388,221
2021-09-11,Calaveras,009,45235,3310,3208,22,3230,65
2021-09-11,Colusa,011,21464,2377,2338,515,2853,16
2021-09-11,Contra Costa,013,1133247,93299,92269,1842,94111,908
2021-09-11,Del Norte,015,27424,3321,3184,21,3205,28
2021-09-11,El Dorado,017,186661,14470,14117,1441,15558,119
2021-09-11,Fresno,019,978130,124535,122224,11067,133291,1853
2021-09-11,Glenn,021,27897,3095,3007,882,3889,20
2021-09-11,Humboldt,023,135768,7803,7615,359,7974,52
2021-09-11,Imperial,025,180216,31036,30760,2906,33666,751
2021-09-11,Inyo,027,18085,1630,1590,30,1620,39
2021-09-11,Kern,029,883053,114688,112205,17124,129329,1424
2021-09-11,Kings,031,150075,28352,27631,1553,29184,275
2021-09-11,Lake,033,64148,5922,5761,113,5874,82
2021-09-11,Lassen,035,31185,6085,5930,232,6162,25
2021-09-11,Los Angeles,037,10098052,1382802,1365831,50052,1415883,25630
2021-09-11,Madera,039,155013,20148,19648,1556,21204,252
2021-09-11,Marin,041,260295,16679,16496,373,16869,242
2021-09-11,Mariposa,043,17540,863,799,29,828,5
2021-09-11,Mendocino,045,87422,6491,6257,277,6534,61
2021-09-11,Merced,047,269075,37538,37042,1443,38485,521
2021-09-11,Modoc,049,8938,460,449,158,607,5
2021-09-11,Mono,051,14174,1475,1431,18,1449,3
2021-09-11,Monterey,053,433212,46889,46140,2458,48598,558
2021-09-11,Napa,055,140530,12101,11991,78,12069,91
2021-09-11,Nevada,057,99092,8134,7967,263,8230,83
2021-09-11,Orange,059,3164182,294029,290429,13685,304114,5306
2021-09-11,Placer,061,380077,33133,32414,3037,35451,344
2021-09-11,Plumas,063,18699,1190,1112,22,1134,5
2021-09-11,Riverside,065,2383286,342463,336585,15528,352113,4731
2021-09-11,Sacramento,067,1510023,144828,143557,3497,147054,1955
2021-09-11,San Benito,069,59416,6872,6844,137,6981,64
2021-09-11,San Bernardino,071,2135413,336105,332512,10357,342869,5430
2021-09-11,San Diego,073,3302833,348392,344355,20491,364846,3942
2021-09-11,San Francisco,075,870044,49412,48660,2064,50724,603
2021-09-11,San Joaquin,077,732212,91855,90482,4779,95261,1581
2021-09-11,San Luis Obispo,079,281455,27182,26651,1035,27686,299
2021-09-11,San Mateo,081,765935,51204,50341,748,51089,564
2021-09-11,Santa Barbara,083,443738,41242,40451,1415,41866,494
2021-09-11,Santa Clara,085,1922200,139189,137659,1052,138711,1820
2021-09-11,Santa Cruz,087,273765,19103,18865,952,19817,210
2021-09-11,Shasta,089,179085,17501,16877,2752,19629,243
2021-09-11,Sierra,091,2930,129,123,13,136,0
2021-09-11,Siskiyou,093,43540,2881,2717,948,3665,35
2021-09-11,Solano,095,438530,43350,42344,1086,43430,306
2021-09-11,Sonoma,097,501317,38765,38399,462,38861,368
2021-09-11,Stanislaus,099,539301,70577,69974,7859,77833,1091
2021-09-11,Sutter,101,95872,12689,12538,208,12746,145
2021-09-11,Tehama,103,63373,6947,6703,1096,7799,79
2021-09-11,Trinity,105,12862,686,526,180,706,7
2021-09-11,Tulare,107,460477,60083,58321,12013,70334,889
2021-09-11,Tuolumne,109,53932,5996,5879,68,5947,89
2021-09-11,Ventura,111,848112,93458,92328,4016,96344,1107
2021-09-11,Yolo,113,214977,18198,17906,788,18694,239
2021-09-11,Yuba,115,75493,8947,8813,196,9009,61
2021-09-10,Alameda,001,1643700,112476,111386,2512,113898,1306
2021-09-10,Alpine,002,1148,97,97,0,97,0
2021-09-10,Amador,005,37829,4824,4706,46,4752,56
2021-09-10,Butte,007,227075,17782,17051,3152,20203,222
2021-09-10,Calaveras,009,45235,3302,3183,22,3205,65
2021-09-10,Colusa,011,21464,2373,2327,512,2839,16
2021-09-10,Contra Costa,013,1133247,93176,92024,1840,93864,908
2021-09-10,Del Norte,015,27424,3306,3128,20,3148,28
2021-09-10,El Dorado,017,186661,14440,14051,1437,15488,119
2021-09-10,Fresno,019,978130,124211,121659,11039,132698,1846
2021-09-10,Glenn,021,27897,3088,2977,881,3858,20
2021-09-10,Humboldt,023,135768,7771,7543,355,7898,52
2021-09-10,Imperial,025,180216,31013,30716,2904,33620,751
2021-09-10,Inyo,027,18085,1626,1590,30,1620,39
2021-09-10,Kern,029,883053,114434,111832,17008,128840,1419
2021-09-10,Kings,031,150075,28278,27473,1546,29019,274
2021-09-10,Lake,033,64148,5906,5713,111,5824,79
2021-09-10,Lassen,035,31185,6077,5914,229,6143,25
2021-09-10,Los Angeles,037,10098052,1381597,1365709,49988,1415697,25630
2021-09-10,Madera,039,155013,20102,19520,1549,21069,252
2021-09-10,Marin,041,260295,16659,16458,370,16828,242
2021-09-10,Mariposa,043,17540,858,795,29,824,5
2021-09-10,Mendocino,045,87422,6459,6184,276,6460,61
2021-09-10,Merced,047,269075,37486,36884,1442,38326,521
2021-09-10,Modoc,049,8938,460,448,158,606,5
2021-09-10,Mono,051,14174,1470,1422,18,1440,3
2021-09-10,Monterey,053,433212,46843,46084,2456,48540,557
2021-09-10,Napa,055,140530,12076,11948,78,12026,90
2021-09-10,Nevada,057,99092,8116,7932,262,8194,83
2021-09-10,Orange,059,3164182,293722,290022,13675,303697,5302
2021-09-10,Placer,061,380077,33031,32264,3024,35288,343
2021-09-10,Plumas,063,18699,1182,1111,22,1133,5
2021-09-10,Riverside,065,2383286,341990,335988,15521,351509,4720
2021-09-10,Sacramento,067,1510023,144485,143244,3489,146733,1950
2021-09-10,San Benito,069,59416,6868,6824,137,6961,64
2021-09-10,San Bernardino,071,2135413,335686,331894,10348,342242,5422
2021-09-10,San Diego,073,3302833,347845,343173,20454,363627,3941
2021-09-10,San Francisco,075,870044,49333,48518,2057,50575,602
2021-09-10,San Joaquin,077,732212,91675,90208,4773,94981,1573
2021-09-10,San Luis Obispo,079,281455,27149,26526,1033,27559,299
2021-09-10,San Mateo,081,765935,51137,50251,747,50998,564
2021-09-10,Santa Barbara,083,443738,41189,40321,1412,41733,492
2021-09-10,Santa Clara,085,1922200,139006,137337,1051,138388,1817
2021-09-10,Santa Cruz,087,273765,19084,18785,951,19736,210
2021-09-10,Shasta,089,179085,17407,16667,2724,19391,242
2021-09-10,Sierra,091,2930,129,117,13,130,0
2021-09-10,Siskiyou,093,43540,2869,2702,944,3646,35
2021-09-10,Solano,095,438530,43276,42230,1079,43309,305
2021-09-10,Sonoma,097,501317,38707,38271,461,38732,368
2021-09-10,Stanislaus,099,539301,70421,69617,7835,77452,1091
2021-09-10,Sutter,101,95872,12655,12468,208,12676,145
2021-09-10,Tehama,103,63373,6913,6652,1090,7742,77
2021-09-10,Trinity,105,12862,682,524,180,704,7
2021-09-10,Tulare,107,460477,59935,57930,11964,69894,883
2021-09-10,Tuolumne,109,53932,5976,5842,68,5910,89
2021-09-10,Ventura,111,848112,93360,92145,4012,96157,1104
2021-09-10,Yolo,113,214977,18172,17825,784,18609,239
2021-09-10,Yuba,115,75493,8928,8760,195,8955,62
2021-09-09,Alameda,001,1643700,112257,111014,2508,113522,1306
2021-09-09,Alpine,002,1148,97,94,0,94,0
2021-09-09,Amador,005,37829,4803,4698,45,4743,56
2021-09-09,Butte,007,227075,17635,16874,3125,19999,221
2021-09-09,Calaveras,009,45235,3268,3165,22,3187,65
2021-09-09,Colusa,011,21464,2366,2321,511,2832,16
2021-09-09,Contra Costa,013,1133247,92966,91687,1835,93522,904
2021-09-09,Del Norte,015,27424,3283,3102,20,3122,28
2021-09-09,El Dorado,017,186661,14383,13970,1427,15397,119
2021-09-09,Fresno,019,978130,123736,121040,10993,132033,1838
2021-09-09,Glenn,021,27897,3076,2947,877,3824,20
2021-09-09,Humboldt,023,135768,7721,7471,349,7820,52
2021-09-09,Imperial,025,180216,30975,30661,2901,33562,751
2021-09-09,Inyo,027,18085,1619,1586,30,1616,39
2021-09-09,Kern,029,883053,114087,111390,16852,128242,1414
2021-09-09,Kings,031,150075,28176,27282,1535,28817,273
2021-09-09,Lake,033,64148,5882,5638,109,5747,79
2021-09-09,Lassen,035,31185,6027,5860,223,6083,25
2021-09-09,Los Angeles,037,10098052,1379730,1363735,49915,1413650,25583
2021-09-09,Madera,039,155013,20029,19401,1536,20937,252
2021-09-09,Marin,041,260295,16636,16416,367,16783,242
2021-09-09,Mariposa,043,17540,845,779,28,807,5
2021-09-09,Mendocino,045,87422,6425,6089,267,6356,61
2021-09-09,Merced,047,269075,37332,36634,1429,38063,516
2021-09-09,Modoc,049,8938,460,448,158,606,5
2021-09-09,Mono,051,14174,1460,1420,18,1438,3
2021-09-09,Monterey,053,433212,46789,45991,2445,48436,556
2021-09-09,Napa,055,140530,12044,11878,78,11956,90
2021-09-09,Nevada,057,99092,8078,7855,262,8117,82
2021-09-09,Orange,059,3164182,293313,289109,13644,302753,5299
2021-09-09,Placer,061,380077,32913,32048,3009,35057,342
2021-09-09,Plumas,063,18699,1171,1098,22,1120,5
2021-09-09,Riverside,065,2383286,341351,334774,15503,350277,4701
2021-09-09,Sacramento,067,1510023,144004,142728,3444,146172,1929
2021-09-09,San Benito,069,59416,6858,6820,136,6956,64
2021-09-09,San Bernardino,071,2135413,335112,331040,10335,341375,5417
2021-09-09,San Diego,073,3302833,347131,342149,20397,362546,3929
2021-09-09,San Francisco,075,870044,49219,48404,2048,50452,597
2021-09-09,San Joaquin,077,732212,91402,89874,4755,94629,1570
2021-09-09,San Luis Obispo,079,281455,27067,26472,1030,27502,296
2021-09-09,San Mateo,081,765935,51016,50143,744,50887,561
2021-09-09,Santa Barbara,083,443738,41082,40180,1408,41588,490
2021-09-09,Santa Clara,085,1922200,138783,137017,1046,138063,1816
2021-09-09,Santa Cruz,087,273765,19038,18728,951,19679,210
2021-09-09,Shasta,089,179085,17261,16401,2683,19084,238
2021-09-09,Sierra,091,2930,129,115,13,128,0
2021-09-09,Siskiyou,093,43540,2846,2683,930,3613,35
2021-09-09,Solano,095,438530,43160,42081,1075,43156,303
2021-09-09,Sonoma,097,501317,38639,38171,460,38631,360
2021-09-09,Stanislaus,099,539301,70142,69178,7803,76981,1074
2021-09-09,Sutter,101,95872,12600,12396,206,12602,144
2021-09-09,Tehama,103,63373,6859,6554,1085,7639,75
2021-09-09,Trinity,105,12862,676,523,178,701,6
2021-09-09,Tulare,107,460477,59694,57564,11905,69469,879
2021-09-09,Tuolumne,109,53932,5948,5802,67,5869,89
2021-09-09,Ventura,111,848112,93215,91610,4003,95613,1098
2021-09-09,Yolo,113,214977,18115,17724,782,18506,239
2021-09-09,Yuba,115,75493,8883,8707,192,8899,55
2021-09-08,Alameda,001,1643700,112013,110781,2506,113287,1305
2021-09-08,Alpine,002,1148,97,94,0,94,0
2021-09-08,Amador,005,37829,4791,4693,45,4738,56
2021-09-08,Butte,007,227075,17501,16775,3105,19880,220
2021-09-08,Calaveras,009,45235,3250,3157,22,3179,63
2021-09-08,Colusa,011,21464,2364,2308,511,2819,16
2021-09-08,Contra Costa,013,1133247,92686,91471,1830,93301,900
2021-09-08,Del Norte,015,27424,3260,3085,20,3105,25
2021-09-08,El Dorado,017,186661,14303,13928,1407,15335,119
2021-09-08,Fresno,019,978130,123236,120644,10929,131573,1831
2021-09-08,Glenn,021,27897,3061,2942,868,3810,20
2021-09-08,Humboldt,023,135768,7676,7438,341,7779,52
2021-09-08,Imperial,025,180216,30942,30609,2888,33497,751
2021-09-08,Inyo,027,18085,1608,1580,30,1610,39
2021-09-08,Kern,029,883053,113689,110933,16714,127647,1409
2021-09-08,Kings,031,150075,28047,27235,1521,28756,267
2021-09-08,Lake,033,64148,5851,5618,107,5725,79
2021-09-08,Lassen,035,31185,6009,5848,216,6064,25
2021-09-08,Los Angeles,037,10098052,1377659,1362029,49829,1411858,25533
2021-09-08,Madera,039,155013,19968,19352,1523,20875,252
2021-09-08,Marin,041,260295,16608,16386,366,16752,242
2021-09-08,Mariposa,043,17540,833,777,27,804,5
2021-09-08,Mendocino,045,87422,6381,6069,258,6327,61
2021-09-08,Merced,047,269075,37171,36500,1417,37917,516
2021-09-08,Modoc,049,8938,460,448,158,606,5
2021-09-08,Mono,051,14174,1454,1418,18,1436,3
2021-09-08,Monterey,053,433212,46740,45959,2439,48398,554
2021-09-08,Napa,055,140530,12009,11842,76,11918,90
2021-09-08,Nevada,057,99092,8043,7843,261,8104,82
2021-09-08,Orange,059,3164182,292903,288511,13621,302132,5290
2021-09-08,Placer,061,380077,32776,31852,2992,34844,337
2021-09-08,Plumas,063,18699,1164,1072,22,1094,5
2021-09-08,Riverside,065,2383286,340593,334037,15478,349515,4683
2021-09-08,Sacramento,067,1510023,143525,142448,3396,145844,1921
2021-09-08,San Benito,069,59416,6840,6800,136,6936,64
2021-09-08,San Bernardino,071,2135413,334505,330279,10318,340597,5411
2021-09-08,San Diego,073,3302833,346214,341437,20346,361783,3926
2021-09-08,San Francisco,075,870044,49080,48263,2044,50307,589
2021-09-08,San Joaquin,077,732212,91121,89631,4731,94362,1561
2021-09-08,San Luis Obispo,079,281455,26973,26303,1025,27328,294
2021-09-08,San Mateo,081,765935,50911,50051,744,50795,561
2021-09-08,Santa Barbara,083,443738,40970,40000,1404,41404,490
2021-09-08,Santa Clara,085,1922200,138550,136836,1042,137878,1810
2021-09-08,Santa Cruz,087,273765,19001,18699,951,19650,210
2021-09-08,Shasta,089,179085,17106,16227,2636,18863,234
2021-09-08,Sierra,091,2930,129,113,13,126,0
2021-09-08,Siskiyou,093,43540,2813,2643,919,3562,35
2021-09-08,Solano,095,438530,43066,41971,1073,43044,302
2021-09-08,Sonoma,097,501317,38555,38075,459,38534,360
2021-09-08,Stanislaus,099,539301,69910,68945,7764,76709,1074
2021-09-08,Sutter,101,95872,12535,12349,203,12552,144
2021-09-08,Tehama,103,63373,6792,6520,1067,7587,75
2021-09-08,Trinity,105,12862,673,520,174,694,6
2021-09-08,Tulare,107,460477,59371,57425,11848,69273,876
2021-09-08,Tuolumne,109,53932,5916,5783,65,5848,89
2021-09-08,Ventura,111,848112,93063,91345,3985,95330,1096
2021-09-08,Yolo,113,214977,18033,17680,778,18458,239
2021-09-08,Yuba,115,75493,8841,8675,190,8865,55
2021-09-07,Alameda,001,1643700,111713,110550,2499,113049,1301
2021-09-07,Alpine,002,1148,96,94,0,94,0
2021-09-07,Amador,005,37829,4764,4679,45,4724,53
2021-09-07,Butte,007,227075,17345,16723,3069,19792,220
2021-09-07,Calaveras,009,45235,3209,3140,20,3160,63
2021-09-07,Colusa,011,21464,2354,2306,509,2815,16
2021-09-07,Contra Costa,013,1133247,92420,91167,1824,92991,891
2021-09-07,Del Norte,015,27424,3246,3081,20,3101,24
2021-09-07,El Dorado,017,186661,14231,13892,1392,15284,119
2021-09-07,Fresno,019,978130,122677,120268,10834,131102,1828
2021-09-07,Glenn,021,27897,3049,2937,862,3799,20
2021-09-07,Humboldt,023,135768,7616,7397,324,7721,52
2021-09-07,Imperial,025,180216,30902,30584,2880,33464,751
2021-09-07,Inyo,027,18085,1602,1579,29,1608,39
2021-09-07,Kern,029,883053,113257,110674,16556,127230,1408
2021-09-07,Kings,031,150075,27923,27169,1503,28672,267
2021-09-07,Lake,033,64148,5808,5597,99,5696,78
2021-09-07,Lassen,035,31185,5991,5842,210,6052,21
2021-09-07,Los Angeles,037,10098052,1375428,1360407,49738,1410145,25486
2021-09-07,Madera,039,155013,19881,19316,1515,20831,249
2021-09-07,Marin,041,260295,16569,16363,366,16729,242
2021-09-07,Mariposa,043,17540,817,771,27,798,5
2021-09-07,Mendocino,045,87422,6321,6036,248,6284,61
2021-09-07,Merced,047,269075,36996,36400,1411,37811,513
2021-09-07,Modoc,049,8938,458,449,158,607,5
2021-09-07,Mono,051,14174,1445,1416,18,1434,3
2021-09-07,Monterey,053,433212,46657,45911,2427,48338,543
2021-09-07,Napa,055,140530,11968,11814,76,11890,90
2021-09-07,Nevada,057,99092,8016,7829,261,8090,82
2021-09-07,Orange,059,3164182,292474,288225,13591,301816,5274
2021-09-07,Placer,061,380077,32624,31710,2964,34674,337
2021-09-07,Plumas,063,18699,1149,1071,22,1093,5
2021-09-07,Riverside,065,2383286,339805,333390,15459,348849,4666
2021-09-07,Sacramento,067,1510023,142986,142364,3349,145713,1905
2021-09-07,San Benito,069,59416,6822,6786,136,6922,64
2021-09-07,San Bernardino,071,2135413,333753,329962,10293,340255,5407
2021-09-07,San Diego,073,3302833,345216,340709,20280,360989,3922
2021-09-07,San Francisco,075,870044,48940,48175,2039,50214,589
2021-09-07,San Joaquin,077,732212,90785,89468,4717,94185,1548
2021-09-07,San Luis Obispo,079,281455,26856,26253,1016,27269,287
2021-09-07,San Mateo,081,765935,50815,49913,743,50656,561
2021-09-07,Santa Barbara,083,443738,40844,39957,1399,41356,489
2021-09-07,Santa Clara,085,1922200,138261,136631,1037,137668,1807
2021-09-07,Santa Cruz,087,273765,18952,18669,949,19618,210
2021-09-07,Shasta,089,179085,16950,16096,2584,18680,226
2021-09-07,Sierra,091,2930,129,111,13,124,0
2021-09-07,Siskiyou,093,43540,2787,2607,902,3509,34
2021-09-07,Solano,095,438530,42936,41862,1069,42931,300
2021-09-07,Sonoma,097,501317,38471,38013,457,38470,358
2021-09-07,Stanislaus,099,539301,69639,68831,7737,76568,1074
2021-09-07,Sutter,101,95872,12461,12310,197,12507,138
2021-09-07,Tehama,103,63373,6740,6482,1047,7529,74
2021-09-07,Trinity,105,12862,667,517,174,691,6
2021-09-07,Tulare,107,460477,59021,57228,11769,68997,874
2021-09-07,Tuolumne,109,53932,5879,5759,65,5824,88
2021-09-07,Ventura,111,848112,92852,91246,3975,95221,1093
2021-09-07,Yolo,113,214977,17963,17653,776,18429,235
2021-09-07,Yuba,115,75493,8798,8642,185,8827,55
2021-09-06,Alameda,001,1643700,111400,110357,2491,112848,1301
2021-09-06,Alpine,002,1148,94,94,0,94,0
2021-09-06,Amador,005,37829,4748,4648,44,4692,53
2021-09-06,Butte,007,227075,17154,16588,3025,19613,218
2021-09-06,Calaveras,009,45235,3187,3122,20,3142,63
2021-09-06,Colusa,011,21464,2347,2306,505,2811,16
2021-09-06,Contra Costa,013,1133247,92124,90971,1814,92785,891
2021-09-06,Del Norte,015,27424,3205,3037,19,3056,24
2021-09-06,El Dorado,017,186661,14162,13848,1376,15224,119
2021-09-06,Fresno,019,978130,122100,119738,10758,130496,1828
2021-09-06,Glenn,021,27897,3020,2912,854,3766,20
2021-09-06,Humboldt,023,135768,7540,7320,306,7626,52
2021-09-06,Imperial,025,180216,30840,30576,2874,33450,751
2021-09-06,Inyo,027,18085,1593,1578,17,1595,39
2021-09-06,Kern,029,883053,112744,110347,16368,126715,1408
2021-09-06,Kings,031,150075,27780,27094,1488,28582,264
2021-09-06,Lake,033,64148,5744,5548,92,5640,78
2021-09-06,Lassen,035,31185,5965,5822,200,6022,21
2021-09-06,Los Angeles,037,10098052,1373051,1359348,49625,1408973,25477
2021-09-06,Madera,039,155013,19778,19191,1492,20683,249
2021-09-06,Marin,041,260295,16529,16356,366,16722,242
2021-09-06,Mariposa,043,17540,805,764,27,791,5
2021-09-06,Mendocino,045,87422,6251,5984,235,6219,61
2021-09-06,Merced,047,269075,36781,36300,1397,37697,513
2021-09-06,Modoc,049,8938,455,449,158,607,5
2021-09-06,Mono,051,14174,1441,1416,18,1434,3
2021-09-06,Monterey,053,433212,46563,45833,2411,48244,541
2021-09-06,Napa,055,140530,11925,11792,75,11867,90
2021-09-06,Nevada,057,99092,7968,7748,259,8007,82
2021-09-06,Orange,059,3164182,291980,287948,13540,301488,5274
2021-09-06,Placer,061,380077,32448,31595,2926,34521,337
2021-09-06,Plumas,063,18699,1128,1068,19,1087,5
2021-09-06,Riverside,065,2383286,338989,333052,15439,348491,4666
2021-09-06,Sacramento,067,1510023,142349,141730,3281,145011,1905
2021-09-06,San Benito,069,59416,6799,6777,133,6910,64
2021-09-06,San Bernardino,071,2135413,332863,329693,10262,339955,5398
2021-09-06,San Diego,073,3302833,344217,340222,20183,360405,3922
2021-09-06,San Francisco,075,870044,48806,48120,2034,50154,589
2021-09-06,San Joaquin,077,732212,90441,89293,4691,93984,1548
2021-09-06,San Luis Obispo,079,281455,26727,26183,1012,27195,286
2021-09-06,San Mateo,081,765935,50685,49859,741,50600,561
2021-09-06,Santa Barbara,083,443738,40713,39876,1390,41266,489
2021-09-06,Santa Clara,085,1922200,137969,136458,1035,137493,1807
2021-09-06,Santa Cruz,087,273765,18904,18615,946,19561,210
2021-09-06,Shasta,089,179085,16769,15985,2530,18515,226
2021-09-06,Sierra,091,2930,129,109,13,122,0
2021-09-06,Siskiyou,093,43540,2743,2595,868,3463,34
2021-09-06,Solano,095,438530,42788,41774,1063,42837,300
2021-09-06,Sonoma,097,501317,38350,37929,456,38385,358
2021-09-06,Stanislaus,099,539301,69297,68596,7693,76289,1074
2021-09-06,Sutter,101,95872,12399,12238,188,12426,138
2021-09-06,Tehama,103,63373,6678,6413,1020,7433,74
2021-09-06,Trinity,105,12862,664,515,172,687,6
2021-09-06,Tulare,107,460477,58660,57068,11689,68757,874
2021-09-06,Tuolumne,109,53932,5843,5697,65,5762,88
2021-09-06,Ventura,111,848112,92675,91132,3963,95095,1093
2021-09-06,Yolo,113,214977,17877,17576,771,18347,235
2021-09-06,Yuba,115,75493,8748,8584,181,8765,55
2021-09-05,Alameda,001,1643700,111207,110173,2488,112661,1301
2021-09-05,Alpine,002,1148,94,94,0,94,0
2021-09-05,Amador,005,37829,4736,4642,44,4686,53
2021-09-05,Butte,007,227075,17064,16504,2996,19500,218
2021-09-05,Calaveras,009,45235,3181,3106,20,3126,63
2021-09-05,Colusa,011,21464,2339,2305,503,2808,16
2021-09-05,Contra Costa,013,1133247,91939,90862,1809,92671,891
2021-09-05,Del Norte,015,27424,3185,3023,19,3042,24
2021-09-05,El Dorado,017,186661,14133,13827,1363,15190,119
2021-09-05,Fresno,019,978130,121802,119384,10717,130101,1828
2021-09-05,Glenn,021,27897,3006,2899,852,3751,20
2021-09-05,Humboldt,023,135768,7507,7312,303,7615,52
2021-09-05,Imperial,025,180216,30811,30548,2872,33420,751
2021-09-05,Inyo,027,18085,1590,1572,17,1589,39
2021-09-05,Kern,029,883053,112445,110073,16209,126282,1408
2021-09-05,Kings,031,150075,27703,26989,1484,28473,264
2021-09-05,Lake,033,64148,5724,5525,92,5617,78
2021-09-05,Lassen,035,31185,5943,5820,196,6016,21
2021-09-05,Los Angeles,037,10098052,1371754,1357748,49558,1407306,25465
2021-09-05,Madera,039,155013,19737,19155,1481,20636,249
2021-09-05,Marin,041,260295,16510,16342,365,16707,242
2021-09-05,Mariposa,043,17540,801,761,27,788,5
2021-09-05,Mendocino,045,87422,6217,5965,235,6200,61
2021-09-05,Merced,047,269075,36706,36243,1395,37638,513
2021-09-05,Modoc,049,8938,455,447,158,605,5
2021-09-05,Mono,051,14174,1441,1416,18,1434,3
2021-09-05,Monterey,053,433212,46534,45795,2402,48197,540
2021-09-05,Napa,055,140530,11900,11770,75,11845,90
2021-09-05,Nevada,057,99092,7946,7722,258,7980,82
2021-09-05,Orange,059,3164182,291692,287614,13523,301137,5274
2021-09-05,Placer,061,380077,32321,31487,2912,34399,337
2021-09-05,Plumas,063,18699,1121,1067,19,1086,5
2021-09-05,Riverside,065,2383286,338535,332604,15427,348031,4654
2021-09-05,Sacramento,067,1510023,141911,141276,3263,144539,1905
2021-09-05,San Benito,069,59416,6798,6764,133,6897,64
2021-09-05,San Bernardino,071,2135413,332479,329062,10246,339308,5392
2021-09-05,San Diego,073,3302833,343665,339427,20142,359569,3914
2021-09-05,San Francisco,075,870044,48727,48035,2030,50065,589
2021-09-05,San Joaquin,077,732212,90275,89121,4674,93795,1548
2021-09-05,San Luis Obispo,079,281455,26677,26098,1011,27109,285
2021-09-05,San Mateo,081,765935,50617,49809,737,50546,561
2021-09-05,Santa Barbara,083,443738,40646,39762,1388,41150,489
2021-09-05,Santa Clara,085,1922200,137759,136146,1033,137179,1807
2021-09-05,Santa Cruz,087,273765,18884,18588,944,19532,210
2021-09-05,Shasta,089,179085,16687,15960,2504,18464,226
2021-09-05,Sierra,091,2930,128,109,13,122,0
2021-09-05,Siskiyou,093,43540,2726,2585,854,3439,34
2021-09-05,Solano,095,438530,42693,41687,1058,42745,300
2021-09-05,Sonoma,097,501317,38265,37881,455,38336,358
2021-09-05,Stanislaus,099,539301,69157,68434,7669,76103,1074
2021-09-05,Sutter,101,95872,12369,12179,182,12361,138
2021-09-05,Tehama,103,63373,6651,6400,1014,7414,74
2021-09-05,Trinity,105,12862,658,505,171,676,6
2021-09-05,Tulare,107,460477,58491,56915,11645,68560,874
2021-09-05,Tuolumne,109,53932,5831,5688,65,5753,88
2021-09-05,Ventura,111,848112,92539,91004,3959,94963,1093
2021-09-05,Yolo,113,214977,17840,17557,765,18322,235
2021-09-05,Yuba,115,75493,8722,8521,179,8700,55
2021-09-04,Alameda,001,1643700,111084,109944,2481,112425,1301
2021-09-04,Alpine,002,1148,94,94,0,94,0
2021-09-04,Amador,005,37829,4718,4637,43,4680,53
2021-09-04,Butte,007,227075,17006,16403,2981,19384,218
2021-09-04,Calaveras,009,45235,3169,3087,19,3106,63
2021-09-04,Colusa,011,21464,2337,2301,503,2804,16
2021-09-04,Contra Costa,013,1133247,91822,90623,1806,92429,891
2021-09-04,Del Norte,015,27424,3174,2984,19,3003,24
2021-09-04,El Dorado,017,186661,14107,13782,1355,15137,119
2021-09-04,Fresno,019,978130,121607,119033,10697,129730,1828
2021-09-04,Glenn,021,27897,2996,2878,846,3724,20
2021-09-04,Humboldt,023,135768,7476,7298,297,7595,52
2021-09-04,Imperial,025,180216,30788,30526,2870,33396,751
2021-09-04,Inyo,027,18085,1588,1571,17,1588,39
2021-09-04,Kern,029,883053,112202,109751,16079,125830,1408
2021-09-04,Kings,031,150075,27616,26896,1478,28374,263
2021-09-04,Lake,033,64148,5706,5507,92,5599,78
2021-09-04,Lassen,035,31185,5928,5814,188,6002,21
2021-09-04,Los Angeles,037,10098052,1370795,1355634,49503,1405137,25454
2021-09-04,Madera,039,155013,19704,19112,1474,20586,249
2021-09-04,Marin,041,260295,16494,16319,364,16683,242
2021-09-04,Mariposa,043,17540,796,759,27,786,5
2021-09-04,Mendocino,045,87422,6181,5933,235,6168,61
2021-09-04,Merced,047,269075,36662,36083,1390,37473,513
2021-09-04,Modoc,049,8938,455,447,158,605,5
2021-09-04,Mono,051,14174,1438,1417,18,1435,3
2021-09-04,Monterey,053,433212,46503,45756,2398,48154,540
2021-09-04,Napa,055,140530,11875,11760,73,11833,90
2021-09-04,Nevada,057,99092,7931,7691,257,7948,82
2021-09-04,Orange,059,3164182,291429,287244,13502,300746,5274
2021-09-04,Placer,061,380077,32218,31374,2895,34269,337
2021-09-04,Plumas,063,18699,1113,1067,19,1086,5
2021-09-04,Riverside,065,2383286,338065,331958,15415,347373,4654
2021-09-04,Sacramento,067,1510023,141617,140735,3255,143990,1896
2021-09-04,San Benito,069,59416,6789,6758,133,6891,64
2021-09-04,San Bernardino,071,2135413,332147,328425,10232,338657,5393
2021-09-04,San Diego,073,3302833,343230,338748,20120,358868,3914
2021-09-04,San Francisco,075,870044,48652,47937,2022,49959,589
2021-09-04,San Joaquin,077,732212,90160,88846,4666,93512,1548
2021-09-04,San Luis Obispo,079,281455,26645,26020,1011,27031,285
2021-09-04,San Mateo,081,765935,50563,49721,737,50458,560
2021-09-04,Santa Barbara,083,443738,40580,39667,1386,41053,489
2021-09-04,Santa Clara,085,1922200,137574,135845,1030,136875,1806
2021-09-04,Santa Cruz,087,273765,18866,18579,940,19519,210
2021-09-04,Shasta,089,179085,16610,15924,2478,18402,226
2021-09-04,Sierra,091,2930,126,108,13,121,0
2021-09-04,Siskiyou,093,43540,2700,2563,843,3406,34
2021-09-04,Solano,095,438530,42620,41614,1056,42670,300
2021-09-04,Sonoma,097,501317,38232,37809,455,38264,358
2021-09-04,Stanislaus,099,539301,69010,68210,7644,75854,1074
2021-09-04,Sutter,101,95872,12328,12137,181,12318,138
2021-09-04,Tehama,103,63373,6626,6367,996,7363,74
2021-09-04,Trinity,105,12862,656,497,171,668,6
2021-09-04,Tulare,107,460477,58383,56719,11602,68321,874
2021-09-04,Tuolumne,109,53932,5812,5667,63,5730,88
2021-09-04,Ventura,111,848112,92404,90904,3956,94860,1090
2021-09-04,Yolo,113,214977,17804,17522,761,18283,235
2021-09-04,Yuba,115,75493,8693,8475,178,8653,55
2021-09-03,Alameda,001,1643700,110924,109636,2479,112115,1301
2021-09-03,Alpine,002,1148,94,94,0,94,0
2021-09-03,Amador,005,37829,4696,4614,43,4657,53
2021-09-03,Butte,007,227075,16915,16259,2955,19214,215
2021-09-03,Calaveras,009,45235,3159,3069,19,3088,63
2021-09-03,Colusa,011,21464,2332,2295,502,2797,16
2021-09-03,Contra Costa,013,1133247,91670,90299,1803,92102,886
2021-09-03,Del Norte,015,27424,3146,2943,18,2961,24
2021-09-03,El Dorado,017,186661,14074,13710,1351,15061,119
2021-09-03,Fresno,019,978130,121271,118508,10675,129183,1822
2021-09-03,Glenn,021,27897,2987,2867,838,3705,20
2021-09-03,Humboldt,023,135768,7451,7194,292,7486,52
2021-09-03,Imperial,025,180216,30764,30475,2865,33340,751
2021-09-03,Inyo,027,18085,1583,1567,17,1584,39
2021-09-03,Kern,029,883053,111986,109296,15968,125264,1407
2021-09-03,Kings,031,150075,27532,26753,1475,28228,263
2021-09-03,Lake,033,64148,5686,5479,90,5569,78
2021-09-03,Lassen,035,31185,5911,5789,184,5973,21
2021-09-03,Los Angeles,037,10098052,1369464,1351185,49438,1400623,25384
2021-09-03,Madera,039,155013,19619,19021,1468,20489,247
2021-09-03,Marin,041,260295,16472,16293,363,16656,242
2021-09-03,Mariposa,043,17540,789,753,25,778,5
2021-09-03,Mendocino,045,87422,6146,5891,235,6126,61
2021-09-03,Merced,047,269075,36608,35941,1381,37322,512
2021-09-03,Modoc,049,8938,455,445,158,603,5
2021-09-03,Mono,051,14174,1437,1410,18,1428,3
2021-09-03,Monterey,053,433212,46465,45707,2394,48101,540
2021-09-03,Napa,055,140530,11854,11733,73,11806,89
2021-09-03,Nevada,057,99092,7897,7632,257,7889,82
2021-09-03,Orange,059,3164182,291111,286818,13475,300293,5253
2021-09-03,Placer,061,380077,32111,31238,2871,34109,335
2021-09-03,Plumas,063,18699,1102,1057,19,1076,5
2021-09-03,Riverside,065,2383286,337533,331011,15399,346410,4653
2021-09-03,Sacramento,067,1510023,141253,139982,3237,143219,1886
2021-09-03,San Benito,069,59416,6783,6746,133,6879,64
2021-09-03,San Bernardino,071,2135413,331730,327599,10222,337821,5381
2021-09-03,San Diego,073,3302833,342610,337627,20087,357714,3911
2021-09-03,San Francisco,075,870044,48576,47822,2016,49838,589
2021-09-03,San Joaquin,077,732212,90007,88366,4658,93024,1540
2021-09-03,San Luis Obispo,079,281455,26570,25917,1009,26926,283
2021-09-03,San Mateo,081,765935,50468,49617,735,50352,560
2021-09-03,Santa Barbara,083,443738,40512,39507,1383,40890,489
2021-09-03,Santa Clara,085,1922200,137370,135522,1026,136548,1801
2021-09-03,Santa Cruz,087,273765,18841,18532,940,19472,210
2021-09-03,Shasta,089,179085,16535,15778,2454,18232,226
2021-09-03,Sierra,091,2930,124,105,13,118,0
2021-09-03,Siskiyou,093,43540,2688,2529,830,3359,34
2021-09-03,Solano,095,438530,42524,41457,1053,42510,300
2021-09-03,Sonoma,097,501317,38169,37699,455,38154,358
2021-09-03,Stanislaus,099,539301,68834,67887,7618,75505,1074
2021-09-03,Sutter,101,95872,12289,12073,180,12253,139
2021-09-03,Tehama,103,63373,6587,6334,989,7323,72
2021-09-03,Trinity,105,12862,654,490,167,657,6
2021-09-03,Tulare,107,460477,58257,56401,11550,67951,872
2021-09-03,Tuolumne,109,53932,5770,5630,63,5693,88
2021-09-03,Ventura,111,848112,92270,90742,3952,94694,1088
2021-09-03,Yolo,113,214977,17780,17446,757,18203,235
2021-09-03,Yuba,115,75493,8662,8412,178,8590,55
2021-09-02,Alameda,001,1643700,110666,109377,2476,111853,1301
2021-09-02,Alpine,002,1148,93,92,0,92,0
2021-09-02,Amador,005,37829,4680,4606,43,4649,53
2021-09-02,Butte,007,227075,16788,16154,2936,19090,215
2021-09-02,Calaveras,009,45235,3146,3042,19,3061,62
2021-09-02,Colusa,011,21464,2328,2290,502,2792,16
2021-09-02,Contra Costa,013,1133247,91487,90038,1792,91830,886
2021-09-02,Del Norte,015,27424,3115,2891,18,2909,24
2021-09-02,El Dorado,017,186661,14016,13641,1326,14967,119
2021-09-02,Fresno,019,978130,120784,117974,10621,128595,1804
2021-09-02,Glenn,021,27897,2971,2855,832,3687,20
2021-09-02,Humboldt,023,135768,7404,7141,281,7422,52
2021-09-02,Imperial,025,180216,30720,30449,2860,33309,751
2021-09-02,Inyo,027,18085,1578,1564,16,1580,39
2021-09-02,Kern,029,883053,111573,108930,15824,124754,1404
2021-09-02,Kings,031,150075,27439,26638,1465,28103,263
2021-09-02,Lake,033,64148,5656,5432,86,5518,78
2021-09-02,Lassen,035,31185,5897,5747,177,5924,21
2021-09-02,Los Angeles,037,10098052,1367607,1351105,49346,1400451,25382
2021-09-02,Madera,039,155013,19528,18937,1450,20387,247
2021-09-02,Marin,041,260295,16459,16244,361,16605,242
2021-09-02,Mariposa,043,17540,782,745,22,767,5
2021-09-02,Mendocino,045,87422,6104,5848,232,6080,61
2021-09-02,Merced,047,269075,36445,35820,1374,37194,508
2021-09-02,Modoc,049,8938,455,437,158,595,5
2021-09-02,Mono,051,14174,1437,1409,18,1427,3
2021-09-02,Monterey,053,433212,46399,45648,2379,48027,539
2021-09-02,Napa,055,140530,11825,11684,73,11757,88
2021-09-02,Nevada,057,99092,7845,7575,256,7831,82
2021-09-02,Orange,059,3164182,290651,286326,13441,299767,5240
2021-09-02,Placer,061,380077,31973,31067,2842,33909,330
2021-09-02,Plumas,063,18699,1091,1045,18,1063,5
2021-09-02,Riverside,065,2383286,336817,330190,15375,345565,4644
2021-09-02,Sacramento,067,1510023,140670,139274,3197,142471,1882
2021-09-02,San Benito,069,59416,6778,6734,132,6866,64
2021-09-02,San Bernardino,071,2135413,331120,326940,10149,337089,5369
2021-09-02,San Diego,073,3302833,341652,336382,20034,356416,3909
2021-09-02,San Francisco,075,870044,48466,47674,2012,49686,587
2021-09-02,San Joaquin,077,732212,89723,88056,4634,92690,1540
2021-09-02,San Luis Obispo,079,281455,26485,25851,1004,26855,283
2021-09-02,San Mateo,081,765935,50367,49490,733,50223,558
2021-09-02,Santa Barbara,083,443738,40422,39386,1370,40756,486
2021-09-02,Santa Clara,085,1922200,137069,135216,1020,136236,1799
2021-09-02,Santa Cruz,087,273765,18807,18473,937,19410,210
2021-09-02,Shasta,089,179085,16397,15670,2425,18095,224
2021-09-02,Sierra,091,2930,124,105,13,118,0
2021-09-02,Siskiyou,093,43540,2667,2513,802,3315,34
2021-09-02,Solano,095,438530,42418,41293,1050,42343,294
2021-09-02,Sonoma,097,501317,38088,37558,455,38013,352
2021-09-02,Stanislaus,099,539301,68594,67576,7598,75174,1074
2021-09-02,Sutter,101,95872,12220,11995,176,12171,138
2021-09-02,Tehama,103,63373,6529,6265,970,7235,72
2021-09-02,Trinity,105,12862,650,484,165,649,6
2021-09-02,Tulare,107,460477,58026,56105,11496,67601,872
2021-09-02,Tuolumne,109,53932,5713,5578,63,5641,88
2021-09-02,Ventura,111,848112,92087,90610,3947,94557,1084
2021-09-02,Yolo,113,214977,17705,17357,751,18108,235
2021-09-02,Yuba,115,75493,8602,8363,178,8541,55
2021-09-01,Alameda,001,1643700,110398,109075,2471,111546,1299
2021-09-01,Alpine,002,1148,93,92,0,92,0
2021-09-01,Amador,005,37829,4664,4599,42,4641,53
2021-09-01,Butte,007,227075,16672,16046,2907,18953,215
2021-09-01,Calaveras,009,45235,3134,3023,19,3042,59
2021-09-01,Colusa,011,21464,2323,2281,501,2782,16
2021-09-01,Contra Costa,013,1133247,91251,89834,1785,91619,877
2021-09-01,Del Norte,015,27424,3082,2860,18,2878,24
2021-09-01,El Dorado,017,186661,13960,13577,1297,14874,119
2021-09-01,Fresno,019,978130,120293,117492,10551,128043,1800
2021-09-01,Glenn,021,27897,2946,2846,824,3670,20
2021-09-01,Humboldt,023,135768,7357,7090,274,7364,52
2021-09-01,Imperial,025,180216,30682,30393,2855,33248,750
2021-09-01,Inyo,027,18085,1574,1561,15,1576,39
2021-09-01,Kern,029,883053,111143,108449,15686,124135,1400
2021-09-01,Kings,031,150075,27326,26443,1454,27897,263
2021-09-01,Lake,033,64148,5615,5396,81,5477,77
2021-09-01,Lassen,035,31185,5875,5731,173,5904,21
2021-09-01,Los Angeles,037,10098052,1365341,1348589,49246,1397835,25341
2021-09-01,Madera,039,155013,19450,18852,1435,20287,247
2021-09-01,Marin,041,260295,16437,16224,356,16580,240
2021-09-01,Mariposa,043,17540,774,735,22,757,5
2021-09-01,Mendocino,045,87422,6061,5821,227,6048,59
2021-09-01,Merced,047,269075,36267,35686,1364,37050,500
2021-09-01,Modoc,049,8938,449,436,156,592,5
2021-09-01,Mono,051,14174,1437,1400,18,1418,3
2021-09-01,Monterey,053,433212,46319,45590,2364,47954,539
2021-09-01,Napa,055,140530,11792,11653,73,11726,88
2021-09-01,Nevada,057,99092,7792,7508,255,7763,82
2021-09-01,Orange,059,3164182,290177,285840,13404,299244,5233
2021-09-01,Placer,061,380077,31817,30902,2828,33730,330
2021-09-01,Plumas,063,18699,1083,1033,18,1051,5
2021-09-01,Riverside,065,2383286,336005,329388,15345,344733,4634
2021-09-01,Sacramento,067,1510023,140062,138499,3152,141651,1875
2021-09-01,San Benito,069,59416,6761,6716,132,6848,64
2021-09-01,San Bernardino,071,2135413,330474,326250,10120,336370,5364
2021-09-01,San Diego,073,3302833,340630,335302,19978,355280,3908
2021-09-01,San Francisco,075,870044,48358,47538,2005,49543,584
2021-09-01,San Joaquin,077,732212,89401,87640,4611,92251,1540
2021-09-01,San Luis Obispo,079,281455,26389,25691,999,26690,283
2021-09-01,San Mateo,081,765935,50248,49394,727,50121,558
2021-09-01,Santa Barbara,083,443738,40304,39263,1354,40617,483
2021-09-01,Santa Clara,085,1922200,136801,134855,1014,135869,1796
2021-09-01,Santa Cruz,087,273765,18760,18453,935,19388,210
2021-09-01,Shasta,089,179085,16265,15552,2385,17937,221
2021-09-01,Sierra,091,2930,123,98,13,111,0
2021-09-01,Siskiyou,093,43540,2637,2482,782,3264,34
2021-09-01,Solano,095,438530,42267,41194,1044,42238,293
2021-09-01,Sonoma,097,501317,37994,37454,454,37908,352
2021-09-01,Stanislaus,099,539301,68309,67287,7567,74854,1075
2021-09-01,Sutter,101,95872,12156,11945,169,12114,136
2021-09-01,Tehama,103,63373,6495,6228,953,7181,72
2021-09-01,Trinity,105,12862,649,482,162,644,5
2021-09-01,Tulare,107,460477,57743,55768,11459,67227,870
2021-09-01,Tuolumne,109,53932,5674,5553,63,5616,88
2021-09-01,Ventura,111,848112,91872,90471,3931,94402,1089
2021-09-01,Yolo,113,214977,17645,17264,749,18013,235
2021-09-01,Yuba,115,75493,8540,8308,178,8486,55
2021-08-31,Alameda,001,1643700,110105,108837,2465,111302,1297
2021-08-31,Alpine,002,1148,91,92,0,92,0
2021-08-31,Amador,005,37829,4643,4555,42,4597,53
2021-08-31,Butte,007,227075,16531,15896,2864,18760,216
2021-08-31,Calaveras,009,45235,3094,3008,19,3027,59
2021-08-31,Colusa,011,21464,2321,2275,499,2774,16
2021-08-31,Contra Costa,013,1133247,90956,89546,1773,91319,871
2021-08-31,Del Norte,015,27424,3046,2830,18,2848,19
2021-08-31,El Dorado,017,186661,13889,13539,1279,14818,119
2021-08-31,Fresno,019,978130,119716,117155,10472,127627,1801
2021-08-31,Glenn,021,27897,2930,2829,814,3643,20
2021-08-31,Humboldt,023,135768,7282,7030,261,7291,52
2021-08-31,Imperial,025,180216,30645,30348,2847,33195,750
2021-08-31,Inyo,027,18085,1570,1550,15,1565,39
2021-08-31,Kern,029,883053,110641,108151,15507,123658,1393
2021-08-31,Kings,031,150075,27185,26405,1440,27845,260
2021-08-31,Lake,033,64148,5571,5359,80,5439,74
2021-08-31,Lassen,035,31185,5849,5702,170,5872,21
2021-08-31,Los Angeles,037,10098052,1362747,1346686,49168,1395854,25303
2021-08-31,Madera,039,155013,19360,18811,1418,20229,247
2021-08-31,Marin,041,260295,16408,16215,353,16568,240
2021-08-31,Mariposa,043,17540,766,732,22,754,5
2021-08-31,Mendocino,045,87422,6019,5777,226,6003,59
2021-08-31,Merced,047,269075,36097,35512,1359,36871,498
2021-08-31,Modoc,049,8938,448,436,156,592,5
2021-08-31,Mono,051,14174,1425,1398,18,1416,3
2021-08-31,Monterey,053,433212,46235,45550,2351,47901,539
2021-08-31,Napa,055,140530,11744,11618,73,11691,88
2021-08-31,Nevada,057,99092,7726,7460,255,7715,82
2021-08-31,Orange,059,3164182,289578,285310,13372,298682,5229
2021-08-31,Placer,061,380077,31628,30745,2791,33536,325
2021-08-31,Plumas,063,18699,1079,1018,17,1035,5
2021-08-31,Riverside,065,2383286,335033,328556,15312,343868,4627
2021-08-31,Sacramento,067,1510023,139377,137879,3120,140999,1863
2021-08-31,San Benito,069,59416,6749,6694,130,6824,64
2021-08-31,San Bernardino,071,2135413,329725,325446,10100,335546,5350
2021-08-31,San Diego,073,3302833,339377,334377,19920,354297,3888
2021-08-31,San Francisco,075,870044,48208,47440,1994,49434,581
2021-08-31,San Joaquin,077,732212,88957,87365,4596,91961,1540
2021-08-31,San Luis Obispo,079,281455,26266,25518,995,26513,282
2021-08-31,San Mateo,081,765935,50136,49299,727,50026,556
2021-08-31,Santa Barbara,083,443738,40154,39091,1348,40439,481
2021-08-31,Santa Clara,085,1922200,136448,134637,1007,135644,1793
2021-08-31,Santa Cruz,087,273765,18722,18419,932,19351,210
2021-08-31,Shasta,089,179085,16113,15368,2358,17726,220
2021-08-31,Sierra,091,2930,120,95,13,108,0
2021-08-31,Siskiyou,093,43540,2617,2435,766,3201,33
2021-08-31,Solano,095,438530,42127,41067,1038,42105,289
2021-08-31,Sonoma,097,501317,37898,37379,453,37832,352
2021-08-31,Stanislaus,099,539301,67954,67004,7532,74536,1075
2021-08-31,Sutter,101,95872,12091,11901,165,12066,136
2021-08-31,Tehama,103,63373,6434,6169,922,7091,72
2021-08-31,Trinity,105,12862,643,480,162,642,3
2021-08-31,Tulare,107,460477,57409,55567,11389,66956,870
2021-08-31,Tuolumne,109,53932,5638,5516,63,5579,88
2021-08-31,Ventura,111,848112,91653,90292,3919,94211,1081
2021-08-31,Yolo,113,214977,17559,17205,747,17952,234
2021-08-31,Yuba,115,75493,8486,8253,178,8431,54
2021-08-30,Alameda,001,1643700,109788,107734,2454,110188,1296
2021-08-30,Alpine,002,1148,91,92,0,92,0
2021-08-30,Amador,005,37829,4632,4507,42,4549,53
2021-08-30,Butte,007,227075,16379,15719,2830,18549,214
2021-08-30,Calaveras,009,45235,3079,2975,19,2994,59
2021-08-30,Colusa,011,21464,2312,2271,496,2767,16
2021-08-30,Contra Costa,013,1133247,90696,87679,1763,89442,872
2021-08-30,Del Norte,015,27424,3004,2796,17,2813,11
2021-08-30,El Dorado,017,186661,13820,13217,1262,14479,119
2021-08-30,Fresno,019,978130,119145,115867,10400,126267,1790
2021-08-30,Glenn,021,27897,2919,2804,808,3612,20
2021-08-30,Humboldt,023,135768,7228,6930,255,7185,52
2021-08-30,Imperial,025,180216,30607,30311,2842,33153,750
2021-08-30,Inyo,027,18085,1565,1544,15,1559,39
2021-08-30,Kern,029,883053,110163,107615,15345,122960,1389
2021-08-30,Kings,031,150075,27069,26236,1425,27661,259
2021-08-30,Lake,033,64148,5536,5323,77,5400,74
2021-08-30,Lassen,035,31185,5827,5667,164,5831,21
2021-08-30,Los Angeles,037,10098052,1360288,1344949,49083,1394032,25269
2021-08-30,Madera,039,155013,19278,18622,1398,20020,247
2021-08-30,Marin,041,260295,16377,16160,353,16513,240
2021-08-30,Mariposa,043,17540,760,715,21,736,5
2021-08-30,Mendocino,045,87422,5985,5721,222,5943,55
2021-08-30,Merced,047,269075,35969,35335,1355,36690,497
2021-08-30,Modoc,049,8938,446,436,155,591,5
2021-08-30,Mono,051,14174,1424,1390,18,1408,3
2021-08-30,Monterey,053,433212,46173,45463,2334,47797,539
2021-08-30,Napa,055,140530,11695,11579,71,11650,87
2021-08-30,Nevada,057,99092,7667,7356,252,7608,82
2021-08-30,Orange,059,3164182,288996,284750,13323,298073,5223
2021-08-30,Placer,061,380077,31464,29825,2768,32593,319
2021-08-30,Plumas,063,18699,1062,998,17,1015,5
2021-08-30,Riverside,065,2383286,334143,327593,15281,342874,4623
2021-08-30,Sacramento,067,1510023,138719,134571,3074,137645,1847
2021-08-30,San Benito,069,59416,6740,6663,130,6793,64
2021-08-30,San Bernardino,071,2135413,329047,324870,10070,334940,5348
2021-08-30,San Diego,073,3302833,338106,333011,19840,352851,3885
2021-08-30,San Francisco,075,870044,48067,46966,1981,48947,581
2021-08-30,San Joaquin,077,732212,88626,86203,4575,90778,1528
2021-08-30,San Luis Obispo,079,281455,26141,25422,988,26410,280
2021-08-30,San Mateo,081,765935,50010,48839,721,49560,554
2021-08-30,Santa Barbara,083,443738,40002,38998,1343,40341,481
2021-08-30,Santa Clara,085,1922200,136127,133281,1000,134281,1789
2021-08-30,Santa Cruz,087,273765,18668,18326,928,19254,210
2021-08-30,Shasta,089,179085,15984,15238,2319,17557,217
2021-08-30,Sierra,091,2930,118,91,13,104,0
2021-08-30,Siskiyou,093,43540,2604,2411,755,3166,33
2021-08-30,Solano,095,438530,41966,39986,1034,41020,290
2021-08-30,Sonoma,097,501317,37793,36764,453,37217,352
2021-08-30,Stanislaus,099,539301,67615,66173,7501,73674,1074
2021-08-30,Sutter,101,95872,12021,11791,158,11949,136
2021-08-30,Tehama,103,63373,6355,6085,898,6983,71
2021-08-30,Trinity,105,12862,632,468,159,627,3
2021-08-30,Tulare,107,460477,57097,55140,11314,66454,870
2021-08-30,Tuolumne,109,53932,5592,5492,63,5555,74
2021-08-30,Ventura,111,848112,91437,90149,3907,94056,1082
2021-08-30,Yolo,113,214977,17497,17071,743,17814,231
2021-08-30,Yuba,115,75493,8412,8129,177,8306,54
2021-08-29,Alameda,001,1643700,109456,107494,2443,109937,1296
2021-08-29,Alpine,002,1148,91,92,0,92,0
2021-08-29,Amador,005,37829,4618,4501,42,4543,53
2021-08-29,Butte,007,227075,16209,15602,2793,18395,214
2021-08-29,Calaveras,009,45235,3047,2970,19,2989,59
2021-08-29,Colusa,011,21464,2305,2260,490,2750,16
2021-08-29,Contra Costa,013,1133247,90399,87439,1758,89197,872
2021-08-29,Del Norte,015,27424,2961,2752,17,2769,11
2021-08-29,El Dorado,017,186661,13764,13166,1251,14417,119
2021-08-29,Fresno,019,978130,118548,115502,10330,125832,1790
2021-08-29,Glenn,021,27897,2901,2778,801,3579,20
2021-08-29,Humboldt,023,135768,7184,6922,240,7162,52
2021-08-29,Imperial,025,180216,30546,30293,2831,33124,750
2021-08-29,Inyo,027,18085,1555,1543,14,1557,39
2021-08-29,Kern,029,883053,109712,107324,15175,122499,1389
2021-08-29,Kings,031,150075,26915,26143,1411,27554,259
2021-08-29,Lake,033,64148,5496,5293,67,5360,74
2021-08-29,Lassen,035,31185,5804,5666,160,5826,21
2021-08-29,Los Angeles,037,10098052,1357540,1342541,48972,1391513,25263
2021-08-29,Madera,039,155013,19191,18594,1382,19976,247
2021-08-29,Marin,041,260295,16346,16134,351,16485,240
2021-08-29,Mariposa,043,17540,754,709,19,728,5
2021-08-29,Mendocino,045,87422,5927,5689,209,5898,55
2021-08-29,Merced,047,269075,35730,35250,1343,36593,497
2021-08-29,Modoc,049,8938,443,436,155,591,5
2021-08-29,Mono,051,14174,1417,1387,18,1405,3
2021-08-29,Monterey,053,433212,46068,45424,2311,47735,539
2021-08-29,Napa,055,140530,11664,11552,71,11623,87
2021-08-29,Nevada,057,99092,7610,7294,251,7545,82
2021-08-29,Orange,059,3164182,288368,284432,13281,297713,5223
2021-08-29,Placer,061,380077,31293,29674,2728,32402,319
2021-08-29,Plumas,063,18699,1051,996,17,1013,5
2021-08-29,Riverside,065,2383286,333284,326987,15260,342247,4623
2021-08-29,Sacramento,067,1510023,137966,133981,3024,137005,1843
2021-08-29,San Benito,069,59416,6715,6646,130,6776,64
2021-08-29,San Bernardino,071,2135413,328262,324266,10037,334303,5347
2021-08-29,San Diego,073,3302833,337000,332014,19745,351759,3880
2021-08-29,San Francisco,075,870044,47932,46885,1969,48854,581
2021-08-29,San Joaquin,077,732212,88178,85922,4555,90477,1528
2021-08-29,San Luis Obispo,079,281455,25943,25288,980,26268,280
2021-08-29,San Mateo,081,765935,49898,48737,716,49453,554
2021-08-29,Santa Barbara,083,443738,39836,38900,1339,40239,481
2021-08-29,Santa Clara,085,1922200,135774,132979,994,133973,1789
2021-08-29,Santa Cruz,087,273765,18621,18285,926,19211,210
2021-08-29,Shasta,089,179085,15830,15198,2292,17490,217
2021-08-29,Sierra,091,2930,116,91,13,104,0
2021-08-29,Siskiyou,093,43540,2557,2407,735,3142,33
2021-08-29,Solano,095,438530,41812,39887,1027,40914,290
2021-08-29,Sonoma,097,501317,37658,36650,449,37099,352
2021-08-29,Stanislaus,099,539301,67270,65956,7465,73421,1074
2021-08-29,Sutter,101,95872,11962,11719,151,11870,136
2021-08-29,Tehama,103,63373,6284,6040,875,6915,71
2021-08-29,Trinity,105,12862,629,468,156,624,3
2021-08-29,Tulare,107,460477,56763,54974,11230,66204,870
2021-08-29,Tuolumne,109,53932,5566,5478,62,5540,74
2021-08-29,Ventura,111,848112,91179,90114,3898,94012,1082
2021-08-29,Yolo,113,214977,17397,17015,730,17745,231
2021-08-29,Yuba,115,75493,8348,8042,177,8219,54
2021-08-28,Alameda,001,1643700,109293,107007,2434,109441,1296
2021-08-28,Alpine,002,1148,91,92,0,92,0
2021-08-28,Amador,005,37829,4599,4484,41,4525,53
2021-08-28,Butte,007,227075,16149,15487,2765,18252,214
2021-08-28,Calaveras,009,45235,3037,2926,19,2945,59
2021-08-28,Colusa,011,21464,2301,2252,488,2740,16
2021-08-28,Contra Costa,013,1133247,90188,86938,1755,88693,872
2021-08-28,Del Norte,015,27424,2934,2734,16,2750,11
2021-08-28,El Dorado,017,186661,13725,13089,1245,14334,119
2021-08-28,Fresno,019,978130,118307,115079,10299,125378,1792
2021-08-28,Glenn,021,27897,2892,2773,794,3567,20
2021-08-28,Humboldt,023,135768,7149,6887,235,7122,52
2021-08-28,Imperial,025,180216,30519,30260,2828,33088,750
2021-08-28,Inyo,027,18085,1553,1539,14,1553,39
2021-08-28,Kern,029,883053,109474,107012,15035,122047,1389
2021-08-28,Kings,031,150075,26848,26059,1408,27467,257
2021-08-28,Lake,033,64148,5473,5267,63,5330,74
2021-08-28,Lassen,035,31185,5789,5665,159,5824,21
2021-08-28,Los Angeles,037,10098052,1356325,1337097,48901,1385998,25234
2021-08-28,Madera,039,155013,19140,18553,1368,19921,247
2021-08-28,Marin,041,260295,16331,16106,351,16457,240
2021-08-28,Mariposa,043,17540,752,704,19,723,5
2021-08-28,Mendocino,045,87422,5902,5658,209,5867,55
2021-08-28,Merced,047,269075,35678,35108,1340,36448,497
2021-08-28,Modoc,049,8938,443,436,154,590,5
2021-08-28,Mono,051,14174,1414,1385,18,1403,3
2021-08-28,Monterey,053,433212,46026,45394,2306,47700,539
2021-08-28,Napa,055,140530,11641,11512,70,11582,88
2021-08-28,Nevada,057,99092,7586,7238,249,7487,82
2021-08-28,Orange,059,3164182,288011,283953,13233,297186,5222
2021-08-28,Placer,061,380077,31185,29428,2715,32143,319
2021-08-28,Plumas,063,18699,1044,991,17,1008,5
2021-08-28,Riverside,065,2383286,332696,326222,15250,341472,4623
2021-08-28,Sacramento,067,1510023,137575,132985,3006,135991,1844
2021-08-28,San Benito,069,59416,6708,6636,130,6766,64
2021-08-28,San Bernardino,071,2135413,327814,323672,10029,333701,5348
2021-08-28,San Diego,073,3302833,336416,331330,19709,351039,3880
2021-08-28,San Francisco,075,870044,47860,46654,1962,48616,581
2021-08-28,San Joaquin,077,732212,88008,85481,4546,90027,1527
2021-08-28,San Luis Obispo,079,281455,25876,25138,975,26113,280
2021-08-28,San Mateo,081,765935,49824,48575,712,49287,554
2021-08-28,Santa Barbara,083,443738,39765,38780,1339,40119,481
2021-08-28,Santa Clara,085,1922200,135568,132488,992,133480,1789
2021-08-28,Santa Cruz,087,273765,18603,18240,923,19163,210
2021-08-28,Shasta,089,179085,15727,15147,2274,17421,217
2021-08-28,Sierra,091,2930,112,91,13,104,0
2021-08-28,Siskiyou,093,43540,2549,2402,724,3126,33
2021-08-28,Solano,095,438530,41763,39610,1026,40636,290
2021-08-28,Sonoma,097,501317,37585,36466,447,36913,352
2021-08-28,Stanislaus,099,539301,67112,65670,7448,73118,1074
2021-08-28,Sutter,101,95872,11941,11669,150,11819,136
2021-08-28,Tehama,103,63373,6258,6004,864,6868,71
2021-08-28,Trinity,105,12862,625,463,155,618,3
2021-08-28,Tulare,107,460477,56633,54746,11188,65934,870
2021-08-28,Tuolumne,109,53932,5550,5469,62,5531,74
2021-08-28,Ventura,111,848112,91061,89934,3896,93830,1081
2021-08-28,Yolo,113,214977,17362,16907,723,17630,231
2021-08-28,Yuba,115,75493,8317,7985,176,8161,55
2021-08-27,Alameda,001,1643700,109083,106622,2432,109054,1296
2021-08-27,Alpine,002,1148,91,92,0,92,0
2021-08-27,Amador,005,37829,4583,4458,40,4498,53
2021-08-27,Butte,007,227075,16068,15277,2744,18021,214
2021-08-27,Calaveras,009,45235,3022,2903,19,2922,59
2021-08-27,Colusa,011,21464,2295,2240,486,2726,16
2021-08-27,Contra Costa,013,1133247,89990,86386,1752,88138,872
2021-08-27,Del Norte,015,27424,2902,2695,16,2711,11
2021-08-27,El Dorado,017,186661,13686,12968,1241,14209,119
2021-08-27,Fresno,019,978130,117871,114481,10278,124759,1774
2021-08-27,Glenn,021,27897,2874,2754,785,3539,20
2021-08-27,Humboldt,023,135768,7116,6782,232,7014,52
2021-08-27,Imperial,025,180216,30499,30201,2826,33027,750
2021-08-27,Inyo,027,18085,1552,1529,14,1543,39
2021-08-27,Kern,029,883053,109180,106570,14925,121495,1385
2021-08-27,Kings,031,150075,26769,25957,1406,27363,257
2021-08-27,Lake,033,64148,5448,5228,62,5290,74
2021-08-27,Lassen,035,31185,5773,5646,154,5800,21
2021-08-27,Los Angeles,037,10098052,1354796,1337006,48840,1385846,25230
2021-08-27,Madera,039,155013,19084,18476,1355,19831,247
2021-08-27,Marin,041,260295,16315,16055,349,16404,240
2021-08-27,Mariposa,043,17540,746,690,19,709,5
2021-08-27,Mendocino,045,87422,5871,5602,208,5810,55
2021-08-27,Merced,047,269075,35624,34906,1332,36238,495
2021-08-27,Modoc,049,8938,443,434,154,588,5
2021-08-27,Mono,051,14174,1409,1385,18,1403,3
2021-08-27,Monterey,053,433212,45977,45337,2298,47635,539
2021-08-27,Napa,055,140530,11607,11460,70,11530,87
2021-08-27,Nevada,057,99092,7546,7169,247,7416,82
2021-08-27,Orange,059,3164182,287651,283407,13194,296601,5206
2021-08-27,Placer,061,380077,31054,29157,2696,31853,320
2021-08-27,Plumas,063,18699,1038,984,17,1001,5
2021-08-27,Riverside,065,2383286,332178,325379,15235,340614,4622
2021-08-27,Sacramento,067,1510023,137140,131921,2993,134914,1838
2021-08-27,San Benito,069,59416,6702,6622,130,6752,64
2021-08-27,San Bernardino,071,2135413,327288,322893,10011,332904,5342
2021-08-27,San Diego,073,3302833,335635,330162,19655,349817,3877
2021-08-27,San Francisco,075,870044,47784,46456,1944,48400,581
2021-08-27,San Joaquin,077,732212,87825,84949,4527,89476,1524
2021-08-27,San Luis Obispo,079,281455,25827,24952,972,25924,280
2021-08-27,San Mateo,081,765935,49749,48424,708,49132,553
2021-08-27,Santa Barbara,083,443738,39673,38675,1337,40012,480
2021-08-27,Santa Clara,085,1922200,135339,132011,989,133000,1783
2021-08-27,Santa Cruz,087,273765,18563,18163,919,19082,210
2021-08-27,Shasta,089,179085,15648,14996,2258,17254,217
2021-08-27,Sierra,091,2930,111,91,13,104,0
2021-08-27,Siskiyou,093,43540,2534,2358,710,3068,33
2021-08-27,Solano,095,438530,41649,39347,1022,40369,287
2021-08-27,Sonoma,097,501317,37514,36326,446,36772,342
2021-08-27,Stanislaus,099,539301,66903,65167,7411,72578,1061
2021-08-27,Sutter,101,95872,11895,11590,148,11738,135
2021-08-27,Tehama,103,63373,6226,5964,849,6813,71
2021-08-27,Trinity,105,12862,625,458,154,612,3
2021-08-27,Tulare,107,460477,56497,54443,11143,65586,870
2021-08-27,Tuolumne,109,53932,5518,5438,62,5500,74
2021-08-27,Ventura,111,848112,90932,89774,3892,93666,1076
2021-08-27,Yolo,113,214977,17320,16805,718,17523,231
2021-08-27,Yuba,115,75493,8260,7926,176,8102,54
2021-08-26,Alameda,001,1643700,108815,106146,2423,108569,1296
2021-08-26,Alpine,002,1148,91,92,0,92,0
2021-08-26,Amador,005,37829,4568,4442,39,4481,53
2021-08-26,Butte,007,227075,15934,15159,2705,17864,214
2021-08-26,Calaveras,009,45235,3011,2873,19,2892,59
2021-08-26,Colusa,011,21464,2288,2234,482,2716,16
2021-08-26,Contra Costa,013,1133247,89630,85808,1746,87554,866
2021-08-26,Del Norte,015,27424,2866,2625,16,2641,8
2021-08-26,El Dorado,017,186661,13617,12863,1227,14090,118
2021-08-26,Fresno,019,978130,117369,113854,10223,124077,1770
2021-08-26,Glenn,021,27897,2856,2740,776,3516,20
2021-08-26,Humboldt,023,135768,7058,6695,222,6917,53
2021-08-26,Imperial,025,180216,30450,30121,2819,32940,748
2021-08-26,Inyo,027,18085,1542,1521,13,1534,39
2021-08-26,Kern,029,883053,108752,106051,14783,120834,1380
2021-08-26,Kings,031,150075,26646,25838,1397,27235,260
2021-08-26,Lake,033,64148,5402,5196,59,5255,74
2021-08-26,Lassen,035,31185,5761,5626,152,5778,21
2021-08-26,Los Angeles,037,10098052,1352521,1334372,48747,1383119,25199
2021-08-26,Madera,039,155013,19014,18393,1342,19735,247
2021-08-26,Marin,041,260295,16286,15983,346,16329,240
2021-08-26,Mariposa,043,17540,736,677,19,696,5
2021-08-26,Mendocino,045,87422,5833,5533,203,5736,55
2021-08-26,Merced,047,269075,35456,34755,1311,36066,495
2021-08-26,Modoc,049,8938,443,433,154,587,5
2021-08-26,Mono,051,14174,1405,1385,18,1403,3
2021-08-26,Monterey,053,433212,45904,45265,2287,47552,539
2021-08-26,Napa,055,140530,11584,11394,69,11463,87
2021-08-26,Nevada,057,99092,7489,7086,244,7330,80
2021-08-26,Orange,059,3164182,287159,282814,13170,295984,5200
2021-08-26,Placer,061,380077,30885,28898,2671,31569,319
2021-08-26,Plumas,063,18699,1031,971,16,987,5
2021-08-26,Riverside,065,2383286,331386,324486,15215,339701,4615
2021-08-26,Sacramento,067,1510023,136606,130977,2952,133929,1827
2021-08-26,San Benito,069,59416,6692,6604,130,6734,64
2021-08-26,San Bernardino,071,2135413,326630,322100,9986,332086,5339
2021-08-26,San Diego,073,3302833,334608,328276,19589,347865,3869
2021-08-26,San Francisco,075,870044,47658,46288,1938,48226,581
2021-08-26,San Joaquin,077,732212,87447,84429,4506,88935,1513
2021-08-26,San Luis Obispo,079,281455,25677,24831,965,25796,278
2021-08-26,San Mateo,081,765935,49620,48263,706,48969,553
2021-08-26,Santa Barbara,083,443738,39588,38566,1336,39902,479
2021-08-26,Santa Clara,085,1922200,135014,131443,985,132428,1782
2021-08-26,Santa Cruz,087,273765,18503,18072,917,18989,210
2021-08-26,Shasta,089,179085,15526,14891,2230,17121,217
2021-08-26,Sierra,091,2930,109,90,13,103,0
2021-08-26,Siskiyou,093,43540,2512,2342,697,3039,33
2021-08-26,Solano,095,438530,41500,39027,1013,40040,286
2021-08-26,Sonoma,097,501317,37425,36102,446,36548,337
2021-08-26,Stanislaus,099,539301,66603,64785,7370,72155,1061
2021-08-26,Sutter,101,95872,11835,11499,145,11644,135
2021-08-26,Tehama,103,63373,6168,5913,836,6749,68
2021-08-26,Trinity,105,12862,620,450,152,602,3
2021-08-26,Tulare,107,460477,56240,54157,11096,65253,870
2021-08-26,Tuolumne,109,53932,5498,5387,62,5449,74
2021-08-26,Ventura,111,848112,90746,89595,3883,93478,1080
2021-08-26,Yolo,113,214977,17255,16727,708,17435,231
2021-08-26,Yuba,115,75493,8187,7834,174,8008,54
2021-08-25,Alameda,001,1643700,108499,105636,2416,108052,1296
2021-08-25,Alpine,002,1148,91,92,0,92,0
2021-08-25,Amador,005,37829,4553,4415,39,4454,53
2021-08-25,Butte,007,227075,15825,15039,2661,17700,214
2021-08-25,Calaveras,009,45235,2992,2851,19,2870,59
2021-08-25,Colusa,011,21464,2281,2227,473,2700,16
2021-08-25,Contra Costa,013,1133247,89242,85322,1740,87062,863
2021-08-25,Del Norte,015,27424,2821,2573,16,2589,8
2021-08-25,El Dorado,017,186661,13557,12787,1212,13999,118
2021-08-25,Fresno,019,978130,116840,113384,10181,123565,1761
2021-08-25,Glenn,021,27897,2838,2728,761,3489,20
2021-08-25,Humboldt,023,135768,6989,6653,213,6866,52
2021-08-25,Imperial,025,180216,30413,30085,2813,32898,748
2021-08-25,Inyo,027,18085,1538,1518,13,1531,39
2021-08-25,Kern,029,883053,108321,105687,14628,120315,1379
2021-08-25,Kings,031,150075,26539,25676,1391,27067,258
2021-08-25,Lake,033,64148,5372,5163,56,5219,74
2021-08-25,Lassen,035,31185,5744,5583,151,5734,21
2021-08-25,Los Angeles,037,10098052,1349920,1331400,48651,1380051,25170
2021-08-25,Madera,039,155013,18950,18311,1320,19631,247
2021-08-25,Marin,041,260295,16264,15938,340,16278,240
2021-08-25,Mariposa,043,17540,730,676,19,695,5
2021-08-25,Mendocino,045,87422,5799,5486,197,5683,53
2021-08-25,Merced,047,269075,35324,34600,1298,35898,492
2021-08-25,Modoc,049,8938,443,433,154,587,5
2021-08-25,Mono,051,14174,1401,1382,18,1400,3
2021-08-25,Monterey,053,433212,45830,45196,2272,47468,539
2021-08-25,Napa,055,140530,11551,11348,68,11416,87
2021-08-25,Nevada,057,99092,7423,7000,243,7243,77
2021-08-25,Orange,059,3164182,286633,282061,13136,295197,5193
2021-08-25,Placer,061,380077,30712,28740,2638,31378,319
2021-08-25,Plumas,063,18699,1016,962,16,978,5
2021-08-25,Riverside,065,2383286,330542,323548,15193,338741,4610
2021-08-25,Sacramento,067,1510023,135923,130046,2913,132959,1827
2021-08-25,San Benito,069,59416,6671,6587,129,6716,64
2021-08-25,San Bernardino,071,2135413,325938,321228,9965,331193,5337
2021-08-25,San Diego,073,3302833,333340,327166,19504,346670,3859
2021-08-25,San Francisco,075,870044,47508,46107,1933,48040,578
2021-08-25,San Joaquin,077,732212,87062,84002,4489,88491,1510
2021-08-25,San Luis Obispo,079,281455,25485,24607,961,25568,276
2021-08-25,San Mateo,081,765935,49498,48153,703,48856,553
2021-08-25,Santa Barbara,083,443738,39459,38450,1336,39786,479
2021-08-25,Santa Clara,085,1922200,134646,130995,983,131978,1783
2021-08-25,Santa Cruz,087,273765,18443,17987,914,18901,210
2021-08-25,Shasta,089,179085,15400,14752,2198,16950,217
2021-08-25,Sierra,091,2930,106,90,13,103,0
2021-08-25,Siskiyou,093,43540,2467,2322,679,3001,33
2021-08-25,Solano,095,438530,41329,38848,1001,39849,286
2021-08-25,Sonoma,097,501317,37301,35986,443,36429,336
2021-08-25,Stanislaus,099,539301,66321,64441,7338,71779,1061
2021-08-25,Sutter,101,95872,11767,11451,141,11592,134
2021-08-25,Tehama,103,63373,6109,5861,819,6680,68
2021-08-25,Trinity,105,12862,614,450,151,601,3
2021-08-25,Tulare,107,460477,55956,53877,11026,64903,866
2021-08-25,Tuolumne,109,53932,5472,5354,62,5416,74
2021-08-25,Ventura,111,848112,90562,89379,3869,93248,1068
2021-08-25,Yolo,113,214977,17190,16667,698,17365,231
2021-08-25,Yuba,115,75493,8121,7771,173,7944,54
2021-08-24,Alameda,001,1643700,108190,105319,2404,107723,1296
2021-08-24,Alpine,002,1148,91,92,0,92,0
2021-08-24,Amador,005,37829,4534,4380,39,4419,50
2021-08-24,Butte,007,227075,15671,14964,2627,17591,214
2021-08-24,Calaveras,009,45235,2953,2811,19,2830,59
2021-08-24,Colusa,011,21464,2273,2221,468,2689,16
2021-08-24,Contra Costa,013,1133247,88879,84963,1735,86698,857
2021-08-24,Del Norte,015,27424,2794,2543,16,2559,8
2021-08-24,El Dorado,017,186661,13480,12732,1197,13929,118
2021-08-24,Fresno,019,978130,116232,113024,10118,123142,1761
2021-08-24,Glenn,021,27897,2823,2717,754,3471,20
2021-08-24,Humboldt,023,135768,6926,6585,200,6785,52
2021-08-24,Imperial,025,180216,30351,30045,2808,32853,748
2021-08-24,Inyo,027,18085,1533,1512,13,1525,39
2021-08-24,Kern,029,883053,107857,105399,14464,119863,1375
2021-08-24,Kings,031,150075,26418,25629,1376,27005,258
2021-08-24,Lake,033,64148,5337,5135,56,5191,72
2021-08-24,Lassen,035,31185,5728,5576,149,5725,21
2021-08-24,Los Angeles,037,10098052,1347055,1328777,48545,1377322,25135
2021-08-24,Madera,039,155013,18874,18251,1303,19554,247
2021-08-24,Marin,041,260295,16228,15900,336,16236,240
2021-08-24,Mariposa,043,17540,723,670,19,689,5
2021-08-24,Mendocino,045,87422,5756,5416,190,5606,52
2021-08-24,Merced,047,269075,35156,34490,1287,35777,491
2021-08-24,Modoc,049,8938,443,432,154,586,5
2021-08-24,Mono,051,14174,1399,1382,18,1400,3
2021-08-24,Monterey,053,433212,45764,45126,2255,47381,539
2021-08-24,Napa,055,140530,11519,11299,67,11366,85
2021-08-24,Nevada,057,99092,7353,6981,241,7222,77
2021-08-24,Orange,059,3164182,286033,281461,13112,294573,5187
2021-08-24,Placer,061,380077,30511,28618,2600,31218,318
2021-08-24,Plumas,063,18699,1006,953,16,969,5
2021-08-24,Riverside,065,2383286,329670,322620,15164,337784,4605
2021-08-24,Sacramento,067,1510023,135240,129542,2867,132409,1812
2021-08-24,San Benito,069,59416,6658,6576,129,6705,64
2021-08-24,San Bernardino,071,2135413,325183,320300,9936,330236,5328
2021-08-24,San Diego,073,3302833,331896,325823,19395,345218,3851
2021-08-24,San Francisco,075,870044,47333,46010,1923,47933,574
2021-08-24,San Joaquin,077,732212,86622,83684,4452,88136,1508
2021-08-24,San Luis Obispo,079,281455,25308,24443,950,25393,274
2021-08-24,San Mateo,081,765935,49349,48050,701,48751,553
2021-08-24,Santa Barbara,083,443738,39328,38307,1335,39642,478
2021-08-24,Santa Clara,085,1922200,134222,130763,978,131741,1779
2021-08-24,Santa Cruz,087,273765,18368,17928,908,18836,209
2021-08-24,Shasta,089,179085,15292,14664,2167,16831,217
2021-08-24,Sierra,091,2930,103,90,13,103,0
2021-08-24,Siskiyou,093,43540,2445,2294,664,2958,33
2021-08-24,Solano,095,438530,41120,38724,989,39713,283
2021-08-24,Sonoma,097,501317,37173,35849,441,36290,336
2021-08-24,Stanislaus,099,539301,65993,64195,7284,71479,1058
2021-08-24,Sutter,101,95872,11700,11384,138,11522,134
2021-08-24,Tehama,103,63373,6063,5826,805,6631,67
2021-08-24,Trinity,105,12862,603,446,143,589,3
2021-08-24,Tulare,107,460477,55604,53702,10936,64638,856
2021-08-24,Tuolumne,109,53932,5441,5287,62,5349,74
2021-08-24,Ventura,111,848112,90378,89167,3858,93025,1068
2021-08-24,Yolo,113,214977,17112,16492,685,17177,231
2021-08-24,Yuba,115,75493,8038,7723,171,7894,54
2021-08-23,Alameda,001,1643700,107782,104922,2391,107313,1294
2021-08-23,Alpine,002,1148,91,91,0,91,0
2021-08-23,Amador,005,37829,4520,4369,39,4408,50
2021-08-23,Butte,007,227075,15526,14847,2589,17436,211
2021-08-23,Calaveras,009,45235,2926,2803,19,2822,59
2021-08-23,Colusa,011,21464,2269,2206,465,2671,16
2021-08-23,Contra Costa,013,1133247,88501,84651,1728,86379,857
2021-08-23,Del Norte,015,27424,2748,2499,16,2515,8
2021-08-23,El Dorado,017,186661,13377,12684,1175,13859,118
2021-08-23,Fresno,019,978130,115666,112445,10068,122513,1759
2021-08-23,Glenn,021,27897,2807,2696,744,3440,20
2021-08-23,Humboldt,023,135768,6853,6498,186,6684,52
2021-08-23,Imperial,025,180216,30300,30011,2805,32816,748
2021-08-23,Inyo,027,18085,1526,1509,13,1522,39
2021-08-23,Kern,029,883053,107402,104995,14310,119305,1375
2021-08-23,Kings,031,150075,26287,25465,1370,26835,257
2021-08-23,Lake,033,64148,5297,5099,54,5153,69
2021-08-23,Lassen,035,31185,5716,5562,149,5711,21
2021-08-23,Los Angeles,037,10098052,1344084,1326412,48415,1374827,25096
2021-08-23,Madera,039,155013,18788,18155,1288,19443,246
2021-08-23,Marin,041,260295,16180,15856,332,16188,240
2021-08-23,Mariposa,043,17540,712,645,19,664,5
2021-08-23,Mendocino,045,87422,5689,5374,183,5557,51
2021-08-23,Merced,047,269075,34974,34322,1282,35604,488
2021-08-23,Modoc,049,8938,440,431,153,584,6
2021-08-23,Mono,051,14174,1395,1384,18,1402,3
2021-08-23,Monterey,053,433212,45664,45047,2245,47292,538
2021-08-23,Napa,055,140530,11481,11257,67,11324,85
2021-08-23,Nevada,057,99092,7272,6930,239,7169,77
2021-08-23,Orange,059,3164182,285399,280891,13078,293969,5181
2021-08-23,Placer,061,380077,30308,28540,2563,31103,314
2021-08-23,Plumas,063,18699,998,934,16,950,5
2021-08-23,Riverside,065,2383286,328752,321650,15138,336788,4598
2021-08-23,Sacramento,067,1510023,134452,128969,2800,131769,1807
2021-08-23,San Benito,069,59416,6640,6562,127,6689,64
2021-08-23,San Bernardino,071,2135413,324378,319577,9897,329474,5324
2021-08-23,San Diego,073,3302833,330463,324536,19272,343808,3848
2021-08-23,San Francisco,075,870044,47177,45945,1914,47859,573
2021-08-23,San Joaquin,077,732212,86190,83466,4419,87885,1499
2021-08-23,San Luis Obispo,079,281455,25125,24317,948,25265,274
2021-08-23,San Mateo,081,765935,49211,47935,698,48633,553
2021-08-23,Santa Barbara,083,443738,39149,38181,1333,39514,478
2021-08-23,Santa Clara,085,1922200,133822,130489,974,131463,1778
2021-08-23,Santa Cruz,087,273765,18311,17871,907,18778,209
2021-08-23,Shasta,089,179085,15165,14537,2129,16666,216
2021-08-23,Sierra,091,2930,103,90,13,103,0
2021-08-23,Siskiyou,093,43540,2424,2274,643,2917,33
2021-08-23,Solano,095,438530,40966,38612,980,39592,283
2021-08-23,Sonoma,097,501317,37052,35769,440,36209,336
2021-08-23,Stanislaus,099,539301,65658,63922,7245,71167,1058
2021-08-23,Sutter,101,95872,11612,11314,130,11444,133
2021-08-23,Tehama,103,63373,6009,5805,789,6594,67
2021-08-23,Trinity,105,12862,600,435,140,575,3
2021-08-23,Tulare,107,460477,55297,53370,10864,64234,856
2021-08-23,Tuolumne,109,53932,5399,5240,62,5302,73
2021-08-23,Ventura,111,848112,90160,88960,3846,92806,1063
2021-08-23,Yolo,113,214977,17023,16445,671,17116,226
2021-08-23,Yuba,115,75493,7967,7653,169,7822,54
2021-08-22,Alameda,001,1643700,107339,104539,2364,106903,1294
2021-08-22,Alpine,002,1148,91,91,0,91,0
2021-08-22,Amador,005,37829,4490,4349,39,4388,50
2021-08-22,Butte,007,227075,15387,14791,2554,17345,211
2021-08-22,Calaveras,009,45235,2889,2771,19,2790,59
2021-08-22,Colusa,011,21464,2262,2201,459,2660,16
2021-08-22,Contra Costa,013,1133247,87959,84371,1715,86086,857
2021-08-22,Del Norte,015,27424,2688,2455,16,2471,8
2021-08-22,El Dorado,017,186661,13273,12629,1155,13784,118
2021-08-22,Fresno,019,978130,115067,112057,10000,122057,1759
2021-08-22,Glenn,021,27897,2780,2678,731,3409,20
2021-08-22,Humboldt,023,135768,6775,6483,168,6651,52
2021-08-22,Imperial,025,180216,30242,29993,2800,32793,748
2021-08-22,Inyo,027,18085,1520,1505,13,1518,39
2021-08-22,Kern,029,883053,106876,104691,14158,118849,1375
2021-08-22,Kings,031,150075,26129,25391,1353,26744,257
2021-08-22,Lake,033,64148,5252,5069,51,5120,69
2021-08-22,Lassen,035,31185,5684,5556,145,5701,21
2021-08-22,Los Angeles,037,10098052,1340762,1324151,48285,1372436,25089
2021-08-22,Madera,039,155013,18669,18120,1274,19394,246
2021-08-22,Marin,041,260295,16128,15822,324,16146,240
2021-08-22,Mariposa,043,17540,702,638,17,655,5
2021-08-22,Mendocino,045,87422,5630,5336,183,5519,51
2021-08-22,Merced,047,269075,34771,34234,1269,35503,488
2021-08-22,Modoc,049,8938,438,431,153,584,6
2021-08-22,Mono,051,14174,1393,1378,18,1396,3
2021-08-22,Monterey,053,433212,45564,45017,2231,47248,538
2021-08-22,Napa,055,140530,11436,11231,67,11298,85
2021-08-22,Nevada,057,99092,7198,6864,237,7101,77
2021-08-22,Orange,059,3164182,284705,280390,13034,293424,5181
2021-08-22,Placer,061,380077,30104,28395,2525,30920,314
2021-08-22,Plumas,063,18699,980,923,15,938,5
2021-08-22,Riverside,065,2383286,327731,320836,15091,335927,4594
2021-08-22,Sacramento,067,1510023,133676,128231,2760,130991,1802
2021-08-22,San Benito,069,59416,6624,6550,127,6677,64
2021-08-22,San Bernardino,071,2135413,323411,318839,9862,328701,5324
2021-08-22,San Diego,073,3302833,329140,323591,19166,342757,3848
2021-08-22,San Francisco,075,870044,47011,45831,1905,47736,573
2021-08-22,San Joaquin,077,732212,85734,83121,4384,87505,1498
2021-08-22,San Luis Obispo,079,281455,24919,24250,941,25191,274
2021-08-22,San Mateo,081,765935,49035,47821,693,48514,553
2021-08-22,Santa Barbara,083,443738,38968,38099,1325,39424,478
2021-08-22,Santa Clara,085,1922200,133405,130189,967,131156,1778
2021-08-22,Santa Cruz,087,273765,18253,17823,902,18725,209
2021-08-22,Shasta,089,179085,15028,14478,2093,16571,216
2021-08-22,Sierra,091,2930,103,87,13,100,0
2021-08-22,Siskiyou,093,43540,2395,2261,625,2886,33
2021-08-22,Solano,095,438530,40768,38489,967,39456,283
2021-08-22,Sonoma,097,501317,36895,35676,438,36114,336
2021-08-22,Stanislaus,099,539301,65305,63683,7155,70838,1058
2021-08-22,Sutter,101,95872,11530,11251,126,11377,133
2021-08-22,Tehama,103,63373,5963,5791,770,6561,67
2021-08-22,Trinity,105,12862,593,433,138,571,3
2021-08-22,Tulare,107,460477,54979,53220,10781,64001,856
2021-08-22,Tuolumne,109,53932,5356,5214,62,5276,73
2021-08-22,Ventura,111,848112,89951,88791,3829,92620,1063
2021-08-22,Yolo,113,214977,16920,16374,664,17038,226
2021-08-22,Yuba,115,75493,7894,7626,168,7794,54
2021-08-21,Alameda,001,1643700,107138,104281,2358,106639,1294
2021-08-21,Alpine,002,1148,91,91,0,91,0
2021-08-21,Amador,005,37829,4480,4338,38,4376,50
2021-08-21,Butte,007,227075,15319,14714,2535,17249,211
2021-08-21,Calaveras,009,45235,2873,2744,19,2763,59
2021-08-21,Colusa,011,21464,2256,2192,455,2647,16
2021-08-21,Contra Costa,013,1133247,87700,84136,1707,85843,857
2021-08-21,Del Norte,015,27424,2665,2409,16,2425,8
2021-08-21,El Dorado,017,186661,13229,12590,1151,13741,118
2021-08-21,Fresno,019,978130,114865,111765,9988,121753,1759
2021-08-21,Glenn,021,27897,2767,2654,723,3377,20
2021-08-21,Humboldt,023,135768,6737,6446,163,6609,52
2021-08-21,Imperial,025,180216,30200,29976,2797,32773,748
2021-08-21,Inyo,027,18085,1517,1500,13,1513,39
2021-08-21,Kern,029,883053,106621,104443,14035,118478,1375
2021-08-21,Kings,031,150075,26058,25313,1348,26661,257
2021-08-21,Lake,033,64148,5231,5055,49,5104,69
2021-08-21,Lassen,035,31185,5670,5553,145,5698,21
2021-08-21,Los Angeles,037,10098052,1339464,1321308,48193,1369501,25080
2021-08-21,Madera,039,155013,18631,18067,1268,19335,246
2021-08-21,Marin,041,260295,16094,15775,322,16097,240
2021-08-21,Mariposa,043,17540,692,634,17,651,5
2021-08-21,Mendocino,045,87422,5584,5307,182,5489,51
2021-08-21,Merced,047,269075,34666,34148,1264,35412,488
2021-08-21,Modoc,049,8938,438,430,153,583,6
2021-08-21,Mono,051,14174,1393,1378,18,1396,3
2021-08-21,Monterey,053,433212,45517,44969,2224,47193,538
2021-08-21,Napa,055,140530,11401,11211,67,11278,85
2021-08-21,Nevada,057,99092,7154,6810,236,7046,77
2021-08-21,Orange,059,3164182,284253,279855,13000,292855,5181
2021-08-21,Placer,061,380077,29960,28289,2502,30791,314
2021-08-21,Plumas,063,18699,976,916,14,930,5
2021-08-21,Riverside,065,2383286,327151,320086,15078,335164,4594
2021-08-21,Sacramento,067,1510023,133180,127751,2748,130499,1809
2021-08-21,San Benito,069,59416,6614,6542,126,6668,64
2021-08-21,San Bernardino,071,2135413,322962,318293,9841,328134,5324
2021-08-21,San Diego,073,3302833,328484,322620,19117,341737,3848
2021-08-21,San Francisco,075,870044,46909,45637,1898,47535,573
2021-08-21,San Joaquin,077,732212,85516,82825,4368,87193,1498
2021-08-21,San Luis Obispo,079,281455,24861,24169,941,25110,273
2021-08-21,San Mateo,081,765935,48940,47685,693,48378,553
2021-08-21,Santa Barbara,083,443738,38886,37951,1321,39272,478
2021-08-21,Santa Clara,085,1922200,133140,129911,963,130874,1778
2021-08-21,Santa Cruz,087,273765,18216,17763,897,18660,209
2021-08-21,Shasta,089,179085,14954,14417,2079,16496,217
2021-08-21,Sierra,091,2930,98,85,13,98,0
2021-08-21,Siskiyou,093,43540,2381,2246,614,2860,33
2021-08-21,Solano,095,438530,40657,38423,957,39380,281
2021-08-21,Sonoma,097,501317,36808,35582,437,36019,336
2021-08-21,Stanislaus,099,539301,65123,63512,7138,70650,1058
2021-08-21,Sutter,101,95872,11485,11204,124,11328,133
2021-08-21,Tehama,103,63373,5938,5757,763,6520,67
2021-08-21,Trinity,105,12862,588,431,136,567,3
2021-08-21,Tulare,107,460477,54834,53045,10738,63783,857
2021-08-21,Tuolumne,109,53932,5325,5193,62,5255,73
2021-08-21,Ventura,111,848112,89806,88558,3814,92372,1063
2021-08-21,Yolo,113,214977,16873,16322,658,16980,226
2021-08-21,Yuba,115,75493,7848,7580,167,7747,54
2021-08-20,Alameda,001,1643700,106902,103812,2350,106162,1294
2021-08-20,Alpine,002,1148,91,91,0,91,0
2021-08-20,Amador,005,37829,4454,4323,38,4361,50
2021-08-20,Butte,007,227075,15246,14617,2511,17128,211
2021-08-20,Calaveras,009,45235,2853,2717,19,2736,59
2021-08-20,Colusa,011,21464,2251,2178,453,2631,16
2021-08-20,Contra Costa,013,1133247,87425,83721,1700,85421,857
2021-08-20,Del Norte,015,27424,2633,2316,16,2332,8
2021-08-20,El Dorado,017,186661,13191,12495,1143,13638,118
2021-08-20,Fresno,019,978130,114507,111315,9954,121269,1759
2021-08-20,Glenn,021,27897,2760,2642,713,3355,20
2021-08-20,Humboldt,023,135768,6685,6349,158,6507,52
2021-08-20,Imperial,025,180216,30177,29934,2797,32731,747
2021-08-20,Inyo,027,18085,1511,1495,13,1508,39
2021-08-20,Kern,029,883053,106338,104048,13907,117955,1373
2021-08-20,Kings,031,150075,25992,25241,1346,26587,256
2021-08-20,Lake,033,64148,5216,5024,46,5070,69
2021-08-20,Lassen,035,31185,5650,5539,145,5684,21
2021-08-20,Los Angeles,037,10098052,1337585,1317541,48093,1365634,25049
2021-08-20,Madera,039,155013,18582,18018,1253,19271,246
2021-08-20,Marin,041,260295,16076,15727,318,16045,240
2021-08-20,Mariposa,043,17540,687,630,17,647,5
2021-08-20,Mendocino,045,87422,5538,5241,181,5422,51
2021-08-20,Merced,047,269075,34602,34035,1254,35289,486
2021-08-20,Modoc,049,8938,438,429,153,582,6
2021-08-20,Mono,051,14174,1392,1368,18,1386,3
2021-08-20,Monterey,053,433212,45479,44890,2218,47108,538
2021-08-20,Napa,055,140530,11369,11152,67,11219,83
2021-08-20,Nevada,057,99092,7112,6753,230,6983,77
2021-08-20,Orange,059,3164182,283808,279193,12979,292172,5179
2021-08-20,Placer,061,380077,29865,28156,2474,30630,313
2021-08-20,Plumas,063,18699,966,908,14,922,5
2021-08-20,Riverside,065,2383286,326455,319072,15047,334119,4594
2021-08-20,Sacramento,067,1510023,132704,127226,2730,129956,1797
2021-08-20,San Benito,069,59416,6600,6508,126,6634,64
2021-08-20,San Bernardino,071,2135413,322351,317372,9812,327184,5322
2021-08-20,San Diego,073,3302833,327575,321102,19047,340149,3846
2021-08-20,San Francisco,075,870044,46813,45432,1883,47315,573
2021-08-20,San Joaquin,077,732212,85285,82419,4349,86768,1496
2021-08-20,San Luis Obispo,079,281455,24783,23986,937,24923,273
2021-08-20,San Mateo,081,765935,48827,47561,690,48251,551
2021-08-20,Santa Barbara,083,443738,38800,37794,1316,39110,477
2021-08-20,Santa Clara,085,1922200,132858,129510,958,130468,1774
2021-08-20,Santa Cruz,087,273765,18176,17701,894,18595,209
2021-08-20,Shasta,089,179085,14873,14277,2061,16338,215
2021-08-20,Sierra,091,2930,97,83,13,96,0
2021-08-20,Siskiyou,093,43540,2365,2226,609,2835,33
2021-08-20,Solano,095,438530,40516,38214,946,39160,277
2021-08-20,Sonoma,097,501317,36740,35416,436,35852,336
2021-08-20,Stanislaus,099,539301,64934,63219,7114,70333,1047
2021-08-20,Sutter,101,95872,11429,11136,123,11259,133
2021-08-20,Tehama,103,63373,5922,5730,751,6481,66
2021-08-20,Trinity,105,12862,588,422,135,557,3
2021-08-20,Tulare,107,460477,54704,52855,10695,63550,856
2021-08-20,Tuolumne,109,53932,5301,5153,61,5214,73
2021-08-20,Ventura,111,848112,89638,88285,3811,92096,1061
2021-08-20,Yolo,113,214977,16818,16236,652,16888,225
2021-08-20,Yuba,115,75493,7807,7523,167,7690,54
2021-08-19,Alameda,001,1643700,106457,103276,2328,105604,1294
2021-08-19,Alpine,002,1148,91,91,0,91,0
2021-08-19,Amador,005,37829,4447,4317,38,4355,50
2021-08-19,Butte,007,227075,15112,14518,2483,17001,211
2021-08-19,Calaveras,009,45235,2831,2673,19,2692,59
2021-08-19,Colusa,011,21464,2242,2167,448,2615,16
2021-08-19,Contra Costa,013,1133247,86986,83296,1687,84983,852
2021-08-19,Del Norte,015,27424,2583,2257,16,2273,8
2021-08-19,El Dorado,017,186661,13105,12410,1124,13534,118
2021-08-19,Fresno,019,978130,114063,110947,9900,120847,1759
2021-08-19,Glenn,021,27897,2742,2629,706,3335,20
2021-08-19,Humboldt,023,135768,6624,6246,152,6398,52
2021-08-19,Imperial,025,180216,30131,29865,2792,32657,747
2021-08-19,Inyo,027,18085,1504,1494,13,1507,39
2021-08-19,Kern,029,883053,105942,103731,13766,117497,1371
2021-08-19,Kings,031,150075,25861,25128,1334,26462,256
2021-08-19,Lake,033,64148,5184,4991,42,5033,69
2021-08-19,Lassen,035,31185,5632,5520,144,5664,21
2021-08-19,Los Angeles,037,10098052,1334601,1314453,47954,1362407,25020
2021-08-19,Madera,039,155013,18520,17947,1238,19185,246
2021-08-19,Marin,041,260295,16043,15672,315,15987,240
2021-08-19,Mariposa,043,17540,672,618,17,635,5
2021-08-19,Mendocino,045,87422,5505,5167,178,5345,51
2021-08-19,Merced,047,269075,34467,33851,1240,35091,486
2021-08-19,Modoc,049,8938,438,427,153,580,6
2021-08-19,Mono,051,14174,1388,1349,18,1367,3
2021-08-19,Monterey,053,433212,45406,44821,2208,47029,538
2021-08-19,Napa,055,140530,11317,11104,67,11171,83
2021-08-19,Nevada,057,99092,7049,6695,227,6922,77
2021-08-19,Orange,059,3164182,283171,278562,12928,291490,5172
2021-08-19,Placer,061,380077,29683,27953,2454,30407,313
2021-08-19,Plumas,063,18699,953,896,14,910,5
2021-08-19,Riverside,065,2383286,325423,318056,15018,333074,4589
2021-08-19,Sacramento,067,1510023,132000,126720,2694,129414,1801
2021-08-19,San Benito,069,59416,6583,6493,125,6618,64
2021-08-19,San Bernardino,071,2135413,321527,316398,9789,326187,5318
2021-08-19,San Diego,073,3302833,326324,319582,18949,338531,3839
2021-08-19,San Francisco,075,870044,46650,45220,1870,47090,571
2021-08-19,San Joaquin,077,732212,84835,82047,4300,86347,1491
2021-08-19,San Luis Obispo,079,281455,24645,23878,930,24808,271
2021-08-19,San Mateo,081,765935,48695,47431,689,48120,551
2021-08-19,Santa Barbara,083,443738,38655,37693,1313,39006,477
2021-08-19,Santa Clara,085,1922200,132468,129133,951,130084,1774
2021-08-19,Santa Cruz,087,273765,18113,17644,887,18531,209
2021-08-19,Shasta,089,179085,14749,14200,2038,16238,214
2021-08-19,Sierra,091,2930,93,83,13,96,0
2021-08-19,Siskiyou,093,43540,2350,2218,597,2815,33
2021-08-19,Solano,095,438530,40358,38025,935,38960,273
2021-08-19,Sonoma,097,501317,36652,35233,435,35668,336
2021-08-19,Stanislaus,099,539301,64590,62928,7070,69998,1047
2021-08-19,Sutter,101,95872,11344,11057,122,11179,133
2021-08-19,Tehama,103,63373,5886,5683,725,6408,66
2021-08-19,Trinity,105,12862,584,414,133,547,3
2021-08-19,Tulare,107,460477,54472,52685,10632,63317,856
2021-08-19,Tuolumne,109,53932,5265,5112,60,5172,64
2021-08-19,Ventura,111,848112,89435,88073,3797,91870,1060
2021-08-19,Yolo,113,214977,16733,16153,644,16797,225
2021-08-19,Yuba,115,75493,7755,7458,166,7624,51
2021-08-18,Alameda,001,1643700,106051,102696,2307,105003,1294
2021-08-18,Alpine,002,1148,90,91,0,91,0
2021-08-18,Amador,005,37829,4431,4279,37,4316,50
2021-08-18,Butte,007,227075,15003,14426,2452,16878,208
2021-08-18,Calaveras,009,45235,2792,2643,18,2661,59
2021-08-18,Colusa,011,21464,2234,2160,444,2604,16
2021-08-18,Contra Costa,013,1133247,86486,82767,1681,84448,851
2021-08-18,Del Norte,015,27424,2526,2219,16,2235,8
2021-08-18,El Dorado,017,186661,13015,12306,1110,13416,118
2021-08-18,Fresno,019,978130,113607,110523,9839,120362,1759
2021-08-18,Glenn,021,27897,2709,2623,698,3321,20
2021-08-18,Humboldt,023,135768,6553,6195,147,6342,52
2021-08-18,Imperial,025,180216,30098,29821,2790,32611,746
2021-08-18,Inyo,027,18085,1501,1494,13,1507,39
2021-08-18,Kern,029,883053,105595,103440,13672,117112,1370
2021-08-18,Kings,031,150075,25752,24984,1326,26310,256
2021-08-18,Lake,033,64148,5143,4957,41,4998,69
2021-08-18,Lassen,035,31185,5613,5506,143,5649,21
2021-08-18,Los Angeles,037,10098052,1331447,1311477,47824,1359301,24984
2021-08-18,Madera,039,155013,18461,17871,1225,19096,246
2021-08-18,Marin,041,260295,16005,15610,312,15922,240
2021-08-18,Mariposa,043,17540,659,615,16,631,5
2021-08-18,Mendocino,045,87422,5454,5129,176,5305,51
2021-08-18,Merced,047,269075,34303,33708,1229,34937,484
2021-08-18,Modoc,049,8938,438,427,152,579,6
2021-08-18,Mono,051,14174,1385,1344,18,1362,3
2021-08-18,Monterey,053,433212,45322,44735,2191,46926,532
2021-08-18,Napa,055,140530,11278,11060,66,11126,83
2021-08-18,Nevada,057,99092,6983,6633,227,6860,76
2021-08-18,Orange,059,3164182,282533,277795,12876,290671,5168
2021-08-18,Placer,061,380077,29456,27741,2426,30167,312
2021-08-18,Plumas,063,18699,944,874,14,888,5
2021-08-18,Riverside,065,2383286,324424,317107,14985,332092,4585
2021-08-18,Sacramento,067,1510023,131239,125599,2661,128260,1781
2021-08-18,San Benito,069,59416,6572,6481,124,6605,64
2021-08-18,San Bernardino,071,2135413,320728,315477,9770,325247,5304
2021-08-18,San Diego,073,3302833,324984,318152,18883,337035,3834
2021-08-18,San Francisco,075,870044,46448,44957,1861,46818,568
2021-08-18,San Joaquin,077,732212,84382,81601,4269,85870,1491
2021-08-18,San Luis Obispo,079,281455,24495,23726,917,24643,270
2021-08-18,San Mateo,081,765935,48531,47255,688,47943,551
2021-08-18,Santa Barbara,083,443738,38525,37599,1307,38906,475
2021-08-18,Santa Clara,085,1922200,132104,128563,948,129511,1773
2021-08-18,Santa Cruz,087,273765,18058,17566,883,18449,209
2021-08-18,Shasta,089,179085,14650,14087,2019,16106,213
2021-08-18,Sierra,091,2930,92,83,13,96,0
2021-08-18,Siskiyou,093,43540,2321,2204,585,2789,33
2021-08-18,Solano,095,438530,40152,37812,920,38732,271
2021-08-18,Sonoma,097,501317,36508,35063,434,35497,333
2021-08-18,Stanislaus,099,539301,64259,62613,7027,69640,1047
2021-08-18,Sutter,101,95872,11272,11004,117,11121,130
2021-08-18,Tehama,103,63373,5851,5653,715,6368,66
2021-08-18,Trinity,105,12862,577,409,130,539,3
2021-08-18,Tulare,107,460477,54234,52486,10563,63049,856
2021-08-18,Tuolumne,109,53932,5229,5081,58,5139,64
2021-08-18,Ventura,111,848112,89203,87835,3787,91622,1055
2021-08-18,Yolo,113,214977,16650,16047,626,16673,225
2021-08-18,Yuba,115,75493,7690,7391,166,7557,51
2021-08-17,Alameda,001,1643700,105653,102379,2292,104671,1290
2021-08-17,Alpine,002,1148,90,91,0,91,0
2021-08-17,Amador,005,37829,4402,4266,37,4303,50
2021-08-17,Butte,007,227075,14896,14357,2419,16776,206
2021-08-17,Calaveras,009,45235,2758,2624,18,2642,59
2021-08-17,Colusa,011,21464,2225,2156,440,2596,16
2021-08-17,Contra Costa,013,1133247,86038,82482,1671,84153,848
2021-08-17,Del Norte,015,27424,2472,2188,16,2204,8
2021-08-17,El Dorado,017,186661,12928,12242,1096,13338,118
2021-08-17,Fresno,019,978130,113123,110263,9776,120039,1755
2021-08-17,Glenn,021,27897,2695,2608,689,3297,20
2021-08-17,Humboldt,023,135768,6473,6155,145,6300,52
2021-08-17,Imperial,025,180216,30047,29768,2786,32554,746
2021-08-17,Inyo,027,18085,1498,1492,13,1505,39
2021-08-17,Kern,029,883053,105201,103048,13551,116599,1367
2021-08-17,Kings,031,150075,25647,24930,1315,26245,254
2021-08-17,Lake,033,64148,5100,4930,35,4965,68
2021-08-17,Lassen,035,31185,5596,5499,141,5640,21
2021-08-17,Los Angeles,037,10098052,1327878,1307999,47697,1355696,24952
2021-08-17,Madera,039,155013,18387,17838,1207,19045,246
2021-08-17,Marin,041,260295,15949,15570,312,15882,240
2021-08-17,Mariposa,043,17540,651,609,15,624,5
2021-08-17,Mendocino,045,87422,5399,5097,176,5273,51
2021-08-17,Merced,047,269075,34153,33508,1218,34726,482
2021-08-17,Modoc,049,8938,435,424,150,574,6
2021-08-17,Mono,051,14174,1380,1341,18,1359,3
2021-08-17,Monterey,053,433212,45238,44672,2181,46853,528
2021-08-17,Napa,055,140530,11237,11007,65,11072,83
2021-08-17,Nevada,057,99092,6908,6605,225,6830,75
2021-08-17,Orange,059,3164182,281888,277121,12840,289961,5164
2021-08-17,Placer,061,380077,29244,27634,2397,30031,312
2021-08-17,Plumas,063,18699,932,860,14,874,5
2021-08-17,Riverside,065,2383286,323411,316051,14942,330993,4582
2021-08-17,Sacramento,067,1510023,130445,125151,2619,127770,1774
2021-08-17,San Benito,069,59416,6553,6470,124,6594,64
2021-08-17,San Bernardino,071,2135413,319789,314402,9730,324132,5302
2021-08-17,San Diego,073,3302833,323374,317058,18785,335843,3824
2021-08-17,San Francisco,075,870044,46249,44820,1855,46675,567
2021-08-17,San Joaquin,077,732212,83914,81300,4235,85535,1489
2021-08-17,San Luis Obispo,079,281455,24339,23556,914,24470,268
2021-08-17,San Mateo,081,765935,48376,47127,683,47810,551
2021-08-17,Santa Barbara,083,443738,38366,37478,1300,38778,475
2021-08-17,Santa Clara,085,1922200,131701,128354,942,129296,1773
2021-08-17,Santa Cruz,087,273765,17973,17528,882,18410,209
2021-08-17,Shasta,089,179085,14519,14012,2000,16012,214
2021-08-17,Sierra,091,2930,91,82,13,95,0
2021-08-17,Siskiyou,093,43540,2305,2183,572,2755,33
2021-08-17,Solano,095,438530,39923,37662,907,38569,269
2021-08-17,Sonoma,097,501317,36360,34943,430,35373,333
2021-08-17,Stanislaus,099,539301,63918,62385,6968,69353,1047
2021-08-17,Sutter,101,95872,11200,10973,117,11090,130
2021-08-17,Tehama,103,63373,5817,5612,694,6306,66
2021-08-17,Trinity,105,12862,572,406,128,534,3
2021-08-17,Tulare,107,460477,53966,52362,10498,62860,856
2021-08-17,Tuolumne,109,53932,5186,5042,57,5099,64
2021-08-17,Ventura,111,848112,88964,87601,3766,91367,1053
2021-08-17,Yolo,113,214977,16561,15975,612,16587,225
2021-08-17,Yuba,115,75493,7618,7355,166,7521,51
2021-08-16,Alameda,001,1643700,105156,102052,2284,104336,1287
2021-08-16,Alpine,002,1148,90,91,0,91,0
2021-08-16,Amador,005,37829,4392,4235,37,4272,50
2021-08-16,Butte,007,227075,14779,14283,2381,16664,206
2021-08-16,Calaveras,009,45235,2699,2609,17,2626,57
2021-08-16,Colusa,011,21464,2214,2147,436,2583,16
2021-08-16,Contra Costa,013,1133247,85495,82070,1661,83731,848
2021-08-16,Del Norte,015,27424,2395,2125,16,2141,8
2021-08-16,El Dorado,017,186661,12827,12139,1083,13222,118
2021-08-16,Fresno,019,978130,112624,109623,9724,119347,1753
2021-08-16,Glenn,021,27897,2676,2593,683,3276,20
2021-08-16,Humboldt,023,135768,6402,6064,124,6188,52
2021-08-16,Imperial,025,180216,30006,29737,2772,32509,746
2021-08-16,Inyo,027,18085,1495,1490,13,1503,39
2021-08-16,Kern,029,883053,104826,102690,13435,116125,1367
2021-08-16,Kings,031,150075,25544,24817,1306,26123,254
2021-08-16,Lake,033,64148,5073,4898,34,4932,68
2021-08-16,Lassen,035,31185,5580,5481,133,5614,21
2021-08-16,Los Angeles,037,10098052,1324495,1305330,47557,1352887,24923
2021-08-16,Madera,039,155013,18312,17756,1186,18942,246
2021-08-16,Marin,041,260295,15890,15497,311,15808,239
2021-08-16,Mariposa,043,17540,634,597,15,612,5
2021-08-16,Mendocino,045,87422,5343,5037,174,5211,49
2021-08-16,Merced,047,269075,33952,33364,1205,34569,481
2021-08-16,Modoc,049,8938,433,421,149,570,5
2021-08-16,Mono,051,14174,1375,1339,18,1357,3
2021-08-16,Monterey,053,433212,45159,44595,2169,46764,527
2021-08-16,Napa,055,140530,11208,10946,65,11011,83
2021-08-16,Nevada,057,99092,6852,6535,224,6759,74
2021-08-16,Orange,059,3164182,281094,275985,12794,288779,5161
2021-08-16,Placer,061,380077,29060,27384,2365,29749,306
2021-08-16,Plumas,063,18699,921,851,14,865,5
2021-08-16,Riverside,065,2383286,322318,314774,14905,329679,4582
2021-08-16,Sacramento,067,1510023,129635,124554,2576,127130,1762
2021-08-16,San Benito,069,59416,6529,6452,124,6576,64
2021-08-16,San Bernardino,071,2135413,318822,313617,9703,323320,5301
2021-08-16,San Diego,073,3302833,321776,315348,18645,333993,3824
2021-08-16,San Francisco,075,870044,46046,44681,1848,46529,567
2021-08-16,San Joaquin,077,732212,83410,81087,4207,85294,1488
2021-08-16,San Luis Obispo,079,281455,24189,23452,906,24358,265
2021-08-16,San Mateo,081,765935,48193,47024,677,47701,548
2021-08-16,Santa Barbara,083,443738,38196,37358,1295,38653,475
2021-08-16,Santa Clara,085,1922200,131237,127978,938,128916,1773
2021-08-16,Santa Cruz,087,273765,17909,17491,876,18367,209
2021-08-16,Shasta,089,179085,14430,13862,1984,15846,211
2021-08-16,Sierra,091,2930,88,82,13,95,0
2021-08-16,Siskiyou,093,43540,2288,2169,552,2721,33
2021-08-16,Solano,095,438530,39642,37436,895,38331,263
2021-08-16,Sonoma,097,501317,36192,34844,427,35271,333
2021-08-16,Stanislaus,099,539301,63579,62033,6916,68949,1039
2021-08-16,Sutter,101,95872,11131,10902,116,11018,130
2021-08-16,Tehama,103,63373,5754,5565,689,6254,66
2021-08-16,Trinity,105,12862,566,400,127,527,3
2021-08-16,Tulare,107,460477,53722,52162,10430,62592,856
2021-08-16,Tuolumne,109,53932,5147,4984,56,5040,64
2021-08-16,Ventura,111,848112,88719,86954,3748,90702,1052
2021-08-16,Yolo,113,214977,16460,15922,604,16526,225
2021-08-16,Yuba,115,75493,7534,7314,165,7479,51
2021-08-15,Alameda,001,1643700,104672,101660,2267,103927,1287
2021-08-15,Alpine,002,1148,90,91,0,91,0
2021-08-15,Amador,005,37829,4364,4231,37,4268,49
2021-08-15,Butte,007,227075,14656,14263,2357,16620,206
2021-08-15,Calaveras,009,45235,2658,2599,17,2616,57
2021-08-15,Colusa,011,21464,2202,2140,426,2566,16
2021-08-15,Contra Costa,013,1133247,85011,81781,1646,83427,848
2021-08-15,Del Norte,015,27424,2328,2060,16,2076,8
2021-08-15,El Dorado,017,186661,12692,12057,1066,13123,118
2021-08-15,Fresno,019,978130,112144,109382,9658,119040,1753
2021-08-15,Glenn,021,27897,2653,2592,671,3263,20
2021-08-15,Humboldt,023,135768,6328,6024,118,6142,52
2021-08-15,Imperial,025,180216,29940,29711,2768,32479,746
2021-08-15,Inyo,027,18085,1494,1489,13,1502,39
2021-08-15,Kern,029,883053,104382,102524,13323,115847,1367
2021-08-15,Kings,031,150075,25398,24736,1296,26032,254
2021-08-15,Lake,033,64148,5014,4886,33,4919,68
2021-08-15,Lassen,035,31185,5563,5482,132,5614,21
2021-08-15,Los Angeles,037,10098052,1320960,1302882,47388,1350270,24918
2021-08-15,Madera,039,155013,18224,17714,1170,18884,246
2021-08-15,Marin,041,260295,15831,15461,309,15770,239
2021-08-15,Mariposa,043,17540,627,591,14,605,5
2021-08-15,Mendocino,045,87422,5286,5022,168,5190,49
2021-08-15,Merced,047,269075,33708,33305,1194,34499,481
2021-08-15,Modoc,049,8938,431,421,149,570,5
2021-08-15,Mono,051,14174,1371,1334,18,1352,3
2021-08-15,Monterey,053,433212,45037,44567,2148,46715,527
2021-08-15,Napa,055,140530,11153,10919,65,10984,83
2021-08-15,Nevada,057,99092,6767,6486,224,6710,74
2021-08-15,Orange,059,3164182,280324,275447,12754,288201,5161
2021-08-15,Placer,061,380077,28834,27220,2317,29537,306
2021-08-15,Plumas,063,18699,909,850,14,864,5
2021-08-15,Riverside,065,2383286,321182,314133,14878,329011,4582
2021-08-15,Sacramento,067,1510023,128816,123924,2544,126468,1761
2021-08-15,San Benito,069,59416,6511,6446,123,6569,64
2021-08-15,San Bernardino,071,2135413,317750,313120,9672,322792,5301
2021-08-15,San Diego,073,3302833,320304,314247,18518,332765,3824
2021-08-15,San Francisco,075,870044,45821,44531,1833,46364,567
2021-08-15,San Joaquin,077,732212,82922,80832,4168,85000,1488
2021-08-15,San Luis Obispo,079,281455,23993,23404,896,24300,265
2021-08-15,San Mateo,081,765935,48006,46897,671,47568,548
2021-08-15,Santa Barbara,083,443738,38024,37276,1288,38564,475
2021-08-15,Santa Clara,085,1922200,130803,127715,932,128647,1773
2021-08-15,Santa Cruz,087,273765,17839,17440,869,18309,209
2021-08-15,Shasta,089,179085,14327,13835,1959,15794,211
2021-08-15,Sierra,091,2930,87,82,12,94,0
2021-08-15,Siskiyou,093,43540,2267,2169,538,2707,33
2021-08-15,Solano,095,438530,39385,37320,884,38204,263
2021-08-15,Sonoma,097,501317,35996,34706,419,35125,333
2021-08-15,Stanislaus,099,539301,63210,61795,6839,68634,1039
2021-08-15,Sutter,101,95872,11040,10863,116,10979,130
2021-08-15,Tehama,103,63373,5705,5550,683,6233,66
2021-08-15,Trinity,105,12862,562,400,126,526,3
2021-08-15,Tulare,107,460477,53467,52046,10371,62417,856
2021-08-15,Tuolumne,109,53932,5109,4934,54,4988,64
2021-08-15,Ventura,111,848112,88414,86797,3733,90530,1052
2021-08-15,Yolo,113,214977,16365,15873,594,16467,225
2021-08-15,Yuba,115,75493,7457,7265,164,7429,51
2021-08-14,Alameda,001,1643700,104456,101305,2263,103568,1287
2021-08-14,Alpine,002,1148,90,91,0,91,0
2021-08-14,Amador,005,37829,4346,4206,37,4243,49
2021-08-14,Butte,007,227075,14620,14192,2341,16533,206
2021-08-14,Calaveras,009,45235,2651,2579,17,2596,57
2021-08-14,Colusa,011,21464,2191,2134,422,2556,16
2021-08-14,Contra Costa,013,1133247,84763,81458,1638,83096,848
2021-08-14,Del Norte,015,27424,2301,2015,16,2031,8
2021-08-14,El Dorado,017,186661,12656,12019,1058,13077,118
2021-08-14,Fresno,019,978130,111981,109056,9628,118684,1753
2021-08-14,Glenn,021,27897,2642,2583,668,3251,20
2021-08-14,Humboldt,023,135768,6275,5998,115,6113,52
2021-08-14,Imperial,025,180216,29913,29671,2768,32439,746
2021-08-14,Inyo,027,18085,1492,1487,13,1500,39
2021-08-14,Kern,029,883053,104187,102306,13227,115533,1367
2021-08-14,Kings,031,150075,25300,24647,1288,25935,254
2021-08-14,Lake,033,64148,4997,4850,32,4882,68
2021-08-14,Lassen,035,31185,5556,5475,131,5606,21
2021-08-14,Los Angeles,037,10098052,1319187,1299346,47251,1346597,24911
2021-08-14,Madera,039,155013,18177,17691,1165,18856,246
2021-08-14,Marin,041,260295,15797,15441,309,15750,239
2021-08-14,Mariposa,043,17540,623,584,14,598,5
2021-08-14,Mendocino,045,87422,5250,4977,165,5142,49
2021-08-14,Merced,047,269075,33644,33234,1188,34422,481
2021-08-14,Modoc,049,8938,431,421,149,570,5
2021-08-14,Mono,051,14174,1366,1332,18,1350,3
2021-08-14,Monterey,053,433212,44992,44514,2145,46659,527
2021-08-14,Napa,055,140530,11123,10878,64,10942,83
2021-08-14,Nevada,057,99092,6732,6419,223,6642,74
2021-08-14,Orange,059,3164182,279890,274732,12727,287459,5161
2021-08-14,Placer,061,380077,28687,27115,2293,29408,306
2021-08-14,Plumas,063,18699,899,849,14,863,5
2021-08-14,Riverside,065,2383286,320466,313264,14857,328121,4582
2021-08-14,Sacramento,067,1510023,128323,123438,2525,125963,1758
2021-08-14,San Benito,069,59416,6498,6428,123,6551,64
2021-08-14,San Bernardino,071,2135413,317200,312142,9651,321793,5301
2021-08-14,San Diego,073,3302833,319632,313589,18450,332039,3824
2021-08-14,San Francisco,075,870044,45692,44353,1814,46167,567
2021-08-14,San Joaquin,077,732212,82705,80585,4153,84738,1488
2021-08-14,San Luis Obispo,079,281455,23932,23328,893,24221,265
2021-08-14,San Mateo,081,765935,47887,46792,667,47459,548
2021-08-14,Santa Barbara,083,443738,37930,37118,1286,38404,475
2021-08-14,Santa Clara,085,1922200,130524,127432,929,128361,1772
2021-08-14,Santa Cruz,087,273765,17800,17384,868,18252,209
2021-08-14,Shasta,089,179085,14252,13813,1938,15751,211
2021-08-14,Sierra,091,2930,86,81,12,93,0
2021-08-14,Siskiyou,093,43540,2257,2160,528,2688,33
2021-08-14,Solano,095,438530,39298,37237,872,38109,263
2021-08-14,Sonoma,097,501317,35873,34606,417,35023,333
2021-08-14,Stanislaus,099,539301,63034,61564,6795,68359,1039
2021-08-14,Sutter,101,95872,10995,10808,115,10923,130
2021-08-14,Tehama,103,63373,5681,5530,678,6208,66
2021-08-14,Trinity,105,12862,556,399,126,525,3
2021-08-14,Tulare,107,460477,53331,51951,10326,62277,856
2021-08-14,Tuolumne,109,53932,5074,4924,54,4978,64
2021-08-14,Ventura,111,848112,88258,86569,3713,90282,1052
2021-08-14,Yolo,113,214977,16320,15815,585,16400,225
2021-08-14,Yuba,115,75493,7408,7223,164,7387,51
2021-08-13,Alameda,001,1643700,104161,100930,2255,103185,1284
2021-08-13,Alpine,002,1148,90,91,0,91,0
2021-08-13,Amador,005,37829,4318,4169,37,4206,49
2021-08-13,Butte,007,227075,14550,14100,2325,16425,206
2021-08-13,Calaveras,009,45235,2645,2564,17,2581,57
2021-08-13,Colusa,011,21464,2184,2123,417,2540,16
2021-08-13,Contra Costa,013,1133247,84451,81046,1631,82677,848
2021-08-13,Del Norte,015,27424,2261,1973,16,1989,8
2021-08-13,El Dorado,017,186661,12616,11951,1046,12997,118
2021-08-13,Fresno,019,978130,111690,108638,9603,118241,1753
2021-08-13,Glenn,021,27897,2631,2574,665,3239,20
2021-08-13,Humboldt,023,135768,6228,5882,112,5994,52
2021-08-13,Imperial,025,180216,29886,29654,2767,32421,745
2021-08-13,Inyo,027,18085,1491,1484,13,1497,39
2021-08-13,Kern,029,883053,103979,102029,13118,115147,1364
2021-08-13,Kings,031,150075,25215,24531,1281,25812,253
2021-08-13,Lake,033,64148,4974,4811,31,4842,68
2021-08-13,Lassen,035,31185,5548,5455,130,5585,21
2021-08-13,Los Angeles,037,10098052,1316862,1295406,47113,1342519,24891
2021-08-13,Madera,039,155013,18128,17614,1156,18770,246
2021-08-13,Marin,041,260295,15766,15380,309,15689,239
2021-08-13,Mariposa,043,17540,617,577,14,591,5
2021-08-13,Mendocino,045,87422,5197,4924,163,5087,49
2021-08-13,Merced,047,269075,33597,33111,1182,34293,480
2021-08-13,Modoc,049,8938,430,421,148,569,5
2021-08-13,Mono,051,14174,1363,1331,18,1349,3
2021-08-13,Monterey,053,433212,44932,44450,2143,46593,527
2021-08-13,Napa,055,140530,11087,10830,64,10894,83
2021-08-13,Nevada,057,99092,6691,6356,222,6578,74
2021-08-13,Orange,059,3164182,279397,274004,12678,286682,5159
2021-08-13,Placer,061,380077,28583,26987,2266,29253,306
2021-08-13,Plumas,063,18699,885,842,14,856,5
2021-08-13,Riverside,065,2383286,319727,312408,14832,327240,4581
2021-08-13,Sacramento,067,1510023,127853,122868,2498,125366,1758
2021-08-13,San Benito,069,59416,6492,6422,121,6543,64
2021-08-13,San Bernardino,071,2135413,316531,311378,9632,321010,5301
2021-08-13,San Diego,073,3302833,318586,312293,18371,330664,3821
2021-08-13,San Francisco,075,870044,45556,44196,1791,45987,567
2021-08-13,San Joaquin,077,732212,82488,80232,4137,84369,1481
2021-08-13,San Luis Obispo,079,281455,23869,23226,890,24116,265
2021-08-13,San Mateo,081,765935,47768,46660,666,47326,548
2021-08-13,Santa Barbara,083,443738,37845,37023,1282,38305,474
2021-08-13,Santa Clara,085,1922200,130237,126958,923,127881,1769
2021-08-13,Santa Cruz,087,273765,17760,17332,861,18193,209
2021-08-13,Shasta,089,179085,14189,13698,1924,15622,211
2021-08-13,Sierra,091,2930,85,81,12,93,0
2021-08-13,Siskiyou,093,43540,2248,2147,524,2671,33
2021-08-13,Solano,095,438530,39164,37104,864,37968,264
2021-08-13,Sonoma,097,501317,35768,34464,417,34881,333
2021-08-13,Stanislaus,099,539301,62862,61294,6754,68048,1039
2021-08-13,Sutter,101,95872,10951,10751,114,10865,130
2021-08-13,Tehama,103,63373,5657,5496,676,6172,66
2021-08-13,Trinity,105,12862,552,392,126,518,3
2021-08-13,Tulare,107,460477,53226,51770,10253,62023,856
2021-08-13,Tuolumne,109,53932,5041,4899,53,4952,64
2021-08-13,Ventura,111,848112,88100,86368,3700,90068,1052
2021-08-13,Yolo,113,214977,16266,15761,575,16336,225
2021-08-13,Yuba,115,75493,7370,7184,164,7348,51
2021-08-12,Alameda,001,1643700,103674,100472,2242,102714,1284
2021-08-12,Alpine,002,1148,90,91,0,91,0
2021-08-12,Amador,005,37829,4288,4161,36,4197,49
2021-08-12,Butte,007,227075,14480,14006,2307,16313,206
2021-08-12,Calaveras,009,45235,2629,2531,17,2548,57
2021-08-12,Colusa,011,21464,2179,2111,416,2527,17
2021-08-12,Contra Costa,013,1133247,83966,80738,1616,82354,846
2021-08-12,Del Norte,015,27424,2189,1923,16,1939,8
2021-08-12,El Dorado,017,186661,12502,11880,1037,12917,118
2021-08-12,Fresno,019,978130,111266,108193,9535,117728,1753
2021-08-12,Glenn,021,27897,2623,2559,653,3212,20
2021-08-12,Humboldt,023,135768,6159,5845,108,5953,52
2021-08-12,Imperial,025,180216,29830,29585,2761,32346,745
2021-08-12,Inyo,027,18085,1489,1483,13,1496,39
2021-08-12,Kern,029,883053,103689,101698,13039,114737,1364
2021-08-12,Kings,031,150075,25115,24423,1273,25696,252
2021-08-12,Lake,033,64148,4948,4774,31,4805,68
2021-08-12,Lassen,035,31185,5526,5428,129,5557,21
2021-08-12,Los Angeles,037,10098052,1313670,1291875,46979,1338854,24874
2021-08-12,Madera,039,155013,18064,17564,1144,18708,246
2021-08-12,Marin,041,260295,15717,15277,306,15583,239
2021-08-12,Mariposa,043,17540,608,568,13,581,5
2021-08-12,Mendocino,045,87422,5167,4873,157,5030,49
2021-08-12,Merced,047,269075,33473,32960,1175,34135,480
2021-08-12,Modoc,049,8938,429,423,148,571,5
2021-08-12,Mono,051,14174,1358,1325,18,1343,3
2021-08-12,Monterey,053,433212,44856,44383,2128,46511,527
2021-08-12,Napa,055,140530,11038,10780,63,10843,83
2021-08-12,Nevada,057,99092,6630,6283,222,6505,74
2021-08-12,Orange,059,3164182,278718,273167,12620,285787,5158
2021-08-12,Placer,061,380077,28383,26856,2243,29099,306
2021-08-12,Plumas,063,18699,877,829,14,843,5
2021-08-12,Riverside,065,2383286,318718,311304,14800,326104,4575
2021-08-12,Sacramento,067,1510023,127080,122222,2468,124690,1758
2021-08-12,San Benito,069,59416,6475,6398,119,6517,64
2021-08-12,San Bernardino,071,2135413,315657,310420,9602,320022,5297
2021-08-12,San Diego,073,3302833,317215,310596,18282,328878,3821
2021-08-12,San Francisco,075,870044,45349,43774,1778,45552,564
2021-08-12,San Joaquin,077,732212,82093,79945,4113,84058,1479
2021-08-12,San Luis Obispo,079,281455,23769,23101,877,23978,264
2021-08-12,San Mateo,081,765935,47624,46435,663,47098,548
2021-08-12,Santa Barbara,083,443738,37708,36881,1274,38155,473
2021-08-12,Santa Clara,085,1922200,129788,126614,917,127531,1769
2021-08-12,Santa Cruz,087,273765,17696,17261,860,18121,209
2021-08-12,Shasta,089,179085,14104,13621,1897,15518,211
2021-08-12,Sierra,091,2930,85,81,12,93,0
2021-08-12,Siskiyou,093,43540,2241,2134,515,2649,33
2021-08-12,Solano,095,438530,38935,36980,855,37835,262
2021-08-12,Sonoma,097,501317,35620,34299,414,34713,333
2021-08-12,Stanislaus,099,539301,62597,61026,6695,67721,1039
2021-08-12,Sutter,101,95872,10890,10695,112,10807,130
2021-08-12,Tehama,103,63373,5627,5462,667,6129,66
2021-08-12,Trinity,105,12862,548,386,125,511,3
2021-08-12,Tulare,107,460477,53081,51632,10204,61836,856
2021-08-12,Tuolumne,109,53932,4994,4845,51,4896,64
2021-08-12,Ventura,111,848112,87863,86106,3676,89782,1052
2021-08-12,Yolo,113,214977,16194,15686,561,16247,224
2021-08-12,Yuba,115,75493,7322,7128,163,7291,51
2021-08-11,Alameda,001,1643700,103168,100040,2239,102279,1281
2021-08-11,Alpine,002,1148,90,91,0,91,0
2021-08-11,Amador,005,37829,4264,4127,36,4163,49
2021-08-11,Butte,007,227075,14379,13905,2281,16186,206
2021-08-11,Calaveras,009,45235,2607,2505,17,2522,57
2021-08-11,Colusa,011,21464,2169,2101,414,2515,16
2021-08-11,Contra Costa,013,1133247,83465,80275,1598,81873,843
2021-08-11,Del Norte,015,27424,2130,1893,16,1909,8
2021-08-11,El Dorado,017,186661,12391,11799,1025,12824,119
2021-08-11,Fresno,019,978130,110809,107773,9489,117262,1751
2021-08-11,Glenn,021,27897,2614,2547,643,3190,20
2021-08-11,Humboldt,023,135768,6112,5765,107,5872,52
2021-08-11,Imperial,025,180216,29787,29565,2757,32322,745
2021-08-11,Inyo,027,18085,1489,1483,13,1496,39
2021-08-11,Kern,029,883053,103375,101448,12932,114380,1363
2021-08-11,Kings,031,150075,25002,24304,1264,25568,250
2021-08-11,Lake,033,64148,4911,4713,30,4743,68
2021-08-11,Lassen,035,31185,5517,5408,127,5535,21
2021-08-11,Los Angeles,037,10098052,1310340,1288238,46794,1335032,24851
2021-08-11,Madera,039,155013,18014,17511,1133,18644,245
2021-08-11,Marin,041,260295,15668,15235,306,15541,239
2021-08-11,Mariposa,043,17540,598,554,12,566,5
2021-08-11,Mendocino,045,87422,5098,4796,148,4944,49
2021-08-11,Merced,047,269075,33340,32802,1171,33973,479
2021-08-11,Modoc,049,8938,429,421,148,569,5
2021-08-11,Mono,051,14174,1353,1320,18,1338,3
2021-08-11,Monterey,053,433212,44757,44314,2110,46424,527
2021-08-11,Napa,055,140530,10997,10732,63,10795,83
2021-08-11,Nevada,057,99092,6577,6172,219,6391,74
2021-08-11,Orange,059,3164182,277860,272212,12574,284786,5155
2021-08-11,Placer,061,380077,28171,26687,2217,28904,305
2021-08-11,Plumas,063,18699,868,824,14,838,5
2021-08-11,Riverside,065,2383286,317725,310265,14765,325030,4570
2021-08-11,Sacramento,067,1510023,126289,121603,2428,124031,1757
2021-08-11,San Benito,069,59416,6462,6381,119,6500,64
2021-08-11,San Bernardino,071,2135413,314764,309498,9583,319081,5296
2021-08-11,San Diego,073,3302833,315743,309406,18178,327584,3818
2021-08-11,San Francisco,075,870044,45124,43555,1770,45325,564
2021-08-11,San Joaquin,077,732212,81686,79641,4086,83727,1478
2021-08-11,San Luis Obispo,079,281455,23665,22920,870,23790,264
2021-08-11,San Mateo,081,765935,47456,46300,660,46960,548
2021-08-11,Santa Barbara,083,443738,37545,36699,1266,37965,472
2021-08-11,Santa Clara,085,1922200,129306,126301,909,127210,1769
2021-08-11,Santa Cruz,087,273765,17631,17191,857,18048,209
2021-08-11,Shasta,089,179085,14030,13546,1882,15428,211
2021-08-11,Sierra,091,2930,84,81,12,93,0
2021-08-11,Siskiyou,093,43540,2227,2124,508,2632,33
2021-08-11,Solano,095,438530,38700,36862,841,37703,262
2021-08-11,Sonoma,097,501317,35441,34188,409,34597,333
2021-08-11,Stanislaus,099,539301,62266,60767,6665,67432,1037
2021-08-11,Sutter,101,95872,10817,10628,112,10740,130
2021-08-11,Tehama,103,63373,5598,5410,651,6061,66
2021-08-11,Trinity,105,12862,546,385,125,510,3
2021-08-11,Tulare,107,460477,52913,51464,10160,61624,854
2021-08-11,Tuolumne,109,53932,4962,4794,51,4845,64
2021-08-11,Ventura,111,848112,87611,85863,3655,89518,1051
2021-08-11,Yolo,113,214977,16119,15593,545,16138,218
2021-08-11,Yuba,115,75493,7263,7063,162,7225,53
2021-08-10,Alameda,001,1643700,102700,99771,2232,102003,1281
2021-08-10,Alpine,002,1148,90,91,0,91,0
2021-08-10,Amador,005,37829,4248,4093,36,4129,49
2021-08-10,Butte,007,227075,14295,13853,2261,16114,205
2021-08-10,Calaveras,009,45235,2583,2491,15,2506,57
2021-08-10,Colusa,011,21464,2156,2088,405,2493,16
2021-08-10,Contra Costa,013,1133247,82921,80018,1588,81606,840
2021-08-10,Del Norte,015,27424,2086,1870,16,1886,8
2021-08-10,El Dorado,017,186661,12290,11734,1013,12747,117
2021-08-10,Fresno,019,978130,110350,107616,9433,117049,1747
2021-08-10,Glenn,021,27897,2601,2538,633,3171,20
2021-08-10,Humboldt,023,135768,6058,5718,104,5822,52
2021-08-10,Imperial,025,180216,29752,29522,2750,32272,745
2021-08-10,Inyo,027,18085,1489,1482,13,1495,39
2021-08-10,Kern,029,883053,103047,101254,12836,114090,1359
2021-08-10,Kings,031,150075,24876,24252,1248,25500,251
2021-08-10,Lake,033,64148,4870,4700,30,4730,67
2021-08-10,Lassen,035,31185,5499,5401,127,5528,21
2021-08-10,Los Angeles,037,10098052,1306582,1285140,46632,1331772,24821
2021-08-10,Madera,039,155013,17941,17481,1123,18604,245
2021-08-10,Marin,041,260295,15621,15194,306,15500,239
2021-08-10,Mariposa,043,17540,585,550,12,562,5
2021-08-10,Mendocino,045,87422,5053,4775,144,4919,49
2021-08-10,Merced,047,269075,33192,32721,1162,33883,477
2021-08-10,Modoc,049,8938,428,421,148,569,5
2021-08-10,Mono,051,14174,1348,1320,18,1338,3
2021-08-10,Monterey,053,433212,44695,44259,2095,46354,527
2021-08-10,Napa,055,140530,10942,10703,62,10765,83
2021-08-10,Nevada,057,99092,6512,6151,218,6369,73
2021-08-10,Orange,059,3164182,276980,271688,12527,284215,5155
2021-08-10,Placer,061,380077,27952,26561,2175,28736,305
2021-08-10,Plumas,063,18699,859,816,14,830,5
2021-08-10,Riverside,065,2383286,316609,309529,14739,324268,4564
2021-08-10,Sacramento,067,1510023,125436,121159,2397,123556,1755
2021-08-10,San Benito,069,59416,6448,6371,119,6490,64
2021-08-10,San Bernardino,071,2135413,313840,308672,9565,318237,5295
2021-08-10,San Diego,073,3302833,314096,308288,18086,326374,3815
2021-08-10,San Francisco,075,870044,44871,43389,1755,45144,564
2021-08-10,San Joaquin,077,732212,81288,79391,4068,83459,1478
2021-08-10,San Luis Obispo,079,281455,23539,22776,868,23644,264
2021-08-10,San Mateo,081,765935,47284,46184,658,46842,548
2021-08-10,Santa Barbara,083,443738,37380,36574,1259,37833,472
2021-08-10,Santa Clara,085,1922200,128843,126019,902,126921,1770
2021-08-10,Santa Cruz,087,273765,17548,17142,855,17997,209
2021-08-10,Shasta,089,179085,13952,13461,1859,15320,211
2021-08-10,Sierra,091,2930,84,76,12,88,0
2021-08-10,Siskiyou,093,43540,2218,2088,501,2589,33
2021-08-10,Solano,095,438530,38455,36767,830,37597,262
2021-08-10,Sonoma,097,501317,35296,34054,406,34460,333
2021-08-10,Stanislaus,099,539301,61920,60605,6628,67233,1037
2021-08-10,Sutter,101,95872,10752,10569,112,10681,130
2021-08-10,Tehama,103,63373,5569,5392,646,6038,66
2021-08-10,Trinity,105,12862,546,384,125,509,3
2021-08-10,Tulare,107,460477,52749,51390,10108,61498,854
2021-08-10,Tuolumne,109,53932,4933,4780,49,4829,64
2021-08-10,Ventura,111,848112,87322,85714,3634,89348,1051
2021-08-10,Yolo,113,214977,16032,15568,535,16103,218
2021-08-10,Yuba,115,75493,7214,7028,162,7190,50
2021-08-09,Alameda,001,1643700,102149,99496,2228,101724,1276
2021-08-09,Alpine,002,1148,90,91,0,91,0
2021-08-09,Amador,005,37829,4222,4078,36,4114,48
2021-08-09,Butte,007,227075,14196,13813,2233,16046,205
2021-08-09,Calaveras,009,45235,2558,2472,15,2487,57
2021-08-09,Colusa,011,21464,2146,2075,398,2473,16
2021-08-09,Contra Costa,013,1133247,82379,79740,1576,81316,840
2021-08-09,Del Norte,015,27424,2018,1848,16,1864,8
2021-08-09,El Dorado,017,186661,12183,11672,1000,12672,117
2021-08-09,Fresno,019,978130,109856,107310,9394,116704,1747
2021-08-09,Glenn,021,27897,2590,2532,621,3153,20
2021-08-09,Humboldt,023,135768,5967,5632,102,5734,52
2021-08-09,Imperial,025,180216,29707,29512,2746,32258,745
2021-08-09,Inyo,027,18085,1489,1481,13,1494,39
2021-08-09,Kern,029,883053,102735,101069,12750,113819,1359
2021-08-09,Kings,031,150075,24769,24155,1234,25389,250
2021-08-09,Lake,033,64148,4835,4670,28,4698,66
2021-08-09,Lassen,035,31185,5477,5393,126,5519,21
2021-08-09,Los Angeles,037,10098052,1302564,1282891,46433,1329324,24798
2021-08-09,Madera,039,155013,17882,17429,1103,18532,245
2021-08-09,Marin,041,260295,15568,15154,305,15459,239
2021-08-09,Mariposa,043,17540,572,545,12,557,5
2021-08-09,Mendocino,045,87422,5002,4732,136,4868,49
2021-08-09,Merced,047,269075,33046,32666,1155,33821,477
2021-08-09,Modoc,049,8938,428,419,148,567,5
2021-08-09,Mono,051,14174,1345,1337,18,1355,3
2021-08-09,Monterey,053,433212,44623,44190,2080,46270,527
2021-08-09,Napa,055,140530,10895,10679,62,10741,83
2021-08-09,Nevada,057,99092,6440,6088,217,6305,73
2021-08-09,Orange,059,3164182,275941,271036,12472,283508,5153
2021-08-09,Placer,061,380077,27728,26457,2144,28601,305
2021-08-09,Plumas,063,18699,842,803,14,817,5
2021-08-09,Riverside,065,2383286,315532,308678,14721,323399,4562
2021-08-09,Sacramento,067,1510023,124602,120812,2372,123184,1748
2021-08-09,San Benito,069,59416,6428,6359,117,6476,63
2021-08-09,San Bernardino,071,2135413,312855,308038,9542,317580,5295
2021-08-09,San Diego,073,3302833,312436,306855,17987,324842,3811
2021-08-09,San Francisco,075,870044,44625,43261,1739,45000,564
2021-08-09,San Joaquin,077,732212,80905,79198,4050,83248,1469
2021-08-09,San Luis Obispo,079,281455,23400,22695,859,23554,264
2021-08-09,San Mateo,081,765935,47112,46040,655,46695,548
2021-08-09,Santa Barbara,083,443738,37196,36474,1251,37725,470
2021-08-09,Santa Clara,085,1922200,128340,125791,893,126684,2187
2021-08-09,Santa Cruz,087,273765,17486,17082,855,17937,209
2021-08-09,Shasta,089,179085,13835,13397,1848,15245,210
2021-08-09,Sierra,091,2930,83,75,12,87,0
2021-08-09,Siskiyou,093,43540,2206,2047,486,2533,32
2021-08-09,Solano,095,438530,38178,36653,828,37481,262
2021-08-09,Sonoma,097,501317,35115,33933,404,34337,333
2021-08-09,Stanislaus,099,539301,61641,60410,6579,66989,1037
2021-08-09,Sutter,101,95872,10703,10525,109,10634,129
2021-08-09,Tehama,103,63373,5527,5373,645,6018,66
2021-08-09,Trinity,105,12862,544,378,123,501,3
2021-08-09,Tulare,107,460477,52589,51274,10045,61319,854
2021-08-09,Tuolumne,109,53932,4891,4745,49,4794,64
2021-08-09,Ventura,111,848112,87050,85514,3623,89137,1047
2021-08-09,Yolo,113,214977,15954,15521,514,16035,218
2021-08-09,Yuba,115,75493,7155,6994,162,7156,50
2021-08-08,Alameda,001,1643700,101600,99135,2222,101357,1276
2021-08-08,Alpine,002,1148,90,91,0,91,0
2021-08-08,Amador,005,37829,4188,4057,35,4092,48
2021-08-08,Butte,007,227075,14114,13791,2213,16004,205
2021-08-08,Calaveras,009,45235,2525,2462,15,2477,57
2021-08-08,Colusa,011,21464,2129,2070,391,2461,16
2021-08-08,Contra Costa,013,1133247,81854,79454,1568,81022,840
2021-08-08,Del Norte,015,27424,1972,1810,16,1826,8
2021-08-08,El Dorado,017,186661,12062,11631,990,12621,117
2021-08-08,Fresno,019,978130,109412,107078,9357,116435,1747
2021-08-08,Glenn,021,27897,2582,2527,614,3141,20
2021-08-08,Humboldt,023,135768,5878,5571,102,5673,52
2021-08-08,Imperial,025,180216,29683,29485,2736,32221,745
2021-08-08,Inyo,027,18085,1489,1481,13,1494,39
2021-08-08,Kern,029,883053,102415,100909,12638,113547,1359
2021-08-08,Kings,031,150075,24655,24095,1225,25320,250
2021-08-08,Lake,033,64148,4785,4636,27,4663,66
2021-08-08,Lassen,035,31185,5462,5391,125,5516,21
2021-08-08,Los Angeles,037,10098052,1298315,1279982,46250,1326232,24793
2021-08-08,Madera,039,155013,17803,17398,1086,18484,245
2021-08-08,Marin,041,260295,15515,15124,303,15427,239
2021-08-08,Mariposa,043,17540,568,538,12,550,5
2021-08-08,Mendocino,045,87422,4940,4702,123,4825,49
2021-08-08,Merced,047,269075,32899,32634,1146,33780,477
2021-08-08,Modoc,049,8938,427,419,147,566,5
2021-08-08,Mono,051,14174,1341,1336,18,1354,3
2021-08-08,Monterey,053,433212,44553,44171,2069,46240,527
2021-08-08,Napa,055,140530,10859,10668,62,10730,83
2021-08-08,Nevada,057,99092,6356,6009,215,6224,73
2021-08-08,Orange,059,3164182,275027,270532,12430,282962,5153
2021-08-08,Placer,061,380077,27519,26332,2103,28435,305
2021-08-08,Plumas,063,18699,833,803,14,817,5
2021-08-08,Riverside,065,2383286,314409,308042,14698,322740,4562
2021-08-08,Sacramento,067,1510023,123773,120109,2360,122469,1744
2021-08-08,San Benito,069,59416,6411,6350,116,6466,63
2021-08-08,San Bernardino,071,2135413,311713,307378,9513,316891,5295
2021-08-08,San Diego,073,3302833,311094,305983,17889,323872,3811
2021-08-08,San Francisco,075,870044,44363,43098,1717,44815,564
2021-08-08,San Joaquin,077,732212,80457,79002,4034,83036,1469
2021-08-08,San Luis Obispo,079,281455,23226,22668,851,23519,263
2021-08-08,San Mateo,081,765935,46922,45927,652,46579,548
2021-08-08,Santa Barbara,083,443738,37019,36417,1244,37661,470
2021-08-08,Santa Clara,085,1922200,127888,125553,888,126441,2187
2021-08-08,Santa Cruz,087,273765,17414,17035,850,17885,209
2021-08-08,Shasta,089,179085,13750,13381,1837,15218,210
2021-08-08,Sierra,091,2930,83,74,12,86,0
2021-08-08,Siskiyou,093,43540,2190,2041,481,2522,32
2021-08-08,Solano,095,438530,37926,36551,824,37375,262
2021-08-08,Sonoma,097,501317,34871,33805,403,34208,333
2021-08-08,Stanislaus,099,539301,61315,60269,6534,66803,1037
2021-08-08,Sutter,101,95872,10643,10481,108,10589,129
2021-08-08,Tehama,103,63373,5491,5359,642,6001,66
2021-08-08,Trinity,105,12862,539,378,123,501,3
2021-08-08,Tulare,107,460477,52410,51220,9986,61206,854
2021-08-08,Tuolumne,109,53932,4851,4731,49,4780,64
2021-08-08,Ventura,111,848112,86759,85382,3613,88995,1047
2021-08-08,Yolo,113,214977,15861,15477,507,15984,218
2021-08-08,Yuba,115,75493,7116,6967,162,7129,50
2021-08-07,Alameda,001,1643700,101353,98812,2216,101028,1276
2021-08-07,Alpine,002,1148,90,91,0,91,0
2021-08-07,Amador,005,37829,4171,4041,34,4075,48
2021-08-07,Butte,007,227075,14062,13714,2201,15915,205
2021-08-07,Calaveras,009,45235,2515,2446,15,2461,57
2021-08-07,Colusa,011,21464,2124,2067,382,2449,16
2021-08-07,Contra Costa,013,1133247,81558,79168,1565,80733,840
2021-08-07,Del Norte,015,27424,1940,1791,16,1807,8
2021-08-07,El Dorado,017,186661,12014,11575,983,12558,117
2021-08-07,Fresno,019,978130,109208,106861,9331,116192,1747
2021-08-07,Glenn,021,27897,2574,2515,613,3128,20
2021-08-07,Humboldt,023,135768,5828,5510,99,5609,52
2021-08-07,Imperial,025,180216,29664,29470,2736,32206,745
2021-08-07,Inyo,027,18085,1487,1476,13,1489,39
2021-08-07,Kern,029,883053,102257,100693,12582,113275,1359
2021-08-07,Kings,031,150075,24594,24048,1219,25267,250
2021-08-07,Lake,033,64148,4764,4613,27,4640,66
2021-08-07,Lassen,035,31185,5458,5386,125,5511,21
2021-08-07,Los Angeles,037,10098052,1296277,1276853,46105,1322958,24786
2021-08-07,Madera,039,155013,17768,17366,1082,18448,245
2021-08-07,Marin,041,260295,15481,15085,302,15387,239
2021-08-07,Mariposa,043,17540,565,530,12,542,5
2021-08-07,Mendocino,045,87422,4904,4690,121,4811,49
2021-08-07,Merced,047,269075,32835,32569,1143,33712,477
2021-08-07,Modoc,049,8938,427,419,147,566,5
2021-08-07,Mono,051,14174,1338,1329,18,1347,3
2021-08-07,Monterey,053,433212,44501,44124,2064,46188,527
2021-08-07,Napa,055,140530,10838,10658,61,10719,83
2021-08-07,Nevada,057,99092,6306,5967,213,6180,73
2021-08-07,Orange,059,3164182,274435,269900,12400,282300,5153
2021-08-07,Placer,061,380077,27330,26244,2094,28338,305
2021-08-07,Plumas,063,18699,828,801,14,815,5
2021-08-07,Riverside,065,2383286,313737,307326,14691,322017,4562
2021-08-07,Sacramento,067,1510023,123271,119636,2356,121992,1744
2021-08-07,San Benito,069,59416,6401,6332,116,6448,63
2021-08-07,San Bernardino,071,2135413,311125,306663,9496,316159,5295
2021-08-07,San Diego,073,3302833,310338,304974,17854,322828,3811
2021-08-07,San Francisco,075,870044,44191,42926,1699,44625,564
2021-08-07,San Joaquin,077,732212,80293,78769,4019,82788,1469
2021-08-07,San Luis Obispo,079,281455,23157,22579,850,23429,263
2021-08-07,San Mateo,081,765935,46794,45804,650,46454,548
2021-08-07,Santa Barbara,083,443738,36923,36303,1238,37541,470
2021-08-07,Santa Clara,085,1922200,127617,125196,883,126079,2188
2021-08-07,Santa Cruz,087,273765,17372,16994,848,17842,209
2021-08-07,Shasta,089,179085,13694,13361,1830,15191,210
2021-08-07,Sierra,091,2930,83,74,12,86,0
2021-08-07,Siskiyou,093,43540,2178,2039,479,2518,32
2021-08-07,Solano,095,438530,37810,36458,816,37274,262
2021-08-07,Sonoma,097,501317,34748,33716,403,34119,333
2021-08-07,Stanislaus,099,539301,61144,60093,6504,66597,1037
2021-08-07,Sutter,101,95872,10606,10447,108,10555,129
2021-08-07,Tehama,103,63373,5480,5343,637,5980,66
2021-08-07,Trinity,105,12862,535,377,122,499,3
2021-08-07,Tulare,107,460477,52324,51133,9948,61081,854
2021-08-07,Tuolumne,109,53932,4821,4721,49,4770,64
2021-08-07,Ventura,111,848112,86580,85232,3599,88831,1047
2021-08-07,Yolo,113,214977,15818,15423,502,15925,218
2021-08-07,Yuba,115,75493,7091,6937,160,7097,50
2021-08-06,Alameda,001,1643700,101024,98487,2210,100697,1275
2021-08-06,Alpine,002,1148,90,91,0,91,0
2021-08-06,Amador,005,37829,4150,4002,34,4036,48
2021-08-06,Butte,007,227075,14012,13626,2186,15812,205
2021-08-06,Calaveras,009,45235,2504,2419,15,2434,57
2021-08-06,Colusa,011,21464,2117,2045,377,2422,16
2021-08-06,Contra Costa,013,1133247,81263,78796,1560,80356,840
2021-08-06,Del Norte,015,27424,1913,1755,15,1770,8
2021-08-06,El Dorado,017,186661,11964,11498,971,12469,117
2021-08-06,Fresno,019,978130,108944,106542,9304,115846,1747
2021-08-06,Glenn,021,27897,2559,2504,610,3114,20
2021-08-06,Humboldt,023,135768,5777,5421,96,5517,52
2021-08-06,Imperial,025,180216,29653,29404,2732,32136,745
2021-08-06,Inyo,027,18085,1484,1471,13,1484,39
2021-08-06,Kern,029,883053,102080,100427,12497,112924,1359
2021-08-06,Kings,031,150075,24539,23974,1215,25189,250
2021-08-06,Lake,033,64148,4741,4557,27,4584,66
2021-08-06,Lassen,035,31185,5436,5368,125,5493,21
2021-08-06,Los Angeles,037,10098052,1293784,1273081,45956,1319037,24772
2021-08-06,Madera,039,155013,17729,17324,1073,18397,245
2021-08-06,Marin,041,260295,15448,15051,302,15353,239
2021-08-06,Mariposa,043,17540,556,511,12,523,5
2021-08-06,Mendocino,045,87422,4862,4649,120,4769,49
2021-08-06,Merced,047,269075,32775,32456,1140,33596,477
2021-08-06,Modoc,049,8938,427,419,147,566,5
2021-08-06,Mono,051,14174,1337,1328,18,1346,3
2021-08-06,Monterey,053,433212,44433,44058,2051,46109,527
2021-08-06,Napa,055,140530,10811,10620,61,10681,83
2021-08-06,Nevada,057,99092,6250,5874,213,6087,73
2021-08-06,Orange,059,3164182,273869,269077,12383,281460,5151
2021-08-06,Placer,061,380077,27207,26086,2073,28159,305
2021-08-06,Plumas,063,18699,819,795,14,809,5
2021-08-06,Riverside,065,2383286,313027,306304,14680,320984,4562
2021-08-06,Sacramento,067,1510023,122779,119169,2336,121505,1740
2021-08-06,San Benito,069,59416,6384,6315,116,6431,63
2021-08-06,San Bernardino,071,2135413,310424,305806,9486,315292,5286
2021-08-06,San Diego,073,3302833,309298,303691,17805,321496,3810
2021-08-06,San Francisco,075,870044,44035,42659,1681,44340,565
2021-08-06,San Joaquin,077,732212,80143,78405,4007,82412,1469
2021-08-06,San Luis Obispo,079,281455,23089,22472,845,23317,263
2021-08-06,San Mateo,081,765935,46642,45665,645,46310,548
2021-08-06,Santa Barbara,083,443738,36833,36208,1234,37442,470
2021-08-06,Santa Clara,085,1922200,127327,124767,878,125645,2185
2021-08-06,Santa Cruz,087,273765,17328,16924,844,17768,207
2021-08-06,Shasta,089,179085,13628,13284,1824,15108,210
2021-08-06,Sierra,091,2930,83,73,12,85,0
2021-08-06,Siskiyou,093,43540,2168,2030,475,2505,32
2021-08-06,Solano,095,438530,37700,36351,807,37158,262
2021-08-06,Sonoma,097,501317,34662,33594,402,33996,333
2021-08-06,Stanislaus,099,539301,61005,59854,6484,66338,1037
2021-08-06,Sutter,101,95872,10563,10391,108,10499,128
2021-08-06,Tehama,103,63373,5456,5325,635,5960,66
2021-08-06,Trinity,105,12862,534,371,121,492,3
2021-08-06,Tulare,107,460477,52223,51018,9901,60919,854
2021-08-06,Tuolumne,109,53932,4794,4674,49,4723,64
2021-08-06,Ventura,111,848112,86409,85046,3587,88633,1047
2021-08-06,Yolo,113,214977,15765,15299,497,15796,218
2021-08-06,Yuba,115,75493,7068,6904,160,7064,50
2021-08-05,Alameda,001,1643700,100540,98052,2206,100258,1275
2021-08-05,Alpine,002,1148,90,91,0,91,0
2021-08-05,Amador,005,37829,4130,3992,34,4026,48
2021-08-05,Butte,007,227075,13951,13564,2163,15727,206
2021-08-05,Calaveras,009,45235,2485,2397,15,2412,57
2021-08-05,Colusa,011,21464,2105,2036,372,2408,16
2021-08-05,Contra Costa,013,1133247,80836,78514,1553,80067,840
2021-08-05,Del Norte,015,27424,1886,1731,15,1746,8
2021-08-05,El Dorado,017,186661,11879,11408,960,12368,117
2021-08-05,Fresno,019,978130,108573,106219,9267,115486,1747
2021-08-05,Glenn,021,27897,2553,2494,607,3101,20
2021-08-05,Humboldt,023,135768,5703,5328,95,5423,52
2021-08-05,Imperial,025,180216,29622,29383,2728,32111,745
2021-08-05,Inyo,027,18085,1480,1468,13,1481,38
2021-08-05,Kern,029,883053,101858,100091,12412,112503,1358
2021-08-05,Kings,031,150075,24455,23906,1210,25116,249
2021-08-05,Lake,033,64148,4702,4490,25,4515,66
2021-08-05,Lassen,035,31185,5428,5344,125,5469,21
2021-08-05,Los Angeles,037,10098052,1290564,1269445,45824,1315269,24756
2021-08-05,Madera,039,155013,17688,17301,1065,18366,245
2021-08-05,Marin,041,260295,15404,15005,298,15303,239
2021-08-05,Mariposa,043,17540,545,504,11,515,5
2021-08-05,Mendocino,045,87422,4819,4597,111,4708,49
2021-08-05,Merced,047,269075,32708,32381,1129,33510,477
2021-08-05,Modoc,049,8938,426,418,147,565,5
2021-08-05,Mono,051,14174,1329,1309,18,1327,3
2021-08-05,Monterey,053,433212,44376,43992,2033,46025,527
2021-08-05,Napa,055,140530,10775,10591,59,10650,83
2021-08-05,Nevada,057,99092,6168,5778,210,5988,73
2021-08-05,Orange,059,3164182,273087,268329,12356,280685,5149
2021-08-05,Placer,061,380077,27008,25965,2046,28011,305
2021-08-05,Plumas,063,18699,810,787,14,801,5
2021-08-05,Riverside,065,2383286,312109,305415,14654,320069,4562
2021-08-05,Sacramento,067,1510023,122071,118590,2322,120912,1739
2021-08-05,San Benito,069,59416,6366,6305,116,6421,63
2021-08-05,San Bernardino,071,2135413,309589,304956,9465,314421,5284
2021-08-05,San Diego,073,3302833,308025,302220,17723,319943,3806
2021-08-05,San Francisco,075,870044,43823,42301,1672,43973,564
2021-08-05,San Joaquin,077,732212,79781,78151,3989,82140,1468
2021-08-05,San Luis Obispo,079,281455,22974,22362,839,23201,263
2021-08-05,San Mateo,081,765935,46469,45554,643,46197,548
2021-08-05,Santa Barbara,083,443738,36726,36112,1231,37343,470
2021-08-05,Santa Clara,085,1922200,126994,124490,878,125368,2185
2021-08-05,Santa Cruz,087,273765,17284,16867,841,17708,207
2021-08-05,Shasta,089,179085,13570,13217,1816,15033,210
2021-08-05,Sierra,091,2930,78,73,12,85,0
2021-08-05,Siskiyou,093,43540,2147,2024,466,2490,32
2021-08-05,Solano,095,438530,37519,36250,800,37050,262
2021-08-05,Sonoma,097,501317,34527,33455,401,33856,330
2021-08-05,Stanislaus,099,539301,60783,59692,6445,66137,1037
2021-08-05,Sutter,101,95872,10508,10349,108,10457,127
2021-08-05,Tehama,103,63373,5438,5305,632,5937,66
2021-08-05,Trinity,105,12862,528,367,121,488,3
2021-08-05,Tulare,107,460477,52106,50889,9847,60736,854
2021-08-05,Tuolumne,109,53932,4764,4619,49,4668,64
2021-08-05,Ventura,111,848112,86158,84837,3573,88410,1047
2021-08-05,Yolo,113,214977,15698,15250,487,15737,218
2021-08-05,Yuba,115,75493,7025,6872,158,7030,50
2021-08-04,Alameda,001,1643700,100036,97477,2195,99672,1274
2021-08-04,Alpine,002,1148,90,91,0,91,0
2021-08-04,Amador,005,37829,4100,3962,33,3995,48
2021-08-04,Butte,007,227075,13883,13509,2146,15655,205
2021-08-04,Calaveras,009,45235,2460,2374,15,2389,57
2021-08-04,Colusa,011,21464,2093,2025,366,2391,16
2021-08-04,Contra Costa,013,1133247,80319,77966,1548,79514,840
2021-08-04,Del Norte,015,27424,1863,1701,15,1716,8
2021-08-04,El Dorado,017,186661,11799,11319,949,12268,117
2021-08-04,Fresno,019,978130,108203,105899,9228,115127,1747
2021-08-04,Glenn,021,27897,2545,2487,605,3092,20
2021-08-04,Humboldt,023,135768,5627,5271,94,5365,52
2021-08-04,Imperial,025,180216,29574,29375,2726,32101,745
2021-08-04,Inyo,027,18085,1479,1465,13,1478,38
2021-08-04,Kern,029,883053,101608,99868,12329,112197,1358
2021-08-04,Kings,031,150075,24383,23840,1202,25042,250
2021-08-04,Lake,033,64148,4672,4423,20,4443,65
2021-08-04,Lassen,035,31185,5420,5340,125,5465,21
2021-08-04,Los Angeles,037,10098052,1287072,1265788,45665,1311453,24737
2021-08-04,Madera,039,155013,17653,17251,1058,18309,245
2021-08-04,Marin,041,260295,15357,14950,296,15246,239
2021-08-04,Mariposa,043,17540,530,497,11,508,5
2021-08-04,Mendocino,045,87422,4795,4560,107,4667,49
2021-08-04,Merced,047,269075,32570,32274,1124,33398,476
2021-08-04,Modoc,049,8938,426,416,147,563,5
2021-08-04,Mono,051,14174,1325,1307,18,1325,3
2021-08-04,Monterey,053,433212,44311,43926,2022,45948,526
2021-08-04,Napa,055,140530,10738,10544,59,10603,82
2021-08-04,Nevada,057,99092,6104,5702,209,5911,73
2021-08-04,Orange,059,3164182,272212,267199,12319,279518,5146
2021-08-04,Placer,061,380077,26790,25688,2026,27714,305
2021-08-04,Plumas,063,18699,804,784,14,798,5
2021-08-04,Riverside,065,2383286,311184,304272,14629,318901,4562
2021-08-04,Sacramento,067,1510023,121314,117882,2296,120178,1736
2021-08-04,San Benito,069,59416,6351,6300,116,6416,63
2021-08-04,San Bernardino,071,2135413,308732,304164,9446,313610,5285
2021-08-04,San Diego,073,3302833,306510,301100,17656,318756,3805
2021-08-04,San Francisco,075,870044,43567,41913,1660,43573,562
2021-08-04,San Joaquin,077,732212,79424,77846,3977,81823,1466
2021-08-04,San Luis Obispo,079,281455,22864,22245,833,23078,262
2021-08-04,San Mateo,081,765935,46297,45392,642,46034,548
2021-08-04,Santa Barbara,083,443738,36597,36013,1223,37236,470
2021-08-04,Santa Clara,085,1922200,126603,124127,871,124998,2183
2021-08-04,Santa Cruz,087,273765,17222,16820,834,17654,208
2021-08-04,Shasta,089,179085,13519,13134,1805,14939,211
2021-08-04,Sierra,091,2930,78,73,12,85,0
2021-08-04,Siskiyou,093,43540,2127,2010,462,2472,32
2021-08-04,Solano,095,438530,37318,36025,791,36816,262
2021-08-04,Sonoma,097,501317,34355,33311,399,33710,330
2021-08-04,Stanislaus,099,539301,60557,59396,6407,65803,1037
2021-08-04,Sutter,101,95872,10471,10294,108,10402,127
2021-08-04,Tehama,103,63373,5412,5281,626,5907,66
2021-08-04,Trinity,105,12862,526,362,118,480,3
2021-08-04,Tulare,107,460477,51996,50797,9803,60600,855
2021-08-04,Tuolumne,109,53932,4739,4584,49,4633,64
2021-08-04,Ventura,111,848112,85900,84406,3551,87957,1047
2021-08-04,Yolo,113,214977,15618,15189,474,15663,215
2021-08-04,Yuba,115,75493,6985,6827,157,6984,50
2021-08-03,Alameda,001,1643700,99588,97275,2190,99465,1270
2021-08-03,Alpine,002,1148,90,91,0,91,0
2021-08-03,Amador,005,37829,4064,3953,33,3986,48
2021-08-03,Butte,007,227075,13816,13468,2131,15599,205
2021-08-03,Calaveras,009,45235,2438,2356,15,2371,57
2021-08-03,Colusa,011,21464,2080,2023,360,2383,16
2021-08-03,Contra Costa,013,1133247,79837,77739,1541,79280,836
2021-08-03,Del Norte,015,27424,1831,1691,14,1705,8
2021-08-03,El Dorado,017,186661,11706,11255,938,12193,117
2021-08-03,Fresno,019,978130,107841,105732,9197,114929,1746
2021-08-03,Glenn,021,27897,2538,2481,599,3080,20
2021-08-03,Humboldt,023,135768,5562,5199,89,5288,52
2021-08-03,Imperial,025,180216,29552,29333,2719,32052,745
2021-08-03,Inyo,027,18085,1476,1459,13,1472,38
2021-08-03,Kern,029,883053,101346,99708,12250,111958,1358
2021-08-03,Kings,031,150075,24295,23780,1195,24975,249
2021-08-03,Lake,033,64148,4616,4408,16,4424,66
2021-08-03,Lassen,035,31185,5410,5341,125,5466,21
2021-08-03,Los Angeles,037,10098052,1283324,1262678,45492,1308170,24721
2021-08-03,Madera,039,155013,17612,17220,1043,18263,245
2021-08-03,Marin,041,260295,15308,14906,293,15199,243
2021-08-03,Mariposa,043,17540,519,495,11,506,5
2021-08-03,Mendocino,045,87422,4746,4546,106,4652,49
2021-08-03,Merced,047,269075,32487,32197,1122,33319,476
2021-08-03,Modoc,049,8938,426,416,147,563,5
2021-08-03,Mono,051,14174,1320,1303,18,1321,3
2021-08-03,Monterey,053,433212,44248,43872,2009,45881,525
2021-08-03,Napa,055,140530,10695,10527,58,10585,82
2021-08-03,Nevada,057,99092,6023,5685,208,5893,73
2021-08-03,Orange,059,3164182,271473,266649,12289,278938,5146
2021-08-03,Placer,061,380077,26589,25624,2002,27626,305
2021-08-03,Plumas,063,18699,797,779,14,793,5
2021-08-03,Riverside,065,2383286,310259,303499,14603,318102,4562
2021-08-03,Sacramento,067,1510023,120569,117591,2276,119867,1732
2021-08-03,San Benito,069,59416,6336,6284,115,6399,63
2021-08-03,San Bernardino,071,2135413,307810,303386,9428,312814,5265
2021-08-03,San Diego,073,3302833,305068,300189,17546,317735,3803
2021-08-03,San Francisco,075,870044,43284,41758,1640,43398,562
2021-08-03,San Joaquin,077,732212,79073,77615,3956,81571,1461
2021-08-03,San Luis Obispo,079,281455,22724,22166,826,22992,264
2021-08-03,San Mateo,081,765935,46105,45255,637,45892,548
2021-08-03,Santa Barbara,083,443738,36478,35912,1217,37129,469
2021-08-03,Santa Clara,085,1922200,126182,123914,865,124779,2183
2021-08-03,Santa Cruz,087,273765,17156,16778,831,17609,207
2021-08-03,Shasta,089,179085,13444,13091,1794,14885,211
2021-08-03,Sierra,091,2930,78,72,12,84,0
2021-08-03,Siskiyou,093,43540,2116,1998,457,2455,32
2021-08-03,Solano,095,438530,37099,35953,779,36732,261
2021-08-03,Sonoma,097,501317,34174,33243,398,33641,330
2021-08-03,Stanislaus,099,539301,60335,59282,6388,65670,1037
2021-08-03,Sutter,101,95872,10431,10263,107,10370,127
2021-08-03,Tehama,103,63373,5385,5269,621,5890,66
2021-08-03,Trinity,105,12862,523,361,115,476,3
2021-08-03,Tulare,107,460477,51901,50729,9757,60486,854
2021-08-03,Tuolumne,109,53932,4704,4563,49,4612,64
2021-08-03,Ventura,111,848112,85656,84270,3530,87800,1046
2021-08-03,Yolo,113,214977,15526,15149,459,15608,215
2021-08-03,Yuba,115,75493,6948,6781,155,6936,50
2021-08-02,Alameda,001,1643700,99031,96954,2186,99140,1270
2021-08-02,Alpine,002,1148,90,91,0,91,0
2021-08-02,Amador,005,37829,4044,3927,33,3960,48
2021-08-02,Butte,007,227075,13736,13442,2112,15554,205
2021-08-02,Calaveras,009,45235,2413,2347,15,2362,57
2021-08-02,Colusa,011,21464,2068,2019,357,2376,16
2021-08-02,Contra Costa,013,1133247,79327,77516,1527,79043,836
2021-08-02,Del Norte,015,27424,1801,1653,14,1667,8
2021-08-02,El Dorado,017,186661,11603,11226,924,12150,116
2021-08-02,Fresno,019,978130,107496,105471,9160,114631,1744
2021-08-02,Glenn,021,27897,2530,2477,596,3073,20
2021-08-02,Humboldt,023,135768,5479,5161,87,5248,52
2021-08-02,Imperial,025,180216,29519,29302,2716,32018,743
2021-08-02,Inyo,027,18085,1470,1455,13,1468,38
2021-08-02,Kern,029,883053,101091,99556,12159,111715,1357
2021-08-02,Kings,031,150075,24225,23722,1189,24911,249
2021-08-02,Lake,033,64148,4573,4375,16,4391,66
2021-08-02,Lassen,035,31185,5387,5338,123,5461,21
2021-08-02,Los Angeles,037,10098052,1279600,1260807,45288,1306095,24705
2021-08-02,Madera,039,155013,17568,17158,1030,18188,245
2021-08-02,Marin,041,260295,15265,14859,292,15151,239
2021-08-02,Mariposa,043,17540,510,490,11,501,5
2021-08-02,Mendocino,045,87422,4706,4512,103,4615,49
2021-08-02,Merced,047,269075,32389,32163,1115,33278,474
2021-08-02,Modoc,049,8938,426,415,147,562,5
2021-08-02,Mono,051,14174,1313,1296,18,1314,3
2021-08-02,Monterey,053,433212,44188,43842,2001,45843,525
2021-08-02,Napa,055,140530,10652,10490,55,10545,82
2021-08-02,Nevada,057,99092,5952,5611,207,5818,73
2021-08-02,Orange,059,3164182,270558,266050,12244,278294,5146
2021-08-02,Placer,061,380077,26442,25516,1968,27484,306
2021-08-02,Plumas,063,18699,790,762,14,776,5
2021-08-02,Riverside,065,2383286,309321,302756,14588,317344,4562
2021-08-02,Sacramento,067,1510023,119871,117183,2257,119440,1728
2021-08-02,San Benito,069,59416,6317,6276,114,6390,63
2021-08-02,San Bernardino,071,2135413,306935,303000,9395,312395,5253
2021-08-02,San Diego,073,3302833,303584,299021,17466,316487,3798
2021-08-02,San Francisco,075,870044,42997,41553,1617,43170,562
2021-08-02,San Joaquin,077,732212,78730,77447,3931,81378,1461
2021-08-02,San Luis Obispo,079,281455,22630,22093,819,22912,261
2021-08-02,San Mateo,081,765935,45928,45154,625,45779,548
2021-08-02,Santa Barbara,083,443738,36341,35851,1211,37062,469
2021-08-02,Santa Clara,085,1922200,125710,123655,857,124512,2183
2021-08-02,Santa Cruz,087,273765,17098,16746,827,17573,207
2021-08-02,Shasta,089,179085,13382,13049,1780,14829,212
2021-08-02,Sierra,091,2930,78,71,12,83,0
2021-08-02,Siskiyou,093,43540,2105,1992,443,2435,31
2021-08-02,Solano,095,438530,36852,35852,766,36618,260
2021-08-02,Sonoma,097,501317,33948,33132,393,33525,330
2021-08-02,Stanislaus,099,539301,60116,59160,6361,65521,1037
2021-08-02,Sutter,101,95872,10385,10220,107,10327,127
2021-08-02,Tehama,103,63373,5362,5260,617,5877,66
2021-08-02,Trinity,105,12862,518,359,114,473,3
2021-08-02,Tulare,107,460477,51800,50640,9685,60325,854
2021-08-02,Tuolumne,109,53932,4637,4524,49,4573,64
2021-08-02,Ventura,111,848112,85471,84143,3507,87650,1044
2021-08-02,Yolo,113,214977,15428,15072,442,15514,215
2021-08-02,Yuba,115,75493,6906,6743,152,6895,50
2021-08-01,Alameda,001,1643700,98500,96775,2180,98955,1270
2021-08-01,Alpine,002,1148,90,91,0,91,0
2021-08-01,Amador,005,37829,4006,3923,33,3956,48
2021-08-01,Butte,007,227075,13658,13406,2094,15500,205
2021-08-01,Calaveras,009,45235,2389,2341,15,2356,57
2021-08-01,Colusa,011,21464,2057,2014,355,2369,16
2021-08-01,Contra Costa,013,1133247,78891,77360,1520,78880,836
2021-08-01,Del Norte,015,27424,1769,1642,14,1656,8
2021-08-01,El Dorado,017,186661,11502,11189,913,12102,116
2021-08-01,Fresno,019,978130,107169,105339,9115,114454,1744
2021-08-01,Glenn,021,27897,2524,2476,593,3069,20
2021-08-01,Humboldt,023,135768,5402,5118,83,5201,52
2021-08-01,Imperial,025,180216,29484,29297,2712,32009,743
2021-08-01,Inyo,027,18085,1468,1454,13,1467,38
2021-08-01,Kern,029,883053,100813,99396,12084,111480,1357
2021-08-01,Kings,031,150075,24138,23700,1184,24884,249
2021-08-01,Lake,033,64148,4494,4356,16,4372,66
2021-08-01,Lassen,035,31185,5374,5336,121,5457,21
2021-08-01,Los Angeles,037,10098052,1275908,1258461,45066,1303527,24700
2021-08-01,Madera,039,155013,17512,17146,1025,18171,245
2021-08-01,Marin,041,260295,15188,14844,291,15135,239
2021-08-01,Mariposa,043,17540,503,482,11,493,5
2021-08-01,Mendocino,045,87422,4660,4476,99,4575,49
2021-08-01,Merced,047,269075,32298,32144,1109,33253,474
2021-08-01,Modoc,049,8938,424,413,147,560,5
2021-08-01,Mono,051,14174,1310,1294,18,1312,3
2021-08-01,Monterey,053,433212,44141,43808,1988,45796,525
2021-08-01,Napa,055,140530,10603,10473,53,10526,82
2021-08-01,Nevada,057,99092,5865,5561,206,5767,73
2021-08-01,Orange,059,3164182,269744,265467,12201,277668,5146
2021-08-01,Placer,061,380077,26225,25464,1938,27402,306
2021-08-01,Plumas,063,18699,784,761,14,775,5
2021-08-01,Riverside,065,2383286,308388,302256,14570,316826,4562
2021-08-01,Sacramento,067,1510023,119134,116923,2243,119166,1727
2021-08-01,San Benito,069,59416,6300,6271,114,6385,63
2021-08-01,San Bernardino,071,2135413,306001,302542,9384,311926,5248
2021-08-01,San Diego,073,3302833,302398,298002,17401,315403,3798
2021-08-01,San Francisco,075,870044,42660,41432,1604,43036,562
2021-08-01,San Joaquin,077,732212,78363,77338,3906,81244,1461
2021-08-01,San Luis Obispo,079,281455,22528,22083,814,22897,261
2021-08-01,San Mateo,081,765935,45745,45036,618,45654,548
2021-08-01,Santa Barbara,083,443738,36217,35809,1207,37016,469
2021-08-01,Santa Clara,085,1922200,125298,123511,849,124360,2183
2021-08-01,Santa Cruz,087,273765,17020,16709,820,17529,207
2021-08-01,Shasta,089,179085,13311,13036,1771,14807,212
2021-08-01,Sierra,091,2930,76,71,12,83,0
2021-08-01,Siskiyou,093,43540,2099,1989,437,2426,31
2021-08-01,Solano,095,438530,36617,35800,757,36557,260
2021-08-01,Sonoma,097,501317,33756,33076,390,33466,330
2021-08-01,Stanislaus,099,539301,59879,59078,6329,65407,1037
2021-08-01,Sutter,101,95872,10330,10198,104,10302,127
2021-08-01,Tehama,103,63373,5345,5252,613,5865,66
2021-08-01,Trinity,105,12862,515,359,113,472,3
2021-08-01,Tulare,107,460477,51643,50600,9624,60224,854
2021-08-01,Tuolumne,109,53932,4599,4489,49,4538,64
2021-08-01,Ventura,111,848112,85241,84040,3492,87532,1044
2021-08-01,Yolo,113,214977,15358,15042,432,15474,215
2021-08-01,Yuba,115,75493,6869,6721,151,6872,50
2021-07-31,Alameda,001,1643700,98168,95279,2175,97454,1265
2021-07-31,Alpine,002,1148,90,89,0,89,0
2021-07-31,Amador,005,37829,3986,3877,33,3910,48
2021-07-31,Butte,007,227075,13624,13235,2073,15308,205
2021-07-31,Calaveras,009,45235,2380,2294,15,2309,57
2021-07-31,Colusa,011,21464,2051,2006,353,2359,16
2021-07-31,Contra Costa,013,1133247,78612,75866,1518,77384,832
2021-07-31,Del Norte,015,27424,1743,1576,14,1590,8
2021-07-31,El Dorado,017,186661,11449,11017,907,11924,116
2021-07-31,Fresno,019,978130,107010,104639,9102,113741,1744
2021-07-31,Glenn,021,27897,2519,2465,588,3053,20
2021-07-31,Humboldt,023,135768,5347,4978,82,5060,52
2021-07-31,Imperial,025,180216,29467,29164,2709,31873,743
2021-07-31,Inyo,027,18085,1465,1442,13,1455,38
2021-07-31,Kern,029,883053,100648,98903,12025,110928,1357
2021-07-31,Kings,031,150075,24085,23548,1179,24727,248
2021-07-31,Lake,033,64148,4469,4238,16,4254,66
2021-07-31,Lassen,035,31185,5367,5320,121,5441,21
2021-07-31,Los Angeles,037,10098052,1273701,1248545,44926,1293471,24691
2021-07-31,Madera,039,155013,17479,17058,1019,18077,245
2021-07-31,Marin,041,260295,15144,14701,290,14991,239
2021-07-31,Mariposa,043,17540,494,470,11,481,5
2021-07-31,Mendocino,045,87422,4635,4400,96,4496,49
2021-07-31,Merced,047,269075,32250,31959,1104,33063,474
2021-07-31,Modoc,049,8938,424,413,147,560,5
2021-07-31,Mono,051,14174,1308,1287,18,1305,3
2021-07-31,Monterey,053,433212,44101,43720,1978,45698,525
2021-07-31,Napa,055,140530,10584,10401,52,10453,82
2021-07-31,Nevada,057,99092,5826,5373,205,5578,72
2021-07-31,Orange,059,3164182,269170,263446,12183,275629,5144
2021-07-31,Placer,061,380077,26093,25104,1931,27035,306
2021-07-31,Plumas,063,18699,781,743,14,757,5
2021-07-31,Riverside,065,2383286,307771,300315,14561,314876,4554
2021-07-31,Sacramento,067,1510023,118722,115259,2235,117494,1720
2021-07-31,San Benito,069,59416,6289,6251,114,6365,63
2021-07-31,San Bernardino,071,2135413,305427,300726,9381,310107,5240
2021-07-31,San Diego,073,3302833,301725,295054,17355,312409,3798
2021-07-31,San Francisco,075,870044,42432,40412,1584,41996,562
2021-07-31,San Joaquin,077,732212,78198,76575,3893,80468,1443
2021-07-31,San Luis Obispo,079,281455,22475,21922,812,22734,260
2021-07-31,San Mateo,081,765935,45588,44622,613,45235,548
2021-07-31,Santa Barbara,083,443738,36136,35531,1206,36737,467
2021-07-31,Santa Clara,085,1922200,125043,122614,847,123461,2099
2021-07-31,Santa Cruz,087,273765,16981,16576,819,17395,207
2021-07-31,Shasta,089,179085,13274,12918,1763,14681,212
2021-07-31,Sierra,091,2930,76,68,12,80,0
2021-07-31,Siskiyou,093,43540,2090,1976,431,2407,31
2021-07-31,Solano,095,438530,36515,35340,750,36090,263
2021-07-31,Sonoma,097,501317,33630,32601,390,32991,329
2021-07-31,Stanislaus,099,539301,59720,58586,6307,64893,1035
2021-07-31,Sutter,101,95872,10296,10068,103,10171,127
2021-07-31,Tehama,103,63373,5330,5216,610,5826,66
2021-07-31,Trinity,105,12862,514,354,112,466,3
2021-07-31,Tulare,107,460477,51553,50409,9571,59980,854
2021-07-31,Tuolumne,109,53932,4560,4362,49,4411,64
2021-07-31,Ventura,111,848112,85080,83509,3476,86985,1044
2021-07-31,Yolo,113,214977,15310,14863,421,15284,215
2021-07-31,Yuba,115,75493,6846,6615,147,6762,50
2021-07-30,Alameda,001,1643700,97842,95279,2171,97450,1265
2021-07-30,Alpine,002,1148,90,89,0,89,0
2021-07-30,Amador,005,37829,3963,3877,33,3910,48
2021-07-30,Butte,007,227075,13569,13235,2060,15295,205
2021-07-30,Calaveras,009,45235,2370,2294,15,2309,57
2021-07-30,Colusa,011,21464,2047,2006,351,2357,16
2021-07-30,Contra Costa,013,1133247,78366,75866,1514,77380,832
2021-07-30,Del Norte,015,27424,1725,1576,14,1590,8
2021-07-30,El Dorado,017,186661,11416,11017,901,11918,116
2021-07-30,Fresno,019,978130,106816,104639,9090,113729,1744
2021-07-30,Glenn,021,27897,2514,2465,587,3052,20
2021-07-30,Humboldt,023,135768,5284,4978,79,5057,52
2021-07-30,Imperial,025,180216,29453,29164,2706,31870,743
2021-07-30,Inyo,027,18085,1464,1442,13,1455,38
2021-07-30,Kern,029,883053,100524,98903,11978,110881,1357
2021-07-30,Kings,031,150075,24045,23548,1175,24723,248
2021-07-30,Lake,033,64148,4441,4238,16,4254,66
2021-07-30,Lassen,035,31185,5363,5320,121,5441,21
2021-07-30,Los Angeles,037,10098052,1271368,1248545,44779,1293324,24691
2021-07-30,Madera,039,155013,17437,17058,1016,18074,245
2021-07-30,Marin,041,260295,15110,14701,290,14991,239
2021-07-30,Mariposa,043,17540,490,470,11,481,5
2021-07-30,Mendocino,045,87422,4605,4400,95,4495,49
2021-07-30,Merced,047,269075,32209,31959,1100,33059,474
2021-07-30,Modoc,049,8938,422,413,147,560,5
2021-07-30,Mono,051,14174,1303,1287,18,1305,3
2021-07-30,Monterey,053,433212,44067,43720,1969,45689,525
2021-07-30,Napa,055,140530,10562,10401,51,10452,82
2021-07-30,Nevada,057,99092,5769,5373,205,5578,72
2021-07-30,Orange,059,3164182,268545,263446,12157,275603,5144
2021-07-30,Placer,061,380077,26003,25104,1913,27017,306
2021-07-30,Plumas,063,18699,776,743,14,757,5
2021-07-30,Riverside,065,2383286,307134,300315,14550,314865,4554
2021-07-30,Sacramento,067,1510023,118270,115259,2229,117488,1720
2021-07-30,San Benito,069,59416,6282,6251,114,6365,63
2021-07-30,San Bernardino,071,2135413,304913,300726,9374,310100,5240
2021-07-30,San Diego,073,3302833,300948,295054,17297,312351,3798
2021-07-30,San Francisco,075,870044,42219,40412,1570,41982,562
2021-07-30,San Joaquin,077,732212,78044,76575,3888,80463,1443
2021-07-30,San Luis Obispo,079,281455,22437,21922,808,22730,260
2021-07-30,San Mateo,081,765935,45463,44622,600,45222,548
2021-07-30,Santa Barbara,083,443738,36067,35531,1200,36731,467
2021-07-30,Santa Clara,085,1922200,124820,122614,845,123459,2099
2021-07-30,Santa Cruz,087,273765,16955,16576,817,17393,207
2021-07-30,Shasta,089,179085,13229,12918,1763,14681,212
2021-07-30,Sierra,091,2930,75,68,12,80,0
2021-07-30,Siskiyou,093,43540,2081,1976,430,2406,31
2021-07-30,Solano,095,438530,36423,35340,734,36074,263
2021-07-30,Sonoma,097,501317,33535,32601,390,32991,329
2021-07-30,Stanislaus,099,539301,59577,58586,6287,64873,1035
2021-07-30,Sutter,101,95872,10261,10068,103,10171,127
2021-07-30,Tehama,103,63373,5320,5216,610,5826,66
2021-07-30,Trinity,105,12862,514,354,112,466,3
2021-07-30,Tulare,107,460477,51510,50409,9536,59945,854
2021-07-30,Tuolumne,109,53932,4542,4362,49,4411,64
2021-07-30,Ventura,111,848112,84916,83509,3461,86970,1044
2021-07-30,Yolo,113,214977,15250,14863,417,15280,215
2021-07-30,Yuba,115,75493,6810,6615,146,6761,50
2021-07-29,Alameda,001,1643700,97430,95279,2165,97444,1265
2021-07-29,Alpine,002,1148,90,89,0,89,0
2021-07-29,Amador,005,37829,3944,3877,33,3910,48
2021-07-29,Butte,007,227075,13520,13235,2052,15287,205
2021-07-29,Calaveras,009,45235,2355,2294,15,2309,57
2021-07-29,Colusa,011,21464,2040,2006,351,2357,16
2021-07-29,Contra Costa,013,1133247,77926,75866,1512,77378,832
2021-07-29,Del Norte,015,27424,1701,1576,14,1590,8
2021-07-29,El Dorado,017,186661,11352,11017,889,11906,116
2021-07-29,Fresno,019,978130,106552,104639,9064,113703,1744
2021-07-29,Glenn,021,27897,2504,2465,586,3051,20
2021-07-29,Humboldt,023,135768,5224,4978,77,5055,52
2021-07-29,Imperial,025,180216,29408,29164,2704,31868,743
2021-07-29,Inyo,027,18085,1460,1442,13,1455,38
2021-07-29,Kern,029,883053,100317,98903,11901,110804,1357
2021-07-29,Kings,031,150075,23999,23548,1171,24719,248
2021-07-29,Lake,033,64148,4406,4238,16,4254,66
2021-07-29,Lassen,035,31185,5355,5320,118,5438,21
2021-07-29,Los Angeles,037,10098052,1268264,1248545,44602,1293147,24691
2021-07-29,Madera,039,155013,17390,17058,1012,18070,245
2021-07-29,Marin,041,260295,15066,14701,290,14991,239
2021-07-29,Mariposa,043,17540,486,470,11,481,5
2021-07-29,Mendocino,045,87422,4582,4400,93,4493,49
2021-07-29,Merced,047,269075,32154,31959,1100,33059,474
2021-07-29,Modoc,049,8938,422,413,147,560,5
2021-07-29,Mono,051,14174,1301,1287,18,1305,3
2021-07-29,Monterey,053,433212,44018,43720,1959,45679,525
2021-07-29,Napa,055,140530,10530,10401,49,10450,82
2021-07-29,Nevada,057,99092,5717,5373,204,5577,72
2021-07-29,Orange,059,3164182,267833,263446,12125,275571,5144
2021-07-29,Placer,061,380077,25880,25104,1898,27002,306
2021-07-29,Plumas,063,18699,768,743,14,757,5
2021-07-29,Riverside,065,2383286,306429,300315,14526,314841,4554
2021-07-29,Sacramento,067,1510023,117715,115259,2216,117475,1720
2021-07-29,San Benito,069,59416,6271,6251,114,6365,63
2021-07-29,San Bernardino,071,2135413,304276,300726,9365,310091,5240
2021-07-29,San Diego,073,3302833,299887,295054,17229,312283,3798
2021-07-29,San Francisco,075,870044,41968,40412,1549,41961,562
2021-07-29,San Joaquin,077,732212,77789,76575,3880,80455,1443
2021-07-29,San Luis Obispo,079,281455,22382,21922,806,22728,260
2021-07-29,San Mateo,081,765935,45336,44622,590,45212,548
2021-07-29,Santa Barbara,083,443738,35981,35531,1199,36730,467
2021-07-29,Santa Clara,085,1922200,124524,122614,842,123456,2099
2021-07-29,Santa Cruz,087,273765,16902,16576,815,17391,207
2021-07-29,Shasta,089,179085,13175,12918,1754,14672,212
2021-07-29,Sierra,091,2930,75,68,12,80,0
2021-07-29,Siskiyou,093,43540,2076,1976,428,2404,31
2021-07-29,Solano,095,438530,36263,35340,724,36064,263
2021-07-29,Sonoma,097,501317,33361,32601,388,32989,329
2021-07-29,Stanislaus,099,539301,59405,58586,6272,64858,1035
2021-07-29,Sutter,101,95872,10215,10068,102,10170,127
2021-07-29,Tehama,103,63373,5307,5216,604,5820,66
2021-07-29,Trinity,105,12862,512,354,111,465,3
2021-07-29,Tulare,107,460477,51420,50409,9496,59905,854
2021-07-29,Tuolumne,109,53932,4502,4362,48,4410,64
2021-07-29,Ventura,111,848112,84750,83509,3454,86963,1044
2021-07-29,Yolo,113,214977,15183,14863,403,15266,215
2021-07-29,Yuba,115,75493,6761,6615,143,6758,50
2021-07-28,Alameda,001,1643700,96970,94965,2158,97123,1262
2021-07-28,Alpine,002,1148,90,89,0,89,0
2021-07-28,Amador,005,37829,3930,3870,33,3903,48
2021-07-28,Butte,007,227075,13463,13184,2039,15223,205
2021-07-28,Calaveras,009,45235,2334,2289,15,2304,57
2021-07-28,Colusa,011,21464,2037,2001,350,2351,16
2021-07-28,Contra Costa,013,1133247,77437,75487,1504,76991,832
2021-07-28,Del Norte,015,27424,1668,1545,14,1559,8
2021-07-28,El Dorado,017,186661,11302,10967,880,11847,116
2021-07-28,Fresno,019,978130,106299,104458,9044,113502,1744
2021-07-28,Glenn,021,27897,2501,2464,583,3047,20
2021-07-28,Humboldt,023,135768,5173,4946,76,5022,52
2021-07-28,Imperial,025,180216,29361,29096,2704,31800,743
2021-07-28,Inyo,027,18085,1454,1439,12,1451,38
2021-07-28,Kern,029,883053,100161,98781,11855,110636,1352
2021-07-28,Kings,031,150075,23935,23503,1161,24664,248
2021-07-28,Lake,033,64148,4360,4191,15,4206,65
2021-07-28,Lassen,035,31185,5347,5318,118,5436,21
2021-07-28,Los Angeles,037,10098052,1265087,1245485,44419,1289904,24673
2021-07-28,Madera,039,155013,17349,17024,1006,18030,245
2021-07-28,Marin,041,260295,15012,14652,290,14942,239
2021-07-28,Mariposa,043,17540,479,469,11,480,5
2021-07-28,Mendocino,045,87422,4554,4377,93,4470,49
2021-07-28,Merced,047,269075,32098,31886,1096,32982,474
2021-07-28,Modoc,049,8938,420,413,147,560,5
2021-07-28,Mono,051,14174,1300,1286,18,1304,3
2021-07-28,Monterey,053,433212,43971,43668,1950,45618,524
2021-07-28,Napa,055,140530,10490,10376,47,10423,82
2021-07-28,Nevada,057,99092,5664,5320,204,5524,72
2021-07-28,Orange,059,3164182,267041,262735,12096,274831,5143
2021-07-28,Placer,061,380077,25733,24978,1883,26861,306
2021-07-28,Plumas,063,18699,763,754,14,768,5
2021-07-28,Riverside,065,2383286,305661,299611,14507,314118,4554
2021-07-28,Sacramento,067,1510023,117061,114665,2197,116862,1714
2021-07-28,San Benito,069,59416,6260,6236,114,6350,63
2021-07-28,San Bernardino,071,2135413,303654,300121,9353,309474,5236
2021-07-28,San Diego,073,3302833,298611,294176,17156,311332,3798
2021-07-28,San Francisco,075,870044,41664,40144,1523,41667,561
2021-07-28,San Joaquin,077,732212,77538,76312,3850,80162,1443
2021-07-28,San Luis Obispo,079,281455,22323,21865,805,22670,260
2021-07-28,San Mateo,081,765935,45185,44477,581,45058,547
2021-07-28,Santa Barbara,083,443738,35906,35431,1194,36625,467
2021-07-28,Santa Clara,085,1922200,124262,122345,840,123185,2099
2021-07-28,Santa Cruz,087,273765,16864,16551,814,17365,207
2021-07-28,Shasta,089,179085,13130,12882,1744,14626,212
2021-07-28,Sierra,091,2930,71,67,12,79,0
2021-07-28,Siskiyou,093,43540,2067,1971,425,2396,31
2021-07-28,Solano,095,438530,36089,35204,717,35921,262
2021-07-28,Sonoma,097,501317,33217,32434,385,32819,328
2021-07-28,Stanislaus,099,539301,59208,58427,6256,64683,1035
2021-07-28,Sutter,101,95872,10183,10033,101,10134,126
2021-07-28,Tehama,103,63373,5295,5209,601,5810,66
2021-07-28,Trinity,105,12862,511,352,111,463,3
2021-07-28,Tulare,107,460477,51332,50363,9449,59812,854
2021-07-28,Tuolumne,109,53932,4463,4313,48,4361,64
2021-07-28,Ventura,111,848112,84554,83360,3438,86798,1043
2021-07-28,Yolo,113,214977,15111,14801,394,15195,215
2021-07-28,Yuba,115,75493,6728,6591,142,6733,51
2021-07-27,Alameda,001,1643700,96569,94682,2150,96832,1256
2021-07-27,Alpine,002,1148,90,89,0,89,0
2021-07-27,Amador,005,37829,3914,3861,33,3894,48
2021-07-27,Butte,007,227075,13416,13127,2027,15154,205
2021-07-27,Calaveras,009,45235,2323,2280,15,2295,57
2021-07-27,Colusa,011,21464,2028,1999,349,2348,16
2021-07-27,Contra Costa,013,1133247,76952,75227,1500,76727,830
2021-07-27,Del Norte,015,27424,1648,1538,14,1552,8
2021-07-27,El Dorado,017,186661,11242,10941,870,11811,116
2021-07-27,Fresno,019,978130,106007,104288,9021,113309,1746
2021-07-27,Glenn,021,27897,2493,2460,581,3041,20
2021-07-27,Humboldt,023,135768,5119,4925,75,5000,52
2021-07-27,Imperial,025,180216,29316,29048,2703,31751,743
2021-07-27,Inyo,027,18085,1452,1430,12,1442,38
2021-07-27,Kern,029,883053,99991,98724,11799,110523,1352
2021-07-27,Kings,031,150075,23878,23463,1151,24614,248
2021-07-27,Lake,033,64148,4321,4157,15,4172,65
2021-07-27,Lassen,035,31185,5341,5315,118,5433,21
2021-07-27,Los Angeles,037,10098052,1261617,1243336,44216,1287552,24658
2021-07-27,Madera,039,155013,17296,16998,1000,17998,245
2021-07-27,Marin,041,260295,14964,14631,287,14918,239
2021-07-27,Mariposa,043,17540,476,468,11,479,5
2021-07-27,Mendocino,045,87422,4531,4371,93,4464,49
2021-07-27,Merced,047,269075,32031,31825,1093,32918,473
2021-07-27,Modoc,049,8938,419,413,147,560,5
2021-07-27,Mono,051,14174,1296,1288,18,1306,3
2021-07-27,Monterey,053,433212,43931,43646,1939,45585,523
2021-07-27,Napa,055,140530,10460,10354,47,10401,82
2021-07-27,Nevada,057,99092,5586,5305,202,5507,72
2021-07-27,Orange,059,3164182,266301,262193,12070,274263,5143
2021-07-27,Placer,061,380077,25574,24916,1857,26773,306
2021-07-27,Plumas,063,18699,760,752,14,766,5
2021-07-27,Riverside,065,2383286,304932,299160,14488,313648,4554
2021-07-27,Sacramento,067,1510023,116458,114413,2188,116601,1710
2021-07-27,San Benito,069,59416,6251,6229,114,6343,63
2021-07-27,San Bernardino,071,2135413,302971,299593,9331,308924,5236
2021-07-27,San Diego,073,3302833,297521,293408,17077,310485,3798
2021-07-27,San Francisco,075,870044,41308,39939,1505,41444,561
2021-07-27,San Joaquin,077,732212,77276,76166,3831,79997,1442
2021-07-27,San Luis Obispo,079,281455,22268,21803,796,22599,260
2021-07-27,San Mateo,081,765935,45034,44378,578,44956,547
2021-07-27,Santa Barbara,083,443738,35811,35355,1192,36547,467
2021-07-27,Santa Clara,085,1922200,123968,122154,838,122992,2099
2021-07-27,Santa Cruz,087,273765,16818,16523,813,17336,207
2021-07-27,Shasta,089,179085,13080,12846,1731,14577,212
2021-07-27,Sierra,091,2930,71,65,12,77,0
2021-07-27,Siskiyou,093,43540,2062,1964,422,2386,31
2021-07-27,Solano,095,438530,35957,35093,707,35800,261
2021-07-27,Sonoma,097,501317,33073,32367,383,32750,328
2021-07-27,Stanislaus,099,539301,59040,58333,6228,64561,1033
2021-07-27,Sutter,101,95872,10142,9998,101,10099,115
2021-07-27,Tehama,103,63373,5273,5192,599,5791,66
2021-07-27,Trinity,105,12862,510,351,111,462,3
2021-07-27,Tulare,107,460477,51266,50324,9418,59742,854
2021-07-27,Tuolumne,109,53932,4411,4282,48,4330,64
2021-07-27,Ventura,111,848112,84346,83189,3426,86615,1043
2021-07-27,Yolo,113,214977,15038,14759,388,15147,215
2021-07-27,Yuba,115,75493,6706,6564,140,6704,51
2021-07-26,Alameda,001,1643700,96124,94436,2146,96582,1259
2021-07-26,Alpine,002,1148,90,89,0,89,0
2021-07-26,Amador,005,37829,3904,3854,33,3887,48
2021-07-26,Butte,007,227075,13361,13082,2011,15093,203
2021-07-26,Calaveras,009,45235,2317,2276,15,2291,57
2021-07-26,Colusa,011,21464,2021,1996,347,2343,16
2021-07-26,Contra Costa,013,1133247,76456,74854,1493,76347,830
2021-07-26,Del Norte,015,27424,1627,1530,14,1544,8
2021-07-26,El Dorado,017,186661,11178,10899,867,11766,116
2021-07-26,Fresno,019,978130,105803,104143,8998,113141,1742
2021-07-26,Glenn,021,27897,2491,2461,580,3041,20
2021-07-26,Humboldt,023,135768,5080,4906,73,4979,52
2021-07-26,Imperial,025,180216,29276,29034,2703,31737,743
2021-07-26,Inyo,027,18085,1447,1429,12,1441,38
2021-07-26,Kern,029,883053,99825,98633,11734,110367,1351
2021-07-26,Kings,031,150075,23829,23426,1147,24573,247
2021-07-26,Lake,033,64148,4300,4133,15,4148,65
2021-07-26,Lassen,035,31185,5337,5314,118,5432,21
2021-07-26,Los Angeles,037,10098052,1258269,1241527,44046,1285573,24647
2021-07-26,Madera,039,155013,17268,16971,993,17964,245
2021-07-26,Marin,041,260295,14907,14579,286,14865,239
2021-07-26,Mariposa,043,17540,475,467,11,478,5
2021-07-26,Mendocino,045,87422,4510,4354,93,4447,49
2021-07-26,Merced,047,269075,31940,31774,1089,32863,473
2021-07-26,Modoc,049,8938,419,413,147,560,5
2021-07-26,Mono,051,14174,1295,1286,18,1304,3
2021-07-26,Monterey,053,433212,43888,43595,1927,45522,521
2021-07-26,Napa,055,140530,10437,10332,47,10379,82
2021-07-26,Nevada,057,99092,5500,5280,202,5482,72
2021-07-26,Orange,059,3164182,265662,261803,12050,273853,5142
2021-07-26,Placer,061,380077,25437,24842,1836,26678,304
2021-07-26,Plumas,063,18699,756,750,14,764,5
2021-07-26,Riverside,065,2383286,304240,298626,14474,313100,4553
2021-07-26,Sacramento,067,1510023,115859,113986,2172,116158,1705
2021-07-26,San Benito,069,59416,6245,6222,114,6336,63
2021-07-26,San Bernardino,071,2135413,302356,299238,9318,308556,5237
2021-07-26,San Diego,073,3302833,296410,292688,16995,309683,3793
2021-07-26,San Francisco,075,870044,40946,39800,1479,41279,561
2021-07-26,San Joaquin,077,732212,77041,76033,3827,79860,1440
2021-07-26,San Luis Obispo,079,281455,22219,21752,793,22545,260
2021-07-26,San Mateo,081,765935,44886,44297,570,44867,547
2021-07-26,Santa Barbara,083,443738,35738,35311,1180,36491,467
2021-07-26,Santa Clara,085,1922200,123659,121978,829,122807,2099
2021-07-26,Santa Cruz,087,273765,16778,16493,810,17303,207
2021-07-26,Shasta,089,179085,13031,12819,1720,14539,211
2021-07-26,Sierra,091,2930,70,65,12,77,0
2021-07-26,Siskiyou,093,43540,2059,1962,420,2382,31
2021-07-26,Solano,095,438530,35802,34990,700,35690,259
2021-07-26,Sonoma,097,501317,32937,32283,381,32664,328
2021-07-26,Stanislaus,099,539301,58895,58219,6209,64428,1033
2021-07-26,Sutter,101,95872,10102,9963,98,10061,115
2021-07-26,Tehama,103,63373,5263,5183,595,5778,66
2021-07-26,Trinity,105,12862,510,351,110,461,3
2021-07-26,Tulare,107,460477,51200,50265,9389,59654,854
2021-07-26,Tuolumne,109,53932,4381,4271,47,4318,64
2021-07-26,Ventura,111,848112,84173,83072,3411,86483,1041
2021-07-26,Yolo,113,214977,14977,14727,376,15103,215
2021-07-26,Yuba,115,75493,6672,6538,138,6676,51
2021-07-25,Alameda,001,1643700,95636,94146,2141,96287,1259
2021-07-25,Alpine,002,1148,88,89,0,89,0
2021-07-25,Amador,005,37829,3889,3848,33,3881,48
2021-07-25,Butte,007,227075,13322,13074,1999,15073,203
2021-07-25,Calaveras,009,45235,2306,2275,15,2290,57
2021-07-25,Colusa,011,21464,2012,1996,343,2339,16
2021-07-25,Contra Costa,013,1133247,75972,74634,1479,76113,830
2021-07-25,Del Norte,015,27424,1606,1526,14,1540,8
2021-07-25,El Dorado,017,186661,11121,10878,863,11741,116
2021-07-25,Fresno,019,978130,105561,104019,8982,113001,1742
2021-07-25,Glenn,021,27897,2482,2461,578,3039,20
2021-07-25,Humboldt,023,135768,5021,4892,72,4964,52
2021-07-25,Imperial,025,180216,29240,29037,2703,31740,743
2021-07-25,Inyo,027,18085,1442,1427,12,1439,38
2021-07-25,Kern,029,883053,99653,98503,11663,110166,1351
2021-07-25,Kings,031,150075,23775,23396,1143,24539,247
2021-07-25,Lake,033,64148,4247,4109,14,4123,65
2021-07-25,Lassen,035,31185,5332,5314,118,5432,21
2021-07-25,Los Angeles,037,10098052,1254848,1239596,43854,1283450,24643
2021-07-25,Madera,039,155013,17231,16947,986,17933,245
2021-07-25,Marin,041,260295,14858,14558,283,14841,239
2021-07-25,Mariposa,043,17540,472,465,11,476,5
2021-07-25,Mendocino,045,87422,4481,4335,91,4426,49
2021-07-25,Merced,047,269075,31867,31760,1087,32847,473
2021-07-25,Modoc,049,8938,419,413,147,560,5
2021-07-25,Mono,051,14174,1292,1286,18,1304,3
2021-07-25,Monterey,053,433212,43850,43590,1919,45509,521
2021-07-25,Napa,055,140530,10401,10316,46,10362,82
2021-07-25,Nevada,057,99092,5435,5256,199,5455,72
2021-07-25,Orange,059,3164182,264954,261351,12027,273378,5142
2021-07-25,Placer,061,380077,25315,24755,1815,26570,304
2021-07-25,Plumas,063,18699,754,750,14,764,5
2021-07-25,Riverside,065,2383286,303476,298181,14457,312638,4553
2021-07-25,Sacramento,067,1510023,115309,113611,2157,115768,1704
2021-07-25,San Benito,069,59416,6238,6217,114,6331,63
2021-07-25,San Bernardino,071,2135413,301697,298982,9311,308293,5237
2021-07-25,San Diego,073,3302833,295348,290626,16921,307547,3793
2021-07-25,San Francisco,075,870044,40596,39663,1454,41117,561
2021-07-25,San Joaquin,077,732212,76784,75926,3808,79734,1440
2021-07-25,San Luis Obispo,079,281455,22146,21741,790,22531,260
2021-07-25,San Mateo,081,765935,44724,44189,564,44753,547
2021-07-25,Santa Barbara,083,443738,35658,35261,1177,36438,467
2021-07-25,Santa Clara,085,1922200,123329,121800,824,122624,2099
2021-07-25,Santa Cruz,087,273765,16731,16474,809,17283,207
2021-07-25,Shasta,089,179085,12984,12815,1715,14530,211
2021-07-25,Sierra,091,2930,70,65,12,77,0
2021-07-25,Siskiyou,093,43540,2051,1963,417,2380,31
2021-07-25,Solano,095,438530,35610,34863,697,35560,259
2021-07-25,Sonoma,097,501317,32812,32202,378,32580,328
2021-07-25,Stanislaus,099,539301,58729,58154,6204,64358,1033
2021-07-25,Sutter,101,95872,10049,9937,96,10033,115
2021-07-25,Tehama,103,63373,5247,5181,594,5775,66
2021-07-25,Trinity,105,12862,508,351,108,459,3
2021-07-25,Tulare,107,460477,51126,50221,9351,59572,854
2021-07-25,Tuolumne,109,53932,4330,4267,47,4314,64
2021-07-25,Ventura,111,848112,83959,82986,3388,86374,1041
2021-07-25,Yolo,113,214977,14916,14693,362,15055,215
2021-07-25,Yuba,115,75493,6640,6519,138,6657,51
2021-07-24,Alameda,001,1643700,95355,93170,2137,95307,1259
2021-07-24,Alpine,002,1148,88,89,0,89,0
2021-07-24,Amador,005,37829,3880,3816,33,3849,48
2021-07-24,Butte,007,227075,13293,12982,1995,14977,203
2021-07-24,Calaveras,009,45235,2301,2267,15,2282,57
2021-07-24,Colusa,011,21464,2011,1992,341,2333,16
2021-07-24,Contra Costa,013,1133247,75744,73682,1476,75158,830
2021-07-24,Del Norte,015,27424,1595,1497,14,1511,8
2021-07-24,El Dorado,017,186661,11087,10773,860,11633,116
2021-07-24,Fresno,019,978130,105443,103637,8972,112609,1736
2021-07-24,Glenn,021,27897,2480,2457,578,3035,20
2021-07-24,Humboldt,023,135768,4986,4780,71,4851,52
2021-07-24,Imperial,025,180216,29220,28996,2703,31699,742
2021-07-24,Inyo,027,18085,1439,1424,12,1436,38
2021-07-24,Kern,029,883053,99575,98261,11641,109902,1350
2021-07-24,Kings,031,150075,23744,23304,1140,24444,246
2021-07-24,Lake,033,64148,4224,3963,14,3977,64
2021-07-24,Lassen,035,31185,5331,5311,118,5429,21
2021-07-24,Los Angeles,037,10098052,1253071,1232164,43727,1275891,24623
2021-07-24,Madera,039,155013,17207,16885,984,17869,245
2021-07-24,Marin,041,260295,14819,14454,283,14737,238
2021-07-24,Mariposa,043,17540,472,453,11,464,5
2021-07-24,Mendocino,045,87422,4456,4293,91,4384,49
2021-07-24,Merced,047,269075,31845,31661,1086,32747,473
2021-07-24,Modoc,049,8938,419,413,147,560,5
2021-07-24,Mono,051,14174,1290,1284,18,1302,3
2021-07-24,Monterey,053,433212,43825,43525,1912,45437,521
2021-07-24,Napa,055,140530,10385,10230,46,10276,81
2021-07-24,Nevada,057,99092,5403,5183,199,5382,72
2021-07-24,Orange,059,3164182,264488,259973,12015,271988,5141
2021-07-24,Placer,061,380077,25233,24530,1810,26340,303
2021-07-24,Plumas,063,18699,753,737,14,751,4
2021-07-24,Riverside,065,2383286,303008,296912,14447,311359,4552
2021-07-24,Sacramento,067,1510023,114994,112438,2153,114591,1698
2021-07-24,San Benito,069,59416,6234,6200,113,6313,63
2021-07-24,San Bernardino,071,2135413,301306,297899,9302,307201,5236
2021-07-24,San Diego,073,3302833,294882,289368,16893,306261,3788
2021-07-24,San Francisco,075,870044,40423,38954,1438,40392,561
2021-07-24,San Joaquin,077,732212,76656,75461,3797,79258,1436
2021-07-24,San Luis Obispo,079,281455,22115,21616,788,22404,260
2021-07-24,San Mateo,081,765935,44607,43880,558,44438,542
2021-07-24,Santa Barbara,083,443738,35599,35071,1173,36244,465
2021-07-24,Santa Clara,085,1922200,123117,121092,823,121915,2099
2021-07-24,Santa Cruz,087,273765,16708,16416,809,17225,207
2021-07-24,Shasta,089,179085,12956,12759,1712,14471,211
2021-07-24,Sierra,091,2930,69,64,12,76,0
2021-07-24,Siskiyou,093,43540,2051,1951,417,2368,31
2021-07-24,Solano,095,438530,35518,34499,688,35187,259
2021-07-24,Sonoma,097,501317,32687,31928,376,32304,327
2021-07-24,Stanislaus,099,539301,58637,57879,6194,64073,1030
2021-07-24,Sutter,101,95872,10022,9890,96,9986,115
2021-07-24,Tehama,103,63373,5240,5166,592,5758,65
2021-07-24,Trinity,105,12862,508,345,108,453,3
2021-07-24,Tulare,107,460477,51083,50104,9334,59438,854
2021-07-24,Tuolumne,109,53932,4304,4216,47,4263,64
2021-07-24,Ventura,111,848112,83832,82687,3372,86059,1041
2021-07-24,Yolo,113,214977,14878,14557,358,14915,214
2021-07-24,Yuba,115,75493,6621,6449,138,6587,51
2021-07-23,Alameda,001,1643700,95100,93170,2133,95303,1259
2021-07-23,Alpine,002,1148,88,89,0,89,0
2021-07-23,Amador,005,37829,3873,3816,33,3849,48
2021-07-23,Butte,007,227075,13264,12982,1986,14968,203
2021-07-23,Calaveras,009,45235,2291,2267,15,2282,57
2021-07-23,Colusa,011,21464,2010,1992,341,2333,16
2021-07-23,Contra Costa,013,1133247,75484,73682,1467,75149,830
2021-07-23,Del Norte,015,27424,1587,1497,14,1511,8
2021-07-23,El Dorado,017,186661,11058,10773,856,11629,116
2021-07-23,Fresno,019,978130,105311,103637,8960,112597,1736
2021-07-23,Glenn,021,27897,2478,2457,575,3032,20
2021-07-23,Humboldt,023,135768,4964,4780,68,4848,52
2021-07-23,Imperial,025,180216,29208,28996,2703,31699,742
2021-07-23,Inyo,027,18085,1436,1424,12,1436,38
2021-07-23,Kern,029,883053,99493,98261,11616,109877,1350
2021-07-23,Kings,031,150075,23713,23304,1137,24441,246
2021-07-23,Lake,033,64148,4195,3963,14,3977,64
2021-07-23,Lassen,035,31185,5329,5311,118,5429,21
2021-07-23,Los Angeles,037,10098052,1251128,1232164,43620,1275784,24623
2021-07-23,Madera,039,155013,17177,16885,979,17864,245
2021-07-23,Marin,041,260295,14782,14454,281,14735,238
2021-07-23,Mariposa,043,17540,469,453,11,464,5
2021-07-23,Mendocino,045,87422,4443,4293,91,4384,49
2021-07-23,Merced,047,269075,31820,31661,1086,32747,473
2021-07-23,Modoc,049,8938,419,413,147,560,5
2021-07-23,Mono,051,14174,1289,1284,18,1302,3
2021-07-23,Monterey,053,433212,43799,43525,1912,45437,521
2021-07-23,Napa,055,140530,10364,10230,46,10276,81
2021-07-23,Nevada,057,99092,5359,5183,199,5382,72
2021-07-23,Orange,059,3164182,264039,259973,11992,271965,5141
2021-07-23,Placer,061,380077,25153,24530,1794,26324,303
2021-07-23,Plumas,063,18699,751,737,14,751,4
2021-07-23,Riverside,065,2383286,302542,296912,14435,311347,4552
2021-07-23,Sacramento,067,1510023,114639,112438,2151,114589,1698
2021-07-23,San Benito,069,59416,6228,6200,113,6313,63
2021-07-23,San Bernardino,071,2135413,300924,297899,9293,307192,5236
2021-07-23,San Diego,073,3302833,294271,289368,16845,306213,3788
2021-07-23,San Francisco,075,870044,40239,38954,1426,40380,561
2021-07-23,San Joaquin,077,732212,76552,75461,3782,79243,1436
2021-07-23,San Luis Obispo,079,281455,22076,21616,788,22404,260
2021-07-23,San Mateo,081,765935,44503,43880,554,44434,542
2021-07-23,Santa Barbara,083,443738,35534,35071,1172,36243,465
2021-07-23,Santa Clara,085,1922200,122898,121092,820,121912,2099
2021-07-23,Santa Cruz,087,273765,16683,16416,809,17225,207
2021-07-23,Shasta,089,179085,12929,12759,1709,14468,211
2021-07-23,Sierra,091,2930,69,64,12,76,0
2021-07-23,Siskiyou,093,43540,2049,1951,417,2368,31
2021-07-23,Solano,095,438530,35427,34499,684,35183,259
2021-07-23,Sonoma,097,501317,32592,31928,375,32303,327
2021-07-23,Stanislaus,099,539301,58561,57879,6185,64064,1030
2021-07-23,Sutter,101,95872,9993,9890,96,9986,115
2021-07-23,Tehama,103,63373,5231,5166,592,5758,65
2021-07-23,Trinity,105,12862,507,345,107,452,3
2021-07-23,Tulare,107,460477,51037,50104,9312,59416,854
2021-07-23,Tuolumne,109,53932,4282,4216,47,4263,64
2021-07-23,Ventura,111,848112,83670,82687,3354,86041,1041
2021-07-23,Yolo,113,214977,14842,14557,351,14908,214
2021-07-23,Yuba,115,75493,6595,6449,137,6586,51
2021-07-22,Alameda,001,1643700,94748,93170,2128,95298,1259
2021-07-22,Alpine,002,1148,88,89,0,89,0
2021-07-22,Amador,005,37829,3864,3816,33,3849,48
2021-07-22,Butte,007,227075,13230,12982,1977,14959,203
2021-07-22,Calaveras,009,45235,2281,2267,15,2282,57
2021-07-22,Colusa,011,21464,2008,1992,338,2330,16
2021-07-22,Contra Costa,013,1133247,75145,73682,1462,75144,830
2021-07-22,Del Norte,015,27424,1570,1497,14,1511,8
2021-07-22,El Dorado,017,186661,11022,10773,848,11621,116
2021-07-22,Fresno,019,978130,105182,103637,8950,112587,1736
2021-07-22,Glenn,021,27897,2474,2457,575,3032,20
2021-07-22,Humboldt,023,135768,4933,4780,66,4846,52
2021-07-22,Imperial,025,180216,29178,28996,2703,31699,742
2021-07-22,Inyo,027,18085,1434,1424,12,1436,38
2021-07-22,Kern,029,883053,99378,98261,11575,109836,1350
2021-07-22,Kings,031,150075,23674,23304,1135,24439,246
2021-07-22,Lake,033,64148,4144,3963,14,3977,64
2021-07-22,Lassen,035,31185,5326,5311,118,5429,21
2021-07-22,Los Angeles,037,10098052,1248688,1232164,43445,1275609,24623
2021-07-22,Madera,039,155013,17142,16885,977,17862,245
2021-07-22,Marin,041,260295,14741,14454,280,14734,238
2021-07-22,Mariposa,043,17540,462,453,11,464,5
2021-07-22,Mendocino,045,87422,4430,4293,90,4383,49
2021-07-22,Merced,047,269075,31778,31661,1085,32746,473
2021-07-22,Modoc,049,8938,419,413,147,560,5
2021-07-22,Mono,051,14174,1288,1284,18,1302,3
2021-07-22,Monterey,053,433212,43771,43525,1906,45431,521
2021-07-22,Napa,055,140530,10346,10230,46,10276,81
2021-07-22,Nevada,057,99092,5333,5183,198,5381,72
2021-07-22,Orange,059,3164182,263486,259973,11983,271956,5141
2021-07-22,Placer,061,380077,25059,24530,1783,26313,303
2021-07-22,Plumas,063,18699,750,737,14,751,4
2021-07-22,Riverside,065,2383286,302033,296912,14414,311326,4552
2021-07-22,Sacramento,067,1510023,114202,112438,2142,114580,1698
2021-07-22,San Benito,069,59416,6221,6200,113,6313,63
2021-07-22,San Bernardino,071,2135413,300521,297899,9278,307177,5236
2021-07-22,San Diego,073,3302833,293540,289368,16785,306153,3788
2021-07-22,San Francisco,075,870044,40026,38954,1413,40367,561
2021-07-22,San Joaquin,077,732212,76409,75461,3770,79231,1436
2021-07-22,San Luis Obispo,079,281455,22038,21616,784,22400,260
2021-07-22,San Mateo,081,765935,44391,43880,549,44429,542
2021-07-22,Santa Barbara,083,443738,35468,35071,1170,36241,465
2021-07-22,Santa Clara,085,1922200,122657,121092,817,121909,2099
2021-07-22,Santa Cruz,087,273765,16646,16416,808,17224,207
2021-07-22,Shasta,089,179085,12905,12759,1705,14464,211
2021-07-22,Sierra,091,2930,67,64,12,76,0
2021-07-22,Siskiyou,093,43540,2046,1951,417,2368,31
2021-07-22,Solano,095,438530,35283,34499,677,35176,259
2021-07-22,Sonoma,097,501317,32482,31928,373,32301,327
2021-07-22,Stanislaus,099,539301,58433,57879,6173,64052,1030
2021-07-22,Sutter,101,95872,9972,9890,96,9986,115
2021-07-22,Tehama,103,63373,5225,5166,592,5758,65
2021-07-22,Trinity,105,12862,507,345,107,452,3
2021-07-22,Tulare,107,460477,50994,50104,9284,59388,854
2021-07-22,Tuolumne,109,53932,4270,4216,47,4263,64
2021-07-22,Ventura,111,848112,83536,82687,3341,86028,1041
2021-07-22,Yolo,113,214977,14804,14557,351,14908,214
2021-07-22,Yuba,115,75493,6564,6449,134,6583,51
2021-07-21,Alameda,001,1643700,94428,92840,2125,94965,1256
2021-07-21,Alpine,002,1148,88,89,0,89,0
2021-07-21,Amador,005,37829,3851,3813,33,3846,48
2021-07-21,Butte,007,227075,13189,12939,1972,14911,203
2021-07-21,Calaveras,009,45235,2277,2257,15,2272,57
2021-07-21,Colusa,011,21464,2004,1988,337,2325,16
2021-07-21,Contra Costa,013,1133247,74881,73320,1453,74773,827
2021-07-21,Del Norte,015,27424,1560,1492,14,1506,8
2021-07-21,El Dorado,017,186661,10985,10742,844,11586,116
2021-07-21,Fresno,019,978130,105033,103504,8941,112445,1736
2021-07-21,Glenn,021,27897,2472,2455,574,3029,20
2021-07-21,Humboldt,023,135768,4901,4763,64,4827,52
2021-07-21,Imperial,025,180216,29166,28964,2700,31664,742
2021-07-21,Inyo,027,18085,1434,1423,12,1435,38
2021-07-21,Kern,029,883053,99260,98152,11534,109686,1350
2021-07-21,Kings,031,150075,23646,23270,1131,24401,246
2021-07-21,Lake,033,64148,4078,3896,14,3910,64
2021-07-21,Lassen,035,31185,5323,5310,118,5428,21
2021-07-21,Los Angeles,037,10098052,1246176,1229598,43307,1272905,24609
2021-07-21,Madera,039,155013,17118,16858,975,17833,245
2021-07-21,Marin,041,260295,14691,14427,280,14707,238
2021-07-21,Mariposa,043,17540,458,449,11,460,5
2021-07-21,Mendocino,045,87422,4412,4274,90,4364,49
2021-07-21,Merced,047,269075,31739,31607,1081,32688,473
2021-07-21,Modoc,049,8938,419,413,147,560,5
2021-07-21,Mono,051,14174,1285,1282,18,1300,3
2021-07-21,Monterey,053,433212,43741,43502,1903,45405,515
2021-07-21,Napa,055,140530,10320,10209,46,10255,81
2021-07-21,Nevada,057,99092,5298,5152,198,5350,72
2021-07-21,Orange,059,3164182,262931,259615,11953,271568,5139
2021-07-21,Placer,061,380077,24950,24441,1772,26213,303
2021-07-21,Plumas,063,18699,750,736,14,750,4
2021-07-21,Riverside,065,2383286,301520,296419,14397,310816,4552
2021-07-21,Sacramento,067,1510023,113779,112043,2131,114174,1696
2021-07-21,San Benito,069,59416,6211,6196,113,6309,63
2021-07-21,San Bernardino,071,2135413,300065,297519,9270,306789,5230
2021-07-21,San Diego,073,3302833,292690,288682,16722,305404,3787
2021-07-21,San Francisco,075,870044,39801,38699,1408,40107,559
2021-07-21,San Joaquin,077,732212,76220,75288,3758,79046,1434
2021-07-21,San Luis Obispo,079,281455,22001,21579,781,22360,260
2021-07-21,San Mateo,081,765935,44299,43755,545,44300,542
2021-07-21,Santa Barbara,083,443738,35409,34998,1154,36152,465
2021-07-21,Santa Clara,085,1922200,122448,120838,815,121653,2099
2021-07-21,Santa Cruz,087,273765,16612,16407,808,17215,207
2021-07-21,Shasta,089,179085,12872,12751,1702,14453,211
2021-07-21,Sierra,091,2930,67,64,12,76,0
2021-07-21,Siskiyou,093,43540,2044,1943,415,2358,31
2021-07-21,Solano,095,438530,35124,34374,672,35046,258
2021-07-21,Sonoma,097,501317,32366,31789,373,32162,327
2021-07-21,Stanislaus,099,539301,58331,57774,6163,63937,1028
2021-07-21,Sutter,101,95872,9948,9862,96,9958,113
2021-07-21,Tehama,103,63373,5221,5161,592,5753,65
2021-07-21,Trinity,105,12862,505,345,106,451,3
2021-07-21,Tulare,107,460477,50935,50066,9259,59325,854
2021-07-21,Tuolumne,109,53932,4233,4156,47,4203,64
2021-07-21,Ventura,111,848112,83414,82573,3329,85902,1041
2021-07-21,Yolo,113,214977,14763,14525,350,14875,213
2021-07-21,Yuba,115,75493,6536,6425,134,6559,52
2021-07-20,Alameda,001,1643700,94057,92625,2111,94736,1256
2021-07-20,Alpine,002,1148,88,89,0,89,0
2021-07-20,Amador,005,37829,3840,3807,33,3840,48
2021-07-20,Butte,007,227075,13152,12916,1966,14882,203
2021-07-20,Calaveras,009,45235,2274,2249,15,2264,57
2021-07-20,Colusa,011,21464,2004,1985,337,2322,16
2021-07-20,Contra Costa,013,1133247,74596,73143,1435,74578,825
2021-07-20,Del Norte,015,27424,1550,1490,14,1504,8
2021-07-20,El Dorado,017,186661,10945,10727,840,11567,116
2021-07-20,Fresno,019,978130,104898,103438,8922,112360,1736
2021-07-20,Glenn,021,27897,2472,2453,574,3027,20
2021-07-20,Humboldt,023,135768,4856,4735,62,4797,52
2021-07-20,Imperial,025,180216,29146,28933,2700,31633,742
2021-07-20,Inyo,027,18085,1430,1420,12,1432,36
2021-07-20,Kern,029,883053,99146,98082,11506,109588,1350
2021-07-20,Kings,031,150075,23605,23254,1126,24380,246
2021-07-20,Lake,033,64148,4053,3871,14,3885,64
2021-07-20,Lassen,035,31185,5323,5306,118,5424,21
2021-07-20,Los Angeles,037,10098052,1243380,1227404,43142,1270546,24603
2021-07-20,Madera,039,155013,17097,16856,971,17827,245
2021-07-20,Marin,041,260295,14655,14396,277,14673,234
2021-07-20,Mariposa,043,17540,456,448,11,459,5
2021-07-20,Mendocino,045,87422,4395,4259,90,4349,49
2021-07-20,Merced,047,269075,31700,31578,1074,32652,473
2021-07-20,Modoc,049,8938,419,413,147,560,5
2021-07-20,Mono,051,14174,1281,1281,18,1299,3
2021-07-20,Monterey,053,433212,43710,43481,1900,45381,515
2021-07-20,Napa,055,140530,10297,10191,46,10237,81
2021-07-20,Nevada,057,99092,5279,5148,197,5345,72
2021-07-20,Orange,059,3164182,262374,259303,11923,271226,5139
2021-07-20,Placer,061,380077,24859,24408,1750,26158,303
2021-07-20,Plumas,063,18699,748,736,14,750,4
2021-07-20,Riverside,065,2383286,300985,296118,14383,310501,4543
2021-07-20,Sacramento,067,1510023,113338,111796,2101,113897,1695
2021-07-20,San Benito,069,59416,6204,6196,113,6309,63
2021-07-20,San Bernardino,071,2135413,299656,297222,9245,306467,5231
2021-07-20,San Diego,073,3302833,291763,288209,16626,304835,3786
2021-07-20,San Francisco,075,870044,39543,38536,1398,39934,558
2021-07-20,San Joaquin,077,732212,76048,75198,3745,78943,1433
2021-07-20,San Luis Obispo,079,281455,21955,21556,780,22336,259
2021-07-20,San Mateo,081,765935,44180,43670,543,44213,542
2021-07-20,Santa Barbara,083,443738,35339,34935,1148,36083,462
2021-07-20,Santa Clara,085,1922200,122191,120704,813,121517,2098
2021-07-20,Santa Cruz,087,273765,16583,16399,808,17207,207
2021-07-20,Shasta,089,179085,12846,12734,1698,14432,211
2021-07-20,Sierra,091,2930,67,64,12,76,0
2021-07-20,Siskiyou,093,43540,2040,1931,414,2345,31
2021-07-20,Solano,095,438530,34989,34337,665,35002,258
2021-07-20,Sonoma,097,501317,32247,31763,372,32135,326
2021-07-20,Stanislaus,099,539301,58216,57706,6158,63864,1028
2021-07-20,Sutter,101,95872,9921,9854,93,9947,114
2021-07-20,Tehama,103,63373,5219,5153,592,5745,65
2021-07-20,Trinity,105,12862,503,344,105,449,3
2021-07-20,Tulare,107,460477,50893,50047,9242,59289,854
2021-07-20,Tuolumne,109,53932,4214,4156,47,4203,64
2021-07-20,Ventura,111,848112,83261,82504,3314,85818,1041
2021-07-20,Yolo,113,214977,14698,14495,347,14842,213
2021-07-20,Yuba,115,75493,6511,6393,131,6524,52
2021-07-19,Alameda,001,1643700,93679,92357,2096,94453,1256
2021-07-19,Alpine,002,1148,88,89,0,89,0
2021-07-19,Amador,005,37829,3836,3802,33,3835,48
2021-07-19,Butte,007,227075,13108,12901,1961,14862,202
2021-07-19,Calaveras,009,45235,2270,2245,15,2260,57
2021-07-19,Colusa,011,21464,2002,1981,337,2318,16
2021-07-19,Contra Costa,013,1133247,74284,72935,1415,74350,825
2021-07-19,Del Norte,015,27424,1537,1484,14,1498,8
2021-07-19,El Dorado,017,186661,10915,10703,832,11535,114
2021-07-19,Fresno,019,978130,104769,103350,8909,112259,1731
2021-07-19,Glenn,021,27897,2472,2452,573,3025,20
2021-07-19,Humboldt,023,135768,4826,4719,60,4779,52
2021-07-19,Imperial,025,180216,29119,28888,2699,31587,742
2021-07-19,Inyo,027,18085,1429,1417,12,1429,36
2021-07-19,Kern,029,883053,99032,97999,11473,109472,1349
2021-07-19,Kings,031,150075,23575,23221,1120,24341,246
2021-07-19,Lake,033,64148,4017,3848,14,3862,64
2021-07-19,Lassen,035,31185,5322,5305,118,5423,21
2021-07-19,Los Angeles,037,10098052,1240775,1225946,42956,1268902,24600
2021-07-19,Madera,039,155013,17074,16846,968,17814,244
2021-07-19,Marin,041,260295,14620,14369,274,14643,234
2021-07-19,Mariposa,043,17540,450,447,11,458,5
2021-07-19,Mendocino,045,87422,4377,4251,90,4341,49
2021-07-19,Merced,047,269075,31636,31565,1067,32632,472
2021-07-19,Modoc,049,8938,418,413,147,560,5
2021-07-19,Mono,051,14174,1279,1280,18,1298,3
2021-07-19,Monterey,053,433212,43686,43436,1899,45335,515
2021-07-19,Napa,055,140530,10272,10180,44,10224,81
2021-07-19,Nevada,057,99092,5251,5133,196,5329,72
2021-07-19,Orange,059,3164182,261851,258927,11891,270818,5138
2021-07-19,Placer,061,380077,24760,24359,1728,26087,303
2021-07-19,Plumas,063,18699,748,730,14,744,4
2021-07-19,Riverside,065,2383286,300494,295736,14345,310081,4543
2021-07-19,Sacramento,067,1510023,112974,111470,2075,113545,1696
2021-07-19,San Benito,069,59416,6201,6193,113,6306,63
2021-07-19,San Bernardino,071,2135413,299283,296929,9226,306155,5235
2021-07-19,San Diego,073,3302833,290863,287695,16521,304216,3786
2021-07-19,San Francisco,075,870044,39270,38463,1385,39848,560
2021-07-19,San Joaquin,077,732212,75883,75086,3740,78826,1431
2021-07-19,San Luis Obispo,079,281455,21910,21531,776,22307,259
2021-07-19,San Mateo,081,765935,44038,43563,534,44097,542
2021-07-19,Santa Barbara,083,443738,35267,34904,1146,36050,461
2021-07-19,Santa Clara,085,1922200,121933,120554,812,121366,2098
2021-07-19,Santa Cruz,087,273765,16567,16387,808,17195,207
2021-07-19,Shasta,089,179085,12828,12723,1696,14419,209
2021-07-19,Sierra,091,2930,66,64,12,76,0
2021-07-19,Siskiyou,093,43540,2035,1927,412,2339,31
2021-07-19,Solano,095,438530,34813,34262,654,34916,261
2021-07-19,Sonoma,097,501317,32126,31713,371,32084,325
2021-07-19,Stanislaus,099,539301,58115,57644,6148,63792,1027
2021-07-19,Sutter,101,95872,9905,9834,93,9927,114
2021-07-19,Tehama,103,63373,5213,5152,590,5742,65
2021-07-19,Trinity,105,12862,503,344,104,448,3
2021-07-19,Tulare,107,460477,50846,49994,9226,59220,855
2021-07-19,Tuolumne,109,53932,4204,4151,47,4198,64
2021-07-19,Ventura,111,848112,83165,82409,3292,85701,1041
2021-07-19,Yolo,113,214977,14666,14439,345,14784,213
2021-07-19,Yuba,115,75493,6487,6370,131,6501,52
2021-07-18,Alameda,001,1643700,93318,92162,2084,94246,1256
2021-07-18,Alpine,002,1148,88,89,0,89,0
2021-07-18,Amador,005,37829,3825,3799,33,3832,48
2021-07-18,Butte,007,227075,13066,12888,1954,14842,202
2021-07-18,Calaveras,009,45235,2267,2243,15,2258,57
2021-07-18,Colusa,011,21464,2002,1981,336,2317,16
2021-07-18,Contra Costa,013,1133247,73968,72849,1397,74246,825
2021-07-18,Del Norte,015,27424,1528,1482,14,1496,8
2021-07-18,El Dorado,017,186661,10878,10687,824,11511,114
2021-07-18,Fresno,019,978130,104615,103298,8891,112189,1731
2021-07-18,Glenn,021,27897,2471,2452,572,3024,20
2021-07-18,Humboldt,023,135768,4790,4714,60,4774,52
2021-07-18,Imperial,025,180216,29082,28877,2698,31575,742
2021-07-18,Inyo,027,18085,1425,1417,12,1429,36
2021-07-18,Kern,029,883053,98906,97963,11431,109394,1349
2021-07-18,Kings,031,150075,23554,23203,1116,24319,246
2021-07-18,Lake,033,64148,3981,3825,14,3839,64
2021-07-18,Lassen,035,31185,5322,5305,118,5423,21
2021-07-18,Los Angeles,037,10098052,1238088,1224691,42767,1267458,24598
2021-07-18,Madera,039,155013,17049,16838,964,17802,244
2021-07-18,Marin,041,260295,14584,14358,272,14630,234
2021-07-18,Mariposa,043,17540,449,447,11,458,5
2021-07-18,Mendocino,045,87422,4356,4246,90,4336,49
2021-07-18,Merced,047,269075,31605,31537,1065,32602,471
2021-07-18,Modoc,049,8938,418,413,147,560,5
2021-07-18,Mono,051,14174,1278,1280,18,1298,3
2021-07-18,Monterey,053,433212,43668,43422,1889,45311,515
2021-07-18,Napa,055,140530,10255,10174,41,10215,81
2021-07-18,Nevada,057,99092,5225,5124,196,5320,72
2021-07-18,Orange,059,3164182,261367,258724,11863,270587,5138
2021-07-18,Placer,061,380077,24692,24313,1701,26014,303
2021-07-18,Plumas,063,18699,748,730,14,744,4
2021-07-18,Riverside,065,2383286,300002,295522,14303,309825,4543
2021-07-18,Sacramento,067,1510023,112544,111255,2042,113297,1696
2021-07-18,San Benito,069,59416,6193,6191,113,6304,63
2021-07-18,San Bernardino,071,2135413,298808,296739,9211,305950,5233
2021-07-18,San Diego,073,3302833,290047,286287,16437,302724,3786
2021-07-18,San Francisco,075,870044,39034,38367,1374,39741,560
2021-07-18,San Joaquin,077,732212,75706,74997,3727,78724,1431
2021-07-18,San Luis Obispo,079,281455,21875,21527,773,22300,259
2021-07-18,San Mateo,081,765935,43925,43506,528,44034,542
2021-07-18,Santa Barbara,083,443738,35202,34880,1144,36024,461
2021-07-18,Santa Clara,085,1922200,121719,120438,805,121243,2098
2021-07-18,Santa Cruz,087,273765,16535,16372,807,17179,207
2021-07-18,Shasta,089,179085,12803,12714,1692,14406,209
2021-07-18,Sierra,091,2930,66,64,12,76,0
2021-07-18,Siskiyou,093,43540,2029,1927,407,2334,31
2021-07-18,Solano,095,438530,34684,34215,650,34865,261
2021-07-18,Sonoma,097,501317,32021,31675,370,32045,325
2021-07-18,Stanislaus,099,539301,58004,57600,6123,63723,1028
2021-07-18,Sutter,101,95872,9873,9826,93,9919,114
2021-07-18,Tehama,103,63373,5210,5150,589,5739,65
2021-07-18,Trinity,105,12862,503,344,104,448,3
2021-07-18,Tulare,107,460477,50793,49985,9203,59188,855
2021-07-18,Tuolumne,109,53932,4186,4149,47,4196,64
2021-07-18,Ventura,111,848112,83051,82361,3268,85629,1041
2021-07-18,Yolo,113,214977,14607,14425,339,14764,213
2021-07-18,Yuba,115,75493,6446,6357,131,6488,52
2021-07-17,Alameda,001,1643700,93100,91346,2073,93419,1255
2021-07-17,Alpine,002,1148,88,89,0,89,0
2021-07-17,Amador,005,37829,3816,3785,33,3818,48
2021-07-17,Butte,007,227075,13051,12824,1950,14774,202
2021-07-17,Calaveras,009,45235,2262,2237,15,2252,57
2021-07-17,Colusa,011,21464,1999,1976,336,2312,16
2021-07-17,Contra Costa,013,1133247,73786,72254,1384,73638,824
2021-07-17,Del Norte,015,27424,1520,1475,14,1489,8
2021-07-17,El Dorado,017,186661,10851,10622,820,11442,114
2021-07-17,Fresno,019,978130,104542,103055,8877,111932,1730
2021-07-17,Glenn,021,27897,2470,2451,572,3023,20
2021-07-17,Humboldt,023,135768,4777,4654,59,4713,52
2021-07-17,Imperial,025,180216,29066,28840,2698,31538,742
2021-07-17,Inyo,027,18085,1425,1416,12,1428,36
2021-07-17,Kern,029,883053,98849,97796,11395,109191,1348
2021-07-17,Kings,031,150075,23534,23163,1115,24278,246
2021-07-17,Lake,033,64148,3956,3760,14,3774,64
2021-07-17,Lassen,035,31185,5322,5302,118,5420,21
2021-07-17,Los Angeles,037,10098052,1236551,1219733,42626,1262359,24582
2021-07-17,Madera,039,155013,17041,16804,964,17768,240
2021-07-17,Marin,041,260295,14566,14297,270,14567,234
2021-07-17,Mariposa,043,17540,449,445,11,456,5
2021-07-17,Mendocino,045,87422,4344,4209,90,4299,49
2021-07-17,Merced,047,269075,31584,31451,1061,32512,471
2021-07-17,Modoc,049,8938,418,412,147,559,5
2021-07-17,Mono,051,14174,1276,1277,18,1295,3
2021-07-17,Monterey,053,433212,43645,43367,1884,45251,515
2021-07-17,Napa,055,140530,10239,10129,41,10170,81
2021-07-17,Nevada,057,99092,5210,5066,196,5262,72
2021-07-17,Orange,059,3164182,261060,257805,11824,269629,5136
2021-07-17,Placer,061,380077,24625,24169,1687,25856,303
2021-07-17,Plumas,063,18699,743,721,14,735,4
2021-07-17,Riverside,065,2383286,299696,294751,14271,309022,4542
2021-07-17,Sacramento,067,1510023,112308,110432,2022,112454,1694
2021-07-17,San Benito,069,59416,6187,6181,113,6294,63
2021-07-17,San Bernardino,071,2135413,298571,296048,9192,305240,5218
2021-07-17,San Diego,073,3302833,289640,285698,16369,302067,3786
2021-07-17,San Francisco,075,870044,38913,37978,1371,39349,560
2021-07-17,San Joaquin,077,732212,75619,74695,3721,78416,1430
2021-07-17,San Luis Obispo,079,281455,21848,21462,773,22235,258
2021-07-17,San Mateo,081,765935,43854,43324,527,43851,542
2021-07-17,Santa Barbara,083,443738,35161,34769,1141,35910,461
2021-07-17,Santa Clara,085,1922200,121547,119980,802,120782,2097
2021-07-17,Santa Cruz,087,273765,16528,16337,807,17144,207
2021-07-17,Shasta,089,179085,12788,12683,1687,14370,210
2021-07-17,Sierra,091,2930,66,62,12,74,0
2021-07-17,Siskiyou,093,43540,2024,1922,404,2326,29
2021-07-17,Solano,095,438530,34619,34015,642,34657,263
2021-07-17,Sonoma,097,501317,31953,31536,369,31905,322
2021-07-17,Stanislaus,099,539301,57927,57400,6109,63509,1028
2021-07-17,Sutter,101,95872,9863,9778,93,9871,114
2021-07-17,Tehama,103,63373,5207,5145,589,5734,64
2021-07-17,Trinity,105,12862,502,341,104,445,3
2021-07-17,Tulare,107,460477,50771,49937,9191,59128,854
2021-07-17,Tuolumne,109,53932,4176,4131,47,4178,64
2021-07-17,Ventura,111,848112,82982,82125,3257,85382,1041
2021-07-17,Yolo,113,214977,14575,14356,332,14688,213
2021-07-17,Yuba,115,75493,6435,6309,131,6440,52
2021-07-16,Alameda,001,1643700,92861,91346,2062,93408,1255
2021-07-16,Alpine,002,1148,88,89,0,89,0
2021-07-16,Amador,005,37829,3813,3785,33,3818,48
2021-07-16,Butte,007,227075,13026,12824,1946,14770,202
2021-07-16,Calaveras,009,45235,2261,2237,15,2252,57
2021-07-16,Colusa,011,21464,1997,1976,335,2311,16
2021-07-16,Contra Costa,013,1133247,73597,72254,1380,73634,824
2021-07-16,Del Norte,015,27424,1518,1475,14,1489,8
2021-07-16,El Dorado,017,186661,10832,10622,819,11441,114
2021-07-16,Fresno,019,978130,104490,103055,8857,111912,1730
2021-07-16,Glenn,021,27897,2470,2451,572,3023,20
2021-07-16,Humboldt,023,135768,4755,4654,59,4713,52
2021-07-16,Imperial,025,180216,29054,28840,2698,31538,742
2021-07-16,Inyo,027,18085,1423,1416,12,1428,36
2021-07-16,Kern,029,883053,98787,97796,11355,109151,1348
2021-07-16,Kings,031,150075,23509,23163,1114,24277,246
2021-07-16,Lake,033,64148,3929,3760,14,3774,64
2021-07-16,Lassen,035,31185,5321,5302,118,5420,21
2021-07-16,Los Angeles,037,10098052,1235049,1219733,42481,1262214,24582
2021-07-16,Madera,039,155013,17023,16804,964,17768,240
2021-07-16,Marin,041,260295,14542,14297,267,14564,234
2021-07-16,Mariposa,043,17540,449,445,11,456,5
2021-07-16,Mendocino,045,87422,4335,4209,89,4298,49
2021-07-16,Merced,047,269075,31563,31451,1059,32510,471
2021-07-16,Modoc,049,8938,418,412,147,559,5
2021-07-16,Mono,051,14174,1275,1277,18,1295,3
2021-07-16,Monterey,053,433212,43623,43367,1883,45250,515
2021-07-16,Napa,055,140530,10215,10129,40,10169,81
2021-07-16,Nevada,057,99092,5200,5066,196,5262,72
2021-07-16,Orange,059,3164182,260787,257805,11783,269588,5136
2021-07-16,Placer,061,380077,24572,24169,1682,25851,303
2021-07-16,Plumas,063,18699,742,721,14,735,4
2021-07-16,Riverside,065,2383286,299420,294751,14245,308996,4542
2021-07-16,Sacramento,067,1510023,112091,110432,2009,112441,1694
2021-07-16,San Benito,069,59416,6185,6181,113,6294,63
2021-07-16,San Bernardino,071,2135413,298295,296048,9175,305223,5218
2021-07-16,San Diego,073,3302833,289197,285698,16322,302020,3786
2021-07-16,San Francisco,075,870044,38795,37978,1366,39344,560
2021-07-16,San Joaquin,077,732212,75525,74695,3718,78413,1430
2021-07-16,San Luis Obispo,079,281455,21831,21462,773,22235,258
2021-07-16,San Mateo,081,765935,43801,43324,526,43850,542
2021-07-16,Santa Barbara,083,443738,35123,34769,1141,35910,461
2021-07-16,Santa Clara,085,1922200,121400,119980,795,120775,2097
2021-07-16,Santa Cruz,087,273765,16515,16337,807,17144,207
2021-07-16,Shasta,089,179085,12778,12683,1686,14369,210
2021-07-16,Sierra,091,2930,66,62,12,74,0
2021-07-16,Siskiyou,093,43540,2022,1922,402,2324,29
2021-07-16,Solano,095,438530,34552,34015,634,34649,263
2021-07-16,Sonoma,097,501317,31901,31536,366,31902,322
2021-07-16,Stanislaus,099,539301,57877,57400,6099,63499,1028
2021-07-16,Sutter,101,95872,9851,9778,93,9871,114
2021-07-16,Tehama,103,63373,5205,5145,589,5734,64
2021-07-16,Trinity,105,12862,502,341,103,444,3
2021-07-16,Tulare,107,460477,50746,49937,9181,59118,854
2021-07-16,Tuolumne,109,53932,4170,4131,47,4178,64
2021-07-16,Ventura,111,848112,82917,82125,3250,85375,1041
2021-07-16,Yolo,113,214977,14549,14356,329,14685,213
2021-07-16,Yuba,115,75493,6413,6309,130,6439,52
2021-07-15,Alameda,001,1643700,92565,91346,2052,93398,1255
2021-07-15,Alpine,002,1148,88,89,0,89,0
2021-07-15,Amador,005,37829,3810,3785,33,3818,48
2021-07-15,Butte,007,227075,13000,12824,1944,14768,202
2021-07-15,Calaveras,009,45235,2258,2237,15,2252,57
2021-07-15,Colusa,011,21464,1996,1976,334,2310,16
2021-07-15,Contra Costa,013,1133247,73383,72254,1373,73627,824
2021-07-15,Del Norte,015,27424,1515,1475,14,1489,8
2021-07-15,El Dorado,017,186661,10805,10622,817,11439,114
2021-07-15,Fresno,019,978130,104393,103055,8837,111892,1730
2021-07-15,Glenn,021,27897,2470,2451,572,3023,20
2021-07-15,Humboldt,023,135768,4737,4654,58,4712,52
2021-07-15,Imperial,025,180216,29031,28840,2698,31538,742
2021-07-15,Inyo,027,18085,1423,1416,12,1428,36
2021-07-15,Kern,029,883053,98717,97796,11327,109123,1348
2021-07-15,Kings,031,150075,23471,23163,1111,24274,246
2021-07-15,Lake,033,64148,3890,3760,14,3774,64
2021-07-15,Lassen,035,31185,5320,5302,118,5420,21
2021-07-15,Los Angeles,037,10098052,1233062,1219733,42324,1262057,24582
2021-07-15,Madera,039,155013,17001,16804,960,17764,240
2021-07-15,Marin,041,260295,14517,14297,267,14564,234
2021-07-15,Mariposa,043,17540,449,445,11,456,5
2021-07-15,Mendocino,045,87422,4327,4209,88,4297,49
2021-07-15,Merced,047,269075,31533,31451,1059,32510,471
2021-07-15,Modoc,049,8938,418,412,147,559,5
2021-07-15,Mono,051,14174,1275,1277,18,1295,3
2021-07-15,Monterey,053,433212,43594,43367,1880,45247,515
2021-07-15,Napa,055,140530,10190,10129,39,10168,81
2021-07-15,Nevada,057,99092,5183,5066,195,5261,72
2021-07-15,Orange,059,3164182,260436,257805,11752,269557,5136
2021-07-15,Placer,061,380077,24512,24169,1665,25834,303
2021-07-15,Plumas,063,18699,741,721,14,735,4
2021-07-15,Riverside,065,2383286,299099,294751,14230,308981,4542
2021-07-15,Sacramento,067,1510023,111786,110432,1992,112424,1694
2021-07-15,San Benito,069,59416,6183,6181,113,6294,63
2021-07-15,San Bernardino,071,2135413,297988,296048,9161,305209,5218
2021-07-15,San Diego,073,3302833,288559,285698,16244,301942,3786
2021-07-15,San Francisco,075,870044,38644,37978,1358,39336,560
2021-07-15,San Joaquin,077,732212,75408,74695,3713,78408,1430
2021-07-15,San Luis Obispo,079,281455,21799,21462,773,22235,258
2021-07-15,San Mateo,081,765935,43696,43324,521,43845,542
2021-07-15,Santa Barbara,083,443738,35067,34769,1140,35909,461
2021-07-15,Santa Clara,085,1922200,121278,119980,792,120772,2097
2021-07-15,Santa Cruz,087,273765,16502,16337,807,17144,207
2021-07-15,Shasta,089,179085,12770,12683,1682,14365,210
2021-07-15,Sierra,091,2930,66,62,12,74,0
2021-07-15,Siskiyou,093,43540,2021,1922,402,2324,29
2021-07-15,Solano,095,438530,34476,34015,628,34643,263
2021-07-15,Sonoma,097,501317,31840,31536,366,31902,322
2021-07-15,Stanislaus,099,539301,57808,57400,6086,63486,1028
2021-07-15,Sutter,101,95872,9831,9778,92,9870,114
2021-07-15,Tehama,103,63373,5199,5145,588,5733,64
2021-07-15,Trinity,105,12862,502,341,103,444,3
2021-07-15,Tulare,107,460477,50726,49937,9164,59101,854
2021-07-15,Tuolumne,109,53932,4158,4131,47,4178,64
2021-07-15,Ventura,111,848112,82841,82125,3245,85370,1041
2021-07-15,Yolo,113,214977,14521,14356,328,14684,213
2021-07-15,Yuba,115,75493,6398,6309,129,6438,52
2021-07-14,Alameda,001,1643700,92305,91092,2036,93128,1255
2021-07-14,Alpine,002,1148,88,89,0,89,0
2021-07-14,Amador,005,37829,3802,3784,33,3817,48
2021-07-14,Butte,007,227075,12973,12813,1937,14750,202
2021-07-14,Calaveras,009,45235,2251,2234,15,2249,57
2021-07-14,Colusa,011,21464,1993,1974,334,2308,16
2021-07-14,Contra Costa,013,1133247,73154,72091,1361,73452,823
2021-07-14,Del Norte,015,27424,1514,1472,14,1486,8
2021-07-14,El Dorado,017,186661,10779,10598,814,11412,114
2021-07-14,Fresno,019,978130,104313,102966,8826,111792,1728
2021-07-14,Glenn,021,27897,2470,2449,572,3021,20
2021-07-14,Humboldt,023,135768,4713,4644,56,4700,52
2021-07-14,Imperial,025,180216,29002,28822,2698,31520,742
2021-07-14,Inyo,027,18085,1422,1415,12,1427,36
2021-07-14,Kern,029,883053,98653,97736,11302,109038,1346
2021-07-14,Kings,031,150075,23458,23142,1111,24253,246
2021-07-14,Lake,033,64148,3857,3739,14,3753,63
2021-07-14,Lassen,035,31185,5319,5298,118,5416,21
2021-07-14,Los Angeles,037,10098052,1231045,1218265,42184,1260449,24578
2021-07-14,Madera,039,155013,16989,16786,958,17744,240
2021-07-14,Marin,041,260295,14483,14269,265,14534,233
2021-07-14,Mariposa,043,17540,447,445,11,456,5
2021-07-14,Mendocino,045,87422,4313,4193,88,4281,49
2021-07-14,Merced,047,269075,31496,31412,1056,32468,471
2021-07-14,Modoc,049,8938,418,412,147,559,4
2021-07-14,Mono,051,14174,1275,1278,18,1296,3
2021-07-14,Monterey,053,433212,43570,43347,1878,45225,504
2021-07-14,Napa,055,140530,10168,10121,39,10160,81
2021-07-14,Nevada,057,99092,5163,5058,195,5253,72
2021-07-14,Orange,059,3164182,260119,257558,11721,269279,5137
2021-07-14,Placer,061,380077,24459,24125,1653,25778,303
2021-07-14,Plumas,063,18699,734,719,14,733,4
2021-07-14,Riverside,065,2383286,298775,294511,14214,308725,4542
2021-07-14,Sacramento,067,1510023,111458,110193,1968,112161,1688
2021-07-14,San Benito,069,59416,6180,6177,113,6290,63
2021-07-14,San Bernardino,071,2135413,297688,295820,9146,304966,5193
2021-07-14,San Diego,073,3302833,287987,285269,16164,301433,3786
2021-07-14,San Francisco,075,870044,38505,37836,1353,39189,559
2021-07-14,San Joaquin,077,732212,75316,74599,3704,78303,1416
2021-07-14,San Luis Obispo,079,281455,21777,21444,771,22215,258
2021-07-14,San Mateo,081,765935,43597,43249,517,43766,542
2021-07-14,Santa Barbara,083,443738,35025,34719,1138,35857,461
2021-07-14,Santa Clara,085,1922200,121128,119844,789,120633,2098
2021-07-14,Santa Cruz,087,273765,16490,16326,807,17133,207
2021-07-14,Shasta,089,179085,12750,12669,1679,14348,209
2021-07-14,Sierra,091,2930,66,62,12,74,0
2021-07-14,Siskiyou,093,43540,2014,1922,399,2321,29
2021-07-14,Solano,095,438530,34403,33948,628,34576,268
2021-07-14,Sonoma,097,501317,31788,31470,366,31836,322
2021-07-14,Stanislaus,099,539301,57733,57340,6074,63414,1028
2021-07-14,Sutter,101,95872,9809,9766,92,9858,114
2021-07-14,Tehama,103,63373,5197,5142,588,5730,64
2021-07-14,Trinity,105,12862,502,341,103,444,3
2021-07-14,Tulare,107,460477,50709,49908,9150,59058,853
2021-07-14,Tuolumne,109,53932,4155,4128,46,4174,64
2021-07-14,Ventura,111,848112,82747,82041,3234,85275,1040
2021-07-14,Yolo,113,214977,14488,14332,325,14657,213
2021-07-14,Yuba,115,75493,6380,6294,129,6423,52
2021-07-13,Alameda,001,1643700,92041,90874,2026,92900,1255
2021-07-13,Alpine,002,1148,88,89,0,89,0
2021-07-13,Amador,005,37829,3795,3783,33,3816,48
2021-07-13,Butte,007,227075,12959,12802,1936,14738,202
2021-07-13,Calaveras,009,45235,2247,2230,15,2245,57
2021-07-13,Colusa,011,21464,1991,1972,331,2303,16
2021-07-13,Contra Costa,013,1133247,72929,71963,1352,73315,823
2021-07-13,Del Norte,015,27424,1510,1471,14,1485,8
2021-07-13,El Dorado,017,186661,10762,10581,812,11393,114
2021-07-13,Fresno,019,978130,104238,102909,8816,111725,1727
2021-07-13,Glenn,021,27897,2468,2448,572,3020,20
2021-07-13,Humboldt,023,135768,4698,4634,56,4690,51
2021-07-13,Imperial,025,180216,28991,28792,2698,31490,741
2021-07-13,Inyo,027,18085,1421,1415,12,1427,36
2021-07-13,Kern,029,883053,98564,97698,11263,108961,1346
2021-07-13,Kings,031,150075,23440,23132,1111,24243,246
2021-07-13,Lake,033,64148,3830,3719,13,3732,63
2021-07-13,Lassen,035,31185,5317,5292,118,5410,21
2021-07-13,Los Angeles,037,10098052,1229194,1217184,42014,1259198,24569
2021-07-13,Madera,039,155013,16979,16773,954,17727,240
2021-07-13,Marin,041,260295,14454,14254,264,14518,233
2021-07-13,Mariposa,043,17540,446,443,11,454,5
2021-07-13,Mendocino,045,87422,4306,4185,88,4273,49
2021-07-13,Merced,047,269075,31475,31379,1053,32432,471
2021-07-13,Modoc,049,8938,418,411,147,558,4
2021-07-13,Mono,051,14174,1274,1277,18,1295,3
2021-07-13,Monterey,053,433212,43552,43333,1874,45207,504
2021-07-13,Napa,055,140530,10147,10118,39,10157,81
2021-07-13,Nevada,057,99092,5138,5053,195,5248,72
2021-07-13,Orange,059,3164182,259789,257339,11693,269032,5136
2021-07-13,Placer,061,380077,24413,24091,1640,25731,303
2021-07-13,Plumas,063,18699,733,716,14,730,4
2021-07-13,Riverside,065,2383286,298453,294302,14187,308489,4541
2021-07-13,Sacramento,067,1510023,111148,109990,1945,111935,1687
2021-07-13,San Benito,069,59416,6178,6173,113,6286,63
2021-07-13,San Bernardino,071,2135413,297411,295596,9124,304720,5183
2021-07-13,San Diego,073,3302833,287439,284997,16085,301082,3785
2021-07-13,San Francisco,075,870044,38361,37725,1347,39072,559
2021-07-13,San Joaquin,077,732212,75200,74500,3701,78201,1417
2021-07-13,San Luis Obispo,079,281455,21751,21423,768,22191,258
2021-07-13,San Mateo,081,765935,43528,43180,516,43696,542
2021-07-13,Santa Barbara,083,443738,34976,34679,1135,35814,461
2021-07-13,Santa Clara,085,1922200,120975,119727,785,120512,2098
2021-07-13,Santa Cruz,087,273765,16481,16315,805,17120,207
2021-07-13,Shasta,089,179085,12737,12659,1672,14331,209
2021-07-13,Sierra,091,2930,66,62,12,74,0
2021-07-13,Siskiyou,093,43540,2013,1916,397,2313,29
2021-07-13,Solano,095,438530,34338,33918,622,34540,268
2021-07-13,Sonoma,097,501317,31729,31431,366,31797,322
2021-07-13,Stanislaus,099,539301,57662,57282,6059,63341,1028
2021-07-13,Sutter,101,95872,9791,9752,91,9843,114
2021-07-13,Tehama,103,63373,5190,5144,588,5732,64
2021-07-13,Trinity,105,12862,502,341,102,443,3
2021-07-13,Tulare,107,460477,50684,49891,9134,59025,853
2021-07-13,Tuolumne,109,53932,4147,4122,45,4167,64
2021-07-13,Ventura,111,848112,82662,81982,3209,85191,1040
2021-07-13,Yolo,113,214977,14460,14320,319,14639,213
2021-07-13,Yuba,115,75493,6363,6279,129,6408,52
2021-07-12,Alameda,001,1643700,91783,90720,2019,92739,1254
2021-07-12,Alpine,002,1148,88,89,0,89,0
2021-07-12,Amador,005,37829,3788,3781,33,3814,47
2021-07-12,Butte,007,227075,12939,12796,1934,14730,202
2021-07-12,Calaveras,009,45235,2245,2228,15,2243,57
2021-07-12,Colusa,011,21464,1987,1971,330,2301,16
2021-07-12,Contra Costa,013,1133247,72725,71833,1347,73180,823
2021-07-12,Del Norte,015,27424,1507,1469,14,1483,8
2021-07-12,El Dorado,017,186661,10733,10569,810,11379,114
2021-07-12,Fresno,019,978130,104144,102853,8804,111657,1728
2021-07-12,Glenn,021,27897,2468,2446,572,3018,20
2021-07-12,Humboldt,023,135768,4682,4621,56,4677,51
2021-07-12,Imperial,025,180216,28961,28789,2698,31487,741
2021-07-12,Inyo,027,18085,1421,1415,12,1427,36
2021-07-12,Kern,029,883053,98495,97660,11238,108898,1346
2021-07-12,Kings,031,150075,23420,23124,1109,24233,246
2021-07-12,Lake,033,64148,3809,3706,13,3719,63
2021-07-12,Lassen,035,31185,5316,5292,118,5410,21
2021-07-12,Los Angeles,037,10098052,1227397,1216230,41882,1258112,24559
2021-07-12,Madera,039,155013,16968,16772,954,17726,240
2021-07-12,Marin,041,260295,14429,14238,263,14501,233
2021-07-12,Mariposa,043,17540,446,442,11,453,5
2021-07-12,Mendocino,045,87422,4295,4175,88,4263,49
2021-07-12,Merced,047,269075,31444,31374,1052,32426,471
2021-07-12,Modoc,049,8938,417,411,147,558,4
2021-07-12,Mono,051,14174,1272,1275,18,1293,3
2021-07-12,Monterey,053,433212,43531,43315,1870,45185,504
2021-07-12,Napa,055,140530,10129,10104,38,10142,81
2021-07-12,Nevada,057,99092,5115,5046,195,5241,72
2021-07-12,Orange,059,3164182,259435,257171,11669,268840,5136
2021-07-12,Placer,061,380077,24362,24052,1634,25686,302
2021-07-12,Plumas,063,18699,733,716,14,730,4
2021-07-12,Riverside,065,2383286,298145,294108,14158,308266,4541
2021-07-12,Sacramento,067,1510023,110932,109849,1919,111768,1685
2021-07-12,San Benito,069,59416,6175,6166,113,6279,63
2021-07-12,San Bernardino,071,2135413,297139,295447,9109,304556,5171
2021-07-12,San Diego,073,3302833,286970,284648,16009,300657,3785
2021-07-12,San Francisco,075,870044,38215,37656,1344,39000,559
2021-07-12,San Joaquin,077,732212,75106,74424,3691,78115,1415
2021-07-12,San Luis Obispo,079,281455,21732,21408,767,22175,258
2021-07-12,San Mateo,081,765935,43434,43138,509,43647,542
2021-07-12,Santa Barbara,083,443738,34933,34664,1133,35797,461
2021-07-12,Santa Clara,085,1922200,120810,119634,782,120416,2098
2021-07-12,Santa Cruz,087,273765,16456,16310,804,17114,207
2021-07-12,Shasta,089,179085,12730,12648,1669,14317,208
2021-07-12,Sierra,091,2930,66,62,12,74,0
2021-07-12,Siskiyou,093,43540,2008,1916,392,2308,29
2021-07-12,Solano,095,438530,34248,33859,613,34472,268
2021-07-12,Sonoma,097,501317,31681,31377,365,31742,322
2021-07-12,Stanislaus,099,539301,57592,57243,6052,63295,1028
2021-07-12,Sutter,101,95872,9774,9736,90,9826,114
2021-07-12,Tehama,103,63373,5185,5138,587,5725,63
2021-07-12,Trinity,105,12862,498,340,100,440,3
2021-07-12,Tulare,107,460477,50656,49882,9121,59003,853
2021-07-12,Tuolumne,109,53932,4143,4116,45,4161,64
2021-07-12,Ventura,111,848112,82561,81919,3188,85107,1040
2021-07-12,Yolo,113,214977,14432,14303,315,14618,213
2021-07-12,Yuba,115,75493,6348,6266,129,6395,52
2021-07-11,Alameda,001,1643700,91454,90597,2007,92604,1254
2021-07-11,Alpine,002,1148,88,89,0,89,0
2021-07-11,Amador,005,37829,3786,3779,33,3812,47
2021-07-11,Butte,007,227075,12917,12794,1928,14722,202
2021-07-11,Calaveras,009,45235,2243,2226,14,2240,57
2021-07-11,Colusa,011,21464,1986,1971,329,2300,16
2021-07-11,Contra Costa,013,1133247,72515,71744,1340,73084,823
2021-07-11,Del Norte,015,27424,1503,1467,13,1480,8
2021-07-11,El Dorado,017,186661,10704,10554,808,11362,114
2021-07-11,Fresno,019,978130,104048,102813,8784,111597,1728
2021-07-11,Glenn,021,27897,2467,2446,572,3018,20
2021-07-11,Humboldt,023,135768,4669,4611,55,4666,51
2021-07-11,Imperial,025,180216,28943,28787,2697,31484,741
2021-07-11,Inyo,027,18085,1419,1415,12,1427,36
2021-07-11,Kern,029,883053,98422,97637,11222,108859,1346
2021-07-11,Kings,031,150075,23389,23116,1106,24222,246
2021-07-11,Lake,033,64148,3778,3699,13,3712,63
2021-07-11,Lassen,035,31185,5313,5291,118,5409,21
2021-07-11,Los Angeles,037,10098052,1225639,1215182,41727,1256909,24558
2021-07-11,Madera,039,155013,16949,16766,953,17719,240
2021-07-11,Marin,041,260295,14403,14231,263,14494,233
2021-07-11,Mariposa,043,17540,445,442,11,453,5
2021-07-11,Mendocino,045,87422,4275,4167,88,4255,49
2021-07-11,Merced,047,269075,31420,31366,1047,32413,471
2021-07-11,Modoc,049,8938,416,411,147,558,4
2021-07-11,Mono,051,14174,1272,1275,18,1293,3
2021-07-11,Monterey,053,433212,43512,43307,1866,45173,504
2021-07-11,Napa,055,140530,10125,10100,38,10138,81
2021-07-11,Nevada,057,99092,5104,5035,194,5229,72
2021-07-11,Orange,059,3164182,259123,257009,11641,268650,5136
2021-07-11,Placer,061,380077,24305,24017,1622,25639,302
2021-07-11,Plumas,063,18699,733,716,14,730,4
2021-07-11,Riverside,065,2383286,297881,293969,14140,308109,4541
2021-07-11,Sacramento,067,1510023,110654,109696,1907,111603,1685
2021-07-11,San Benito,069,59416,6170,6163,113,6276,63
2021-07-11,San Bernardino,071,2135413,296833,295342,9084,304426,5167
2021-07-11,San Diego,073,3302833,286556,283819,15923,299742,3784
2021-07-11,San Francisco,075,870044,38086,37596,1338,38934,559
2021-07-11,San Joaquin,077,732212,74989,74376,3674,78050,1415
2021-07-11,San Luis Obispo,079,281455,21699,21403,766,22169,258
2021-07-11,San Mateo,081,765935,43355,43107,503,43610,542
2021-07-11,Santa Barbara,083,443738,34886,34646,1133,35779,461
2021-07-11,Santa Clara,085,1922200,120656,119549,781,120330,2098
2021-07-11,Santa Cruz,087,273765,16440,16303,804,17107,207
2021-07-11,Shasta,089,179085,12713,12647,1667,14314,208
2021-07-11,Sierra,091,2930,66,62,12,74,0
2021-07-11,Siskiyou,093,43540,2004,1915,390,2305,29
2021-07-11,Solano,095,438530,34166,33837,609,34446,268
2021-07-11,Sonoma,097,501317,31599,31352,365,31717,322
2021-07-11,Stanislaus,099,539301,57526,57230,6041,63271,1028
2021-07-11,Sutter,101,95872,9760,9728,90,9818,114
2021-07-11,Tehama,103,63373,5182,5138,587,5725,63
2021-07-11,Trinity,105,12862,497,340,100,440,3
2021-07-11,Tulare,107,460477,50631,49877,9103,58980,853
2021-07-11,Tuolumne,109,53932,4137,4116,45,4161,64
2021-07-11,Ventura,111,848112,82488,81875,3168,85043,1040
2021-07-11,Yolo,113,214977,14407,14285,309,14594,213
2021-07-11,Yuba,115,75493,6337,6260,129,6389,52
2021-07-10,Alameda,001,1643700,91304,90090,2003,92093,1252
2021-07-10,Alpine,002,1148,88,89,0,89,0
2021-07-10,Amador,005,37829,3780,3773,33,3806,47
2021-07-10,Butte,007,227075,12907,12764,1925,14689,202
2021-07-10,Calaveras,009,45235,2242,2214,14,2228,57
2021-07-10,Colusa,011,21464,1984,1969,329,2298,16
2021-07-10,Contra Costa,013,1133247,72415,71376,1339,72715,821
2021-07-10,Del Norte,015,27424,1501,1451,13,1464,8
2021-07-10,El Dorado,017,186661,10687,10508,805,11313,114
2021-07-10,Fresno,019,978130,104015,102675,8777,111452,1730
2021-07-10,Glenn,021,27897,2464,2440,571,3011,20
2021-07-10,Humboldt,023,135768,4660,4574,55,4629,51
2021-07-10,Imperial,025,180216,28930,28729,2697,31426,741
2021-07-10,Inyo,027,18085,1418,1415,12,1427,36
2021-07-10,Kern,029,883053,98382,97538,11205,108743,1346
2021-07-10,Kings,031,150075,23382,23090,1105,24195,246
2021-07-10,Lake,033,64148,3761,3667,13,3680,63
2021-07-10,Lassen,035,31185,5313,5290,118,5408,21
2021-07-10,Los Angeles,037,10098052,1224611,1212043,41624,1253667,24542
2021-07-10,Madera,039,155013,16943,16744,950,17694,241
2021-07-10,Marin,041,260295,14389,14194,263,14457,233
2021-07-10,Mariposa,043,17540,445,442,11,453,5
2021-07-10,Mendocino,045,87422,4268,4153,87,4240,49
2021-07-10,Merced,047,269075,31407,31328,1047,32375,470
2021-07-10,Modoc,049,8938,416,410,147,557,4
2021-07-10,Mono,051,14174,1272,1275,18,1293,3
2021-07-10,Monterey,053,433212,43498,43251,1864,45115,499
2021-07-10,Napa,055,140530,10113,10077,38,10115,81
2021-07-10,Nevada,057,99092,5095,5000,194,5194,72
2021-07-10,Orange,059,3164182,258945,256438,11625,268063,5135
2021-07-10,Placer,061,380077,24276,23916,1612,25528,302
2021-07-10,Plumas,063,18699,732,717,14,731,4
2021-07-10,Riverside,065,2383286,297691,293474,14127,307601,4541
2021-07-10,Sacramento,067,1510023,110505,109091,1901,110992,1682
2021-07-10,San Benito,069,59416,6165,6141,113,6254,63
2021-07-10,San Bernardino,071,2135413,296645,294932,9071,304003,5117
2021-07-10,San Diego,073,3302833,286266,283577,15870,299447,3783
2021-07-10,San Francisco,075,870044,38003,37338,1335,38673,559
2021-07-10,San Joaquin,077,732212,74932,74150,3668,77818,1412
2021-07-10,San Luis Obispo,079,281455,21688,21375,765,22140,258
2021-07-10,San Mateo,081,765935,43303,42948,501,43449,542
2021-07-10,Santa Barbara,083,443738,34859,34595,1133,35728,460
2021-07-10,Santa Clara,085,1922200,120553,119330,778,120108,2094
2021-07-10,Santa Cruz,087,273765,16433,16286,804,17090,207
2021-07-10,Shasta,089,179085,12700,12623,1662,14285,206
2021-07-10,Sierra,091,2930,66,61,12,73,0
2021-07-10,Siskiyou,093,43540,2002,1909,387,2296,29
2021-07-10,Solano,095,438530,34124,33678,603,34281,268
2021-07-10,Sonoma,097,501317,31548,31231,365,31596,317
2021-07-10,Stanislaus,099,539301,57490,57104,6031,63135,1026
2021-07-10,Sutter,101,95872,9748,9692,90,9782,114
2021-07-10,Tehama,103,63373,5179,5131,587,5718,63
2021-07-10,Trinity,105,12862,497,341,100,441,3
2021-07-10,Tulare,107,460477,50621,49850,9097,58947,853
2021-07-10,Tuolumne,109,53932,4135,4114,45,4159,64
2021-07-10,Ventura,111,848112,82443,81713,3150,84863,1039
2021-07-10,Yolo,113,214977,14386,14250,306,14556,213
2021-07-10,Yuba,115,75493,6327,6238,129,6367,52
2021-07-09,Alameda,001,1643700,91145,90090,1998,92088,1252
2021-07-09,Alpine,002,1148,88,89,0,89,0
2021-07-09,Amador,005,37829,3779,3773,33,3806,47
2021-07-09,Butte,007,227075,12895,12764,1923,14687,202
2021-07-09,Calaveras,009,45235,2240,2214,14,2228,57
2021-07-09,Colusa,011,21464,1983,1969,329,2298,16
2021-07-09,Contra Costa,013,1133247,72289,71376,1337,72713,821
2021-07-09,Del Norte,015,27424,1496,1451,13,1464,8
2021-07-09,El Dorado,017,186661,10672,10508,804,11312,114
2021-07-09,Fresno,019,978130,103960,102675,8770,111445,1730
2021-07-09,Glenn,021,27897,2463,2440,569,3009,20
2021-07-09,Humboldt,023,135768,4641,4574,55,4629,51
2021-07-09,Imperial,025,180216,28922,28729,2696,31425,741
2021-07-09,Inyo,027,18085,1417,1415,12,1427,36
2021-07-09,Kern,029,883053,98344,97538,11193,108731,1346
2021-07-09,Kings,031,150075,23371,23090,1104,24194,246
2021-07-09,Lake,033,64148,3747,3667,13,3680,63
2021-07-09,Lassen,035,31185,5311,5290,117,5407,21
2021-07-09,Los Angeles,037,10098052,1223607,1212043,41554,1253597,24542
2021-07-09,Madera,039,155013,16933,16744,949,17693,241
2021-07-09,Marin,041,260295,14368,14194,262,14456,233
2021-07-09,Mariposa,043,17540,445,442,11,453,5
2021-07-09,Mendocino,045,87422,4261,4153,87,4240,49
2021-07-09,Merced,047,269075,31392,31328,1047,32375,470
2021-07-09,Modoc,049,8938,416,410,147,557,4
2021-07-09,Mono,051,14174,1272,1275,18,1293,3
2021-07-09,Monterey,053,433212,43489,43251,1864,45115,499
2021-07-09,Napa,055,140530,10106,10077,38,10115,81
2021-07-09,Nevada,057,99092,5086,5000,194,5194,72
2021-07-09,Orange,059,3164182,258739,256438,11611,268049,5135
2021-07-09,Placer,061,380077,24254,23916,1606,25522,302
2021-07-09,Plumas,063,18699,730,717,14,731,4
2021-07-09,Riverside,065,2383286,297505,293474,14114,307588,4541
2021-07-09,Sacramento,067,1510023,110351,109091,1892,110983,1682
2021-07-09,San Benito,069,59416,6163,6141,113,6254,63
2021-07-09,San Bernardino,071,2135413,296493,294932,9064,303996,5117
2021-07-09,San Diego,073,3302833,285977,283577,15822,299399,3783
2021-07-09,San Francisco,075,870044,37923,37338,1328,38666,559
2021-07-09,San Joaquin,077,732212,74858,74150,3661,77811,1412
2021-07-09,San Luis Obispo,079,281455,21676,21375,765,22140,258
2021-07-09,San Mateo,081,765935,43259,42948,497,43445,542
2021-07-09,Santa Barbara,083,443738,34838,34595,1132,35727,460
2021-07-09,Santa Clara,085,1922200,120442,119330,778,120108,2094
2021-07-09,Santa Cruz,087,273765,16430,16286,804,17090,207
2021-07-09,Shasta,089,179085,12694,12623,1657,14280,206
2021-07-09,Sierra,091,2930,66,61,12,73,0
2021-07-09,Siskiyou,093,43540,2000,1909,386,2295,29
2021-07-09,Solano,095,438530,34088,33678,599,34277,268
2021-07-09,Sonoma,097,501317,31512,31231,365,31596,317
2021-07-09,Stanislaus,099,539301,57461,57104,6029,63133,1026
2021-07-09,Sutter,101,95872,9739,9692,90,9782,114
2021-07-09,Tehama,103,63373,5177,5131,587,5718,63
2021-07-09,Trinity,105,12862,496,341,97,438,3
2021-07-09,Tulare,107,460477,50608,49850,9091,58941,853
2021-07-09,Tuolumne,109,53932,4131,4114,45,4159,64
2021-07-09,Ventura,111,848112,82388,81713,3141,84854,1039
2021-07-09,Yolo,113,214977,14371,14250,302,14552,213
2021-07-09,Yuba,115,75493,6314,6238,129,6367,52
2021-07-08,Alameda,001,1643700,90939,90090,1995,92085,1252
2021-07-08,Alpine,002,1148,88,89,0,89,0
2021-07-08,Amador,005,37829,3777,3773,33,3806,47
2021-07-08,Butte,007,227075,12882,12764,1920,14684,202
2021-07-08,Calaveras,009,45235,2237,2214,13,2227,57
2021-07-08,Colusa,011,21464,1983,1969,329,2298,16
2021-07-08,Contra Costa,013,1133247,72161,71376,1332,72708,821
2021-07-08,Del Norte,015,27424,1494,1451,13,1464,8
2021-07-08,El Dorado,017,186661,10655,10508,797,11305,114
2021-07-08,Fresno,019,978130,103897,102675,8759,111434,1730
2021-07-08,Glenn,021,27897,2463,2440,569,3009,20
2021-07-08,Humboldt,023,135768,4625,4574,54,4628,51
2021-07-08,Imperial,025,180216,28910,28729,2695,31424,741
2021-07-08,Inyo,027,18085,1417,1415,12,1427,36
2021-07-08,Kern,029,883053,98296,97538,11178,108716,1346
2021-07-08,Kings,031,150075,23362,23090,1104,24194,246
2021-07-08,Lake,033,64148,3733,3667,13,3680,63
2021-07-08,Lassen,035,31185,5308,5290,117,5407,21
2021-07-08,Los Angeles,037,10098052,1222394,1212043,41460,1253503,24542
2021-07-08,Madera,039,155013,16917,16744,949,17693,241
2021-07-08,Marin,041,260295,14354,14194,262,14456,233
2021-07-08,Mariposa,043,17540,444,442,11,453,5
2021-07-08,Mendocino,045,87422,4258,4153,87,4240,49
2021-07-08,Merced,047,269075,31378,31328,1045,32373,470
2021-07-08,Modoc,049,8938,416,410,147,557,4
2021-07-08,Mono,051,14174,1272,1275,18,1293,3
2021-07-08,Monterey,053,433212,43469,43251,1858,45109,499
2021-07-08,Napa,055,140530,10102,10077,38,10115,81
2021-07-08,Nevada,057,99092,5080,5000,194,5194,72
2021-07-08,Orange,059,3164182,258544,256438,11589,268027,5135
2021-07-08,Placer,061,380077,24215,23916,1598,25514,302
2021-07-08,Plumas,063,18699,729,717,14,731,4
2021-07-08,Riverside,065,2383286,297304,293474,14098,307572,4541
2021-07-08,Sacramento,067,1510023,110129,109091,1887,110978,1682
2021-07-08,San Benito,069,59416,6160,6141,113,6254,63
2021-07-08,San Bernardino,071,2135413,296318,294932,9055,303987,5117
2021-07-08,San Diego,073,3302833,285650,283577,15774,299351,3783
2021-07-08,San Francisco,075,870044,37843,37338,1324,38662,559
2021-07-08,San Joaquin,077,732212,74770,74150,3648,77798,1412
2021-07-08,San Luis Obispo,079,281455,21664,21375,762,22137,258
2021-07-08,San Mateo,081,765935,43208,42948,496,43444,542
2021-07-08,Santa Barbara,083,443738,34811,34595,1130,35725,460
2021-07-08,Santa Clara,085,1922200,120349,119330,777,120107,2094
2021-07-08,Santa Cruz,087,273765,16424,16286,804,17090,207
2021-07-08,Shasta,089,179085,12688,12623,1653,14276,206
2021-07-08,Sierra,091,2930,66,61,12,73,0
2021-07-08,Siskiyou,093,43540,1995,1909,383,2292,29
2021-07-08,Solano,095,438530,34033,33678,593,34271,268
2021-07-08,Sonoma,097,501317,31481,31231,364,31595,317
2021-07-08,Stanislaus,099,539301,57434,57104,6025,63129,1026
2021-07-08,Sutter,101,95872,9725,9692,88,9780,114
2021-07-08,Tehama,103,63373,5174,5131,586,5717,63
2021-07-08,Trinity,105,12862,496,341,97,438,3
2021-07-08,Tulare,107,460477,50590,49850,9084,58934,853
2021-07-08,Tuolumne,109,53932,4129,4114,45,4159,64
2021-07-08,Ventura,111,848112,82324,81713,3125,84838,1039
2021-07-08,Yolo,113,214977,14351,14250,300,14550,213
2021-07-08,Yuba,115,75493,6306,6238,129,6367,52
2021-07-07,Alameda,001,1643700,90756,89995,1989,91984,1253
2021-07-07,Alpine,002,1148,88,89,0,89,0
2021-07-07,Amador,005,37829,3772,3770,33,3803,47
2021-07-07,Butte,007,227075,12869,12750,1915,14665,202
2021-07-07,Calaveras,009,45235,2230,2212,13,2225,57
2021-07-07,Colusa,011,21464,1979,1969,329,2298,16
2021-07-07,Contra Costa,013,1133247,72014,71308,1330,72638,821
2021-07-07,Del Norte,015,27424,1489,1446,13,1459,8
2021-07-07,El Dorado,017,186661,10635,10494,795,11289,114
2021-07-07,Fresno,019,978130,103847,102639,8752,111391,1729
2021-07-07,Glenn,021,27897,2463,2441,569,3010,20
2021-07-07,Humboldt,023,135768,4611,4566,54,4620,51
2021-07-07,Imperial,025,180216,28903,28701,2695,31396,740
2021-07-07,Inyo,027,18085,1416,1415,12,1427,36
2021-07-07,Kern,029,883053,98252,97507,11163,108670,1348
2021-07-07,Kings,031,150075,23349,23085,1101,24186,245
2021-07-07,Lake,033,64148,3714,3660,13,3673,63
2021-07-07,Lassen,035,31185,5308,5286,117,5403,21
2021-07-07,Los Angeles,037,10098052,1221213,1211316,41358,1252674,24531
2021-07-07,Madera,039,155013,16906,16733,947,17680,241
2021-07-07,Marin,041,260295,14335,14183,261,14444,233
2021-07-07,Mariposa,043,17540,442,442,11,453,5
2021-07-07,Mendocino,045,87422,4249,4145,87,4232,49
2021-07-07,Merced,047,269075,31363,31317,1045,32362,470
2021-07-07,Modoc,049,8938,416,410,147,557,4
2021-07-07,Mono,051,14174,1271,1274,18,1292,3
2021-07-07,Monterey,053,433212,43445,43233,1856,45089,494
2021-07-07,Napa,055,140530,10091,10078,38,10116,81
2021-07-07,Nevada,057,99092,5073,4996,194,5190,72
2021-07-07,Orange,059,3164182,258318,256301,11568,267869,5132
2021-07-07,Placer,061,380077,24179,23901,1588,25489,302
2021-07-07,Plumas,063,18699,729,710,14,724,4
2021-07-07,Riverside,065,2383286,297090,293331,14088,307419,4538
2021-07-07,Sacramento,067,1510023,109939,108954,1879,110833,1682
2021-07-07,San Benito,069,59416,6155,6137,113,6250,63
2021-07-07,San Bernardino,071,2135413,296149,294787,9048,303835,5087
2021-07-07,San Diego,073,3302833,285330,283377,15734,299111,3782
2021-07-07,San Francisco,075,870044,37751,37284,1321,38605,558
2021-07-07,San Joaquin,077,732212,74694,74095,3633,77728,1410
2021-07-07,San Luis Obispo,079,281455,21655,21360,760,22120,258
2021-07-07,San Mateo,081,765935,43154,42908,493,43401,542
2021-07-07,Santa Barbara,083,443738,34785,34582,1130,35712,460
2021-07-07,Santa Clara,085,1922200,120251,119250,776,120026,2094
2021-07-07,Santa Cruz,087,273765,16415,16279,803,17082,207
2021-07-07,Shasta,089,179085,12680,12613,1650,14263,206
2021-07-07,Sierra,091,2930,66,60,12,72,0
2021-07-07,Siskiyou,093,43540,1989,1908,379,2287,29
2021-07-07,Solano,095,438530,33984,33659,586,34245,268
2021-07-07,Sonoma,097,501317,31435,31172,364,31536,316
2021-07-07,Stanislaus,099,539301,57402,57102,6020,63122,1028
2021-07-07,Sutter,101,95872,9715,9683,88,9771,114
2021-07-07,Tehama,103,63373,5173,5129,586,5715,63
2021-07-07,Trinity,105,12862,496,341,97,438,3
2021-07-07,Tulare,107,460477,50586,49835,9075,58910,853
2021-07-07,Tuolumne,109,53932,4125,4115,44,4159,64
2021-07-07,Ventura,111,848112,82280,81608,3111,84719,1036
2021-07-07,Yolo,113,214977,14340,14236,297,14533,213
2021-07-07,Yuba,115,75493,6290,6233,129,6362,51
2021-07-06,Alameda,001,1643700,90561,89918,1981,91899,1253
2021-07-06,Alpine,002,1148,88,89,0,89,0
2021-07-06,Amador,005,37829,3771,3768,32,3800,47
2021-07-06,Butte,007,227075,12856,12744,1912,14656,201
2021-07-06,Calaveras,009,45235,2230,2211,13,2224,55
2021-07-06,Colusa,011,21464,1978,1967,326,2293,16
2021-07-06,Contra Costa,013,1133247,71885,71262,1327,72589,820
2021-07-06,Del Norte,015,27424,1485,1445,13,1458,8
2021-07-06,El Dorado,017,186661,10617,10484,793,11277,113
2021-07-06,Fresno,019,978130,103795,102616,8740,111356,1727
2021-07-06,Glenn,021,27897,2462,2438,569,3007,20
2021-07-06,Humboldt,023,135768,4597,4565,53,4618,49
2021-07-06,Imperial,025,180216,28888,28693,2693,31386,739
2021-07-06,Inyo,027,18085,1416,1412,12,1424,36
2021-07-06,Kern,029,883053,98210,97491,11152,108643,1346
2021-07-06,Kings,031,150075,23341,23077,1100,24177,245
2021-07-06,Lake,033,64148,3704,3659,13,3672,63
2021-07-06,Lassen,035,31185,5307,5288,116,5404,21
2021-07-06,Los Angeles,037,10098052,1219994,1210965,41262,1252227,24525
2021-07-06,Madera,039,155013,16894,16730,947,17677,241
2021-07-06,Marin,041,260295,14321,14181,261,14442,233
2021-07-06,Mariposa,043,17540,442,442,11,453,5
2021-07-06,Mendocino,045,87422,4242,4143,87,4230,49
2021-07-06,Merced,047,269075,31346,31317,1044,32361,470
2021-07-06,Modoc,049,8938,416,411,147,558,4
2021-07-06,Mono,051,14174,1270,1274,18,1292,3
2021-07-06,Monterey,053,433212,43423,43224,1854,45078,494
2021-07-06,Napa,055,140530,10080,10081,38,10119,81
2021-07-06,Nevada,057,99092,5064,4988,194,5182,72
2021-07-06,Orange,059,3164182,258074,256227,11551,267778,5129
2021-07-06,Placer,061,380077,24138,23876,1582,25458,302
2021-07-06,Plumas,063,18699,728,708,14,722,4
2021-07-06,Riverside,065,2383286,296887,293227,14070,307297,4539
2021-07-06,Sacramento,067,1510023,109728,108850,1871,110721,1679
2021-07-06,San Benito,069,59416,6151,6137,113,6250,63
2021-07-06,San Bernardino,071,2135413,295970,294712,9035,303747,5056
2021-07-06,San Diego,073,3302833,284972,283278,15675,298953,3782
2021-07-06,San Francisco,075,870044,37634,37251,1320,38571,558
2021-07-06,San Joaquin,077,732212,74624,74019,3621,77640,1410
2021-07-06,San Luis Obispo,079,281455,21638,21354,758,22112,257
2021-07-06,San Mateo,081,765935,43079,42895,493,43388,541
2021-07-06,Santa Barbara,083,443738,34766,34572,1129,35701,460
2021-07-06,Santa Clara,085,1922200,120133,119194,773,119967,2095
2021-07-06,Santa Cruz,087,273765,16410,16274,802,17076,207
2021-07-06,Shasta,089,179085,12670,12606,1648,14254,205
2021-07-06,Sierra,091,2930,65,60,12,72,0
2021-07-06,Siskiyou,093,43540,1986,1905,375,2280,29
2021-07-06,Solano,095,438530,33933,33619,583,34202,268
2021-07-06,Sonoma,097,501317,31372,31130,363,31493,316
2021-07-06,Stanislaus,099,539301,57353,57120,6009,63129,1029
2021-07-06,Sutter,101,95872,9706,9674,87,9761,114
2021-07-06,Tehama,103,63373,5170,5126,585,5711,63
2021-07-06,Trinity,105,12862,496,341,97,438,3
2021-07-06,Tulare,107,460477,50571,49826,9065,58891,853
2021-07-06,Tuolumne,109,53932,4123,4113,44,4157,64
2021-07-06,Ventura,111,848112,82240,81534,3086,84620,1033
2021-07-06,Yolo,113,214977,14318,14227,294,14521,213
2021-07-06,Yuba,115,75493,6279,6231,129,6360,51
2021-07-05,Alameda,001,1643700,90385,89892,1976,91868,1253
2021-07-05,Alpine,002,1148,88,89,0,89,0
2021-07-05,Amador,005,37829,3769,3768,32,3800,47
2021-07-05,Butte,007,227075,12848,12740,1903,14643,201
2021-07-05,Calaveras,009,45235,2228,2211,13,2224,55
2021-07-05,Colusa,011,21464,1976,1966,325,2291,16
2021-07-05,Contra Costa,013,1133247,71757,71235,1327,72562,820
2021-07-05,Del Norte,015,27424,1481,1446,13,1459,8
2021-07-05,El Dorado,017,186661,10592,10481,793,11274,113
2021-07-05,Fresno,019,978130,103736,102592,8725,111317,1727
2021-07-05,Glenn,021,27897,2459,2438,568,3006,20
2021-07-05,Humboldt,023,135768,4583,4563,53,4616,49
2021-07-05,Imperial,025,180216,28869,28689,2693,31382,739
2021-07-05,Inyo,027,18085,1416,1412,12,1424,36
2021-07-05,Kern,029,883053,98162,97479,11132,108611,1346
2021-07-05,Kings,031,150075,23333,23065,1097,24162,245
2021-07-05,Lake,033,64148,3686,3645,13,3658,63
2021-07-05,Lassen,035,31185,5304,5288,115,5403,21
2021-07-05,Los Angeles,037,10098052,1218799,1210653,41160,1251813,24522
2021-07-05,Madera,039,155013,16883,16722,946,17668,241
2021-07-05,Marin,041,260295,14300,14178,261,14439,233
2021-07-05,Mariposa,043,17540,442,441,11,452,5
2021-07-05,Mendocino,045,87422,4237,4139,87,4226,49
2021-07-05,Merced,047,269075,31326,31312,1044,32356,470
2021-07-05,Modoc,049,8938,416,410,147,557,4
2021-07-05,Mono,051,14174,1270,1273,18,1291,3
2021-07-05,Monterey,053,433212,43403,43218,1849,45067,494
2021-07-05,Napa,055,140530,10074,10074,38,10112,81
2021-07-05,Nevada,057,99092,5046,4980,193,5173,72
2021-07-05,Orange,059,3164182,257873,256173,11533,267706,5129
2021-07-05,Placer,061,380077,24091,23867,1574,25441,302
2021-07-05,Plumas,063,18699,727,708,14,722,4
2021-07-05,Riverside,065,2383286,296696,293193,14058,307251,4539
2021-07-05,Sacramento,067,1510023,109546,108758,1861,110619,1679
2021-07-05,San Benito,069,59416,6144,6137,113,6250,63
2021-07-05,San Bernardino,071,2135413,295808,294647,9028,303675,5037
2021-07-05,San Diego,073,3302833,284609,282834,15631,298465,3782
2021-07-05,San Francisco,075,870044,37545,37237,1315,38552,558
2021-07-05,San Joaquin,077,732212,74554,73999,3616,77615,1410
2021-07-05,San Luis Obispo,079,281455,21624,21351,757,22108,257
2021-07-05,San Mateo,081,765935,43027,42876,490,43366,541
2021-07-05,Santa Barbara,083,443738,34746,34569,1129,35698,460
2021-07-05,Santa Clara,085,1922200,120027,119184,771,119955,2095
2021-07-05,Santa Cruz,087,273765,16401,16273,801,17074,208
2021-07-05,Shasta,089,179085,12661,12603,1646,14249,205
2021-07-05,Sierra,091,2930,65,60,12,72,0
2021-07-05,Siskiyou,093,43540,1984,1904,374,2278,29
2021-07-05,Solano,095,438530,33863,33612,577,34189,268
2021-07-05,Sonoma,097,501317,31319,31116,363,31479,316
2021-07-05,Stanislaus,099,539301,57323,57109,5998,63107,1029
2021-07-05,Sutter,101,95872,9694,9667,87,9754,114
2021-07-05,Tehama,103,63373,5169,5125,585,5710,63
2021-07-05,Trinity,105,12862,495,341,96,437,3
2021-07-05,Tulare,107,460477,50552,49818,9062,58880,853
2021-07-05,Tuolumne,109,53932,4119,4112,44,4156,64
2021-07-05,Ventura,111,848112,82189,81519,3067,84586,1033
2021-07-05,Yolo,113,214977,14298,14225,286,14511,213
2021-07-05,Yuba,115,75493,6271,6223,129,6352,51
2021-07-04,Alameda,001,1643700,90221,89683,1973,91656,1253
2021-07-04,Alpine,002,1148,88,89,0,89,0
2021-07-04,Amador,005,37829,3768,3758,32,3790,46
2021-07-04,Butte,007,227075,12838,12684,1903,14587,201
2021-07-04,Calaveras,009,45235,2224,2200,13,2213,55
2021-07-04,Colusa,011,21464,1976,1969,325,2294,15
2021-07-04,Contra Costa,013,1133247,71651,70941,1322,72263,818
2021-07-04,Del Norte,015,27424,1478,1439,13,1452,8
2021-07-04,El Dorado,017,186661,10583,10433,792,11225,113
2021-07-04,Fresno,019,978130,103690,102512,8710,111222,1727
2021-07-04,Glenn,021,27897,2457,2442,567,3009,20
2021-07-04,Humboldt,023,135768,4575,4530,53,4583,49
2021-07-04,Imperial,025,180216,28863,28661,2693,31354,739
2021-07-04,Inyo,027,18085,1416,1412,12,1424,35
2021-07-04,Kern,029,883053,98143,97421,11123,108544,1347
2021-07-04,Kings,031,150075,23325,23051,1097,24148,245
2021-07-04,Lake,033,64148,3676,3623,13,3636,62
2021-07-04,Lassen,035,31185,5303,5277,115,5392,20
2021-07-04,Los Angeles,037,10098052,1217935,1208705,41077,1249782,24506
2021-07-04,Madera,039,155013,16871,16696,945,17641,240
2021-07-04,Marin,041,260295,14285,14143,261,14404,233
2021-07-04,Mariposa,043,17540,442,441,11,452,5
2021-07-04,Mendocino,045,87422,4227,4122,87,4209,49
2021-07-04,Merced,047,269075,31315,31297,1044,32341,469
2021-07-04,Modoc,049,8938,416,410,147,557,4
2021-07-04,Mono,051,14174,1270,1275,18,1293,3
2021-07-04,Monterey,053,433212,43387,43212,1848,45060,492
2021-07-04,Napa,055,140530,10066,10045,37,10082,81
2021-07-04,Nevada,057,99092,5036,4966,193,5159,72
2021-07-04,Orange,059,3164182,257698,255823,11513,267336,5126
2021-07-04,Placer,061,380077,24054,23764,1568,25332,299
2021-07-04,Plumas,063,18699,727,707,14,721,4
2021-07-04,Riverside,065,2383286,296536,293260,14052,307312,4536
2021-07-04,Sacramento,067,1510023,109376,108257,1855,110112,1676
2021-07-04,San Benito,069,59416,6137,6108,113,6221,63
2021-07-04,San Bernardino,071,2135413,295640,294294,9021,303315,5003
2021-07-04,San Diego,073,3302833,284384,282692,15594,298286,3780
2021-07-04,San Francisco,075,870044,37486,37107,1309,38416,558
2021-07-04,San Joaquin,077,732212,74488,73841,3608,77449,1409
2021-07-04,San Luis Obispo,079,281455,21618,21330,756,22086,256
2021-07-04,San Mateo,081,765935,42993,42691,490,43181,541
2021-07-04,Santa Barbara,083,443738,34723,34526,1128,35654,456
2021-07-04,Santa Clara,085,1922200,119937,118966,770,119736,2090
2021-07-04,Santa Cruz,087,273765,16390,16254,801,17055,208
2021-07-04,Shasta,089,179085,12657,12582,1645,14227,204
2021-07-04,Sierra,091,2930,64,60,12,72,0
2021-07-04,Siskiyou,093,43540,1980,1899,373,2272,29
2021-07-04,Solano,095,438530,33822,33486,575,34061,268
2021-07-04,Sonoma,097,501317,31289,31000,363,31363,316
2021-07-04,Stanislaus,099,539301,57307,57018,5992,63010,1018
2021-07-04,Sutter,101,95872,9683,9644,87,9731,114
2021-07-04,Tehama,103,63373,5165,5124,585,5709,63
2021-07-04,Trinity,105,12862,494,341,96,437,3
2021-07-04,Tulare,107,460477,50542,49789,9059,58848,853
2021-07-04,Tuolumne,109,53932,4111,4113,44,4157,64
2021-07-04,Ventura,111,848112,82131,81425,3056,84481,1033
2021-07-04,Yolo,113,214977,14277,14188,283,14471,213
2021-07-04,Yuba,115,75493,6263,6197,129,6326,51
2021-07-03,Alameda,001,1643700,90134,89683,1965,91648,1253
2021-07-03,Alpine,002,1148,88,89,0,89,0
2021-07-03,Amador,005,37829,3768,3758,32,3790,46
2021-07-03,Butte,007,227075,12834,12684,1902,14586,201
2021-07-03,Calaveras,009,45235,2222,2200,13,2213,55
2021-07-03,Colusa,011,21464,1975,1969,325,2294,15
2021-07-03,Contra Costa,013,1133247,71591,70941,1319,72260,818
2021-07-03,Del Norte,015,27424,1475,1439,13,1452,8
2021-07-03,El Dorado,017,186661,10577,10433,790,11223,113
2021-07-03,Fresno,019,978130,103666,102512,8701,111213,1727
2021-07-03,Glenn,021,27897,2457,2442,567,3009,20
2021-07-03,Humboldt,023,135768,4570,4530,53,4583,49
2021-07-03,Imperial,025,180216,28853,28661,2693,31354,739
2021-07-03,Inyo,027,18085,1416,1412,12,1424,35
2021-07-03,Kern,029,883053,98123,97421,11115,108536,1347
2021-07-03,Kings,031,150075,23325,23051,1096,24147,245
2021-07-03,Lake,033,64148,3666,3623,13,3636,62
2021-07-03,Lassen,035,31185,5302,5277,115,5392,20
2021-07-03,Los Angeles,037,10098052,1217506,1208705,41046,1249751,24506
2021-07-03,Madera,039,155013,16862,16696,942,17638,240
2021-07-03,Marin,041,260295,14281,14143,261,14404,233
2021-07-03,Mariposa,043,17540,442,441,11,452,5
2021-07-03,Mendocino,045,87422,4226,4122,87,4209,49
2021-07-03,Merced,047,269075,31302,31297,1043,32340,469
2021-07-03,Modoc,049,8938,415,410,147,557,4
2021-07-03,Mono,051,14174,1269,1275,18,1293,3
2021-07-03,Monterey,053,433212,43375,43212,1846,45058,492
2021-07-03,Napa,055,140530,10061,10045,37,10082,81
2021-07-03,Nevada,057,99092,5022,4966,193,5159,72
2021-07-03,Orange,059,3164182,257614,255823,11506,267329,5126
2021-07-03,Placer,061,380077,24035,23764,1565,25329,299
2021-07-03,Plumas,063,18699,727,707,14,721,4
2021-07-03,Riverside,065,2383286,296444,293260,14048,307308,4536
2021-07-03,Sacramento,067,1510023,109302,108257,1852,110109,1676
2021-07-03,San Benito,069,59416,6130,6108,113,6221,63
2021-07-03,San Bernardino,071,2135413,295550,294294,9018,303312,5003
2021-07-03,San Diego,073,3302833,284253,282692,15575,298267,3780
2021-07-03,San Francisco,075,870044,37445,37107,1306,38413,558
2021-07-03,San Joaquin,077,732212,74452,73841,3603,77444,1409
2021-07-03,San Luis Obispo,079,281455,21606,21330,756,22086,256
2021-07-03,San Mateo,081,765935,42968,42691,489,43180,541
2021-07-03,Santa Barbara,083,443738,34714,34526,1127,35653,456
2021-07-03,Santa Clara,085,1922200,119890,118966,770,119736,2090
2021-07-03,Santa Cruz,087,273765,16383,16254,801,17055,208
2021-07-03,Shasta,089,179085,12653,12582,1643,14225,204
2021-07-03,Sierra,091,2930,64,60,12,72,0
2021-07-03,Siskiyou,093,43540,1979,1899,372,2271,29
2021-07-03,Solano,095,438530,33778,33486,575,34061,268
2021-07-03,Sonoma,097,501317,31255,31000,363,31363,316
2021-07-03,Stanislaus,099,539301,57296,57018,5985,63003,1018
2021-07-03,Sutter,101,95872,9673,9644,87,9731,114
2021-07-03,Tehama,103,63373,5163,5124,585,5709,63
2021-07-03,Trinity,105,12862,494,341,96,437,3
2021-07-03,Tulare,107,460477,50536,49789,9053,58842,853
2021-07-03,Tuolumne,109,53932,4110,4113,44,4157,64
2021-07-03,Ventura,111,848112,82101,81425,3048,84473,1033
2021-07-03,Yolo,113,214977,14267,14188,280,14468,213
2021-07-03,Yuba,115,75493,6257,6197,129,6326,51
2021-07-02,Alameda,001,1643700,90050,89683,1963,91646,1253
2021-07-02,Alpine,002,1148,88,89,0,89,0
2021-07-02,Amador,005,37829,3766,3758,32,3790,46
2021-07-02,Butte,007,227075,12827,12684,1902,14586,201
2021-07-02,Calaveras,009,45235,2220,2200,13,2213,55
2021-07-02,Colusa,011,21464,1974,1969,324,2293,15
2021-07-02,Contra Costa,013,1133247,71521,70941,1315,72256,818
2021-07-02,Del Norte,015,27424,1475,1439,13,1452,8
2021-07-02,El Dorado,017,186661,10569,10433,790,11223,113
2021-07-02,Fresno,019,978130,103638,102512,8695,111207,1727
2021-07-02,Glenn,021,27897,2456,2442,566,3008,20
2021-07-02,Humboldt,023,135768,4567,4530,52,4582,49
2021-07-02,Imperial,025,180216,28847,28661,2692,31353,739
2021-07-02,Inyo,027,18085,1416,1412,12,1424,35
2021-07-02,Kern,029,883053,98105,97421,11107,108528,1347
2021-07-02,Kings,031,150075,23315,23051,1096,24147,245
2021-07-02,Lake,033,64148,3660,3623,13,3636,62
2021-07-02,Lassen,035,31185,5302,5277,115,5392,20
2021-07-02,Los Angeles,037,10098052,1217032,1208705,41008,1249713,24506
2021-07-02,Madera,039,155013,16853,16696,941,17637,240
2021-07-02,Marin,041,260295,14277,14143,261,14404,233
2021-07-02,Mariposa,043,17540,442,441,11,452,5
2021-07-02,Mendocino,045,87422,4222,4122,86,4208,49
2021-07-02,Merced,047,269075,31293,31297,1043,32340,469
2021-07-02,Modoc,049,8938,415,410,147,557,4
2021-07-02,Mono,051,14174,1268,1275,18,1293,3
2021-07-02,Monterey,053,433212,43367,43212,1845,45057,492
2021-07-02,Napa,055,140530,10056,10045,37,10082,81
2021-07-02,Nevada,057,99092,5013,4966,193,5159,72
2021-07-02,Orange,059,3164182,257502,255823,11499,267322,5126
2021-07-02,Placer,061,380077,24018,23764,1558,25322,299
2021-07-02,Plumas,063,18699,727,707,14,721,4
2021-07-02,Riverside,065,2383286,296346,293260,14043,307303,4536
2021-07-02,Sacramento,067,1510023,109224,108257,1851,110108,1676
2021-07-02,San Benito,069,59416,6127,6108,113,6221,63
2021-07-02,San Bernardino,071,2135413,295463,294294,9016,303310,5003
2021-07-02,San Diego,073,3302833,284108,282692,15549,298241,3780
2021-07-02,San Francisco,075,870044,37397,37107,1304,38411,558
2021-07-02,San Joaquin,077,732212,74420,73841,3597,77438,1409
2021-07-02,San Luis Obispo,079,281455,21600,21330,755,22085,256
2021-07-02,San Mateo,081,765935,42933,42691,489,43180,541
2021-07-02,Santa Barbara,083,443738,34704,34526,1127,35653,456
2021-07-02,Santa Clara,085,1922200,119812,118966,770,119736,2090
2021-07-02,Santa Cruz,087,273765,16379,16254,801,17055,208
2021-07-02,Shasta,089,179085,12649,12582,1643,14225,204
2021-07-02,Sierra,091,2930,63,60,12,72,0
2021-07-02,Siskiyou,093,43540,1976,1899,371,2270,29
2021-07-02,Solano,095,438530,33753,33486,575,34061,268
2021-07-02,Sonoma,097,501317,31232,31000,363,31363,316
2021-07-02,Stanislaus,099,539301,57279,57018,5984,63002,1018
2021-07-02,Sutter,101,95872,9669,9644,87,9731,114
2021-07-02,Tehama,103,63373,5161,5124,583,5707,63
2021-07-02,Trinity,105,12862,494,341,96,437,3
2021-07-02,Tulare,107,460477,50526,49789,9045,58834,853
2021-07-02,Tuolumne,109,53932,4107,4113,44,4157,64
2021-07-02,Ventura,111,848112,82058,81425,3040,84465,1033
2021-07-02,Yolo,113,214977,14251,14188,278,14466,213
2021-07-02,Yuba,115,75493,6249,6197,129,6326,51
2021-07-01,Alameda,001,1643700,89949,89683,1961,91644,1253
2021-07-01,Alpine,002,1148,88,89,0,89,0
2021-07-01,Amador,005,37829,3765,3758,32,3790,46
2021-07-01,Butte,007,227075,12816,12684,1900,14584,201
2021-07-01,Calaveras,009,45235,2218,2200,13,2213,55
2021-07-01,Colusa,011,21464,1974,1969,322,2291,15
2021-07-01,Contra Costa,013,1133247,71449,70941,1315,72256,818
2021-07-01,Del Norte,015,27424,1474,1439,13,1452,8
2021-07-01,El Dorado,017,186661,10557,10433,790,11223,113
2021-07-01,Fresno,019,978130,103599,102512,8690,111202,1727
2021-07-01,Glenn,021,27897,2456,2442,566,3008,20
2021-07-01,Humboldt,023,135768,4565,4530,52,4582,49
2021-07-01,Imperial,025,180216,28830,28661,2692,31353,739
2021-07-01,Inyo,027,18085,1416,1412,12,1424,35
2021-07-01,Kern,029,883053,98079,97421,11097,108518,1347
2021-07-01,Kings,031,150075,23301,23051,1096,24147,245
2021-07-01,Lake,033,64148,3657,3623,13,3636,62
2021-07-01,Lassen,035,31185,5300,5277,115,5392,20
2021-07-01,Los Angeles,037,10098052,1216428,1208705,40953,1249658,24506
2021-07-01,Madera,039,155013,16844,16696,940,17636,240
2021-07-01,Marin,041,260295,14273,14143,261,14404,233
2021-07-01,Mariposa,043,17540,442,441,11,452,5
2021-07-01,Mendocino,045,87422,4218,4122,85,4207,49
2021-07-01,Merced,047,269075,31287,31297,1043,32340,469
2021-07-01,Modoc,049,8938,415,410,147,557,4
2021-07-01,Mono,051,14174,1267,1275,18,1293,3
2021-07-01,Monterey,053,433212,43359,43212,1842,45054,492
2021-07-01,Napa,055,140530,10049,10045,37,10082,81
2021-07-01,Nevada,057,99092,5008,4966,193,5159,72
2021-07-01,Orange,059,3164182,257382,255823,11480,267303,5126
2021-07-01,Placer,061,380077,24000,23764,1555,25319,299
2021-07-01,Plumas,063,18699,724,707,12,719,4
2021-07-01,Riverside,065,2383286,296237,293260,14035,307295,4536
2021-07-01,Sacramento,067,1510023,109099,108257,1844,110101,1676
2021-07-01,San Benito,069,59416,6123,6108,113,6221,63
2021-07-01,San Bernardino,071,2135413,295342,294294,9011,303305,5003
2021-07-01,San Diego,073,3302833,283929,282692,15512,298204,3780
2021-07-01,San Francisco,075,870044,37360,37107,1302,38409,558
2021-07-01,San Joaquin,077,732212,74369,73841,3593,77434,1409
2021-07-01,San Luis Obispo,079,281455,21585,21330,754,22084,256
2021-07-01,San Mateo,081,765935,42905,42691,488,43179,541
2021-07-01,Santa Barbara,083,443738,34691,34526,1127,35653,456
2021-07-01,Santa Clara,085,1922200,119763,118966,770,119736,2090
2021-07-01,Santa Cruz,087,273765,16374,16254,801,17055,208
2021-07-01,Shasta,089,179085,12641,12582,1642,14224,204
2021-07-01,Sierra,091,2930,63,60,12,72,0
2021-07-01,Siskiyou,093,43540,1976,1899,371,2270,29
2021-07-01,Solano,095,438530,33712,33486,574,34060,268
2021-07-01,Sonoma,097,501317,31188,31000,363,31363,316
2021-07-01,Stanislaus,099,539301,57262,57018,5980,62998,1018
2021-07-01,Sutter,101,95872,9660,9644,87,9731,114
2021-07-01,Tehama,103,63373,5161,5124,582,5706,63
2021-07-01,Trinity,105,12862,494,341,96,437,3
2021-07-01,Tulare,107,460477,50517,49789,9038,58827,853
2021-07-01,Tuolumne,109,53932,4100,4113,44,4157,64
2021-07-01,Ventura,111,848112,82027,81425,3030,84455,1033
2021-07-01,Yolo,113,214977,14235,14188,276,14464,213
2021-07-01,Yuba,115,75493,6242,6197,129,6326,51
2021-06-30,Alameda,001,1643700,89867,89597,1957,91554,1256
2021-06-30,Alpine,002,1148,88,89,0,89,0
2021-06-30,Amador,005,37829,3763,3756,32,3788,46
2021-06-30,Butte,007,227075,12809,12676,1891,14567,201
2021-06-30,Calaveras,009,45235,2212,2198,13,2211,55
2021-06-30,Colusa,011,21464,1972,1967,319,2286,15
2021-06-30,Contra Costa,013,1133247,71384,70869,1312,72181,818
2021-06-30,Del Norte,015,27424,1469,1435,13,1448,8
2021-06-30,El Dorado,017,186661,10537,10420,790,11210,113
2021-06-30,Fresno,019,978130,103561,102490,8687,111177,1727
2021-06-30,Glenn,021,27897,2454,2440,566,3006,20
2021-06-30,Humboldt,023,135768,4549,4522,50,4572,49
2021-06-30,Imperial,025,180216,28822,28651,2692,31343,739
2021-06-30,Inyo,027,18085,1416,1409,12,1421,35
2021-06-30,Kern,029,883053,98038,97267,11085,108352,1348
2021-06-30,Kings,031,150075,23296,23038,1095,24133,245
2021-06-30,Lake,033,64148,3644,3601,13,3614,56
2021-06-30,Lassen,035,31185,5295,5269,115,5384,20
2021-06-30,Los Angeles,037,10098052,1215754,1208246,40908,1249154,24499
2021-06-30,Madera,039,155013,16836,16688,938,17626,240
2021-06-30,Marin,041,260295,14264,14133,260,14393,232
2021-06-30,Mariposa,043,17540,441,441,11,452,5
2021-06-30,Mendocino,045,87422,4208,4115,85,4200,49
2021-06-30,Merced,047,269075,31277,31286,1043,32329,469
2021-06-30,Modoc,049,8938,415,410,147,557,4
2021-06-30,Mono,051,14174,1267,1275,18,1293,3
2021-06-30,Monterey,053,433212,43354,43209,1840,45049,492
2021-06-30,Napa,055,140530,10041,10039,37,10076,81
2021-06-30,Nevada,057,99092,4997,4958,193,5151,72
2021-06-30,Orange,059,3164182,257257,255764,11470,267234,5125
2021-06-30,Placer,061,380077,23976,23721,1552,25273,299
2021-06-30,Plumas,063,18699,724,705,12,717,4
2021-06-30,Riverside,065,2383286,296123,293280,14027,307307,4535
2021-06-30,Sacramento,067,1510023,108960,108137,1840,109977,1676
2021-06-30,San Benito,069,59416,6119,6105,113,6218,63
2021-06-30,San Bernardino,071,2135413,295182,294211,9006,303217,4975
2021-06-30,San Diego,073,3302833,283793,282583,15484,298067,3780
2021-06-30,San Francisco,075,870044,37312,37065,1297,38362,558
2021-06-30,San Joaquin,077,732212,74307,73777,3592,77369,1409
2021-06-30,San Luis Obispo,079,281455,21572,21326,753,22079,256
2021-06-30,San Mateo,081,765935,42868,42599,487,43086,537
2021-06-30,Santa Barbara,083,443738,34675,34521,1127,35648,456
2021-06-30,Santa Clara,085,1922200,119716,118930,767,119697,2090
2021-06-30,Santa Cruz,087,273765,16368,16250,801,17051,208
2021-06-30,Shasta,089,179085,12635,12564,1642,14206,204
2021-06-30,Sierra,091,2930,63,60,12,72,0
2021-06-30,Siskiyou,093,43540,1974,1900,368,2268,29
2021-06-30,Solano,095,438530,33673,33453,572,34025,268
2021-06-30,Sonoma,097,501317,31158,30947,363,31310,316
2021-06-30,Stanislaus,099,539301,57245,56997,5979,62976,1018
2021-06-30,Sutter,101,95872,9650,9638,87,9725,114
2021-06-30,Tehama,103,63373,5159,5124,582,5706,63
2021-06-30,Trinity,105,12862,494,341,96,437,3
2021-06-30,Tulare,107,460477,50506,49764,9027,58791,853
2021-06-30,Tuolumne,109,53932,4097,4112,44,4156,64
2021-06-30,Ventura,111,848112,81984,81392,3025,84417,1032
2021-06-30,Yolo,113,214977,14229,14178,273,14451,213
2021-06-30,Yuba,115,75493,6235,6191,129,6320,51
2021-06-29,Alameda,001,1643700,89761,89519,1955,91474,1257
2021-06-29,Alpine,002,1148,88,89,0,89,0
2021-06-29,Amador,005,37829,3759,3754,32,3786,46
2021-06-29,Butte,007,227075,12801,12669,1891,14560,201
2021-06-29,Calaveras,009,45235,2206,2198,13,2211,55
2021-06-29,Colusa,011,21464,1970,1967,319,2286,15
2021-06-29,Contra Costa,013,1133247,71310,70775,1311,72086,817
2021-06-29,Del Norte,015,27424,1468,1435,13,1448,8
2021-06-29,El Dorado,017,186661,10524,10403,786,11189,113
2021-06-29,Fresno,019,978130,103528,102464,8684,111148,1725
2021-06-29,Glenn,021,27897,2453,2439,566,3005,20
2021-06-29,Humboldt,023,135768,4545,4514,49,4563,49
2021-06-29,Imperial,025,180216,28813,28645,2691,31336,737
2021-06-29,Inyo,027,18085,1416,1408,12,1420,35
2021-06-29,Kern,029,883053,98017,97173,11079,108252,1347
2021-06-29,Kings,031,150075,23287,23035,1094,24129,245
2021-06-29,Lake,033,64148,3638,3594,13,3607,56
2021-06-29,Lassen,035,31185,5288,5268,115,5383,20
2021-06-29,Los Angeles,037,10098052,1215140,1207895,40880,1248775,24498
2021-06-29,Madera,039,155013,16832,16680,937,17617,240
2021-06-29,Marin,041,260295,14252,14127,260,14387,232
2021-06-29,Mariposa,043,17540,441,441,11,452,5
2021-06-29,Mendocino,045,87422,4204,4107,84,4191,49
2021-06-29,Merced,047,269075,31265,31277,1043,32320,469
2021-06-29,Modoc,049,8938,414,408,147,555,3
2021-06-29,Mono,051,14174,1267,1275,18,1293,3
2021-06-29,Monterey,053,433212,43344,43196,1838,45034,471
2021-06-29,Napa,055,140530,10035,10033,37,10070,81
2021-06-29,Nevada,057,99092,4990,4952,193,5145,72
2021-06-29,Orange,059,3164182,257156,255686,11455,267141,5124
2021-06-29,Placer,061,380077,23952,23693,1550,25243,299
2021-06-29,Plumas,063,18699,724,704,12,716,4
2021-06-29,Riverside,065,2383286,296024,292962,14020,306982,4524
2021-06-29,Sacramento,067,1510023,108807,108067,1836,109903,1677
2021-06-29,San Benito,069,59416,6108,6099,113,6212,63
2021-06-29,San Bernardino,071,2135413,295070,294118,9005,303123,4940
2021-06-29,San Diego,073,3302833,283637,282499,15457,297956,3780
2021-06-29,San Francisco,075,870044,37273,37041,1294,38335,558
2021-06-29,San Joaquin,077,732212,74259,73724,3589,77313,1409
2021-06-29,San Luis Obispo,079,281455,21562,21324,752,22076,256
2021-06-29,San Mateo,081,765935,42834,42540,487,43027,540
2021-06-29,Santa Barbara,083,443738,34665,34507,1126,35633,455
2021-06-29,Santa Clara,085,1922200,119662,118893,766,119659,2090
2021-06-29,Santa Cruz,087,273765,16362,16249,801,17050,208
2021-06-29,Shasta,089,179085,12623,12564,1641,14205,204
2021-06-29,Sierra,091,2930,63,59,12,71,0
2021-06-29,Siskiyou,093,43540,1971,1897,364,2261,29
2021-06-29,Solano,095,438530,33640,33440,570,34010,268
2021-06-29,Sonoma,097,501317,31116,30950,361,31311,316
2021-06-29,Stanislaus,099,539301,57224,56980,5972,62952,1018
2021-06-29,Sutter,101,95872,9639,9634,87,9721,114
2021-06-29,Tehama,103,63373,5159,5124,582,5706,63
2021-06-29,Trinity,105,12862,494,341,96,437,3
2021-06-29,Tulare,107,460477,50493,49751,9022,58773,852
2021-06-29,Tuolumne,109,53932,4095,4111,44,4155,64
2021-06-29,Ventura,111,848112,81946,81363,3019,84382,1032
2021-06-29,Yolo,113,214977,14217,14171,272,14443,213
2021-06-29,Yuba,115,75493,6225,6188,129,6317,51
2021-06-28,Alameda,001,1643700,89666,89638,1952,91590,1259
2021-06-28,Alpine,002,1148,88,89,0,89,0
2021-06-28,Amador,005,37829,3758,3753,32,3785,46
2021-06-28,Butte,007,227075,12792,12697,1889,14586,198
2021-06-28,Calaveras,009,45235,2203,2203,13,2216,55
2021-06-28,Colusa,011,21464,1968,1974,319,2293,15
2021-06-28,Contra Costa,013,1133247,71235,70807,1309,72116,816
2021-06-28,Del Norte,015,27424,1468,1436,13,1449,8
2021-06-28,El Dorado,017,186661,10514,10422,782,11204,115
2021-06-28,Fresno,019,978130,103497,103121,8682,111803,1727
2021-06-28,Glenn,021,27897,2453,2439,566,3005,20
2021-06-28,Humboldt,023,135768,4538,4520,48,4568,49
2021-06-28,Imperial,025,180216,28805,28981,2690,31671,741
2021-06-28,Inyo,027,18085,1413,1407,12,1419,35
2021-06-28,Kern,029,883053,97998,97252,11074,108326,1348
2021-06-28,Kings,031,150075,23281,23134,1094,24228,246
2021-06-28,Lake,033,64148,3631,3591,13,3604,56
2021-06-28,Lassen,035,31185,5286,5268,115,5383,20
2021-06-28,Los Angeles,037,10098052,1214620,1207714,40846,1248560,24496
2021-06-28,Madera,039,155013,16821,16683,936,17619,240
2021-06-28,Marin,041,260295,14237,14186,260,14446,232
2021-06-28,Mariposa,043,17540,441,440,11,451,5
2021-06-28,Mendocino,045,87422,4195,4102,83,4185,49
2021-06-28,Merced,047,269075,31253,31277,1043,32320,469
2021-06-28,Modoc,049,8938,414,411,146,557,3
2021-06-28,Mono,051,14174,1267,1276,18,1294,3
2021-06-28,Monterey,053,433212,43340,43202,1837,45039,462
2021-06-28,Napa,055,140530,10026,10050,36,10086,81
2021-06-28,Nevada,057,99092,4986,4951,193,5144,72
2021-06-28,Orange,059,3164182,257067,255755,11441,267196,5123
2021-06-28,Placer,061,380077,23936,23756,1546,25302,299
2021-06-28,Plumas,063,18699,722,704,12,716,4
2021-06-28,Riverside,065,2383286,295898,292647,14008,306655,4507
2021-06-28,Sacramento,067,1510023,108675,108342,1831,110173,1675
2021-06-28,San Benito,069,59416,6106,6101,113,6214,63
2021-06-28,San Bernardino,071,2135413,294970,294151,9000,303151,4928
2021-06-28,San Diego,073,3302833,283473,282417,15428,297845,3780
2021-06-28,San Francisco,075,870044,37238,37372,1292,38664,559
2021-06-28,San Joaquin,077,732212,74212,73973,3586,77559,1411
2021-06-28,San Luis Obispo,079,281455,21558,21340,751,22091,256
2021-06-28,San Mateo,081,765935,42800,42927,486,43413,540
2021-06-28,Santa Barbara,083,443738,34658,34534,1124,35658,455
2021-06-28,Santa Clara,085,1922200,119598,120377,765,121142,2103
2021-06-28,Santa Cruz,087,273765,16357,16245,801,17046,208
2021-06-28,Shasta,089,179085,12619,12642,1639,14281,203
2021-06-28,Sierra,091,2930,63,58,12,70,0
2021-06-28,Siskiyou,093,43540,1970,1896,364,2260,29
2021-06-28,Solano,095,438530,33604,33524,568,34092,267
2021-06-28,Sonoma,097,501317,31079,31137,360,31497,315
2021-06-28,Stanislaus,099,539301,57206,57047,5968,63015,1018
2021-06-28,Sutter,101,95872,9635,9682,87,9769,114
2021-06-28,Tehama,103,63373,5157,5122,582,5704,63
2021-06-28,Trinity,105,12862,494,341,96,437,3
2021-06-28,Tulare,107,460477,50483,49751,9018,58769,850
2021-06-28,Tuolumne,109,53932,4087,4121,44,4165,64
2021-06-28,Ventura,111,848112,81889,81393,3014,84407,1032
2021-06-28,Yolo,113,214977,14208,14199,269,14468,213
2021-06-28,Yuba,115,75493,6220,6207,129,6336,51
2021-06-27,Alameda,001,1643700,89579,89611,1948,91559,1259
2021-06-27,Alpine,002,1148,88,89,0,89,0
2021-06-27,Amador,005,37829,3757,3752,32,3784,46
2021-06-27,Butte,007,227075,12782,12696,1888,14584,198
2021-06-27,Calaveras,009,45235,2202,2203,13,2216,55
2021-06-27,Colusa,011,21464,1968,1974,319,2293,15
2021-06-27,Contra Costa,013,1133247,71149,70762,1305,72067,816
2021-06-27,Del Norte,015,27424,1465,1436,13,1449,8
2021-06-27,El Dorado,017,186661,10502,10418,779,11197,115
2021-06-27,Fresno,019,978130,103468,103110,8679,111789,1727
2021-06-27,Glenn,021,27897,2452,2439,565,3004,20
2021-06-27,Humboldt,023,135768,4526,4513,45,4558,49
2021-06-27,Imperial,025,180216,28791,28987,2690,31677,741
2021-06-27,Inyo,027,18085,1413,1407,12,1419,35
2021-06-27,Kern,029,883053,97972,97249,11067,108316,1348
2021-06-27,Kings,031,150075,23271,23132,1094,24226,246
2021-06-27,Lake,033,64148,3624,3581,13,3594,56
2021-06-27,Lassen,035,31185,5285,5265,115,5380,20
2021-06-27,Los Angeles,037,10098052,1214068,1207461,40806,1248267,24493
2021-06-27,Madera,039,155013,16813,16680,936,17616,240
2021-06-27,Marin,041,260295,14228,14182,260,14442,232
2021-06-27,Mariposa,043,17540,441,440,11,451,5
2021-06-27,Mendocino,045,87422,4188,4100,83,4183,49
2021-06-27,Merced,047,269075,31241,31266,1043,32309,469
2021-06-27,Modoc,049,8938,414,411,146,557,3
2021-06-27,Mono,051,14174,1267,1279,18,1297,3
2021-06-27,Monterey,053,433212,43327,43199,1837,45036,462
2021-06-27,Napa,055,140530,10020,10046,36,10082,81
2021-06-27,Nevada,057,99092,4980,4946,193,5139,72
2021-06-27,Orange,059,3164182,256953,255710,11430,267140,5123
2021-06-27,Placer,061,380077,23903,23731,1543,25274,299
2021-06-27,Plumas,063,18699,722,704,12,716,4
2021-06-27,Riverside,065,2383286,295796,292641,14002,306643,4507
2021-06-27,Sacramento,067,1510023,108540,108279,1827,110106,1675
2021-06-27,San Benito,069,59416,6100,6101,113,6214,63
2021-06-27,San Bernardino,071,2135413,294857,294115,8998,303113,4927
2021-06-27,San Diego,073,3302833,283333,282359,15402,297761,3780
2021-06-27,San Francisco,075,870044,37201,37360,1291,38651,559
2021-06-27,San Joaquin,077,732212,74176,73960,3584,77544,1411
2021-06-27,San Luis Obispo,079,281455,21551,21340,750,22090,256
2021-06-27,San Mateo,081,765935,42771,42925,483,43408,539
2021-06-27,Santa Barbara,083,443738,34644,34533,1122,35655,455
2021-06-27,Santa Clara,085,1922200,119547,120352,764,121116,2103
2021-06-27,Santa Cruz,087,273765,16348,16241,801,17042,208
2021-06-27,Shasta,089,179085,12613,12640,1638,14278,203
2021-06-27,Sierra,091,2930,63,58,12,70,0
2021-06-27,Siskiyou,093,43540,1968,1896,363,2259,29
2021-06-27,Solano,095,438530,33576,33516,568,34084,267
2021-06-27,Sonoma,097,501317,31041,31129,360,31489,315
2021-06-27,Stanislaus,099,539301,57166,57021,5965,62986,1018
2021-06-27,Sutter,101,95872,9629,9678,87,9765,114
2021-06-27,Tehama,103,63373,5153,5122,582,5704,63
2021-06-27,Trinity,105,12862,494,341,95,436,3
2021-06-27,Tulare,107,460477,50470,49749,9011,58760,850
2021-06-27,Tuolumne,109,53932,4085,4121,44,4165,64
2021-06-27,Ventura,111,848112,81855,81361,3005,84366,1032
2021-06-27,Yolo,113,214977,14193,14194,265,14459,213
2021-06-27,Yuba,115,75493,6214,6205,129,6334,51
2021-06-26,Alameda,001,1643700,89522,89560,1946,91506,1259
2021-06-26,Alpine,002,1148,88,89,0,89,0
2021-06-26,Amador,005,37829,3757,3748,32,3780,46
2021-06-26,Butte,007,227075,12778,12693,1885,14578,198
2021-06-26,Calaveras,009,45235,2200,2202,13,2215,55
2021-06-26,Colusa,011,21464,1968,1973,319,2292,15
2021-06-26,Contra Costa,013,1133247,71106,70712,1304,72016,816
2021-06-26,Del Norte,015,27424,1464,1432,13,1445,8
2021-06-26,El Dorado,017,186661,10494,10414,777,11191,115
2021-06-26,Fresno,019,978130,103448,103091,8677,111768,1727
2021-06-26,Glenn,021,27897,2450,2441,565,3006,20
2021-06-26,Humboldt,023,135768,4523,4509,45,4554,49
2021-06-26,Imperial,025,180216,28787,28970,2690,31660,741
2021-06-26,Inyo,027,18085,1413,1407,12,1419,35
2021-06-26,Kern,029,883053,97946,97239,11058,108297,1348
2021-06-26,Kings,031,150075,23267,23128,1093,24221,246
2021-06-26,Lake,033,64148,3613,3576,13,3589,56
2021-06-26,Lassen,035,31185,5282,5263,115,5378,20
2021-06-26,Los Angeles,037,10098052,1213764,1207198,40775,1247973,24490
2021-06-26,Madera,039,155013,16806,16679,935,17614,240
2021-06-26,Marin,041,260295,14219,14180,260,14440,232
2021-06-26,Mariposa,043,17540,441,440,11,451,5
2021-06-26,Mendocino,045,87422,4186,4096,83,4179,49
2021-06-26,Merced,047,269075,31235,31259,1042,32301,469
2021-06-26,Modoc,049,8938,414,411,146,557,3
2021-06-26,Mono,051,14174,1267,1279,18,1297,3
2021-06-26,Monterey,053,433212,43324,43192,1837,45029,462
2021-06-26,Napa,055,140530,10013,10043,36,10079,81
2021-06-26,Nevada,057,99092,4975,4939,193,5132,72
2021-06-26,Orange,059,3164182,256873,255640,11423,267063,5123
2021-06-26,Placer,061,380077,23889,23702,1541,25243,299
2021-06-26,Plumas,063,18699,722,704,12,716,4
2021-06-26,Riverside,065,2383286,295738,292480,13996,306476,4505
2021-06-26,Sacramento,067,1510023,108469,108179,1824,110003,1675
2021-06-26,San Benito,069,59416,6096,6100,113,6213,63
2021-06-26,San Bernardino,071,2135413,294763,294034,8994,303028,4928
2021-06-26,San Diego,073,3302833,283248,282263,15384,297647,3780
2021-06-26,San Francisco,075,870044,37169,37348,1290,38638,559
2021-06-26,San Joaquin,077,732212,74147,73928,3583,77511,1411
2021-06-26,San Luis Obispo,079,281455,21550,21330,749,22079,256
2021-06-26,San Mateo,081,765935,42751,42898,483,43381,539
2021-06-26,Santa Barbara,083,443738,34635,34525,1122,35647,455
2021-06-26,Santa Clara,085,1922200,119514,120321,764,121085,2103
2021-06-26,Santa Cruz,087,273765,16345,16239,801,17040,208
2021-06-26,Shasta,089,179085,12609,12635,1634,14269,203
2021-06-26,Sierra,091,2930,63,58,12,70,0
2021-06-26,Siskiyou,093,43540,1967,1896,362,2258,29
2021-06-26,Solano,095,438530,33558,33489,566,34055,267
2021-06-26,Sonoma,097,501317,31015,31088,360,31448,315
2021-06-26,Stanislaus,099,539301,57150,57006,5962,62968,1018
2021-06-26,Sutter,101,95872,9628,9669,87,9756,114
2021-06-26,Tehama,103,63373,5153,5119,582,5701,63
2021-06-26,Trinity,105,12862,494,341,95,436,3
2021-06-26,Tulare,107,460477,50464,49745,9011,58756,850
2021-06-26,Tuolumne,109,53932,4085,4121,44,4165,64
2021-06-26,Ventura,111,848112,81831,81352,3004,84356,1032
2021-06-26,Yolo,113,214977,14185,14184,265,14449,213
2021-06-26,Yuba,115,75493,6211,6200,129,6329,51
2021-06-25,Alameda,001,1643700,89454,89453,1944,91397,1271
2021-06-25,Alpine,002,1148,88,89,0,89,0
2021-06-25,Amador,005,37829,3756,3746,32,3778,46
2021-06-25,Butte,007,227075,12773,12682,1882,14564,198
2021-06-25,Calaveras,009,45235,2199,2201,13,2214,55
2021-06-25,Colusa,011,21464,1968,1972,319,2291,15
2021-06-25,Contra Costa,013,1133247,71070,70659,1304,71963,815
2021-06-25,Del Norte,015,27424,1464,1426,13,1439,8
2021-06-25,El Dorado,017,186661,10486,10406,774,11180,115
2021-06-25,Fresno,019,978130,103430,103073,8673,111746,1727
2021-06-25,Glenn,021,27897,2450,2441,565,3006,20
2021-06-25,Humboldt,023,135768,4517,4503,43,4546,49
2021-06-25,Imperial,025,180216,28784,28968,2690,31658,740
2021-06-25,Inyo,027,18085,1412,1406,12,1418,35
2021-06-25,Kern,029,883053,97927,97182,11054,108236,1347
2021-06-25,Kings,031,150075,23261,23118,1093,24211,246
2021-06-25,Lake,033,64148,3607,3571,13,3584,56
2021-06-25,Lassen,035,31185,5281,5259,115,5374,20
2021-06-25,Los Angeles,037,10098052,1213481,1206909,40758,1247667,24483
2021-06-25,Madera,039,155013,16803,16670,935,17605,240
2021-06-25,Marin,041,260295,14216,14179,260,14439,232
2021-06-25,Mariposa,043,17540,441,440,11,451,5
2021-06-25,Mendocino,045,87422,4183,4089,83,4172,49
2021-06-25,Merced,047,269075,31227,31256,1042,32298,467
2021-06-25,Modoc,049,8938,414,411,146,557,3
2021-06-25,Mono,051,14174,1267,1279,18,1297,3
2021-06-25,Monterey,053,433212,43319,43184,1836,45020,462
2021-06-25,Napa,055,140530,10008,10037,36,10073,81
2021-06-25,Nevada,057,99092,4972,4932,193,5125,72
2021-06-25,Orange,059,3164182,256802,255574,11421,266995,5119
2021-06-25,Placer,061,380077,23870,23672,1540,25212,299
2021-06-25,Plumas,063,18699,722,702,11,713,4
2021-06-25,Riverside,065,2383286,295670,291663,13989,305652,4490
2021-06-25,Sacramento,067,1510023,108397,108034,1821,109855,1673
2021-06-25,San Benito,069,59416,6092,6098,113,6211,63
2021-06-25,San Bernardino,071,2135413,294708,293941,8992,302933,4911
2021-06-25,San Diego,073,3302833,283188,282157,15371,297528,3779
2021-06-25,San Francisco,075,870044,37146,37338,1289,38627,559
2021-06-25,San Joaquin,077,732212,74114,73860,3581,77441,1410
2021-06-25,San Luis Obispo,079,281455,21547,21325,748,22073,256
2021-06-25,San Mateo,081,765935,42733,42849,483,43332,537
2021-06-25,Santa Barbara,083,443738,34626,34518,1121,35639,454
2021-06-25,Santa Clara,085,1922200,119494,120272,764,121036,2103
2021-06-25,Santa Cruz,087,273765,16342,16230,799,17029,208
2021-06-25,Shasta,089,179085,12599,12633,1633,14266,202
2021-06-25,Sierra,091,2930,63,58,12,70,0
2021-06-25,Siskiyou,093,43540,1966,1894,362,2256,29
2021-06-25,Solano,095,438530,33538,33449,566,34015,267
2021-06-25,Sonoma,097,501317,30992,31043,360,31403,314
2021-06-25,Stanislaus,099,539301,57134,56973,5955,62928,1018
2021-06-25,Sutter,101,95872,9621,9664,87,9751,114
2021-06-25,Tehama,103,63373,5152,5119,582,5701,63
2021-06-25,Trinity,105,12862,494,338,95,433,3
2021-06-25,Tulare,107,460477,50457,49731,9008,58739,850
2021-06-25,Tuolumne,109,53932,4084,4121,44,4165,64
2021-06-25,Ventura,111,848112,81802,81342,2998,84340,1032
2021-06-25,Yolo,113,214977,14179,14172,265,14437,213
2021-06-25,Yuba,115,75493,6207,6195,129,6324,51
2021-06-24,Alameda,001,1643700,89382,89358,1941,91299,1268
2021-06-24,Alpine,002,1148,88,89,0,89,0
2021-06-24,Amador,005,37829,3752,3745,32,3777,46
2021-06-24,Butte,007,227075,12767,12673,1880,14553,198
2021-06-24,Calaveras,009,45235,2196,2202,13,2215,55
2021-06-24,Colusa,011,21464,1967,1972,319,2291,15
2021-06-24,Contra Costa,013,1133247,71011,70590,1304,71894,813
2021-06-24,Del Norte,015,27424,1463,1421,13,1434,8
2021-06-24,El Dorado,017,186661,10479,10402,774,11176,115
2021-06-24,Fresno,019,978130,103410,103061,8671,111732,1727
2021-06-24,Glenn,021,27897,2449,2439,565,3004,20
2021-06-24,Humboldt,023,135768,4512,4493,43,4536,49
2021-06-24,Imperial,025,180216,28781,28981,2690,31671,740
2021-06-24,Inyo,027,18085,1411,1406,12,1418,35
2021-06-24,Kern,029,883053,97908,97129,11041,108170,1346
2021-06-24,Kings,031,150075,23257,23114,1092,24206,246
2021-06-24,Lake,033,64148,3601,3571,13,3584,56
2021-06-24,Lassen,035,31185,5280,5258,115,5373,20
2021-06-24,Los Angeles,037,10098052,1213156,1206590,40735,1247325,24480
2021-06-24,Madera,039,155013,16792,16662,934,17596,240
2021-06-24,Marin,041,260295,14212,14180,260,14440,232
2021-06-24,Mariposa,043,17540,441,440,11,451,5
2021-06-24,Mendocino,045,87422,4175,4085,83,4168,49
2021-06-24,Merced,047,269075,31217,31248,1041,32289,466
2021-06-24,Modoc,049,8938,414,411,146,557,3
2021-06-24,Mono,051,14174,1267,1276,18,1294,3
2021-06-24,Monterey,053,433212,43312,43180,1836,45016,451
2021-06-24,Napa,055,140530,10006,10036,36,10072,80
2021-06-24,Nevada,057,99092,4970,4927,193,5120,72
2021-06-24,Orange,059,3164182,256738,255520,11413,266933,5117
2021-06-24,Placer,061,380077,23845,23659,1538,25197,299
2021-06-24,Plumas,063,18699,721,702,11,713,4
2021-06-24,Riverside,065,2383286,295589,291067,13978,305045,4473
2021-06-24,Sacramento,067,1510023,108309,107965,1819,109784,1672
2021-06-24,San Benito,069,59416,6089,6098,113,6211,63
2021-06-24,San Bernardino,071,2135413,294637,293895,8986,302881,4898
2021-06-24,San Diego,073,3302833,283084,282053,15358,297411,3778
2021-06-24,San Francisco,075,870044,37124,37320,1287,38607,559
2021-06-24,San Joaquin,077,732212,74066,73814,3581,77395,1408
2021-06-24,San Luis Obispo,079,281455,21541,21326,748,22074,256
2021-06-24,San Mateo,081,765935,42707,42814,482,43296,542
2021-06-24,Santa Barbara,083,443738,34620,34512,1120,35632,454
2021-06-24,Santa Clara,085,1922200,119463,120274,763,121037,2103
2021-06-24,Santa Cruz,087,273765,16341,16227,799,17026,208
2021-06-24,Shasta,089,179085,12594,12629,1629,14258,202
2021-06-24,Sierra,091,2930,63,58,12,70,0
2021-06-24,Siskiyou,093,43540,1966,1892,362,2254,28
2021-06-24,Solano,095,438530,33515,33432,564,33996,267
2021-06-24,Sonoma,097,501317,30963,31020,360,31380,314
2021-06-24,Stanislaus,099,539301,57108,56946,5955,62901,1018
2021-06-24,Sutter,101,95872,9614,9660,87,9747,113
2021-06-24,Tehama,103,63373,5149,5115,582,5697,63
2021-06-24,Trinity,105,12862,493,338,95,433,3
2021-06-24,Tulare,107,460477,50446,49730,9006,58736,850
2021-06-24,Tuolumne,109,53932,4082,4120,44,4164,64
2021-06-24,Ventura,111,848112,81774,81332,2997,84329,1032
2021-06-24,Yolo,113,214977,14170,14169,262,14431,213
2021-06-24,Yuba,115,75493,6202,6195,129,6324,51
2021-06-23,Alameda,001,1643700,89310,89338,1940,91278,1266
2021-06-23,Alpine,002,1148,88,88,0,88,0
2021-06-23,Amador,005,37829,3750,3743,32,3775,46
2021-06-23,Butte,007,227075,12760,12666,1880,14546,198
2021-06-23,Calaveras,009,45235,2195,2199,13,2212,55
2021-06-23,Colusa,011,21464,1966,1972,319,2291,15
2021-06-23,Contra Costa,013,1133247,70946,70526,1303,71829,813
2021-06-23,Del Norte,015,27424,1459,1418,13,1431,8
2021-06-23,El Dorado,017,186661,10469,10395,771,11166,115
2021-06-23,Fresno,019,978130,103381,103020,8669,111689,1724
2021-06-23,Glenn,021,27897,2449,2437,564,3001,20
2021-06-23,Humboldt,023,135768,4503,4490,43,4533,48
2021-06-23,Imperial,025,180216,28774,28908,2690,31598,740
2021-06-23,Inyo,027,18085,1411,1406,12,1418,35
2021-06-23,Kern,029,883053,97880,97078,11028,108106,1345
2021-06-23,Kings,031,150075,23250,23105,1090,24195,245
2021-06-23,Lake,033,64148,3592,3566,13,3579,53
2021-06-23,Lassen,035,31185,5277,5257,115,5372,20
2021-06-23,Los Angeles,037,10098052,1212819,1206358,40725,1247083,24472
2021-06-23,Madera,039,155013,16785,16660,934,17594,240
2021-06-23,Marin,041,260295,14206,14177,260,14437,230
2021-06-23,Mariposa,043,17540,441,439,11,450,5
2021-06-23,Mendocino,045,87422,4171,4078,83,4161,49
2021-06-23,Merced,047,269075,31208,31260,1041,32301,465
2021-06-23,Modoc,049,8938,412,407,146,553,3
2021-06-23,Mono,051,14174,1267,1279,18,1297,3
2021-06-23,Monterey,053,433212,43303,43166,1836,45002,439
2021-06-23,Napa,055,140530,9997,10032,36,10068,80
2021-06-23,Nevada,057,99092,4967,4924,193,5117,72
2021-06-23,Orange,059,3164182,256672,255479,11405,266884,5116
2021-06-23,Placer,061,380077,23816,23630,1533,25163,299
2021-06-23,Plumas,063,18699,720,701,11,712,4
2021-06-23,Riverside,065,2383286,295506,290343,13976,304319,4462
2021-06-23,Sacramento,067,1510023,108216,107868,1814,109682,1671
2021-06-23,San Benito,069,59416,6085,6097,113,6210,63
2021-06-23,San Bernardino,071,2135413,294558,293816,8981,302797,4886
2021-06-23,San Diego,073,3302833,282984,281937,15337,297274,3777
2021-06-23,San Francisco,075,870044,37099,37304,1285,38589,559
2021-06-23,San Joaquin,077,732212,74027,73764,3579,77343,1405
2021-06-23,San Luis Obispo,079,281455,21537,21323,747,22070,257
2021-06-23,San Mateo,081,765935,42691,42756,482,43238,542
2021-06-23,Santa Barbara,083,443738,34610,34505,1120,35625,454
2021-06-23,Santa Clara,085,1922200,119434,120233,763,120996,2098
2021-06-23,Santa Cruz,087,273765,16337,16215,799,17014,209
2021-06-23,Shasta,089,179085,12587,12604,1627,14231,202
2021-06-23,Sierra,091,2930,63,57,12,69,0
2021-06-23,Siskiyou,093,43540,1964,1892,362,2254,28
2021-06-23,Solano,095,438530,33471,33408,564,33972,267
2021-06-23,Sonoma,097,501317,30923,30959,358,31317,314
2021-06-23,Stanislaus,099,539301,57078,56926,5954,62880,1017
2021-06-23,Sutter,101,95872,9608,9653,87,9740,113
2021-06-23,Tehama,103,63373,5149,5119,581,5700,63
2021-06-23,Trinity,105,12862,493,338,95,433,3
2021-06-23,Tulare,107,460477,50439,49711,9003,58714,850
2021-06-23,Tuolumne,109,53932,4079,4120,44,4164,64
2021-06-23,Ventura,111,848112,81751,81312,2994,84306,1032
2021-06-23,Yolo,113,214977,14160,14161,262,14423,212
2021-06-23,Yuba,115,75493,6199,6190,129,6319,51
2021-06-22,Alameda,001,1643700,89243,89308,1940,91248,1263
2021-06-22,Alpine,002,1148,88,88,0,88,0
2021-06-22,Amador,005,37829,3747,3743,32,3775,46
2021-06-22,Butte,007,227075,12756,12662,1877,14539,198
2021-06-22,Calaveras,009,45235,2194,2198,13,2211,55
2021-06-22,Colusa,011,21464,1965,1971,319,2290,15
2021-06-22,Contra Costa,013,1133247,70890,70480,1302,71782,813
2021-06-22,Del Norte,015,27424,1456,1417,13,1430,8
2021-06-22,El Dorado,017,186661,10464,10380,770,11150,113
2021-06-22,Fresno,019,978130,103361,102996,8665,111661,1724
2021-06-22,Glenn,021,27897,2448,2435,562,2997,19
2021-06-22,Humboldt,023,135768,4493,4483,43,4526,42
2021-06-22,Imperial,025,180216,28769,28880,2690,31570,740
2021-06-22,Inyo,027,18085,1411,1405,12,1417,35
2021-06-22,Kern,029,883053,97867,97013,11024,108037,1342
2021-06-22,Kings,031,150075,23242,23098,1089,24187,245
2021-06-22,Lake,033,64148,3590,3564,13,3577,45
2021-06-22,Lassen,035,31185,5272,5254,115,5369,20
2021-06-22,Los Angeles,037,10098052,1212503,1206146,40713,1246859,24461
2021-06-22,Madera,039,155013,16780,16652,934,17586,240
2021-06-22,Marin,041,260295,14204,14174,260,14434,230
2021-06-22,Mariposa,043,17540,441,439,11,450,5
2021-06-22,Mendocino,045,87422,4165,4072,83,4155,49
2021-06-22,Merced,047,269075,31197,31267,1041,32308,464
2021-06-22,Modoc,049,8938,410,405,145,550,3
2021-06-22,Mono,051,14174,1267,1277,18,1295,3
2021-06-22,Monterey,053,433212,43300,43162,1835,44997,427
2021-06-22,Napa,055,140530,9993,10029,36,10065,80
2021-06-22,Nevada,057,99092,4961,4923,193,5116,72
2021-06-22,Orange,059,3164182,256603,255452,11394,266846,5114
2021-06-22,Placer,061,380077,23794,23603,1533,25136,299
2021-06-22,Plumas,063,18699,720,697,11,708,4
2021-06-22,Riverside,065,2383286,295445,289839,13972,303811,4456
2021-06-22,Sacramento,067,1510023,108115,107801,1809,109610,1670
2021-06-22,San Benito,069,59416,6084,6098,113,6211,63
2021-06-22,San Bernardino,071,2135413,294482,293770,8975,302745,4873
2021-06-22,San Diego,073,3302833,282880,281867,15314,297181,3771
2021-06-22,San Francisco,075,870044,37085,37287,1285,38572,556
2021-06-22,San Joaquin,077,732212,73997,73723,3577,77300,1405
2021-06-22,San Luis Obispo,079,281455,21534,21321,746,22067,257
2021-06-22,San Mateo,081,765935,42677,42725,477,43202,542
2021-06-22,Santa Barbara,083,443738,34599,34500,1119,35619,454
2021-06-22,Santa Clara,085,1922200,119402,120194,763,120957,2095
2021-06-22,Santa Cruz,087,273765,16332,16218,799,17017,209
2021-06-22,Shasta,089,179085,12576,12616,1624,14240,202
2021-06-22,Sierra,091,2930,62,57,12,69,0
2021-06-22,Siskiyou,093,43540,1964,1892,362,2254,28
2021-06-22,Solano,095,438530,33453,33397,563,33960,267
2021-06-22,Sonoma,097,501317,30883,30933,358,31291,314
2021-06-22,Stanislaus,099,539301,57062,56915,5952,62867,1017
2021-06-22,Sutter,101,95872,9601,9649,87,9736,113
2021-06-22,Tehama,103,63373,5147,5118,580,5698,63
2021-06-22,Trinity,105,12862,491,337,95,432,3
2021-06-22,Tulare,107,460477,50431,49706,8998,58704,850
2021-06-22,Tuolumne,109,53932,4077,4119,44,4163,64
2021-06-22,Ventura,111,848112,81737,81300,2993,84293,1032
2021-06-22,Yolo,113,214977,14155,14157,260,14417,212
2021-06-22,Yuba,115,75493,6195,6181,129,6310,51
2021-06-21,Alameda,001,1643700,89187,89281,1939,91220,1262
2021-06-21,Alpine,002,1148,88,88,0,88,0
2021-06-21,Amador,005,37829,3741,3742,32,3774,46
2021-06-21,Butte,007,227075,12750,12668,1875,14543,195
2021-06-21,Calaveras,009,45235,2192,2194,13,2207,55
2021-06-21,Colusa,011,21464,1964,1970,318,2288,15
2021-06-21,Contra Costa,013,1133247,70820,70439,1301,71740,813
2021-06-21,Del Norte,015,27424,1452,1416,13,1429,8
2021-06-21,El Dorado,017,186661,10458,10375,769,11144,113
2021-06-21,Fresno,019,978130,103341,102971,8662,111633,1724
2021-06-21,Glenn,021,27897,2447,2433,562,2995,19
2021-06-21,Humboldt,023,135768,4484,4478,42,4520,42
2021-06-21,Imperial,025,180216,28765,28855,2690,31545,740
2021-06-21,Inyo,027,18085,1410,1405,12,1417,35
2021-06-21,Kern,029,883053,97838,96995,11016,108011,1342
2021-06-21,Kings,031,150075,23235,23091,1086,24177,245
2021-06-21,Lake,033,64148,3584,3563,13,3576,45
2021-06-21,Lassen,035,31185,5270,5233,115,5348,19
2021-06-21,Los Angeles,037,10098052,1212209,1205994,40691,1246685,24459
2021-06-21,Madera,039,155013,16771,16647,934,17581,240
2021-06-21,Marin,041,260295,14200,14173,260,14433,230
2021-06-21,Mariposa,043,17540,441,439,11,450,5
2021-06-21,Mendocino,045,87422,4162,4085,83,4168,49
2021-06-21,Merced,047,269075,31187,31264,1040,32304,465
2021-06-21,Modoc,049,8938,410,405,145,550,3
2021-06-21,Mono,051,14174,1267,1277,18,1295,3
2021-06-21,Monterey,053,433212,43297,43157,1835,44992,427
2021-06-21,Napa,055,140530,9988,10028,36,10064,80
2021-06-21,Nevada,057,99092,4957,4921,193,5114,72
2021-06-21,Orange,059,3164182,256530,255400,11387,266787,5113
2021-06-21,Placer,061,380077,23770,23577,1533,25110,298
2021-06-21,Plumas,063,18699,718,697,11,708,4
2021-06-21,Riverside,065,2383286,295369,289797,13967,303764,4456
2021-06-21,Sacramento,067,1510023,108004,107757,1808,109565,1669
2021-06-21,San Benito,069,59416,6080,6098,113,6211,63
2021-06-21,San Bernardino,071,2135413,294395,293736,8971,302707,4850
2021-06-21,San Diego,073,3302833,282775,281811,15294,297105,3771
2021-06-21,San Francisco,075,870044,37069,37275,1284,38559,556
2021-06-21,San Joaquin,077,732212,73956,73687,3576,77263,1405
2021-06-21,San Luis Obispo,079,281455,21525,21316,746,22062,257
2021-06-21,San Mateo,081,765935,42661,42685,476,43161,542
2021-06-21,Santa Barbara,083,443738,34594,34492,1119,35611,455
2021-06-21,Santa Clara,085,1922200,119369,120192,762,120954,2093
2021-06-21,Santa Cruz,087,273765,16330,16212,799,17011,208
2021-06-21,Shasta,089,179085,12563,12617,1621,14238,201
2021-06-21,Sierra,091,2930,62,57,12,69,0
2021-06-21,Siskiyou,093,43540,1964,1892,362,2254,27
2021-06-21,Solano,095,438530,33430,33383,562,33945,266
2021-06-21,Sonoma,097,501317,30860,30912,358,31270,314
2021-06-21,Stanislaus,099,539301,57032,56891,5947,62838,1017
2021-06-21,Sutter,101,95872,9598,9649,87,9736,113
2021-06-21,Tehama,103,63373,5147,5115,579,5694,63
2021-06-21,Trinity,105,12862,491,337,95,432,3
2021-06-21,Tulare,107,460477,50420,49689,8994,58683,849
2021-06-21,Tuolumne,109,53932,4073,4119,44,4163,63
2021-06-21,Ventura,111,848112,81709,81291,2989,84280,1031
2021-06-21,Yolo,113,214977,14149,14165,260,14425,212
2021-06-21,Yuba,115,75493,6194,6172,129,6301,51
2021-06-20,Alameda,001,1643700,89122,89255,1938,91193,1263
2021-06-20,Alpine,002,1148,88,88,0,88,0
2021-06-20,Amador,005,37829,3738,3740,32,3772,46
2021-06-20,Butte,007,227075,12743,12668,1874,14542,194
2021-06-20,Calaveras,009,45235,2191,2193,13,2206,55
2021-06-20,Colusa,011,21464,1964,1970,318,2288,15
2021-06-20,Contra Costa,013,1133247,70763,70401,1299,71700,813
2021-06-20,Del Norte,015,27424,1448,1416,13,1429,8
2021-06-20,El Dorado,017,186661,10444,10372,766,11138,113
2021-06-20,Fresno,019,978130,103300,102947,8659,111606,1724
2021-06-20,Glenn,021,27897,2447,2434,562,2996,19
2021-06-20,Humboldt,023,135768,4478,4472,42,4514,42
2021-06-20,Imperial,025,180216,28756,28855,2690,31545,740
2021-06-20,Inyo,027,18085,1409,1405,12,1417,35
2021-06-20,Kern,029,883053,97817,96985,11005,107990,1342
2021-06-20,Kings,031,150075,23230,23088,1084,24172,245
2021-06-20,Lake,033,64148,3582,3563,13,3576,45
2021-06-20,Lassen,035,31185,5267,5230,115,5345,19
2021-06-20,Los Angeles,037,10098052,1211904,1205874,40683,1246557,24456
2021-06-20,Madera,039,155013,16763,16638,932,17570,240
2021-06-20,Marin,041,260295,14197,14166,260,14426,230
2021-06-20,Mariposa,043,17540,439,439,11,450,5
2021-06-20,Mendocino,045,87422,4155,4080,83,4163,49
2021-06-20,Merced,047,269075,31175,31265,1040,32305,465
2021-06-20,Modoc,049,8938,410,405,145,550,3
2021-06-20,Mono,051,14174,1267,1275,18,1293,3
2021-06-20,Monterey,053,433212,43288,43156,1834,44990,427
2021-06-20,Napa,055,140530,9981,10026,35,10061,80
2021-06-20,Nevada,057,99092,4950,4919,193,5112,72
2021-06-20,Orange,059,3164182,256466,255377,11376,266753,5113
2021-06-20,Placer,061,380077,23736,23562,1529,25091,298
2021-06-20,Plumas,063,18699,717,697,11,708,4
2021-06-20,Riverside,065,2383286,295290,289770,13956,303726,4456
2021-06-20,Sacramento,067,1510023,107892,107700,1805,109505,1669
2021-06-20,San Benito,069,59416,6080,6098,113,6211,63
2021-06-20,San Bernardino,071,2135413,294294,293713,8967,302680,4845
2021-06-20,San Diego,073,3302833,282669,281750,15272,297022,3771
2021-06-20,San Francisco,075,870044,37046,37269,1284,38553,556
2021-06-20,San Joaquin,077,732212,73911,73676,3567,77243,1405
2021-06-20,San Luis Obispo,079,281455,21523,21313,746,22059,257
2021-06-20,San Mateo,081,765935,42632,42681,476,43157,542
2021-06-20,Santa Barbara,083,443738,34585,34487,1119,35606,455
2021-06-20,Santa Clara,085,1922200,119334,120163,762,120925,2093
2021-06-20,Santa Cruz,087,273765,16325,16210,799,17009,208
2021-06-20,Shasta,089,179085,12558,12617,1619,14236,201
2021-06-20,Sierra,091,2930,62,57,12,69,0
2021-06-20,Siskiyou,093,43540,1963,1891,362,2253,27
2021-06-20,Solano,095,438530,33408,33361,560,33921,266
2021-06-20,Sonoma,097,501317,30813,30884,355,31239,314
2021-06-20,Stanislaus,099,539301,56999,56868,5946,62814,1017
2021-06-20,Sutter,101,95872,9595,9645,87,9732,113
2021-06-20,Tehama,103,63373,5143,5115,579,5694,63
2021-06-20,Trinity,105,12862,491,337,95,432,3
2021-06-20,Tulare,107,460477,50411,49685,8992,58677,849
2021-06-20,Tuolumne,109,53932,4070,4117,44,4161,63
2021-06-20,Ventura,111,848112,81693,81282,2987,84269,1031
2021-06-20,Yolo,113,214977,14142,14160,260,14420,212
2021-06-20,Yuba,115,75493,6187,6167,129,6296,51
2021-06-19,Alameda,001,1643700,89087,89202,1938,91140,1263
2021-06-19,Alpine,002,1148,88,88,0,88,0
2021-06-19,Amador,005,37829,3736,3739,32,3771,46
2021-06-19,Butte,007,227075,12739,12659,1874,14533,194
2021-06-19,Calaveras,009,45235,2191,2192,13,2205,55
2021-06-19,Colusa,011,21464,1964,1969,318,2287,15
2021-06-19,Contra Costa,013,1133247,70732,70334,1298,71632,813
2021-06-19,Del Norte,015,27424,1447,1416,13,1429,8
2021-06-19,El Dorado,017,186661,10443,10363,765,11128,113
2021-06-19,Fresno,019,978130,103287,102922,8658,111580,1724
2021-06-19,Glenn,021,27897,2446,2434,561,2995,19
2021-06-19,Humboldt,023,135768,4467,4463,42,4505,42
2021-06-19,Imperial,025,180216,28755,28813,2690,31503,740
2021-06-19,Inyo,027,18085,1409,1405,12,1417,35
2021-06-19,Kern,029,883053,97801,96966,11001,107967,1342
2021-06-19,Kings,031,150075,23227,23086,1084,24170,245
2021-06-19,Lake,033,64148,3578,3563,13,3576,45
2021-06-19,Lassen,035,31185,5266,5225,115,5340,19
2021-06-19,Los Angeles,037,10098052,1211700,1205602,40668,1246270,24454
2021-06-19,Madera,039,155013,16761,16632,932,17564,240
2021-06-19,Marin,041,260295,14189,14152,260,14412,230
2021-06-19,Mariposa,043,17540,439,439,11,450,5
2021-06-19,Mendocino,045,87422,4150,4077,83,4160,49
2021-06-19,Merced,047,269075,31173,31256,1040,32296,465
2021-06-19,Modoc,049,8938,409,402,145,547,3
2021-06-19,Mono,051,14174,1267,1275,18,1293,3
2021-06-19,Monterey,053,433212,43282,43153,1834,44987,427
2021-06-19,Napa,055,140530,9977,10025,35,10060,80
2021-06-19,Nevada,057,99092,4945,4910,193,5103,72
2021-06-19,Orange,059,3164182,256420,255329,11373,266702,5112
2021-06-19,Placer,061,380077,23720,23537,1526,25063,298
2021-06-19,Plumas,063,18699,716,697,11,708,4
2021-06-19,Riverside,065,2383286,295244,289720,13956,303676,4456
2021-06-19,Sacramento,067,1510023,107845,107631,1802,109433,1669
2021-06-19,San Benito,069,59416,6079,6098,113,6211,63
2021-06-19,San Bernardino,071,2135413,294251,293673,8965,302638,4844
2021-06-19,San Diego,073,3302833,282609,281682,15258,296940,3771
2021-06-19,San Francisco,075,870044,37033,37256,1284,38540,556
2021-06-19,San Joaquin,077,732212,73895,73652,3563,77215,1405
2021-06-19,San Luis Obispo,079,281455,21521,21308,744,22052,257
2021-06-19,San Mateo,081,765935,42614,42646,474,43120,542
2021-06-19,Santa Barbara,083,443738,34583,34472,1119,35591,455
2021-06-19,Santa Clara,085,1922200,119311,120110,761,120871,2093
2021-06-19,Santa Cruz,087,273765,16320,16206,799,17005,208
2021-06-19,Shasta,089,179085,12556,12615,1618,14233,201
2021-06-19,Sierra,091,2930,62,57,12,69,0
2021-06-19,Siskiyou,093,43540,1963,1891,362,2253,27
2021-06-19,Solano,095,438530,33398,33341,559,33900,266
2021-06-19,Sonoma,097,501317,30772,30841,355,31196,314
2021-06-19,Stanislaus,099,539301,56980,56847,5943,62790,1017
2021-06-19,Sutter,101,95872,9592,9645,87,9732,113
2021-06-19,Tehama,103,63373,5142,5115,579,5694,63
2021-06-19,Trinity,105,12862,491,337,95,432,3
2021-06-19,Tulare,107,460477,50404,49681,8987,58668,849
2021-06-19,Tuolumne,109,53932,4070,4117,44,4161,63
2021-06-19,Ventura,111,848112,81680,81270,2986,84256,1031
2021-06-19,Yolo,113,214977,14138,14156,259,14415,212
2021-06-19,Yuba,115,75493,6186,6157,129,6286,51
2021-06-18,Alameda,001,1643700,89050,89123,1938,91061,1263
2021-06-18,Alpine,002,1148,88,88,0,88,0
2021-06-18,Amador,005,37829,3736,3739,32,3771,46
2021-06-18,Butte,007,227075,12736,12653,1871,14524,194
2021-06-18,Calaveras,009,45235,2191,2191,13,2204,55
2021-06-18,Colusa,011,21464,1963,1969,318,2287,15
2021-06-18,Contra Costa,013,1133247,70690,70271,1296,71567,813
2021-06-18,Del Norte,015,27424,1447,1415,13,1428,8
2021-06-18,El Dorado,017,186661,10440,10348,763,11111,113
2021-06-18,Fresno,019,978130,103271,102894,8656,111550,1722
2021-06-18,Glenn,021,27897,2445,2430,561,2991,19
2021-06-18,Humboldt,023,135768,4459,4450,42,4492,42
2021-06-18,Imperial,025,180216,28753,28809,2690,31499,740
2021-06-18,Inyo,027,18085,1409,1405,12,1417,35
2021-06-18,Kern,029,883053,97790,96948,10995,107943,1341
2021-06-18,Kings,031,150075,23222,23082,1084,24166,245
2021-06-18,Lake,033,64148,3574,3563,13,3576,45
2021-06-18,Lassen,035,31185,5265,5224,115,5339,19
2021-06-18,Los Angeles,037,10098052,1211533,1205472,40652,1246124,24451
2021-06-18,Madera,039,155013,16755,16625,932,17557,241
2021-06-18,Marin,041,260295,14186,14147,260,14407,230
2021-06-18,Mariposa,043,17540,439,439,11,450,5
2021-06-18,Mendocino,045,87422,4145,4068,83,4151,49
2021-06-18,Merced,047,269075,31171,31262,1040,32302,464
2021-06-18,Modoc,049,8938,409,402,145,547,3
2021-06-18,Mono,051,14174,1266,1275,17,1292,3
2021-06-18,Monterey,053,433212,43279,43148,1834,44982,427
2021-06-18,Napa,055,140530,9973,10021,35,10056,80
2021-06-18,Nevada,057,99092,4937,4903,193,5096,72
2021-06-18,Orange,059,3164182,256383,255274,11370,266644,5108
2021-06-18,Placer,061,380077,23712,23500,1523,25023,298
2021-06-18,Plumas,063,18699,716,697,11,708,4
2021-06-18,Riverside,065,2383286,295195,289676,13955,303631,4457
2021-06-18,Sacramento,067,1510023,107797,107570,1802,109372,1669
2021-06-18,San Benito,069,59416,6078,6097,113,6210,63
2021-06-18,San Bernardino,071,2135413,294207,293629,8961,302590,4826
2021-06-18,San Diego,073,3302833,282533,281608,15247,296855,3771
2021-06-18,San Francisco,075,870044,37024,37246,1284,38530,556
2021-06-18,San Joaquin,077,732212,73877,73623,3561,77184,1403
2021-06-18,San Luis Obispo,079,281455,21517,21301,742,22043,257
2021-06-18,San Mateo,081,765935,42603,42630,473,43103,542
2021-06-18,Santa Barbara,083,443738,34573,34469,1119,35588,455
2021-06-18,Santa Clara,085,1922200,119290,120081,759,120840,2093
2021-06-18,Santa Cruz,087,273765,16316,16202,799,17001,208
2021-06-18,Shasta,089,179085,12552,12607,1616,14223,201
2021-06-18,Sierra,091,2930,61,57,12,69,0
2021-06-18,Siskiyou,093,43540,1963,1890,362,2252,27
2021-06-18,Solano,095,438530,33384,33323,559,33882,266
2021-06-18,Sonoma,097,501317,30754,30816,354,31170,313
2021-06-18,Stanislaus,099,539301,56965,56803,5941,62744,1012
2021-06-18,Sutter,101,95872,9589,9643,87,9730,113
2021-06-18,Tehama,103,63373,5140,5114,579,5693,63
2021-06-18,Trinity,105,12862,491,337,94,431,3
2021-06-18,Tulare,107,460477,50402,49664,8980,58644,849
2021-06-18,Tuolumne,109,53932,4067,4116,44,4160,63
2021-06-18,Ventura,111,848112,81670,81256,2981,84237,1031
2021-06-18,Yolo,113,214977,14135,14148,257,14405,212
2021-06-18,Yuba,115,75493,6180,6150,129,6279,51
2021-06-17,Alameda,001,1643700,89004,89087,1938,91025,1262
2021-06-17,Alpine,002,1148,88,88,0,88,0
2021-06-17,Amador,005,37829,3734,3731,32,3763,46
2021-06-17,Butte,007,227075,12726,12644,1870,14514,194
2021-06-17,Calaveras,009,45235,2190,2189,13,2202,55
2021-06-17,Colusa,011,21464,1962,1969,318,2287,15
2021-06-17,Contra Costa,013,1133247,70651,70190,1292,71482,810
2021-06-17,Del Norte,015,27424,1445,1413,13,1426,8
2021-06-17,El Dorado,017,186661,10430,10341,763,11104,113
2021-06-17,Fresno,019,978130,103245,102867,8652,111519,1722
2021-06-17,Glenn,021,27897,2445,2430,561,2991,19
2021-06-17,Humboldt,023,135768,4450,4438,42,4480,42
2021-06-17,Imperial,025,180216,28745,28801,2690,31491,741
2021-06-17,Inyo,027,18085,1409,1405,12,1417,35
2021-06-17,Kern,029,883053,97775,96840,10989,107829,1340
2021-06-17,Kings,031,150075,23218,23078,1083,24161,245
2021-06-17,Lake,033,64148,3571,3563,9,3572,45
2021-06-17,Lassen,035,31185,5261,5223,115,5338,19
2021-06-17,Los Angeles,037,10098052,1211318,1205301,40625,1245926,24444
2021-06-17,Madera,039,155013,16750,16618,932,17550,241
2021-06-17,Marin,041,260295,14186,14141,260,14401,229
2021-06-17,Mariposa,043,17540,439,439,11,450,5
2021-06-17,Mendocino,045,87422,4138,4054,83,4137,49
2021-06-17,Merced,047,269075,31166,31262,1040,32302,464
2021-06-17,Modoc,049,8938,408,401,145,546,3
2021-06-17,Mono,051,14174,1265,1275,17,1292,3
2021-06-17,Monterey,053,433212,43271,43140,1834,44974,416
2021-06-17,Napa,055,140530,9973,10014,35,10049,80
2021-06-17,Nevada,057,99092,4933,4898,193,5091,72
2021-06-17,Orange,059,3164182,256338,255240,11360,266600,5109
2021-06-17,Placer,061,380077,23696,23461,1521,24982,298
2021-06-17,Plumas,063,18699,715,697,11,708,4
2021-06-17,Riverside,065,2383286,295140,289627,13953,303580,4458
2021-06-17,Sacramento,067,1510023,107733,107492,1800,109292,1666
2021-06-17,San Benito,069,59416,6078,6097,113,6210,63
2021-06-17,San Bernardino,071,2135413,294166,293560,8961,302521,4811
2021-06-17,San Diego,073,3302833,282457,281531,15233,296764,3771
2021-06-17,San Francisco,075,870044,37012,37243,1283,38526,556
2021-06-17,San Joaquin,077,732212,73854,73560,3556,77116,1403
2021-06-17,San Luis Obispo,079,281455,21515,21297,742,22039,257
2021-06-17,San Mateo,081,765935,42597,42615,473,43088,542
2021-06-17,Santa Barbara,083,443738,34567,34466,1119,35585,453
2021-06-17,Santa Clara,085,1922200,119265,120032,758,120790,2093
2021-06-17,Santa Cruz,087,273765,16312,16197,799,16996,208
2021-06-17,Shasta,089,179085,12544,12597,1616,14213,201
2021-06-17,Sierra,091,2930,61,56,12,68,0
2021-06-17,Siskiyou,093,43540,1962,1889,362,2251,27
2021-06-17,Solano,095,438530,33363,33296,558,33854,266
2021-06-17,Sonoma,097,501317,30724,30793,354,31147,323
2021-06-17,Stanislaus,099,539301,56934,56752,5936,62688,1012
2021-06-17,Sutter,101,95872,9586,9629,87,9716,113
2021-06-17,Tehama,103,63373,5139,5112,577,5689,63
2021-06-17,Trinity,105,12862,490,337,94,431,3
2021-06-17,Tulare,107,460477,50397,49649,8972,58621,849
2021-06-17,Tuolumne,109,53932,4066,4116,44,4160,63
2021-06-17,Ventura,111,848112,81661,81248,2978,84226,1030
2021-06-17,Yolo,113,214977,14127,14141,257,14398,212
2021-06-17,Yuba,115,75493,6171,6140,129,6269,51
2021-06-16,Alameda,001,1643700,88955,89045,1937,90982,1265
2021-06-16,Alpine,002,1148,88,88,0,88,0
2021-06-16,Amador,005,37829,3733,3730,32,3762,46
2021-06-16,Butte,007,227075,12724,12635,1868,14503,194
2021-06-16,Calaveras,009,45235,2188,2188,13,2201,55
2021-06-16,Colusa,011,21464,1962,1967,318,2285,15
2021-06-16,Contra Costa,013,1133247,70599,70136,1291,71427,810
2021-06-16,Del Norte,015,27424,1442,1413,13,1426,8
2021-06-16,El Dorado,017,186661,10424,10334,762,11096,113
2021-06-16,Fresno,019,978130,103214,102842,8648,111490,1722
2021-06-16,Glenn,021,27897,2445,2430,561,2991,19
2021-06-16,Humboldt,023,135768,4441,4427,41,4468,42
2021-06-16,Imperial,025,180216,28742,28796,2690,31486,741
2021-06-16,Inyo,027,18085,1408,1405,12,1417,35
2021-06-16,Kern,029,883053,97753,96789,10982,107771,1339
2021-06-16,Kings,031,150075,23217,23072,1082,24154,245
2021-06-16,Lake,033,64148,3571,3562,9,3571,45
2021-06-16,Lassen,035,31185,5258,5216,115,5331,19
2021-06-16,Los Angeles,037,10098052,1211094,1205102,40615,1245717,24439
2021-06-16,Madera,039,155013,16746,16603,932,17535,240
2021-06-16,Marin,041,260295,14184,14137,260,14397,229
2021-06-16,Mariposa,043,17540,439,437,11,448,5
2021-06-16,Mendocino,045,87422,4130,4041,83,4124,49
2021-06-16,Merced,047,269075,31158,31250,1040,32290,463
2021-06-16,Modoc,049,8938,407,383,144,527,3
2021-06-16,Mono,051,14174,1265,1275,17,1292,3
2021-06-16,Monterey,053,433212,43268,43122,1834,44956,416
2021-06-16,Napa,055,140530,9969,10011,35,10046,80
2021-06-16,Nevada,057,99092,4928,4894,193,5087,72
2021-06-16,Orange,059,3164182,256284,255188,11352,266540,5109
2021-06-16,Placer,061,380077,23686,23425,1517,24942,298
2021-06-16,Plumas,063,18699,715,697,11,708,4
2021-06-16,Riverside,065,2383286,295079,289539,13951,303490,4457
2021-06-16,Sacramento,067,1510023,107663,107422,1796,109218,1665
2021-06-16,San Benito,069,59416,6078,6090,113,6203,63
2021-06-16,San Bernardino,071,2135413,294117,293499,8959,302458,4797
2021-06-16,San Diego,073,3302833,282378,281423,15220,296643,3770
2021-06-16,San Francisco,075,870044,36999,37222,1281,38503,555
2021-06-16,San Joaquin,077,732212,73816,73530,3552,77082,1399
2021-06-16,San Luis Obispo,079,281455,21510,21294,742,22036,257
2021-06-16,San Mateo,081,765935,42581,42601,473,43074,542
2021-06-16,Santa Barbara,083,443738,34561,34459,1119,35578,460
2021-06-16,Santa Clara,085,1922200,119233,119982,758,120740,2087
2021-06-16,Santa Cruz,087,273765,16309,16187,799,16986,208
2021-06-16,Shasta,089,179085,12539,12592,1615,14207,200
2021-06-16,Sierra,091,2930,61,56,12,68,0
2021-06-16,Siskiyou,093,43540,1961,1886,362,2248,26
2021-06-16,Solano,095,438530,33335,33276,558,33834,266
2021-06-16,Sonoma,097,501317,30688,30741,354,31095,323
2021-06-16,Stanislaus,099,539301,56903,56738,5934,62672,984
2021-06-16,Sutter,101,95872,9582,9620,87,9707,113
2021-06-16,Tehama,103,63373,5137,5106,577,5683,63
2021-06-16,Trinity,105,12862,489,332,94,426,3
2021-06-16,Tulare,107,460477,50392,49578,8968,58546,849
2021-06-16,Tuolumne,109,53932,4066,4110,44,4154,63
2021-06-16,Ventura,111,848112,81647,81229,2976,84205,1029
2021-06-16,Yolo,113,214977,14118,14135,256,14391,212
2021-06-16,Yuba,115,75493,6161,6134,129,6263,51
2021-06-15,Alameda,001,1643700,88914,89008,1937,90945,1262
2021-06-15,Alpine,002,1148,88,88,0,88,0
2021-06-15,Amador,005,37829,3730,3723,32,3755,46
2021-06-15,Butte,007,227075,12716,12620,1867,14487,194
2021-06-15,Calaveras,009,45235,2187,2188,13,2201,55
2021-06-15,Colusa,011,21464,1962,1967,316,2283,15
2021-06-15,Contra Costa,013,1133247,70537,70101,1291,71392,810
2021-06-15,Del Norte,015,27424,1441,1411,13,1424,8
2021-06-15,El Dorado,017,186661,10415,10330,762,11092,113
2021-06-15,Fresno,019,978130,103182,102828,8647,111475,1722
2021-06-15,Glenn,021,27897,2444,2426,561,2987,19
2021-06-15,Humboldt,023,135768,4432,4414,40,4454,42
2021-06-15,Imperial,025,180216,28736,28789,2690,31479,741
2021-06-15,Inyo,027,18085,1408,1405,12,1417,35
2021-06-15,Kern,029,883053,97725,96782,10974,107756,1338
2021-06-15,Kings,031,150075,23211,23070,1080,24150,245
2021-06-15,Lake,033,64148,3570,3559,9,3568,45
2021-06-15,Lassen,035,31185,5257,5211,115,5326,19
2021-06-15,Los Angeles,037,10098052,1210869,1204926,40607,1245533,24435
2021-06-15,Madera,039,155013,16739,16600,931,17531,240
2021-06-15,Marin,041,260295,14176,14135,260,14395,229
2021-06-15,Mariposa,043,17540,439,437,11,448,5
2021-06-15,Mendocino,045,87422,4123,4034,83,4117,49
2021-06-15,Merced,047,269075,31152,31244,1040,32284,461
2021-06-15,Modoc,049,8938,406,383,144,527,3
2021-06-15,Mono,051,14174,1265,1275,17,1292,3
2021-06-15,Monterey,053,433212,43262,43118,1834,44952,416
2021-06-15,Napa,055,140530,9967,10010,35,10045,80
2021-06-15,Nevada,057,99092,4925,4888,193,5081,72
2021-06-15,Orange,059,3164182,256243,255127,11343,266470,5105
2021-06-15,Placer,061,380077,23664,23396,1516,24912,298
2021-06-15,Plumas,063,18699,714,697,11,708,4
2021-06-15,Riverside,065,2383286,295019,289508,13947,303455,4455
2021-06-15,Sacramento,067,1510023,107588,107370,1790,109160,1662
2021-06-15,San Benito,069,59416,6077,6089,113,6202,63
2021-06-15,San Bernardino,071,2135413,294067,293463,8953,302416,4790
2021-06-15,San Diego,073,3302833,282294,281375,15205,296580,3770
2021-06-15,San Francisco,075,870044,36990,37210,1280,38490,555
2021-06-15,San Joaquin,077,732212,73776,73494,3547,77041,1399
2021-06-15,San Luis Obispo,079,281455,21505,21293,741,22034,257
2021-06-15,San Mateo,081,765935,42568,42593,473,43066,543
2021-06-15,Santa Barbara,083,443738,34556,34451,1119,35570,460
2021-06-15,Santa Clara,085,1922200,119195,119963,758,120721,2086
2021-06-15,Santa Cruz,087,273765,16303,16180,798,16978,208
2021-06-15,Shasta,089,179085,12533,12583,1615,14198,201
2021-06-15,Sierra,091,2930,60,55,12,67,0
2021-06-15,Siskiyou,093,43540,1960,1887,362,2249,26
2021-06-15,Solano,095,438530,33316,33264,558,33822,266
2021-06-15,Sonoma,097,501317,30649,30707,353,31060,323
2021-06-15,Stanislaus,099,539301,56875,56724,5931,62655,979
2021-06-15,Sutter,101,95872,9573,9616,87,9703,113
2021-06-15,Tehama,103,63373,5135,5102,577,5679,63
2021-06-15,Trinity,105,12862,488,332,93,425,3
2021-06-15,Tulare,107,460477,50386,49561,8965,58526,848
2021-06-15,Tuolumne,109,53932,4066,4111,44,4155,63
2021-06-15,Ventura,111,848112,81636,81215,2973,84188,1029
2021-06-15,Yolo,113,214977,14114,14127,254,14381,212
2021-06-15,Yuba,115,75493,6150,6130,129,6259,51
2021-06-14,Alameda,001,1643700,88866,88966,1937,90903,1264
2021-06-14,Alpine,002,1148,88,88,0,88,0
2021-06-14,Amador,005,37829,3729,3722,32,3754,46
2021-06-14,Butte,007,227075,12705,12613,1863,14476,194
2021-06-14,Calaveras,009,45235,2186,2190,13,2203,55
2021-06-14,Colusa,011,21464,1961,1966,316,2282,15
2021-06-14,Contra Costa,013,1133247,70484,70069,1289,71358,810
2021-06-14,Del Norte,015,27424,1441,1411,13,1424,8
2021-06-14,El Dorado,017,186661,10406,10327,760,11087,113
2021-06-14,Fresno,019,978130,103160,102812,8645,111457,1719
2021-06-14,Glenn,021,27897,2444,2426,561,2987,19
2021-06-14,Humboldt,023,135768,4424,4407,39,4446,42
2021-06-14,Imperial,025,180216,28724,28836,2690,31526,741
2021-06-14,Inyo,027,18085,1407,1405,12,1417,35
2021-06-14,Kern,029,883053,97705,96760,10964,107724,1337
2021-06-14,Kings,031,150075,23208,23071,1079,24150,245
2021-06-14,Lake,033,64148,3569,3557,9,3566,45
2021-06-14,Lassen,035,31185,5254,5209,114,5323,19
2021-06-14,Los Angeles,037,10098052,1210627,1204748,40597,1245345,24434
2021-06-14,Madera,039,155013,16733,16597,930,17527,240
2021-06-14,Marin,041,260295,14174,14133,260,14393,229
2021-06-14,Mariposa,043,17540,438,437,11,448,5
2021-06-14,Mendocino,045,87422,4117,4028,83,4111,49
2021-06-14,Merced,047,269075,31143,31241,1039,32280,461
2021-06-14,Modoc,049,8938,397,382,142,524,3
2021-06-14,Mono,051,14174,1265,1275,17,1292,3
2021-06-14,Monterey,053,433212,43259,43110,1834,44944,415
2021-06-14,Napa,055,140530,9963,10000,35,10035,80
2021-06-14,Nevada,057,99092,4918,4885,193,5078,72
2021-06-14,Orange,059,3164182,256205,255069,11339,266408,5103
2021-06-14,Placer,061,380077,23639,23379,1515,24894,298
2021-06-14,Plumas,063,18699,714,696,11,707,4
2021-06-14,Riverside,065,2383286,294965,289476,13947,303423,4453
2021-06-14,Sacramento,067,1510023,107533,107334,1784,109118,1661
2021-06-14,San Benito,069,59416,6077,6087,113,6200,63
2021-06-14,San Bernardino,071,2135413,294011,293446,8949,302395,4790
2021-06-14,San Diego,073,3302833,282188,281314,15185,296499,3770
2021-06-14,San Francisco,075,870044,36976,37206,1280,38486,555
2021-06-14,San Joaquin,077,732212,73747,73453,3547,77000,1398
2021-06-14,San Luis Obispo,079,281455,21503,21302,741,22043,256
2021-06-14,San Mateo,081,765935,42555,42619,472,43091,543
2021-06-14,Santa Barbara,083,443738,34553,34449,1119,35568,460
2021-06-14,Santa Clara,085,1922200,119164,119957,757,120714,2085
2021-06-14,Santa Cruz,087,273765,16300,16175,798,16973,208
2021-06-14,Shasta,089,179085,12522,12561,1612,14173,201
2021-06-14,Sierra,091,2930,59,55,12,67,0
2021-06-14,Siskiyou,093,43540,1960,1886,362,2248,26
2021-06-14,Solano,095,438530,33299,33243,557,33800,266
2021-06-14,Sonoma,097,501317,30617,30679,352,31031,323
2021-06-14,Stanislaus,099,539301,56838,56689,5928,62617,975
2021-06-14,Sutter,101,95872,9570,9607,87,9694,112
2021-06-14,Tehama,103,63373,5133,5102,577,5679,63
2021-06-14,Trinity,105,12862,488,332,93,425,3
2021-06-14,Tulare,107,460477,50381,49538,8962,58500,848
2021-06-14,Tuolumne,109,53932,4063,4108,44,4152,63
2021-06-14,Ventura,111,848112,81626,81209,2973,84182,1028
2021-06-14,Yolo,113,214977,14106,14123,254,14377,212
2021-06-14,Yuba,115,75493,6143,6127,129,6256,50
2021-06-13,Alameda,001,1643700,88808,88947,1936,90883,1264
2021-06-13,Alpine,002,1148,87,88,0,88,0
2021-06-13,Amador,005,37829,3725,3721,32,3753,46
2021-06-13,Butte,007,227075,12694,12586,1860,14446,194
2021-06-13,Calaveras,009,45235,2186,2189,13,2202,55
2021-06-13,Colusa,011,21464,1961,1965,315,2280,15
2021-06-13,Contra Costa,013,1133247,70431,70040,1287,71327,810
2021-06-13,Del Norte,015,27424,1439,1412,13,1425,8
2021-06-13,El Dorado,017,186661,10397,10324,760,11084,113
2021-06-13,Fresno,019,978130,103130,102795,8640,111435,1719
2021-06-13,Glenn,021,27897,2443,2425,559,2984,19
2021-06-13,Humboldt,023,135768,4411,4401,39,4440,42
2021-06-13,Imperial,025,180216,28715,28800,2690,31490,741
2021-06-13,Inyo,027,18085,1407,1405,12,1417,35
2021-06-13,Kern,029,883053,97681,96743,10952,107695,1337
2021-06-13,Kings,031,150075,23203,23069,1078,24147,245
2021-06-13,Lake,033,64148,3569,3556,9,3565,45
2021-06-13,Lassen,035,31185,5249,5209,114,5323,19
2021-06-13,Los Angeles,037,10098052,1210359,1204614,40586,1245200,24433
2021-06-13,Madera,039,155013,16719,16590,930,17520,240
2021-06-13,Marin,041,260295,14168,14126,260,14386,229
2021-06-13,Mariposa,043,17540,438,434,11,445,5
2021-06-13,Mendocino,045,87422,4110,4026,83,4109,49
2021-06-13,Merced,047,269075,31137,31240,1038,32278,461
2021-06-13,Modoc,049,8938,395,382,140,522,3
2021-06-13,Mono,051,14174,1265,1275,17,1292,3
2021-06-13,Monterey,053,433212,43251,43108,1834,44942,415
2021-06-13,Napa,055,140530,9957,9995,35,10030,80
2021-06-13,Nevada,057,99092,4913,4883,193,5076,72
2021-06-13,Orange,059,3164182,256150,255043,11336,266379,5103
2021-06-13,Placer,061,380077,23613,23365,1513,24878,295
2021-06-13,Plumas,063,18699,713,696,11,707,4
2021-06-13,Riverside,065,2383286,294898,289447,13944,303391,4453
2021-06-13,Sacramento,067,1510023,107457,107289,1781,109070,1658
2021-06-13,San Benito,069,59416,6077,6086,113,6199,63
2021-06-13,San Bernardino,071,2135413,293959,293416,8944,302360,4788
2021-06-13,San Diego,073,3302833,282109,281268,15169,296437,3770
2021-06-13,San Francisco,075,870044,36964,37197,1280,38477,555
2021-06-13,San Joaquin,077,732212,73712,73438,3545,76983,1398
2021-06-13,San Luis Obispo,079,281455,21497,21298,740,22038,256
2021-06-13,San Mateo,081,765935,42542,42611,472,43083,542
2021-06-13,Santa Barbara,083,443738,34542,34449,1118,35567,460
2021-06-13,Santa Clara,085,1922200,119140,119946,757,120703,2085
2021-06-13,Santa Cruz,087,273765,16293,16172,798,16970,208
2021-06-13,Shasta,089,179085,12513,12560,1611,14171,201
2021-06-13,Sierra,091,2930,59,55,12,67,0
2021-06-13,Siskiyou,093,43540,1959,1885,362,2247,26
2021-06-13,Solano,095,438530,33278,33234,557,33791,266
2021-06-13,Sonoma,097,501317,30582,30663,350,31013,323
2021-06-13,Stanislaus,099,539301,56812,56671,5925,62596,975
2021-06-13,Sutter,101,95872,9563,9603,87,9690,112
2021-06-13,Tehama,103,63373,5131,5100,577,5677,63
2021-06-13,Trinity,105,12862,487,332,93,425,3
2021-06-13,Tulare,107,460477,50372,49537,8957,58494,848
2021-06-13,Tuolumne,109,53932,4061,4107,43,4150,63
2021-06-13,Ventura,111,848112,81612,81201,2973,84174,1028
2021-06-13,Yolo,113,214977,14097,14120,252,14372,212
2021-06-13,Yuba,115,75493,6136,6125,129,6254,50
2021-06-12,Alameda,001,1643700,88781,88901,1936,90837,1271
2021-06-12,Alpine,002,1148,87,88,0,88,0
2021-06-12,Amador,005,37829,3724,3721,32,3753,46
2021-06-12,Butte,007,227075,12690,12576,1859,14435,194
2021-06-12,Calaveras,009,45235,2186,2189,13,2202,55
2021-06-12,Colusa,011,21464,1961,1965,315,2280,15
2021-06-12,Contra Costa,013,1133247,70400,69989,1285,71274,810
2021-06-12,Del Norte,015,27424,1439,1412,13,1425,8
2021-06-12,El Dorado,017,186661,10392,10320,759,11079,113
2021-06-12,Fresno,019,978130,103120,102783,8639,111422,1720
2021-06-12,Glenn,021,27897,2441,2425,559,2984,19
2021-06-12,Humboldt,023,135768,4403,4396,39,4435,42
2021-06-12,Imperial,025,180216,28712,28799,2690,31489,741
2021-06-12,Inyo,027,18085,1407,1405,12,1417,35
2021-06-12,Kern,029,883053,97666,96731,10948,107679,1337
2021-06-12,Kings,031,150075,23201,23067,1078,24145,245
2021-06-12,Lake,033,64148,3568,3552,9,3561,45
2021-06-12,Lassen,035,31185,5249,5208,114,5322,19
2021-06-12,Los Angeles,037,10098052,1210222,1204439,40580,1245019,24434
2021-06-12,Madera,039,155013,16715,16586,930,17516,240
2021-06-12,Marin,041,260295,14165,14121,260,14381,229
2021-06-12,Mariposa,043,17540,438,434,11,445,5
2021-06-12,Mendocino,045,87422,4107,4024,83,4107,49
2021-06-12,Merced,047,269075,31134,31236,1038,32274,461
2021-06-12,Modoc,049,8938,394,382,140,522,3
2021-06-12,Mono,051,14174,1265,1275,17,1292,3
2021-06-12,Monterey,053,433212,43246,43103,1834,44937,415
2021-06-12,Napa,055,140530,9953,9986,35,10021,80
2021-06-12,Nevada,057,99092,4907,4878,193,5071,72
2021-06-12,Orange,059,3164182,256118,255004,11334,266338,5103
2021-06-12,Placer,061,380077,23594,23345,1513,24858,295
2021-06-12,Plumas,063,18699,713,696,11,707,4
2021-06-12,Riverside,065,2383286,294856,289413,13941,303354,4453
2021-06-12,Sacramento,067,1510023,107398,107199,1778,108977,1658
2021-06-12,San Benito,069,59416,6075,6083,113,6196,63
2021-06-12,San Bernardino,071,2135413,293924,293375,8942,302317,4788
2021-06-12,San Diego,073,3302833,282052,281203,15160,296363,3770
2021-06-12,San Francisco,075,870044,36954,37189,1280,38469,555
2021-06-12,San Joaquin,077,732212,73693,73413,3544,76957,1398
2021-06-12,San Luis Obispo,079,281455,21494,21293,740,22033,256
2021-06-12,San Mateo,081,765935,42536,42604,472,43076,542
2021-06-12,Santa Barbara,083,443738,34537,34450,1118,35568,460
2021-06-12,Santa Clara,085,1922200,119100,119894,757,120651,2085
2021-06-12,Santa Cruz,087,273765,16285,16170,798,16968,208
2021-06-12,Shasta,089,179085,12510,12556,1610,14166,201
2021-06-12,Sierra,091,2930,59,55,12,67,0
2021-06-12,Siskiyou,093,43540,1958,1884,362,2246,25
2021-06-12,Solano,095,438530,33269,33219,557,33776,266
2021-06-12,Sonoma,097,501317,30553,30647,350,30997,323
2021-06-12,Stanislaus,099,539301,56795,56649,5924,62573,974
2021-06-12,Sutter,101,95872,9559,9603,87,9690,112
2021-06-12,Tehama,103,63373,5131,5099,576,5675,63
2021-06-12,Trinity,105,12862,487,332,93,425,3
2021-06-12,Tulare,107,460477,50367,49533,8950,58483,848
2021-06-12,Tuolumne,109,53932,4060,4105,43,4148,63
2021-06-12,Ventura,111,848112,81600,81197,2973,84170,1028
2021-06-12,Yolo,113,214977,14094,14118,251,14369,212
2021-06-12,Yuba,115,75493,6131,6120,129,6249,50
2021-06-11,Alameda,001,1643700,88753,88844,1936,90780,1278
2021-06-11,Alpine,002,1148,87,88,0,88,0
2021-06-11,Amador,005,37829,3723,3710,32,3742,46
2021-06-11,Butte,007,227075,12686,12576,1857,14433,194
2021-06-11,Calaveras,009,45235,2186,2188,13,2201,55
2021-06-11,Colusa,011,21464,1960,1964,315,2279,15
2021-06-11,Contra Costa,013,1133247,70367,69940,1283,71223,808
2021-06-11,Del Norte,015,27424,1439,1409,13,1422,8
2021-06-11,El Dorado,017,186661,10389,10316,759,11075,113
2021-06-11,Fresno,019,978130,103101,102770,8638,111408,1720
2021-06-11,Glenn,021,27897,2441,2425,559,2984,19
2021-06-11,Humboldt,023,135768,4399,4389,39,4428,42
2021-06-11,Imperial,025,180216,28707,28793,2690,31483,741
2021-06-11,Inyo,027,18085,1407,1405,12,1417,35
2021-06-11,Kern,029,883053,97654,96718,10945,107663,1340
2021-06-11,Kings,031,150075,23197,23069,1077,24146,245
2021-06-11,Lake,033,64148,3567,3550,9,3559,45
2021-06-11,Lassen,035,31185,5248,5204,114,5318,18
2021-06-11,Los Angeles,037,10098052,1210072,1204259,40565,1244824,24434
2021-06-11,Madera,039,155013,16712,16582,930,17512,240
2021-06-11,Marin,041,260295,14162,14116,260,14376,229
2021-06-11,Mariposa,043,17540,438,434,11,445,5
2021-06-11,Mendocino,045,87422,4104,4022,83,4105,49
2021-06-11,Merced,047,269075,31129,31231,1038,32269,461
2021-06-11,Modoc,049,8938,394,382,139,521,3
2021-06-11,Mono,051,14174,1265,1274,17,1291,3
2021-06-11,Monterey,053,433212,43242,43097,1834,44931,415
2021-06-11,Napa,055,140530,9950,9977,35,10012,80
2021-06-11,Nevada,057,99092,4905,4873,193,5066,72
2021-06-11,Orange,059,3164182,256084,254975,11331,266306,5101
2021-06-11,Placer,061,380077,23589,23330,1513,24843,294
2021-06-11,Plumas,063,18699,713,696,11,707,4
2021-06-11,Riverside,065,2383286,294818,289376,13936,303312,4451
2021-06-11,Sacramento,067,1510023,107339,107119,1777,108896,1659
2021-06-11,San Benito,069,59416,6074,6082,113,6195,63
2021-06-11,San Bernardino,071,2135413,293888,293335,8938,302273,4788
2021-06-11,San Diego,073,3302833,282012,281144,15153,296297,3768
2021-06-11,San Francisco,075,870044,36949,37177,1280,38457,555
2021-06-11,San Joaquin,077,732212,73676,73347,3541,76888,1397
2021-06-11,San Luis Obispo,079,281455,21493,21288,740,22028,256
2021-06-11,San Mateo,081,765935,42522,42585,472,43057,542
2021-06-11,Santa Barbara,083,443738,34534,34438,1118,35556,460
2021-06-11,Santa Clara,085,1922200,119080,119860,757,120617,2083
2021-06-11,Santa Cruz,087,273765,16277,16164,798,16962,208
2021-06-11,Shasta,089,179085,12502,12550,1608,14158,201
2021-06-11,Sierra,091,2930,59,55,12,67,0
2021-06-11,Siskiyou,093,43540,1957,1882,362,2244,25
2021-06-11,Solano,095,438530,33249,33179,556,33735,266
2021-06-11,Sonoma,097,501317,30535,30624,350,30974,323
2021-06-11,Stanislaus,099,539301,56769,56617,5920,62537,974
2021-06-11,Sutter,101,95872,9556,9600,86,9686,112
2021-06-11,Tehama,103,63373,5130,5099,576,5675,63
2021-06-11,Trinity,105,12862,487,331,93,424,3
2021-06-11,Tulare,107,460477,50361,49516,8949,58465,848
2021-06-11,Tuolumne,109,53932,4057,4104,43,4147,63
2021-06-11,Ventura,111,848112,81590,81189,2973,84162,1026
2021-06-11,Yolo,113,214977,14087,14111,247,14358,212
2021-06-11,Yuba,115,75493,6127,6113,129,6242,50
2021-06-10,Alameda,001,1643700,88709,88806,1935,90741,1275
2021-06-10,Alpine,002,1148,87,88,0,88,0
2021-06-10,Amador,005,37829,3719,3709,32,3741,46
2021-06-10,Butte,007,227075,12669,12565,1857,14422,194
2021-06-10,Calaveras,009,45235,2185,2188,13,2201,55
2021-06-10,Colusa,011,21464,1958,1964,315,2279,15
2021-06-10,Contra Costa,013,1133247,70313,69876,1283,71159,807
2021-06-10,Del Norte,015,27424,1439,1405,13,1418,8
2021-06-10,El Dorado,017,186661,10382,10314,755,11069,113
2021-06-10,Fresno,019,978130,103075,102724,8637,111361,1717
2021-06-10,Glenn,021,27897,2441,2425,559,2984,19
2021-06-10,Humboldt,023,135768,4391,4384,39,4423,42
2021-06-10,Imperial,025,180216,28701,28779,2690,31469,739
2021-06-10,Inyo,027,18085,1407,1405,12,1417,35
2021-06-10,Kern,029,883053,97640,96706,10940,107646,1336
2021-06-10,Kings,031,150075,23196,23067,1077,24144,245
2021-06-10,Lake,033,64148,3562,3550,9,3559,45
2021-06-10,Lassen,035,31185,5246,5201,114,5315,18
2021-06-10,Los Angeles,037,10098052,1209906,1204110,40550,1244660,24440
2021-06-10,Madera,039,155013,16705,16581,929,17510,240
2021-06-10,Marin,041,260295,14159,14118,260,14378,229
2021-06-10,Mariposa,043,17540,436,434,11,445,5
2021-06-10,Mendocino,045,87422,4099,4016,83,4099,48
2021-06-10,Merced,047,269075,31121,31231,1035,32266,461
2021-06-10,Modoc,049,8938,393,381,139,520,3
2021-06-10,Mono,051,14174,1264,1274,17,1291,3
2021-06-10,Monterey,053,433212,43236,43090,1834,44924,415
2021-06-10,Napa,055,140530,9949,9974,35,10009,80
2021-06-10,Nevada,057,99092,4900,4866,193,5059,72
2021-06-10,Orange,059,3164182,256055,254950,11324,266274,5097
2021-06-10,Placer,061,380077,23576,23296,1513,24809,293
2021-06-10,Plumas,063,18699,713,696,11,707,4
2021-06-10,Riverside,065,2383286,294776,289335,13931,303266,4450
2021-06-10,Sacramento,067,1510023,107277,107049,1777,108826,1658
2021-06-10,San Benito,069,59416,6074,6079,113,6192,63
2021-06-10,San Bernardino,071,2135413,293847,293281,8935,302216,4782
2021-06-10,San Diego,073,3302833,281954,281052,15136,296188,3766
2021-06-10,San Francisco,075,870044,36939,37159,1278,38437,552
2021-06-10,San Joaquin,077,732212,73642,73276,3540,76816,1393
2021-06-10,San Luis Obispo,079,281455,21490,21280,740,22020,256
2021-06-10,San Mateo,081,765935,42515,42562,472,43034,666
2021-06-10,Santa Barbara,083,443738,34530,34434,1118,35552,460
2021-06-10,Santa Clara,085,1922200,119045,119832,756,120588,2075
2021-06-10,Santa Cruz,087,273765,16276,16159,798,16957,208
2021-06-10,Shasta,089,179085,12492,12536,1608,14144,201
2021-06-10,Sierra,091,2930,58,55,12,67,0
2021-06-10,Siskiyou,093,43540,1957,1881,362,2243,25
2021-06-10,Solano,095,438530,33232,33150,555,33705,265
2021-06-10,Sonoma,097,501317,30499,30571,348,30919,323
2021-06-10,Stanislaus,099,539301,56748,56588,5916,62504,974
2021-06-10,Sutter,101,95872,9549,9594,86,9680,112
2021-06-10,Tehama,103,63373,5130,5096,576,5672,63
2021-06-10,Trinity,105,12862,487,331,93,424,3
2021-06-10,Tulare,107,460477,50353,49503,8949,58452,848
2021-06-10,Tuolumne,109,53932,4057,4100,43,4143,63
2021-06-10,Ventura,111,848112,81579,81172,2972,84144,1026
2021-06-10,Yolo,113,214977,14084,14107,247,14354,212
2021-06-10,Yuba,115,75493,6123,6112,129,6241,50
2021-06-09,Alameda,001,1643700,88665,88762,1934,90696,1271
2021-06-09,Alpine,002,1148,87,88,0,88,0
2021-06-09,Amador,005,37829,3715,3706,32,3738,46
2021-06-09,Butte,007,227075,12663,12555,1855,14410,194
2021-06-09,Calaveras,009,45235,2183,2184,13,2197,55
2021-06-09,Colusa,011,21464,1958,1962,314,2276,15
2021-06-09,Contra Costa,013,1133247,70276,69829,1282,71111,803
2021-06-09,Del Norte,015,27424,1435,1403,13,1416,8
2021-06-09,El Dorado,017,186661,10379,10312,754,11066,113
2021-06-09,Fresno,019,978130,103055,102690,8633,111323,1717
2021-06-09,Glenn,021,27897,2440,2424,559,2983,19
2021-06-09,Humboldt,023,135768,4386,4379,38,4417,42
2021-06-09,Imperial,025,180216,28698,28754,2690,31444,739
2021-06-09,Inyo,027,18085,1407,1405,12,1417,35
2021-06-09,Kern,029,883053,97626,96697,10931,107628,1328
2021-06-09,Kings,031,150075,23194,23061,1077,24138,245
2021-06-09,Lake,033,64148,3559,3541,9,3550,45
2021-06-09,Lassen,035,31185,5245,5200,114,5314,18
2021-06-09,Los Angeles,037,10098052,1209718,1203955,40537,1244492,24432
2021-06-09,Madera,039,155013,16700,16580,929,17509,240
2021-06-09,Marin,041,260295,14154,14114,260,14374,229
2021-06-09,Mariposa,043,17540,436,434,11,445,5
2021-06-09,Mendocino,045,87422,4093,4008,83,4091,47
2021-06-09,Merced,047,269075,31117,31225,1035,32260,461
2021-06-09,Modoc,049,8938,391,377,138,515,3
2021-06-09,Mono,051,14174,1264,1274,17,1291,3
2021-06-09,Monterey,053,433212,43229,43082,1834,44916,415
2021-06-09,Napa,055,140530,9943,9971,35,10006,80
2021-06-09,Nevada,057,99092,4890,4863,192,5055,72
2021-06-09,Orange,059,3164182,256011,254893,11319,266212,5080
2021-06-09,Placer,061,380077,23557,23237,1513,24750,293
2021-06-09,Plumas,063,18699,712,697,11,708,4
2021-06-09,Riverside,065,2383286,294730,289299,13929,303228,4450
2021-06-09,Sacramento,067,1510023,107214,106971,1774,108745,1657
2021-06-09,San Benito,069,59416,6071,6078,113,6191,63
2021-06-09,San Bernardino,071,2135413,293805,293222,8935,302157,4782
2021-06-09,San Diego,073,3302833,281890,280941,15124,296065,3765
2021-06-09,San Francisco,075,870044,36925,37143,1277,38420,552
2021-06-09,San Joaquin,077,732212,73616,73232,3540,76772,1392
2021-06-09,San Luis Obispo,079,281455,21489,21259,740,21999,256
2021-06-09,San Mateo,081,765935,42499,42502,471,42973,666
2021-06-09,Santa Barbara,083,443738,34519,34422,1118,35540,460
2021-06-09,Santa Clara,085,1922200,119008,119793,755,120548,2068
2021-06-09,Santa Cruz,087,273765,16273,16155,798,16953,208
2021-06-09,Shasta,089,179085,12482,12521,1606,14127,201
2021-06-09,Sierra,091,2930,57,55,12,67,0
2021-06-09,Siskiyou,093,43540,1956,1871,362,2233,25
2021-06-09,Solano,095,438530,33216,33137,554,33691,264
2021-06-09,Sonoma,097,501317,30477,30540,348,30888,323
2021-06-09,Stanislaus,099,539301,56728,56560,5913,62473,974
2021-06-09,Sutter,101,95872,9540,9586,85,9671,111
2021-06-09,Tehama,103,63373,5129,5093,576,5669,63
2021-06-09,Trinity,105,12862,486,331,93,424,3
2021-06-09,Tulare,107,460477,50349,49496,8947,58443,847
2021-06-09,Tuolumne,109,53932,4054,4100,43,4143,63
2021-06-09,Ventura,111,848112,81569,81154,2971,84125,1026
2021-06-09,Yolo,113,214977,14082,14102,246,14348,212
2021-06-09,Yuba,115,75493,6119,6109,129,6238,50
2021-06-08,Alameda,001,1643700,88617,88731,1934,90665,1267
2021-06-08,Alpine,002,1148,87,88,0,88,0
2021-06-08,Amador,005,37829,3714,3704,32,3736,46
2021-06-08,Butte,007,227075,12657,12540,1853,14393,194
2021-06-08,Calaveras,009,45235,2182,2181,13,2194,55
2021-06-08,Colusa,011,21464,1958,1961,314,2275,15
2021-06-08,Contra Costa,013,1133247,70228,69762,1281,71043,803
2021-06-08,Del Norte,015,27424,1433,1402,13,1415,8
2021-06-08,El Dorado,017,186661,10374,10306,752,11058,113
2021-06-08,Fresno,019,978130,103030,102680,8631,111311,1717
2021-06-08,Glenn,021,27897,2439,2423,559,2982,19
2021-06-08,Humboldt,023,135768,4381,4363,38,4401,42
2021-06-08,Imperial,025,180216,28689,28752,2690,31442,738
2021-06-08,Inyo,027,18085,1407,1405,12,1417,35
2021-06-08,Kern,029,883053,97607,96671,10924,107595,1325
2021-06-08,Kings,031,150075,23193,23036,1077,24113,245
2021-06-08,Lake,033,64148,3558,3540,9,3549,45
2021-06-08,Lassen,035,31185,5245,5200,114,5314,18
2021-06-08,Los Angeles,037,10098052,1209520,1203794,40525,1244319,24426
2021-06-08,Madera,039,155013,16694,16579,928,17507,240
2021-06-08,Marin,041,260295,14152,14111,259,14370,229
2021-06-08,Mariposa,043,17540,436,434,11,445,5
2021-06-08,Mendocino,045,87422,4086,4002,83,4085,47
2021-06-08,Merced,047,269075,31109,31225,1035,32260,461
2021-06-08,Modoc,049,8938,385,377,137,514,3
2021-06-08,Mono,051,14174,1264,1274,17,1291,3
2021-06-08,Monterey,053,433212,43223,43078,1833,44911,415
2021-06-08,Napa,055,140530,9939,9962,35,9997,80
2021-06-08,Nevada,057,99092,4885,4861,192,5053,72
2021-06-08,Orange,059,3164182,255969,254852,11312,266164,5078
2021-06-08,Placer,061,380077,23539,23209,1509,24718,293
2021-06-08,Plumas,063,18699,712,692,11,703,4
2021-06-08,Riverside,065,2383286,294694,289268,13921,303189,4452
2021-06-08,Sacramento,067,1510023,107152,106901,1771,108672,1654
2021-06-08,San Benito,069,59416,6069,6076,113,6189,63
2021-06-08,San Bernardino,071,2135413,293756,293186,8931,302117,4778
2021-06-08,San Diego,073,3302833,281827,280879,15115,295994,3764
2021-06-08,San Francisco,075,870044,36910,37134,1276,38410,552
2021-06-08,San Joaquin,077,732212,73572,73186,3535,76721,1390
2021-06-08,San Luis Obispo,079,281455,21483,21251,739,21990,255
2021-06-08,San Mateo,081,765935,42486,42488,471,42959,663
2021-06-08,Santa Barbara,083,443738,34515,34418,1118,35536,459
2021-06-08,Santa Clara,085,1922200,118987,119770,754,120524,2068
2021-06-08,Santa Cruz,087,273765,16270,16160,798,16958,208
2021-06-08,Shasta,089,179085,12467,12498,1606,14104,201
2021-06-08,Sierra,091,2930,57,55,12,67,0
2021-06-08,Siskiyou,093,43540,1954,1870,360,2230,21
2021-06-08,Solano,095,438530,33195,33130,554,33684,259
2021-06-08,Sonoma,097,501317,30451,30523,346,30869,323
2021-06-08,Stanislaus,099,539301,56701,56548,5911,62459,973
2021-06-08,Sutter,101,95872,9537,9581,85,9666,111
2021-06-08,Tehama,103,63373,5126,5093,576,5669,63
2021-06-08,Trinity,105,12862,486,330,92,422,3
2021-06-08,Tulare,107,460477,50338,49485,8943,58428,847
2021-06-08,Tuolumne,109,53932,4050,4099,43,4142,63
2021-06-08,Ventura,111,848112,81553,81142,2970,84112,1026
2021-06-08,Yolo,113,214977,14077,14099,245,14344,212
2021-06-08,Yuba,115,75493,6117,6103,129,6232,50
2021-06-07,Alameda,001,1643700,88560,88688,1934,90622,1267
2021-06-07,Alpine,002,1148,87,88,0,88,0
2021-06-07,Amador,005,37829,3704,3697,32,3729,46
2021-06-07,Butte,007,227075,12650,12533,1852,14385,194
2021-06-07,Calaveras,009,45235,2181,2181,13,2194,55
2021-06-07,Colusa,011,21464,1957,1960,314,2274,15
2021-06-07,Contra Costa,013,1133247,70171,69718,1280,70998,817
2021-06-07,Del Norte,015,27424,1433,1401,13,1414,8
2021-06-07,El Dorado,017,186661,10369,10305,752,11057,113
2021-06-07,Fresno,019,978130,102999,102659,8623,111282,1717
2021-06-07,Glenn,021,27897,2439,2423,559,2982,19
2021-06-07,Humboldt,023,135768,4373,4354,38,4392,42
2021-06-07,Imperial,025,180216,28687,28754,2690,31444,738
2021-06-07,Inyo,027,18085,1407,1404,12,1416,35
2021-06-07,Kern,029,883053,97591,96645,10917,107562,1324
2021-06-07,Kings,031,150075,23189,23023,1077,24100,244
2021-06-07,Lake,033,64148,3556,3540,9,3549,45
2021-06-07,Lassen,035,31185,5240,5198,114,5312,18
2021-06-07,Los Angeles,037,10098052,1209296,1203664,40511,1244175,24413
2021-06-07,Madera,039,155013,16687,16572,928,17500,240
2021-06-07,Marin,041,260295,14148,14108,258,14366,229
2021-06-07,Mariposa,043,17540,436,434,11,445,5
2021-06-07,Mendocino,045,87422,4080,3998,83,4081,47
2021-06-07,Merced,047,269075,31097,31212,1034,32246,459
2021-06-07,Modoc,049,8938,384,375,134,509,3
2021-06-07,Mono,051,14174,1264,1275,17,1292,3
2021-06-07,Monterey,053,433212,43216,43077,1833,44910,415
2021-06-07,Napa,055,140530,9931,9962,35,9997,80
2021-06-07,Nevada,057,99092,4883,4860,192,5052,72
2021-06-07,Orange,059,3164182,255929,254808,11304,266112,5073
2021-06-07,Placer,061,380077,23520,23176,1507,24683,293
2021-06-07,Plumas,063,18699,712,692,11,703,4
2021-06-07,Riverside,065,2383286,294651,289232,13917,303149,4451
2021-06-07,Sacramento,067,1510023,107076,106841,1768,108609,1655
2021-06-07,San Benito,069,59416,6068,6074,113,6187,63
2021-06-07,San Bernardino,071,2135413,293718,293129,8930,302059,4775
2021-06-07,San Diego,073,3302833,281745,280808,15102,295910,3764
2021-06-07,San Francisco,075,870044,36892,37122,1276,38398,552
2021-06-07,San Joaquin,077,732212,73527,73130,3528,76658,1388
2021-06-07,San Luis Obispo,079,281455,21470,21252,739,21991,255
2021-06-07,San Mateo,081,765935,42470,42479,471,42950,664
2021-06-07,Santa Barbara,083,443738,34509,34407,1118,35525,459
2021-06-07,Santa Clara,085,1922200,118955,119743,754,120497,2066
2021-06-07,Santa Cruz,087,273765,16269,16159,798,16957,208
2021-06-07,Shasta,089,179085,12453,12483,1601,14084,200
2021-06-07,Sierra,091,2930,57,55,12,67,0
2021-06-07,Siskiyou,093,43540,1954,1869,360,2229,21
2021-06-07,Solano,095,438530,33173,33124,553,33677,258
2021-06-07,Sonoma,097,501317,30415,30504,345,30849,323
2021-06-07,Stanislaus,099,539301,56668,56521,5909,62430,972
2021-06-07,Sutter,101,95872,9533,9571,85,9656,111
2021-06-07,Tehama,103,63373,5122,5092,574,5666,63
2021-06-07,Trinity,105,12862,486,329,92,421,3
2021-06-07,Tulare,107,460477,50331,49471,8943,58414,847
2021-06-07,Tuolumne,109,53932,4049,4098,43,4141,63
2021-06-07,Ventura,111,848112,81536,81137,2968,84105,1025
2021-06-07,Yolo,113,214977,14072,14097,244,14341,211
2021-06-07,Yuba,115,75493,6115,6099,126,6225,49
2021-06-06,Alameda,001,1643700,88522,88636,1933,90569,1267
2021-06-06,Alpine,002,1148,87,88,0,88,0
2021-06-06,Amador,005,37829,3701,3696,32,3728,46
2021-06-06,Butte,007,227075,12639,12527,1851,14378,194
2021-06-06,Calaveras,009,45235,2180,2181,13,2194,55
2021-06-06,Colusa,011,21464,1955,1959,314,2273,15
2021-06-06,Contra Costa,013,1133247,70106,69659,1278,70937,817
2021-06-06,Del Norte,015,27424,1428,1401,13,1414,8
2021-06-06,El Dorado,017,186661,10362,10294,752,11046,113
2021-06-06,Fresno,019,978130,102966,102642,8620,111262,1717
2021-06-06,Glenn,021,27897,2438,2423,559,2982,19
2021-06-06,Humboldt,023,135768,4362,4353,38,4391,42
2021-06-06,Imperial,025,180216,28681,28762,2690,31452,738
2021-06-06,Inyo,027,18085,1406,1404,12,1416,35
2021-06-06,Kern,029,883053,97573,96623,10910,107533,1324
2021-06-06,Kings,031,150075,23183,23021,1077,24098,244
2021-06-06,Lake,033,64148,3556,3535,9,3544,45
2021-06-06,Lassen,035,31185,5238,5191,114,5305,18
2021-06-06,Los Angeles,037,10098052,1209097,1203539,40497,1244036,24410
2021-06-06,Madera,039,155013,16680,16567,928,17495,240
2021-06-06,Marin,041,260295,14142,14106,257,14363,229
2021-06-06,Mariposa,043,17540,435,435,11,446,5
2021-06-06,Mendocino,045,87422,4076,3993,83,4076,47
2021-06-06,Merced,047,269075,31091,31215,1033,32248,459
2021-06-06,Modoc,049,8938,384,375,133,508,3
2021-06-06,Mono,051,14174,1264,1275,17,1292,3
2021-06-06,Monterey,053,433212,43211,43078,1833,44911,415
2021-06-06,Napa,055,140530,9925,9963,35,9998,80
2021-06-06,Nevada,057,99092,4876,4854,191,5045,72
2021-06-06,Orange,059,3164182,255893,254782,11299,266081,5073
2021-06-06,Placer,061,380077,23495,23156,1504,24660,293
2021-06-06,Plumas,063,18699,712,692,11,703,4
2021-06-06,Riverside,065,2383286,294612,289201,13911,303112,4451
2021-06-06,Sacramento,067,1510023,106990,106749,1767,108516,1655
2021-06-06,San Benito,069,59416,6062,6074,113,6187,63
2021-06-06,San Bernardino,071,2135413,293661,293117,8921,302038,4773
2021-06-06,San Diego,073,3302833,281665,280743,15085,295828,3764
2021-06-06,San Francisco,075,870044,36877,37118,1274,38392,552
2021-06-06,San Joaquin,077,732212,73495,73105,3524,76629,1388
2021-06-06,San Luis Obispo,079,281455,21467,21246,739,21985,255
2021-06-06,San Mateo,081,765935,42453,42457,471,42928,664
2021-06-06,Santa Barbara,083,443738,34505,34403,1117,35520,459
2021-06-06,Santa Clara,085,1922200,118933,119711,754,120465,2066
2021-06-06,Santa Cruz,087,273765,16268,16158,798,16956,208
2021-06-06,Shasta,089,179085,12438,12478,1598,14076,200
2021-06-06,Sierra,091,2930,57,55,12,67,0
2021-06-06,Siskiyou,093,43540,1951,1869,360,2229,21
2021-06-06,Solano,095,438530,33146,33093,553,33646,258
2021-06-06,Sonoma,097,501317,30383,30478,344,30822,323
2021-06-06,Stanislaus,099,539301,56632,56486,5906,62392,972
2021-06-06,Sutter,101,95872,9526,9567,85,9652,111
2021-06-06,Tehama,103,63373,5112,5092,572,5664,63
2021-06-06,Trinity,105,12862,486,328,92,420,3
2021-06-06,Tulare,107,460477,50322,49466,8938,58404,847
2021-06-06,Tuolumne,109,53932,4046,4097,43,4140,63
2021-06-06,Ventura,111,848112,81525,81130,2965,84095,1025
2021-06-06,Yolo,113,214977,14064,14089,243,14332,210
2021-06-06,Yuba,115,75493,6107,6096,126,6222,49
2021-06-05,Alameda,001,1643700,88489,88612,1933,90545,1268
2021-06-05,Alpine,002,1148,87,88,0,88,0
2021-06-05,Amador,005,37829,3701,3694,32,3726,46
2021-06-05,Butte,007,227075,12633,12514,1850,14364,194
2021-06-05,Calaveras,009,45235,2180,2181,13,2194,55
2021-06-05,Colusa,011,21464,1955,1959,314,2273,15
2021-06-05,Contra Costa,013,1133247,70077,69601,1278,70879,817
2021-06-05,Del Norte,015,27424,1428,1400,13,1413,8
2021-06-05,El Dorado,017,186661,10360,10288,751,11039,113
2021-06-05,Fresno,019,978130,102957,102626,8620,111246,1717
2021-06-05,Glenn,021,27897,2437,2423,559,2982,19
2021-06-05,Humboldt,023,135768,4357,4346,38,4384,42
2021-06-05,Imperial,025,180216,28678,28764,2690,31454,738
2021-06-05,Inyo,027,18085,1406,1405,12,1417,35
2021-06-05,Kern,029,883053,97560,96597,10906,107503,1324
2021-06-05,Kings,031,150075,23180,23017,1077,24094,244
2021-06-05,Lake,033,64148,3553,3534,9,3543,45
2021-06-05,Lassen,035,31185,5237,5191,114,5305,18
2021-06-05,Los Angeles,037,10098052,1208968,1203338,40486,1243824,24411
2021-06-05,Madera,039,155013,16676,16563,928,17491,240
2021-06-05,Marin,041,260295,14140,14101,257,14358,229
2021-06-05,Mariposa,043,17540,435,435,11,446,5
2021-06-05,Mendocino,045,87422,4073,3989,83,4072,47
2021-06-05,Merced,047,269075,31089,31212,1032,32244,459
2021-06-05,Modoc,049,8938,384,375,132,507,3
2021-06-05,Mono,051,14174,1264,1274,17,1291,3
2021-06-05,Monterey,053,433212,43207,43071,1832,44903,415
2021-06-05,Napa,055,140530,9920,9960,35,9995,80
2021-06-05,Nevada,057,99092,4874,4849,191,5040,72
2021-06-05,Orange,059,3164182,255869,254752,11296,266048,5069
2021-06-05,Placer,061,380077,23479,23133,1504,24637,293
2021-06-05,Plumas,063,18699,712,692,11,703,4
2021-06-05,Riverside,065,2383286,294577,289157,13907,303064,4451
2021-06-05,Sacramento,067,1510023,106938,106688,1765,108453,1655
2021-06-05,San Benito,069,59416,6060,6074,113,6187,63
2021-06-05,San Bernardino,071,2135413,293628,293081,8920,302001,4772
2021-06-05,San Diego,073,3302833,281624,280676,15072,295748,3764
2021-06-05,San Francisco,075,870044,36868,37111,1274,38385,552
2021-06-05,San Joaquin,077,732212,73479,73078,3518,76596,1388
2021-06-05,San Luis Obispo,079,281455,21464,21236,739,21975,255
2021-06-05,San Mateo,081,765935,42443,42433,471,42904,664
2021-06-05,Santa Barbara,083,443738,34502,34399,1116,35515,459
2021-06-05,Santa Clara,085,1922200,118911,119676,752,120428,2066
2021-06-05,Santa Cruz,087,273765,16268,16154,798,16952,208
2021-06-05,Shasta,089,179085,12428,12472,1597,14069,200
2021-06-05,Sierra,091,2930,57,55,12,67,0
2021-06-05,Siskiyou,093,43540,1951,1867,360,2227,21
2021-06-05,Solano,095,438530,33131,33074,553,33627,257
2021-06-05,Sonoma,097,501317,30356,30450,342,30792,323
2021-06-05,Stanislaus,099,539301,56623,56463,5904,62367,973
2021-06-05,Sutter,101,95872,9523,9559,85,9644,111
2021-06-05,Tehama,103,63373,5111,5092,571,5663,63
2021-06-05,Trinity,105,12862,486,328,92,420,3
2021-06-05,Tulare,107,460477,50316,49463,8938,58401,847
2021-06-05,Tuolumne,109,53932,4044,4098,43,4141,63
2021-06-05,Ventura,111,848112,81516,81119,2963,84082,1025
2021-06-05,Yolo,113,214977,14062,14088,243,14331,210
2021-06-05,Yuba,115,75493,6106,6087,126,6213,49
2021-06-04,Alameda,001,1643700,88462,88585,1930,90515,1263
2021-06-04,Alpine,002,1148,87,88,0,88,0
2021-06-04,Amador,005,37829,3701,3690,32,3722,46
2021-06-04,Butte,007,227075,12622,12494,1847,14341,193
2021-06-04,Calaveras,009,45235,2180,2179,13,2192,55
2021-06-04,Colusa,011,21464,1955,1959,314,2273,15
2021-06-04,Contra Costa,013,1133247,70042,69540,1275,70815,816
2021-06-04,Del Norte,015,27424,1428,1398,13,1411,8
2021-06-04,El Dorado,017,186661,10356,10284,749,11033,112
2021-06-04,Fresno,019,978130,102941,102601,8620,111221,1712
2021-06-04,Glenn,021,27897,2437,2423,558,2981,19
2021-06-04,Humboldt,023,135768,4352,4327,38,4365,42
2021-06-04,Imperial,025,180216,28674,28753,2690,31443,738
2021-06-04,Inyo,027,18085,1406,1404,12,1416,35
2021-06-04,Kern,029,883053,97542,96573,10904,107477,1327
2021-06-04,Kings,031,150075,23179,23002,1077,24079,244
2021-06-04,Lake,033,64148,3551,3528,9,3537,45
2021-06-04,Lassen,035,31185,5237,5180,114,5294,18
2021-06-04,Los Angeles,037,10098052,1208847,1203106,40477,1243583,24400
2021-06-04,Madera,039,155013,16674,16557,928,17485,240
2021-06-04,Marin,041,260295,14139,14099,256,14355,229
2021-06-04,Mariposa,043,17540,435,435,11,446,5
2021-06-04,Mendocino,045,87422,4064,3983,83,4066,47
2021-06-04,Merced,047,269075,31084,31204,1031,32235,459
2021-06-04,Modoc,049,8938,382,375,132,507,3
2021-06-04,Mono,051,14174,1264,1275,17,1292,3
2021-06-04,Monterey,053,433212,43203,43068,1832,44900,415
2021-06-04,Napa,055,140530,9916,9958,35,9993,80
2021-06-04,Nevada,057,99092,4870,4844,191,5035,72
2021-06-04,Orange,059,3164182,255832,254730,11292,266022,5059
2021-06-04,Placer,061,380077,23463,23110,1503,24613,293
2021-06-04,Plumas,063,18699,712,691,11,702,4
2021-06-04,Riverside,065,2383286,294551,289098,13903,303001,4452
2021-06-04,Sacramento,067,1510023,106884,106616,1764,108380,1654
2021-06-04,San Benito,069,59416,6058,6073,113,6186,63
2021-06-04,San Bernardino,071,2135413,293604,293056,8918,301974,4768
2021-06-04,San Diego,073,3302833,281581,280556,15065,295621,3763
2021-06-04,San Francisco,075,870044,36861,37079,1273,38352,551
2021-06-04,San Joaquin,077,732212,73460,73039,3516,76555,1388
2021-06-04,San Luis Obispo,079,281455,21461,21234,738,21972,255
2021-06-04,San Mateo,081,765935,42431,42413,471,42884,478
2021-06-04,Santa Barbara,083,443738,34496,34402,1115,35517,459
2021-06-04,Santa Clara,085,1922200,118881,119619,752,120371,2065
2021-06-04,Santa Cruz,087,273765,16265,16150,798,16948,207
2021-06-04,Shasta,089,179085,12422,12458,1592,14050,200
2021-06-04,Sierra,091,2930,57,55,12,67,0
2021-06-04,Siskiyou,093,43540,1950,1865,360,2225,21
2021-06-04,Solano,095,438530,33120,33058,553,33611,256
2021-06-04,Sonoma,097,501317,30335,30411,342,30753,323
2021-06-04,Stanislaus,099,539301,56608,56442,5902,62344,973
2021-06-04,Sutter,101,95872,9518,9554,85,9639,111
2021-06-04,Tehama,103,63373,5106,5090,571,5661,63
2021-06-04,Trinity,105,12862,486,328,92,420,3
2021-06-04,Tulare,107,460477,50307,49452,8936,58388,847
2021-06-04,Tuolumne,109,53932,4043,4095,43,4138,63
2021-06-04,Ventura,111,848112,81509,81104,2961,84065,1023
2021-06-04,Yolo,113,214977,14060,14083,243,14326,210
2021-06-04,Yuba,115,75493,6103,6084,126,6210,49
2021-06-03,Alameda,001,1643700,88424,88555,1927,90482,1257
2021-06-03,Alpine,002,1148,87,88,0,88,0
2021-06-03,Amador,005,37829,3693,3688,32,3720,46
2021-06-03,Butte,007,227075,12618,12478,1846,14324,193
2021-06-03,Calaveras,009,45235,2180,2179,13,2192,55
2021-06-03,Colusa,011,21464,1955,1957,314,2271,15
2021-06-03,Contra Costa,013,1133247,69988,69500,1270,70770,816
2021-06-03,Del Norte,015,27424,1426,1397,13,1410,8
2021-06-03,El Dorado,017,186661,10350,10284,746,11030,112
2021-06-03,Fresno,019,978130,102924,102566,8620,111186,1709
2021-06-03,Glenn,021,27897,2437,2421,558,2979,19
2021-06-03,Humboldt,023,135768,4344,4314,38,4352,42
2021-06-03,Imperial,025,180216,28663,28737,2690,31427,738
2021-06-03,Inyo,027,18085,1406,1404,12,1416,35
2021-06-03,Kern,029,883053,97515,96507,10890,107397,1326
2021-06-03,Kings,031,150075,23175,22982,1077,24059,244
2021-06-03,Lake,033,64148,3549,3526,9,3535,45
2021-06-03,Lassen,035,31185,5228,5177,114,5291,12
2021-06-03,Los Angeles,037,10098052,1208676,1202923,40469,1243392,24386
2021-06-03,Madera,039,155013,16667,16554,928,17482,240
2021-06-03,Marin,041,260295,14134,14095,256,14351,230
2021-06-03,Mariposa,043,17540,435,435,11,446,5
2021-06-03,Mendocino,045,87422,4057,3978,83,4061,47
2021-06-03,Merced,047,269075,31081,31199,1031,32230,459
2021-06-03,Modoc,049,8938,381,376,131,507,3
2021-06-03,Mono,051,14174,1264,1275,17,1292,3
2021-06-03,Monterey,053,433212,43200,43063,1832,44895,415
2021-06-03,Napa,055,140530,9909,9957,35,9992,81
2021-06-03,Nevada,057,99092,4866,4837,191,5028,72
2021-06-03,Orange,059,3164182,255804,254676,11282,265958,5056
2021-06-03,Placer,061,380077,23454,23100,1502,24602,293
2021-06-03,Plumas,063,18699,712,691,11,702,4
2021-06-03,Riverside,065,2383286,294496,289035,13899,302934,4447
2021-06-03,Sacramento,067,1510023,106805,106526,1762,108288,1654
2021-06-03,San Benito,069,59416,6058,6073,113,6186,63
2021-06-03,San Bernardino,071,2135413,293573,293021,8918,301939,4762
2021-06-03,San Diego,073,3302833,281517,280430,15055,295485,3761
2021-06-03,San Francisco,075,870044,36854,37072,1273,38345,551
2021-06-03,San Joaquin,077,732212,73432,72989,3512,76501,1388
2021-06-03,San Luis Obispo,079,281455,21456,21224,738,21962,255
2021-06-03,San Mateo,081,765935,42418,42396,471,42867,467
2021-06-03,Santa Barbara,083,443738,34493,34391,1115,35506,459
2021-06-03,Santa Clara,085,1922200,118859,119592,750,120342,2058
2021-06-03,Santa Cruz,087,273765,16263,16144,798,16942,207
2021-06-03,Shasta,089,179085,12407,12441,1589,14030,199
2021-06-03,Sierra,091,2930,57,55,12,67,0
2021-06-03,Siskiyou,093,43540,1950,1862,359,2221,21
2021-06-03,Solano,095,438530,33106,33019,553,33572,256
2021-06-03,Sonoma,097,501317,30313,30383,341,30724,322
2021-06-03,Stanislaus,099,539301,56589,56401,5896,62297,973
2021-06-03,Sutter,101,95872,9509,9539,85,9624,111
2021-06-03,Tehama,103,63373,5106,5087,571,5658,63
2021-06-03,Trinity,105,12862,486,328,92,420,3
2021-06-03,Tulare,107,460477,50304,49442,8932,58374,848
2021-06-03,Tuolumne,109,53932,4041,4095,43,4138,63
2021-06-03,Ventura,111,848112,81497,81078,2959,84037,1023
2021-06-03,Yolo,113,214977,14056,14078,241,14319,210
2021-06-03,Yuba,115,75493,6096,6077,126,6203,49
2021-06-02,Alameda,001,1643700,88379,88525,1925,90450,1254
2021-06-02,Alpine,002,1148,87,88,0,88,0
2021-06-02,Amador,005,37829,3691,3687,32,3719,46
2021-06-02,Butte,007,227075,12598,12432,1844,14276,193
2021-06-02,Calaveras,009,45235,2177,2174,13,2187,55
2021-06-02,Colusa,011,21464,1954,1957,314,2271,15
2021-06-02,Contra Costa,013,1133247,69937,69455,1268,70723,814
2021-06-02,Del Norte,015,27424,1424,1395,13,1408,8
2021-06-02,El Dorado,017,186661,10346,10275,746,11021,110
2021-06-02,Fresno,019,978130,102900,102547,8617,111164,1707
2021-06-02,Glenn,021,27897,2437,2421,558,2979,19
2021-06-02,Humboldt,023,135768,4329,4302,38,4340,42
2021-06-02,Imperial,025,180216,28657,28737,2689,31426,738
2021-06-02,Inyo,027,18085,1405,1403,12,1415,35
2021-06-02,Kern,029,883053,97488,96481,10883,107364,1326
2021-06-02,Kings,031,150075,23173,22981,1076,24057,244
2021-06-02,Lake,033,64148,3544,3522,9,3531,45
2021-06-02,Lassen,035,31185,5227,5177,114,5291,6
2021-06-02,Los Angeles,037,10098052,1208472,1202760,40460,1243220,24375
2021-06-02,Madera,039,155013,16659,16550,928,17478,240
2021-06-02,Marin,041,260295,14132,14091,255,14346,229
2021-06-02,Mariposa,043,17540,435,434,11,445,5
2021-06-02,Mendocino,045,87422,4051,3970,83,4053,47
2021-06-02,Merced,047,269075,31068,31195,1030,32225,458
2021-06-02,Modoc,049,8938,380,375,130,505,3
2021-06-02,Mono,051,14174,1264,1275,17,1292,3
2021-06-02,Monterey,053,433212,43198,43056,1832,44888,380
2021-06-02,Napa,055,140530,9908,9953,35,9988,82
2021-06-02,Nevada,057,99092,4863,4833,191,5024,72
2021-06-02,Orange,059,3164182,255755,254637,11275,265912,5055
2021-06-02,Placer,061,380077,23433,23058,1500,24558,293
2021-06-02,Plumas,063,18699,712,690,11,701,4
2021-06-02,Riverside,065,2383286,294438,289012,13889,302901,4445
2021-06-02,Sacramento,067,1510023,106740,106435,1756,108191,1649
2021-06-02,San Benito,069,59416,6057,6073,113,6186,63
2021-06-02,San Bernardino,071,2135413,293525,293004,8913,301917,4760
2021-06-02,San Diego,073,3302833,281437,280347,15034,295381,3760
2021-06-02,San Francisco,075,870044,36834,37050,1272,38322,550
2021-06-02,San Joaquin,077,732212,73401,72893,3509,76402,1387
2021-06-02,San Luis Obispo,079,281455,21449,21214,737,21951,255
2021-06-02,San Mateo,081,765935,42408,42383,470,42853,464
2021-06-02,Santa Barbara,083,443738,34486,34381,1115,35496,456
2021-06-02,Santa Clara,085,1922200,118831,119553,749,120302,2058
2021-06-02,Santa Cruz,087,273765,16260,16144,798,16942,207
2021-06-02,Shasta,089,179085,12389,12426,1584,14010,199
2021-06-02,Sierra,091,2930,57,55,12,67,0
2021-06-02,Siskiyou,093,43540,1950,1861,357,2218,21
2021-06-02,Solano,095,438530,33094,33007,552,33559,256
2021-06-02,Sonoma,097,501317,30294,30359,336,30695,322
2021-06-02,Stanislaus,099,539301,56570,56377,5891,62268,973
2021-06-02,Sutter,101,95872,9506,9533,85,9618,111
2021-06-02,Tehama,103,63373,5103,5081,571,5652,63
2021-06-02,Trinity,105,12862,484,328,92,420,3
2021-06-02,Tulare,107,460477,50296,49434,8928,58362,846
2021-06-02,Tuolumne,109,53932,4040,4095,43,4138,63
2021-06-02,Ventura,111,848112,81472,81033,2959,83992,1020
2021-06-02,Yolo,113,214977,14053,14074,240,14314,210
2021-06-02,Yuba,115,75493,6090,6072,126,6198,48
2021-06-01,Alameda,001,1643700,88344,88472,1923,90395,1253
2021-06-01,Alpine,002,1148,87,88,0,88,0
2021-06-01,Amador,005,37829,3689,3687,32,3719,46
2021-06-01,Butte,007,227075,12584,12427,1843,14270,193
2021-06-01,Calaveras,009,45235,2175,2173,13,2186,55
2021-06-01,Colusa,011,21464,1953,1955,313,2268,15
2021-06-01,Contra Costa,013,1133247,69879,69404,1268,70672,813
2021-06-01,Del Norte,015,27424,1423,1394,13,1407,8
2021-06-01,El Dorado,017,186661,10340,10271,746,11017,110
2021-06-01,Fresno,019,978130,102876,102534,8614,111148,1706
2021-06-01,Glenn,021,27897,2437,2422,558,2980,18
2021-06-01,Humboldt,023,135768,4319,4299,38,4337,42
2021-06-01,Imperial,025,180216,28653,28722,2687,31409,736
2021-06-01,Inyo,027,18085,1405,1403,12,1415,35
2021-06-01,Kern,029,883053,97461,96477,10875,107352,1319
2021-06-01,Kings,031,150075,23169,22977,1076,24053,244
2021-06-01,Lake,033,64148,3543,3523,9,3532,45
2021-06-01,Lassen,035,31185,5220,5172,114,5286,6
2021-06-01,Los Angeles,037,10098052,1208236,1202673,40446,1243119,24367
2021-06-01,Madera,039,155013,16650,16549,927,17476,240
2021-06-01,Marin,041,260295,14130,14081,255,14336,229
2021-06-01,Mariposa,043,17540,435,431,11,442,5
2021-06-01,Mendocino,045,87422,4044,3966,83,4049,47
2021-06-01,Merced,047,269075,31058,31195,1030,32225,456
2021-06-01,Modoc,049,8938,378,375,130,505,3
2021-06-01,Mono,051,14174,1264,1275,17,1292,3
2021-06-01,Monterey,053,433212,43192,43051,1832,44883,379
2021-06-01,Napa,055,140530,9906,9949,35,9984,82
2021-06-01,Nevada,057,99092,4858,4825,191,5016,72
2021-06-01,Orange,059,3164182,255719,254603,11266,265869,5051
2021-06-01,Placer,061,380077,23403,23021,1498,24519,293
2021-06-01,Plumas,063,18699,711,690,11,701,4
2021-06-01,Riverside,065,2383286,294385,288996,13883,302879,4442
2021-06-01,Sacramento,067,1510023,106668,106330,1754,108084,1644
2021-06-01,San Benito,069,59416,6056,6073,112,6185,63
2021-06-01,San Bernardino,071,2135413,293500,292990,8912,301902,4758
2021-06-01,San Diego,073,3302833,281333,280305,15017,295322,3756
2021-06-01,San Francisco,075,870044,36818,37031,1272,38303,550
2021-06-01,San Joaquin,077,732212,73369,72858,3508,76366,1383
2021-06-01,San Luis Obispo,079,281455,21444,21217,737,21954,256
2021-06-01,San Mateo,081,765935,42392,42383,469,42852,462
2021-06-01,Santa Barbara,083,443738,34482,34374,1115,35489,456
2021-06-01,Santa Clara,085,1922200,118803,119528,749,120277,2057
2021-06-01,Santa Cruz,087,273765,16256,16143,797,16940,207
2021-06-01,Shasta,089,179085,12380,12409,1579,13988,199
2021-06-01,Sierra,091,2930,57,55,12,67,0
2021-06-01,Siskiyou,093,43540,1943,1860,356,2216,21
2021-06-01,Solano,095,438530,33069,32974,551,33525,256
2021-06-01,Sonoma,097,501317,30255,30324,335,30659,322
2021-06-01,Stanislaus,099,539301,56553,56348,5889,62237,973
2021-06-01,Sutter,101,95872,9499,9528,85,9613,111
2021-06-01,Tehama,103,63373,5101,5079,571,5650,63
2021-06-01,Trinity,105,12862,483,328,91,419,3
2021-06-01,Tulare,107,460477,50288,49419,8924,58343,845
2021-06-01,Tuolumne,109,53932,4040,4094,43,4137,63
2021-06-01,Ventura,111,848112,81456,81018,2958,83976,1021
2021-06-01,Yolo,113,214977,14047,14067,240,14307,210
2021-06-01,Yuba,115,75493,6086,6067,126,6193,48
2021-05-31,Alameda,001,1643700,88308,88458,1919,90377,1253
2021-05-31,Alpine,002,1148,87,88,0,88,0
2021-05-31,Amador,005,37829,3683,3687,32,3719,46
2021-05-31,Butte,007,227075,12571,12429,1843,14272,193
2021-05-31,Calaveras,009,45235,2174,2171,13,2184,55
2021-05-31,Colusa,011,21464,1953,1956,312,2268,15
2021-05-31,Contra Costa,013,1133247,69842,69390,1267,70657,813
2021-05-31,Del Norte,015,27424,1420,1394,13,1407,8
2021-05-31,El Dorado,017,186661,10334,10271,744,11015,110
2021-05-31,Fresno,019,978130,102839,102507,8614,111121,1706
2021-05-31,Glenn,021,27897,2436,2422,557,2979,18
2021-05-31,Humboldt,023,135768,4307,4295,38,4333,42
2021-05-31,Imperial,025,180216,28647,28732,2684,31416,736
2021-05-31,Inyo,027,18085,1404,1403,12,1415,35
2021-05-31,Kern,029,883053,97425,96457,10866,107323,1319
2021-05-31,Kings,031,150075,23165,22977,1076,24053,244
2021-05-31,Lake,033,64148,3538,3523,9,3532,45
2021-05-31,Lassen,035,31185,5218,5172,113,5285,6
2021-05-31,Los Angeles,037,10098052,1207993,1202567,40437,1243004,24364
2021-05-31,Madera,039,155013,16649,16543,926,17469,240
2021-05-31,Marin,041,260295,14128,14080,255,14335,229
2021-05-31,Mariposa,043,17540,435,430,11,441,5
2021-05-31,Mendocino,045,87422,4034,3961,83,4044,47
2021-05-31,Merced,047,269075,31053,31194,1030,32224,456
2021-05-31,Modoc,049,8938,377,374,130,504,3
2021-05-31,Mono,051,14174,1264,1275,17,1292,3
2021-05-31,Monterey,053,433212,43188,43051,1832,44883,379
2021-05-31,Napa,055,140530,9899,9948,35,9983,82
2021-05-31,Nevada,057,99092,4848,4823,190,5013,72
2021-05-31,Orange,059,3164182,255691,254572,11258,265830,5051
2021-05-31,Placer,061,380077,23376,23019,1494,24513,293
2021-05-31,Plumas,063,18699,710,690,11,701,4
2021-05-31,Riverside,065,2383286,294328,288970,13871,302841,4442
2021-05-31,Sacramento,067,1510023,106571,106278,1749,108027,1644
2021-05-31,San Benito,069,59416,6056,6072,112,6184,63
2021-05-31,San Bernardino,071,2135413,293452,292973,8911,301884,4758
2021-05-31,San Diego,073,3302833,281229,280254,15005,295259,3756
2021-05-31,San Francisco,075,870044,36803,37022,1271,38293,550
2021-05-31,San Joaquin,077,732212,73320,72856,3502,76358,1383
2021-05-31,San Luis Obispo,079,281455,21436,21215,737,21952,256
2021-05-31,San Mateo,081,765935,42376,42389,469,42858,442
2021-05-31,Santa Barbara,083,443738,34469,34369,1113,35482,456
2021-05-31,Santa Clara,085,1922200,118759,119515,749,120264,2057
2021-05-31,Santa Cruz,087,273765,16253,16139,797,16936,207
2021-05-31,Shasta,089,179085,12364,12408,1576,13984,199
2021-05-31,Sierra,091,2930,57,55,12,67,0
2021-05-31,Siskiyou,093,43540,1942,1856,355,2211,21
2021-05-31,Solano,095,438530,33019,32973,551,33524,256
2021-05-31,Sonoma,097,501317,30212,30314,335,30649,322
2021-05-31,Stanislaus,099,539301,56512,56335,5886,62221,973
2021-05-31,Sutter,101,95872,9480,9523,85,9608,111
2021-05-31,Tehama,103,63373,5098,5076,570,5646,63
2021-05-31,Trinity,105,12862,483,328,91,419,3
2021-05-31,Tulare,107,460477,50277,49404,8919,58323,845
2021-05-31,Tuolumne,109,53932,4038,4095,43,4138,63
2021-05-31,Ventura,111,848112,81441,81017,2955,83972,1021
2021-05-31,Yolo,113,214977,14043,14064,240,14304,210
2021-05-31,Yuba,115,75493,6080,6063,123,6186,48
2021-05-30,Alameda,001,1643700,88285,88429,1919,90348,1253
2021-05-30,Alpine,002,1148,87,88,0,88,0
2021-05-30,Amador,005,37829,3679,3685,32,3717,46
2021-05-30,Butte,007,227075,12563,12427,1841,14268,190
2021-05-30,Calaveras,009,45235,2170,2166,13,2179,55
2021-05-30,Colusa,011,21464,1953,1954,312,2266,15
2021-05-30,Contra Costa,013,1133247,69808,69381,1265,70646,813
2021-05-30,Del Norte,015,27424,1419,1393,13,1406,8
2021-05-30,El Dorado,017,186661,10331,10271,744,11015,110
2021-05-30,Fresno,019,978130,102822,102499,8610,111109,1706
2021-05-30,Glenn,021,27897,2436,2422,556,2978,18
2021-05-30,Humboldt,023,135768,4299,4291,38,4329,42
2021-05-30,Imperial,025,180216,28643,28732,2683,31415,736
2021-05-30,Inyo,027,18085,1404,1403,12,1415,35
2021-05-30,Kern,029,883053,97409,96443,10863,107306,1319
2021-05-30,Kings,031,150075,23164,22974,1076,24050,244
2021-05-30,Lake,033,64148,3538,3517,9,3526,45
2021-05-30,Lassen,035,31185,5216,5171,113,5284,6
2021-05-30,Los Angeles,037,10098052,1207878,1202425,40430,1242855,24360
2021-05-30,Madera,039,155013,16645,16538,926,17464,240
2021-05-30,Marin,041,260295,14124,14083,254,14337,229
2021-05-30,Mariposa,043,17540,435,430,11,441,5
2021-05-30,Mendocino,045,87422,4027,3955,83,4038,47
2021-05-30,Merced,047,269075,31049,31189,1029,32218,456
2021-05-30,Modoc,049,8938,377,374,130,504,3
2021-05-30,Mono,051,14174,1264,1275,17,1292,3
2021-05-30,Monterey,053,433212,43185,43049,1832,44881,379
2021-05-30,Napa,055,140530,9898,9948,35,9983,82
2021-05-30,Nevada,057,99092,4842,4818,190,5008,72
2021-05-30,Orange,059,3164182,255668,254559,11257,265816,5051
2021-05-30,Placer,061,380077,23370,23016,1494,24510,293
2021-05-30,Plumas,063,18699,708,690,11,701,4
2021-05-30,Riverside,065,2383286,294307,288961,13869,302830,4442
2021-05-30,Sacramento,067,1510023,106526,106252,1747,107999,1644
2021-05-30,San Benito,069,59416,6056,6072,112,6184,63
2021-05-30,San Bernardino,071,2135413,293426,292981,8910,301891,4758
2021-05-30,San Diego,073,3302833,281173,280209,15000,295209,3756
2021-05-30,San Francisco,075,870044,36784,37016,1271,38287,550
2021-05-30,San Joaquin,077,732212,73303,72853,3501,76354,1383
2021-05-30,San Luis Obispo,079,281455,21427,21211,736,21947,256
2021-05-30,San Mateo,081,765935,42368,42386,469,42855,439
2021-05-30,Santa Barbara,083,443738,34465,34369,1113,35482,456
2021-05-30,Santa Clara,085,1922200,118737,119510,745,120255,2057
2021-05-30,Santa Cruz,087,273765,16251,16140,797,16937,207
2021-05-30,Shasta,089,179085,12362,12408,1573,13981,199
2021-05-30,Sierra,091,2930,57,55,12,67,0
2021-05-30,Siskiyou,093,43540,1942,1856,355,2211,21
2021-05-30,Solano,095,438530,33008,32952,550,33502,256
2021-05-30,Sonoma,097,501317,30195,30310,334,30644,322
2021-05-30,Stanislaus,099,539301,56501,56323,5885,62208,973
2021-05-30,Sutter,101,95872,9479,9519,84,9603,111
2021-05-30,Tehama,103,63373,5098,5073,570,5643,63
2021-05-30,Trinity,105,12862,483,328,91,419,3
2021-05-30,Tulare,107,460477,50270,49397,8911,58308,845
2021-05-30,Tuolumne,109,53932,4038,4094,43,4137,63
2021-05-30,Ventura,111,848112,81437,81012,2954,83966,1021
2021-05-30,Yolo,113,214977,14038,14059,239,14298,210
2021-05-30,Yuba,115,75493,6073,6063,122,6185,48
2021-05-29,Alameda,001,1643700,88262,88433,1917,90350,1253
2021-05-29,Alpine,002,1148,87,88,0,88,0
2021-05-29,Amador,005,37829,3678,3683,32,3715,46
2021-05-29,Butte,007,227075,12557,12425,1841,14266,190
2021-05-29,Calaveras,009,45235,2169,2166,13,2179,55
2021-05-29,Colusa,011,21464,1950,1954,312,2266,15
2021-05-29,Contra Costa,013,1133247,69775,69351,1265,70616,813
2021-05-29,Del Norte,015,27424,1419,1391,13,1404,8
2021-05-29,El Dorado,017,186661,10330,10269,742,11011,110
2021-05-29,Fresno,019,978130,102810,102470,8607,111077,1706
2021-05-29,Glenn,021,27897,2436,2422,555,2977,18
2021-05-29,Humboldt,023,135768,4293,4283,38,4321,42
2021-05-29,Imperial,025,180216,28640,28729,2682,31411,736
2021-05-29,Inyo,027,18085,1404,1404,12,1416,35
2021-05-29,Kern,029,883053,97398,96424,10850,107274,1319
2021-05-29,Kings,031,150075,23163,22970,1075,24045,244
2021-05-29,Lake,033,64148,3538,3515,9,3524,45
2021-05-29,Lassen,035,31185,5216,5171,113,5284,6
2021-05-29,Los Angeles,037,10098052,1207756,1202264,40427,1242691,24359
2021-05-29,Madera,039,155013,16643,16535,926,17461,240
2021-05-29,Marin,041,260295,14120,14071,253,14324,229
2021-05-29,Mariposa,043,17540,434,428,11,439,5
2021-05-29,Mendocino,045,87422,4021,3952,83,4035,47
2021-05-29,Merced,047,269075,31037,31187,1029,32216,456
2021-05-29,Modoc,049,8938,377,374,130,504,3
2021-05-29,Mono,051,14174,1264,1275,17,1292,3
2021-05-29,Monterey,053,433212,43183,43042,1832,44874,379
2021-05-29,Napa,055,140530,9895,9948,35,9983,82
2021-05-29,Nevada,057,99092,4841,4816,190,5006,72
2021-05-29,Orange,059,3164182,255646,254537,11247,265784,5049
2021-05-29,Placer,061,380077,23355,23009,1493,24502,293
2021-05-29,Plumas,063,18699,708,689,11,700,4
2021-05-29,Riverside,065,2383286,294287,288908,13868,302776,4442
2021-05-29,Sacramento,067,1510023,106496,106218,1746,107964,1643
2021-05-29,San Benito,069,59416,6055,6072,112,6184,63
2021-05-29,San Bernardino,071,2135413,293393,292961,8909,301870,4757
2021-05-29,San Diego,073,3302833,281114,280151,14995,295146,3756
2021-05-29,San Francisco,075,870044,36775,37008,1271,38279,550
2021-05-29,San Joaquin,077,732212,73287,72827,3499,76326,1383
2021-05-29,San Luis Obispo,079,281455,21425,21201,736,21937,256
2021-05-29,San Mateo,081,765935,42360,42375,468,42843,439
2021-05-29,Santa Barbara,083,443738,34461,34367,1113,35480,456
2021-05-29,Santa Clara,085,1922200,118713,119498,744,120242,2056
2021-05-29,Santa Cruz,087,273765,16250,16137,797,16934,207
2021-05-29,Shasta,089,179085,12354,12401,1572,13973,199
2021-05-29,Sierra,091,2930,57,55,12,67,0
2021-05-29,Siskiyou,093,43540,1937,1856,355,2211,21
2021-05-29,Solano,095,438530,32999,32917,550,33467,256
2021-05-29,Sonoma,097,501317,30172,30298,333,30631,322
2021-05-29,Stanislaus,099,539301,56483,56305,5883,62188,974
2021-05-29,Sutter,101,95872,9475,9516,84,9600,111
2021-05-29,Tehama,103,63373,5097,5070,570,5640,63
2021-05-29,Trinity,105,12862,483,328,91,419,3
2021-05-29,Tulare,107,460477,50260,49392,8907,58299,845
2021-05-29,Tuolumne,109,53932,4038,4093,43,4136,63
2021-05-29,Ventura,111,848112,81429,81008,2954,83962,1021
2021-05-29,Yolo,113,214977,14037,14055,239,14294,210
2021-05-29,Yuba,115,75493,6073,6059,122,6181,48
2021-05-28,Alameda,001,1643700,88238,88391,1913,90304,1261
2021-05-28,Alpine,002,1148,87,88,0,88,0
2021-05-28,Amador,005,37829,3678,3680,32,3712,46
2021-05-28,Butte,007,227075,12554,12407,1840,14247,190
2021-05-28,Calaveras,009,45235,2168,2165,13,2178,55
2021-05-28,Colusa,011,21464,1950,1954,310,2264,15
2021-05-28,Contra Costa,013,1133247,69739,69290,1264,70554,813
2021-05-28,Del Norte,015,27424,1418,1390,13,1403,8
2021-05-28,El Dorado,017,186661,10327,10265,742,11007,110
2021-05-28,Fresno,019,978130,102795,102437,8607,111044,1705
2021-05-28,Glenn,021,27897,2436,2419,555,2974,18
2021-05-28,Humboldt,023,135768,4286,4265,38,4303,42
2021-05-28,Imperial,025,180216,28637,28722,2682,31404,736
2021-05-28,Inyo,027,18085,1404,1404,12,1416,35
2021-05-28,Kern,029,883053,97381,96396,10842,107238,1320
2021-05-28,Kings,031,150075,23161,22962,1075,24037,244
2021-05-28,Lake,033,64148,3536,3515,9,3524,45
2021-05-28,Lassen,035,31185,5216,5169,113,5282,6
2021-05-28,Los Angeles,037,10098052,1207645,1202103,40417,1242520,24357
2021-05-28,Madera,039,155013,16641,16530,926,17456,240
2021-05-28,Marin,041,260295,14119,14063,252,14315,229
2021-05-28,Mariposa,043,17540,434,428,11,439,5
2021-05-28,Mendocino,045,87422,4016,3947,83,4030,47
2021-05-28,Merced,047,269075,31034,31176,1029,32205,455
2021-05-28,Modoc,049,8938,377,374,130,504,3
2021-05-28,Mono,051,14174,1264,1274,17,1291,3
2021-05-28,Monterey,053,433212,43182,43036,1832,44868,379
2021-05-28,Napa,055,140530,9895,9941,35,9976,82
2021-05-28,Nevada,057,99092,4839,4813,190,5003,71
2021-05-28,Orange,059,3164182,255626,254494,11245,265739,5047
2021-05-28,Placer,061,380077,23345,22987,1491,24478,293
2021-05-28,Plumas,063,18699,706,688,11,699,4
2021-05-28,Riverside,065,2383286,294265,288872,13866,302738,4442
2021-05-28,Sacramento,067,1510023,106440,106131,1744,107875,1642
2021-05-28,San Benito,069,59416,6055,6074,112,6186,63
2021-05-28,San Bernardino,071,2135413,293370,292905,8909,301814,4757
2021-05-28,San Diego,073,3302833,281051,280043,14984,295027,3756
2021-05-28,San Francisco,075,870044,36769,36987,1271,38258,546
2021-05-28,San Joaquin,077,732212,73257,72793,3497,76290,1383
2021-05-28,San Luis Obispo,079,281455,21420,21190,734,21924,256
2021-05-28,San Mateo,081,765935,42354,42364,468,42832,439
2021-05-28,Santa Barbara,083,443738,34460,34371,1113,35484,455
2021-05-28,Santa Clara,085,1922200,118689,119462,744,120206,2056
2021-05-28,Santa Cruz,087,273765,16249,16129,797,16926,207
2021-05-28,Shasta,089,179085,12345,12383,1570,13953,198
2021-05-28,Sierra,091,2930,57,54,12,66,0
2021-05-28,Siskiyou,093,43540,1935,1850,355,2205,19
2021-05-28,Solano,095,438530,32984,32892,550,33442,256
2021-05-28,Sonoma,097,501317,30153,30270,333,30603,321
2021-05-28,Stanislaus,099,539301,56464,56278,5880,62158,974
2021-05-28,Sutter,101,95872,9471,9511,84,9595,111
2021-05-28,Tehama,103,63373,5091,5064,570,5634,63
2021-05-28,Trinity,105,12862,483,328,91,419,3
2021-05-28,Tulare,107,460477,50255,49375,8898,58273,846
2021-05-28,Tuolumne,109,53932,4038,4090,43,4133,63
2021-05-28,Ventura,111,848112,81418,80985,2953,83938,1021
2021-05-28,Yolo,113,214977,14034,14050,238,14288,210
2021-05-28,Yuba,115,75493,6071,6050,121,6171,48
2021-05-27,Alameda,001,1643700,88203,88342,1913,90255,1274
2021-05-27,Alpine,002,1148,87,88,0,88,0
2021-05-27,Amador,005,37829,3675,3680,32,3712,46
2021-05-27,Butte,007,227075,12549,12401,1839,14240,190
2021-05-27,Calaveras,009,45235,2167,2163,13,2176,55
2021-05-27,Colusa,011,21464,1947,1952,310,2262,15
2021-05-27,Contra Costa,013,1133247,69697,69245,1262,70507,813
2021-05-27,Del Norte,015,27424,1418,1388,13,1401,8
2021-05-27,El Dorado,017,186661,10326,10248,742,10990,112
2021-05-27,Fresno,019,978130,102779,102413,8604,111017,1704
2021-05-27,Glenn,021,27897,2436,2415,555,2970,18
2021-05-27,Humboldt,023,135768,4278,4260,38,4298,42
2021-05-27,Imperial,025,180216,28626,28728,2682,31410,736
2021-05-27,Inyo,027,18085,1404,1404,12,1416,35
2021-05-27,Kern,029,883053,97365,96364,10834,107198,1322
2021-05-27,Kings,031,150075,23158,22953,1075,24028,245
2021-05-27,Lake,033,64148,3531,3509,9,3518,45
2021-05-27,Lassen,035,31185,5215,5170,112,5282,6
2021-05-27,Los Angeles,037,10098052,1207475,1201927,40404,1242331,24348
2021-05-27,Madera,039,155013,16632,16527,926,17453,240
2021-05-27,Marin,041,260295,14115,14061,252,14313,229
2021-05-27,Mariposa,043,17540,432,427,11,438,5
2021-05-27,Mendocino,045,87422,4010,3945,83,4028,47
2021-05-27,Merced,047,269075,31022,31161,1029,32190,455
2021-05-27,Modoc,049,8938,376,374,130,504,3
2021-05-27,Mono,051,14174,1264,1276,17,1293,3
2021-05-27,Monterey,053,433212,43176,43032,1832,44864,379
2021-05-27,Napa,055,140530,9894,9934,35,9969,82
2021-05-27,Nevada,057,99092,4835,4807,188,4995,71
2021-05-27,Orange,059,3164182,255589,254438,11241,265679,5059
2021-05-27,Placer,061,380077,23336,22966,1491,24457,293
2021-05-27,Plumas,063,18699,706,687,11,698,4
2021-05-27,Riverside,065,2383286,294229,288835,13861,302696,4443
2021-05-27,Sacramento,067,1510023,106365,106015,1742,107757,1642
2021-05-27,San Benito,069,59416,6054,6074,112,6186,63
2021-05-27,San Bernardino,071,2135413,293334,292755,8907,301662,4756
2021-05-27,San Diego,073,3302833,280977,279960,14970,294930,3756
2021-05-27,San Francisco,075,870044,36763,36980,1268,38248,546
2021-05-27,San Joaquin,077,732212,73225,72714,3494,76208,1388
2021-05-27,San Luis Obispo,079,281455,21415,21171,734,21905,256
2021-05-27,San Mateo,081,765935,42345,42345,468,42813,436
2021-05-27,Santa Barbara,083,443738,34455,34355,1113,35468,456
2021-05-27,Santa Clara,085,1922200,118668,119452,744,120196,2053
2021-05-27,Santa Cruz,087,273765,16247,16134,797,16931,207
2021-05-27,Shasta,089,179085,12335,12380,1570,13950,202
2021-05-27,Sierra,091,2930,57,54,12,66,0
2021-05-27,Siskiyou,093,43540,1932,1846,355,2201,18
2021-05-27,Solano,095,438530,32943,32855,549,33404,257
2021-05-27,Sonoma,097,501317,30126,30253,329,30582,321
2021-05-27,Stanislaus,099,539301,56439,56207,5879,62086,974
2021-05-27,Sutter,101,95872,9467,9501,84,9585,111
2021-05-27,Tehama,103,63373,5088,5064,569,5633,63
2021-05-27,Trinity,105,12862,483,328,91,419,3
2021-05-27,Tulare,107,460477,50241,49366,8889,58255,840
2021-05-27,Tuolumne,109,53932,4037,4090,43,4133,66
2021-05-27,Ventura,111,848112,81405,80965,2950,83915,1023
2021-05-27,Yolo,113,214977,14031,14036,238,14274,213
2021-05-27,Yuba,115,75493,6066,6040,120,6160,48
2021-05-26,Alameda,001,1643700,88174,88297,1913,90210,1266
2021-05-26,Alpine,002,1148,87,88,0,88,0
2021-05-26,Amador,005,37829,3675,3679,32,3711,46
2021-05-26,Butte,007,227075,12540,12332,1838,14170,190
2021-05-26,Calaveras,009,45235,2166,2154,13,2167,55
2021-05-26,Colusa,011,21464,1946,1952,310,2262,15
2021-05-26,Contra Costa,013,1133247,69660,69210,1262,70472,812
2021-05-26,Del Norte,015,27424,1418,1386,12,1398,8
2021-05-26,El Dorado,017,186661,10322,10242,741,10983,112
2021-05-26,Fresno,019,978130,102746,102374,8599,110973,1702
2021-05-26,Glenn,021,27897,2435,2415,555,2970,18
2021-05-26,Humboldt,023,135768,4273,4246,38,4284,42
2021-05-26,Imperial,025,180216,28621,28712,2680,31392,734
2021-05-26,Inyo,027,18085,1404,1403,12,1415,36
2021-05-26,Kern,029,883053,97340,96343,10827,107170,1320
2021-05-26,Kings,031,150075,23154,22950,1074,24024,245
2021-05-26,Lake,033,64148,3530,3508,9,3517,45
2021-05-26,Lassen,035,31185,5214,5164,112,5276,6
2021-05-26,Los Angeles,037,10098052,1207307,1198100,40388,1238488,24221
2021-05-26,Madera,039,155013,16629,16520,926,17446,240
2021-05-26,Marin,041,260295,14112,14061,251,14312,227
2021-05-26,Mariposa,043,17540,432,427,11,438,5
2021-05-26,Mendocino,045,87422,4004,3938,83,4021,47
2021-05-26,Merced,047,269075,31013,31139,1029,32168,455
2021-05-26,Modoc,049,8938,376,371,129,500,3
2021-05-26,Mono,051,14174,1264,1274,17,1291,3
2021-05-26,Monterey,053,433212,43170,43018,1831,44849,379
2021-05-26,Napa,055,140530,9887,9932,33,9965,82
2021-05-26,Nevada,057,99092,4830,4803,188,4991,70
2021-05-26,Orange,059,3164182,255553,254368,11238,265606,5058
2021-05-26,Placer,061,380077,23312,22940,1491,24431,293
2021-05-26,Plumas,063,18699,705,685,11,696,4
2021-05-26,Riverside,065,2383286,294183,288782,13854,302636,4443
2021-05-26,Sacramento,067,1510023,106279,105919,1738,107657,1637
2021-05-26,San Benito,069,59416,6054,6074,112,6186,63
2021-05-26,San Bernardino,071,2135413,293299,292662,8906,301568,4755
2021-05-26,San Diego,073,3302833,280902,279859,14960,294819,3755
2021-05-26,San Francisco,075,870044,36751,36954,1268,38222,546
2021-05-26,San Joaquin,077,732212,73183,72681,3491,76172,1388
2021-05-26,San Luis Obispo,079,281455,21409,21163,734,21897,256
2021-05-26,San Mateo,081,765935,42336,42331,468,42799,436
2021-05-26,Santa Barbara,083,443738,34446,34348,1113,35461,459
2021-05-26,Santa Clara,085,1922200,118641,119421,743,120164,2031
2021-05-26,Santa Cruz,087,273765,16246,16139,797,16936,207
2021-05-26,Shasta,089,179085,12320,12357,1567,13924,202
2021-05-26,Sierra,091,2930,57,54,12,66,0
2021-05-26,Siskiyou,093,43540,1930,1847,353,2200,18
2021-05-26,Solano,095,438530,32907,32831,549,33380,257
2021-05-26,Sonoma,097,501317,30099,30230,329,30559,321
2021-05-26,Stanislaus,099,539301,56417,56193,5877,62070,974
2021-05-26,Sutter,101,95872,9462,9495,84,9579,112
2021-05-26,Tehama,103,63373,5087,5054,566,5620,63
2021-05-26,Trinity,105,12862,483,328,91,419,3
2021-05-26,Tulare,107,460477,50234,49352,8885,58237,839
2021-05-26,Tuolumne,109,53932,4033,4088,42,4130,66
2021-05-26,Ventura,111,848112,81382,80944,2948,83892,1023
2021-05-26,Yolo,113,214977,14028,14025,238,14263,213
2021-05-26,Yuba,115,75493,6061,6036,120,6156,49
2021-05-25,Alameda,001,1643700,88143,88237,1913,90150,1263
2021-05-25,Alpine,002,1148,87,88,0,88,0
2021-05-25,Amador,005,37829,3670,3676,32,3708,46
2021-05-25,Butte,007,227075,12529,12295,1837,14132,189
2021-05-25,Calaveras,009,45235,2164,2148,13,2161,55
2021-05-25,Colusa,011,21464,1945,1949,310,2259,15
2021-05-25,Contra Costa,013,1133247,69608,69167,1257,70424,809
2021-05-25,Del Norte,015,27424,1418,1385,12,1397,8
2021-05-25,El Dorado,017,186661,10315,10240,740,10980,112
2021-05-25,Fresno,019,978130,102725,102329,8598,110927,1701
2021-05-25,Glenn,021,27897,2434,2414,554,2968,17
2021-05-25,Humboldt,023,135768,4266,4231,36,4267,42
2021-05-25,Imperial,025,180216,28614,28586,2680,31266,735
2021-05-25,Inyo,027,18085,1404,1402,12,1414,36
2021-05-25,Kern,029,883053,97309,96319,10813,107132,1319
2021-05-25,Kings,031,150075,23147,22944,1074,24018,245
2021-05-25,Lake,033,64148,3529,3508,9,3517,44
2021-05-25,Lassen,035,31185,5210,5164,112,5276,6
2021-05-25,Los Angeles,037,10098052,1207120,1197940,40370,1238310,24212
2021-05-25,Madera,039,155013,16624,16519,925,17444,240
2021-05-25,Marin,041,260295,14106,14053,251,14304,227
2021-05-25,Mariposa,043,17540,431,427,11,438,5
2021-05-25,Mendocino,045,87422,3999,3928,83,4011,47
2021-05-25,Merced,047,269075,30991,31132,1029,32161,455
2021-05-25,Modoc,049,8938,375,367,129,496,3
2021-05-25,Mono,051,14174,1264,1274,17,1291,3
2021-05-25,Monterey,053,433212,43166,43012,1830,44842,379
2021-05-25,Napa,055,140530,9885,9926,33,9959,82
2021-05-25,Nevada,057,99092,4824,4795,188,4983,70
2021-05-25,Orange,059,3164182,255524,254321,11237,265558,5057
2021-05-25,Placer,061,380077,23301,22920,1489,24409,292
2021-05-25,Plumas,063,18699,705,684,11,695,4
2021-05-25,Riverside,065,2383286,294144,288725,13851,302576,4443
2021-05-25,Sacramento,067,1510023,106198,105828,1735,107563,1633
2021-05-25,San Benito,069,59416,6054,6073,112,6185,63
2021-05-25,San Bernardino,071,2135413,293239,292485,8904,301389,4755
2021-05-25,San Diego,073,3302833,280820,279786,14955,294741,3753
2021-05-25,San Francisco,075,870044,36728,36939,1268,38207,546
2021-05-25,San Joaquin,077,732212,73141,72628,3488,76116,1387
2021-05-25,San Luis Obispo,079,281455,21406,21153,734,21887,256
2021-05-25,San Mateo,081,765935,42326,42268,468,42736,435
2021-05-25,Santa Barbara,083,443738,34443,34337,1113,35450,459
2021-05-25,Santa Clara,085,1922200,118617,119393,742,120135,2032
2021-05-25,Santa Cruz,087,273765,16241,16141,797,16938,207
2021-05-25,Shasta,089,179085,12311,12328,1565,13893,202
2021-05-25,Sierra,091,2930,56,54,12,66,0
2021-05-25,Siskiyou,093,43540,1929,1845,352,2197,18
2021-05-25,Solano,095,438530,32887,32817,548,33365,256
2021-05-25,Sonoma,097,501317,30070,30207,328,30535,321
2021-05-25,Stanislaus,099,539301,56381,56168,5874,62042,974
2021-05-25,Sutter,101,95872,9458,9495,84,9579,112
2021-05-25,Tehama,103,63373,5085,5048,565,5613,63
2021-05-25,Trinity,105,12862,483,328,90,418,3
2021-05-25,Tulare,107,460477,50224,49326,8877,58203,838
2021-05-25,Tuolumne,109,53932,4033,4084,42,4126,66
2021-05-25,Ventura,111,848112,81364,80905,2948,83853,1022
2021-05-25,Yolo,113,214977,14020,14018,236,14254,213
2021-05-25,Yuba,115,75493,6054,6028,120,6148,49
2021-05-24,Alameda,001,1643700,88103,88182,1911,90093,1263
2021-05-24,Alpine,002,1148,87,88,0,88,0
2021-05-24,Amador,005,37829,3668,3675,32,3707,46
2021-05-24,Butte,007,227075,12516,12279,1834,14113,189
2021-05-24,Calaveras,009,45235,2162,2146,13,2159,54
2021-05-24,Colusa,011,21464,1945,1949,310,2259,15
2021-05-24,Contra Costa,013,1133247,69567,69107,1253,70360,809
2021-05-24,Del Norte,015,27424,1417,1384,12,1396,8
2021-05-24,El Dorado,017,186661,10305,10227,739,10966,112
2021-05-24,Fresno,019,978130,102683,102289,8597,110886,1698
2021-05-24,Glenn,021,27897,2434,2413,554,2967,17
2021-05-24,Humboldt,023,135768,4259,4225,36,4261,42
2021-05-24,Imperial,025,180216,28612,28575,2680,31255,735
2021-05-24,Inyo,027,18085,1404,1402,12,1414,36
2021-05-24,Kern,029,883053,97282,96296,10808,107104,1319
2021-05-24,Kings,031,150075,23143,22940,1074,24014,246
2021-05-24,Lake,033,64148,3527,3506,9,3515,43
2021-05-24,Lassen,035,31185,5206,5163,112,5275,6
2021-05-24,Los Angeles,037,10098052,1206948,1197782,40356,1238138,24201
2021-05-24,Madera,039,155013,16620,16513,924,17437,239
2021-05-24,Marin,041,260295,14104,14051,251,14302,227
2021-05-24,Mariposa,043,17540,430,427,11,438,5
2021-05-24,Mendocino,045,87422,3997,3919,83,4002,47
2021-05-24,Merced,047,269075,30981,31128,1028,32156,455
2021-05-24,Modoc,049,8938,375,366,128,494,3
2021-05-24,Mono,051,14174,1264,1270,17,1287,3
2021-05-24,Monterey,053,433212,43161,43005,1829,44834,379
2021-05-24,Napa,055,140530,9885,9924,33,9957,82
2021-05-24,Nevada,057,99092,4821,4790,188,4978,70
2021-05-24,Orange,059,3164182,255490,254287,11227,265514,5056
2021-05-24,Placer,061,380077,23282,22895,1488,24383,292
2021-05-24,Plumas,063,18699,704,683,11,694,4
2021-05-24,Riverside,065,2383286,294087,288669,13841,302510,4442
2021-05-24,Sacramento,067,1510023,106083,105716,1734,107450,1632
2021-05-24,San Benito,069,59416,6054,6072,112,6184,63
2021-05-24,San Bernardino,071,2135413,293199,292343,8903,301246,4747
2021-05-24,San Diego,073,3302833,280712,279715,14945,294660,3749
2021-05-24,San Francisco,075,870044,36708,36934,1265,38199,547
2021-05-24,San Joaquin,077,732212,73109,72586,3488,76074,1371
2021-05-24,San Luis Obispo,079,281455,21388,21146,733,21879,256
2021-05-24,San Mateo,081,765935,42316,42249,468,42717,433
2021-05-24,Santa Barbara,083,443738,34438,34322,1113,35435,459
2021-05-24,Santa Clara,085,1922200,118585,119358,742,120100,2030
2021-05-24,Santa Cruz,087,273765,16235,16135,797,16932,207
2021-05-24,Shasta,089,179085,12294,12315,1562,13877,201
2021-05-24,Sierra,091,2930,56,54,12,66,0
2021-05-24,Siskiyou,093,43540,1926,1840,352,2192,17
2021-05-24,Solano,095,438530,32863,32792,547,33339,254
2021-05-24,Sonoma,097,501317,30055,30187,328,30515,321
2021-05-24,Stanislaus,099,539301,56347,56128,5870,61998,974
2021-05-24,Sutter,101,95872,9452,9486,84,9570,113
2021-05-24,Tehama,103,63373,5082,5043,563,5606,63
2021-05-24,Trinity,105,12862,483,328,90,418,3
2021-05-24,Tulare,107,460477,50217,49318,8873,58191,838
2021-05-24,Tuolumne,109,53932,4033,4083,42,4125,65
2021-05-24,Ventura,111,848112,81351,80876,2946,83822,1022
2021-05-24,Yolo,113,214977,14003,14012,234,14246,213
2021-05-24,Yuba,115,75493,6045,6022,120,6142,49
2021-05-23,Alameda,001,1643700,88040,88157,1909,90066,1263
2021-05-23,Alpine,002,1148,87,88,0,88,0
2021-05-23,Amador,005,37829,3667,3673,32,3705,46
2021-05-23,Butte,007,227075,12502,12271,1833,14104,189
2021-05-23,Calaveras,009,45235,2154,2144,13,2157,54
2021-05-23,Colusa,011,21464,1945,1949,308,2257,15
2021-05-23,Contra Costa,013,1133247,69523,69075,1251,70326,809
2021-05-23,Del Norte,015,27424,1413,1383,12,1395,8
2021-05-23,El Dorado,017,186661,10299,10222,739,10961,112
2021-05-23,Fresno,019,978130,102638,102270,8592,110862,1698
2021-05-23,Glenn,021,27897,2432,2413,554,2967,17
2021-05-23,Humboldt,023,135768,4241,4216,36,4252,42
2021-05-23,Imperial,025,180216,28606,28569,2679,31248,735
2021-05-23,Inyo,027,18085,1404,1402,12,1414,36
2021-05-23,Kern,029,883053,97258,96282,10800,107082,1319
2021-05-23,Kings,031,150075,23130,22939,1072,24011,246
2021-05-23,Lake,033,64148,3524,3504,9,3513,43
2021-05-23,Lassen,035,31185,5202,5163,111,5274,6
2021-05-23,Los Angeles,037,10098052,1206759,1197633,40345,1237978,24197
2021-05-23,Madera,039,155013,16614,16504,924,17428,239
2021-05-23,Marin,041,260295,14095,14048,250,14298,227
2021-05-23,Mariposa,043,17540,430,427,11,438,5
2021-05-23,Mendocino,045,87422,3991,3913,82,3995,47
2021-05-23,Merced,047,269075,30972,31118,1028,32146,455
2021-05-23,Modoc,049,8938,371,366,128,494,3
2021-05-23,Mono,051,14174,1263,1270,17,1287,3
2021-05-23,Monterey,053,433212,43151,43003,1829,44832,379
2021-05-23,Napa,055,140530,9881,9923,33,9956,82
2021-05-23,Nevada,057,99092,4811,4790,188,4978,70
2021-05-23,Orange,059,3164182,255452,254277,11221,265498,5050
2021-05-23,Placer,061,380077,23262,22888,1488,24376,292
2021-05-23,Plumas,063,18699,703,683,11,694,4
2021-05-23,Riverside,065,2383286,294019,288641,13837,302478,4442
2021-05-23,Sacramento,067,1510023,105967,105663,1731,107394,1632
2021-05-23,San Benito,069,59416,6053,6072,112,6184,63
2021-05-23,San Bernardino,071,2135413,293148,292327,8902,301229,4747
2021-05-23,San Diego,073,3302833,280622,279690,14934,294624,3751
2021-05-23,San Francisco,075,870044,36697,36927,1264,38191,547
2021-05-23,San Joaquin,077,732212,73060,72571,3486,76057,1371
2021-05-23,San Luis Obispo,079,281455,21378,21141,732,21873,256
2021-05-23,San Mateo,081,765935,42299,42248,468,42716,433
2021-05-23,Santa Barbara,083,443738,34431,34319,1113,35432,459
2021-05-23,Santa Clara,085,1922200,118561,119333,742,120075,2030
2021-05-23,Santa Cruz,087,273765,16232,16130,797,16927,207
2021-05-23,Shasta,089,179085,12277,12313,1558,13871,201
2021-05-23,Sierra,091,2930,56,54,12,66,0
2021-05-23,Siskiyou,093,43540,1921,1826,345,2171,17
2021-05-23,Solano,095,438530,32845,32780,546,33326,254
2021-05-23,Sonoma,097,501317,30026,30168,327,30495,321
2021-05-23,Stanislaus,099,539301,56299,56104,5867,61971,974
2021-05-23,Sutter,101,95872,9443,9479,84,9563,113
2021-05-23,Tehama,103,63373,5075,5041,561,5602,63
2021-05-23,Trinity,105,12862,483,328,90,418,3
2021-05-23,Tulare,107,460477,50203,49310,8869,58179,838
2021-05-23,Tuolumne,109,53932,4030,4081,42,4123,65
2021-05-23,Ventura,111,848112,81321,80872,2945,83817,1022
2021-05-23,Yolo,113,214977,13991,14004,231,14235,213
2021-05-23,Yuba,115,75493,6040,6017,120,6137,49
2021-05-22,Alameda,001,1643700,88013,88101,1909,90010,1263
2021-05-22,Alpine,002,1148,87,88,0,88,0
2021-05-22,Amador,005,37829,3666,3672,32,3704,46
2021-05-22,Butte,007,227075,12490,12265,1832,14097,189
2021-05-22,Calaveras,009,45235,2150,2141,13,2154,54
2021-05-22,Colusa,011,21464,1941,1949,307,2256,15
2021-05-22,Contra Costa,013,1133247,69490,69004,1250,70254,809
2021-05-22,Del Norte,015,27424,1412,1381,12,1393,8
2021-05-22,El Dorado,017,186661,10294,10215,738,10953,112
2021-05-22,Fresno,019,978130,102624,102238,8590,110828,1698
2021-05-22,Glenn,021,27897,2432,2412,554,2966,17
2021-05-22,Humboldt,023,135768,4232,4194,35,4229,42
2021-05-22,Imperial,025,180216,28597,28574,2679,31253,735
2021-05-22,Inyo,027,18085,1404,1402,12,1414,36
2021-05-22,Kern,029,883053,97246,96260,10793,107053,1319
2021-05-22,Kings,031,150075,23130,22936,1072,24008,246
2021-05-22,Lake,033,64148,3521,3502,9,3511,43
2021-05-22,Lassen,035,31185,5202,5163,111,5274,6
2021-05-22,Los Angeles,037,10098052,1206650,1197454,40337,1237791,24192
2021-05-22,Madera,039,155013,16611,16503,924,17427,239
2021-05-22,Marin,041,260295,14092,14043,250,14293,227
2021-05-22,Mariposa,043,17540,430,427,11,438,5
2021-05-22,Mendocino,045,87422,3985,3908,82,3990,47
2021-05-22,Merced,047,269075,30962,31099,1028,32127,455
2021-05-22,Modoc,049,8938,371,366,128,494,3
2021-05-22,Mono,051,14174,1261,1270,17,1287,3
2021-05-22,Monterey,053,433212,43145,42998,1829,44827,379
2021-05-22,Napa,055,140530,9880,9918,33,9951,82
2021-05-22,Nevada,057,99092,4804,4787,187,4974,70
2021-05-22,Orange,059,3164182,255431,254238,11216,265454,5048
2021-05-22,Placer,061,380077,23248,22865,1487,24352,292
2021-05-22,Plumas,063,18699,702,683,11,694,4
2021-05-22,Riverside,065,2383286,293987,288580,13836,302416,4442
2021-05-22,Sacramento,067,1510023,105892,105551,1728,107279,1632
2021-05-22,San Benito,069,59416,6053,6071,112,6183,63
2021-05-22,San Bernardino,071,2135413,293123,292292,8902,301194,4747
2021-05-22,San Diego,073,3302833,280563,279614,14926,294540,3751
2021-05-22,San Francisco,075,870044,36687,36906,1262,38168,547
2021-05-22,San Joaquin,077,732212,73038,72528,3483,76011,1371
2021-05-22,San Luis Obispo,079,281455,21370,21134,731,21865,256
2021-05-22,San Mateo,081,765935,42289,42218,468,42686,433
2021-05-22,Santa Barbara,083,443738,34427,34313,1112,35425,459
2021-05-22,Santa Clara,085,1922200,118538,119292,742,120034,2030
2021-05-22,Santa Cruz,087,273765,16232,16125,797,16922,207
2021-05-22,Shasta,089,179085,12270,12307,1555,13862,201
2021-05-22,Sierra,091,2930,56,54,12,66,0
2021-05-22,Siskiyou,093,43540,1920,1824,344,2168,17
2021-05-22,Solano,095,438530,32832,32753,546,33299,254
2021-05-22,Sonoma,097,501317,30014,30154,327,30481,321
2021-05-22,Stanislaus,099,539301,56275,56069,5866,61935,974
2021-05-22,Sutter,101,95872,9438,9476,84,9560,113
2021-05-22,Tehama,103,63373,5074,5036,561,5597,63
2021-05-22,Trinity,105,12862,483,328,90,418,3
2021-05-22,Tulare,107,460477,50198,49299,8864,58163,838
2021-05-22,Tuolumne,109,53932,4030,4078,42,4120,65
2021-05-22,Ventura,111,848112,81317,80859,2945,83804,1022
2021-05-22,Yolo,113,214977,13989,13997,231,14228,213
2021-05-22,Yuba,115,75493,6037,6010,120,6130,49
2021-05-21,Alameda,001,1643700,87987,88041,1908,89949,1263
2021-05-21,Alpine,002,1148,87,88,0,88,0
2021-05-21,Amador,005,37829,3663,3672,32,3704,46
2021-05-21,Butte,007,227075,12484,12236,1830,14066,188
2021-05-21,Calaveras,009,45235,2148,2138,13,2151,54
2021-05-21,Colusa,011,21464,1941,1947,307,2254,15
2021-05-21,Contra Costa,013,1133247,69447,68965,1249,70214,810
2021-05-21,Del Norte,015,27424,1411,1376,12,1388,8
2021-05-21,El Dorado,017,186661,10290,10204,738,10942,112
2021-05-21,Fresno,019,978130,102596,102189,8588,110777,1698
2021-05-21,Glenn,021,27897,2431,2408,554,2962,17
2021-05-21,Humboldt,023,135768,4225,4175,35,4210,42
2021-05-21,Imperial,025,180216,28590,28572,2678,31250,732
2021-05-21,Inyo,027,18085,1404,1402,12,1414,36
2021-05-21,Kern,029,883053,97232,96233,10786,107019,1318
2021-05-21,Kings,031,150075,23130,22927,1072,23999,246
2021-05-21,Lake,033,64148,3519,3500,9,3509,43
2021-05-21,Lassen,035,31185,5201,5161,111,5272,6
2021-05-21,Los Angeles,037,10098052,1206532,1197263,40329,1237592,24180
2021-05-21,Madera,039,155013,16610,16500,923,17423,238
2021-05-21,Marin,041,260295,14087,14042,250,14292,227
2021-05-21,Mariposa,043,17540,429,427,11,438,5
2021-05-21,Mendocino,045,87422,3980,3897,82,3979,47
2021-05-21,Merced,047,269075,30954,31076,1028,32104,455
2021-05-21,Modoc,049,8938,371,365,128,493,3
2021-05-21,Mono,051,14174,1261,1269,17,1286,3
2021-05-21,Monterey,053,433212,43143,42995,1829,44824,379
2021-05-21,Napa,055,140530,9876,9913,33,9946,82
2021-05-21,Nevada,057,99092,4803,4779,187,4966,70
2021-05-21,Orange,059,3164182,255411,254171,11214,265385,5042
2021-05-21,Placer,061,380077,23239,22853,1487,24340,292
2021-05-21,Plumas,063,18699,702,683,10,693,4
2021-05-21,Riverside,065,2383286,293960,288499,13829,302328,4442
2021-05-21,Sacramento,067,1510023,105824,105476,1725,107201,1632
2021-05-21,San Benito,069,59416,6053,6068,112,6180,63
2021-05-21,San Bernardino,071,2135413,293091,292205,8900,301105,4744
2021-05-21,San Diego,073,3302833,280490,279554,14916,294470,3748
2021-05-21,San Francisco,075,870044,36682,36879,1262,38141,546
2021-05-21,San Joaquin,077,732212,73018,72467,3481,75948,1371
2021-05-21,San Luis Obispo,079,281455,21364,21128,728,21856,256
2021-05-21,San Mateo,081,765935,42276,42163,467,42630,432
2021-05-21,Santa Barbara,083,443738,34422,34302,1112,35414,459
2021-05-21,Santa Clara,085,1922200,118511,119247,742,119989,2029
2021-05-21,Santa Cruz,087,273765,16228,16120,797,16917,207
2021-05-21,Shasta,089,179085,12253,12289,1553,13842,201
2021-05-21,Sierra,091,2930,56,54,12,66,0
2021-05-21,Siskiyou,093,43540,1919,1815,344,2159,16
2021-05-21,Solano,095,438530,32817,32742,546,33288,254
2021-05-21,Sonoma,097,501317,30001,30126,327,30453,321
2021-05-21,Stanislaus,099,539301,56245,56036,5864,61900,975
2021-05-21,Sutter,101,95872,9436,9470,84,9554,113
2021-05-21,Tehama,103,63373,5068,5030,561,5591,63
2021-05-21,Trinity,105,12862,483,329,89,418,3
2021-05-21,Tulare,107,460477,50193,49271,8862,58133,838
2021-05-21,Tuolumne,109,53932,4028,4079,42,4121,65
2021-05-21,Ventura,111,848112,81309,80821,2942,83763,1021
2021-05-21,Yolo,113,214977,13983,13983,231,14214,213
2021-05-21,Yuba,115,75493,6031,6006,120,6126,49
2021-05-20,Alameda,001,1643700,87944,87975,1906,89881,1264
2021-05-20,Alpine,002,1148,87,88,0,88,0
2021-05-20,Amador,005,37829,3662,3671,32,3703,46
2021-05-20,Butte,007,227075,12477,12220,1827,14047,188
2021-05-20,Calaveras,009,45235,2144,2138,13,2151,54
2021-05-20,Colusa,011,21464,1940,1946,305,2251,15
2021-05-20,Contra Costa,013,1133247,69402,68913,1247,70160,809
2021-05-20,Del Norte,015,27424,1411,1373,12,1385,8
2021-05-20,El Dorado,017,186661,10280,10188,738,10926,112
2021-05-20,Fresno,019,978130,102574,102135,8586,110721,1696
2021-05-20,Glenn,021,27897,2428,2406,554,2960,17
2021-05-20,Humboldt,023,135768,4208,4162,34,4196,42
2021-05-20,Imperial,025,180216,28585,28551,2678,31229,732
2021-05-20,Inyo,027,18085,1404,1402,12,1414,36
2021-05-20,Kern,029,883053,97211,96204,10779,106983,1317
2021-05-20,Kings,031,150075,23128,22922,1072,23994,246
2021-05-20,Lake,033,64148,3516,3500,9,3509,43
2021-05-20,Lassen,035,31185,5199,5160,110,5270,6
2021-05-20,Los Angeles,037,10098052,1206375,1197073,40319,1237392,24168
2021-05-20,Madera,039,155013,16604,16499,921,17420,238
2021-05-20,Marin,041,260295,14083,14036,249,14285,227
2021-05-20,Mariposa,043,17540,429,426,11,437,5
2021-05-20,Mendocino,045,87422,3973,3897,82,3979,47
2021-05-20,Merced,047,269075,30941,31046,1027,32073,454
2021-05-20,Modoc,049,8938,371,365,128,493,3
2021-05-20,Mono,051,14174,1260,1269,17,1286,3
2021-05-20,Monterey,053,433212,43137,42984,1828,44812,379
2021-05-20,Napa,055,140530,9873,9913,33,9946,82
2021-05-20,Nevada,057,99092,4802,4775,187,4962,70
2021-05-20,Orange,059,3164182,255368,254127,11211,265338,5038
2021-05-20,Placer,061,380077,23226,22823,1486,24309,292
2021-05-20,Plumas,063,18699,700,682,10,692,4
2021-05-20,Riverside,065,2383286,293912,288453,13824,302277,4442
2021-05-20,Sacramento,067,1510023,105728,105414,1722,107136,1629
2021-05-20,San Benito,069,59416,6052,6067,112,6179,63
2021-05-20,San Bernardino,071,2135413,293045,292153,8899,301052,4728
2021-05-20,San Diego,073,3302833,280402,279490,14904,294394,3749
2021-05-20,San Francisco,075,870044,36673,36860,1262,38122,546
2021-05-20,San Joaquin,077,732212,72980,72388,3479,75867,1371
2021-05-20,San Luis Obispo,079,281455,21352,21095,726,21821,256
2021-05-20,San Mateo,081,765935,42262,42152,465,42617,432
2021-05-20,Santa Barbara,083,443738,34418,34293,1112,35405,459
2021-05-20,Santa Clara,085,1922200,118490,119222,742,119964,2029
2021-05-20,Santa Cruz,087,273765,16223,16119,797,16916,207
2021-05-20,Shasta,089,179085,12240,12266,1550,13816,200
2021-05-20,Sierra,091,2930,56,54,12,66,0
2021-05-20,Siskiyou,093,43540,1912,1811,343,2154,16
2021-05-20,Solano,095,438530,32802,32725,546,33271,253
2021-05-20,Sonoma,097,501317,29984,30107,326,30433,321
2021-05-20,Stanislaus,099,539301,56216,55979,5862,61841,970
2021-05-20,Sutter,101,95872,9432,9467,84,9551,113
2021-05-20,Tehama,103,63373,5066,5029,561,5590,63
2021-05-20,Trinity,105,12862,483,329,88,417,3
2021-05-20,Tulare,107,460477,50182,49217,8859,58076,837
2021-05-20,Tuolumne,109,53932,4027,4077,42,4119,65
2021-05-20,Ventura,111,848112,81298,80800,2942,83742,1019
2021-05-20,Yolo,113,214977,13978,13973,231,14204,211
2021-05-20,Yuba,115,75493,6022,6002,120,6122,49
2021-05-19,Alameda,001,1643700,87905,87889,1905,89794,1260
2021-05-19,Alpine,002,1148,87,88,0,88,0
2021-05-19,Amador,005,37829,3662,3669,32,3701,46
2021-05-19,Butte,007,227075,12466,12198,1827,14025,188
2021-05-19,Calaveras,009,45235,2140,2132,13,2145,54
2021-05-19,Colusa,011,21464,1940,1945,303,2248,15
2021-05-19,Contra Costa,013,1133247,69355,68836,1247,70083,808
2021-05-19,Del Norte,015,27424,1409,1371,12,1383,8
2021-05-19,El Dorado,017,186661,10275,10179,737,10916,112
2021-05-19,Fresno,019,978130,102543,102085,8583,110668,1693
2021-05-19,Glenn,021,27897,2428,2404,554,2958,17
2021-05-19,Humboldt,023,135768,4198,4143,34,4177,42
2021-05-19,Imperial,025,180216,28576,28550,2678,31228,732
2021-05-19,Inyo,027,18085,1404,1402,12,1414,36
2021-05-19,Kern,029,883053,97182,96173,10772,106945,1316
2021-05-19,Kings,031,150075,23122,22919,1072,23991,246
2021-05-19,Lake,033,64148,3516,3497,9,3506,43
2021-05-19,Lassen,035,31185,5198,5157,110,5267,6
2021-05-19,Los Angeles,037,10098052,1206178,1196856,40305,1237161,24143
2021-05-19,Madera,039,155013,16601,16496,921,17417,238
2021-05-19,Marin,041,260295,14079,14033,247,14280,227
2021-05-19,Mariposa,043,17540,429,425,11,436,5
2021-05-19,Mendocino,045,87422,3969,3886,82,3968,47
2021-05-19,Merced,047,269075,30925,31044,1027,32071,452
2021-05-19,Modoc,049,8938,371,364,125,489,3
2021-05-19,Mono,051,14174,1260,1266,17,1283,3
2021-05-19,Monterey,053,433212,43132,42973,1827,44800,379
2021-05-19,Napa,055,140530,9870,9906,33,9939,82
2021-05-19,Nevada,057,99092,4800,4769,187,4956,70
2021-05-19,Orange,059,3164182,255331,254087,11201,265288,5035
2021-05-19,Placer,061,380077,23207,22784,1481,24265,291
2021-05-19,Plumas,063,18699,700,682,10,692,4
2021-05-19,Riverside,065,2383286,293866,288398,13822,302220,4442
2021-05-19,Sacramento,067,1510023,105649,105225,1721,106946,1629
2021-05-19,San Benito,069,59416,6051,6064,112,6176,63
2021-05-19,San Bernardino,071,2135413,293001,292078,8896,300974,4725
2021-05-19,San Diego,073,3302833,280317,279345,14883,294228,3746
2021-05-19,San Francisco,075,870044,36660,36835,1261,38096,546
2021-05-19,San Joaquin,077,732212,72937,72338,3474,75812,1369
2021-05-19,San Luis Obispo,079,281455,21344,21085,725,21810,256
2021-05-19,San Mateo,081,765935,42255,42126,465,42591,429
2021-05-19,Santa Barbara,083,443738,34410,34292,1112,35404,459
2021-05-19,Santa Clara,085,1922200,118450,119176,741,119917,2015
2021-05-19,Santa Cruz,087,273765,16219,16121,796,16917,207
2021-05-19,Shasta,089,179085,12222,12233,1547,13780,200
2021-05-19,Sierra,091,2930,56,54,12,66,0
2021-05-19,Siskiyou,093,43540,1909,1803,342,2145,16
2021-05-19,Solano,095,438530,32775,32678,544,33222,253
2021-05-19,Sonoma,097,501317,29969,30080,326,30406,321
2021-05-19,Stanislaus,099,539301,56196,55912,5857,61769,967
2021-05-19,Sutter,101,95872,9425,9459,83,9542,113
2021-05-19,Tehama,103,63373,5057,5026,557,5583,63
2021-05-19,Trinity,105,12862,483,329,88,417,3
2021-05-19,Tulare,107,460477,50169,49163,8854,58017,837
2021-05-19,Tuolumne,109,53932,4027,4074,42,4116,64
2021-05-19,Ventura,111,848112,81283,80747,2941,83688,1019
2021-05-19,Yolo,113,214977,13972,13961,230,14191,211
2021-05-19,Yuba,115,75493,6018,5993,120,6113,49
2021-05-18,Alameda,001,1643700,87831,87816,1905,89721,1254
2021-05-18,Alpine,002,1148,87,88,0,88,0
2021-05-18,Amador,005,37829,3662,3669,32,3701,46
2021-05-18,Butte,007,227075,12452,12164,1825,13989,191
2021-05-18,Calaveras,009,45235,2136,2131,13,2144,54
2021-05-18,Colusa,011,21464,1940,1943,303,2246,14
2021-05-18,Contra Costa,013,1133247,69298,68750,1246,69996,808
2021-05-18,Del Norte,015,27424,1406,1371,12,1383,8
2021-05-18,El Dorado,017,186661,10264,10169,736,10905,112
2021-05-18,Fresno,019,978130,102507,102056,8580,110636,1690
2021-05-18,Glenn,021,27897,2422,2403,553,2956,17
2021-05-18,Humboldt,023,135768,4180,4132,34,4166,42
2021-05-18,Imperial,025,180216,28571,28538,2676,31214,730
2021-05-18,Inyo,027,18085,1404,1401,12,1413,36
2021-05-18,Kern,029,883053,97149,96128,10758,106886,1315
2021-05-18,Kings,031,150075,23116,22916,1072,23988,247
2021-05-18,Lake,033,64148,3514,3495,9,3504,43
2021-05-18,Lassen,035,31185,5197,5157,109,5266,6
2021-05-18,Los Angeles,037,10098052,1205998,1196668,40294,1236962,24133
2021-05-18,Madera,039,155013,16591,16491,920,17411,238
2021-05-18,Marin,041,260295,14076,14026,247,14273,227
2021-05-18,Mariposa,043,17540,429,424,11,435,5
2021-05-18,Mendocino,045,87422,3957,3877,81,3958,47
2021-05-18,Merced,047,269075,30906,31036,1027,32063,452
2021-05-18,Modoc,049,8938,370,364,124,488,3
2021-05-18,Mono,051,14174,1259,1265,17,1282,3
2021-05-18,Monterey,053,433212,43126,43001,1827,44828,379
2021-05-18,Napa,055,140530,9870,9905,33,9938,82
2021-05-18,Nevada,057,99092,4793,4762,187,4949,70
2021-05-18,Orange,059,3164182,255291,254041,11191,265232,5031
2021-05-18,Placer,061,380077,23174,22726,1477,24203,291
2021-05-18,Plumas,063,18699,700,682,10,692,4
2021-05-18,Riverside,065,2383286,293811,288354,13815,302169,4438
2021-05-18,Sacramento,067,1510023,105547,105083,1719,106802,1629
2021-05-18,San Benito,069,59416,6050,6065,112,6177,63
2021-05-18,San Bernardino,071,2135413,292943,292014,8891,300905,4722
2021-05-18,San Diego,073,3302833,280209,279254,14874,294128,3742
2021-05-18,San Francisco,075,870044,36640,36818,1261,38079,546
2021-05-18,San Joaquin,077,732212,72890,72282,3470,75752,1368
2021-05-18,San Luis Obispo,079,281455,21334,21080,723,21803,256
2021-05-18,San Mateo,081,765935,42243,42099,464,42563,428
2021-05-18,Santa Barbara,083,443738,34401,34278,1112,35390,459
2021-05-18,Santa Clara,085,1922200,118423,119171,741,119912,2014
2021-05-18,Santa Cruz,087,273765,16211,16137,796,16933,207
2021-05-18,Shasta,089,179085,12204,12197,1541,13738,200
2021-05-18,Sierra,091,2930,56,54,12,66,0
2021-05-18,Siskiyou,093,43540,1908,1799,342,2141,16
2021-05-18,Solano,095,438530,32750,32644,544,33188,253
2021-05-18,Sonoma,097,501317,29949,30054,325,30379,321
2021-05-18,Stanislaus,099,539301,56160,55860,5857,61717,959
2021-05-18,Sutter,101,95872,9417,9453,83,9536,113
2021-05-18,Tehama,103,63373,5051,5020,555,5575,63
2021-05-18,Trinity,105,12862,483,329,87,416,3
2021-05-18,Tulare,107,460477,50161,49142,8849,57991,836
2021-05-18,Tuolumne,109,53932,4025,4073,42,4115,64
2021-05-18,Ventura,111,848112,81267,80726,2939,83665,1017
2021-05-18,Yolo,113,214977,13964,13951,230,14181,211
2021-05-18,Yuba,115,75493,6014,5989,120,6109,49
2021-05-17,Alameda,001,1643700,87778,87766,1902,89668,1253
2021-05-17,Alpine,002,1148,87,88,0,88,0
2021-05-17,Amador,005,37829,3659,3668,32,3700,46
2021-05-17,Butte,007,227075,12444,12144,1825,13969,192
2021-05-17,Calaveras,009,45235,2136,2131,13,2144,53
2021-05-17,Colusa,011,21464,1940,1943,303,2246,14
2021-05-17,Contra Costa,013,1133247,69243,68720,1245,69965,805
2021-05-17,Del Norte,015,27424,1401,1369,12,1381,8
2021-05-17,El Dorado,017,186661,10247,10163,736,10899,112
2021-05-17,Fresno,019,978130,102463,102013,8572,110585,1690
2021-05-17,Glenn,021,27897,2422,2401,553,2954,17
2021-05-17,Humboldt,023,135768,4169,4112,34,4146,42
2021-05-17,Imperial,025,180216,28565,28533,2674,31207,729
2021-05-17,Inyo,027,18085,1404,1401,12,1413,36
2021-05-17,Kern,029,883053,97120,96095,10740,106835,1315
2021-05-17,Kings,031,150075,23113,22918,1072,23990,246
2021-05-17,Lake,033,64148,3509,3489,9,3498,43
2021-05-17,Lassen,035,31185,5194,5156,108,5264,6
2021-05-17,Los Angeles,037,10098052,1205817,1196556,40288,1236844,24123
2021-05-17,Madera,039,155013,16584,16486,920,17406,238
2021-05-17,Marin,041,260295,14070,14021,247,14268,227
2021-05-17,Mariposa,043,17540,428,423,11,434,5
2021-05-17,Mendocino,045,87422,3948,3868,81,3949,46
2021-05-17,Merced,047,269075,30891,31031,1027,32058,450
2021-05-17,Modoc,049,8938,369,362,124,486,3
2021-05-17,Mono,051,14174,1255,1265,17,1282,3
2021-05-17,Monterey,053,433212,43119,42995,1827,44822,379
2021-05-17,Napa,055,140530,9869,9894,33,9927,82
2021-05-17,Nevada,057,99092,4789,4761,186,4947,70
2021-05-17,Orange,059,3164182,255244,253993,11184,265177,5031
2021-05-17,Placer,061,380077,23151,22706,1470,24176,289
2021-05-17,Plumas,063,18699,700,682,10,692,4
2021-05-17,Riverside,065,2383286,293742,288304,13811,302115,4433
2021-05-17,Sacramento,067,1510023,105440,105035,1717,106752,1629
2021-05-17,San Benito,069,59416,6047,6067,112,6179,63
2021-05-17,San Bernardino,071,2135413,292893,291989,8883,300872,4724
2021-05-17,San Diego,073,3302833,280077,279146,14852,293998,3742
2021-05-17,San Francisco,075,870044,36628,36816,1259,38075,546
2021-05-17,San Joaquin,077,732212,72852,72234,3467,75701,1359
2021-05-17,San Luis Obispo,079,281455,21325,21079,721,21800,256
2021-05-17,San Mateo,081,765935,42215,42083,464,42547,428
2021-05-17,Santa Barbara,083,443738,34394,34275,1112,35387,459
2021-05-17,Santa Clara,085,1922200,118386,119116,739,119855,2015
2021-05-17,Santa Cruz,087,273765,16208,16151,796,16947,206
2021-05-17,Shasta,089,179085,12182,12163,1540,13703,200
2021-05-17,Sierra,091,2930,56,54,12,66,0
2021-05-17,Siskiyou,093,43540,1899,1795,339,2134,15
2021-05-17,Solano,095,438530,32732,32627,543,33170,253
2021-05-17,Sonoma,097,501317,29926,30043,324,30367,321
2021-05-17,Stanislaus,099,539301,56112,55839,5850,61689,951
2021-05-17,Sutter,101,95872,9410,9447,83,9530,113
2021-05-17,Tehama,103,63373,5047,5016,554,5570,63
2021-05-17,Trinity,105,12862,483,328,87,415,3
2021-05-17,Tulare,107,460477,50139,49107,8844,57951,836
2021-05-17,Tuolumne,109,53932,4025,4071,42,4113,64
2021-05-17,Ventura,111,848112,81247,80699,2939,83638,1017
2021-05-17,Yolo,113,214977,13957,13941,230,14171,211
2021-05-17,Yuba,115,75493,6006,5987,120,6107,49
2021-05-16,Alameda,001,1643700,87714,87743,1902,89645,1253
2021-05-16,Alpine,002,1148,87,88,0,88,0
2021-05-16,Amador,005,37829,3658,3667,32,3699,46
2021-05-16,Butte,007,227075,12430,12140,1824,13964,192
2021-05-16,Calaveras,009,45235,2134,2129,13,2142,53
2021-05-16,Colusa,011,21464,1938,1943,303,2246,14
2021-05-16,Contra Costa,013,1133247,69175,68694,1243,69937,805
2021-05-16,Del Norte,015,27424,1398,1365,12,1377,8
2021-05-16,El Dorado,017,186661,10230,10159,735,10894,112
2021-05-16,Fresno,019,978130,102419,101987,8566,110553,1690
2021-05-16,Glenn,021,27897,2422,2401,552,2953,17
2021-05-16,Humboldt,023,135768,4155,4104,34,4138,42
2021-05-16,Imperial,025,180216,28554,28516,2673,31189,729
2021-05-16,Inyo,027,18085,1404,1401,12,1413,36
2021-05-16,Kern,029,883053,97087,96083,10720,106803,1315
2021-05-16,Kings,031,150075,23109,22918,1069,23987,246
2021-05-16,Lake,033,64148,3506,3489,9,3498,43
2021-05-16,Lassen,035,31185,5193,5156,108,5264,6
2021-05-16,Los Angeles,037,10098052,1205591,1196397,40272,1236669,24120
2021-05-16,Madera,039,155013,16579,16483,917,17400,238
2021-05-16,Marin,041,260295,14067,14015,247,14262,227
2021-05-16,Mariposa,043,17540,428,423,11,434,5
2021-05-16,Mendocino,045,87422,3938,3863,81,3944,46
2021-05-16,Merced,047,269075,30870,31023,1025,32048,450
2021-05-16,Modoc,049,8938,369,362,124,486,3
2021-05-16,Mono,051,14174,1255,1265,17,1282,3
2021-05-16,Monterey,053,433212,43114,42991,1827,44818,379
2021-05-16,Napa,055,140530,9866,9891,33,9924,82
2021-05-16,Nevada,057,99092,4785,4755,186,4941,70
2021-05-16,Orange,059,3164182,255212,253962,11181,265143,5031
2021-05-16,Placer,061,380077,23119,22696,1464,24160,289
2021-05-16,Plumas,063,18699,699,682,10,692,4
2021-05-16,Riverside,065,2383286,293666,288259,13802,302061,4433
2021-05-16,Sacramento,067,1510023,105326,105013,1715,106728,1628
2021-05-16,San Benito,069,59416,6046,6067,111,6178,63
2021-05-16,San Bernardino,071,2135413,292821,291940,8881,300821,4724
2021-05-16,San Diego,073,3302833,279959,279099,14839,293938,3742
2021-05-16,San Francisco,075,870044,36604,36808,1258,38066,546
2021-05-16,San Joaquin,077,732212,72803,72218,3462,75680,1359
2021-05-16,San Luis Obispo,079,281455,21317,21072,720,21792,256
2021-05-16,San Mateo,081,765935,42204,42063,463,42526,428
2021-05-16,Santa Barbara,083,443738,34387,34270,1112,35382,459
2021-05-16,Santa Clara,085,1922200,118356,119098,738,119836,2015
2021-05-16,Santa Cruz,087,273765,16206,16143,796,16939,206
2021-05-16,Shasta,089,179085,12166,12156,1536,13692,200
2021-05-16,Sierra,091,2930,56,54,12,66,0
2021-05-16,Siskiyou,093,43540,1895,1790,338,2128,15
2021-05-16,Solano,095,438530,32699,32619,541,33160,253
2021-05-16,Sonoma,097,501317,29907,30033,324,30357,321
2021-05-16,Stanislaus,099,539301,56059,55814,5839,61653,951
2021-05-16,Sutter,101,95872,9403,9445,83,9528,113
2021-05-16,Tehama,103,63373,5043,5013,553,5566,63
2021-05-16,Trinity,105,12862,483,328,87,415,3
2021-05-16,Tulare,107,460477,50122,49091,8841,57932,837
2021-05-16,Tuolumne,109,53932,4021,4070,42,4112,64
2021-05-16,Ventura,111,848112,81216,80689,2939,83628,1017
2021-05-16,Yolo,113,214977,13942,13938,230,14168,211
2021-05-16,Yuba,115,75493,6003,5987,120,6107,49
2021-05-15,Alameda,001,1643700,87688,87677,1901,89578,1252
2021-05-15,Alpine,002,1148,87,88,0,88,0
2021-05-15,Amador,005,37829,3658,3666,32,3698,46
2021-05-15,Butte,007,227075,12423,12095,1823,13918,192
2021-05-15,Calaveras,009,45235,2133,2126,13,2139,53
2021-05-15,Colusa,011,21464,1938,1941,301,2242,14
2021-05-15,Contra Costa,013,1133247,69129,68658,1243,69901,805
2021-05-15,Del Norte,015,27424,1393,1359,12,1371,8
2021-05-15,El Dorado,017,186661,10218,10156,734,10890,112
2021-05-15,Fresno,019,978130,102382,101957,8564,110521,1690
2021-05-15,Glenn,021,27897,2422,2400,552,2952,17
2021-05-15,Humboldt,023,135768,4145,4080,34,4114,42
2021-05-15,Imperial,025,180216,28551,28504,2672,31176,729
2021-05-15,Inyo,027,18085,1404,1402,12,1414,36
2021-05-15,Kern,029,883053,97073,96061,10706,106767,1315
2021-05-15,Kings,031,150075,23108,22913,1069,23982,246
2021-05-15,Lake,033,64148,3505,3485,9,3494,43
2021-05-15,Lassen,035,31185,5190,5156,107,5263,6
2021-05-15,Los Angeles,037,10098052,1205468,1196255,40259,1236514,24115
2021-05-15,Madera,039,155013,16576,16482,917,17399,238
2021-05-15,Marin,041,260295,14063,14012,247,14259,227
2021-05-15,Mariposa,043,17540,428,423,11,434,5
2021-05-15,Mendocino,045,87422,3935,3861,81,3942,46
2021-05-15,Merced,047,269075,30849,31012,1025,32037,450
2021-05-15,Modoc,049,8938,369,362,124,486,3
2021-05-15,Mono,051,14174,1255,1265,17,1282,3
2021-05-15,Monterey,053,433212,43110,42982,1827,44809,379
2021-05-15,Napa,055,140530,9863,9887,33,9920,82
2021-05-15,Nevada,057,99092,4784,4755,186,4941,70
2021-05-15,Orange,059,3164182,255185,253919,11174,265093,5030
2021-05-15,Placer,061,380077,23098,22688,1464,24152,289
2021-05-15,Plumas,063,18699,699,681,10,691,4
2021-05-15,Riverside,065,2383286,293624,288203,13797,302000,4433
2021-05-15,Sacramento,067,1510023,105254,104929,1712,106641,1628
2021-05-15,San Benito,069,59416,6046,6066,111,6177,63
2021-05-15,San Bernardino,071,2135413,292779,291892,8879,300771,4724
2021-05-15,San Diego,073,3302833,279888,278991,14824,293815,3737
2021-05-15,San Francisco,075,870044,36588,36795,1256,38051,546
2021-05-15,San Joaquin,077,732212,72777,72197,3460,75657,1359
2021-05-15,San Luis Obispo,079,281455,21314,21061,719,21780,256
2021-05-15,San Mateo,081,765935,42188,42059,463,42522,428
2021-05-15,Santa Barbara,083,443738,34379,34259,1112,35371,459
2021-05-15,Santa Clara,085,1922200,118335,119060,738,119798,2016
2021-05-15,Santa Cruz,087,273765,16202,16137,796,16933,206
2021-05-15,Shasta,089,179085,12154,12152,1533,13685,200
2021-05-15,Sierra,091,2930,56,54,12,66,0
2021-05-15,Siskiyou,093,43540,1889,1788,336,2124,15
2021-05-15,Solano,095,438530,32690,32604,540,33144,253
2021-05-15,Sonoma,097,501317,29888,30020,324,30344,321
2021-05-15,Stanislaus,099,539301,56028,55795,5832,61627,952
2021-05-15,Sutter,101,95872,9401,9436,83,9519,113
2021-05-15,Tehama,103,63373,5039,5012,552,5564,63
2021-05-15,Trinity,105,12862,483,328,87,415,3
2021-05-15,Tulare,107,460477,50112,49080,8837,57917,837
2021-05-15,Tuolumne,109,53932,4019,4064,42,4106,63
2021-05-15,Ventura,111,848112,81205,80662,2939,83601,1017
2021-05-15,Yolo,113,214977,13935,13932,229,14161,211
2021-05-15,Yuba,115,75493,6000,5979,119,6098,49
2021-05-14,Alameda,001,1643700,87654,87621,1899,89520,1249
2021-05-14,Alpine,002,1148,87,88,0,88,0
2021-05-14,Amador,005,37829,3658,3665,32,3697,46
2021-05-14,Butte,007,227075,12414,12076,1820,13896,192
2021-05-14,Calaveras,009,45235,2129,2121,13,2134,53
2021-05-14,Colusa,011,21464,1937,1940,300,2240,14
2021-05-14,Contra Costa,013,1133247,69087,68589,1241,69830,806
2021-05-14,Del Norte,015,27424,1393,1355,12,1367,8
2021-05-14,El Dorado,017,186661,10211,10143,733,10876,113
2021-05-14,Fresno,019,978130,102353,101917,8558,110475,1688
2021-05-14,Glenn,021,27897,2421,2398,552,2950,17
2021-05-14,Humboldt,023,135768,4138,4050,34,4084,37
2021-05-14,Imperial,025,180216,28543,28485,2671,31156,728
2021-05-14,Inyo,027,18085,1404,1400,12,1412,36
2021-05-14,Kern,029,883053,97043,96033,10697,106730,1311
2021-05-14,Kings,031,150075,23107,22910,1069,23979,246
2021-05-14,Lake,033,64148,3501,3483,9,3492,43
2021-05-14,Lassen,035,31185,5190,5154,107,5261,6
2021-05-14,Los Angeles,037,10098052,1205333,1196038,40254,1236292,24101
2021-05-14,Madera,039,155013,16573,16474,917,17391,238
2021-05-14,Marin,041,260295,14059,14010,247,14257,227
2021-05-14,Mariposa,043,17540,428,422,11,433,5
2021-05-14,Mendocino,045,87422,3933,3855,81,3936,46
2021-05-14,Merced,047,269075,30839,31010,1025,32035,450
2021-05-14,Modoc,049,8938,369,362,124,486,3
2021-05-14,Mono,051,14174,1254,1265,17,1282,3
2021-05-14,Monterey,053,433212,43105,42973,1827,44800,380
2021-05-14,Napa,055,140530,9860,9883,33,9916,82
2021-05-14,Nevada,057,99092,4779,4745,186,4931,70
2021-05-14,Orange,059,3164182,255151,253855,11167,265022,5028
2021-05-14,Placer,061,380077,23079,22660,1458,24118,287
2021-05-14,Plumas,063,18699,698,680,10,690,4
2021-05-14,Riverside,065,2383286,293574,288140,13794,301934,4433
2021-05-14,Sacramento,067,1510023,105165,104828,1711,106539,1627
2021-05-14,San Benito,069,59416,6046,6064,111,6175,63
2021-05-14,San Bernardino,071,2135413,292731,291834,8879,300713,4721
2021-05-14,San Diego,073,3302833,279815,278853,14813,293666,3732
2021-05-14,San Francisco,075,870044,36579,36771,1252,38023,545
2021-05-14,San Joaquin,077,732212,72745,72160,3453,75613,1359
2021-05-14,San Luis Obispo,079,281455,21310,21051,719,21770,256
2021-05-14,San Mateo,081,765935,42178,42041,463,42504,428
2021-05-14,Santa Barbara,083,443738,34369,34243,1112,35355,456
2021-05-14,Santa Clara,085,1922200,118306,119006,738,119744,2014
2021-05-14,Santa Cruz,087,273765,16197,16130,796,16926,207
2021-05-14,Shasta,089,179085,12148,12130,1528,13658,200
2021-05-14,Sierra,091,2930,56,54,12,66,0
2021-05-14,Siskiyou,093,43540,1882,1779,335,2114,14
2021-05-14,Solano,095,438530,32670,32585,539,33124,252
2021-05-14,Sonoma,097,501317,29869,30007,324,30331,321
2021-05-14,Stanislaus,099,539301,55993,55752,5826,61578,950
2021-05-14,Sutter,101,95872,9392,9433,81,9514,113
2021-05-14,Tehama,103,63373,5032,5005,552,5557,63
2021-05-14,Trinity,105,12862,483,328,87,415,3
2021-05-14,Tulare,107,460477,50095,49060,8832,57892,836
2021-05-14,Tuolumne,109,53932,4019,4060,42,4102,63
2021-05-14,Ventura,111,848112,81191,80628,2939,83567,1014
2021-05-14,Yolo,113,214977,13930,13922,225,14147,210
2021-05-14,Yuba,115,75493,5996,5970,119,6089,47
2021-05-13,Alameda,001,1643700,87611,87557,1898,89455,1250
2021-05-13,Alpine,002,1148,87,88,0,88,0
2021-05-13,Amador,005,37829,3658,3662,32,3694,46
2021-05-13,Butte,007,227075,12400,12051,1819,13870,196
2021-05-13,Calaveras,009,45235,2127,2120,13,2133,53
2021-05-13,Colusa,011,21464,1936,1939,296,2235,14
2021-05-13,Contra Costa,013,1133247,69039,68522,1240,69762,806
2021-05-13,Del Norte,015,27424,1391,1354,12,1366,8
2021-05-13,El Dorado,017,186661,10208,10133,733,10866,112
2021-05-13,Fresno,019,978130,102324,101862,8557,110419,1687
2021-05-13,Glenn,021,27897,2420,2395,552,2947,17
2021-05-13,Humboldt,023,135768,4120,4027,34,4061,37
2021-05-13,Imperial,025,180216,28528,28468,2669,31137,729
2021-05-13,Inyo,027,18085,1404,1400,12,1412,36
2021-05-13,Kern,029,883053,97019,95996,10678,106674,1311
2021-05-13,Kings,031,150075,23106,22904,1069,23973,246
2021-05-13,Lake,033,64148,3501,3479,9,3488,43
2021-05-13,Lassen,035,31185,5190,5152,106,5258,6
2021-05-13,Los Angeles,037,10098052,1205144,1195504,40240,1235744,24083
2021-05-13,Madera,039,155013,16565,16467,917,17384,238
2021-05-13,Marin,041,260295,14054,14004,245,14249,227
2021-05-13,Mariposa,043,17540,428,422,11,433,5
2021-05-13,Mendocino,045,87422,3929,3846,81,3927,46
2021-05-13,Merced,047,269075,30832,30989,1024,32013,450
2021-05-13,Modoc,049,8938,369,362,124,486,3
2021-05-13,Mono,051,14174,1254,1265,17,1282,3
2021-05-13,Monterey,053,433212,43090,42966,1827,44793,380
2021-05-13,Napa,055,140530,9853,9877,33,9910,82
2021-05-13,Nevada,057,99092,4775,4743,185,4928,70
2021-05-13,Orange,059,3164182,255105,253778,11165,264943,5026
2021-05-13,Placer,061,380077,23052,22668,1451,24119,288
2021-05-13,Plumas,063,18699,698,680,10,690,4
2021-05-13,Riverside,065,2383286,293508,288067,13789,301856,4433
2021-05-13,Sacramento,067,1510023,105079,104711,1709,106420,1626
2021-05-13,San Benito,069,59416,6044,6062,111,6173,63
2021-05-13,San Bernardino,071,2135413,292665,291765,8879,300644,4722
2021-05-13,San Diego,073,3302833,279701,278592,14796,293388,3729
2021-05-13,San Francisco,075,870044,36555,36741,1250,37991,544
2021-05-13,San Joaquin,077,732212,72703,72096,3449,75545,1357
2021-05-13,San Luis Obispo,079,281455,21295,21043,718,21761,255
2021-05-13,San Mateo,081,765935,42161,42059,463,42522,426
2021-05-13,Santa Barbara,083,443738,34357,34242,1112,35354,456
2021-05-13,Santa Clara,085,1922200,118279,118952,738,119690,2013
2021-05-13,Santa Cruz,087,273765,16191,16129,796,16925,208
2021-05-13,Shasta,089,179085,12128,12111,1524,13635,200
2021-05-13,Sierra,091,2930,56,54,12,66,0
2021-05-13,Siskiyou,093,43540,1875,1769,332,2101,14
2021-05-13,Solano,095,438530,32657,32548,537,33085,252
2021-05-13,Sonoma,097,501317,29844,29991,324,30315,321
2021-05-13,Stanislaus,099,539301,55955,55678,5820,61498,949
2021-05-13,Sutter,101,95872,9387,9431,80,9511,112
2021-05-13,Tehama,103,63373,5027,4997,552,5549,63
2021-05-13,Trinity,105,12862,482,327,86,413,3
2021-05-13,Tulare,107,460477,50069,49032,8824,57856,837
2021-05-13,Tuolumne,109,53932,4018,4059,42,4101,63
2021-05-13,Ventura,111,848112,81161,80615,2938,83553,1012
2021-05-13,Yolo,113,214977,13921,13914,223,14137,210
2021-05-13,Yuba,115,75493,5987,5962,119,6081,47
2021-05-12,Alameda,001,1643700,87579,87482,1896,89378,1261
2021-05-12,Alpine,002,1148,87,88,0,88,0
2021-05-12,Amador,005,37829,3658,3658,32,3690,46
2021-05-12,Butte,007,227075,12390,12026,1819,13845,199
2021-05-12,Calaveras,009,45235,2124,2119,13,2132,53
2021-05-12,Colusa,011,21464,1934,1939,295,2234,14
2021-05-12,Contra Costa,013,1133247,68980,68462,1234,69696,805
2021-05-12,Del Norte,015,27424,1389,1352,12,1364,8
2021-05-12,El Dorado,017,186661,10198,10123,733,10856,112
2021-05-12,Fresno,019,978130,102275,101838,8546,110384,1688
2021-05-12,Glenn,021,27897,2417,2391,552,2943,17
2021-05-12,Humboldt,023,135768,4092,3982,34,4016,37
2021-05-12,Imperial,025,180216,28510,28443,2666,31109,726
2021-05-12,Inyo,027,18085,1404,1400,12,1412,36
2021-05-12,Kern,029,883053,96983,95955,10671,106626,1310
2021-05-12,Kings,031,150075,23104,22896,1069,23965,246
2021-05-12,Lake,033,64148,3499,3476,9,3485,43
2021-05-12,Lassen,035,31185,5188,5151,106,5257,6
2021-05-12,Los Angeles,037,10098052,1204959,1195318,40225,1235543,24067
2021-05-12,Madera,039,155013,16558,16462,916,17378,238
2021-05-12,Marin,041,260295,14049,13997,245,14242,227
2021-05-12,Mariposa,043,17540,428,422,11,433,5
2021-05-12,Mendocino,045,87422,3919,3836,81,3917,46
2021-05-12,Merced,047,269075,30816,30941,1024,31965,450
2021-05-12,Modoc,049,8938,368,362,124,486,3
2021-05-12,Mono,051,14174,1254,1265,17,1282,3
2021-05-12,Monterey,053,433212,43078,42950,1826,44776,380
2021-05-12,Napa,055,140530,9847,9870,33,9903,82
2021-05-12,Nevada,057,99092,4771,4738,185,4923,70
2021-05-12,Orange,059,3164182,255054,253587,11161,264748,5024
2021-05-12,Placer,061,380077,23034,22652,1444,24096,288
2021-05-12,Plumas,063,18699,698,681,10,691,4
2021-05-12,Riverside,065,2383286,293438,287830,13785,301615,4431
2021-05-12,Sacramento,067,1510023,104984,104592,1707,106299,1621
2021-05-12,San Benito,069,59416,6044,6062,111,6173,63
2021-05-12,San Bernardino,071,2135413,292616,291505,8874,300379,4715
2021-05-12,San Diego,073,3302833,279597,278402,14775,293177,3729
2021-05-12,San Francisco,075,870044,36535,36720,1249,37969,544
2021-05-12,San Joaquin,077,732212,72649,72043,3445,75488,1356
2021-05-12,San Luis Obispo,079,281455,21285,21021,718,21739,255
2021-05-12,San Mateo,081,765935,42152,42038,462,42500,426
2021-05-12,Santa Barbara,083,443738,34349,34218,1112,35330,456
2021-05-12,Santa Clara,085,1922200,118235,118897,738,119635,2005
2021-05-12,Santa Cruz,087,273765,16185,16123,796,16919,207
2021-05-12,Shasta,089,179085,12108,12092,1522,13614,200
2021-05-12,Sierra,091,2930,56,54,12,66,0
2021-05-12,Siskiyou,093,43540,1871,1760,331,2091,13
2021-05-12,Solano,095,438530,32633,32519,537,33056,252
2021-05-12,Sonoma,097,501317,29832,29976,324,30300,320
2021-05-12,Stanislaus,099,539301,55914,55632,5813,61445,919
2021-05-12,Sutter,101,95872,9384,9427,80,9507,112
2021-05-12,Tehama,103,63373,5022,4989,552,5541,62
2021-05-12,Trinity,105,12862,482,327,86,413,3
2021-05-12,Tulare,107,460477,50053,49001,8816,57817,838
2021-05-12,Tuolumne,109,53932,4017,4056,42,4098,63
2021-05-12,Ventura,111,848112,81142,80577,2938,83515,1010
2021-05-12,Yolo,113,214977,13913,13910,222,14132,210
2021-05-12,Yuba,115,75493,5984,5956,119,6075,47
2021-05-11,Alameda,001,1643700,87514,87413,1892,89305,1290
2021-05-11,Alpine,002,1148,87,88,0,88,0
2021-05-11,Amador,005,37829,3656,3657,32,3689,46
2021-05-11,Butte,007,227075,12375,12008,1816,13824,199
2021-05-11,Calaveras,009,45235,2124,2118,13,2131,52
2021-05-11,Colusa,011,21464,1933,1939,295,2234,14
2021-05-11,Contra Costa,013,1133247,68920,68406,1233,69639,806
2021-05-11,Del Norte,015,27424,1387,1347,12,1359,8
2021-05-11,El Dorado,017,186661,10192,10108,732,10840,112
2021-05-11,Fresno,019,978130,102229,101792,8541,110333,1686
2021-05-11,Glenn,021,27897,2416,2387,551,2938,17
2021-05-11,Humboldt,023,135768,4071,3964,33,3997,37
2021-05-11,Imperial,025,180216,28502,28413,2662,31075,722
2021-05-11,Inyo,027,18085,1403,1402,12,1414,36
2021-05-11,Kern,029,883053,96955,95938,10658,106596,1310
2021-05-11,Kings,031,150075,23096,22887,1069,23956,246
2021-05-11,Lake,033,64148,3498,3473,9,3482,43
2021-05-11,Lassen,035,31185,5186,5148,106,5254,6
2021-05-11,Los Angeles,037,10098052,1204722,1195100,40208,1235308,24048
2021-05-11,Madera,039,155013,16554,16459,915,17374,238
2021-05-11,Marin,041,260295,14042,13987,245,14232,227
2021-05-11,Mariposa,043,17540,428,421,11,432,5
2021-05-11,Mendocino,045,87422,3911,3821,81,3902,46
2021-05-11,Merced,047,269075,30807,30893,1024,31917,449
2021-05-11,Modoc,049,8938,368,362,123,485,3
2021-05-11,Mono,051,14174,1254,1265,17,1282,3
2021-05-11,Monterey,053,433212,43070,42934,1825,44759,380
2021-05-11,Napa,055,140530,9840,9870,33,9903,81
2021-05-11,Nevada,057,99092,4767,4737,185,4922,70
2021-05-11,Orange,059,3164182,254990,253545,11154,264699,5017
2021-05-11,Placer,061,380077,23012,22615,1440,24055,287
2021-05-11,Plumas,063,18699,696,679,10,689,4
2021-05-11,Riverside,065,2383286,293376,287757,13780,301537,4429
2021-05-11,Sacramento,067,1510023,104885,104496,1704,106200,1616
2021-05-11,San Benito,069,59416,6041,6058,111,6169,63
2021-05-11,San Bernardino,071,2135413,292556,291421,8872,300293,4707
2021-05-11,San Diego,073,3302833,279462,278308,14756,293064,3725
2021-05-11,San Francisco,075,870044,36515,36707,1249,37956,543
2021-05-11,San Joaquin,077,732212,72601,71999,3442,75441,1356
2021-05-11,San Luis Obispo,079,281455,21278,21008,716,21724,255
2021-05-11,San Mateo,081,765935,42133,41985,461,42446,425
2021-05-11,Santa Barbara,083,443738,34339,34207,1112,35319,456
2021-05-11,Santa Clara,085,1922200,118188,118857,737,119594,2005
2021-05-11,Santa Cruz,087,273765,16181,16113,796,16909,206
2021-05-11,Shasta,089,179085,12085,12050,1516,13566,200
2021-05-11,Sierra,091,2930,56,54,12,66,0
2021-05-11,Siskiyou,093,43540,1861,1756,329,2085,13
2021-05-11,Solano,095,438530,32615,32499,535,33034,250
2021-05-11,Sonoma,097,501317,29817,29966,324,30290,318
2021-05-11,Stanislaus,099,539301,55866,55589,5809,61398,909
2021-05-11,Sutter,101,95872,9377,9417,80,9497,112
2021-05-11,Tehama,103,63373,5018,4985,551,5536,62
2021-05-11,Trinity,105,12862,482,327,85,412,3
2021-05-11,Tulare,107,460477,50026,48974,8802,57776,837
2021-05-11,Tuolumne,109,53932,4016,4056,42,4098,63
2021-05-11,Ventura,111,848112,81118,80544,2935,83479,1008
2021-05-11,Yolo,113,214977,13900,13902,219,14121,210
2021-05-11,Yuba,115,75493,5975,5950,119,6069,46
2021-05-10,Alameda,001,1643700,87446,87366,1891,89257,1284
2021-05-10,Alpine,002,1148,87,88,0,88,0
2021-05-10,Amador,005,37829,3655,3657,32,3689,46
2021-05-10,Butte,007,227075,12359,11993,1811,13804,199
2021-05-10,Calaveras,009,45235,2117,2118,13,2131,52
2021-05-10,Colusa,011,21464,1933,1939,295,2234,14
2021-05-10,Contra Costa,013,1133247,68856,68357,1233,69590,806
2021-05-10,Del Norte,015,27424,1384,1339,12,1351,8
2021-05-10,El Dorado,017,186661,10178,10093,732,10825,113
2021-05-10,Fresno,019,978130,102197,101755,8535,110290,1682
2021-05-10,Glenn,021,27897,2415,2384,550,2934,17
2021-05-10,Humboldt,023,135768,4041,3961,33,3994,36
2021-05-10,Imperial,025,180216,28488,28397,2658,31055,722
2021-05-10,Inyo,027,18085,1403,1401,12,1413,36
2021-05-10,Kern,029,883053,96912,95920,10644,106564,1310
2021-05-10,Kings,031,150075,23085,22884,1068,23952,246
2021-05-10,Lake,033,64148,3490,3471,9,3480,43
2021-05-10,Lassen,035,31185,5182,5148,106,5254,5
2021-05-10,Los Angeles,037,10098052,1204455,1194976,40193,1235169,24030
2021-05-10,Madera,039,155013,16544,16450,915,17365,238
2021-05-10,Marin,041,260295,14039,13981,245,14226,228
2021-05-10,Mariposa,043,17540,427,420,11,431,5
2021-05-10,Mendocino,045,87422,3905,3818,81,3899,46
2021-05-10,Merced,047,269075,30796,30880,1024,31904,448
2021-05-10,Modoc,049,8938,368,361,123,484,3
2021-05-10,Mono,051,14174,1254,1265,17,1282,3
2021-05-10,Monterey,053,433212,43064,42927,1820,44747,380
2021-05-10,Napa,055,140530,9838,9860,33,9893,81
2021-05-10,Nevada,057,99092,4760,4735,185,4920,70
2021-05-10,Orange,059,3164182,254937,253484,11148,264632,5008
2021-05-10,Placer,061,380077,22990,22590,1437,24027,286
2021-05-10,Plumas,063,18699,695,679,10,689,4
2021-05-10,Riverside,065,2383286,293307,287689,13774,301463,4427
2021-05-10,Sacramento,067,1510023,104774,104378,1699,106077,1613
2021-05-10,San Benito,069,59416,6040,6058,111,6169,63
2021-05-10,San Bernardino,071,2135413,292505,291360,8871,300231,4707
2021-05-10,San Diego,073,3302833,279298,278183,14729,292912,3725
2021-05-10,San Francisco,075,870044,36496,36683,1249,37932,543
2021-05-10,San Joaquin,077,732212,72564,71954,3428,75382,1356
2021-05-10,San Luis Obispo,079,281455,21260,20993,715,21708,256
2021-05-10,San Mateo,081,765935,42116,41926,461,42387,424
2021-05-10,Santa Barbara,083,443738,34331,34201,1112,35313,456
2021-05-10,Santa Clara,085,1922200,118129,118822,737,119559,2003
2021-05-10,Santa Cruz,087,273765,16176,16114,796,16910,206
2021-05-10,Shasta,089,179085,12071,12036,1512,13548,200
2021-05-10,Sierra,091,2930,56,54,12,66,0
2021-05-10,Siskiyou,093,43540,1851,1752,327,2079,13
2021-05-10,Solano,095,438530,32595,32466,533,32999,250
2021-05-10,Sonoma,097,501317,29801,29955,323,30278,318
2021-05-10,Stanislaus,099,539301,55792,55541,5803,61344,898
2021-05-10,Sutter,101,95872,9371,9412,80,9492,111
2021-05-10,Tehama,103,63373,5014,4980,551,5531,62
2021-05-10,Trinity,105,12862,482,327,83,410,3
2021-05-10,Tulare,107,460477,50003,48956,8796,57752,837
2021-05-10,Tuolumne,109,53932,4012,4054,41,4095,63
2021-05-10,Ventura,111,848112,81102,80501,2934,83435,1008
2021-05-10,Yolo,113,214977,13888,13898,217,14115,209
2021-05-10,Yuba,115,75493,5973,5942,119,6061,46
2021-05-09,Alameda,001,1643700,87376,87292,1888,89180,1284
2021-05-09,Alpine,002,1148,87,88,0,88,0
2021-05-09,Amador,005,37829,3653,3655,32,3687,46
2021-05-09,Butte,007,227075,12341,11985,1807,13792,199
2021-05-09,Calaveras,009,45235,2116,2116,13,2129,52
2021-05-09,Colusa,011,21464,1932,1940,295,2235,14
2021-05-09,Contra Costa,013,1133247,68793,68302,1231,69533,806
2021-05-09,Del Norte,015,27424,1377,1338,12,1350,8
2021-05-09,El Dorado,017,186661,10164,10089,728,10817,113
2021-05-09,Fresno,019,978130,102159,101729,8526,110255,1682
2021-05-09,Glenn,021,27897,2408,2382,547,2929,17
2021-05-09,Humboldt,023,135768,4021,3950,33,3983,36
2021-05-09,Imperial,025,180216,28465,28388,2650,31038,722
2021-05-09,Inyo,027,18085,1403,1401,11,1412,36
2021-05-09,Kern,029,883053,96884,95903,10634,106537,1310
2021-05-09,Kings,031,150075,23076,22878,1068,23946,246
2021-05-09,Lake,033,64148,3486,3471,9,3480,43
2021-05-09,Lassen,035,31185,5180,5147,106,5253,5
2021-05-09,Los Angeles,037,10098052,1204197,1194820,40178,1234998,24026
2021-05-09,Madera,039,155013,16535,16444,909,17353,238
2021-05-09,Marin,041,260295,14028,13979,244,14223,228
2021-05-09,Mariposa,043,17540,424,420,11,431,5
2021-05-09,Mendocino,045,87422,3895,3814,81,3895,46
2021-05-09,Merced,047,269075,30773,30883,1024,31907,448
2021-05-09,Modoc,049,8938,368,360,123,483,3
2021-05-09,Mono,051,14174,1254,1264,17,1281,3
2021-05-09,Monterey,053,433212,43046,42918,1820,44738,380
2021-05-09,Napa,055,140530,9827,9857,33,9890,81
2021-05-09,Nevada,057,99092,4753,4727,185,4912,70
2021-05-09,Orange,059,3164182,254883,253451,11140,264591,5008
2021-05-09,Placer,061,380077,22964,22566,1434,24000,286
2021-05-09,Plumas,063,18699,694,679,10,689,4
2021-05-09,Riverside,065,2383286,293227,287644,13768,301412,4427
2021-05-09,Sacramento,067,1510023,104625,104309,1693,106002,1612
2021-05-09,San Benito,069,59416,6038,6056,111,6167,63
2021-05-09,San Bernardino,071,2135413,292422,291337,8865,300202,4707
2021-05-09,San Diego,073,3302833,279131,277950,14707,292657,3725
2021-05-09,San Francisco,075,870044,36470,36669,1247,37916,543
2021-05-09,San Joaquin,077,732212,72518,71927,3427,75354,1356
2021-05-09,San Luis Obispo,079,281455,21249,20999,715,21714,256
2021-05-09,San Mateo,081,765935,42086,41903,461,42364,424
2021-05-09,Santa Barbara,083,443738,34318,34196,1111,35307,456
2021-05-09,Santa Clara,085,1922200,118075,118798,736,119534,2003
2021-05-09,Santa Cruz,087,273765,16170,16094,796,16890,206
2021-05-09,Shasta,089,179085,12041,12034,1507,13541,200
2021-05-09,Sierra,091,2930,56,54,12,66,0
2021-05-09,Siskiyou,093,43540,1844,1741,324,2065,13
2021-05-09,Solano,095,438530,32556,32434,531,32965,250
2021-05-09,Sonoma,097,501317,29787,29953,322,30275,318
2021-05-09,Stanislaus,099,539301,55726,55511,5799,61310,898
2021-05-09,Sutter,101,95872,9365,9413,80,9493,111
2021-05-09,Tehama,103,63373,5009,4979,551,5530,62
2021-05-09,Trinity,105,12862,482,327,83,410,3
2021-05-09,Tulare,107,460477,49976,48948,8791,57739,837
2021-05-09,Tuolumne,109,53932,4010,4053,41,4094,63
2021-05-09,Ventura,111,848112,81087,80487,2933,83420,1008
2021-05-09,Yolo,113,214977,13877,13897,217,14114,209
2021-05-09,Yuba,115,75493,5967,5934,119,6053,46
2021-05-08,Alameda,001,1643700,87334,87213,1884,89097,1284
2021-05-08,Alpine,002,1148,87,88,0,88,0
2021-05-08,Amador,005,37829,3651,3652,32,3684,46
2021-05-08,Butte,007,227075,12329,11962,1806,13768,199
2021-05-08,Calaveras,009,45235,2115,2114,13,2127,52
2021-05-08,Colusa,011,21464,1932,1939,295,2234,14
2021-05-08,Contra Costa,013,1133247,68760,68223,1229,69452,803
2021-05-08,Del Norte,015,27424,1374,1335,12,1347,8
2021-05-08,El Dorado,017,186661,10150,10079,728,10807,113
2021-05-08,Fresno,019,978130,102123,101676,8521,110197,1682
2021-05-08,Glenn,021,27897,2406,2382,545,2927,17
2021-05-08,Humboldt,023,135768,4005,3939,33,3972,36
2021-05-08,Imperial,025,180216,28456,28373,2650,31023,721
2021-05-08,Inyo,027,18085,1403,1402,11,1413,36
2021-05-08,Kern,029,883053,96859,95880,10621,106501,1310
2021-05-08,Kings,031,150075,23073,22872,1067,23939,246
2021-05-08,Lake,033,64148,3485,3470,9,3479,43
2021-05-08,Lassen,035,31185,5179,5145,106,5251,5
2021-05-08,Los Angeles,037,10098052,1204043,1194584,40162,1234746,24022
2021-05-08,Madera,039,155013,16531,16442,909,17351,238
2021-05-08,Marin,041,260295,14025,13974,243,14217,228
2021-05-08,Mariposa,043,17540,424,420,11,431,5
2021-05-08,Mendocino,045,87422,3890,3810,80,3890,46
2021-05-08,Merced,047,269075,30763,30876,1024,31900,448
2021-05-08,Modoc,049,8938,368,360,122,482,3
2021-05-08,Mono,051,14174,1254,1262,17,1279,3
2021-05-08,Monterey,053,433212,43041,42914,1819,44733,380
2021-05-08,Napa,055,140530,9820,9853,33,9886,81
2021-05-08,Nevada,057,99092,4750,4716,185,4901,70
2021-05-08,Orange,059,3164182,254849,253412,11136,264548,5006
2021-05-08,Placer,061,380077,22946,22547,1432,23979,286
2021-05-08,Plumas,063,18699,693,679,10,689,4
2021-05-08,Riverside,065,2383286,293184,287574,13766,301340,4427
2021-05-08,Sacramento,067,1510023,104540,104208,1690,105898,1610
2021-05-08,San Benito,069,59416,6037,6048,111,6159,63
2021-05-08,San Bernardino,071,2135413,292379,291296,8865,300161,4707
2021-05-08,San Diego,073,3302833,279048,277760,14689,292449,3725
2021-05-08,San Francisco,075,870044,36447,36642,1247,37889,543
2021-05-08,San Joaquin,077,732212,72489,71869,3418,75287,1356
2021-05-08,San Luis Obispo,079,281455,21238,20992,715,21707,256
2021-05-08,San Mateo,081,765935,42075,41871,461,42332,424
2021-05-08,Santa Barbara,083,443738,34305,34185,1111,35296,456
2021-05-08,Santa Clara,085,1922200,118044,118751,736,119487,2003
2021-05-08,Santa Cruz,087,273765,16167,16089,796,16885,206
2021-05-08,Shasta,089,179085,12031,12030,1503,13533,200
2021-05-08,Sierra,091,2930,56,54,12,66,0
2021-05-08,Siskiyou,093,43540,1843,1741,320,2061,13
2021-05-08,Solano,095,438530,32532,32395,529,32924,249
2021-05-08,Sonoma,097,501317,29774,29942,322,30264,318
2021-05-08,Stanislaus,099,539301,55695,55467,5795,61262,898
2021-05-08,Sutter,101,95872,9362,9413,80,9493,111
2021-05-08,Tehama,103,63373,5007,4977,551,5528,62
2021-05-08,Trinity,105,12862,482,327,83,410,3
2021-05-08,Tulare,107,460477,49963,48929,8781,57710,837
2021-05-08,Tuolumne,109,53932,4009,4050,41,4091,63
2021-05-08,Ventura,111,848112,81076,80481,2930,83411,1008
2021-05-08,Yolo,113,214977,13874,13894,216,14110,209
2021-05-08,Yuba,115,75493,5959,5928,119,6047,46
2021-05-07,Alameda,001,1643700,87281,87128,1884,89012,1280
2021-05-07,Alpine,002,1148,87,88,0,88,0
2021-05-07,Amador,005,37829,3648,3651,32,3683,46
2021-05-07,Butte,007,227075,12308,11943,1803,13746,199
2021-05-07,Calaveras,009,45235,2113,2114,13,2127,52
2021-05-07,Colusa,011,21464,1932,1937,295,2232,14
2021-05-07,Contra Costa,013,1133247,68713,68156,1227,69383,804
2021-05-07,Del Norte,015,27424,1369,1329,12,1341,8
2021-05-07,El Dorado,017,186661,10137,10065,727,10792,112
2021-05-07,Fresno,019,978130,102090,101625,8520,110145,1684
2021-05-07,Glenn,021,27897,2403,2381,544,2925,17
2021-05-07,Humboldt,023,135768,3990,3919,33,3952,36
2021-05-07,Imperial,025,180216,28448,28352,2650,31002,721
2021-05-07,Inyo,027,18085,1403,1402,11,1413,36
2021-05-07,Kern,029,883053,96846,95839,10609,106448,1308
2021-05-07,Kings,031,150075,23072,22857,1066,23923,246
2021-05-07,Lake,033,64148,3483,3467,9,3476,43
2021-05-07,Lassen,035,31185,5178,5144,105,5249,5
2021-05-07,Los Angeles,037,10098052,1203863,1194294,40155,1234449,24008
2021-05-07,Madera,039,155013,16526,16439,909,17348,238
2021-05-07,Marin,041,260295,14021,13968,243,14211,228
2021-05-07,Mariposa,043,17540,423,419,11,430,5
2021-05-07,Mendocino,045,87422,3884,3805,80,3885,46
2021-05-07,Merced,047,269075,30760,30862,1024,31886,446
2021-05-07,Modoc,049,8938,368,360,122,482,3
2021-05-07,Mono,051,14174,1253,1261,17,1278,3
2021-05-07,Monterey,053,433212,43035,42909,1817,44726,380
2021-05-07,Napa,055,140530,9819,9849,33,9882,81
2021-05-07,Nevada,057,99092,4746,4704,185,4889,70
2021-05-07,Orange,059,3164182,254809,253338,11128,264466,5000
2021-05-07,Placer,061,380077,22926,22524,1430,23954,286
2021-05-07,Plumas,063,18699,693,678,10,688,4
2021-05-07,Riverside,065,2383286,293126,287479,13765,301244,4426
2021-05-07,Sacramento,067,1510023,104468,104068,1685,105753,1609
2021-05-07,San Benito,069,59416,6036,6048,111,6159,63
2021-05-07,San Bernardino,071,2135413,292337,291185,8860,300045,4697
2021-05-07,San Diego,073,3302833,278962,277534,14673,292207,3718
2021-05-07,San Francisco,075,870044,36434,36616,1246,37862,543
2021-05-07,San Joaquin,077,732212,72448,71804,3416,75220,1351
2021-05-07,San Luis Obispo,079,281455,21231,20979,715,21694,256
2021-05-07,San Mateo,081,765935,42060,41844,461,42305,424
2021-05-07,Santa Barbara,083,443738,34295,34166,1111,35277,453
2021-05-07,Santa Clara,085,1922200,118011,118691,735,119426,2002
2021-05-07,Santa Cruz,087,273765,16164,16074,796,16870,206
2021-05-07,Shasta,089,179085,12009,12005,1501,13506,200
2021-05-07,Sierra,091,2930,56,54,12,66,0
2021-05-07,Siskiyou,093,43540,1840,1723,320,2043,13
2021-05-07,Solano,095,438530,32504,32352,527,32879,249
2021-05-07,Sonoma,097,501317,29756,29925,320,30245,318
2021-05-07,Stanislaus,099,539301,55655,55407,5790,61197,896
2021-05-07,Sutter,101,95872,9362,9407,80,9487,111
2021-05-07,Tehama,103,63373,5000,4974,551,5525,57
2021-05-07,Trinity,105,12862,482,327,83,410,3
2021-05-07,Tulare,107,460477,49946,48913,8776,57689,837
2021-05-07,Tuolumne,109,53932,4007,4048,41,4089,63
2021-05-07,Ventura,111,848112,81052,80444,2930,83374,1008
2021-05-07,Yolo,113,214977,13868,13875,215,14090,209
2021-05-07,Yuba,115,75493,5949,5910,119,6029,46
2021-05-06,Alameda,001,1643700,87205,87028,1881,88909,1278
2021-05-06,Alpine,002,1148,87,88,0,88,0
2021-05-06,Amador,005,37829,3646,3650,32,3682,46
2021-05-06,Butte,007,227075,12288,11929,1798,13727,198
2021-05-06,Calaveras,009,45235,2113,2111,13,2124,52
2021-05-06,Colusa,011,21464,1932,1935,295,2230,14
2021-05-06,Contra Costa,013,1133247,68658,68076,1224,69300,802
2021-05-06,Del Norte,015,27424,1361,1324,12,1336,6
2021-05-06,El Dorado,017,186661,10130,10048,727,10775,112
2021-05-06,Fresno,019,978130,102046,101536,8516,110052,1680
2021-05-06,Glenn,021,27897,2402,2380,543,2923,17
2021-05-06,Humboldt,023,135768,3965,3898,33,3931,36
2021-05-06,Imperial,025,180216,28437,28311,2649,30960,720
2021-05-06,Inyo,027,18085,1403,1401,11,1412,36
2021-05-06,Kern,029,883053,96821,95801,10592,106393,1307
2021-05-06,Kings,031,150075,23065,22848,1065,23913,246
2021-05-06,Lake,033,64148,3482,3465,9,3474,43
2021-05-06,Lassen,035,31185,5177,5143,105,5248,1
2021-05-06,Los Angeles,037,10098052,1203621,1193954,40139,1234093,23991
2021-05-06,Madera,039,155013,16518,16430,909,17339,238
2021-05-06,Marin,041,260295,14017,13956,243,14199,228
2021-05-06,Mariposa,043,17540,422,419,11,430,5
2021-05-06,Mendocino,045,87422,3873,3802,80,3882,46
2021-05-06,Merced,047,269075,30745,30863,1023,31886,444
2021-05-06,Modoc,049,8938,368,360,122,482,3
2021-05-06,Mono,051,14174,1251,1261,17,1278,3
2021-05-06,Monterey,053,433212,43020,42899,1817,44716,379
2021-05-06,Napa,055,140530,9813,9843,33,9876,81
2021-05-06,Nevada,057,99092,4745,4687,185,4872,70
2021-05-06,Orange,059,3164182,254741,253286,11122,264408,4991
2021-05-06,Placer,061,380077,22904,22493,1430,23923,286
2021-05-06,Plumas,063,18699,693,678,10,688,4
2021-05-06,Riverside,065,2383286,293053,287399,13760,301159,4422
2021-05-06,Sacramento,067,1510023,104352,103956,1682,105638,1609
2021-05-06,San Benito,069,59416,6035,6045,111,6156,63
2021-05-06,San Bernardino,071,2135413,292267,291085,8859,299944,4683
2021-05-06,San Diego,073,3302833,278835,277324,14650,291974,3716
2021-05-06,San Francisco,075,870044,36419,36599,1246,37845,543
2021-05-06,San Joaquin,077,732212,72393,71729,3413,75142,1350
2021-05-06,San Luis Obispo,079,281455,21219,20965,713,21678,256
2021-05-06,San Mateo,081,765935,42041,41802,460,42262,424
2021-05-06,Santa Barbara,083,443738,34282,34152,1111,35263,453
2021-05-06,Santa Clara,085,1922200,117970,118591,735,119326,2001
2021-05-06,Santa Cruz,087,273765,16157,16050,796,16846,206
2021-05-06,Shasta,089,179085,11987,11983,1495,13478,199
2021-05-06,Sierra,091,2930,56,54,12,66,0
2021-05-06,Siskiyou,093,43540,1830,1711,319,2030,12
2021-05-06,Solano,095,438530,32478,32320,519,32839,249
2021-05-06,Sonoma,097,501317,29748,29911,320,30231,318
2021-05-06,Stanislaus,099,539301,55599,55323,5785,61108,834
2021-05-06,Sutter,101,95872,9356,9396,80,9476,111
2021-05-06,Tehama,103,63373,4995,4970,551,5521,53
2021-05-06,Trinity,105,12862,482,327,83,410,3
2021-05-06,Tulare,107,460477,49921,48890,8761,57651,836
2021-05-06,Tuolumne,109,53932,4003,4047,41,4088,63
2021-05-06,Ventura,111,848112,81021,80411,2927,83338,1005
2021-05-06,Yolo,113,214977,13860,13871,212,14083,209
2021-05-06,Yuba,115,75493,5937,5901,119,6020,46
2021-05-05,Alameda,001,1643700,87144,86950,1879,88829,1278
2021-05-05,Alpine,002,1148,87,88,0,88,0
2021-05-05,Amador,005,37829,3643,3650,32,3682,46
2021-05-05,Butte,007,227075,12270,11907,1795,13702,198
2021-05-05,Calaveras,009,45235,2109,2103,13,2116,52
2021-05-05,Colusa,011,21464,1931,1933,295,2228,14
2021-05-05,Contra Costa,013,1133247,68593,67997,1220,69217,803
2021-05-05,Del Norte,015,27424,1358,1317,12,1329,6
2021-05-05,El Dorado,017,186661,10119,10020,726,10746,111
2021-05-05,Fresno,019,978130,101997,101491,8507,109998,1680
2021-05-05,Glenn,021,27897,2399,2380,542,2922,17
2021-05-05,Humboldt,023,135768,3946,3886,32,3918,36
2021-05-05,Imperial,025,180216,28396,28295,2642,30937,720
2021-05-05,Inyo,027,18085,1402,1401,11,1412,36
2021-05-05,Kern,029,883053,96777,95753,10588,106341,1304
2021-05-05,Kings,031,150075,23059,22840,1064,23904,246
2021-05-05,Lake,033,64148,3479,3458,9,3467,43
2021-05-05,Lassen,035,31185,5177,5143,104,5247,1
2021-05-05,Los Angeles,037,10098052,1203354,1193608,40125,1233733,23977
2021-05-05,Madera,039,155013,16516,16423,909,17332,235
2021-05-05,Marin,041,260295,14009,13950,242,14192,228
2021-05-05,Mariposa,043,17540,422,418,11,429,5
2021-05-05,Mendocino,045,87422,3869,3799,80,3879,46
2021-05-05,Merced,047,269075,30724,30844,1023,31867,444
2021-05-05,Modoc,049,8938,367,361,121,482,3
2021-05-05,Mono,051,14174,1251,1260,17,1277,3
2021-05-05,Monterey,053,433212,43007,42870,1814,44684,379
2021-05-05,Napa,055,140530,9807,9833,33,9866,81
2021-05-05,Nevada,057,99092,4742,4666,185,4851,70
2021-05-05,Orange,059,3164182,254683,253237,11117,264354,4978
2021-05-05,Placer,061,380077,22872,22362,1426,23788,287
2021-05-05,Plumas,063,18699,693,677,10,687,4
2021-05-05,Riverside,065,2383286,292958,287353,13751,301104,4414
2021-05-05,Sacramento,067,1510023,104264,103476,1677,105153,1607
2021-05-05,San Benito,069,59416,6026,6046,111,6157,63
2021-05-05,San Bernardino,071,2135413,292192,291008,8854,299862,4677
2021-05-05,San Diego,073,3302833,278698,277098,14631,291729,3716
2021-05-05,San Francisco,075,870044,36404,36577,1245,37822,543
2021-05-05,San Joaquin,077,732212,72341,71638,3410,75048,1345
2021-05-05,San Luis Obispo,079,281455,21211,20958,713,21671,256
2021-05-05,San Mateo,081,765935,42012,41755,459,42214,415
2021-05-05,Santa Barbara,083,443738,34267,34139,1110,35249,453
2021-05-05,Santa Clara,085,1922200,117940,118482,732,119214,1992
2021-05-05,Santa Cruz,087,273765,16151,16013,796,16809,207
2021-05-05,Shasta,089,179085,11971,11939,1491,13430,200
2021-05-05,Sierra,091,2930,56,54,12,66,0
2021-05-05,Siskiyou,093,43540,1813,1706,311,2017,11
2021-05-05,Solano,095,438530,32443,32250,517,32767,249
2021-05-05,Sonoma,097,501317,29735,29879,320,30199,318
2021-05-05,Stanislaus,099,539301,55542,55231,5783,61014,807
2021-05-05,Sutter,101,95872,9350,9387,80,9467,111
2021-05-05,Tehama,103,63373,4991,4968,551,5519,53
2021-05-05,Trinity,105,12862,482,326,83,409,3
2021-05-05,Tulare,107,460477,49897,48875,8754,57629,835
2021-05-05,Tuolumne,109,53932,4000,4040,41,4081,63
2021-05-05,Ventura,111,848112,80993,80372,2923,83295,1005
2021-05-05,Yolo,113,214977,13856,13846,210,14056,209
2021-05-05,Yuba,115,75493,5927,5895,118,6013,44
2021-05-04,Alameda,001,1643700,87052,86894,1879,88773,1277
2021-05-04,Alpine,002,1148,87,88,0,88,0
2021-05-04,Amador,005,37829,3643,3650,32,3682,46
2021-05-04,Butte,007,227075,12246,11883,1794,13677,198
2021-05-04,Calaveras,009,45235,2105,2100,13,2113,52
2021-05-04,Colusa,011,21464,1930,1933,295,2228,14
2021-05-04,Contra Costa,013,1133247,68513,67931,1218,69149,799
2021-05-04,Del Norte,015,27424,1358,1314,12,1326,6
2021-05-04,El Dorado,017,186661,10108,10009,722,10731,110
2021-05-04,Fresno,019,978130,101942,101451,8500,109951,1677
2021-05-04,Glenn,021,27897,2396,2379,539,2918,17
2021-05-04,Humboldt,023,135768,3920,3877,32,3909,36
2021-05-04,Imperial,025,180216,28377,28276,2639,30915,720
2021-05-04,Inyo,027,18085,1402,1399,11,1410,36
2021-05-04,Kern,029,883053,96741,95720,10570,106290,1301
2021-05-04,Kings,031,150075,23045,22822,1061,23883,246
2021-05-04,Lake,033,64148,3478,3454,9,3463,43
2021-05-04,Lassen,035,31185,5176,5142,104,5246,1
2021-05-04,Los Angeles,037,10098052,1203064,1193453,40112,1233565,23957
2021-05-04,Madera,039,155013,16515,16418,909,17327,235
2021-05-04,Marin,041,260295,14001,13935,242,14177,228
2021-05-04,Mariposa,043,17540,422,418,11,429,5
2021-05-04,Mendocino,045,87422,3864,3794,80,3874,46
2021-05-04,Merced,047,269075,30707,30829,1023,31852,444
2021-05-04,Modoc,049,8938,366,360,120,480,3
2021-05-04,Mono,051,14174,1251,1260,17,1277,3
2021-05-04,Monterey,053,433212,42995,42845,1813,44658,380
2021-05-04,Napa,055,140530,9798,9824,33,9857,81
2021-05-04,Nevada,057,99092,4735,4656,185,4841,70
2021-05-04,Orange,059,3164182,254615,253177,11109,264286,4977
2021-05-04,Placer,061,380077,22844,22326,1423,23749,287
2021-05-04,Plumas,063,18699,692,675,10,685,4
2021-05-04,Riverside,065,2383286,292874,287285,13744,301029,4411
2021-05-04,Sacramento,067,1510023,104135,103383,1672,105055,1604
2021-05-04,San Benito,069,59416,6025,6039,111,6150,63
2021-05-04,San Bernardino,071,2135413,292115,290934,8847,299781,4668
2021-05-04,San Diego,073,3302833,278531,276879,14614,291493,3713
2021-05-04,San Francisco,075,870044,36386,36550,1245,37795,541
2021-05-04,San Joaquin,077,732212,72280,71582,3405,74987,1342
2021-05-04,San Luis Obispo,079,281455,21205,20923,711,21634,255
2021-05-04,San Mateo,081,765935,41986,41708,459,42167,415
2021-05-04,Santa Barbara,083,443738,34252,34131,1109,35240,453
2021-05-04,Santa Clara,085,1922200,117877,118431,731,119162,1988
2021-05-04,Santa Cruz,087,273765,16145,16005,796,16801,207
2021-05-04,Shasta,089,179085,11951,11923,1485,13408,198
2021-05-04,Sierra,091,2930,56,54,12,66,0
2021-05-04,Siskiyou,093,43540,1806,1694,309,2003,11
2021-05-04,Solano,095,438530,32402,32220,515,32735,249
2021-05-04,Sonoma,097,501317,29715,29867,319,30186,318
2021-05-04,Stanislaus,099,539301,55486,55165,5780,60945,807
2021-05-04,Sutter,101,95872,9345,9375,80,9455,111
2021-05-04,Tehama,103,63373,4988,4959,550,5509,53
2021-05-04,Trinity,105,12862,482,326,83,409,3
2021-05-04,Tulare,107,460477,49870,48857,8746,57603,835
2021-05-04,Tuolumne,109,53932,3998,4041,41,4082,61
2021-05-04,Ventura,111,848112,80964,80351,2921,83272,1005
2021-05-04,Yolo,113,214977,13843,13820,208,14028,208
2021-05-04,Yuba,115,75493,5921,5891,118,6009,44
2021-05-03,Alameda,001,1643700,86976,86845,1874,88719,1272
2021-05-03,Alpine,002,1148,87,88,0,88,0
2021-05-03,Amador,005,37829,3643,3651,32,3683,46
2021-05-03,Butte,007,227075,12236,11864,1791,13655,198
2021-05-03,Calaveras,009,45235,2103,2099,13,2112,50
2021-05-03,Colusa,011,21464,1929,1931,293,2224,14
2021-05-03,Contra Costa,013,1133247,68454,67895,1214,69109,799
2021-05-03,Del Norte,015,27424,1353,1306,11,1317,6
2021-05-03,El Dorado,017,186661,10090,9984,717,10701,110
2021-05-03,Fresno,019,978130,101886,101405,8490,109895,1678
2021-05-03,Glenn,021,27897,2396,2375,538,2913,17
2021-05-03,Humboldt,023,135768,3905,3865,32,3897,36
2021-05-03,Imperial,025,180216,28355,28280,2636,30916,720
2021-05-03,Inyo,027,18085,1401,1398,11,1409,36
2021-05-03,Kern,029,883053,96704,95693,10559,106252,1299
2021-05-03,Kings,031,150075,23036,22821,1061,23882,246
2021-05-03,Lake,033,64148,3476,3446,9,3455,43
2021-05-03,Lassen,035,31185,5175,5142,104,5246,1
2021-05-03,Los Angeles,037,10098052,1202796,1193261,40086,1233347,23942
2021-05-03,Madera,039,155013,16510,16414,908,17322,235
2021-05-03,Marin,041,260295,13995,13927,242,14169,228
2021-05-03,Mariposa,043,17540,422,418,11,429,5
2021-05-03,Mendocino,045,87422,3857,3792,80,3872,46
2021-05-03,Merced,047,269075,30696,30814,1021,31835,444
2021-05-03,Modoc,049,8938,366,360,120,480,3
2021-05-03,Mono,051,14174,1251,1259,17,1276,3
2021-05-03,Monterey,053,433212,42983,42837,1811,44648,380
2021-05-03,Napa,055,140530,9793,9815,33,9848,81
2021-05-03,Nevada,057,99092,4727,4650,185,4835,70
2021-05-03,Orange,059,3164182,254557,253107,11100,264207,4968
2021-05-03,Placer,061,380077,22813,22289,1417,23706,287
2021-05-03,Plumas,063,18699,691,675,10,685,4
2021-05-03,Riverside,065,2383286,292800,287233,13743,300976,4412
2021-05-03,Sacramento,067,1510023,103982,103303,1662,104965,1602
2021-05-03,San Benito,069,59416,6024,6038,111,6149,63
2021-05-03,San Bernardino,071,2135413,292047,290886,8844,299730,4659
2021-05-03,San Diego,073,3302833,278368,276693,14589,291282,3712
2021-05-03,San Francisco,075,870044,36360,36538,1245,37783,541
2021-05-03,San Joaquin,077,732212,72230,71504,3402,74906,1325
2021-05-03,San Luis Obispo,079,281455,21189,20915,708,21623,254
2021-05-03,San Mateo,081,765935,41963,41689,458,42147,413
2021-05-03,Santa Barbara,083,443738,34240,34119,1109,35228,453
2021-05-03,Santa Clara,085,1922200,117823,118373,730,119103,1988
2021-05-03,Santa Cruz,087,273765,16142,16000,796,16796,207
2021-05-03,Shasta,089,179085,11928,11890,1480,13370,197
2021-05-03,Sierra,091,2930,56,54,12,66,0
2021-05-03,Siskiyou,093,43540,1800,1683,303,1986,11
2021-05-03,Solano,095,438530,32361,32201,514,32715,249
2021-05-03,Sonoma,097,501317,29703,29855,316,30171,318
2021-05-03,Stanislaus,099,539301,55420,55116,5771,60887,774
2021-05-03,Sutter,101,95872,9333,9370,80,9450,111
2021-05-03,Tehama,103,63373,4980,4952,550,5502,53
2021-05-03,Trinity,105,12862,482,326,83,409,3
2021-05-03,Tulare,107,460477,49852,48844,8736,57580,835
2021-05-03,Tuolumne,109,53932,3997,4038,41,4079,61
2021-05-03,Ventura,111,848112,80942,80291,2921,83212,1005
2021-05-03,Yolo,113,214977,13829,13809,207,14016,208
2021-05-03,Yuba,115,75493,5916,5880,118,5998,44
2021-05-02,Alameda,001,1643700,86891,86784,1872,88656,1272
2021-05-02,Alpine,002,1148,87,88,0,88,0
2021-05-02,Amador,005,37829,3643,3650,32,3682,46
2021-05-02,Butte,007,227075,12212,11859,1789,13648,198
2021-05-02,Calaveras,009,45235,2099,2098,13,2111,50
2021-05-02,Colusa,011,21464,1928,1931,292,2223,14
2021-05-02,Contra Costa,013,1133247,68369,67843,1212,69055,800
2021-05-02,Del Norte,015,27424,1346,1305,11,1316,6
2021-05-02,El Dorado,017,186661,10075,9962,716,10678,110
2021-05-02,Fresno,019,978130,101814,101372,8479,109851,1678
2021-05-02,Glenn,021,27897,2395,2374,536,2910,17
2021-05-02,Humboldt,023,135768,3893,3858,31,3889,36
2021-05-02,Imperial,025,180216,28321,28275,2627,30902,721
2021-05-02,Inyo,027,18085,1399,1398,11,1409,36
2021-05-02,Kern,029,883053,96646,95668,10552,106220,1299
2021-05-02,Kings,031,150075,23018,22816,1060,23876,246
2021-05-02,Lake,033,64148,3474,3443,9,3452,43
2021-05-02,Lassen,035,31185,5174,5142,103,5245,1
2021-05-02,Los Angeles,037,10098052,1202444,1193056,40065,1233121,23943
2021-05-02,Madera,039,155013,16504,16410,908,17318,235
2021-05-02,Marin,041,260295,13985,13917,242,14159,228
2021-05-02,Mariposa,043,17540,422,419,11,430,5
2021-05-02,Mendocino,045,87422,3852,3787,80,3867,46
2021-05-02,Merced,047,269075,30676,30793,1017,31810,444
2021-05-02,Modoc,049,8938,365,360,120,480,3
2021-05-02,Mono,051,14174,1250,1259,17,1276,3
2021-05-02,Monterey,053,433212,42969,42837,1810,44647,380
2021-05-02,Napa,055,140530,9789,9805,33,9838,81
2021-05-02,Nevada,057,99092,4711,4635,185,4820,70
2021-05-02,Orange,059,3164182,254483,253025,11086,264111,4968
2021-05-02,Placer,061,380077,22784,22264,1414,23678,287
2021-05-02,Plumas,063,18699,691,675,10,685,4
2021-05-02,Riverside,065,2383286,292700,287197,13733,300930,4412
2021-05-02,Sacramento,067,1510023,103843,103153,1654,104807,1602
2021-05-02,San Benito,069,59416,6019,6037,111,6148,63
2021-05-02,San Bernardino,071,2135413,291948,290859,8842,299701,4655
2021-05-02,San Diego,073,3302833,278172,276521,14562,291083,3712
2021-05-02,San Francisco,075,870044,36334,36522,1245,37767,541
2021-05-02,San Joaquin,077,732212,72166,71447,3396,74843,1325
2021-05-02,San Luis Obispo,079,281455,21168,20910,707,21617,254
2021-05-02,San Mateo,081,765935,41947,41656,457,42113,412
2021-05-02,Santa Barbara,083,443738,34226,34106,1109,35215,453
2021-05-02,Santa Clara,085,1922200,117749,118321,730,119051,1988
2021-05-02,Santa Cruz,087,273765,16137,15995,795,16790,207
2021-05-02,Shasta,089,179085,11912,11885,1472,13357,197
2021-05-02,Sierra,091,2930,56,54,12,66,0
2021-05-02,Siskiyou,093,43540,1789,1661,302,1963,11
2021-05-02,Solano,095,438530,32322,32151,510,32661,249
2021-05-02,Sonoma,097,501317,29681,29842,316,30158,318
2021-05-02,Stanislaus,099,539301,55346,55057,5764,60821,774
2021-05-02,Sutter,101,95872,9327,9363,80,9443,111
2021-05-02,Tehama,103,63373,4975,4950,548,5498,53
2021-05-02,Trinity,105,12862,482,326,83,409,3
2021-05-02,Tulare,107,460477,49834,48834,8728,57562,835
2021-05-02,Tuolumne,109,53932,3994,4038,41,4079,61
2021-05-02,Ventura,111,848112,80904,80284,2920,83204,1005
2021-05-02,Yolo,113,214977,13817,13799,206,14005,208
2021-05-02,Yuba,115,75493,5906,5879,118,5997,44
2021-05-01,Alameda,001,1643700,86848,86704,1869,88573,1270
2021-05-01,Alpine,002,1148,87,88,0,88,0
2021-05-01,Amador,005,37829,3643,3650,32,3682,46
2021-05-01,Butte,007,227075,12198,11845,1784,13629,198
2021-05-01,Calaveras,009,45235,2097,2096,13,2109,50
2021-05-01,Colusa,011,21464,1927,1931,292,2223,14
2021-05-01,Contra Costa,013,1133247,68317,67779,1209,68988,800
2021-05-01,Del Norte,015,27424,1345,1292,11,1303,6
2021-05-01,El Dorado,017,186661,10061,9944,714,10658,110
2021-05-01,Fresno,019,978130,101769,101326,8473,109799,1678
2021-05-01,Glenn,021,27897,2392,2369,535,2904,17
2021-05-01,Humboldt,023,135768,3879,3845,31,3876,36
2021-05-01,Imperial,025,180216,28314,28262,2627,30889,721
2021-05-01,Inyo,027,18085,1399,1397,11,1408,36
2021-05-01,Kern,029,883053,96619,95645,10541,106186,1299
2021-05-01,Kings,031,150075,23015,22797,1059,23856,246
2021-05-01,Lake,033,64148,3472,3441,9,3450,43
2021-05-01,Lassen,035,31185,5172,5142,103,5245,1
2021-05-01,Los Angeles,037,10098052,1202274,1192781,40051,1232832,23946
2021-05-01,Madera,039,155013,16500,16408,908,17316,235
2021-05-01,Marin,041,260295,13977,13902,242,14144,228
2021-05-01,Mariposa,043,17540,422,418,11,429,5
2021-05-01,Mendocino,045,87422,3850,3782,80,3862,46
2021-05-01,Merced,047,269075,30659,30771,1016,31787,444
2021-05-01,Modoc,049,8938,365,361,120,481,3
2021-05-01,Mono,051,14174,1250,1258,17,1275,3
2021-05-01,Monterey,053,433212,42963,42828,1810,44638,379
2021-05-01,Napa,055,140530,9786,9800,33,9833,81
2021-05-01,Nevada,057,99092,4706,4625,185,4810,70
2021-05-01,Orange,059,3164182,254440,252969,11076,264045,4964
2021-05-01,Placer,061,380077,22758,22240,1412,23652,287
2021-05-01,Plumas,063,18699,690,675,10,685,4
2021-05-01,Riverside,065,2383286,292661,287129,13731,300860,4412
2021-05-01,Sacramento,067,1510023,103762,103043,1653,104696,1602
2021-05-01,San Benito,069,59416,6016,6030,111,6141,63
2021-05-01,San Bernardino,071,2135413,291905,290802,8841,299643,4652
2021-05-01,San Diego,073,3302833,278048,276367,14541,290908,3706
2021-05-01,San Francisco,075,870044,36319,36496,1245,37741,541
2021-05-01,San Joaquin,077,732212,72117,71389,3394,74783,1325
2021-05-01,San Luis Obispo,079,281455,21163,20896,707,21603,254
2021-05-01,San Mateo,081,765935,41918,41617,456,42073,411
2021-05-01,Santa Barbara,083,443738,34221,34085,1108,35193,453
2021-05-01,Santa Clara,085,1922200,117697,118265,728,118993,1988
2021-05-01,Santa Cruz,087,273765,16134,15984,795,16779,207
2021-05-01,Shasta,089,179085,11892,11878,1465,13343,197
2021-05-01,Sierra,091,2930,56,53,12,65,0
2021-05-01,Siskiyou,093,43540,1781,1653,301,1954,11
2021-05-01,Solano,095,438530,32292,32124,502,32626,249
2021-05-01,Sonoma,097,501317,29678,29835,316,30151,318
2021-05-01,Stanislaus,099,539301,55311,55005,5758,60763,774
2021-05-01,Sutter,101,95872,9324,9358,80,9438,110
2021-05-01,Tehama,103,63373,4974,4950,547,5497,53
2021-05-01,Trinity,105,12862,482,326,82,408,3
2021-05-01,Tulare,107,460477,49827,48818,8722,57540,835
2021-05-01,Tuolumne,109,53932,3988,4035,41,4076,61
2021-05-01,Ventura,111,848112,80886,80268,2920,83188,1005
2021-05-01,Yolo,113,214977,13810,13784,204,13988,208
2021-05-01,Yuba,115,75493,5904,5875,118,5993,44
2021-04-30,Alameda,001,1643700,86787,86602,1866,88468,1268
2021-04-30,Alpine,002,1148,87,88,0,88,0
2021-04-30,Amador,005,37829,3641,3650,32,3682,46
2021-04-30,Butte,007,227075,12179,11812,1780,13592,197
2021-04-30,Calaveras,009,45235,2096,2087,13,2100,50
2021-04-30,Colusa,011,21464,1927,1931,291,2222,14
2021-04-30,Contra Costa,013,1133247,68269,67684,1206,68890,800
2021-04-30,Del Norte,015,27424,1333,1276,11,1287,6
2021-04-30,El Dorado,017,186661,10047,9906,714,10620,110
2021-04-30,Fresno,019,978130,101723,101263,8469,109732,1670
2021-04-30,Glenn,021,27897,2391,2369,535,2904,17
2021-04-30,Humboldt,023,135768,3866,3834,31,3865,36
2021-04-30,Imperial,025,180216,28305,28244,2624,30868,721
2021-04-30,Inyo,027,18085,1399,1397,11,1408,36
2021-04-30,Kern,029,883053,96602,95605,10537,106142,1298
2021-04-30,Kings,031,150075,23012,22793,1058,23851,246
2021-04-30,Lake,033,64148,3468,3440,9,3449,43
2021-04-30,Lassen,035,31185,5171,5140,103,5243,1
2021-04-30,Los Angeles,037,10098052,1202063,1192393,40038,1232431,23919
2021-04-30,Madera,039,155013,16494,16395,908,17303,235
2021-04-30,Marin,041,260295,13969,13895,240,14135,228
2021-04-30,Mariposa,043,17540,422,417,11,428,5
2021-04-30,Mendocino,045,87422,3846,3777,80,3857,46
2021-04-30,Merced,047,269075,30646,30740,1015,31755,444
2021-04-30,Modoc,049,8938,364,360,120,480,3
2021-04-30,Mono,051,14174,1250,1258,17,1275,3
2021-04-30,Monterey,053,433212,42949,42810,1809,44619,379
2021-04-30,Napa,055,140530,9782,9792,33,9825,81
2021-04-30,Nevada,057,99092,4698,4608,185,4793,70
2021-04-30,Orange,059,3164182,254382,252883,11070,263953,4956
2021-04-30,Placer,061,380077,22739,22190,1408,23598,287
2021-04-30,Plumas,063,18699,690,677,10,687,4
2021-04-30,Riverside,065,2383286,292603,287030,13724,300754,4412
2021-04-30,Sacramento,067,1510023,103661,102864,1649,104513,1596
2021-04-30,San Benito,069,59416,6012,6024,110,6134,63
2021-04-30,San Bernardino,071,2135413,291845,290704,8840,299544,4640
2021-04-30,San Diego,073,3302833,277952,276157,14530,290687,3702
2021-04-30,San Francisco,075,870044,36308,36453,1244,37697,538
2021-04-30,San Joaquin,077,732212,72065,71311,3391,74702,1306
2021-04-30,San Luis Obispo,079,281455,21157,20884,707,21591,255
2021-04-30,San Mateo,081,765935,41904,41583,455,42038,380
2021-04-30,Santa Barbara,083,443738,34208,34061,1108,35169,451
2021-04-30,Santa Clara,085,1922200,117639,118170,724,118894,1988
2021-04-30,Santa Cruz,087,273765,16129,15975,795,16770,207
2021-04-30,Shasta,089,179085,11871,11848,1462,13310,197
2021-04-30,Sierra,091,2930,56,53,12,65,0
2021-04-30,Siskiyou,093,43540,1770,1628,298,1926,11
2021-04-30,Solano,095,438530,32260,32050,499,32549,249
2021-04-30,Sonoma,097,501317,29668,29816,314,30130,318
2021-04-30,Stanislaus,099,539301,55260,54938,5755,60693,774
2021-04-30,Sutter,101,95872,9322,9353,80,9433,110
2021-04-30,Tehama,103,63373,4971,4944,547,5491,53
2021-04-30,Trinity,105,12862,482,326,82,408,3
2021-04-30,Tulare,107,460477,49817,48797,8706,57503,836
2021-04-30,Tuolumne,109,53932,3987,4033,41,4074,61
2021-04-30,Ventura,111,848112,80846,80232,2915,83147,1004
2021-04-30,Yolo,113,214977,13798,13756,204,13960,208
2021-04-30,Yuba,115,75493,5896,5870,118,5988,44
2021-04-29,Alameda,001,1643700,86720,86490,1865,88355,1263
2021-04-29,Alpine,002,1148,87,88,0,88,0
2021-04-29,Amador,005,37829,3641,3649,32,3681,46
2021-04-29,Butte,007,227075,12164,11787,1778,13565,196
2021-04-29,Calaveras,009,45235,2093,2082,13,2095,50
2021-04-29,Colusa,011,21464,1927,1929,291,2220,14
2021-04-29,Contra Costa,013,1133247,68214,67606,1203,68809,795
2021-04-29,Del Norte,015,27424,1329,1271,11,1282,6
2021-04-29,El Dorado,017,186661,10027,9884,711,10595,107
2021-04-29,Fresno,019,978130,101669,101189,8458,109647,1667
2021-04-29,Glenn,021,27897,2388,2369,535,2904,17
2021-04-29,Humboldt,023,135768,3852,3815,31,3846,36
2021-04-29,Imperial,025,180216,28293,28235,2623,30858,720
2021-04-29,Inyo,027,18085,1399,1396,11,1407,36
2021-04-29,Kern,029,883053,96569,95547,10533,106080,1295
2021-04-29,Kings,031,150075,23002,22777,1053,23830,245
2021-04-29,Lake,033,64148,3460,3438,9,3447,43
2021-04-29,Lassen,035,31185,5171,5140,103,5243,1
2021-04-29,Los Angeles,037,10098052,1201785,1192068,40017,1232085,23899
2021-04-29,Madera,039,155013,16489,16383,907,17290,235
2021-04-29,Marin,041,260295,13965,13884,232,14116,228
2021-04-29,Mariposa,043,17540,421,416,11,427,5
2021-04-29,Mendocino,045,87422,3840,3774,80,3854,46
2021-04-29,Merced,047,269075,30627,30706,1014,31720,444
2021-04-29,Modoc,049,8938,364,360,120,480,3
2021-04-29,Mono,051,14174,1247,1259,17,1276,3
2021-04-29,Monterey,053,433212,42932,42797,1808,44605,379
2021-04-29,Napa,055,140530,9768,9789,33,9822,81
2021-04-29,Nevada,057,99092,4687,4590,185,4775,70
2021-04-29,Orange,059,3164182,254312,252823,11055,263878,4934
2021-04-29,Placer,061,380077,22714,22161,1406,23567,286
2021-04-29,Plumas,063,18699,689,676,10,686,4
2021-04-29,Riverside,065,2383286,292535,286947,13722,300669,4409
2021-04-29,Sacramento,067,1510023,103528,102686,1639,104325,1593
2021-04-29,San Benito,069,59416,6011,6023,110,6133,63
2021-04-29,San Bernardino,071,2135413,291773,290606,8835,299441,4609
2021-04-29,San Diego,073,3302833,277801,275961,14513,290474,3700
2021-04-29,San Francisco,075,870044,36283,36412,1244,37656,537
2021-04-29,San Joaquin,077,732212,71999,71225,3386,74611,1301
2021-04-29,San Luis Obispo,079,281455,21146,20876,707,21583,255
2021-04-29,San Mateo,081,765935,41876,41538,454,41992,358
2021-04-29,Santa Barbara,083,443738,34192,34039,1106,35145,448
2021-04-29,Santa Clara,085,1922200,117584,118082,721,118803,1984
2021-04-29,Santa Cruz,087,273765,16123,15961,795,16756,205
2021-04-29,Shasta,089,179085,11840,11836,1454,13290,193
2021-04-29,Sierra,091,2930,56,53,12,65,0
2021-04-29,Siskiyou,093,43540,1761,1615,295,1910,11
2021-04-29,Solano,095,438530,32219,32002,495,32497,248
2021-04-29,Sonoma,097,501317,29653,29785,311,30096,318
2021-04-29,Stanislaus,099,539301,55193,54836,5750,60586,774
2021-04-29,Sutter,101,95872,9315,9346,80,9426,110
2021-04-29,Tehama,103,63373,4963,4939,547,5486,53
2021-04-29,Trinity,105,12862,482,326,82,408,3
2021-04-29,Tulare,107,460477,49799,48785,8695,57480,832
2021-04-29,Tuolumne,109,53932,3986,4030,41,4071,58
2021-04-29,Ventura,111,848112,80812,80188,2913,83101,1002
2021-04-29,Yolo,113,214977,13778,13745,203,13948,205
2021-04-29,Yuba,115,75493,5886,5865,118,5983,44
2021-04-28,Alameda,001,1643700,86648,86390,1861,88251,1260
2021-04-28,Alpine,002,1148,87,88,0,88,0
2021-04-28,Amador,005,37829,3641,3646,32,3678,46
2021-04-28,Butte,007,227075,12144,11762,1773,13535,196
2021-04-28,Calaveras,009,45235,2089,2078,12,2090,50
2021-04-28,Colusa,011,21464,1924,1927,290,2217,14
2021-04-28,Contra Costa,013,1133247,68154,67539,1201,68740,795
2021-04-28,Del Norte,015,27424,1321,1267,11,1278,6
2021-04-28,El Dorado,017,186661,10002,9873,711,10584,107
2021-04-28,Fresno,019,978130,101623,101161,8448,109609,1666
2021-04-28,Glenn,021,27897,2385,2368,535,2903,17
2021-04-28,Humboldt,023,135768,3836,3796,31,3827,36
2021-04-28,Imperial,025,180216,28279,28177,2622,30799,720
2021-04-28,Inyo,027,18085,1399,1396,10,1406,36
2021-04-28,Kern,029,883053,96540,95494,10524,106018,1295
2021-04-28,Kings,031,150075,22990,22767,1051,23818,245
2021-04-28,Lake,033,64148,3457,3433,9,3442,43
2021-04-28,Lassen,035,31185,5171,5138,103,5241,1
2021-04-28,Los Angeles,037,10098052,1201483,1191729,39990,1231719,23858
2021-04-28,Madera,039,155013,16485,16372,907,17279,235
2021-04-28,Marin,041,260295,13954,13866,232,14098,227
2021-04-28,Mariposa,043,17540,418,415,11,426,5
2021-04-28,Mendocino,045,87422,3834,3770,78,3848,46
2021-04-28,Merced,047,269075,30609,30649,1014,31663,443
2021-04-28,Modoc,049,8938,364,360,120,480,3
2021-04-28,Mono,051,14174,1247,1258,17,1275,3
2021-04-28,Monterey,053,433212,42927,42776,1808,44584,379
2021-04-28,Napa,055,140530,9757,9777,33,9810,81
2021-04-28,Nevada,057,99092,4667,4570,185,4755,70
2021-04-28,Orange,059,3164182,254232,252747,11043,263790,4931
2021-04-28,Placer,061,380077,22687,22115,1405,23520,285
2021-04-28,Plumas,063,18699,689,676,10,686,4
2021-04-28,Riverside,065,2383286,292479,286868,13716,300584,4407
2021-04-28,Sacramento,067,1510023,103407,102613,1635,104248,1591
2021-04-28,San Benito,069,59416,6009,6021,110,6131,63
2021-04-28,San Bernardino,071,2135413,291694,290548,8825,299373,4582
2021-04-28,San Diego,073,3302833,277647,275821,14499,290320,3698
2021-04-28,San Francisco,075,870044,36253,36382,1243,37625,534
2021-04-28,San Joaquin,077,732212,71919,71171,3378,74549,1301
2021-04-28,San Luis Obispo,079,281455,21138,20851,707,21558,255
2021-04-28,San Mateo,081,765935,41851,41498,452,41950,358
2021-04-28,Santa Barbara,083,443738,34178,34003,1106,35109,448
2021-04-28,Santa Clara,085,1922200,117515,117997,719,118716,1969
2021-04-28,Santa Cruz,087,273765,16119,15943,794,16737,205
2021-04-28,Shasta,089,179085,11824,11815,1447,13262,192
2021-04-28,Sierra,091,2930,56,51,12,63,0
2021-04-28,Siskiyou,093,43540,1748,1603,292,1895,11
2021-04-28,Solano,095,438530,32187,31982,490,32472,248
2021-04-28,Sonoma,097,501317,29639,29773,307,30080,318
2021-04-28,Stanislaus,099,539301,55138,54745,5747,60492,774
2021-04-28,Sutter,101,95872,9310,9343,80,9423,110
2021-04-28,Tehama,103,63373,4958,4930,546,5476,53
2021-04-28,Trinity,105,12862,482,326,82,408,3
2021-04-28,Tulare,107,460477,49781,48754,8680,57434,832
2021-04-28,Tuolumne,109,53932,3983,4029,41,4070,58
2021-04-28,Ventura,111,848112,80777,80172,2911,83083,1000
2021-04-28,Yolo,113,214977,13764,13721,202,13923,205
2021-04-28,Yuba,115,75493,5880,5857,118,5975,44
2021-04-27,Alameda,001,1643700,86558,86301,1855,88156,1260
2021-04-27,Alpine,002,1148,87,88,0,88,0
2021-04-27,Amador,005,37829,3641,3645,32,3677,46
2021-04-27,Butte,007,227075,12119,11738,1767,13505,196
2021-04-27,Calaveras,009,45235,2087,2076,12,2088,50
2021-04-27,Colusa,011,21464,1923,1926,290,2216,14
2021-04-27,Contra Costa,013,1133247,68085,67470,1197,68667,791
2021-04-27,Del Norte,015,27424,1309,1266,11,1277,6
2021-04-27,El Dorado,017,186661,9973,9866,708,10574,106
2021-04-27,Fresno,019,978130,101558,101138,8438,109576,1663
2021-04-27,Glenn,021,27897,2385,2368,535,2903,17
2021-04-27,Humboldt,023,135768,3824,3780,31,3811,35
2021-04-27,Imperial,025,180216,28263,28149,2616,30765,720
2021-04-27,Inyo,027,18085,1399,1396,10,1406,36
2021-04-27,Kern,029,883053,96483,95466,10514,105980,1295
2021-04-27,Kings,031,150075,22975,22759,1049,23808,244
2021-04-27,Lake,033,64148,3456,3431,9,3440,43
2021-04-27,Lassen,035,31185,5171,5137,103,5240,1
2021-04-27,Los Angeles,037,10098052,1201160,1191504,39960,1231464,23825
2021-04-27,Madera,039,155013,16478,16365,907,17272,235
2021-04-27,Marin,041,260295,13933,13855,232,14087,227
2021-04-27,Mariposa,043,17540,417,413,11,424,5
2021-04-27,Mendocino,045,87422,3830,3765,78,3843,46
2021-04-27,Merced,047,269075,30568,30620,1014,31634,443
2021-04-27,Modoc,049,8938,363,360,120,480,3
2021-04-27,Mono,051,14174,1247,1257,17,1274,3
2021-04-27,Monterey,053,433212,42909,42752,1805,44557,379
2021-04-27,Napa,055,140530,9750,9774,31,9805,81
2021-04-27,Nevada,057,99092,4652,4557,185,4742,70
2021-04-27,Orange,059,3164182,254162,252667,11038,263705,4925
2021-04-27,Placer,061,380077,22657,22050,1401,23451,285
2021-04-27,Plumas,063,18699,688,675,10,685,4
2021-04-27,Riverside,065,2383286,292403,286820,13712,300532,4405
2021-04-27,Sacramento,067,1510023,103278,102595,1625,104220,1589
2021-04-27,San Benito,069,59416,6004,6016,110,6126,63
2021-04-27,San Bernardino,071,2135413,291627,290461,8820,299281,4575
2021-04-27,San Diego,073,3302833,277490,275685,14479,290164,3692
2021-04-27,San Francisco,075,870044,36225,36358,1242,37600,533
2021-04-27,San Joaquin,077,732212,71865,71104,3372,74476,1301
2021-04-27,San Luis Obispo,079,281455,21131,20841,707,21548,255
2021-04-27,San Mateo,081,765935,41816,41474,451,41925,358
2021-04-27,Santa Barbara,083,443738,34154,33973,1105,35078,448
2021-04-27,Santa Clara,085,1922200,117465,117945,718,118663,1969
2021-04-27,Santa Cruz,087,273765,16112,15905,793,16698,205
2021-04-27,Shasta,089,179085,11796,11802,1440,13242,192
2021-04-27,Sierra,091,2930,56,51,12,63,0
2021-04-27,Siskiyou,093,43540,1733,1597,291,1888,11
2021-04-27,Solano,095,438530,32139,31964,489,32453,248
2021-04-27,Sonoma,097,501317,29621,29761,306,30067,318
2021-04-27,Stanislaus,099,539301,55068,54695,5739,60434,752
2021-04-27,Sutter,101,95872,9305,9342,80,9422,110
2021-04-27,Tehama,103,63373,4955,4922,542,5464,53
2021-04-27,Trinity,105,12862,482,326,82,408,3
2021-04-27,Tulare,107,460477,49764,48744,8671,57415,832
2021-04-27,Tuolumne,109,53932,3980,4028,41,4069,58
2021-04-27,Ventura,111,848112,80748,80152,2909,83061,1000
2021-04-27,Yolo,113,214977,13750,13697,201,13898,205
2021-04-27,Yuba,115,75493,5880,5853,118,5971,44
2021-04-26,Alameda,001,1643700,86464,86230,1852,88082,1256
2021-04-26,Alpine,002,1148,87,88,0,88,0
2021-04-26,Amador,005,37829,3640,3645,32,3677,46
2021-04-26,Butte,007,227075,12095,11720,1762,13482,196
2021-04-26,Calaveras,009,45235,2081,2074,12,2086,50
2021-04-26,Colusa,011,21464,1923,1925,289,2214,14
2021-04-26,Contra Costa,013,1133247,68018,67392,1193,68585,789
2021-04-26,Del Norte,015,27424,1300,1263,11,1274,6
2021-04-26,El Dorado,017,186661,9952,9849,707,10556,106
2021-04-26,Fresno,019,978130,101503,101099,8425,109524,1662
2021-04-26,Glenn,021,27897,2383,2367,535,2902,17
2021-04-26,Humboldt,023,135768,3814,3764,30,3794,35
2021-04-26,Imperial,025,180216,28250,28148,2613,30761,720
2021-04-26,Inyo,027,18085,1398,1396,10,1406,36
2021-04-26,Kern,029,883053,96456,95429,10508,105937,1295
2021-04-26,Kings,031,150075,22972,22756,1046,23802,244
2021-04-26,Lake,033,64148,3451,3428,9,3437,43
2021-04-26,Lassen,035,31185,5171,5138,103,5241,1
2021-04-26,Los Angeles,037,10098052,1200831,1191253,39941,1231194,23802
2021-04-26,Madera,039,155013,16466,16353,906,17259,231
2021-04-26,Marin,041,260295,13918,13849,232,14081,227
2021-04-26,Mariposa,043,17540,416,410,11,421,5
2021-04-26,Mendocino,045,87422,3828,3757,77,3834,46
2021-04-26,Merced,047,269075,30551,30611,1011,31622,443
2021-04-26,Modoc,049,8938,363,360,120,480,3
2021-04-26,Mono,051,14174,1247,1258,17,1275,3
2021-04-26,Monterey,053,433212,42893,42740,1804,44544,379
2021-04-26,Napa,055,140530,9738,9769,31,9800,79
2021-04-26,Nevada,057,99092,4631,4548,185,4733,70
2021-04-26,Orange,059,3164182,254079,252592,11028,263620,4919
2021-04-26,Placer,061,380077,22629,22032,1396,23428,285
2021-04-26,Plumas,063,18699,688,670,10,680,4
2021-04-26,Riverside,065,2383286,292341,286724,13704,300428,4401
2021-04-26,Sacramento,067,1510023,103106,102459,1613,104072,1587
2021-04-26,San Benito,069,59416,6002,6013,110,6123,63
2021-04-26,San Bernardino,071,2135413,291575,290394,8819,299213,4572
2021-04-26,San Diego,073,3302833,277315,275541,14451,289992,3692
2021-04-26,San Francisco,075,870044,36197,36330,1241,37571,532
2021-04-26,San Joaquin,077,732212,71799,71050,3364,74414,1301
2021-04-26,San Luis Obispo,079,281455,21123,20830,706,21536,255
2021-04-26,San Mateo,081,765935,41786,41457,451,41908,357
2021-04-26,Santa Barbara,083,443738,34123,33948,1105,35053,448
2021-04-26,Santa Clara,085,1922200,117365,117874,715,118589,1968
2021-04-26,Santa Cruz,087,273765,16103,15877,793,16670,205
2021-04-26,Shasta,089,179085,11779,11787,1434,13221,192
2021-04-26,Sierra,091,2930,55,51,12,63,0
2021-04-26,Siskiyou,093,43540,1723,1592,288,1880,11
2021-04-26,Solano,095,438530,32094,31913,487,32400,247
2021-04-26,Sonoma,097,501317,29598,29755,304,30059,318
2021-04-26,Stanislaus,099,539301,54978,54638,5733,60371,744
2021-04-26,Sutter,101,95872,9300,9328,80,9408,110
2021-04-26,Tehama,103,63373,4950,4920,539,5459,53
2021-04-26,Trinity,105,12862,482,326,82,408,3
2021-04-26,Tulare,107,460477,49743,48735,8661,57396,831
2021-04-26,Tuolumne,109,53932,3979,4024,41,4065,58
2021-04-26,Ventura,111,848112,80723,80137,2906,83043,999
2021-04-26,Yolo,113,214977,13730,13684,198,13882,205
2021-04-26,Yuba,115,75493,5878,5851,118,5969,44
2021-04-25,Alameda,001,1643700,86363,86162,1846,88008,1256
2021-04-25,Alpine,002,1148,87,87,0,87,0
2021-04-25,Amador,005,37829,3639,3643,32,3675,46
2021-04-25,Butte,007,227075,12066,11709,1755,13464,196
2021-04-25,Calaveras,009,45235,2076,2072,11,2083,50
2021-04-25,Colusa,011,21464,1922,1924,289,2213,14
2021-04-25,Contra Costa,013,1133247,67926,67316,1192,68508,789
2021-04-25,Del Norte,015,27424,1294,1259,11,1270,6
2021-04-25,El Dorado,017,186661,9935,9837,705,10542,106
2021-04-25,Fresno,019,978130,101444,101061,8413,109474,1662
2021-04-25,Glenn,021,27897,2383,2366,535,2901,17
2021-04-25,Humboldt,023,135768,3801,3751,30,3781,35
2021-04-25,Imperial,025,180216,28224,28136,2611,30747,720
2021-04-25,Inyo,027,18085,1398,1396,10,1406,36
2021-04-25,Kern,029,883053,96390,95398,10496,105894,1295
2021-04-25,Kings,031,150075,22958,22755,1044,23799,244
2021-04-25,Lake,033,64148,3449,3427,9,3436,43
2021-04-25,Lassen,035,31185,5169,5138,103,5241,1
2021-04-25,Los Angeles,037,10098052,1200495,1190970,39921,1230891,23799
2021-04-25,Madera,039,155013,16454,16346,906,17252,231
2021-04-25,Marin,041,260295,13909,13852,232,14084,227
2021-04-25,Mariposa,043,17540,416,410,11,421,5
2021-04-25,Mendocino,045,87422,3821,3757,77,3834,46
2021-04-25,Merced,047,269075,30517,30586,1010,31596,443
2021-04-25,Modoc,049,8938,363,360,120,480,3
2021-04-25,Mono,051,14174,1247,1257,17,1274,3
2021-04-25,Monterey,053,433212,42880,42737,1802,44539,379
2021-04-25,Napa,055,140530,9733,9762,31,9793,79
2021-04-25,Nevada,057,99092,4619,4536,185,4721,70
2021-04-25,Orange,059,3164182,254003,252531,11022,263553,4919
2021-04-25,Placer,061,380077,22583,22011,1388,23399,285
2021-04-25,Plumas,063,18699,687,670,10,680,4
2021-04-25,Riverside,065,2383286,292248,286651,13698,300349,4401
2021-04-25,Sacramento,067,1510023,102938,102319,1603,103922,1587
2021-04-25,San Benito,069,59416,6000,6014,109,6123,63
2021-04-25,San Bernardino,071,2135413,291500,290357,8811,299168,4571
2021-04-25,San Diego,073,3302833,277102,275412,14418,289830,3692
2021-04-25,San Francisco,075,870044,36166,36310,1241,37551,532
2021-04-25,San Joaquin,077,732212,71704,70987,3354,74341,1301
2021-04-25,San Luis Obispo,079,281455,21104,20820,704,21524,255
2021-04-25,San Mateo,081,765935,41751,41465,450,41915,356
2021-04-25,Santa Barbara,083,443738,34097,33931,1105,35036,448
2021-04-25,Santa Clara,085,1922200,117286,117778,713,118491,1968
2021-04-25,Santa Cruz,087,273765,16097,15868,791,16659,205
2021-04-25,Shasta,089,179085,11756,11784,1429,13213,192
2021-04-25,Sierra,091,2930,55,51,12,63,0
2021-04-25,Siskiyou,093,43540,1712,1580,286,1866,11
2021-04-25,Solano,095,438530,32047,31864,479,32343,247
2021-04-25,Sonoma,097,501317,29580,29756,304,30060,318
2021-04-25,Stanislaus,099,539301,54882,54543,5725,60268,744
2021-04-25,Sutter,101,95872,9294,9326,80,9406,110
2021-04-25,Tehama,103,63373,4946,4916,537,5453,53
2021-04-25,Trinity,105,12862,482,326,82,408,3
2021-04-25,Tulare,107,460477,49727,48728,8648,57376,831
2021-04-25,Tuolumne,109,53932,3977,4022,41,4063,58
2021-04-25,Ventura,111,848112,80699,80110,2906,83016,999
2021-04-25,Yolo,113,214977,13704,13667,197,13864,205
2021-04-25,Yuba,115,75493,5875,5849,117,5966,44
2021-04-24,Alameda,001,1643700,86308,86016,1844,87860,1257
2021-04-24,Alpine,002,1148,87,86,0,86,0
2021-04-24,Amador,005,37829,3638,3640,32,3672,46
2021-04-24,Butte,007,227075,12050,11678,1753,13431,196
2021-04-24,Calaveras,009,45235,2072,2067,11,2078,50
2021-04-24,Colusa,011,21464,1921,1921,289,2210,14
2021-04-24,Contra Costa,013,1133247,67855,67222,1190,68412,789
2021-04-24,Del Norte,015,27424,1289,1255,11,1266,6
2021-04-24,El Dorado,017,186661,9924,9814,704,10518,106
2021-04-24,Fresno,019,978130,101413,100991,8407,109398,1662
2021-04-24,Glenn,021,27897,2383,2363,535,2898,17
2021-04-24,Humboldt,023,135768,3787,3722,30,3752,35
2021-04-24,Imperial,025,180216,28217,28124,2610,30734,720
2021-04-24,Inyo,027,18085,1397,1396,10,1406,36
2021-04-24,Kern,029,883053,96371,95365,10486,105851,1295
2021-04-24,Kings,031,150075,22955,22749,1044,23793,244
2021-04-24,Lake,033,64148,3448,3426,9,3435,43
2021-04-24,Lassen,035,31185,5168,5137,103,5240,1
2021-04-24,Los Angeles,037,10098052,1200263,1190603,39905,1230508,23802
2021-04-24,Madera,039,155013,16451,16338,906,17244,231
2021-04-24,Marin,041,260295,13901,13847,232,14079,227
2021-04-24,Mariposa,043,17540,416,409,11,420,5
2021-04-24,Mendocino,045,87422,3819,3754,75,3829,46
2021-04-24,Merced,047,269075,30497,30559,1010,31569,443
2021-04-24,Modoc,049,8938,363,360,120,480,3
2021-04-24,Mono,051,14174,1247,1256,17,1273,3
2021-04-24,Monterey,053,433212,42868,42727,1801,44528,379
2021-04-24,Napa,055,140530,9727,9756,31,9787,79
2021-04-24,Nevada,057,99092,4612,4522,185,4707,70
2021-04-24,Orange,059,3164182,253959,252441,11016,263457,4910
2021-04-24,Placer,061,380077,22570,21983,1387,23370,285
2021-04-24,Plumas,063,18699,686,670,10,680,4
2021-04-24,Riverside,065,2383286,292180,286552,13694,300246,4400
2021-04-24,Sacramento,067,1510023,102855,102179,1596,103775,1587
2021-04-24,San Benito,069,59416,5998,6007,109,6116,63
2021-04-24,San Bernardino,071,2135413,291452,290264,8810,299074,4568
2021-04-24,San Diego,073,3302833,276999,275252,14398,289650,3688
2021-04-24,San Francisco,075,870044,36137,36285,1236,37521,532
2021-04-24,San Joaquin,077,732212,71661,70911,3351,74262,1301
2021-04-24,San Luis Obispo,079,281455,21094,20797,703,21500,255
2021-04-24,San Mateo,081,765935,41738,41424,448,41872,355
2021-04-24,Santa Barbara,083,443738,34082,33911,1104,35015,448
2021-04-24,Santa Clara,085,1922200,117231,117674,711,118385,1968
2021-04-24,Santa Cruz,087,273765,16089,15840,791,16631,205
2021-04-24,Shasta,089,179085,11738,11770,1426,13196,192
2021-04-24,Sierra,091,2930,55,51,12,63,0
2021-04-24,Siskiyou,093,43540,1702,1574,285,1859,11
2021-04-24,Solano,095,438530,32024,31821,476,32297,247
2021-04-24,Sonoma,097,501317,29578,29739,304,30043,318
2021-04-24,Stanislaus,099,539301,54833,54455,5722,60177,744
2021-04-24,Sutter,101,95872,9291,9316,80,9396,110
2021-04-24,Tehama,103,63373,4941,4907,537,5444,53
2021-04-24,Trinity,105,12862,482,326,82,408,3
2021-04-24,Tulare,107,460477,49717,48705,8638,57343,830
2021-04-24,Tuolumne,109,53932,3973,4020,41,4061,58
2021-04-24,Ventura,111,848112,80686,80097,2904,83001,999
2021-04-24,Yolo,113,214977,13693,13653,197,13850,205
2021-04-24,Yuba,115,75493,5873,5837,117,5954,44
2021-04-23,Alameda,001,1643700,86234,85935,1841,87776,1256
2021-04-23,Alpine,002,1148,86,86,0,86,0
2021-04-23,Amador,005,37829,3637,3637,32,3669,46
2021-04-23,Butte,007,227075,12029,11672,1748,13420,196
2021-04-23,Calaveras,009,45235,2069,2064,11,2075,50
2021-04-23,Colusa,011,21464,1920,1921,289,2210,14
2021-04-23,Contra Costa,013,1133247,67801,67164,1188,68352,785
2021-04-23,Del Norte,015,27424,1288,1254,11,1265,6
2021-04-23,El Dorado,017,186661,9907,9788,701,10489,106
2021-04-23,Fresno,019,978130,101372,100928,8401,109329,1662
2021-04-23,Glenn,021,27897,2383,2361,534,2895,17
2021-04-23,Humboldt,023,135768,3777,3698,30,3728,35
2021-04-23,Imperial,025,180216,28202,28108,2609,30717,720
2021-04-23,Inyo,027,18085,1397,1395,10,1405,36
2021-04-23,Kern,029,883053,96346,95330,10480,105810,1295
2021-04-23,Kings,031,150075,22952,22735,1044,23779,244
2021-04-23,Lake,033,64148,3446,3425,9,3434,43
2021-04-23,Lassen,035,31185,5168,5141,103,5244,1
2021-04-23,Los Angeles,037,10098052,1199993,1190264,39881,1230145,23785
2021-04-23,Madera,039,155013,16442,16328,906,17234,231
2021-04-23,Marin,041,260295,13896,13838,232,14070,227
2021-04-23,Mariposa,043,17540,415,405,11,416,5
2021-04-23,Mendocino,045,87422,3817,3745,74,3819,46
2021-04-23,Merced,047,269075,30480,30530,1009,31539,443
2021-04-23,Modoc,049,8938,363,360,120,480,3
2021-04-23,Mono,051,14174,1245,1256,17,1273,3
2021-04-23,Monterey,053,433212,42862,42722,1801,44523,377
2021-04-23,Napa,055,140530,9722,9752,31,9783,79
2021-04-23,Nevada,057,99092,4603,4510,185,4695,70
2021-04-23,Orange,059,3164182,253915,252399,11009,263408,4904
2021-04-23,Placer,061,380077,22547,21959,1386,23345,282
2021-04-23,Plumas,063,18699,685,670,10,680,4
2021-04-23,Riverside,065,2383286,292121,286456,13689,300145,4399
2021-04-23,Sacramento,067,1510023,102768,102041,1593,103634,1586
2021-04-23,San Benito,069,59416,5996,6005,109,6114,63
2021-04-23,San Bernardino,071,2135413,291401,290189,8809,298998,4568
2021-04-23,San Diego,073,3302833,276860,275097,14375,289472,3684
2021-04-23,San Francisco,075,870044,36121,36252,1235,37487,532
2021-04-23,San Joaquin,077,732212,71605,70840,3348,74188,1295
2021-04-23,San Luis Obispo,079,281455,21085,20781,702,21483,255
2021-04-23,San Mateo,081,765935,41712,41386,448,41834,355
2021-04-23,Santa Barbara,083,443738,34072,33895,1102,34997,447
2021-04-23,Santa Clara,085,1922200,117169,117593,710,118303,1965
2021-04-23,Santa Cruz,087,273765,16082,15802,791,16593,205
2021-04-23,Shasta,089,179085,11731,11759,1425,13184,192
2021-04-23,Sierra,091,2930,55,51,12,63,0
2021-04-23,Siskiyou,093,43540,1690,1567,284,1851,11
2021-04-23,Solano,095,438530,31992,31784,472,32256,247
2021-04-23,Sonoma,097,501317,29564,29727,304,30031,318
2021-04-23,Stanislaus,099,539301,54771,54391,5714,60105,744
2021-04-23,Sutter,101,95872,9289,9312,80,9392,110
2021-04-23,Tehama,103,63373,4938,4906,537,5443,53
2021-04-23,Trinity,105,12862,482,326,82,408,3
2021-04-23,Tulare,107,460477,49700,48694,8631,57325,829
2021-04-23,Tuolumne,109,53932,3972,4020,41,4061,58
2021-04-23,Ventura,111,848112,80667,80095,2904,82999,996
2021-04-23,Yolo,113,214977,13681,13647,197,13844,205
2021-04-23,Yuba,115,75493,5870,5828,117,5945,44
2021-04-22,Alameda,001,1643700,86144,85829,1840,87669,1253
2021-04-22,Alpine,002,1148,86,86,0,86,0
2021-04-22,Amador,005,37829,3636,3633,32,3665,46
2021-04-22,Butte,007,227075,12015,11656,1745,13401,196
2021-04-22,Calaveras,009,45235,2067,2059,11,2070,50
2021-04-22,Colusa,011,21464,1918,1920,287,2207,14
2021-04-22,Contra Costa,013,1133247,67729,67029,1184,68213,782
2021-04-22,Del Norte,015,27424,1283,1252,11,1263,6
2021-04-22,El Dorado,017,186661,9895,9773,698,10471,106
2021-04-22,Fresno,019,978130,101327,100864,8390,109254,1657
2021-04-22,Glenn,021,27897,2382,2361,534,2895,17
2021-04-22,Humboldt,023,135768,3768,3680,30,3710,35
2021-04-22,Imperial,025,180216,28181,28096,2606,30702,720
2021-04-22,Inyo,027,18085,1396,1394,10,1404,36
2021-04-22,Kern,029,883053,96303,95292,10465,105757,1299
2021-04-22,Kings,031,150075,22942,22725,1044,23769,243
2021-04-22,Lake,033,64148,3444,3423,9,3432,43
2021-04-22,Lassen,035,31185,5168,5155,103,5258,1
2021-04-22,Los Angeles,037,10098052,1199671,1189878,39860,1229738,23762
2021-04-22,Madera,039,155013,16423,16316,906,17222,231
2021-04-22,Marin,041,260295,13888,13832,232,14064,227
2021-04-22,Mariposa,043,17540,414,403,11,414,5
2021-04-22,Mendocino,045,87422,3811,3729,74,3803,46
2021-04-22,Merced,047,269075,30445,30490,1008,31498,443
2021-04-22,Modoc,049,8938,363,360,120,480,3
2021-04-22,Mono,051,14174,1245,1254,17,1271,3
2021-04-22,Monterey,053,433212,42855,42708,1799,44507,377
2021-04-22,Napa,055,140530,9712,9734,31,9765,79
2021-04-22,Nevada,057,99092,4593,4504,183,4687,70
2021-04-22,Orange,059,3164182,253842,252307,10996,263303,4898
2021-04-22,Placer,061,380077,22517,21916,1382,23298,282
2021-04-22,Plumas,063,18699,684,670,10,680,4
2021-04-22,Riverside,065,2383286,292022,286362,13680,300042,4398
2021-04-22,Sacramento,067,1510023,102619,101870,1584,103454,1585
2021-04-22,San Benito,069,59416,5992,5998,109,6107,63
2021-04-22,San Bernardino,071,2135413,291332,290125,8800,298925,4571
2021-04-22,San Diego,073,3302833,276694,275913,14353,290266,3684
2021-04-22,San Francisco,075,870044,36098,36218,1232,37450,532
2021-04-22,San Joaquin,077,732212,71546,70751,3341,74092,1295
2021-04-22,San Luis Obispo,079,281455,21071,20761,702,21463,255
2021-04-22,San Mateo,081,765935,41686,41345,446,41791,355
2021-04-22,Santa Barbara,083,443738,34049,33870,1101,34971,446
2021-04-22,Santa Clara,085,1922200,117081,117457,706,118163,1954
2021-04-22,Santa Cruz,087,273765,16079,15737,790,16527,205
2021-04-22,Shasta,089,179085,11716,11738,1423,13161,192
2021-04-22,Sierra,091,2930,55,51,12,63,0
2021-04-22,Siskiyou,093,43540,1686,1564,283,1847,11
2021-04-22,Solano,095,438530,31947,31731,469,32200,247
2021-04-22,Sonoma,097,501317,29549,29705,300,30005,318
2021-04-22,Stanislaus,099,539301,54698,54313,5708,60021,744
2021-04-22,Sutter,101,95872,9285,9302,80,9382,110
2021-04-22,Tehama,103,63373,4932,4896,533,5429,53
2021-04-22,Trinity,105,12862,482,326,82,408,3
2021-04-22,Tulare,107,460477,49680,48669,8622,57291,828
2021-04-22,Tuolumne,109,53932,3968,4020,41,4061,58
2021-04-22,Ventura,111,848112,80641,80073,2902,82975,996
2021-04-22,Yolo,113,214977,13660,13616,197,13813,205
2021-04-22,Yuba,115,75493,5860,5825,117,5942,44
2021-04-21,Alameda,001,1643700,86065,85762,1838,87600,1249
2021-04-21,Alpine,002,1148,86,86,0,86,0
2021-04-21,Amador,005,37829,3633,3632,32,3664,46
2021-04-21,Butte,007,227075,11995,11643,1743,13386,196
2021-04-21,Calaveras,009,45235,2059,2057,11,2068,50
2021-04-21,Colusa,011,21464,1916,1920,286,2206,14
2021-04-21,Contra Costa,013,1133247,67663,66981,1183,68164,782
2021-04-21,Del Norte,015,27424,1279,1252,11,1263,6
2021-04-21,El Dorado,017,186661,9878,9760,695,10455,106
2021-04-21,Fresno,019,978130,101271,100838,8384,109222,1654
2021-04-21,Glenn,021,27897,2381,2361,534,2895,17
2021-04-21,Humboldt,023,135768,3749,3642,30,3672,35
2021-04-21,Imperial,025,180216,28169,28052,2605,30657,719
2021-04-21,Inyo,027,18085,1396,1392,10,1402,36
2021-04-21,Kern,029,883053,96257,95257,10455,105712,1297
2021-04-21,Kings,031,150075,22935,22713,1043,23756,243
2021-04-21,Lake,033,64148,3441,3421,9,3430,43
2021-04-21,Lassen,035,31185,5167,5156,103,5259,1
2021-04-21,Los Angeles,037,10098052,1199329,1189530,39841,1229371,23729
2021-04-21,Madera,039,155013,16418,16309,906,17215,231
2021-04-21,Marin,041,260295,13873,13822,232,14054,227
2021-04-21,Mariposa,043,17540,413,402,11,413,5
2021-04-21,Mendocino,045,87422,3809,3729,74,3803,46
2021-04-21,Merced,047,269075,30425,30471,1006,31477,442
2021-04-21,Modoc,049,8938,363,360,120,480,3
2021-04-21,Mono,051,14174,1245,1254,17,1271,3
2021-04-21,Monterey,053,433212,42840,42699,1797,44496,377
2021-04-21,Napa,055,140530,9706,9727,31,9758,79
2021-04-21,Nevada,057,99092,4579,4499,183,4682,70
2021-04-21,Orange,059,3164182,253765,252243,10983,263226,4889
2021-04-21,Placer,061,380077,22486,21896,1377,23273,282
2021-04-21,Plumas,063,18699,684,670,10,680,4
2021-04-21,Riverside,065,2383286,291928,286299,13673,299972,4388
2021-04-21,Sacramento,067,1510023,102490,101803,1578,103381,1579
2021-04-21,San Benito,069,59416,5989,5998,109,6107,63
2021-04-21,San Bernardino,071,2135413,291256,290049,8798,298847,4572
2021-04-21,San Diego,073,3302833,276484,275632,14315,289947,3681
2021-04-21,San Francisco,075,870044,36078,36194,1231,37425,529
2021-04-21,San Joaquin,077,732212,71491,70687,3331,74018,1295
2021-04-21,San Luis Obispo,079,281455,21056,20724,701,21425,255
2021-04-21,San Mateo,081,765935,41655,41318,445,41763,355
2021-04-21,Santa Barbara,083,443738,34030,33830,1100,34930,445
2021-04-21,Santa Clara,085,1922200,117003,117318,700,118018,1946
2021-04-21,Santa Cruz,087,273765,16070,15698,790,16488,204
2021-04-21,Shasta,089,179085,11697,11722,1421,13143,192
2021-04-21,Sierra,091,2930,55,51,12,63,0
2021-04-21,Siskiyou,093,43540,1679,1557,283,1840,11
2021-04-21,Solano,095,438530,31908,31712,468,32180,244
2021-04-21,Sonoma,097,501317,29537,29697,299,29996,318
2021-04-21,Stanislaus,099,539301,54637,54290,5702,59992,742
2021-04-21,Sutter,101,95872,9277,9297,80,9377,110
2021-04-21,Tehama,103,63373,4925,4893,532,5425,53
2021-04-21,Trinity,105,12862,482,326,82,408,3
2021-04-21,Tulare,107,460477,49665,48653,8609,57262,828
2021-04-21,Tuolumne,109,53932,3965,4019,41,4060,58
2021-04-21,Ventura,111,848112,80609,80039,2899,82938,996
2021-04-21,Yolo,113,214977,13640,13606,196,13802,200
2021-04-21,Yuba,115,75493,5853,5822,116,5938,44
2021-04-20,Alameda,001,1643700,85970,85652,1836,87488,1248
2021-04-20,Alpine,002,1148,85,85,0,85,0
2021-04-20,Amador,005,37829,3632,3631,32,3663,46
2021-04-20,Butte,007,227075,11977,11619,1741,13360,196
2021-04-20,Calaveras,009,45235,2058,2053,11,2064,50
2021-04-20,Colusa,011,21464,1916,1915,285,2200,14
2021-04-20,Contra Costa,013,1133247,67579,66889,1180,68069,782
2021-04-20,Del Norte,015,27424,1278,1250,11,1261,6
2021-04-20,El Dorado,017,186661,9850,9743,693,10436,106
2021-04-20,Fresno,019,978130,101213,100768,8374,109142,1650
2021-04-20,Glenn,021,27897,2379,2359,533,2892,17
2021-04-20,Humboldt,023,135768,3731,3612,30,3642,35
2021-04-20,Imperial,025,180216,28150,28024,2601,30625,719
2021-04-20,Inyo,027,18085,1396,1393,10,1403,36
2021-04-20,Kern,029,883053,96221,95223,10439,105662,1295
2021-04-20,Kings,031,150075,22929,22693,1040,23733,243
2021-04-20,Lake,033,64148,3439,3418,9,3427,43
2021-04-20,Lassen,035,31185,5167,5155,103,5258,1
2021-04-20,Los Angeles,037,10098052,1198982,1189256,39811,1229067,23694
2021-04-20,Madera,039,155013,16412,16301,906,17207,231
2021-04-20,Marin,041,260295,13859,13807,232,14039,227
2021-04-20,Mariposa,043,17540,412,402,11,413,5
2021-04-20,Mendocino,045,87422,3808,3726,74,3800,46
2021-04-20,Merced,047,269075,30398,30439,1005,31444,441
2021-04-20,Modoc,049,8938,363,359,120,479,3
2021-04-20,Mono,051,14174,1244,1254,17,1271,3
2021-04-20,Monterey,053,433212,42829,42663,1795,44458,363
2021-04-20,Napa,055,140530,9702,9711,31,9742,79
2021-04-20,Nevada,057,99092,4561,4485,183,4668,70
2021-04-20,Orange,059,3164182,253675,252134,10971,263105,4887
2021-04-20,Placer,061,380077,22452,21846,1373,23219,282
2021-04-20,Plumas,063,18699,683,670,10,680,4
2021-04-20,Riverside,065,2383286,291831,286194,13668,299862,4388
2021-04-20,Sacramento,067,1510023,102352,101629,1570,103199,1574
2021-04-20,San Benito,069,59416,5986,5988,109,6097,63
2021-04-20,San Bernardino,071,2135413,291175,289905,8796,298701,4569
2021-04-20,San Diego,073,3302833,276253,275369,14282,289651,3674
2021-04-20,San Francisco,075,870044,36058,36117,1230,37347,529
2021-04-20,San Joaquin,077,732212,71418,70590,3322,73912,1289
2021-04-20,San Luis Obispo,079,281455,21033,20691,693,21384,254
2021-04-20,San Mateo,081,765935,41624,41251,445,41696,355
2021-04-20,Santa Barbara,083,443738,34011,33803,1100,34903,445
2021-04-20,Santa Clara,085,1922200,116905,117228,696,117924,1944
2021-04-20,Santa Cruz,087,273765,16058,15647,790,16437,204
2021-04-20,Shasta,089,179085,11681,11677,1418,13095,189
2021-04-20,Sierra,091,2930,55,51,12,63,0
2021-04-20,Siskiyou,093,43540,1671,1551,282,1833,10
2021-04-20,Solano,095,438530,31852,31673,464,32137,243
2021-04-20,Sonoma,097,501317,29528,29676,297,29973,311
2021-04-20,Stanislaus,099,539301,54572,54236,5689,59925,735
2021-04-20,Sutter,101,95872,9273,9279,80,9359,109
2021-04-20,Tehama,103,63373,4920,4887,531,5418,52
2021-04-20,Trinity,105,12862,482,326,82,408,3
2021-04-20,Tulare,107,460477,49643,48650,8601,57251,831
2021-04-20,Tuolumne,109,53932,3965,4014,41,4055,58
2021-04-20,Ventura,111,848112,80581,80018,2897,82915,995
2021-04-20,Yolo,113,214977,13620,13581,195,13776,200
2021-04-20,Yuba,115,75493,5843,5814,116,5930,44
2021-04-19,Alameda,001,1643700,85852,85583,1832,87415,1247
2021-04-19,Alpine,002,1148,85,85,0,85,0
2021-04-19,Amador,005,37829,3631,3629,32,3661,46
2021-04-19,Butte,007,227075,11959,11601,1736,13337,196
2021-04-19,Calaveras,009,45235,2056,2050,11,2061,50
2021-04-19,Colusa,011,21464,1916,1913,284,2197,14
2021-04-19,Contra Costa,013,1133247,67501,66833,1178,68011,782
2021-04-19,Del Norte,015,27424,1276,1247,11,1258,6
2021-04-19,El Dorado,017,186661,9834,9726,688,10414,106
2021-04-19,Fresno,019,978130,101145,100702,8362,109064,1646
2021-04-19,Glenn,021,27897,2379,2358,532,2890,17
2021-04-19,Humboldt,023,135768,3711,3602,28,3630,35
2021-04-19,Imperial,025,180216,28129,27995,2601,30596,719
2021-04-19,Inyo,027,18085,1396,1392,10,1402,36
2021-04-19,Kern,029,883053,96191,95162,10424,105586,1290
2021-04-19,Kings,031,150075,22914,22688,1040,23728,243
2021-04-19,Lake,033,64148,3438,3416,9,3425,43
2021-04-19,Lassen,035,31185,5166,5156,103,5259,1
2021-04-19,Los Angeles,037,10098052,1198603,1188945,39786,1228731,23666
2021-04-19,Madera,039,155013,16401,16289,905,17194,231
2021-04-19,Marin,041,260295,13848,13804,231,14035,226
2021-04-19,Mariposa,043,17540,411,401,11,412,5
2021-04-19,Mendocino,045,87422,3806,3722,74,3796,46
2021-04-19,Merced,047,269075,30369,30422,1004,31426,441
2021-04-19,Modoc,049,8938,363,359,120,479,3
2021-04-19,Mono,051,14174,1243,1254,17,1271,3
2021-04-19,Monterey,053,433212,42816,42642,1790,44432,356
2021-04-19,Napa,055,140530,9694,9680,31,9711,79
2021-04-19,Nevada,057,99092,4545,4477,183,4660,70
2021-04-19,Orange,059,3164182,253557,252013,10956,262969,4883
2021-04-19,Placer,061,380077,22429,21814,1369,23183,282
2021-04-19,Plumas,063,18699,683,665,10,675,4
2021-04-19,Riverside,065,2383286,291736,286087,13658,299745,4371
2021-04-19,Sacramento,067,1510023,102217,101482,1560,103042,1572
2021-04-19,San Benito,069,59416,5978,5989,109,6098,63
2021-04-19,San Bernardino,071,2135413,291090,289738,8790,298528,4561
2021-04-19,San Diego,073,3302833,276005,275113,14249,289362,3674
2021-04-19,San Francisco,075,870044,36021,36094,1228,37322,529
2021-04-19,San Joaquin,077,732212,71338,70514,3316,73830,1289
2021-04-19,San Luis Obispo,079,281455,21007,20669,687,21356,254
2021-04-19,San Mateo,081,765935,41591,41226,444,41670,355
2021-04-19,Santa Barbara,083,443738,33997,33786,1100,34886,446
2021-04-19,Santa Clara,085,1922200,116794,117099,692,117791,1944
2021-04-19,Santa Cruz,087,273765,16046,15600,790,16390,204
2021-04-19,Shasta,089,179085,11666,11662,1410,13072,189
2021-04-19,Sierra,091,2930,55,51,12,63,0
2021-04-19,Siskiyou,093,43540,1661,1544,282,1826,10
2021-04-19,Solano,095,438530,31813,31643,459,32102,239
2021-04-19,Sonoma,097,501317,29509,29667,297,29964,311
2021-04-19,Stanislaus,099,539301,54496,54179,5685,59864,728
2021-04-19,Sutter,101,95872,9262,9269,80,9349,109
2021-04-19,Tehama,103,63373,4914,4878,531,5409,52
2021-04-19,Trinity,105,12862,482,326,81,407,3
2021-04-19,Tulare,107,460477,49627,48630,8588,57218,831
2021-04-19,Tuolumne,109,53932,3964,4010,41,4051,58
2021-04-19,Ventura,111,848112,80555,80000,2895,82895,996
2021-04-19,Yolo,113,214977,13607,13572,193,13765,200
2021-04-19,Yuba,115,75493,5836,5804,115,5919,44
2021-04-18,Alameda,001,1643700,85737,85481,1824,87305,1247
2021-04-18,Alpine,002,1148,85,85,0,85,0
2021-04-18,Amador,005,37829,3628,3627,32,3659,46
2021-04-18,Butte,007,227075,11941,11591,1731,13322,196
2021-04-18,Calaveras,009,45235,2050,2047,11,2058,50
2021-04-18,Colusa,011,21464,1912,1912,283,2195,14
2021-04-18,Contra Costa,013,1133247,67398,66750,1174,67924,782
2021-04-18,Del Norte,015,27424,1276,1240,11,1251,6
2021-04-18,El Dorado,017,186661,9811,9710,686,10396,106
2021-04-18,Fresno,019,978130,101087,100621,8356,108977,1646
2021-04-18,Glenn,021,27897,2374,2358,532,2890,17
2021-04-18,Humboldt,023,135768,3683,3590,28,3618,35
2021-04-18,Imperial,025,180216,28114,27991,2596,30587,719
2021-04-18,Inyo,027,18085,1395,1392,10,1402,36
2021-04-18,Kern,029,883053,96155,95129,10409,105538,1290
2021-04-18,Kings,031,150075,22905,22685,1040,23725,243
2021-04-18,Lake,033,64148,3437,3413,9,3422,43
2021-04-18,Lassen,035,31185,5163,5156,103,5259,1
2021-04-18,Los Angeles,037,10098052,1198143,1188620,39763,1228383,23648
2021-04-18,Madera,039,155013,16390,16277,904,17181,231
2021-04-18,Marin,041,260295,13841,13801,230,14031,226
2021-04-18,Mariposa,043,17540,410,400,10,410,5
2021-04-18,Mendocino,045,87422,3803,3722,74,3796,46
2021-04-18,Merced,047,269075,30332,30405,1003,31408,441
2021-04-18,Modoc,049,8938,363,359,120,479,3
2021-04-18,Mono,051,14174,1243,1254,17,1271,3
2021-04-18,Monterey,053,433212,42804,42638,1789,44427,356
2021-04-18,Napa,055,140530,9678,9674,31,9705,79
2021-04-18,Nevada,057,99092,4530,4464,183,4647,70
2021-04-18,Orange,059,3164182,253443,251940,10949,262889,4883
2021-04-18,Placer,061,380077,22386,21783,1364,23147,282
2021-04-18,Plumas,063,18699,682,665,10,675,4
2021-04-18,Riverside,065,2383286,291646,286043,13654,299697,4371
2021-04-18,Sacramento,067,1510023,102042,101354,1554,102908,1572
2021-04-18,San Benito,069,59416,5976,5989,109,6098,63
2021-04-18,San Bernardino,071,2135413,290997,289691,8781,298472,4556
2021-04-18,San Diego,073,3302833,275726,274961,14214,289175,3674
2021-04-18,San Francisco,075,870044,35984,36073,1224,37297,525
2021-04-18,San Joaquin,077,732212,71257,70466,3307,73773,1289
2021-04-18,San Luis Obispo,079,281455,20985,20656,681,21337,254
2021-04-18,San Mateo,081,765935,41562,41201,443,41644,352
2021-04-18,Santa Barbara,083,443738,33962,33769,1099,34868,446
2021-04-18,Santa Clara,085,1922200,116626,116996,687,117683,1944
2021-04-18,Santa Cruz,087,273765,16036,15580,789,16369,204
2021-04-18,Shasta,089,179085,11645,11658,1407,13065,189
2021-04-18,Sierra,091,2930,55,51,12,63,0
2021-04-18,Siskiyou,093,43540,1650,1538,281,1819,10
2021-04-18,Solano,095,438530,31763,31606,458,32064,239
2021-04-18,Sonoma,097,501317,29493,29660,295,29955,311
2021-04-18,Stanislaus,099,539301,54414,54132,5679,59811,728
2021-04-18,Sutter,101,95872,9248,9261,80,9341,109
2021-04-18,Tehama,103,63373,4905,4877,530,5407,52
2021-04-18,Trinity,105,12862,482,326,81,407,3
2021-04-18,Tulare,107,460477,49614,48618,8583,57201,829
2021-04-18,Tuolumne,109,53932,3963,4008,40,4048,58
2021-04-18,Ventura,111,848112,80524,79984,2892,82876,996
2021-04-18,Yolo,113,214977,13595,13562,191,13753,200
2021-04-18,Yuba,115,75493,5829,5804,115,5919,44
2021-04-17,Alameda,001,1643700,85664,85367,1822,87189,1247
2021-04-17,Alpine,002,1148,85,85,0,85,0
2021-04-17,Amador,005,37829,3626,3625,32,3657,46
2021-04-17,Butte,007,227075,11921,11573,1727,13300,196
2021-04-17,Calaveras,009,45235,2048,2045,11,2056,50
2021-04-17,Colusa,011,21464,1912,1912,283,2195,14
2021-04-17,Contra Costa,013,1133247,67350,66657,1166,67823,782
2021-04-17,Del Norte,015,27424,1276,1238,11,1249,6
2021-04-17,El Dorado,017,186661,9796,9692,683,10375,106
2021-04-17,Fresno,019,978130,101054,100562,8351,108913,1646
2021-04-17,Glenn,021,27897,2374,2357,532,2889,17
2021-04-17,Humboldt,023,135768,3659,3579,28,3607,35
2021-04-17,Imperial,025,180216,28103,27987,2596,30583,719
2021-04-17,Inyo,027,18085,1392,1392,10,1402,36
2021-04-17,Kern,029,883053,96137,95102,10405,105507,1290
2021-04-17,Kings,031,150075,22900,22678,1039,23717,243
2021-04-17,Lake,033,64148,3436,3409,9,3418,43
2021-04-17,Lassen,035,31185,5163,5154,103,5257,1
2021-04-17,Los Angeles,037,10098052,1197883,1188262,39733,1227995,23653
2021-04-17,Madera,039,155013,16386,16260,903,17163,231
2021-04-17,Marin,041,260295,13837,13797,230,14027,226
2021-04-17,Mariposa,043,17540,409,398,10,408,5
2021-04-17,Mendocino,045,87422,3800,3721,74,3795,46
2021-04-17,Merced,047,269075,30316,30392,1002,31394,441
2021-04-17,Modoc,049,8938,363,357,120,477,3
2021-04-17,Mono,051,14174,1243,1253,17,1270,3
2021-04-17,Monterey,053,433212,42795,42630,1787,44417,356
2021-04-17,Napa,055,140530,9674,9666,31,9697,79
2021-04-17,Nevada,057,99092,4522,4457,183,4640,70
2021-04-17,Orange,059,3164182,253374,251873,10937,262810,4878
2021-04-17,Placer,061,380077,22363,21736,1359,23095,282
2021-04-17,Plumas,063,18699,681,666,10,676,4
2021-04-17,Riverside,065,2383286,291577,285963,13646,299609,4371
2021-04-17,Sacramento,067,1510023,101932,101172,1543,102715,1572
2021-04-17,San Benito,069,59416,5970,5986,109,6095,63
2021-04-17,San Bernardino,071,2135413,290942,289624,8778,298402,4555
2021-04-17,San Diego,073,3302833,275579,274812,14180,288992,3674
2021-04-17,San Francisco,075,870044,35962,36032,1221,37253,523
2021-04-17,San Joaquin,077,732212,71217,70372,3297,73669,1288
2021-04-17,San Luis Obispo,079,281455,20972,20642,678,21320,254
2021-04-17,San Mateo,081,765935,41539,41157,443,41600,352
2021-04-17,Santa Barbara,083,443738,33931,33738,1097,34835,446
2021-04-17,Santa Clara,085,1922200,116534,116887,685,117572,1944
2021-04-17,Santa Cruz,087,273765,16030,15571,789,16360,204
2021-04-17,Shasta,089,179085,11630,11647,1406,13053,189
2021-04-17,Sierra,091,2930,55,51,12,63,0
2021-04-17,Siskiyou,093,43540,1645,1539,278,1817,10
2021-04-17,Solano,095,438530,31732,31541,455,31996,239
2021-04-17,Sonoma,097,501317,29486,29637,295,29932,311
2021-04-17,Stanislaus,099,539301,54377,54058,5674,59732,728
2021-04-17,Sutter,101,95872,9242,9252,80,9332,109
2021-04-17,Tehama,103,63373,4899,4875,529,5404,52
2021-04-17,Trinity,105,12862,482,326,81,407,3
2021-04-17,Tulare,107,460477,49602,48603,8579,57182,829
2021-04-17,Tuolumne,109,53932,3961,4005,40,4045,58
2021-04-17,Ventura,111,848112,80503,79964,2892,82856,996
2021-04-17,Yolo,113,214977,13585,13580,191,13771,200
2021-04-17,Yuba,115,75493,5824,5802,114,5916,44
2021-04-16,Alameda,001,1643700,85584,85243,1820,87063,1245
2021-04-16,Alpine,002,1148,85,85,0,85,0
2021-04-16,Amador,005,37829,3621,3621,32,3653,46
2021-04-16,Butte,007,227075,11909,11549,1725,13274,196
2021-04-16,Calaveras,009,45235,2046,2042,11,2053,50
2021-04-16,Colusa,011,21464,1910,1911,283,2194,14
2021-04-16,Contra Costa,013,1133247,67296,66569,1163,67732,782
2021-04-16,Del Norte,015,27424,1275,1237,11,1248,6
2021-04-16,El Dorado,017,186661,9776,9665,679,10344,106
2021-04-16,Fresno,019,978130,101004,100500,8345,108845,1643
2021-04-16,Glenn,021,27897,2374,2355,532,2887,17
2021-04-16,Humboldt,023,135768,3638,3570,27,3597,35
2021-04-16,Imperial,025,180216,28093,27962,2596,30558,719
2021-04-16,Inyo,027,18085,1392,1392,10,1402,36
2021-04-16,Kern,029,883053,96108,95066,10402,105468,1288
2021-04-16,Kings,031,150075,22896,22667,1038,23705,243
2021-04-16,Lake,033,64148,3430,3406,9,3415,43
2021-04-16,Lassen,035,31185,5162,5155,103,5258,1
2021-04-16,Los Angeles,037,10098052,1197583,1187818,39697,1227515,23627
2021-04-16,Madera,039,155013,16380,16250,902,17152,231
2021-04-16,Marin,041,260295,13834,13788,230,14018,226
2021-04-16,Mariposa,043,17540,408,396,9,405,5
2021-04-16,Mendocino,045,87422,3798,3719,74,3793,46
2021-04-16,Merced,047,269075,30301,30355,1002,31357,438
2021-04-16,Modoc,049,8938,363,355,120,475,3
2021-04-16,Mono,051,14174,1243,1253,17,1270,3
2021-04-16,Monterey,053,433212,42784,42620,1784,44404,351
2021-04-16,Napa,055,140530,9666,9653,31,9684,79
2021-04-16,Nevada,057,99092,4513,4443,183,4626,70
2021-04-16,Orange,059,3164182,253310,251770,10928,262698,4873
2021-04-16,Placer,061,380077,22336,21680,1355,23035,282
2021-04-16,Plumas,063,18699,680,665,10,675,4
2021-04-16,Riverside,065,2383286,291500,285818,13644,299462,4369
2021-04-16,Sacramento,067,1510023,101834,100993,1538,102531,1572
2021-04-16,San Benito,069,59416,5968,5982,109,6091,63
2021-04-16,San Bernardino,071,2135413,290895,289424,8777,298201,4550
2021-04-16,San Diego,073,3302833,275424,274567,14162,288729,3662
2021-04-16,San Francisco,075,870044,35936,35993,1218,37211,517
2021-04-16,San Joaquin,077,732212,71150,70280,3289,73569,1288
2021-04-16,San Luis Obispo,079,281455,20960,20623,677,21300,253
2021-04-16,San Mateo,081,765935,41510,41107,442,41549,352
2021-04-16,Santa Barbara,083,443738,33913,33703,1097,34800,446
2021-04-16,Santa Clara,085,1922200,116434,116693,682,117375,1941
2021-04-16,Santa Cruz,087,273765,16028,15539,789,16328,204
2021-04-16,Shasta,089,179085,11618,11623,1405,13028,189
2021-04-16,Sierra,091,2930,55,51,12,63,0
2021-04-16,Siskiyou,093,43540,1641,1530,276,1806,10
2021-04-16,Solano,095,438530,31693,31470,452,31922,239
2021-04-16,Sonoma,097,501317,29475,29617,295,29912,311
2021-04-16,Stanislaus,099,539301,54329,53983,5672,59655,728
2021-04-16,Sutter,101,95872,9236,9247,80,9327,109
2021-04-16,Tehama,103,63373,4898,4866,529,5395,52
2021-04-16,Trinity,105,12862,482,326,81,407,3
2021-04-16,Tulare,107,460477,49590,48583,8575,57158,830
2021-04-16,Tuolumne,109,53932,3958,4005,40,4045,58
2021-04-16,Ventura,111,848112,80478,79942,2887,82829,994
2021-04-16,Yolo,113,214977,13572,13559,189,13748,198
2021-04-16,Yuba,115,75493,5821,5795,113,5908,44
2021-04-15,Alameda,001,1643700,85477,85089,1818,86907,1246
2021-04-15,Alpine,002,1148,85,85,0,85,0
2021-04-15,Amador,005,37829,3620,3616,32,3648,46
2021-04-15,Butte,007,227075,11894,11529,1722,13251,196
2021-04-15,Calaveras,009,45235,2045,2039,11,2050,50
2021-04-15,Colusa,011,21464,1908,1909,282,2191,14
2021-04-15,Contra Costa,013,1133247,67223,66480,1159,67639,781
2021-04-15,Del Norte,015,27424,1268,1235,11,1246,6
2021-04-15,El Dorado,017,186661,9761,9639,677,10316,106
2021-04-15,Fresno,019,978130,100942,100431,8339,108770,1642
2021-04-15,Glenn,021,27897,2374,2354,532,2886,17
2021-04-15,Humboldt,023,135768,3617,3561,27,3588,35
2021-04-15,Imperial,025,180216,28065,27920,2593,30513,718
2021-04-15,Inyo,027,18085,1392,1393,10,1403,36
2021-04-15,Kern,029,883053,96075,94989,10389,105378,1289
2021-04-15,Kings,031,150075,22882,22648,1038,23686,242
2021-04-15,Lake,033,64148,3429,3399,9,3408,43
2021-04-15,Lassen,035,31185,5161,5152,103,5255,1
2021-04-15,Los Angeles,037,10098052,1197178,1187274,39661,1226935,23598
2021-04-15,Madera,039,155013,16365,16234,902,17136,231
2021-04-15,Marin,041,260295,13830,13783,229,14012,226
2021-04-15,Mariposa,043,17540,406,395,9,404,5
2021-04-15,Mendocino,045,87422,3797,3714,74,3788,46
2021-04-15,Merced,047,269075,30275,30325,1001,31326,437
2021-04-15,Modoc,049,8938,363,355,120,475,3
2021-04-15,Mono,051,14174,1242,1253,17,1270,3
2021-04-15,Monterey,053,433212,42774,42604,1782,44386,347
2021-04-15,Napa,055,140530,9658,9645,31,9676,79
2021-04-15,Nevada,057,99092,4501,4434,182,4616,70
2021-04-15,Orange,059,3164182,253215,251679,10916,262595,4857
2021-04-15,Placer,061,380077,22305,21614,1348,22962,281
2021-04-15,Plumas,063,18699,678,665,10,675,4
2021-04-15,Riverside,065,2383286,291396,285698,13637,299335,4363
2021-04-15,Sacramento,067,1510023,101704,100782,1524,102306,1570
2021-04-15,San Benito,069,59416,5965,5969,108,6077,63
2021-04-15,San Bernardino,071,2135413,290805,289288,8770,298058,4544
2021-04-15,San Diego,073,3302833,275177,274250,14103,288353,3653
2021-04-15,San Francisco,075,870044,35917,35947,1216,37163,510
2021-04-15,San Joaquin,077,732212,71069,70189,3281,73470,1288
2021-04-15,San Luis Obispo,079,281455,20944,20591,674,21265,253
2021-04-15,San Mateo,081,765935,41471,41050,441,41491,352
2021-04-15,Santa Barbara,083,443738,33895,33672,1093,34765,446
2021-04-15,Santa Clara,085,1922200,116328,116602,678,117280,1927
2021-04-15,Santa Cruz,087,273765,16018,15509,789,16298,203
2021-04-15,Shasta,089,179085,11604,11597,1401,12998,191
2021-04-15,Sierra,091,2930,55,51,12,63,0
2021-04-15,Siskiyou,093,43540,1635,1524,275,1799,10
2021-04-15,Solano,095,438530,31655,31394,451,31845,239
2021-04-15,Sonoma,097,501317,29461,29587,295,29882,311
2021-04-15,Stanislaus,099,539301,54275,53918,5663,59581,728
2021-04-15,Sutter,101,95872,9229,9237,80,9317,109
2021-04-15,Tehama,103,63373,4897,4854,528,5382,52
2021-04-15,Trinity,105,12862,482,326,81,407,3
2021-04-15,Tulare,107,460477,49569,48556,8575,57131,829
2021-04-15,Tuolumne,109,53932,3958,4003,40,4043,57
2021-04-15,Ventura,111,848112,80459,79917,2885,82802,989
2021-04-15,Yolo,113,214977,13553,13547,187,13734,198
2021-04-15,Yuba,115,75493,5818,5788,113,5901,44
2021-04-14,Alameda,001,1643700,85380,85009,1817,86826,1247
2021-04-14,Alpine,002,1148,85,85,0,85,0
2021-04-14,Amador,005,37829,3619,3613,32,3645,46
2021-04-14,Butte,007,227075,11881,11513,1721,13234,196
2021-04-14,Calaveras,009,45235,2044,2037,11,2048,50
2021-04-14,Colusa,011,21464,1908,1905,282,2187,14
2021-04-14,Contra Costa,013,1133247,67137,66400,1153,67553,781
2021-04-14,Del Norte,015,27424,1268,1228,11,1239,6
2021-04-14,El Dorado,017,186661,9746,9625,672,10297,106
2021-04-14,Fresno,019,978130,100885,100376,8327,108703,1640
2021-04-14,Glenn,021,27897,2374,2353,532,2885,17
2021-04-14,Humboldt,023,135768,3595,3551,26,3577,35
2021-04-14,Imperial,025,180216,28043,27907,2591,30498,718
2021-04-14,Inyo,027,18085,1392,1392,10,1402,36
2021-04-14,Kern,029,883053,96050,94947,10382,105329,1287
2021-04-14,Kings,031,150075,22873,22641,1036,23677,243
2021-04-14,Lake,033,64148,3424,3396,9,3405,43
2021-04-14,Lassen,035,31185,5160,5151,103,5254,1
2021-04-14,Los Angeles,037,10098052,1196779,1186821,39616,1226437,23579
2021-04-14,Madera,039,155013,16356,16218,902,17120,231
2021-04-14,Marin,041,260295,13828,13768,228,13996,226
2021-04-14,Mariposa,043,17540,405,394,9,403,5
2021-04-14,Mendocino,045,87422,3792,3711,74,3785,46
2021-04-14,Merced,047,269075,30259,30296,999,31295,436
2021-04-14,Modoc,049,8938,363,355,120,475,3
2021-04-14,Mono,051,14174,1241,1252,17,1269,3
2021-04-14,Monterey,053,433212,42758,42595,1778,44373,347
2021-04-14,Napa,055,140530,9647,9643,31,9674,79
2021-04-14,Nevada,057,99092,4494,4421,182,4603,70
2021-04-14,Orange,059,3164182,253110,251568,10897,262465,4849
2021-04-14,Placer,061,380077,22272,21575,1347,22922,280
2021-04-14,Plumas,063,18699,678,665,10,675,4
2021-04-14,Riverside,065,2383286,291286,285583,13631,299214,4358
2021-04-14,Sacramento,067,1510023,101529,100645,1510,102155,1570
2021-04-14,San Benito,069,59416,5963,5960,108,6068,62
2021-04-14,San Bernardino,071,2135413,290737,289078,8768,297846,4523
2021-04-14,San Diego,073,3302833,274966,273969,14074,288043,3648
2021-04-14,San Francisco,075,870044,35879,35898,1215,37113,510
2021-04-14,San Joaquin,077,732212,70999,70095,3275,73370,1288
2021-04-14,San Luis Obispo,079,281455,20921,20561,664,21225,253
2021-04-14,San Mateo,081,765935,41431,40982,438,41420,352
2021-04-14,Santa Barbara,083,443738,33866,33650,1093,34743,445
2021-04-14,Santa Clara,085,1922200,116211,116488,675,117163,1922
2021-04-14,Santa Cruz,087,273765,16008,15481,789,16270,203
2021-04-14,Shasta,089,179085,11578,11581,1399,12980,190
2021-04-14,Sierra,091,2930,55,51,12,63,0
2021-04-14,Siskiyou,093,43540,1627,1518,274,1792,10
2021-04-14,Solano,095,438530,31602,31357,444,31801,239
2021-04-14,Sonoma,097,501317,29453,29572,293,29865,311
2021-04-14,Stanislaus,099,539301,54204,53836,5654,59490,727
2021-04-14,Sutter,101,95872,9221,9230,80,9310,106
2021-04-14,Tehama,103,63373,4891,4853,527,5380,52
2021-04-14,Trinity,105,12862,482,326,81,407,3
2021-04-14,Tulare,107,460477,49543,48527,8572,57099,827
2021-04-14,Tuolumne,109,53932,3957,3997,40,4037,57
2021-04-14,Ventura,111,848112,80423,79891,2883,82774,986
2021-04-14,Yolo,113,214977,13537,13530,185,13715,198
2021-04-14,Yuba,115,75493,5816,5778,113,5891,44
2021-04-13,Alameda,001,1643700,85274,84921,1814,86735,1239
2021-04-13,Alpine,002,1148,85,85,0,85,0
2021-04-13,Amador,005,37829,3616,3609,32,3641,46
2021-04-13,Butte,007,227075,11863,11497,1718,13215,196
2021-04-13,Calaveras,009,45235,2042,2035,11,2046,50
2021-04-13,Colusa,011,21464,1906,1905,280,2185,14
2021-04-13,Contra Costa,013,1133247,67049,66304,1153,67457,778
2021-04-13,Del Norte,015,27424,1263,1221,11,1232,6
2021-04-13,El Dorado,017,186661,9720,9609,669,10278,106
2021-04-13,Fresno,019,978130,100804,100357,8321,108678,1636
2021-04-13,Glenn,021,27897,2373,2351,532,2883,17
2021-04-13,Humboldt,023,135768,3578,3540,26,3566,35
2021-04-13,Imperial,025,180216,28023,27887,2583,30470,718
2021-04-13,Inyo,027,18085,1392,1391,10,1401,36
2021-04-13,Kern,029,883053,96006,94908,10370,105278,1285
2021-04-13,Kings,031,150075,22857,22636,1035,23671,243
2021-04-13,Lake,033,64148,3421,3390,9,3399,43
2021-04-13,Lassen,035,31185,5159,5147,103,5250,1
2021-04-13,Los Angeles,037,10098052,1196325,1186482,39575,1226057,23526
2021-04-13,Madera,039,155013,16346,16207,900,17107,231
2021-04-13,Marin,041,260295,13820,13760,227,13987,224
2021-04-13,Mariposa,043,17540,404,394,6,400,5
2021-04-13,Mendocino,045,87422,3786,3702,74,3776,46
2021-04-13,Merced,047,269075,30229,30276,996,31272,435
2021-04-13,Modoc,049,8938,363,355,120,475,3
2021-04-13,Mono,051,14174,1241,1251,17,1268,3
2021-04-13,Monterey,053,433212,42747,42577,1778,44355,347
2021-04-13,Napa,055,140530,9637,9627,31,9658,79
2021-04-13,Nevada,057,99092,4482,4415,182,4597,69
2021-04-13,Orange,059,3164182,253015,251491,10880,262371,4836
2021-04-13,Placer,061,380077,22235,21534,1344,22878,280
2021-04-13,Plumas,063,18699,677,665,10,675,4
2021-04-13,Riverside,065,2383286,291167,285505,13625,299130,4348
2021-04-13,Sacramento,067,1510023,101354,100551,1505,102056,1569
2021-04-13,San Benito,069,59416,5960,5946,108,6054,62
2021-04-13,San Bernardino,071,2135413,290621,288929,8762,297691,4521
2021-04-13,San Diego,073,3302833,274712,273709,14039,287748,3623
2021-04-13,San Francisco,075,870044,35843,35869,1211,37080,506
2021-04-13,San Joaquin,077,732212,70891,70034,3267,73301,1288
2021-04-13,San Luis Obispo,079,281455,20894,20536,654,21190,253
2021-04-13,San Mateo,081,765935,41386,40955,438,41393,353
2021-04-13,Santa Barbara,083,443738,33843,33613,1090,34703,444
2021-04-13,Santa Clara,085,1922200,116082,116363,674,117037,1923
2021-04-13,Santa Cruz,087,273765,16001,15449,789,16238,203
2021-04-13,Shasta,089,179085,11558,11536,1396,12932,189
2021-04-13,Sierra,091,2930,55,51,12,63,0
2021-04-13,Siskiyou,093,43540,1619,1511,271,1782,10
2021-04-13,Solano,095,438530,31553,31335,440,31775,239
2021-04-13,Sonoma,097,501317,29445,29544,292,29836,311
2021-04-13,Stanislaus,099,539301,54132,53797,5645,59442,722
2021-04-13,Sutter,101,95872,9217,9226,80,9306,106
2021-04-13,Tehama,103,63373,4884,4850,524,5374,52
2021-04-13,Trinity,105,12862,482,326,81,407,3
2021-04-13,Tulare,107,460477,49530,48511,8569,57080,825
2021-04-13,Tuolumne,109,53932,3955,3995,40,4035,57
2021-04-13,Ventura,111,848112,80391,79854,2881,82735,986
2021-04-13,Yolo,113,214977,13525,13516,184,13700,198
2021-04-13,Yuba,115,75493,5807,5776,113,5889,44
2021-04-12,Alameda,001,1643700,85172,84817,1812,86629,1238
2021-04-12,Alpine,002,1148,85,85,0,85,0
2021-04-12,Amador,005,37829,3615,3607,32,3639,46
2021-04-12,Butte,007,227075,11848,11488,1714,13202,193
2021-04-12,Calaveras,009,45235,2038,2033,11,2044,50
2021-04-12,Colusa,011,21464,1904,1904,278,2182,14
2021-04-12,Contra Costa,013,1133247,66969,66176,1153,67329,777
2021-04-12,Del Norte,015,27424,1260,1216,11,1227,6
2021-04-12,El Dorado,017,186661,9703,9588,667,10255,106
2021-04-12,Fresno,019,978130,100743,100277,8298,108575,1633
2021-04-12,Glenn,021,27897,2372,2349,532,2881,17
2021-04-12,Humboldt,023,135768,3564,3533,25,3558,35
2021-04-12,Imperial,025,180216,27993,27851,2579,30430,717
2021-04-12,Inyo,027,18085,1392,1390,10,1400,36
2021-04-12,Kern,029,883053,95969,94861,10360,105221,1283
2021-04-12,Kings,031,150075,22849,22621,1034,23655,241
2021-04-12,Lake,033,64148,3417,3380,9,3389,43
2021-04-12,Lassen,035,31185,5158,5147,103,5250,1
2021-04-12,Los Angeles,037,10098052,1195822,1186145,39538,1225683,23505
2021-04-12,Madera,039,155013,16334,16174,898,17072,231
2021-04-12,Marin,041,260295,13807,13751,225,13976,224
2021-04-12,Mariposa,043,17540,403,394,6,400,5
2021-04-12,Mendocino,045,87422,3785,3699,74,3773,46
2021-04-12,Merced,047,269075,30198,30261,993,31254,435
2021-04-12,Modoc,049,8938,361,352,120,472,3
2021-04-12,Mono,051,14174,1241,1251,17,1268,3
2021-04-12,Monterey,053,433212,42733,42555,1776,44331,346
2021-04-12,Napa,055,140530,9623,9603,31,9634,80
2021-04-12,Nevada,057,99092,4471,4408,182,4590,69
2021-04-12,Orange,059,3164182,252928,251350,10859,262209,4826
2021-04-12,Placer,061,380077,22184,21475,1341,22816,278
2021-04-12,Plumas,063,18699,675,666,10,676,4
2021-04-12,Riverside,065,2383286,291056,285361,13619,298980,4336
2021-04-12,Sacramento,067,1510023,101180,100394,1500,101894,1566
2021-04-12,San Benito,069,59416,5952,5942,107,6049,62
2021-04-12,San Bernardino,071,2135413,290514,288736,8750,297486,4493
2021-04-12,San Diego,073,3302833,274451,273431,14010,287441,3621
2021-04-12,San Francisco,075,870044,35809,35841,1210,37051,506
2021-04-12,San Joaquin,077,732212,70819,69968,3260,73228,1288
2021-04-12,San Luis Obispo,079,281455,20849,20515,641,21156,253
2021-04-12,San Mateo,081,765935,41344,40920,434,41354,353
2021-04-12,Santa Barbara,083,443738,33811,33606,1090,34696,444
2021-04-12,Santa Clara,085,1922200,115954,116252,672,116924,1923
2021-04-12,Santa Cruz,087,273765,15981,15406,789,16195,203
2021-04-12,Shasta,089,179085,11541,11509,1392,12901,189
2021-04-12,Sierra,091,2930,55,51,12,63,0
2021-04-12,Siskiyou,093,43540,1608,1511,268,1779,7
2021-04-12,Solano,095,438530,31511,31305,437,31742,238
2021-04-12,Sonoma,097,501317,29417,29500,292,29792,310
2021-04-12,Stanislaus,099,539301,54066,53722,5638,59360,707
2021-04-12,Sutter,101,95872,9206,9221,80,9301,106
2021-04-12,Tehama,103,63373,4875,4834,520,5354,52
2021-04-12,Trinity,105,12862,482,324,81,405,3
2021-04-12,Tulare,107,460477,49510,48495,8559,57054,824
2021-04-12,Tuolumne,109,53932,3951,3993,40,4033,57
2021-04-12,Ventura,111,848112,80358,79818,2879,82697,985
2021-04-12,Yolo,113,214977,13511,13510,183,13693,198
2021-04-12,Yuba,115,75493,5801,5773,113,5886,43
2021-04-11,Alameda,001,1643700,85035,84756,1807,86563,1238
2021-04-11,Alpine,002,1148,85,85,0,85,0
2021-04-11,Amador,005,37829,3613,3605,32,3637,46
2021-04-11,Butte,007,227075,11813,11487,1710,13197,193
2021-04-11,Calaveras,009,45235,2034,2036,11,2047,50
2021-04-11,Colusa,011,21464,1903,1904,277,2181,14
2021-04-11,Contra Costa,013,1133247,66860,66107,1151,67258,777
2021-04-11,Del Norte,015,27424,1254,1214,11,1225,6
2021-04-11,El Dorado,017,186661,9689,9575,664,10239,106
2021-04-11,Fresno,019,978130,100675,100230,8288,108518,1633
2021-04-11,Glenn,021,27897,2368,2348,532,2880,17
2021-04-11,Humboldt,023,135768,3554,3523,25,3548,35
2021-04-11,Imperial,025,180216,27969,27841,2577,30418,717
2021-04-11,Inyo,027,18085,1392,1390,10,1400,36
2021-04-11,Kern,029,883053,95908,94830,10352,105182,1283
2021-04-11,Kings,031,150075,22840,22618,1031,23649,241
2021-04-11,Lake,033,64148,3413,3377,9,3386,43
2021-04-11,Lassen,035,31185,5154,5147,103,5250,1
2021-04-11,Los Angeles,037,10098052,1195310,1185757,39496,1225253,23503
2021-04-11,Madera,039,155013,16315,16166,897,17063,231
2021-04-11,Marin,041,260295,13800,13741,224,13965,226
2021-04-11,Mariposa,043,17540,403,394,6,400,5
2021-04-11,Mendocino,045,87422,3783,3696,74,3770,46
2021-04-11,Merced,047,269075,30160,30249,992,31241,435
2021-04-11,Modoc,049,8938,360,352,118,470,3
2021-04-11,Mono,051,14174,1240,1250,17,1267,3
2021-04-11,Monterey,053,433212,42727,42547,1769,44316,346
2021-04-11,Napa,055,140530,9612,9592,31,9623,80
2021-04-11,Nevada,057,99092,4457,4394,182,4576,69
2021-04-11,Orange,059,3164182,252801,251233,10848,262081,4826
2021-04-11,Placer,061,380077,22127,21458,1336,22794,278
2021-04-11,Plumas,063,18699,675,666,10,676,4
2021-04-11,Riverside,065,2383286,290922,285269,13609,298878,4336
2021-04-11,Sacramento,067,1510023,101009,100296,1488,101784,1566
2021-04-11,San Benito,069,59416,5944,5941,106,6047,62
2021-04-11,San Bernardino,071,2135413,290407,288686,8744,297430,4492
2021-04-11,San Diego,073,3302833,274153,273287,13951,287238,3621
2021-04-11,San Francisco,075,870044,35773,35815,1207,37022,498
2021-04-11,San Joaquin,077,732212,70733,69939,3249,73188,1288
2021-04-11,San Luis Obispo,079,281455,20823,20501,638,21139,253
2021-04-11,San Mateo,081,765935,41286,40901,433,41334,353
2021-04-11,Santa Barbara,083,443738,33776,33591,1089,34680,444
2021-04-11,Santa Clara,085,1922200,115818,116161,669,116830,1923
2021-04-11,Santa Cruz,087,273765,15969,15382,789,16171,203
2021-04-11,Shasta,089,179085,11497,11504,1391,12895,189
2021-04-11,Sierra,091,2930,55,51,12,63,0
2021-04-11,Siskiyou,093,43540,1601,1509,265,1774,7
2021-04-11,Solano,095,438530,31457,31268,433,31701,238
2021-04-11,Sonoma,097,501317,29391,29496,288,29784,310
2021-04-11,Stanislaus,099,539301,53983,53683,5629,59312,707
2021-04-11,Sutter,101,95872,9197,9222,80,9302,106
2021-04-11,Tehama,103,63373,4872,4832,519,5351,52
2021-04-11,Trinity,105,12862,482,324,81,405,3
2021-04-11,Tulare,107,460477,49496,48479,8552,57031,824
2021-04-11,Tuolumne,109,53932,3949,3993,40,4033,57
2021-04-11,Ventura,111,848112,80310,79800,2874,82674,985
2021-04-11,Yolo,113,214977,13491,13496,181,13677,198
2021-04-11,Yuba,115,75493,5791,5768,113,5881,43
2021-04-10,Alameda,001,1643700,84971,84626,1807,86433,1238
2021-04-10,Alpine,002,1148,85,85,0,85,0
2021-04-10,Amador,005,37829,3611,3603,32,3635,46
2021-04-10,Butte,007,227075,11802,11482,1709,13191,193
2021-04-10,Calaveras,009,45235,2032,2032,11,2043,50
2021-04-10,Colusa,011,21464,1903,1902,277,2179,14
2021-04-10,Contra Costa,013,1133247,66799,66001,1148,67149,778
2021-04-10,Del Norte,015,27424,1251,1212,11,1223,6
2021-04-10,El Dorado,017,186661,9677,9549,661,10210,106
2021-04-10,Fresno,019,978130,100642,100135,8281,108416,1633
2021-04-10,Glenn,021,27897,2368,2343,532,2875,17
2021-04-10,Humboldt,023,135768,3544,3508,25,3533,35
2021-04-10,Imperial,025,180216,27955,27816,2577,30393,717
2021-04-10,Inyo,027,18085,1392,1387,10,1397,36
2021-04-10,Kern,029,883053,95894,94802,10346,105148,1284
2021-04-10,Kings,031,150075,22836,22614,1029,23643,241
2021-04-10,Lake,033,64148,3408,3368,9,3377,43
2021-04-10,Lassen,035,31185,5154,5146,102,5248,1
2021-04-10,Los Angeles,037,10098052,1195035,1185246,39479,1224725,23493
2021-04-10,Madera,039,155013,16307,16143,896,17039,231
2021-04-10,Marin,041,260295,13795,13731,224,13955,226
2021-04-10,Mariposa,043,17540,400,393,6,399,5
2021-04-10,Mendocino,045,87422,3781,3696,74,3770,46
2021-04-10,Merced,047,269075,30141,30225,991,31216,435
2021-04-10,Modoc,049,8938,360,352,118,470,3
2021-04-10,Mono,051,14174,1240,1249,17,1266,3
2021-04-10,Monterey,053,433212,42716,42527,1768,44295,346
2021-04-10,Napa,055,140530,9605,9569,31,9600,79
2021-04-10,Nevada,057,99092,4450,4379,182,4561,69
2021-04-10,Orange,059,3164182,252708,251139,10842,261981,4818
2021-04-10,Placer,061,380077,22096,21402,1330,22732,278
2021-04-10,Plumas,063,18699,675,666,10,676,4
2021-04-10,Riverside,065,2383286,290842,285082,13601,298683,4336
2021-04-10,Sacramento,067,1510023,100906,100048,1486,101534,1566
2021-04-10,San Benito,069,59416,5933,5932,105,6037,62
2021-04-10,San Bernardino,071,2135413,290343,288590,8737,297327,4489
2021-04-10,San Diego,073,3302833,273937,273058,13931,286989,3613
2021-04-10,San Francisco,075,870044,35743,35774,1204,36978,498
2021-04-10,San Joaquin,077,732212,70698,69852,3239,73091,1288
2021-04-10,San Luis Obispo,079,281455,20807,20461,637,21098,253
2021-04-10,San Mateo,081,765935,41253,40878,433,41311,350
2021-04-10,Santa Barbara,083,443738,33748,33541,1087,34628,444
2021-04-10,Santa Clara,085,1922200,115722,116015,668,116683,1923
2021-04-10,Santa Cruz,087,273765,15963,15360,789,16149,203
2021-04-10,Shasta,089,179085,11488,11492,1388,12880,189
2021-04-10,Sierra,091,2930,55,51,12,63,0
2021-04-10,Siskiyou,093,43540,1598,1512,265,1777,7
2021-04-10,Solano,095,438530,31423,31218,429,31647,238
2021-04-10,Sonoma,097,501317,29376,29469,288,29757,310
2021-04-10,Stanislaus,099,539301,53948,53596,5623,59219,707
2021-04-10,Sutter,101,95872,9195,9214,80,9294,106
2021-04-10,Tehama,103,63373,4870,4820,517,5337,52
2021-04-10,Trinity,105,12862,482,324,81,405,3
2021-04-10,Tulare,107,460477,49487,48470,8546,57016,824
2021-04-10,Tuolumne,109,53932,3946,3991,40,4031,57
2021-04-10,Ventura,111,848112,80282,79758,2872,82630,985
2021-04-10,Yolo,113,214977,13483,13494,180,13674,198
2021-04-10,Yuba,115,75493,5788,5757,112,5869,43
2021-04-09,Alameda,001,1643700,84904,84404,1799,86203,1237
2021-04-09,Alpine,002,1148,85,85,0,85,0
2021-04-09,Amador,005,37829,3610,3600,32,3632,46
2021-04-09,Butte,007,227075,11792,11454,1708,13162,193
2021-04-09,Calaveras,009,45235,2031,2028,11,2039,50
2021-04-09,Colusa,011,21464,1903,1898,277,2175,14
2021-04-09,Contra Costa,013,1133247,66706,65857,1142,66999,777
2021-04-09,Del Norte,015,27424,1250,1207,11,1218,6
2021-04-09,El Dorado,017,186661,9655,9528,657,10185,106
2021-04-09,Fresno,019,978130,100608,100027,8276,108303,1630
2021-04-09,Glenn,021,27897,2368,2337,532,2869,17
2021-04-09,Humboldt,023,135768,3535,3496,25,3521,35
2021-04-09,Imperial,025,180216,27940,27764,2575,30339,717
2021-04-09,Inyo,027,18085,1391,1386,10,1396,36
2021-04-09,Kern,029,883053,95856,94675,10344,105019,1282
2021-04-09,Kings,031,150075,22827,22595,1026,23621,242
2021-04-09,Lake,033,64148,3404,3362,9,3371,43
2021-04-09,Lassen,035,31185,5154,5140,102,5242,1
2021-04-09,Los Angeles,037,10098052,1194666,1184501,39451,1223952,23458
2021-04-09,Madera,039,155013,16304,16118,896,17014,231
2021-04-09,Marin,041,260295,13788,13721,224,13945,226
2021-04-09,Mariposa,043,17540,400,393,6,399,5
2021-04-09,Mendocino,045,87422,3779,3693,74,3767,46
2021-04-09,Merced,047,269075,30112,30179,990,31169,435
2021-04-09,Modoc,049,8938,359,352,118,470,3
2021-04-09,Mono,051,14174,1240,1247,17,1264,3
2021-04-09,Monterey,053,433212,42707,42481,1764,44245,344
2021-04-09,Napa,055,140530,9586,9574,31,9605,80
2021-04-09,Nevada,057,99092,4442,4373,182,4555,69
2021-04-09,Orange,059,3164182,252634,250852,10837,261689,4813
2021-04-09,Placer,061,380077,22065,21327,1322,22649,278
2021-04-09,Plumas,063,18699,674,666,10,676,4
2021-04-09,Riverside,065,2383286,290759,284562,13595,298157,4325
2021-04-09,Sacramento,067,1510023,100750,99722,1480,101202,1564
2021-04-09,San Benito,069,59416,5928,5925,104,6029,62
2021-04-09,San Bernardino,071,2135413,290274,288000,8734,296734,4467
2021-04-09,San Diego,073,3302833,273739,272697,13889,286586,3600
2021-04-09,San Francisco,075,870044,35702,35716,1199,36915,497
2021-04-09,San Joaquin,077,732212,70634,69675,3227,72902,1281
2021-04-09,San Luis Obispo,079,281455,20792,20427,637,21064,252
2021-04-09,San Mateo,081,765935,41217,40800,432,41232,350
2021-04-09,Santa Barbara,083,443738,33725,33424,1084,34508,444
2021-04-09,Santa Clara,085,1922200,115638,115749,666,116415,1923
2021-04-09,Santa Cruz,087,273765,15958,15331,789,16120,203
2021-04-09,Shasta,089,179085,11478,11478,1385,12863,188
2021-04-09,Sierra,091,2930,55,51,12,63,0
2021-04-09,Siskiyou,093,43540,1595,1510,264,1774,7
2021-04-09,Solano,095,438530,31390,31166,424,31590,238
2021-04-09,Sonoma,097,501317,29363,29433,288,29721,310
2021-04-09,Stanislaus,099,539301,53893,53504,5614,59118,705
2021-04-09,Sutter,101,95872,9188,9201,80,9281,106
2021-04-09,Tehama,103,63373,4864,4806,517,5323,52
2021-04-09,Trinity,105,12862,481,324,81,405,3
2021-04-09,Tulare,107,460477,49483,48430,8540,56970,824
2021-04-09,Tuolumne,109,53932,3945,3986,40,4026,57
2021-04-09,Ventura,111,848112,80254,79698,2872,82570,987
2021-04-09,Yolo,113,214977,13471,13478,178,13656,198
2021-04-09,Yuba,115,75493,5781,5754,112,5866,43
2021-04-08,Alameda,001,1643700,84796,84213,1796,86009,1232
2021-04-08,Alpine,002,1148,85,85,0,85,0
2021-04-08,Amador,005,37829,3606,3595,32,3627,46
2021-04-08,Butte,007,227075,11781,11414,1707,13121,193
2021-04-08,Calaveras,009,45235,2029,2027,11,2038,50
2021-04-08,Colusa,011,21464,1902,1897,277,2174,14
2021-04-08,Contra Costa,013,1133247,66598,65706,1139,66845,775
2021-04-08,Del Norte,015,27424,1244,1201,11,1212,6
2021-04-08,El Dorado,017,186661,9639,9513,652,10165,106
2021-04-08,Fresno,019,978130,100545,99935,8269,108204,1627
2021-04-08,Glenn,021,27897,2367,2337,532,2869,17
2021-04-08,Humboldt,023,135768,3525,3486,25,3511,35
2021-04-08,Imperial,025,180216,27912,27744,2572,30316,713
2021-04-08,Inyo,027,18085,1390,1386,10,1396,36
2021-04-08,Kern,029,883053,95810,94493,10331,104824,1281
2021-04-08,Kings,031,150075,22820,22589,1024,23613,243
2021-04-08,Lake,033,64148,3397,3360,9,3369,43
2021-04-08,Lassen,035,31185,5153,5136,102,5238,1
2021-04-08,Los Angeles,037,10098052,1194167,1184443,39413,1223856,23416
2021-04-08,Madera,039,155013,16292,16103,896,16999,231
2021-04-08,Marin,041,260295,13781,13704,224,13928,226
2021-04-08,Mariposa,043,17540,399,393,6,399,5
2021-04-08,Mendocino,045,87422,3777,3690,74,3764,45
2021-04-08,Merced,047,269075,30090,30163,990,31153,430
2021-04-08,Modoc,049,8938,359,352,118,470,3
2021-04-08,Mono,051,14174,1238,1247,17,1264,3
2021-04-08,Monterey,053,433212,42685,42437,1759,44196,342
2021-04-08,Napa,055,140530,9570,9569,31,9600,80
2021-04-08,Nevada,057,99092,4431,4367,182,4549,69
2021-04-08,Orange,059,3164182,252524,250529,10822,261351,4797
2021-04-08,Placer,061,380077,22023,21258,1313,22571,277
2021-04-08,Plumas,063,18699,674,665,10,675,4
2021-04-08,Riverside,065,2383286,290645,283853,13590,297443,4296
2021-04-08,Sacramento,067,1510023,100611,99319,1469,100788,1561
2021-04-08,San Benito,069,59416,5925,5914,102,6016,62
2021-04-08,San Bernardino,071,2135413,290177,287190,8731,295921,4445
2021-04-08,San Diego,073,3302833,273509,272495,13853,286348,3592
2021-04-08,San Francisco,075,870044,35678,35657,1198,36855,494
2021-04-08,San Joaquin,077,732212,70562,69479,3221,72700,1279
2021-04-08,San Luis Obispo,079,281455,20773,20402,635,21037,252
2021-04-08,San Mateo,081,765935,41177,40749,432,41181,350
2021-04-08,Santa Barbara,083,443738,33701,33309,1083,34392,444
2021-04-08,Santa Clara,085,1922200,115532,115487,665,116152,1905
2021-04-08,Santa Cruz,087,273765,15951,15296,789,16085,203
2021-04-08,Shasta,089,179085,11468,11466,1381,12847,186
2021-04-08,Sierra,091,2930,55,51,12,63,0
2021-04-08,Siskiyou,093,43540,1592,1511,264,1775,7
2021-04-08,Solano,095,438530,31340,31120,424,31544,238
2021-04-08,Sonoma,097,501317,29343,29410,287,29697,310
2021-04-08,Stanislaus,099,539301,53815,53401,5604,59005,706
2021-04-08,Sutter,101,95872,9184,9195,80,9275,106
2021-04-08,Tehama,103,63373,4860,4802,517,5319,52
2021-04-08,Trinity,105,12862,481,324,81,405,3
2021-04-08,Tulare,107,460477,49470,48409,8530,56939,821
2021-04-08,Tuolumne,109,53932,3945,3986,40,4026,57
2021-04-08,Ventura,111,848112,80217,79626,2868,82494,986
2021-04-08,Yolo,113,214977,13462,13468,177,13645,198
2021-04-08,Yuba,115,75493,5777,5743,112,5855,43
2021-04-07,Alameda,001,1643700,84712,84130,1794,85924,1224
2021-04-07,Alpine,002,1148,85,85,0,85,0
2021-04-07,Amador,005,37829,3603,3590,32,3622,46
2021-04-07,Butte,007,227075,11777,11405,1704,13109,193
2021-04-07,Calaveras,009,45235,2028,2022,11,2033,50
2021-04-07,Colusa,011,21464,1898,1894,276,2170,14
2021-04-07,Contra Costa,013,1133247,66512,65619,1138,66757,775
2021-04-07,Del Norte,015,27424,1242,1198,11,1209,6
2021-04-07,El Dorado,017,186661,9618,9500,646,10146,106
2021-04-07,Fresno,019,978130,100479,99865,8258,108123,1627
2021-04-07,Glenn,021,27897,2365,2337,531,2868,17
2021-04-07,Humboldt,023,135768,3512,3484,25,3509,35
2021-04-07,Imperial,025,180216,27888,27704,2566,30270,713
2021-04-07,Inyo,027,18085,1389,1386,10,1396,36
2021-04-07,Kern,029,883053,95774,94456,10316,104772,1275
2021-04-07,Kings,031,150075,22818,22589,1024,23613,243
2021-04-07,Lake,033,64148,3395,3358,9,3367,43
2021-04-07,Lassen,035,31185,5153,5137,102,5239,1
2021-04-07,Los Angeles,037,10098052,1193725,1183862,39393,1223255,23372
2021-04-07,Madera,039,155013,16273,16090,895,16985,231
2021-04-07,Marin,041,260295,13770,13688,223,13911,225
2021-04-07,Mariposa,043,17540,398,391,6,397,5
2021-04-07,Mendocino,045,87422,3776,3691,74,3765,45
2021-04-07,Merced,047,269075,30067,30132,986,31118,430
2021-04-07,Modoc,049,8938,359,351,118,469,3
2021-04-07,Mono,051,14174,1238,1246,17,1263,3
2021-04-07,Monterey,053,433212,42667,42427,1758,44185,341
2021-04-07,Napa,055,140530,9556,9556,31,9587,80
2021-04-07,Nevada,057,99092,4425,4364,182,4546,69
2021-04-07,Orange,059,3164182,252399,250378,10800,261178,4778
2021-04-07,Placer,061,380077,21979,21227,1305,22532,276
2021-04-07,Plumas,063,18699,674,665,10,675,4
2021-04-07,Riverside,065,2383286,290525,283749,13580,297329,4285
2021-04-07,Sacramento,067,1510023,100443,99202,1463,100665,1544
2021-04-07,San Benito,069,59416,5920,5912,101,6013,62
2021-04-07,San Bernardino,071,2135413,290058,286978,8726,295704,4433
2021-04-07,San Diego,073,3302833,273283,272195,13824,286019,3588
2021-04-07,San Francisco,075,870044,35638,35618,1194,36812,493
2021-04-07,San Joaquin,077,732212,70491,69375,3216,72591,1278
2021-04-07,San Luis Obispo,079,281455,20747,20373,632,21005,252
2021-04-07,San Mateo,081,765935,41133,40693,432,41125,350
2021-04-07,Santa Barbara,083,443738,33675,33289,1080,34369,444
2021-04-07,Santa Clara,085,1922200,115400,115311,663,115974,1900
2021-04-07,Santa Cruz,087,273765,15940,15275,789,16064,203
2021-04-07,Shasta,089,179085,11456,11456,1377,12833,184
2021-04-07,Sierra,091,2930,55,51,12,63,0
2021-04-07,Siskiyou,093,43540,1586,1512,263,1775,7
2021-04-07,Solano,095,438530,31289,31097,423,31520,238
2021-04-07,Sonoma,097,501317,29325,29394,286,29680,310
2021-04-07,Stanislaus,099,539301,53747,53344,5594,58938,686
2021-04-07,Sutter,101,95872,9181,9188,80,9268,106
2021-04-07,Tehama,103,63373,4852,4802,515,5317,52
2021-04-07,Trinity,105,12862,481,322,81,403,3
2021-04-07,Tulare,107,460477,49455,48386,8520,56906,820
2021-04-07,Tuolumne,109,53932,3943,3982,40,4022,57
2021-04-07,Ventura,111,848112,80183,79595,2866,82461,986
2021-04-07,Yolo,113,214977,13447,13450,175,13625,198
2021-04-07,Yuba,115,75493,5773,5737,112,5849,43
2021-04-06,Alameda,001,1643700,84599,84091,1791,85882,1223
2021-04-06,Alpine,002,1148,85,85,0,85,0
2021-04-06,Amador,005,37829,3602,3587,32,3619,45
2021-04-06,Butte,007,227075,11762,11396,1702,13098,193
2021-04-06,Calaveras,009,45235,2024,2021,11,2032,50
2021-04-06,Colusa,011,21464,1896,1894,274,2168,14
2021-04-06,Contra Costa,013,1133247,66434,65575,1137,66712,774
2021-04-06,Del Norte,015,27424,1237,1197,11,1208,6
2021-04-06,El Dorado,017,186661,9588,9489,644,10133,106
2021-04-06,Fresno,019,978130,100415,99814,8252,108066,1626
2021-04-06,Glenn,021,27897,2364,2335,530,2865,17
2021-04-06,Humboldt,023,135768,3503,3477,25,3502,35
2021-04-06,Imperial,025,180216,27855,27661,2557,30218,713
2021-04-06,Inyo,027,18085,1389,1379,10,1389,36
2021-04-06,Kern,029,883053,95730,94422,10310,104732,1259
2021-04-06,Kings,031,150075,22812,22587,1024,23611,240
2021-04-06,Lake,033,64148,3392,3358,9,3367,43
2021-04-06,Lassen,035,31185,5151,5137,102,5239,1
2021-04-06,Los Angeles,037,10098052,1193213,1183499,39354,1222853,23323
2021-04-06,Madera,039,155013,16253,16085,890,16975,230
2021-04-06,Marin,041,260295,13761,13675,219,13894,224
2021-04-06,Mariposa,043,17540,398,390,6,396,5
2021-04-06,Mendocino,045,87422,3774,3686,74,3760,45
2021-04-06,Merced,047,269075,30037,30100,981,31081,430
2021-04-06,Modoc,049,8938,358,351,118,469,3
2021-04-06,Mono,051,14174,1238,1246,17,1263,3
2021-04-06,Monterey,053,433212,42658,42412,1757,44169,341
2021-04-06,Napa,055,140530,9537,9509,31,9540,78
2021-04-06,Nevada,057,99092,4415,4356,180,4536,69
2021-04-06,Orange,059,3164182,252290,250304,10787,261091,4771
2021-04-06,Placer,061,380077,21931,21184,1303,22487,276
2021-04-06,Plumas,063,18699,674,665,10,675,4
2021-04-06,Riverside,065,2383286,290344,283622,13569,297191,4264
2021-04-06,Sacramento,067,1510023,100235,99110,1457,100567,1537
2021-04-06,San Benito,069,59416,5911,5907,101,6008,62
2021-04-06,San Bernardino,071,2135413,289945,286792,8716,295508,4428
2021-04-06,San Diego,073,3302833,273021,271867,13796,285663,3585
2021-04-06,San Francisco,075,870044,35595,35572,1194,36766,488
2021-04-06,San Joaquin,077,732212,70408,69316,3204,72520,1278
2021-04-06,San Luis Obispo,079,281455,20725,20350,629,20979,252
2021-04-06,San Mateo,081,765935,41085,40649,431,41080,350
2021-04-06,Santa Barbara,083,443738,33657,33257,1079,34336,443
2021-04-06,Santa Clara,085,1922200,115229,115184,662,115846,1900
2021-04-06,Santa Cruz,087,273765,15930,15252,789,16041,203
2021-04-06,Shasta,089,179085,11435,11443,1375,12818,184
2021-04-06,Sierra,091,2930,55,51,12,63,0
2021-04-06,Siskiyou,093,43540,1582,1510,262,1772,7
2021-04-06,Solano,095,438530,31242,31078,422,31500,237
2021-04-06,Sonoma,097,501317,29299,29386,284,29670,311
2021-04-06,Stanislaus,099,539301,53691,53304,5588,58892,686
2021-04-06,Sutter,101,95872,9171,9179,80,9259,106
2021-04-06,Tehama,103,63373,4843,4798,515,5313,52
2021-04-06,Trinity,105,12862,481,321,81,402,3
2021-04-06,Tulare,107,460477,49412,48372,8516,56888,819
2021-04-06,Tuolumne,109,53932,3943,3981,40,4021,57
2021-04-06,Ventura,111,848112,80146,79556,2864,82420,983
2021-04-06,Yolo,113,214977,13434,13443,174,13617,198
2021-04-06,Yuba,115,75493,5769,5733,111,5844,43
2021-04-05,Alameda,001,1643700,84483,84007,1787,85794,1219
2021-04-05,Alpine,002,1148,85,85,0,85,0
2021-04-05,Amador,005,37829,3599,3584,32,3616,45
2021-04-05,Butte,007,227075,11747,11384,1702,13086,193
2021-04-05,Calaveras,009,45235,2022,2019,11,2030,50
2021-04-05,Colusa,011,21464,1896,1894,273,2167,14
2021-04-05,Contra Costa,013,1133247,66367,65457,1135,66592,774
2021-04-05,Del Norte,015,27424,1235,1189,11,1200,6
2021-04-05,El Dorado,017,186661,9573,9463,644,10107,106
2021-04-05,Fresno,019,978130,100327,99755,8244,107999,1622
2021-04-05,Glenn,021,27897,2363,2335,530,2865,17
2021-04-05,Humboldt,023,135768,3494,3475,25,3500,35
2021-04-05,Imperial,025,180216,27823,27604,2552,30156,710
2021-04-05,Inyo,027,18085,1386,1377,10,1387,36
2021-04-05,Kern,029,883053,95675,94401,10285,104686,1249
2021-04-05,Kings,031,150075,22808,22580,1024,23604,239
2021-04-05,Lake,033,64148,3384,3359,9,3368,43
2021-04-05,Lassen,035,31185,5151,5138,101,5239,1
2021-04-05,Los Angeles,037,10098052,1192677,1183200,39306,1222506,23302
2021-04-05,Madera,039,155013,16238,16065,889,16954,230
2021-04-05,Marin,041,260295,13747,13666,215,13881,221
2021-04-05,Mariposa,043,17540,398,390,6,396,5
2021-04-05,Mendocino,045,87422,3772,3687,74,3761,45
2021-04-05,Merced,047,269075,30012,30068,979,31047,427
2021-04-05,Modoc,049,8938,356,346,118,464,3
2021-04-05,Mono,051,14174,1238,1246,17,1263,3
2021-04-05,Monterey,053,433212,42645,42396,1753,44149,341
2021-04-05,Napa,055,140530,9514,9492,31,9523,78
2021-04-05,Nevada,057,99092,4404,4346,180,4526,69
2021-04-05,Orange,059,3164182,252175,250177,10763,260940,4759
2021-04-05,Placer,061,380077,21885,21133,1296,22429,276
2021-04-05,Plumas,063,18699,674,666,10,676,4
2021-04-05,Riverside,065,2383286,290207,283549,13557,297106,4237
2021-04-05,Sacramento,067,1510023,100073,98908,1449,100357,1533
2021-04-05,San Benito,069,59416,5905,5904,101,6005,61
2021-04-05,San Bernardino,071,2135413,289835,286597,8713,295310,4425
2021-04-05,San Diego,073,3302833,272772,271655,13755,285410,3583
2021-04-05,San Francisco,075,870044,35564,35538,1194,36732,488
2021-04-05,San Joaquin,077,732212,70319,69214,3195,72409,1268
2021-04-05,San Luis Obispo,079,281455,20688,20333,629,20962,252
2021-04-05,San Mateo,081,765935,41041,40609,430,41039,350
2021-04-05,Santa Barbara,083,443738,33622,33235,1079,34314,443
2021-04-05,Santa Clara,085,1922200,115062,115091,659,115750,1893
2021-04-05,Santa Cruz,087,273765,15923,15228,789,16017,201
2021-04-05,Shasta,089,179085,11414,11435,1372,12807,184
2021-04-05,Sierra,091,2930,55,50,12,62,0
2021-04-05,Siskiyou,093,43540,1579,1509,260,1769,7
2021-04-05,Solano,095,438530,31202,31026,420,31446,237
2021-04-05,Sonoma,097,501317,29267,29361,282,29643,311
2021-04-05,Stanislaus,099,539301,53611,53238,5585,58823,686
2021-04-05,Sutter,101,95872,9164,9169,80,9249,106
2021-04-05,Tehama,103,63373,4837,4794,515,5309,52
2021-04-05,Trinity,105,12862,480,321,81,402,3
2021-04-05,Tulare,107,460477,49400,48356,8509,56865,818
2021-04-05,Tuolumne,109,53932,3942,3980,40,4020,57
2021-04-05,Ventura,111,848112,80115,79549,2861,82410,983
2021-04-05,Yolo,113,214977,13420,13427,173,13600,198
2021-04-05,Yuba,115,75493,5764,5728,110,5838,43
2021-04-04,Alameda,001,1643700,84364,83951,1783,85734,1219
2021-04-04,Alpine,002,1148,85,85,0,85,0
2021-04-04,Amador,005,37829,3593,3582,32,3614,45
2021-04-04,Butte,007,227075,11732,11375,1701,13076,193
2021-04-04,Calaveras,009,45235,2018,2020,11,2031,50
2021-04-04,Colusa,011,21464,1895,1893,273,2166,14
2021-04-04,Contra Costa,013,1133247,66261,65408,1130,66538,774
2021-04-04,Del Norte,015,27424,1227,1186,11,1197,6
2021-04-04,El Dorado,017,186661,9554,9455,641,10096,106
2021-04-04,Fresno,019,978130,100253,99702,8232,107934,1622
2021-04-04,Glenn,021,27897,2360,2335,529,2864,17
2021-04-04,Humboldt,023,135768,3483,3472,25,3497,35
2021-04-04,Imperial,025,180216,27767,27588,2550,30138,710
2021-04-04,Inyo,027,18085,1382,1377,10,1387,36
2021-04-04,Kern,029,883053,95631,94388,10264,104652,1247
2021-04-04,Kings,031,150075,22806,22580,1023,23603,239
2021-04-04,Lake,033,64148,3378,3355,8,3363,43
2021-04-04,Lassen,035,31185,5149,5138,101,5239,1
2021-04-04,Los Angeles,037,10098052,1192132,1182872,39262,1222134,23301
2021-04-04,Madera,039,155013,16212,16052,885,16937,230
2021-04-04,Marin,041,260295,13734,13663,214,13877,221
2021-04-04,Mariposa,043,17540,398,390,6,396,5
2021-04-04,Mendocino,045,87422,3769,3684,74,3758,45
2021-04-04,Merced,047,269075,29969,30048,976,31024,427
2021-04-04,Modoc,049,8938,356,346,118,464,3
2021-04-04,Mono,051,14174,1237,1245,17,1262,3
2021-04-04,Monterey,053,433212,42628,42391,1752,44143,341
2021-04-04,Napa,055,140530,9502,9486,31,9517,78
2021-04-04,Nevada,057,99092,4392,4337,180,4517,69
2021-04-04,Orange,059,3164182,252040,250117,10747,260864,4759
2021-04-04,Placer,061,380077,21838,21104,1278,22382,276
2021-04-04,Plumas,063,18699,674,666,10,676,4
2021-04-04,Riverside,065,2383286,290081,283537,13553,297090,4237
2021-04-04,Sacramento,067,1510023,99874,98821,1440,100261,1531
2021-04-04,San Benito,069,59416,5895,5901,97,5998,61
2021-04-04,San Bernardino,071,2135413,289695,286561,8705,295266,4423
2021-04-04,San Diego,073,3302833,272460,271528,13714,285242,3583
2021-04-04,San Francisco,075,870044,35510,35525,1191,36716,488
2021-04-04,San Joaquin,077,732212,70218,69147,3183,72330,1268
2021-04-04,San Luis Obispo,079,281455,20656,20328,621,20949,252
2021-04-04,San Mateo,081,765935,40998,40587,428,41015,350
2021-04-04,Santa Barbara,083,443738,33586,33213,1079,34292,443
2021-04-04,Santa Clara,085,1922200,114896,114976,652,115628,1893
2021-04-04,Santa Cruz,087,273765,15914,15219,789,16008,201
2021-04-04,Shasta,089,179085,11388,11433,1371,12804,184
2021-04-04,Sierra,091,2930,55,50,12,62,0
2021-04-04,Siskiyou,093,43540,1576,1509,256,1765,7
2021-04-04,Solano,095,438530,31155,31002,418,31420,237
2021-04-04,Sonoma,097,501317,29235,29340,280,29620,311
2021-04-04,Stanislaus,099,539301,53518,53181,5577,58758,686
2021-04-04,Sutter,101,95872,9157,9164,80,9244,106
2021-04-04,Tehama,103,63373,4824,4792,514,5306,52
2021-04-04,Trinity,105,12862,478,321,81,402,3
2021-04-04,Tulare,107,460477,49386,48343,8501,56844,818
2021-04-04,Tuolumne,109,53932,3934,3980,40,4020,57
2021-04-04,Ventura,111,848112,80072,79526,2859,82385,983
2021-04-04,Yolo,113,214977,13399,13425,172,13597,198
2021-04-04,Yuba,115,75493,5757,5722,110,5832,43
2021-04-03,Alameda,001,1643700,84297,83861,1781,85642,1218
2021-04-03,Alpine,002,1148,85,85,0,85,0
2021-04-03,Amador,005,37829,3590,3577,32,3609,45
2021-04-03,Butte,007,227075,11728,11359,1697,13056,193
2021-04-03,Calaveras,009,45235,2016,2019,11,2030,50
2021-04-03,Colusa,011,21464,1895,1891,273,2164,14
2021-04-03,Contra Costa,013,1133247,66189,65338,1130,66468,774
2021-04-03,Del Norte,015,27424,1222,1183,11,1194,6
2021-04-03,El Dorado,017,186661,9545,9448,640,10088,106
2021-04-03,Fresno,019,978130,100196,99602,8227,107829,1622
2021-04-03,Glenn,021,27897,2359,2334,528,2862,17
2021-04-03,Humboldt,023,135768,3481,3467,25,3492,35
2021-04-03,Imperial,025,180216,27751,27572,2547,30119,710
2021-04-03,Inyo,027,18085,1381,1376,10,1386,36
2021-04-03,Kern,029,883053,95605,94369,10248,104617,1243
2021-04-03,Kings,031,150075,22804,22580,1023,23603,239
2021-04-03,Lake,033,64148,3377,3350,8,3358,43
2021-04-03,Lassen,035,31185,5148,5136,101,5237,1
2021-04-03,Los Angeles,037,10098052,1191826,1182402,39245,1221647,23301
2021-04-03,Madera,039,155013,16203,16051,883,16934,230
2021-04-03,Marin,041,260295,13726,13658,213,13871,221
2021-04-03,Mariposa,043,17540,398,390,5,395,5
2021-04-03,Mendocino,045,87422,3768,3684,74,3758,45
2021-04-03,Merced,047,269075,29954,30031,976,31007,427
2021-04-03,Modoc,049,8938,356,346,118,464,3
2021-04-03,Mono,051,14174,1237,1245,17,1262,3
2021-04-03,Monterey,053,433212,42615,42376,1750,44126,341
2021-04-03,Napa,055,140530,9493,9473,31,9504,78
2021-04-03,Nevada,057,99092,4388,4323,180,4503,69
2021-04-03,Orange,059,3164182,251959,249982,10729,260711,4755
2021-04-03,Placer,061,380077,21807,21060,1274,22334,276
2021-04-03,Plumas,063,18699,674,666,10,676,4
2021-04-03,Riverside,065,2383286,290003,283423,13550,296973,4237
2021-04-03,Sacramento,067,1510023,99766,98660,1434,100094,1531
2021-04-03,San Benito,069,59416,5892,5893,96,5989,61
2021-04-03,San Bernardino,071,2135413,289631,286473,8699,295172,4422
2021-04-03,San Diego,073,3302833,272291,271335,13697,285032,3571
2021-04-03,San Francisco,075,870044,35491,35488,1189,36677,489
2021-04-03,San Joaquin,077,732212,70177,69100,3167,72267,1268
2021-04-03,San Luis Obispo,079,281455,20637,20301,621,20922,252
2021-04-03,San Mateo,081,765935,40973,40560,428,40988,350
2021-04-03,Santa Barbara,083,443738,33560,33172,1078,34250,443
2021-04-03,Santa Clara,085,1922200,114788,114865,650,115515,1893
2021-04-03,Santa Cruz,087,273765,15907,15205,789,15994,201
2021-04-03,Shasta,089,179085,11380,11418,1371,12789,184
2021-04-03,Sierra,091,2930,55,50,12,62,0
2021-04-03,Siskiyou,093,43540,1575,1509,256,1765,7
2021-04-03,Solano,095,438530,31134,30970,415,31385,237
2021-04-03,Sonoma,097,501317,29219,29315,279,29594,311
2021-04-03,Stanislaus,099,539301,53483,53137,5571,58708,686
2021-04-03,Sutter,101,95872,9151,9158,80,9238,106
2021-04-03,Tehama,103,63373,4816,4788,514,5302,52
2021-04-03,Trinity,105,12862,478,321,81,402,3
2021-04-03,Tulare,107,460477,49376,48327,8497,56824,818
2021-04-03,Tuolumne,109,53932,3934,3980,40,4020,57
2021-04-03,Ventura,111,848112,80051,79489,2857,82346,983
2021-04-03,Yolo,113,214977,13393,13414,172,13586,198
2021-04-03,Yuba,115,75493,5751,5716,110,5826,43
2021-04-02,Alameda,001,1643700,84224,83776,1778,85554,1217
2021-04-02,Alpine,002,1148,85,85,0,85,0
2021-04-02,Amador,005,37829,3586,3573,31,3604,45
2021-04-02,Butte,007,227075,11719,11350,1697,13047,193
2021-04-02,Calaveras,009,45235,2014,2010,11,2021,50
2021-04-02,Colusa,011,21464,1895,1891,273,2164,14
2021-04-02,Contra Costa,013,1133247,66125,65299,1129,66428,774
2021-04-02,Del Norte,015,27424,1219,1174,11,1185,6
2021-04-02,El Dorado,017,186661,9532,9437,637,10074,106
2021-04-02,Fresno,019,978130,100142,99551,8216,107767,1620
2021-04-02,Glenn,021,27897,2359,2331,528,2859,17
2021-04-02,Humboldt,023,135768,3477,3465,25,3490,35
2021-04-02,Imperial,025,180216,27739,27553,2541,30094,710
2021-04-02,Inyo,027,18085,1381,1377,10,1387,36
2021-04-02,Kern,029,883053,95587,94348,10245,104593,1233
2021-04-02,Kings,031,150075,22804,22571,1020,23591,239
2021-04-02,Lake,033,64148,3375,3348,8,3356,43
2021-04-02,Lassen,035,31185,5148,5134,101,5235,1
2021-04-02,Los Angeles,037,10098052,1191516,1181682,39224,1220906,23264
2021-04-02,Madera,039,155013,16194,16036,882,16918,230
2021-04-02,Marin,041,260295,13718,13649,213,13862,221
2021-04-02,Mariposa,043,17540,396,390,5,395,5
2021-04-02,Mendocino,045,87422,3765,3682,74,3756,45
2021-04-02,Merced,047,269075,29929,29998,976,30974,426
2021-04-02,Modoc,049,8938,353,346,118,464,3
2021-04-02,Mono,051,14174,1237,1246,17,1263,3
2021-04-02,Monterey,053,433212,42605,42359,1747,44106,341
2021-04-02,Napa,055,140530,9478,9453,31,9484,78
2021-04-02,Nevada,057,99092,4384,4323,180,4503,69
2021-04-02,Orange,059,3164182,251864,249891,10717,260608,4748
2021-04-02,Placer,061,380077,21771,21035,1268,22303,275
2021-04-02,Plumas,063,18699,674,666,10,676,4
2021-04-02,Riverside,065,2383286,289917,283328,13541,296869,4213
2021-04-02,Sacramento,067,1510023,99659,98648,1427,100075,1527
2021-04-02,San Benito,069,59416,5890,5888,94,5982,61
2021-04-02,San Bernardino,071,2135413,289559,286308,8695,295003,4417
2021-04-02,San Diego,073,3302833,272105,271036,13671,284707,3568
2021-04-02,San Francisco,075,870044,35456,35451,1187,36638,488
2021-04-02,San Joaquin,077,732212,70112,68996,3152,72148,1268
2021-04-02,San Luis Obispo,079,281455,20620,20271,620,20891,252
2021-04-02,San Mateo,081,765935,40931,40514,428,40942,350
2021-04-02,Santa Barbara,083,443738,33532,33145,1078,34223,443
2021-04-02,Santa Clara,085,1922200,114677,114777,648,115425,1882
2021-04-02,Santa Cruz,087,273765,15899,15216,789,16005,202
2021-04-02,Shasta,089,179085,11375,11377,1364,12741,181
2021-04-02,Sierra,091,2930,55,50,12,62,0
2021-04-02,Siskiyou,093,43540,1575,1508,255,1763,7
2021-04-02,Solano,095,438530,31105,30951,412,31363,237
2021-04-02,Sonoma,097,501317,29198,29288,278,29566,311
2021-04-02,Stanislaus,099,539301,53438,53073,5565,58638,687
2021-04-02,Sutter,101,95872,9143,9131,80,9211,106
2021-04-02,Tehama,103,63373,4809,4775,513,5288,52
2021-04-02,Trinity,105,12862,478,320,81,401,3
2021-04-02,Tulare,107,460477,49370,48306,8491,56797,818
2021-04-02,Tuolumne,109,53932,3931,3980,40,4020,57
2021-04-02,Ventura,111,848112,80024,79434,2855,82289,982
2021-04-02,Yolo,113,214977,13383,13381,172,13553,197
2021-04-02,Yuba,115,75493,5747,5709,110,5819,44
2021-04-01,Alameda,001,1643700,84145,83574,1773,85347,1216
2021-04-01,Alpine,002,1148,85,85,0,85,0
2021-04-01,Amador,005,37829,3582,3558,31,3589,45
2021-04-01,Butte,007,227075,11701,11328,1695,13023,193
2021-04-01,Calaveras,009,45235,2011,2006,11,2017,50
2021-04-01,Colusa,011,21464,1892,1890,273,2163,14
2021-04-01,Contra Costa,013,1133247,66066,65176,1127,66303,771
2021-04-01,Del Norte,015,27424,1214,1138,11,1149,6
2021-04-01,El Dorado,017,186661,9523,9393,633,10026,106
2021-04-01,Fresno,019,978130,100089,99317,8208,107525,1616
2021-04-01,Glenn,021,27897,2359,2322,527,2849,17
2021-04-01,Humboldt,023,135768,3473,3464,25,3489,35
2021-04-01,Imperial,025,180216,27709,27520,2536,30056,710
2021-04-01,Inyo,027,18085,1380,1374,10,1384,36
2021-04-01,Kern,029,883053,95551,94244,10233,104477,1233
2021-04-01,Kings,031,150075,22797,22560,1019,23579,239
2021-04-01,Lake,033,64148,3370,3337,8,3345,43
2021-04-01,Lassen,035,31185,5147,5132,101,5233,1
2021-04-01,Los Angeles,037,10098052,1191023,1181101,39195,1220296,23220
2021-04-01,Madera,039,155013,16178,16023,882,16905,230
2021-04-01,Marin,041,260295,13708,13635,213,13848,221
2021-04-01,Mariposa,043,17540,394,389,5,394,5
2021-04-01,Mendocino,045,87422,3765,3680,74,3754,45
2021-04-01,Merced,047,269075,29896,29820,976,30796,425
2021-04-01,Modoc,049,8938,352,346,118,464,3
2021-04-01,Mono,051,14174,1237,1245,17,1262,3
2021-04-01,Monterey,053,433212,42597,42324,1745,44069,339
2021-04-01,Napa,055,140530,9466,9410,31,9441,78
2021-04-01,Nevada,057,99092,4374,4288,179,4467,68
2021-04-01,Orange,059,3164182,251744,249617,10700,260317,4742
2021-04-01,Placer,061,380077,21732,20909,1256,22165,274
2021-04-01,Plumas,063,18699,674,664,10,674,4
2021-04-01,Riverside,065,2383286,289812,283128,13538,296666,4193
2021-04-01,Sacramento,067,1510023,99515,97952,1414,99366,1521
2021-04-01,San Benito,069,59416,5882,5878,93,5971,61
2021-04-01,San Bernardino,071,2135413,289443,286086,8686,294772,4404
2021-04-01,San Diego,073,3302833,271882,270540,13641,284181,3555
2021-04-01,San Francisco,075,870044,35435,35386,1184,36570,488
2021-04-01,San Joaquin,077,732212,70030,68802,3144,71946,1262
2021-04-01,San Luis Obispo,079,281455,20591,20235,619,20854,252
2021-04-01,San Mateo,081,765935,40890,40454,428,40882,350
2021-04-01,Santa Barbara,083,443738,33485,33096,1073,34169,443
2021-04-01,Santa Clara,085,1922200,114564,114606,647,115253,1874
2021-04-01,Santa Cruz,087,273765,15884,15271,789,16060,202
2021-04-01,Shasta,089,179085,11360,11355,1359,12714,181
2021-04-01,Sierra,091,2930,55,50,12,62,0
2021-04-01,Siskiyou,093,43540,1573,1507,254,1761,7
2021-04-01,Solano,095,438530,31072,30850,409,31259,237
2021-04-01,Sonoma,097,501317,29167,29241,271,29512,311
2021-04-01,Stanislaus,099,539301,53376,52825,5559,58384,687
2021-04-01,Sutter,101,95872,9131,9105,80,9185,106
2021-04-01,Tehama,103,63373,4803,4764,510,5274,52
2021-04-01,Trinity,105,12862,478,319,81,400,3
2021-04-01,Tulare,107,460477,49347,48279,8481,56760,817
2021-04-01,Tuolumne,109,53932,3929,3978,40,4018,57
2021-04-01,Ventura,111,848112,80000,79369,2854,82223,977
2021-04-01,Yolo,113,214977,13370,13342,172,13514,197
2021-04-01,Yuba,115,75493,5742,5694,110,5804,44
2021-03-31,Alameda,001,1643700,84063,83475,1768,85243,1215
2021-03-31,Alpine,002,1148,85,85,0,85,0
2021-03-31,Amador,005,37829,3579,3556,31,3587,45
2021-03-31,Butte,007,227075,11691,11321,1691,13012,193
2021-03-31,Calaveras,009,45235,2009,2005,11,2016,50
2021-03-31,Colusa,011,21464,1892,1890,273,2163,14
2021-03-31,Contra Costa,013,1133247,65981,65109,1126,66235,769
2021-03-31,Del Norte,015,27424,1205,1129,11,1140,6
2021-03-31,El Dorado,017,186661,9506,9390,633,10023,106
2021-03-31,Fresno,019,978130,99996,99240,8192,107432,1616
2021-03-31,Glenn,021,27897,2355,2318,525,2843,17
2021-03-31,Humboldt,023,135768,3467,3460,25,3485,35
2021-03-31,Imperial,025,180216,27689,27506,2535,30041,710
2021-03-31,Inyo,027,18085,1377,1373,9,1382,35
2021-03-31,Kern,029,883053,95508,94205,10224,104429,1229
2021-03-31,Kings,031,150075,22794,22540,1019,23559,239
2021-03-31,Lake,033,64148,3366,3332,8,3340,43
2021-03-31,Lassen,035,31185,5143,5132,101,5233,1
2021-03-31,Los Angeles,037,10098052,1190555,1180538,39157,1219695,23171
2021-03-31,Madera,039,155013,16164,16015,881,16896,229
2021-03-31,Marin,041,260295,13697,13624,213,13837,221
2021-03-31,Mariposa,043,17540,394,389,5,394,5
2021-03-31,Mendocino,045,87422,3759,3675,74,3749,45
2021-03-31,Merced,047,269075,29867,29780,976,30756,423
2021-03-31,Modoc,049,8938,352,346,118,464,3
2021-03-31,Mono,051,14174,1237,1245,17,1262,3
2021-03-31,Monterey,053,433212,42580,42309,1743,44052,338
2021-03-31,Napa,055,140530,9448,9401,31,9432,78
2021-03-31,Nevada,057,99092,4368,4283,179,4462,68
2021-03-31,Orange,059,3164182,251633,249518,10685,260203,4731
2021-03-31,Placer,061,380077,21682,20885,1249,22134,271
2021-03-31,Plumas,063,18699,673,663,10,673,4
2021-03-31,Riverside,065,2383286,289710,283006,13527,296533,4171
2021-03-31,Sacramento,067,1510023,99340,97760,1407,99167,1519
2021-03-31,San Benito,069,59416,5872,5875,93,5968,61
2021-03-31,San Bernardino,071,2135413,289349,285916,8683,294599,4356
2021-03-31,San Diego,073,3302833,271650,270288,13606,283894,3555
2021-03-31,San Francisco,075,870044,35390,35347,1183,36530,474
2021-03-31,San Joaquin,077,732212,69941,68685,3128,71813,1259
2021-03-31,San Luis Obispo,079,281455,20569,20215,618,20833,251
2021-03-31,San Mateo,081,765935,40860,40423,428,40851,350
2021-03-31,Santa Barbara,083,443738,33453,33052,1071,34123,443
2021-03-31,Santa Clara,085,1922200,114437,114499,647,115146,1874
2021-03-31,Santa Cruz,087,273765,15871,15295,788,16083,201
2021-03-31,Shasta,089,179085,11348,11327,1351,12678,179
2021-03-31,Sierra,091,2930,55,50,12,62,0
2021-03-31,Siskiyou,093,43540,1572,1505,254,1759,7
2021-03-31,Solano,095,438530,31026,30824,408,31232,235
2021-03-31,Sonoma,097,501317,29140,29216,271,29487,311
2021-03-31,Stanislaus,099,539301,53308,52782,5547,58329,687
2021-03-31,Sutter,101,95872,9120,9111,80,9191,106
2021-03-31,Tehama,103,63373,4798,4762,508,5270,52
2021-03-31,Trinity,105,12862,478,319,81,400,3
2021-03-31,Tulare,107,460477,49327,48261,8465,56726,816
2021-03-31,Tuolumne,109,53932,3928,3976,40,4016,57
2021-03-31,Ventura,111,848112,79968,79326,2850,82176,969
2021-03-31,Yolo,113,214977,13353,13359,171,13530,197
2021-03-31,Yuba,115,75493,5735,5686,110,5796,44
2021-03-30,Alameda,001,1643700,83963,83395,1765,85160,1211
2021-03-30,Alpine,002,1148,85,85,0,85,0
2021-03-30,Amador,005,37829,3576,3551,31,3582,45
2021-03-30,Butte,007,227075,11679,11296,1688,12984,193
2021-03-30,Calaveras,009,45235,2005,1997,11,2008,50
2021-03-30,Colusa,011,21464,1891,1890,272,2162,14
2021-03-30,Contra Costa,013,1133247,65892,65041,1124,66165,767
2021-03-30,Del Norte,015,27424,1197,1118,10,1128,6
2021-03-30,El Dorado,017,186661,9487,9381,630,10011,105
2021-03-30,Fresno,019,978130,99931,99156,8179,107335,1609
2021-03-30,Glenn,021,27897,2355,2310,524,2834,17
2021-03-30,Humboldt,023,135768,3465,3461,25,3486,35
2021-03-30,Imperial,025,180216,27661,27471,2533,30004,706
2021-03-30,Inyo,027,18085,1377,1374,9,1383,35
2021-03-30,Kern,029,883053,95466,94151,10215,104366,1221
2021-03-30,Kings,031,150075,22790,22530,1017,23547,238
2021-03-30,Lake,033,64148,3360,3330,8,3338,43
2021-03-30,Lassen,035,31185,5143,5132,101,5233,1
2021-03-30,Los Angeles,037,10098052,1190059,1180044,39135,1219179,23136
2021-03-30,Madera,039,155013,16154,16003,877,16880,229
2021-03-30,Marin,041,260295,13688,13611,205,13816,221
2021-03-30,Mariposa,043,17540,394,388,5,393,5
2021-03-30,Mendocino,045,87422,3757,3670,74,3744,45
2021-03-30,Merced,047,269075,29830,29731,976,30707,423
2021-03-30,Modoc,049,8938,351,346,118,464,3
2021-03-30,Mono,051,14174,1236,1245,17,1262,3
2021-03-30,Monterey,053,433212,42554,42308,1741,44049,338
2021-03-30,Napa,055,140530,9433,9391,31,9422,78
2021-03-30,Nevada,057,99092,4356,4266,178,4444,68
2021-03-30,Orange,059,3164182,251505,249412,10658,260070,4727
2021-03-30,Placer,061,380077,21642,20866,1243,22109,271
2021-03-30,Plumas,063,18699,673,661,10,671,4
2021-03-30,Riverside,065,2383286,289585,282930,13518,296448,4154
2021-03-30,Sacramento,067,1510023,99203,97718,1404,99122,1516
2021-03-30,San Benito,069,59416,5866,5870,93,5963,61
2021-03-30,San Bernardino,071,2135413,289240,285758,8674,294432,4343
2021-03-30,San Diego,073,3302833,271411,269998,13568,283566,3555
2021-03-30,San Francisco,075,870044,35340,35325,1182,36507,474
2021-03-30,San Joaquin,077,732212,69853,68613,3118,71731,1232
2021-03-30,San Luis Obispo,079,281455,20549,20194,618,20812,251
2021-03-30,San Mateo,081,765935,40816,40377,428,40805,349
2021-03-30,Santa Barbara,083,443738,33428,33016,1071,34087,441
2021-03-30,Santa Clara,085,1922200,114315,114413,646,115059,1873
2021-03-30,Santa Cruz,087,273765,15865,15278,788,16066,201
2021-03-30,Shasta,089,179085,11340,11316,1350,12666,184
2021-03-30,Sierra,091,2930,55,50,12,62,0
2021-03-30,Siskiyou,093,43540,1571,1501,254,1755,7
2021-03-30,Solano,095,438530,30996,30802,407,31209,232
2021-03-30,Sonoma,097,501317,29108,29198,271,29469,311
2021-03-30,Stanislaus,099,539301,53230,52690,5539,58229,677
2021-03-30,Sutter,101,95872,9116,9107,79,9186,106
2021-03-30,Tehama,103,63373,4789,4748,507,5255,52
2021-03-30,Trinity,105,12862,478,316,81,397,3
2021-03-30,Tulare,107,460477,49312,48249,8456,56705,815
2021-03-30,Tuolumne,109,53932,3923,3972,40,4012,57
2021-03-30,Ventura,111,848112,79924,79282,2847,82129,958
2021-03-30,Yolo,113,214977,13340,13353,171,13524,195
2021-03-30,Yuba,115,75493,5724,5679,104,5783,42
2021-03-29,Alameda,001,1643700,83863,83338,1763,85101,1211
2021-03-29,Alpine,002,1148,85,85,0,85,0
2021-03-29,Amador,005,37829,3570,3549,31,3580,45
2021-03-29,Butte,007,227075,11671,11291,1685,12976,191
2021-03-29,Calaveras,009,45235,2003,1998,11,2009,50
2021-03-29,Colusa,011,21464,1891,1889,271,2160,14
2021-03-29,Contra Costa,013,1133247,65823,64971,1123,66094,767
2021-03-29,Del Norte,015,27424,1192,1116,9,1125,6
2021-03-29,El Dorado,017,186661,9467,9374,625,9999,105
2021-03-29,Fresno,019,978130,99848,99085,8164,107249,1606
2021-03-29,Glenn,021,27897,2348,2310,524,2834,17
2021-03-29,Humboldt,023,135768,3460,3459,25,3484,34
2021-03-29,Imperial,025,180216,27640,27442,2531,29973,704
2021-03-29,Inyo,027,18085,1377,1372,9,1381,35
2021-03-29,Kern,029,883053,95419,94098,10196,104294,1220
2021-03-29,Kings,031,150075,22778,22522,1016,23538,238
2021-03-29,Lake,033,64148,3357,3325,8,3333,43
2021-03-29,Lassen,035,31185,5143,5131,101,5232,1
2021-03-29,Los Angeles,037,10098052,1189562,1179736,39095,1218831,23108
2021-03-29,Madera,039,155013,16134,15987,875,16862,210
2021-03-29,Marin,041,260295,13676,13600,202,13802,220
2021-03-29,Mariposa,043,17540,393,388,5,393,5
2021-03-29,Mendocino,045,87422,3754,3667,74,3741,45
2021-03-29,Merced,047,269075,29806,29699,976,30675,422
2021-03-29,Modoc,049,8938,350,344,118,462,3
2021-03-29,Mono,051,14174,1235,1243,17,1260,3
2021-03-29,Monterey,053,433212,42538,42305,1736,44041,337
2021-03-29,Napa,055,140530,9417,9379,31,9410,78
2021-03-29,Nevada,057,99092,4349,4258,178,4436,68
2021-03-29,Orange,059,3164182,251395,249295,10646,259941,4713
2021-03-29,Placer,061,380077,21607,20827,1236,22063,267
2021-03-29,Plumas,063,18699,672,660,10,670,4
2021-03-29,Riverside,065,2383286,289482,282867,13517,296384,4133
2021-03-29,Sacramento,067,1510023,99010,97577,1396,98973,1514
2021-03-29,San Benito,069,59416,5859,5865,93,5958,61
2021-03-29,San Bernardino,071,2135413,289143,285615,8670,294285,4335
2021-03-29,San Diego,073,3302833,271145,269771,13542,283313,3547
2021-03-29,San Francisco,075,870044,35305,35291,1179,36470,474
2021-03-29,San Joaquin,077,732212,69767,68537,3105,71642,1211
2021-03-29,San Luis Obispo,079,281455,20514,20176,617,20793,250
2021-03-29,San Mateo,081,765935,40774,40357,427,40784,348
2021-03-29,Santa Barbara,083,443738,33394,32983,1070,34053,439
2021-03-29,Santa Clara,085,1922200,114206,114335,641,114976,1871
2021-03-29,Santa Cruz,087,273765,15854,15249,787,16036,201
2021-03-29,Shasta,089,179085,11322,11313,1348,12661,183
2021-03-29,Sierra,091,2930,55,50,12,62,0
2021-03-29,Siskiyou,093,43540,1569,1497,254,1751,6
2021-03-29,Solano,095,438530,30957,30762,405,31167,232
2021-03-29,Sonoma,097,501317,29085,29184,268,29452,310
2021-03-29,Stanislaus,099,539301,53146,52614,5532,58146,677
2021-03-29,Sutter,101,95872,9109,9105,79,9184,106
2021-03-29,Tehama,103,63373,4781,4742,506,5248,52
2021-03-29,Trinity,105,12862,478,314,81,395,3
2021-03-29,Tulare,107,460477,49284,48226,8445,56671,815
2021-03-29,Tuolumne,109,53932,3921,3969,40,4009,57
2021-03-29,Ventura,111,848112,79882,79252,2847,82099,956
2021-03-29,Yolo,113,214977,13321,13346,171,13517,195
2021-03-29,Yuba,115,75493,5717,5671,103,5774,42
2021-03-28,Alameda,001,1643700,83742,83239,1761,85000,1212
2021-03-28,Alpine,002,1148,85,85,0,85,0
2021-03-28,Amador,005,37829,3566,3541,31,3572,45
2021-03-28,Butte,007,227075,11658,11285,1683,12968,191
2021-03-28,Calaveras,009,45235,2001,1995,11,2006,50
2021-03-28,Colusa,011,21464,1890,1889,271,2160,14
2021-03-28,Contra Costa,013,1133247,65749,64878,1119,65997,767
2021-03-28,Del Norte,015,27424,1185,1107,7,1114,6
2021-03-28,El Dorado,017,186661,9452,9371,623,9994,105
2021-03-28,Fresno,019,978130,99766,99004,8152,107156,1606
2021-03-28,Glenn,021,27897,2344,2309,522,2831,17
2021-03-28,Humboldt,023,135768,3457,3452,24,3476,34
2021-03-28,Imperial,025,180216,27612,27426,2528,29954,704
2021-03-28,Inyo,027,18085,1376,1372,9,1381,35
2021-03-28,Kern,029,883053,95374,94084,10185,104269,1219
2021-03-28,Kings,031,150075,22773,22514,1013,23527,238
2021-03-28,Lake,033,64148,3352,3320,8,3328,43
2021-03-28,Lassen,035,31185,5143,5131,100,5231,1
2021-03-28,Los Angeles,037,10098052,1189010,1179316,39037,1218353,23101
2021-03-28,Madera,039,155013,16119,15973,874,16847,210
2021-03-28,Marin,041,260295,13663,13594,200,13794,221
2021-03-28,Mariposa,043,17540,393,388,5,393,5
2021-03-28,Mendocino,045,87422,3752,3666,74,3740,45
2021-03-28,Merced,047,269075,29749,29679,976,30655,422
2021-03-28,Modoc,049,8938,350,344,118,462,3
2021-03-28,Mono,051,14174,1234,1242,17,1259,3
2021-03-28,Monterey,053,433212,42515,42294,1732,44026,337
2021-03-28,Napa,055,140530,9403,9368,31,9399,78
2021-03-28,Nevada,057,99092,4335,4239,178,4417,68
2021-03-28,Orange,059,3164182,251240,249238,10636,259874,4713
2021-03-28,Placer,061,380077,21563,20796,1230,22026,267
2021-03-28,Plumas,063,18699,670,657,10,667,4
2021-03-28,Riverside,065,2383286,289368,282811,13509,296320,4132
2021-03-28,Sacramento,067,1510023,98836,97425,1390,98815,1514
2021-03-28,San Benito,069,59416,5854,5862,93,5955,61
2021-03-28,San Bernardino,071,2135413,289023,285570,8662,294232,4332
2021-03-28,San Diego,073,3302833,270869,269476,13513,282989,3547
2021-03-28,San Francisco,075,870044,35259,35286,1175,36461,474
2021-03-28,San Joaquin,077,732212,69643,68459,3086,71545,1211
2021-03-28,San Luis Obispo,079,281455,20479,20172,614,20786,250
2021-03-28,San Mateo,081,765935,40729,40305,427,40732,348
2021-03-28,Santa Barbara,083,443738,33352,32953,1069,34022,439
2021-03-28,Santa Clara,085,1922200,114106,114232,637,114869,1871
2021-03-28,Santa Cruz,087,273765,15839,15238,786,16024,201
2021-03-28,Shasta,089,179085,11296,11308,1337,12645,183
2021-03-28,Sierra,091,2930,55,50,12,62,0
2021-03-28,Siskiyou,093,43540,1569,1497,253,1750,6
2021-03-28,Solano,095,438530,30920,30719,403,31122,232
2021-03-28,Sonoma,097,501317,29049,29161,266,29427,310
2021-03-28,Stanislaus,099,539301,53058,52567,5519,58086,678
2021-03-28,Sutter,101,95872,9100,9094,79,9173,106
2021-03-28,Tehama,103,63373,4771,4740,504,5244,52
2021-03-28,Trinity,105,12862,476,314,80,394,3
2021-03-28,Tulare,107,460477,49255,48218,8439,56657,815
2021-03-28,Tuolumne,109,53932,3918,3969,39,4008,57
2021-03-28,Ventura,111,848112,79831,79222,2842,82064,956
2021-03-28,Yolo,113,214977,13304,13325,170,13495,194
2021-03-28,Yuba,115,75493,5713,5662,103,5765,42
2021-03-27,Alameda,001,1643700,83671,83169,1757,84926,1211
2021-03-27,Alpine,002,1148,85,85,0,85,0
2021-03-27,Amador,005,37829,3561,3538,31,3569,45
2021-03-27,Butte,007,227075,11651,11278,1682,12960,191
2021-03-27,Calaveras,009,45235,1998,1992,11,2003,50
2021-03-27,Colusa,011,21464,1890,1889,271,2160,14
2021-03-27,Contra Costa,013,1133247,65679,64804,1116,65920,767
2021-03-27,Del Norte,015,27424,1175,1104,7,1111,6
2021-03-27,El Dorado,017,186661,9438,9367,623,9990,105
2021-03-27,Fresno,019,978130,99713,98901,8146,107047,1606
2021-03-27,Glenn,021,27897,2343,2308,522,2830,17
2021-03-27,Humboldt,023,135768,3452,3442,24,3466,34
2021-03-27,Imperial,025,180216,27600,27406,2525,29931,704
2021-03-27,Inyo,027,18085,1374,1372,9,1381,35
2021-03-27,Kern,029,883053,95354,94041,10174,104215,1217
2021-03-27,Kings,031,150075,22770,22502,1013,23515,238
2021-03-27,Lake,033,64148,3350,3317,8,3325,43
2021-03-27,Lassen,035,31185,5143,5129,100,5229,1
2021-03-27,Los Angeles,037,10098052,1188696,1178831,39011,1217842,23103
2021-03-27,Madera,039,155013,16112,15968,872,16840,210
2021-03-27,Marin,041,260295,13658,13579,200,13779,222
2021-03-27,Mariposa,043,17540,393,386,5,391,5
2021-03-27,Mendocino,045,87422,3750,3666,74,3740,45
2021-03-27,Merced,047,269075,29716,29647,974,30621,422
2021-03-27,Modoc,049,8938,350,344,118,462,3
2021-03-27,Mono,051,14174,1232,1241,17,1258,3
2021-03-27,Monterey,053,433212,42505,42271,1732,44003,337
2021-03-27,Napa,055,140530,9391,9360,31,9391,78
2021-03-27,Nevada,057,99092,4325,4231,178,4409,68
2021-03-27,Orange,059,3164182,251145,249160,10620,259780,4698
2021-03-27,Placer,061,380077,21543,20717,1223,21940,267
2021-03-27,Plumas,063,18699,669,655,10,665,4
2021-03-27,Riverside,065,2383286,289306,282707,13501,296208,4132
2021-03-27,Sacramento,067,1510023,98746,97247,1388,98635,1513
2021-03-27,San Benito,069,59416,5852,5862,91,5953,61
2021-03-27,San Bernardino,071,2135413,288961,285480,8661,294141,4325
2021-03-27,San Diego,073,3302833,270698,269271,13491,282762,3540
2021-03-27,San Francisco,075,870044,35236,35244,1173,36417,474
2021-03-27,San Joaquin,077,732212,69583,68365,3078,71443,1211
2021-03-27,San Luis Obispo,079,281455,20468,20153,611,20764,250
2021-03-27,San Mateo,081,765935,40706,40264,427,40691,348
2021-03-27,Santa Barbara,083,443738,33329,32921,1069,33990,439
2021-03-27,Santa Clara,085,1922200,114010,114124,635,114759,1871
2021-03-27,Santa Cruz,087,273765,15833,15215,786,16001,201
2021-03-27,Shasta,089,179085,11285,11288,1335,12623,183
2021-03-27,Sierra,091,2930,55,50,12,62,0
2021-03-27,Siskiyou,093,43540,1569,1497,253,1750,6
2021-03-27,Solano,095,438530,30892,30669,402,31071,232
2021-03-27,Sonoma,097,501317,29034,29133,264,29397,310
2021-03-27,Stanislaus,099,539301,52993,52497,5511,58008,678
2021-03-27,Sutter,101,95872,9093,9093,79,9172,106
2021-03-27,Tehama,103,63373,4765,4738,502,5240,52
2021-03-27,Trinity,105,12862,476,313,80,393,3
2021-03-27,Tulare,107,460477,49239,48203,8432,56635,813
2021-03-27,Tuolumne,109,53932,3915,3968,39,4007,57
2021-03-27,Ventura,111,848112,79804,79184,2840,82024,956
2021-03-27,Yolo,113,214977,13299,13317,169,13486,194
2021-03-27,Yuba,115,75493,5711,5657,103,5760,42
2021-03-26,Alameda,001,1643700,83609,83043,1755,84798,1208
2021-03-26,Alpine,002,1148,85,85,0,85,0
2021-03-26,Amador,005,37829,3556,3532,31,3563,45
2021-03-26,Butte,007,227075,11640,11278,1682,12960,191
2021-03-26,Calaveras,009,45235,1995,1989,11,2000,50
2021-03-26,Colusa,011,21464,1890,1889,271,2160,14
2021-03-26,Contra Costa,013,1133247,65619,64699,1113,65812,761
2021-03-26,Del Norte,015,27424,1172,1101,7,1108,6
2021-03-26,El Dorado,017,186661,9433,9353,623,9976,105
2021-03-26,Fresno,019,978130,99651,98731,8136,106867,1601
2021-03-26,Glenn,021,27897,2343,2307,521,2828,17
2021-03-26,Humboldt,023,135768,3450,3431,24,3455,34
2021-03-26,Imperial,025,180216,27576,27374,2525,29899,701
2021-03-26,Inyo,027,18085,1373,1369,9,1378,35
2021-03-26,Kern,029,883053,95328,93949,10168,104117,1211
2021-03-26,Kings,031,150075,22762,22493,1011,23504,239
2021-03-26,Lake,033,64148,3349,3314,8,3322,43
2021-03-26,Lassen,035,31185,5142,5131,100,5231,1
2021-03-26,Los Angeles,037,10098052,1188360,1178213,38998,1217211,23080
2021-03-26,Madera,039,155013,16102,15952,872,16824,210
2021-03-26,Marin,041,260295,13652,13553,195,13748,221
2021-03-26,Mariposa,043,17540,393,386,5,391,5
2021-03-26,Mendocino,045,87422,3749,3664,74,3738,45
2021-03-26,Merced,047,269075,29693,29613,973,30586,419
2021-03-26,Modoc,049,8938,350,344,118,462,3
2021-03-26,Mono,051,14174,1231,1236,17,1253,3
2021-03-26,Monterey,053,433212,42492,42241,1728,43969,338
2021-03-26,Napa,055,140530,9381,9349,31,9380,78
2021-03-26,Nevada,057,99092,4305,4222,178,4400,83
2021-03-26,Orange,059,3164182,251082,248995,10606,259601,4671
2021-03-26,Placer,061,380077,21517,20679,1222,21901,259
2021-03-26,Plumas,063,18699,668,654,10,664,4
2021-03-26,Riverside,065,2383286,289228,282602,13495,296097,4109
2021-03-26,Sacramento,067,1510023,98645,97040,1383,98423,1509
2021-03-26,San Benito,069,59416,5849,5855,91,5946,61
2021-03-26,San Bernardino,071,2135413,288905,285313,8659,293972,4288
2021-03-26,San Diego,073,3302833,270520,269045,13465,282510,3525
2021-03-26,San Francisco,075,870044,35210,35186,1173,36359,472
2021-03-26,San Joaquin,077,732212,69520,68249,3074,71323,1202
2021-03-26,San Luis Obispo,079,281455,20455,20118,611,20729,250
2021-03-26,San Mateo,081,765935,40671,40199,427,40626,348
2021-03-26,Santa Barbara,083,443738,33299,32895,1068,33963,439
2021-03-26,Santa Clara,085,1922200,113912,113959,634,114593,1868
2021-03-26,Santa Cruz,087,273765,15818,15199,785,15984,201
2021-03-26,Shasta,089,179085,11276,11276,1329,12605,182
2021-03-26,Sierra,091,2930,55,50,12,62,0
2021-03-26,Siskiyou,093,43540,1569,1493,252,1745,6
2021-03-26,Solano,095,438530,30867,30640,402,31042,205
2021-03-26,Sonoma,097,501317,29018,29101,261,29362,310
2021-03-26,Stanislaus,099,539301,52925,52420,5507,57927,678
2021-03-26,Sutter,101,95872,9090,9082,79,9161,104
2021-03-26,Tehama,103,63373,4764,4722,501,5223,51
2021-03-26,Trinity,105,12862,476,311,80,391,3
2021-03-26,Tulare,107,460477,49224,48179,8425,56604,813
2021-03-26,Tuolumne,109,53932,3914,3965,39,4004,57
2021-03-26,Ventura,111,848112,79770,79122,2838,81960,953
2021-03-26,Yolo,113,214977,13292,13299,167,13466,194
2021-03-26,Yuba,115,75493,5701,5653,103,5756,42
2021-03-25,Alameda,001,1643700,83515,82945,1753,84698,1206
2021-03-25,Alpine,002,1148,85,84,0,84,0
2021-03-25,Amador,005,37829,3554,3530,31,3561,45
2021-03-25,Butte,007,227075,11630,11270,1682,12952,188
2021-03-25,Calaveras,009,45235,1994,1982,11,1993,50
2021-03-25,Colusa,011,21464,1890,1888,271,2159,14
2021-03-25,Contra Costa,013,1133247,65552,64606,1110,65716,757
2021-03-25,Del Norte,015,27424,1166,1095,7,1102,6
2021-03-25,El Dorado,017,186661,9423,9331,623,9954,105
2021-03-25,Fresno,019,978130,99533,98602,8123,106725,1593
2021-03-25,Glenn,021,27897,2342,2302,520,2822,17
2021-03-25,Humboldt,023,135768,3445,3423,24,3447,34
2021-03-25,Imperial,025,180216,27560,27352,2524,29876,699
2021-03-25,Inyo,027,18085,1373,1369,9,1378,35
2021-03-25,Kern,029,883053,95296,93857,10163,104020,1206
2021-03-25,Kings,031,150075,22752,22472,1011,23483,237
2021-03-25,Lake,033,64148,3344,3312,8,3320,43
2021-03-25,Lassen,035,31185,5142,5129,100,5229,1
2021-03-25,Los Angeles,037,10098052,1187922,1177490,38965,1216455,23051
2021-03-25,Madera,039,155013,16083,15937,870,16807,210
2021-03-25,Marin,041,260295,13642,13538,192,13730,219
2021-03-25,Mariposa,043,17540,393,386,5,391,5
2021-03-25,Mendocino,045,87422,3748,3664,74,3738,45
2021-03-25,Merced,047,269075,29659,29576,966,30542,416
2021-03-25,Modoc,049,8938,350,343,118,461,3
2021-03-25,Mono,051,14174,1231,1235,17,1252,3
2021-03-25,Monterey,053,433212,42471,42220,1723,43943,336
2021-03-25,Napa,055,140530,9362,9321,31,9352,78
2021-03-25,Nevada,057,99092,4287,4202,176,4378,84
2021-03-25,Orange,059,3164182,250967,248871,10586,259457,4655
2021-03-25,Placer,061,380077,21476,20639,1215,21854,252
2021-03-25,Plumas,063,18699,668,654,10,664,4
2021-03-25,Riverside,065,2383286,289131,282492,13484,295976,4078
2021-03-25,Sacramento,067,1510023,98499,96823,1381,98204,1505
2021-03-25,San Benito,069,59416,5846,5850,91,5941,61
2021-03-25,San Bernardino,071,2135413,288824,285134,8654,293788,4222
2021-03-25,San Diego,073,3302833,270292,268623,13434,282057,3520
2021-03-25,San Francisco,075,870044,35170,35154,1171,36325,468
2021-03-25,San Joaquin,077,732212,69423,68089,3036,71125,1196
2021-03-25,San Luis Obispo,079,281455,20437,20076,611,20687,250
2021-03-25,San Mateo,081,765935,40631,40147,427,40574,348
2021-03-25,Santa Barbara,083,443738,33272,32857,1068,33925,439
2021-03-25,Santa Clara,085,1922200,113808,113877,632,114509,1868
2021-03-25,Santa Cruz,087,273765,15797,15170,785,15955,201
2021-03-25,Shasta,089,179085,11259,11262,1326,12588,181
2021-03-25,Sierra,091,2930,55,50,12,62,0
2021-03-25,Siskiyou,093,43540,1567,1491,251,1742,6
2021-03-25,Solano,095,438530,30806,30583,400,30983,193
2021-03-25,Sonoma,097,501317,28984,29060,257,29317,310
2021-03-25,Stanislaus,099,539301,52858,52321,5500,57821,678
2021-03-25,Sutter,101,95872,9081,9069,79,9148,104
2021-03-25,Tehama,103,63373,4762,4719,500,5219,52
2021-03-25,Trinity,105,12862,476,310,80,390,3
2021-03-25,Tulare,107,460477,49197,48148,8413,56561,811
2021-03-25,Tuolumne,109,53932,3913,3962,39,4001,57
2021-03-25,Ventura,111,848112,79729,79045,2834,81879,952
2021-03-25,Yolo,113,214977,13286,13287,167,13454,194
2021-03-25,Yuba,115,75493,5695,5647,97,5744,42
2021-03-24,Alameda,001,1643700,83422,82871,1750,84621,1199
2021-03-24,Alpine,002,1148,85,84,0,84,0
2021-03-24,Amador,005,37829,3548,3529,31,3560,45
2021-03-24,Butte,007,227075,11620,11252,1678,12930,187
2021-03-24,Calaveras,009,45235,1991,1975,11,1986,50
2021-03-24,Colusa,011,21464,1890,1886,271,2157,14
2021-03-24,Contra Costa,013,1133247,65472,64539,1109,65648,755
2021-03-24,Del Norte,015,27424,1161,1087,7,1094,6
2021-03-24,El Dorado,017,186661,9417,9319,622,9941,105
2021-03-24,Fresno,019,978130,99442,98437,8108,106545,1585
2021-03-24,Glenn,021,27897,2341,2297,519,2816,17
2021-03-24,Humboldt,023,135768,3442,3414,24,3438,34
2021-03-24,Imperial,025,180216,27551,27325,2524,29849,699
2021-03-24,Inyo,027,18085,1373,1368,9,1377,35
2021-03-24,Kern,029,883053,95248,93800,10154,103954,1198
2021-03-24,Kings,031,150075,22737,22456,1009,23465,237
2021-03-24,Lake,033,64148,3340,3307,8,3315,43
2021-03-24,Lassen,035,31185,5140,5130,99,5229,1
2021-03-24,Los Angeles,037,10098052,1187435,1177015,38932,1215947,22993
2021-03-24,Madera,039,155013,16074,15918,869,16787,210
2021-03-24,Marin,041,260295,13628,13526,190,13716,219
2021-03-24,Mariposa,043,17540,393,384,5,389,5
2021-03-24,Mendocino,045,87422,3745,3660,74,3734,45
2021-03-24,Merced,047,269075,29618,29525,966,30491,415
2021-03-24,Modoc,049,8938,349,341,118,459,3
2021-03-24,Mono,051,14174,1230,1243,17,1260,3
2021-03-24,Monterey,053,433212,42449,42201,1720,43921,335
2021-03-24,Napa,055,140530,9342,9310,31,9341,78
2021-03-24,Nevada,057,99092,4272,4191,175,4366,85
2021-03-24,Orange,059,3164182,250854,248775,10568,259343,4638
2021-03-24,Placer,061,380077,21446,20606,1207,21813,250
2021-03-24,Plumas,063,18699,666,652,10,662,4
2021-03-24,Riverside,065,2383286,289047,282410,13481,295891,4058
2021-03-24,Sacramento,067,1510023,98324,96628,1370,97998,1500
2021-03-24,San Benito,069,59416,5845,5847,91,5938,61
2021-03-24,San Bernardino,071,2135413,288737,284983,8652,293635,4170
2021-03-24,San Diego,073,3302833,270078,268413,13406,281819,3509
2021-03-24,San Francisco,075,870044,35143,35103,1168,36271,462
2021-03-24,San Joaquin,077,732212,69352,67978,3024,71002,1196
2021-03-24,San Luis Obispo,079,281455,20407,20021,610,20631,250
2021-03-24,San Mateo,081,765935,40581,40083,427,40510,348
2021-03-24,Santa Barbara,083,443738,33244,32810,1068,33878,438
2021-03-24,Santa Clara,085,1922200,113692,113757,629,114386,1851
2021-03-24,Santa Cruz,087,273765,15783,15138,784,15922,202
2021-03-24,Shasta,089,179085,11240,11243,1324,12567,181
2021-03-24,Sierra,091,2930,55,50,12,62,0
2021-03-24,Siskiyou,093,43540,1565,1490,251,1741,6
2021-03-24,Solano,095,438530,30769,30552,399,30951,178
2021-03-24,Sonoma,097,501317,28964,29034,253,29287,310
2021-03-24,Stanislaus,099,539301,52782,52259,5491,57750,677
2021-03-24,Sutter,101,95872,9065,9049,79,9128,104
2021-03-24,Tehama,103,63373,4756,4719,499,5218,49
2021-03-24,Trinity,105,12862,475,310,80,390,3
2021-03-24,Tulare,107,460477,49186,48109,8400,56509,808
2021-03-24,Tuolumne,109,53932,3911,3961,39,4000,57
2021-03-24,Ventura,111,848112,79677,78993,2827,81820,944
2021-03-24,Yolo,113,214977,13274,13269,167,13436,194
2021-03-24,Yuba,115,75493,5689,5634,94,5728,42
2021-03-23,Alameda,001,1643700,83320,82799,1746,84545,1190
2021-03-23,Alpine,002,1148,85,84,0,84,0
2021-03-23,Amador,005,37829,3542,3524,31,3555,45
2021-03-23,Butte,007,227075,11608,11227,1677,12904,187
2021-03-23,Calaveras,009,45235,1989,1971,11,1982,50
2021-03-23,Colusa,011,21464,1888,1885,270,2155,14
2021-03-23,Contra Costa,013,1133247,65372,64491,1108,65599,750
2021-03-23,Del Norte,015,27424,1156,1082,7,1089,6
2021-03-23,El Dorado,017,186661,9407,9318,619,9937,105
2021-03-23,Fresno,019,978130,99327,98362,8084,106446,1575
2021-03-23,Glenn,021,27897,2336,2293,517,2810,17
2021-03-23,Humboldt,023,135768,3433,3405,24,3429,34
2021-03-23,Imperial,025,180216,27543,27320,2524,29844,699
2021-03-23,Inyo,027,18085,1371,1364,9,1373,35
2021-03-23,Kern,029,883053,95141,93728,10147,103875,1191
2021-03-23,Kings,031,150075,22726,22439,1007,23446,237
2021-03-23,Lake,033,64148,3338,3294,8,3302,43
2021-03-23,Lassen,035,31185,5140,5130,99,5229,1
2021-03-23,Los Angeles,037,10098052,1186914,1176572,38895,1215467,22904
2021-03-23,Madera,039,155013,16058,15908,868,16776,210
2021-03-23,Marin,041,260295,13605,13514,188,13702,221
2021-03-23,Mariposa,043,17540,392,384,5,389,5
2021-03-23,Mendocino,045,87422,3743,3652,74,3726,45
2021-03-23,Merced,047,269075,29585,29485,966,30451,415
2021-03-23,Modoc,049,8938,348,342,118,460,3
2021-03-23,Mono,051,14174,1229,1263,17,1280,3
2021-03-23,Monterey,053,433212,42438,42180,1718,43898,335
2021-03-23,Napa,055,140530,9317,9299,31,9330,78
2021-03-23,Nevada,057,99092,4253,4179,174,4353,89
2021-03-23,Orange,059,3164182,250728,248661,10550,259211,4626
2021-03-23,Placer,061,380077,21411,20567,1203,21770,248
2021-03-23,Plumas,063,18699,666,652,10,662,4
2021-03-23,Riverside,065,2383286,288947,282317,13475,295792,4035
2021-03-23,Sacramento,067,1510023,98132,96521,1366,97887,1496
2021-03-23,San Benito,069,59416,5840,5845,90,5935,61
2021-03-23,San Bernardino,071,2135413,288652,284875,8644,293519,4134
2021-03-23,San Diego,073,3302833,269833,268156,13374,281530,3498
2021-03-23,San Francisco,075,870044,35085,35071,1163,36234,462
2021-03-23,San Joaquin,077,732212,69256,67903,3006,70909,1182
2021-03-23,San Luis Obispo,079,281455,20367,20009,609,20618,250
2021-03-23,San Mateo,081,765935,40525,40032,426,40458,348
2021-03-23,Santa Barbara,083,443738,33206,32771,1067,33838,438
2021-03-23,Santa Clara,085,1922200,113576,113645,626,114271,1848
2021-03-23,Santa Cruz,087,273765,15768,15106,784,15890,201
2021-03-23,Shasta,089,179085,11227,11234,1323,12557,175
2021-03-23,Sierra,091,2930,55,50,12,62,0
2021-03-23,Siskiyou,093,43540,1560,1485,249,1734,6
2021-03-23,Solano,095,438530,30728,30524,398,30922,178
2021-03-23,Sonoma,097,501317,28927,29020,252,29272,310
2021-03-23,Stanislaus,099,539301,52683,52148,5484,57632,677
2021-03-23,Sutter,101,95872,9057,9039,79,9118,104
2021-03-23,Tehama,103,63373,4747,4707,498,5205,46
2021-03-23,Trinity,105,12862,475,310,80,390,3
2021-03-23,Tulare,107,460477,49159,48095,8384,56479,808
2021-03-23,Tuolumne,109,53932,3908,3957,39,3996,57
2021-03-23,Ventura,111,848112,79616,78930,2824,81754,932
2021-03-23,Yolo,113,214977,13263,13255,167,13422,194
2021-03-23,Yuba,115,75493,5684,5628,94,5722,42
2021-03-22,Alameda,001,1643700,83229,82748,1741,84489,1189
2021-03-22,Alpine,002,1148,84,83,0,83,0
2021-03-22,Amador,005,37829,3534,3522,31,3553,44
2021-03-22,Butte,007,227075,11599,11211,1675,12886,185
2021-03-22,Calaveras,009,45235,1985,1963,11,1974,49
2021-03-22,Colusa,011,21464,1886,1885,270,2155,13
2021-03-22,Contra Costa,013,1133247,65277,64432,1106,65538,740
2021-03-22,Del Norte,015,27424,1150,1082,7,1089,6
2021-03-22,El Dorado,017,186661,9391,9310,615,9925,105
2021-03-22,Fresno,019,978130,99230,98276,8072,106348,1556
2021-03-22,Glenn,021,27897,2328,2291,517,2808,17
2021-03-22,Humboldt,023,135768,3428,3403,24,3427,34
2021-03-22,Imperial,025,180216,27528,27302,2521,29823,699
2021-03-22,Inyo,027,18085,1368,1363,9,1372,35
2021-03-22,Kern,029,883053,95070,93675,10131,103806,1178
2021-03-22,Kings,031,150075,22713,22433,1002,23435,236
2021-03-22,Lake,033,64148,3337,3290,8,3298,43
2021-03-22,Lassen,035,31185,5138,5129,99,5228,1
2021-03-22,Los Angeles,037,10098052,1186397,1176205,38865,1215070,22843
2021-03-22,Madera,039,155013,16043,15904,868,16772,210
2021-03-22,Marin,041,260295,13596,13501,187,13688,221
2021-03-22,Mariposa,043,17540,391,381,5,386,5
2021-03-22,Mendocino,045,87422,3741,3653,74,3727,45
2021-03-22,Merced,047,269075,29542,29468,963,30431,413
2021-03-22,Modoc,049,8938,346,342,118,460,3
2021-03-22,Mono,051,14174,1224,1263,17,1280,3
2021-03-22,Monterey,053,433212,42422,42161,1716,43877,335
2021-03-22,Napa,055,140530,9306,9288,31,9319,77
2021-03-22,Nevada,057,99092,4243,4174,170,4344,89
2021-03-22,Orange,059,3164182,250579,248517,10516,259033,4599
2021-03-22,Placer,061,380077,21376,20543,1198,21741,242
2021-03-22,Plumas,063,18699,666,652,10,662,4
2021-03-22,Riverside,065,2383286,288847,282242,13464,295706,4009
2021-03-22,Sacramento,067,1510023,97954,96385,1356,97741,1493
2021-03-22,San Benito,069,59416,5837,5844,89,5933,61
2021-03-22,San Bernardino,071,2135413,288564,284771,8632,293403,4107
2021-03-22,San Diego,073,3302833,269621,267913,13354,281267,3494
2021-03-22,San Francisco,075,870044,35043,35040,1159,36199,462
2021-03-22,San Joaquin,077,732212,69164,67815,2989,70804,1182
2021-03-22,San Luis Obispo,079,281455,20343,20000,608,20608,250
2021-03-22,San Mateo,081,765935,40474,40024,425,40449,348
2021-03-22,Santa Barbara,083,443738,33161,32756,1065,33821,437
2021-03-22,Santa Clara,085,1922200,113456,113575,626,114201,1845
2021-03-22,Santa Cruz,087,273765,15756,15077,783,15860,201
2021-03-22,Shasta,089,179085,11213,11218,1322,12540,150
2021-03-22,Sierra,091,2930,55,50,12,62,0
2021-03-22,Siskiyou,093,43540,1559,1487,248,1735,5
2021-03-22,Solano,095,438530,30688,30490,394,30884,171
2021-03-22,Sonoma,097,501317,28898,29010,248,29258,310
2021-03-22,Stanislaus,099,539301,52599,52083,5479,57562,677
2021-03-22,Sutter,101,95872,9044,9024,79,9103,104
2021-03-22,Tehama,103,63373,4739,4704,498,5202,45
2021-03-22,Trinity,105,12862,475,310,80,390,3
2021-03-22,Tulare,107,460477,49144,48074,8364,56438,807
2021-03-22,Tuolumne,109,53932,3905,3954,39,3993,57
2021-03-22,Ventura,111,848112,79570,78890,2821,81711,927
2021-03-22,Yolo,113,214977,13251,13243,166,13409,190
2021-03-22,Yuba,115,75493,5673,5627,92,5719,42
2021-03-21,Alameda,001,1643700,83142,82684,1738,84422,1187
2021-03-21,Alpine,002,1148,84,83,0,83,0
2021-03-21,Amador,005,37829,3530,3519,31,3550,44
2021-03-21,Butte,007,227075,11583,11208,1670,12878,185
2021-03-21,Calaveras,009,45235,1979,1962,11,1973,49
2021-03-21,Colusa,011,21464,1886,1885,270,2155,13
2021-03-21,Contra Costa,013,1133247,65195,64382,1102,65484,740
2021-03-21,Del Norte,015,27424,1135,1076,7,1083,6
2021-03-21,El Dorado,017,186661,9381,9302,610,9912,105
2021-03-21,Fresno,019,978130,99116,98211,8049,106260,1556
2021-03-21,Glenn,021,27897,2325,2288,516,2804,17
2021-03-21,Humboldt,023,135768,3423,3402,24,3426,34
2021-03-21,Imperial,025,180216,27511,27267,2516,29783,699
2021-03-21,Inyo,027,18085,1368,1363,9,1372,35
2021-03-21,Kern,029,883053,95004,93649,10122,103771,1170
2021-03-21,Kings,031,150075,22696,22422,1002,23424,236
2021-03-21,Lake,033,64148,3333,3286,8,3294,43
2021-03-21,Lassen,035,31185,5138,5129,99,5228,1
2021-03-21,Los Angeles,037,10098052,1185861,1175684,38818,1214502,22834
2021-03-21,Madera,039,155013,16023,15895,866,16761,210
2021-03-21,Marin,041,260295,13580,13495,186,13681,220
2021-03-21,Mariposa,043,17540,391,381,5,386,5
2021-03-21,Mendocino,045,87422,3738,3651,74,3725,45
2021-03-21,Merced,047,269075,29482,29446,957,30403,413
2021-03-21,Modoc,049,8938,346,341,118,459,3
2021-03-21,Mono,051,14174,1219,1263,17,1280,3
2021-03-21,Monterey,053,433212,42397,42153,1713,43866,335
2021-03-21,Napa,055,140530,9285,9282,31,9313,77
2021-03-21,Nevada,057,99092,4230,4169,170,4339,89
2021-03-21,Orange,059,3164182,250446,248442,10489,258931,4598
2021-03-21,Placer,061,380077,21340,20520,1190,21710,242
2021-03-21,Plumas,063,18699,666,653,10,663,4
2021-03-21,Riverside,065,2383286,288739,282187,13453,295640,4009
2021-03-21,Sacramento,067,1510023,97760,96269,1349,97618,1489
2021-03-21,San Benito,069,59416,5831,5842,89,5931,61
2021-03-21,San Bernardino,071,2135413,288474,284732,8626,293358,4094
2021-03-21,San Diego,073,3302833,269361,267724,13328,281052,3494
2021-03-21,San Francisco,075,870044,34996,35012,1153,36165,460
2021-03-21,San Joaquin,077,732212,69042,67729,2971,70700,1182
2021-03-21,San Luis Obispo,079,281455,20311,19979,606,20585,250
2021-03-21,San Mateo,081,765935,40429,39988,424,40412,344
2021-03-21,Santa Barbara,083,443738,33122,32743,1064,33807,437
2021-03-21,Santa Clara,085,1922200,113327,113487,623,114110,1840
2021-03-21,Santa Cruz,087,273765,15749,15064,783,15847,199
2021-03-21,Shasta,089,179085,11193,11215,1321,12536,150
2021-03-21,Sierra,091,2930,55,50,12,62,0
2021-03-21,Siskiyou,093,43540,1559,1486,247,1733,5
2021-03-21,Solano,095,438530,30649,30474,391,30865,171
2021-03-21,Sonoma,097,501317,28869,28986,247,29233,310
2021-03-21,Stanislaus,099,539301,52509,52014,5477,57491,677
2021-03-21,Sutter,101,95872,9031,9021,79,9100,104
2021-03-21,Tehama,103,63373,4735,4701,498,5199,45
2021-03-21,Trinity,105,12862,473,310,80,390,3
2021-03-21,Tulare,107,460477,49128,48060,8352,56412,807
2021-03-21,Tuolumne,109,53932,3903,3953,39,3992,57
2021-03-21,Ventura,111,848112,79507,78863,2816,81679,927
2021-03-21,Yolo,113,214977,13229,13235,166,13401,190
2021-03-21,Yuba,115,75493,5663,5624,92,5716,42
2021-03-20,Alameda,001,1643700,83074,82614,1736,84350,1178
2021-03-20,Alpine,002,1148,84,83,0,83,0
2021-03-20,Amador,005,37829,3528,3518,31,3549,44
2021-03-20,Butte,007,227075,11577,11199,1668,12867,185
2021-03-20,Calaveras,009,45235,1975,1961,11,1972,49
2021-03-20,Colusa,011,21464,1886,1883,270,2153,12
2021-03-20,Contra Costa,013,1133247,65135,64313,1102,65415,713
2021-03-20,Del Norte,015,27424,1134,1075,7,1082,6
2021-03-20,El Dorado,017,186661,9375,9290,610,9900,105
2021-03-20,Fresno,019,978130,99056,98112,8042,106154,1532
2021-03-20,Glenn,021,27897,2324,2288,514,2802,17
2021-03-20,Humboldt,023,135768,3416,3399,24,3423,33
2021-03-20,Imperial,025,180216,27505,27239,2514,29753,695
2021-03-20,Inyo,027,18085,1368,1362,9,1371,35
2021-03-20,Kern,029,883053,94975,93606,10118,103724,1155
2021-03-20,Kings,031,150075,22691,22415,1001,23416,236
2021-03-20,Lake,033,64148,3329,3280,8,3288,43
2021-03-20,Lassen,035,31185,5138,5128,99,5227,1
2021-03-20,Los Angeles,037,10098052,1185563,1175290,38794,1214084,22810
2021-03-20,Madera,039,155013,16015,15891,865,16756,210
2021-03-20,Marin,041,260295,13568,13470,182,13652,220
2021-03-20,Mariposa,043,17540,390,381,5,386,5
2021-03-20,Mendocino,045,87422,3737,3639,74,3713,43
2021-03-20,Merced,047,269075,29451,29411,954,30365,412
2021-03-20,Modoc,049,8938,345,341,118,459,3
2021-03-20,Mono,051,14174,1219,1256,17,1273,3
2021-03-20,Monterey,053,433212,42388,42146,1712,43858,334
2021-03-20,Napa,055,140530,9277,9274,31,9305,77
2021-03-20,Nevada,057,99092,4219,4164,169,4333,89
2021-03-20,Orange,059,3164182,250365,248348,10479,258827,4522
2021-03-20,Placer,061,380077,21317,20505,1188,21693,242
2021-03-20,Plumas,063,18699,663,652,10,662,4
2021-03-20,Riverside,065,2383286,288664,282081,13449,295530,4000
2021-03-20,Sacramento,067,1510023,97649,96126,1346,97472,1488
2021-03-20,San Benito,069,59416,5827,5840,89,5929,61
2021-03-20,San Bernardino,071,2135413,288408,284690,8622,293312,3965
2021-03-20,San Diego,073,3302833,269190,267532,13321,280853,3493
2021-03-20,San Francisco,075,870044,34973,34968,1146,36114,453
2021-03-20,San Joaquin,077,732212,69001,67662,2964,70626,1161
2021-03-20,San Luis Obispo,079,281455,20295,19951,600,20551,250
2021-03-20,San Mateo,081,765935,40395,39958,423,40381,344
2021-03-20,Santa Barbara,083,443738,33097,32723,1063,33786,434
2021-03-20,Santa Clara,085,1922200,113235,113384,622,114006,1799
2021-03-20,Santa Cruz,087,273765,15733,15053,783,15836,199
2021-03-20,Shasta,089,179085,11187,11211,1321,12532,147
2021-03-20,Sierra,091,2930,55,50,12,62,0
2021-03-20,Siskiyou,093,43540,1559,1483,247,1730,5
2021-03-20,Solano,095,438530,30619,30439,391,30830,170
2021-03-20,Sonoma,097,501317,28854,28962,247,29209,309
2021-03-20,Stanislaus,099,539301,52453,51925,5470,57395,673
2021-03-20,Sutter,101,95872,9023,9014,79,9093,103
2021-03-20,Tehama,103,63373,4730,4696,496,5192,33
2021-03-20,Trinity,105,12862,472,310,80,390,3
2021-03-20,Tulare,107,460477,49113,48030,8335,56365,804
2021-03-20,Tuolumne,109,53932,3900,3950,39,3989,57
2021-03-20,Ventura,111,848112,79472,78818,2814,81632,922
2021-03-20,Yolo,113,214977,13226,13226,166,13392,190
2021-03-20,Yuba,115,75493,5660,5621,91,5712,42
2021-03-19,Alameda,001,1643700,83002,82499,1735,84234,1187
2021-03-19,Alpine,002,1148,83,82,0,82,0
2021-03-19,Amador,005,37829,3525,3515,31,3546,44
2021-03-19,Butte,007,227075,11569,11191,1665,12856,185
2021-03-19,Calaveras,009,45235,1974,1957,11,1968,49
2021-03-19,Colusa,011,21464,1885,1883,270,2153,12
2021-03-19,Contra Costa,013,1133247,65076,64195,1099,65294,737
2021-03-19,Del Norte,015,27424,1128,1071,5,1076,6
2021-03-19,El Dorado,017,186661,9366,9274,610,9884,105
2021-03-19,Fresno,019,978130,98973,97969,8029,105998,1527
2021-03-19,Glenn,021,27897,2324,2282,514,2796,17
2021-03-19,Humboldt,023,135768,3407,3388,24,3412,33
2021-03-19,Imperial,025,180216,27493,27218,2511,29729,695
2021-03-19,Inyo,027,18085,1366,1356,9,1365,35
2021-03-19,Kern,029,883053,94942,93534,10105,103639,1152
2021-03-19,Kings,031,150075,22682,22369,998,23367,235
2021-03-19,Lake,033,64148,3323,3262,8,3270,43
2021-03-19,Lassen,035,31185,5138,5126,99,5225,1
2021-03-19,Los Angeles,037,10098052,1185223,1174818,38777,1213595,22752
2021-03-19,Madera,039,155013,16008,15877,864,16741,210
2021-03-19,Marin,041,260295,13556,13441,182,13623,220
2021-03-19,Mariposa,043,17540,389,380,5,385,5
2021-03-19,Mendocino,045,87422,3736,3639,74,3713,45
2021-03-19,Merced,047,269075,29424,29376,952,30328,412
2021-03-19,Modoc,049,8938,345,341,118,459,3
2021-03-19,Mono,051,14174,1217,1244,17,1261,3
2021-03-19,Monterey,053,433212,42379,42125,1710,43835,335
2021-03-19,Napa,055,140530,9265,9256,31,9287,77
2021-03-19,Nevada,057,99092,4208,4156,169,4325,88
2021-03-19,Orange,059,3164182,250265,248146,10470,258616,4501
2021-03-19,Placer,061,380077,21299,20451,1186,21637,242
2021-03-19,Plumas,063,18699,663,650,10,660,4
2021-03-19,Riverside,065,2383286,288581,281937,13444,295381,3989
2021-03-19,Sacramento,067,1510023,97546,95934,1343,97277,1486
2021-03-19,San Benito,069,59416,5827,5845,89,5934,61
2021-03-19,San Bernardino,071,2135413,288337,284501,8620,293121,4017
2021-03-19,San Diego,073,3302833,269055,267173,13311,280484,3491
2021-03-19,San Francisco,075,870044,34928,34936,1143,36079,461
2021-03-19,San Joaquin,077,732212,68931,67515,2950,70465,1180
2021-03-19,San Luis Obispo,079,281455,20275,19913,598,20511,249
2021-03-19,San Mateo,081,765935,40371,39893,423,40316,344
2021-03-19,Santa Barbara,083,443738,33067,32685,1062,33747,435
2021-03-19,Santa Clara,085,1922200,113160,113232,621,113853,1797
2021-03-19,Santa Cruz,087,273765,15726,15026,783,15809,199
2021-03-19,Shasta,089,179085,11180,11104,1319,12423,103
2021-03-19,Sierra,091,2930,54,49,12,61,0
2021-03-19,Siskiyou,093,43540,1559,1480,246,1726,5
2021-03-19,Solano,095,438530,30589,30395,389,30784,172
2021-03-19,Sonoma,097,501317,28833,28932,245,29177,292
2021-03-19,Stanislaus,099,539301,52395,51755,5467,57222,679
2021-03-19,Sutter,101,95872,9021,9005,79,9084,103
2021-03-19,Tehama,103,63373,4723,4685,496,5181,33
2021-03-19,Trinity,105,12862,472,310,80,390,3
2021-03-19,Tulare,107,460477,49090,47989,8312,56301,805
2021-03-19,Tuolumne,109,53932,3897,3946,39,3985,57
2021-03-19,Ventura,111,848112,79439,78753,2810,81563,920
2021-03-19,Yolo,113,214977,13218,13197,166,13363,189
2021-03-19,Yuba,115,75493,5657,5615,90,5705,42
2021-03-18,Alameda,001,1643700,82921,82419,1732,84151,1189
2021-03-18,Alpine,002,1148,83,82,0,82,0
2021-03-18,Amador,005,37829,3521,3513,31,3544,44
2021-03-18,Butte,007,227075,11558,11179,1663,12842,185
2021-03-18,Calaveras,009,45235,1972,1954,11,1965,49
2021-03-18,Colusa,011,21464,1885,1882,270,2152,12
2021-03-18,Contra Costa,013,1133247,65003,64103,1096,65199,739
2021-03-18,Del Norte,015,27424,1119,1059,5,1064,6
2021-03-18,El Dorado,017,186661,9353,9261,609,9870,105
2021-03-18,Fresno,019,978130,98876,97856,8014,105870,1527
2021-03-18,Glenn,021,27897,2320,2275,513,2788,17
2021-03-18,Humboldt,023,135768,3399,3381,24,3405,34
2021-03-18,Imperial,025,180216,27478,27190,2506,29696,695
2021-03-18,Inyo,027,18085,1363,1354,9,1363,35
2021-03-18,Kern,029,883053,94885,93458,10091,103549,1158
2021-03-18,Kings,031,150075,22675,22354,997,23351,235
2021-03-18,Lake,033,64148,3320,3260,8,3268,43
2021-03-18,Lassen,035,31185,5137,5126,99,5225,1
2021-03-18,Los Angeles,037,10098052,1184790,1174205,38749,1212954,22689
2021-03-18,Madera,039,155013,15996,15860,861,16721,211
2021-03-18,Marin,041,260295,13538,13435,181,13616,219
2021-03-18,Mariposa,043,17540,387,380,5,385,5
2021-03-18,Mendocino,045,87422,3726,3630,74,3704,45
2021-03-18,Merced,047,269075,29389,29317,952,30269,410
2021-03-18,Modoc,049,8938,345,341,118,459,3
2021-03-18,Mono,051,14174,1213,1215,16,1231,3
2021-03-18,Monterey,053,433212,42367,42105,1710,43815,335
2021-03-18,Napa,055,140530,9256,9243,31,9274,77
2021-03-18,Nevada,057,99092,4201,4154,169,4323,74
2021-03-18,Orange,059,3164182,250162,248050,10458,258508,4514
2021-03-18,Placer,061,380077,21267,20421,1183,21604,243
2021-03-18,Plumas,063,18699,661,648,10,658,4
2021-03-18,Riverside,065,2383286,288500,281789,13437,295226,3957
2021-03-18,Sacramento,067,1510023,97398,95819,1339,97158,1481
2021-03-18,San Benito,069,59416,5825,5842,89,5931,61
2021-03-18,San Bernardino,071,2135413,288254,284294,8590,292884,4076
2021-03-18,San Diego,073,3302833,268901,266752,13301,280053,3478
2021-03-18,San Francisco,075,870044,34889,34904,1142,36046,461
2021-03-18,San Joaquin,077,732212,68831,67301,2938,70239,1169
2021-03-18,San Luis Obispo,079,281455,20246,19894,597,20491,249
2021-03-18,San Mateo,081,765935,40330,39874,423,40297,344
2021-03-18,Santa Barbara,083,443738,33026,32640,1062,33702,434
2021-03-18,Santa Clara,085,1922200,113043,113119,617,113736,1808
2021-03-18,Santa Cruz,087,273765,15716,14998,783,15781,198
2021-03-18,Shasta,089,179085,11166,11059,1317,12376,100
2021-03-18,Sierra,091,2930,54,49,12,61,0
2021-03-18,Siskiyou,093,43540,1556,1480,245,1725,5
2021-03-18,Solano,095,438530,30547,30352,386,30738,172
2021-03-18,Sonoma,097,501317,28812,28915,243,29158,292
2021-03-18,Stanislaus,099,539301,52323,51615,5463,57078,682
2021-03-18,Sutter,101,95872,9009,8999,79,9078,103
2021-03-18,Tehama,103,63373,4717,4683,495,5178,35
2021-03-18,Trinity,105,12862,472,310,80,390,3
2021-03-18,Tulare,107,460477,49071,47964,8297,56261,805
2021-03-18,Tuolumne,109,53932,3896,3942,39,3981,57
2021-03-18,Ventura,111,848112,79379,78697,2810,81507,918
2021-03-18,Yolo,113,214977,13204,13183,166,13349,191
2021-03-18,Yuba,115,75493,5653,5612,90,5702,42
2021-03-17,Alameda,001,1643700,82845,82353,1727,84080,1185
2021-03-17,Alpine,002,1148,83,82,0,82,0
2021-03-17,Amador,005,37829,3519,3511,31,3542,44
2021-03-17,Butte,007,227075,11549,11170,1661,12831,185
2021-03-17,Calaveras,009,45235,1969,1946,11,1957,49
2021-03-17,Colusa,011,21464,1884,1882,270,2152,12
2021-03-17,Contra Costa,013,1133247,64934,64026,1095,65121,737
2021-03-17,Del Norte,015,27424,1115,1053,5,1058,6
2021-03-17,El Dorado,017,186661,9343,9252,609,9861,105
2021-03-17,Fresno,019,978130,98765,97727,7996,105723,1507
2021-03-17,Glenn,021,27897,2313,2269,512,2781,17
2021-03-17,Humboldt,023,135768,3391,3365,24,3389,33
2021-03-17,Imperial,025,180216,27461,27168,2503,29671,691
2021-03-17,Inyo,027,18085,1361,1351,9,1360,35
2021-03-17,Kern,029,883053,94829,93392,10078,103470,1149
2021-03-17,Kings,031,150075,22659,22336,996,23332,233
2021-03-17,Lake,033,64148,3313,3251,8,3259,43
2021-03-17,Lassen,035,31185,5136,5125,99,5224,1
2021-03-17,Los Angeles,037,10098052,1184336,1173416,38716,1212132,22602
2021-03-17,Madera,039,155013,15989,15835,861,16696,214
2021-03-17,Marin,041,260295,13521,13428,180,13608,218
2021-03-17,Mariposa,043,17540,387,379,5,384,5
2021-03-17,Mendocino,045,87422,3722,3625,74,3699,44
2021-03-17,Merced,047,269075,29361,29250,948,30198,408
2021-03-17,Modoc,049,8938,345,341,118,459,3
2021-03-17,Mono,051,14174,1211,1212,16,1228,3
2021-03-17,Monterey,053,433212,42349,42061,1707,43768,334
2021-03-17,Napa,055,140530,9241,9219,31,9250,76
2021-03-17,Nevada,057,99092,4191,4145,169,4314,74
2021-03-17,Orange,059,3164182,250044,247943,10430,258373,4502
2021-03-17,Placer,061,380077,21239,20369,1182,21551,243
2021-03-17,Plumas,063,18699,660,645,10,655,4
2021-03-17,Riverside,065,2383286,288385,281649,13429,295078,3925
2021-03-17,Sacramento,067,1510023,97270,95650,1334,96984,1477
2021-03-17,San Benito,069,59416,5822,5841,89,5930,61
2021-03-17,San Bernardino,071,2135413,288137,284170,8585,292755,4049
2021-03-17,San Diego,073,3302833,268690,266313,13283,279596,3470
2021-03-17,San Francisco,075,870044,34854,34873,1141,36014,457
2021-03-17,San Joaquin,077,732212,68746,67093,2922,70015,1164
2021-03-17,San Luis Obispo,079,281455,20223,19858,593,20451,249
2021-03-17,San Mateo,081,765935,40300,39838,422,40260,344
2021-03-17,Santa Barbara,083,443738,33004,32585,1061,33646,433
2021-03-17,Santa Clara,085,1922200,112950,112983,616,113599,1805
2021-03-17,Santa Cruz,087,273765,15708,14967,783,15750,199
2021-03-17,Shasta,089,179085,11161,11045,1314,12359,100
2021-03-17,Sierra,091,2930,54,49,12,61,0
2021-03-17,Siskiyou,093,43540,1555,1479,244,1723,5
2021-03-17,Solano,095,438530,30521,30320,384,30704,171
2021-03-17,Sonoma,097,501317,28788,28877,242,29119,292
2021-03-17,Stanislaus,099,539301,52248,51524,5456,56980,682
2021-03-17,Sutter,101,95872,8999,8982,79,9061,103
2021-03-17,Tehama,103,63373,4712,4670,495,5165,34
2021-03-17,Trinity,105,12862,472,308,80,388,3
2021-03-17,Tulare,107,460477,49051,47929,8287,56216,805
2021-03-17,Tuolumne,109,53932,3893,3938,39,3977,57
2021-03-17,Ventura,111,848112,79323,78648,2807,81455,916
2021-03-17,Yolo,113,214977,13187,13169,166,13335,190
2021-03-17,Yuba,115,75493,5650,5603,90,5693,42
2021-03-16,Alameda,001,1643700,82734,82259,1725,83984,1177
2021-03-16,Alpine,002,1148,83,82,0,82,0
2021-03-16,Amador,005,37829,3517,3510,31,3541,44
2021-03-16,Butte,007,227075,11537,11154,1660,12814,184
2021-03-16,Calaveras,009,45235,1964,1945,11,1956,49
2021-03-16,Colusa,011,21464,1883,1882,270,2152,12
2021-03-16,Contra Costa,013,1133247,64851,63951,1092,65043,736
2021-03-16,Del Norte,015,27424,1107,1048,5,1053,6
2021-03-16,El Dorado,017,186661,9328,9249,609,9858,105
2021-03-16,Fresno,019,978130,98627,97638,7976,105614,1498
2021-03-16,Glenn,021,27897,2305,2267,508,2775,17
2021-03-16,Humboldt,023,135768,3387,3351,24,3375,33
2021-03-16,Imperial,025,180216,27450,27143,2500,29643,689
2021-03-16,Inyo,027,18085,1360,1346,9,1355,35
2021-03-16,Kern,029,883053,94763,93340,10063,103403,1144
2021-03-16,Kings,031,150075,22623,22320,995,23315,233
2021-03-16,Lake,033,64148,3305,3246,8,3254,43
2021-03-16,Lassen,035,31185,5135,5126,99,5225,1
2021-03-16,Los Angeles,037,10098052,1183804,1172676,38677,1211353,22527
2021-03-16,Madera,039,155013,15973,15822,859,16681,214
2021-03-16,Marin,041,260295,13503,13419,180,13599,218
2021-03-16,Mariposa,043,17540,384,379,5,384,5
2021-03-16,Mendocino,045,87422,3717,3623,74,3697,44
2021-03-16,Merced,047,269075,29308,29198,947,30145,407
2021-03-16,Modoc,049,8938,345,341,118,459,3
2021-03-16,Mono,051,14174,1210,1207,16,1223,3
2021-03-16,Monterey,053,433212,42330,42023,1707,43730,334
2021-03-16,Napa,055,140530,9231,9209,31,9240,75
2021-03-16,Nevada,057,99092,4182,4132,168,4300,67
2021-03-16,Orange,059,3164182,249905,247843,10411,258254,4479
2021-03-16,Placer,061,380077,21207,20339,1178,21517,240
2021-03-16,Plumas,063,18699,659,643,10,653,4
2021-03-16,Riverside,065,2383286,288271,281540,13417,294957,3893
2021-03-16,Sacramento,067,1510023,97127,95522,1330,96852,1466
2021-03-16,San Benito,069,59416,5817,5831,89,5920,61
2021-03-16,San Bernardino,071,2135413,288007,283980,8578,292558,4032
2021-03-16,San Diego,073,3302833,268458,265903,13270,279173,3462
2021-03-16,San Francisco,075,870044,34825,34833,1136,35969,456
2021-03-16,San Joaquin,077,732212,68644,66856,2910,69766,1163
2021-03-16,San Luis Obispo,079,281455,20193,19832,591,20423,248
2021-03-16,San Mateo,081,765935,40266,39806,420,40226,344
2021-03-16,Santa Barbara,083,443738,32972,32556,1060,33616,433
2021-03-16,Santa Clara,085,1922200,112832,112845,613,113458,1797
2021-03-16,Santa Cruz,087,273765,15702,14926,783,15709,199
2021-03-16,Shasta,089,179085,11145,11035,1312,12347,100
2021-03-16,Sierra,091,2930,53,49,12,61,0
2021-03-16,Siskiyou,093,43540,1552,1477,244,1721,5
2021-03-16,Solano,095,438530,30487,30298,382,30680,171
2021-03-16,Sonoma,097,501317,28755,28850,240,29090,291
2021-03-16,Stanislaus,099,539301,52168,51410,5449,56859,683
2021-03-16,Sutter,101,95872,8991,8970,79,9049,102
2021-03-16,Tehama,103,63373,4709,4660,494,5154,34
2021-03-16,Trinity,105,12862,472,308,79,387,3
2021-03-16,Tulare,107,460477,49003,47895,8279,56174,803
2021-03-16,Tuolumne,109,53932,3890,3938,39,3977,57
2021-03-16,Ventura,111,848112,79257,78671,2800,81471,916
2021-03-16,Yolo,113,214977,13172,13162,166,13328,190
2021-03-16,Yuba,115,75493,5647,5596,89,5685,42
2021-03-15,Alameda,001,1643700,82645,82159,1724,83883,1167
2021-03-15,Alpine,002,1148,83,82,0,82,0
2021-03-15,Amador,005,37829,3516,3506,31,3537,44
2021-03-15,Butte,007,227075,11524,11141,1656,12797,185
2021-03-15,Calaveras,009,45235,1963,1941,11,1952,49
2021-03-15,Colusa,011,21464,1883,1883,270,2153,12
2021-03-15,Contra Costa,013,1133247,64789,63847,1091,64938,732
2021-03-15,Del Norte,015,27424,1104,1048,5,1053,6
2021-03-15,El Dorado,017,186661,9322,9235,609,9844,103
2021-03-15,Fresno,019,978130,98500,97520,7961,105481,1496
2021-03-15,Glenn,021,27897,2300,2261,505,2766,15
2021-03-15,Humboldt,023,135768,3381,3337,24,3361,32
2021-03-15,Imperial,025,180216,27430,27122,2497,29619,684
2021-03-15,Inyo,027,18085,1360,1346,9,1355,35
2021-03-15,Kern,029,883053,94703,93266,10056,103322,1141
2021-03-15,Kings,031,150075,22606,22294,989,23283,233
2021-03-15,Lake,033,64148,3293,3237,8,3245,43
2021-03-15,Lassen,035,31185,5135,5125,99,5224,1
2021-03-15,Los Angeles,037,10098052,1183231,1172445,38646,1211091,22477
2021-03-15,Madera,039,155013,15962,15806,857,16663,214
2021-03-15,Marin,041,260295,13497,13408,179,13587,218
2021-03-15,Mariposa,043,17540,384,376,5,381,5
2021-03-15,Mendocino,045,87422,3713,3615,74,3689,44
2021-03-15,Merced,047,269075,29270,29169,945,30114,407
2021-03-15,Modoc,049,8938,345,340,118,458,3
2021-03-15,Mono,051,14174,1209,1206,16,1222,3
2021-03-15,Monterey,053,433212,42301,42011,1704,43715,333
2021-03-15,Napa,055,140530,9220,9196,31,9227,75
2021-03-15,Nevada,057,99092,4177,4123,167,4290,66
2021-03-15,Orange,059,3164182,249792,247697,10392,258089,4481
2021-03-15,Placer,061,380077,21184,20308,1178,21486,238
2021-03-15,Plumas,063,18699,659,642,10,652,4
2021-03-15,Riverside,065,2383286,288119,281367,13407,294774,3856
2021-03-15,Sacramento,067,1510023,96974,95414,1324,96738,1463
2021-03-15,San Benito,069,59416,5814,5831,89,5920,61
2021-03-15,San Bernardino,071,2135413,287916,283815,8570,292385,4004
2021-03-15,San Diego,073,3302833,268209,265646,13254,278900,3452
2021-03-15,San Francisco,075,870044,34790,34820,1132,35952,456
2021-03-15,San Joaquin,077,732212,68541,66622,2898,69520,1140
2021-03-15,San Luis Obispo,079,281455,20162,19813,587,20400,247
2021-03-15,San Mateo,081,765935,40212,39765,420,40185,344
2021-03-15,Santa Barbara,083,443738,32949,32529,1057,33586,431
2021-03-15,Santa Clara,085,1922200,112731,112729,611,113340,1798
2021-03-15,Santa Cruz,087,273765,15696,14899,782,15681,200
2021-03-15,Shasta,089,179085,11129,11019,1307,12326,92
2021-03-15,Sierra,091,2930,53,49,12,61,0
2021-03-15,Siskiyou,093,43540,1552,1475,244,1719,5
2021-03-15,Solano,095,438530,30458,30258,381,30639,171
2021-03-15,Sonoma,097,501317,28737,28814,237,29051,285
2021-03-15,Stanislaus,099,539301,52089,51357,5442,56799,683
2021-03-15,Sutter,101,95872,8985,8962,79,9041,102
2021-03-15,Tehama,103,63373,4694,4650,493,5143,34
2021-03-15,Trinity,105,12862,472,308,79,387,3
2021-03-15,Tulare,107,460477,48973,47857,8264,56121,800
2021-03-15,Tuolumne,109,53932,3888,3937,38,3975,57
2021-03-15,Ventura,111,848112,79201,78626,2799,81425,910
2021-03-15,Yolo,113,214977,13153,13131,166,13297,190
2021-03-15,Yuba,115,75493,5642,5585,88,5673,42
2021-03-14,Alameda,001,1643700,82560,82116,1721,83837,1168
2021-03-14,Alpine,002,1148,83,82,0,82,0
2021-03-14,Amador,005,37829,3511,3504,31,3535,44
2021-03-14,Butte,007,227075,11511,11140,1652,12792,185
2021-03-14,Calaveras,009,45235,1959,1939,11,1950,49
2021-03-14,Colusa,011,21464,1883,1883,270,2153,12
2021-03-14,Contra Costa,013,1133247,64685,63808,1090,64898,731
2021-03-14,Del Norte,015,27424,1090,1048,5,1053,6
2021-03-14,El Dorado,017,186661,9312,9231,609,9840,103
2021-03-14,Fresno,019,978130,98392,97461,7943,105404,1496
2021-03-14,Glenn,021,27897,2295,2260,502,2762,15
2021-03-14,Humboldt,023,135768,3367,3335,24,3359,32
2021-03-14,Imperial,025,180216,27415,27122,2492,29614,685
2021-03-14,Inyo,027,18085,1356,1346,9,1355,35
2021-03-14,Kern,029,883053,94620,93252,10038,103290,1141
2021-03-14,Kings,031,150075,22587,22292,987,23279,232
2021-03-14,Lake,033,64148,3288,3237,8,3245,43
2021-03-14,Lassen,035,31185,5133,5125,99,5224,1
2021-03-14,Los Angeles,037,10098052,1182654,1172100,38616,1210716,22476
2021-03-14,Madera,039,155013,15937,15804,857,16661,214
2021-03-14,Marin,041,260295,13481,13405,177,13582,218
2021-03-14,Mariposa,043,17540,382,376,5,381,5
2021-03-14,Mendocino,045,87422,3708,3613,74,3687,44
2021-03-14,Merced,047,269075,29202,29149,941,30090,407
2021-03-14,Modoc,049,8938,345,340,118,458,3
2021-03-14,Mono,051,14174,1203,1206,16,1222,3
2021-03-14,Monterey,053,433212,42277,42007,1701,43708,333
2021-03-14,Napa,055,140530,9202,9194,31,9225,75
2021-03-14,Nevada,057,99092,4171,4122,165,4287,66
2021-03-14,Orange,059,3164182,249660,247656,10373,258029,4460
2021-03-14,Placer,061,380077,21149,20288,1170,21458,238
2021-03-14,Plumas,063,18699,657,642,10,652,4
2021-03-14,Riverside,065,2383286,287961,281332,13399,294731,3845
2021-03-14,Sacramento,067,1510023,96796,95343,1319,96662,1462
2021-03-14,San Benito,069,59416,5805,5829,89,5918,61
2021-03-14,San Bernardino,071,2135413,287793,283791,8559,292350,3996
2021-03-14,San Diego,073,3302833,267974,265468,13241,278709,3452
2021-03-14,San Francisco,075,870044,34751,34810,1129,35939,455
2021-03-14,San Joaquin,077,732212,68413,66563,2881,69444,1140
2021-03-14,San Luis Obispo,079,281455,20134,19806,585,20391,247
2021-03-14,San Mateo,081,765935,40173,39744,420,40164,342
2021-03-14,Santa Barbara,083,443738,32905,32514,1055,33569,431
2021-03-14,Santa Clara,085,1922200,112603,112648,610,113258,1796
2021-03-14,Santa Cruz,087,273765,15680,14887,780,15667,200
2021-03-14,Shasta,089,179085,11113,11019,1300,12319,92
2021-03-14,Sierra,091,2930,53,49,12,61,0
2021-03-14,Siskiyou,093,43540,1549,1473,244,1717,5
2021-03-14,Solano,095,438530,30426,30230,376,30606,171
2021-03-14,Sonoma,097,501317,28702,28798,233,29031,284
2021-03-14,Stanislaus,099,539301,51969,51306,5434,56740,690
2021-03-14,Sutter,101,95872,8969,8958,79,9037,102
2021-03-14,Tehama,103,63373,4687,4650,492,5142,34
2021-03-14,Trinity,105,12862,471,308,78,386,3
2021-03-14,Tulare,107,460477,48940,47845,8243,56088,800
2021-03-14,Tuolumne,109,53932,3886,3937,38,3975,57
2021-03-14,Ventura,111,848112,79153,78611,2793,81404,910
2021-03-14,Yolo,113,214977,13130,13128,163,13291,189
2021-03-14,Yuba,115,75493,5632,5583,88,5671,42
2021-03-13,Alameda,001,1643700,82500,82010,1721,83731,1168
2021-03-13,Alpine,002,1148,83,82,0,82,0
2021-03-13,Amador,005,37829,3508,3504,31,3535,44
2021-03-13,Butte,007,227075,11502,11131,1651,12782,185
2021-03-13,Calaveras,009,45235,1958,1939,11,1950,49
2021-03-13,Colusa,011,21464,1883,1882,270,2152,12
2021-03-13,Contra Costa,013,1133247,64624,63689,1090,64779,731
2021-03-13,Del Norte,015,27424,1086,1041,5,1046,6
2021-03-13,El Dorado,017,186661,9304,9221,609,9830,103
2021-03-13,Fresno,019,978130,98333,97324,7923,105247,1495
2021-03-13,Glenn,021,27897,2294,2260,501,2761,15
2021-03-13,Humboldt,023,135768,3360,3325,24,3349,32
2021-03-13,Imperial,025,180216,27409,27099,2488,29587,677
2021-03-13,Inyo,027,18085,1355,1344,9,1353,35
2021-03-13,Kern,029,883053,94581,93197,10032,103229,1140
2021-03-13,Kings,031,150075,22571,22265,986,23251,232
2021-03-13,Lake,033,64148,3281,3234,7,3241,43
2021-03-13,Lassen,035,31185,5133,5125,99,5224,1
2021-03-13,Los Angeles,037,10098052,1182336,1171505,38574,1210079,22451
2021-03-13,Madera,039,155013,15925,15780,857,16637,214
2021-03-13,Marin,041,260295,13475,13391,175,13566,218
2021-03-13,Mariposa,043,17540,381,376,5,381,5
2021-03-13,Mendocino,045,87422,3704,3611,74,3685,44
2021-03-13,Merced,047,269075,29171,29106,941,30047,406
2021-03-13,Modoc,049,8938,345,340,117,457,3
2021-03-13,Mono,051,14174,1203,1207,16,1223,3
2021-03-13,Monterey,053,433212,42267,41989,1699,43688,332
2021-03-13,Napa,055,140530,9196,9190,31,9221,75
2021-03-13,Nevada,057,99092,4164,4111,164,4275,66
2021-03-13,Orange,059,3164182,249579,247514,10357,257871,4423
2021-03-13,Placer,061,380077,21128,20238,1167,21405,239
2021-03-13,Plumas,063,18699,655,642,10,652,4
2021-03-13,Riverside,065,2383286,287869,281191,13391,294582,3848
2021-03-13,Sacramento,067,1510023,96709,95192,1317,96509,1461
2021-03-13,San Benito,069,59416,5802,5823,89,5912,61
2021-03-13,San Bernardino,071,2135413,287739,283727,8553,292280,3972
2021-03-13,San Diego,073,3302833,267819,265270,13227,278497,3444
2021-03-13,San Francisco,075,870044,34734,34784,1120,35904,455
2021-03-13,San Joaquin,077,732212,68357,66480,2859,69339,1141
2021-03-13,San Luis Obispo,079,281455,20116,19789,584,20373,247
2021-03-13,San Mateo,081,765935,40146,39689,419,40108,341
2021-03-13,Santa Barbara,083,443738,32880,32486,1054,33540,431
2021-03-13,Santa Clara,085,1922200,112518,112531,609,113140,1790
2021-03-13,Santa Cruz,087,273765,15673,14875,780,15655,199
2021-03-13,Shasta,089,179085,11105,11021,1297,12318,108
2021-03-13,Sierra,091,2930,52,49,12,61,0
2021-03-13,Siskiyou,093,43540,1547,1470,244,1714,5
2021-03-13,Solano,095,438530,30409,30198,376,30574,171
2021-03-13,Sonoma,097,501317,28682,28762,229,28991,285
2021-03-13,Stanislaus,099,539301,51918,51257,5430,56687,695
2021-03-13,Sutter,101,95872,8962,8948,79,9027,102
2021-03-13,Tehama,103,63373,4685,4647,492,5139,33
2021-03-13,Trinity,105,12862,471,306,78,384,3
2021-03-13,Tulare,107,460477,48914,47818,8235,56053,798
2021-03-13,Tuolumne,109,53932,3883,3937,38,3975,57
2021-03-13,Ventura,111,848112,79101,78693,2793,81486,906
2021-03-13,Yolo,113,214977,13121,13087,163,13250,189
2021-03-13,Yuba,115,75493,5631,5577,88,5665,42
2021-03-12,Alameda,001,1643700,82422,81898,1720,83618,1164
2021-03-12,Alpine,002,1148,83,82,0,82,0
2021-03-12,Amador,005,37829,3505,3503,31,3534,44
2021-03-12,Butte,007,227075,11492,11126,1649,12775,184
2021-03-12,Calaveras,009,45235,1958,1916,11,1927,49
2021-03-12,Colusa,011,21464,1883,1883,270,2153,12
2021-03-12,Contra Costa,013,1133247,64548,63583,1090,64673,728
2021-03-12,Del Norte,015,27424,1080,1033,5,1038,6
2021-03-12,El Dorado,017,186661,9295,9219,609,9828,103
2021-03-12,Fresno,019,978130,98236,97185,7912,105097,1489
2021-03-12,Glenn,021,27897,2293,2258,500,2758,15
2021-03-12,Humboldt,023,135768,3355,3315,24,3339,32
2021-03-12,Imperial,025,180216,27398,27071,2486,29557,677
2021-03-12,Inyo,027,18085,1353,1339,9,1348,35
2021-03-12,Kern,029,883053,94547,93142,10016,103158,1132
2021-03-12,Kings,031,150075,22552,22233,986,23219,232
2021-03-12,Lake,033,64148,3275,3226,6,3232,43
2021-03-12,Lassen,035,31185,5133,5125,98,5223,1
2021-03-12,Los Angeles,037,10098052,1181941,1170860,38557,1209417,22409
2021-03-12,Madera,039,155013,15913,15761,854,16615,214
2021-03-12,Marin,041,260295,13468,13375,175,13550,218
2021-03-12,Mariposa,043,17540,379,376,5,381,5
2021-03-12,Mendocino,045,87422,3701,3605,74,3679,43
2021-03-12,Merced,047,269075,29140,29064,941,30005,403
2021-03-12,Modoc,049,8938,345,340,117,457,3
2021-03-12,Mono,051,14174,1202,1206,16,1222,3
2021-03-12,Monterey,053,433212,42253,41964,1694,43658,329
2021-03-12,Napa,055,140530,9187,9180,31,9211,75
2021-03-12,Nevada,057,99092,4154,4101,164,4265,66
2021-03-12,Orange,059,3164182,249487,247388,10346,257734,4401
2021-03-12,Placer,061,380077,21095,20210,1162,21372,239
2021-03-12,Plumas,063,18699,654,641,10,651,4
2021-03-12,Riverside,065,2383286,287770,281037,13384,294421,3854
2021-03-12,Sacramento,067,1510023,96585,95061,1311,96372,1460
2021-03-12,San Benito,069,59416,5799,5817,89,5906,61
2021-03-12,San Bernardino,071,2135413,287683,283558,8548,292106,3917
2021-03-12,San Diego,073,3302833,267656,264886,13219,278105,3434
2021-03-12,San Francisco,075,870044,34714,34758,1117,35875,452
2021-03-12,San Joaquin,077,732212,68286,66482,2850,69332,1144
2021-03-12,San Luis Obispo,079,281455,20103,19769,582,20351,247
2021-03-12,San Mateo,081,765935,40110,39638,417,40055,341
2021-03-12,Santa Barbara,083,443738,32857,32457,1051,33508,429
2021-03-12,Santa Clara,085,1922200,112423,112396,608,113004,1766
2021-03-12,Santa Cruz,087,273765,15661,14846,778,15624,195
2021-03-12,Shasta,089,179085,11096,11143,1295,12438,153
2021-03-12,Sierra,091,2930,52,49,12,61,0
2021-03-12,Siskiyou,093,43540,1547,1468,243,1711,5
2021-03-12,Solano,095,438530,30390,30180,375,30555,171
2021-03-12,Sonoma,097,501317,28655,28714,229,28943,285
2021-03-12,Stanislaus,099,539301,51859,51146,5424,56570,701
2021-03-12,Sutter,101,95872,8956,8940,79,9019,101
2021-03-12,Tehama,103,63373,4681,4638,491,5129,33
2021-03-12,Trinity,105,12862,470,306,78,384,3
2021-03-12,Tulare,107,460477,48889,47772,8229,56001,798
2021-03-12,Tuolumne,109,53932,3882,3936,38,3974,57
2021-03-12,Ventura,111,848112,79055,78698,2789,81487,899
2021-03-12,Yolo,113,214977,13111,13061,156,13217,189
2021-03-12,Yuba,115,75493,5624,5563,87,5650,42
2021-03-11,Alameda,001,1643700,82331,81809,1715,83524,1164
2021-03-11,Alpine,002,1148,83,78,0,78,0
2021-03-11,Amador,005,37829,3504,3498,31,3529,42
2021-03-11,Butte,007,227075,11481,11110,1647,12757,185
2021-03-11,Calaveras,009,45235,1955,1915,11,1926,49
2021-03-11,Colusa,011,21464,1883,1883,270,2153,12
2021-03-11,Contra Costa,013,1133247,64475,63469,1088,64557,728
2021-03-11,Del Norte,015,27424,1075,1027,5,1032,6
2021-03-11,El Dorado,017,186661,9281,9211,609,9820,101
2021-03-11,Fresno,019,978130,98120,97026,7883,104909,1481
2021-03-11,Glenn,021,27897,2290,2255,500,2755,15
2021-03-11,Humboldt,023,135768,3338,3302,24,3326,32
2021-03-11,Imperial,025,180216,27390,27045,2483,29528,675
2021-03-11,Inyo,027,18085,1348,1335,9,1344,35
2021-03-11,Kern,029,883053,94491,93052,9977,103029,1121
2021-03-11,Kings,031,150075,22537,22183,983,23166,230
2021-03-11,Lake,033,64148,3271,3214,6,3220,42
2021-03-11,Lassen,035,31185,5132,5124,98,5222,1
2021-03-11,Los Angeles,037,10098052,1181408,1170111,38526,1208637,22316
2021-03-11,Madera,039,155013,15902,15725,852,16577,214
2021-03-11,Marin,041,260295,13456,13356,174,13530,217
2021-03-11,Mariposa,043,17540,379,376,5,381,5
2021-03-11,Mendocino,045,87422,3694,3604,74,3678,42
2021-03-11,Merced,047,269075,29092,29001,940,29941,401
2021-03-11,Modoc,049,8938,345,340,117,457,3
2021-03-11,Mono,051,14174,1201,1206,16,1222,3
2021-03-11,Monterey,053,433212,42230,41936,1688,43624,329
2021-03-11,Napa,055,140530,9174,9173,31,9204,75
2021-03-11,Nevada,057,99092,4142,4085,162,4247,66
2021-03-11,Orange,059,3164182,249349,247217,10329,257546,4373
2021-03-11,Placer,061,380077,21053,20178,1158,21336,239
2021-03-11,Plumas,063,18699,653,640,10,650,4
2021-03-11,Riverside,065,2383286,287599,280881,13371,294252,3842
2021-03-11,Sacramento,067,1510023,96444,94912,1308,96220,1455
2021-03-11,San Benito,069,59416,5796,5816,89,5905,61
2021-03-11,San Bernardino,071,2135413,287587,283312,8542,291854,3869
2021-03-11,San Diego,073,3302833,267491,264524,13203,277727,3422
2021-03-11,San Francisco,075,870044,34678,34722,1111,35833,452
2021-03-11,San Joaquin,077,732212,68174,66522,2842,69364,1157
2021-03-11,San Luis Obispo,079,281455,20078,19748,581,20329,247
2021-03-11,San Mateo,081,765935,40073,39590,416,40006,341
2021-03-11,Santa Barbara,083,443738,32829,32408,1046,33454,430
2021-03-11,Santa Clara,085,1922200,112294,112246,605,112851,1765
2021-03-11,Santa Cruz,087,273765,15649,14812,777,15589,193
2021-03-11,Shasta,089,179085,11086,11139,1290,12429,158
2021-03-11,Sierra,091,2930,52,48,12,60,0
2021-03-11,Siskiyou,093,43540,1544,1466,242,1708,5
2021-03-11,Solano,095,438530,30362,30138,374,30512,171
2021-03-11,Sonoma,097,501317,28626,28677,229,28906,285
2021-03-11,Stanislaus,099,539301,51774,51038,5416,56454,707
2021-03-11,Sutter,101,95872,8950,8933,79,9012,101
2021-03-11,Tehama,103,63373,4673,4632,491,5123,33
2021-03-11,Trinity,105,12862,469,304,77,381,3
2021-03-11,Tulare,107,460477,48852,47709,8218,55927,797
2021-03-11,Tuolumne,109,53932,3880,3934,38,3972,57
2021-03-11,Ventura,111,848112,79005,78697,2785,81482,889
2021-03-11,Yolo,113,214977,13093,13041,155,13196,190
2021-03-11,Yuba,115,75493,5620,5553,87,5640,42
2021-03-10,Alameda,001,1643700,82225,81701,1710,83411,1160
2021-03-10,Alpine,002,1148,82,78,0,78,0
2021-03-10,Amador,005,37829,3502,3496,31,3527,42
2021-03-10,Butte,007,227075,11471,11096,1647,12743,185
2021-03-10,Calaveras,009,45235,1949,1913,11,1924,48
2021-03-10,Colusa,011,21464,1883,1882,270,2152,12
2021-03-10,Contra Costa,013,1133247,64375,63372,1084,64456,725
2021-03-10,Del Norte,015,27424,1073,1020,5,1025,5
2021-03-10,El Dorado,017,186661,9268,9203,609,9812,100
2021-03-10,Fresno,019,978130,98013,96866,7867,104733,1471
2021-03-10,Glenn,021,27897,2287,2253,498,2751,15
2021-03-10,Humboldt,023,135768,3328,3296,23,3319,32
2021-03-10,Imperial,025,180216,27375,27051,2483,29534,675
2021-03-10,Inyo,027,18085,1348,1328,9,1337,35
2021-03-10,Kern,029,883053,94425,92965,9956,102921,1102
2021-03-10,Kings,031,150075,22518,22166,982,23148,226
2021-03-10,Lake,033,64148,3261,3207,6,3213,42
2021-03-10,Lassen,035,31185,5132,5120,98,5218,1
2021-03-10,Los Angeles,037,10098052,1180861,1169079,38501,1207580,22199
2021-03-10,Madera,039,155013,15881,15705,849,16554,212
2021-03-10,Marin,041,260295,13446,13348,173,13521,216
2021-03-10,Mariposa,043,17540,379,376,5,381,5
2021-03-10,Mendocino,045,87422,3689,3602,74,3676,42
2021-03-10,Merced,047,269075,29054,28927,937,29864,401
2021-03-10,Modoc,049,8938,344,338,117,455,3
2021-03-10,Mono,051,14174,1197,1204,16,1220,3
2021-03-10,Monterey,053,433212,42208,41920,1684,43604,329
2021-03-10,Napa,055,140530,9165,9165,31,9196,75
2021-03-10,Nevada,057,99092,4138,4074,162,4236,66
2021-03-10,Orange,059,3164182,249200,247075,10314,257389,4342
2021-03-10,Placer,061,380077,21019,20144,1152,21296,239
2021-03-10,Plumas,063,18699,652,639,10,649,4
2021-03-10,Riverside,065,2383286,287458,280708,13357,294065,3822
2021-03-10,Sacramento,067,1510023,96314,94796,1302,96098,1452
2021-03-10,San Benito,069,59416,5787,5811,89,5900,61
2021-03-10,San Bernardino,071,2135413,287494,283140,8536,291676,3841
2021-03-10,San Diego,073,3302833,267269,264094,13191,277285,3413
2021-03-10,San Francisco,075,870044,34643,34688,1103,35791,450
2021-03-10,San Joaquin,077,732212,68072,66483,2825,69308,1156
2021-03-10,San Luis Obispo,079,281455,20054,19710,577,20287,247
2021-03-10,San Mateo,081,765935,40049,39571,416,39987,338
2021-03-10,Santa Barbara,083,443738,32802,32356,1043,33399,429
2021-03-10,Santa Clara,085,1922200,112185,112103,601,112704,1759
2021-03-10,Santa Cruz,087,273765,15634,14790,776,15566,192
2021-03-10,Shasta,089,179085,11076,11125,1287,12412,155
2021-03-10,Sierra,091,2930,52,48,12,60,0
2021-03-10,Siskiyou,093,43540,1542,1458,242,1700,5
2021-03-10,Solano,095,438530,30332,30111,373,30484,170
2021-03-10,Sonoma,097,501317,28591,28638,228,28866,286
2021-03-10,Stanislaus,099,539301,51687,50968,5397,56365,706
2021-03-10,Sutter,101,95872,8939,8918,79,8997,101
2021-03-10,Tehama,103,63373,4662,4623,490,5113,33
2021-03-10,Trinity,105,12862,469,304,77,381,3
2021-03-10,Tulare,107,460477,48804,47659,8200,55859,793
2021-03-10,Tuolumne,109,53932,3879,3931,38,3969,57
2021-03-10,Ventura,111,848112,78928,78609,2783,81392,878
2021-03-10,Yolo,113,214977,13069,13021,155,13176,189
2021-03-10,Yuba,115,75493,5607,5545,86,5631,42
2021-03-09,Alameda,001,1643700,82138,81618,1710,83328,1151
2021-03-09,Alpine,002,1148,82,78,0,78,0
2021-03-09,Amador,005,37829,3500,3494,31,3525,42
2021-03-09,Butte,007,227075,11458,11092,1646,12738,185
2021-03-09,Calaveras,009,45235,1947,1913,11,1924,48
2021-03-09,Colusa,011,21464,1883,1880,270,2150,11
2021-03-09,Contra Costa,013,1133247,64285,63314,1082,64396,723
2021-03-09,Del Norte,015,27424,1065,1017,5,1022,5
2021-03-09,El Dorado,017,186661,9260,9198,609,9807,98
2021-03-09,Fresno,019,978130,97894,96744,7841,104585,1463
2021-03-09,Glenn,021,27897,2283,2251,496,2747,15
2021-03-09,Humboldt,023,135768,3316,3288,22,3310,32
2021-03-09,Imperial,025,180216,27365,27045,2479,29524,675
2021-03-09,Inyo,027,18085,1346,1324,9,1333,35
2021-03-09,Kern,029,883053,94346,92924,9938,102862,1088
2021-03-09,Kings,031,150075,22493,22143,980,23123,226
2021-03-09,Lake,033,64148,3255,3202,6,3208,42
2021-03-09,Lassen,035,31185,5132,5120,98,5218,1
2021-03-09,Los Angeles,037,10098052,1180264,1167967,38468,1206435,22080
2021-03-09,Madera,039,155013,15870,15701,847,16548,211
2021-03-09,Marin,041,260295,13428,13335,171,13506,214
2021-03-09,Mariposa,043,17540,379,376,5,381,5
2021-03-09,Mendocino,045,87422,3685,3595,74,3669,42
2021-03-09,Merced,047,269075,28994,28876,934,29810,399
2021-03-09,Modoc,049,8938,344,338,116,454,3
2021-03-09,Mono,051,14174,1196,1203,16,1219,3
2021-03-09,Monterey,053,433212,42189,41894,1676,43570,329
2021-03-09,Napa,055,140530,9151,9155,31,9186,75
2021-03-09,Nevada,057,99092,4130,4062,162,4224,66
2021-03-09,Orange,059,3164182,249058,246989,10295,257284,4310
2021-03-09,Placer,061,380077,20977,20122,1147,21269,239
2021-03-09,Plumas,063,18699,649,639,10,649,4
2021-03-09,Riverside,065,2383286,287325,280562,13353,293915,3821
2021-03-09,Sacramento,067,1510023,96147,94720,1296,96016,1442
2021-03-09,San Benito,069,59416,5783,5800,89,5889,61
2021-03-09,San Bernardino,071,2135413,287379,282971,8530,291501,3823
2021-03-09,San Diego,073,3302833,267037,263745,13170,276915,3405
2021-03-09,San Francisco,075,870044,34612,34654,1099,35753,450
2021-03-09,San Joaquin,077,732212,67945,66383,2815,69198,1150
2021-03-09,San Luis Obispo,079,281455,20037,19672,570,20242,245
2021-03-09,San Mateo,081,765935,40001,39535,414,39949,336
2021-03-09,Santa Barbara,083,443738,32761,32314,1041,33355,428
2021-03-09,Santa Clara,085,1922200,112074,111963,596,112559,1756
2021-03-09,Santa Cruz,087,273765,15612,14764,775,15539,188
2021-03-09,Shasta,089,179085,11069,11113,1282,12395,155
2021-03-09,Sierra,091,2930,52,48,12,60,0
2021-03-09,Siskiyou,093,43540,1538,1447,240,1687,5
2021-03-09,Solano,095,438530,30296,30090,371,30461,169
2021-03-09,Sonoma,097,501317,28541,28601,225,28826,284
2021-03-09,Stanislaus,099,539301,51589,50884,5388,56272,703
2021-03-09,Sutter,101,95872,8926,8914,79,8993,101
2021-03-09,Tehama,103,63373,4657,4620,490,5110,33
2021-03-09,Trinity,105,12862,469,304,77,381,3
2021-03-09,Tulare,107,460477,48777,47637,8181,55818,792
2021-03-09,Tuolumne,109,53932,3877,3929,38,3967,56
2021-03-09,Ventura,111,848112,78865,78526,2781,81307,863
2021-03-09,Yolo,113,214977,13057,13015,153,13168,189
2021-03-09,Yuba,115,75493,5600,5539,86,5625,42
2021-03-08,Alameda,001,1643700,82027,81543,1709,83252,1142
2021-03-08,Alpine,002,1148,82,78,0,78,0
2021-03-08,Amador,005,37829,3497,3490,31,3521,42
2021-03-08,Butte,007,227075,11445,11082,1645,12727,185
2021-03-08,Calaveras,009,45235,1943,1909,11,1920,48
2021-03-08,Colusa,011,21464,1883,1877,270,2147,11
2021-03-08,Contra Costa,013,1133247,64189,63240,1082,64322,719
2021-03-08,Del Norte,015,27424,1060,1012,5,1017,5
2021-03-08,El Dorado,017,186661,9257,9188,608,9796,97
2021-03-08,Fresno,019,978130,97796,96665,7820,104485,1442
2021-03-08,Glenn,021,27897,2282,2249,496,2745,15
2021-03-08,Humboldt,023,135768,3302,3278,22,3300,31
2021-03-08,Imperial,025,180216,27357,27033,2476,29509,663
2021-03-08,Inyo,027,18085,1344,1320,9,1329,35
2021-03-08,Kern,029,883053,94280,92857,9918,102775,1087
2021-03-08,Kings,031,150075,22472,22130,978,23108,226
2021-03-08,Lake,033,64148,3243,3195,6,3201,42
2021-03-08,Lassen,035,31185,5132,5119,98,5217,1
2021-03-08,Los Angeles,037,10098052,1179643,1163409,38437,1201846,21868
2021-03-08,Madera,039,155013,15860,15691,845,16536,211
2021-03-08,Marin,041,260295,13408,13328,169,13497,214
2021-03-08,Mariposa,043,17540,379,376,5,381,5
2021-03-08,Mendocino,045,87422,3683,3590,73,3663,42
2021-03-08,Merced,047,269075,28934,28841,933,29774,398
2021-03-08,Modoc,049,8938,344,338,116,454,3
2021-03-08,Mono,051,14174,1195,1200,16,1216,3
2021-03-08,Monterey,053,433212,42168,41863,1675,43538,328
2021-03-08,Napa,055,140530,9148,9146,31,9177,75
2021-03-08,Nevada,057,99092,4122,4059,162,4221,66
2021-03-08,Orange,059,3164182,248885,246900,10264,257164,4243
2021-03-08,Placer,061,380077,20942,20102,1136,21238,239
2021-03-08,Plumas,063,18699,648,635,10,645,4
2021-03-08,Riverside,065,2383286,287173,280463,13343,293806,3783
2021-03-08,Sacramento,067,1510023,95978,94654,1291,95945,1438
2021-03-08,San Benito,069,59416,5780,5797,89,5886,61
2021-03-08,San Bernardino,071,2135413,287268,282894,8523,291417,3811
2021-03-08,San Diego,073,3302833,266796,263272,13155,276427,3390
2021-03-08,San Francisco,075,870044,34586,34634,1095,35729,446
2021-03-08,San Joaquin,077,732212,67829,66307,2806,69113,1139
2021-03-08,San Luis Obispo,079,281455,19994,19656,567,20223,245
2021-03-08,San Mateo,081,765935,39952,39492,412,39904,335
2021-03-08,Santa Barbara,083,443738,32729,32293,1041,33334,427
2021-03-08,Santa Clara,085,1922200,111946,111882,594,112476,1756
2021-03-08,Santa Cruz,087,273765,15592,14729,775,15504,188
2021-03-08,Shasta,089,179085,11061,11088,1277,12365,155
2021-03-08,Sierra,091,2930,52,48,12,60,0
2021-03-08,Siskiyou,093,43540,1537,1440,240,1680,5
2021-03-08,Solano,095,438530,30256,30068,369,30437,169
2021-03-08,Sonoma,097,501317,28497,28571,224,28795,284
2021-03-08,Stanislaus,099,539301,51510,50825,5383,56208,690
2021-03-08,Sutter,101,95872,8923,8905,79,8984,100
2021-03-08,Tehama,103,63373,4653,4615,490,5105,33
2021-03-08,Trinity,105,12862,468,302,77,379,3
2021-03-08,Tulare,107,460477,48736,47587,8156,55743,791
2021-03-08,Tuolumne,109,53932,3876,3921,38,3959,56
2021-03-08,Ventura,111,848112,78792,78526,2773,81299,852
2021-03-08,Yolo,113,214977,13034,13000,153,13153,189
2021-03-08,Yuba,115,75493,5590,5530,86,5616,42
2021-03-07,Alameda,001,1643700,81907,81413,1708,83121,1145
2021-03-07,Alpine,002,1148,82,78,0,78,0
2021-03-07,Amador,005,37829,3494,3489,31,3520,42
2021-03-07,Butte,007,227075,11429,11075,1644,12719,185
2021-03-07,Calaveras,009,45235,1939,1906,11,1917,48
2021-03-07,Colusa,011,21464,1883,1876,270,2146,11
2021-03-07,Contra Costa,013,1133247,64090,63148,1080,64228,719
2021-03-07,Del Norte,015,27424,1055,1010,5,1015,5
2021-03-07,El Dorado,017,186661,9254,9184,607,9791,97
2021-03-07,Fresno,019,978130,97618,96549,7798,104347,1442
2021-03-07,Glenn,021,27897,2280,2244,496,2740,15
2021-03-07,Humboldt,023,135768,3292,3274,22,3296,31
2021-03-07,Imperial,025,180216,27348,27019,2474,29493,658
2021-03-07,Inyo,027,18085,1341,1320,9,1329,35
2021-03-07,Kern,029,883053,94193,92746,9888,102634,1086
2021-03-07,Kings,031,150075,22450,22103,978,23081,224
2021-03-07,Lake,033,64148,3237,3192,6,3198,42
2021-03-07,Lassen,035,31185,5131,5119,98,5217,1
2021-03-07,Los Angeles,037,10098052,1178916,1162749,38404,1201153,21857
2021-03-07,Madera,039,155013,15841,15675,845,16520,211
2021-03-07,Marin,041,260295,13400,13313,167,13480,214
2021-03-07,Mariposa,043,17540,378,376,5,381,5
2021-03-07,Mendocino,045,87422,3679,3581,73,3654,42
2021-03-07,Merced,047,269075,28860,28829,929,29758,399
2021-03-07,Modoc,049,8938,344,338,116,454,3
2021-03-07,Mono,051,14174,1193,1199,16,1215,3
2021-03-07,Monterey,053,433212,42147,41858,1672,43530,328
2021-03-07,Napa,055,140530,9138,9137,31,9168,75
2021-03-07,Nevada,057,99092,4108,4052,161,4213,66
2021-03-07,Orange,059,3164182,248693,246771,10237,257008,4218
2021-03-07,Placer,061,380077,20901,20070,1132,21202,239
2021-03-07,Plumas,063,18699,647,635,10,645,4
2021-03-07,Riverside,065,2383286,287025,280379,13334,293713,3779
2021-03-07,Sacramento,067,1510023,95801,94513,1285,95798,1437
2021-03-07,San Benito,069,59416,5773,5795,89,5884,61
2021-03-07,San Bernardino,071,2135413,287117,282860,8518,291378,3810
2021-03-07,San Diego,073,3302833,266514,262965,13131,276096,3390
2021-03-07,San Francisco,075,870044,34552,34594,1090,35684,445
2021-03-07,San Joaquin,077,732212,67693,66252,2793,69045,1139
2021-03-07,San Luis Obispo,079,281455,19957,19614,565,20179,245
2021-03-07,San Mateo,081,765935,39912,39436,409,39845,329
2021-03-07,Santa Barbara,083,443738,32683,32218,1040,33258,425
2021-03-07,Santa Clara,085,1922200,111801,111745,590,112335,1752
2021-03-07,Santa Cruz,087,273765,15570,14715,774,15489,189
2021-03-07,Shasta,089,179085,11048,11083,1269,12352,156
2021-03-07,Sierra,091,2930,51,48,12,60,0
2021-03-07,Siskiyou,093,43540,1536,1435,236,1671,5
2021-03-07,Solano,095,438530,30219,30027,369,30396,169
2021-03-07,Sonoma,097,501317,28448,28533,222,28755,284
2021-03-07,Stanislaus,099,539301,51378,50783,5367,56150,699
2021-03-07,Sutter,101,95872,8913,8900,79,8979,100
2021-03-07,Tehama,103,63373,4646,4614,489,5103,33
2021-03-07,Trinity,105,12862,468,302,77,379,3
2021-03-07,Tulare,107,460477,48677,47569,8125,55694,790
2021-03-07,Tuolumne,109,53932,3875,3922,37,3959,56
2021-03-07,Ventura,111,848112,78700,78487,2771,81258,851
2021-03-07,Yolo,113,214977,13015,12988,153,13141,189
2021-03-07,Yuba,115,75493,5585,5516,86,5602,42
2021-03-06,Alameda,001,1643700,81850,81310,1707,83017,1143
2021-03-06,Alpine,002,1148,82,78,0,78,0
2021-03-06,Amador,005,37829,3490,3487,31,3518,42
2021-03-06,Butte,007,227075,11424,11065,1643,12708,185
2021-03-06,Calaveras,009,45235,1935,1904,11,1915,48
2021-03-06,Colusa,011,21464,1881,1874,270,2144,11
2021-03-06,Contra Costa,013,1133247,64028,63040,1076,64116,719
2021-03-06,Del Norte,015,27424,1050,1000,5,1005,5
2021-03-06,El Dorado,017,186661,9250,9166,607,9773,97
2021-03-06,Fresno,019,978130,97522,96366,7787,104153,1440
2021-03-06,Glenn,021,27897,2280,2241,496,2737,15
2021-03-06,Humboldt,023,135768,3282,3260,22,3282,31
2021-03-06,Imperial,025,180216,27343,27009,2469,29478,658
2021-03-06,Inyo,027,18085,1338,1312,9,1321,35
2021-03-06,Kern,029,883053,94147,92684,9868,102552,1082
2021-03-06,Kings,031,150075,22435,22094,978,23072,224
2021-03-06,Lake,033,64148,3235,3189,6,3195,42
2021-03-06,Lassen,035,31185,5131,5119,98,5217,1
2021-03-06,Los Angeles,037,10098052,1178476,1161745,38376,1200121,21843
2021-03-06,Madera,039,155013,15832,15646,844,16490,211
2021-03-06,Marin,041,260295,13391,13289,167,13456,213
2021-03-06,Mariposa,043,17540,378,376,5,381,5
2021-03-06,Mendocino,045,87422,3677,3579,73,3652,42
2021-03-06,Merced,047,269075,28817,28771,929,29700,399
2021-03-06,Modoc,049,8938,343,338,116,454,3
2021-03-06,Mono,051,14174,1192,1198,16,1214,3
2021-03-06,Monterey,053,433212,42142,41838,1669,43507,327
2021-03-06,Napa,055,140530,9130,9129,31,9160,75
2021-03-06,Nevada,057,99092,4102,4044,161,4205,66
2021-03-06,Orange,059,3164182,248602,246634,10223,256857,4165
2021-03-06,Placer,061,380077,20878,20030,1130,21160,239
2021-03-06,Plumas,063,18699,647,634,10,644,4
2021-03-06,Riverside,065,2383286,286931,280225,13326,293551,3781
2021-03-06,Sacramento,067,1510023,95713,94332,1276,95608,1436
2021-03-06,San Benito,069,59416,5768,5793,89,5882,61
2021-03-06,San Bernardino,071,2135413,287033,282737,8516,291253,3791
2021-03-06,San Diego,073,3302833,266327,262778,13114,275892,3385
2021-03-06,San Francisco,075,870044,34520,34560,1086,35646,435
2021-03-06,San Joaquin,077,732212,67619,66162,2783,68945,1138
2021-03-06,San Luis Obispo,079,281455,19937,19592,563,20155,245
2021-03-06,San Mateo,081,765935,39887,39384,409,39793,329
2021-03-06,Santa Barbara,083,443738,32653,32176,1040,33216,424
2021-03-06,Santa Clara,085,1922200,111706,111570,587,112157,1749
2021-03-06,Santa Cruz,087,273765,15559,14701,774,15475,188
2021-03-06,Shasta,089,179085,11039,11076,1267,12343,158
2021-03-06,Sierra,091,2930,51,48,12,60,0
2021-03-06,Siskiyou,093,43540,1534,1432,236,1668,5
2021-03-06,Solano,095,438530,30190,30000,368,30368,169
2021-03-06,Sonoma,097,501317,28425,28484,220,28704,284
2021-03-06,Stanislaus,099,539301,51308,50691,5361,56052,711
2021-03-06,Sutter,101,95872,8907,8887,79,8966,100
2021-03-06,Tehama,103,63373,4644,4610,486,5096,33
2021-03-06,Trinity,105,12862,468,302,77,379,3
2021-03-06,Tulare,107,460477,48645,47515,8097,55612,789
2021-03-06,Tuolumne,109,53932,3873,3920,37,3957,56
2021-03-06,Ventura,111,848112,78644,78439,2770,81209,848
2021-03-06,Yolo,113,214977,13009,12951,152,13103,189
2021-03-06,Yuba,115,75493,5576,5504,86,5590,42
2021-03-05,Alameda,001,1643700,81764,81215,1706,82921,1141
2021-03-05,Alpine,002,1148,82,78,0,78,0
2021-03-05,Amador,005,37829,3489,3484,31,3515,42
2021-03-05,Butte,007,227075,11413,11050,1642,12692,185
2021-03-05,Calaveras,009,45235,1932,1902,11,1913,48
2021-03-05,Colusa,011,21464,1881,1874,270,2144,11
2021-03-05,Contra Costa,013,1133247,63948,62886,1073,63959,711
2021-03-05,Del Norte,015,27424,1046,995,5,1000,5
2021-03-05,El Dorado,017,186661,9245,9150,606,9756,97
2021-03-05,Fresno,019,978130,97413,96184,7768,103952,1432
2021-03-05,Glenn,021,27897,2277,2241,495,2736,15
2021-03-05,Humboldt,023,135768,3274,3234,22,3256,31
2021-03-05,Imperial,025,180216,27333,26970,2460,29430,651
2021-03-05,Inyo,027,18085,1334,1309,9,1318,35
2021-03-05,Kern,029,883053,94106,92601,9855,102456,1076
2021-03-05,Kings,031,150075,22417,22063,977,23040,224
2021-03-05,Lake,033,64148,3233,3185,6,3191,42
2021-03-05,Lassen,035,31185,5131,5117,96,5213,1
2021-03-05,Los Angeles,037,10098052,1177985,1160688,38347,1199035,21745
2021-03-05,Madera,039,155013,15822,15624,842,16466,211
2021-03-05,Marin,041,260295,13379,13275,166,13441,215
2021-03-05,Mariposa,043,17540,378,375,5,380,4
2021-03-05,Mendocino,045,87422,3674,3577,73,3650,42
2021-03-05,Merced,047,269075,28784,28734,928,29662,399
2021-03-05,Modoc,049,8938,343,337,116,453,3
2021-03-05,Mono,051,14174,1191,1197,16,1213,3
2021-03-05,Monterey,053,433212,42129,41802,1669,43471,325
2021-03-05,Napa,055,140530,9122,9109,31,9140,75
2021-03-05,Nevada,057,99092,4099,4033,161,4194,66
2021-03-05,Orange,059,3164182,248489,246489,10210,256699,4108
2021-03-05,Placer,061,380077,20852,19973,1126,21099,239
2021-03-05,Plumas,063,18699,647,635,10,645,4
2021-03-05,Riverside,065,2383286,286820,280075,13321,293396,3781
2021-03-05,Sacramento,067,1510023,95617,94182,1269,95451,1430
2021-03-05,San Benito,069,59416,5765,5790,89,5879,61
2021-03-05,San Bernardino,071,2135413,286940,282640,8512,291152,3774
2021-03-05,San Diego,073,3302833,266093,262357,13097,275454,3371
2021-03-05,San Francisco,075,870044,34480,34526,1082,35608,430
2021-03-05,San Joaquin,077,732212,67540,66041,2774,68815,1133
2021-03-05,San Luis Obispo,079,281455,19916,19557,561,20118,244
2021-03-05,San Mateo,081,765935,39855,39305,409,39714,326
2021-03-05,Santa Barbara,083,443738,32616,32139,1035,33174,424
2021-03-05,Santa Clara,085,1922200,111611,111384,587,111971,1745
2021-03-05,Santa Cruz,087,273765,15548,14694,774,15468,188
2021-03-05,Shasta,089,179085,11027,11062,1261,12323,148
2021-03-05,Sierra,091,2930,51,48,12,60,0
2021-03-05,Siskiyou,093,43540,1529,1429,235,1664,5
2021-03-05,Solano,095,438530,30173,29951,366,30317,168
2021-03-05,Sonoma,097,501317,28399,28417,220,28637,279
2021-03-05,Stanislaus,099,539301,51257,50606,5351,55957,721
2021-03-05,Sutter,101,95872,8900,8876,79,8955,100
2021-03-05,Tehama,103,63373,4635,4606,486,5092,33
2021-03-05,Trinity,105,12862,468,302,77,379,3
2021-03-05,Tulare,107,460477,48616,47469,8078,55547,789
2021-03-05,Tuolumne,109,53932,3871,3917,37,3954,56
2021-03-05,Ventura,111,848112,78577,78368,2769,81137,839
2021-03-05,Yolo,113,214977,12997,12920,151,13071,188
2021-03-05,Yuba,115,75493,5564,5496,86,5582,42
2021-03-04,Alameda,001,1643700,81655,81115,1705,82820,1136
2021-03-04,Alpine,002,1148,82,78,0,78,0
2021-03-04,Amador,005,37829,3488,3480,31,3511,42
2021-03-04,Butte,007,227075,11406,11033,1641,12674,185
2021-03-04,Calaveras,009,45235,1931,1896,11,1907,48
2021-03-04,Colusa,011,21464,1879,1873,265,2138,11
2021-03-04,Contra Costa,013,1133247,63848,62789,1071,63860,708
2021-03-04,Del Norte,015,27424,1038,989,5,994,5
2021-03-04,El Dorado,017,186661,9230,9133,606,9739,97
2021-03-04,Fresno,019,978130,97249,96023,7749,103772,1422
2021-03-04,Glenn,021,27897,2270,2236,494,2730,15
2021-03-04,Humboldt,023,135768,3260,3212,22,3234,31
2021-03-04,Imperial,025,180216,27320,26946,2457,29403,646
2021-03-04,Inyo,027,18085,1331,1300,9,1309,35
2021-03-04,Kern,029,883053,94017,92525,9836,102361,1070
2021-03-04,Kings,031,150075,22391,22025,974,22999,224
2021-03-04,Lake,033,64148,3225,3181,6,3187,42
2021-03-04,Lassen,035,31185,5131,5116,96,5212,1
2021-03-04,Los Angeles,037,10098052,1177375,1159405,38297,1197702,21610
2021-03-04,Madera,039,155013,15787,15596,839,16435,208
2021-03-04,Marin,041,260295,13363,13240,163,13403,215
2021-03-04,Mariposa,043,17540,378,376,5,381,4
2021-03-04,Mendocino,045,87422,3671,3569,73,3642,42
2021-03-04,Merced,047,269075,28733,28671,926,29597,396
2021-03-04,Modoc,049,8938,342,336,116,452,3
2021-03-04,Mono,051,14174,1191,1197,16,1213,3
2021-03-04,Monterey,053,433212,42109,41771,1667,43438,325
2021-03-04,Napa,055,140530,9114,9094,31,9125,74
2021-03-04,Nevada,057,99092,4089,4020,161,4181,66
2021-03-04,Orange,059,3164182,248332,246354,10193,256547,4096
2021-03-04,Placer,061,380077,20820,19900,1120,21020,239
2021-03-04,Plumas,063,18699,647,634,10,644,4
2021-03-04,Riverside,065,2383286,286690,279871,13308,293179,3766
2021-03-04,Sacramento,067,1510023,95482,93982,1266,95248,1426
2021-03-04,San Benito,069,59416,5765,5781,89,5870,61
2021-03-04,San Bernardino,071,2135413,286809,282407,8508,290915,3757
2021-03-04,San Diego,073,3302833,265832,261858,13053,274911,3359
2021-03-04,San Francisco,075,870044,34445,34480,1079,35559,426
2021-03-04,San Joaquin,077,732212,67446,65931,2765,68696,1129
2021-03-04,San Luis Obispo,079,281455,19879,19520,559,20079,243
2021-03-04,San Mateo,081,765935,39811,39225,408,39633,322
2021-03-04,Santa Barbara,083,443738,32579,32090,1034,33124,423
2021-03-04,Santa Clara,085,1922200,111477,111194,585,111779,1723
2021-03-04,Santa Cruz,087,273765,15529,14669,774,15443,186
2021-03-04,Shasta,089,179085,11024,11050,1252,12302,150
2021-03-04,Sierra,091,2930,51,48,12,60,0
2021-03-04,Siskiyou,093,43540,1522,1427,235,1662,5
2021-03-04,Solano,095,438530,30146,29905,365,30270,168
2021-03-04,Sonoma,097,501317,28344,28379,219,28598,279
2021-03-04,Stanislaus,099,539301,51170,50521,5343,55864,731
2021-03-04,Sutter,101,95872,8888,8849,79,8928,100
2021-03-04,Tehama,103,63373,4627,4604,486,5090,33
2021-03-04,Trinity,105,12862,468,302,77,379,3
2021-03-04,Tulare,107,460477,48571,47398,8053,55451,784
2021-03-04,Tuolumne,109,53932,3865,3916,37,3953,56
2021-03-04,Ventura,111,848112,78487,78184,2766,80950,831
2021-03-04,Yolo,113,214977,12977,12895,151,13046,189
2021-03-04,Yuba,115,75493,5552,5483,86,5569,41
2021-03-03,Alameda,001,1643700,81535,80972,1704,82676,1127
2021-03-03,Alpine,002,1148,82,77,0,77,0
2021-03-03,Amador,005,37829,3486,3478,30,3508,42
2021-03-03,Butte,007,227075,11398,11014,1640,12654,184
2021-03-03,Calaveras,009,45235,1930,1893,11,1904,48
2021-03-03,Colusa,011,21464,1878,1873,265,2138,11
2021-03-03,Contra Costa,013,1133247,63750,62668,1068,63736,708
2021-03-03,Del Norte,015,27424,1035,988,5,993,5
2021-03-03,El Dorado,017,186661,9220,9121,606,9727,97
2021-03-03,Fresno,019,978130,97105,95893,7732,103625,1415
2021-03-03,Glenn,021,27897,2270,2233,494,2727,15
2021-03-03,Humboldt,023,135768,3249,3196,22,3218,30
2021-03-03,Imperial,025,180216,27304,26939,2453,29392,640
2021-03-03,Inyo,027,18085,1323,1294,9,1303,35
2021-03-03,Kern,029,883053,93941,92434,9819,102253,1063
2021-03-03,Kings,031,150075,22375,22009,973,22982,223
2021-03-03,Lake,033,64148,3218,3175,6,3181,40
2021-03-03,Lassen,035,31185,5131,5115,96,5211,1
2021-03-03,Los Angeles,037,10098052,1176736,1157911,38258,1196169,21500
2021-03-03,Madera,039,155013,15768,15553,833,16386,203
2021-03-03,Marin,041,260295,13349,13216,163,13379,214
2021-03-03,Mariposa,043,17540,377,376,5,381,4
2021-03-03,Mendocino,045,87422,3663,3564,73,3637,42
2021-03-03,Merced,047,269075,28681,28625,926,29551,393
2021-03-03,Modoc,049,8938,342,333,115,448,3
2021-03-03,Mono,051,14174,1191,1191,16,1207,3
2021-03-03,Monterey,053,433212,42077,41731,1664,43395,325
2021-03-03,Napa,055,140530,9106,9090,31,9121,72
2021-03-03,Nevada,057,99092,4079,4009,161,4170,66
2021-03-03,Orange,059,3164182,248187,246120,10179,256299,4072
2021-03-03,Placer,061,380077,20794,19851,1117,20968,239
2021-03-03,Plumas,063,18699,646,631,10,641,4
2021-03-03,Riverside,065,2383286,286557,279626,13302,292928,3735
2021-03-03,Sacramento,067,1510023,95321,93819,1258,95077,1419
2021-03-03,San Benito,069,59416,5764,5774,89,5863,61
2021-03-03,San Bernardino,071,2135413,286668,282138,8502,290640,3664
2021-03-03,San Diego,073,3302833,265568,261350,13022,274372,3342
2021-03-03,San Francisco,075,870044,34413,34443,1076,35519,426
2021-03-03,San Joaquin,077,732212,67333,65855,2758,68613,1115
2021-03-03,San Luis Obispo,079,281455,19853,19479,556,20035,241
2021-03-03,San Mateo,081,765935,39765,39189,407,39596,319
2021-03-03,Santa Barbara,083,443738,32541,32027,1034,33061,421
2021-03-03,Santa Clara,085,1922200,111323,110991,583,111574,1720
2021-03-03,Santa Cruz,087,273765,15518,14645,774,15419,185
2021-03-03,Shasta,089,179085,11014,11023,1245,12268,150
2021-03-03,Sierra,091,2930,51,48,12,60,0
2021-03-03,Siskiyou,093,43540,1520,1424,235,1659,5
2021-03-03,Solano,095,438530,30110,29866,364,30230,167
2021-03-03,Sonoma,097,501317,28305,28307,218,28525,279
2021-03-03,Stanislaus,099,539301,51092,50438,5336,55774,730
2021-03-03,Sutter,101,95872,8880,8840,79,8919,99
2021-03-03,Tehama,103,63373,4625,4601,486,5087,32
2021-03-03,Trinity,105,12862,468,302,77,379,3
2021-03-03,Tulare,107,460477,48520,47348,8024,55372,778
2021-03-03,Tuolumne,109,53932,3863,3914,36,3950,56
2021-03-03,Ventura,111,848112,78403,78057,2761,80818,822
2021-03-03,Yolo,113,214977,12964,12890,151,13041,189
2021-03-03,Yuba,115,75493,5539,5479,86,5565,41
2021-03-02,Alameda,001,1643700,81413,80904,1702,82606,1116
2021-03-02,Alpine,002,1148,82,77,0,77,0
2021-03-02,Amador,005,37829,3484,3474,30,3504,42
2021-03-02,Butte,007,227075,11388,11007,1637,12644,182
2021-03-02,Calaveras,009,45235,1922,1890,11,1901,48
2021-03-02,Colusa,011,21464,1878,1872,264,2136,11
2021-03-02,Contra Costa,013,1133247,63639,62557,1064,63621,694
2021-03-02,Del Norte,015,27424,1028,983,5,988,5
2021-03-02,El Dorado,017,186661,9212,9116,606,9722,98
2021-03-02,Fresno,019,978130,96959,95785,7706,103491,1410
2021-03-02,Glenn,021,27897,2264,2232,493,2725,15
2021-03-02,Humboldt,023,135768,3230,3184,22,3206,30
2021-03-02,Imperial,025,180216,27294,26926,2451,29377,637
2021-03-02,Inyo,027,18085,1319,1292,9,1301,35
2021-03-02,Kern,029,883053,93835,92313,9792,102105,1046
2021-03-02,Kings,031,150075,22323,21999,970,22969,217
2021-03-02,Lake,033,64148,3212,3169,6,3175,40
2021-03-02,Lassen,035,31185,5126,5115,95,5210,1
2021-03-02,Los Angeles,037,10098052,1176099,1156826,38213,1195039,21395
2021-03-02,Madera,039,155013,15748,15523,830,16353,194
2021-03-02,Marin,041,260295,13326,13186,162,13348,214
2021-03-02,Mariposa,043,17540,377,376,5,381,4
2021-03-02,Mendocino,045,87422,3660,3562,72,3634,41
2021-03-02,Merced,047,269075,28624,28598,926,29524,389
2021-03-02,Modoc,049,8938,342,332,115,447,3
2021-03-02,Mono,051,14174,1190,1191,16,1207,3
2021-03-02,Monterey,053,433212,42050,41716,1664,43380,325
2021-03-02,Napa,055,140530,9096,9080,31,9111,71
2021-03-02,Nevada,057,99092,4070,3983,160,4143,66
2021-03-02,Orange,059,3164182,248042,246004,10161,256165,4037
2021-03-02,Placer,061,380077,20741,19828,1114,20942,239
2021-03-02,Plumas,063,18699,643,628,10,638,4
2021-03-02,Riverside,065,2383286,286385,279486,13294,292780,3721
2021-03-02,Sacramento,067,1510023,95154,93690,1257,94947,1411
2021-03-02,San Benito,069,59416,5757,5770,89,5859,60
2021-03-02,San Bernardino,071,2135413,286534,281919,8496,290415,3604
2021-03-02,San Diego,073,3302833,265324,260998,13000,273998,3317
2021-03-02,San Francisco,075,870044,34373,34387,1072,35459,424
2021-03-02,San Joaquin,077,732212,67225,65769,2741,68510,1111
2021-03-02,San Luis Obispo,079,281455,19821,19452,556,20008,241
2021-03-02,San Mateo,081,765935,39713,39148,406,39554,317
2021-03-02,Santa Barbara,083,443738,32492,31964,1030,32994,416
2021-03-02,Santa Clara,085,1922200,111144,110832,582,111414,1706
2021-03-02,Santa Cruz,087,273765,15504,14611,772,15383,185
2021-03-02,Shasta,089,179085,11000,11012,1234,12246,149
2021-03-02,Sierra,091,2930,51,48,12,60,0
2021-03-02,Siskiyou,093,43540,1516,1412,233,1645,5
2021-03-02,Solano,095,438530,30077,29827,362,30189,167
2021-03-02,Sonoma,097,501317,28250,28261,218,28479,279
2021-03-02,Stanislaus,099,539301,51005,50359,5324,55683,724
2021-03-02,Sutter,101,95872,8871,8832,79,8911,99
2021-03-02,Tehama,103,63373,4621,4597,485,5082,32
2021-03-02,Trinity,105,12862,468,301,77,378,3
2021-03-02,Tulare,107,460477,48457,47326,8004,55330,783
2021-03-02,Tuolumne,109,53932,3859,3908,36,3944,53
2021-03-02,Ventura,111,848112,78310,77952,2757,80709,780
2021-03-02,Yolo,113,214977,12948,12867,151,13018,189
2021-03-02,Yuba,115,75493,5531,5475,86,5561,41
2021-03-01,Alameda,001,1643700,81286,80805,1700,82505,1105
2021-03-01,Alpine,002,1148,80,77,0,77,0
2021-03-01,Amador,005,37829,3481,3469,30,3499,42
2021-03-01,Butte,007,227075,11373,10981,1633,12614,180
2021-03-01,Calaveras,009,45235,1917,1885,11,1896,46
2021-03-01,Colusa,011,21464,1877,1871,264,2135,11
2021-03-01,Contra Costa,013,1133247,63531,62458,1063,63521,694
2021-03-01,Del Norte,015,27424,1023,982,5,987,5
2021-03-01,El Dorado,017,186661,9188,9085,606,9691,98
2021-03-01,Fresno,019,978130,96821,95677,7683,103360,1405
2021-03-01,Glenn,021,27897,2259,2232,492,2724,15
2021-03-01,Humboldt,023,135768,3211,3179,22,3201,30
2021-03-01,Imperial,025,180216,27284,26913,2443,29356,636
2021-03-01,Inyo,027,18085,1316,1285,9,1294,35
2021-03-01,Kern,029,883053,93746,92219,9766,101985,1041
2021-03-01,Kings,031,150075,22306,21988,964,22952,217
2021-03-01,Lake,033,64148,3207,3164,6,3170,40
2021-03-01,Lassen,035,31185,5124,5111,95,5206,1
2021-03-01,Los Angeles,037,10098052,1175440,1155984,38173,1194157,21293
2021-03-01,Madera,039,155013,15719,15505,820,16325,194
2021-03-01,Marin,041,260295,13298,13161,161,13322,214
2021-03-01,Mariposa,043,17540,377,375,5,380,4
2021-03-01,Mendocino,045,87422,3653,3561,72,3633,41
2021-03-01,Merced,047,269075,28579,28575,922,29497,385
2021-03-01,Modoc,049,8938,339,331,114,445,3
2021-03-01,Mono,051,14174,1189,1192,16,1208,3
2021-03-01,Monterey,053,433212,42025,41697,1662,43359,324
2021-03-01,Napa,055,140530,9088,9056,31,9087,70
2021-03-01,Nevada,057,99092,4051,3979,160,4139,66
2021-03-01,Orange,059,3164182,247849,245852,10147,255999,3976
2021-03-01,Placer,061,380077,20702,19803,1111,20914,239
2021-03-01,Plumas,063,18699,643,628,10,638,4
2021-03-01,Riverside,065,2383286,286166,279323,13287,292610,3680
2021-03-01,Sacramento,067,1510023,95009,93546,1255,94801,1401
2021-03-01,San Benito,069,59416,5752,5772,89,5861,57
2021-03-01,San Bernardino,071,2135413,286390,281685,8492,290177,3603
2021-03-01,San Diego,073,3302833,265007,260622,12967,273589,3303
2021-03-01,San Francisco,075,870044,34329,34318,1064,35382,424
2021-03-01,San Joaquin,077,732212,67116,65699,2731,68430,1097
2021-03-01,San Luis Obispo,079,281455,19799,19429,554,19983,239
2021-03-01,San Mateo,081,765935,39661,39096,406,39502,314
2021-03-01,Santa Barbara,083,443738,32449,31909,1029,32938,413
2021-03-01,Santa Clara,085,1922200,110985,110684,579,111263,1704
2021-03-01,Santa Cruz,087,273765,15485,14575,771,15346,185
2021-03-01,Shasta,089,179085,10988,10990,1231,12221,149
2021-03-01,Sierra,091,2930,51,48,12,60,0
2021-03-01,Siskiyou,093,43540,1512,1408,231,1639,5
2021-03-01,Solano,095,438530,30034,29779,361,30140,166
2021-03-01,Sonoma,097,501317,28202,28222,216,28438,278
2021-03-01,Stanislaus,099,539301,50931,50293,5318,55611,722
2021-03-01,Sutter,101,95872,8860,8825,79,8904,99
2021-03-01,Tehama,103,63373,4615,4595,485,5080,32
2021-03-01,Trinity,105,12862,468,298,76,374,3
2021-03-01,Tulare,107,460477,48419,47275,7970,55245,781
2021-03-01,Tuolumne,109,53932,3856,3907,36,3943,53
2021-03-01,Ventura,111,848112,78229,77849,2756,80605,775
2021-03-01,Yolo,113,214977,12931,12854,149,13003,188
2021-03-01,Yuba,115,75493,5519,5466,86,5552,41
2021-02-28,Alameda,001,1643700,81165,80727,1698,82425,1105
2021-02-28,Alpine,002,1148,80,77,0,77,0
2021-02-28,Amador,005,37829,3476,3466,29,3495,42
2021-02-28,Butte,007,227075,11358,10970,1632,12602,180
2021-02-28,Calaveras,009,45235,1913,1881,11,1892,46
2021-02-28,Colusa,011,21464,1877,1871,263,2134,11
2021-02-28,Contra Costa,013,1133247,63404,62386,1058,63444,694
2021-02-28,Del Norte,015,27424,1021,981,5,986,5
2021-02-28,El Dorado,017,186661,9177,9082,606,9688,98
2021-02-28,Fresno,019,978130,96639,95548,7649,103197,1405
2021-02-28,Glenn,021,27897,2257,2230,490,2720,15
2021-02-28,Humboldt,023,135768,3188,3179,22,3201,30
2021-02-28,Imperial,025,180216,27259,26909,2439,29348,636
2021-02-28,Inyo,027,18085,1311,1282,9,1291,35
2021-02-28,Kern,029,883053,93631,92169,9746,101915,1012
2021-02-28,Kings,031,150075,22285,21967,963,22930,217
2021-02-28,Lake,033,64148,3202,3164,6,3170,40
2021-02-28,Lassen,035,31185,5123,5106,95,5201,1
2021-02-28,Los Angeles,037,10098052,1174652,1155141,38111,1193252,21261
2021-02-28,Madera,039,155013,15677,15496,817,16313,199
2021-02-28,Marin,041,260295,13275,13152,159,13311,214
2021-02-28,Mariposa,043,17540,377,374,5,379,4
2021-02-28,Mendocino,045,87422,3647,3558,72,3630,41
2021-02-28,Merced,047,269075,28516,28546,921,29467,384
2021-02-28,Modoc,049,8938,339,331,114,445,3
2021-02-28,Mono,051,14174,1186,1192,16,1208,3
2021-02-28,Monterey,053,433212,41993,41683,1660,43343,323
2021-02-28,Napa,055,140530,9069,9053,31,9084,70
2021-02-28,Nevada,057,99092,4038,3972,160,4132,66
2021-02-28,Orange,059,3164182,247652,245706,10140,255846,3970
2021-02-28,Placer,061,380077,20656,19775,1109,20884,239
2021-02-28,Plumas,063,18699,643,628,10,638,4
2021-02-28,Riverside,065,2383286,285933,279214,13276,292490,3661
2021-02-28,Sacramento,067,1510023,94825,93463,1250,94713,1398
2021-02-28,San Benito,069,59416,5741,5772,89,5861,57
2021-02-28,San Bernardino,071,2135413,286248,281620,8480,290100,3595
2021-02-28,San Diego,073,3302833,264710,260353,12933,273286,3303
2021-02-28,San Francisco,075,870044,34287,34291,1058,35349,417
2021-02-28,San Joaquin,077,732212,67008,65662,2722,68384,1097
2021-02-28,San Luis Obispo,079,281455,19763,19422,552,19974,237
2021-02-28,San Mateo,081,765935,39608,39059,405,39464,314
2021-02-28,Santa Barbara,083,443738,32397,31877,1029,32906,413
2021-02-28,Santa Clara,085,1922200,110786,110556,576,111132,1704
2021-02-28,Santa Cruz,087,273765,15456,14571,768,15339,185
2021-02-28,Shasta,089,179085,10967,10990,1227,12217,149
2021-02-28,Sierra,091,2930,51,48,12,60,0
2021-02-28,Siskiyou,093,43540,1504,1408,231,1639,5
2021-02-28,Solano,095,438530,29979,29758,355,30113,166
2021-02-28,Sonoma,097,501317,28139,28193,215,28408,279
2021-02-28,Stanislaus,099,539301,50840,50228,5306,55534,728
2021-02-28,Sutter,101,95872,8845,8825,79,8904,99
2021-02-28,Tehama,103,63373,4610,4590,485,5075,32
2021-02-28,Trinity,105,12862,468,298,76,374,3
2021-02-28,Tulare,107,460477,48357,47258,7939,55197,780
2021-02-28,Tuolumne,109,53932,3851,3905,36,3941,53
2021-02-28,Ventura,111,848112,78117,77749,2753,80502,775
2021-02-28,Yolo,113,214977,12908,12851,149,13000,188
2021-02-28,Yuba,115,75493,5509,5461,86,5547,41
2021-02-27,Alameda,001,1643700,81092,80565,1696,82261,1108
2021-02-27,Alpine,002,1148,80,77,0,77,0
2021-02-27,Amador,005,37829,3474,3463,29,3492,42
2021-02-27,Butte,007,227075,11346,10962,1632,12594,180
2021-02-27,Calaveras,009,45235,1908,1875,11,1886,46
2021-02-27,Colusa,011,21464,1876,1869,263,2132,11
2021-02-27,Contra Costa,013,1133247,63334,62248,1055,63303,693
2021-02-27,Del Norte,015,27424,1019,978,5,983,5
2021-02-27,El Dorado,017,186661,9173,9072,606,9678,98
2021-02-27,Fresno,019,978130,96562,95393,7638,103031,1400
2021-02-27,Glenn,021,27897,2256,2225,489,2714,15
2021-02-27,Humboldt,023,135768,3182,3167,22,3189,30
2021-02-27,Imperial,025,180216,27251,26903,2437,29340,633
2021-02-27,Inyo,027,18085,1308,1275,9,1284,35
2021-02-27,Kern,029,883053,93570,92053,9731,101784,996
2021-02-27,Kings,031,150075,22275,21955,960,22915,216
2021-02-27,Lake,033,64148,3199,3156,6,3162,40
2021-02-27,Lassen,035,31185,5123,5106,95,5201,1
2021-02-27,Los Angeles,037,10098052,1174151,1154275,38084,1192359,21158
2021-02-27,Madera,039,155013,15660,15467,816,16283,199
2021-02-27,Marin,041,260295,13251,13134,159,13293,214
2021-02-27,Mariposa,043,17540,377,374,5,379,4
2021-02-27,Mendocino,045,87422,3644,3555,72,3627,41
2021-02-27,Merced,047,269075,28474,28501,913,29414,384
2021-02-27,Modoc,049,8938,339,331,113,444,3
2021-02-27,Mono,051,14174,1184,1191,16,1207,3
2021-02-27,Monterey,053,433212,41984,41665,1659,43324,322
2021-02-27,Napa,055,140530,9058,9038,31,9069,71
2021-02-27,Nevada,057,99092,4032,3960,160,4120,66
2021-02-27,Orange,059,3164182,247525,245542,10129,255671,3960
2021-02-27,Placer,061,380077,20620,19726,1106,20832,239
2021-02-27,Plumas,063,18699,643,628,10,638,4
2021-02-27,Riverside,065,2383286,285823,279048,13266,292314,3663
2021-02-27,Sacramento,067,1510023,94742,93281,1240,94521,1396
2021-02-27,San Benito,069,59416,5740,5767,88,5855,57
2021-02-27,San Bernardino,071,2135413,286169,281471,8475,289946,3527
2021-02-27,San Diego,073,3302833,264520,260091,12895,272986,3284
2021-02-27,San Francisco,075,870044,34253,34260,1055,35315,413
2021-02-27,San Joaquin,077,732212,66962,65578,2720,68298,1100
2021-02-27,San Luis Obispo,079,281455,19742,19411,551,19962,237
2021-02-27,San Mateo,081,765935,39567,38998,404,39402,313
2021-02-27,Santa Barbara,083,443738,32363,31805,1028,32833,411
2021-02-27,Santa Clara,085,1922200,110638,110361,574,110935,1703
2021-02-27,Santa Cruz,087,273765,15447,14552,767,15319,185
2021-02-27,Shasta,089,179085,10961,10985,1223,12208,149
2021-02-27,Sierra,091,2930,51,48,12,60,0
2021-02-27,Siskiyou,093,43540,1502,1407,230,1637,5
2021-02-27,Solano,095,438530,29951,29718,354,30072,165
2021-02-27,Sonoma,097,501317,28095,28141,210,28351,281
2021-02-27,Stanislaus,099,539301,50785,50147,5296,55443,733
2021-02-27,Sutter,101,95872,8840,8820,79,8899,99
2021-02-27,Tehama,103,63373,4605,4584,484,5068,32
2021-02-27,Trinity,105,12862,468,298,76,374,3
2021-02-27,Tulare,107,460477,48320,47209,7913,55122,770
2021-02-27,Tuolumne,109,53932,3848,3899,36,3935,53
2021-02-27,Ventura,111,848112,78044,77623,2750,80373,771
2021-02-27,Yolo,113,214977,12896,12834,149,12983,188
2021-02-27,Yuba,115,75493,5506,5450,86,5536,39
2021-02-26,Alameda,001,1643700,80997,80387,1691,82078,1106
2021-02-26,Alpine,002,1148,80,77,0,77,0
2021-02-26,Amador,005,37829,3468,3457,29,3486,42
2021-02-26,Butte,007,227075,11336,10941,1632,12573,180
2021-02-26,Calaveras,009,45235,1906,1873,11,1884,46
2021-02-26,Colusa,011,21464,1876,1865,263,2128,11
2021-02-26,Contra Costa,013,1133247,63252,62114,1055,63169,685
2021-02-26,Del Norte,015,27424,1015,968,5,973,5
2021-02-26,El Dorado,017,186661,9168,9038,604,9642,98
2021-02-26,Fresno,019,978130,96460,95202,7630,102832,1391
2021-02-26,Glenn,021,27897,2253,2220,489,2709,15
2021-02-26,Humboldt,023,135768,3176,3152,22,3174,30
2021-02-26,Imperial,025,180216,27244,26888,2435,29323,631
2021-02-26,Inyo,027,18085,1306,1271,9,1280,34
2021-02-26,Kern,029,883053,93491,91884,9715,101599,997
2021-02-26,Kings,031,150075,22259,21917,957,22874,216
2021-02-26,Lake,033,64148,3194,3153,6,3159,40
2021-02-26,Lassen,035,31185,5123,5102,95,5197,1
2021-02-26,Los Angeles,037,10098052,1173574,1153131,38024,1191155,21070
2021-02-26,Madera,039,155013,15644,15436,814,16250,199
2021-02-26,Marin,041,260295,13238,13091,159,13250,214
2021-02-26,Mariposa,043,17540,377,375,5,380,4
2021-02-26,Mendocino,045,87422,3639,3549,72,3621,41
2021-02-26,Merced,047,269075,28440,28455,912,29367,382
2021-02-26,Modoc,049,8938,338,330,113,443,3
2021-02-26,Mono,051,14174,1182,1191,16,1207,3
2021-02-26,Monterey,053,433212,41958,41607,1658,43265,322
2021-02-26,Napa,055,140530,9052,9014,31,9045,70
2021-02-26,Nevada,057,99092,4021,3952,160,4112,66
2021-02-26,Orange,059,3164182,247386,245278,10119,255397,3918
2021-02-26,Placer,061,380077,20594,19712,1100,20812,239
2021-02-26,Plumas,063,18699,643,628,10,638,4
2021-02-26,Riverside,065,2383286,285679,278772,13260,292032,3653
2021-02-26,Sacramento,067,1510023,94619,93180,1237,94417,1390
2021-02-26,San Benito,069,59416,5739,5759,88,5847,57
2021-02-26,San Bernardino,071,2135413,286069,281132,8473,289605,3461
2021-02-26,San Diego,073,3302833,264292,259641,12874,272515,3271
2021-02-26,San Francisco,075,870044,34223,34213,1052,35265,413
2021-02-26,San Joaquin,077,732212,66881,65492,2714,68206,1070
2021-02-26,San Luis Obispo,079,281455,19726,19359,549,19908,234
2021-02-26,San Mateo,081,765935,39522,38922,404,39326,313
2021-02-26,Santa Barbara,083,443738,32319,31724,1027,32751,410
2021-02-26,Santa Clara,085,1922200,110506,110168,572,110740,1700
2021-02-26,Santa Cruz,087,273765,15435,14528,766,15294,185
2021-02-26,Shasta,089,179085,10954,10972,1214,12186,149
2021-02-26,Sierra,091,2930,51,47,12,59,0
2021-02-26,Siskiyou,093,43540,1502,1401,229,1630,5
2021-02-26,Solano,095,438530,29917,29651,353,30004,165
2021-02-26,Sonoma,097,501317,28066,28063,209,28272,280
2021-02-26,Stanislaus,099,539301,50729,50054,5288,55342,737
2021-02-26,Sutter,101,95872,8831,8806,79,8885,99
2021-02-26,Tehama,103,63373,4603,4581,484,5065,32
2021-02-26,Trinity,105,12862,467,298,76,374,3
2021-02-26,Tulare,107,460477,48284,47135,7884,55019,770
2021-02-26,Tuolumne,109,53932,3847,3896,36,3932,53
2021-02-26,Ventura,111,848112,77944,77534,2746,80280,765
2021-02-26,Yolo,113,214977,12889,12816,149,12965,188
2021-02-26,Yuba,115,75493,5501,5438,86,5524,39
2021-02-25,Alameda,001,1643700,80876,80181,1690,81871,1093
2021-02-25,Alpine,002,1148,80,77,0,77,0
2021-02-25,Amador,005,37829,3465,3448,29,3477,41
2021-02-25,Butte,007,227075,11315,10922,1627,12549,178
2021-02-25,Calaveras,009,45235,1897,1868,11,1879,46
2021-02-25,Colusa,011,21464,1873,1863,262,2125,11
2021-02-25,Contra Costa,013,1133247,63150,61910,1055,62965,686
2021-02-25,Del Norte,015,27424,1005,966,5,971,5
2021-02-25,El Dorado,017,186661,9152,9012,604,9616,98
2021-02-25,Fresno,019,978130,96316,95015,7610,102625,1377
2021-02-25,Glenn,021,27897,2250,2219,488,2707,15
2021-02-25,Humboldt,023,135768,3169,3129,22,3151,30
2021-02-25,Imperial,025,180216,27237,26855,2431,29286,628
2021-02-25,Inyo,027,18085,1300,1264,9,1273,33
2021-02-25,Kern,029,883053,93375,91735,9690,101425,992
2021-02-25,Kings,031,150075,22250,21900,954,22854,216
2021-02-25,Lake,033,64148,3185,3141,6,3147,40
2021-02-25,Lassen,035,31185,5122,5097,94,5191,1
2021-02-25,Los Angeles,037,10098052,1172826,1151846,37967,1189813,20931
2021-02-25,Madera,039,155013,15609,15414,810,16224,194
2021-02-25,Marin,041,260295,13215,13067,159,13226,214
2021-02-25,Mariposa,043,17540,377,375,5,380,4
2021-02-25,Mendocino,045,87422,3634,3542,72,3614,41
2021-02-25,Merced,047,269075,28391,28383,910,29293,382
2021-02-25,Modoc,049,8938,338,329,113,442,3
2021-02-25,Mono,051,14174,1181,1190,16,1206,3
2021-02-25,Monterey,053,433212,41933,41564,1653,43217,321
2021-02-25,Napa,055,140530,9026,8998,31,9029,70
2021-02-25,Nevada,057,99092,4004,3940,159,4099,66
2021-02-25,Orange,059,3164182,247213,245000,10109,255109,3882
2021-02-25,Placer,061,380077,20555,19661,1098,20759,239
2021-02-25,Plumas,063,18699,643,626,10,636,4
2021-02-25,Riverside,065,2383286,285491,278544,13240,291784,3646
2021-02-25,Sacramento,067,1510023,94461,92961,1225,94186,1386
2021-02-25,San Benito,069,59416,5734,5752,88,5840,58
2021-02-25,San Bernardino,071,2135413,285934,280946,8465,289411,3409
2021-02-25,San Diego,073,3302833,263998,258979,12844,271823,3260
2021-02-25,San Francisco,075,870044,34180,34138,1050,35188,408
2021-02-25,San Joaquin,077,732212,66797,65389,2702,68091,1047
2021-02-25,San Luis Obispo,079,281455,19705,19335,547,19882,234
2021-02-25,San Mateo,081,765935,39475,38872,404,39276,300
2021-02-25,Santa Barbara,083,443738,32242,31631,1026,32657,408
2021-02-25,Santa Clara,085,1922200,110341,109923,571,110494,1677
2021-02-25,Santa Cruz,087,273765,15416,14492,765,15257,185
2021-02-25,Shasta,089,179085,10942,10947,1209,12156,148
2021-02-25,Sierra,091,2930,51,47,12,59,0
2021-02-25,Siskiyou,093,43540,1497,1390,226,1616,4
2021-02-25,Solano,095,438530,29885,29616,353,29969,161
2021-02-25,Sonoma,097,501317,28012,28004,206,28210,278
2021-02-25,Stanislaus,099,539301,50638,49964,5278,55242,738
2021-02-25,Sutter,101,95872,8817,8789,78,8867,99
2021-02-25,Tehama,103,63373,4600,4578,482,5060,32
2021-02-25,Trinity,105,12862,467,297,76,373,3
2021-02-25,Tulare,107,460477,48234,47052,7858,54910,765
2021-02-25,Tuolumne,109,53932,3844,3894,36,3930,53
2021-02-25,Ventura,111,848112,77836,77395,2740,80135,751
2021-02-25,Yolo,113,214977,12872,12787,149,12936,188
2021-02-25,Yuba,115,75493,5494,5429,86,5515,39
2021-02-24,Alameda,001,1643700,80756,80070,1686,81756,1082
2021-02-24,Alpine,002,1148,79,77,0,77,0
2021-02-24,Amador,005,37829,3460,3444,29,3473,41
2021-02-24,Butte,007,227075,11302,10915,1623,12538,178
2021-02-24,Calaveras,009,45235,1893,1864,11,1875,31
2021-02-24,Colusa,011,21464,1871,1863,262,2125,11
2021-02-24,Contra Costa,013,1133247,63042,61776,1055,62831,663
2021-02-24,Del Norte,015,27424,1004,960,4,964,5
2021-02-24,El Dorado,017,186661,9139,8993,604,9597,98
2021-02-24,Fresno,019,978130,96167,94794,7594,102388,1369
2021-02-24,Glenn,021,27897,2249,2210,488,2698,14
2021-02-24,Humboldt,023,135768,3157,3123,22,3145,29
2021-02-24,Imperial,025,180216,27224,26843,2426,29269,596
2021-02-24,Inyo,027,18085,1295,1253,9,1262,32
2021-02-24,Kern,029,883053,93242,91525,9674,101199,992
2021-02-24,Kings,031,150075,22225,21871,952,22823,216
2021-02-24,Lake,033,64148,3178,3134,6,3140,40
2021-02-24,Lassen,035,31185,5118,5095,93,5188,1
2021-02-24,Los Angeles,037,10098052,1172066,1150322,37928,1188250,20817
2021-02-24,Madera,039,155013,15582,15390,810,16200,194
2021-02-24,Marin,041,260295,13192,13044,158,13202,214
2021-02-24,Mariposa,043,17540,377,374,5,379,4
2021-02-24,Mendocino,045,87422,3627,3540,72,3612,41
2021-02-24,Merced,047,269075,28353,28295,906,29201,383
2021-02-24,Modoc,049,8938,337,329,113,442,3
2021-02-24,Mono,051,14174,1179,1189,16,1205,3
2021-02-24,Monterey,053,433212,41908,41495,1651,43146,320
2021-02-24,Napa,055,140530,9009,8976,31,9007,70
2021-02-24,Nevada,057,99092,3994,3927,159,4086,66
2021-02-24,Orange,059,3164182,246994,244743,10096,254839,3835
2021-02-24,Placer,061,380077,20516,19648,1092,20740,239
2021-02-24,Plumas,063,18699,641,626,10,636,4
2021-02-24,Riverside,065,2383286,285263,278293,13231,291524,3603
2021-02-24,Sacramento,067,1510023,94307,92742,1220,93962,1375
2021-02-24,San Benito,069,59416,5733,5743,88,5831,57
2021-02-24,San Bernardino,071,2135413,285782,280583,8461,289044,3360
2021-02-24,San Diego,073,3302833,263702,258460,12828,271288,3230
2021-02-24,San Francisco,075,870044,34134,34061,1047,35108,406
2021-02-24,San Joaquin,077,732212,66687,65274,2700,67974,1019
2021-02-24,San Luis Obispo,079,281455,19682,19309,545,19854,233
2021-02-24,San Mateo,081,765935,39438,38763,404,39167,300
2021-02-24,Santa Barbara,083,443738,32190,31563,1023,32586,405
2021-02-24,Santa Clara,085,1922200,110192,109671,570,110241,1674
2021-02-24,Santa Cruz,087,273765,15395,14458,765,15223,185
2021-02-24,Shasta,089,179085,10929,10922,1206,12128,148
2021-02-24,Sierra,091,2930,51,47,12,59,0
2021-02-24,Siskiyou,093,43540,1490,1385,222,1607,4
2021-02-24,Solano,095,438530,29846,29577,351,29928,158
2021-02-24,Sonoma,097,501317,27948,27954,202,28156,278
2021-02-24,Stanislaus,099,539301,50567,49851,5271,55122,732
2021-02-24,Sutter,101,95872,8807,8778,78,8856,99
2021-02-24,Tehama,103,63373,4597,4566,482,5048,31
2021-02-24,Trinity,105,12862,467,294,75,369,3
2021-02-24,Tulare,107,460477,48178,46976,7830,54806,759
2021-02-24,Tuolumne,109,53932,3841,3887,36,3923,53
2021-02-24,Ventura,111,848112,77728,77238,2739,79977,718
2021-02-24,Yolo,113,214977,12859,12760,149,12909,188
2021-02-24,Yuba,115,75493,5483,5425,84,5509,39
2021-02-23,Alameda,001,1643700,80617,79948,1684,81632,1070
2021-02-23,Alpine,002,1148,78,77,0,77,0
2021-02-23,Amador,005,37829,3458,3440,29,3469,41
2021-02-23,Butte,007,227075,11286,10887,1620,12507,176
2021-02-23,Calaveras,009,45235,1892,1863,11,1874,21
2021-02-23,Colusa,011,21464,1868,1862,262,2124,11
2021-02-23,Contra Costa,013,1133247,62908,61613,1052,62665,661
2021-02-23,Del Norte,015,27424,1002,953,4,957,3
2021-02-23,El Dorado,017,186661,9126,8969,604,9573,96
2021-02-23,Fresno,019,978130,96006,94741,7580,102321,1356
2021-02-23,Glenn,021,27897,2247,2209,488,2697,14
2021-02-23,Humboldt,023,135768,3140,3108,22,3130,29
2021-02-23,Imperial,025,180216,27204,26816,2421,29237,591
2021-02-23,Inyo,027,18085,1291,1250,9,1259,32
2021-02-23,Kern,029,883053,93103,91390,9646,101036,982
2021-02-23,Kings,031,150075,22210,21839,948,22787,216
2021-02-23,Lake,033,64148,3170,3121,6,3127,40
2021-02-23,Lassen,035,31185,5115,5092,93,5185,1
2021-02-23,Los Angeles,037,10098052,1171192,1148965,37876,1186841,19887
2021-02-23,Madera,039,155013,15568,15352,804,16156,193
2021-02-23,Marin,041,260295,13172,13015,157,13172,214
2021-02-23,Mariposa,043,17540,377,374,5,379,4
2021-02-23,Mendocino,045,87422,3625,3540,71,3611,41
2021-02-23,Merced,047,269075,28273,28209,899,29108,381
2021-02-23,Modoc,049,8938,336,328,112,440,3
2021-02-23,Mono,051,14174,1179,1189,16,1205,3
2021-02-23,Monterey,053,433212,41869,41439,1646,43085,317
2021-02-23,Napa,055,140530,8997,8967,31,8998,70
2021-02-23,Nevada,057,99092,3986,3912,159,4071,66
2021-02-23,Orange,059,3164182,246796,244566,10078,254644,3843
2021-02-23,Placer,061,380077,20491,19608,1088,20696,238
2021-02-23,Plumas,063,18699,640,626,10,636,4
2021-02-23,Riverside,065,2383286,285026,278075,13217,291292,3599
2021-02-23,Sacramento,067,1510023,94150,92632,1214,93846,1370
2021-02-23,San Benito,069,59416,5727,5731,87,5818,57
2021-02-23,San Bernardino,071,2135413,285594,280279,8456,288735,3283
2021-02-23,San Diego,073,3302833,263325,257802,12798,270600,3218
2021-02-23,San Francisco,075,870044,34085,33994,1046,35040,405
2021-02-23,San Joaquin,077,732212,66587,65141,2693,67834,1004
2021-02-23,San Luis Obispo,079,281455,19653,19233,544,19777,230
2021-02-23,San Mateo,081,765935,39377,38662,404,39066,299
2021-02-23,Santa Barbara,083,443738,32135,31483,1022,32505,402
2021-02-23,Santa Clara,085,1922200,109995,109449,567,110016,1661
2021-02-23,Santa Cruz,087,273765,15366,14435,763,15198,178
2021-02-23,Shasta,089,179085,10917,10903,1202,12105,146
2021-02-23,Sierra,091,2930,51,47,12,59,0
2021-02-23,Siskiyou,093,43540,1485,1380,220,1600,4
2021-02-23,Solano,095,438530,29806,29545,348,29893,154
2021-02-23,Sonoma,097,501317,27905,27882,199,28081,278
2021-02-23,Stanislaus,099,539301,50489,49749,5255,55004,722
2021-02-23,Sutter,101,95872,8794,8766,78,8844,98
2021-02-23,Tehama,103,63373,4591,4556,481,5037,30
2021-02-23,Trinity,105,12862,467,292,74,366,3
2021-02-23,Tulare,107,460477,48100,46937,7797,54734,757
2021-02-23,Tuolumne,109,53932,3837,3864,36,3900,53
2021-02-23,Ventura,111,848112,77612,77093,2730,79823,689
2021-02-23,Yolo,113,214977,12830,12729,149,12878,188
2021-02-23,Yuba,115,75493,5470,5417,83,5500,38
2021-02-22,Alameda,001,1643700,80466,79796,1680,81476,1062
2021-02-22,Alpine,002,1148,78,77,0,77,0
2021-02-22,Amador,005,37829,3453,3438,29,3467,39
2021-02-22,Butte,007,227075,11273,10855,1615,12470,176
2021-02-22,Calaveras,009,45235,1890,1862,11,1873,21
2021-02-22,Colusa,011,21464,1868,1860,262,2122,11
2021-02-22,Contra Costa,013,1133247,62780,61478,1051,62529,661
2021-02-22,Del Norte,015,27424,1001,948,4,952,3
2021-02-22,El Dorado,017,186661,9109,8940,604,9544,96
2021-02-22,Fresno,019,978130,95844,94584,7563,102147,1351
2021-02-22,Glenn,021,27897,2242,2207,486,2693,14
2021-02-22,Humboldt,023,135768,3128,3095,22,3117,29
2021-02-22,Imperial,025,180216,27182,26778,2414,29192,590
2021-02-22,Inyo,027,18085,1286,1248,9,1257,32
2021-02-22,Kern,029,883053,92986,91201,9624,100825,982
2021-02-22,Kings,031,150075,22187,21801,945,22746,214
2021-02-22,Lake,033,64148,3164,3107,6,3113,40
2021-02-22,Lassen,035,31185,5115,5088,92,5180,1
2021-02-22,Los Angeles,037,10098052,1170331,1147541,37820,1185361,19730
2021-02-22,Madera,039,155013,15543,15325,800,16125,193
2021-02-22,Marin,041,260295,13147,12991,154,13145,213
2021-02-22,Mariposa,043,17540,376,374,5,379,4
2021-02-22,Mendocino,045,87422,3619,3535,71,3606,41
2021-02-22,Merced,047,269075,28210,28166,896,29062,379
2021-02-22,Modoc,049,8938,336,329,112,441,3
2021-02-22,Mono,051,14174,1175,1189,16,1205,3
2021-02-22,Monterey,053,433212,41824,41397,1640,43037,311
2021-02-22,Napa,055,140530,8970,8950,31,8981,69
2021-02-22,Nevada,057,99092,3977,3900,157,4057,66
2021-02-22,Orange,059,3164182,246560,244118,10060,254178,3843
2021-02-22,Placer,061,380077,20454,19587,1080,20667,238
2021-02-22,Plumas,063,18699,640,625,10,635,4
2021-02-22,Riverside,065,2383286,284764,277730,13209,290939,3567
2021-02-22,Sacramento,067,1510023,93983,92476,1204,93680,1359
2021-02-22,San Benito,069,59416,5725,5723,87,5810,57
2021-02-22,San Bernardino,071,2135413,285417,279984,8443,288427,3259
2021-02-22,San Diego,073,3302833,262915,257348,12765,270113,3189
2021-02-22,San Francisco,075,870044,34025,33947,1041,34988,405
2021-02-22,San Joaquin,077,732212,66491,65060,2680,67740,1001
2021-02-22,San Luis Obispo,079,281455,19616,19198,542,19740,229
2021-02-22,San Mateo,081,765935,39320,38542,401,38943,282
2021-02-22,Santa Barbara,083,443738,32069,31421,1019,32440,399
2021-02-22,Santa Clara,085,1922200,109786,109213,556,109769,1655
2021-02-22,Santa Cruz,087,273765,15340,14417,763,15180,176
2021-02-22,Shasta,089,179085,10902,10872,1197,12069,145
2021-02-22,Sierra,091,2930,51,47,12,59,0
2021-02-22,Siskiyou,093,43540,1479,1373,219,1592,4
2021-02-22,Solano,095,438530,29767,29508,347,29855,150
2021-02-22,Sonoma,097,501317,27860,27845,198,28043,278
2021-02-22,Stanislaus,099,539301,50387,49630,5237,54867,722
2021-02-22,Sutter,101,95872,8786,8698,78,8776,98
2021-02-22,Tehama,103,63373,4588,4550,480,5030,30
2021-02-22,Trinity,105,12862,467,287,73,360,3
2021-02-22,Tulare,107,460477,48038,46879,7765,54644,751
2021-02-22,Tuolumne,109,53932,3833,3856,36,3892,53
2021-02-22,Ventura,111,848112,77484,76947,2725,79672,677
2021-02-22,Yolo,113,214977,12803,12689,149,12838,183
2021-02-22,Yuba,115,75493,5467,5404,82,5486,38
2021-02-21,Alameda,001,1643700,80272,79649,1676,81325,1061
2021-02-21,Alpine,002,1148,78,77,0,77,0
2021-02-21,Amador,005,37829,3445,3435,29,3464,39
2021-02-21,Butte,007,227075,11255,10855,1613,12468,176
2021-02-21,Calaveras,009,45235,1889,1860,11,1871,21
2021-02-21,Colusa,011,21464,1867,1860,258,2118,11
2021-02-21,Contra Costa,013,1133247,62625,61364,1048,62412,661
2021-02-21,Del Norte,015,27424,995,942,4,946,3
2021-02-21,El Dorado,017,186661,9091,8927,603,9530,96
2021-02-21,Fresno,019,978130,95701,94374,7547,101921,1349
2021-02-21,Glenn,021,27897,2240,2201,484,2685,14
2021-02-21,Humboldt,023,135768,3116,3096,22,3118,29
2021-02-21,Imperial,025,180216,27168,26779,2412,29191,590
2021-02-21,Inyo,027,18085,1280,1232,9,1241,32
2021-02-21,Kern,029,883053,92861,91141,9586,100727,980
2021-02-21,Kings,031,150075,22151,21784,943,22727,213
2021-02-21,Lake,033,64148,3156,3100,6,3106,40
2021-02-21,Lassen,035,31185,5107,5077,92,5169,1
2021-02-21,Los Angeles,037,10098052,1169289,1146756,37776,1184532,19711
2021-02-21,Madera,039,155013,15510,15298,797,16095,192
2021-02-21,Marin,041,260295,13118,12968,154,13122,212
2021-02-21,Mariposa,043,17540,376,373,5,378,4
2021-02-21,Mendocino,045,87422,3614,3535,71,3606,41
2021-02-21,Merced,047,269075,28136,28106,881,28987,379
2021-02-21,Modoc,049,8938,333,329,112,441,3
2021-02-21,Mono,051,14174,1175,1189,16,1205,3
2021-02-21,Monterey,053,433212,41768,41373,1633,43006,309
2021-02-21,Napa,055,140530,8956,8929,31,8960,69
2021-02-21,Nevada,057,99092,3964,3895,157,4052,66
2021-02-21,Orange,059,3164182,246263,243985,10043,254028,3801
2021-02-21,Placer,061,380077,20418,19553,1076,20629,238
2021-02-21,Plumas,063,18699,640,625,10,635,4
2021-02-21,Riverside,065,2383286,284531,277555,13196,290751,3564
2021-02-21,Sacramento,067,1510023,93773,92288,1194,93482,1354
2021-02-21,San Benito,069,59416,5715,5716,84,5800,57
2021-02-21,San Bernardino,071,2135413,285193,279870,8429,288299,3247
2021-02-21,San Diego,073,3302833,262481,257027,12719,269746,3190
2021-02-21,San Francisco,075,870044,33961,33891,1037,34928,405
2021-02-21,San Joaquin,077,732212,66352,64997,2668,67665,1001
2021-02-21,San Luis Obispo,079,281455,19583,19178,540,19718,229
2021-02-21,San Mateo,081,765935,39258,38448,397,38845,282
2021-02-21,Santa Barbara,083,443738,32007,31374,1016,32390,399
2021-02-21,Santa Clara,085,1922200,109562,108992,548,109540,1654
2021-02-21,Santa Cruz,087,273765,15317,14401,762,15163,176
2021-02-21,Shasta,089,179085,10888,10867,1192,12059,145
2021-02-21,Sierra,091,2930,51,47,12,59,0
2021-02-21,Siskiyou,093,43540,1473,1371,219,1590,4
2021-02-21,Solano,095,438530,29712,29471,346,29817,150
2021-02-21,Sonoma,097,501317,27796,27793,191,27984,278
2021-02-21,Stanislaus,099,539301,50274,49527,5223,54750,726
2021-02-21,Sutter,101,95872,8769,8687,77,8764,97
2021-02-21,Tehama,103,63373,4579,4547,480,5027,30
2021-02-21,Trinity,105,12862,465,286,73,359,3
2021-02-21,Tulare,107,460477,47970,46830,7730,54560,749
2021-02-21,Tuolumne,109,53932,3819,3828,36,3864,53
2021-02-21,Ventura,111,848112,77335,76862,2712,79574,677
2021-02-21,Yolo,113,214977,12772,12670,148,12818,183
2021-02-21,Yuba,115,75493,5460,5396,81,5477,38
2021-02-20,Alameda,001,1643700,80181,79496,1671,81167,1055
2021-02-20,Alpine,002,1148,78,77,0,77,0
2021-02-20,Amador,005,37829,3443,3432,29,3461,39
2021-02-20,Butte,007,227075,11247,10838,1612,12450,176
2021-02-20,Calaveras,009,45235,1888,1858,11,1869,21
2021-02-20,Colusa,011,21464,1866,1858,258,2116,11
2021-02-20,Contra Costa,013,1133247,62541,61205,1046,62251,663
2021-02-20,Del Norte,015,27424,991,937,4,941,3
2021-02-20,El Dorado,017,186661,9081,8911,602,9513,96
2021-02-20,Fresno,019,978130,95618,94234,7527,101761,1341
2021-02-20,Glenn,021,27897,2236,2199,483,2682,14
2021-02-20,Humboldt,023,135768,3108,3073,22,3095,29
2021-02-20,Imperial,025,180216,27158,26771,2412,29183,590
2021-02-20,Inyo,027,18085,1276,1226,9,1235,32
2021-02-20,Kern,029,883053,92790,91025,9554,100579,968
2021-02-20,Kings,031,150075,22133,21773,942,22715,212
2021-02-20,Lake,033,64148,3149,3089,6,3095,40
2021-02-20,Lassen,035,31185,5105,5067,92,5159,1
2021-02-20,Los Angeles,037,10098052,1168719,1145594,37736,1183330,19630
2021-02-20,Madera,039,155013,15490,15274,796,16070,191
2021-02-20,Marin,041,260295,13097,12945,152,13097,211
2021-02-20,Mariposa,043,17540,376,372,5,377,4
2021-02-20,Mendocino,045,87422,3612,3533,71,3604,40
2021-02-20,Merced,047,269075,28093,28066,878,28944,379
2021-02-20,Modoc,049,8938,333,328,112,440,3
2021-02-20,Mono,051,14174,1174,1187,16,1203,3
2021-02-20,Monterey,053,433212,41746,41313,1631,42944,309
2021-02-20,Napa,055,140530,8947,8910,31,8941,69
2021-02-20,Nevada,057,99092,3954,3887,156,4043,66
2021-02-20,Orange,059,3164182,246094,243761,10029,253790,3755
2021-02-20,Placer,061,380077,20377,19509,1072,20581,236
2021-02-20,Plumas,063,18699,640,626,10,636,4
2021-02-20,Riverside,065,2383286,284377,277267,13187,290454,3559
2021-02-20,Sacramento,067,1510023,93650,92057,1192,93249,1352
2021-02-20,San Benito,069,59416,5704,5709,84,5793,57
2021-02-20,San Bernardino,071,2135413,285091,279608,8424,288032,3203
2021-02-20,San Diego,073,3302833,262239,256510,12690,269200,3188
2021-02-20,San Francisco,075,870044,33919,33820,1029,34849,399
2021-02-20,San Joaquin,077,732212,66282,64916,2663,67579,1001
2021-02-20,San Luis Obispo,079,281455,19559,19138,539,19677,229
2021-02-20,San Mateo,081,765935,39214,38371,396,38767,282
2021-02-20,Santa Barbara,083,443738,31973,31289,1015,32304,396
2021-02-20,Santa Clara,085,1922200,109384,108728,545,109273,1649
2021-02-20,Santa Cruz,087,273765,15306,14378,760,15138,176
2021-02-20,Shasta,089,179085,10874,10850,1187,12037,146
2021-02-20,Sierra,091,2930,51,47,12,59,0
2021-02-20,Siskiyou,093,43540,1470,1366,219,1585,4
2021-02-20,Solano,095,438530,29698,29440,344,29784,150
2021-02-20,Sonoma,097,501317,27767,27703,189,27892,278
2021-02-20,Stanislaus,099,539301,50223,49445,5209,54654,733
2021-02-20,Sutter,101,95872,8763,8681,77,8758,97
2021-02-20,Tehama,103,63373,4574,4545,480,5025,30
2021-02-20,Trinity,105,12862,464,285,72,357,3
2021-02-20,Tulare,107,460477,47934,46769,7708,54477,739
2021-02-20,Tuolumne,109,53932,3814,3823,36,3859,53
2021-02-20,Ventura,111,848112,77240,76757,2709,79466,671
2021-02-20,Yolo,113,214977,12758,12639,148,12787,183
2021-02-20,Yuba,115,75493,5457,5386,81,5467,38
2021-02-19,Alameda,001,1643700,80081,79318,1667,80985,1047
2021-02-19,Alpine,002,1148,78,77,0,77,0
2021-02-19,Amador,005,37829,3439,3427,29,3456,39
2021-02-19,Butte,007,227075,11233,10823,1605,12428,176
2021-02-19,Calaveras,009,45235,1888,1856,11,1867,21
2021-02-19,Colusa,011,21464,1866,1858,258,2116,11
2021-02-19,Contra Costa,013,1133247,62429,61017,1043,62060,651
2021-02-19,Del Norte,015,27424,986,932,4,936,2
2021-02-19,El Dorado,017,186661,9072,8882,601,9483,96
2021-02-19,Fresno,019,978130,95488,93973,7511,101484,1330
2021-02-19,Glenn,021,27897,2231,2199,482,2681,14
2021-02-19,Humboldt,023,135768,3096,3037,22,3059,29
2021-02-19,Imperial,025,180216,27152,26751,2409,29160,589
2021-02-19,Inyo,027,18085,1271,1212,9,1221,32
2021-02-19,Kern,029,883053,92721,90807,9514,100321,963
2021-02-19,Kings,031,150075,22119,21724,940,22664,211
2021-02-19,Lake,033,64148,3143,3078,6,3084,40
2021-02-19,Lassen,035,31185,5104,5057,92,5149,1
2021-02-19,Los Angeles,037,10098052,1167968,1143828,37696,1181524,19498
2021-02-19,Madera,039,155013,15473,15222,794,16016,188
2021-02-19,Marin,041,260295,13079,12919,151,13070,210
2021-02-19,Mariposa,043,17540,376,371,5,376,4
2021-02-19,Mendocino,045,87422,3610,3526,71,3597,39
2021-02-19,Merced,047,269075,28063,27985,875,28860,376
2021-02-19,Modoc,049,8938,333,328,112,440,3
2021-02-19,Mono,051,14174,1174,1186,16,1202,3
2021-02-19,Monterey,053,433212,41719,41209,1627,42836,309
2021-02-19,Napa,055,140530,8934,8899,31,8930,69
2021-02-19,Nevada,057,99092,3948,3863,156,4019,66
2021-02-19,Orange,059,3164182,245918,243397,10017,253414,3715
2021-02-19,Placer,061,380077,20355,19457,1072,20529,236
2021-02-19,Plumas,063,18699,638,624,10,634,4
2021-02-19,Riverside,065,2383286,284208,276941,13170,290111,3541
2021-02-19,Sacramento,067,1510023,93530,91815,1188,93003,1351
2021-02-19,San Benito,069,59416,5699,5699,84,5783,57
2021-02-19,San Bernardino,071,2135413,284955,279209,8419,287628,3117
2021-02-19,San Diego,073,3302833,261948,255799,12667,268466,3169
2021-02-19,San Francisco,075,870044,33871,33746,1023,34769,387
2021-02-19,San Joaquin,077,732212,66206,64774,2655,67429,988
2021-02-19,San Luis Obispo,079,281455,19528,19061,537,19598,230
2021-02-19,San Mateo,081,765935,39156,38256,394,38650,282
2021-02-19,Santa Barbara,083,443738,31909,31204,1014,32218,392
2021-02-19,Santa Clara,085,1922200,109172,108400,543,108943,1634
2021-02-19,Santa Cruz,087,273765,15291,14354,760,15114,176
2021-02-19,Shasta,089,179085,10863,10833,1184,12017,140
2021-02-19,Sierra,091,2930,51,47,12,59,0
2021-02-19,Siskiyou,093,43540,1466,1363,217,1580,4
2021-02-19,Solano,095,438530,29673,29383,343,29726,150
2021-02-19,Sonoma,097,501317,27720,27595,187,27782,280
2021-02-19,Stanislaus,099,539301,50161,49282,5193,54475,739
2021-02-19,Sutter,101,95872,8753,8665,77,8742,96
2021-02-19,Tehama,103,63373,4572,4535,480,5015,30
2021-02-19,Trinity,105,12862,462,282,70,352,3
2021-02-19,Tulare,107,460477,47889,46662,7683,54345,736
2021-02-19,Tuolumne,109,53932,3807,3817,36,3853,52
2021-02-19,Ventura,111,848112,77161,76582,2706,79288,667
2021-02-19,Yolo,113,214977,12742,12606,148,12754,183
2021-02-19,Yuba,115,75493,5447,5376,81,5457,38
2021-02-18,Alameda,001,1643700,79947,79111,1660,80771,1012
2021-02-18,Alpine,002,1148,78,77,0,77,0
2021-02-18,Amador,005,37829,3435,3417,28,3445,38
2021-02-18,Butte,007,227075,11216,10791,1603,12394,175
2021-02-18,Calaveras,009,45235,1883,1873,11,1884,21
2021-02-18,Colusa,011,21464,1864,1856,256,2112,11
2021-02-18,Contra Costa,013,1133247,62315,60868,1041,61909,640
2021-02-18,Del Norte,015,27424,981,929,4,933,2
2021-02-18,El Dorado,017,186661,9057,8850,600,9450,94
2021-02-18,Fresno,019,978130,95318,93734,7486,101220,1323
2021-02-18,Glenn,021,27897,2225,2195,482,2677,14
2021-02-18,Humboldt,023,135768,3084,3023,22,3045,29
2021-02-18,Imperial,025,180216,27126,26731,2402,29133,591
2021-02-18,Inyo,027,18085,1267,1213,8,1221,32
2021-02-18,Kern,029,883053,92567,90655,9484,100139,961
2021-02-18,Kings,031,150075,22095,21648,939,22587,211
2021-02-18,Lake,033,64148,3138,3066,6,3072,40
2021-02-18,Lassen,035,31185,5095,5052,92,5144,1
2021-02-18,Los Angeles,037,10098052,1167017,1141930,37633,1179563,19358
2021-02-18,Madera,039,155013,15451,15175,789,15964,188
2021-02-18,Marin,041,260295,13066,12895,150,13045,209
2021-02-18,Mariposa,043,17540,375,369,5,374,4
2021-02-18,Mendocino,045,87422,3607,3519,70,3589,39
2021-02-18,Merced,047,269075,28014,27870,869,28739,372
2021-02-18,Modoc,049,8938,331,327,111,438,3
2021-02-18,Mono,051,14174,1174,1182,16,1198,3
2021-02-18,Monterey,053,433212,41661,41091,1618,42709,307
2021-02-18,Napa,055,140530,8917,8877,31,8908,68
2021-02-18,Nevada,057,99092,3939,3836,155,3991,66
2021-02-18,Orange,059,3164182,245695,243098,10000,253098,3673
2021-02-18,Placer,061,380077,20328,19429,1071,20500,232
2021-02-18,Plumas,063,18699,638,624,10,634,4
2021-02-18,Riverside,065,2383286,283920,276595,13149,289744,3510
2021-02-18,Sacramento,067,1510023,93368,91476,1182,92658,1334
2021-02-18,San Benito,069,59416,5696,5697,83,5780,58
2021-02-18,San Bernardino,071,2135413,284746,278887,8405,287292,3066
2021-02-18,San Diego,073,3302833,261593,254987,12644,267631,3135
2021-02-18,San Francisco,075,870044,33813,33650,1020,34670,386
2021-02-18,San Joaquin,077,732212,66123,64634,2645,67279,982
2021-02-18,San Luis Obispo,079,281455,19486,18987,534,19521,230
2021-02-18,San Mateo,081,765935,39094,38185,390,38575,282
2021-02-18,Santa Barbara,083,443738,31831,31054,1007,32061,387
2021-02-18,Santa Clara,085,1922200,108947,108210,540,108750,1605
2021-02-18,Santa Cruz,087,273765,15265,14314,760,15074,176
2021-02-18,Shasta,089,179085,10845,10811,1181,11992,139
2021-02-18,Sierra,091,2930,50,47,12,59,0
2021-02-18,Siskiyou,093,43540,1461,1359,216,1575,4
2021-02-18,Solano,095,438530,29647,29349,342,29691,150
2021-02-18,Sonoma,097,501317,27653,27512,186,27698,281
2021-02-18,Stanislaus,099,539301,50061,49150,5176,54326,738
2021-02-18,Sutter,101,95872,8745,8654,77,8731,96
2021-02-18,Tehama,103,63373,4569,4528,480,5008,30
2021-02-18,Trinity,105,12862,461,282,70,352,3
2021-02-18,Tulare,107,460477,47826,46591,7644,54235,728
2021-02-18,Tuolumne,109,53932,3770,3811,36,3847,52
2021-02-18,Ventura,111,848112,77029,76442,2698,79140,659
2021-02-18,Yolo,113,214977,12716,12549,148,12697,183
2021-02-18,Yuba,115,75493,5430,5358,81,5439,38
2021-02-17,Alameda,001,1643700,79785,78895,1658,80553,1002
2021-02-17,Alpine,002,1148,78,77,0,77,0
2021-02-17,Amador,005,37829,3431,3415,28,3443,38
2021-02-17,Butte,007,227075,11198,10770,1599,12369,174
2021-02-17,Calaveras,009,45235,1883,1876,11,1887,21
2021-02-17,Colusa,011,21464,1861,1854,256,2110,10
2021-02-17,Contra Costa,013,1133247,62177,60723,1038,61761,635
2021-02-17,Del Norte,015,27424,974,920,4,924,2
2021-02-17,El Dorado,017,186661,9046,8847,600,9447,94
2021-02-17,Fresno,019,978130,95179,93555,7459,101014,1307
2021-02-17,Glenn,021,27897,2224,2189,481,2670,14
2021-02-17,Humboldt,023,135768,3069,3006,22,3028,29
2021-02-17,Imperial,025,180216,27112,26726,2398,29124,580
2021-02-17,Inyo,027,18085,1259,1197,8,1205,32
2021-02-17,Kern,029,883053,92449,90454,9440,99894,962
2021-02-17,Kings,031,150075,22057,21617,935,22552,211
2021-02-17,Lake,033,64148,3128,3057,2,3059,38
2021-02-17,Lassen,035,31185,5090,5052,91,5143,1
2021-02-17,Los Angeles,037,10098052,1165962,1139786,37572,1177358,19213
2021-02-17,Madera,039,155013,15426,15135,780,15915,177
2021-02-17,Marin,041,260295,13041,12881,150,13031,207
2021-02-17,Mariposa,043,17540,375,368,4,372,4
2021-02-17,Mendocino,045,87422,3605,3494,69,3563,39
2021-02-17,Merced,047,269075,27959,27824,860,28684,372
2021-02-17,Modoc,049,8938,331,327,111,438,3
2021-02-17,Mono,051,14174,1174,1180,16,1196,3
2021-02-17,Monterey,053,433212,41606,41014,1607,42621,304
2021-02-17,Napa,055,140530,8903,8865,31,8896,68
2021-02-17,Nevada,057,99092,3920,3822,152,3974,52
2021-02-17,Orange,059,3164182,245434,242716,9967,252683,3626
2021-02-17,Placer,061,380077,20294,19405,1067,20472,230
2021-02-17,Plumas,063,18699,637,623,10,633,4
2021-02-17,Riverside,065,2383286,283632,276289,13128,289417,3491
2021-02-17,Sacramento,067,1510023,93209,91309,1175,92484,1326
2021-02-17,San Benito,069,59416,5690,5661,83,5744,57
2021-02-17,San Bernardino,071,2135413,284543,278461,8385,286846,3020
2021-02-17,San Diego,073,3302833,261215,254177,12623,266800,3099
2021-02-17,San Francisco,075,870044,33737,33558,1015,34573,379
2021-02-17,San Joaquin,077,732212,66017,64556,2639,67195,979
2021-02-17,San Luis Obispo,079,281455,19441,18964,534,19498,230
2021-02-17,San Mateo,081,765935,39030,38124,390,38514,282
2021-02-17,Santa Barbara,083,443738,31763,30927,1006,31933,384
2021-02-17,Santa Clara,085,1922200,108715,107949,538,108487,1592
2021-02-17,Santa Cruz,087,273765,15232,14268,757,15025,174
2021-02-17,Shasta,089,179085,10825,10770,1180,11950,139
2021-02-17,Sierra,091,2930,50,47,12,59,0
2021-02-17,Siskiyou,093,43540,1455,1352,213,1565,4
2021-02-17,Solano,095,438530,29590,29288,342,29630,149
2021-02-17,Sonoma,097,501317,27581,27408,181,27589,281
2021-02-17,Stanislaus,099,539301,49948,49050,5160,54210,730
2021-02-17,Sutter,101,95872,8735,8681,77,8758,95
2021-02-17,Tehama,103,63373,4566,4511,480,4991,30
2021-02-17,Trinity,105,12862,461,277,68,345,3
2021-02-17,Tulare,107,460477,47761,46495,7619,54114,726
2021-02-17,Tuolumne,109,53932,3761,3806,36,3842,49
2021-02-17,Ventura,111,848112,76907,76234,2692,78926,646
2021-02-17,Yolo,113,214977,12697,12506,146,12652,182
2021-02-17,Yuba,115,75493,5421,5345,81,5426,38
2021-02-16,Alameda,001,1643700,79616,78756,1655,80411,997
2021-02-16,Alpine,002,1148,78,76,0,76,0
2021-02-16,Amador,005,37829,3424,3413,28,3441,39
2021-02-16,Butte,007,227075,11174,10748,1596,12344,164
2021-02-16,Calaveras,009,45235,1881,1872,11,1883,21
2021-02-16,Colusa,011,21464,1858,1852,254,2106,10
2021-02-16,Contra Costa,013,1133247,62026,60564,1033,61597,631
2021-02-16,Del Norte,015,27424,966,913,4,917,2
2021-02-16,El Dorado,017,186661,9036,8836,598,9434,94
2021-02-16,Fresno,019,978130,95013,93363,7429,100792,1293
2021-02-16,Glenn,021,27897,2220,2189,477,2666,14
2021-02-16,Humboldt,023,135768,3046,2994,21,3015,29
2021-02-16,Imperial,025,180216,27099,26711,2394,29105,580
2021-02-16,Inyo,027,18085,1251,1191,8,1199,32
2021-02-16,Kern,029,883053,92317,90267,9410,99677,959
2021-02-16,Kings,031,150075,22011,21583,931,22514,206
2021-02-16,Lake,033,64148,3121,3041,2,3043,38
2021-02-16,Lassen,035,31185,5078,5047,91,5138,1
2021-02-16,Los Angeles,037,10098052,1164708,1138262,37512,1175774,19044
2021-02-16,Madera,039,155013,15388,15120,775,15895,172
2021-02-16,Marin,041,260295,13013,12832,150,12982,205
2021-02-16,Mariposa,043,17540,375,367,4,371,4
2021-02-16,Mendocino,045,87422,3601,3489,69,3558,39
2021-02-16,Merced,047,269075,27878,27724,854,28578,368
2021-02-16,Modoc,049,8938,331,326,111,437,3
2021-02-16,Mono,051,14174,1174,1180,16,1196,3
2021-02-16,Monterey,053,433212,41530,40962,1598,42560,303
2021-02-16,Napa,055,140530,8890,8854,31,8885,66
2021-02-16,Nevada,057,99092,3907,3774,151,3925,47
2021-02-16,Orange,059,3164182,245113,242382,9951,252333,3612
2021-02-16,Placer,061,380077,20261,19367,1064,20431,230
2021-02-16,Plumas,063,18699,637,619,10,629,4
2021-02-16,Riverside,065,2383286,283325,275954,13106,289060,3471
2021-02-16,Sacramento,067,1510023,92955,91246,1169,92415,1305
2021-02-16,San Benito,069,59416,5682,5659,82,5741,56
2021-02-16,San Bernardino,071,2135413,284320,277947,8376,286323,2978
2021-02-16,San Diego,073,3302833,260750,253638,12584,266222,3042
2021-02-16,San Francisco,075,870044,33665,33491,1010,34501,373
2021-02-16,San Joaquin,077,732212,65887,64448,2636,67084,979
2021-02-16,San Luis Obispo,079,281455,19396,18925,531,19456,229
2021-02-16,San Mateo,081,765935,38971,38041,388,38429,277
2021-02-16,Santa Barbara,083,443738,31689,30865,1003,31868,378
2021-02-16,Santa Clara,085,1922200,108463,107754,535,108289,1591
2021-02-16,Santa Cruz,087,273765,15212,14256,756,15012,174
2021-02-16,Shasta,089,179085,10810,10736,1178,11914,139
2021-02-16,Sierra,091,2930,50,47,12,59,0
2021-02-16,Siskiyou,093,43540,1451,1351,213,1564,4
2021-02-16,Solano,095,438530,29552,29246,341,29587,148
2021-02-16,Sonoma,097,501317,27522,27380,175,27555,279
2021-02-16,Stanislaus,099,539301,49824,48927,5146,54073,716
2021-02-16,Sutter,101,95872,8712,8671,77,8748,95
2021-02-16,Tehama,103,63373,4557,4501,478,4979,30
2021-02-16,Trinity,105,12862,457,275,68,343,3
2021-02-16,Tulare,107,460477,47697,46444,7576,54020,716
2021-02-16,Tuolumne,109,53932,3759,3796,36,3832,49
2021-02-16,Ventura,111,848112,76765,76043,2689,78732,631
2021-02-16,Yolo,113,214977,12668,12457,146,12603,175
2021-02-16,Yuba,115,75493,5414,5332,80,5412,38
2021-02-15,Alameda,001,1643700,79419,78647,1644,80291,996
2021-02-15,Alpine,002,1148,78,76,0,76,0
2021-02-15,Amador,005,37829,3420,3409,28,3437,39
2021-02-15,Butte,007,227075,11156,10723,1592,12315,155
2021-02-15,Calaveras,009,45235,1877,1871,11,1882,21
2021-02-15,Colusa,011,21464,1858,1849,250,2099,10
2021-02-15,Contra Costa,013,1133247,61855,60444,1028,61472,631
2021-02-15,Del Norte,015,27424,962,913,4,917,2
2021-02-15,El Dorado,017,186661,9019,8816,598,9414,94
2021-02-15,Fresno,019,978130,94815,93231,7389,100620,1288
2021-02-15,Glenn,021,27897,2218,2185,476,2661,14
2021-02-15,Humboldt,023,135768,3039,2997,21,3018,29
2021-02-15,Imperial,025,180216,27079,26700,2391,29091,580
2021-02-15,Inyo,027,18085,1232,1184,8,1192,32
2021-02-15,Kern,029,883053,92173,90181,9379,99560,959
2021-02-15,Kings,031,150075,21966,21574,926,22500,205
2021-02-15,Lake,033,64148,3107,3030,1,3031,38
2021-02-15,Lassen,035,31185,5076,5047,90,5137,1
2021-02-15,Los Angeles,037,10098052,1163321,1137164,37452,1174616,18925
2021-02-15,Madera,039,155013,15357,15108,773,15881,106
2021-02-15,Marin,041,260295,12992,12810,147,12957,203
2021-02-15,Mariposa,043,17540,373,367,4,371,4
2021-02-15,Mendocino,045,87422,3589,3481,69,3550,39
2021-02-15,Merced,047,269075,27804,27656,847,28503,368
2021-02-15,Modoc,049,8938,331,326,111,437,3
2021-02-15,Mono,051,14174,1171,1178,16,1194,3
2021-02-15,Monterey,053,433212,41466,40911,1586,42497,302
2021-02-15,Napa,055,140530,8876,8837,31,8868,57
2021-02-15,Nevada,057,99092,3890,3767,150,3917,47
2021-02-15,Orange,059,3164182,244794,242176,9923,252099,3586
2021-02-15,Placer,061,380077,20235,19361,1063,20424,230
2021-02-15,Plumas,063,18699,637,620,10,630,4
2021-02-15,Riverside,065,2383286,282972,275771,13087,288858,3468
2021-02-15,Sacramento,067,1510023,92628,91091,1164,92255,1304
2021-02-15,San Benito,069,59416,5676,5649,82,5731,56
2021-02-15,San Bernardino,071,2135413,284069,277869,8368,286237,2945
2021-02-15,San Diego,073,3302833,260237,252940,12553,265493,3037
2021-02-15,San Francisco,075,870044,33592,33454,1004,34458,373
2021-02-15,San Joaquin,077,732212,65722,64382,2629,67011,979
2021-02-15,San Luis Obispo,079,281455,19343,18891,529,19420,227
2021-02-15,San Mateo,081,765935,38892,37969,385,38354,277
2021-02-15,Santa Barbara,083,443738,31586,30810,1000,31810,378
2021-02-15,Santa Clara,085,1922200,108233,107630,533,108163,1588
2021-02-15,Santa Cruz,087,273765,15180,14239,753,14992,175
2021-02-15,Shasta,089,179085,10790,10730,1173,11903,139
2021-02-15,Sierra,091,2930,50,47,12,59,0
2021-02-15,Siskiyou,093,43540,1443,1345,212,1557,4
2021-02-15,Solano,095,438530,29497,29225,341,29566,148
2021-02-15,Sonoma,097,501317,27438,27359,171,27530,276
2021-02-15,Stanislaus,099,539301,49697,48808,5133,53941,716
2021-02-15,Sutter,101,95872,8697,8652,77,8729,95
2021-02-15,Tehama,103,63373,4548,4492,477,4969,30
2021-02-15,Trinity,105,12862,456,274,68,342,3
2021-02-15,Tulare,107,460477,47626,46344,7537,53881,715
2021-02-15,Tuolumne,109,53932,3749,3794,36,3830,49
2021-02-15,Ventura,111,848112,76610,75889,2686,78575,629
2021-02-15,Yolo,113,214977,12632,12412,145,12557,175
2021-02-15,Yuba,115,75493,5397,5320,79,5399,38
2021-02-14,Alameda,001,1643700,79267,78442,1643,80085,995
2021-02-14,Alpine,002,1148,78,76,0,76,0
2021-02-14,Amador,005,37829,3415,3398,28,3426,39
2021-02-14,Butte,007,227075,11132,10717,1589,12306,155
2021-02-14,Calaveras,009,45235,1873,1866,11,1877,21
2021-02-14,Colusa,011,21464,1854,1845,247,2092,10
2021-02-14,Contra Costa,013,1133247,61705,60272,1025,61297,631
2021-02-14,Del Norte,015,27424,958,911,4,915,2
2021-02-14,El Dorado,017,186661,8987,8790,597,9387,94
2021-02-14,Fresno,019,978130,94644,93065,7366,100431,1287
2021-02-14,Glenn,021,27897,2215,2184,476,2660,14
2021-02-14,Humboldt,023,135768,3026,2992,21,3013,29
2021-02-14,Imperial,025,180216,27072,26696,2390,29086,580
2021-02-14,Inyo,027,18085,1226,1177,8,1185,32
2021-02-14,Kern,029,883053,92013,90038,9326,99364,959
2021-02-14,Kings,031,150075,21940,21538,924,22462,205
2021-02-14,Lake,033,64148,3096,3030,1,3031,38
2021-02-14,Lassen,035,31185,5072,5037,90,5127,1
2021-02-14,Los Angeles,037,10098052,1161975,1135450,37372,1172822,18898
2021-02-14,Madera,039,155013,15325,15089,769,15858,106
2021-02-14,Marin,041,260295,12968,12784,147,12931,201
2021-02-14,Mariposa,043,17540,373,365,4,369,4
2021-02-14,Mendocino,045,87422,3583,3475,69,3544,39
2021-02-14,Merced,047,269075,27722,27601,842,28443,368
2021-02-14,Modoc,049,8938,331,326,111,437,3
2021-02-14,Mono,051,14174,1170,1180,16,1196,3
2021-02-14,Monterey,053,433212,41415,40842,1581,42423,302
2021-02-14,Napa,055,140530,8856,8826,31,8857,57
2021-02-14,Nevada,057,99092,3874,3761,150,3911,47
2021-02-14,Orange,059,3164182,244485,241859,9905,251764,3564
2021-02-14,Placer,061,380077,20196,19313,1058,20371,230
2021-02-14,Plumas,063,18699,636,620,10,630,4
2021-02-14,Riverside,065,2383286,282641,275518,13068,288586,3471
2021-02-14,Sacramento,067,1510023,92421,90856,1160,92016,1304
2021-02-14,San Benito,069,59416,5667,5641,81,5722,56
2021-02-14,San Bernardino,071,2135413,283763,277664,8348,286012,2929
2021-02-14,San Diego,073,3302833,259745,252247,12506,264753,3037
2021-02-14,San Francisco,075,870044,33518,33374,996,34370,372
2021-02-14,San Joaquin,077,732212,65624,64243,2615,66858,979
2021-02-14,San Luis Obispo,079,281455,19305,18868,526,19394,225
2021-02-14,San Mateo,081,765935,38807,37859,385,38244,277
2021-02-14,Santa Barbara,083,443738,31494,30744,996,31740,377
2021-02-14,Santa Clara,085,1922200,108034,107412,529,107941,1582
2021-02-14,Santa Cruz,087,273765,15152,14225,748,14973,175
2021-02-14,Shasta,089,179085,10758,10720,1169,11889,139
2021-02-14,Sierra,091,2930,50,47,12,59,0
2021-02-14,Siskiyou,093,43540,1439,1340,212,1552,4
2021-02-14,Solano,095,438530,29455,29150,338,29488,148
2021-02-14,Sonoma,097,501317,27363,27266,169,27435,276
2021-02-14,Stanislaus,099,539301,49587,48672,5118,53790,716
2021-02-14,Sutter,101,95872,8674,8642,77,8719,95
2021-02-14,Tehama,103,63373,4542,4490,474,4964,30
2021-02-14,Trinity,105,12862,456,272,68,340,3
2021-02-14,Tulare,107,460477,47541,46263,7487,53750,715
2021-02-14,Tuolumne,109,53932,3748,3764,36,3800,49
2021-02-14,Ventura,111,848112,76441,75742,2675,78417,629
2021-02-14,Yolo,113,214977,12603,12399,144,12543,175
2021-02-14,Yuba,115,75493,5387,5314,79,5393,38
2021-02-13,Alameda,001,1643700,79145,78246,1640,79886,995
2021-02-13,Alpine,002,1148,78,76,0,76,0
2021-02-13,Amador,005,37829,3412,3387,28,3415,38
2021-02-13,Butte,007,227075,11116,10699,1587,12286,155
2021-02-13,Calaveras,009,45235,1870,1863,11,1874,21
2021-02-13,Colusa,011,21464,1854,1837,247,2084,10
2021-02-13,Contra Costa,013,1133247,61584,60100,1025,61125,629
2021-02-13,Del Norte,015,27424,956,908,4,912,2
2021-02-13,El Dorado,017,186661,8975,8758,596,9354,93
2021-02-13,Fresno,019,978130,94530,92807,7344,100151,1287
2021-02-13,Glenn,021,27897,2214,2182,474,2656,14
2021-02-13,Humboldt,023,135768,3013,2974,20,2994,29
2021-02-13,Imperial,025,180216,27065,26680,2388,29068,580
2021-02-13,Inyo,027,18085,1222,1168,8,1176,32
2021-02-13,Kern,029,883053,91924,89915,9300,99215,957
2021-02-13,Kings,031,150075,21925,21513,922,22435,205
2021-02-13,Lake,033,64148,3087,3025,1,3026,37
2021-02-13,Lassen,035,31185,5069,5028,90,5118,1
2021-02-13,Los Angeles,037,10098052,1161116,1133752,37327,1171079,18822
2021-02-13,Madera,039,155013,15316,15053,765,15818,106
2021-02-13,Marin,041,260295,12944,12757,147,12904,201
2021-02-13,Mariposa,043,17540,373,365,4,369,4
2021-02-13,Mendocino,045,87422,3573,3466,69,3535,38
2021-02-13,Merced,047,269075,27678,27541,839,28380,368
2021-02-13,Modoc,049,8938,331,325,111,436,3
2021-02-13,Mono,051,14174,1170,1176,16,1192,3
2021-02-13,Monterey,053,433212,41383,40731,1580,42311,301
2021-02-13,Napa,055,140530,8847,8809,31,8840,57
2021-02-13,Nevada,057,99092,3865,3742,149,3891,47
2021-02-13,Orange,059,3164182,244279,241545,9886,251431,3520
2021-02-13,Placer,061,380077,20176,19214,1058,20272,230
2021-02-13,Plumas,063,18699,636,616,10,626,4
2021-02-13,Riverside,065,2383286,282412,275276,13059,288335,3462
2021-02-13,Sacramento,067,1510023,92254,90401,1157,91558,1302
2021-02-13,San Benito,069,59416,5650,5633,81,5714,56
2021-02-13,San Bernardino,071,2135413,283611,277405,8335,285740,2899
2021-02-13,San Diego,073,3302833,259413,251679,12494,264173,3009
2021-02-13,San Francisco,075,870044,33468,33291,986,34277,364
2021-02-13,San Joaquin,077,732212,65555,64105,2605,66710,977
2021-02-13,San Luis Obispo,079,281455,19277,18803,520,19323,225
2021-02-13,San Mateo,081,765935,38754,37745,385,38130,277
2021-02-13,Santa Barbara,083,443738,31442,30594,995,31589,374
2021-02-13,Santa Clara,085,1922200,107845,107125,526,107651,1570
2021-02-13,Santa Cruz,087,273765,15125,14198,747,14945,173
2021-02-13,Shasta,089,179085,10745,10713,1164,11877,139
2021-02-13,Sierra,091,2930,50,47,12,59,0
2021-02-13,Siskiyou,093,43540,1436,1336,212,1548,4
2021-02-13,Solano,095,438530,29420,29084,338,29422,148
2021-02-13,Sonoma,097,501317,27315,27157,167,27324,276
2021-02-13,Stanislaus,099,539301,49516,48568,5112,53680,697
2021-02-13,Sutter,101,95872,8662,8626,77,8703,94
2021-02-13,Tehama,103,63373,4532,4484,473,4957,30
2021-02-13,Trinity,105,12862,455,272,67,339,3
2021-02-13,Tulare,107,460477,47490,46162,7456,53618,709
2021-02-13,Tuolumne,109,53932,3747,3752,36,3788,49
2021-02-13,Ventura,111,848112,76301,75481,2669,78150,618
2021-02-13,Yolo,113,214977,12590,12374,143,12517,175
2021-02-13,Yuba,115,75493,5379,5289,79,5368,38
2021-02-12,Alameda,001,1643700,78996,77958,1634,79592,974
2021-02-12,Alpine,002,1148,78,76,0,76,0
2021-02-12,Amador,005,37829,3408,3381,28,3409,38
2021-02-12,Butte,007,227075,11103,10655,1580,12235,155
2021-02-12,Calaveras,009,45235,1867,1860,11,1871,21
2021-02-12,Colusa,011,21464,1854,1836,247,2083,10
2021-02-12,Contra Costa,013,1133247,61434,59878,1021,60899,620
2021-02-12,Del Norte,015,27424,946,901,4,905,2
2021-02-12,El Dorado,017,186661,8960,8725,593,9318,92
2021-02-12,Fresno,019,978130,94376,92520,7324,99844,1273
2021-02-12,Glenn,021,27897,2211,2175,474,2649,14
2021-02-12,Humboldt,023,135768,3005,2961,20,2981,29
2021-02-12,Imperial,025,180216,27058,26646,2385,29031,585
2021-02-12,Inyo,027,18085,1216,1156,8,1164,32
2021-02-12,Kern,029,883053,91810,89532,9268,98800,949
2021-02-12,Kings,031,150075,21893,21462,917,22379,202
2021-02-12,Lake,033,64148,3082,3012,1,3013,36
2021-02-12,Lassen,035,31185,5067,5015,90,5105,1
2021-02-12,Los Angeles,037,10098052,1159903,1131185,37261,1168446,18637
2021-02-12,Madera,039,155013,15289,15022,762,15784,106
2021-02-12,Marin,041,260295,12918,12720,147,12867,200
2021-02-12,Mariposa,043,17540,372,365,4,369,4
2021-02-12,Mendocino,045,87422,3571,3447,69,3516,38
2021-02-12,Merced,047,269075,27627,27453,836,28289,367
2021-02-12,Modoc,049,8938,331,324,111,435,3
2021-02-12,Mono,051,14174,1169,1172,16,1188,3
2021-02-12,Monterey,053,433212,41335,40633,1571,42204,297
2021-02-12,Napa,055,140530,8835,8785,31,8816,55
2021-02-12,Nevada,057,99092,3860,3728,149,3877,47
2021-02-12,Orange,059,3164182,244040,241075,9871,250946,3505
2021-02-12,Placer,061,380077,20134,19174,1053,20227,230
2021-02-12,Plumas,063,18699,635,614,10,624,4
2021-02-12,Riverside,065,2383286,282134,274792,13044,287836,3438
2021-02-12,Sacramento,067,1510023,92052,90252,1156,91408,1295
2021-02-12,San Benito,069,59416,5634,5622,80,5702,56
2021-02-12,San Bernardino,071,2135413,283421,276890,8324,285214,2827
2021-02-12,San Diego,073,3302833,259024,250788,12468,263256,2979
2021-02-12,San Francisco,075,870044,33408,33179,982,34161,359
2021-02-12,San Joaquin,077,732212,65459,63966,2597,66563,975
2021-02-12,San Luis Obispo,079,281455,19236,18687,519,19206,224
2021-02-12,San Mateo,081,765935,38682,37560,385,37945,254
2021-02-12,Santa Barbara,083,443738,31371,30454,990,31444,372
2021-02-12,Santa Clara,085,1922200,107673,106759,523,107282,1543
2021-02-12,Santa Cruz,087,273765,15105,14147,747,14894,170
2021-02-12,Shasta,089,179085,10727,10693,1154,11847,142
2021-02-12,Sierra,091,2930,49,45,12,57,0
2021-02-12,Siskiyou,093,43540,1432,1324,209,1533,4
2021-02-12,Solano,095,438530,29388,28996,335,29331,147
2021-02-12,Sonoma,097,501317,27260,27064,163,27227,275
2021-02-12,Stanislaus,099,539301,49428,48418,5090,53508,697
2021-02-12,Sutter,101,95872,8649,8609,77,8686,93
2021-02-12,Tehama,103,63373,4525,4470,472,4942,27
2021-02-12,Trinity,105,12862,455,269,67,336,3
2021-02-12,Tulare,107,460477,47412,46016,7430,53446,710
2021-02-12,Tuolumne,109,53932,3744,3736,35,3771,49
2021-02-12,Ventura,111,848112,76131,75210,2663,77873,605
2021-02-12,Yolo,113,214977,12569,12340,143,12483,175
2021-02-12,Yuba,115,75493,5371,5274,79,5353,38
2021-02-11,Alameda,001,1643700,78770,77564,1629,79193,960
2021-02-11,Alpine,002,1148,77,76,0,76,0
2021-02-11,Amador,005,37829,3404,3368,28,3396,35
2021-02-11,Butte,007,227075,11080,10624,1579,12203,155
2021-02-11,Calaveras,009,45235,1864,1856,11,1867,21
2021-02-11,Colusa,011,21464,1849,1823,245,2068,10
2021-02-11,Contra Costa,013,1133247,61266,59633,1017,60650,605
2021-02-11,Del Norte,015,27424,941,894,4,898,2
2021-02-11,El Dorado,017,186661,8939,8698,593,9291,92
2021-02-11,Fresno,019,978130,94223,92168,7301,99469,1255
2021-02-11,Glenn,021,27897,2206,2166,473,2639,14
2021-02-11,Humboldt,023,135768,2992,2954,19,2973,29
2021-02-11,Imperial,025,180216,27034,26545,2383,28928,578
2021-02-11,Inyo,027,18085,1207,1144,8,1152,32
2021-02-11,Kern,029,883053,91619,89224,9225,98449,941
2021-02-11,Kings,031,150075,21863,21373,914,22287,202
2021-02-11,Lake,033,64148,3072,3002,1,3003,36
2021-02-11,Lassen,035,31185,5056,5004,87,5091,1
2021-02-11,Los Angeles,037,10098052,1158275,1128437,37191,1165628,18500
2021-02-11,Madera,039,155013,15268,14984,760,15744,106
2021-02-11,Marin,041,260295,12881,12682,147,12829,200
2021-02-11,Mariposa,043,17540,372,361,4,365,4
2021-02-11,Mendocino,045,87422,3564,3420,69,3489,38
2021-02-11,Merced,047,269075,27561,27325,832,28157,363
2021-02-11,Modoc,049,8938,330,317,111,428,3
2021-02-11,Mono,051,14174,1165,1173,16,1189,3
2021-02-11,Monterey,053,433212,41229,40469,1565,42034,295
2021-02-11,Napa,055,140530,8814,8777,31,8808,55
2021-02-11,Nevada,057,99092,3844,3720,149,3869,47
2021-02-11,Orange,059,3164182,243673,240590,9847,250437,3476
2021-02-11,Placer,061,380077,20094,19118,1052,20170,224
2021-02-11,Plumas,063,18699,634,592,10,602,4
2021-02-11,Riverside,065,2383286,281767,274313,13029,287342,3394
2021-02-11,Sacramento,067,1510023,91809,89988,1150,91138,1286
2021-02-11,San Benito,069,59416,5625,5609,80,5689,56
2021-02-11,San Bernardino,071,2135413,283123,276349,8310,284659,2774
2021-02-11,San Diego,073,3302833,258471,249971,12434,262405,2955
2021-02-11,San Francisco,075,870044,33325,33076,973,34049,356
2021-02-11,San Joaquin,077,732212,65291,63719,2587,66306,971
2021-02-11,San Luis Obispo,079,281455,19171,18615,515,19130,219
2021-02-11,San Mateo,081,765935,38590,37439,383,37822,253
2021-02-11,Santa Barbara,083,443738,31273,30375,985,31360,370
2021-02-11,Santa Clara,085,1922200,107413,106392,518,106910,1507
2021-02-11,Santa Cruz,087,273765,15082,14088,742,14830,165
2021-02-11,Shasta,089,179085,10703,10672,1150,11822,140
2021-02-11,Sierra,091,2930,49,45,12,57,0
2021-02-11,Siskiyou,093,43540,1417,1320,209,1529,4
2021-02-11,Solano,095,438530,29335,28885,335,29220,138
2021-02-11,Sonoma,097,501317,27175,26971,160,27131,272
2021-02-11,Stanislaus,099,539301,49283,48205,5078,53283,697
2021-02-11,Sutter,101,95872,8635,8590,76,8666,93
2021-02-11,Tehama,103,63373,4519,4463,472,4935,26
2021-02-11,Trinity,105,12862,455,269,67,336,3
2021-02-11,Tulare,107,460477,47317,45897,7391,53288,706
2021-02-11,Tuolumne,109,53932,3707,3716,35,3751,48
2021-02-11,Ventura,111,848112,75929,74959,2654,77613,590
2021-02-11,Yolo,113,214977,12545,12303,143,12446,173
2021-02-11,Yuba,115,75493,5357,5261,78,5339,38
2021-02-10,Alameda,001,1643700,78569,77344,1628,78972,944
2021-02-10,Alpine,002,1148,77,76,0,76,0
2021-02-10,Amador,005,37829,3392,3348,28,3376,35
2021-02-10,Butte,007,227075,11052,10594,1578,12172,155
2021-02-10,Calaveras,009,45235,1862,1850,11,1861,21
2021-02-10,Colusa,011,21464,1842,1815,243,2058,10
2021-02-10,Contra Costa,013,1133247,61091,59488,1015,60503,590
2021-02-10,Del Norte,015,27424,935,888,4,892,2
2021-02-10,El Dorado,017,186661,8908,8682,589,9271,87
2021-02-10,Fresno,019,978130,94048,91876,7276,99152,1247
2021-02-10,Glenn,021,27897,2202,2160,471,2631,14
2021-02-10,Humboldt,023,135768,2984,2924,19,2943,29
2021-02-10,Imperial,025,180216,26996,26522,2380,28902,578
2021-02-10,Inyo,027,18085,1195,1138,8,1146,30
2021-02-10,Kern,029,883053,91412,88933,9171,98104,926
2021-02-10,Kings,031,150075,21820,21294,912,22206,197
2021-02-10,Lake,033,64148,3059,2975,1,2976,36
2021-02-10,Lassen,035,31185,5052,4993,87,5080,1
2021-02-10,Los Angeles,037,10098052,1156527,1125437,37064,1162501,18338
2021-02-10,Madera,039,155013,15229,14925,758,15683,105
2021-02-10,Marin,041,260295,12844,12651,147,12798,199
2021-02-10,Mariposa,043,17540,370,360,4,364,4
2021-02-10,Mendocino,045,87422,3549,3395,69,3464,38
2021-02-10,Merced,047,269075,27478,27246,821,28067,359
2021-02-10,Modoc,049,8938,329,315,109,424,3
2021-02-10,Mono,051,14174,1160,1170,16,1186,3
2021-02-10,Monterey,053,433212,41152,40366,1551,41917,288
2021-02-10,Napa,055,140530,8795,8769,31,8800,55
2021-02-10,Nevada,057,99092,3829,3693,147,3840,47
2021-02-10,Orange,059,3164182,243255,239974,9816,249790,3439
2021-02-10,Placer,061,380077,20054,19062,1047,20109,220
2021-02-10,Plumas,063,18699,631,589,10,599,2
2021-02-10,Riverside,065,2383286,281339,273721,13019,286740,3374
2021-02-10,Sacramento,067,1510023,91558,89653,1146,90799,1275
2021-02-10,San Benito,069,59416,5611,5591,80,5671,55
2021-02-10,San Bernardino,071,2135413,282769,275616,8294,283910,2696
2021-02-10,San Diego,073,3302833,257889,248858,12396,261254,2904
2021-02-10,San Francisco,075,870044,33242,32955,970,33925,351
2021-02-10,San Joaquin,077,732212,65149,63484,2573,66057,954
2021-02-10,San Luis Obispo,079,281455,19092,18549,513,19062,216
2021-02-10,San Mateo,081,765935,38499,37323,383,37706,245
2021-02-10,Santa Barbara,083,443738,31182,30216,980,31196,359
2021-02-10,Santa Clara,085,1922200,107173,106048,515,106563,1489
2021-02-10,Santa Cruz,087,273765,15046,14007,740,14747,165
2021-02-10,Shasta,089,179085,10680,10645,1147,11792,142
2021-02-10,Sierra,091,2930,49,45,12,57,0
2021-02-10,Siskiyou,093,43540,1412,1314,208,1522,4
2021-02-10,Solano,095,438530,29259,28835,333,29168,137
2021-02-10,Sonoma,097,501317,27079,26881,158,27039,271
2021-02-10,Stanislaus,099,539301,49166,48016,5062,53078,696
2021-02-10,Sutter,101,95872,8618,8571,76,8647,93
2021-02-10,Tehama,103,63373,4511,4445,472,4917,23
2021-02-10,Trinity,105,12862,452,268,67,335,3
2021-02-10,Tulare,107,460477,47199,45782,7353,53135,696
2021-02-10,Tuolumne,109,53932,3699,3691,35,3726,48
2021-02-10,Ventura,111,848112,75701,74651,2637,77288,580
2021-02-10,Yolo,113,214977,12521,12276,143,12419,174
2021-02-10,Yuba,115,75493,5339,5241,78,5319,38
2021-02-09,Alameda,001,1643700,78307,77018,1624,78642,936
2021-02-09,Alpine,002,1148,77,76,0,76,0
2021-02-09,Amador,005,37829,3384,3347,28,3375,35
2021-02-09,Butte,007,227075,11026,10563,1575,12138,153
2021-02-09,Calaveras,009,45235,1858,1847,11,1858,21
2021-02-09,Colusa,011,21464,1833,1812,238,2050,10
2021-02-09,Contra Costa,013,1133247,60901,59307,1009,60316,583
2021-02-09,Del Norte,015,27424,929,886,4,890,2
2021-02-09,El Dorado,017,186661,8880,8663,587,9250,87
2021-02-09,Fresno,019,978130,93806,91730,7248,98978,1211
2021-02-09,Glenn,021,27897,2198,2156,471,2627,14
2021-02-09,Humboldt,023,135768,2976,2904,19,2923,29
2021-02-09,Imperial,025,180216,26966,26509,2377,28886,568
2021-02-09,Inyo,027,18085,1187,1137,8,1145,30
2021-02-09,Kern,029,883053,91160,88684,9124,97808,920
2021-02-09,Kings,031,150075,21778,21275,910,22185,196
2021-02-09,Lake,033,64148,3048,2955,1,2956,36
2021-02-09,Lassen,035,31185,5045,4983,87,5070,1
2021-02-09,Los Angeles,037,10098052,1154549,1122745,36983,1159728,18198
2021-02-09,Madera,039,155013,15209,14912,755,15667,105
2021-02-09,Marin,041,260295,12812,12623,146,12769,197
2021-02-09,Mariposa,043,17540,368,355,4,359,4
2021-02-09,Mendocino,045,87422,3531,3369,69,3438,38
2021-02-09,Merced,047,269075,27380,27166,816,27982,354
2021-02-09,Modoc,049,8938,328,316,109,425,3
2021-02-09,Mono,051,14174,1159,1167,16,1183,3
2021-02-09,Monterey,053,433212,41044,40279,1538,41817,285
2021-02-09,Napa,055,140530,8782,8749,31,8780,55
2021-02-09,Nevada,057,99092,3812,3687,147,3834,44
2021-02-09,Orange,059,3164182,242844,239169,9785,248954,3406
2021-02-09,Placer,061,380077,19989,19008,1040,20048,220
2021-02-09,Plumas,063,18699,631,584,10,594,2
2021-02-09,Riverside,065,2383286,280845,273465,13002,286467,3334
2021-02-09,Sacramento,067,1510023,91248,89378,1145,90523,1265
2021-02-09,San Benito,069,59416,5599,5566,79,5645,54
2021-02-09,San Bernardino,071,2135413,282398,274998,8281,283279,2613
2021-02-09,San Diego,073,3302833,257231,248048,12353,260401,2853
2021-02-09,San Francisco,075,870044,33162,32782,960,33742,349
2021-02-09,San Joaquin,077,732212,64974,63341,2568,65909,937
2021-02-09,San Luis Obispo,079,281455,19033,18489,512,19001,216
2021-02-09,San Mateo,081,765935,38368,37227,382,37609,235
2021-02-09,Santa Barbara,083,443738,31070,30118,974,31092,351
2021-02-09,Santa Clara,085,1922200,106867,105762,512,106274,1463
2021-02-09,Santa Cruz,087,273765,14995,13958,735,14693,162
2021-02-09,Shasta,089,179085,10652,10595,1145,11740,139
2021-02-09,Sierra,091,2930,49,44,12,56,0
2021-02-09,Siskiyou,093,43540,1404,1306,206,1512,4
2021-02-09,Solano,095,438530,29180,28769,330,29099,131
2021-02-09,Sonoma,097,501317,26989,26826,156,26982,267
2021-02-09,Stanislaus,099,539301,49006,47906,5047,52953,679
2021-02-09,Sutter,101,95872,8602,8541,76,8617,92
2021-02-09,Tehama,103,63373,4504,4416,471,4887,22
2021-02-09,Trinity,105,12862,452,266,67,333,3
2021-02-09,Tulare,107,460477,47065,45704,7301,53005,686
2021-02-09,Tuolumne,109,53932,3680,3673,35,3708,48
2021-02-09,Ventura,111,848112,75450,74333,2629,76962,567
2021-02-09,Yolo,113,214977,12479,12220,143,12363,174
2021-02-09,Yuba,115,75493,5330,5235,78,5313,35
2021-02-08,Alameda,001,1643700,78046,76735,1619,78354,924
2021-02-08,Alpine,002,1148,77,73,0,73,0
2021-02-08,Amador,005,37829,3377,3344,27,3371,33
2021-02-08,Butte,007,227075,11004,10524,1571,12095,152
2021-02-08,Calaveras,009,45235,1857,1840,11,1851,21
2021-02-08,Colusa,011,21464,1825,1802,234,2036,10
2021-02-08,Contra Costa,013,1133247,60690,59039,1007,60046,567
2021-02-08,Del Norte,015,27424,926,885,4,889,2
2021-02-08,El Dorado,017,186661,8848,8627,584,9211,86
2021-02-08,Fresno,019,978130,93594,91430,7223,98653,1207
2021-02-08,Glenn,021,27897,2194,2148,469,2617,14
2021-02-08,Humboldt,023,135768,2968,2902,19,2921,29
2021-02-08,Imperial,025,180216,26944,26526,2375,28901,567
2021-02-08,Inyo,027,18085,1174,1126,8,1134,30
2021-02-08,Kern,029,883053,90943,88380,9063,97443,920
2021-02-08,Kings,031,150075,21716,21232,907,22139,195
2021-02-08,Lake,033,64148,3029,2949,1,2950,36
2021-02-08,Lassen,035,31185,5032,4976,87,5063,1
2021-02-08,Los Angeles,037,10098052,1152452,1120179,36862,1157041,17977
2021-02-08,Madera,039,155013,15173,14887,748,15635,93
2021-02-08,Marin,041,260295,12782,12591,146,12737,194
2021-02-08,Mariposa,043,17540,368,355,4,359,4
2021-02-08,Mendocino,045,87422,3517,3355,69,3424,38
2021-02-08,Merced,047,269075,27297,27082,811,27893,346
2021-02-08,Modoc,049,8938,326,318,109,427,3
2021-02-08,Mono,051,14174,1159,1165,16,1181,3
2021-02-08,Monterey,053,433212,40924,40186,1519,41705,283
2021-02-08,Napa,055,140530,8767,8719,31,8750,55
2021-02-08,Nevada,057,99092,3800,3671,147,3818,44
2021-02-08,Orange,059,3164182,242376,238715,9762,248477,3361
2021-02-08,Placer,061,380077,19948,18944,1034,19978,211
2021-02-08,Plumas,063,18699,630,584,10,594,2
2021-02-08,Riverside,065,2383286,280277,272904,12976,285880,3301
2021-02-08,Sacramento,067,1510023,90962,89267,1142,90409,1247
2021-02-08,San Benito,069,59416,5594,5553,78,5631,52
2021-02-08,San Bernardino,071,2135413,281995,274661,8275,282936,2587
2021-02-08,San Diego,073,3302833,256487,247259,12312,259571,2821
2021-02-08,San Francisco,075,870044,33068,32679,952,33631,348
2021-02-08,San Joaquin,077,732212,64813,63148,2558,65706,929
2021-02-08,San Luis Obispo,079,281455,18976,18421,507,18928,214
2021-02-08,San Mateo,081,765935,38259,37084,382,37466,232
2021-02-08,Santa Barbara,083,443738,30955,29978,967,30945,340
2021-02-08,Santa Clara,085,1922200,106544,105413,504,105917,1456
2021-02-08,Santa Cruz,087,273765,14956,13921,729,14650,161
2021-02-08,Shasta,089,179085,10625,10574,1139,11713,137
2021-02-08,Sierra,091,2930,49,44,12,56,0
2021-02-08,Siskiyou,093,43540,1401,1303,206,1509,4
2021-02-08,Solano,095,438530,29114,28644,328,28972,130
2021-02-08,Sonoma,097,501317,26898,26760,155,26915,259
2021-02-08,Stanislaus,099,539301,48851,47704,5019,52723,679
2021-02-08,Sutter,101,95872,8583,8526,76,8602,92
2021-02-08,Tehama,103,63373,4494,4403,468,4871,22
2021-02-08,Trinity,105,12862,450,266,67,333,3
2021-02-08,Tulare,107,460477,46957,45617,7261,52878,673
2021-02-08,Tuolumne,109,53932,3672,3647,35,3682,48
2021-02-08,Ventura,111,848112,75193,74068,2624,76692,565
2021-02-08,Yolo,113,214977,12447,12169,142,12311,162
2021-02-08,Yuba,115,75493,5314,5215,78,5293,35
2021-02-07,Alameda,001,1643700,77745,76500,1611,78111,924
2021-02-07,Alpine,002,1148,74,72,0,72,0
2021-02-07,Amador,005,37829,3356,3343,27,3370,33
2021-02-07,Butte,007,227075,10972,10513,1563,12076,152
2021-02-07,Calaveras,009,45235,1853,1837,11,1848,21
2021-02-07,Colusa,011,21464,1814,1795,232,2027,10
2021-02-07,Contra Costa,013,1133247,60446,58836,1002,59838,566
2021-02-07,Del Norte,015,27424,922,881,4,885,2
2021-02-07,El Dorado,017,186661,8819,8596,582,9178,86
2021-02-07,Fresno,019,978130,93363,91184,7185,98369,1207
2021-02-07,Glenn,021,27897,2190,2141,464,2605,14
2021-02-07,Humboldt,023,135768,2947,2895,19,2914,28
2021-02-07,Imperial,025,180216,26915,26518,2370,28888,567
2021-02-07,Inyo,027,18085,1163,1124,8,1132,27
2021-02-07,Kern,029,883053,90695,88146,9005,97151,920
2021-02-07,Kings,031,150075,21655,21180,904,22084,192
2021-02-07,Lake,033,64148,3014,2940,1,2941,36
2021-02-07,Lassen,035,31185,5021,4973,87,5060,1
2021-02-07,Los Angeles,037,10098052,1149691,1117551,36738,1154289,17889
2021-02-07,Madera,039,155013,15139,14850,744,15594,93
2021-02-07,Marin,041,260295,12749,12571,144,12715,194
2021-02-07,Mariposa,043,17540,367,355,4,359,4
2021-02-07,Mendocino,045,87422,3500,3348,69,3417,38
2021-02-07,Merced,047,269075,27185,26977,799,27776,346
2021-02-07,Modoc,049,8938,326,317,105,422,3
2021-02-07,Mono,051,14174,1156,1165,16,1181,3
2021-02-07,Monterey,053,433212,40788,40113,1500,41613,283
2021-02-07,Napa,055,140530,8744,8701,31,8732,55
2021-02-07,Nevada,057,99092,3789,3643,147,3790,44
2021-02-07,Orange,059,3164182,241778,238155,9729,247884,3336
2021-02-07,Placer,061,380077,19901,18903,1021,19924,211
2021-02-07,Plumas,063,18699,630,584,10,594,2
2021-02-07,Riverside,065,2383286,279748,272301,12955,285256,3267
2021-02-07,Sacramento,067,1510023,90629,88919,1135,90054,1246
2021-02-07,San Benito,069,59416,5575,5548,77,5625,52
2021-02-07,San Bernardino,071,2135413,281402,274316,8250,282566,2587
2021-02-07,San Diego,073,3302833,255701,246561,12248,258809,2821
2021-02-07,San Francisco,075,870044,32948,32609,940,33549,348
2021-02-07,San Joaquin,077,732212,64539,63051,2544,65595,929
2021-02-07,San Luis Obispo,079,281455,18904,18349,500,18849,214
2021-02-07,San Mateo,081,765935,38125,36984,380,37364,232
2021-02-07,Santa Barbara,083,443738,30815,29815,955,30770,340
2021-02-07,Santa Clara,085,1922200,106205,105118,494,105612,1450
2021-02-07,Santa Cruz,087,273765,14902,13887,724,14611,161
2021-02-07,Shasta,089,179085,10605,10570,1131,11701,137
2021-02-07,Sierra,091,2930,49,43,12,55,0
2021-02-07,Siskiyou,093,43540,1394,1295,204,1499,4
2021-02-07,Solano,095,438530,29003,28567,327,28894,130
2021-02-07,Sonoma,097,501317,26791,26684,151,26835,257
2021-02-07,Stanislaus,099,539301,48661,47551,4987,52538,679
2021-02-07,Sutter,101,95872,8555,8515,76,8591,92
2021-02-07,Tehama,103,63373,4478,4396,467,4863,22
2021-02-07,Trinity,105,12862,447,264,65,329,3
2021-02-07,Tulare,107,460477,46835,45520,7183,52703,671
2021-02-07,Tuolumne,109,53932,3648,3619,34,3653,48
2021-02-07,Ventura,111,848112,74882,73759,2612,76371,561
2021-02-07,Yolo,113,214977,12402,12135,142,12277,162
2021-02-07,Yuba,115,75493,5299,5198,76,5274,35
2021-02-06,Alameda,001,1643700,77592,76170,1600,77770,922
2021-02-06,Alpine,002,1148,74,72,0,72,0
2021-02-06,Amador,005,37829,3350,3306,27,3333,33
2021-02-06,Butte,007,227075,10955,10480,1559,12039,150
2021-02-06,Calaveras,009,45235,1851,1832,11,1843,21
2021-02-06,Colusa,011,21464,1812,1791,231,2022,10
2021-02-06,Contra Costa,013,1133247,60299,58567,996,59563,566
2021-02-06,Del Norte,015,27424,918,879,4,883,2
2021-02-06,El Dorado,017,186661,8812,8575,578,9153,86
2021-02-06,Fresno,019,978130,93250,90944,7164,98108,1207
2021-02-06,Glenn,021,27897,2188,2136,463,2599,14
2021-02-06,Humboldt,023,135768,2936,2880,19,2899,28
2021-02-06,Imperial,025,180216,26903,26514,2369,28883,567
2021-02-06,Inyo,027,18085,1160,1113,8,1121,27
2021-02-06,Kern,029,883053,90541,87919,8959,96878,912
2021-02-06,Kings,031,150075,21624,21156,904,22060,190
2021-02-06,Lake,033,64148,3009,2920,1,2921,34
2021-02-06,Lassen,035,31185,5017,4964,86,5050,1
2021-02-06,Los Angeles,037,10098052,1148335,1114718,36641,1151359,17793
2021-02-06,Madera,039,155013,15118,14807,742,15549,93
2021-02-06,Marin,041,260295,12729,12531,144,12675,194
2021-02-06,Mariposa,043,17540,366,355,3,358,4
2021-02-06,Mendocino,045,87422,3482,3316,68,3384,38
2021-02-06,Merced,047,269075,27099,26881,791,27672,346
2021-02-06,Modoc,049,8938,326,313,105,418,3
2021-02-06,Mono,051,14174,1155,1159,16,1175,3
2021-02-06,Monterey,053,433212,40730,39995,1492,41487,282
2021-02-06,Napa,055,140530,8731,8639,31,8670,55
2021-02-06,Nevada,057,99092,3777,3624,147,3771,43
2021-02-06,Orange,059,3164182,241414,237391,9695,247086,3293
2021-02-06,Placer,061,380077,19864,18836,1018,19854,211
2021-02-06,Plumas,063,18699,630,584,10,594,2
2021-02-06,Riverside,065,2383286,279380,271741,12936,284677,3243
2021-02-06,Sacramento,067,1510023,90412,88532,1125,89657,1237
2021-02-06,San Benito,069,59416,5557,5516,77,5593,52
2021-02-06,San Bernardino,071,2135413,281093,273718,8228,281946,2564
2021-02-06,San Diego,073,3302833,255205,245331,12213,257544,2812
2021-02-06,San Francisco,075,870044,32874,32437,930,33367,346
2021-02-06,San Joaquin,077,732212,64460,62840,2533,65373,906
2021-02-06,San Luis Obispo,079,281455,18862,18284,496,18780,214
2021-02-06,San Mateo,081,765935,38057,36824,377,37201,232
2021-02-06,Santa Barbara,083,443738,30739,29645,953,30598,337
2021-02-06,Santa Clara,085,1922200,105983,104639,489,105128,1439
2021-02-06,Santa Cruz,087,273765,14871,13845,720,14565,161
2021-02-06,Shasta,089,179085,10594,10561,1129,11690,137
2021-02-06,Sierra,091,2930,49,43,12,55,0
2021-02-06,Siskiyou,093,43540,1391,1289,203,1492,4
2021-02-06,Solano,095,438530,28967,28446,326,28772,129
2021-02-06,Sonoma,097,501317,26754,26564,149,26713,257
2021-02-06,Stanislaus,099,539301,48565,47325,4972,52297,679
2021-02-06,Sutter,101,95872,8547,8485,76,8561,92
2021-02-06,Tehama,103,63373,4468,4380,466,4846,22
2021-02-06,Trinity,105,12862,447,263,65,328,3
2021-02-06,Tulare,107,460477,46767,45349,7138,52487,664
2021-02-06,Tuolumne,109,53932,3641,3612,34,3646,48
2021-02-06,Ventura,111,848112,74702,73431,2606,76037,552
2021-02-06,Yolo,113,214977,12379,12061,142,12203,161
2021-02-06,Yuba,115,75493,5289,5177,75,5252,35
2021-02-05,Alameda,001,1643700,77363,75716,1598,77314,916
2021-02-05,Alpine,002,1148,74,72,0,72,0
2021-02-05,Amador,005,37829,3345,3299,26,3325,33
2021-02-05,Butte,007,227075,10936,10421,1552,11973,150
2021-02-05,Calaveras,009,45235,1847,1818,11,1829,21
2021-02-05,Colusa,011,21464,1808,1785,231,2016,10
2021-02-05,Contra Costa,013,1133247,60138,58195,994,59189,560
2021-02-05,Del Norte,015,27424,917,874,4,878,2
2021-02-05,El Dorado,017,186661,8793,8527,576,9103,86
2021-02-05,Fresno,019,978130,93048,90513,7143,97656,1194
2021-02-05,Glenn,021,27897,2185,2122,458,2580,14
2021-02-05,Humboldt,023,135768,2926,2857,19,2876,28
2021-02-05,Imperial,025,180216,26884,26474,2368,28842,557
2021-02-05,Inyo,027,18085,1156,1104,8,1112,27
2021-02-05,Kern,029,883053,90372,87470,8893,96363,906
2021-02-05,Kings,031,150075,21586,21021,901,21922,190
2021-02-05,Lake,033,64148,2997,2906,1,2907,33
2021-02-05,Lassen,035,31185,5013,4936,86,5022,1
2021-02-05,Los Angeles,037,10098052,1146235,1110384,36510,1146894,17608
2021-02-05,Madera,039,155013,15084,14752,737,15489,95
2021-02-05,Marin,041,260295,12694,12479,144,12623,193
2021-02-05,Mariposa,043,17540,366,352,3,355,4
2021-02-05,Mendocino,045,87422,3468,3272,68,3340,38
2021-02-05,Merced,047,269075,27039,26760,790,27550,345
2021-02-05,Modoc,049,8938,326,312,105,417,3
2021-02-05,Mono,051,14174,1154,1157,16,1173,3
2021-02-05,Monterey,053,433212,40663,39840,1481,41321,281
2021-02-05,Napa,055,140530,8717,8598,31,8629,55
2021-02-05,Nevada,057,99092,3774,3607,147,3754,43
2021-02-05,Orange,059,3164182,240987,236335,9668,246003,3260
2021-02-05,Placer,061,380077,19828,18756,1016,19772,211
2021-02-05,Plumas,063,18699,628,578,10,588,2
2021-02-05,Riverside,065,2383286,278964,270666,12917,283583,3235
2021-02-05,Sacramento,067,1510023,90231,87992,1118,89110,1231
2021-02-05,San Benito,069,59416,5546,5502,77,5579,51
2021-02-05,San Bernardino,071,2135413,280748,272938,8212,281150,2495
2021-02-05,San Diego,073,3302833,254629,244066,12178,256244,2777
2021-02-05,San Francisco,075,870044,32784,32229,919,33148,337
2021-02-05,San Joaquin,077,732212,64311,62565,2525,65090,902
2021-02-05,San Luis Obispo,079,281455,18801,18152,492,18644,213
2021-02-05,San Mateo,081,765935,37974,36582,376,36958,227
2021-02-05,Santa Barbara,083,443738,30642,29455,940,30395,334
2021-02-05,Santa Clara,085,1922200,105735,104112,487,104599,1421
2021-02-05,Santa Cruz,087,273765,14850,13776,718,14494,161
2021-02-05,Shasta,089,179085,10578,10507,1122,11629,136
2021-02-05,Sierra,091,2930,49,42,12,54,0
2021-02-05,Siskiyou,093,43540,1384,1276,201,1477,4
2021-02-05,Solano,095,438530,28917,28283,326,28609,127
2021-02-05,Sonoma,097,501317,26685,26423,146,26569,252
2021-02-05,Stanislaus,099,539301,48420,47024,4954,51978,678
2021-02-05,Sutter,101,95872,8527,8443,76,8519,92
2021-02-05,Tehama,103,63373,4459,4355,465,4820,22
2021-02-05,Trinity,105,12862,446,260,65,325,3
2021-02-05,Tulare,107,460477,46690,45138,7090,52228,663
2021-02-05,Tuolumne,109,53932,3615,3595,34,3629,45
2021-02-05,Ventura,111,848112,74457,72953,2594,75547,546
2021-02-05,Yolo,113,214977,12361,12025,139,12164,162
2021-02-05,Yuba,115,75493,5272,5145,75,5220,35
2021-02-04,Alameda,001,1643700,77078,75422,1592,77014,899
2021-02-04,Alpine,002,1148,73,72,0,72,0
2021-02-04,Amador,005,37829,3342,3288,26,3314,33
2021-02-04,Butte,007,227075,10903,10386,1544,11930,147
2021-02-04,Calaveras,009,45235,1845,1808,11,1819,21
2021-02-04,Colusa,011,21464,1804,1777,229,2006,10
2021-02-04,Contra Costa,013,1133247,59950,57991,990,58981,550
2021-02-04,Del Norte,015,27424,911,870,4,874,2
2021-02-04,El Dorado,017,186661,8767,8490,573,9063,86
2021-02-04,Fresno,019,978130,92833,90126,7116,97242,1114
2021-02-04,Glenn,021,27897,2180,2102,457,2559,14
2021-02-04,Humboldt,023,135768,2916,2827,19,2846,28
2021-02-04,Imperial,025,180216,26838,26411,2366,28777,556
2021-02-04,Inyo,027,18085,1144,1084,8,1092,27
2021-02-04,Kern,029,883053,90098,87156,8817,95973,898
2021-02-04,Kings,031,150075,21536,20918,895,21813,187
2021-02-04,Lake,033,64148,2985,2882,1,2883,34
2021-02-04,Lassen,035,31185,5010,4927,86,5013,1
2021-02-04,Los Angeles,037,10098052,1143436,1106323,36384,1142707,17396
2021-02-04,Madera,039,155013,15053,14706,734,15440,95
2021-02-04,Marin,041,260295,12659,12431,144,12575,192
2021-02-04,Mariposa,043,17540,366,348,3,351,4
2021-02-04,Mendocino,045,87422,3450,3240,66,3306,38
2021-02-04,Merced,047,269075,26944,26629,787,27416,345
2021-02-04,Modoc,049,8938,326,309,105,414,3
2021-02-04,Mono,051,14174,1152,1153,16,1169,3
2021-02-04,Monterey,053,433212,40552,39619,1464,41083,279
2021-02-04,Napa,055,140530,8688,8573,31,8604,55
2021-02-04,Nevada,057,99092,3754,3590,146,3736,37
2021-02-04,Orange,059,3164182,240345,235677,9626,245303,3238
2021-02-04,Placer,061,380077,19768,18711,1007,19718,210
2021-02-04,Plumas,063,18699,625,562,10,572,2
2021-02-04,Riverside,065,2383286,278201,269851,12878,282729,3230
2021-02-04,Sacramento,067,1510023,89930,87658,1108,88766,1222
2021-02-04,San Benito,069,59416,5532,5488,76,5564,51
2021-02-04,San Bernardino,071,2135413,280199,272223,8192,280415,2409
2021-02-04,San Diego,073,3302833,253841,242613,12112,254725,2738
2021-02-04,San Francisco,075,870044,32670,32116,910,33026,326
2021-02-04,San Joaquin,077,732212,64086,62374,2517,64891,883
2021-02-04,San Luis Obispo,079,281455,18734,18058,490,18548,211
2021-02-04,San Mateo,081,765935,37853,36437,373,36810,226
2021-02-04,Santa Barbara,083,443738,30507,29344,923,30267,322
2021-02-04,Santa Clara,085,1922200,105392,103781,484,104265,1404
2021-02-04,Santa Cruz,087,273765,14817,13713,710,14423,156
2021-02-04,Shasta,089,179085,10552,10466,1117,11583,131
2021-02-04,Sierra,091,2930,49,42,12,54,0
2021-02-04,Siskiyou,093,43540,1375,1273,201,1474,4
2021-02-04,Solano,095,438530,28814,28192,325,28517,120
2021-02-04,Sonoma,097,501317,26603,26276,143,26419,249
2021-02-04,Stanislaus,099,539301,48259,46822,4935,51757,678
2021-02-04,Sutter,101,95872,8507,8401,76,8477,92
2021-02-04,Tehama,103,63373,4442,4327,464,4791,21
2021-02-04,Trinity,105,12862,445,260,64,324,3
2021-02-04,Tulare,107,460477,46563,44983,7032,52015,656
2021-02-04,Tuolumne,109,53932,3575,3585,34,3619,45
2021-02-04,Ventura,111,848112,74125,72595,2581,75176,537
2021-02-04,Yolo,113,214977,12327,11982,138,12120,161
2021-02-04,Yuba,115,75493,5246,5135,75,5210,34
2021-02-03,Alameda,001,1643700,76754,74968,1589,76557,880
2021-02-03,Alpine,002,1148,73,72,0,72,0
2021-02-03,Amador,005,37829,3338,3281,26,3307,33
2021-02-03,Butte,007,227075,10871,10355,1537,11892,144
2021-02-03,Calaveras,009,45235,1830,1799,11,1810,21
2021-02-03,Colusa,011,21464,1799,1773,228,2001,10
2021-02-03,Contra Costa,013,1133247,59709,57762,978,58740,537
2021-02-03,Del Norte,015,27424,906,869,4,873,2
2021-02-03,El Dorado,017,186661,8746,8428,572,9000,86
2021-02-03,Fresno,019,978130,92611,89748,7077,96825,1015
2021-02-03,Glenn,021,27897,2170,2098,456,2554,14
2021-02-03,Humboldt,023,135768,2906,2800,19,2819,27
2021-02-03,Imperial,025,180216,26802,26363,2360,28723,547
2021-02-03,Inyo,027,18085,1134,1071,8,1079,27
2021-02-03,Kern,029,883053,89855,86771,8776,95547,877
2021-02-03,Kings,031,150075,21475,20831,893,21724,172
2021-02-03,Lake,033,64148,2967,2869,1,2870,33
2021-02-03,Lassen,035,31185,4998,4910,86,4996,1
2021-02-03,Los Angeles,037,10098052,1140351,1101890,36265,1138155,17163
2021-02-03,Madera,039,155013,15013,14605,732,15337,94
2021-02-03,Marin,041,260295,12624,12406,144,12550,190
2021-02-03,Mariposa,043,17540,365,347,3,350,4
2021-02-03,Mendocino,045,87422,3424,3236,65,3301,38
2021-02-03,Merced,047,269075,26829,26520,783,27303,343
2021-02-03,Modoc,049,8938,325,308,105,413,3
2021-02-03,Mono,051,14174,1145,1146,16,1162,3
2021-02-03,Monterey,053,433212,40425,39500,1447,40947,279
2021-02-03,Napa,055,140530,8653,8534,31,8565,54
2021-02-03,Nevada,057,99092,3740,3572,146,3718,35
2021-02-03,Orange,059,3164182,239601,234738,9594,244332,3189
2021-02-03,Placer,061,380077,19713,18646,1005,19651,210
2021-02-03,Plumas,063,18699,625,559,10,569,2
2021-02-03,Riverside,065,2383286,277458,269019,12848,281867,3195
2021-02-03,Sacramento,067,1510023,89607,87415,1104,88519,1212
2021-02-03,San Benito,069,59416,5514,5463,73,5536,51
2021-02-03,San Bernardino,071,2135413,279713,271477,8169,279646,2308
2021-02-03,San Diego,073,3302833,252939,241015,12066,253081,2683
2021-02-03,San Francisco,075,870044,32540,31983,905,32888,325
2021-02-03,San Joaquin,077,732212,63858,61976,2507,64483,880
2021-02-03,San Luis Obispo,079,281455,18656,17922,487,18409,206
2021-02-03,San Mateo,081,765935,37715,36227,369,36596,225
2021-02-03,Santa Barbara,083,443738,30358,29121,914,30035,315
2021-02-03,Santa Clara,085,1922200,105076,103278,482,103760,1364
2021-02-03,Santa Cruz,087,273765,14762,13611,704,14315,154
2021-02-03,Shasta,089,179085,10509,10422,1112,11534,130
2021-02-03,Sierra,091,2930,49,42,12,54,0
2021-02-03,Siskiyou,093,43540,1364,1268,200,1468,4
2021-02-03,Solano,095,438530,28692,28057,325,28382,119
2021-02-03,Sonoma,097,501317,26519,26155,142,26297,248
2021-02-03,Stanislaus,099,539301,48083,46598,4916,51514,662
2021-02-03,Sutter,101,95872,8482,8379,76,8455,90
2021-02-03,Tehama,103,63373,4424,4309,461,4770,21
2021-02-03,Trinity,105,12862,445,260,63,323,3
2021-02-03,Tulare,107,460477,46392,44838,6976,51814,640
2021-02-03,Tuolumne,109,53932,3564,3568,34,3602,45
2021-02-03,Ventura,111,848112,73788,72124,2571,74695,526
2021-02-03,Yolo,113,214977,12302,11933,138,12071,161
2021-02-03,Yuba,115,75493,5228,5124,75,5199,34
2021-02-02,Alameda,001,1643700,76411,74642,1577,76219,869
2021-02-02,Alpine,002,1148,73,72,0,72,0
2021-02-02,Amador,005,37829,3307,3275,26,3301,33
2021-02-02,Butte,007,227075,10845,10307,1528,11835,141
2021-02-02,Calaveras,009,45235,1820,1786,11,1797,21
2021-02-02,Colusa,011,21464,1791,1769,223,1992,9
2021-02-02,Contra Costa,013,1133247,59429,57551,975,58526,536
2021-02-02,Del Norte,015,27424,900,868,4,872,2
2021-02-02,El Dorado,017,186661,8706,8405,572,8977,84
2021-02-02,Fresno,019,978130,92310,89542,7042,96584,1009
2021-02-02,Glenn,021,27897,2158,2090,453,2543,14
2021-02-02,Humboldt,023,135768,2894,2784,19,2803,25
2021-02-02,Imperial,025,180216,26749,26317,2354,28671,535
2021-02-02,Inyo,027,18085,1131,1074,8,1082,27
2021-02-02,Kern,029,883053,89552,86485,8700,95185,867
2021-02-02,Kings,031,150075,21397,20785,885,21670,172
2021-02-02,Lake,033,64148,2947,2857,1,2858,33
2021-02-02,Lassen,035,31185,4991,4908,86,4994,1
2021-02-02,Los Angeles,037,10098052,1136969,1097573,36105,1133678,16913
2021-02-02,Madera,039,155013,14962,14595,727,15322,94
2021-02-02,Marin,041,260295,12594,12367,144,12511,189
2021-02-02,Mariposa,043,17540,362,345,3,348,4
2021-02-02,Mendocino,045,87422,3391,3210,65,3275,38
2021-02-02,Merced,047,269075,26732,26427,777,27204,340
2021-02-02,Modoc,049,8938,320,306,105,411,3
2021-02-02,Mono,051,14174,1143,1147,16,1163,3
2021-02-02,Monterey,053,433212,40290,39371,1433,40804,278
2021-02-02,Napa,055,140530,8624,8505,31,8536,53
2021-02-02,Nevada,057,99092,3725,3548,146,3694,20
2021-02-02,Orange,059,3164182,238798,233783,9559,243342,3152
2021-02-02,Placer,061,380077,19654,18615,1001,19616,205
2021-02-02,Plumas,063,18699,625,560,10,570,2
2021-02-02,Riverside,065,2383286,276601,267901,12814,280715,3169
2021-02-02,Sacramento,067,1510023,89317,87107,1093,88200,1202
2021-02-02,San Benito,069,59416,5500,5444,72,5516,50
2021-02-02,San Bernardino,071,2135413,279036,270486,8140,278626,2244
2021-02-02,San Diego,073,3302833,251900,240047,11979,252026,2629
2021-02-02,San Francisco,075,870044,32386,31788,895,32683,324
2021-02-02,San Joaquin,077,732212,63637,61708,2494,64202,878
2021-02-02,San Luis Obispo,079,281455,18562,17811,485,18296,201
2021-02-02,San Mateo,081,765935,37551,36004,363,36367,225
2021-02-02,Santa Barbara,083,443738,30187,28951,907,29858,304
2021-02-02,Santa Clara,085,1922200,104611,102872,477,103349,1349
2021-02-02,Santa Cruz,087,273765,14703,13572,700,14272,150
2021-02-02,Shasta,089,179085,10483,10371,1102,11473,128
2021-02-02,Sierra,091,2930,49,42,12,54,0
2021-02-02,Siskiyou,093,43540,1357,1252,197,1449,4
2021-02-02,Solano,095,438530,28596,27963,321,28284,118
2021-02-02,Sonoma,097,501317,26403,26054,142,26196,247
2021-02-02,Stanislaus,099,539301,47864,46306,4884,51190,641
2021-02-02,Sutter,101,95872,8459,8340,76,8416,89
2021-02-02,Tehama,103,63373,4410,4289,460,4749,21
2021-02-02,Trinity,105,12862,445,260,63,323,3
2021-02-02,Tulare,107,460477,46236,44720,6911,51631,625
2021-02-02,Tuolumne,109,53932,3552,3548,34,3582,39
2021-02-02,Ventura,111,848112,73372,71557,2561,74118,514
2021-02-02,Yolo,113,214977,12257,11886,136,12022,158
2021-02-02,Yuba,115,75493,5210,5111,74,5185,34
2021-02-01,Alameda,001,1643700,76055,74374,1572,75946,858
2021-02-01,Alpine,002,1148,73,72,0,72,0
2021-02-01,Amador,005,37829,3296,3234,26,3260,32
2021-02-01,Butte,007,227075,10801,10263,1524,11787,141
2021-02-01,Calaveras,009,45235,1813,1785,11,1796,21
2021-02-01,Colusa,011,21464,1786,1763,214,1977,9
2021-02-01,Contra Costa,013,1133247,59187,57324,974,58298,531
2021-02-01,Del Norte,015,27424,896,865,4,869,2
2021-02-01,El Dorado,017,186661,8667,8337,572,8909,83
2021-02-01,Fresno,019,978130,91979,89272,7007,96279,994
2021-02-01,Glenn,021,27897,2142,2086,445,2531,14
2021-02-01,Humboldt,023,135768,2873,2773,18,2791,25
2021-02-01,Imperial,025,180216,26706,26224,2352,28576,530
2021-02-01,Inyo,027,18085,1121,1072,8,1080,27
2021-02-01,Kern,029,883053,89155,86170,8632,94802,862
2021-02-01,Kings,031,150075,21306,20746,877,21623,172
2021-02-01,Lake,033,64148,2931,2843,1,2844,33
2021-02-01,Lassen,035,31185,4971,4907,86,4993,1
2021-02-01,Los Angeles,037,10098052,1133140,1094341,35941,1130282,16695
2021-02-01,Madera,039,155013,14927,14572,724,15296,94
2021-02-01,Marin,041,260295,12555,12341,143,12484,188
2021-02-01,Mariposa,043,17540,360,344,3,347,4
2021-02-01,Mendocino,045,87422,3358,3192,65,3257,37
2021-02-01,Merced,047,269075,26608,26282,768,27050,337
2021-02-01,Modoc,049,8938,314,303,101,404,1
2021-02-01,Mono,051,14174,1140,1145,16,1161,3
2021-02-01,Monterey,053,433212,40106,39196,1412,40608,278
2021-02-01,Napa,055,140530,8591,8449,31,8480,52
2021-02-01,Nevada,057,99092,3708,3535,145,3680,20
2021-02-01,Orange,059,3164182,237884,233155,9514,242669,3100
2021-02-01,Placer,061,380077,19587,18574,994,19568,204
2021-02-01,Plumas,063,18699,623,554,10,564,2
2021-02-01,Riverside,065,2383286,275661,267025,12779,279804,3092
2021-02-01,Sacramento,067,1510023,88914,86856,1082,87938,1193
2021-02-01,San Benito,069,59416,5482,5432,72,5504,48
2021-02-01,San Bernardino,071,2135413,278341,270012,8101,278113,2172
2021-02-01,San Diego,073,3302833,250675,239121,11903,251024,2619
2021-02-01,San Francisco,075,870044,32251,31703,883,32586,324
2021-02-01,San Joaquin,077,732212,63431,61542,2483,64025,877
2021-02-01,San Luis Obispo,079,281455,18442,17690,478,18168,199
2021-02-01,San Mateo,081,765935,37402,35843,363,36206,220
2021-02-01,Santa Barbara,083,443738,30018,28837,899,29736,297
2021-02-01,Santa Clara,085,1922200,104194,102462,476,102938,1343
2021-02-01,Santa Cruz,087,273765,14650,13524,698,14222,149
2021-02-01,Shasta,089,179085,10458,10329,1096,11425,112
2021-02-01,Sierra,091,2930,49,42,12,54,0
2021-02-01,Siskiyou,093,43540,1350,1238,194,1432,4
2021-02-01,Solano,095,438530,28491,27844,320,28164,117
2021-02-01,Sonoma,097,501317,26315,26011,141,26152,243
2021-02-01,Stanislaus,099,539301,47607,46112,4856,50968,642
2021-02-01,Sutter,101,95872,8420,8313,76,8389,89
2021-02-01,Tehama,103,63373,4384,4263,460,4723,21
2021-02-01,Trinity,105,12862,443,260,63,323,3
2021-02-01,Tulare,107,460477,46091,44569,6831,51400,618
2021-02-01,Tuolumne,109,53932,3544,3534,34,3568,39
2021-02-01,Ventura,111,848112,72967,71104,2544,73648,502
2021-02-01,Yolo,113,214977,12210,11824,135,11959,151
2021-02-01,Yuba,115,75493,5196,5084,73,5157,33
2021-01-31,Alameda,001,1643700,75630,73979,1564,75543,857
2021-01-31,Alpine,002,1148,73,72,0,72,0
2021-01-31,Amador,005,37829,3286,3212,25,3237,32
2021-01-31,Butte,007,227075,10756,10215,1514,11729,140
2021-01-31,Calaveras,009,45235,1793,1778,11,1789,21
2021-01-31,Colusa,011,21464,1780,1754,209,1963,9
2021-01-31,Contra Costa,013,1133247,58856,57079,974,58053,531
2021-01-31,Del Norte,015,27424,894,865,4,869,2
2021-01-31,El Dorado,017,186661,8629,8317,570,8887,83
2021-01-31,Fresno,019,978130,91667,88852,6953,95805,994
2021-01-31,Glenn,021,27897,2132,2083,444,2527,14
2021-01-31,Humboldt,023,135768,2857,2767,18,2785,25
2021-01-31,Imperial,025,180216,26633,26206,2343,28549,530
2021-01-31,Inyo,027,18085,1108,1072,8,1080,27
2021-01-31,Kern,029,883053,88658,85872,8548,94420,861
2021-01-31,Kings,031,150075,21222,20709,865,21574,172
2021-01-31,Lake,033,64148,2910,2826,1,2827,33
2021-01-31,Lassen,035,31185,4955,4900,86,4986,1
2021-01-31,Los Angeles,037,10098052,1128508,1090304,35741,1126045,16609
2021-01-31,Madera,039,155013,14873,14496,716,15212,94
2021-01-31,Marin,041,260295,12508,12297,139,12436,185
2021-01-31,Mariposa,043,17540,358,344,3,347,4
2021-01-31,Mendocino,045,87422,3335,3181,64,3245,37
2021-01-31,Merced,047,269075,26466,26222,763,26985,337
2021-01-31,Modoc,049,8938,311,304,99,403,1
2021-01-31,Mono,051,14174,1137,1146,16,1162,3
2021-01-31,Monterey,053,433212,39927,39035,1385,40420,278
2021-01-31,Napa,055,140530,8550,8404,31,8435,52
2021-01-31,Nevada,057,99092,3686,3518,143,3661,20
2021-01-31,Orange,059,3164182,236867,232347,9474,241821,3053
2021-01-31,Placer,061,380077,19510,18506,983,19489,204
2021-01-31,Plumas,063,18699,622,554,10,564,2
2021-01-31,Riverside,065,2383286,274644,266145,12732,278877,3074
2021-01-31,Sacramento,067,1510023,88473,86560,1068,87628,1186
2021-01-31,San Benito,069,59416,5460,5425,70,5495,48
2021-01-31,San Bernardino,071,2135413,277339,269533,8072,277605,2156
2021-01-31,San Diego,073,3302833,249362,238039,11789,249828,2619
2021-01-31,San Francisco,075,870044,32061,31563,872,32435,323
2021-01-31,San Joaquin,077,732212,63030,61379,2474,63853,877
2021-01-31,San Luis Obispo,079,281455,18309,17615,473,18088,199
2021-01-31,San Mateo,081,765935,37212,35659,360,36019,219
2021-01-31,Santa Barbara,083,443738,29774,28570,890,29460,297
2021-01-31,Santa Clara,085,1922200,103659,101986,467,102453,1330
2021-01-31,Santa Cruz,087,273765,14555,13469,684,14153,149
2021-01-31,Shasta,089,179085,10413,10313,1088,11401,112
2021-01-31,Sierra,091,2930,48,43,12,55,0
2021-01-31,Siskiyou,093,43540,1340,1238,194,1432,4
2021-01-31,Solano,095,438530,28361,27678,320,27998,118
2021-01-31,Sonoma,097,501317,26212,25925,140,26065,243
2021-01-31,Stanislaus,099,539301,47323,45971,4826,50797,642
2021-01-31,Sutter,101,95872,8375,8289,76,8365,89
2021-01-31,Tehama,103,63373,4362,4256,459,4715,21
2021-01-31,Trinity,105,12862,441,260,63,323,3
2021-01-31,Tulare,107,460477,45923,44440,6752,51192,618
2021-01-31,Tuolumne,109,53932,3506,3519,34,3553,39
2021-01-31,Ventura,111,848112,72372,70635,2531,73166,502
2021-01-31,Yolo,113,214977,12150,11771,135,11906,151
2021-01-31,Yuba,115,75493,5176,5071,73,5144,33
2021-01-30,Alameda,001,1643700,75427,73622,1559,75181,850
2021-01-30,Alpine,002,1148,73,72,0,72,0
2021-01-30,Amador,005,37829,3282,3181,25,3206,32
2021-01-30,Butte,007,227075,10722,10177,1505,11682,139
2021-01-30,Calaveras,009,45235,1780,1763,11,1774,21
2021-01-30,Colusa,011,21464,1778,1748,209,1957,9
2021-01-30,Contra Costa,013,1133247,58677,56763,970,57733,531
2021-01-30,Del Norte,015,27424,893,865,4,869,2
2021-01-30,El Dorado,017,186661,8609,8299,569,8868,83
2021-01-30,Fresno,019,978130,91487,88476,6933,95409,964
2021-01-30,Glenn,021,27897,2129,2074,442,2516,14
2021-01-30,Humboldt,023,135768,2846,2742,18,2760,24
2021-01-30,Imperial,025,180216,26609,26160,2341,28501,530
2021-01-30,Inyo,027,18085,1104,1068,8,1076,27
2021-01-30,Kern,029,883053,88457,85572,8483,94055,848
2021-01-30,Kings,031,150075,21151,20605,860,21465,169
2021-01-30,Lake,033,64148,2904,2809,1,2810,33
2021-01-30,Lassen,035,31185,4951,4890,86,4976,1
2021-01-30,Los Angeles,037,10098052,1126110,1084763,35598,1120361,16484
2021-01-30,Madera,039,155013,14831,14443,711,15154,94
2021-01-30,Marin,041,260295,12481,12225,138,12363,185
2021-01-30,Mariposa,043,17540,356,344,3,347,4
2021-01-30,Mendocino,045,87422,3321,3153,63,3216,36
2021-01-30,Merced,047,269075,26392,26078,761,26839,335
2021-01-30,Modoc,049,8938,311,303,99,402,1
2021-01-30,Mono,051,14174,1137,1143,16,1159,3
2021-01-30,Monterey,053,433212,39867,38847,1383,40230,277
2021-01-30,Napa,055,140530,8534,8342,31,8373,52
2021-01-30,Nevada,057,99092,3667,3499,143,3642,20
2021-01-30,Orange,059,3164182,236322,231358,9437,240795,3013
2021-01-30,Placer,061,380077,19457,18430,977,19407,205
2021-01-30,Plumas,063,18699,620,554,10,564,2
2021-01-30,Riverside,065,2383286,274048,265137,12701,277838,3061
2021-01-30,Sacramento,067,1510023,88282,86388,1063,87451,1184
2021-01-30,San Benito,069,59416,5442,5401,69,5470,48
2021-01-30,San Bernardino,071,2135413,276911,268660,8052,276712,2122
2021-01-30,San Diego,073,3302833,248597,236765,11744,248509,2603
2021-01-30,San Francisco,075,870044,31960,31427,869,32296,316
2021-01-30,San Joaquin,077,732212,62898,61120,2465,63585,864
2021-01-30,San Luis Obispo,079,281455,18229,17522,472,17994,198
2021-01-30,San Mateo,081,765935,37073,35451,359,35810,219
2021-01-30,Santa Barbara,083,443738,29632,28342,888,29230,296
2021-01-30,Santa Clara,085,1922200,103330,101471,465,101936,1307
2021-01-30,Santa Cruz,087,273765,14515,13383,683,14066,149
2021-01-30,Shasta,089,179085,10394,10283,1085,11368,112
2021-01-30,Sierra,091,2930,48,43,12,55,0
2021-01-30,Siskiyou,093,43540,1337,1236,193,1429,4
2021-01-30,Solano,095,438530,28278,27511,319,27830,118
2021-01-30,Sonoma,097,501317,26164,25810,137,25947,243
2021-01-30,Stanislaus,099,539301,47193,45697,4799,50496,642
2021-01-30,Sutter,101,95872,8359,8226,76,8302,87
2021-01-30,Tehama,103,63373,4349,4229,458,4687,21
2021-01-30,Trinity,105,12862,441,259,63,322,3
2021-01-30,Tulare,107,460477,45787,44203,6716,50919,615
2021-01-30,Tuolumne,109,53932,3502,3508,34,3542,36
2021-01-30,Ventura,111,848112,72060,69931,2517,72448,493
2021-01-30,Yolo,113,214977,12136,11698,134,11832,151
2021-01-30,Yuba,115,75493,5166,5042,72,5114,33
2021-01-29,Alameda,001,1643700,75160,73210,1552,74762,841
2021-01-29,Alpine,002,1148,73,72,0,72,0
2021-01-29,Amador,005,37829,3270,3134,24,3158,32
2021-01-29,Butte,007,227075,10690,10122,1496,11618,138
2021-01-29,Calaveras,009,45235,1769,1757,11,1768,21
2021-01-29,Colusa,011,21464,1774,1734,208,1942,8
2021-01-29,Contra Costa,013,1133247,58510,56318,968,57286,529
2021-01-29,Del Norte,015,27424,892,865,4,869,2
2021-01-29,El Dorado,017,186661,8592,8231,568,8799,83
2021-01-29,Fresno,019,978130,91273,87936,6896,94832,962
2021-01-29,Glenn,021,27897,2124,2061,441,2502,14
2021-01-29,Humboldt,023,135768,2833,2707,18,2725,24
2021-01-29,Imperial,025,180216,26594,26045,2338,28383,521
2021-01-29,Inyo,027,18085,1092,1048,8,1056,27
2021-01-29,Kern,029,883053,88230,85044,8432,93476,836
2021-01-29,Kings,031,150075,21112,20466,855,21321,169
2021-01-29,Lake,033,64148,2894,2792,1,2793,32
2021-01-29,Lassen,035,31185,4948,4874,86,4960,1
2021-01-29,Los Angeles,037,10098052,1122614,1078329,35449,1113778,16190
2021-01-29,Madera,039,155013,14784,14377,711,15088,94
2021-01-29,Marin,041,260295,12436,12145,137,12282,185
2021-01-29,Mariposa,043,17540,355,342,3,345,4
2021-01-29,Mendocino,045,87422,3312,3131,62,3193,36
2021-01-29,Merced,047,269075,26318,25865,756,26621,334
2021-01-29,Modoc,049,8938,310,297,99,396,1
2021-01-29,Mono,051,14174,1135,1139,16,1155,3
2021-01-29,Monterey,053,433212,39754,38539,1375,39914,277
2021-01-29,Napa,055,140530,8503,8276,31,8307,52
2021-01-29,Nevada,057,99092,3658,3487,142,3629,20
2021-01-29,Orange,059,3164182,235646,229917,9400,239317,2967
2021-01-29,Placer,061,380077,19404,18367,973,19340,203
2021-01-29,Plumas,063,18699,619,548,10,558,2
2021-01-29,Riverside,065,2383286,273247,263504,12669,276173,3008
2021-01-29,Sacramento,067,1510023,88028,86320,1058,87378,1169
2021-01-29,San Benito,069,59416,5434,5386,69,5455,48
2021-01-29,San Bernardino,071,2135413,276393,267490,8014,275504,2095
2021-01-29,San Diego,073,3302833,247655,234637,11666,246303,2571
2021-01-29,San Francisco,075,870044,31821,31294,861,32155,307
2021-01-29,San Joaquin,077,732212,62754,60899,2451,63350,858
2021-01-29,San Luis Obispo,079,281455,18169,17440,467,17907,193
2021-01-29,San Mateo,081,765935,36940,35223,356,35579,218
2021-01-29,Santa Barbara,083,443738,29499,28105,882,28987,291
2021-01-29,Santa Clara,085,1922200,102975,101010,463,101473,1273
2021-01-29,Santa Cruz,087,273765,14462,13311,680,13991,148
2021-01-29,Shasta,089,179085,10378,10220,1081,11301,112
2021-01-29,Sierra,091,2930,48,43,12,55,0
2021-01-29,Siskiyou,093,43540,1336,1227,193,1420,4
2021-01-29,Solano,095,438530,28195,27352,317,27669,116
2021-01-29,Sonoma,097,501317,26108,25710,136,25846,243
2021-01-29,Stanislaus,099,539301,47050,45466,4777,50243,642
2021-01-29,Sutter,101,95872,8340,8181,76,8257,87
2021-01-29,Tehama,103,63373,4337,4191,456,4647,20
2021-01-29,Trinity,105,12862,441,260,63,323,3
2021-01-29,Tulare,107,460477,45680,43925,6677,50602,606
2021-01-29,Tuolumne,109,53932,3492,3483,34,3517,36
2021-01-29,Ventura,111,848112,71638,69511,2504,72015,484
2021-01-29,Yolo,113,214977,12098,11612,134,11746,151
2021-01-29,Yuba,115,75493,5151,5018,72,5090,32
2021-01-28,Alameda,001,1643700,74737,72758,1544,74302,833
2021-01-28,Alpine,002,1148,73,72,0,72,0
2021-01-28,Amador,005,37829,3233,3124,24,3148,31
2021-01-28,Butte,007,227075,10649,10037,1487,11524,138
2021-01-28,Calaveras,009,45235,1756,1747,10,1757,21
2021-01-28,Colusa,011,21464,1767,1731,204,1935,8
2021-01-28,Contra Costa,013,1133247,58267,55999,958,56957,525
2021-01-28,Del Norte,015,27424,891,862,4,866,2
2021-01-28,El Dorado,017,186661,8577,8198,563,8761,79
2021-01-28,Fresno,019,978130,90986,87401,6849,94250,949
2021-01-28,Glenn,021,27897,2119,2043,434,2477,14
2021-01-28,Humboldt,023,135768,2816,2686,18,2704,24
2021-01-28,Imperial,025,180216,26551,25984,2331,28315,517
2021-01-28,Inyo,027,18085,1087,1039,8,1047,27
2021-01-28,Kern,029,883053,87901,84708,8349,93057,817
2021-01-28,Kings,031,150075,21052,20328,852,21180,167
2021-01-28,Lake,033,64148,2879,2772,1,2773,32
2021-01-28,Lassen,035,31185,4942,4865,86,4951,1
2021-01-28,Los Angeles,037,10098052,1118701,1072412,35261,1107673,15967
2021-01-28,Madera,039,155013,14729,14301,707,15008,94
2021-01-28,Marin,041,260295,12387,12079,136,12215,183
2021-01-28,Mariposa,043,17540,355,334,3,337,4
2021-01-28,Mendocino,045,87422,3295,3110,62,3172,36
2021-01-28,Merced,047,269075,26196,25620,744,26364,328
2021-01-28,Modoc,049,8938,309,297,99,396,0
2021-01-28,Mono,051,14174,1133,1131,16,1147,3
2021-01-28,Monterey,053,433212,39560,38312,1356,39668,274
2021-01-28,Napa,055,140530,8456,8233,31,8264,50
2021-01-28,Nevada,057,99092,3643,3452,141,3593,19
2021-01-28,Orange,059,3164182,234671,228636,9370,238006,2860
2021-01-28,Placer,061,380077,19344,18246,970,19216,198
2021-01-28,Plumas,063,18699,618,547,10,557,2
2021-01-28,Riverside,065,2383286,272468,262342,12621,274963,2981
2021-01-28,Sacramento,067,1510023,87663,85698,1047,86745,1149
2021-01-28,San Benito,069,59416,5416,5344,68,5412,47
2021-01-28,San Bernardino,071,2135413,275691,266456,7993,274449,2057
2021-01-28,San Diego,073,3302833,246502,232967,11577,244544,2534
2021-01-28,San Francisco,075,870044,31684,31193,845,32038,290
2021-01-28,San Joaquin,077,732212,62492,60627,2437,63064,854
2021-01-28,San Luis Obispo,079,281455,18069,17279,465,17744,189
2021-01-28,San Mateo,081,765935,36771,34931,340,35271,218
2021-01-28,Santa Barbara,083,443738,29276,27674,869,28543,284
2021-01-28,Santa Clara,085,1922200,102519,100470,461,100931,1219
2021-01-28,Santa Cruz,087,273765,14373,13188,674,13862,145
2021-01-28,Shasta,089,179085,10344,10176,1073,11249,110
2021-01-28,Sierra,091,2930,48,43,12,55,0
2021-01-28,Siskiyou,093,43540,1329,1218,191,1409,4
2021-01-28,Solano,095,438530,28035,27163,316,27479,114
2021-01-28,Sonoma,097,501317,26017,25564,136,25700,236
2021-01-28,Stanislaus,099,539301,46842,45162,4758,49920,640
2021-01-28,Sutter,101,95872,8293,8136,76,8212,85
2021-01-28,Tehama,103,63373,4314,4163,453,4616,20
2021-01-28,Trinity,105,12862,439,260,63,323,3
2021-01-28,Tulare,107,460477,45525,43742,6602,50344,595
2021-01-28,Tuolumne,109,53932,3478,3472,34,3506,32
2021-01-28,Ventura,111,848112,71126,68896,2488,71384,475
2021-01-28,Yolo,113,214977,12056,11500,130,11630,151
2021-01-28,Yuba,115,75493,5135,4994,71,5065,32
2021-01-27,Alameda,001,1643700,74318,72188,1537,73725,815
2021-01-27,Alpine,002,1148,73,72,0,72,0
2021-01-27,Amador,005,37829,3217,3116,24,3140,31
2021-01-27,Butte,007,227075,10610,9988,1476,11464,138
2021-01-27,Calaveras,009,45235,1747,1737,10,1747,21
2021-01-27,Colusa,011,21464,1761,1724,202,1926,8
2021-01-27,Contra Costa,013,1133247,57972,55578,955,56533,507
2021-01-27,Del Norte,015,27424,890,859,4,863,2
2021-01-27,El Dorado,017,186661,8551,8141,562,8703,76
2021-01-27,Fresno,019,978130,90694,86886,6807,93693,938
2021-01-27,Glenn,021,27897,2115,2042,433,2475,14
2021-01-27,Humboldt,023,135768,2794,2630,18,2648,24
2021-01-27,Imperial,025,180216,26497,25861,2319,28180,504
2021-01-27,Inyo,027,18085,1083,1023,8,1031,27
2021-01-27,Kern,029,883053,87591,84244,8278,92522,809
2021-01-27,Kings,031,150075,20946,20211,844,21055,167
2021-01-27,Lake,033,64148,2859,2750,1,2751,32
2021-01-27,Lassen,035,31185,4936,4851,86,4937,1
2021-01-27,Los Angeles,037,10098052,1113888,1066569,35060,1101629,15757
2021-01-27,Madera,039,155013,14687,14194,702,14896,86
2021-01-27,Marin,041,260295,12349,12028,135,12163,180
2021-01-27,Mariposa,043,17540,355,333,3,336,4
2021-01-27,Mendocino,045,87422,3275,3095,62,3157,36
2021-01-27,Merced,047,269075,26037,25439,732,26171,315
2021-01-27,Modoc,049,8938,309,297,96,393,0
2021-01-27,Mono,051,14174,1131,1131,16,1147,3
2021-01-27,Monterey,053,433212,39353,38139,1337,39476,268
2021-01-27,Napa,055,140530,8383,8187,31,8218,46
2021-01-27,Nevada,057,99092,3621,3431,141,3572,18
2021-01-27,Orange,059,3164182,233554,227110,9318,236428,2832
2021-01-27,Placer,061,380077,19274,18106,959,19065,198
2021-01-27,Plumas,063,18699,618,544,10,554,2
2021-01-27,Riverside,065,2383286,271273,260796,12570,273366,2931
2021-01-27,Sacramento,067,1510023,87303,85428,1035,86463,1142
2021-01-27,San Benito,069,59416,5401,5284,68,5352,47
2021-01-27,San Bernardino,071,2135413,274837,265153,7960,273113,2019
2021-01-27,San Diego,073,3302833,245173,231478,11472,242950,2465
2021-01-27,San Francisco,075,870044,31539,31082,838,31920,287
2021-01-27,San Joaquin,077,732212,62222,60131,2418,62549,853
2021-01-27,San Luis Obispo,079,281455,17961,17119,461,17580,188
2021-01-27,San Mateo,081,765935,36616,34619,337,34956,216
2021-01-27,Santa Barbara,083,443738,29099,27435,863,28298,282
2021-01-27,Santa Clara,085,1922200,102104,99732,457,100189,1184
2021-01-27,Santa Cruz,087,273765,14303,13111,671,13782,143
2021-01-27,Shasta,089,179085,10310,10106,1067,11173,105
2021-01-27,Sierra,091,2930,48,44,12,56,0
2021-01-27,Siskiyou,093,43540,1324,1214,188,1402,4
2021-01-27,Solano,095,438530,27858,26982,309,27291,112
2021-01-27,Sonoma,097,501317,25919,25361,132,25493,237
2021-01-27,Stanislaus,099,539301,46658,44874,4733,49607,624
2021-01-27,Sutter,101,95872,8250,8093,76,8169,83
2021-01-27,Tehama,103,63373,4294,4133,449,4582,20
2021-01-27,Trinity,105,12862,439,260,63,323,3
2021-01-27,Tulare,107,460477,45338,43462,6532,49994,583
2021-01-27,Tuolumne,109,53932,3468,3464,34,3498,32
2021-01-27,Ventura,111,848112,70652,68291,2463,70754,468
2021-01-27,Yolo,113,214977,12009,11427,128,11555,151
2021-01-27,Yuba,115,75493,5119,4968,71,5039,32
2021-01-26,Alameda,001,1643700,73942,71851,1520,73371,789
2021-01-26,Alpine,002,1148,73,72,0,72,0
2021-01-26,Amador,005,37829,3206,3113,24,3137,31
2021-01-26,Butte,007,227075,10568,9943,1470,11413,136
2021-01-26,Calaveras,009,45235,1737,1723,10,1733,21
2021-01-26,Colusa,011,21464,1754,1719,199,1918,8
2021-01-26,Contra Costa,013,1133247,57698,55337,947,56284,491
2021-01-26,Del Norte,015,27424,889,856,4,860,2
2021-01-26,El Dorado,017,186661,8527,8115,560,8675,71
2021-01-26,Fresno,019,978130,90336,86673,6764,93437,923
2021-01-26,Glenn,021,27897,2105,2034,428,2462,13
2021-01-26,Humboldt,023,135768,2773,2612,17,2629,24
2021-01-26,Imperial,025,180216,26425,25812,2307,28119,498
2021-01-26,Inyo,027,18085,1077,1018,8,1026,27
2021-01-26,Kern,029,883053,87168,83868,8203,92071,790
2021-01-26,Kings,031,150075,20888,20156,839,20995,159
2021-01-26,Lake,033,64148,2851,2748,1,2749,32
2021-01-26,Lassen,035,31185,4930,4844,86,4930,1
2021-01-26,Los Angeles,037,10098052,1108597,1060492,34862,1095354,15458
2021-01-26,Madera,039,155013,14630,14130,696,14826,86
2021-01-26,Marin,041,260295,12305,11993,133,12126,179
2021-01-26,Mariposa,043,17540,353,332,3,335,3
2021-01-26,Mendocino,045,87422,3249,3076,61,3137,36
2021-01-26,Merced,047,269075,25897,25359,724,26083,309
2021-01-26,Modoc,049,8938,302,291,95,386,0
2021-01-26,Mono,051,14174,1129,1120,16,1136,3
2021-01-26,Monterey,053,433212,39159,37963,1317,39280,255
2021-01-26,Napa,055,140530,8326,8145,31,8176,43
2021-01-26,Nevada,057,99092,3614,3410,140,3550,18
2021-01-26,Orange,059,3164182,232431,225987,9272,235259,2760
2021-01-26,Placer,061,380077,19198,18016,957,18973,193
2021-01-26,Plumas,063,18699,616,536,10,546,2
2021-01-26,Riverside,065,2383286,269904,259399,12507,271906,2898
2021-01-26,Sacramento,067,1510023,86943,85062,1028,86090,1127
2021-01-26,San Benito,069,59416,5387,5251,67,5318,45
2021-01-26,San Bernardino,071,2135413,273842,263736,7918,271654,1970
2021-01-26,San Diego,073,3302833,243677,230063,11370,241433,2421
2021-01-26,San Francisco,075,870044,31407,30874,819,31693,286
2021-01-26,San Joaquin,077,732212,61970,59889,2402,62291,847
2021-01-26,San Luis Obispo,079,281455,17880,17016,458,17474,186
2021-01-26,San Mateo,081,765935,36422,34441,326,34767,213
2021-01-26,Santa Barbara,083,443738,28923,27321,851,28172,273
2021-01-26,Santa Clara,085,1922200,101625,99215,454,99669,1171
2021-01-26,Santa Cruz,087,273765,14237,13045,665,13710,134
2021-01-26,Shasta,089,179085,10275,10036,1059,11095,103
2021-01-26,Sierra,091,2930,48,43,12,55,0
2021-01-26,Siskiyou,093,43540,1309,1208,186,1394,4
2021-01-26,Solano,095,438530,27702,26858,302,27160,110
2021-01-26,Sonoma,097,501317,25800,25273,130,25403,236
2021-01-26,Stanislaus,099,539301,46476,44703,4693,49396,599
2021-01-26,Sutter,101,95872,8207,8067,76,8143,83
2021-01-26,Tehama,103,63373,4261,4115,449,4564,20
2021-01-26,Trinity,105,12862,439,260,63,323,3
2021-01-26,Tulare,107,460477,45135,43394,6464,49858,579
2021-01-26,Tuolumne,109,53932,3458,3451,34,3485,30
2021-01-26,Ventura,111,848112,70120,67526,2437,69963,448
2021-01-26,Yolo,113,214977,11965,11361,125,11486,148
2021-01-26,Yuba,115,75493,5094,4944,69,5013,31
2021-01-25,Alameda,001,1643700,73517,71255,1510,72765,780
2021-01-25,Alpine,002,1148,73,72,0,72,0
2021-01-25,Amador,005,37829,3166,3074,24,3098,30
2021-01-25,Butte,007,227075,10503,9865,1462,11327,133
2021-01-25,Calaveras,009,45235,1722,1713,10,1723,21
2021-01-25,Colusa,011,21464,1742,1709,195,1904,8
2021-01-25,Contra Costa,013,1133247,57346,54989,940,55929,488
2021-01-25,Del Norte,015,27424,889,855,4,859,2
2021-01-25,El Dorado,017,186661,8502,8060,559,8619,66
2021-01-25,Fresno,019,978130,89966,86336,6732,93068,913
2021-01-25,Glenn,021,27897,2096,2028,428,2456,13
2021-01-25,Humboldt,023,135768,2739,2587,17,2604,24
2021-01-25,Imperial,025,180216,26376,25745,2300,28045,491
2021-01-25,Inyo,027,18085,1071,1015,8,1023,27
2021-01-25,Kern,029,883053,86783,83401,8118,91519,787
2021-01-25,Kings,031,150075,20768,20067,835,20902,159
2021-01-25,Lake,033,64148,2833,2729,1,2730,32
2021-01-25,Lassen,035,31185,4903,4835,86,4921,1
2021-01-25,Los Angeles,037,10098052,1102633,1055181,34642,1089823,15163
2021-01-25,Madera,039,155013,14575,14068,691,14759,86
2021-01-25,Marin,041,260295,12256,11923,129,12052,177
2021-01-25,Mariposa,043,17540,350,331,3,334,3
2021-01-25,Mendocino,045,87422,3238,3054,61,3115,35
2021-01-25,Merced,047,269075,25758,25181,715,25896,305
2021-01-25,Modoc,049,8938,301,288,91,379,0
2021-01-25,Mono,051,14174,1126,1114,15,1129,3
2021-01-25,Monterey,053,433212,38907,37726,1298,39024,255
2021-01-25,Napa,055,140530,8292,8057,30,8087,43
2021-01-25,Nevada,057,99092,3600,3365,140,3505,18
2021-01-25,Orange,059,3164182,231222,225105,9227,234332,2696
2021-01-25,Placer,061,380077,19108,17936,942,18878,193
2021-01-25,Plumas,063,18699,613,533,10,543,2
2021-01-25,Riverside,065,2383286,268167,258082,12454,270536,2789
2021-01-25,Sacramento,067,1510023,86501,84653,1020,85673,1118
2021-01-25,San Benito,069,59416,5352,5238,66,5304,43
2021-01-25,San Bernardino,071,2135413,272916,263174,7882,271056,1947
2021-01-25,San Diego,073,3302833,242063,228630,11298,239928,2375
2021-01-25,San Francisco,075,870044,31261,30734,796,31530,288
2021-01-25,San Joaquin,077,732212,61679,59291,2377,61668,838
2021-01-25,San Luis Obispo,079,281455,17746,16868,453,17321,179
2021-01-25,San Mateo,081,765935,36189,34187,320,34507,213
2021-01-25,Santa Barbara,083,443738,28689,27065,841,27906,269
2021-01-25,Santa Clara,085,1922200,101101,98647,446,99093,1143
2021-01-25,Santa Cruz,087,273765,14150,12973,661,13634,133
2021-01-25,Shasta,089,179085,10234,9991,1048,11039,103
2021-01-25,Sierra,091,2930,48,42,12,54,0
2021-01-25,Siskiyou,093,43540,1301,1205,183,1388,4
2021-01-25,Solano,095,438530,27534,26648,301,26949,109
2021-01-25,Sonoma,097,501317,25693,25160,128,25288,233
2021-01-25,Stanislaus,099,539301,46230,44293,4651,48944,599
2021-01-25,Sutter,101,95872,8164,8023,76,8099,83
2021-01-25,Tehama,103,63373,4234,4082,445,4527,20
2021-01-25,Trinity,105,12862,439,262,63,325,3
2021-01-25,Tulare,107,460477,44918,43124,6362,49486,578
2021-01-25,Tuolumne,109,53932,3449,3422,34,3456,29
2021-01-25,Ventura,111,848112,69499,66910,2421,69331,439
2021-01-25,Yolo,113,214977,11881,11276,124,11400,140
2021-01-25,Yuba,115,75493,5073,4900,67,4967,31
2021-01-24,Alameda,001,1643700,73015,70823,1499,72322,780
2021-01-24,Alpine,002,1148,73,72,0,72,0
2021-01-24,Amador,005,37829,3133,3054,24,3078,30
2021-01-24,Butte,007,227075,10419,9820,1446,11266,133
2021-01-24,Calaveras,009,45235,1709,1704,10,1714,21
2021-01-24,Colusa,011,21464,1731,1689,189,1878,8
2021-01-24,Contra Costa,013,1133247,56960,54694,928,55622,488
2021-01-24,Del Norte,015,27424,885,855,4,859,2
2021-01-24,El Dorado,017,186661,8467,8003,555,8558,66
2021-01-24,Fresno,019,978130,89527,85808,6693,92501,911
2021-01-24,Glenn,021,27897,2088,2026,427,2453,13
2021-01-24,Humboldt,023,135768,2700,2562,17,2579,24
2021-01-24,Imperial,025,180216,26281,25707,2279,27986,488
2021-01-24,Inyo,027,18085,1055,1007,8,1015,27
2021-01-24,Kern,029,883053,86348,83125,8011,91136,785
2021-01-24,Kings,031,150075,20640,19988,819,20807,159
2021-01-24,Lake,033,64148,2816,2724,0,2724,32
2021-01-24,Lassen,035,31185,4892,4828,83,4911,1
2021-01-24,Los Angeles,037,10098052,1096213,1048757,34340,1083097,15119
2021-01-24,Madera,039,155013,14492,14000,685,14685,86
2021-01-24,Marin,041,260295,12192,11872,128,12000,177
2021-01-24,Mariposa,043,17540,346,322,3,325,3
2021-01-24,Mendocino,045,87422,3217,3037,60,3097,33
2021-01-24,Merced,047,269075,25547,25047,706,25753,305
2021-01-24,Modoc,049,8938,301,285,91,376,0
2021-01-24,Mono,051,14174,1119,1113,15,1128,3
2021-01-24,Monterey,053,433212,38635,37527,1264,38791,254
2021-01-24,Napa,055,140530,8250,8005,30,8035,43
2021-01-24,Nevada,057,99092,3558,3349,138,3487,18
2021-01-24,Orange,059,3164182,229789,223853,9158,233011,2632
2021-01-24,Placer,061,380077,18995,17839,922,18761,193
2021-01-24,Plumas,063,18699,610,532,10,542,2
2021-01-24,Riverside,065,2383286,266527,256767,12378,269145,2761
2021-01-24,Sacramento,067,1510023,85948,84110,1012,85122,1112
2021-01-24,San Benito,069,59416,5310,5223,63,5286,43
2021-01-24,San Bernardino,071,2135413,271603,262370,7830,270200,1935
2021-01-24,San Diego,073,3302833,240369,227193,11167,238360,2375
2021-01-24,San Francisco,075,870044,31071,30559,775,31334,275
2021-01-24,San Joaquin,077,732212,61254,59021,2363,61384,838
2021-01-24,San Luis Obispo,079,281455,17621,16758,451,17209,179
2021-01-24,San Mateo,081,765935,35944,33956,314,34270,213
2021-01-24,Santa Barbara,083,443738,28374,26735,831,27566,269
2021-01-24,Santa Clara,085,1922200,100466,98103,441,98544,1109
2021-01-24,Santa Cruz,087,273765,14064,12905,653,13558,133
2021-01-24,Shasta,089,179085,10163,9978,1039,11017,103
2021-01-24,Sierra,091,2930,47,42,12,54,0
2021-01-24,Siskiyou,093,43540,1294,1195,183,1378,4
2021-01-24,Solano,095,438530,27349,26515,297,26812,109
2021-01-24,Sonoma,097,501317,25531,25045,127,25172,233
2021-01-24,Stanislaus,099,539301,45921,44031,4592,48623,599
2021-01-24,Sutter,101,95872,8100,7980,76,8056,83
2021-01-24,Tehama,103,63373,4194,4062,442,4504,20
2021-01-24,Trinity,105,12862,439,262,63,325,3
2021-01-24,Tulare,107,460477,44698,43006,6273,49279,577
2021-01-24,Tuolumne,109,53932,3438,3416,34,3450,29
2021-01-24,Ventura,111,848112,68809,66347,2399,68746,439
2021-01-24,Yolo,113,214977,11798,11210,120,11330,140
2021-01-24,Yuba,115,75493,5033,4875,66,4941,31
2021-01-23,Alameda,001,1643700,72767,70080,1493,71573,780
2021-01-23,Alpine,002,1148,73,72,0,72,0
2021-01-23,Amador,005,37829,3130,3049,24,3073,30
2021-01-23,Butte,007,227075,10390,9757,1443,11200,133
2021-01-23,Calaveras,009,45235,1706,1695,10,1705,21
2021-01-23,Colusa,011,21464,1727,1672,188,1860,8
2021-01-23,Contra Costa,013,1133247,56747,54162,922,55084,487
2021-01-23,Del Norte,015,27424,883,855,4,859,2
2021-01-23,El Dorado,017,186661,8451,7984,553,8537,66
2021-01-23,Fresno,019,978130,89340,85274,6664,91938,910
2021-01-23,Glenn,021,27897,2085,2015,423,2438,13
2021-01-23,Humboldt,023,135768,2681,2493,16,2509,23
2021-01-23,Imperial,025,180216,26247,25581,2267,27848,487
2021-01-23,Inyo,027,18085,1046,987,8,995,27
2021-01-23,Kern,029,883053,86105,82602,7943,90545,783
2021-01-23,Kings,031,150075,20596,19904,817,20721,159
2021-01-23,Lake,033,64148,2807,2673,0,2673,32
2021-01-23,Lassen,035,31185,4891,4816,80,4896,1
2021-01-23,Los Angeles,037,10098052,1092974,1040961,34182,1075143,15034
2021-01-23,Madera,039,155013,14455,13858,683,14541,86
2021-01-23,Marin,041,260295,12136,11796,126,11922,177
2021-01-23,Mariposa,043,17540,346,323,3,326,3
2021-01-23,Mendocino,045,87422,3203,2991,60,3051,32
2021-01-23,Merced,047,269075,25455,24787,692,25479,303
2021-01-23,Modoc,049,8938,301,285,91,376,0
2021-01-23,Mono,051,14174,1117,1111,15,1126,3
2021-01-23,Monterey,053,433212,38552,37165,1259,38424,253
2021-01-23,Napa,055,140530,8225,7893,30,7923,43
2021-01-23,Nevada,057,99092,3547,3332,137,3469,18
2021-01-23,Orange,059,3164182,229020,221722,9118,230840,2618
2021-01-23,Placer,061,380077,18945,17617,917,18534,193
2021-01-23,Plumas,063,18699,609,528,10,538,2
2021-01-23,Riverside,065,2383286,265628,253636,12328,265964,2733
2021-01-23,Sacramento,067,1510023,85720,83408,1009,84417,1108
2021-01-23,San Benito,069,59416,5286,5166,62,5228,43
2021-01-23,San Bernardino,071,2135413,271046,260381,7800,268181,1922
2021-01-23,San Diego,073,3302833,239308,225556,11095,236651,2344
2021-01-23,San Francisco,075,870044,30966,30308,745,31053,268
2021-01-23,San Joaquin,077,732212,61126,58164,2353,60517,836
2021-01-23,San Luis Obispo,079,281455,17557,16652,448,17100,176
2021-01-23,San Mateo,081,765935,35768,33696,303,33999,213
2021-01-23,Santa Barbara,083,443738,28189,26234,822,27056,264
2021-01-23,Santa Clara,085,1922200,100107,97189,440,97629,1086
2021-01-23,Santa Cruz,087,273765,14006,12771,650,13421,127
2021-01-23,Shasta,089,179085,10134,9951,1038,10989,103
2021-01-23,Sierra,091,2930,47,41,12,53,0
2021-01-23,Siskiyou,093,43540,1285,1190,182,1372,4
2021-01-23,Solano,095,438530,27256,26261,295,26556,107
2021-01-23,Sonoma,097,501317,25451,24790,127,24917,232
2021-01-23,Stanislaus,099,539301,45754,43723,4561,48284,599
2021-01-23,Sutter,101,95872,8082,7943,75,8018,80
2021-01-23,Tehama,103,63373,4175,4006,441,4447,20
2021-01-23,Trinity,105,12862,439,262,63,325,3
2021-01-23,Tulare,107,460477,44545,42661,6213,48874,575
2021-01-23,Tuolumne,109,53932,3431,3407,34,3441,29
2021-01-23,Ventura,111,848112,68353,65581,2376,67957,438
2021-01-23,Yolo,113,214977,11757,11087,118,11205,141
2021-01-23,Yuba,115,75493,5021,4831,65,4896,30
2021-01-22,Alameda,001,1643700,72449,69693,1486,71179,751
2021-01-22,Alpine,002,1148,73,71,0,71,0
2021-01-22,Amador,005,37829,3125,3042,24,3066,30
2021-01-22,Butte,007,227075,10346,9711,1430,11141,133
2021-01-22,Calaveras,009,45235,1697,1672,10,1682,21
2021-01-22,Colusa,011,21464,1725,1668,188,1856,7
2021-01-22,Contra Costa,013,1133247,56509,53887,916,54803,485
2021-01-22,Del Norte,015,27424,882,852,4,856,2
2021-01-22,El Dorado,017,186661,8418,7877,550,8427,64
2021-01-22,Fresno,019,978130,89000,84744,6636,91380,892
2021-01-22,Glenn,021,27897,2080,1985,417,2402,13
2021-01-22,Humboldt,023,135768,2657,2452,16,2468,23
2021-01-22,Imperial,025,180216,26213,25562,2252,27814,474
2021-01-22,Inyo,027,18085,1035,961,8,969,26
2021-01-22,Kern,029,883053,85808,82101,7867,89968,771
2021-01-22,Kings,031,150075,20520,19760,813,20573,159
2021-01-22,Lake,033,64148,2795,2681,0,2681,32
2021-01-22,Lassen,035,31185,4882,4765,79,4844,1
2021-01-22,Los Angeles,037,10098052,1088504,1031177,33995,1065172,14777
2021-01-22,Madera,039,155013,14395,13781,682,14463,86
2021-01-22,Marin,041,260295,12099,11769,124,11893,177
2021-01-22,Mariposa,043,17540,346,323,3,326,3
2021-01-22,Mendocino,045,87422,3178,2994,59,3053,32
2021-01-22,Merced,047,269075,25332,24616,685,25301,290
2021-01-22,Modoc,049,8938,301,285,91,376,0
2021-01-22,Mono,051,14174,1117,1108,15,1123,3
2021-01-22,Monterey,053,433212,38399,36909,1254,38163,253
2021-01-22,Napa,055,140530,8181,7828,30,7858,40
2021-01-22,Nevada,057,99092,3522,3296,136,3432,18
2021-01-22,Orange,059,3164182,228067,220384,9071,229455,2542
2021-01-22,Placer,061,380077,18888,17636,902,18538,193
2021-01-22,Plumas,063,18699,607,522,10,532,2
2021-01-22,Riverside,065,2383286,264484,252440,12262,264702,2710
2021-01-22,Sacramento,067,1510023,85389,82861,1001,83862,1094
2021-01-22,San Benito,069,59416,5260,5143,62,5205,43
2021-01-22,San Bernardino,071,2135413,270243,259121,7770,266891,1849
2021-01-22,San Diego,073,3302833,238068,222576,11030,233606,2301
2021-01-22,San Francisco,075,870044,30852,30027,728,30755,266
2021-01-22,San Joaquin,077,732212,60942,58485,2341,60826,812
2021-01-22,San Luis Obispo,079,281455,17467,16336,445,16781,172
2021-01-22,San Mateo,081,765935,35546,33401,300,33701,211
2021-01-22,Santa Barbara,083,443738,27989,25989,811,26800,256
2021-01-22,Santa Clara,085,1922200,99661,96435,437,96872,1062
2021-01-22,Santa Cruz,087,273765,13948,12687,646,13333,123
2021-01-22,Shasta,089,179085,10114,9866,1036,10902,103
2021-01-22,Sierra,091,2930,47,40,12,52,0
2021-01-22,Siskiyou,093,43540,1281,1182,180,1362,4
2021-01-22,Solano,095,438530,27165,26048,293,26341,107
2021-01-22,Sonoma,097,501317,25366,24659,127,24786,232
2021-01-22,Stanislaus,099,539301,45588,43489,4535,48024,599
2021-01-22,Sutter,101,95872,8057,7878,75,7953,80
2021-01-22,Tehama,103,63373,4161,3993,439,4432,19
2021-01-22,Trinity,105,12862,438,263,63,326,3
2021-01-22,Tulare,107,460477,44366,42307,6146,48453,573
2021-01-22,Tuolumne,109,53932,3403,3379,34,3413,29
2021-01-22,Ventura,111,848112,67840,64404,2357,66761,426
2021-01-22,Yolo,113,214977,11724,11014,116,11130,141
2021-01-22,Yuba,115,75493,4997,4789,63,4852,29
2021-01-21,Alameda,001,1643700,72015,69314,1469,70783,739
2021-01-21,Alpine,002,1148,73,71,0,71,0
2021-01-21,Amador,005,37829,3103,3038,24,3062,29
2021-01-21,Butte,007,227075,10282,9643,1423,11066,130
2021-01-21,Calaveras,009,45235,1689,1647,10,1657,21
2021-01-21,Colusa,011,21464,1718,1662,186,1848,7
2021-01-21,Contra Costa,013,1133247,56119,53595,904,54499,478
2021-01-21,Del Norte,015,27424,880,850,3,853,2
2021-01-21,El Dorado,017,186661,8369,7823,547,8370,58
2021-01-21,Fresno,019,978130,88596,84137,6596,90733,889
2021-01-21,Glenn,021,27897,2072,1964,412,2376,13
2021-01-21,Humboldt,023,135768,2634,2423,16,2439,23
2021-01-21,Imperial,025,180216,26128,25509,2240,27749,463
2021-01-21,Inyo,027,18085,1026,946,8,954,26
2021-01-21,Kern,029,883053,85395,81328,7752,89080,769
2021-01-21,Kings,031,150075,20449,19633,796,20429,158
2021-01-21,Lake,033,64148,2781,2669,0,2669,32
2021-01-21,Lassen,035,31185,4875,4763,79,4842,1
2021-01-21,Los Angeles,037,10098052,1081836,1023055,33683,1056738,14537
2021-01-21,Madera,039,155013,14331,13664,674,14338,86
2021-01-21,Marin,041,260295,12045,11732,122,11854,173
2021-01-21,Mariposa,043,17540,342,322,3,325,3
2021-01-21,Mendocino,045,87422,3155,2967,57,3024,32
2021-01-21,Merced,047,269075,25178,24426,678,25104,245
2021-01-21,Modoc,049,8938,298,284,90,374,0
2021-01-21,Mono,051,14174,1112,1104,15,1119,3
2021-01-21,Monterey,053,433212,38118,36149,1245,37394,253
2021-01-21,Napa,055,140530,8117,7774,30,7804,40
2021-01-21,Nevada,057,99092,3493,3274,135,3409,18
2021-01-21,Orange,059,3164182,226691,218867,9017,227884,2540
2021-01-21,Placer,061,380077,18810,17553,898,18451,190
2021-01-21,Plumas,063,18699,603,518,10,528,2
2021-01-21,Riverside,065,2383286,262768,251007,12184,263191,2676
2021-01-21,Sacramento,067,1510023,84910,82303,981,83284,1084
2021-01-21,San Benito,069,59416,5230,5100,57,5157,43
2021-01-21,San Bernardino,071,2135413,268925,257754,7705,265459,1832
2021-01-21,San Diego,073,3302833,236293,219729,10923,230652,2222
2021-01-21,San Francisco,075,870044,30679,29801,694,30495,266
2021-01-21,San Joaquin,077,732212,60636,58270,2323,60593,806
2021-01-21,San Luis Obispo,079,281455,17381,16153,437,16590,169
2021-01-21,San Mateo,081,765935,35300,33156,287,33443,210
2021-01-21,Santa Barbara,083,443738,27701,25654,798,26452,253
2021-01-21,Santa Clara,085,1922200,99074,96028,432,96460,1062
2021-01-21,Santa Cruz,087,273765,13864,12548,636,13184,119
2021-01-21,Shasta,089,179085,10071,9795,1021,10816,98
2021-01-21,Sierra,091,2930,47,40,12,52,0
2021-01-21,Siskiyou,093,43540,1278,1178,178,1356,4
2021-01-21,Solano,095,438530,26987,25885,289,26174,106
2021-01-21,Sonoma,097,501317,25226,24440,125,24565,230
2021-01-21,Stanislaus,099,539301,45290,43223,4491,47714,599
2021-01-21,Sutter,101,95872,8023,7822,75,7897,80
2021-01-21,Tehama,103,63373,4122,3938,438,4376,19
2021-01-21,Trinity,105,12862,438,261,63,324,3
2021-01-21,Tulare,107,460477,44155,42082,6072,48154,569
2021-01-21,Tuolumne,109,53932,3393,3365,33,3398,29
2021-01-21,Ventura,111,848112,67141,63995,2337,66332,420
2021-01-21,Yolo,113,214977,11633,10940,108,11048,141
2021-01-21,Yuba,115,75493,4965,4757,62,4819,29
2021-01-20,Alameda,001,1643700,71542,68785,1453,70238,702
2021-01-20,Alpine,002,1148,73,71,0,71,0
2021-01-20,Amador,005,37829,3072,3036,24,3060,29
2021-01-20,Butte,007,227075,10226,9582,1413,10995,130
2021-01-20,Calaveras,009,45235,1667,1637,9,1646,21
2021-01-20,Colusa,011,21464,1701,1630,181,1811,7
2021-01-20,Contra Costa,013,1133247,55692,53108,895,54003,461
2021-01-20,Del Norte,015,27424,879,848,3,851,2
2021-01-20,El Dorado,017,186661,8319,7785,544,8329,53
2021-01-20,Fresno,019,978130,88177,83591,6542,90133,872
2021-01-20,Glenn,021,27897,2053,1955,410,2365,13
2021-01-20,Humboldt,023,135768,2591,2390,16,2406,22
2021-01-20,Imperial,025,180216,26056,25380,2206,27586,461
2021-01-20,Inyo,027,18085,1016,901,8,909,26
2021-01-20,Kern,029,883053,84945,80701,7647,88348,754
2021-01-20,Kings,031,150075,20359,19522,788,20310,146
2021-01-20,Lake,033,64148,2761,2646,0,2646,31
2021-01-20,Lassen,035,31185,4867,4758,77,4835,1
2021-01-20,Los Angeles,037,10098052,1074334,1015608,33405,1049013,14299
2021-01-20,Madera,039,155013,14266,13585,670,14255,86
2021-01-20,Marin,041,260295,11989,11684,120,11804,171
2021-01-20,Mariposa,043,17540,340,322,3,325,3
2021-01-20,Mendocino,045,87422,3140,2957,57,3014,32
2021-01-20,Merced,047,269075,25005,24220,656,24876,243
2021-01-20,Modoc,049,8938,297,282,90,372,0
2021-01-20,Mono,051,14174,1105,1105,14,1119,3
2021-01-20,Monterey,053,433212,37806,35960,1225,37185,249
2021-01-20,Napa,055,140530,8048,7731,30,7761,40
2021-01-20,Nevada,057,99092,3461,3238,135,3373,18
2021-01-20,Orange,059,3164182,225154,216893,8956,225849,2500
2021-01-20,Placer,061,380077,18716,17455,880,18335,186
2021-01-20,Plumas,063,18699,601,512,10,522,2
2021-01-20,Riverside,065,2383286,260724,248686,12101,260787,2615
2021-01-20,Sacramento,067,1510023,84350,81687,971,82658,1072
2021-01-20,San Benito,069,59416,5199,5036,56,5092,35
2021-01-20,San Bernardino,071,2135413,267603,255921,7658,263579,1801
2021-01-20,San Diego,073,3302833,234438,218553,10819,229372,2174
2021-01-20,San Francisco,075,870044,30492,29665,673,30338,262
2021-01-20,San Joaquin,077,732212,60233,58025,2314,60339,783
2021-01-20,San Luis Obispo,079,281455,17199,15936,428,16364,164
2021-01-20,San Mateo,081,765935,35073,32929,286,33215,210
2021-01-20,Santa Barbara,083,443738,27383,25312,786,26098,248
2021-01-20,Santa Clara,085,1922200,98429,94995,430,95425,1040
2021-01-20,Santa Cruz,087,273765,13757,12460,623,13083,107
2021-01-20,Shasta,089,179085,10019,9697,1011,10708,98
2021-01-20,Sierra,091,2930,47,40,12,52,0
2021-01-20,Siskiyou,093,43540,1271,1163,177,1340,4
2021-01-20,Solano,095,438530,26794,25659,285,25944,106
2021-01-20,Sonoma,097,501317,25089,24262,123,24385,223
2021-01-20,Stanislaus,099,539301,45010,42955,4453,47408,585
2021-01-20,Sutter,101,95872,7972,7772,73,7845,80
2021-01-20,Tehama,103,63373,4096,3892,435,4327,19
2021-01-20,Trinity,105,12862,438,260,63,323,3
2021-01-20,Tulare,107,460477,43898,41799,5982,47781,559
2021-01-20,Tuolumne,109,53932,3379,3355,32,3387,29
2021-01-20,Ventura,111,848112,66180,63413,2308,65721,395
2021-01-20,Yolo,113,214977,11568,10852,105,10957,141
2021-01-20,Yuba,115,75493,4938,4729,62,4791,29
2021-01-19,Alameda,001,1643700,70901,68434,1444,69878,680
2021-01-19,Alpine,002,1148,73,71,0,71,0
2021-01-19,Amador,005,37829,3063,3024,24,3048,28
2021-01-19,Butte,007,227075,10163,9528,1399,10927,129
2021-01-19,Calaveras,009,45235,1652,1621,8,1629,21
2021-01-19,Colusa,011,21464,1679,1617,178,1795,7
2021-01-19,Contra Costa,013,1133247,55230,52730,885,53615,448
2021-01-19,Del Norte,015,27424,877,843,3,846,2
2021-01-19,El Dorado,017,186661,8258,7743,536,8279,47
2021-01-19,Fresno,019,978130,87655,83200,6492,89692,857
2021-01-19,Glenn,021,27897,2041,1948,405,2353,13
2021-01-19,Humboldt,023,135768,2567,2359,13,2372,22
2021-01-19,Imperial,025,180216,25976,25333,2189,27522,452
2021-01-19,Inyo,027,18085,1008,891,8,899,26
2021-01-19,Kern,029,883053,84357,80272,7542,87814,742
2021-01-19,Kings,031,150075,20220,19375,778,20153,143
2021-01-19,Lake,033,64148,2748,2625,0,2625,31
2021-01-19,Lassen,035,31185,4860,4753,77,4830,1
2021-01-19,Los Angeles,037,10098052,1065661,1010375,33141,1043516,14014
2021-01-19,Madera,039,155013,14155,13528,665,14193,86
2021-01-19,Marin,041,260295,11934,11654,116,11770,169
2021-01-19,Mariposa,043,17540,340,322,3,325,3
2021-01-19,Mendocino,045,87422,3123,2930,57,2987,32
2021-01-19,Merced,047,269075,24793,24108,647,24755,242
2021-01-19,Modoc,049,8938,296,281,90,371,0
2021-01-19,Mono,051,14174,1104,1106,14,1120,3
2021-01-19,Monterey,053,433212,37505,35840,1204,37044,248
2021-01-19,Napa,055,140530,7990,7672,30,7702,38
2021-01-19,Nevada,057,99092,3443,3216,133,3349,18
2021-01-19,Orange,059,3164182,223421,215244,8889,224133,2468
2021-01-19,Placer,061,380077,18619,17348,870,18218,182
2021-01-19,Plumas,063,18699,594,509,10,519,2
2021-01-19,Riverside,065,2383286,258637,246248,12023,258271,2585
2021-01-19,Sacramento,067,1510023,83813,81183,951,82134,1053
2021-01-19,San Benito,069,59416,5153,4988,55,5043,35
2021-01-19,San Bernardino,071,2135413,265900,253651,7604,261255,1777
2021-01-19,San Diego,073,3302833,232015,216833,10721,227554,2109
2021-01-19,San Francisco,075,870044,30273,29502,642,30144,261
2021-01-19,San Joaquin,077,732212,59853,57655,2303,59958,782
2021-01-19,San Luis Obispo,079,281455,16936,15855,425,16280,161
2021-01-19,San Mateo,081,765935,34788,32730,275,33005,208
2021-01-19,Santa Barbara,083,443738,26999,24991,770,25761,236
2021-01-19,Santa Clara,085,1922200,97694,94483,429,94912,1010
2021-01-19,Santa Cruz,087,273765,13640,12410,615,13025,106
2021-01-19,Shasta,089,179085,9983,9614,1001,10615,93
2021-01-19,Sierra,091,2930,47,40,10,50,0
2021-01-19,Siskiyou,093,43540,1263,1149,175,1324,4
2021-01-19,Solano,095,438530,26546,25520,284,25804,106
2021-01-19,Sonoma,097,501317,24909,24133,121,24254,223
2021-01-19,Stanislaus,099,539301,44662,42723,4408,47131,561
2021-01-19,Sutter,101,95872,7922,7709,67,7776,80
2021-01-19,Tehama,103,63373,4066,3876,433,4309,19
2021-01-19,Trinity,105,12862,437,260,63,323,3
2021-01-19,Tulare,107,460477,43619,41559,5887,47446,549
2021-01-19,Tuolumne,109,53932,3352,3328,32,3360,29
2021-01-19,Ventura,111,848112,65496,62656,2281,64937,383
2021-01-19,Yolo,113,214977,11483,10789,105,10894,134
2021-01-19,Yuba,115,75493,4905,4695,61,4756,29
2021-01-18,Alameda,001,1643700,70269,67938,1427,69365,680
2021-01-18,Alpine,002,1148,73,71,0,71,0
2021-01-18,Amador,005,37829,3049,3016,24,3040,28
2021-01-18,Butte,007,227075,10077,9474,1387,10861,129
2021-01-18,Calaveras,009,45235,1631,1617,7,1624,21
2021-01-18,Colusa,011,21464,1663,1608,176,1784,7
2021-01-18,Contra Costa,013,1133247,54721,52323,877,53200,448
2021-01-18,Del Norte,015,27424,876,840,3,843,2
2021-01-18,El Dorado,017,186661,8192,7707,534,8241,47
2021-01-18,Fresno,019,978130,87044,82485,6426,88911,857
2021-01-18,Glenn,021,27897,2024,1935,401,2336,13
2021-01-18,Humboldt,023,135768,2529,2343,13,2356,22
2021-01-18,Imperial,025,180216,25908,25317,2165,27482,452
2021-01-18,Inyo,027,18085,996,872,8,880,26
2021-01-18,Kern,029,883053,83720,79930,7451,87381,740
2021-01-18,Kings,031,150075,20050,19267,766,20033,141
2021-01-18,Lake,033,64148,2731,2591,0,2591,30
2021-01-18,Lassen,035,31185,4824,4749,76,4825,1
2021-01-18,Los Angeles,037,10098052,1056148,1002614,32858,1035472,13828
2021-01-18,Madera,039,155013,14053,13443,656,14099,85
2021-01-18,Marin,041,260295,11888,11607,114,11721,165
2021-01-18,Mariposa,043,17540,337,320,2,322,3
2021-01-18,Mendocino,045,87422,3100,2919,57,2976,31
2021-01-18,Merced,047,269075,24548,23927,631,24558,242
2021-01-18,Modoc,049,8938,293,281,87,368,0
2021-01-18,Mono,051,14174,1101,1101,14,1115,3
2021-01-18,Monterey,053,433212,37063,35549,1190,36739,247
2021-01-18,Napa,055,140530,7917,7601,30,7631,38
2021-01-18,Nevada,057,99092,3405,3199,133,3332,17
2021-01-18,Orange,059,3164182,221534,213866,8835,222701,2405
2021-01-18,Placer,061,380077,18503,17263,861,18124,182
2021-01-18,Plumas,063,18699,591,506,10,516,2
2021-01-18,Riverside,065,2383286,256326,244151,11930,256081,2568
2021-01-18,Sacramento,067,1510023,83143,80546,935,81481,1046
2021-01-18,San Benito,069,59416,5105,4963,53,5016,35
2021-01-18,San Bernardino,071,2135413,264182,252808,7549,260357,1775
2021-01-18,San Diego,073,3302833,229366,214335,10592,224927,2103
2021-01-18,San Francisco,075,870044,30066,29321,618,29939,259
2021-01-18,San Joaquin,077,732212,59341,57405,2282,59687,782
2021-01-18,San Luis Obispo,079,281455,16749,15742,415,16157,158
2021-01-18,San Mateo,081,765935,34476,32515,256,32771,208
2021-01-18,Santa Barbara,083,443738,26620,24638,757,25395,235
2021-01-18,Santa Clara,085,1922200,96907,93688,425,94113,992
2021-01-18,Santa Cruz,087,273765,13507,12298,602,12900,106
2021-01-18,Shasta,089,179085,9944,9600,991,10591,92
2021-01-18,Sierra,091,2930,46,40,10,50,0
2021-01-18,Siskiyou,093,43540,1250,1144,174,1318,4
2021-01-18,Solano,095,438530,26268,25344,280,25624,105
2021-01-18,Sonoma,097,501317,24641,24068,120,24188,223
2021-01-18,Stanislaus,099,539301,44305,42413,4352,46765,562
2021-01-18,Sutter,101,95872,7865,7680,65,7745,78
2021-01-18,Tehama,103,63373,4021,3854,426,4280,19
2021-01-18,Trinity,105,12862,437,260,63,323,3
2021-01-18,Tulare,107,460477,43329,41196,5781,46977,549
2021-01-18,Tuolumne,109,53932,3328,3318,31,3349,28
2021-01-18,Ventura,111,848112,65063,61859,2259,64118,379
2021-01-18,Yolo,113,214977,11361,10620,102,10722,134
2021-01-18,Yuba,115,75493,4878,4671,59,4730,29
2021-01-17,Alameda,001,1643700,69705,67375,1409,68784,676
2021-01-17,Alpine,002,1148,73,71,0,71,0
2021-01-17,Amador,005,37829,3042,3001,24,3025,28
2021-01-17,Butte,007,227075,10002,9411,1363,10774,129
2021-01-17,Calaveras,009,45235,1618,1608,7,1615,21
2021-01-17,Colusa,011,21464,1650,1588,172,1760,7
2021-01-17,Contra Costa,013,1133247,54214,51932,866,52798,447
2021-01-17,Del Norte,015,27424,876,838,3,841,2
2021-01-17,El Dorado,017,186661,8137,7659,523,8182,47
2021-01-17,Fresno,019,978130,86490,82039,6351,88390,857
2021-01-17,Glenn,021,27897,2013,1924,396,2320,9
2021-01-17,Humboldt,023,135768,2493,2322,11,2333,22
2021-01-17,Imperial,025,180216,25837,25253,2124,27377,451
2021-01-17,Inyo,027,18085,990,864,8,872,26
2021-01-17,Kern,029,883053,83171,79489,7365,86854,738
2021-01-17,Kings,031,150075,19914,19201,752,19953,131
2021-01-17,Lake,033,64148,2717,2572,0,2572,30
2021-01-17,Lassen,035,31185,4816,4740,75,4815,1
2021-01-17,Los Angeles,037,10098052,1049485,993028,32473,1025501,13741
2021-01-17,Madera,039,155013,13963,13328,652,13980,85
2021-01-17,Marin,041,260295,11839,11552,112,11664,164
2021-01-17,Mariposa,043,17540,337,319,2,321,3
2021-01-17,Mendocino,045,87422,3072,2912,56,2968,31
2021-01-17,Merced,047,269075,24335,23800,613,24413,242
2021-01-17,Modoc,049,8938,292,279,87,366,0
2021-01-17,Mono,051,14174,1094,1091,13,1104,3
2021-01-17,Monterey,053,433212,36819,35340,1164,36504,244
2021-01-17,Napa,055,140530,7862,7521,30,7551,38
2021-01-17,Nevada,057,99092,3380,3176,131,3307,17
2021-01-17,Orange,059,3164182,219540,212389,8762,221151,2359
2021-01-17,Placer,061,380077,18397,17194,846,18040,181
2021-01-17,Plumas,063,18699,589,505,9,514,2
2021-01-17,Riverside,065,2383286,254216,242206,11814,254020,2534
2021-01-17,Sacramento,067,1510023,82543,80154,923,81077,1045
2021-01-17,San Benito,069,59416,5067,4941,53,4994,35
2021-01-17,San Bernardino,071,2135413,262083,251487,7462,258949,1775
2021-01-17,San Diego,073,3302833,227172,211785,10485,222270,2103
2021-01-17,San Francisco,075,870044,29877,29139,581,29720,255
2021-01-17,San Joaquin,077,732212,58984,57094,2268,59362,780
2021-01-17,San Luis Obispo,079,281455,16627,15658,406,16064,157
2021-01-17,San Mateo,081,765935,34224,32186,233,32419,208
2021-01-17,Santa Barbara,083,443738,26159,24401,745,25146,235
2021-01-17,Santa Clara,085,1922200,96147,92752,422,93174,976
2021-01-17,Santa Cruz,087,273765,13395,12196,599,12795,106
2021-01-17,Shasta,089,179085,9886,9588,983,10571,92
2021-01-17,Sierra,091,2930,46,38,9,47,0
2021-01-17,Siskiyou,093,43540,1243,1136,171,1307,4
2021-01-17,Solano,095,438530,26042,25216,278,25494,105
2021-01-17,Sonoma,097,501317,24467,23871,120,23991,223
2021-01-17,Stanislaus,099,539301,43985,42221,4289,46510,562
2021-01-17,Sutter,101,95872,7802,7604,64,7668,77
2021-01-17,Tehama,103,63373,3990,3837,422,4259,18
2021-01-17,Trinity,105,12862,437,261,63,324,3
2021-01-17,Tulare,107,460477,43042,41016,5665,46681,549
2021-01-17,Tuolumne,109,53932,3311,3287,31,3318,27
2021-01-17,Ventura,111,848112,64212,61257,2212,63469,376
2021-01-17,Yolo,113,214977,11262,10519,100,10619,134
2021-01-17,Yuba,115,75493,4831,4640,56,4696,28
2021-01-16,Alameda,001,1643700,69383,66583,1397,67980,673
2021-01-16,Alpine,002,1148,73,71,0,71,0
2021-01-16,Amador,005,37829,3039,2986,24,3010,28
2021-01-16,Butte,007,227075,9971,9359,1343,10702,129
2021-01-16,Calaveras,009,45235,1605,1596,7,1603,21
2021-01-16,Colusa,011,21464,1639,1578,172,1750,7
2021-01-16,Contra Costa,013,1133247,53935,51363,859,52222,443
2021-01-16,Del Norte,015,27424,871,833,3,836,2
2021-01-16,El Dorado,017,186661,8115,7575,522,8097,47
2021-01-16,Fresno,019,978130,86214,81294,6297,87591,846
2021-01-16,Glenn,021,27897,2009,1894,393,2287,9
2021-01-16,Humboldt,023,135768,2473,2294,9,2303,22
2021-01-16,Imperial,025,180216,25799,25140,2117,27257,451
2021-01-16,Inyo,027,18085,986,845,8,853,25
2021-01-16,Kern,029,883053,82804,78865,7311,86176,733
2021-01-16,Kings,031,150075,19858,19072,749,19821,131
2021-01-16,Lake,033,64148,2705,2504,0,2504,30
2021-01-16,Lassen,035,31185,4804,4719,75,4794,1
2021-01-16,Los Angeles,037,10098052,1045399,982684,32239,1014923,13654
2021-01-16,Madera,039,155013,13897,13193,647,13840,85
2021-01-16,Marin,041,260295,11797,11482,112,11594,164
2021-01-16,Mariposa,043,17540,336,317,2,319,3
2021-01-16,Mendocino,045,87422,3058,2890,53,2943,31
2021-01-16,Merced,047,269075,24248,23478,599,24077,242
2021-01-16,Modoc,049,8938,292,278,87,365,0
2021-01-16,Mono,051,14174,1092,1079,13,1092,3
2021-01-16,Monterey,053,433212,36708,34972,1148,36120,243
2021-01-16,Napa,055,140530,7823,7356,30,7386,39
2021-01-16,Nevada,057,99092,3347,3144,131,3275,17
2021-01-16,Orange,059,3164182,218507,210111,8706,218817,2312
2021-01-16,Placer,061,380077,18333,16995,844,17839,177
2021-01-16,Plumas,063,18699,587,502,9,511,2
2021-01-16,Riverside,065,2383286,252858,239412,11699,251111,2506
2021-01-16,Sacramento,067,1510023,82169,79122,906,80028,1033
2021-01-16,San Benito,069,59416,5034,4875,53,4928,35
2021-01-16,San Bernardino,071,2135413,261255,249401,7395,256796,1755
2021-01-16,San Diego,073,3302833,225874,209895,10388,220283,2065
2021-01-16,San Francisco,075,870044,29748,28853,550,29403,244
2021-01-16,San Joaquin,077,732212,58741,56642,2235,58877,776
2021-01-16,San Luis Obispo,079,281455,16526,15466,404,15870,152
2021-01-16,San Mateo,081,765935,34059,31805,227,32032,208
2021-01-16,Santa Barbara,083,443738,25958,24088,741,24829,229
2021-01-16,Santa Clara,085,1922200,95652,91584,415,91999,954
2021-01-16,Santa Cruz,087,273765,13336,12026,597,12623,106
2021-01-16,Shasta,089,179085,9853,9547,979,10526,92
2021-01-16,Sierra,091,2930,45,38,9,47,0
2021-01-16,Siskiyou,093,43540,1238,1124,171,1295,4
2021-01-16,Solano,095,438530,25933,24732,274,25006,103
2021-01-16,Sonoma,097,501317,24376,23607,119,23726,223
2021-01-16,Stanislaus,099,539301,43797,41809,4239,46048,562
2021-01-16,Sutter,101,95872,7770,7560,64,7624,76
2021-01-16,Tehama,103,63373,3976,3783,422,4205,18
2021-01-16,Trinity,105,12862,437,261,63,324,3
2021-01-16,Tulare,107,460477,42863,40655,5592,46247,542
2021-01-16,Tuolumne,109,53932,3303,3269,31,3300,27
2021-01-16,Ventura,111,848112,63659,60368,2182,62550,369
2021-01-16,Yolo,113,214977,11211,10406,99,10505,134
2021-01-16,Yuba,115,75493,4803,4602,56,4658,27
2021-01-15,Alameda,001,1643700,68955,65416,1386,66802,672
2021-01-15,Alpine,002,1148,73,71,0,71,0
2021-01-15,Amador,005,37829,3032,2953,24,2977,28
2021-01-15,Butte,007,227075,9929,9233,1329,10562,129
2021-01-15,Calaveras,009,45235,1598,1538,7,1545,21
2021-01-15,Colusa,011,21464,1628,1541,167,1708,7
2021-01-15,Contra Costa,013,1133247,53599,50408,852,51260,428
2021-01-15,Del Norte,015,27424,867,828,2,830,2
2021-01-15,El Dorado,017,186661,8065,7439,514,7953,47
2021-01-15,Fresno,019,978130,85677,79950,6261,86211,832
2021-01-15,Glenn,021,27897,2005,1824,390,2214,9
2021-01-15,Humboldt,023,135768,2446,2218,8,2226,22
2021-01-15,Imperial,025,180216,25763,24944,2111,27055,446
2021-01-15,Inyo,027,18085,969,814,8,822,25
2021-01-15,Kern,029,883053,82388,77873,7246,85119,719
2021-01-15,Kings,031,150075,19749,18661,743,19404,131
2021-01-15,Lake,033,64148,2679,2434,0,2434,28
2021-01-15,Lassen,035,31185,4793,4693,73,4766,1
2021-01-15,Los Angeles,037,10098052,1038345,968979,31958,1000937,13404
2021-01-15,Madera,039,155013,13807,12883,643,13526,85
2021-01-15,Marin,041,260295,11741,11310,112,11422,160
2021-01-15,Mariposa,043,17540,334,307,2,309,3
2021-01-15,Mendocino,045,87422,3047,2835,53,2888,31
2021-01-15,Merced,047,269075,24136,23060,595,23655,239
2021-01-15,Modoc,049,8938,292,278,85,363,0
2021-01-15,Mono,051,14174,1089,1057,13,1070,3
2021-01-15,Monterey,053,433212,36491,34460,1091,35551,243
2021-01-15,Napa,055,140530,7761,7231,30,7261,38
2021-01-15,Nevada,057,99092,3334,3099,128,3227,17
2021-01-15,Orange,059,3164182,217152,207129,8654,215783,2254
2021-01-15,Placer,061,380077,18228,16712,835,17547,173
2021-01-15,Plumas,063,18699,584,499,9,508,2
2021-01-15,Riverside,065,2383286,250996,235235,11620,246855,2458
2021-01-15,Sacramento,067,1510023,81746,80279,898,81177,1023
2021-01-15,San Benito,069,59416,4995,4766,51,4817,35
2021-01-15,San Bernardino,071,2135413,260072,246182,7334,253516,1726
2021-01-15,San Diego,073,3302833,224125,206868,10323,217191,2037
2021-01-15,San Francisco,075,870044,29575,28574,530,29104,242
2021-01-15,San Joaquin,077,732212,58513,55885,2221,58106,748
2021-01-15,San Luis Obispo,079,281455,16392,15129,399,15528,148
2021-01-15,San Mateo,081,765935,33814,31291,223,31514,208
2021-01-15,Santa Barbara,083,443738,25675,23487,737,24224,226
2021-01-15,Santa Clara,085,1922200,94991,90103,410,90513,942
2021-01-15,Santa Cruz,087,273765,13227,11776,584,12360,105
2021-01-15,Shasta,089,179085,9814,9459,972,10431,91
2021-01-15,Sierra,091,2930,44,36,7,43,0
2021-01-15,Siskiyou,093,43540,1234,1119,171,1290,4
2021-01-15,Solano,095,438530,25785,24222,272,24494,103
2021-01-15,Sonoma,097,501317,24245,23204,118,23322,222
2021-01-15,Stanislaus,099,539301,43547,41178,4197,45375,562
2021-01-15,Sutter,101,95872,7723,7484,63,7547,75
2021-01-15,Tehama,103,63373,3954,3714,421,4135,17
2021-01-15,Trinity,105,12862,437,262,63,325,3
2021-01-15,Tulare,107,460477,42621,39951,5509,45460,535
2021-01-15,Tuolumne,109,53932,3287,3231,31,3262,27
2021-01-15,Ventura,111,848112,62916,59061,2149,61210,353
2021-01-15,Yolo,113,214977,11153,10240,98,10338,134
2021-01-15,Yuba,115,75493,4783,4549,56,4605,27
2021-01-14,Alameda,001,1643700,68328,64364,1371,65735,686
2021-01-14,Alpine,002,1148,73,71,0,71,0
2021-01-14,Amador,005,37829,3026,2940,24,2964,28
2021-01-14,Butte,007,227075,9841,9127,1308,10435,129
2021-01-14,Calaveras,009,45235,1581,1513,7,1520,21
2021-01-14,Colusa,011,21464,1613,1535,161,1696,7
2021-01-14,Contra Costa,013,1133247,53056,49545,840,50385,415
2021-01-14,Del Norte,015,27424,861,821,2,823,2
2021-01-14,El Dorado,017,186661,7991,7321,507,7828,45
2021-01-14,Fresno,019,978130,85045,79033,6181,85214,814
2021-01-14,Glenn,021,27897,1993,1798,385,2183,9
2021-01-14,Humboldt,023,135768,2403,2169,8,2177,22
2021-01-14,Imperial,025,180216,25657,24882,2081,26963,447
2021-01-14,Inyo,027,18085,962,790,8,798,25
2021-01-14,Kern,029,883053,81716,77070,7145,84215,705
2021-01-14,Kings,031,150075,19619,18405,739,19144,108
2021-01-14,Lake,033,64148,2640,2378,0,2378,27
2021-01-14,Lassen,035,31185,4783,4673,71,4744,1
2021-01-14,Los Angeles,037,10098052,1028316,954652,31593,986245,13147
2021-01-14,Madera,039,155013,13692,12742,634,13376,85
2021-01-14,Marin,041,260295,11665,11155,111,11266,159
2021-01-14,Mariposa,043,17540,331,302,2,304,3
2021-01-14,Mendocino,045,87422,3033,2801,51,2852,31
2021-01-14,Merced,047,269075,23909,22780,585,23365,239
2021-01-14,Modoc,049,8938,292,273,85,358,0
2021-01-14,Mono,051,14174,1081,1020,13,1033,3
2021-01-14,Monterey,053,433212,36070,34105,1069,35174,242
2021-01-14,Napa,055,140530,7675,7117,30,7147,38
2021-01-14,Nevada,057,99092,3307,3075,126,3201,17
2021-01-14,Orange,059,3164182,215247,204442,8571,213013,2162
2021-01-14,Placer,061,380077,18067,16488,828,17316,169
2021-01-14,Plumas,063,18699,576,496,9,505,2
2021-01-14,Riverside,065,2383286,248349,231684,11519,243203,2357
2021-01-14,Sacramento,067,1510023,81107,79137,875,80012,1007
2021-01-14,San Benito,069,59416,4959,4678,50,4728,35
2021-01-14,San Bernardino,071,2135413,258087,243379,7264,250643,1750
2021-01-14,San Diego,073,3302833,221727,204173,10203,214376,2005
2021-01-14,San Francisco,075,870044,29328,28200,484,28684,238
2021-01-14,San Joaquin,077,732212,57995,55058,2208,57266,739
2021-01-14,San Luis Obispo,079,281455,16230,14851,390,15241,146
2021-01-14,San Mateo,081,765935,33445,30694,214,30908,208
2021-01-14,Santa Barbara,083,443738,25254,23126,720,23846,219
2021-01-14,Santa Clara,085,1922200,94080,88505,404,88909,910
2021-01-14,Santa Cruz,087,273765,13080,11583,569,12152,109
2021-01-14,Shasta,089,179085,9765,9334,956,10290,90
2021-01-14,Sierra,091,2930,44,35,6,41,0
2021-01-14,Siskiyou,093,43540,1222,1108,168,1276,3
2021-01-14,Solano,095,438530,25524,23782,268,24050,103
2021-01-14,Sonoma,097,501317,24005,22910,118,23028,202
2021-01-14,Stanislaus,099,539301,43220,40597,4156,44753,574
2021-01-14,Sutter,101,95872,7664,7416,60,7476,74
2021-01-14,Tehama,103,63373,3925,3664,417,4081,17
2021-01-14,Trinity,105,12862,437,261,62,323,3
2021-01-14,Tulare,107,460477,42237,39565,5400,44965,533
2021-01-14,Tuolumne,109,53932,3266,3215,31,3246,28
2021-01-14,Ventura,111,848112,62042,57941,2112,60053,347
2021-01-14,Yolo,113,214977,11050,10097,92,10189,135
2021-01-14,Yuba,115,75493,4751,4496,56,4552,27
2021-01-13,Alameda,001,1643700,67578,63568,1353,64921,690
2021-01-13,Alpine,002,1148,73,71,0,71,0
2021-01-13,Amador,005,37829,3012,2914,24,2938,26
2021-01-13,Butte,007,227075,9760,9013,1293,10306,126
2021-01-13,Calaveras,009,45235,1559,1493,7,1500,21
2021-01-13,Colusa,011,21464,1603,1524,153,1677,7
2021-01-13,Contra Costa,013,1133247,52483,48877,829,49706,403
2021-01-13,Del Norte,015,27424,857,820,2,822,2
2021-01-13,El Dorado,017,186661,7897,7247,499,7746,43
2021-01-13,Fresno,019,978130,84326,78278,6140,84418,804
2021-01-13,Glenn,021,27897,1977,1792,376,2168,9
2021-01-13,Humboldt,023,135768,2370,2114,8,2122,22
2021-01-13,Imperial,025,180216,25533,24717,2049,26766,463
2021-01-13,Inyo,027,18085,950,785,8,793,25
2021-01-13,Kern,029,883053,81059,76049,7055,83104,704
2021-01-13,Kings,031,150075,19452,18121,718,18839,108
2021-01-13,Lake,033,64148,2599,2305,0,2305,27
2021-01-13,Lassen,035,31185,4776,4663,70,4733,1
2021-01-13,Los Angeles,037,10098052,1017521,937985,31196,969181,12873
2021-01-13,Madera,039,155013,13576,12570,629,13199,85
2021-01-13,Marin,041,260295,11613,11039,111,11150,161
2021-01-13,Mariposa,043,17540,329,304,2,306,3
2021-01-13,Mendocino,045,87422,3013,2790,51,2841,31
2021-01-13,Merced,047,269075,23670,22497,571,23068,241
2021-01-13,Modoc,049,8938,291,274,82,356,0
2021-01-13,Mono,051,14174,1077,1017,13,1030,3
2021-01-13,Monterey,053,433212,35645,33748,1045,34793,241
2021-01-13,Napa,055,140530,7561,7028,30,7058,36
2021-01-13,Nevada,057,99092,3283,3037,123,3160,17
2021-01-13,Orange,059,3164182,213174,201158,8500,209658,2172
2021-01-13,Placer,061,380077,17942,16272,814,17086,172
2021-01-13,Plumas,063,18699,574,490,9,499,2
2021-01-13,Riverside,065,2383286,245202,228192,11406,239598,2278
2021-01-13,Sacramento,067,1510023,80446,78268,868,79136,996
2021-01-13,San Benito,069,59416,4903,4583,49,4632,35
2021-01-13,San Bernardino,071,2135413,255700,240191,7189,247380,1759
2021-01-13,San Diego,073,3302833,219112,201578,10100,211678,1952
2021-01-13,San Francisco,075,870044,29089,27863,464,28327,238
2021-01-13,San Joaquin,077,732212,57373,54373,2180,56553,738
2021-01-13,San Luis Obispo,079,281455,16075,14625,379,15004,140
2021-01-13,San Mateo,081,765935,33106,30195,212,30407,207
2021-01-13,Santa Barbara,083,443738,24812,22714,704,23418,216
2021-01-13,Santa Clara,085,1922200,93107,87187,400,87587,911
2021-01-13,Santa Cruz,087,273765,12907,11423,555,11978,110
2021-01-13,Shasta,089,179085,9701,9180,942,10122,93
2021-01-13,Sierra,091,2930,44,33,6,39,0
2021-01-13,Siskiyou,093,43540,1216,1102,164,1266,3
2021-01-13,Solano,095,438530,25246,23503,265,23768,105
2021-01-13,Sonoma,097,501317,23754,22610,117,22727,206
2021-01-13,Stanislaus,099,539301,42828,40167,4103,44270,574
2021-01-13,Sutter,101,95872,7618,7350,59,7409,73
2021-01-13,Tehama,103,63373,3874,3589,412,4001,17
2021-01-13,Trinity,105,12862,437,260,62,322,3
2021-01-13,Tulare,107,460477,41834,39129,5300,44429,522
2021-01-13,Tuolumne,109,53932,3252,3196,31,3227,28
2021-01-13,Ventura,111,848112,61030,56453,2072,58525,338
2021-01-13,Yolo,113,214977,10951,9933,89,10022,135
2021-01-13,Yuba,115,75493,4706,4448,53,4501,27
2021-01-12,Alameda,001,1643700,66753,62642,1335,63977,677
2021-01-12,Alpine,002,1148,73,71,0,71,0
2021-01-12,Amador,005,37829,2995,2897,24,2921,26
2021-01-12,Butte,007,227075,9672,8883,1279,10162,124
2021-01-12,Calaveras,009,45235,1523,1475,7,1482,21
2021-01-12,Colusa,011,21464,1591,1510,149,1659,7
2021-01-12,Contra Costa,013,1133247,51841,48242,815,49057,399
2021-01-12,Del Norte,015,27424,852,816,2,818,2
2021-01-12,El Dorado,017,186661,7813,7156,488,7644,41
2021-01-12,Fresno,019,978130,83454,77651,6072,83723,796
2021-01-12,Glenn,021,27897,1952,1781,372,2153,9
2021-01-12,Humboldt,023,135768,2316,2077,7,2084,22
2021-01-12,Imperial,025,180216,25441,24566,2008,26574,457
2021-01-12,Inyo,027,18085,932,773,8,781,25
2021-01-12,Kern,029,883053,80351,75320,6960,82280,689
2021-01-12,Kings,031,150075,19241,18072,708,18780,108
2021-01-12,Lake,033,64148,2551,2260,0,2260,27
2021-01-12,Lassen,035,31185,4754,4659,68,4727,1
2021-01-12,Los Angeles,037,10098052,1005859,926295,30800,957095,12610
2021-01-12,Madera,039,155013,13428,12485,620,13105,85
2021-01-12,Marin,041,260295,11506,10960,111,11071,157
2021-01-12,Mariposa,043,17540,326,302,2,304,3
2021-01-12,Mendocino,045,87422,2993,2762,47,2809,31
2021-01-12,Merced,047,269075,23419,22172,549,22721,239
2021-01-12,Modoc,049,8938,289,274,82,356,0
2021-01-12,Mono,051,14174,1067,1008,13,1021,3
2021-01-12,Monterey,053,433212,35154,33381,1028,34409,240
2021-01-12,Napa,055,140530,7477,6936,30,6966,36
2021-01-12,Nevada,057,99092,3255,3014,121,3135,17
2021-01-12,Orange,059,3164182,210902,198260,8414,206674,2142
2021-01-12,Placer,061,380077,17772,16087,808,16895,163
2021-01-12,Plumas,063,18699,568,483,9,492,2
2021-01-12,Riverside,065,2383286,242071,225580,11267,236847,2266
2021-01-12,Sacramento,067,1510023,79718,77201,860,78061,985
2021-01-12,San Benito,069,59416,4834,4515,49,4564,35
2021-01-12,San Bernardino,071,2135413,253115,237008,7120,244128,1739
2021-01-12,San Diego,073,3302833,216197,198317,9983,208300,1898
2021-01-12,San Francisco,075,870044,28812,27531,431,27962,238
2021-01-12,San Joaquin,077,732212,56732,53630,2152,55782,725
2021-01-12,San Luis Obispo,079,281455,15831,14367,371,14738,132
2021-01-12,San Mateo,081,765935,32715,29747,200,29947,206
2021-01-12,Santa Barbara,083,443738,24390,22182,684,22866,209
2021-01-12,Santa Clara,085,1922200,91993,86075,392,86467,904
2021-01-12,Santa Cruz,087,273765,12692,11267,540,11807,110
2021-01-12,Shasta,089,179085,9628,9086,929,10015,84
2021-01-12,Sierra,091,2930,43,33,6,39,0
2021-01-12,Siskiyou,093,43540,1206,1091,157,1248,3
2021-01-12,Solano,095,438530,24945,23160,261,23421,102
2021-01-12,Sonoma,097,501317,23449,22403,117,22520,205
2021-01-12,Stanislaus,099,539301,42389,39615,4068,43683,571
2021-01-12,Sutter,101,95872,7555,7276,58,7334,73
2021-01-12,Tehama,103,63373,3836,3567,407,3974,17
2021-01-12,Trinity,105,12862,437,258,62,320,3
2021-01-12,Tulare,107,460477,41374,38797,5184,43981,509
2021-01-12,Tuolumne,109,53932,3219,3178,31,3209,28
2021-01-12,Ventura,111,848112,60056,55342,2040,57382,324
2021-01-12,Yolo,113,214977,10815,9857,85,9942,133
2021-01-12,Yuba,115,75493,4661,4389,53,4442,27
2021-01-11,Alameda,001,1643700,65901,61949,1317,63266,652
2021-01-11,Alpine,002,1148,73,70,0,70,0
2021-01-11,Amador,005,37829,2981,2867,24,2891,24
2021-01-11,Butte,007,227075,9559,8757,1261,10018,119
2021-01-11,Calaveras,009,45235,1504,1460,7,1467,21
2021-01-11,Colusa,011,21464,1572,1494,144,1638,7
2021-01-11,Contra Costa,013,1133247,51160,47728,804,48532,398
2021-01-11,Del Norte,015,27424,848,810,2,812,2
2021-01-11,El Dorado,017,186661,7719,6987,481,7468,36
2021-01-11,Fresno,019,978130,82576,76581,5996,82577,775
2021-01-11,Glenn,021,27897,1925,1763,366,2129,9
2021-01-11,Humboldt,023,135768,2277,2069,7,2076,22
2021-01-11,Imperial,025,180216,25330,24418,1971,26389,453
2021-01-11,Inyo,027,18085,913,763,8,771,25
2021-01-11,Kern,029,883053,79491,74489,6861,81350,682
2021-01-11,Kings,031,150075,18978,17909,699,18608,108
2021-01-11,Lake,033,64148,2500,2205,0,2205,26
2021-01-11,Lassen,035,31185,4731,4647,68,4715,1
2021-01-11,Los Angeles,037,10098052,992630,914434,30343,944777,12304
2021-01-11,Madera,039,155013,13291,12366,609,12975,85
2021-01-11,Marin,041,260295,11407,10814,110,10924,156
2021-01-11,Mariposa,043,17540,319,296,2,298,3
2021-01-11,Mendocino,045,87422,2965,2728,47,2775,31
2021-01-11,Merced,047,269075,23096,21884,535,22419,238
2021-01-11,Modoc,049,8938,288,271,81,352,0
2021-01-11,Mono,051,14174,1061,1006,13,1019,3
2021-01-11,Monterey,053,433212,34615,32858,966,33824,239
2021-01-11,Napa,055,140530,7375,6822,30,6852,36
2021-01-11,Nevada,057,99092,3227,2980,121,3101,17
2021-01-11,Orange,059,3164182,208316,196340,8314,204654,2113
2021-01-11,Placer,061,380077,17593,15919,799,16718,163
2021-01-11,Plumas,063,18699,564,477,9,486,2
2021-01-11,Riverside,065,2383286,238567,222907,11123,234030,2222
2021-01-11,Sacramento,067,1510023,78785,76009,844,76853,974
2021-01-11,San Benito,069,59416,4761,4482,42,4524,34
2021-01-11,San Bernardino,071,2135413,250317,235543,7023,242566,1739
2021-01-11,San Diego,073,3302833,212928,194793,9823,204616,1857
2021-01-11,San Francisco,075,870044,28533,27264,411,27675,238
2021-01-11,San Joaquin,077,732212,56123,53002,2123,55125,725
2021-01-11,San Luis Obispo,079,281455,15460,14213,364,14577,126
2021-01-11,San Mateo,081,765935,32271,29355,188,29543,206
2021-01-11,Santa Barbara,083,443738,23938,21740,672,22412,200
2021-01-11,Santa Clara,085,1922200,90749,84851,384,85235,877
2021-01-11,Santa Cruz,087,273765,12512,11093,517,11610,106
2021-01-11,Shasta,089,179085,9530,8977,916,9893,81
2021-01-11,Sierra,091,2930,41,33,6,39,0
2021-01-11,Siskiyou,093,43540,1197,1087,155,1242,3
2021-01-11,Solano,095,438530,24624,22893,255,23148,101
2021-01-11,Sonoma,097,501317,23201,22191,117,22308,205
2021-01-11,Stanislaus,099,539301,41898,39149,4019,43168,571
2021-01-11,Sutter,101,95872,7496,7204,57,7261,71
2021-01-11,Tehama,103,63373,3774,3524,386,3910,17
2021-01-11,Trinity,105,12862,437,256,62,318,2
2021-01-11,Tulare,107,460477,40959,38380,5104,43484,497
2021-01-11,Tuolumne,109,53932,3208,3165,31,3196,27
2021-01-11,Ventura,111,848112,58919,54202,2016,56218,320
2021-01-11,Yolo,113,214977,10609,9699,84,9783,129
2021-01-11,Yuba,115,75493,4623,4349,46,4395,27
2021-01-10,Alameda,001,1643700,64922,61111,1289,62400,650
2021-01-10,Alpine,002,1148,73,70,0,70,0
2021-01-10,Amador,005,37829,2957,2861,24,2885,24
2021-01-10,Butte,007,227075,9439,8665,1236,9901,119
2021-01-10,Calaveras,009,45235,1481,1449,7,1456,21
2021-01-10,Colusa,011,21464,1550,1478,142,1620,7
2021-01-10,Contra Costa,013,1133247,50363,47109,785,47894,398
2021-01-10,Del Norte,015,27424,846,809,2,811,2
2021-01-10,El Dorado,017,186661,7630,6904,464,7368,36
2021-01-10,Fresno,019,978130,81766,75621,5874,81495,775
2021-01-10,Glenn,021,27897,1906,1746,358,2104,9
2021-01-10,Humboldt,023,135768,2216,2049,7,2056,22
2021-01-10,Imperial,025,180216,25171,24233,1921,26154,453
2021-01-10,Inyo,027,18085,886,748,8,756,25
2021-01-10,Kern,029,883053,78659,73712,6731,80443,679
2021-01-10,Kings,031,150075,18759,17812,692,18504,108
2021-01-10,Lake,033,64148,2445,2174,0,2174,26
2021-01-10,Lassen,035,31185,4709,4642,68,4710,1
2021-01-10,Los Angeles,037,10098052,978011,901783,29733,931516,12170
2021-01-10,Madera,039,155013,13100,12179,592,12771,85
2021-01-10,Marin,041,260295,11283,10737,109,10846,155
2021-01-10,Mariposa,043,17540,319,291,2,293,3
2021-01-10,Mendocino,045,87422,2934,2706,43,2749,31
2021-01-10,Merced,047,269075,22825,21691,524,22215,238
2021-01-10,Modoc,049,8938,288,271,79,350,0
2021-01-10,Mono,051,14174,1043,965,13,978,3
2021-01-10,Monterey,053,433212,34175,32571,934,33505,237
2021-01-10,Napa,055,140530,7273,6687,28,6715,36
2021-01-10,Nevada,057,99092,3208,2959,117,3076,17
2021-01-10,Orange,059,3164182,205530,193766,8192,201958,2104
2021-01-10,Placer,061,380077,17404,15779,779,16558,163
2021-01-10,Plumas,063,18699,554,477,9,486,2
2021-01-10,Riverside,065,2383286,235207,219486,10934,230420,2216
2021-01-10,Sacramento,067,1510023,77823,75394,817,76211,965
2021-01-10,San Benito,069,59416,4659,4434,41,4475,34
2021-01-10,San Bernardino,071,2135413,246908,232171,6920,239091,1736
2021-01-10,San Diego,073,3302833,209260,191886,9656,201542,1857
2021-01-10,San Francisco,075,870044,28152,27054,380,27434,238
2021-01-10,San Joaquin,077,732212,55312,52535,2090,54625,725
2021-01-10,San Luis Obispo,079,281455,15131,13968,352,14320,122
2021-01-10,San Mateo,081,765935,31781,28972,174,29146,206
2021-01-10,Santa Barbara,083,443738,23379,21290,657,21947,200
2021-01-10,Santa Clara,085,1922200,89565,83779,375,84154,858
2021-01-10,Santa Cruz,087,273765,12299,10951,499,11450,106
2021-01-10,Shasta,089,179085,9418,8936,901,9837,81
2021-01-10,Sierra,091,2930,40,32,6,38,0
2021-01-10,Siskiyou,093,43540,1191,1075,152,1227,3
2021-01-10,Solano,095,438530,24222,22621,252,22873,101
2021-01-10,Sonoma,097,501317,22925,21925,116,22041,204
2021-01-10,Stanislaus,099,539301,41324,38809,3942,42751,571
2021-01-10,Sutter,101,95872,7435,7133,54,7187,71
2021-01-10,Tehama,103,63373,3701,3504,374,3878,17
2021-01-10,Trinity,105,12862,437,253,60,313,2
2021-01-10,Tulare,107,460477,40544,38012,4986,42998,497
2021-01-10,Tuolumne,109,53932,3174,3143,30,3173,27
2021-01-10,Ventura,111,848112,57650,53095,1973,55068,319
2021-01-10,Yolo,113,214977,10457,9610,84,9694,129
2021-01-10,Yuba,115,75493,4570,4300,43,4343,27
2021-01-09,Alameda,001,1643700,64378,60125,1274,61399,649
2021-01-09,Alpine,002,1148,73,70,0,70,0
2021-01-09,Amador,005,37829,2950,2809,24,2833,24
2021-01-09,Butte,007,227075,9360,8552,1212,9764,118
2021-01-09,Calaveras,009,45235,1471,1425,7,1432,21
2021-01-09,Colusa,011,21464,1543,1468,141,1609,7
2021-01-09,Contra Costa,013,1133247,50009,46406,770,47176,393
2021-01-09,Del Norte,015,27424,844,802,2,804,2
2021-01-09,El Dorado,017,186661,7596,6800,461,7261,36
2021-01-09,Fresno,019,978130,81356,74816,5834,80650,773
2021-01-09,Glenn,021,27897,1891,1707,355,2062,9
2021-01-09,Humboldt,023,135768,2198,2026,7,2033,22
2021-01-09,Imperial,025,180216,25102,24028,1908,25936,448
2021-01-09,Inyo,027,18085,877,734,8,742,25
2021-01-09,Kern,029,883053,78190,73015,6654,79669,677
2021-01-09,Kings,031,150075,18664,17679,688,18367,108
2021-01-09,Lake,033,64148,2409,2144,0,2144,26
2021-01-09,Lassen,035,31185,4697,4613,68,4681,1
2021-01-09,Los Angeles,037,10098052,972429,887949,29307,917256,12011
2021-01-09,Madera,039,155013,13005,12063,586,12649,85
2021-01-09,Marin,041,260295,11222,10634,108,10742,154
2021-01-09,Mariposa,043,17540,316,287,2,289,3
2021-01-09,Mendocino,045,87422,2916,2664,43,2707,31
2021-01-09,Merced,047,269075,22683,21357,515,21872,237
2021-01-09,Modoc,049,8938,288,271,78,349,0
2021-01-09,Mono,051,14174,1038,964,13,977,3
2021-01-09,Monterey,053,433212,34025,31948,924,32872,235
2021-01-09,Napa,055,140530,7203,6594,25,6619,36
2021-01-09,Nevada,057,99092,3186,2932,114,3046,17
2021-01-09,Orange,059,3164182,204011,191004,8100,199104,2034
2021-01-09,Placer,061,380077,17297,15609,777,16386,162
2021-01-09,Plumas,063,18699,552,477,9,486,2
2021-01-09,Riverside,065,2383286,233452,216076,10798,226874,2201
2021-01-09,Sacramento,067,1510023,77290,74482,812,75294,953
2021-01-09,San Benito,069,59416,4607,4335,41,4376,34
2021-01-09,San Bernardino,071,2135413,245684,228857,6853,235710,1714
2021-01-09,San Diego,073,3302833,207566,188598,9536,198134,1824
2021-01-09,San Francisco,075,870044,27982,26708,339,27047,235
2021-01-09,San Joaquin,077,732212,54984,51927,2071,53998,724
2021-01-09,San Luis Obispo,079,281455,15007,13647,341,13988,121
2021-01-09,San Mateo,081,765935,31482,28512,167,28679,205
2021-01-09,Santa Barbara,083,443738,23167,20971,652,21623,197
2021-01-09,Santa Clara,085,1922200,88725,82269,363,82632,808
2021-01-09,Santa Cruz,087,273765,12204,10717,493,11210,107
2021-01-09,Shasta,089,179085,9385,8893,897,9790,81
2021-01-09,Sierra,091,2930,38,32,6,38,0
2021-01-09,Siskiyou,093,43540,1187,1062,147,1209,3
2021-01-09,Solano,095,438530,24063,22226,250,22476,101
2021-01-09,Sonoma,097,501317,22803,21393,116,21509,202
2021-01-09,Stanislaus,099,539301,41033,38403,3908,42311,567
2021-01-09,Sutter,101,95872,7399,7072,53,7125,69
2021-01-09,Tehama,103,63373,3669,3451,363,3814,15
2021-01-09,Trinity,105,12862,437,252,60,312,2
2021-01-09,Tulare,107,460477,40293,37684,4922,42606,496
2021-01-09,Tuolumne,109,53932,3166,3117,29,3146,26
2021-01-09,Ventura,111,848112,56822,51988,1947,53935,306
2021-01-09,Yolo,113,214977,10386,9524,83,9607,129
2021-01-09,Yuba,115,75493,4539,4265,43,4308,27
2021-01-08,Alameda,001,1643700,63815,59172,1265,60437,646
2021-01-08,Alpine,002,1148,73,70,0,70,0
2021-01-08,Amador,005,37829,2943,2792,24,2816,24
2021-01-08,Butte,007,227075,9300,8430,1197,9627,115
2021-01-08,Calaveras,009,45235,1457,1385,7,1392,21
2021-01-08,Colusa,011,21464,1531,1448,140,1588,7
2021-01-08,Contra Costa,013,1133247,49473,45667,766,46433,381
2021-01-08,Del Norte,015,27424,842,795,2,797,2
2021-01-08,El Dorado,017,186661,7526,6690,449,7139,36
2021-01-08,Fresno,019,978130,80544,73689,5776,79465,771
2021-01-08,Glenn,021,27897,1876,1680,350,2030,9
2021-01-08,Humboldt,023,135768,2174,1988,7,1995,22
2021-01-08,Imperial,025,180216,25037,23751,1893,25644,446
2021-01-08,Inyo,027,18085,862,682,8,690,24
2021-01-08,Kern,029,883053,77626,71978,6581,78559,674
2021-01-08,Kings,031,150075,18536,17441,683,18124,108
2021-01-08,Lake,033,64148,2381,2098,0,2098,26
2021-01-08,Lassen,035,31185,4689,4598,66,4664,1
2021-01-08,Los Angeles,037,10098052,961615,871188,28891,900079,11796
2021-01-08,Madera,039,155013,12855,11846,577,12423,85
2021-01-08,Marin,041,260295,11130,10531,108,10639,153
2021-01-08,Mariposa,043,17540,315,273,2,275,3
2021-01-08,Mendocino,045,87422,2897,2634,40,2674,31
2021-01-08,Merced,047,269075,22489,20862,509,21371,236
2021-01-08,Modoc,049,8938,288,266,78,344,0
2021-01-08,Mono,051,14174,1028,951,13,964,3
2021-01-08,Monterey,053,433212,33773,31543,914,32457,224
2021-01-08,Napa,055,140530,7132,6544,25,6569,32
2021-01-08,Nevada,057,99092,3164,2888,114,3002,17
2021-01-08,Orange,059,3164182,202012,186608,8014,194622,1991
2021-01-08,Placer,061,380077,17164,15401,770,16171,161
2021-01-08,Plumas,063,18699,546,465,9,474,2
2021-01-08,Riverside,065,2383286,231044,212122,10675,222797,2184
2021-01-08,Sacramento,067,1510023,76717,73245,806,74051,939
2021-01-08,San Benito,069,59416,4570,4225,40,4265,33
2021-01-08,San Bernardino,071,2135413,243804,224267,6782,231049,1703
2021-01-08,San Diego,073,3302833,205028,185060,9442,194502,1771
2021-01-08,San Francisco,075,870044,27732,26378,317,26695,207
2021-01-08,San Joaquin,077,732212,54659,50990,2043,53033,710
2021-01-08,San Luis Obispo,079,281455,14874,13286,329,13615,119
2021-01-08,San Mateo,081,765935,31133,28072,165,28237,204
2021-01-08,Santa Barbara,083,443738,22881,20461,647,21108,189
2021-01-08,Santa Clara,085,1922200,87781,80561,360,80921,789
2021-01-08,Santa Cruz,087,273765,12062,10486,485,10971,106
2021-01-08,Shasta,089,179085,9335,8772,882,9654,81
2021-01-08,Sierra,091,2930,38,31,6,37,0
2021-01-08,Siskiyou,093,43540,1184,1027,146,1173,3
2021-01-08,Solano,095,438530,23892,21832,247,22079,100
2021-01-08,Sonoma,097,501317,22661,21178,116,21294,201
2021-01-08,Stanislaus,099,539301,40734,37858,3874,41732,566
2021-01-08,Sutter,101,95872,7349,6982,53,7035,68
2021-01-08,Tehama,103,63373,3645,3406,360,3766,15
2021-01-08,Trinity,105,12862,437,247,60,307,2
2021-01-08,Tulare,107,460477,40025,36946,4827,41773,491
2021-01-08,Tuolumne,109,53932,3158,3099,29,3128,19
2021-01-08,Ventura,111,848112,55956,50553,1923,52476,294
2021-01-08,Yolo,113,214977,10297,9391,83,9474,129
2021-01-08,Yuba,115,75493,4497,4195,42,4237,26
2021-01-07,Alameda,001,1643700,62954,57921,1238,59159,632
2021-01-07,Alpine,002,1148,71,70,0,70,0
2021-01-07,Amador,005,37829,2930,2740,23,2763,24
2021-01-07,Butte,007,227075,9203,8278,1176,9454,112
2021-01-07,Calaveras,009,45235,1440,1342,6,1348,21
2021-01-07,Colusa,011,21464,1519,1420,133,1553,7
2021-01-07,Contra Costa,013,1133247,48696,44756,752,45508,376
2021-01-07,Del Norte,015,27424,840,791,2,793,2
2021-01-07,El Dorado,017,186661,7425,6545,439,6984,36
2021-01-07,Fresno,019,978130,79588,72557,5676,78233,765
2021-01-07,Glenn,021,27897,1858,1639,340,1979,9
2021-01-07,Humboldt,023,135768,2147,1954,7,1961,22
2021-01-07,Imperial,025,180216,24857,23608,1842,25450,431
2021-01-07,Inyo,027,18085,850,656,8,664,20
2021-01-07,Kern,029,883053,76764,70953,6433,77386,660
2021-01-07,Kings,031,150075,18410,17238,673,17911,108
2021-01-07,Lake,033,64148,2328,2054,0,2054,26
2021-01-07,Lassen,035,31185,4684,4581,64,4645,1
2021-01-07,Los Angeles,037,10098052,946690,853187,28367,881554,11480
2021-01-07,Madera,039,155013,12700,11644,567,12211,76
2021-01-07,Marin,041,260295,11041,10364,106,10470,153
2021-01-07,Mariposa,043,17540,313,264,2,266,3
2021-01-07,Mendocino,045,87422,2843,2585,35,2620,30
2021-01-07,Merced,047,269075,22167,20510,493,21003,234
2021-01-07,Modoc,049,8938,288,265,78,343,0
2021-01-07,Mono,051,14174,1017,905,13,918,3
2021-01-07,Monterey,053,433212,33268,30903,891,31794,222
2021-01-07,Napa,055,140530,7023,6408,25,6433,32
2021-01-07,Nevada,057,99092,3130,2847,109,2956,17
2021-01-07,Orange,059,3164182,199185,181922,7914,189836,1974
2021-01-07,Placer,061,380077,16985,15155,742,15897,144
2021-01-07,Plumas,063,18699,544,454,9,463,2
2021-01-07,Riverside,065,2383286,227586,208177,10525,218702,2156
2021-01-07,Sacramento,067,1510023,75812,72342,785,73127,919
2021-01-07,San Benito,069,59416,4509,4112,38,4150,33
2021-01-07,San Bernardino,071,2135413,240366,219691,6698,226389,1666
2021-01-07,San Diego,073,3302833,201722,180510,9264,189774,1738
2021-01-07,San Francisco,075,870044,27407,25885,304,26189,202
2021-01-07,San Joaquin,077,732212,53989,50156,2014,52170,689
2021-01-07,San Luis Obispo,079,281455,14635,12810,316,13126,118
2021-01-07,San Mateo,081,765935,30623,27494,162,27656,201
2021-01-07,Santa Barbara,083,443738,22454,19931,636,20567,187
2021-01-07,Santa Clara,085,1922200,86662,78808,356,79164,775
2021-01-07,Santa Cruz,087,273765,11853,10228,477,10705,104
2021-01-07,Shasta,089,179085,9247,8612,874,9486,81
2021-01-07,Sierra,091,2930,38,31,6,37,0
2021-01-07,Siskiyou,093,43540,1179,1010,145,1155,3
2021-01-07,Solano,095,438530,23502,21384,243,21627,100
2021-01-07,Sonoma,097,501317,22400,20857,115,20972,200
2021-01-07,Stanislaus,099,539301,40318,37296,3822,41118,553
2021-01-07,Sutter,101,95872,7290,6890,52,6942,65
2021-01-07,Tehama,103,63373,3621,3330,352,3682,15
2021-01-07,Trinity,105,12862,437,247,60,307,2
2021-01-07,Tulare,107,460477,39638,36397,4697,41094,482
2021-01-07,Tuolumne,109,53932,3138,3068,28,3096,14
2021-01-07,Ventura,111,848112,54795,49083,1895,50978,288
2021-01-07,Yolo,113,214977,10155,9207,81,9288,128
2021-01-07,Yuba,115,75493,4457,4128,42,4170,25
2021-01-06,Alameda,001,1643700,62100,57081,1211,58292,616
2021-01-06,Alpine,002,1148,71,70,0,70,0
2021-01-06,Amador,005,37829,2909,2717,22,2739,24
2021-01-06,Butte,007,227075,9091,8147,1157,9304,110
2021-01-06,Calaveras,009,45235,1417,1321,6,1327,21
2021-01-06,Colusa,011,21464,1499,1385,128,1513,7
2021-01-06,Contra Costa,013,1133247,47899,44054,736,44790,358
2021-01-06,Del Norte,015,27424,834,780,2,782,2
2021-01-06,El Dorado,017,186661,7313,6397,425,6822,35
2021-01-06,Fresno,019,978130,78742,71404,5574,76978,752
2021-01-06,Glenn,021,27897,1832,1622,336,1958,9
2021-01-06,Humboldt,023,135768,2121,1912,7,1919,22
2021-01-06,Imperial,025,180216,24610,23400,1799,25199,431
2021-01-06,Inyo,027,18085,834,630,8,638,20
2021-01-06,Kern,029,883053,75821,69893,6307,76200,646
2021-01-06,Kings,031,150075,18212,17019,654,17673,108
2021-01-06,Lake,033,64148,2294,2033,0,2033,26
2021-01-06,Lassen,035,31185,4672,4560,60,4620,1
2021-01-06,Los Angeles,037,10098052,930726,835052,27686,862738,11285
2021-01-06,Madera,039,155013,12566,11407,560,11967,67
2021-01-06,Marin,041,260295,10918,10282,105,10387,153
2021-01-06,Mariposa,043,17540,310,259,2,261,3
2021-01-06,Mendocino,045,87422,2813,2561,35,2596,30
2021-01-06,Merced,047,269075,21832,20258,478,20736,232
2021-01-06,Modoc,049,8938,288,263,78,341,0
2021-01-06,Mono,051,14174,986,905,13,918,3
2021-01-06,Monterey,053,433212,32667,30387,860,31247,222
2021-01-06,Napa,055,140530,6893,6342,25,6367,32
2021-01-06,Nevada,057,99092,3110,2805,108,2913,15
2021-01-06,Orange,059,3164182,195747,177686,7773,185459,1935
2021-01-06,Placer,061,380077,16798,14940,724,15664,134
2021-01-06,Plumas,063,18699,536,445,9,454,2
2021-01-06,Riverside,065,2383286,223573,203714,10339,214053,2121
2021-01-06,Sacramento,067,1510023,74788,71572,768,72340,909
2021-01-06,San Benito,069,59416,4434,4031,37,4068,32
2021-01-06,San Bernardino,071,2135413,236681,215286,6595,221881,1634
2021-01-06,San Diego,073,3302833,198221,176660,9093,185753,1691
2021-01-06,San Francisco,075,870044,27041,25424,296,25720,199
2021-01-06,San Joaquin,077,732212,53256,49286,1972,51258,673
2021-01-06,San Luis Obispo,079,281455,14241,12305,309,12614,115
2021-01-06,San Mateo,081,765935,30198,27050,159,27209,200
2021-01-06,Santa Barbara,083,443738,21966,19453,627,20080,177
2021-01-06,Santa Clara,085,1922200,85341,77485,349,77834,746
2021-01-06,Santa Cruz,087,273765,11634,9954,459,10413,97
2021-01-06,Shasta,089,179085,9177,8482,867,9349,78
2021-01-06,Sierra,091,2930,37,31,6,37,0
2021-01-06,Siskiyou,093,43540,1167,998,141,1139,3
2021-01-06,Solano,095,438530,23124,21102,240,21342,99
2021-01-06,Sonoma,097,501317,22092,20558,115,20673,196
2021-01-06,Stanislaus,099,539301,39751,36751,3762,40513,553
2021-01-06,Sutter,101,95872,7209,6839,51,6890,59
2021-01-06,Tehama,103,63373,3592,3306,346,3652,15
2021-01-06,Trinity,105,12862,437,246,60,306,2
2021-01-06,Tulare,107,460477,39145,35882,4602,40484,465
2021-01-06,Tuolumne,109,53932,3117,3008,28,3036,14
2021-01-06,Ventura,111,848112,53551,47428,1871,49299,280
2021-01-06,Yolo,113,214977,9990,9083,78,9161,127
2021-01-06,Yuba,115,75493,4407,4097,42,4139,25
2021-01-05,Alameda,001,1643700,60983,56432,1181,57613,602
2021-01-05,Alpine,002,1148,71,70,0,70,0
2021-01-05,Amador,005,37829,2869,2695,22,2717,24
2021-01-05,Butte,007,227075,8952,8008,1130,9138,107
2021-01-05,Calaveras,009,45235,1370,1292,6,1298,21
2021-01-05,Colusa,011,21464,1477,1376,122,1498,7
2021-01-05,Contra Costa,013,1133247,47039,43442,724,44166,353
2021-01-05,Del Norte,015,27424,828,770,2,772,2
2021-01-05,El Dorado,017,186661,7195,6270,404,6674,32
2021-01-05,Fresno,019,978130,77523,70971,5484,76455,741
2021-01-05,Glenn,021,27897,1809,1608,320,1928,9
2021-01-05,Humboldt,023,135768,2085,1884,7,1891,22
2021-01-05,Imperial,025,180216,24439,23165,1758,24923,421
2021-01-05,Inyo,027,18085,820,627,8,635,20
2021-01-05,Kern,029,883053,74743,68257,6172,74429,624
2021-01-05,Kings,031,150075,18014,16860,632,17492,108
2021-01-05,Lake,033,64148,2248,2015,0,2015,25
2021-01-05,Lassen,035,31185,4657,4554,56,4610,1
2021-01-05,Los Angeles,037,10098052,911988,823783,27032,850815,11028
2021-01-05,Madera,039,155013,12396,11359,548,11907,67
2021-01-05,Marin,041,260295,10770,10214,104,10318,151
2021-01-05,Mariposa,043,17540,304,257,2,259,3
2021-01-05,Mendocino,045,87422,2777,2501,35,2536,30
2021-01-05,Merced,047,269075,21480,20051,466,20517,230
2021-01-05,Modoc,049,8938,288,254,78,332,0
2021-01-05,Mono,051,14174,980,896,13,909,3
2021-01-05,Monterey,053,433212,32120,30045,827,30872,213
2021-01-05,Napa,055,140530,6807,6264,25,6289,29
2021-01-05,Nevada,057,99092,3082,2781,106,2887,15
2021-01-05,Orange,059,3164182,192119,174869,7583,182452,1918
2021-01-05,Placer,061,380077,16575,14723,701,15424,133
2021-01-05,Plumas,063,18699,529,428,9,437,2
2021-01-05,Riverside,065,2383286,219448,200439,10170,210609,2069
2021-01-05,Sacramento,067,1510023,73859,70677,742,71419,888
2021-01-05,San Benito,069,59416,4332,3961,35,3996,28
2021-01-05,San Bernardino,071,2135413,232717,212522,6479,219001,1615
2021-01-05,San Diego,073,3302833,194081,172845,8879,181724,1654
2021-01-05,San Francisco,075,870044,26670,24989,280,25269,196
2021-01-05,San Joaquin,077,732212,52398,48969,1928,50897,663
2021-01-05,San Luis Obispo,079,281455,13843,12027,299,12326,106
2021-01-05,San Mateo,081,765935,29717,26486,157,26643,198
2021-01-05,Santa Barbara,083,443738,21519,19063,619,19682,172
2021-01-05,Santa Clara,085,1922200,83793,76355,337,76692,729
2021-01-05,Santa Cruz,087,273765,11361,9753,435,10188,93
2021-01-05,Shasta,089,179085,9070,8345,849,9194,73
2021-01-05,Sierra,091,2930,37,31,6,37,0
2021-01-05,Siskiyou,093,43540,1155,985,139,1124,3
2021-01-05,Solano,095,438530,22715,20860,235,21095,97
2021-01-05,Sonoma,097,501317,21734,20247,114,20361,194
2021-01-05,Stanislaus,099,539301,39207,36363,3711,40074,553
2021-01-05,Sutter,101,95872,7112,6769,50,6819,59
2021-01-05,Tehama,103,63373,3540,3255,342,3597,9
2021-01-05,Trinity,105,12862,437,246,60,306,2
2021-01-05,Tulare,107,460477,38570,35585,4461,40046,455
2021-01-05,Tuolumne,109,53932,3094,2996,23,3019,13
2021-01-05,Ventura,111,848112,52307,46456,1849,48305,264
2021-01-05,Yolo,113,214977,9812,8980,76,9056,127
2021-01-05,Yuba,115,75493,4348,4053,41,4094,21
2021-01-04,Alameda,001,1643700,59762,55899,1147,57046,583
2021-01-04,Alpine,002,1148,71,68,0,68,0
2021-01-04,Amador,005,37829,2829,2596,22,2618,24
2021-01-04,Butte,007,227075,8793,7893,1109,9002,105
2021-01-04,Calaveras,009,45235,1329,1276,5,1281,21
2021-01-04,Colusa,011,21464,1452,1368,108,1476,7
2021-01-04,Contra Costa,013,1133247,46180,43019,700,43719,353
2021-01-04,Del Norte,015,27424,817,770,2,772,2
2021-01-04,El Dorado,017,186661,7061,6152,390,6542,27
2021-01-04,Fresno,019,978130,76256,69871,5386,75257,726
2021-01-04,Glenn,021,27897,1776,1590,315,1905,9
2021-01-04,Humboldt,023,135768,2048,1845,7,1852,22
2021-01-04,Imperial,025,180216,24292,23035,1707,24742,420
2021-01-04,Inyo,027,18085,794,623,8,631,20
2021-01-04,Kern,029,883053,73660,67418,5978,73396,623
2021-01-04,Kings,031,150075,17738,16801,608,17409,108
2021-01-04,Lake,033,64148,2212,1984,0,1984,25
2021-01-04,Lassen,035,31185,4635,4550,55,4605,1
2021-01-04,Los Angeles,037,10098052,891837,813022,26193,839215,10790
2021-01-04,Madera,039,155013,12180,11204,527,11731,67
2021-01-04,Marin,041,260295,10630,10115,102,10217,151
2021-01-04,Mariposa,043,17540,298,253,2,255,3
2021-01-04,Mendocino,045,87422,2737,2460,31,2491,28
2021-01-04,Merced,047,269075,21067,19804,447,20251,230
2021-01-04,Modoc,049,8938,272,250,76,326,0
2021-01-04,Mono,051,14174,969,895,13,908,3
2021-01-04,Monterey,053,433212,31506,29659,806,30465,212
2021-01-04,Napa,055,140530,6666,6187,25,6212,29
2021-01-04,Nevada,057,99092,3044,2765,103,2868,15
2021-01-04,Orange,059,3164182,188234,172458,7461,179919,1918
2021-01-04,Placer,061,380077,16316,14622,688,15310,133
2021-01-04,Plumas,063,18699,519,419,9,428,1
2021-01-04,Riverside,065,2383286,214900,196809,9984,206793,2066
2021-01-04,Sacramento,067,1510023,72805,70164,733,70897,870
2021-01-04,San Benito,069,59416,4219,3914,35,3949,28
2021-01-04,San Bernardino,071,2135413,228449,210868,6331,217199,1615
2021-01-04,San Diego,073,3302833,189507,171031,8683,179714,1598
2021-01-04,San Francisco,075,870044,26284,24753,274,25027,191
2021-01-04,San Joaquin,077,732212,51507,48644,1887,50531,661
2021-01-04,San Luis Obispo,079,281455,13356,11945,292,12237,96
2021-01-04,San Mateo,081,765935,29153,26150,152,26302,198
2021-01-04,Santa Barbara,083,443738,20996,18735,590,19325,165
2021-01-04,Santa Clara,085,1922200,82037,75297,330,75627,727
2021-01-04,Santa Cruz,087,273765,11073,9680,418,10098,85
2021-01-04,Shasta,089,179085,8965,8224,832,9056,72
2021-01-04,Sierra,091,2930,36,30,6,36,0
2021-01-04,Siskiyou,093,43540,1139,980,136,1116,3
2021-01-04,Solano,095,438530,22213,20588,227,20815,97
2021-01-04,Sonoma,097,501317,21396,20210,113,20323,194
2021-01-04,Stanislaus,099,539301,38644,36141,3656,39797,553
2021-01-04,Sutter,101,95872,7016,6712,49,6761,56
2021-01-04,Tehama,103,63373,3471,3190,337,3527,9
2021-01-04,Trinity,105,12862,434,245,60,305,2
2021-01-04,Tulare,107,460477,38032,35060,4362,39422,455
2021-01-04,Tuolumne,109,53932,3069,2987,23,3010,13
2021-01-04,Ventura,111,848112,50804,45014,1829,46843,255
2021-01-04,Yolo,113,214977,9617,8834,75,8909,121
2021-01-04,Yuba,115,75493,4293,4023,41,4064,21
2021-01-03,Alameda,001,1643700,58514,55082,1120,56202,580
2021-01-03,Alpine,002,1148,69,68,0,68,0
2021-01-03,Amador,005,37829,2772,2565,22,2587,24
2021-01-03,Butte,007,227075,8599,7837,1063,8900,105
2021-01-03,Calaveras,009,45235,1292,1249,3,1252,21
2021-01-03,Colusa,011,21464,1424,1337,102,1439,7
2021-01-03,Contra Costa,013,1133247,45294,42432,679,43111,352
2021-01-03,Del Norte,015,27424,806,768,2,770,2
2021-01-03,El Dorado,017,186661,6933,6034,373,6407,27
2021-01-03,Fresno,019,978130,75107,69326,5270,74596,719
2021-01-03,Glenn,021,27897,1751,1581,309,1890,9
2021-01-03,Humboldt,023,135768,2011,1833,7,1840,21
2021-01-03,Imperial,025,180216,24051,22951,1629,24580,419
2021-01-03,Inyo,027,18085,775,615,8,623,20
2021-01-03,Kern,029,883053,72399,66895,5803,72698,609
2021-01-03,Kings,031,150075,17462,16593,579,17172,108
2021-01-03,Lake,033,64148,2166,1976,0,1976,24
2021-01-03,Lassen,035,31185,4602,4531,54,4585,1
2021-01-03,Los Angeles,037,10098052,869773,792168,25162,817330,10633
2021-01-03,Madera,039,155013,11952,11152,504,11656,67
2021-01-03,Marin,041,260295,10480,10034,98,10132,150
2021-01-03,Mariposa,043,17540,291,248,2,250,3
2021-01-03,Mendocino,045,87422,2697,2445,29,2474,24
2021-01-03,Merced,047,269075,20600,19600,421,20021,230
2021-01-03,Modoc,049,8938,268,245,75,320,0
2021-01-03,Mono,051,14174,944,893,13,906,3
2021-01-03,Monterey,053,433212,30916,29357,771,30128,191
2021-01-03,Napa,055,140530,6565,6094,25,6119,29
2021-01-03,Nevada,057,99092,2983,2742,100,2842,15
2021-01-03,Orange,059,3164182,184044,169881,7272,177153,1919
2021-01-03,Placer,061,380077,16065,14319,665,14984,133
2021-01-03,Plumas,063,18699,506,416,9,425,1
2021-01-03,Riverside,065,2383286,210025,195048,9737,204785,2005
2021-01-03,Sacramento,067,1510023,71599,68558,712,69270,859
2021-01-03,San Benito,069,59416,4123,3882,34,3916,28
2021-01-03,San Bernardino,071,2135413,223173,208294,6160,214454,1592
2021-01-03,San Diego,073,3302833,184247,168018,8454,176472,1592
2021-01-03,San Francisco,075,870044,25793,24588,255,24843,193
2021-01-03,San Joaquin,077,732212,50398,47899,1832,49731,661
2021-01-03,San Luis Obispo,079,281455,12888,11636,284,11920,95
2021-01-03,San Mateo,081,765935,28559,25770,145,25915,196
2021-01-03,Santa Barbara,083,443738,20263,18267,576,18843,164
2021-01-03,Santa Clara,085,1922200,80447,74534,324,74858,720
2021-01-03,Santa Cruz,087,273765,10768,9528,403,9931,84
2021-01-03,Shasta,089,179085,8838,8192,792,8984,72
2021-01-03,Sierra,091,2930,36,30,6,36,0
2021-01-03,Siskiyou,093,43540,1106,976,127,1103,3
2021-01-03,Solano,095,438530,21680,20105,221,20326,97
2021-01-03,Sonoma,097,501317,21010,19982,111,20093,193
2021-01-03,Stanislaus,099,539301,37937,35762,3573,39335,553
2021-01-03,Sutter,101,95872,6919,6664,48,6712,53
2021-01-03,Tehama,103,63373,3417,3176,329,3505,9
2021-01-03,Trinity,105,12862,429,243,58,301,2
2021-01-03,Tulare,107,460477,37455,34747,4215,38962,455
2021-01-03,Tuolumne,109,53932,3008,2978,20,2998,13
2021-01-03,Ventura,111,848112,48978,43748,1812,45560,254
2021-01-03,Yolo,113,214977,9456,8674,74,8748,121
2021-01-03,Yuba,115,75493,4242,3966,40,4006,20
2021-01-02,Alameda,001,1643700,57892,54518,1089,55607,581
2021-01-02,Alpine,002,1148,69,68,0,68,0
2021-01-02,Amador,005,37829,2753,2540,22,2562,24
2021-01-02,Butte,007,227075,8493,7750,1042,8792,105
2021-01-02,Calaveras,009,45235,1272,1230,3,1233,21
2021-01-02,Colusa,011,21464,1413,1332,101,1433,7
2021-01-02,Contra Costa,013,1133247,44748,41993,671,42664,352
2021-01-02,Del Norte,015,27424,804,764,2,766,2
2021-01-02,El Dorado,017,186661,6878,5959,369,6328,27
2021-01-02,Fresno,019,978130,74564,68740,5159,73899,717
2021-01-02,Glenn,021,27897,1734,1546,308,1854,9
2021-01-02,Humboldt,023,135768,1984,1815,7,1822,21
2021-01-02,Imperial,025,180216,23963,22867,1597,24464,420
2021-01-02,Inyo,027,18085,764,609,8,617,20
2021-01-02,Kern,029,883053,71679,66457,5691,72148,610
2021-01-02,Kings,031,150075,17368,16515,575,17090,108
2021-01-02,Lake,033,64148,2129,1925,0,1925,24
2021-01-02,Lassen,035,31185,4591,4457,53,4510,1
2021-01-02,Los Angeles,037,10098052,861400,791892,24487,816379,10633
2021-01-02,Madera,039,155013,11837,11039,492,11531,67
2021-01-02,Marin,041,260295,10432,9924,95,10019,151
2021-01-02,Mariposa,043,17540,284,243,2,245,3
2021-01-02,Mendocino,045,87422,2654,2428,28,2456,24
2021-01-02,Merced,047,269075,20458,19395,404,19799,230
2021-01-02,Modoc,049,8938,267,245,75,320,0
2021-01-02,Mono,051,14174,933,884,13,897,3
2021-01-02,Monterey,053,433212,30700,28991,759,29750,191
2021-01-02,Napa,055,140530,6506,5994,25,6019,29
2021-01-02,Nevada,057,99092,2954,2706,96,2802,15
2021-01-02,Orange,059,3164182,181821,168457,7124,175581,1918
2021-01-02,Placer,061,380077,15892,14182,656,14838,133
2021-01-02,Plumas,063,18699,503,413,9,422,1
2021-01-02,Riverside,065,2383286,207379,192069,9511,201580,2008
2021-01-02,Sacramento,067,1510023,70963,67810,694,68504,858
2021-01-02,San Benito,069,59416,4041,3829,34,3863,28
2021-01-02,San Bernardino,071,2135413,221511,206939,6038,212977,1597
2021-01-02,San Diego,073,3302833,181648,164498,8257,172755,1592
2021-01-02,San Francisco,075,870044,25540,24414,247,24661,194
2021-01-02,San Joaquin,077,732212,49995,47310,1804,49114,662
2021-01-02,San Luis Obispo,079,281455,12754,11467,278,11745,95
2021-01-02,San Mateo,081,765935,28222,25483,137,25620,196
2021-01-02,Santa Barbara,083,443738,19974,18135,573,18708,164
2021-01-02,Santa Clara,085,1922200,79271,73662,318,73980,720
2021-01-02,Santa Cruz,087,273765,10613,9340,395,9735,85
2021-01-02,Shasta,089,179085,8772,8154,781,8935,72
2021-01-02,Sierra,091,2930,36,28,6,34,0
2021-01-02,Siskiyou,093,43540,1095,949,125,1074,3
2021-01-02,Solano,095,438530,21478,19805,212,20017,97
2021-01-02,Sonoma,097,501317,20841,19761,111,19872,194
2021-01-02,Stanislaus,099,539301,37604,35431,3509,38940,553
2021-01-02,Sutter,101,95872,6867,6621,48,6669,53
2021-01-02,Tehama,103,63373,3389,3146,325,3471,9
2021-01-02,Trinity,105,12862,426,243,58,301,2
2021-01-02,Tulare,107,460477,37127,34479,4140,38619,455
2021-01-02,Tuolumne,109,53932,2994,2942,18,2960,13
2021-01-02,Ventura,111,848112,47823,43397,1779,45176,254
2021-01-02,Yolo,113,214977,9359,8571,72,8643,122
2021-01-02,Yuba,115,75493,4204,3930,40,3970,21
2021-01-01,Alameda,001,1643700,57244,53518,1075,54593,579
2021-01-01,Alpine,002,1148,69,68,0,68,0
2021-01-01,Amador,005,37829,2727,2513,20,2533,24
2021-01-01,Butte,007,227075,8391,7589,1020,8609,105
2021-01-01,Calaveras,009,45235,1257,1186,3,1189,21
2021-01-01,Colusa,011,21464,1403,1314,99,1413,7
2021-01-01,Contra Costa,013,1133247,44273,41412,651,42063,351
2021-01-01,Del Norte,015,27424,799,758,2,760,2
2021-01-01,El Dorado,017,186661,6785,5832,361,6193,27
2021-01-01,Fresno,019,978130,73491,67484,5075,72559,717
2021-01-01,Glenn,021,27897,1717,1520,299,1819,9
2021-01-01,Humboldt,023,135768,1945,1783,7,1790,21
2021-01-01,Imperial,025,180216,23867,22715,1546,24261,418
2021-01-01,Inyo,027,18085,739,606,8,614,20
2021-01-01,Kern,029,883053,70853,65571,5584,71155,609
2021-01-01,Kings,031,150075,17185,16358,568,16926,108
2021-01-01,Lake,033,64148,2091,1888,0,1888,24
2021-01-01,Lassen,035,31185,4585,4377,53,4430,1
2021-01-01,Los Angeles,037,10098052,847179,775578,23819,799397,10515
2021-01-01,Madera,039,155013,11682,10752,483,11235,66
2021-01-01,Marin,041,260295,10334,9821,94,9915,148
2021-01-01,Mariposa,043,17540,276,236,2,238,3
2021-01-01,Mendocino,045,87422,2600,2400,28,2428,24
2021-01-01,Merced,047,269075,20274,19118,388,19506,229
2021-01-01,Modoc,049,8938,267,241,75,316,0
2021-01-01,Mono,051,14174,915,884,12,896,3
2021-01-01,Monterey,053,433212,30462,28465,750,29215,191
2021-01-01,Napa,055,140530,6421,5899,25,5924,28
2021-01-01,Nevada,057,99092,2930,2663,96,2759,15
2021-01-01,Orange,059,3164182,179027,165440,6981,172421,1893
2021-01-01,Placer,061,380077,15702,13987,641,14628,133
2021-01-01,Plumas,063,18699,498,412,9,421,1
2021-01-01,Riverside,065,2383286,204189,188674,9258,197932,1990
2021-01-01,Sacramento,067,1510023,70365,66956,677,67633,848
2021-01-01,San Benito,069,59416,4004,3773,34,3807,28
2021-01-01,San Bernardino,071,2135413,218747,203651,5908,209559,1590
2021-01-01,San Diego,073,3302833,178575,160071,8078,168149,1592
2021-01-01,San Francisco,075,870044,25262,24145,236,24381,187
2021-01-01,San Joaquin,077,732212,49671,46640,1760,48400,657
2021-01-01,San Luis Obispo,079,281455,12525,11160,270,11430,94
2021-01-01,San Mateo,081,765935,27773,25041,133,25174,194
2021-01-01,Santa Barbara,083,443738,19654,17759,563,18322,164
2021-01-01,Santa Clara,085,1922200,78050,71904,314,72218,680
2021-01-01,Santa Cruz,087,273765,10433,9146,385,9531,84
2021-01-01,Shasta,089,179085,8691,8102,764,8866,72
2021-01-01,Sierra,091,2930,36,26,6,32,0
2021-01-01,Siskiyou,093,43540,1081,944,120,1064,3
2021-01-01,Solano,095,438530,21264,19393,210,19603,97
2021-01-01,Sonoma,097,501317,20645,19513,111,19624,189
2021-01-01,Stanislaus,099,539301,37316,34978,3447,38425,553
2021-01-01,Sutter,101,95872,6810,6553,47,6600,52
2021-01-01,Tehama,103,63373,3331,3079,318,3397,9
2021-01-01,Trinity,105,12862,426,243,58,301,2
2021-01-01,Tulare,107,460477,36718,33994,4052,38046,454
2021-01-01,Tuolumne,109,53932,2977,2909,18,2927,13
2021-01-01,Ventura,111,848112,46330,42026,1753,43779,253
2021-01-01,Yolo,113,214977,9249,8461,69,8530,120
2021-01-01,Yuba,115,75493,4150,3845,39,3884,19
2020-12-31,Alameda,001,1643700,56696,52475,1043,53518,579
2020-12-31,Alpine,002,1148,69,66,0,66,0
2020-12-31,Amador,005,37829,2713,2493,20,2513,24
2020-12-31,Butte,007,227075,8316,7405,999,8404,105
2020-12-31,Calaveras,009,45235,1246,1161,3,1164,21
2020-12-31,Colusa,011,21464,1391,1301,96,1397,7
2020-12-31,Contra Costa,013,1133247,43869,40512,635,41147,336
2020-12-31,Del Norte,015,27424,798,748,2,750,2
2020-12-31,El Dorado,017,186661,6733,5662,352,6014,26
2020-12-31,Fresno,019,978130,73060,66442,5013,71455,711
2020-12-31,Glenn,021,27897,1689,1484,291,1775,9
2020-12-31,Humboldt,023,135768,1928,1713,7,1720,21
2020-12-31,Imperial,025,180216,23797,22494,1529,24023,417
2020-12-31,Inyo,027,18085,731,591,8,599,20
2020-12-31,Kern,029,883053,70379,64904,5496,70400,609
2020-12-31,Kings,031,150075,17110,16077,559,16636,108
2020-12-31,Lake,033,64148,2070,1848,0,1848,23
2020-12-31,Lassen,035,31185,4579,4340,52,4392,1
2020-12-31,Los Angeles,037,10098052,841834,755844,23368,779212,10320
2020-12-31,Madera,039,155013,11597,10609,475,11084,64
2020-12-31,Marin,041,260295,10282,9731,92,9823,148
2020-12-31,Mariposa,043,17540,274,217,2,219,3
2020-12-31,Mendocino,045,87422,2585,2367,24,2391,24
2020-12-31,Merced,047,269075,20184,18808,378,19186,226
2020-12-31,Modoc,049,8938,267,238,75,313,0
2020-12-31,Mono,051,14174,907,868,12,880,3
2020-12-31,Monterey,053,433212,30232,27720,738,28458,188
2020-12-31,Napa,055,140530,6358,5801,25,5826,28
2020-12-31,Nevada,057,99092,2907,2619,95,2714,15
2020-12-31,Orange,059,3164182,177126,161586,6852,168438,1866
2020-12-31,Placer,061,380077,15546,13708,638,14346,126
2020-12-31,Plumas,063,18699,494,401,8,409,1
2020-12-31,Riverside,065,2383286,202507,184193,9129,193322,1958
2020-12-31,Sacramento,067,1510023,69835,65817,667,66484,830
2020-12-31,San Benito,069,59416,3980,3673,34,3707,28
2020-12-31,San Bernardino,071,2135413,217053,199115,5835,204950,1586
2020-12-31,San Diego,073,3302833,176812,155593,7979,163572,1534
2020-12-31,San Francisco,075,870044,25027,23740,229,23969,183
2020-12-31,San Joaquin,077,732212,49319,45764,1722,47486,646
2020-12-31,San Luis Obispo,079,281455,12410,10846,270,11116,89
2020-12-31,San Mateo,081,765935,27443,24570,127,24697,192
2020-12-31,Santa Barbara,083,443738,19410,17434,556,17990,161
2020-12-31,Santa Clara,085,1922200,77173,70032,309,70341,665
2020-12-31,Santa Cruz,087,273765,10315,8909,373,9282,84
2020-12-31,Shasta,089,179085,8625,7996,754,8750,69
2020-12-31,Sierra,091,2930,36,26,6,32,0
2020-12-31,Siskiyou,093,43540,1065,940,117,1057,3
2020-12-31,Solano,095,438530,21034,18942,209,19151,97
2020-12-31,Sonoma,097,501317,20524,19129,110,19239,188
2020-12-31,Stanislaus,099,539301,37008,34398,3400,37798,552
2020-12-31,Sutter,101,95872,6779,6432,47,6479,51
2020-12-31,Tehama,103,63373,3293,3036,317,3353,9
2020-12-31,Trinity,105,12862,425,241,58,299,2
2020-12-31,Tulare,107,460477,36514,33412,3991,37403,446
2020-12-31,Tuolumne,109,53932,2968,2902,18,2920,12
2020-12-31,Ventura,111,848112,45820,40854,1736,42590,251
2020-12-31,Yolo,113,214977,9160,8295,68,8363,117
2020-12-31,Yuba,115,75493,4113,3799,38,3837,18
2020-12-30,Alameda,001,1643700,55915,50158,990,51148,573
2020-12-30,Alpine,002,1148,69,66,0,66,0
2020-12-30,Amador,005,37829,2693,2418,19,2437,24
2020-12-30,Butte,007,227075,8155,7140,980,8120,103
2020-12-30,Calaveras,009,45235,1221,1135,3,1138,21
2020-12-30,Colusa,011,21464,1373,1289,90,1379,7
2020-12-30,Contra Costa,013,1133247,43320,39601,622,40223,337
2020-12-30,Del Norte,015,27424,793,726,2,728,2
2020-12-30,El Dorado,017,186661,6632,5595,342,5937,27
2020-12-30,Fresno,019,978130,72214,65566,4863,70429,711
2020-12-30,Glenn,021,27897,1658,1471,279,1750,9
2020-12-30,Humboldt,023,135768,1894,1654,7,1661,22
2020-12-30,Imperial,025,180216,23631,22098,1453,23551,412
2020-12-30,Inyo,027,18085,725,572,8,580,20
2020-12-30,Kern,029,883053,69651,63292,5351,68643,604
2020-12-30,Kings,031,150075,16991,15862,550,16412,108
2020-12-30,Lake,033,64148,2051,1731,0,1731,23
2020-12-30,Lassen,035,31185,4570,4300,52,4352,1
2020-12-30,Los Angeles,037,10098052,830913,741907,22699,764606,10046
2020-12-30,Madera,039,155013,11487,10249,464,10713,65
2020-12-30,Marin,041,260295,10188,9569,85,9654,148
2020-12-30,Mariposa,043,17540,270,214,2,216,3
2020-12-30,Mendocino,045,87422,2567,2291,21,2312,24
2020-12-30,Merced,047,269075,19894,18519,368,18887,225
2020-12-30,Modoc,049,8938,264,234,75,309,0
2020-12-30,Mono,051,14174,904,868,12,880,3
2020-12-30,Monterey,053,433212,29602,26977,716,27693,186
2020-12-30,Napa,055,140530,6253,5754,25,5779,28
2020-12-30,Nevada,057,99092,2872,2595,93,2688,15
2020-12-30,Orange,059,3164182,174468,153951,6665,160616,1863
2020-12-30,Placer,061,380077,15314,13540,626,14166,127
2020-12-30,Plumas,063,18699,489,397,8,405,1
2020-12-30,Riverside,065,2383286,199559,176402,8946,185348,1919
2020-12-30,Sacramento,067,1510023,68962,64119,650,64769,847
2020-12-30,San Benito,069,59416,3898,3464,30,3494,29
2020-12-30,San Bernardino,071,2135413,214485,192648,5750,198398,1591
2020-12-30,San Diego,073,3302833,173179,152510,7804,160314,1472
2020-12-30,San Francisco,075,870044,24751,23099,224,23323,182
2020-12-30,San Joaquin,077,732212,48598,44465,1681,46146,634
2020-12-30,San Luis Obispo,079,281455,12141,10542,262,10804,89
2020-12-30,San Mateo,081,765935,27014,24150,123,24273,190
2020-12-30,Santa Barbara,083,443738,19008,16895,535,17430,161
2020-12-30,Santa Clara,085,1922200,75965,67218,305,67523,661
2020-12-30,Santa Cruz,087,273765,10141,8787,364,9151,86
2020-12-30,Shasta,089,179085,8511,7818,740,8558,69
2020-12-30,Sierra,091,2930,36,25,6,31,0
2020-12-30,Siskiyou,093,43540,1058,913,109,1022,3
2020-12-30,Solano,095,438530,20645,18300,206,18506,96
2020-12-30,Sonoma,097,501317,20268,18947,110,19057,191
2020-12-30,Stanislaus,099,539301,36545,33730,3325,37055,526
2020-12-30,Sutter,101,95872,6720,6328,45,6373,51
2020-12-30,Tehama,103,63373,3249,2969,313,3282,9
2020-12-30,Trinity,105,12862,424,231,57,288,2
2020-12-30,Tulare,107,460477,35984,32413,3931,36344,430
2020-12-30,Tuolumne,109,53932,2958,2772,16,2788,12
2020-12-30,Ventura,111,848112,44533,39039,1712,40751,251
2020-12-30,Yolo,113,214977,9052,8067,66,8133,117
2020-12-30,Yuba,115,75493,4045,3612,38,3650,18
2020-12-29,Alameda,001,1643700,54845,50946,955,51901,552
2020-12-29,Alpine,002,1148,69,65,0,65,0
2020-12-29,Amador,005,37829,2641,2388,18,2406,23
2020-12-29,Butte,007,227075,7984,7178,956,8134,98
2020-12-29,Calaveras,009,45235,1177,1111,2,1113,21
2020-12-29,Colusa,011,21464,1352,1272,85,1357,7
2020-12-29,Contra Costa,013,1133247,42550,39225,596,39821,325
2020-12-29,Del Norte,015,27424,786,724,2,726,2
2020-12-29,El Dorado,017,186661,6502,5551,329,5880,22
2020-12-29,Fresno,019,978130,70841,65149,4714,69863,688
2020-12-29,Glenn,021,27897,1624,1454,272,1726,9
2020-12-29,Humboldt,023,135768,1846,1616,7,1623,19
2020-12-29,Imperial,025,180216,23416,22105,1371,23476,407
2020-12-29,Inyo,027,18085,707,571,8,579,19
2020-12-29,Kern,029,883053,68486,63096,5183,68279,589
2020-12-29,Kings,031,150075,16822,15777,538,16315,108
2020-12-29,Lake,033,64148,2020,1805,0,1805,22
2020-12-29,Lassen,035,31185,4555,4288,52,4340,1
2020-12-29,Los Angeles,037,10098052,810700,731907,21877,753784,9786
2020-12-29,Madera,039,155013,11185,10251,451,10702,64
2020-12-29,Marin,041,260295,10046,9595,81,9676,146
2020-12-29,Mariposa,043,17540,262,212,2,214,3
2020-12-29,Mendocino,045,87422,2524,2249,20,2269,24
2020-12-29,Merced,047,269075,19544,18464,352,18816,221
2020-12-29,Modoc,049,8938,261,232,75,307,0
2020-12-29,Mono,051,14174,895,868,12,880,3
2020-12-29,Monterey,053,433212,28951,26894,691,27585,185
2020-12-29,Napa,055,140530,6135,5663,25,5688,28
2020-12-29,Nevada,057,99092,2824,2550,92,2642,15
2020-12-29,Orange,059,3164182,170695,154411,6502,160913,1839
2020-12-29,Placer,061,380077,15101,13392,605,13997,126
2020-12-29,Plumas,063,18699,480,395,8,403,1
2020-12-29,Riverside,065,2383286,194961,177624,8697,186321,1904
2020-12-29,Sacramento,067,1510023,67911,65078,638,65716,820
2020-12-29,San Benito,069,59416,3779,3474,29,3503,25
2020-12-29,San Bernardino,071,2135413,209649,190476,5614,196090,1557
2020-12-29,San Diego,073,3302833,168956,150062,7573,157635,1435
2020-12-29,San Francisco,075,870044,24411,22996,217,23213,178
2020-12-29,San Joaquin,077,732212,47658,44699,1628,46327,622
2020-12-29,San Luis Obispo,079,281455,11845,10387,254,10641,80
2020-12-29,San Mateo,081,765935,26472,23773,111,23884,189
2020-12-29,Santa Barbara,083,443738,18539,16797,509,17306,155
2020-12-29,Santa Clara,085,1922200,74464,67581,301,67882,621
2020-12-29,Santa Cruz,087,273765,9875,8492,355,8847,84
2020-12-29,Shasta,089,179085,8407,7782,725,8507,65
2020-12-29,Sierra,091,2930,34,24,5,29,0
2020-12-29,Siskiyou,093,43540,1043,926,107,1033,3
2020-12-29,Solano,095,438530,20269,18412,201,18613,96
2020-12-29,Sonoma,097,501317,19936,18790,108,18898,187
2020-12-29,Stanislaus,099,539301,36068,33775,3255,37030,508
2020-12-29,Sutter,101,95872,6653,6302,45,6347,50
2020-12-29,Tehama,103,63373,3179,2962,301,3263,9
2020-12-29,Trinity,105,12862,423,241,57,298,2
2020-12-29,Tulare,107,460477,35356,32545,3808,36353,419
2020-12-29,Tuolumne,109,53932,2916,2797,16,2813,12
2020-12-29,Ventura,111,848112,43278,38669,1686,40355,235
2020-12-29,Yolo,113,214977,8922,8124,64,8188,111
2020-12-29,Yuba,115,75493,3966,3723,38,3761,18
2020-12-28,Alameda,001,1643700,53803,50405,935,51340,551
2020-12-28,Alpine,002,1148,68,65,0,65,0
2020-12-28,Amador,005,37829,2571,2255,18,2273,23
2020-12-28,Butte,007,227075,7818,7053,926,7979,86
2020-12-28,Calaveras,009,45235,1154,1102,2,1104,21
2020-12-28,Colusa,011,21464,1326,1255,74,1329,7
2020-12-28,Contra Costa,013,1133247,41608,38872,567,39439,324
2020-12-28,Del Norte,015,27424,777,718,2,720,2
2020-12-28,El Dorado,017,186661,6346,5441,317,5758,18
2020-12-28,Fresno,019,978130,69574,64274,4563,68837,679
2020-12-28,Glenn,021,27897,1590,1435,260,1695,9
2020-12-28,Humboldt,023,135768,1811,1579,7,1586,19
2020-12-28,Imperial,025,180216,23160,22003,1297,23300,405
2020-12-28,Inyo,027,18085,701,569,8,577,19
2020-12-28,Kern,029,883053,67420,62392,4983,67375,579
2020-12-28,Kings,031,150075,16605,15733,520,16253,108
2020-12-28,Lake,033,64148,1980,1785,0,1785,22
2020-12-28,Lassen,035,31185,4448,4284,51,4335,1
2020-12-28,Los Angeles,037,10098052,788337,720699,21094,741793,9544
2020-12-28,Madera,039,155013,11012,10123,431,10554,64
2020-12-28,Marin,041,260295,9939,9546,75,9621,145
2020-12-28,Mariposa,043,17540,238,211,2,213,3
2020-12-28,Mendocino,045,87422,2489,2214,20,2234,23
2020-12-28,Merced,047,269075,19224,18245,334,18579,213
2020-12-28,Modoc,049,8938,256,220,73,293,0
2020-12-28,Mono,051,14174,891,848,12,860,3
2020-12-28,Monterey,053,433212,28102,26529,682,27211,182
2020-12-28,Napa,055,140530,6025,5576,25,5601,26
2020-12-28,Nevada,057,99092,2776,2532,88,2620,15
2020-12-28,Orange,059,3164182,166594,152089,6327,158416,1839
2020-12-28,Placer,061,380077,14761,13234,578,13812,126
2020-12-28,Plumas,063,18699,476,391,8,399,0
2020-12-28,Riverside,065,2383286,190065,174029,8410,182439,1855
2020-12-28,Sacramento,067,1510023,66677,64322,614,64936,813
2020-12-28,San Benito,069,59416,3710,3429,29,3458,24
2020-12-28,San Bernardino,071,2135413,204557,188919,5501,194420,1552
2020-12-28,San Diego,073,3302833,164211,147528,7391,154919,1404
2020-12-28,San Francisco,075,870044,24051,22726,212,22938,178
2020-12-28,San Joaquin,077,732212,46719,44172,1596,45768,618
2020-12-28,San Luis Obispo,079,281455,11495,10260,250,10510,76
2020-12-28,San Mateo,081,765935,25998,23467,107,23574,189
2020-12-28,Santa Barbara,083,443738,18071,16579,497,17076,155
2020-12-28,Santa Clara,085,1922200,72983,66418,294,66712,619
2020-12-28,Santa Cruz,087,273765,9617,8310,345,8655,81
2020-12-28,Shasta,089,179085,8290,7688,712,8400,65
2020-12-28,Sierra,091,2930,32,24,4,28,0
2020-12-28,Siskiyou,093,43540,1027,915,102,1017,3
2020-12-28,Solano,095,438530,19709,18171,194,18365,96
2020-12-28,Sonoma,097,501317,19589,18667,106,18773,185
2020-12-28,Stanislaus,099,539301,35522,33473,3196,36669,507
2020-12-28,Sutter,101,95872,6573,6253,45,6298,49
2020-12-28,Tehama,103,63373,3126,2934,294,3228,9
2020-12-28,Trinity,105,12862,421,240,57,297,2
2020-12-28,Tulare,107,460477,34707,32010,3707,35717,404
2020-12-28,Tuolumne,109,53932,2899,2777,16,2793,12
2020-12-28,Ventura,111,848112,41608,37151,1641,38792,230
2020-12-28,Yolo,113,214977,8769,8031,63,8094,111
2020-12-28,Yuba,115,75493,3911,3679,37,3716,18
2020-12-27,Alameda,001,1643700,52562,49764,909,50673,551
2020-12-27,Alpine,002,1148,66,65,0,65,0
2020-12-27,Amador,005,37829,2451,2218,18,2236,23
2020-12-27,Butte,007,227075,7663,7016,888,7904,86
2020-12-27,Calaveras,009,45235,1108,1097,2,1099,21
2020-12-27,Colusa,011,21464,1301,1253,71,1324,7
2020-12-27,Contra Costa,013,1133247,40663,38428,543,38971,324
2020-12-27,Del Norte,015,27424,753,712,2,714,2
2020-12-27,El Dorado,017,186661,6132,5388,294,5682,18
2020-12-27,Fresno,019,978130,68328,63811,4357,68168,679
2020-12-27,Glenn,021,27897,1562,1434,246,1680,9
2020-12-27,Humboldt,023,135768,1767,1575,7,1582,17
2020-12-27,Imperial,025,180216,22881,21934,1190,23124,405
2020-12-27,Inyo,027,18085,682,565,7,572,18
2020-12-27,Kern,029,883053,66139,61914,4818,66732,568
2020-12-27,Kings,031,150075,16369,15593,486,16079,108
2020-12-27,Lake,033,64148,1931,1769,0,1769,22
2020-12-27,Lassen,035,31185,4371,4230,44,4274,1
2020-12-27,Los Angeles,037,10098052,766805,707260,20231,727491,9476
2020-12-27,Madera,039,155013,10755,10005,421,10426,64
2020-12-27,Marin,041,260295,9819,9477,73,9550,144
2020-12-27,Mariposa,043,17540,231,208,2,210,3
2020-12-27,Mendocino,045,87422,2442,2209,20,2229,23
2020-12-27,Merced,047,269075,18857,18075,318,18393,213
2020-12-27,Modoc,049,8938,247,221,69,290,0
2020-12-27,Mono,051,14174,879,849,12,861,3
2020-12-27,Monterey,053,433212,27539,26322,665,26987,181
2020-12-27,Napa,055,140530,5891,5496,25,5521,26
2020-12-27,Nevada,057,99092,2740,2519,88,2607,15
2020-12-27,Orange,059,3164182,162191,149276,6139,155415,1839
2020-12-27,Placer,061,380077,14466,13017,546,13563,126
2020-12-27,Plumas,063,18699,470,390,8,398,0
2020-12-27,Riverside,065,2383286,185149,171995,8110,180105,1836
2020-12-27,Sacramento,067,1510023,65465,63416,592,64008,811
2020-12-27,San Benito,069,59416,3625,3394,29,3423,24
2020-12-27,San Bernardino,071,2135413,199466,186776,5364,192140,1551
2020-12-27,San Diego,073,3302833,159804,145777,7204,152981,1402
2020-12-27,San Francisco,075,870044,23697,22514,204,22718,178
2020-12-27,San Joaquin,077,732212,45669,43529,1547,45076,618
2020-12-27,San Luis Obispo,079,281455,11087,10154,245,10399,76
2020-12-27,San Mateo,081,765935,25434,23136,104,23240,187
2020-12-27,Santa Barbara,083,443738,17542,16364,470,16834,155
2020-12-27,Santa Clara,085,1922200,71288,65288,288,65576,619
2020-12-27,Santa Cruz,087,273765,9359,8234,337,8571,81
2020-12-27,Shasta,089,179085,8163,7671,690,8361,65
2020-12-27,Sierra,091,2930,32,24,3,27,0
2020-12-27,Siskiyou,093,43540,1017,914,97,1011,3
2020-12-27,Solano,095,438530,19227,17840,189,18029,96
2020-12-27,Sonoma,097,501317,19298,18487,105,18592,185
2020-12-27,Stanislaus,099,539301,34910,33076,3113,36189,506
2020-12-27,Sutter,101,95872,6492,6218,43,6261,48
2020-12-27,Tehama,103,63373,3054,2922,278,3200,9
2020-12-27,Trinity,105,12862,414,240,55,295,2
2020-12-27,Tulare,107,460477,34105,31864,3589,35453,400
2020-12-27,Tuolumne,109,53932,2793,2750,14,2764,12
2020-12-27,Ventura,111,848112,40546,36661,1590,38251,230
2020-12-27,Yolo,113,214977,8580,7919,59,7978,111
2020-12-27,Yuba,115,75493,3848,3665,35,3700,18
2020-12-26,Alameda,001,1643700,51938,49084,896,49980,551
2020-12-26,Alpine,002,1148,66,65,0,65,0
2020-12-26,Amador,005,37829,2437,2189,18,2207,23
2020-12-26,Butte,007,227075,7569,6968,864,7832,86
2020-12-26,Calaveras,009,45235,1102,1084,2,1086,21
2020-12-26,Colusa,011,21464,1291,1240,71,1311,7
2020-12-26,Contra Costa,013,1133247,40185,38008,526,38534,324
2020-12-26,Del Norte,015,27424,748,709,2,711,2
2020-12-26,El Dorado,017,186661,6077,5279,290,5569,18
2020-12-26,Fresno,019,978130,67859,63080,4294,67374,679
2020-12-26,Glenn,021,27897,1541,1413,241,1654,9
2020-12-26,Humboldt,023,135768,1729,1545,7,1552,17
2020-12-26,Imperial,025,180216,22786,21734,1138,22872,405
2020-12-26,Inyo,027,18085,667,554,7,561,18
2020-12-26,Kern,029,883053,65468,61174,4671,65845,564
2020-12-26,Kings,031,150075,16251,15517,482,15999,108
2020-12-26,Lake,033,64148,1891,1710,0,1710,22
2020-12-26,Lassen,035,31185,4350,3981,44,4025,1
2020-12-26,Los Angeles,037,10098052,758228,694149,19745,713894,9424
2020-12-26,Madera,039,155013,10679,9908,409,10317,64
2020-12-26,Marin,041,260295,9780,9413,70,9483,143
2020-12-26,Mariposa,043,17540,230,206,2,208,3
2020-12-26,Mendocino,045,87422,2396,2194,20,2214,23
2020-12-26,Merced,047,269075,18699,17890,313,18203,213
2020-12-26,Modoc,049,8938,244,222,69,291,0
2020-12-26,Mono,051,14174,873,850,12,862,3
2020-12-26,Monterey,053,433212,27401,26010,656,26666,182
2020-12-26,Napa,055,140530,5833,5427,25,5452,26
2020-12-26,Nevada,057,99092,2712,2480,88,2568,15
2020-12-26,Orange,059,3164182,159968,147304,6048,153352,1838
2020-12-26,Placer,061,380077,14294,12816,531,13347,122
2020-12-26,Plumas,063,18699,467,381,8,389,0
2020-12-26,Riverside,065,2383286,182663,169360,7952,177312,1834
2020-12-26,Sacramento,067,1510023,64840,62435,582,63017,807
2020-12-26,San Benito,069,59416,3552,3330,29,3359,24
2020-12-26,San Bernardino,071,2135413,197785,185111,5282,190393,1551
2020-12-26,San Diego,073,3302833,157279,142644,7057,149701,1402
2020-12-26,San Francisco,075,870044,23456,22319,204,22523,177
2020-12-26,San Joaquin,077,732212,45281,42887,1501,44388,618
2020-12-26,San Luis Obispo,079,281455,11000,9945,240,10185,76
2020-12-26,San Mateo,081,765935,25096,22908,99,23007,187
2020-12-26,Santa Barbara,083,443738,17303,16159,464,16623,155
2020-12-26,Santa Clara,085,1922200,70173,64185,286,64471,618
2020-12-26,Santa Cruz,087,273765,9228,8113,328,8441,81
2020-12-26,Shasta,089,179085,8103,7641,678,8319,65
2020-12-26,Sierra,091,2930,32,24,3,27,0
2020-12-26,Siskiyou,093,43540,1010,909,94,1003,2
2020-12-26,Solano,095,438530,18987,17528,189,17717,96
2020-12-26,Sonoma,097,501317,19095,18261,103,18364,184
2020-12-26,Stanislaus,099,539301,34611,32678,3060,35738,505
2020-12-26,Sutter,101,95872,6434,6121,43,6164,48
2020-12-26,Tehama,103,63373,3025,2884,272,3156,9
2020-12-26,Trinity,105,12862,412,237,54,291,2
2020-12-26,Tulare,107,460477,33795,31665,3526,35191,398
2020-12-26,Tuolumne,109,53932,2782,2703,14,2717,12
2020-12-26,Ventura,111,848112,39581,36064,1560,37624,230
2020-12-26,Yolo,113,214977,8478,7785,57,7842,111
2020-12-26,Yuba,115,75493,3816,3599,35,3634,18
2020-12-25,Alameda,001,1643700,51367,48365,881,49246,542
2020-12-25,Alpine,002,1148,66,64,0,64,0
2020-12-25,Amador,005,37829,2394,2172,18,2190,23
2020-12-25,Butte,007,227075,7470,6873,845,7718,85
2020-12-25,Calaveras,009,45235,1099,1062,2,1064,21
2020-12-25,Colusa,011,21464,1278,1219,70,1289,7
2020-12-25,Contra Costa,013,1133247,39698,37480,502,37982,324
2020-12-25,Del Norte,015,27424,746,692,2,694,2
2020-12-25,El Dorado,017,186661,6012,5170,277,5447,16
2020-12-25,Fresno,019,978130,66998,62251,4213,66464,679
2020-12-25,Glenn,021,27897,1525,1390,234,1624,9
2020-12-25,Humboldt,023,135768,1689,1532,7,1539,16
2020-12-25,Imperial,025,180216,22683,21646,1126,22772,405
2020-12-25,Inyo,027,18085,657,546,7,553,18
2020-12-25,Kern,029,883053,64738,60417,4525,64942,562
2020-12-25,Kings,031,150075,16140,15460,478,15938,108
2020-12-25,Lake,033,64148,1872,1669,0,1669,20
2020-12-25,Lassen,035,31185,4335,3926,44,3970,1
2020-12-25,Los Angeles,037,10098052,744557,665600,19091,684691,9292
2020-12-25,Madera,039,155013,10515,9770,403,10173,64
2020-12-25,Marin,041,260295,9728,9375,68,9443,143
2020-12-25,Mariposa,043,17540,224,203,2,205,3
2020-12-25,Mendocino,045,87422,2353,2176,20,2196,23
2020-12-25,Merced,047,269075,18538,17726,305,18031,213
2020-12-25,Modoc,049,8938,243,221,69,290,0
2020-12-25,Mono,051,14174,871,843,12,855,3
2020-12-25,Monterey,053,433212,27125,25788,647,26435,182
2020-12-25,Napa,055,140530,5756,5351,25,5376,26
2020-12-25,Nevada,057,99092,2686,2458,86,2544,15
2020-12-25,Orange,059,3164182,157275,144542,5857,150399,1814
2020-12-25,Placer,061,380077,14109,12660,509,13169,122
2020-12-25,Plumas,063,18699,460,381,8,389,0
2020-12-25,Riverside,065,2383286,179382,166690,7641,174331,1825
2020-12-25,Sacramento,067,1510023,64149,61630,557,62187,796
2020-12-25,San Benito,069,59416,3511,3281,27,3308,24
2020-12-25,San Bernardino,071,2135413,195187,181812,5167,186979,1546
2020-12-25,San Diego,073,3302833,154799,139958,6879,146837,1402
2020-12-25,San Francisco,075,870044,23174,22130,199,22329,175
2020-12-25,San Joaquin,077,732212,44981,42089,1448,43537,614
2020-12-25,San Luis Obispo,079,281455,10817,9749,233,9982,76
2020-12-25,San Mateo,081,765935,24774,22568,97,22665,187
2020-12-25,Santa Barbara,083,443738,17079,15936,457,16393,155
2020-12-25,Santa Clara,085,1922200,69036,63173,277,63450,612
2020-12-25,Santa Cruz,087,273765,9078,8018,307,8325,81
2020-12-25,Shasta,089,179085,8029,7612,655,8267,65
2020-12-25,Sierra,091,2930,32,24,3,27,0
2020-12-25,Siskiyou,093,43540,1004,905,92,997,2
2020-12-25,Solano,095,438530,18808,17280,187,17467,96
2020-12-25,Sonoma,097,501317,18920,18035,101,18136,184
2020-12-25,Stanislaus,099,539301,34329,32290,3005,35295,498
2020-12-25,Sutter,101,95872,6374,6051,42,6093,47
2020-12-25,Tehama,103,63373,2977,2839,259,3098,9
2020-12-25,Trinity,105,12862,408,236,54,290,2
2020-12-25,Tulare,107,460477,33384,31323,3458,34781,398
2020-12-25,Tuolumne,109,53932,2763,2674,14,2688,12
2020-12-25,Ventura,111,848112,38425,35514,1512,37026,230
2020-12-25,Yolo,113,214977,8386,7700,55,7755,111
2020-12-25,Yuba,115,75493,3776,3549,34,3583,17
2020-12-24,Alameda,001,1643700,51011,47527,863,48390,541
2020-12-24,Alpine,002,1148,66,64,0,64,0
2020-12-24,Amador,005,37829,2381,2145,18,2163,23
2020-12-24,Butte,007,227075,7432,6716,829,7545,84
2020-12-24,Calaveras,009,45235,1096,1032,2,1034,21
2020-12-24,Colusa,011,21464,1273,1188,68,1256,7
2020-12-24,Contra Costa,013,1133247,39446,36623,489,37112,311
2020-12-24,Del Norte,015,27424,745,678,2,680,2
2020-12-24,El Dorado,017,186661,5986,5042,269,5311,16
2020-12-24,Fresno,019,978130,66776,61435,4199,65634,663
2020-12-24,Glenn,021,27897,1514,1363,226,1589,9
2020-12-24,Humboldt,023,135768,1666,1516,7,1523,16
2020-12-24,Imperial,025,180216,22620,21545,1116,22661,402
2020-12-24,Inyo,027,18085,655,532,7,539,17
2020-12-24,Kern,029,883053,64450,59601,4512,64113,556
2020-12-24,Kings,031,150075,16100,15211,477,15688,108
2020-12-24,Lake,033,64148,1850,1629,0,1629,20
2020-12-24,Lassen,035,31185,4322,3894,44,3938,1
2020-12-24,Los Angeles,037,10098052,740362,664840,18850,683690,9288
2020-12-24,Madera,039,155013,10466,9547,395,9942,63
2020-12-24,Marin,041,260295,9689,9287,68,9355,143
2020-12-24,Mariposa,043,17540,220,197,2,199,3
2020-12-24,Mendocino,045,87422,2342,2150,20,2170,23
2020-12-24,Merced,047,269075,18468,17485,301,17786,212
2020-12-24,Modoc,049,8938,243,220,68,288,0
2020-12-24,Mono,051,14174,869,817,12,829,3
2020-12-24,Monterey,053,433212,27012,25131,640,25771,180
2020-12-24,Napa,055,140530,5701,5265,25,5290,26
2020-12-24,Nevada,057,99092,2662,2429,86,2515,15
2020-12-24,Orange,059,3164182,155781,141205,5806,147011,1775
2020-12-24,Placer,061,380077,14019,12457,502,12959,121
2020-12-24,Plumas,063,18699,457,376,8,384,0
2020-12-24,Riverside,065,2383286,178446,162435,7601,170036,1816
2020-12-24,Sacramento,067,1510023,63874,60596,555,61151,788
2020-12-24,San Benito,069,59416,3480,3183,27,3210,24
2020-12-24,San Bernardino,071,2135413,194097,176866,5134,182000,1533
2020-12-24,San Diego,073,3302833,153715,136952,6847,143799,1382
2020-12-24,San Francisco,075,870044,23001,21830,196,22026,175
2020-12-24,San Joaquin,077,732212,44814,41324,1430,42754,611
2020-12-24,San Luis Obispo,079,281455,10748,9504,231,9735,77
2020-12-24,San Mateo,081,765935,24579,22093,97,22190,186
2020-12-24,Santa Barbara,083,443738,16974,15644,449,16093,153
2020-12-24,Santa Clara,085,1922200,68347,61742,270,62012,591
2020-12-24,Santa Cruz,087,273765,8999,7856,295,8151,82
2020-12-24,Shasta,089,179085,7988,7540,638,8178,65
2020-12-24,Sierra,091,2930,29,23,1,24,0
2020-12-24,Siskiyou,093,43540,999,900,86,986,2
2020-12-24,Solano,095,438530,18667,16872,182,17054,96
2020-12-24,Sonoma,097,501317,18819,17710,101,17811,183
2020-12-24,Stanislaus,099,539301,34127,31848,2978,34826,498
2020-12-24,Sutter,101,95872,6333,5960,41,6001,47
2020-12-24,Tehama,103,63373,2959,2779,257,3036,9
2020-12-24,Trinity,105,12862,407,235,54,289,2
2020-12-24,Tulare,107,460477,33236,30827,3432,34259,390
2020-12-24,Tuolumne,109,53932,2755,2653,14,2667,12
2020-12-24,Ventura,111,848112,38145,34400,1505,35905,224
2020-12-24,Yolo,113,214977,8344,7566,54,7620,113
2020-12-24,Yuba,115,75493,3745,3483,34,3517,16
2020-12-23,Alameda,001,1643700,50434,46753,835,47588,537
2020-12-23,Alpine,002,1148,66,64,0,64,0
2020-12-23,Amador,005,37829,2312,2108,17,2125,23
2020-12-23,Butte,007,227075,7343,6588,802,7390,84
2020-12-23,Calaveras,009,45235,1087,1002,1,1003,21
2020-12-23,Colusa,011,21464,1262,1167,67,1234,7
2020-12-23,Contra Costa,013,1133247,39050,36190,475,36665,311
2020-12-23,Del Norte,015,27424,737,670,2,672,2
2020-12-23,El Dorado,017,186661,5911,4967,261,5228,14
2020-12-23,Fresno,019,978130,66164,60488,4133,64621,654
2020-12-23,Glenn,021,27897,1500,1349,222,1571,9
2020-12-23,Humboldt,023,135768,1641,1458,7,1465,16
2020-12-23,Imperial,025,180216,22525,21323,1087,22410,399
2020-12-23,Inyo,027,18085,642,517,7,524,17
2020-12-23,Kern,029,883053,63931,58656,4421,63077,549
2020-12-23,Kings,031,150075,16023,14923,474,15397,105
2020-12-23,Lake,033,64148,1833,1595,0,1595,20
2020-12-23,Lassen,035,31185,4312,3865,41,3906,1
2020-12-23,Los Angeles,037,10098052,731288,651958,18334,670292,9146
2020-12-23,Madera,039,155013,10309,9371,380,9751,63
2020-12-23,Marin,041,260295,9629,9199,65,9264,142
2020-12-23,Mariposa,043,17540,218,194,2,196,3
2020-12-23,Mendocino,045,87422,2330,2121,20,2141,23
2020-12-23,Merced,047,269075,18312,17250,293,17543,203
2020-12-23,Modoc,049,8938,239,197,67,264,0
2020-12-23,Mono,051,14174,866,814,12,826,3
2020-12-23,Monterey,053,433212,26711,24856,635,25491,176
2020-12-23,Napa,055,140530,5634,5172,25,5197,25
2020-12-23,Nevada,057,99092,2617,2406,85,2491,15
2020-12-23,Orange,059,3164182,153326,138050,5645,143695,1771
2020-12-23,Placer,061,380077,13809,12213,494,12707,111
2020-12-23,Plumas,063,18699,450,369,8,377,0
2020-12-23,Riverside,065,2383286,176176,158110,7447,165557,1790
2020-12-23,Sacramento,067,1510023,63225,59661,542,60203,779
2020-12-23,San Benito,069,59416,3426,3073,25,3098,24
2020-12-23,San Bernardino,071,2135413,192031,172888,5066,177954,1509
2020-12-23,San Diego,073,3302833,151289,134695,6710,141405,1350
2020-12-23,San Francisco,075,870044,22780,21498,193,21691,174
2020-12-23,San Joaquin,077,732212,44288,35664,1388,37052,602
2020-12-23,San Luis Obispo,079,281455,10606,9267,226,9493,74
2020-12-23,San Mateo,081,765935,24277,21780,95,21875,186
2020-12-23,Santa Barbara,083,443738,16766,15399,424,15823,152
2020-12-23,Santa Clara,085,1922200,67400,60455,265,60720,579
2020-12-23,Santa Cruz,087,273765,8840,7637,277,7914,75
2020-12-23,Shasta,089,179085,7916,7487,632,8119,66
2020-12-23,Sierra,091,2930,27,23,1,24,0
2020-12-23,Siskiyou,093,43540,978,891,85,976,2
2020-12-23,Solano,095,438530,18453,16626,177,16803,95
2020-12-23,Sonoma,097,501317,18614,17397,101,17498,182
2020-12-23,Stanislaus,099,539301,33775,31492,2926,34418,499
2020-12-23,Sutter,101,95872,6266,5871,41,5912,46
2020-12-23,Tehama,103,63373,2941,2737,250,2987,9
2020-12-23,Trinity,105,12862,407,234,53,287,2
2020-12-23,Tulare,107,460477,32924,30315,3392,33707,385
2020-12-23,Tuolumne,109,53932,2716,2540,14,2554,12
2020-12-23,Ventura,111,848112,37747,33377,1476,34853,216
2020-12-23,Yolo,113,214977,8265,7508,54,7562,112
2020-12-23,Yuba,115,75493,3685,3438,34,3472,14
2020-12-22,Alameda,001,1643700,49549,45751,805,46556,534
2020-12-22,Alpine,002,1148,66,64,0,64,0
2020-12-22,Amador,005,37829,2301,1839,17,1856,23
2020-12-22,Butte,007,227075,7214,6467,787,7254,85
2020-12-22,Calaveras,009,45235,1060,988,0,988,21
2020-12-22,Colusa,011,21464,1239,1150,64,1214,7
2020-12-22,Contra Costa,013,1133247,38425,35681,461,36142,301
2020-12-22,Del Norte,015,27424,727,666,2,668,2
2020-12-22,El Dorado,017,186661,5788,4885,249,5134,12
2020-12-22,Fresno,019,978130,65132,59640,4031,63671,640
2020-12-22,Glenn,021,27897,1477,1337,211,1548,9
2020-12-22,Humboldt,023,135768,1608,1440,7,1447,16
2020-12-22,Imperial,025,180216,22336,21128,1045,22173,398
2020-12-22,Inyo,027,18085,621,506,7,513,17
2020-12-22,Kern,029,883053,62978,57816,4286,62102,547
2020-12-22,Kings,031,150075,15881,14855,468,15323,102
2020-12-22,Lake,033,64148,1809,1569,0,1569,20
2020-12-22,Lassen,035,31185,4170,3848,39,3887,1
2020-12-22,Los Angeles,037,10098052,714015,635931,17676,653607,9013
2020-12-22,Madera,039,155013,10195,9187,365,9552,63
2020-12-22,Marin,041,260295,9566,9115,64,9179,142
2020-12-22,Mariposa,043,17540,215,194,2,196,3
2020-12-22,Mendocino,045,87422,2297,2092,19,2111,23
2020-12-22,Merced,047,269075,18066,17012,288,17300,201
2020-12-22,Modoc,049,8938,231,182,66,248,0
2020-12-22,Mono,051,14174,860,786,12,798,3
2020-12-22,Monterey,053,433212,26041,24152,614,24766,176
2020-12-22,Napa,055,140530,5545,5059,25,5084,23
2020-12-22,Nevada,057,99092,2589,2367,84,2451,14
2020-12-22,Orange,059,3164182,149990,134850,5477,140327,1774
2020-12-22,Placer,061,380077,13565,11943,474,12417,105
2020-12-22,Plumas,063,18699,444,360,8,368,0
2020-12-22,Riverside,065,2383286,172368,155059,7181,162240,1777
2020-12-22,Sacramento,067,1510023,62297,57966,523,58489,772
2020-12-22,San Benito,069,59416,3348,2998,25,3023,24
2020-12-22,San Bernardino,071,2135413,187421,169266,4922,174188,1500
2020-12-22,San Diego,073,3302833,147930,132097,6548,138645,1311
2020-12-22,San Francisco,075,870044,22509,21232,189,21421,174
2020-12-22,San Joaquin,077,732212,43525,39423,1340,40763,592
2020-12-22,San Luis Obispo,079,281455,10260,9174,221,9395,69
2020-12-22,San Mateo,081,765935,23950,21382,79,21461,186
2020-12-22,Santa Barbara,083,443738,16500,15189,414,15603,150
2020-12-22,Santa Clara,085,1922200,66222,59192,258,59450,569
2020-12-22,Santa Cruz,087,273765,8657,7471,251,7722,72
2020-12-22,Shasta,089,179085,7837,7371,615,7986,64
2020-12-22,Sierra,091,2930,27,23,0,23,0
2020-12-22,Siskiyou,093,43540,972,880,84,964,2
2020-12-22,Solano,095,438530,18051,16229,174,16403,95
2020-12-22,Sonoma,097,501317,18293,17216,101,17317,180
2020-12-22,Stanislaus,099,539301,33391,30914,2852,33766,499
2020-12-22,Sutter,101,95872,6207,5791,40,5831,46
2020-12-22,Tehama,103,63373,2892,2688,244,2932,9
2020-12-22,Trinity,105,12862,406,231,53,284,2
2020-12-22,Tulare,107,460477,32459,30025,3328,33353,377
2020-12-22,Tuolumne,109,53932,2665,2526,14,2540,12
2020-12-22,Ventura,111,848112,36981,32488,1433,33921,213
2020-12-22,Yolo,113,214977,8153,7388,53,7441,113
2020-12-22,Yuba,115,75493,3637,3379,34,3413,14
2020-12-21,Alameda,001,1643700,48646,44756,779,45535,518
2020-12-21,Alpine,002,1148,65,64,0,64,0
2020-12-21,Amador,005,37829,2224,1815,17,1832,23
2020-12-21,Butte,007,227075,7059,6335,764,7099,81
2020-12-21,Calaveras,009,45235,1030,963,0,963,21
2020-12-21,Colusa,011,21464,1213,1135,59,1194,7
2020-12-21,Contra Costa,013,1133247,37675,35207,425,35632,300
2020-12-21,Del Norte,015,27424,712,660,2,662,2
2020-12-21,El Dorado,017,186661,5643,4805,237,5042,10
2020-12-21,Fresno,019,978130,63982,58568,3889,62457,634
2020-12-21,Glenn,021,27897,1445,1323,203,1526,9
2020-12-21,Humboldt,023,135768,1585,1419,7,1426,16
2020-12-21,Imperial,025,180216,22070,20994,1004,21998,395
2020-12-21,Inyo,027,18085,600,482,7,489,17
2020-12-21,Kern,029,883053,62089,56836,4152,60988,541
2020-12-21,Kings,031,150075,15631,14760,453,15213,100
2020-12-21,Lake,033,64148,1761,1538,0,1538,20
2020-12-21,Lassen,035,31185,4010,3798,37,3835,1
2020-12-21,Los Angeles,037,10098052,694919,624129,17015,641144,8918
2020-12-21,Madera,039,155013,10005,9069,344,9413,63
2020-12-21,Marin,041,260295,9496,9035,64,9099,142
2020-12-21,Mariposa,043,17540,210,186,2,188,3
2020-12-21,Mendocino,045,87422,2266,2066,19,2085,23
2020-12-21,Merced,047,269075,17817,16710,273,16983,198
2020-12-21,Modoc,049,8938,217,181,65,246,0
2020-12-21,Mono,051,14174,848,781,12,793,3
2020-12-21,Monterey,053,433212,25509,23673,600,24273,174
2020-12-21,Napa,055,140530,5459,4952,25,4977,23
2020-12-21,Nevada,057,99092,2556,2337,84,2421,13
2020-12-21,Orange,059,3164182,146587,130444,5325,135769,1772
2020-12-21,Placer,061,380077,13333,11715,455,12170,105
2020-12-21,Plumas,063,18699,440,353,8,361,0
2020-12-21,Riverside,065,2383286,168148,151713,6862,158575,1743
2020-12-21,Sacramento,067,1510023,61278,57064,506,57570,759
2020-12-21,San Benito,069,59416,3279,2921,25,2946,22
2020-12-21,San Bernardino,071,2135413,182608,165086,4756,169842,1476
2020-12-21,San Diego,073,3302833,144479,129716,6384,136100,1284
2020-12-21,San Francisco,075,870044,22218,21086,187,21273,174
2020-12-21,San Joaquin,077,732212,42726,38811,1290,40101,586
2020-12-21,San Luis Obispo,079,281455,10071,9006,216,9222,64
2020-12-21,San Mateo,081,765935,23546,21035,76,21111,185
2020-12-21,Santa Barbara,083,443738,16226,14988,409,15397,149
2020-12-21,Santa Clara,085,1922200,65029,57699,246,57945,570
2020-12-21,Santa Cruz,087,273765,8450,7315,238,7553,69
2020-12-21,Shasta,089,179085,7772,7299,605,7904,64
2020-12-21,Sierra,091,2930,24,23,0,23,0
2020-12-21,Siskiyou,093,43540,965,878,83,961,2
2020-12-21,Solano,095,438530,17592,15878,169,16047,95
2020-12-21,Sonoma,097,501317,18020,17075,98,17173,176
2020-12-21,Stanislaus,099,539301,32934,30437,2776,33213,499
2020-12-21,Sutter,101,95872,6112,5708,40,5748,46
2020-12-21,Tehama,103,63373,2827,2656,235,2891,9
2020-12-21,Trinity,105,12862,404,226,51,277,2
2020-12-21,Tulare,107,460477,31973,29482,3237,32719,373
2020-12-21,Tuolumne,109,53932,2640,2423,12,2435,12
2020-12-21,Ventura,111,848112,35901,31759,1396,33155,212
2020-12-21,Yolo,113,214977,8016,7266,49,7315,109
2020-12-21,Yuba,115,75493,3579,3329,34,3363,14
2020-12-20,Alameda,001,1643700,47762,44004,758,44762,516
2020-12-20,Alpine,002,1148,65,64,0,64,0
2020-12-20,Amador,005,37829,2166,1771,17,1788,23
2020-12-20,Butte,007,227075,6912,6228,727,6955,81
2020-12-20,Calaveras,009,45235,1007,926,0,926,21
2020-12-20,Colusa,011,21464,1184,1121,53,1174,7
2020-12-20,Contra Costa,013,1133247,37073,34798,407,35205,301
2020-12-20,Del Norte,015,27424,690,652,2,654,2
2020-12-20,El Dorado,017,186661,5518,4697,228,4925,10
2020-12-20,Fresno,019,978130,62996,57616,3754,61370,634
2020-12-20,Glenn,021,27897,1436,1295,196,1491,9
2020-12-20,Humboldt,023,135768,1548,1386,6,1392,15
2020-12-20,Imperial,025,180216,21830,20882,902,21784,395
2020-12-20,Inyo,027,18085,584,476,7,483,17
2020-12-20,Kern,029,883053,60991,55983,3998,59981,540
2020-12-20,Kings,031,150075,15411,14629,437,15066,100
2020-12-20,Lake,033,64148,1718,1463,0,1463,20
2020-12-20,Lassen,035,31185,3956,3669,35,3704,1
2020-12-20,Los Angeles,037,10098052,676811,612975,16300,629275,8862
2020-12-20,Madera,039,155013,9795,8871,337,9208,63
2020-12-20,Marin,041,260295,9395,8948,61,9009,142
2020-12-20,Mariposa,043,17540,209,179,2,181,3
2020-12-20,Mendocino,045,87422,2241,2033,19,2052,23
2020-12-20,Merced,047,269075,17500,16435,266,16701,198
2020-12-20,Modoc,049,8938,217,181,63,244,0
2020-12-20,Mono,051,14174,830,774,12,786,3
2020-12-20,Monterey,053,433212,25026,23250,562,23812,173
2020-12-20,Napa,055,140530,5338,4865,24,4889,23
2020-12-20,Nevada,057,99092,2510,2289,78,2367,13
2020-12-20,Orange,059,3164182,143097,128780,5177,133957,1763
2020-12-20,Placer,061,380077,13108,11496,437,11933,105
2020-12-20,Plumas,063,18699,432,347,8,355,0
2020-12-20,Riverside,065,2383286,163943,148714,6575,155289,1742
2020-12-20,Sacramento,067,1510023,60279,56017,486,56503,755
2020-12-20,San Benito,069,59416,3208,2885,24,2909,21
2020-12-20,San Bernardino,071,2135413,177600,162810,4599,167409,1458
2020-12-20,San Diego,073,3302833,140761,126465,6214,132679,1280
2020-12-20,San Francisco,075,870044,21901,20937,184,21121,174
2020-12-20,San Joaquin,077,732212,41878,38268,1230,39498,587
2020-12-20,San Luis Obispo,079,281455,9780,8881,210,9091,63
2020-12-20,San Mateo,081,765935,23112,20764,72,20836,185
2020-12-20,Santa Barbara,083,443738,15904,14817,391,15208,148
2020-12-20,Santa Clara,085,1922200,63633,56860,240,57100,566
2020-12-20,Santa Cruz,087,273765,8240,7178,225,7403,69
2020-12-20,Shasta,089,179085,7658,7256,591,7847,64
2020-12-20,Sierra,091,2930,24,22,0,22,0
2020-12-20,Siskiyou,093,43540,956,870,82,952,2
2020-12-20,Solano,095,438530,17209,15533,158,15691,95
2020-12-20,Sonoma,097,501317,17744,16802,97,16899,175
2020-12-20,Stanislaus,099,539301,32403,29995,2677,32672,498
2020-12-20,Sutter,101,95872,6025,5601,40,5641,43
2020-12-20,Tehama,103,63373,2779,2602,216,2818,9
2020-12-20,Trinity,105,12862,396,221,50,271,2
2020-12-20,Tulare,107,460477,31456,29078,3144,32222,373
2020-12-20,Tuolumne,109,53932,2532,2152,11,2163,12
2020-12-20,Ventura,111,848112,35200,31335,1364,32699,210
2020-12-20,Yolo,113,214977,7864,7121,46,7167,109
2020-12-20,Yuba,115,75493,3529,3254,32,3286,12
2020-12-19,Alameda,001,1643700,47313,43109,751,43860,516
2020-12-19,Alpine,002,1148,65,64,0,64,0
2020-12-19,Amador,005,37829,2142,1754,17,1771,23
2020-12-19,Butte,007,227075,6812,6118,705,6823,81
2020-12-19,Calaveras,009,45235,990,900,0,900,21
2020-12-19,Colusa,011,21464,1176,1096,50,1146,7
2020-12-19,Contra Costa,013,1133247,36745,34321,393,34714,301
2020-12-19,Del Norte,015,27424,688,641,1,642,2
2020-12-19,El Dorado,017,186661,5451,4588,220,4808,10
2020-12-19,Fresno,019,978130,62671,55428,3688,59116,634
2020-12-19,Glenn,021,27897,1401,1286,195,1481,9
2020-12-19,Humboldt,023,135768,1531,1357,6,1363,15
2020-12-19,Imperial,025,180216,21737,20711,856,21567,395
2020-12-19,Inyo,027,18085,577,475,7,482,17
2020-12-19,Kern,029,883053,60507,55118,3892,59010,540
2020-12-19,Kings,031,150075,15332,14474,435,14909,100
2020-12-19,Lake,033,64148,1678,1438,0,1438,20
2020-12-19,Lassen,035,31185,3928,3595,35,3630,1
2020-12-19,Los Angeles,037,10098052,669686,599888,15779,615667,8804
2020-12-19,Madera,039,155013,9694,8717,325,9042,63
2020-12-19,Marin,041,260295,9353,8864,61,8925,142
2020-12-19,Mariposa,043,17540,207,177,2,179,3
2020-12-19,Mendocino,045,87422,2216,2008,19,2027,23
2020-12-19,Merced,047,269075,17361,16230,258,16488,198
2020-12-19,Modoc,049,8938,214,181,63,244,0
2020-12-19,Mono,051,14174,823,766,12,778,3
2020-12-19,Monterey,053,433212,24912,22799,557,23356,172
2020-12-19,Napa,055,140530,5276,4772,24,4796,23
2020-12-19,Nevada,057,99092,2488,2260,78,2338,13
2020-12-19,Orange,059,3164182,141169,125574,5029,130603,1733
2020-12-19,Placer,061,380077,12953,11246,431,11677,105
2020-12-19,Plumas,063,18699,429,343,8,351,0
2020-12-19,Riverside,065,2383286,161955,146703,6344,153047,1737
2020-12-19,Sacramento,067,1510023,59744,55169,472,55641,746
2020-12-19,San Benito,069,59416,3160,2820,23,2843,21
2020-12-19,San Bernardino,071,2135413,176016,159883,4491,164374,1433
2020-12-19,San Diego,073,3302833,138994,122972,6075,129047,1280
2020-12-19,San Francisco,075,870044,21747,20643,184,20827,174
2020-12-19,San Joaquin,077,732212,41474,37340,1182,38522,586
2020-12-19,San Luis Obispo,079,281455,9709,8788,207,8995,63
2020-12-19,San Mateo,081,765935,22903,20393,65,20458,182
2020-12-19,Santa Barbara,083,443738,15748,14667,385,15052,148
2020-12-19,Santa Clara,085,1922200,62783,55540,236,55776,558
2020-12-19,Santa Cruz,087,273765,8134,7054,221,7275,68
2020-12-19,Shasta,089,179085,7606,7221,579,7800,63
2020-12-19,Sierra,091,2930,24,23,0,23,0
2020-12-19,Siskiyou,093,43540,952,853,81,934,2
2020-12-19,Solano,095,438530,17031,15204,155,15359,95
2020-12-19,Sonoma,097,501317,17635,16553,97,16650,175
2020-12-19,Stanislaus,099,539301,32076,29555,2605,32160,498
2020-12-19,Sutter,101,95872,5969,5506,40,5546,41
2020-12-19,Tehama,103,63373,2730,2574,214,2788,9
2020-12-19,Trinity,105,12862,395,219,50,269,2
2020-12-19,Tulare,107,460477,31218,28734,3078,31812,375
2020-12-19,Tuolumne,109,53932,2518,2107,11,2118,12
2020-12-19,Ventura,111,848112,34919,30843,1334,32177,209
2020-12-19,Yolo,113,214977,7789,7025,45,7070,109
2020-12-19,Yuba,115,75493,3499,3168,32,3200,11
2020-12-18,Alameda,001,1643700,46778,42196,735,42931,515
2020-12-18,Alpine,002,1148,65,64,0,64,0
2020-12-18,Amador,005,37829,2125,1727,15,1742,20
2020-12-18,Butte,007,227075,6727,5891,680,6571,81
2020-12-18,Calaveras,009,45235,980,870,0,870,21
2020-12-18,Colusa,011,21464,1167,1068,50,1118,7
2020-12-18,Contra Costa,013,1133247,36453,33610,382,33992,300
2020-12-18,Del Norte,015,27424,683,627,0,627,2
2020-12-18,El Dorado,017,186661,5389,4494,211,4705,10
2020-12-18,Fresno,019,978130,61845,52643,3627,56270,613
2020-12-18,Glenn,021,27897,1384,1264,190,1454,9
2020-12-18,Humboldt,023,135768,1516,1331,6,1337,15
2020-12-18,Imperial,025,180216,21654,20430,810,21240,393
2020-12-18,Inyo,027,18085,558,454,7,461,17
2020-12-18,Kern,029,883053,59847,54220,3807,58027,533
2020-12-18,Kings,031,150075,15206,14284,429,14713,98
2020-12-18,Lake,033,64148,1662,1397,0,1397,20
2020-12-18,Lassen,035,31185,3920,3486,35,3521,1
2020-12-18,Los Angeles,037,10098052,657538,586413,15300,601713,8744
2020-12-18,Madera,039,155013,9591,8609,319,8928,63
2020-12-18,Marin,041,260295,9269,8799,61,8860,142
2020-12-18,Mariposa,043,17540,204,176,2,178,3
2020-12-18,Mendocino,045,87422,2198,1977,19,1996,24
2020-12-18,Merced,047,269075,17280,15956,256,16212,195
2020-12-18,Modoc,049,8938,214,179,63,242,0
2020-12-18,Mono,051,14174,815,731,12,743,3
2020-12-18,Monterey,053,433212,24619,22336,552,22888,165
2020-12-18,Napa,055,140530,5227,4688,24,4712,23
2020-12-18,Nevada,057,99092,2471,2220,77,2297,13
2020-12-18,Orange,059,3164182,138738,121681,4880,126561,1725
2020-12-18,Placer,061,380077,12782,10995,423,11418,104
2020-12-18,Plumas,063,18699,423,336,8,344,0
2020-12-18,Riverside,065,2383286,159113,142375,6082,148457,1733
2020-12-18,Sacramento,067,1510023,59118,53980,456,54436,736
2020-12-18,San Benito,069,59416,3111,2744,23,2767,21
2020-12-18,San Bernardino,071,2135413,173718,154272,4356,158628,1430
2020-12-18,San Diego,073,3302833,136816,120463,5936,126399,1253
2020-12-18,San Francisco,075,870044,21580,20315,178,20493,173
2020-12-18,San Joaquin,077,732212,41117,36484,1153,37637,559
2020-12-18,San Luis Obispo,079,281455,9611,8598,202,8800,62
2020-12-18,San Mateo,081,765935,22590,19971,61,20032,182
2020-12-18,Santa Barbara,083,443738,15607,14361,372,14733,148
2020-12-18,Santa Clara,085,1922200,61886,53992,227,54219,539
2020-12-18,Santa Cruz,087,273765,8015,6838,213,7051,68
2020-12-18,Shasta,089,179085,7568,7114,568,7682,62
2020-12-18,Sierra,091,2930,24,23,0,23,0
2020-12-18,Siskiyou,093,43540,950,840,81,921,2
2020-12-18,Solano,095,438530,16874,14667,151,14818,95
2020-12-18,Sonoma,097,501317,17515,16261,97,16358,173
2020-12-18,Stanislaus,099,539301,31800,28967,2568,31535,490
2020-12-18,Sutter,101,95872,5885,5399,40,5439,39
2020-12-18,Tehama,103,63373,2715,2523,204,2727,9
2020-12-18,Trinity,105,12862,394,215,50,265,2
2020-12-18,Tulare,107,460477,30926,28322,3000,31322,370
2020-12-18,Tuolumne,109,53932,2507,2067,11,2078,12
2020-12-18,Ventura,111,848112,34415,29907,1291,31198,209
2020-12-18,Yolo,113,214977,7720,6901,44,6945,109
2020-12-18,Yuba,115,75493,3439,3097,32,3129,11
2020-12-17,Alameda,001,1643700,45973,41548,710,42258,508
2020-12-17,Alpine,002,1148,65,64,0,64,0
2020-12-17,Amador,005,37829,2077,1703,13,1716,19
2020-12-17,Butte,007,227075,6602,5746,660,6406,78
2020-12-17,Calaveras,009,45235,957,848,0,848,21
2020-12-17,Colusa,011,21464,1156,1053,48,1101,7
2020-12-17,Contra Costa,013,1133247,35920,33006,352,33358,293
2020-12-17,Del Norte,015,27424,678,583,0,583,1
2020-12-17,El Dorado,017,186661,5243,4327,198,4525,9
2020-12-17,Fresno,019,978130,60983,49918,3500,53418,597
2020-12-17,Glenn,021,27897,1360,1244,183,1427,9
2020-12-17,Humboldt,023,135768,1483,1322,6,1328,14
2020-12-17,Imperial,025,180216,21492,20208,745,20953,391
2020-12-17,Inyo,027,18085,540,450,6,456,16
2020-12-17,Kern,029,883053,58890,53683,3672,57355,526
2020-12-17,Kings,031,150075,15103,14057,414,14471,98
2020-12-17,Lake,033,64148,1633,1374,0,1374,20
2020-12-17,Lassen,035,31185,3884,3417,35,3452,1
2020-12-17,Los Angeles,037,10098052,641857,571093,14765,585858,8657
2020-12-17,Madera,039,155013,9470,8465,315,8780,62
2020-12-17,Marin,041,260295,9207,8721,59,8780,142
2020-12-17,Mariposa,043,17540,200,172,2,174,3
2020-12-17,Mendocino,045,87422,2164,1942,19,1961,23
2020-12-17,Merced,047,269075,17018,15648,248,15896,192
2020-12-17,Modoc,049,8938,211,179,63,242,0
2020-12-17,Mono,051,14174,801,718,12,730,3
2020-12-17,Monterey,053,433212,24100,21951,537,22488,163
2020-12-17,Napa,055,140530,5115,4612,24,4636,23
2020-12-17,Nevada,057,99092,2430,2173,74,2247,13
2020-12-17,Orange,059,3164182,135371,118367,4748,123115,1725
2020-12-17,Placer,061,380077,12508,10756,409,11165,99
2020-12-17,Plumas,063,18699,414,324,8,332,0
2020-12-17,Riverside,065,2383286,155240,139325,5868,145193,1696
2020-12-17,Sacramento,067,1510023,58211,53189,434,53623,721
2020-12-17,San Benito,069,59416,3042,2645,22,2667,20
2020-12-17,San Bernardino,071,2135413,169774,149838,4240,154078,1425
2020-12-17,San Diego,073,3302833,134015,116852,5780,122632,1239
2020-12-17,San Francisco,075,870044,21290,19939,173,20112,170
2020-12-17,San Joaquin,077,732212,40389,35894,1119,37013,554
2020-12-17,San Luis Obispo,079,281455,9492,8365,201,8566,59
2020-12-17,San Mateo,081,765935,22220,19647,61,19708,181
2020-12-17,Santa Barbara,083,443738,15374,14207,365,14572,147
2020-12-17,Santa Clara,085,1922200,60696,52559,221,52780,527
2020-12-17,Santa Cruz,087,273765,7859,6687,200,6887,64
2020-12-17,Shasta,089,179085,7492,7000,549,7549,62
2020-12-17,Sierra,091,2930,23,23,0,23,0
2020-12-17,Siskiyou,093,43540,942,827,80,907,2
2020-12-17,Solano,095,438530,16560,14361,148,14509,96
2020-12-17,Sonoma,097,501317,17243,15993,96,16089,171
2020-12-17,Stanislaus,099,539301,31381,28582,2508,31090,489
2020-12-17,Sutter,101,95872,5787,5309,38,5347,39
2020-12-17,Tehama,103,63373,2666,2480,198,2678,9
2020-12-17,Trinity,105,12862,389,213,50,263,2
2020-12-17,Tulare,107,460477,30525,27852,2921,30773,358
2020-12-17,Tuolumne,109,53932,2214,1992,11,2003,11
2020-12-17,Ventura,111,848112,33805,29404,1255,30659,208
2020-12-17,Yolo,113,214977,7599,6800,43,6843,105
2020-12-17,Yuba,115,75493,3379,3035,31,3066,12
2020-12-16,Alameda,001,1643700,45116,40751,686,41437,497
2020-12-16,Alpine,002,1148,65,64,0,64,0
2020-12-16,Amador,005,37829,2030,1693,12,1705,19
2020-12-16,Butte,007,227075,6413,5659,633,6292,76
2020-12-16,Calaveras,009,45235,922,821,0,821,21
2020-12-16,Colusa,011,21464,1143,1038,45,1083,7
2020-12-16,Contra Costa,013,1133247,35362,32429,333,32762,293
2020-12-16,Del Norte,015,27424,676,575,0,575,1
2020-12-16,El Dorado,017,186661,5122,4237,189,4426,9
2020-12-16,Fresno,019,978130,60028,49173,3404,52577,584
2020-12-16,Glenn,021,27897,1342,1236,172,1408,9
2020-12-16,Humboldt,023,135768,1451,1308,5,1313,12
2020-12-16,Imperial,025,180216,21310,19980,681,20661,388
2020-12-16,Inyo,027,18085,527,444,6,450,16
2020-12-16,Kern,029,883053,58013,52896,3543,56439,522
2020-12-16,Kings,031,150075,14923,13734,398,14132,99
2020-12-16,Lake,033,64148,1594,1363,0,1363,20
2020-12-16,Lassen,035,31185,3851,3396,34,3430,1
2020-12-16,Los Angeles,037,10098052,625316,557907,14102,572009,8561
2020-12-16,Madera,039,155013,9344,8278,307,8585,62
2020-12-16,Marin,041,260295,9136,8641,59,8700,142
2020-12-16,Mariposa,043,17540,197,175,2,177,3
2020-12-16,Mendocino,045,87422,2129,1929,19,1948,23
2020-12-16,Merced,047,269075,16734,15443,245,15688,190
2020-12-16,Modoc,049,8938,208,178,63,241,0
2020-12-16,Mono,051,14174,782,702,12,714,3
2020-12-16,Monterey,053,433212,23540,21107,526,21633,163
2020-12-16,Napa,055,140530,5017,4544,24,4568,23
2020-12-16,Nevada,057,99092,2394,2149,72,2221,13
2020-12-16,Orange,059,3164182,131890,115260,4582,119842,1712
2020-12-16,Placer,061,380077,12271,10554,388,10942,96
2020-12-16,Plumas,063,18699,405,319,8,327,0
2020-12-16,Riverside,065,2383286,151124,135751,5623,141374,1664
2020-12-16,Sacramento,067,1510023,57239,52166,409,52575,715
2020-12-16,San Benito,069,59416,2952,2582,22,2604,20
2020-12-16,San Bernardino,071,2135413,165167,143565,4106,147671,1403
2020-12-16,San Diego,073,3302833,130910,114248,5626,119874,1217
2020-12-16,San Francisco,075,870044,21031,19624,173,19797,170
2020-12-16,San Joaquin,077,732212,39565,35010,1079,36089,547
2020-12-16,San Luis Obispo,079,281455,9297,8252,192,8444,58
2020-12-16,San Mateo,081,765935,21895,19292,57,19349,179
2020-12-16,Santa Barbara,083,443738,15122,13966,353,14319,144
2020-12-16,Santa Clara,085,1922200,59444,51502,218,51720,523
2020-12-16,Santa Cruz,087,273765,7671,6536,189,6725,63
2020-12-16,Shasta,089,179085,7419,6914,526,7440,62
2020-12-16,Sierra,091,2930,23,23,0,23,0
2020-12-16,Siskiyou,093,43540,934,818,80,898,2
2020-12-16,Solano,095,438530,16089,14157,144,14301,96
2020-12-16,Sonoma,097,501317,16988,15768,96,15864,170
2020-12-16,Stanislaus,099,539301,30888,28279,2437,30716,489
2020-12-16,Sutter,101,95872,5708,5223,38,5261,39
2020-12-16,Tehama,103,63373,2631,2441,174,2615,9
2020-12-16,Trinity,105,12862,383,212,50,262,2
2020-12-16,Tulare,107,460477,30098,27500,2831,30331,352
2020-12-16,Tuolumne,109,53932,2171,1941,11,1952,11
2020-12-16,Ventura,111,848112,33032,28566,1213,29779,203
2020-12-16,Yolo,113,214977,7472,6649,42,6691,103
2020-12-16,Yuba,115,75493,3293,2980,30,3010,11
2020-12-15,Alameda,001,1643700,44259,40026,665,40691,492
2020-12-15,Alpine,002,1148,65,64,0,64,0
2020-12-15,Amador,005,37829,1917,1669,10,1679,19
2020-12-15,Butte,007,227075,6274,5565,606,6171,75
2020-12-15,Calaveras,009,45235,890,799,0,799,21
2020-12-15,Colusa,011,21464,1130,1026,44,1070,7
2020-12-15,Contra Costa,013,1133247,34708,31423,319,31742,281
2020-12-15,Del Norte,015,27424,669,564,0,564,1
2020-12-15,El Dorado,017,186661,5014,4113,175,4288,9
2020-12-15,Fresno,019,978130,58655,47316,3269,50585,574
2020-12-15,Glenn,021,27897,1329,1207,156,1363,9
2020-12-15,Humboldt,023,135768,1431,1276,5,1281,12
2020-12-15,Imperial,025,180216,21085,19756,603,20359,380
2020-12-15,Inyo,027,18085,515,394,6,400,16
2020-12-15,Kern,029,883053,57002,52002,3437,55439,511
2020-12-15,Kings,031,150075,14759,13652,379,14031,97
2020-12-15,Lake,033,64148,1568,1341,0,1341,21
2020-12-15,Lassen,035,31185,3679,3378,33,3411,1
2020-12-15,Los Angeles,037,10098052,608913,536258,13476,549734,8429
2020-12-15,Madera,039,155013,9187,8118,300,8418,60
2020-12-15,Marin,041,260295,9032,8528,58,8586,141
2020-12-15,Mariposa,043,17540,193,171,2,173,3
2020-12-15,Mendocino,045,87422,2102,1883,19,1902,24
2020-12-15,Merced,047,269075,16438,15120,241,15361,190
2020-12-15,Modoc,049,8938,206,179,63,242,0
2020-12-15,Mono,051,14174,766,702,12,714,3
2020-12-15,Monterey,053,433212,22942,19905,465,20370,161
2020-12-15,Napa,055,140530,4914,4440,24,4464,23
2020-12-15,Nevada,057,99092,2361,2117,70,2187,11
2020-12-15,Orange,059,3164182,128258,112893,4433,117326,1689
2020-12-15,Placer,061,380077,12037,10301,366,10667,95
2020-12-15,Plumas,063,18699,400,313,8,321,0
2020-12-15,Riverside,065,2383286,147071,131822,5348,137170,1624
2020-12-15,Sacramento,067,1510023,56221,51076,396,51472,703
2020-12-15,San Benito,069,59416,2873,2520,21,2541,19
2020-12-15,San Bernardino,071,2135413,160703,137548,3957,141505,1351
2020-12-15,San Diego,073,3302833,127343,111441,5463,116904,1194
2020-12-15,San Francisco,075,870044,20724,19283,170,19453,171
2020-12-15,San Joaquin,077,732212,38643,33849,1045,34894,537
2020-12-15,San Luis Obispo,079,281455,9188,8074,189,8263,55
2020-12-15,San Mateo,081,765935,21486,18907,55,18962,178
2020-12-15,Santa Barbara,083,443738,14895,13782,345,14127,144
2020-12-15,Santa Clara,085,1922200,58016,50311,215,50526,505
2020-12-15,Santa Cruz,087,273765,7484,6361,176,6537,59
2020-12-15,Shasta,089,179085,7360,6794,501,7295,54
2020-12-15,Sierra,091,2930,23,23,0,23,0
2020-12-15,Siskiyou,093,43540,926,812,79,891,2
2020-12-15,Solano,095,438530,15735,13796,144,13940,95
2020-12-15,Sonoma,097,501317,16767,15406,96,15502,167
2020-12-15,Stanislaus,099,539301,30391,27823,2358,30181,485
2020-12-15,Sutter,101,95872,5609,5080,37,5117,36
2020-12-15,Tehama,103,63373,2593,2392,168,2560,9
2020-12-15,Trinity,105,12862,375,213,48,261,1
2020-12-15,Tulare,107,460477,29599,27026,2744,29770,342
2020-12-15,Tuolumne,109,53932,2141,1874,11,1885,8
2020-12-15,Ventura,111,848112,32410,27936,1166,29102,201
2020-12-15,Yolo,113,214977,7347,6531,40,6571,104
2020-12-15,Yuba,115,75493,3198,2891,29,2920,11
2020-12-14,Alameda,001,1643700,43360,39252,646,39898,487
2020-12-14,Alpine,002,1148,65,63,0,63,0
2020-12-14,Amador,005,37829,1845,1609,10,1619,19
2020-12-14,Butte,007,227075,6106,5202,590,5792,75
2020-12-14,Calaveras,009,45235,852,718,0,718,21
2020-12-14,Colusa,011,21464,1106,949,43,992,7
2020-12-14,Contra Costa,013,1133247,34017,30594,305,30899,281
2020-12-14,Del Norte,015,27424,663,560,0,560,1
2020-12-14,El Dorado,017,186661,4858,4018,159,4177,9
2020-12-14,Fresno,019,978130,57630,44726,3095,47821,560
2020-12-14,Glenn,021,27897,1303,1186,148,1334,9
2020-12-14,Humboldt,023,135768,1418,1256,5,1261,9
2020-12-14,Imperial,025,180216,20846,19608,529,20137,379
2020-12-14,Inyo,027,18085,502,382,6,388,16
2020-12-14,Kern,029,883053,55965,50538,3316,53854,510
2020-12-14,Kings,031,150075,14574,13491,352,13843,97
2020-12-14,Lake,033,64148,1517,1301,0,1301,21
2020-12-14,Lassen,035,31185,3581,2905,30,2935,1
2020-12-14,Los Angeles,037,10098052,591268,524668,12853,537521,8340
2020-12-14,Madera,039,155013,8923,8011,291,8302,60
2020-12-14,Marin,041,260295,8947,8475,57,8532,141
2020-12-14,Mariposa,043,17540,192,171,2,173,3
2020-12-14,Mendocino,045,87422,2081,1845,19,1864,24
2020-12-14,Merced,047,269075,16033,14572,227,14799,189
2020-12-14,Modoc,049,8938,200,180,61,241,0
2020-12-14,Mono,051,14174,758,685,12,697,3
2020-12-14,Monterey,053,433212,22420,19154,459,19613,155
2020-12-14,Napa,055,140530,4821,4289,24,4313,22
2020-12-14,Nevada,057,99092,2324,2070,67,2137,11
2020-12-14,Orange,059,3164182,124376,108602,4297,112899,1688
2020-12-14,Placer,061,380077,11756,9551,355,9906,95
2020-12-14,Plumas,063,18699,388,309,8,317,0
2020-12-14,Riverside,065,2383286,142949,123715,5086,128801,1588
2020-12-14,Sacramento,067,1510023,55114,50304,371,50675,691
2020-12-14,San Benito,069,59416,2807,2467,20,2487,19
2020-12-14,San Bernardino,071,2135413,156254,129151,3831,132982,1347
2020-12-14,San Diego,073,3302833,123607,109578,5278,114856,1162
2020-12-14,San Francisco,075,870044,20354,18904,168,19072,171
2020-12-14,San Joaquin,077,732212,37808,32522,999,33521,534
2020-12-14,San Luis Obispo,079,281455,8943,7791,185,7976,52
2020-12-14,San Mateo,081,765935,20989,18361,52,18413,178
2020-12-14,Santa Barbara,083,443738,14623,13587,337,13924,144
2020-12-14,Santa Clara,085,1922200,56503,49180,204,49384,502
2020-12-14,Santa Cruz,087,273765,7302,6049,161,6210,54
2020-12-14,Shasta,089,179085,7271,6665,483,7148,54
2020-12-14,Sierra,091,2930,23,21,0,21,0
2020-12-14,Siskiyou,093,43540,903,764,73,837,2
2020-12-14,Solano,095,438530,15380,13352,143,13495,93
2020-12-14,Sonoma,097,501317,16460,14807,95,14902,167
2020-12-14,Stanislaus,099,539301,29863,27311,2312,29623,485
2020-12-14,Sutter,101,95872,5506,5001,30,5031,35
2020-12-14,Tehama,103,63373,2551,2344,165,2509,9
2020-12-14,Trinity,105,12862,371,205,46,251,1
2020-12-14,Tulare,107,460477,29120,25735,2655,28390,341
2020-12-14,Tuolumne,109,53932,2088,1647,11,1658,8
2020-12-14,Ventura,111,848112,31487,27436,1108,28544,202
2020-12-14,Yolo,113,214977,7189,6389,39,6428,95
2020-12-14,Yuba,115,75493,3135,2851,29,2880,11
2020-12-13,Alameda,001,1643700,42159,38064,622,38686,486
2020-12-13,Alpine,002,1148,65,63,0,63,0
2020-12-13,Amador,005,37829,1789,1457,9,1466,19
2020-12-13,Butte,007,227075,5957,5103,551,5654,75
2020-12-13,Calaveras,009,45235,818,710,0,710,21
2020-12-13,Colusa,011,21464,1090,945,40,985,7
2020-12-13,Contra Costa,013,1133247,33290,29667,299,29966,281
2020-12-13,Del Norte,015,27424,611,542,0,542,1
2020-12-13,El Dorado,017,186661,4757,3770,150,3920,9
2020-12-13,Fresno,019,978130,56524,44114,2941,47055,559
2020-12-13,Glenn,021,27897,1290,1171,137,1308,9
2020-12-13,Humboldt,023,135768,1395,1238,4,1242,9
2020-12-13,Imperial,025,180216,20564,19472,409,19881,379
2020-12-13,Inyo,027,18085,481,380,6,386,16
2020-12-13,Kern,029,883053,54936,49051,3161,52212,510
2020-12-13,Kings,031,150075,14294,13357,334,13691,97
2020-12-13,Lake,033,64148,1476,1271,0,1271,21
2020-12-13,Lassen,035,31185,3474,2867,25,2892,1
2020-12-13,Los Angeles,037,10098052,573628,517472,12171,529643,8294
2020-12-13,Madera,039,155013,8738,7909,278,8187,60
2020-12-13,Marin,041,260295,8826,8409,57,8466,141
2020-12-13,Mariposa,043,17540,188,167,2,169,3
2020-12-13,Mendocino,045,87422,2047,1793,19,1812,24
2020-12-13,Merced,047,269075,15680,14384,224,14608,189
2020-12-13,Modoc,049,8938,190,179,56,235,0
2020-12-13,Mono,051,14174,742,675,12,687,3
2020-12-13,Monterey,053,433212,21999,18913,445,19358,153
2020-12-13,Napa,055,140530,4714,4194,24,4218,22
2020-12-13,Nevada,057,99092,2277,2030,65,2095,11
2020-12-13,Orange,059,3164182,120435,104768,4124,108892,1688
2020-12-13,Placer,061,380077,11442,9405,337,9742,95
2020-12-13,Plumas,063,18699,382,291,8,299,0
2020-12-13,Riverside,065,2383286,138824,119691,4826,124517,1581
2020-12-13,Sacramento,067,1510023,53846,49480,342,49822,682
2020-12-13,San Benito,069,59416,2738,2408,19,2427,19
2020-12-13,San Bernardino,071,2135413,151357,126718,3676,130394,1333
2020-12-13,San Diego,073,3302833,120007,107372,5109,112481,1162
2020-12-13,San Francisco,075,870044,20017,18686,159,18845,167
2020-12-13,San Joaquin,077,732212,37006,32170,959,33129,534
2020-12-13,San Luis Obispo,079,281455,8752,7625,177,7802,52
2020-12-13,San Mateo,081,765935,20498,18090,46,18136,177
2020-12-13,Santa Barbara,083,443738,14354,13249,323,13572,144
2020-12-13,Santa Clara,085,1922200,55097,47920,196,48116,499
2020-12-13,Santa Cruz,087,273765,7055,5986,151,6137,54
2020-12-13,Shasta,089,179085,7196,6647,457,7104,54
2020-12-13,Sierra,091,2930,23,21,0,21,0
2020-12-13,Siskiyou,093,43540,890,762,68,830,2
2020-12-13,Solano,095,438530,14945,13276,140,13416,93
2020-12-13,Sonoma,097,501317,16147,14495,94,14589,167
2020-12-13,Stanislaus,099,539301,29306,26569,2261,28830,485
2020-12-13,Sutter,101,95872,5379,4798,26,4824,34
2020-12-13,Tehama,103,63373,2507,2325,150,2475,9
2020-12-13,Trinity,105,12862,365,204,46,250,1
2020-12-13,Tulare,107,460477,28638,25496,2577,28073,340
2020-12-13,Tuolumne,109,53932,2026,1611,11,1622,8
2020-12-13,Ventura,111,848112,30488,26588,1048,27636,202
2020-12-13,Yolo,113,214977,7003,6265,33,6298,95
2020-12-13,Yuba,115,75493,3072,2754,26,2780,11
2020-12-12,Alameda,001,1643700,41716,37027,603,37630,486
2020-12-12,Alpine,002,1148,65,63,0,63,0
2020-12-12,Amador,005,37829,1761,1236,8,1244,19
2020-12-12,Butte,007,227075,5884,4972,536,5508,73
2020-12-12,Calaveras,009,45235,808,708,0,708,21
2020-12-12,Colusa,011,21464,1070,945,39,984,7
2020-12-12,Contra Costa,013,1133247,32943,29506,290,29796,281
2020-12-12,Del Norte,015,27424,603,529,0,529,1
2020-12-12,El Dorado,017,186661,4682,3706,134,3840,9
2020-12-12,Fresno,019,978130,56172,43756,2882,46638,559
2020-12-12,Glenn,021,27897,1282,1143,133,1276,8
2020-12-12,Humboldt,023,135768,1376,1208,4,1212,9
2020-12-12,Imperial,025,180216,20475,18947,354,19301,379
2020-12-12,Inyo,027,18085,475,380,6,386,16
2020-12-12,Kern,029,883053,54417,48194,3074,51268,507
2020-12-12,Kings,031,150075,14205,13205,330,13535,96
2020-12-12,Lake,033,64148,1460,1232,0,1232,21
2020-12-12,Lassen,035,31185,3451,2866,22,2888,1
2020-12-12,Los Angeles,037,10098052,566811,504317,11684,516001,8269
2020-12-12,Madera,039,155013,8611,7765,275,8040,59
2020-12-12,Marin,041,260295,8771,8363,56,8419,141
2020-12-12,Mariposa,043,17540,187,164,2,166,3
2020-12-12,Mendocino,045,87422,2011,1771,19,1790,24
2020-12-12,Merced,047,269075,15588,14181,220,14401,188
2020-12-12,Modoc,049,8938,189,169,53,222,0
2020-12-12,Mono,051,14174,735,640,12,652,3
2020-12-12,Monterey,053,433212,21886,18596,416,19012,151
2020-12-12,Napa,055,140530,4669,4113,24,4137,22
2020-12-12,Nevada,057,99092,2259,1981,63,2044,10
2020-12-12,Orange,059,3164182,118537,100468,3979,104447,1674
2020-12-12,Placer,061,380077,11277,9390,332,9722,95
2020-12-12,Plumas,063,18699,376,291,8,299,0
2020-12-12,Riverside,065,2383286,136763,118335,4625,122960,1579
2020-12-12,Sacramento,067,1510023,53264,48319,329,48648,673
2020-12-12,San Benito,069,59416,2683,2355,19,2374,19
2020-12-12,San Bernardino,071,2135413,149724,125741,3574,129315,1321
2020-12-12,San Diego,073,3302833,118386,104958,5012,109970,1151
2020-12-12,San Francisco,075,870044,19820,18413,155,18568,167
2020-12-12,San Joaquin,077,732212,36678,32200,929,33129,534
2020-12-12,San Luis Obispo,079,281455,8653,7462,171,7633,50
2020-12-12,San Mateo,081,765935,20277,17574,45,17619,177
2020-12-12,Santa Barbara,083,443738,14202,13174,315,13489,144
2020-12-12,Santa Clara,085,1922200,54162,45892,193,46085,498
2020-12-12,Santa Cruz,087,273765,6957,5905,142,6047,54
2020-12-12,Shasta,089,179085,7163,6551,439,6990,54
2020-12-12,Sierra,091,2930,23,21,0,21,0
2020-12-12,Siskiyou,093,43540,888,762,65,827,2
2020-12-12,Solano,095,438530,14751,12748,133,12881,93
2020-12-12,Sonoma,097,501317,16026,14466,94,14560,166
2020-12-12,Stanislaus,099,539301,29001,26246,2211,28457,483
2020-12-12,Sutter,101,95872,5317,4717,26,4743,32
2020-12-12,Tehama,103,63373,2489,2252,145,2397,9
2020-12-12,Trinity,105,12862,363,204,44,248,1
2020-12-12,Tulare,107,460477,28374,25333,2518,27851,341
2020-12-12,Tuolumne,109,53932,1982,1536,11,1547,8
2020-12-12,Ventura,111,848112,30043,25955,1015,26970,202
2020-12-12,Yolo,113,214977,6920,6116,31,6147,95
2020-12-12,Yuba,115,75493,3045,2692,25,2717,10
2020-12-11,Alameda,001,1643700,41149,36281,591,36872,482
2020-12-11,Alpine,002,1148,65,63,0,63,0
2020-12-11,Amador,005,37829,1745,1213,8,1221,19
2020-12-11,Butte,007,227075,5811,4941,518,5459,73
2020-12-11,Calaveras,009,45235,792,697,0,697,21
2020-12-11,Colusa,011,21464,1060,923,37,960,7
2020-12-11,Contra Costa,013,1133247,32512,29036,287,29323,282
2020-12-11,Del Norte,015,27424,595,505,0,505,1
2020-12-11,El Dorado,017,186661,4601,3669,119,3788,9
2020-12-11,Fresno,019,978130,55160,43071,2816,45887,550
2020-12-11,Glenn,021,27897,1266,1135,129,1264,8
2020-12-11,Humboldt,023,135768,1358,1190,4,1194,9
2020-12-11,Imperial,025,180216,20385,18599,310,18909,377
2020-12-11,Inyo,027,18085,465,372,6,378,16
2020-12-11,Kern,029,883053,53739,47664,3011,50675,502
2020-12-11,Kings,031,150075,14061,13118,326,13444,94
2020-12-11,Lake,033,64148,1443,1205,0,1205,21
2020-12-11,Lassen,035,31185,3439,2790,21,2811,1
2020-12-11,Los Angeles,037,10098052,555003,493592,11279,504871,8198
2020-12-11,Madera,039,155013,8519,7648,265,7913,59
2020-12-11,Marin,041,260295,8685,8317,55,8372,141
2020-12-11,Mariposa,043,17540,186,164,2,166,3
2020-12-11,Mendocino,045,87422,1987,1769,19,1788,24
2020-12-11,Merced,047,269075,15468,14038,212,14250,186
2020-12-11,Modoc,049,8938,189,168,52,220,0
2020-12-11,Mono,051,14174,725,631,12,643,3
2020-12-11,Monterey,053,433212,21585,18421,411,18832,150
2020-12-11,Napa,055,140530,4614,4054,24,4078,22
2020-12-11,Nevada,057,99092,2242,1959,60,2019,10
2020-12-11,Orange,059,3164182,116215,98357,3878,102235,1656
2020-12-11,Placer,061,380077,11115,8904,316,9220,93
2020-12-11,Plumas,063,18699,368,286,8,294,0
2020-12-11,Riverside,065,2383286,133689,115329,4407,119736,1573
2020-12-11,Sacramento,067,1510023,52601,47468,321,47789,669
2020-12-11,San Benito,069,59416,2632,2319,19,2338,19
2020-12-11,San Bernardino,071,2135413,147026,123092,3460,126552,1313
2020-12-11,San Diego,073,3302833,116426,102468,4929,107397,1137
2020-12-11,San Francisco,075,870044,19590,18246,154,18400,165
2020-12-11,San Joaquin,077,732212,36329,32044,902,32946,534
2020-12-11,San Luis Obispo,079,281455,8492,7415,169,7584,49
2020-12-11,San Mateo,081,765935,20007,17240,34,17274,177
2020-12-11,Santa Barbara,083,443738,14059,12997,307,13304,144
2020-12-11,Santa Clara,085,1922200,53155,45101,184,45285,494
2020-12-11,Santa Cruz,087,273765,6837,5764,133,5897,50
2020-12-11,Shasta,089,179085,7118,6459,432,6891,54
2020-12-11,Sierra,091,2930,23,19,0,19,0
2020-12-11,Siskiyou,093,43540,881,753,62,815,2
2020-12-11,Solano,095,438530,14564,12554,129,12683,92
2020-12-11,Sonoma,097,501317,15859,14298,92,14390,166
2020-12-11,Stanislaus,099,539301,28729,25928,2164,28092,464
2020-12-11,Sutter,101,95872,5254,4600,25,4625,30
2020-12-11,Tehama,103,63373,2458,2232,141,2373,9
2020-12-11,Trinity,105,12862,360,204,44,248,1
2020-12-11,Tulare,107,460477,28019,24953,2465,27418,338
2020-12-11,Tuolumne,109,53932,1967,1510,11,1521,8
2020-12-11,Ventura,111,848112,29436,24999,993,25992,202
2020-12-11,Yolo,113,214977,6816,6006,30,6036,95
2020-12-11,Yuba,115,75493,2984,2649,23,2672,10
2020-12-10,Alameda,001,1643700,40378,35686,571,36257,477
2020-12-10,Alpine,002,1148,65,63,0,63,0
2020-12-10,Amador,005,37829,1688,1191,8,1199,18
2020-12-10,Butte,007,227075,5696,4863,495,5358,72
2020-12-10,Calaveras,009,45235,774,684,0,684,21
2020-12-10,Colusa,011,21464,1037,909,34,943,7
2020-12-10,Contra Costa,013,1133247,31834,28413,281,28694,276
2020-12-10,Del Norte,015,27424,584,501,0,501,1
2020-12-10,El Dorado,017,186661,4483,3557,114,3671,9
2020-12-10,Fresno,019,978130,54182,42461,2676,45137,540
2020-12-10,Glenn,021,27897,1246,1126,120,1246,8
2020-12-10,Humboldt,023,135768,1338,1140,4,1144,9
2020-12-10,Imperial,025,180216,20173,18333,235,18568,370
2020-12-10,Inyo,027,18085,445,365,6,371,15
2020-12-10,Kern,029,883053,52758,47176,2848,50024,499
2020-12-10,Kings,031,150075,13903,12993,320,13313,92
2020-12-10,Lake,033,64148,1403,1167,0,1167,21
2020-12-10,Lassen,035,31185,3417,2764,17,2781,0
2020-12-10,Los Angeles,037,10098052,541023,480354,10756,491110,8149
2020-12-10,Madera,039,155013,8411,7445,250,7695,59
2020-12-10,Marin,041,260295,8635,8245,54,8299,140
2020-12-10,Mariposa,043,17540,185,160,2,162,3
2020-12-10,Mendocino,045,87422,1961,1748,16,1764,24
2020-12-10,Merced,047,269075,15222,13756,209,13965,186
2020-12-10,Modoc,049,8938,184,165,50,215,0
2020-12-10,Mono,051,14174,720,601,12,613,3
2020-12-10,Monterey,053,433212,21103,18266,401,18667,145
2020-12-10,Napa,055,140530,4528,3974,23,3997,22
2020-12-10,Nevada,057,99092,2206,1919,60,1979,10
2020-12-10,Orange,059,3164182,113111,95297,3719,99016,1651
2020-12-10,Placer,061,380077,10862,8906,299,9205,90
2020-12-10,Plumas,063,18699,357,281,8,289,0
2020-12-10,Riverside,065,2383286,130005,112794,4140,116934,1552
2020-12-10,Sacramento,067,1510023,51700,46471,300,46771,664
2020-12-10,San Benito,069,59416,2571,2268,18,2286,19
2020-12-10,San Bernardino,071,2135413,142784,120186,3286,123472,1306
2020-12-10,San Diego,073,3302833,113901,99601,4780,104381,1114
2020-12-10,San Francisco,075,870044,19282,17945,147,18092,164
2020-12-10,San Joaquin,077,732212,35695,31228,873,32101,534
2020-12-10,San Luis Obispo,079,281455,8329,7245,158,7403,49
2020-12-10,San Mateo,081,765935,19565,16701,24,16725,177
2020-12-10,Santa Barbara,083,443738,13880,12788,299,13087,143
2020-12-10,Santa Clara,085,1922200,52001,43939,170,44109,491
2020-12-10,Santa Cruz,087,273765,6671,5645,121,5766,48
2020-12-10,Shasta,089,179085,7051,6312,407,6719,53
2020-12-10,Sierra,091,2930,23,18,0,18,0
2020-12-10,Siskiyou,093,43540,871,712,61,773,2
2020-12-10,Solano,095,438530,14200,12017,124,12141,90
2020-12-10,Sonoma,097,501317,15604,14282,90,14372,167
2020-12-10,Stanislaus,099,539301,28270,25582,2090,27672,464
2020-12-10,Sutter,101,95872,5124,4528,23,4551,27
2020-12-10,Tehama,103,63373,2414,2190,133,2323,9
2020-12-10,Trinity,105,12862,356,202,42,244,1
2020-12-10,Tulare,107,460477,27562,24506,2402,26908,337
2020-12-10,Tuolumne,109,53932,1724,1451,11,1462,8
2020-12-10,Ventura,111,848112,28586,24075,949,25024,202
2020-12-10,Yolo,113,214977,6695,5896,29,5925,95
2020-12-10,Yuba,115,75493,2920,2604,22,2626,10
2020-12-09,Alameda,001,1643700,39543,35047,550,35597,470
2020-12-09,Alpine,002,1148,65,58,0,58,0
2020-12-09,Amador,005,37829,1645,1121,8,1129,19
2020-12-09,Butte,007,227075,5553,4733,476,5209,70
2020-12-09,Calaveras,009,45235,745,670,0,670,21
2020-12-09,Colusa,011,21464,1022,896,33,929,7
2020-12-09,Contra Costa,013,1133247,31126,28308,269,28577,273
2020-12-09,Del Norte,015,27424,576,481,0,481,2
2020-12-09,El Dorado,017,186661,4348,3449,106,3555,8
2020-12-09,Fresno,019,978130,53180,41954,2523,44477,533
2020-12-09,Glenn,021,27897,1232,1107,114,1221,8
2020-12-09,Humboldt,023,135768,1306,1086,4,1090,10
2020-12-09,Imperial,025,180216,19915,17757,199,17956,368
2020-12-09,Inyo,027,18085,432,356,6,362,15
2020-12-09,Kern,029,883053,51601,46379,2706,49085,494
2020-12-09,Kings,031,150075,13758,12716,312,13028,92
2020-12-09,Lake,033,64148,1374,1158,0,1158,20
2020-12-09,Lassen,035,31185,3348,2331,15,2346,0
2020-12-09,Los Angeles,037,10098052,527519,467971,10226,478197,8075
2020-12-09,Madera,039,155013,8295,7216,247,7463,59
2020-12-09,Marin,041,260295,8570,8182,53,8235,138
2020-12-09,Mariposa,043,17540,183,154,2,156,3
2020-12-09,Mendocino,045,87422,1936,1703,15,1718,24
2020-12-09,Merced,047,269075,14981,13588,203,13791,183
2020-12-09,Modoc,049,8938,179,146,41,187,0
2020-12-09,Mono,051,14174,708,601,12,613,3
2020-12-09,Monterey,053,433212,20703,17891,393,18284,143
2020-12-09,Napa,055,140530,4443,3858,22,3880,21
2020-12-09,Nevada,057,99092,2153,1864,60,1924,10
2020-12-09,Orange,059,3164182,110006,93763,3551,97314,1629
2020-12-09,Placer,061,380077,10601,8588,285,8873,85
2020-12-09,Plumas,063,18699,349,271,8,279,0
2020-12-09,Riverside,065,2383286,126303,110376,3939,114315,1543
2020-12-09,Sacramento,067,1510023,50637,45284,275,45559,659
2020-12-09,San Benito,069,59416,2499,2217,16,2233,19
2020-12-09,San Bernardino,071,2135413,138504,114516,3090,117606,1305
2020-12-09,San Diego,073,3302833,110921,97551,4641,102192,1103
2020-12-09,San Francisco,075,870044,18983,17628,146,17774,163
2020-12-09,San Joaquin,077,732212,34881,30539,849,31388,531
2020-12-09,San Luis Obispo,079,281455,8111,7105,150,7255,47
2020-12-09,San Mateo,081,765935,19115,16422,23,16445,175
2020-12-09,Santa Barbara,083,443738,13680,12630,289,12919,142
2020-12-09,Santa Clara,085,1922200,50824,42912,155,43067,489
2020-12-09,Santa Cruz,087,273765,6510,5527,106,5633,47
2020-12-09,Shasta,089,179085,6986,6105,393,6498,52
2020-12-09,Sierra,091,2930,23,18,0,18,0
2020-12-09,Siskiyou,093,43540,860,713,60,773,2
2020-12-09,Solano,095,438530,13857,11862,116,11978,90
2020-12-09,Sonoma,097,501317,15347,13994,87,14081,164
2020-12-09,Stanislaus,099,539301,27781,25157,2027,27184,463
2020-12-09,Sutter,101,95872,5005,4418,19,4437,24
2020-12-09,Tehama,103,63373,2378,2102,129,2231,9
2020-12-09,Trinity,105,12862,348,199,39,238,0
2020-12-09,Tulare,107,460477,26960,24124,2326,26450,334
2020-12-09,Tuolumne,109,53932,1691,1319,11,1330,8
2020-12-09,Ventura,111,848112,27722,23830,907,24737,201
2020-12-09,Yolo,113,214977,6569,5760,27,5787,95
2020-12-09,Yuba,115,75493,2852,2513,21,2534,10
2020-12-08,Alameda,001,1643700,38643,34373,534,34907,469
2020-12-08,Alpine,002,1148,64,53,0,53,0
2020-12-08,Amador,005,37829,1359,1043,8,1051,17
2020-12-08,Butte,007,227075,5395,4651,434,5085,70
2020-12-08,Calaveras,009,45235,721,657,0,657,21
2020-12-08,Colusa,011,21464,1006,875,32,907,6
2020-12-08,Contra Costa,013,1133247,30431,27926,254,28180,270
2020-12-08,Del Norte,015,27424,562,465,0,465,2
2020-12-08,El Dorado,017,186661,4224,3296,93,3389,8
2020-12-08,Fresno,019,978130,51914,41574,2368,43942,529
2020-12-08,Glenn,021,27897,1212,1094,106,1200,8
2020-12-08,Humboldt,023,135768,1280,1059,4,1063,10
2020-12-08,Imperial,025,180216,19406,17568,192,17760,363
2020-12-08,Inyo,027,18085,408,333,6,339,15
2020-12-08,Kern,029,883053,50310,45116,2553,47669,487
2020-12-08,Kings,031,150075,13604,12623,303,12926,90
2020-12-08,Lake,033,64148,1334,1127,0,1127,20
2020-12-08,Lassen,035,31185,3192,2165,15,2180,0
2020-12-08,Los Angeles,037,10098052,514806,459738,9756,469494,8004
2020-12-08,Madera,039,155013,8166,7082,235,7317,59
2020-12-08,Marin,041,260295,8494,8099,52,8151,137
2020-12-08,Mariposa,043,17540,179,150,2,152,2
2020-12-08,Mendocino,045,87422,1894,1666,15,1681,23
2020-12-08,Merced,047,269075,14669,13380,202,13582,181
2020-12-08,Modoc,049,8938,171,138,38,176,0
2020-12-08,Mono,051,14174,694,597,12,609,3
2020-12-08,Monterey,053,433212,20132,17752,386,18138,134
2020-12-08,Napa,055,140530,4357,3778,20,3798,22
2020-12-08,Nevada,057,99092,2099,1809,57,1866,11
2020-12-08,Orange,059,3164182,106783,91406,3388,94794,1629
2020-12-08,Placer,061,380077,10333,8224,280,8504,82
2020-12-08,Plumas,063,18699,339,258,8,266,0
2020-12-08,Riverside,065,2383286,122934,107620,3762,111382,1514
2020-12-08,Sacramento,067,1510023,49574,44635,261,44896,649
2020-12-08,San Benito,069,59416,2445,2180,16,2196,18
2020-12-08,San Bernardino,071,2135413,134157,110676,2969,113645,1301
2020-12-08,San Diego,073,3302833,107550,95447,4484,99931,1088
2020-12-08,San Francisco,075,870044,18676,17384,144,17528,162
2020-12-08,San Joaquin,077,732212,33987,30225,816,31041,530
2020-12-08,San Luis Obispo,079,281455,7982,6903,139,7042,45
2020-12-08,San Mateo,081,765935,18716,16305,23,16328,175
2020-12-08,Santa Barbara,083,443738,13497,12516,280,12796,141
2020-12-08,Santa Clara,085,1922200,49513,41309,147,41456,484
2020-12-08,Santa Cruz,087,273765,6329,5374,104,5478,45
2020-12-08,Shasta,089,179085,6876,5946,385,6331,50
2020-12-08,Sierra,091,2930,22,18,0,18,0
2020-12-08,Siskiyou,093,43540,846,704,58,762,2
2020-12-08,Solano,095,438530,13451,11669,114,11783,89
2020-12-08,Sonoma,097,501317,15088,13601,86,13687,164
2020-12-08,Stanislaus,099,539301,27289,24793,1962,26755,461
2020-12-08,Sutter,101,95872,4909,4342,18,4360,24
2020-12-08,Tehama,103,63373,2304,2057,121,2178,9
2020-12-08,Trinity,105,12862,339,198,38,236,0
2020-12-08,Tulare,107,460477,26354,23607,2263,25870,330
2020-12-08,Tuolumne,109,53932,1667,1264,11,1275,7
2020-12-08,Ventura,111,848112,27061,23665,865,24530,195
2020-12-08,Yolo,113,214977,6437,5560,27,5587,90
2020-12-08,Yuba,115,75493,2774,2477,21,2498,10
2020-12-07,Alameda,001,1643700,37778,33887,500,34387,466
2020-12-07,Alpine,002,1148,63,53,0,53,0
2020-12-07,Amador,005,37829,1284,993,7,1000,17
2020-12-07,Butte,007,227075,5259,4604,413,5017,67
2020-12-07,Calaveras,009,45235,692,606,0,606,21
2020-12-07,Colusa,011,21464,981,825,27,852,6
2020-12-07,Contra Costa,013,1133247,29823,27307,241,27548,270
2020-12-07,Del Norte,015,27424,547,424,0,424,2
2020-12-07,El Dorado,017,186661,4045,3275,86,3361,8
2020-12-07,Fresno,019,978130,50441,41098,2248,43346,526
2020-12-07,Glenn,021,27897,1193,1085,100,1185,8
2020-12-07,Humboldt,023,135768,1245,1023,4,1027,9
2020-12-07,Imperial,025,180216,18991,17234,182,17416,364
2020-12-07,Inyo,027,18085,392,333,6,339,15
2020-12-07,Kern,029,883053,49284,44409,2419,46828,486
2020-12-07,Kings,031,150075,13461,12412,295,12707,90
2020-12-07,Lake,033,64148,1307,1090,0,1090,20
2020-12-07,Lassen,035,31185,3095,2167,15,2182,0
2020-12-07,Los Angeles,037,10098052,501133,451052,9337,460389,7937
2020-12-07,Madera,039,155013,7902,6935,230,7165,59
2020-12-07,Marin,041,260295,8435,8049,51,8100,136
2020-12-07,Mariposa,043,17540,176,146,2,148,2
2020-12-07,Mendocino,045,87422,1858,1638,14,1652,23
2020-12-07,Merced,047,269075,14311,13250,193,13443,179
2020-12-07,Modoc,049,8938,164,128,35,163,0
2020-12-07,Mono,051,14174,681,590,12,602,3
2020-12-07,Monterey,053,433212,19652,17746,375,18121,132
2020-12-07,Napa,055,140530,4266,3684,20,3704,21
2020-12-07,Nevada,057,99092,2050,1777,56,1833,11
2020-12-07,Orange,059,3164182,103514,89793,3269,93062,1628
2020-12-07,Placer,061,380077,10008,7911,266,8177,82
2020-12-07,Plumas,063,18699,327,256,5,261,0
2020-12-07,Riverside,065,2383286,119732,102363,3581,105944,1491
2020-12-07,Sacramento,067,1510023,48479,43419,244,43663,638
2020-12-07,San Benito,069,59416,2395,2165,15,2180,18
2020-12-07,San Bernardino,071,2135413,130206,108161,2854,111015,1295
2020-12-07,San Diego,073,3302833,104761,94171,4303,98474,1062
2020-12-07,San Francisco,075,870044,18380,17220,137,17357,161
2020-12-07,San Joaquin,077,732212,33112,28188,790,28978,530
2020-12-07,San Luis Obispo,079,281455,7800,6782,132,6914,45
2020-12-07,San Mateo,081,765935,18278,16029,22,16051,175
2020-12-07,Santa Barbara,083,443738,13255,12362,270,12632,141
2020-12-07,Santa Clara,085,1922200,48117,40621,138,40759,484
2020-12-07,Santa Cruz,087,273765,6165,5152,96,5248,41
2020-12-07,Shasta,089,179085,6753,5742,370,6112,50
2020-12-07,Sierra,091,2930,20,18,0,18,0
2020-12-07,Siskiyou,093,43540,820,652,58,710,2
2020-12-07,Solano,095,438530,13113,11354,110,11464,89
2020-12-07,Sonoma,097,501317,14804,13376,86,13462,164
2020-12-07,Stanislaus,099,539301,26715,24479,1909,26388,454
2020-12-07,Sutter,101,95872,4768,4106,18,4124,24
2020-12-07,Tehama,103,63373,2253,2030,116,2146,9
2020-12-07,Trinity,105,12862,335,194,38,232,0
2020-12-07,Tulare,107,460477,25806,22760,2203,24963,328
2020-12-07,Tuolumne,109,53932,1582,1256,10,1266,7
2020-12-07,Ventura,111,848112,26473,23354,829,24183,191
2020-12-07,Yolo,113,214977,6277,5537,26,5563,90
2020-12-07,Yuba,115,75493,2707,2428,19,2447,10
2020-12-06,Alameda,001,1643700,36784,33477,480,33957,465
2020-12-06,Alpine,002,1148,59,53,0,53,0
2020-12-06,Amador,005,37829,1221,952,6,958,17
2020-12-06,Butte,007,227075,5106,4527,379,4906,67
2020-12-06,Calaveras,009,45235,672,606,0,606,21
2020-12-06,Colusa,011,21464,964,824,23,847,6
2020-12-06,Contra Costa,013,1133247,29217,26566,234,26800,270
2020-12-06,Del Norte,015,27424,491,414,0,414,2
2020-12-06,El Dorado,017,186661,3908,3086,81,3167,8
2020-12-06,Fresno,019,978130,49488,40869,2132,43001,526
2020-12-06,Glenn,021,27897,1183,1067,96,1163,8
2020-12-06,Humboldt,023,135768,1220,1004,4,1008,9
2020-12-06,Imperial,025,180216,18683,16922,174,17096,364
2020-12-06,Inyo,027,18085,380,333,6,339,15
2020-12-06,Kern,029,883053,48293,43899,2252,46151,486
2020-12-06,Kings,031,150075,13189,12056,278,12334,90
2020-12-06,Lake,033,64148,1271,1075,0,1075,20
2020-12-06,Lassen,035,31185,2991,2168,13,2181,0
2020-12-06,Los Angeles,037,10098052,487536,443230,8911,452141,7910
2020-12-06,Madera,039,155013,7729,6826,221,7047,59
2020-12-06,Marin,041,260295,8356,8013,48,8061,136
2020-12-06,Mariposa,043,17540,175,144,2,146,2
2020-12-06,Mendocino,045,87422,1818,1614,14,1628,23
2020-12-06,Merced,047,269075,13974,12928,184,13112,179
2020-12-06,Modoc,049,8938,151,125,28,153,0
2020-12-06,Mono,051,14174,659,586,11,597,3
2020-12-06,Monterey,053,433212,19034,17426,365,17791,130
2020-12-06,Napa,055,140530,4154,3644,20,3664,21
2020-12-06,Nevada,057,99092,1991,1710,53,1763,10
2020-12-06,Orange,059,3164182,100443,87737,3141,90878,1627
2020-12-06,Placer,061,380077,9725,7837,247,8084,82
2020-12-06,Plumas,063,18699,314,254,4,258,0
2020-12-06,Riverside,065,2383286,116639,100088,3360,103448,1482
2020-12-06,Sacramento,067,1510023,47238,42808,230,43038,638
2020-12-06,San Benito,069,59416,2358,2135,15,2150,18
2020-12-06,San Bernardino,071,2135413,126057,106927,2700,109627,1286
2020-12-06,San Diego,073,3302833,101728,92173,4149,96322,1062
2020-12-06,San Francisco,075,870044,18057,17107,130,17237,161
2020-12-06,San Joaquin,077,732212,32267,28188,762,28950,530
2020-12-06,San Luis Obispo,079,281455,7635,6723,127,6850,45
2020-12-06,San Mateo,081,765935,17774,15855,20,15875,175
2020-12-06,Santa Barbara,083,443738,13023,12252,261,12513,141
2020-12-06,Santa Clara,085,1922200,46721,39112,133,39245,482
2020-12-06,Santa Cruz,087,273765,5988,5069,90,5159,40
2020-12-06,Shasta,089,179085,6613,5743,349,6092,49
2020-12-06,Sierra,091,2930,20,17,0,17,0
2020-12-06,Siskiyou,093,43540,801,652,56,708,2
2020-12-06,Solano,095,438530,12824,11354,100,11454,88
2020-12-06,Sonoma,097,501317,14516,13238,85,13323,164
2020-12-06,Stanislaus,099,539301,26155,24036,1845,25881,454
2020-12-06,Sutter,101,95872,4652,4009,17,4026,21
2020-12-06,Tehama,103,63373,2195,1982,107,2089,9
2020-12-06,Trinity,105,12862,328,181,36,217,0
2020-12-06,Tulare,107,460477,25274,22756,2136,24892,327
2020-12-06,Tuolumne,109,53932,1486,1210,10,1220,7
2020-12-06,Ventura,111,848112,25931,23035,803,23838,191
2020-12-06,Yolo,113,214977,6116,5465,22,5487,90
2020-12-06,Yuba,115,75493,2663,2340,18,2358,10
2020-12-05,Alameda,001,1643700,36426,32781,469,33250,465
2020-12-05,Alpine,002,1148,58,53,0,53,0
2020-12-05,Amador,005,37829,1197,847,6,853,17
2020-12-05,Butte,007,227075,5038,4455,360,4815,66
2020-12-05,Calaveras,009,45235,660,606,0,606,21
2020-12-05,Colusa,011,21464,946,825,20,845,6
2020-12-05,Contra Costa,013,1133247,28919,26217,226,26443,270
2020-12-05,Del Norte,015,27424,486,408,0,408,2
2020-12-05,El Dorado,017,186661,3843,3061,76,3137,8
2020-12-05,Fresno,019,978130,49169,40568,2078,42646,525
2020-12-05,Glenn,021,27897,1170,1056,90,1146,8
2020-12-05,Humboldt,023,135768,1187,979,4,983,9
2020-12-05,Imperial,025,180216,18509,16544,173,16717,362
2020-12-05,Inyo,027,18085,375,332,6,338,15
2020-12-05,Kern,029,883053,47830,43332,2167,45499,484
2020-12-05,Kings,031,150075,13108,11898,275,12173,90
2020-12-05,Lake,033,64148,1242,1069,0,1069,20
2020-12-05,Lassen,035,31185,2800,2168,11,2179,0
2020-12-05,Los Angeles,037,10098052,481736,433120,8600,441720,7888
2020-12-05,Madera,039,155013,7635,6619,214,6833,59
2020-12-05,Marin,041,260295,8328,7961,48,8009,136
2020-12-05,Mariposa,043,17540,170,143,2,145,2
2020-12-05,Mendocino,045,87422,1779,1585,14,1599,23
2020-12-05,Merced,047,269075,13867,12747,173,12920,180
2020-12-05,Modoc,049,8938,151,118,27,145,0
2020-12-05,Mono,051,14174,654,554,11,565,3
2020-12-05,Monterey,053,433212,18888,17077,361,17438,127
2020-12-05,Napa,055,140530,4084,3565,20,3585,21
2020-12-05,Nevada,057,99092,1976,1642,51,1693,10
2020-12-05,Orange,059,3164182,98971,85735,3044,88779,1612
2020-12-05,Placer,061,380077,9606,7811,238,8049,78
2020-12-05,Plumas,063,18699,307,246,1,247,0
2020-12-05,Riverside,065,2383286,115025,98612,3186,101798,1477
2020-12-05,Sacramento,067,1510023,46573,41878,216,42094,625
2020-12-05,San Benito,069,59416,2314,2073,15,2088,18
2020-12-05,San Bernardino,071,2135413,124528,105382,2572,107954,1283
2020-12-05,San Diego,073,3302833,100376,90470,4068,94538,1055
2020-12-05,San Francisco,075,870044,17871,16786,126,16912,161
2020-12-05,San Joaquin,077,732212,32000,28105,730,28835,523
2020-12-05,San Luis Obispo,079,281455,7568,6623,124,6747,44
2020-12-05,San Mateo,081,765935,17517,15512,20,15532,175
2020-12-05,Santa Barbara,083,443738,12923,12107,255,12362,141
2020-12-05,Santa Clara,085,1922200,45961,38339,128,38467,474
2020-12-05,Santa Cruz,087,273765,5915,4997,89,5086,40
2020-12-05,Shasta,089,179085,6552,5653,338,5991,49
2020-12-05,Sierra,091,2930,20,17,0,17,0
2020-12-05,Siskiyou,093,43540,793,649,55,704,2
2020-12-05,Solano,095,438530,12653,11351,98,11449,87
2020-12-05,Sonoma,097,501317,14420,13137,85,13222,164
2020-12-05,Stanislaus,099,539301,25836,23662,1810,25472,454
2020-12-05,Sutter,101,95872,4587,3937,17,3954,20
2020-12-05,Tehama,103,63373,2180,1926,105,2031,9
2020-12-05,Trinity,105,12862,327,177,36,213,0
2020-12-05,Tulare,107,460477,25055,22660,2078,24738,324
2020-12-05,Tuolumne,109,53932,1429,1180,10,1190,7
2020-12-05,Ventura,111,848112,25559,22710,789,23499,191
2020-12-05,Yolo,113,214977,6037,5351,21,5372,90
2020-12-05,Yuba,115,75493,2626,2275,18,2293,10
2020-12-04,Alameda,001,1643700,35876,31871,456,32327,465
2020-12-04,Alpine,002,1148,58,53,0,53,0
2020-12-04,Amador,005,37829,1183,766,3,769,16
2020-12-04,Butte,007,227075,4966,4336,340,4676,65
2020-12-04,Calaveras,009,45235,655,585,0,585,21
2020-12-04,Colusa,011,21464,932,790,18,808,6
2020-12-04,Contra Costa,013,1133247,28573,25705,214,25919,264
2020-12-04,Del Norte,015,27424,477,401,0,401,2
2020-12-04,El Dorado,017,186661,3755,2933,73,3006,7
2020-12-04,Fresno,019,978130,48459,40108,2010,42118,522
2020-12-04,Glenn,021,27897,1164,1017,82,1099,8
2020-12-04,Humboldt,023,135768,1169,960,4,964,9
2020-12-04,Imperial,025,180216,18262,16484,173,16657,362
2020-12-04,Inyo,027,18085,366,324,6,330,15
2020-12-04,Kern,029,883053,47279,42497,2064,44561,485
2020-12-04,Kings,031,150075,13015,11767,269,12036,88
2020-12-04,Lake,033,64148,1212,1018,0,1018,20
2020-12-04,Lassen,035,31185,2793,2167,10,2177,0
2020-12-04,Los Angeles,037,10098052,473116,424164,8312,432476,7845
2020-12-04,Madera,039,155013,7540,6479,211,6690,58
2020-12-04,Marin,041,260295,8274,7896,45,7941,136
2020-12-04,Mariposa,043,17540,170,136,2,138,2
2020-12-04,Mendocino,045,87422,1760,1563,13,1576,23
2020-12-04,Merced,047,269075,13752,12474,165,12639,177
2020-12-04,Modoc,049,8938,151,115,27,142,0
2020-12-04,Mono,051,14174,649,549,11,560,3
2020-12-04,Monterey,053,433212,18676,16737,352,17089,127
2020-12-04,Napa,055,140530,4030,3432,20,3452,19
2020-12-04,Nevada,057,99092,1951,1560,48,1608,10
2020-12-04,Orange,059,3164182,97042,83738,2980,86718,1597
2020-12-04,Placer,061,380077,9482,7461,225,7686,76
2020-12-04,Plumas,063,18699,300,232,0,232,0
2020-12-04,Riverside,065,2383286,112825,95255,3029,98284,1475
2020-12-04,Sacramento,067,1510023,45808,41061,199,41260,618
2020-12-04,San Benito,069,59416,2281,2006,15,2021,17
2020-12-04,San Bernardino,071,2135413,122255,102418,2464,104882,1290
2020-12-04,San Diego,073,3302833,98892,88183,3981,92164,1047
2020-12-04,San Francisco,075,870044,17681,16499,126,16625,161
2020-12-04,San Joaquin,077,732212,31560,27806,693,28499,522
2020-12-04,San Luis Obispo,079,281455,7484,6473,121,6594,42
2020-12-04,San Mateo,081,765935,17229,15112,19,15131,173
2020-12-04,Santa Barbara,083,443738,12816,11947,249,12196,141
2020-12-04,Santa Clara,085,1922200,45024,37465,122,37587,468
2020-12-04,Santa Cruz,087,273765,5825,4985,87,5072,32
2020-12-04,Shasta,089,179085,6463,5439,329,5768,49
2020-12-04,Sierra,091,2930,19,17,0,17,0
2020-12-04,Siskiyou,093,43540,786,639,52,691,2
2020-12-04,Solano,095,438530,12503,11037,95,11132,87
2020-12-04,Sonoma,097,501317,14272,12962,84,13046,164
2020-12-04,Stanislaus,099,539301,25558,23206,1766,24972,448
2020-12-04,Sutter,101,95872,4515,3791,12,3803,20
2020-12-04,Tehama,103,63373,2140,1876,100,1976,9
2020-12-04,Trinity,105,12862,325,172,36,208,0
2020-12-04,Tulare,107,460477,24762,22273,2006,24279,322
2020-12-04,Tuolumne,109,53932,1398,1134,10,1144,7
2020-12-04,Ventura,111,848112,25182,22024,773,22797,189
2020-12-04,Yolo,113,214977,5964,5294,20,5314,87
2020-12-04,Yuba,115,75493,2582,2225,17,2242,10
2020-12-03,Alameda,001,1643700,35108,31184,439,31623,465
2020-12-03,Alpine,002,1148,57,53,0,53,0
2020-12-03,Amador,005,37829,1132,653,3,656,16
2020-12-03,Butte,007,227075,4871,4305,321,4626,65
2020-12-03,Calaveras,009,45235,634,572,0,572,21
2020-12-03,Colusa,011,21464,919,774,17,791,6
2020-12-03,Contra Costa,013,1133247,28065,25464,207,25671,265
2020-12-03,Del Norte,015,27424,471,388,0,388,2
2020-12-03,El Dorado,017,186661,3629,2740,71,2811,6
2020-12-03,Fresno,019,978130,47705,39680,1937,41617,516
2020-12-03,Glenn,021,27897,1146,997,74,1071,8
2020-12-03,Humboldt,023,135768,1139,923,4,927,9
2020-12-03,Imperial,025,180216,18054,16436,161,16597,359
2020-12-03,Inyo,027,18085,364,321,6,327,15
2020-12-03,Kern,029,883053,46433,42062,1963,44025,483
2020-12-03,Kings,031,150075,12916,11658,258,11916,87
2020-12-03,Lake,033,64148,1197,991,0,991,20
2020-12-03,Lassen,035,31185,2753,2128,9,2137,0
2020-12-03,Los Angeles,037,10098052,463015,415805,7956,423761,7787
2020-12-03,Madera,039,155013,7417,6398,205,6603,58
2020-12-03,Marin,041,260295,8207,7861,41,7902,136
2020-12-03,Mariposa,043,17540,166,132,2,134,2
2020-12-03,Mendocino,045,87422,1743,1547,10,1557,23
2020-12-03,Merced,047,269075,13507,12310,158,12468,177
2020-12-03,Modoc,049,8938,149,114,27,141,0
2020-12-03,Mono,051,14174,627,527,11,538,3
2020-12-03,Monterey,053,433212,18215,16218,343,16561,125
2020-12-03,Napa,055,140530,3916,3360,20,3380,19
2020-12-03,Nevada,057,99092,1873,1472,47,1519,10
2020-12-03,Orange,059,3164182,94508,82187,2912,85099,1591
2020-12-03,Placer,061,380077,9280,7270,209,7479,73
2020-12-03,Plumas,063,18699,285,223,0,223,0
2020-12-03,Riverside,065,2383286,110061,92489,2870,95359,1461
2020-12-03,Sacramento,067,1510023,44750,40280,186,40466,614
2020-12-03,San Benito,069,59416,2235,1967,15,1982,16
2020-12-03,San Bernardino,071,2135413,118927,100787,2381,103168,1283
2020-12-03,San Diego,073,3302833,97077,86144,3863,90007,1040
2020-12-03,San Francisco,075,870044,17457,16236,125,16361,161
2020-12-03,San Joaquin,077,732212,30840,27239,650,27889,522
2020-12-03,San Luis Obispo,079,281455,7316,6388,120,6508,42
2020-12-03,San Mateo,081,765935,16876,14909,19,14928,173
2020-12-03,Santa Barbara,083,443738,12687,11829,243,12072,141
2020-12-03,Santa Clara,085,1922200,43813,36621,116,36737,465
2020-12-03,Santa Cruz,087,273765,5681,4850,83,4933,28
2020-12-03,Shasta,089,179085,6354,5330,322,5652,48
2020-12-03,Sierra,091,2930,19,17,0,17,0
2020-12-03,Siskiyou,093,43540,771,629,49,678,2
2020-12-03,Solano,095,438530,12288,10857,91,10948,87
2020-12-03,Sonoma,097,501317,14030,12772,83,12855,164
2020-12-03,Stanislaus,099,539301,25138,22821,1719,24540,447
2020-12-03,Sutter,101,95872,4431,3727,12,3739,20
2020-12-03,Tehama,103,63373,2088,1832,93,1925,9
2020-12-03,Trinity,105,12862,322,166,36,202,0
2020-12-03,Tulare,107,460477,24359,21993,1914,23907,321
2020-12-03,Tuolumne,109,53932,1356,1105,10,1115,7
2020-12-03,Ventura,111,848112,24479,21555,760,22315,187
2020-12-03,Yolo,113,214977,5826,5069,20,5089,87
2020-12-03,Yuba,115,75493,2511,2182,16,2198,10
2020-12-02,Alameda,001,1643700,34479,30697,429,31126,463
2020-12-02,Alpine,002,1148,56,52,0,52,0
2020-12-02,Amador,005,37829,1060,585,3,588,16
2020-12-02,Butte,007,227075,4749,4243,311,4554,65
2020-12-02,Calaveras,009,45235,618,553,0,553,21
2020-12-02,Colusa,011,21464,903,756,15,771,6
2020-12-02,Contra Costa,013,1133247,27600,25147,195,25342,264
2020-12-02,Del Norte,015,27424,455,384,0,384,2
2020-12-02,El Dorado,017,186661,3528,2638,66,2704,5
2020-12-02,Fresno,019,978130,46948,39324,1839,41163,507
2020-12-02,Glenn,021,27897,1129,995,66,1061,7
2020-12-02,Humboldt,023,135768,1113,899,4,903,9
2020-12-02,Imperial,025,180216,17632,16360,154,16514,356
2020-12-02,Inyo,027,18085,357,314,6,320,15
2020-12-02,Kern,029,883053,45535,41660,1868,43528,479
2020-12-02,Kings,031,150075,12563,11531,244,11775,86
2020-12-02,Lake,033,64148,1167,971,0,971,20
2020-12-02,Lassen,035,31185,2694,2115,9,2124,0
2020-12-02,Los Angeles,037,10098052,452962,408289,7636,415925,7739
2020-12-02,Madera,039,155013,7292,6370,199,6569,57
2020-12-02,Marin,041,260295,8158,7819,39,7858,136
2020-12-02,Mariposa,043,17540,163,131,2,133,2
2020-12-02,Mendocino,045,87422,1710,1524,10,1534,23
2020-12-02,Merced,047,269075,13264,12168,150,12318,173
2020-12-02,Modoc,049,8938,146,113,27,140,0
2020-12-02,Mono,051,14174,618,520,11,531,3
2020-12-02,Monterey,053,433212,17735,16064,304,16368,121
2020-12-02,Napa,055,140530,3813,3298,19,3317,19
2020-12-02,Nevada,057,99092,1811,1430,46,1476,9
2020-12-02,Orange,059,3164182,92310,81046,2833,83879,1569
2020-12-02,Placer,061,380077,9046,6941,196,7137,73
2020-12-02,Plumas,063,18699,272,218,0,218,0
2020-12-02,Riverside,065,2383286,107344,90089,2691,92780,1451
2020-12-02,Sacramento,067,1510023,43710,39334,175,39509,597
2020-12-02,San Benito,069,59416,2170,1921,15,1936,16
2020-12-02,San Bernardino,071,2135413,115356,98567,2276,100843,1240
2020-12-02,San Diego,073,3302833,95161,84640,3748,88388,1035
2020-12-02,San Francisco,075,870044,17220,16058,123,16181,157
2020-12-02,San Joaquin,077,732212,30223,26740,627,27367,519
2020-12-02,San Luis Obispo,079,281455,7217,6324,118,6442,42
2020-12-02,San Mateo,081,765935,16513,14757,18,14775,170
2020-12-02,Santa Barbara,083,443738,12536,11705,231,11936,140
2020-12-02,Santa Clara,085,1922200,42690,35878,116,35994,458
2020-12-02,Santa Cruz,087,273765,5549,4766,80,4846,27
2020-12-02,Shasta,089,179085,6230,5188,305,5493,47
2020-12-02,Sierra,091,2930,19,17,0,17,0
2020-12-02,Siskiyou,093,43540,755,624,47,671,1
2020-12-02,Solano,095,438530,12041,10701,87,10788,87
2020-12-02,Sonoma,097,501317,13790,12635,82,12717,163
2020-12-02,Stanislaus,099,539301,24635,22615,1663,24278,448
2020-12-02,Sutter,101,95872,4272,3604,12,3616,18
2020-12-02,Tehama,103,63373,2044,1800,78,1878,9
2020-12-02,Trinity,105,12862,313,165,35,200,0
2020-12-02,Tulare,107,460477,23976,21789,1836,23625,321
2020-12-02,Tuolumne,109,53932,1315,1076,10,1086,7
2020-12-02,Ventura,111,848112,24066,21208,742,21950,186
2020-12-02,Yolo,113,214977,5718,5053,19,5072,87
2020-12-02,Yuba,115,75493,2433,2119,15,2134,10
2020-12-01,Alameda,001,1643700,33787,30252,419,30671,460
2020-12-01,Alpine,002,1148,56,41,0,41,0
2020-12-01,Amador,005,37829,913,575,2,577,16
2020-12-01,Butte,007,227075,4644,4177,295,4472,65
2020-12-01,Calaveras,009,45235,600,544,0,544,21
2020-12-01,Colusa,011,21464,886,747,15,762,6
2020-12-01,Contra Costa,013,1133247,27028,24788,187,24975,264
2020-12-01,Del Norte,015,27424,427,357,0,357,2
2020-12-01,El Dorado,017,186661,3384,2542,61,2603,4
2020-12-01,Fresno,019,978130,46045,39004,1763,40767,505
2020-12-01,Glenn,021,27897,1108,989,62,1051,7
2020-12-01,Humboldt,023,135768,1083,886,4,890,9
2020-12-01,Imperial,025,180216,17317,16278,151,16429,356
2020-12-01,Inyo,027,18085,351,304,6,310,15
2020-12-01,Kern,029,883053,44733,41345,1741,43086,478
2020-12-01,Kings,031,150075,12248,11415,230,11645,86
2020-12-01,Lake,033,64148,1145,969,0,969,19
2020-12-01,Lassen,035,31185,2528,2047,8,2055,0
2020-12-01,Los Angeles,037,10098052,442582,403266,7326,410592,7704
2020-12-01,Madera,039,155013,7172,6270,189,6459,57
2020-12-01,Marin,041,260295,8086,7787,38,7825,136
2020-12-01,Mariposa,043,17540,158,128,2,130,2
2020-12-01,Mendocino,045,87422,1676,1497,10,1507,23
2020-12-01,Merced,047,269075,13024,12032,141,12173,172
2020-12-01,Modoc,049,8938,141,113,23,136,0
2020-12-01,Mono,051,14174,605,520,11,531,3
2020-12-01,Monterey,053,433212,17227,15835,293,16128,121
2020-12-01,Napa,055,140530,3729,3124,18,3142,19
2020-12-01,Nevada,057,99092,1749,1411,45,1456,9
2020-12-01,Orange,059,3164182,90206,79468,2744,82212,1567
2020-12-01,Placer,061,380077,8721,6794,189,6983,72
2020-12-01,Plumas,063,18699,260,201,0,201,0
2020-12-01,Riverside,065,2383286,104534,88530,2531,91061,1448
2020-12-01,Sacramento,067,1510023,42663,38966,172,39138,589
2020-12-01,San Benito,069,59416,2115,1888,15,1903,15
2020-12-01,San Bernardino,071,2135413,111887,95854,2154,98008,1220
2020-12-01,San Diego,073,3302833,92904,83423,3638,87061,1019
2020-12-01,San Francisco,075,870044,16938,15797,120,15917,157
2020-12-01,San Joaquin,077,732212,29422,26432,605,27037,514
2020-12-01,San Luis Obispo,079,281455,7075,6264,113,6377,40
2020-12-01,San Mateo,081,765935,16188,14495,18,14513,170
2020-12-01,Santa Barbara,083,443738,12397,11611,221,11832,140
2020-12-01,Santa Clara,085,1922200,41434,35397,110,35507,452
2020-12-01,Santa Cruz,087,273765,5391,4638,72,4710,27
2020-12-01,Shasta,089,179085,6105,5077,286,5363,47
2020-12-01,Sierra,091,2930,19,17,0,17,0
2020-12-01,Siskiyou,093,43540,741,608,43,651,1
2020-12-01,Solano,095,438530,11780,10604,82,10686,87
2020-12-01,Sonoma,097,501317,13586,12491,79,12570,163
2020-12-01,Stanislaus,099,539301,24174,22351,1605,23956,447
2020-12-01,Sutter,101,95872,4130,3538,12,3550,17
2020-12-01,Tehama,103,63373,1978,1773,68,1841,9
2020-12-01,Trinity,105,12862,299,165,29,194,0
2020-12-01,Tulare,107,460477,23520,21645,1768,23413,319
2020-12-01,Tuolumne,109,53932,1279,1052,8,1060,7
2020-12-01,Ventura,111,848112,23452,20604,720,21324,186
2020-12-01,Yolo,113,214977,5579,4928,19,4947,86
2020-12-01,Yuba,115,75493,2369,2088,14,2102,10
2020-11-30,Alameda,001,1643700,32967,29972,402,30374,457
2020-11-30,Alpine,002,1148,54,41,0,41,0
2020-11-30,Amador,005,37829,872,559,2,561,16
2020-11-30,Butte,007,227075,4526,4148,279,4427,65
2020-11-30,Calaveras,009,45235,579,478,0,478,21
2020-11-30,Colusa,011,21464,859,737,12,749,6
2020-11-30,Contra Costa,013,1133247,26444,24365,183,24548,264
2020-11-30,Del Norte,015,27424,401,339,0,339,2
2020-11-30,El Dorado,017,186661,3210,2488,55,2543,4
2020-11-30,Fresno,019,978130,44932,38712,1654,40366,500
2020-11-30,Glenn,021,27897,1085,954,57,1011,5
2020-11-30,Humboldt,023,135768,1036,870,4,874,9
2020-11-30,Imperial,025,180216,17060,16212,130,16342,356
2020-11-30,Inyo,027,18085,345,304,5,309,15
2020-11-30,Kern,029,883053,43974,40941,1609,42550,473
2020-11-30,Kings,031,150075,12100,11346,215,11561,85
2020-11-30,Lake,033,64148,1111,939,0,939,18
2020-11-30,Lassen,035,31185,2436,1793,8,1801,0
2020-11-30,Los Angeles,037,10098052,431901,396202,7003,403205,7658
2020-11-30,Madera,039,155013,7007,6210,175,6385,57
2020-11-30,Marin,041,260295,8040,7764,37,7801,136
2020-11-30,Mariposa,043,17540,151,123,2,125,2
2020-11-30,Mendocino,045,87422,1648,1482,10,1492,23
2020-11-30,Merced,047,269075,12749,11913,130,12043,172
2020-11-30,Modoc,049,8938,131,113,23,136,0
2020-11-30,Mono,051,14174,583,519,11,530,3
2020-11-30,Monterey,053,433212,16797,15837,285,16122,119
2020-11-30,Napa,055,140530,3630,3091,18,3109,18
2020-11-30,Nevada,057,99092,1663,1347,42,1389,9
2020-11-30,Orange,059,3164182,88091,78711,2648,81359,1568
2020-11-30,Placer,061,380077,8424,6575,176,6751,72
2020-11-30,Plumas,063,18699,249,192,0,192,0
2020-11-30,Riverside,065,2383286,101543,87722,2386,90108,1446
2020-11-30,Sacramento,067,1510023,41581,37834,163,37997,586
2020-11-30,San Benito,069,59416,2068,1875,14,1889,15
2020-11-30,San Bernardino,071,2135413,108156,92704,2042,94746,1220
2020-11-30,San Diego,073,3302833,90541,82045,3511,85556,997
2020-11-30,San Francisco,075,870044,16640,15638,116,15754,157
2020-11-30,San Joaquin,077,732212,28717,25742,579,26321,509
2020-11-30,San Luis Obispo,079,281455,6941,6224,111,6335,36
2020-11-30,San Mateo,081,765935,15829,14276,18,14294,170
2020-11-30,Santa Barbara,083,443738,12218,11572,213,11785,140
2020-11-30,Santa Clara,085,1922200,40220,35019,109,35128,451
2020-11-30,Santa Cruz,087,273765,5252,4558,69,4627,26
2020-11-30,Shasta,089,179085,5960,4933,258,5191,44
2020-11-30,Sierra,091,2930,19,16,0,16,0
2020-11-30,Siskiyou,093,43540,732,605,39,644,1
2020-11-30,Solano,095,438530,11517,10392,77,10469,87
2020-11-30,Sonoma,097,501317,13339,12232,75,12307,163
2020-11-30,Stanislaus,099,539301,23711,22110,1563,23673,446
2020-11-30,Sutter,101,95872,3974,3430,12,3442,16
2020-11-30,Tehama,103,63373,1929,1724,61,1785,9
2020-11-30,Trinity,105,12862,292,162,29,191,0
2020-11-30,Tulare,107,460477,23131,20833,1675,22508,319
2020-11-30,Tuolumne,109,53932,1235,1027,8,1035,7
2020-11-30,Ventura,111,848112,22698,20308,704,21012,180
2020-11-30,Yolo,113,214977,5462,4894,19,4913,81
2020-11-30,Yuba,115,75493,2310,2028,12,2040,10
2020-11-29,Alameda,001,1643700,32178,29918,380,30298,457
2020-11-29,Alpine,002,1148,51,41,0,41,0
2020-11-29,Amador,005,37829,721,548,2,550,16
2020-11-29,Butte,007,227075,4426,4008,263,4271,65
2020-11-29,Calaveras,009,45235,548,478,0,478,21
2020-11-29,Colusa,011,21464,830,723,8,731,6
2020-11-29,Contra Costa,013,1133247,25937,24165,177,24342,264
2020-11-29,Del Norte,015,27424,395,339,0,339,2
2020-11-29,El Dorado,017,186661,3079,2447,53,2500,4
2020-11-29,Fresno,019,978130,43977,38568,1582,40150,500
2020-11-29,Glenn,021,27897,1062,951,55,1006,4
2020-11-29,Humboldt,023,135768,1007,856,4,860,9
2020-11-29,Imperial,025,180216,16827,16138,105,16243,356
2020-11-29,Inyo,027,18085,328,289,5,294,15
2020-11-29,Kern,029,883053,43211,40596,1460,42056,473
2020-11-29,Kings,031,150075,11949,11247,197,11444,85
2020-11-29,Lake,033,64148,1087,927,0,927,18
2020-11-29,Lassen,035,31185,2333,1793,8,1801,0
2020-11-29,Los Angeles,037,10098052,421491,391162,6713,397875,7642
2020-11-29,Madera,039,155013,6864,6184,169,6353,57
2020-11-29,Marin,041,260295,7973,7739,34,7773,135
2020-11-29,Mariposa,043,17540,147,123,2,125,2
2020-11-29,Mendocino,045,87422,1614,1473,10,1483,23
2020-11-29,Merced,047,269075,12509,11773,122,11895,172
2020-11-29,Modoc,049,8938,127,105,21,126,0
2020-11-29,Mono,051,14174,560,515,10,525,3
2020-11-29,Monterey,053,433212,16484,15621,278,15899,119
2020-11-29,Napa,055,140530,3525,3090,17,3107,18
2020-11-29,Nevada,057,99092,1583,1311,40,1351,9
2020-11-29,Orange,059,3164182,86068,78057,2602,80659,1567
2020-11-29,Placer,061,380077,8126,6535,164,6699,72
2020-11-29,Plumas,063,18699,244,191,0,191,0
2020-11-29,Riverside,065,2383286,99151,87383,2234,89617,1442
2020-11-29,Sacramento,067,1510023,40503,37415,154,37569,585
2020-11-29,San Benito,069,59416,2024,1860,14,1874,15
2020-11-29,San Bernardino,071,2135413,104805,92052,1939,93991,1223
2020-11-29,San Diego,073,3302833,88130,81086,3358,84444,997
2020-11-29,San Francisco,075,870044,16358,15571,111,15682,153
2020-11-29,San Joaquin,077,732212,27968,25740,573,26313,509
2020-11-29,San Luis Obispo,079,281455,6818,6145,111,6256,36
2020-11-29,San Mateo,081,765935,15497,14177,18,14195,169
2020-11-29,Santa Barbara,083,443738,12064,11520,209,11729,140
2020-11-29,Santa Clara,085,1922200,39008,34234,103,34337,451
2020-11-29,Santa Cruz,087,273765,5092,4490,67,4557,26
2020-11-29,Shasta,089,179085,5788,4935,230,5165,43
2020-11-29,Sierra,091,2930,19,16,0,16,0
2020-11-29,Siskiyou,093,43540,709,590,37,627,1
2020-11-29,Solano,095,438530,11284,10393,73,10466,87
2020-11-29,Sonoma,097,501317,13086,12052,71,12123,163
2020-11-29,Stanislaus,099,539301,23215,21701,1529,23230,446
2020-11-29,Sutter,101,95872,3858,3297,12,3309,16
2020-11-29,Tehama,103,63373,1878,1710,47,1757,9
2020-11-29,Trinity,105,12862,289,159,27,186,0
2020-11-29,Tulare,107,460477,22762,20793,1600,22393,319
2020-11-29,Tuolumne,109,53932,1198,988,8,996,7
2020-11-29,Ventura,111,848112,22014,19952,692,20644,179
2020-11-29,Yolo,113,214977,5325,4830,18,4848,80
2020-11-29,Yuba,115,75493,2254,1959,12,1971,10
2020-11-28,Alameda,001,1643700,31868,29368,375,29743,456
2020-11-28,Alpine,002,1148,51,41,0,41,0
2020-11-28,Amador,005,37829,644,536,2,538,16
2020-11-28,Butte,007,227075,4368,3894,259,4153,65
2020-11-28,Calaveras,009,45235,542,478,0,478,21
2020-11-28,Colusa,011,21464,821,711,6,717,6
2020-11-28,Contra Costa,013,1133247,25604,23798,173,23971,264
2020-11-28,Del Norte,015,27424,385,328,0,328,2
2020-11-28,El Dorado,017,186661,3011,2415,47,2462,4
2020-11-28,Fresno,019,978130,43630,38288,1544,39832,500
2020-11-28,Glenn,021,27897,1051,925,51,976,4
2020-11-28,Humboldt,023,135768,972,844,4,848,9
2020-11-28,Imperial,025,180216,16758,16019,103,16122,356
2020-11-28,Inyo,027,18085,320,289,5,294,15
2020-11-28,Kern,029,883053,42848,40255,1372,41627,473
2020-11-28,Kings,031,150075,11884,11070,190,11260,85
2020-11-28,Lake,033,64148,1071,920,0,920,18
2020-11-28,Lassen,035,31185,2266,1714,8,1722,0
2020-11-28,Los Angeles,037,10098052,416572,386194,6556,392750,7625
2020-11-28,Madera,039,155013,6761,6119,162,6281,57
2020-11-28,Marin,041,260295,7943,7696,30,7726,135
2020-11-28,Mariposa,043,17540,144,120,2,122,2
2020-11-28,Mendocino,045,87422,1583,1458,10,1468,22
2020-11-28,Merced,047,269075,12409,11688,115,11803,172
2020-11-28,Modoc,049,8938,124,103,21,124,0
2020-11-28,Mono,051,14174,554,505,10,515,3
2020-11-28,Monterey,053,433212,16318,15328,274,15602,118
2020-11-28,Napa,055,140530,3474,3033,17,3050,18
2020-11-28,Nevada,057,99092,1554,1272,38,1310,9
2020-11-28,Orange,059,3164182,84968,76882,2555,79437,1568
2020-11-28,Placer,061,380077,7966,6497,161,6658,70
2020-11-28,Plumas,063,18699,237,188,0,188,0
2020-11-28,Riverside,065,2383286,97742,86854,2133,88987,1440
2020-11-28,Sacramento,067,1510023,39926,36905,150,37055,580
2020-11-28,San Benito,069,59416,1979,1835,14,1849,15
2020-11-28,San Bernardino,071,2135413,103404,91183,1837,93020,1224
2020-11-28,San Diego,073,3302833,86876,80020,3274,83294,997
2020-11-28,San Francisco,075,870044,16183,15450,104,15554,153
2020-11-28,San Joaquin,077,732212,27767,25742,558,26300,509
2020-11-28,San Luis Obispo,079,281455,6748,6106,107,6213,36
2020-11-28,San Mateo,081,765935,15307,14040,18,14058,169
2020-11-28,Santa Barbara,083,443738,11962,11481,204,11685,140
2020-11-28,Santa Clara,085,1922200,38257,33701,101,33802,449
2020-11-28,Santa Cruz,087,273765,5016,4426,67,4493,26
2020-11-28,Shasta,089,179085,5711,4882,223,5105,43
2020-11-28,Sierra,091,2930,19,16,0,16,0
2020-11-28,Siskiyou,093,43540,699,558,34,592,1
2020-11-28,Solano,095,438530,11162,10252,71,10323,87
2020-11-28,Sonoma,097,501317,12983,12008,62,12070,162
2020-11-28,Stanislaus,099,539301,22976,21574,1495,23069,446
2020-11-28,Sutter,101,95872,3774,3244,12,3256,15
2020-11-28,Tehama,103,63373,1859,1678,43,1721,9
2020-11-28,Trinity,105,12862,286,157,25,182,0
2020-11-28,Tulare,107,460477,22565,20701,1558,22259,319
2020-11-28,Tuolumne,109,53932,1176,976,8,984,7
2020-11-28,Ventura,111,848112,21716,19510,682,20192,179
2020-11-28,Yolo,113,214977,5248,4739,16,4755,80
2020-11-28,Yuba,115,75493,2199,1912,12,1924,10
2020-11-27,Alameda,001,1643700,31424,29064,365,29429,450
2020-11-27,Alpine,002,1148,51,41,0,41,0
2020-11-27,Amador,005,37829,597,498,1,499,16
2020-11-27,Butte,007,227075,4327,3894,252,4146,65
2020-11-27,Calaveras,009,45235,533,478,0,478,21
2020-11-27,Colusa,011,21464,804,694,4,698,6
2020-11-27,Contra Costa,013,1133247,25343,23463,167,23630,264
2020-11-27,Del Norte,015,27424,379,307,0,307,2
2020-11-27,El Dorado,017,186661,2940,2238,44,2282,4
2020-11-27,Fresno,019,978130,43225,37994,1488,39482,500
2020-11-27,Glenn,021,27897,1038,891,46,937,4
2020-11-27,Humboldt,023,135768,953,795,3,798,9
2020-11-27,Imperial,025,180216,16690,15960,95,16055,356
2020-11-27,Inyo,027,18085,314,289,5,294,15
2020-11-27,Kern,029,883053,42425,39707,1302,41009,473
2020-11-27,Kings,031,150075,11799,10667,172,10839,85
2020-11-27,Lake,033,64148,1035,909,0,909,18
2020-11-27,Lassen,035,31185,2254,1714,8,1722,0
2020-11-27,Los Angeles,037,10098052,410048,382740,6410,389150,7606
2020-11-27,Madera,039,155013,6689,6050,157,6207,57
2020-11-27,Marin,041,260295,7902,7660,30,7690,135
2020-11-27,Mariposa,043,17540,142,118,2,120,2
2020-11-27,Mendocino,045,87422,1569,1387,9,1396,22
2020-11-27,Merced,047,269075,12303,11550,108,11658,172
2020-11-27,Modoc,049,8938,123,100,21,121,0
2020-11-27,Mono,051,14174,550,498,10,508,3
2020-11-27,Monterey,053,433212,16150,14753,274,15027,113
2020-11-27,Napa,055,140530,3434,2988,17,3005,18
2020-11-27,Nevada,057,99092,1524,1184,36,1220,9
2020-11-27,Orange,059,3164182,83680,75151,2516,77667,1568
2020-11-27,Placer,061,380077,7807,6283,151,6434,68
2020-11-27,Plumas,063,18699,234,188,0,188,0
2020-11-27,Riverside,065,2383286,96132,85769,1981,87750,1440
2020-11-27,Sacramento,067,1510023,39305,36579,146,36725,579
2020-11-27,San Benito,069,59416,1945,1805,13,1818,15
2020-11-27,San Bernardino,071,2135413,101885,90254,1756,92010,1224
2020-11-27,San Diego,073,3302833,85682,78161,3185,81346,996
2020-11-27,San Francisco,075,870044,16028,15377,102,15479,153
2020-11-27,San Joaquin,077,732212,27543,25741,538,26279,509
2020-11-27,San Luis Obispo,079,281455,6665,6039,104,6143,36
2020-11-27,San Mateo,081,765935,15105,13872,17,13889,169
2020-11-27,Santa Barbara,083,443738,11869,11340,201,11541,140
2020-11-27,Santa Clara,085,1922200,37582,32935,94,33029,449
2020-11-27,Santa Cruz,087,273765,4945,4358,65,4423,26
2020-11-27,Shasta,089,179085,5634,4710,210,4920,43
2020-11-27,Sierra,091,2930,18,16,0,16,0
2020-11-27,Siskiyou,093,43540,684,554,31,585,1
2020-11-27,Solano,095,438530,11043,10044,68,10112,87
2020-11-27,Sonoma,097,501317,12850,11924,60,11984,162
2020-11-27,Stanislaus,099,539301,22747,21185,1466,22651,446
2020-11-27,Sutter,101,95872,3706,3101,12,3113,15
2020-11-27,Tehama,103,63373,1833,1649,39,1688,9
2020-11-27,Trinity,105,12862,282,151,25,176,0
2020-11-27,Tulare,107,460477,22375,20634,1501,22135,319
2020-11-27,Tuolumne,109,53932,1144,881,8,889,7
2020-11-27,Ventura,111,848112,21392,19379,660,20039,179
2020-11-27,Yolo,113,214977,5197,4737,16,4753,79
2020-11-27,Yuba,115,75493,2170,1864,11,1875,10
2020-11-26,Alameda,001,1643700,31009,28797,347,29144,447
2020-11-26,Alpine,002,1148,51,41,0,41,0
2020-11-26,Amador,005,37829,589,488,1,489,16
2020-11-26,Butte,007,227075,4264,3894,246,4140,65
2020-11-26,Calaveras,009,45235,506,478,0,478,21
2020-11-26,Colusa,011,21464,790,694,4,698,6
2020-11-26,Contra Costa,013,1133247,25010,23468,161,23629,264
2020-11-26,Del Norte,015,27424,368,307,0,307,2
2020-11-26,El Dorado,017,186661,2859,2217,42,2259,4
2020-11-26,Fresno,019,978130,42820,37724,1443,39167,500
2020-11-26,Glenn,021,27897,1022,892,44,936,4
2020-11-26,Humboldt,023,135768,930,795,2,797,9
2020-11-26,Imperial,025,180216,16575,15722,92,15814,355
2020-11-26,Inyo,027,18085,312,289,5,294,15
2020-11-26,Kern,029,883053,41975,39123,1242,40365,471
2020-11-26,Kings,031,150075,11744,10475,160,10635,85
2020-11-26,Lake,033,64148,1022,890,0,890,18
2020-11-26,Lassen,035,31185,2239,1714,8,1722,0
2020-11-26,Los Angeles,037,10098052,404883,378340,6178,384518,7581
2020-11-26,Madera,039,155013,6610,6003,152,6155,57
2020-11-26,Marin,041,260295,7864,7610,30,7640,135
2020-11-26,Mariposa,043,17540,137,116,2,118,2
2020-11-26,Mendocino,045,87422,1555,1387,7,1394,22
2020-11-26,Merced,047,269075,12155,11440,106,11546,172
2020-11-26,Modoc,049,8938,121,100,21,121,0
2020-11-26,Mono,051,14174,542,485,10,495,2
2020-11-26,Monterey,053,433212,15914,14750,266,15016,113
2020-11-26,Napa,055,140530,3370,2988,17,3005,18
2020-11-26,Nevada,057,99092,1479,1184,36,1220,9
2020-11-26,Orange,059,3164182,82289,74264,2456,76720,1563
2020-11-26,Placer,061,380077,7643,6278,142,6420,68
2020-11-26,Plumas,063,18699,226,188,0,188,0
2020-11-26,Riverside,065,2383286,94530,85774,1857,87631,1440
2020-11-26,Sacramento,067,1510023,38662,35854,138,35992,580
2020-11-26,San Benito,069,59416,1918,1769,13,1782,15
2020-11-26,San Bernardino,071,2135413,100232,89727,1663,91390,1223
2020-11-26,San Diego,073,3302833,84072,76359,3081,79440,996
2020-11-26,San Francisco,075,870044,15893,15156,98,15254,153
2020-11-26,San Joaquin,077,732212,27287,25738,526,26264,509
2020-11-26,San Luis Obispo,079,281455,6572,5964,101,6065,36
2020-11-26,San Mateo,081,765935,14916,13715,16,13731,169
2020-11-26,Santa Barbara,083,443738,11788,11277,200,11477,139
2020-11-26,Santa Clara,085,1922200,36936,32411,87,32498,446
2020-11-26,Santa Cruz,087,273765,4812,4269,59,4328,26
2020-11-26,Shasta,089,179085,5551,4712,198,4910,43
2020-11-26,Sierra,091,2930,18,15,0,15,0
2020-11-26,Siskiyou,093,43540,674,526,31,557,1
2020-11-26,Solano,095,438530,10898,9941,66,10007,87
2020-11-26,Sonoma,097,501317,12702,11922,58,11980,162
2020-11-26,Stanislaus,099,539301,22515,21186,1426,22612,445
2020-11-26,Sutter,101,95872,3612,3101,11,3112,15
2020-11-26,Tehama,103,63373,1793,1612,36,1648,9
2020-11-26,Trinity,105,12862,278,139,25,164,0
2020-11-26,Tulare,107,460477,22135,20649,1440,22089,319
2020-11-26,Tuolumne,109,53932,1116,871,8,879,7
2020-11-26,Ventura,111,848112,20895,19058,646,19704,179
2020-11-26,Yolo,113,214977,5110,4566,16,4582,76
2020-11-26,Yuba,115,75493,2110,1865,9,1874,10
2020-11-25,Alameda,001,1643700,30794,28378,339,28717,447
2020-11-25,Alpine,002,1148,51,41,0,41,0
2020-11-25,Amador,005,37829,579,484,1,485,16
2020-11-25,Butte,007,227075,4233,3848,243,4091,64
2020-11-25,Calaveras,009,45235,503,475,0,475,21
2020-11-25,Colusa,011,21464,773,693,4,697,6
2020-11-25,Contra Costa,013,1133247,24854,23307,160,23467,263
2020-11-25,Del Norte,015,27424,367,304,0,304,2
2020-11-25,El Dorado,017,186661,2823,2154,42,2196,4
2020-11-25,Fresno,019,978130,42587,37349,1421,38770,494
2020-11-25,Glenn,021,27897,1005,891,42,933,4
2020-11-25,Humboldt,023,135768,922,777,2,779,9
2020-11-25,Imperial,025,180216,16503,15640,91,15731,355
2020-11-25,Inyo,027,18085,310,289,5,294,15
2020-11-25,Kern,029,883053,41819,38878,1225,40103,467
2020-11-25,Kings,031,150075,11709,10417,156,10573,85
2020-11-25,Lake,033,64148,1005,878,0,878,18
2020-11-25,Lassen,035,31185,2196,1701,8,1709,0
2020-11-25,Los Angeles,037,10098052,401855,373919,6078,379997,7545
2020-11-25,Madera,039,155013,6587,5989,149,6138,57
2020-11-25,Marin,041,260295,7835,7601,29,7630,135
2020-11-25,Mariposa,043,17540,136,114,2,116,2
2020-11-25,Mendocino,045,87422,1536,1373,7,1380,22
2020-11-25,Merced,047,269075,12099,11346,106,11452,172
2020-11-25,Modoc,049,8938,121,96,21,117,0
2020-11-25,Mono,051,14174,537,487,10,497,2
2020-11-25,Monterey,053,433212,15799,14695,264,14959,113
2020-11-25,Napa,055,140530,3337,2945,17,2962,17
2020-11-25,Nevada,057,99092,1461,1170,34,1204,9
2020-11-25,Orange,059,3164182,81533,73014,2436,75450,1551
2020-11-25,Placer,061,380077,7567,6221,141,6362,68
2020-11-25,Plumas,063,18699,221,183,0,183,0
2020-11-25,Riverside,065,2383286,93985,85077,1839,86916,1438
2020-11-25,Sacramento,067,1510023,38325,35687,135,35822,574
2020-11-25,San Benito,069,59416,1895,1764,13,1777,15
2020-11-25,San Bernardino,071,2135413,99390,88469,1634,90103,1225
2020-11-25,San Diego,073,3302833,83415,75307,3045,78352,988
2020-11-25,San Francisco,075,870044,15786,15053,96,15149,153
2020-11-25,San Joaquin,077,732212,27159,25556,514,26070,515
2020-11-25,San Luis Obispo,079,281455,6529,5913,101,6014,34
2020-11-25,San Mateo,081,765935,14801,13614,16,13630,170
2020-11-25,Santa Barbara,083,443738,11738,11183,200,11383,138
2020-11-25,Santa Clara,085,1922200,36487,32032,86,32118,442
2020-11-25,Santa Cruz,087,273765,4759,4202,58,4260,25
2020-11-25,Shasta,089,179085,5505,4588,191,4779,43
2020-11-25,Sierra,091,2930,18,15,0,15,0
2020-11-25,Siskiyou,093,43540,667,499,31,530,1
2020-11-25,Solano,095,438530,10793,9832,65,9897,87
2020-11-25,Sonoma,097,501317,12640,11775,57,11832,162
2020-11-25,Stanislaus,099,539301,22383,21022,1399,22421,445
2020-11-25,Sutter,101,95872,3568,3064,11,3075,14
2020-11-25,Tehama,103,63373,1780,1587,30,1617,9
2020-11-25,Trinity,105,12862,276,135,25,160,0
2020-11-25,Tulare,107,460477,22044,20528,1410,21938,318
2020-11-25,Tuolumne,109,53932,1099,842,8,850,7
2020-11-25,Ventura,111,848112,20800,18914,640,19554,179
2020-11-25,Yolo,113,214977,5073,4527,16,4543,76
2020-11-25,Yuba,115,75493,2084,1840,9,1849,10
2020-11-24,Alameda,001,1643700,30318,28030,328,28358,444
2020-11-24,Alpine,002,1148,51,41,0,41,0
2020-11-24,Amador,005,37829,554,470,1,471,16
2020-11-24,Butte,007,227075,4147,3798,235,4033,63
2020-11-24,Calaveras,009,45235,497,466,0,466,21
2020-11-24,Colusa,011,21464,755,682,4,686,6
2020-11-24,Contra Costa,013,1133247,24501,23072,154,23226,259
2020-11-24,Del Norte,015,27424,358,298,0,298,2
2020-11-24,El Dorado,017,186661,2718,2005,41,2046,4
2020-11-24,Fresno,019,978130,42184,37021,1346,38367,493
2020-11-24,Glenn,021,27897,987,883,38,921,4
2020-11-24,Humboldt,023,135768,903,774,2,776,9
2020-11-24,Imperial,025,180216,16399,15600,86,15686,355
2020-11-24,Inyo,027,18085,309,282,5,287,15
2020-11-24,Kern,029,883053,41345,38551,1149,39700,465
2020-11-24,Kings,031,150075,11442,10338,143,10481,85
2020-11-24,Lake,033,64148,988,872,0,872,18
2020-11-24,Lassen,035,31185,2173,1657,8,1665,0
2020-11-24,Los Angeles,037,10098052,395546,370008,5847,375855,7501
2020-11-24,Madera,039,155013,6504,5881,142,6023,57
2020-11-24,Marin,041,260295,7789,7591,29,7620,135
2020-11-24,Mariposa,043,17540,126,114,1,115,2
2020-11-24,Mendocino,045,87422,1514,1346,6,1352,22
2020-11-24,Merced,047,269075,11911,11268,100,11368,171
2020-11-24,Modoc,049,8938,117,91,21,112,0
2020-11-24,Mono,051,14174,533,483,10,493,2
2020-11-24,Monterey,053,433212,15537,14354,255,14609,113
2020-11-24,Napa,055,140530,3270,2904,17,2921,17
2020-11-24,Nevada,057,99092,1397,1156,32,1188,9
2020-11-24,Orange,059,3164182,80092,71975,2359,74334,1547
2020-11-24,Placer,061,380077,7387,6147,134,6281,67
2020-11-24,Plumas,063,18699,218,180,0,180,0
2020-11-24,Riverside,065,2383286,92226,83685,1713,85398,1420
2020-11-24,Sacramento,067,1510023,37645,35097,128,35225,568
2020-11-24,San Benito,069,59416,1864,1740,12,1752,15
2020-11-24,San Bernardino,071,2135413,97051,86645,1533,88178,1226
2020-11-24,San Diego,073,3302833,82005,74363,2974,77337,984
2020-11-24,San Francisco,075,870044,15591,14874,92,14966,153
2020-11-24,San Joaquin,077,732212,26846,25318,487,25805,517
2020-11-24,San Luis Obispo,079,281455,6466,5805,100,5905,34
2020-11-24,San Mateo,081,765935,14592,13558,15,13573,170
2020-11-24,Santa Barbara,083,443738,11632,11154,199,11353,138
2020-11-24,Santa Clara,085,1922200,35699,31564,82,31646,438
2020-11-24,Santa Cruz,087,273765,4646,4132,57,4189,25
2020-11-24,Shasta,089,179085,5405,4410,172,4582,43
2020-11-24,Sierra,091,2930,18,15,0,15,0
2020-11-24,Siskiyou,093,43540,649,473,28,501,1
2020-11-24,Solano,095,438530,10621,9716,64,9780,86
2020-11-24,Sonoma,097,501317,12461,11644,54,11698,162
2020-11-24,Stanislaus,099,539301,22141,20830,1356,22186,438
2020-11-24,Sutter,101,95872,3462,2974,11,2985,14
2020-11-24,Tehama,103,63373,1736,1565,25,1590,9
2020-11-24,Trinity,105,12862,269,129,24,153,0
2020-11-24,Tulare,107,460477,21794,20319,1349,21668,315
2020-11-24,Tuolumne,109,53932,1070,832,8,840,7
2020-11-24,Ventura,111,848112,20419,18637,630,19267,179
2020-11-24,Yolo,113,214977,4987,4420,16,4436,76
2020-11-24,Yuba,115,75493,2033,1804,7,1811,10
2020-11-23,Alameda,001,1643700,29901,27718,316,28034,444
2020-11-23,Alpine,002,1148,49,41,0,41,0
2020-11-23,Amador,005,37829,513,457,1,458,16
2020-11-23,Butte,007,227075,4081,3765,229,3994,61
2020-11-23,Calaveras,009,45235,481,434,0,434,21
2020-11-23,Colusa,011,21464,741,662,4,666,6
2020-11-23,Contra Costa,013,1133247,24233,22674,149,22823,260
2020-11-23,Del Norte,015,27424,336,296,0,296,2
2020-11-23,El Dorado,017,186661,2598,2005,40,2045,4
2020-11-23,Fresno,019,978130,41735,36688,1285,37973,488
2020-11-23,Glenn,021,27897,961,853,38,891,4
2020-11-23,Humboldt,023,135768,890,746,2,748,9
2020-11-23,Imperial,025,180216,16236,15104,81,15185,355
2020-11-23,Inyo,027,18085,302,279,5,284,15
2020-11-23,Kern,029,883053,40832,38245,1086,39331,463
2020-11-23,Kings,031,150075,11022,10204,137,10341,85
2020-11-23,Lake,033,64148,965,840,0,840,18
2020-11-23,Lassen,035,31185,2093,1271,7,1278,0
2020-11-23,Los Angeles,037,10098052,389441,366374,5602,371976,7447
2020-11-23,Madera,039,155013,6379,5787,138,5925,56
2020-11-23,Marin,041,260295,7745,7543,29,7572,135
2020-11-23,Mariposa,043,17540,125,97,1,98,2
2020-11-23,Mendocino,045,87422,1484,1330,6,1336,22
2020-11-23,Merced,047,269075,11722,11148,97,11245,169
2020-11-23,Modoc,049,8938,104,91,20,111,0
2020-11-23,Mono,051,14174,520,480,10,490,2
2020-11-23,Monterey,053,433212,15258,14265,249,14514,112
2020-11-23,Napa,055,140530,3203,2811,17,2828,17
2020-11-23,Nevada,057,99092,1308,1087,32,1119,9
2020-11-23,Orange,059,3164182,78686,71074,2315,73389,1546
2020-11-23,Placer,061,380077,7185,5999,133,6132,66
2020-11-23,Plumas,063,18699,214,172,0,172,0
2020-11-23,Riverside,065,2383286,90449,82175,1649,83824,1415
2020-11-23,Sacramento,067,1510023,37074,34141,122,34263,556
2020-11-23,San Benito,069,59416,1836,1729,11,1740,15
2020-11-23,San Bernardino,071,2135413,94943,84387,1469,85856,1224
2020-11-23,San Diego,073,3302833,80542,72817,2886,75703,968
2020-11-23,San Francisco,075,870044,15433,14646,90,14736,153
2020-11-23,San Joaquin,077,732212,26496,24622,483,25105,517
2020-11-23,San Luis Obispo,079,281455,6384,5772,98,5870,34
2020-11-23,San Mateo,081,765935,14402,13364,15,13379,170
2020-11-23,Santa Barbara,083,443738,11525,10944,195,11139,137
2020-11-23,Santa Clara,085,1922200,35045,31064,79,31143,435
2020-11-23,Santa Cruz,087,273765,4536,4003,53,4056,25
2020-11-23,Shasta,089,179085,5287,4100,160,4260,43
2020-11-23,Sierra,091,2930,17,15,0,15,0
2020-11-23,Siskiyou,093,43540,622,460,28,488,0
2020-11-23,Solano,095,438530,10464,9394,61,9455,86
2020-11-23,Sonoma,097,501317,12288,11507,50,11557,160
2020-11-23,Stanislaus,099,539301,21847,20487,1324,21811,436
2020-11-23,Sutter,101,95872,3325,2840,10,2850,14
2020-11-23,Tehama,103,63373,1687,1526,21,1547,9
2020-11-23,Trinity,105,12862,260,120,22,142,0
2020-11-23,Tulare,107,460477,21502,19818,1284,21102,315
2020-11-23,Tuolumne,109,53932,1030,774,8,782,7
2020-11-23,Ventura,111,848112,20044,18480,617,19097,179
2020-11-23,Yolo,113,214977,4906,4265,15,4280,75
2020-11-23,Yuba,115,75493,1966,1702,7,1709,10
2020-11-22,Alameda,001,1643700,29463,27472,305,27777,444
2020-11-22,Alpine,002,1148,46,41,0,41,0
2020-11-22,Amador,005,37829,501,450,1,451,16
2020-11-22,Butte,007,227075,4031,3712,221,3933,61
2020-11-22,Calaveras,009,45235,473,434,0,434,21
2020-11-22,Colusa,011,21464,723,642,3,645,6
2020-11-22,Contra Costa,013,1133247,23928,22407,144,22551,260
2020-11-22,Del Norte,015,27424,312,271,0,271,2
2020-11-22,El Dorado,017,186661,2488,1917,36,1953,4
2020-11-22,Fresno,019,978130,41251,36315,1230,37545,488
2020-11-22,Glenn,021,27897,939,832,34,866,4
2020-11-22,Humboldt,023,135768,874,729,2,731,9
2020-11-22,Imperial,025,180216,16032,15109,36,15145,355
2020-11-22,Inyo,027,18085,295,279,5,284,15
2020-11-22,Kern,029,883053,40253,37904,1053,38957,463
2020-11-22,Kings,031,150075,10923,10035,128,10163,85
2020-11-22,Lake,033,64148,943,834,0,834,18
2020-11-22,Lassen,035,31185,1928,1211,6,1217,0
2020-11-22,Los Angeles,037,10098052,383154,360341,5361,365702,7438
2020-11-22,Madera,039,155013,6297,5745,127,5872,56
2020-11-22,Marin,041,260295,7711,7506,28,7534,135
2020-11-22,Mariposa,043,17540,124,95,1,96,2
2020-11-22,Mendocino,045,87422,1460,1285,5,1290,22
2020-11-22,Merced,047,269075,11573,10939,97,11036,169
2020-11-22,Modoc,049,8938,103,87,19,106,0
2020-11-22,Mono,051,14174,505,481,10,491,2
2020-11-22,Monterey,053,433212,15017,13887,244,14131,111
2020-11-22,Napa,055,140530,3124,2778,17,2795,17
2020-11-22,Nevada,057,99092,1250,1052,32,1084,9
2020-11-22,Orange,059,3164182,77269,69913,2277,72190,1546
2020-11-22,Placer,061,380077,6958,5880,123,6003,66
2020-11-22,Plumas,063,18699,201,172,0,172,0
2020-11-22,Riverside,065,2383286,88850,81565,1590,83155,1409
2020-11-22,Sacramento,067,1510023,36340,33421,109,33530,555
2020-11-22,San Benito,069,59416,1807,1704,11,1715,15
2020-11-22,San Bernardino,071,2135413,92604,83505,1399,84904,1224
2020-11-22,San Diego,073,3302833,78805,71649,2811,74460,968
2020-11-22,San Francisco,075,870044,15263,14515,89,14604,153
2020-11-22,San Joaquin,077,732212,26196,24619,471,25090,517
2020-11-22,San Luis Obispo,079,281455,6277,5664,97,5761,34
2020-11-22,San Mateo,081,765935,14197,13228,15,13243,170
2020-11-22,Santa Barbara,083,443738,11390,10946,190,11136,137
2020-11-22,Santa Clara,085,1922200,34367,30633,77,30710,434
2020-11-22,Santa Cruz,087,273765,4454,3896,46,3942,25
2020-11-22,Shasta,089,179085,5131,4100,142,4242,43
2020-11-22,Sierra,091,2930,17,13,0,13,0
2020-11-22,Siskiyou,093,43540,591,411,28,439,0
2020-11-22,Solano,095,438530,10290,9363,57,9420,86
2020-11-22,Sonoma,097,501317,12130,11415,48,11463,159
2020-11-22,Stanislaus,099,539301,21523,20223,1294,21517,436
2020-11-22,Sutter,101,95872,3208,2677,10,2687,13
2020-11-22,Tehama,103,63373,1650,1457,17,1474,9
2020-11-22,Trinity,105,12862,254,114,22,136,0
2020-11-22,Tulare,107,460477,21248,19818,1218,21036,314
2020-11-22,Tuolumne,109,53932,1003,689,8,697,7
2020-11-22,Ventura,111,848112,19683,18105,604,18709,179
2020-11-22,Yolo,113,214977,4806,4206,15,4221,75
2020-11-22,Yuba,115,75493,1914,1672,7,1679,10
2020-11-21,Alameda,001,1643700,29276,27424,303,27727,444
2020-11-21,Alpine,002,1148,46,41,0,41,0
2020-11-21,Amador,005,37829,487,450,1,451,16
2020-11-21,Butte,007,227075,3983,3664,218,3882,61
2020-11-21,Calaveras,009,45235,465,434,0,434,21
2020-11-21,Colusa,011,21464,714,642,3,645,6
2020-11-21,Contra Costa,013,1133247,23774,22338,142,22480,260
2020-11-21,Del Norte,015,27424,307,271,0,271,2
2020-11-21,El Dorado,017,186661,2439,1900,35,1935,4
2020-11-21,Fresno,019,978130,40997,35973,1195,37168,482
2020-11-21,Glenn,021,27897,934,829,32,861,4
2020-11-21,Humboldt,023,135768,864,728,2,730,9
2020-11-21,Imperial,025,180216,15952,15053,36,15089,355
2020-11-21,Inyo,027,18085,293,283,5,288,15
2020-11-21,Kern,029,883053,39997,37403,1018,38421,463
2020-11-21,Kings,031,150075,10875,10019,124,10143,85
2020-11-21,Lake,033,64148,930,832,0,832,18
2020-11-21,Lassen,035,31185,1861,1211,6,1217,0
2020-11-21,Los Angeles,037,10098052,379968,357754,5222,362976,7428
2020-11-21,Madera,039,155013,6259,5706,127,5833,56
2020-11-21,Marin,041,260295,7687,7488,27,7515,134
2020-11-21,Mariposa,043,17540,124,92,1,93,2
2020-11-21,Mendocino,045,87422,1429,1282,5,1287,22
2020-11-21,Merced,047,269075,11512,10849,96,10945,169
2020-11-21,Modoc,049,8938,99,87,18,105,0
2020-11-21,Mono,051,14174,500,469,10,479,2
2020-11-21,Monterey,053,433212,14919,13886,239,14125,110
2020-11-21,Napa,055,140530,3090,2757,17,2774,17
2020-11-21,Nevada,057,99092,1238,1018,31,1049,9
2020-11-21,Orange,059,3164182,76465,69021,2247,71268,1543
2020-11-21,Placer,061,380077,6843,5778,120,5898,65
2020-11-21,Plumas,063,18699,196,172,0,172,0
2020-11-21,Riverside,065,2383286,88073,80676,1544,82220,1407
2020-11-21,Sacramento,067,1510023,35944,33133,101,33234,548
2020-11-21,San Benito,069,59416,1788,1691,11,1702,15
2020-11-21,San Bernardino,071,2135413,91727,83206,1323,84529,1222
2020-11-21,San Diego,073,3302833,78026,70711,2756,73467,966
2020-11-21,San Francisco,075,870044,15159,14445,88,14533,153
2020-11-21,San Joaquin,077,732212,26063,24620,456,25076,517
2020-11-21,San Luis Obispo,079,281455,6224,5618,94,5712,34
2020-11-21,San Mateo,081,765935,14096,13138,15,13153,170
2020-11-21,Santa Barbara,083,443738,11338,10922,187,11109,137
2020-11-21,Santa Clara,085,1922200,33983,30377,74,30451,433
2020-11-21,Santa Cruz,087,273765,4397,3898,46,3944,25
2020-11-21,Shasta,089,179085,5058,4095,139,4234,42
2020-11-21,Sierra,091,2930,17,13,0,13,0
2020-11-21,Siskiyou,093,43540,575,403,28,431,0
2020-11-21,Solano,095,438530,10200,9290,54,9344,86
2020-11-21,Sonoma,097,501317,12055,11394,47,11441,158
2020-11-21,Stanislaus,099,539301,21380,20111,1270,21381,435
2020-11-21,Sutter,101,95872,3148,2615,9,2624,13
2020-11-21,Tehama,103,63373,1630,1435,16,1451,9
2020-11-21,Trinity,105,12862,251,110,22,132,0
2020-11-21,Tulare,107,460477,21120,19752,1184,20936,313
2020-11-21,Tuolumne,109,53932,984,690,8,698,7
2020-11-21,Ventura,111,848112,19520,18040,594,18634,177
2020-11-21,Yolo,113,214977,4732,4147,14,4161,75
2020-11-21,Yuba,115,75493,1882,1643,7,1650,10
2020-11-20,Alameda,001,1643700,29062,27221,296,27517,444
2020-11-20,Alpine,002,1148,46,20,0,20,0
2020-11-20,Amador,005,37829,483,446,1,447,16
2020-11-20,Butte,007,227075,3950,3618,214,3832,60
2020-11-20,Calaveras,009,45235,455,424,0,424,21
2020-11-20,Colusa,011,21464,706,631,2,633,6
2020-11-20,Contra Costa,013,1133247,23589,22116,138,22254,260
2020-11-20,Del Norte,015,27424,304,264,0,264,2
2020-11-20,El Dorado,017,186661,2342,1868,33,1901,4
2020-11-20,Fresno,019,978130,40703,35635,1166,36801,480
2020-11-20,Glenn,021,27897,922,826,30,856,4
2020-11-20,Humboldt,023,135768,855,714,1,715,9
2020-11-20,Imperial,025,180216,15888,14864,32,14896,353
2020-11-20,Inyo,027,18085,291,262,5,267,15
2020-11-20,Kern,029,883053,39703,37143,993,38136,462
2020-11-20,Kings,031,150075,10827,9903,123,10026,85
2020-11-20,Lake,033,64148,921,820,0,820,18
2020-11-20,Lassen,035,31185,1776,1212,5,1217,0
2020-11-20,Los Angeles,037,10098052,376072,353554,5061,358615,7398
2020-11-20,Madera,039,155013,6165,5635,126,5761,54
2020-11-20,Marin,041,260295,7663,7467,26,7493,134
2020-11-20,Mariposa,043,17540,116,89,1,90,2
2020-11-20,Mendocino,045,87422,1409,1269,5,1274,22
2020-11-20,Merced,047,269075,11427,10729,96,10825,167
2020-11-20,Modoc,049,8938,99,83,18,101,0
2020-11-20,Mono,051,14174,498,469,10,479,2
2020-11-20,Monterey,053,433212,14794,13738,230,13968,110
2020-11-20,Napa,055,140530,3060,2718,17,2735,17
2020-11-20,Nevada,057,99092,1220,990,30,1020,9
2020-11-20,Orange,059,3164182,75629,68212,2210,70422,1532
2020-11-20,Placer,061,380077,6708,5687,105,5792,66
2020-11-20,Plumas,063,18699,194,163,0,163,0
2020-11-20,Riverside,065,2383286,87061,79613,1484,81097,1405
2020-11-20,Sacramento,067,1510023,35568,32832,94,32926,549
2020-11-20,San Benito,069,59416,1776,1668,11,1679,15
2020-11-20,San Bernardino,071,2135413,90357,81203,1241,82444,1220
2020-11-20,San Diego,073,3302833,77028,69233,2674,71907,960
2020-11-20,San Francisco,075,870044,15056,14327,87,14414,153
2020-11-20,San Joaquin,077,732212,25910,24460,443,24903,515
2020-11-20,San Luis Obispo,079,281455,6169,5524,91,5615,34
2020-11-20,San Mateo,081,765935,13963,12980,14,12994,169
2020-11-20,Santa Barbara,083,443738,11282,10825,181,11006,136
2020-11-20,Santa Clara,085,1922200,33562,30002,69,30071,431
2020-11-20,Santa Cruz,087,273765,4332,3815,46,3861,25
2020-11-20,Shasta,089,179085,4985,3861,134,3995,42
2020-11-20,Sierra,091,2930,17,12,0,12,0
2020-11-20,Siskiyou,093,43540,561,387,27,414,0
2020-11-20,Solano,095,438530,10107,9216,52,9268,85
2020-11-20,Sonoma,097,501317,11971,11316,46,11362,158
2020-11-20,Stanislaus,099,539301,21223,19889,1244,21133,433
2020-11-20,Sutter,101,95872,3098,2580,9,2589,13
2020-11-20,Tehama,103,63373,1613,1410,13,1423,9
2020-11-20,Trinity,105,12862,250,102,22,124,0
2020-11-20,Tulare,107,460477,20986,19568,1146,20714,311
2020-11-20,Tuolumne,109,53932,945,662,8,670,7
2020-11-20,Ventura,111,848112,19352,17741,567,18308,175
2020-11-20,Yolo,113,214977,4653,4081,13,4094,74
2020-11-20,Yuba,115,75493,1854,1611,7,1618,10
2020-11-19,Alameda,001,1643700,28716,26971,288,27259,441
2020-11-19,Alpine,002,1148,43,20,0,20,0
2020-11-19,Amador,005,37829,479,436,1,437,16
2020-11-19,Butte,007,227075,3901,3576,207,3783,60
2020-11-19,Calaveras,009,45235,444,417,0,417,21
2020-11-19,Colusa,011,21464,688,621,2,623,6
2020-11-19,Contra Costa,013,1133247,23318,21886,135,22021,259
2020-11-19,Del Norte,015,27424,296,251,0,251,2
2020-11-19,El Dorado,017,186661,2268,1825,29,1854,4
2020-11-19,Fresno,019,978130,40253,35278,1109,36387,478
2020-11-19,Glenn,021,27897,900,806,29,835,4
2020-11-19,Humboldt,023,135768,835,693,1,694,9
2020-11-19,Imperial,025,180216,15678,14507,32,14539,349
2020-11-19,Inyo,027,18085,289,262,5,267,15
2020-11-19,Kern,029,883053,39283,36779,951,37730,459
2020-11-19,Kings,031,150075,10679,9763,116,9879,85
2020-11-19,Lake,033,64148,907,809,0,809,18
2020-11-19,Lassen,035,31185,1659,1201,3,1204,0
2020-11-19,Los Angeles,037,10098052,371045,349493,4898,354391,7365
2020-11-19,Madera,039,155013,6093,5540,118,5658,54
2020-11-19,Marin,041,260295,7632,7451,26,7477,134
2020-11-19,Mariposa,043,17540,109,88,0,88,2
2020-11-19,Mendocino,045,87422,1388,1237,5,1242,23
2020-11-19,Merced,047,269075,11287,10634,90,10724,167
2020-11-19,Modoc,049,8938,96,82,18,100,0
2020-11-19,Mono,051,14174,490,468,10,478,2
2020-11-19,Monterey,053,433212,14580,13369,219,13588,108
2020-11-19,Napa,055,140530,3006,2641,17,2658,17
2020-11-19,Nevada,057,99092,1179,945,29,974,9
2020-11-19,Orange,059,3164182,74364,66998,2168,69166,1530
2020-11-19,Placer,061,380077,6517,5612,104,5716,65
2020-11-19,Plumas,063,18699,189,158,0,158,0
2020-11-19,Riverside,065,2383286,85578,78535,1413,79948,1402
2020-11-19,Sacramento,067,1510023,35054,32367,92,32459,546
2020-11-19,San Benito,069,59416,1753,1643,11,1654,15
2020-11-19,San Bernardino,071,2135413,88459,79244,1163,80407,1215
2020-11-19,San Diego,073,3302833,75778,68142,2570,70712,952
2020-11-19,San Francisco,075,870044,14900,14178,81,14259,153
2020-11-19,San Joaquin,077,732212,25591,24270,433,24703,516
2020-11-19,San Luis Obispo,079,281455,6092,5410,87,5497,34
2020-11-19,San Mateo,081,765935,13825,12714,14,12728,169
2020-11-19,Santa Barbara,083,443738,11202,10741,178,10919,136
2020-11-19,Santa Clara,085,1922200,33008,29630,68,29698,424
2020-11-19,Santa Cruz,087,273765,4240,3679,44,3723,25
2020-11-19,Shasta,089,179085,4847,3685,124,3809,42
2020-11-19,Sierra,091,2930,17,11,0,11,0
2020-11-19,Siskiyou,093,43540,536,360,26,386,0
2020-11-19,Solano,095,438530,9970,9093,48,9141,84
2020-11-19,Sonoma,097,501317,11801,11205,44,11249,156
2020-11-19,Stanislaus,099,539301,20982,19736,1201,20937,433
2020-11-19,Sutter,101,95872,2999,2509,9,2518,13
2020-11-19,Tehama,103,63373,1578,1373,10,1383,9
2020-11-19,Trinity,105,12862,244,97,22,119,0
2020-11-19,Tulare,107,460477,20765,19384,1083,20467,304
2020-11-19,Tuolumne,109,53932,914,602,8,610,7
2020-11-19,Ventura,111,848112,18999,17300,554,17854,174
2020-11-19,Yolo,113,214977,4559,3973,13,3986,72
2020-11-19,Yuba,115,75493,1814,1568,7,1575,10
2020-11-18,Alameda,001,1643700,28452,26610,283,26893,440
2020-11-18,Alpine,002,1148,42,16,0,16,0
2020-11-18,Amador,005,37829,474,430,1,431,16
2020-11-18,Butte,007,227075,3848,3537,194,3731,59
2020-11-18,Calaveras,009,45235,438,409,0,409,21
2020-11-18,Colusa,011,21464,675,611,2,613,6
2020-11-18,Contra Costa,013,1133247,23054,21685,132,21817,258
2020-11-18,Del Norte,015,27424,284,240,0,240,2
2020-11-18,El Dorado,017,186661,2180,1799,28,1827,4
2020-11-18,Fresno,019,978130,39815,34997,1060,36057,474
2020-11-18,Glenn,021,27897,883,803,27,830,4
2020-11-18,Humboldt,023,135768,820,690,1,691,9
2020-11-18,Imperial,025,180216,15452,14428,32,14460,348
2020-11-18,Inyo,027,18085,287,262,5,267,15
2020-11-18,Kern,029,883053,38893,36537,902,37439,456
2020-11-18,Kings,031,150075,10531,9696,113,9809,85
2020-11-18,Lake,033,64148,895,802,0,802,18
2020-11-18,Lassen,035,31185,1559,1124,3,1127,0
2020-11-18,Los Angeles,037,10098052,366167,344675,4722,349397,7338
2020-11-18,Madera,039,155013,6006,5519,106,5625,54
2020-11-18,Marin,041,260295,7608,7435,26,7461,134
2020-11-18,Mariposa,043,17540,106,88,0,88,2
2020-11-18,Mendocino,045,87422,1368,1237,5,1242,23
2020-11-18,Merced,047,269075,11171,10536,89,10625,166
2020-11-18,Modoc,049,8938,93,77,18,95,0
2020-11-18,Mono,051,14174,485,468,10,478,2
2020-11-18,Monterey,053,433212,14385,13340,205,13545,108
2020-11-18,Napa,055,140530,2961,2607,17,2624,17
2020-11-18,Nevada,057,99092,1139,933,27,960,9
2020-11-18,Orange,059,3164182,73269,66381,2143,68524,1521
2020-11-18,Placer,061,380077,6339,5543,99,5642,64
2020-11-18,Plumas,063,18699,184,143,0,143,0
2020-11-18,Riverside,065,2383286,84115,77739,1312,79051,1387
2020-11-18,Sacramento,067,1510023,34429,31816,84,31900,541
2020-11-18,San Benito,069,59416,1728,1632,10,1642,15
2020-11-18,San Bernardino,071,2135413,86700,77400,1084,78484,1206
2020-11-18,San Diego,073,3302833,74484,67243,2510,69753,945
2020-11-18,San Francisco,075,870044,14756,14057,79,14136,153
2020-11-18,San Joaquin,077,732212,25329,24146,419,24565,517
2020-11-18,San Luis Obispo,079,281455,6016,5322,86,5408,34
2020-11-18,San Mateo,081,765935,13672,12631,13,12644,169
2020-11-18,Santa Barbara,083,443738,11123,10684,171,10855,136
2020-11-18,Santa Clara,085,1922200,32542,29285,64,29349,421
2020-11-18,Santa Cruz,087,273765,4151,3618,42,3660,25
2020-11-18,Shasta,089,179085,4714,3547,120,3667,42
2020-11-18,Sierra,091,2930,17,11,0,11,0
2020-11-18,Siskiyou,093,43540,504,351,25,376,0
2020-11-18,Solano,095,438530,9838,8994,46,9040,84
2020-11-18,Sonoma,097,501317,11695,11129,41,11170,155
2020-11-18,Stanislaus,099,539301,20740,19609,1177,20786,431
2020-11-18,Sutter,101,95872,2881,2442,9,2451,13
2020-11-18,Tehama,103,63373,1540,1338,10,1348,8
2020-11-18,Trinity,105,12862,230,95,21,116,0
2020-11-18,Tulare,107,460477,20554,19286,1032,20318,306
2020-11-18,Tuolumne,109,53932,879,590,8,598,7
2020-11-18,Ventura,111,848112,18674,17169,539,17708,173
2020-11-18,Yolo,113,214977,4486,3929,13,3942,71
2020-11-18,Yuba,115,75493,1760,1540,7,1547,10
2020-11-17,Alameda,001,1643700,28124,26425,272,26697,439
2020-11-17,Alpine,002,1148,40,12,0,12,0
2020-11-17,Amador,005,37829,463,423,1,424,16
2020-11-17,Butte,007,227075,3806,3500,183,3683,59
2020-11-17,Calaveras,009,45235,421,405,0,405,21
2020-11-17,Colusa,011,21464,664,606,1,607,6
2020-11-17,Contra Costa,013,1133247,22783,21557,127,21684,256
2020-11-17,Del Norte,015,27424,278,233,0,233,2
2020-11-17,El Dorado,017,186661,2121,1758,28,1786,4
2020-11-17,Fresno,019,978130,39216,34765,1001,35766,472
2020-11-17,Glenn,021,27897,872,795,26,821,4
2020-11-17,Humboldt,023,135768,798,685,1,686,9
2020-11-17,Imperial,025,180216,15214,14204,30,14234,346
2020-11-17,Inyo,027,18085,286,263,5,268,15
2020-11-17,Kern,029,883053,38444,36164,849,37013,455
2020-11-17,Kings,031,150075,10458,9653,105,9758,85
2020-11-17,Lake,033,64148,875,792,0,792,18
2020-11-17,Lassen,035,31185,1480,1124,3,1127,0
2020-11-17,Los Angeles,037,10098052,361215,340933,4565,345498,7302
2020-11-17,Madera,039,155013,5918,5485,99,5584,54
2020-11-17,Marin,041,260295,7577,7404,25,7429,134
2020-11-17,Mariposa,043,17540,103,87,0,87,2
2020-11-17,Mendocino,045,87422,1347,1216,5,1221,23
2020-11-17,Merced,047,269075,11027,10457,84,10541,162
2020-11-17,Modoc,049,8938,87,71,17,88,0
2020-11-17,Mono,051,14174,480,459,10,469,2
2020-11-17,Monterey,053,433212,14156,13220,195,13415,108
2020-11-17,Napa,055,140530,2907,2568,17,2585,17
2020-11-17,Nevada,057,99092,1098,918,26,944,9
2020-11-17,Orange,059,3164182,72118,65757,2117,67874,1519
2020-11-17,Placer,061,380077,6177,5435,93,5528,63
2020-11-17,Plumas,063,18699,176,142,0,142,0
2020-11-17,Riverside,065,2383286,82729,77079,1221,78300,1379
2020-11-17,Sacramento,067,1510023,33831,31341,80,31421,538
2020-11-17,San Benito,069,59416,1712,1611,4,1615,15
2020-11-17,San Bernardino,071,2135413,84891,76134,995,77129,1188
2020-11-17,San Diego,073,3302833,73231,66321,2454,68775,933
2020-11-17,San Francisco,075,870044,14591,13952,78,14030,153
2020-11-17,San Joaquin,077,732212,25053,23997,399,24396,516
2020-11-17,San Luis Obispo,079,281455,5920,5235,86,5321,34
2020-11-17,San Mateo,081,765935,13512,12491,12,12503,169
2020-11-17,Santa Barbara,083,443738,11038,10597,166,10763,136
2020-11-17,Santa Clara,085,1922200,31994,29013,63,29076,419
2020-11-17,Santa Cruz,087,273765,4065,3548,39,3587,25
2020-11-17,Shasta,089,179085,4556,3457,108,3565,40
2020-11-17,Sierra,091,2930,15,11,0,11,0
2020-11-17,Siskiyou,093,43540,456,333,24,357,0
2020-11-17,Solano,095,438530,9693,8905,45,8950,84
2020-11-17,Sonoma,097,501317,11561,11084,40,11124,155
2020-11-17,Stanislaus,099,539301,20517,19466,1150,20616,425
2020-11-17,Sutter,101,95872,2798,2370,8,2378,12
2020-11-17,Tehama,103,63373,1487,1290,10,1300,7
2020-11-17,Trinity,105,12862,213,83,21,104,0
2020-11-17,Tulare,107,460477,20326,19176,971,20147,305
2020-11-17,Tuolumne,109,53932,840,568,8,576,7
2020-11-17,Ventura,111,848112,18402,16797,521,17318,173
2020-11-17,Yolo,113,214977,4310,3887,12,3899,70
2020-11-17,Yuba,115,75493,1712,1519,7,1526,10
2020-11-16,Alameda,001,1643700,27777,26063,267,26330,436
2020-11-16,Alpine,002,1148,37,12,0,12,0
2020-11-16,Amador,005,37829,455,414,1,415,16
2020-11-16,Butte,007,227075,3767,3490,175,3665,58
2020-11-16,Calaveras,009,45235,413,402,0,402,21
2020-11-16,Colusa,011,21464,655,601,1,602,6
2020-11-16,Contra Costa,013,1133247,22517,21386,122,21508,256
2020-11-16,Del Norte,015,27424,271,225,0,225,2
2020-11-16,El Dorado,017,186661,2061,1694,26,1720,4
2020-11-16,Fresno,019,978130,38726,34593,949,35542,471
2020-11-16,Glenn,021,27897,860,786,25,811,4
2020-11-16,Humboldt,023,135768,782,660,1,661,9
2020-11-16,Imperial,025,180216,14966,14111,30,14141,346
2020-11-16,Inyo,027,18085,283,263,5,268,15
2020-11-16,Kern,029,883053,38049,36049,807,36856,455
2020-11-16,Kings,031,150075,10191,9569,101,9670,85
2020-11-16,Lake,033,64148,864,784,0,784,18
2020-11-16,Lassen,035,31185,1299,1124,3,1127,0
2020-11-16,Los Angeles,037,10098052,356459,338778,4397,343175,7277
2020-11-16,Madera,039,155013,5833,5433,93,5526,54
2020-11-16,Marin,041,260295,7546,7359,24,7383,134
2020-11-16,Mariposa,043,17540,100,86,0,86,2
2020-11-16,Mendocino,045,87422,1322,1209,5,1214,23
2020-11-16,Merced,047,269075,10888,10399,81,10480,162
2020-11-16,Modoc,049,8938,85,71,17,88,0
2020-11-16,Mono,051,14174,478,453,10,463,2
2020-11-16,Monterey,053,433212,13910,13089,185,13274,107
2020-11-16,Napa,055,140530,2833,2536,17,2553,17
2020-11-16,Nevada,057,99092,1055,889,24,913,9
2020-11-16,Orange,059,3164182,71023,65396,2103,67499,1519
2020-11-16,Placer,061,380077,6058,5387,85,5472,63
2020-11-16,Plumas,063,18699,169,127,0,127,0
2020-11-16,Riverside,065,2383286,81354,76449,1157,77606,1379
2020-11-16,Sacramento,067,1510023,33193,30954,73,31027,534
2020-11-16,San Benito,069,59416,1694,1603,3,1606,15
2020-11-16,San Bernardino,071,2135413,83065,74401,929,75330,1186
2020-11-16,San Diego,073,3302833,71920,65603,2382,67985,926
2020-11-16,San Francisco,075,870044,14433,13847,76,13923,153
2020-11-16,San Joaquin,077,732212,24765,23515,389,23904,513
2020-11-16,San Luis Obispo,079,281455,5817,5161,82,5243,34
2020-11-16,San Mateo,081,765935,13352,12398,12,12410,169
2020-11-16,Santa Barbara,083,443738,10973,10565,162,10727,135
2020-11-16,Santa Clara,085,1922200,31432,28673,62,28735,419
2020-11-16,Santa Cruz,087,273765,3992,3520,39,3559,25
2020-11-16,Shasta,089,179085,4408,3284,103,3387,37
2020-11-16,Sierra,091,2930,15,11,0,11,0
2020-11-16,Siskiyou,093,43540,429,294,24,318,0
2020-11-16,Solano,095,438530,9494,8827,45,8872,84
2020-11-16,Sonoma,097,501317,11470,10961,39,11000,155
2020-11-16,Stanislaus,099,539301,20280,19333,1123,20456,425
2020-11-16,Sutter,101,95872,2692,2322,8,2330,12
2020-11-16,Tehama,103,63373,1442,1261,7,1268,7
2020-11-16,Trinity,105,12862,201,67,21,88,0
2020-11-16,Tulare,107,460477,20148,18891,918,19809,305
2020-11-16,Tuolumne,109,53932,803,543,8,551,7
2020-11-16,Ventura,111,848112,18064,16691,513,17204,172
2020-11-16,Yolo,113,214977,4215,3858,12,3870,70
2020-11-16,Yuba,115,75493,1676,1500,6,1506,10
2020-11-15,Alameda,001,1643700,27460,25879,262,26141,436
2020-11-15,Alpine,002,1148,35,12,0,12,0
2020-11-15,Amador,005,37829,443,409,1,410,16
2020-11-15,Butte,007,227075,3713,3452,166,3618,58
2020-11-15,Calaveras,009,45235,398,386,0,386,21
2020-11-15,Colusa,011,21464,646,601,1,602,6
2020-11-15,Contra Costa,013,1133247,22219,21179,121,21300,256
2020-11-15,Del Norte,015,27424,257,224,0,224,2
2020-11-15,El Dorado,017,186661,1999,1683,25,1708,4
2020-11-15,Fresno,019,978130,38214,34297,911,35208,471
2020-11-15,Glenn,021,27897,848,783,24,807,4
2020-11-15,Humboldt,023,135768,754,653,1,654,9
2020-11-15,Imperial,025,180216,14731,13940,30,13970,346
2020-11-15,Inyo,027,18085,273,263,5,268,15
2020-11-15,Kern,029,883053,37643,35911,772,36683,455
2020-11-15,Kings,031,150075,9998,9533,98,9631,85
2020-11-15,Lake,033,64148,854,777,0,777,17
2020-11-15,Lassen,035,31185,1252,1124,3,1127,0
2020-11-15,Los Angeles,037,10098052,351410,336035,4230,340265,7271
2020-11-15,Madera,039,155013,5735,5391,87,5478,54
2020-11-15,Marin,041,260295,7519,7347,24,7371,133
2020-11-15,Mariposa,043,17540,97,86,0,86,2
2020-11-15,Mendocino,045,87422,1303,1197,5,1202,22
2020-11-15,Merced,047,269075,10755,10350,81,10431,162
2020-11-15,Modoc,049,8938,84,68,17,85,0
2020-11-15,Mono,051,14174,476,453,10,463,2
2020-11-15,Monterey,053,433212,13714,12999,172,13171,107
2020-11-15,Napa,055,140530,2774,2509,15,2524,17
2020-11-15,Nevada,057,99092,999,859,24,883,9
2020-11-15,Orange,059,3164182,69979,65008,2087,67095,1519
2020-11-15,Placer,061,380077,5903,5330,77,5407,63
2020-11-15,Plumas,063,18699,163,127,0,127,0
2020-11-15,Riverside,065,2383286,80032,75531,1099,76630,1374
2020-11-15,Sacramento,067,1510023,32567,30601,68,30669,534
2020-11-15,San Benito,069,59416,1669,1589,2,1591,15
2020-11-15,San Bernardino,071,2135413,80916,73769,854,74623,1185
2020-11-15,San Diego,073,3302833,70419,64770,2325,67095,926
2020-11-15,San Francisco,075,870044,14257,13757,75,13832,153
2020-11-15,San Joaquin,077,732212,24555,23516,374,23890,513
2020-11-15,San Luis Obispo,079,281455,5696,5120,80,5200,34
2020-11-15,San Mateo,081,765935,13175,12348,12,12360,169
2020-11-15,Santa Barbara,083,443738,10878,10516,160,10676,135
2020-11-15,Santa Clara,085,1922200,30974,28289,61,28350,418
2020-11-15,Santa Cruz,087,273765,3851,3439,38,3477,25
2020-11-15,Shasta,089,179085,4235,3290,94,3384,37
2020-11-15,Sierra,091,2930,15,11,0,11,0
2020-11-15,Siskiyou,093,43540,410,294,24,318,0
2020-11-15,Solano,095,438530,9333,8713,42,8755,84
2020-11-15,Sonoma,097,501317,11351,10833,38,10871,154
2020-11-15,Stanislaus,099,539301,20006,19228,1098,20326,425
2020-11-15,Sutter,101,95872,2602,2230,8,2238,12
2020-11-15,Tehama,103,63373,1391,1222,6,1228,7
2020-11-15,Trinity,105,12862,191,67,19,86,0
2020-11-15,Tulare,107,460477,19931,18891,866,19757,305
2020-11-15,Tuolumne,109,53932,761,486,8,494,7
2020-11-15,Ventura,111,848112,17790,16564,505,17069,172
2020-11-15,Yolo,113,214977,4112,3819,12,3831,67
2020-11-15,Yuba,115,75493,1635,1470,5,1475,10
2020-11-14,Alameda,001,1643700,27193,25714,260,25974,435
2020-11-14,Alpine,002,1148,35,12,0,12,0
2020-11-14,Amador,005,37829,434,404,0,404,16
2020-11-14,Butte,007,227075,3677,3434,153,3587,58
2020-11-14,Calaveras,009,45235,397,386,0,386,21
2020-11-14,Colusa,011,21464,634,601,1,602,6
2020-11-14,Contra Costa,013,1133247,22077,20975,114,21089,256
2020-11-14,Del Norte,015,27424,250,219,0,219,2
2020-11-14,El Dorado,017,186661,1955,1648,25,1673,4
2020-11-14,Fresno,019,978130,37964,33969,875,34844,471
2020-11-14,Glenn,021,27897,839,772,21,793,3
2020-11-14,Humboldt,023,135768,739,643,1,644,9
2020-11-14,Imperial,025,180216,14638,13932,29,13961,346
2020-11-14,Inyo,027,18085,272,263,5,268,15
2020-11-14,Kern,029,883053,37433,35626,753,36379,454
2020-11-14,Kings,031,150075,9963,9490,95,9585,85
2020-11-14,Lake,033,64148,845,773,0,773,17
2020-11-14,Lassen,035,31185,1238,833,3,836,0
2020-11-14,Los Angeles,037,10098052,348700,333021,4124,337145,7269
2020-11-14,Madera,039,155013,5704,5371,85,5456,54
2020-11-14,Marin,041,260295,7501,7325,24,7349,133
2020-11-14,Mariposa,043,17540,96,86,0,86,2
2020-11-14,Mendocino,045,87422,1287,1181,5,1186,22
2020-11-14,Merced,047,269075,10699,10286,79,10365,161
2020-11-14,Modoc,049,8938,83,64,16,80,0
2020-11-14,Mono,051,14174,476,453,10,463,2
2020-11-14,Monterey,053,433212,13618,12854,162,13016,105
2020-11-14,Napa,055,140530,2740,2473,15,2488,17
2020-11-14,Nevada,057,99092,983,835,24,859,9
2020-11-14,Orange,059,3164182,69356,64340,2076,66416,1517
2020-11-14,Placer,061,380077,5827,5215,71,5286,63
2020-11-14,Plumas,063,18699,158,128,0,128,0
2020-11-14,Riverside,065,2383286,79292,74910,1060,75970,1373
2020-11-14,Sacramento,067,1510023,32241,30298,68,30366,532
2020-11-14,San Benito,069,59416,1654,1573,2,1575,15
2020-11-14,San Bernardino,071,2135413,79981,72868,823,73691,1184
2020-11-14,San Diego,073,3302833,69654,63715,2273,65988,926
2020-11-14,San Francisco,075,870044,14170,13661,74,13735,153
2020-11-14,San Joaquin,077,732212,24462,23516,367,23883,511
2020-11-14,San Luis Obispo,079,281455,5633,5073,75,5148,34
2020-11-14,San Mateo,081,765935,13067,12293,12,12305,169
2020-11-14,Santa Barbara,083,443738,10824,10482,158,10640,135
2020-11-14,Santa Clara,085,1922200,30689,27962,59,28021,416
2020-11-14,Santa Cruz,087,273765,3796,3402,38,3440,25
2020-11-14,Shasta,089,179085,4154,3195,92,3287,37
2020-11-14,Sierra,091,2930,15,11,0,11,0
2020-11-14,Siskiyou,093,43540,397,292,24,316,0
2020-11-14,Solano,095,438530,9254,8655,42,8697,84
2020-11-14,Sonoma,097,501317,11298,10769,38,10807,154
2020-11-14,Stanislaus,099,539301,19863,19068,1076,20144,424
2020-11-14,Sutter,101,95872,2557,2182,8,2190,12
2020-11-14,Tehama,103,63373,1369,1206,5,1211,7
2020-11-14,Trinity,105,12862,186,67,19,86,0
2020-11-14,Tulare,107,460477,19838,18853,838,19691,305
2020-11-14,Tuolumne,109,53932,733,448,8,456,7
2020-11-14,Ventura,111,848112,17644,16297,494,16791,172
2020-11-14,Yolo,113,214977,4068,3765,10,3775,65
2020-11-14,Yuba,115,75493,1606,1453,5,1458,10
2020-11-13,Alameda,001,1643700,26977,25515,255,25770,434
2020-11-13,Alpine,002,1148,35,12,0,12,0
2020-11-13,Amador,005,37829,431,397,0,397,16
2020-11-13,Butte,007,227075,3653,3402,144,3546,58
2020-11-13,Calaveras,009,45235,393,378,0,378,21
2020-11-13,Colusa,011,21464,626,598,1,599,6
2020-11-13,Contra Costa,013,1133247,21903,20799,114,20913,256
2020-11-13,Del Norte,015,27424,247,208,0,208,2
2020-11-13,El Dorado,017,186661,1910,1611,24,1635,4
2020-11-13,Fresno,019,978130,37718,33693,861,34554,470
2020-11-13,Glenn,021,27897,825,755,17,772,3
2020-11-13,Humboldt,023,135768,724,638,1,639,9
2020-11-13,Imperial,025,180216,14567,13790,28,13818,341
2020-11-13,Inyo,027,18085,271,262,5,267,15
2020-11-13,Kern,029,883053,37231,35431,736,36167,453
2020-11-13,Kings,031,150075,9904,9428,94,9522,85
2020-11-13,Lake,033,64148,839,770,0,770,17
2020-11-13,Lassen,035,31185,1229,832,3,835,0
2020-11-13,Los Angeles,037,10098052,345571,329364,4022,333386,7248
2020-11-13,Madera,039,155013,5664,5340,84,5424,54
2020-11-13,Marin,041,260295,7487,7307,23,7330,133
2020-11-13,Mariposa,043,17540,94,86,0,86,2
2020-11-13,Mendocino,045,87422,1275,1173,5,1178,22
2020-11-13,Merced,047,269075,10643,10185,76,10261,159
2020-11-13,Modoc,049,8938,83,63,14,77,0
2020-11-13,Mono,051,14174,476,448,9,457,2
2020-11-13,Monterey,053,433212,13423,12681,150,12831,104
2020-11-13,Napa,055,140530,2701,2440,15,2455,17
2020-11-13,Nevada,057,99092,964,798,24,822,9
2020-11-13,Orange,059,3164182,68756,63804,2056,65860,1514
2020-11-13,Placer,061,380077,5722,5122,65,5187,63
2020-11-13,Plumas,063,18699,152,125,0,125,0
2020-11-13,Riverside,065,2383286,78554,74138,1031,75169,1372
2020-11-13,Sacramento,067,1510023,31922,29787,64,29851,524
2020-11-13,San Benito,069,59416,1642,1553,1,1554,15
2020-11-13,San Bernardino,071,2135413,78933,71895,802,72697,1184
2020-11-13,San Diego,073,3302833,68807,62978,2235,65213,921
2020-11-13,San Francisco,075,870044,14077,13516,72,13588,146
2020-11-13,San Joaquin,077,732212,24367,23314,361,23675,510
2020-11-13,San Luis Obispo,079,281455,5566,4960,72,5032,34
2020-11-13,San Mateo,081,765935,12974,12182,12,12194,169
2020-11-13,Santa Barbara,083,443738,10772,10405,156,10561,134
2020-11-13,Santa Clara,085,1922200,30361,27609,57,27666,415
2020-11-13,Santa Cruz,087,273765,3722,3343,38,3381,25
2020-11-13,Shasta,089,179085,4070,2983,88,3071,37
2020-11-13,Sierra,091,2930,15,11,0,11,0
2020-11-13,Siskiyou,093,43540,392,280,23,303,0
2020-11-13,Solano,095,438530,9164,8525,42,8567,84
2020-11-13,Sonoma,097,501317,11237,10685,36,10721,151
2020-11-13,Stanislaus,099,539301,19737,18936,1049,19985,422
2020-11-13,Sutter,101,95872,2511,2121,7,2128,12
2020-11-13,Tehama,103,63373,1342,1167,5,1172,7
2020-11-13,Trinity,105,12862,184,64,19,83,0
2020-11-13,Tulare,107,460477,19712,18714,798,19512,305
2020-11-13,Tuolumne,109,53932,700,427,8,435,7
2020-11-13,Ventura,111,848112,17498,16172,480,16652,171
2020-11-13,Yolo,113,214977,4017,3716,10,3726,65
2020-11-13,Yuba,115,75493,1579,1435,5,1440,10
2020-11-12,Alameda,001,1643700,26710,25345,255,25600,432
2020-11-12,Alpine,002,1148,34,12,0,12,0
2020-11-12,Amador,005,37829,430,392,0,392,16
2020-11-12,Butte,007,227075,3604,3347,141,3488,58
2020-11-12,Calaveras,009,45235,388,373,0,373,21
2020-11-12,Colusa,011,21464,621,591,1,592,6
2020-11-12,Contra Costa,013,1133247,21694,20619,113,20732,255
2020-11-12,Del Norte,015,27424,239,203,0,203,2
2020-11-12,El Dorado,017,186661,1864,1573,20,1593,4
2020-11-12,Fresno,019,978130,37369,33459,820,34279,468
2020-11-12,Glenn,021,27897,806,727,17,744,3
2020-11-12,Humboldt,023,135768,711,625,1,626,9
2020-11-12,Imperial,025,180216,14402,13619,28,13647,341
2020-11-12,Inyo,027,18085,270,255,5,260,15
2020-11-12,Kern,029,883053,36967,35207,722,35929,451
2020-11-12,Kings,031,150075,9837,9335,93,9428,85
2020-11-12,Lake,033,64148,830,764,0,764,17
2020-11-12,Lassen,035,31185,1160,832,2,834,0
2020-11-12,Los Angeles,037,10098052,341827,327001,3924,330925,7223
2020-11-12,Madera,039,155013,5629,5273,80,5353,54
2020-11-12,Marin,041,260295,7458,7268,23,7291,133
2020-11-12,Mariposa,043,17540,92,84,0,84,2
2020-11-12,Mendocino,045,87422,1256,1142,5,1147,22
2020-11-12,Merced,047,269075,10529,10107,73,10180,158
2020-11-12,Modoc,049,8938,83,63,14,77,0
2020-11-12,Mono,051,14174,475,442,9,451,2
2020-11-12,Monterey,053,433212,13302,12489,136,12625,100
2020-11-12,Napa,055,140530,2639,2398,15,2413,16
2020-11-12,Nevada,057,99092,942,780,23,803,9
2020-11-12,Orange,059,3164182,68012,63232,2037,65269,1514
2020-11-12,Placer,061,380077,5613,5044,56,5100,62
2020-11-12,Plumas,063,18699,148,121,0,121,0
2020-11-12,Riverside,065,2383286,77623,73381,988,74369,1362
2020-11-12,Sacramento,067,1510023,31431,29459,56,29515,520
2020-11-12,San Benito,069,59416,1622,1525,1,1526,15
2020-11-12,San Bernardino,071,2135413,77567,70758,763,71521,1183
2020-11-12,San Diego,073,3302833,67827,62336,2184,64520,918
2020-11-12,San Francisco,075,870044,13978,13289,71,13360,146
2020-11-12,San Joaquin,077,732212,24173,23002,340,23342,509
2020-11-12,San Luis Obispo,079,281455,5502,4898,71,4969,33
2020-11-12,San Mateo,081,765935,12849,12086,11,12097,169
2020-11-12,Santa Barbara,083,443738,10710,10325,151,10476,134
2020-11-12,Santa Clara,085,1922200,29984,27261,56,27317,414
2020-11-12,Santa Cruz,087,273765,3639,3317,36,3353,25
2020-11-12,Shasta,089,179085,3933,2825,77,2902,37
2020-11-12,Sierra,091,2930,15,11,0,11,0
2020-11-12,Siskiyou,093,43540,375,275,19,294,0
2020-11-12,Solano,095,438530,9064,8417,41,8458,85
2020-11-12,Sonoma,097,501317,11135,10602,35,10637,151
2020-11-12,Stanislaus,099,539301,19567,18787,1020,19807,422
2020-11-12,Sutter,101,95872,2428,2075,6,2081,12
2020-11-12,Tehama,103,63373,1314,1117,5,1122,7
2020-11-12,Trinity,105,12862,176,62,18,80,0
2020-11-12,Tulare,107,460477,19599,18545,760,19305,305
2020-11-12,Tuolumne,109,53932,661,353,8,361,7
2020-11-12,Ventura,111,848112,17248,16013,474,16487,158
2020-11-12,Yolo,113,214977,3974,3646,10,3656,63
2020-11-12,Yuba,115,75493,1544,1410,5,1415,10
2020-11-11,Alameda,001,1643700,26466,25140,253,25393,429
2020-11-11,Alpine,002,1148,29,12,0,12,0
2020-11-11,Amador,005,37829,423,389,0,389,16
2020-11-11,Butte,007,227075,3578,3348,126,3474,58
2020-11-11,Calaveras,009,45235,378,373,0,373,21
2020-11-11,Colusa,011,21464,615,591,1,592,6
2020-11-11,Contra Costa,013,1133247,21477,20452,111,20563,255
2020-11-11,Del Norte,015,27424,231,203,0,203,2
2020-11-11,El Dorado,017,186661,1818,1564,19,1583,4
2020-11-11,Fresno,019,978130,37051,33287,785,34072,468
2020-11-11,Glenn,021,27897,790,722,16,738,3
2020-11-11,Humboldt,023,135768,697,623,1,624,9
2020-11-11,Imperial,025,180216,14232,13623,26,13649,340
2020-11-11,Inyo,027,18085,268,255,5,260,15
2020-11-11,Kern,029,883053,36692,35014,705,35719,449
2020-11-11,Kings,031,150075,9731,9263,90,9353,85
2020-11-11,Lake,033,64148,819,763,0,763,17
2020-11-11,Lassen,035,31185,1135,831,2,833,0
2020-11-11,Los Angeles,037,10098052,338457,324567,3842,328409,7220
2020-11-11,Madera,039,155013,5595,5248,79,5327,54
2020-11-11,Marin,041,260295,7436,7268,23,7291,133
2020-11-11,Mariposa,043,17540,92,84,0,84,2
2020-11-11,Mendocino,045,87422,1244,1142,5,1147,22
2020-11-11,Merced,047,269075,10458,10074,71,10145,157
2020-11-11,Modoc,049,8938,79,62,13,75,0
2020-11-11,Mono,051,14174,473,443,9,452,2
2020-11-11,Monterey,053,433212,13159,12417,132,12549,100
2020-11-11,Napa,055,140530,2590,2365,13,2378,15
2020-11-11,Nevada,057,99092,900,741,23,764,9
2020-11-11,Orange,059,3164182,67374,62929,2013,64942,1506
2020-11-11,Placer,061,380077,5529,4981,48,5029,60
2020-11-11,Plumas,063,18699,146,111,0,111,0
2020-11-11,Riverside,065,2383286,76721,72953,942,73895,1361
2020-11-11,Sacramento,067,1510023,30974,28968,54,29022,520
2020-11-11,San Benito,069,59416,1608,1512,1,1513,15
2020-11-11,San Bernardino,071,2135413,76281,70374,737,71111,1182
2020-11-11,San Diego,073,3302833,66892,61746,2123,63869,918
2020-11-11,San Francisco,075,870044,13871,13287,70,13357,146
2020-11-11,San Joaquin,077,732212,24013,23001,335,23336,509
2020-11-11,San Luis Obispo,079,281455,5427,4832,68,4900,33
2020-11-11,San Mateo,081,765935,12735,12008,11,12019,169
2020-11-11,Santa Barbara,083,443738,10644,10278,151,10429,134
2020-11-11,Santa Clara,085,1922200,29633,27075,55,27130,413
2020-11-11,Santa Cruz,087,273765,3571,3247,36,3283,25
2020-11-11,Shasta,089,179085,3810,2766,67,2833,36
2020-11-11,Sierra,091,2930,13,11,0,11,0
2020-11-11,Siskiyou,093,43540,344,261,16,277,0
2020-11-11,Solano,095,438530,8945,8353,39,8392,85
2020-11-11,Sonoma,097,501317,11061,10498,35,10533,150
2020-11-11,Stanislaus,099,539301,19430,18671,990,19661,422
2020-11-11,Sutter,101,95872,2380,2049,5,2054,12
2020-11-11,Tehama,103,63373,1270,1105,4,1109,7
2020-11-11,Trinity,105,12862,165,62,18,80,0
2020-11-11,Tulare,107,460477,19469,18500,730,19230,305
2020-11-11,Tuolumne,109,53932,608,354,7,361,7
2020-11-11,Ventura,111,848112,17033,15801,461,16262,158
2020-11-11,Yolo,113,214977,3923,3606,10,3616,63
2020-11-11,Yuba,115,75493,1529,1400,5,1405,10
2020-11-10,Alameda,001,1643700,26236,25008,250,25258,424
2020-11-10,Alpine,002,1148,29,9,0,9,0
2020-11-10,Amador,005,37829,417,384,0,384,16
2020-11-10,Butte,007,227075,3542,3327,122,3449,58
2020-11-10,Calaveras,009,45235,374,367,0,367,21
2020-11-10,Colusa,011,21464,607,590,1,591,6
2020-11-10,Contra Costa,013,1133247,21271,20326,109,20435,255
2020-11-10,Del Norte,015,27424,225,196,0,196,2
2020-11-10,El Dorado,017,186661,1758,1551,19,1570,4
2020-11-10,Fresno,019,978130,36780,33024,749,33773,465
2020-11-10,Glenn,021,27897,782,719,12,731,3
2020-11-10,Humboldt,023,135768,680,610,1,611,9
2020-11-10,Imperial,025,180216,14102,13570,26,13596,338
2020-11-10,Inyo,027,18085,267,252,5,257,14
2020-11-10,Kern,029,883053,36416,34858,686,35544,448
2020-11-10,Kings,031,150075,9684,9236,83,9319,85
2020-11-10,Lake,033,64148,809,762,0,762,16
2020-11-10,Lassen,035,31185,1120,830,2,832,0
2020-11-10,Los Angeles,037,10098052,335206,322569,3727,326296,7205
2020-11-10,Madera,039,155013,5553,5229,73,5302,54
2020-11-10,Marin,041,260295,7417,7259,23,7282,133
2020-11-10,Mariposa,043,17540,90,84,0,84,2
2020-11-10,Mendocino,045,87422,1236,1137,5,1142,22
2020-11-10,Merced,047,269075,10396,9992,65,10057,157
2020-11-10,Modoc,049,8938,77,61,13,74,0
2020-11-10,Mono,051,14174,471,443,9,452,2
2020-11-10,Monterey,053,433212,13024,12335,124,12459,100
2020-11-10,Napa,055,140530,2552,2341,11,2352,15
2020-11-10,Nevada,057,99092,884,734,23,757,9
2020-11-10,Orange,059,3164182,66820,62597,2003,64600,1504
2020-11-10,Placer,061,380077,5449,4902,47,4949,60
2020-11-10,Plumas,063,18699,142,108,0,108,0
2020-11-10,Riverside,065,2383286,76079,72316,917,73233,1359
2020-11-10,Sacramento,067,1510023,30568,28677,51,28728,519
2020-11-10,San Benito,069,59416,1593,1508,1,1509,15
2020-11-10,San Bernardino,071,2135413,75112,69666,704,70370,1182
2020-11-10,San Diego,073,3302833,66001,61085,2086,63171,915
2020-11-10,San Francisco,075,870044,13755,13210,70,13280,146
2020-11-10,San Joaquin,077,732212,23848,22865,328,23193,508
2020-11-10,San Luis Obispo,079,281455,5364,4780,65,4845,33
2020-11-10,San Mateo,081,765935,12635,11939,11,11950,169
2020-11-10,Santa Barbara,083,443738,10577,10252,147,10399,134
2020-11-10,Santa Clara,085,1922200,29285,26917,54,26971,409
2020-11-10,Santa Cruz,087,273765,3509,3221,36,3257,25
2020-11-10,Shasta,089,179085,3667,2686,59,2745,36
2020-11-10,Sierra,091,2930,12,10,0,10,0
2020-11-10,Siskiyou,093,43540,327,263,15,278,0
2020-11-10,Solano,095,438530,8848,8299,39,8338,85
2020-11-10,Sonoma,097,501317,10974,10414,35,10449,150
2020-11-10,Stanislaus,099,539301,19297,18592,966,19558,420
2020-11-10,Sutter,101,95872,2285,2035,4,2039,12
2020-11-10,Tehama,103,63373,1245,1099,3,1102,7
2020-11-10,Trinity,105,12862,156,62,16,78,0
2020-11-10,Tulare,107,460477,19354,18430,706,19136,305
2020-11-10,Tuolumne,109,53932,558,353,7,360,7
2020-11-10,Ventura,111,848112,16850,15625,459,16084,158
2020-11-10,Yolo,113,214977,3862,3573,10,3583,63
2020-11-10,Yuba,115,75493,1506,1392,5,1397,10
2020-11-09,Alameda,001,1643700,25990,24899,246,25145,424
2020-11-09,Alpine,002,1148,27,6,0,6,0
2020-11-09,Amador,005,37829,408,380,0,380,16
2020-11-09,Butte,007,227075,3498,3301,114,3415,57
2020-11-09,Calaveras,009,45235,370,360,0,360,21
2020-11-09,Colusa,011,21464,601,583,1,584,6
2020-11-09,Contra Costa,013,1133247,21097,20193,107,20300,255
2020-11-09,Del Norte,015,27424,219,195,0,195,2
2020-11-09,El Dorado,017,186661,1717,1515,19,1534,4
2020-11-09,Fresno,019,978130,36470,32755,709,33464,465
2020-11-09,Glenn,021,27897,776,714,9,723,3
2020-11-09,Humboldt,023,135768,667,607,1,608,9
2020-11-09,Imperial,025,180216,13983,13508,25,13533,338
2020-11-09,Inyo,027,18085,267,252,5,257,14
2020-11-09,Kern,029,883053,36186,34764,650,35414,448
2020-11-09,Kings,031,150075,9614,9141,81,9222,84
2020-11-09,Lake,033,64148,800,755,0,755,16
2020-11-09,Lassen,035,31185,1024,799,2,801,0
2020-11-09,Los Angeles,037,10098052,332109,320370,3652,324022,7180
2020-11-09,Madera,039,155013,5507,5209,70,5279,54
2020-11-09,Marin,041,260295,7391,7237,22,7259,131
2020-11-09,Mariposa,043,17540,90,84,0,84,2
2020-11-09,Mendocino,045,87422,1224,1132,5,1137,22
2020-11-09,Merced,047,269075,10293,9922,62,9984,157
2020-11-09,Modoc,049,8938,73,54,12,66,0
2020-11-09,Mono,051,14174,468,352,9,361,2
2020-11-09,Monterey,053,433212,12877,12148,116,12264,98
2020-11-09,Napa,055,140530,2509,2309,11,2320,15
2020-11-09,Nevada,057,99092,847,729,22,751,9
2020-11-09,Orange,059,3164182,66178,62335,1990,64325,1501
2020-11-09,Placer,061,380077,5364,4843,36,4879,60
2020-11-09,Plumas,063,18699,135,102,0,102,0
2020-11-09,Riverside,065,2383286,75297,72059,883,72942,1346
2020-11-09,Sacramento,067,1510023,30096,28200,50,28250,516
2020-11-09,San Benito,069,59416,1584,1506,1,1507,15
2020-11-09,San Bernardino,071,2135413,74058,69015,661,69676,1182
2020-11-09,San Diego,073,3302833,65146,60572,2046,62618,908
2020-11-09,San Francisco,075,870044,13635,12984,67,13051,146
2020-11-09,San Joaquin,077,732212,23683,22512,323,22835,505
2020-11-09,San Luis Obispo,079,281455,5277,4746,63,4809,32
2020-11-09,San Mateo,081,765935,12528,11857,11,11868,169
2020-11-09,Santa Barbara,083,443738,10520,10214,142,10356,134
2020-11-09,Santa Clara,085,1922200,28889,26693,54,26747,409
2020-11-09,Santa Cruz,087,273765,3451,3194,36,3230,25
2020-11-09,Shasta,089,179085,3513,2581,50,2631,36
2020-11-09,Sierra,091,2930,10,10,0,10,0
2020-11-09,Siskiyou,093,43540,316,257,13,270,0
2020-11-09,Solano,095,438530,8735,8254,38,8292,85
2020-11-09,Sonoma,097,501317,10866,10310,35,10345,150
2020-11-09,Stanislaus,099,539301,19148,18482,951,19433,418
2020-11-09,Sutter,101,95872,2218,2010,3,2013,12
2020-11-09,Tehama,103,63373,1208,1071,2,1073,7
2020-11-09,Trinity,105,12862,149,46,16,62,0
2020-11-09,Tulare,107,460477,19232,18272,675,18947,304
2020-11-09,Tuolumne,109,53932,504,346,6,352,7
2020-11-09,Ventura,111,848112,16648,15568,456,16024,156
2020-11-09,Yolo,113,214977,3801,3522,10,3532,62
2020-11-09,Yuba,115,75493,1473,1380,5,1385,10
2020-11-08,Alameda,001,1643700,25760,24731,246,24977,424
2020-11-08,Alpine,002,1148,24,6,0,6,0
2020-11-08,Amador,005,37829,401,376,0,376,16
2020-11-08,Butte,007,227075,3460,3285,106,3391,57
2020-11-08,Calaveras,009,45235,368,360,0,360,21
2020-11-08,Colusa,011,21464,598,583,1,584,6
2020-11-08,Contra Costa,013,1133247,20926,20031,105,20136,254
2020-11-08,Del Norte,015,27424,212,195,0,195,2
2020-11-08,El Dorado,017,186661,1680,1502,19,1521,4
2020-11-08,Fresno,019,978130,36131,32619,671,33290,465
2020-11-08,Glenn,021,27897,770,707,8,715,3
2020-11-08,Humboldt,023,135768,651,605,1,606,9
2020-11-08,Imperial,025,180216,13867,13428,25,13453,338
2020-11-08,Inyo,027,18085,264,252,5,257,14
2020-11-08,Kern,029,883053,35967,34644,632,35276,448
2020-11-08,Kings,031,150075,9481,9026,78,9104,84
2020-11-08,Lake,033,64148,792,754,0,754,16
2020-11-08,Lassen,035,31185,876,799,2,801,0
2020-11-08,Los Angeles,037,10098052,328981,318960,3587,322547,7176
2020-11-08,Madera,039,155013,5437,5196,67,5263,54
2020-11-08,Marin,041,260295,7371,7227,22,7249,131
2020-11-08,Mariposa,043,17540,90,83,0,83,2
2020-11-08,Mendocino,045,87422,1215,1129,5,1134,22
2020-11-08,Merced,047,269075,10218,9885,60,9945,157
2020-11-08,Modoc,049,8938,69,54,12,66,0
2020-11-08,Mono,051,14174,462,352,9,361,2
2020-11-08,Monterey,053,433212,12732,12122,106,12228,98
2020-11-08,Napa,055,140530,2470,2274,11,2285,15
2020-11-08,Nevada,057,99092,831,715,22,737,9
2020-11-08,Orange,059,3164182,65590,62034,1976,64010,1501
2020-11-08,Placer,061,380077,5261,4800,31,4831,60
2020-11-08,Plumas,063,18699,130,102,0,102,0
2020-11-08,Riverside,065,2383286,74642,71442,842,72284,1345
2020-11-08,Sacramento,067,1510023,29537,28059,47,28106,515
2020-11-08,San Benito,069,59416,1569,1496,1,1497,15
2020-11-08,San Bernardino,071,2135413,72806,68412,622,69034,1182
2020-11-08,San Diego,073,3302833,64301,60199,2002,62201,908
2020-11-08,San Francisco,075,870044,13505,12985,63,13048,146
2020-11-08,San Joaquin,077,732212,23489,22514,319,22833,505
2020-11-08,San Luis Obispo,079,281455,5211,4698,58,4756,32
2020-11-08,San Mateo,081,765935,12410,11783,11,11794,169
2020-11-08,Santa Barbara,083,443738,10450,10180,140,10320,134
2020-11-08,Santa Clara,085,1922200,28515,26442,53,26495,410
2020-11-08,Santa Cruz,087,273765,3394,3134,36,3170,25
2020-11-08,Shasta,089,179085,3377,2582,44,2626,36
2020-11-08,Sierra,091,2930,10,7,0,7,0
2020-11-08,Siskiyou,093,43540,304,246,12,258,0
2020-11-08,Solano,095,438530,8614,8132,37,8169,85
2020-11-08,Sonoma,097,501317,10759,10229,35,10264,149
2020-11-08,Stanislaus,099,539301,18974,18413,930,19343,418
2020-11-08,Sutter,101,95872,2160,1980,3,1983,12
2020-11-08,Tehama,103,63373,1182,1054,2,1056,7
2020-11-08,Trinity,105,12862,146,46,15,61,0
2020-11-08,Tulare,107,460477,19090,18272,646,18918,304
2020-11-08,Tuolumne,109,53932,478,341,6,347,7
2020-11-08,Ventura,111,848112,16453,15504,448,15952,156
2020-11-08,Yolo,113,214977,3739,3492,10,3502,61
2020-11-08,Yuba,115,75493,1452,1369,5,1374,10
2020-11-07,Alameda,001,1643700,25650,24578,244,24822,424
2020-11-07,Alpine,002,1148,24,6,0,6,0
2020-11-07,Amador,005,37829,398,375,0,375,16
2020-11-07,Butte,007,227075,3448,3277,100,3377,57
2020-11-07,Calaveras,009,45235,366,360,0,360,21
2020-11-07,Colusa,011,21464,598,583,1,584,6
2020-11-07,Contra Costa,013,1133247,20825,19943,104,20047,254
2020-11-07,Del Norte,015,27424,207,194,0,194,2
2020-11-07,El Dorado,017,186661,1655,1495,18,1513,4
2020-11-07,Fresno,019,978130,35976,32497,649,33146,465
2020-11-07,Glenn,021,27897,762,707,8,715,3
2020-11-07,Humboldt,023,135768,640,590,1,591,9
2020-11-07,Imperial,025,180216,13809,13388,24,13412,338
2020-11-07,Inyo,027,18085,262,252,5,257,14
2020-11-07,Kern,029,883053,35811,34513,622,35135,448
2020-11-07,Kings,031,150075,9448,9005,72,9077,84
2020-11-07,Lake,033,64148,788,751,0,751,16
2020-11-07,Lassen,035,31185,860,799,2,801,0
2020-11-07,Los Angeles,037,10098052,327469,316756,3520,320276,7174
2020-11-07,Madera,039,155013,5414,5177,65,5242,54
2020-11-07,Marin,041,260295,7360,7215,22,7237,131
2020-11-07,Mariposa,043,17540,90,81,0,81,2
2020-11-07,Mendocino,045,87422,1204,1118,5,1123,22
2020-11-07,Merced,047,269075,10186,9855,56,9911,157
2020-11-07,Modoc,049,8938,69,51,12,63,0
2020-11-07,Mono,051,14174,459,352,9,361,2
2020-11-07,Monterey,053,433212,12662,12030,102,12132,98
2020-11-07,Napa,055,140530,2440,2260,10,2270,15
2020-11-07,Nevada,057,99092,814,710,22,732,9
2020-11-07,Orange,059,3164182,65301,62038,1970,64008,1505
2020-11-07,Placer,061,380077,5198,4745,31,4776,60
2020-11-07,Plumas,063,18699,127,94,0,94,0
2020-11-07,Riverside,065,2383286,74247,71153,815,71968,1345
2020-11-07,Sacramento,067,1510023,29287,27773,47,27820,515
2020-11-07,San Benito,069,59416,1557,1489,1,1490,15
2020-11-07,San Bernardino,071,2135413,72290,67935,611,68546,1182
2020-11-07,San Diego,073,3302833,63789,59682,1970,61652,909
2020-11-07,San Francisco,075,870044,13444,12980,62,13042,146
2020-11-07,San Joaquin,077,732212,23381,22517,313,22830,505
2020-11-07,San Luis Obispo,079,281455,5162,4668,55,4723,32
2020-11-07,San Mateo,081,765935,12347,11711,11,11722,169
2020-11-07,Santa Barbara,083,443738,10408,10157,138,10295,134
2020-11-07,Santa Clara,085,1922200,28311,26244,52,26296,410
2020-11-07,Santa Cruz,087,273765,3356,3130,36,3166,25
2020-11-07,Shasta,089,179085,3310,2547,42,2589,36
2020-11-07,Sierra,091,2930,10,7,0,7,0
2020-11-07,Siskiyou,093,43540,300,241,12,253,0
2020-11-07,Solano,095,438530,8562,8066,37,8103,85
2020-11-07,Sonoma,097,501317,10713,10200,35,10235,149
2020-11-07,Stanislaus,099,539301,18863,18386,914,19300,418
2020-11-07,Sutter,101,95872,2120,1973,3,1976,12
2020-11-07,Tehama,103,63373,1157,1043,2,1045,7
2020-11-07,Trinity,105,12862,146,42,14,56,0
2020-11-07,Tulare,107,460477,19034,18229,628,18857,304
2020-11-07,Tuolumne,109,53932,466,327,6,333,7
2020-11-07,Ventura,111,848112,16393,15364,443,15807,156
2020-11-07,Yolo,113,214977,3708,3486,10,3496,61
2020-11-07,Yuba,115,75493,1437,1349,5,1354,10
2020-11-06,Alameda,001,1643700,25518,24389,242,24631,420
2020-11-06,Alpine,002,1148,24,6,0,6,0
2020-11-06,Amador,005,37829,396,369,0,369,16
2020-11-06,Butte,007,227075,3423,3254,92,3346,57
2020-11-06,Calaveras,009,45235,365,359,0,359,21
2020-11-06,Colusa,011,21464,596,580,1,581,6
2020-11-06,Contra Costa,013,1133247,20678,19744,104,19848,252
2020-11-06,Del Norte,015,27424,204,194,0,194,2
2020-11-06,El Dorado,017,186661,1629,1475,18,1493,4
2020-11-06,Fresno,019,978130,35788,32278,633,32911,460
2020-11-06,Glenn,021,27897,756,707,7,714,3
2020-11-06,Humboldt,023,135768,637,587,1,588,9
2020-11-06,Imperial,025,180216,13755,13230,24,13254,338
2020-11-06,Inyo,027,18085,260,246,5,251,14
2020-11-06,Kern,029,883053,35647,34360,605,34965,443
2020-11-06,Kings,031,150075,9424,8883,70,8953,83
2020-11-06,Lake,033,64148,787,741,0,741,16
2020-11-06,Lassen,035,31185,852,794,2,796,0
2020-11-06,Los Angeles,037,10098052,325499,314356,3468,317824,7160
2020-11-06,Madera,039,155013,5398,5136,64,5200,54
2020-11-06,Marin,041,260295,7339,7184,22,7206,131
2020-11-06,Mariposa,043,17540,89,79,0,79,2
2020-11-06,Mendocino,045,87422,1199,1113,5,1118,22
2020-11-06,Merced,047,269075,10146,9778,53,9831,157
2020-11-06,Modoc,049,8938,69,48,12,60,0
2020-11-06,Mono,051,14174,453,308,9,317,1
2020-11-06,Monterey,053,433212,12545,11914,101,12015,96
2020-11-06,Napa,055,140530,2415,2189,10,2199,15
2020-11-06,Nevada,057,99092,801,692,21,713,9
2020-11-06,Orange,059,3164182,64998,61049,1960,63009,1494
2020-11-06,Placer,061,380077,5125,4680,31,4711,60
2020-11-06,Plumas,063,18699,122,90,0,90,0
2020-11-06,Riverside,065,2383286,73797,70409,774,71183,1341
2020-11-06,Sacramento,067,1510023,28996,27489,45,27534,514
2020-11-06,San Benito,069,59416,1548,1479,1,1480,15
2020-11-06,San Bernardino,071,2135413,71693,66740,591,67331,1179
2020-11-06,San Diego,073,3302833,63265,59143,1938,61081,907
2020-11-06,San Francisco,075,870044,13374,12825,61,12886,146
2020-11-06,San Joaquin,077,732212,23296,22424,303,22727,502
2020-11-06,San Luis Obispo,079,281455,5097,4531,49,4580,32
2020-11-06,San Mateo,081,765935,12272,11587,11,11598,168
2020-11-06,Santa Barbara,083,443738,10372,10118,134,10252,133
2020-11-06,Santa Clara,085,1922200,28069,25831,52,25883,402
2020-11-06,Santa Cruz,087,273765,3318,3063,36,3099,25
2020-11-06,Shasta,089,179085,3237,2475,41,2516,35
2020-11-06,Sierra,091,2930,9,7,0,7,0
2020-11-06,Siskiyou,093,43540,287,237,11,248,0
2020-11-06,Solano,095,438530,8496,7959,37,7996,85
2020-11-06,Sonoma,097,501317,10663,10142,35,10177,149
2020-11-06,Stanislaus,099,539301,18776,18250,906,19156,417
2020-11-06,Sutter,101,95872,2093,1937,2,1939,12
2020-11-06,Tehama,103,63373,1136,1024,2,1026,6
2020-11-06,Trinity,105,12862,143,41,14,55,0
2020-11-06,Tulare,107,460477,18970,18136,603,18739,300
2020-11-06,Tuolumne,109,53932,442,316,6,322,5
2020-11-06,Ventura,111,848112,16307,15222,440,15662,154
2020-11-06,Yolo,113,214977,3679,3420,10,3430,62
2020-11-06,Yuba,115,75493,1424,1335,5,1340,10
2020-11-05,Alameda,001,1643700,25342,24270,242,24512,420
2020-11-05,Alpine,002,1148,24,6,0,6,0
2020-11-05,Amador,005,37829,393,363,0,363,16
2020-11-05,Butte,007,227075,3400,3239,86,3325,57
2020-11-05,Calaveras,009,45235,357,333,0,333,19
2020-11-05,Colusa,011,21464,592,574,1,575,6
2020-11-05,Contra Costa,013,1133247,20496,19656,101,19757,252
2020-11-05,Del Norte,015,27424,202,192,0,192,2
2020-11-05,El Dorado,017,186661,1605,1466,18,1484,4
2020-11-05,Fresno,019,978130,35547,32056,609,32665,460
2020-11-05,Glenn,021,27897,736,702,7,709,3
2020-11-05,Humboldt,023,135768,627,581,1,582,9
2020-11-05,Imperial,025,180216,13663,13178,23,13201,337
2020-11-05,Inyo,027,18085,259,247,5,252,14
2020-11-05,Kern,029,883053,35446,34232,592,34824,443
2020-11-05,Kings,031,150075,9269,8846,67,8913,83
2020-11-05,Lake,033,64148,783,739,0,739,16
2020-11-05,Lassen,035,31185,821,782,2,784,0
2020-11-05,Los Angeles,037,10098052,323144,312381,3415,315796,7146
2020-11-05,Madera,039,155013,5360,5129,61,5190,54
2020-11-05,Marin,041,260295,7316,7171,22,7193,131
2020-11-05,Mariposa,043,17540,88,79,0,79,2
2020-11-05,Mendocino,045,87422,1187,1112,5,1117,22
2020-11-05,Merced,047,269075,10087,9753,48,9801,155
2020-11-05,Modoc,049,8938,68,47,11,58,0
2020-11-05,Mono,051,14174,451,307,9,316,1
2020-11-05,Monterey,053,433212,12435,11784,97,11881,96
2020-11-05,Napa,055,140530,2388,2158,10,2168,15
2020-11-05,Nevada,057,99092,779,687,20,707,9
2020-11-05,Orange,059,3164182,64551,60740,1949,62689,1484
2020-11-05,Placer,061,380077,5056,4627,26,4653,60
2020-11-05,Plumas,063,18699,114,90,0,90,0
2020-11-05,Riverside,065,2383286,73086,70094,718,70812,1338
2020-11-05,Sacramento,067,1510023,28616,27232,44,27276,512
2020-11-05,San Benito,069,59416,1533,1477,1,1478,15
2020-11-05,San Bernardino,071,2135413,70866,66407,579,66986,1174
2020-11-05,San Diego,073,3302833,62639,58659,1912,60571,904
2020-11-05,San Francisco,075,870044,13262,12726,60,12786,146
2020-11-05,San Joaquin,077,732212,23132,22318,299,22617,502
2020-11-05,San Luis Obispo,079,281455,5030,4459,47,4506,32
2020-11-05,San Mateo,081,765935,12178,11535,11,11546,168
2020-11-05,Santa Barbara,083,443738,10328,10080,131,10211,133
2020-11-05,Santa Clara,085,1922200,27804,25651,52,25703,402
2020-11-05,Santa Cruz,087,273765,3280,3023,36,3059,25
2020-11-05,Shasta,089,179085,3147,2401,40,2441,34
2020-11-05,Sierra,091,2930,9,6,0,6,0
2020-11-05,Siskiyou,093,43540,276,228,11,239,0
2020-11-05,Solano,095,438530,8413,7842,37,7879,85
2020-11-05,Sonoma,097,501317,10551,10064,34,10098,145
2020-11-05,Stanislaus,099,539301,18662,18194,893,19087,417
2020-11-05,Sutter,101,95872,2061,1925,2,1927,12
2020-11-05,Tehama,103,63373,1115,1015,2,1017,6
2020-11-05,Trinity,105,12862,127,41,14,55,0
2020-11-05,Tulare,107,460477,18881,18049,577,18626,301
2020-11-05,Tuolumne,109,53932,412,312,6,318,5
2020-11-05,Ventura,111,848112,16141,15113,429,15542,155
2020-11-05,Yolo,113,214977,3629,3391,10,3401,61
2020-11-05,Yuba,115,75493,1406,1322,5,1327,10
2020-11-04,Alameda,001,1643700,25166,24172,240,24412,418
2020-11-04,Alpine,002,1148,20,5,0,5,0
2020-11-04,Amador,005,37829,390,362,0,362,16
2020-11-04,Butte,007,227075,3375,3218,84,3302,57
2020-11-04,Calaveras,009,45235,354,290,0,290,19
2020-11-04,Colusa,011,21464,590,571,1,572,6
2020-11-04,Contra Costa,013,1133247,20331,19472,98,19570,251
2020-11-04,Del Norte,015,27424,198,188,0,188,2
2020-11-04,El Dorado,017,186661,1590,1448,15,1463,4
2020-11-04,Fresno,019,978130,35315,31952,581,32533,457
2020-11-04,Glenn,021,27897,732,701,6,707,3
2020-11-04,Humboldt,023,135768,618,571,1,572,9
2020-11-04,Imperial,025,180216,13565,13087,23,13110,335
2020-11-04,Inyo,027,18085,258,247,5,252,14
2020-11-04,Kern,029,883053,35291,34027,581,34608,439
2020-11-04,Kings,031,150075,9235,8817,65,8882,83
2020-11-04,Lake,033,64148,776,735,0,735,16
2020-11-04,Lassen,035,31185,816,781,2,783,0
2020-11-04,Los Angeles,037,10098052,320832,310456,3337,313793,7124
2020-11-04,Madera,039,155013,5340,5083,57,5140,54
2020-11-04,Marin,041,260295,7304,7157,22,7179,131
2020-11-04,Mariposa,043,17540,88,79,0,79,2
2020-11-04,Mendocino,045,87422,1169,1089,5,1094,22
2020-11-04,Merced,047,269075,10038,9717,46,9763,153
2020-11-04,Modoc,049,8938,59,47,11,58,0
2020-11-04,Mono,051,14174,448,237,8,245,1
2020-11-04,Monterey,053,433212,12231,11743,91,11834,96
2020-11-04,Napa,055,140530,2334,2133,10,2143,15
2020-11-04,Nevada,057,99092,760,675,20,695,9
2020-11-04,Orange,059,3164182,64116,60463,1928,62391,1483
2020-11-04,Placer,061,380077,4980,4526,23,4549,60
2020-11-04,Plumas,063,18699,112,88,0,88,0
2020-11-04,Riverside,065,2383286,72469,69562,659,70221,1335
2020-11-04,Sacramento,067,1510023,28266,27005,43,27048,510
2020-11-04,San Benito,069,59416,1518,1464,1,1465,15
2020-11-04,San Bernardino,071,2135413,70070,65891,556,66447,1169
2020-11-04,San Diego,073,3302833,61993,58126,1886,60012,904
2020-11-04,San Francisco,075,870044,13179,12649,57,12706,146
2020-11-04,San Joaquin,077,732212,22995,22197,286,22483,500
2020-11-04,San Luis Obispo,079,281455,4963,4389,45,4434,32
2020-11-04,San Mateo,081,765935,12084,11456,11,11467,168
2020-11-04,Santa Barbara,083,443738,10290,10026,130,10156,132
2020-11-04,Santa Clara,085,1922200,27543,25487,52,25539,393
2020-11-04,Santa Cruz,087,273765,3243,2997,36,3033,25
2020-11-04,Shasta,089,179085,3016,2321,35,2356,34
2020-11-04,Sierra,091,2930,9,6,0,6,0
2020-11-04,Siskiyou,093,43540,267,222,11,233,0
2020-11-04,Solano,095,438530,8314,7733,37,7770,85
2020-11-04,Sonoma,097,501317,10457,9965,34,9999,142
2020-11-04,Stanislaus,099,539301,18544,18114,878,18992,416
2020-11-04,Sutter,101,95872,2027,1916,2,1918,12
2020-11-04,Tehama,103,63373,1088,997,2,999,6
2020-11-04,Trinity,105,12862,123,37,14,51,0
2020-11-04,Tulare,107,460477,18771,17952,549,18501,298
2020-11-04,Tuolumne,109,53932,388,310,6,316,5
2020-11-04,Ventura,111,848112,16001,14936,426,15362,155
2020-11-04,Yolo,113,214977,3589,3361,10,3371,62
2020-11-04,Yuba,115,75493,1385,1312,5,1317,10
2020-11-03,Alameda,001,1643700,24982,24055,238,24293,418
2020-11-03,Alpine,002,1148,19,4,0,4,0
2020-11-03,Amador,005,37829,385,361,0,361,16
2020-11-03,Butte,007,227075,3352,3211,78,3289,57
2020-11-03,Calaveras,009,45235,350,287,0,287,19
2020-11-03,Colusa,011,21464,585,572,1,573,6
2020-11-03,Contra Costa,013,1133247,20176,19416,98,19514,250
2020-11-03,Del Norte,015,27424,197,187,0,187,2
2020-11-03,El Dorado,017,186661,1568,1445,14,1459,4
2020-11-03,Fresno,019,978130,35052,31856,559,32415,457
2020-11-03,Glenn,021,27897,726,698,6,704,3
2020-11-03,Humboldt,023,135768,612,570,1,571,8
2020-11-03,Imperial,025,180216,13475,13044,22,13066,335
2020-11-03,Inyo,027,18085,257,244,5,249,14
2020-11-03,Kern,029,883053,35100,33957,570,34527,439
2020-11-03,Kings,031,150075,9072,8783,60,8843,83
2020-11-03,Lake,033,64148,766,732,0,732,16
2020-11-03,Lassen,035,31185,807,782,2,784,0
2020-11-03,Los Angeles,037,10098052,318375,308812,3270,312082,7104
2020-11-03,Madera,039,155013,5304,5058,56,5114,54
2020-11-03,Marin,041,260295,7284,7147,21,7168,131
2020-11-03,Mariposa,043,17540,87,79,0,79,2
2020-11-03,Mendocino,045,87422,1154,1084,5,1089,22
2020-11-03,Merced,047,269075,9985,9713,45,9758,153
2020-11-03,Modoc,049,8938,57,47,9,56,0
2020-11-03,Mono,051,14174,444,210,8,218,1
2020-11-03,Monterey,053,433212,12162,11703,86,11789,94
2020-11-03,Napa,055,140530,2298,2130,10,2140,15
2020-11-03,Nevada,057,99092,740,670,19,689,9
2020-11-03,Orange,059,3164182,63686,60283,1916,62199,1477
2020-11-03,Placer,061,380077,4907,4514,23,4537,60
2020-11-03,Plumas,063,18699,109,86,0,86,0
2020-11-03,Riverside,065,2383286,71850,69300,634,69934,1325
2020-11-03,Sacramento,067,1510023,27885,26841,41,26882,510
2020-11-03,San Benito,069,59416,1508,1463,1,1464,15
2020-11-03,San Bernardino,071,2135413,69259,65320,549,65869,1159
2020-11-03,San Diego,073,3302833,61317,57722,1842,59564,901
2020-11-03,San Francisco,075,870044,13057,12585,57,12642,146
2020-11-03,San Joaquin,077,732212,22860,22109,280,22389,500
2020-11-03,San Luis Obispo,079,281455,4877,4371,43,4414,32
2020-11-03,San Mateo,081,765935,11989,11406,11,11417,162
2020-11-03,Santa Barbara,083,443738,10236,10008,126,10134,132
2020-11-03,Santa Clara,085,1922200,27269,25386,51,25437,393
2020-11-03,Santa Cruz,087,273765,3193,2980,35,3015,25
2020-11-03,Shasta,089,179085,2922,2288,28,2316,33
2020-11-03,Sierra,091,2930,7,6,0,6,0
2020-11-03,Siskiyou,093,43540,263,219,11,230,0
2020-11-03,Solano,095,438530,8230,7691,37,7728,85
2020-11-03,Sonoma,097,501317,10355,9906,34,9940,142
2020-11-03,Stanislaus,099,539301,18423,18080,867,18947,416
2020-11-03,Sutter,101,95872,1994,1914,2,1916,12
2020-11-03,Tehama,103,63373,1067,988,2,990,6
2020-11-03,Trinity,105,12862,116,36,13,49,0
2020-11-03,Tulare,107,460477,18665,17890,524,18414,297
2020-11-03,Tuolumne,109,53932,365,302,6,308,5
2020-11-03,Ventura,111,848112,15874,14816,419,15235,155
2020-11-03,Yolo,113,214977,3537,3343,10,3353,61
2020-11-03,Yuba,115,75493,1372,1295,5,1300,10
2020-11-02,Alameda,001,1643700,24786,23991,236,24227,419
2020-11-02,Alpine,002,1148,16,4,0,4,0
2020-11-02,Amador,005,37829,377,357,0,357,16
2020-11-02,Butte,007,227075,3332,3198,74,3272,57
2020-11-02,Calaveras,009,45235,350,282,0,282,18
2020-11-02,Colusa,011,21464,580,571,1,572,6
2020-11-02,Contra Costa,013,1133247,20018,19339,97,19436,250
2020-11-02,Del Norte,015,27424,194,175,0,175,2
2020-11-02,El Dorado,017,186661,1544,1405,14,1419,4
2020-11-02,Fresno,019,978130,34783,31738,542,32280,451
2020-11-02,Glenn,021,27897,720,692,5,697,3
2020-11-02,Humboldt,023,135768,603,569,1,570,8
2020-11-02,Imperial,025,180216,13395,13004,21,13025,334
2020-11-02,Inyo,027,18085,254,243,5,248,14
2020-11-02,Kern,029,883053,34942,33834,560,34394,437
2020-11-02,Kings,031,150075,9042,8654,57,8711,82
2020-11-02,Lake,033,64148,760,728,0,728,17
2020-11-02,Lassen,035,31185,799,782,2,784,0
2020-11-02,Los Angeles,037,10098052,316027,307620,3196,310816,7079
2020-11-02,Madera,039,155013,5273,5033,55,5088,54
2020-11-02,Marin,041,260295,7266,7132,20,7152,125
2020-11-02,Mariposa,043,17540,87,79,0,79,2
2020-11-02,Mendocino,045,87422,1140,1076,5,1081,21
2020-11-02,Merced,047,269075,9923,9664,39,9703,152
2020-11-02,Modoc,049,8938,54,45,5,50,0
2020-11-02,Mono,051,14174,442,211,8,219,1
2020-11-02,Monterey,053,433212,12055,11602,83,11685,93
2020-11-02,Napa,055,140530,2256,2081,10,2091,15
2020-11-02,Nevada,057,99092,724,656,19,675,9
2020-11-02,Orange,059,3164182,63280,59996,1901,61897,1474
2020-11-02,Placer,061,380077,4837,4461,21,4482,60
2020-11-02,Plumas,063,18699,101,86,0,86,0
2020-11-02,Riverside,065,2383286,71219,68833,593,69426,1321
2020-11-02,Sacramento,067,1510023,27543,26676,39,26715,508
2020-11-02,San Benito,069,59416,1496,1459,1,1460,15
2020-11-02,San Bernardino,071,2135413,68403,64629,538,65167,1157
2020-11-02,San Diego,073,3302833,60594,57429,1797,59226,891
2020-11-02,San Francisco,075,870044,12960,12436,56,12492,145
2020-11-02,San Joaquin,077,732212,22720,21919,272,22191,500
2020-11-02,San Luis Obispo,079,281455,4777,4303,40,4343,31
2020-11-02,San Mateo,081,765935,11880,11328,11,11339,161
2020-11-02,Santa Barbara,083,443738,10195,9985,121,10106,130
2020-11-02,Santa Clara,085,1922200,26982,25222,51,25273,387
2020-11-02,Santa Cruz,087,273765,3151,2943,35,2978,25
2020-11-02,Shasta,089,179085,2819,2174,24,2198,33
2020-11-02,Sierra,091,2930,7,6,0,6,0
2020-11-02,Siskiyou,093,43540,253,216,11,227,0
2020-11-02,Solano,095,438530,8112,7665,37,7702,84
2020-11-02,Sonoma,097,501317,10273,9796,33,9829,140
2020-11-02,Stanislaus,099,539301,18327,18005,858,18863,412
2020-11-02,Sutter,101,95872,1970,1895,2,1897,12
2020-11-02,Tehama,103,63373,1044,971,2,973,6
2020-11-02,Trinity,105,12862,110,30,13,43,0
2020-11-02,Tulare,107,460477,18571,17774,504,18278,299
2020-11-02,Tuolumne,109,53932,349,302,6,308,5
2020-11-02,Ventura,111,848112,15733,14767,405,15172,156
2020-11-02,Yolo,113,214977,3489,3318,10,3328,61
2020-11-02,Yuba,115,75493,1359,1280,5,1285,10
2020-11-01,Alameda,001,1643700,24623,23892,234,24126,419
2020-11-01,Alpine,002,1148,10,4,0,4,0
2020-11-01,Amador,005,37829,374,352,0,352,16
2020-11-01,Butte,007,227075,3309,3185,73,3258,57
2020-11-01,Calaveras,009,45235,349,282,0,282,18
2020-11-01,Colusa,011,21464,578,567,1,568,6
2020-11-01,Contra Costa,013,1133247,19845,19246,96,19342,250
2020-11-01,Del Norte,015,27424,190,175,0,175,2
2020-11-01,El Dorado,017,186661,1528,1394,14,1408,4
2020-11-01,Fresno,019,978130,34528,31613,522,32135,451
2020-11-01,Glenn,021,27897,711,688,3,691,3
2020-11-01,Humboldt,023,135768,595,568,1,569,8
2020-11-01,Imperial,025,180216,13304,12969,19,12988,334
2020-11-01,Inyo,027,18085,252,241,5,246,14
2020-11-01,Kern,029,883053,34761,33760,480,34240,437
2020-11-01,Kings,031,150075,9004,8641,56,8697,82
2020-11-01,Lake,033,64148,754,727,0,727,17
2020-11-01,Lassen,035,31185,799,782,2,784,0
2020-11-01,Los Angeles,037,10098052,313456,306217,3105,309322,7077
2020-11-01,Madera,039,155013,5226,5019,53,5072,54
2020-11-01,Marin,041,260295,7249,7124,20,7144,125
2020-11-01,Mariposa,043,17540,83,79,0,79,2
2020-11-01,Mendocino,045,87422,1126,1074,5,1079,21
2020-11-01,Merced,047,269075,9862,9626,39,9665,152
2020-11-01,Modoc,049,8938,53,45,5,50,0
2020-11-01,Mono,051,14174,413,211,7,218,1
2020-11-01,Monterey,053,433212,11948,11587,80,11667,93
2020-11-01,Napa,055,140530,2222,2067,10,2077,15
2020-11-01,Nevada,057,99092,708,646,18,664,9
2020-11-01,Orange,059,3164182,62878,59733,1875,61608,1475
2020-11-01,Placer,061,380077,4769,4422,20,4442,58
2020-11-01,Plumas,063,18699,96,86,0,86,0
2020-11-01,Riverside,065,2383286,70589,68493,558,69051,1319
2020-11-01,Sacramento,067,1510023,27221,26442,39,26481,508
2020-11-01,San Benito,069,59416,1481,1451,1,1452,15
2020-11-01,San Bernardino,071,2135413,67562,64339,517,64856,1157
2020-11-01,San Diego,073,3302833,59906,57122,1757,58879,891
2020-11-01,San Francisco,075,870044,12837,12436,51,12487,145
2020-11-01,San Joaquin,077,732212,22592,21919,266,22185,500
2020-11-01,San Luis Obispo,079,281455,4697,4303,39,4342,31
2020-11-01,San Mateo,081,765935,11799,11280,11,11291,160
2020-11-01,Santa Barbara,083,443738,10144,9969,105,10074,130
2020-11-01,Santa Clara,085,1922200,26699,25090,51,25141,386
2020-11-01,Santa Cruz,087,273765,3098,2921,35,2956,25
2020-11-01,Shasta,089,179085,2684,2172,23,2195,33
2020-11-01,Sierra,091,2930,7,6,0,6,0
2020-11-01,Siskiyou,093,43540,248,205,11,216,0
2020-11-01,Solano,095,438530,8022,7591,37,7628,84
2020-11-01,Sonoma,097,501317,10181,9688,33,9721,140
2020-11-01,Stanislaus,099,539301,18226,17961,839,18800,412
2020-11-01,Sutter,101,95872,1944,1888,1,1889,12
2020-11-01,Tehama,103,63373,1027,965,2,967,5
2020-11-01,Trinity,105,12862,108,30,12,42,0
2020-11-01,Tulare,107,460477,18459,17774,473,18247,299
2020-11-01,Tuolumne,109,53932,328,295,6,301,5
2020-11-01,Ventura,111,848112,15585,14686,377,15063,156
2020-11-01,Yolo,113,214977,3441,3303,10,3313,60
2020-11-01,Yuba,115,75493,1342,1273,5,1278,10
2020-10-31,Alameda,001,1643700,24507,23780,230,24010,416
2020-10-31,Alpine,002,1148,10,4,0,4,0
2020-10-31,Amador,005,37829,370,347,0,347,16
2020-10-31,Butte,007,227075,3296,3172,71,3243,57
2020-10-31,Calaveras,009,45235,349,280,0,280,18
2020-10-31,Colusa,011,21464,576,555,1,556,6
2020-10-31,Contra Costa,013,1133247,19740,19161,96,19257,249
2020-10-31,Del Norte,015,27424,189,175,0,175,2
2020-10-31,El Dorado,017,186661,1519,1390,14,1404,4
2020-10-31,Fresno,019,978130,34391,31558,519,32077,451
2020-10-31,Glenn,021,27897,709,678,3,681,3
2020-10-31,Humboldt,023,135768,592,561,1,562,8
2020-10-31,Imperial,025,180216,13262,12912,19,12931,334
2020-10-31,Inyo,027,18085,251,241,5,246,14
2020-10-31,Kern,029,883053,34658,33666,471,34137,437
2020-10-31,Kings,031,150075,8983,8612,55,8667,82
2020-10-31,Lake,033,64148,750,724,0,724,16
2020-10-31,Lassen,035,31185,794,782,2,784,0
2020-10-31,Los Angeles,037,10098052,312077,304704,3067,307771,7073
2020-10-31,Madera,039,155013,5207,5013,50,5063,54
2020-10-31,Marin,041,260295,7233,7112,20,7132,125
2020-10-31,Mariposa,043,17540,83,79,0,79,2
2020-10-31,Mendocino,045,87422,1118,1066,5,1071,21
2020-10-31,Merced,047,269075,9829,9597,38,9635,151
2020-10-31,Modoc,049,8938,52,34,4,38,0
2020-10-31,Mono,051,14174,264,194,6,200,1
2020-10-31,Monterey,053,433212,11880,11539,76,11615,93
2020-10-31,Napa,055,140530,2203,2040,10,2050,15
2020-10-31,Nevada,057,99092,690,644,18,662,9
2020-10-31,Orange,059,3164182,62619,59488,1857,61345,1473
2020-10-31,Placer,061,380077,4719,4374,19,4393,58
2020-10-31,Plumas,063,18699,95,85,0,85,0
2020-10-31,Riverside,065,2383286,70232,68178,535,68713,1319
2020-10-31,Sacramento,067,1510023,27022,26316,37,26353,507
2020-10-31,San Benito,069,59416,1474,1448,1,1449,15
2020-10-31,San Bernardino,071,2135413,67136,64016,507,64523,1157
2020-10-31,San Diego,073,3302833,59453,56769,1729,58498,891
2020-10-31,San Francisco,075,870044,12763,12438,50,12488,145
2020-10-31,San Joaquin,077,732212,22517,21918,257,22175,500
2020-10-31,San Luis Obispo,079,281455,4628,4285,36,4321,31
2020-10-31,San Mateo,081,765935,11748,11253,11,11264,160
2020-10-31,Santa Barbara,083,443738,10115,9957,97,10054,130
2020-10-31,Santa Clara,085,1922200,26531,24957,51,25008,379
2020-10-31,Santa Cruz,087,273765,3063,2895,34,2929,25
2020-10-31,Shasta,089,179085,2630,2122,22,2144,33
2020-10-31,Sierra,091,2930,7,6,0,6,0
2020-10-31,Siskiyou,093,43540,246,200,11,211,0
2020-10-31,Solano,095,438530,7957,7545,37,7582,84
2020-10-31,Sonoma,097,501317,10128,9648,33,9681,140
2020-10-31,Stanislaus,099,539301,18163,17920,823,18743,412
2020-10-31,Sutter,101,95872,1935,1876,1,1877,12
2020-10-31,Tehama,103,63373,1017,953,2,955,5
2020-10-31,Trinity,105,12862,105,30,12,42,0
2020-10-31,Tulare,107,460477,18410,17758,466,18224,299
2020-10-31,Tuolumne,109,53932,321,290,6,296,5
2020-10-31,Ventura,111,848112,15501,14635,359,14994,155
2020-10-31,Yolo,113,214977,3406,3290,10,3300,60
2020-10-31,Yuba,115,75493,1326,1260,4,1264,10
2020-10-30,Alameda,001,1643700,24428,23676,228,23904,401
2020-10-30,Alpine,002,1148,10,4,0,4,0
2020-10-30,Amador,005,37829,370,344,0,344,16
2020-10-30,Butte,007,227075,3291,3160,71,3231,57
2020-10-30,Calaveras,009,45235,348,279,0,279,18
2020-10-30,Colusa,011,21464,574,554,1,555,6
2020-10-30,Contra Costa,013,1133247,19667,19074,96,19170,249
2020-10-30,Del Norte,015,27424,188,175,0,175,2
2020-10-30,El Dorado,017,186661,1506,1386,14,1400,4
2020-10-30,Fresno,019,978130,34268,31409,511,31920,446
2020-10-30,Glenn,021,27897,703,674,2,676,3
2020-10-30,Humboldt,023,135768,591,561,1,562,7
2020-10-30,Imperial,025,180216,13221,12853,19,12872,334
2020-10-30,Inyo,027,18085,250,241,5,246,14
2020-10-30,Kern,029,883053,34565,33583,470,34053,437
2020-10-30,Kings,031,150075,8973,8564,53,8617,82
2020-10-30,Lake,033,64148,750,720,0,720,16
2020-10-30,Lassen,035,31185,788,777,2,779,0
2020-10-30,Los Angeles,037,10098052,310641,303425,3032,306457,7060
2020-10-30,Madera,039,155013,5194,4991,48,5039,54
2020-10-30,Marin,041,260295,7213,7097,20,7117,125
2020-10-30,Mariposa,043,17540,83,78,0,78,2
2020-10-30,Mendocino,045,87422,1116,1062,5,1067,21
2020-10-30,Merced,047,269075,9797,9539,38,9577,150
2020-10-30,Modoc,049,8938,51,34,3,37,0
2020-10-30,Mono,051,14174,263,193,6,199,1
2020-10-30,Monterey,053,433212,11817,11491,71,11562,92
2020-10-30,Napa,055,140530,2185,2028,10,2038,15
2020-10-30,Nevada,057,99092,684,634,18,652,9
2020-10-30,Orange,059,3164182,62378,59334,1845,61179,1469
2020-10-30,Placer,061,380077,4672,4335,19,4354,58
2020-10-30,Plumas,063,18699,92,80,0,80,0
2020-10-30,Riverside,065,2383286,69893,67752,515,68267,1317
2020-10-30,Sacramento,067,1510023,26874,26147,37,26184,505
2020-10-30,San Benito,069,59416,1468,1440,1,1441,15
2020-10-30,San Bernardino,071,2135413,66720,63512,504,64016,1156
2020-10-30,San Diego,073,3302833,59048,56387,1707,58094,888
2020-10-30,San Francisco,075,870044,12708,12384,50,12434,145
2020-10-30,San Joaquin,077,732212,22450,21849,251,22100,500
2020-10-30,San Luis Obispo,079,281455,4586,4256,36,4292,31
2020-10-30,San Mateo,081,765935,11689,11207,11,11218,159
2020-10-30,Santa Barbara,083,443738,10092,9937,97,10034,128
2020-10-30,Santa Clara,085,1922200,26383,24811,51,24862,378
2020-10-30,Santa Cruz,087,273765,3045,2874,34,2908,25
2020-10-30,Shasta,089,179085,2586,2048,21,2069,32
2020-10-30,Sierra,091,2930,7,6,0,6,0
2020-10-30,Siskiyou,093,43540,246,192,11,203,0
2020-10-30,Solano,095,438530,7896,7497,37,7534,84
2020-10-30,Sonoma,097,501317,10053,9602,33,9635,140
2020-10-30,Stanislaus,099,539301,18115,17861,808,18669,410
2020-10-30,Sutter,101,95872,1922,1860,1,1861,12
2020-10-30,Tehama,103,63373,1013,932,2,934,5
2020-10-30,Trinity,105,12862,105,29,12,41,0
2020-10-30,Tulare,107,460477,18365,17682,452,18134,299
2020-10-30,Tuolumne,109,53932,313,286,6,292,4
2020-10-30,Ventura,111,848112,15428,14578,348,14926,154
2020-10-30,Yolo,113,214977,3389,3263,10,3273,60
2020-10-30,Yuba,115,75493,1318,1256,4,1260,10
2020-10-29,Alameda,001,1643700,24265,23530,227,23757,401
2020-10-29,Alpine,002,1148,7,4,0,4,0
2020-10-29,Amador,005,37829,366,338,0,338,16
2020-10-29,Butte,007,227075,3273,3143,69,3212,57
2020-10-29,Calaveras,009,45235,346,278,0,278,13
2020-10-29,Colusa,011,21464,570,552,1,553,6
2020-10-29,Contra Costa,013,1133247,19569,18933,95,19028,249
2020-10-29,Del Norte,015,27424,186,174,0,174,2
2020-10-29,El Dorado,017,186661,1484,1370,14,1384,4
2020-10-29,Fresno,019,978130,34110,31321,504,31825,445
2020-10-29,Glenn,021,27897,701,673,2,675,3
2020-10-29,Humboldt,023,135768,586,559,1,560,7
2020-10-29,Imperial,025,180216,13178,12769,19,12788,334
2020-10-29,Inyo,027,18085,248,238,5,243,14
2020-10-29,Kern,029,883053,34464,33460,465,33925,437
2020-10-29,Kings,031,150075,8819,8502,52,8554,82
2020-10-29,Lake,033,64148,747,702,0,702,16
2020-10-29,Lassen,035,31185,787,772,2,774,0
2020-10-29,Los Angeles,037,10098052,309013,302246,2986,305232,7046
2020-10-29,Madera,039,155013,5163,4970,46,5016,53
2020-10-29,Marin,041,260295,7199,7083,20,7103,125
2020-10-29,Mariposa,043,17540,81,78,0,78,2
2020-10-29,Mendocino,045,87422,1110,1058,5,1063,21
2020-10-29,Merced,047,269075,9745,9496,38,9534,150
2020-10-29,Modoc,049,8938,49,31,3,34,0
2020-10-29,Mono,051,14174,256,176,6,182,1
2020-10-29,Monterey,053,433212,11736,11425,69,11494,92
2020-10-29,Napa,055,140530,2161,2009,10,2019,15
2020-10-29,Nevada,057,99092,677,632,18,650,9
2020-10-29,Orange,059,3164182,62110,59046,1825,60871,1464
2020-10-29,Placer,061,380077,4627,4270,18,4288,58
2020-10-29,Plumas,063,18699,90,69,0,69,0
2020-10-29,Riverside,065,2383286,69517,67268,485,67753,1304
2020-10-29,Sacramento,067,1510023,26661,25978,36,26014,507
2020-10-29,San Benito,069,59416,1463,1431,1,1432,15
2020-10-29,San Bernardino,071,2135413,66152,62968,494,63462,1150
2020-10-29,San Diego,073,3302833,58582,55916,1678,57594,885
2020-10-29,San Francisco,075,870044,12630,12312,50,12362,145
2020-10-29,San Joaquin,077,732212,22366,21736,239,21975,498
2020-10-29,San Luis Obispo,079,281455,4555,4223,35,4258,31
2020-10-29,San Mateo,081,765935,11644,11145,11,11156,157
2020-10-29,Santa Barbara,083,443738,10059,9902,95,9997,128
2020-10-29,Santa Clara,085,1922200,26232,24614,51,24665,377
2020-10-29,Santa Cruz,087,273765,3020,2850,34,2884,24
2020-10-29,Shasta,089,179085,2523,2008,21,2029,32
2020-10-29,Sierra,091,2930,6,6,0,6,0
2020-10-29,Siskiyou,093,43540,230,185,11,196,0
2020-10-29,Solano,095,438530,7834,7453,37,7490,78
2020-10-29,Sonoma,097,501317,9988,9533,33,9566,140
2020-10-29,Stanislaus,099,539301,18062,17790,787,18577,410
2020-10-29,Sutter,101,95872,1915,1852,1,1853,12
2020-10-29,Tehama,103,63373,995,925,2,927,5
2020-10-29,Trinity,105,12862,100,28,11,39,0
2020-10-29,Tulare,107,460477,18287,17627,434,18061,299
2020-10-29,Tuolumne,109,53932,308,279,6,285,4
2020-10-29,Ventura,111,848112,15337,14486,344,14830,154
2020-10-29,Yolo,113,214977,3360,3246,10,3256,60
2020-10-29,Yuba,115,75493,1307,1248,4,1252,10
2020-10-28,Alameda,001,1643700,24165,23468,226,23694,400
2020-10-28,Alpine,002,1148,6,4,0,4,0
2020-10-28,Amador,005,37829,363,337,0,337,16
2020-10-28,Butte,007,227075,3257,3134,66,3200,56
2020-10-28,Calaveras,009,45235,345,278,0,278,13
2020-10-28,Colusa,011,21464,567,551,1,552,6
2020-10-28,Contra Costa,013,1133247,19482,18828,94,18922,246
2020-10-28,Del Norte,015,27424,183,173,0,173,2
2020-10-28,El Dorado,017,186661,1472,1363,14,1377,4
2020-10-28,Fresno,019,978130,33989,31195,498,31693,444
2020-10-28,Glenn,021,27897,697,673,2,675,3
2020-10-28,Humboldt,023,135768,582,559,1,560,7
2020-10-28,Imperial,025,180216,13128,12730,19,12749,333
2020-10-28,Inyo,027,18085,248,238,5,243,14
2020-10-28,Kern,029,883053,34362,33424,447,33871,436
2020-10-28,Kings,031,150075,8797,8486,52,8538,82
2020-10-28,Lake,033,64148,744,700,0,700,15
2020-10-28,Lassen,035,31185,783,771,2,773,0
2020-10-28,Los Angeles,037,10098052,307558,300726,2943,303669,7031
2020-10-28,Madera,039,155013,5146,4954,45,4999,53
2020-10-28,Marin,041,260295,7188,7079,20,7099,126
2020-10-28,Mariposa,043,17540,81,78,0,78,2
2020-10-28,Mendocino,045,87422,1109,1037,5,1042,20
2020-10-28,Merced,047,269075,9719,9480,37,9517,150
2020-10-28,Modoc,049,8938,48,31,2,33,0
2020-10-28,Mono,051,14174,238,176,6,182,1
2020-10-28,Monterey,053,433212,11678,11330,67,11397,89
2020-10-28,Napa,055,140530,2135,1998,9,2007,15
2020-10-28,Nevada,057,99092,669,629,18,647,9
2020-10-28,Orange,059,3164182,61846,58801,1809,60610,1459
2020-10-28,Placer,061,380077,4571,4236,18,4254,57
2020-10-28,Plumas,063,18699,89,67,0,67,0
2020-10-28,Riverside,065,2383286,69120,67003,461,67464,1302
2020-10-28,Sacramento,067,1510023,26464,25838,35,25873,506
2020-10-28,San Benito,069,59416,1455,1429,1,1430,15
2020-10-28,San Bernardino,071,2135413,65693,62778,485,63263,1154
2020-10-28,San Diego,073,3302833,58199,55556,1649,57205,881
2020-10-28,San Francisco,075,870044,12572,12261,49,12310,145
2020-10-28,San Joaquin,077,732212,22282,21707,228,21935,498
2020-10-28,San Luis Obispo,079,281455,4511,4197,32,4229,31
2020-10-28,San Mateo,081,765935,11577,11101,11,11112,157
2020-10-28,Santa Barbara,083,443738,10036,9872,93,9965,127
2020-10-28,Santa Clara,085,1922200,26088,24503,51,24554,375
2020-10-28,Santa Cruz,087,273765,2989,2836,34,2870,24
2020-10-28,Shasta,089,179085,2443,1996,20,2016,31
2020-10-28,Sierra,091,2930,6,6,0,6,0
2020-10-28,Siskiyou,093,43540,227,182,10,192,0
2020-10-28,Solano,095,438530,7775,7362,37,7399,77
2020-10-28,Sonoma,097,501317,9898,9457,28,9485,140
2020-10-28,Stanislaus,099,539301,17997,17765,778,18543,409
2020-10-28,Sutter,101,95872,1906,1840,1,1841,12
2020-10-28,Tehama,103,63373,984,921,2,923,5
2020-10-28,Trinity,105,12862,93,28,10,38,0
2020-10-28,Tulare,107,460477,18230,17569,419,17988,297
2020-10-28,Tuolumne,109,53932,304,277,6,283,4
2020-10-28,Ventura,111,848112,15264,14409,335,14744,153
2020-10-28,Yolo,113,214977,3335,3230,10,3240,60
2020-10-28,Yuba,115,75493,1295,1245,4,1249,10
2020-10-27,Alameda,001,1643700,24050,23365,224,23589,400
2020-10-27,Alpine,002,1148,6,3,0,3,0
2020-10-27,Amador,005,37829,360,335,0,335,16
2020-10-27,Butte,007,227075,3241,3107,63,3170,56
2020-10-27,Calaveras,009,45235,343,277,0,277,13
2020-10-27,Colusa,011,21464,562,549,1,550,6
2020-10-27,Contra Costa,013,1133247,19376,18766,94,18860,246
2020-10-27,Del Norte,015,27424,180,173,0,173,2
2020-10-27,El Dorado,017,186661,1459,1351,14,1365,4
2020-10-27,Fresno,019,978130,33871,31096,492,31588,442
2020-10-27,Glenn,021,27897,695,667,1,668,3
2020-10-27,Humboldt,023,135768,579,559,1,560,7
2020-10-27,Imperial,025,180216,13079,12680,19,12699,333
2020-10-27,Inyo,027,18085,248,231,5,236,14
2020-10-27,Kern,029,883053,34245,33328,443,33771,436
2020-10-27,Kings,031,150075,8766,8411,52,8463,83
2020-10-27,Lake,033,64148,741,700,0,700,15
2020-10-27,Lassen,035,31185,781,764,2,766,0
2020-10-27,Los Angeles,037,10098052,306170,299438,2914,302352,7008
2020-10-27,Madera,039,155013,5116,4942,44,4986,53
2020-10-27,Marin,041,260295,7172,7070,20,7090,126
2020-10-27,Mariposa,043,17540,80,78,0,78,2
2020-10-27,Mendocino,045,87422,1103,1033,4,1037,20
2020-10-27,Merced,047,269075,9678,9449,37,9486,150
2020-10-27,Modoc,049,8938,46,31,2,33,0
2020-10-27,Mono,051,14174,224,169,6,175,1
2020-10-27,Monterey,053,433212,11622,11261,65,11326,88
2020-10-27,Napa,055,140530,2119,1979,9,1988,15
2020-10-27,Nevada,057,99092,663,622,18,640,8
2020-10-27,Orange,059,3164182,61576,58550,1793,60343,1448
2020-10-27,Placer,061,380077,4522,4197,16,4213,57
2020-10-27,Plumas,063,18699,86,63,0,63,0
2020-10-27,Riverside,065,2383286,68767,66699,416,67115,1299
2020-10-27,Sacramento,067,1510023,26277,25701,34,25735,501
2020-10-27,San Benito,069,59416,1450,1428,1,1429,15
2020-10-27,San Bernardino,071,2135413,65231,62357,472,62829,1154
2020-10-27,San Diego,073,3302833,57726,55226,1626,56852,877
2020-10-27,San Francisco,075,870044,12497,12218,48,12266,140
2020-10-27,San Joaquin,077,732212,22191,21637,219,21856,496
2020-10-27,San Luis Obispo,079,281455,4484,4148,28,4176,31
2020-10-27,San Mateo,081,765935,11530,11074,11,11085,156
2020-10-27,Santa Barbara,083,443738,10006,9874,92,9966,125
2020-10-27,Santa Clara,085,1922200,25946,24368,51,24419,367
2020-10-27,Santa Cruz,087,273765,2959,2815,33,2848,24
2020-10-27,Shasta,089,179085,2357,1962,20,1982,29
2020-10-27,Sierra,091,2930,6,6,0,6,0
2020-10-27,Siskiyou,093,43540,218,181,10,191,0
2020-10-27,Solano,095,438530,7706,7298,37,7335,77
2020-10-27,Sonoma,097,501317,9831,9389,28,9417,140
2020-10-27,Stanislaus,099,539301,17929,17720,771,18491,408
2020-10-27,Sutter,101,95872,1893,1832,1,1833,12
2020-10-27,Tehama,103,63373,970,913,2,915,5
2020-10-27,Trinity,105,12862,90,28,10,38,0
2020-10-27,Tulare,107,460477,18167,17520,396,17916,296
2020-10-27,Tuolumne,109,53932,300,275,6,281,4
2020-10-27,Ventura,111,848112,15181,14347,328,14675,153
2020-10-27,Yolo,113,214977,3322,3216,10,3226,58
2020-10-27,Yuba,115,75493,1282,1235,4,1239,10
2020-10-26,Alameda,001,1643700,23937,23284,223,23507,398
2020-10-26,Alpine,002,1148,4,3,0,3,0
2020-10-26,Amador,005,37829,356,331,0,331,16
2020-10-26,Butte,007,227075,3230,3095,61,3156,56
2020-10-26,Calaveras,009,45235,340,274,0,274,13
2020-10-26,Colusa,011,21464,560,548,1,549,6
2020-10-26,Contra Costa,013,1133247,19280,18718,93,18811,245
2020-10-26,Del Norte,015,27424,180,171,0,171,2
2020-10-26,El Dorado,017,186661,1445,1336,14,1350,4
2020-10-26,Fresno,019,978130,33758,30969,485,31454,441
2020-10-26,Glenn,021,27897,688,660,1,661,3
2020-10-26,Humboldt,023,135768,571,554,1,555,7
2020-10-26,Imperial,025,180216,13025,12654,16,12670,333
2020-10-26,Inyo,027,18085,248,226,5,231,14
2020-10-26,Kern,029,883053,34161,33233,438,33671,432
2020-10-26,Kings,031,150075,8745,8264,50,8314,82
2020-10-26,Lake,033,64148,739,697,0,697,15
2020-10-26,Lassen,035,31185,778,764,2,766,0
2020-10-26,Los Angeles,037,10098052,304742,297961,2873,300834,6979
2020-10-26,Madera,039,155013,5095,4922,43,4965,53
2020-10-26,Marin,041,260295,7166,7064,19,7083,104
2020-10-26,Mariposa,043,17540,80,77,0,77,2
2020-10-26,Mendocino,045,87422,1095,1026,4,1030,20
2020-10-26,Merced,047,269075,9631,9375,36,9411,150
2020-10-26,Modoc,049,8938,44,28,0,28,0
2020-10-26,Mono,051,14174,218,167,6,173,1
2020-10-26,Monterey,053,433212,11571,11207,61,11268,87
2020-10-26,Napa,055,140530,2087,1966,9,1975,14
2020-10-26,Nevada,057,99092,656,618,18,636,8
2020-10-26,Orange,059,3164182,61372,58377,1774,60151,1442
2020-10-26,Placer,061,380077,4480,4161,15,4176,57
2020-10-26,Plumas,063,18699,84,63,0,63,0
2020-10-26,Riverside,065,2383286,68316,66475,390,66865,1294
2020-10-26,Sacramento,067,1510023,26097,25555,32,25587,496
2020-10-26,San Benito,069,59416,1442,1424,1,1425,15
2020-10-26,San Bernardino,071,2135413,64760,61871,469,62340,1153
2020-10-26,San Diego,073,3302833,57333,54957,1588,56545,870
2020-10-26,San Francisco,075,870044,12437,12072,48,12120,138
2020-10-26,San Joaquin,077,732212,22108,21459,213,21672,495
2020-10-26,San Luis Obispo,079,281455,4458,4133,28,4161,31
2020-10-26,San Mateo,081,765935,11486,11037,11,11048,156
2020-10-26,Santa Barbara,083,443738,9983,9827,92,9919,122
2020-10-26,Santa Clara,085,1922200,25756,24258,50,24308,365
2020-10-26,Santa Cruz,087,273765,2933,2808,33,2841,24
2020-10-26,Shasta,089,179085,2303,1889,20,1909,29
2020-10-26,Sierra,091,2930,6,6,0,6,0
2020-10-26,Siskiyou,093,43540,210,179,10,189,0
2020-10-26,Solano,095,438530,7626,7271,37,7308,62
2020-10-26,Sonoma,097,501317,9754,9315,28,9343,140
2020-10-26,Stanislaus,099,539301,17879,17666,761,18427,400
2020-10-26,Sutter,101,95872,1885,1817,1,1818,12
2020-10-26,Tehama,103,63373,950,892,2,894,5
2020-10-26,Trinity,105,12862,89,26,10,36,0
2020-10-26,Tulare,107,460477,18090,17432,373,17805,296
2020-10-26,Tuolumne,109,53932,291,271,6,277,4
2020-10-26,Ventura,111,848112,15112,14330,325,14655,154
2020-10-26,Yolo,113,214977,3303,3206,10,3216,58
2020-10-26,Yuba,115,75493,1266,1226,4,1230,10
2020-10-25,Alameda,001,1643700,23830,23192,223,23415,398
2020-10-25,Alpine,002,1148,3,3,0,3,0
2020-10-25,Amador,005,37829,345,330,0,330,16
2020-10-25,Butte,007,227075,3210,3087,61,3148,56
2020-10-25,Calaveras,009,45235,339,274,0,274,13
2020-10-25,Colusa,011,21464,556,548,1,549,6
2020-10-25,Contra Costa,013,1133247,19177,18640,93,18733,245
2020-10-25,Del Norte,015,27424,176,171,0,171,2
2020-10-25,El Dorado,017,186661,1430,1328,14,1342,4
2020-10-25,Fresno,019,978130,33624,30858,472,31330,441
2020-10-25,Glenn,021,27897,685,652,1,653,3
2020-10-25,Humboldt,023,135768,568,554,1,555,7
2020-10-25,Imperial,025,180216,12976,12572,16,12588,333
2020-10-25,Inyo,027,18085,245,226,5,231,14
2020-10-25,Kern,029,883053,34054,33185,434,33619,432
2020-10-25,Kings,031,150075,8712,8246,48,8294,82
2020-10-25,Lake,033,64148,722,695,0,695,15
2020-10-25,Lassen,035,31185,776,764,2,766,0
2020-10-25,Los Angeles,037,10098052,303178,297110,2837,299947,6973
2020-10-25,Madera,039,155013,5065,4909,38,4947,53
2020-10-25,Marin,041,260295,7156,7052,19,7071,102
2020-10-25,Mariposa,043,17540,80,77,0,77,2
2020-10-25,Mendocino,045,87422,1088,1024,4,1028,20
2020-10-25,Merced,047,269075,9566,9352,34,9386,150
2020-10-25,Modoc,049,8938,39,28,0,28,0
2020-10-25,Mono,051,14174,210,167,6,173,1
2020-10-25,Monterey,053,433212,11488,11182,56,11238,87
2020-10-25,Napa,055,140530,2057,1962,9,1971,14
2020-10-25,Nevada,057,99092,648,616,18,634,8
2020-10-25,Orange,059,3164182,61083,58185,1765,59950,1443
2020-10-25,Placer,061,380077,4428,4140,15,4155,57
2020-10-25,Plumas,063,18699,84,63,0,63,0
2020-10-25,Riverside,065,2383286,67866,66192,374,66566,1289
2020-10-25,Sacramento,067,1510023,25882,25445,30,25475,496
2020-10-25,San Benito,069,59416,1435,1423,1,1424,15
2020-10-25,San Bernardino,071,2135413,64220,61551,457,62008,1153
2020-10-25,San Diego,073,3302833,56870,54599,1556,56155,870
2020-10-25,San Francisco,075,870044,12364,12072,48,12120,137
2020-10-25,San Joaquin,077,732212,22000,21459,204,21663,495
2020-10-25,San Luis Obispo,079,281455,4416,4126,26,4152,31
2020-10-25,San Mateo,081,765935,11441,10987,11,10998,156
2020-10-25,Santa Barbara,083,443738,9964,9814,92,9906,122
2020-10-25,Santa Clara,085,1922200,25568,24087,50,24137,365
2020-10-25,Santa Cruz,087,273765,2906,2789,33,2822,24
2020-10-25,Shasta,089,179085,2239,1889,20,1909,29
2020-10-25,Sierra,091,2930,6,6,0,6,0
2020-10-25,Siskiyou,093,43540,207,176,10,186,0
2020-10-25,Solano,095,438530,7548,7197,37,7234,60
2020-10-25,Sonoma,097,501317,9661,9235,27,9262,140
2020-10-25,Stanislaus,099,539301,17822,17641,752,18393,400
2020-10-25,Sutter,101,95872,1867,1811,1,1812,12
2020-10-25,Tehama,103,63373,933,880,2,882,5
2020-10-25,Trinity,105,12862,85,26,10,36,0
2020-10-25,Tulare,107,460477,18016,17431,363,17794,296
2020-10-25,Tuolumne,109,53932,286,271,6,277,4
2020-10-25,Ventura,111,848112,15019,14300,319,14619,154
2020-10-25,Yolo,113,214977,3282,3190,10,3200,58
2020-10-25,Yuba,115,75493,1258,1219,4,1223,10
2020-10-24,Alameda,001,1643700,23759,23099,220,23319,398
2020-10-24,Alpine,002,1148,3,3,0,3,0
2020-10-24,Amador,005,37829,344,328,0,328,16
2020-10-24,Butte,007,227075,3201,3078,61,3139,56
2020-10-24,Calaveras,009,45235,337,274,0,274,13
2020-10-24,Colusa,011,21464,551,548,1,549,6
2020-10-24,Contra Costa,013,1133247,19111,18567,93,18660,244
2020-10-24,Del Norte,015,27424,175,171,0,171,2
2020-10-24,El Dorado,017,186661,1414,1317,14,1331,4
2020-10-24,Fresno,019,978130,33563,30752,467,31219,441
2020-10-24,Glenn,021,27897,682,650,1,651,3
2020-10-24,Humboldt,023,135768,566,553,1,554,7
2020-10-24,Imperial,025,180216,12949,12469,16,12485,333
2020-10-24,Inyo,027,18085,245,226,5,231,14
2020-10-24,Kern,029,883053,33996,33105,429,33534,432
2020-10-24,Kings,031,150075,8702,8228,47,8275,82
2020-10-24,Lake,033,64148,717,696,0,696,15
2020-10-24,Lassen,035,31185,775,764,2,766,0
2020-10-24,Los Angeles,037,10098052,302360,296323,2815,299138,6969
2020-10-24,Madera,039,155013,5052,4898,37,4935,53
2020-10-24,Marin,041,260295,7147,7042,19,7061,102
2020-10-24,Mariposa,043,17540,80,77,0,77,2
2020-10-24,Mendocino,045,87422,1076,1022,4,1026,20
2020-10-24,Merced,047,269075,9542,9351,34,9385,150
2020-10-24,Modoc,049,8938,38,28,0,28,0
2020-10-24,Mono,051,14174,196,167,6,173,1
2020-10-24,Monterey,053,433212,11419,11153,55,11208,87
2020-10-24,Napa,055,140530,2040,1957,8,1965,14
2020-10-24,Nevada,057,99092,644,608,18,626,8
2020-10-24,Orange,059,3164182,60928,57928,1755,59683,1441
2020-10-24,Placer,061,380077,4397,4093,15,4108,57
2020-10-24,Plumas,063,18699,78,63,0,63,0
2020-10-24,Riverside,065,2383286,67658,65902,360,66262,1288
2020-10-24,Sacramento,067,1510023,25801,25372,30,25402,496
2020-10-24,San Benito,069,59416,1430,1417,1,1418,15
2020-10-24,San Bernardino,071,2135413,63981,61351,449,61800,1153
2020-10-24,San Diego,073,3302833,56593,54330,1543,55873,868
2020-10-24,San Francisco,075,870044,12305,12073,47,12120,137
2020-10-24,San Joaquin,077,732212,21947,21458,199,21657,495
2020-10-24,San Luis Obispo,079,281455,4393,4119,25,4144,31
2020-10-24,San Mateo,081,765935,11402,10942,11,10953,155
2020-10-24,Santa Barbara,083,443738,9947,9781,92,9873,122
2020-10-24,Santa Clara,085,1922200,25481,23978,50,24028,365
2020-10-24,Santa Cruz,087,273765,2887,2775,33,2808,24
2020-10-24,Shasta,089,179085,2194,1878,20,1898,29
2020-10-24,Sierra,091,2930,6,6,0,6,0
2020-10-24,Siskiyou,093,43540,206,174,10,184,0
2020-10-24,Solano,095,438530,7495,7189,37,7226,60
2020-10-24,Sonoma,097,501317,9627,9179,27,9206,140
2020-10-24,Stanislaus,099,539301,17779,17574,737,18311,400
2020-10-24,Sutter,101,95872,1858,1804,1,1805,12
2020-10-24,Tehama,103,63373,925,872,2,874,5
2020-10-24,Trinity,105,12862,85,25,10,35,0
2020-10-24,Tulare,107,460477,17994,17406,351,17757,295
2020-10-24,Tuolumne,109,53932,283,269,6,275,4
2020-10-24,Ventura,111,848112,14966,14240,318,14558,154
2020-10-24,Yolo,113,214977,3270,3164,10,3174,57
2020-10-24,Yuba,115,75493,1255,1210,4,1214,10
2020-10-23,Alameda,001,1643700,23686,23047,218,23265,393
2020-10-23,Alpine,002,1148,3,3,0,3,0
2020-10-23,Amador,005,37829,343,324,0,324,16
2020-10-23,Butte,007,227075,3192,3059,61,3120,55
2020-10-23,Calaveras,009,45235,336,273,0,273,13
2020-10-23,Colusa,011,21464,551,547,1,548,6
2020-10-23,Contra Costa,013,1133247,19041,18483,92,18575,244
2020-10-23,Del Norte,015,27424,175,171,0,171,2
2020-10-23,El Dorado,017,186661,1405,1310,14,1324,4
2020-10-23,Fresno,019,978130,33496,30590,464,31054,441
2020-10-23,Glenn,021,27897,679,644,1,645,3
2020-10-23,Humboldt,023,135768,564,553,1,554,7
2020-10-23,Imperial,025,180216,12918,12398,15,12413,333
2020-10-23,Inyo,027,18085,244,226,5,231,14
2020-10-23,Kern,029,883053,33928,33077,424,33501,431
2020-10-23,Kings,031,150075,8693,8218,47,8265,82
2020-10-23,Lake,033,64148,715,689,0,689,15
2020-10-23,Lassen,035,31185,774,764,2,766,0
2020-10-23,Los Angeles,037,10098052,301274,294287,2788,297075,6956
2020-10-23,Madera,039,155013,5047,4888,37,4925,53
2020-10-23,Marin,041,260295,7134,7029,19,7048,102
2020-10-23,Mariposa,043,17540,80,77,0,77,2
2020-10-23,Mendocino,045,87422,1073,1019,4,1023,20
2020-10-23,Merced,047,269075,9528,9327,34,9361,149
2020-10-23,Modoc,049,8938,38,28,0,28,0
2020-10-23,Mono,051,14174,194,159,6,165,1
2020-10-23,Monterey,053,433212,11372,11099,51,11150,86
2020-10-23,Napa,055,140530,2032,1942,8,1950,14
2020-10-23,Nevada,057,99092,641,604,18,622,8
2020-10-23,Orange,059,3164182,60758,57595,1740,59335,1430
2020-10-23,Placer,061,380077,4350,4073,15,4088,57
2020-10-23,Plumas,063,18699,75,63,0,63,0
2020-10-23,Riverside,065,2383286,67419,65512,352,65864,1279
2020-10-23,Sacramento,067,1510023,25696,25224,30,25254,496
2020-10-23,San Benito,069,59416,1428,1412,1,1413,15
2020-10-23,San Bernardino,071,2135413,63695,60854,435,61289,1150
2020-10-23,San Diego,073,3302833,56287,53944,1516,55460,867
2020-10-23,San Francisco,075,870044,12274,12015,47,12062,137
2020-10-23,San Joaquin,077,732212,21891,21361,193,21554,495
2020-10-23,San Luis Obispo,079,281455,4368,4102,25,4127,31
2020-10-23,San Mateo,081,765935,11353,10872,11,10883,155
2020-10-23,Santa Barbara,083,443738,9931,9751,92,9843,121
2020-10-23,Santa Clara,085,1922200,25379,23822,50,23872,364
2020-10-23,Santa Cruz,087,273765,2873,2757,33,2790,24
2020-10-23,Shasta,089,179085,2157,1846,19,1865,29
2020-10-23,Sierra,091,2930,6,6,0,6,0
2020-10-23,Siskiyou,093,43540,202,172,10,182,0
2020-10-23,Solano,095,438530,7464,7174,37,7211,59
2020-10-23,Sonoma,097,501317,9570,9112,27,9139,139
2020-10-23,Stanislaus,099,539301,17742,17496,730,18226,395
2020-10-23,Sutter,101,95872,1851,1797,1,1798,12
2020-10-23,Tehama,103,63373,916,862,2,864,5
2020-10-23,Trinity,105,12862,85,26,10,36,0
2020-10-23,Tulare,107,460477,17949,17334,340,17674,295
2020-10-23,Tuolumne,109,53932,280,254,6,260,4
2020-10-23,Ventura,111,848112,14937,14192,318,14510,155
2020-10-23,Yolo,113,214977,3258,3140,10,3150,57
2020-10-23,Yuba,115,75493,1251,1206,4,1210,10
2020-10-22,Alameda,001,1643700,23585,22915,218,23133,393
2020-10-22,Alpine,002,1148,3,3,0,3,0
2020-10-22,Amador,005,37829,339,317,0,317,16
2020-10-22,Butte,007,227075,3182,3046,59,3105,55
2020-10-22,Calaveras,009,45235,332,273,0,273,13
2020-10-22,Colusa,011,21464,551,547,1,548,6
2020-10-22,Contra Costa,013,1133247,18970,18393,92,18485,243
2020-10-22,Del Norte,015,27424,174,168,0,168,2
2020-10-22,El Dorado,017,186661,1395,1308,14,1322,4
2020-10-22,Fresno,019,978130,33385,30471,456,30927,438
2020-10-22,Glenn,021,27897,672,643,1,644,3
2020-10-22,Humboldt,023,135768,562,548,1,549,7
2020-10-22,Imperial,025,180216,12865,12311,15,12326,333
2020-10-22,Inyo,027,18085,241,220,5,225,14
2020-10-22,Kern,029,883053,33847,32991,421,33412,431
2020-10-22,Kings,031,150075,8442,8201,47,8248,82
2020-10-22,Lake,033,64148,711,678,0,678,15
2020-10-22,Lassen,035,31185,771,764,2,766,0
2020-10-22,Los Angeles,037,10098052,299895,291599,2734,294333,6935
2020-10-22,Madera,039,155013,5026,4847,37,4884,52
2020-10-22,Marin,041,260295,7127,7014,19,7033,102
2020-10-22,Mariposa,043,17540,80,77,0,77,2
2020-10-22,Mendocino,045,87422,1068,1016,4,1020,20
2020-10-22,Merced,047,269075,9500,9323,34,9357,149
2020-10-22,Modoc,049,8938,34,26,0,26,0
2020-10-22,Mono,051,14174,189,156,6,162,1
2020-10-22,Monterey,053,433212,11313,11059,48,11107,84
2020-10-22,Napa,055,140530,2017,1928,8,1936,14
2020-10-22,Nevada,057,99092,635,600,18,618,8
2020-10-22,Orange,059,3164182,60544,57418,1723,59141,1422
2020-10-22,Placer,061,380077,4301,4036,15,4051,57
2020-10-22,Plumas,063,18699,72,62,0,62,0
2020-10-22,Riverside,065,2383286,67084,65104,334,65438,1279
2020-10-22,Sacramento,067,1510023,25556,25054,30,25084,492
2020-10-22,San Benito,069,59416,1424,1403,1,1404,15
2020-10-22,San Bernardino,071,2135413,63293,60402,420,60822,1149
2020-10-22,San Diego,073,3302833,55900,53514,1497,55011,866
2020-10-22,San Francisco,075,870044,12216,11991,45,12036,137
2020-10-22,San Joaquin,077,732212,21818,21282,187,21469,495
2020-10-22,San Luis Obispo,079,281455,4352,4081,25,4106,31
2020-10-22,San Mateo,081,765935,11297,10796,11,10807,155
2020-10-22,Santa Barbara,083,443738,9898,9710,90,9800,120
2020-10-22,Santa Clara,085,1922200,25225,23621,50,23671,363
2020-10-22,Santa Cruz,087,273765,2855,2738,32,2770,24
2020-10-22,Shasta,089,179085,2111,1799,19,1818,29
2020-10-22,Sierra,091,2930,6,6,0,6,0
2020-10-22,Siskiyou,093,43540,201,169,10,179,0
2020-10-22,Solano,095,438530,7418,7116,37,7153,59
2020-10-22,Sonoma,097,501317,9504,9052,26,9078,139
2020-10-22,Stanislaus,099,539301,17689,17440,718,18158,395
2020-10-22,Sutter,101,95872,1837,1794,1,1795,12
2020-10-22,Tehama,103,63373,905,852,2,854,5
2020-10-22,Trinity,105,12862,84,26,10,36,0
2020-10-22,Tulare,107,460477,17883,17265,327,17592,293
2020-10-22,Tuolumne,109,53932,277,252,6,258,4
2020-10-22,Ventura,111,848112,14890,14124,316,14440,154
2020-10-22,Yolo,113,214977,3246,3116,10,3126,58
2020-10-22,Yuba,115,75493,1244,1199,3,1202,10
2020-10-21,Alameda,001,1643700,23497,22853,216,23069,392
2020-10-21,Alpine,002,1148,3,3,0,3,0
2020-10-21,Amador,005,37829,334,313,0,313,16
2020-10-21,Butte,007,227075,3170,3041,59,3100,55
2020-10-21,Calaveras,009,45235,331,272,0,272,13
2020-10-21,Colusa,011,21464,551,546,1,547,6
2020-10-21,Contra Costa,013,1133247,18896,18299,92,18391,243
2020-10-21,Del Norte,015,27424,174,169,0,169,2
2020-10-21,El Dorado,017,186661,1383,1305,13,1318,4
2020-10-21,Fresno,019,978130,33287,30328,451,30779,433
2020-10-21,Glenn,021,27897,667,640,1,641,3
2020-10-21,Humboldt,023,135768,561,548,1,549,7
2020-10-21,Imperial,025,180216,12808,12210,15,12225,331
2020-10-21,Inyo,027,18085,237,220,5,225,14
2020-10-21,Kern,029,883053,33772,32956,419,33375,430
2020-10-21,Kings,031,150075,8415,8186,47,8233,80
2020-10-21,Lake,033,64148,710,676,0,676,15
2020-10-21,Lassen,035,31185,770,764,2,766,0
2020-10-21,Los Angeles,037,10098052,298554,288096,2692,290788,6923
2020-10-21,Madera,039,155013,5001,4831,37,4868,52
2020-10-21,Marin,041,260295,7118,7002,19,7021,102
2020-10-21,Mariposa,043,17540,80,77,0,77,2
2020-10-21,Mendocino,045,87422,1066,1011,4,1015,21
2020-10-21,Merced,047,269075,9476,9319,32,9351,149
2020-10-21,Modoc,049,8938,33,26,0,26,0
2020-10-21,Mono,051,14174,187,156,6,162,1
2020-10-21,Monterey,053,433212,11275,11005,47,11052,83
2020-10-21,Napa,055,140530,2002,1918,8,1926,13
2020-10-21,Nevada,057,99092,629,597,18,615,8
2020-10-21,Orange,059,3164182,60332,57189,1714,58903,1409
2020-10-21,Placer,061,380077,4264,4007,15,4022,56
2020-10-21,Plumas,063,18699,69,58,0,58,0
2020-10-21,Riverside,065,2383286,66788,64778,310,65088,1278
2020-10-21,Sacramento,067,1510023,25362,24908,30,24938,490
2020-10-21,San Benito,069,59416,1423,1401,1,1402,14
2020-10-21,San Bernardino,071,2135413,62883,59948,413,60361,1141
2020-10-21,San Diego,073,3302833,55548,53279,1469,54748,863
2020-10-21,San Francisco,075,870044,12167,11976,44,12020,137
2020-10-21,San Joaquin,077,732212,21742,21201,181,21382,495
2020-10-21,San Luis Obispo,079,281455,4325,4055,23,4078,31
2020-10-21,San Mateo,081,765935,11248,10730,11,10741,155
2020-10-21,Santa Barbara,083,443738,9881,9681,89,9770,121
2020-10-21,Santa Clara,085,1922200,25098,23537,50,23587,361
2020-10-21,Santa Cruz,087,273765,2832,2729,32,2761,24
2020-10-21,Shasta,089,179085,2075,1777,19,1796,27
2020-10-21,Sierra,091,2930,6,6,0,6,0
2020-10-21,Siskiyou,093,43540,197,169,10,179,0
2020-10-21,Solano,095,438530,7372,7088,37,7125,59
2020-10-21,Sonoma,097,501317,9424,8987,26,9013,138
2020-10-21,Stanislaus,099,539301,17640,17419,710,18129,392
2020-10-21,Sutter,101,95872,1823,1786,1,1787,12
2020-10-21,Tehama,103,63373,889,824,2,826,5
2020-10-21,Trinity,105,12862,78,25,9,34,0
2020-10-21,Tulare,107,460477,17845,17204,313,17517,292
2020-10-21,Tuolumne,109,53932,276,251,6,257,4
2020-10-21,Ventura,111,848112,14827,14050,313,14363,153
2020-10-21,Yolo,113,214977,3227,3095,10,3105,58
2020-10-21,Yuba,115,75493,1236,1194,3,1197,10
2020-10-20,Alameda,001,1643700,23395,22750,212,22962,391
2020-10-20,Alpine,002,1148,3,3,0,3,0
2020-10-20,Amador,005,37829,333,313,0,313,16
2020-10-20,Butte,007,227075,3158,3027,59,3086,56
2020-10-20,Calaveras,009,45235,329,273,0,273,13
2020-10-20,Colusa,011,21464,548,546,1,547,6
2020-10-20,Contra Costa,013,1133247,18803,18246,92,18338,241
2020-10-20,Del Norte,015,27424,173,169,0,169,2
2020-10-20,El Dorado,017,186661,1377,1295,13,1308,4
2020-10-20,Fresno,019,978130,33184,30220,445,30665,431
2020-10-20,Glenn,021,27897,662,638,1,639,3
2020-10-20,Humboldt,023,135768,557,545,1,546,7
2020-10-20,Imperial,025,180216,12740,12114,15,12129,330
2020-10-20,Inyo,027,18085,237,218,5,223,14
2020-10-20,Kern,029,883053,33697,32889,406,33295,429
2020-10-20,Kings,031,150075,8397,8178,46,8224,80
2020-10-20,Lake,033,64148,708,675,0,675,15
2020-10-20,Lassen,035,31185,769,757,2,759,0
2020-10-20,Los Angeles,037,10098052,297059,287727,2644,290371,6891
2020-10-20,Madera,039,155013,4984,4823,37,4860,52
2020-10-20,Marin,041,260295,7103,6994,19,7013,101
2020-10-20,Mariposa,043,17540,79,77,0,77,2
2020-10-20,Mendocino,045,87422,1064,1004,4,1008,21
2020-10-20,Merced,047,269075,9454,9323,32,9355,149
2020-10-20,Modoc,049,8938,32,26,0,26,0
2020-10-20,Mono,051,14174,187,156,6,162,1
2020-10-20,Monterey,053,433212,11232,10942,44,10986,81
2020-10-20,Napa,055,140530,1983,1912,8,1920,13
2020-10-20,Nevada,057,99092,619,596,18,614,8
2020-10-20,Orange,059,3164182,60068,56914,1704,58618,1397
2020-10-20,Placer,061,380077,4226,3997,15,4012,56
2020-10-20,Plumas,063,18699,66,53,0,53,0
2020-10-20,Riverside,065,2383286,66409,64452,298,64750,1275
2020-10-20,Sacramento,067,1510023,25234,24767,29,24796,485
2020-10-20,San Benito,069,59416,1420,1398,1,1399,14
2020-10-20,San Bernardino,071,2135413,62499,59571,411,59982,1109
2020-10-20,San Diego,073,3302833,55212,53004,1449,54453,857
2020-10-20,San Francisco,075,870044,12120,12013,43,12056,126
2020-10-20,San Joaquin,077,732212,21663,21173,172,21345,490
2020-10-20,San Luis Obispo,079,281455,4307,4043,22,4065,31
2020-10-20,San Mateo,081,765935,11201,10659,11,10670,155
2020-10-20,Santa Barbara,083,443738,9852,9664,87,9751,121
2020-10-20,Santa Clara,085,1922200,24960,23406,50,23456,358
2020-10-20,Santa Cruz,087,273765,2809,2710,32,2742,23
2020-10-20,Shasta,089,179085,2052,1747,19,1766,20
2020-10-20,Sierra,091,2930,6,6,0,6,0
2020-10-20,Siskiyou,093,43540,189,168,10,178,0
2020-10-20,Solano,095,438530,7323,7044,37,7081,57
2020-10-20,Sonoma,097,501317,9361,8904,24,8928,135
2020-10-20,Stanislaus,099,539301,17587,17367,706,18073,393
2020-10-20,Sutter,101,95872,1814,1783,1,1784,12
2020-10-20,Tehama,103,63373,874,813,2,815,5
2020-10-20,Trinity,105,12862,77,25,9,34,0
2020-10-20,Tulare,107,460477,17778,17156,308,17464,289
2020-10-20,Tuolumne,109,53932,274,250,6,256,4
2020-10-20,Ventura,111,848112,14763,13980,311,14291,152
2020-10-20,Yolo,113,214977,3204,3083,10,3093,56
2020-10-20,Yuba,115,75493,1226,1191,3,1194,10
2020-10-19,Alameda,001,1643700,23285,22647,211,22858,392
2020-10-19,Alpine,002,1148,3,3,0,3,0
2020-10-19,Amador,005,37829,327,313,0,313,16
2020-10-19,Butte,007,227075,3147,3026,59,3085,55
2020-10-19,Calaveras,009,45235,329,268,0,268,13
2020-10-19,Colusa,011,21464,548,544,1,545,6
2020-10-19,Contra Costa,013,1133247,18705,18173,92,18265,239
2020-10-19,Del Norte,015,27424,170,167,0,167,2
2020-10-19,El Dorado,017,186661,1356,1287,13,1300,4
2020-10-19,Fresno,019,978130,33074,30152,439,30591,431
2020-10-19,Glenn,021,27897,657,635,0,635,3
2020-10-19,Humboldt,023,135768,557,543,1,544,7
2020-10-19,Imperial,025,180216,12686,12036,14,12050,330
2020-10-19,Inyo,027,18085,236,218,5,223,14
2020-10-19,Kern,029,883053,33621,32840,403,33243,428
2020-10-19,Kings,031,150075,8379,8173,46,8219,80
2020-10-19,Lake,033,64148,705,673,0,673,15
2020-10-19,Lassen,035,31185,768,757,2,759,0
2020-10-19,Los Angeles,037,10098052,295574,287119,2607,289726,6858
2020-10-19,Madera,039,155013,4969,4787,37,4824,52
2020-10-19,Marin,041,260295,7085,6981,19,7000,100
2020-10-19,Mariposa,043,17540,79,77,0,77,2
2020-10-19,Mendocino,045,87422,1059,1001,4,1005,21
2020-10-19,Merced,047,269075,9429,9305,29,9334,148
2020-10-19,Modoc,049,8938,31,26,0,26,0
2020-10-19,Mono,051,14174,182,156,6,162,1
2020-10-19,Monterey,053,433212,11171,10907,44,10951,80
2020-10-19,Napa,055,140530,1971,1892,8,1900,12
2020-10-19,Nevada,057,99092,616,590,18,608,8
2020-10-19,Orange,059,3164182,59784,56652,1689,58341,1396
2020-10-19,Placer,061,380077,4178,3962,15,3977,49
2020-10-19,Plumas,063,18699,64,52,0,52,0
2020-10-19,Riverside,065,2383286,65978,64016,282,64298,1272
2020-10-19,Sacramento,067,1510023,25095,24542,29,24571,483
2020-10-19,San Benito,069,59416,1413,1395,1,1396,14
2020-10-19,San Bernardino,071,2135413,62047,59265,399,59664,1100
2020-10-19,San Diego,073,3302833,54826,52739,1424,54163,853
2020-10-19,San Francisco,075,870044,12076,11879,43,11922,126
2020-10-19,San Joaquin,077,732212,21588,20930,164,21094,489
2020-10-19,San Luis Obispo,079,281455,4291,4016,22,4038,31
2020-10-19,San Mateo,081,765935,11155,10568,11,10579,154
2020-10-19,Santa Barbara,083,443738,9816,9632,87,9719,121
2020-10-19,Santa Clara,085,1922200,24810,23301,50,23351,352
2020-10-19,Santa Cruz,087,273765,2792,2705,32,2737,19
2020-10-19,Shasta,089,179085,2008,1709,18,1727,20
2020-10-19,Sierra,091,2930,6,6,0,6,0
2020-10-19,Siskiyou,093,43540,182,167,10,177,0
2020-10-19,Solano,095,438530,7282,7003,37,7040,57
2020-10-19,Sonoma,097,501317,9274,8830,24,8854,135
2020-10-19,Stanislaus,099,539301,17536,17342,696,18038,390
2020-10-19,Sutter,101,95872,1809,1773,1,1774,12
2020-10-19,Tehama,103,63373,871,793,2,795,5
2020-10-19,Trinity,105,12862,75,23,9,32,0
2020-10-19,Tulare,107,460477,17728,17047,301,17348,291
2020-10-19,Tuolumne,109,53932,272,247,6,253,4
2020-10-19,Ventura,111,848112,14698,13930,308,14238,152
2020-10-19,Yolo,113,214977,3191,3069,10,3079,56
2020-10-19,Yuba,115,75493,1219,1183,3,1186,10
2020-10-18,Alameda,001,1643700,23181,22546,210,22756,392
2020-10-18,Alpine,002,1148,3,3,0,3,0
2020-10-18,Amador,005,37829,316,313,0,313,16
2020-10-18,Butte,007,227075,3134,3019,59,3078,55
2020-10-18,Calaveras,009,45235,328,267,0,267,13
2020-10-18,Colusa,011,21464,546,544,1,545,6
2020-10-18,Contra Costa,013,1133247,18607,18120,92,18212,237
2020-10-18,Del Norte,015,27424,170,167,0,167,2
2020-10-18,El Dorado,017,186661,1347,1283,13,1296,4
2020-10-18,Fresno,019,978130,32944,30051,431,30482,430
2020-10-18,Glenn,021,27897,655,634,0,634,3
2020-10-18,Humboldt,023,135768,554,540,1,541,7
2020-10-18,Imperial,025,180216,12623,11987,13,12000,330
2020-10-18,Inyo,027,18085,233,215,5,220,14
2020-10-18,Kern,029,883053,33548,32799,396,33195,428
2020-10-18,Kings,031,150075,8364,8159,46,8205,80
2020-10-18,Lake,033,64148,698,670,0,670,15
2020-10-18,Lassen,035,31185,768,757,2,759,0
2020-10-18,Los Angeles,037,10098052,293863,286187,2566,288753,6857
2020-10-18,Madera,039,155013,4944,4770,37,4807,52
2020-10-18,Marin,041,260295,7064,6969,19,6988,99
2020-10-18,Mariposa,043,17540,79,77,0,77,2
2020-10-18,Mendocino,045,87422,1057,988,4,992,21
2020-10-18,Merced,047,269075,9394,9292,29,9321,148
2020-10-18,Modoc,049,8938,30,26,0,26,0
2020-10-18,Mono,051,14174,177,155,6,161,1
2020-10-18,Monterey,053,433212,11118,10872,44,10916,80
2020-10-18,Napa,055,140530,1958,1882,8,1890,12
2020-10-18,Nevada,057,99092,610,582,18,600,8
2020-10-18,Orange,059,3164182,59487,56394,1672,58066,1396
2020-10-18,Placer,061,380077,4130,3938,15,3953,49
2020-10-18,Plumas,063,18699,62,52,0,52,0
2020-10-18,Riverside,065,2383286,65665,63765,261,64026,1270
2020-10-18,Sacramento,067,1510023,24940,24425,29,24454,482
2020-10-18,San Benito,069,59416,1406,1395,1,1396,14
2020-10-18,San Bernardino,071,2135413,61548,58893,391,59284,1098
2020-10-18,San Diego,073,3302833,54437,52359,1403,53762,853
2020-10-18,San Francisco,075,870044,12037,11878,43,11921,126
2020-10-18,San Joaquin,077,732212,21505,20931,151,21082,489
2020-10-18,San Luis Obispo,079,281455,4260,4009,20,4029,31
2020-10-18,San Mateo,081,765935,11096,10503,11,10514,154
2020-10-18,Santa Barbara,083,443738,9776,9608,86,9694,121
2020-10-18,Santa Clara,085,1922200,24637,23169,50,23219,352
2020-10-18,Santa Cruz,087,273765,2778,2692,32,2724,19
2020-10-18,Shasta,089,179085,1983,1708,18,1726,20
2020-10-18,Sierra,091,2930,6,6,0,6,0
2020-10-18,Siskiyou,093,43540,182,167,10,177,0
2020-10-18,Solano,095,438530,7235,6962,37,6999,57
2020-10-18,Sonoma,097,501317,9197,8781,23,8804,134
2020-10-18,Stanislaus,099,539301,17479,17290,687,17977,390
2020-10-18,Sutter,101,95872,1800,1764,1,1765,12
2020-10-18,Tehama,103,63373,839,774,2,776,5
2020-10-18,Trinity,105,12862,75,20,9,29,0
2020-10-18,Tulare,107,460477,17634,17048,292,17340,290
2020-10-18,Tuolumne,109,53932,266,245,6,251,4
2020-10-18,Ventura,111,848112,14618,13901,307,14208,151
2020-10-18,Yolo,113,214977,3152,3059,10,3069,55
2020-10-18,Yuba,115,75493,1208,1176,3,1179,10
2020-10-17,Alameda,001,1643700,23136,22394,208,22602,398
2020-10-17,Alpine,002,1148,3,3,0,3,0
2020-10-17,Amador,005,37829,314,309,0,309,16
2020-10-17,Butte,007,227075,3127,3012,57,3069,55
2020-10-17,Calaveras,009,45235,328,267,0,267,13
2020-10-17,Colusa,011,21464,545,544,1,545,6
2020-10-17,Contra Costa,013,1133247,18554,18005,92,18097,237
2020-10-17,Del Norte,015,27424,170,167,0,167,2
2020-10-17,El Dorado,017,186661,1343,1277,13,1290,4
2020-10-17,Fresno,019,978130,32889,29911,429,30340,430
2020-10-17,Glenn,021,27897,652,633,0,633,3
2020-10-17,Humboldt,023,135768,551,535,1,536,7
2020-10-17,Imperial,025,180216,12595,11962,13,11975,330
2020-10-17,Inyo,027,18085,228,212,5,217,14
2020-10-17,Kern,029,883053,33497,32710,393,33103,428
2020-10-17,Kings,031,150075,8358,8151,45,8196,80
2020-10-17,Lake,033,64148,695,663,0,663,15
2020-10-17,Lassen,035,31185,768,757,2,759,0
2020-10-17,Los Angeles,037,10098052,293109,285858,2539,288397,6844
2020-10-17,Madera,039,155013,4938,4759,37,4796,53
2020-10-17,Marin,041,260295,7061,6958,19,6977,99
2020-10-17,Mariposa,043,17540,78,77,0,77,2
2020-10-17,Mendocino,045,87422,1050,977,4,981,21
2020-10-17,Merced,047,269075,9381,9275,29,9304,148
2020-10-17,Modoc,049,8938,30,26,0,26,0
2020-10-17,Mono,051,14174,176,155,6,161,1
2020-10-17,Monterey,053,433212,11079,10807,43,10850,80
2020-10-17,Napa,055,140530,1949,1866,8,1874,12
2020-10-17,Nevada,057,99092,609,580,18,598,8
2020-10-17,Orange,059,3164182,59345,56197,1666,57863,1396
2020-10-17,Placer,061,380077,4103,3898,15,3913,49
2020-10-17,Plumas,063,18699,62,52,0,52,0
2020-10-17,Riverside,065,2383286,65468,63171,252,63423,1270
2020-10-17,Sacramento,067,1510023,24857,24304,29,24333,482
2020-10-17,San Benito,069,59416,1402,1389,1,1390,14
2020-10-17,San Bernardino,071,2135413,61275,58415,384,58799,1097
2020-10-17,San Diego,073,3302833,54212,51986,1392,53378,853
2020-10-17,San Francisco,075,870044,12010,11877,42,11919,126
2020-10-17,San Joaquin,077,732212,21451,20932,145,21077,489
2020-10-17,San Luis Obispo,079,281455,4245,3979,20,3999,31
2020-10-17,San Mateo,081,765935,11068,10423,11,10434,153
2020-10-17,Santa Barbara,083,443738,9757,9588,84,9672,121
2020-10-17,Santa Clara,085,1922200,24547,22997,50,23047,349
2020-10-17,Santa Cruz,087,273765,2764,2680,32,2712,19
2020-10-17,Shasta,089,179085,1957,1679,18,1697,20
2020-10-17,Sierra,091,2930,6,6,0,6,0
2020-10-17,Siskiyou,093,43540,181,167,10,177,0
2020-10-17,Solano,095,438530,7208,6929,37,6966,57
2020-10-17,Sonoma,097,501317,9154,8725,23,8748,134
2020-10-17,Stanislaus,099,539301,17438,17232,678,17910,390
2020-10-17,Sutter,101,95872,1798,1762,1,1763,12
2020-10-17,Tehama,103,63373,823,764,2,766,5
2020-10-17,Trinity,105,12862,75,20,9,29,0
2020-10-17,Tulare,107,460477,17604,16995,283,17278,290
2020-10-17,Tuolumne,109,53932,266,241,6,247,4
2020-10-17,Ventura,111,848112,14573,13845,304,14149,151
2020-10-17,Yolo,113,214977,3137,3045,9,3054,55
2020-10-17,Yuba,115,75493,1203,1164,3,1167,10
2020-10-16,Alameda,001,1643700,23082,22315,208,22523,397
2020-10-16,Alpine,002,1148,3,3,0,3,0
2020-10-16,Amador,005,37829,314,309,0,309,16
2020-10-16,Butte,007,227075,3115,3004,57,3061,54
2020-10-16,Calaveras,009,45235,328,267,0,267,13
2020-10-16,Colusa,011,21464,544,544,1,545,6
2020-10-16,Contra Costa,013,1133247,18502,17956,92,18048,237
2020-10-16,Del Norte,015,27424,169,166,0,166,2
2020-10-16,El Dorado,017,186661,1337,1273,13,1286,4
2020-10-16,Fresno,019,978130,32814,29796,428,30224,427
2020-10-16,Glenn,021,27897,647,632,0,632,3
2020-10-16,Humboldt,023,135768,551,533,1,534,7
2020-10-16,Imperial,025,180216,12555,11885,13,11898,330
2020-10-16,Inyo,027,18085,224,212,5,217,14
2020-10-16,Kern,029,883053,33454,32660,391,33051,428
2020-10-16,Kings,031,150075,8349,8146,44,8190,80
2020-10-16,Lake,033,64148,693,644,0,644,14
2020-10-16,Lassen,035,31185,768,757,2,759,0
2020-10-16,Los Angeles,037,10098052,292045,284988,2518,287506,6835
2020-10-16,Madera,039,155013,4926,4736,36,4772,53
2020-10-16,Marin,041,260295,7051,6933,19,6952,99
2020-10-16,Mariposa,043,17540,78,76,0,76,2
2020-10-16,Mendocino,045,87422,1043,974,4,978,21
2020-10-16,Merced,047,269075,9364,9246,29,9275,148
2020-10-16,Modoc,049,8938,30,26,0,26,0
2020-10-16,Mono,051,14174,174,155,6,161,1
2020-10-16,Monterey,053,433212,11044,10727,43,10770,79
2020-10-16,Napa,055,140530,1940,1855,8,1863,12
2020-10-16,Nevada,057,99092,607,579,18,597,8
2020-10-16,Orange,059,3164182,59167,56091,1660,57751,1388
2020-10-16,Placer,061,380077,4082,3864,15,3879,49
2020-10-16,Plumas,063,18699,61,52,0,52,0
2020-10-16,Riverside,065,2383286,65242,62986,251,63237,1267
2020-10-16,Sacramento,067,1510023,24762,24144,29,24173,479
2020-10-16,San Benito,069,59416,1399,1388,1,1389,14
2020-10-16,San Bernardino,071,2135413,61005,58233,384,58617,1069
2020-10-16,San Diego,073,3302833,53970,51785,1378,53163,850
2020-10-16,San Francisco,075,870044,11987,11840,41,11881,126
2020-10-16,San Joaquin,077,732212,21406,20910,144,21054,489
2020-10-16,San Luis Obispo,079,281455,4229,3952,20,3972,32
2020-10-16,San Mateo,081,765935,11042,10405,11,10416,153
2020-10-16,Santa Barbara,083,443738,9738,9549,84,9633,119
2020-10-16,Santa Clara,085,1922200,24459,22920,50,22970,345
2020-10-16,Santa Cruz,087,273765,2751,2666,32,2698,20
2020-10-16,Shasta,089,179085,1935,1660,18,1678,20
2020-10-16,Sierra,091,2930,6,6,0,6,0
2020-10-16,Siskiyou,093,43540,179,167,10,177,0
2020-10-16,Solano,095,438530,7185,6879,37,6916,55
2020-10-16,Sonoma,097,501317,9098,8652,23,8675,133
2020-10-16,Stanislaus,099,539301,17404,17201,670,17871,366
2020-10-16,Sutter,101,95872,1790,1756,1,1757,12
2020-10-16,Tehama,103,63373,822,737,2,739,3
2020-10-16,Trinity,105,12862,75,20,9,29,0
2020-10-16,Tulare,107,460477,17572,16965,275,17240,290
2020-10-16,Tuolumne,109,53932,264,237,6,243,4
2020-10-16,Ventura,111,848112,14530,13805,299,14104,152
2020-10-16,Yolo,113,214977,3128,3030,9,3039,55
2020-10-16,Yuba,115,75493,1203,1155,3,1158,10
2020-10-15,Alameda,001,1643700,23014,22267,207,22474,390
2020-10-15,Alpine,002,1148,3,3,0,3,0
2020-10-15,Amador,005,37829,314,309,0,309,16
2020-10-15,Butte,007,227075,3103,3000,56,3056,54
2020-10-15,Calaveras,009,45235,327,267,0,267,13
2020-10-15,Colusa,011,21464,543,543,1,544,6
2020-10-15,Contra Costa,013,1133247,18434,17893,91,17984,237
2020-10-15,Del Norte,015,27424,169,164,0,164,2
2020-10-15,El Dorado,017,186661,1332,1265,13,1278,4
2020-10-15,Fresno,019,978130,32714,29727,425,30152,425
2020-10-15,Glenn,021,27897,642,632,0,632,3
2020-10-15,Humboldt,023,135768,547,531,1,532,7
2020-10-15,Imperial,025,180216,12514,11820,12,11832,330
2020-10-15,Inyo,027,18085,224,210,5,215,14
2020-10-15,Kern,029,883053,33373,32593,388,32981,427
2020-10-15,Kings,031,150075,8334,8134,44,8178,80
2020-10-15,Lake,033,64148,691,642,0,642,14
2020-10-15,Lassen,035,31185,767,752,2,754,0
2020-10-15,Los Angeles,037,10098052,290760,284019,2485,286504,6807
2020-10-15,Madera,039,155013,4913,4723,35,4758,50
2020-10-15,Marin,041,260295,7043,6912,19,6931,99
2020-10-15,Mariposa,043,17540,78,76,0,76,2
2020-10-15,Mendocino,045,87422,1037,963,4,967,21
2020-10-15,Merced,047,269075,9337,9213,28,9241,147
2020-10-15,Modoc,049,8938,30,26,0,26,0
2020-10-15,Mono,051,14174,174,155,6,161,1
2020-10-15,Monterey,053,433212,10977,10677,42,10719,79
2020-10-15,Napa,055,140530,1927,1842,8,1850,12
2020-10-15,Nevada,057,99092,603,575,18,593,8
2020-10-15,Orange,059,3164182,58951,55952,1648,57600,1379
2020-10-15,Placer,061,380077,4053,3848,15,3863,48
2020-10-15,Plumas,063,18699,58,52,0,52,0
2020-10-15,Riverside,065,2383286,64910,62819,248,63067,1266
2020-10-15,Sacramento,067,1510023,24646,24068,29,24097,474
2020-10-15,San Benito,069,59416,1396,1384,1,1385,14
2020-10-15,San Bernardino,071,2135413,60666,58068,381,58449,1067
2020-10-15,San Diego,073,3302833,53686,51472,1362,52834,847
2020-10-15,San Francisco,075,870044,11959,11808,38,11846,126
2020-10-15,San Joaquin,077,732212,21335,20880,138,21018,487
2020-10-15,San Luis Obispo,079,281455,4213,3934,20,3954,32
2020-10-15,San Mateo,081,765935,11002,10340,11,10351,152
2020-10-15,Santa Barbara,083,443738,9714,9526,83,9609,117
2020-10-15,Santa Clara,085,1922200,24343,22808,50,22858,343
2020-10-15,Santa Cruz,087,273765,2737,2656,32,2688,13
2020-10-15,Shasta,089,179085,1924,1635,18,1653,20
2020-10-15,Sierra,091,2930,6,6,0,6,0
2020-10-15,Siskiyou,093,43540,175,166,10,176,0
2020-10-15,Solano,095,438530,7146,6830,37,6867,55
2020-10-15,Sonoma,097,501317,9006,8571,23,8594,133
2020-10-15,Stanislaus,099,539301,17366,17151,656,17807,366
2020-10-15,Sutter,101,95872,1787,1752,1,1753,12
2020-10-15,Tehama,103,63373,795,726,2,728,3
2020-10-15,Trinity,105,12862,75,20,9,29,0
2020-10-15,Tulare,107,460477,17512,16918,260,17178,289
2020-10-15,Tuolumne,109,53932,262,236,6,242,4
2020-10-15,Ventura,111,848112,14474,13750,294,14044,152
2020-10-15,Yolo,113,214977,3108,3014,9,3023,55
2020-10-15,Yuba,115,75493,1196,1151,3,1154,10
2020-10-14,Alameda,001,1643700,22915,22227,206,22433,398
2020-10-14,Alpine,002,1148,3,3,0,3,0
2020-10-14,Amador,005,37829,312,308,0,308,16
2020-10-14,Butte,007,227075,3095,2995,56,3051,54
2020-10-14,Calaveras,009,45235,327,266,0,266,12
2020-10-14,Colusa,011,21464,543,543,1,544,6
2020-10-14,Contra Costa,013,1133247,18376,17820,89,17909,236
2020-10-14,Del Norte,015,27424,168,163,0,163,2
2020-10-14,El Dorado,017,186661,1326,1264,12,1276,4
2020-10-14,Fresno,019,978130,32601,29650,419,30069,424
2020-10-14,Glenn,021,27897,641,629,0,629,3
2020-10-14,Humboldt,023,135768,544,531,1,532,7
2020-10-14,Imperial,025,180216,12477,11765,10,11775,330
2020-10-14,Inyo,027,18085,223,209,4,213,14
2020-10-14,Kern,029,883053,33298,32528,386,32914,425
2020-10-14,Kings,031,150075,8316,8118,44,8162,80
2020-10-14,Lake,033,64148,690,642,0,642,14
2020-10-14,Lassen,035,31185,765,752,2,754,0
2020-10-14,Los Angeles,037,10098052,289445,282918,2442,285360,6786
2020-10-14,Madera,039,155013,4898,4713,33,4746,50
2020-10-14,Marin,041,260295,7037,6907,19,6926,99
2020-10-14,Mariposa,043,17540,77,76,0,76,2
2020-10-14,Mendocino,045,87422,1031,955,4,959,21
2020-10-14,Merced,047,269075,9312,9201,27,9228,147
2020-10-14,Modoc,049,8938,30,27,0,27,0
2020-10-14,Mono,051,14174,174,155,6,161,1
2020-10-14,Monterey,053,433212,10927,10616,42,10658,78
2020-10-14,Napa,055,140530,1910,1837,8,1845,12
2020-10-14,Nevada,057,99092,601,573,18,591,7
2020-10-14,Orange,059,3164182,58738,55756,1639,57395,1348
2020-10-14,Placer,061,380077,4030,3829,15,3844,48
2020-10-14,Plumas,063,18699,54,52,0,52,0
2020-10-14,Riverside,065,2383286,64627,62607,247,62854,1261
2020-10-14,Sacramento,067,1510023,24502,24013,29,24042,472
2020-10-14,San Benito,069,59416,1394,1381,0,1381,14
2020-10-14,San Bernardino,071,2135413,60340,57774,377,58151,1063
2020-10-14,San Diego,073,3302833,53367,51329,1338,52667,844
2020-10-14,San Francisco,075,870044,11927,11783,37,11820,123
2020-10-14,San Joaquin,077,732212,21256,20845,124,20969,487
2020-10-14,San Luis Obispo,079,281455,4190,3901,19,3920,32
2020-10-14,San Mateo,081,765935,10951,10309,11,10320,132
2020-10-14,Santa Barbara,083,443738,9680,9509,83,9592,117
2020-10-14,Santa Clara,085,1922200,24194,22735,50,22785,343
2020-10-14,Santa Cruz,087,273765,2727,2618,32,2650,13
2020-10-14,Shasta,089,179085,1886,1553,18,1571,20
2020-10-14,Sierra,091,2930,6,6,0,6,0
2020-10-14,Siskiyou,093,43540,175,166,10,176,0
2020-10-14,Solano,095,438530,7090,6786,37,6823,55
2020-10-14,Sonoma,097,501317,8953,8514,23,8537,133
2020-10-14,Stanislaus,099,539301,17321,17105,653,17758,365
2020-10-14,Sutter,101,95872,1778,1747,1,1748,12
2020-10-14,Tehama,103,63373,784,721,2,723,3
2020-10-14,Trinity,105,12862,74,20,9,29,0
2020-10-14,Tulare,107,460477,17449,16863,247,17110,287
2020-10-14,Tuolumne,109,53932,261,236,6,242,4
2020-10-14,Ventura,111,848112,14420,13697,290,13987,152
2020-10-14,Yolo,113,214977,3090,3007,8,3015,55
2020-10-14,Yuba,115,75493,1188,1147,3,1150,10
2020-10-13,Alameda,001,1643700,22811,22185,204,22389,389
2020-10-13,Alpine,002,1148,3,3,0,3,0
2020-10-13,Amador,005,37829,310,306,0,306,16
2020-10-13,Butte,007,227075,3087,2992,56,3048,54
2020-10-13,Calaveras,009,45235,323,262,0,262,12
2020-10-13,Colusa,011,21464,543,541,1,542,6
2020-10-13,Contra Costa,013,1133247,18319,17783,89,17872,234
2020-10-13,Del Norte,015,27424,168,163,0,163,2
2020-10-13,El Dorado,017,186661,1317,1262,12,1274,4
2020-10-13,Fresno,019,978130,32478,29579,415,29994,424
2020-10-13,Glenn,021,27897,640,629,0,629,3
2020-10-13,Humboldt,023,135768,542,523,1,524,7
2020-10-13,Imperial,025,180216,12441,11727,10,11737,327
2020-10-13,Inyo,027,18085,220,207,4,211,14
2020-10-13,Kern,029,883053,33224,32497,384,32881,419
2020-10-13,Kings,031,150075,8307,8111,44,8155,80
2020-10-13,Lake,033,64148,687,639,0,639,12
2020-10-13,Lassen,035,31185,763,752,2,754,0
2020-10-13,Los Angeles,037,10098052,288164,281716,2402,284118,6767
2020-10-13,Madera,039,155013,4879,4700,33,4733,50
2020-10-13,Marin,041,260295,7015,6900,18,6918,97
2020-10-13,Mariposa,043,17540,77,76,0,76,2
2020-10-13,Mendocino,045,87422,1022,950,4,954,21
2020-10-13,Merced,047,269075,9295,9181,27,9208,146
2020-10-13,Modoc,049,8938,29,28,0,28,0
2020-10-13,Mono,051,14174,174,155,5,160,1
2020-10-13,Monterey,053,433212,10866,10574,41,10615,78
2020-10-13,Napa,055,140530,1901,1825,8,1833,12
2020-10-13,Nevada,057,99092,594,572,18,590,7
2020-10-13,Orange,059,3164182,58525,55515,1626,57141,1326
2020-10-13,Placer,061,380077,3992,3825,15,3840,48
2020-10-13,Plumas,063,18699,52,51,0,51,0
2020-10-13,Riverside,065,2383286,64308,62279,245,62524,1254
2020-10-13,Sacramento,067,1510023,24425,23930,29,23959,466
2020-10-13,San Benito,069,59416,1386,1380,0,1380,14
2020-10-13,San Bernardino,071,2135413,60002,57411,375,57786,1061
2020-10-13,San Diego,073,3302833,53074,51026,1321,52347,840
2020-10-13,San Francisco,075,870044,11890,11659,37,11696,122
2020-10-13,San Joaquin,077,732212,21194,20822,120,20942,481
2020-10-13,San Luis Obispo,079,281455,4173,3892,18,3910,32
2020-10-13,San Mateo,081,765935,10908,10286,11,10297,130
2020-10-13,Santa Barbara,083,443738,9648,9489,83,9572,117
2020-10-13,Santa Clara,085,1922200,24066,22678,50,22728,343
2020-10-13,Santa Cruz,087,273765,2709,2603,32,2635,13
2020-10-13,Shasta,089,179085,1862,1606,18,1624,20
2020-10-13,Sierra,091,2930,6,6,0,6,0
2020-10-13,Siskiyou,093,43540,174,163,10,173,0
2020-10-13,Solano,095,438530,7055,6761,37,6798,55
2020-10-13,Sonoma,097,501317,8870,8456,23,8479,133
2020-10-13,Stanislaus,099,539301,17276,17082,648,17730,362
2020-10-13,Sutter,101,95872,1769,1748,1,1749,12
2020-10-13,Tehama,103,63373,777,717,2,719,3
2020-10-13,Trinity,105,12862,70,19,8,27,0
2020-10-13,Tulare,107,460477,17392,16822,239,17061,286
2020-10-13,Tuolumne,109,53932,259,235,6,241,4
2020-10-13,Ventura,111,848112,14366,13645,286,13931,151
2020-10-13,Yolo,113,214977,3082,2983,7,2990,55
2020-10-13,Yuba,115,75493,1183,1143,3,1146,10
2020-10-12,Alameda,001,1643700,22732,22126,203,22329,389
2020-10-12,Alpine,002,1148,3,3,0,3,0
2020-10-12,Amador,005,37829,309,305,0,305,16
2020-10-12,Butte,007,227075,3080,2975,56,3031,54
2020-10-12,Calaveras,009,45235,323,262,0,262,12
2020-10-12,Colusa,011,21464,543,541,1,542,6
2020-10-12,Contra Costa,013,1133247,18245,17728,89,17817,233
2020-10-12,Del Norte,015,27424,168,161,0,161,2
2020-10-12,El Dorado,017,186661,1314,1254,12,1266,4
2020-10-12,Fresno,019,978130,32346,29523,411,29934,421
2020-10-12,Glenn,021,27897,639,626,0,626,3
2020-10-12,Humboldt,023,135768,539,522,1,523,7
2020-10-12,Imperial,025,180216,12403,11689,10,11699,328
2020-10-12,Inyo,027,18085,217,201,4,205,14
2020-10-12,Kern,029,883053,33131,32425,380,32805,419
2020-10-12,Kings,031,150075,8301,8106,44,8150,80
2020-10-12,Lake,033,64148,681,633,0,633,12
2020-10-12,Lassen,035,31185,763,752,2,754,0
2020-10-12,Los Angeles,037,10098052,286944,280961,2375,283336,6747
2020-10-12,Madera,039,155013,4859,4689,33,4722,50
2020-10-12,Marin,041,260295,6998,6886,18,6904,97
2020-10-12,Mariposa,043,17540,77,76,0,76,2
2020-10-12,Mendocino,045,87422,1016,947,4,951,21
2020-10-12,Merced,047,269075,9274,9141,27,9168,146
2020-10-12,Modoc,049,8938,29,27,0,27,0
2020-10-12,Mono,051,14174,174,154,5,159,1
2020-10-12,Monterey,053,433212,10800,10473,41,10514,77
2020-10-12,Napa,055,140530,1893,1819,8,1827,11
2020-10-12,Nevada,057,99092,590,570,18,588,7
2020-10-12,Orange,059,3164182,58296,55373,1616,56989,1326
2020-10-12,Placer,061,380077,3960,3808,14,3822,48
2020-10-12,Plumas,063,18699,52,51,0,51,0
2020-10-12,Riverside,065,2383286,63997,62279,241,62520,1254
2020-10-12,Sacramento,067,1510023,24320,23807,29,23836,466
2020-10-12,San Benito,069,59416,1383,1376,0,1376,13
2020-10-12,San Bernardino,071,2135413,59626,57235,374,57609,1061
2020-10-12,San Diego,073,3302833,52784,50748,1294,52042,826
2020-10-12,San Francisco,075,870044,11858,11659,37,11696,122
2020-10-12,San Joaquin,077,732212,21131,20701,114,20815,480
2020-10-12,San Luis Obispo,079,281455,4146,3874,18,3892,32
2020-10-12,San Mateo,081,765935,10860,10262,11,10273,130
2020-10-12,Santa Barbara,083,443738,9609,9462,83,9545,117
2020-10-12,Santa Clara,085,1922200,23950,22578,50,22628,343
2020-10-12,Santa Cruz,087,273765,2692,2590,32,2622,13
2020-10-12,Shasta,089,179085,1837,1515,18,1533,20
2020-10-12,Sierra,091,2930,6,6,0,6,0
2020-10-12,Siskiyou,093,43540,173,162,10,172,0
2020-10-12,Solano,095,438530,7016,6742,37,6779,55
2020-10-12,Sonoma,097,501317,8798,8377,23,8400,133
2020-10-12,Stanislaus,099,539301,17227,17051,639,17690,361
2020-10-12,Sutter,101,95872,1761,1741,1,1742,12
2020-10-12,Tehama,103,63373,761,708,2,710,3
2020-10-12,Trinity,105,12862,69,19,8,27,0
2020-10-12,Tulare,107,460477,17341,16742,232,16974,286
2020-10-12,Tuolumne,109,53932,254,234,6,240,4
2020-10-12,Ventura,111,848112,14304,13617,282,13899,151
2020-10-12,Yolo,113,214977,3067,2964,7,2971,55
2020-10-12,Yuba,115,75493,1173,1141,3,1144,10
2020-10-11,Alameda,001,1643700,22642,22057,199,22256,392
2020-10-11,Alpine,002,1148,3,3,0,3,0
2020-10-11,Amador,005,37829,307,305,0,305,16
2020-10-11,Butte,007,227075,3072,2967,55,3022,54
2020-10-11,Calaveras,009,45235,321,262,0,262,12
2020-10-11,Colusa,011,21464,541,541,1,542,6
2020-10-11,Contra Costa,013,1133247,18161,17678,89,17767,233
2020-10-11,Del Norte,015,27424,166,161,0,161,2
2020-10-11,El Dorado,017,186661,1305,1242,12,1254,4
2020-10-11,Fresno,019,978130,32208,29419,403,29822,421
2020-10-11,Glenn,021,27897,637,625,0,625,3
2020-10-11,Humboldt,023,135768,538,521,1,522,7
2020-10-11,Imperial,025,180216,12344,11614,10,11624,328
2020-10-11,Inyo,027,18085,213,201,4,205,14
2020-10-11,Kern,029,883053,33044,32399,372,32771,418
2020-10-11,Kings,031,150075,8284,8094,43,8137,80
2020-10-11,Lake,033,64148,668,631,0,631,12
2020-10-11,Lassen,035,31185,762,752,2,754,0
2020-10-11,Los Angeles,037,10098052,285508,280190,2333,282523,6745
2020-10-11,Madera,039,155013,4831,4680,32,4712,50
2020-10-11,Marin,041,260295,6989,6870,18,6888,97
2020-10-11,Mariposa,043,17540,77,76,0,76,2
2020-10-11,Mendocino,045,87422,1009,944,4,948,21
2020-10-11,Merced,047,269075,9256,9124,27,9151,146
2020-10-11,Modoc,049,8938,29,27,0,27,0
2020-10-11,Mono,051,14174,174,154,5,159,1
2020-10-11,Monterey,053,433212,10749,10445,39,10484,77
2020-10-11,Napa,055,140530,1877,1811,8,1819,11
2020-10-11,Nevada,057,99092,588,569,18,587,7
2020-10-11,Orange,059,3164182,58066,55202,1611,56813,1326
2020-10-11,Placer,061,380077,3939,3787,14,3801,48
2020-10-11,Plumas,063,18699,52,51,0,51,0
2020-10-11,Riverside,065,2383286,63709,62112,237,62349,1254
2020-10-11,Sacramento,067,1510023,24177,23778,29,23807,466
2020-10-11,San Benito,069,59416,1382,1374,0,1374,13
2020-10-11,San Bernardino,071,2135413,59174,56997,372,57369,1061
2020-10-11,San Diego,073,3302833,52434,50553,1272,51825,826
2020-10-11,San Francisco,075,870044,11815,11659,37,11696,122
2020-10-11,San Joaquin,077,732212,21056,20700,104,20804,480
2020-10-11,San Luis Obispo,079,281455,4129,3874,17,3891,32
2020-10-11,San Mateo,081,765935,10828,10240,11,10251,130
2020-10-11,Santa Barbara,083,443738,9578,9440,82,9522,117
2020-10-11,Santa Clara,085,1922200,23810,22487,49,22536,336
2020-10-11,Santa Cruz,087,273765,2678,2578,32,2610,13
2020-10-11,Shasta,089,179085,1807,1515,17,1532,20
2020-10-11,Sierra,091,2930,6,6,0,6,0
2020-10-11,Siskiyou,093,43540,172,162,10,172,0
2020-10-11,Solano,095,438530,6962,6685,37,6722,53
2020-10-11,Sonoma,097,501317,8741,8319,23,8342,133
2020-10-11,Stanislaus,099,539301,17163,17007,623,17630,360
2020-10-11,Sutter,101,95872,1758,1742,1,1743,12
2020-10-11,Tehama,103,63373,737,702,2,704,3
2020-10-11,Trinity,105,12862,69,19,8,27,0
2020-10-11,Tulare,107,460477,17277,16741,224,16965,286
2020-10-11,Tuolumne,109,53932,249,234,6,240,4
2020-10-11,Ventura,111,848112,14243,13604,277,13881,151
2020-10-11,Yolo,113,214977,3037,2952,7,2959,55
2020-10-11,Yuba,115,75493,1162,1137,3,1140,10
2020-10-10,Alameda,001,1643700,22592,21979,198,22177,398
2020-10-10,Alpine,002,1148,3,3,0,3,0
2020-10-10,Amador,005,37829,306,304,0,304,16
2020-10-10,Butte,007,227075,3067,2962,54,3016,54
2020-10-10,Calaveras,009,45235,320,262,0,262,12
2020-10-10,Colusa,011,21464,541,541,1,542,6
2020-10-10,Contra Costa,013,1133247,18125,17566,88,17654,233
2020-10-10,Del Norte,015,27424,166,161,0,161,2
2020-10-10,El Dorado,017,186661,1303,1240,12,1252,4
2020-10-10,Fresno,019,978130,32144,29286,401,29687,421
2020-10-10,Glenn,021,27897,637,623,0,623,3
2020-10-10,Humboldt,023,135768,535,518,1,519,7
2020-10-10,Imperial,025,180216,12329,11591,10,11601,327
2020-10-10,Inyo,027,18085,210,201,4,205,14
2020-10-10,Kern,029,883053,33007,32338,372,32710,418
2020-10-10,Kings,031,150075,8280,8078,43,8121,80
2020-10-10,Lake,033,64148,667,630,0,630,11
2020-10-10,Lassen,035,31185,762,752,2,754,0
2020-10-10,Los Angeles,037,10098052,284791,279213,2299,281512,6743
2020-10-10,Madera,039,155013,4819,4662,32,4694,50
2020-10-10,Marin,041,260295,6980,6852,18,6870,97
2020-10-10,Mariposa,043,17540,77,76,0,76,2
2020-10-10,Mendocino,045,87422,1002,935,4,939,21
2020-10-10,Merced,047,269075,9250,9105,26,9131,146
2020-10-10,Modoc,049,8938,29,27,0,27,0
2020-10-10,Mono,051,14174,174,154,5,159,1
2020-10-10,Monterey,053,433212,10716,10410,39,10449,75
2020-10-10,Napa,055,140530,1870,1804,8,1812,11
2020-10-10,Nevada,057,99092,585,564,18,582,6
2020-10-10,Orange,059,3164182,57945,54965,1606,56571,1324
2020-10-10,Placer,061,380077,3922,3757,14,3771,48
2020-10-10,Plumas,063,18699,52,51,0,51,0
2020-10-10,Riverside,065,2383286,63506,61845,235,62080,1254
2020-10-10,Sacramento,067,1510023,24109,23689,29,23718,466
2020-10-10,San Benito,069,59416,1380,1370,0,1370,13
2020-10-10,San Bernardino,071,2135413,59012,56683,370,57053,1061
2020-10-10,San Diego,073,3302833,52204,50145,1254,51399,825
2020-10-10,San Francisco,075,870044,11794,11663,37,11700,122
2020-10-10,San Joaquin,077,732212,21028,20700,100,20800,481
2020-10-10,San Luis Obispo,079,281455,4109,3832,17,3849,32
2020-10-10,San Mateo,081,765935,10791,10218,11,10229,130
2020-10-10,Santa Barbara,083,443738,9567,9417,82,9499,116
2020-10-10,Santa Clara,085,1922200,23719,22354,49,22403,330
2020-10-10,Santa Cruz,087,273765,2664,2572,32,2604,13
2020-10-10,Shasta,089,179085,1790,1473,17,1490,20
2020-10-10,Sierra,091,2930,6,6,0,6,0
2020-10-10,Siskiyou,093,43540,172,161,10,171,0
2020-10-10,Solano,095,438530,6936,6655,37,6692,53
2020-10-10,Sonoma,097,501317,8721,8235,23,8258,133
2020-10-10,Stanislaus,099,539301,17128,16960,615,17575,360
2020-10-10,Sutter,101,95872,1755,1735,1,1736,12
2020-10-10,Tehama,103,63373,730,693,2,695,3
2020-10-10,Trinity,105,12862,69,19,8,27,0
2020-10-10,Tulare,107,460477,17241,16709,219,16928,286
2020-10-10,Tuolumne,109,53932,249,233,6,239,4
2020-10-10,Ventura,111,848112,14218,13520,277,13797,151
2020-10-10,Yolo,113,214977,3028,2939,7,2946,55
2020-10-10,Yuba,115,75493,1160,1134,3,1137,10
2020-10-09,Alameda,001,1643700,22544,21924,198,22122,399
2020-10-09,Alpine,002,1148,3,3,0,3,0
2020-10-09,Amador,005,37829,306,303,0,303,16
2020-10-09,Butte,007,227075,3064,2956,54,3010,51
2020-10-09,Calaveras,009,45235,318,262,0,262,11
2020-10-09,Colusa,011,21464,541,541,1,542,6
2020-10-09,Contra Costa,013,1133247,18074,17487,88,17575,229
2020-10-09,Del Norte,015,27424,165,161,0,161,2
2020-10-09,El Dorado,017,186661,1299,1234,12,1246,4
2020-10-09,Fresno,019,978130,32070,29208,399,29607,417
2020-10-09,Glenn,021,27897,632,617,0,617,3
2020-10-09,Humboldt,023,135768,533,516,1,517,7
2020-10-09,Imperial,025,180216,12303,11516,10,11526,330
2020-10-09,Inyo,027,18085,207,200,4,204,14
2020-10-09,Kern,029,883053,32963,32237,370,32607,417
2020-10-09,Kings,031,150075,8273,7993,41,8034,80
2020-10-09,Lake,033,64148,657,610,0,610,11
2020-10-09,Lassen,035,31185,762,751,2,753,0
2020-10-09,Los Angeles,037,10098052,283656,278039,2275,280314,6715
2020-10-09,Madera,039,155013,4809,4646,32,4678,50
2020-10-09,Marin,041,260295,6966,6838,18,6856,96
2020-10-09,Mariposa,043,17540,77,76,0,76,2
2020-10-09,Mendocino,045,87422,992,933,4,937,20
2020-10-09,Merced,047,269075,9236,9095,26,9121,145
2020-10-09,Modoc,049,8938,29,27,0,27,0
2020-10-09,Mono,051,14174,174,154,5,159,1
2020-10-09,Monterey,053,433212,10682,10369,39,10408,75
2020-10-09,Napa,055,140530,1860,1795,8,1803,11
2020-10-09,Nevada,057,99092,580,561,18,579,6
2020-10-09,Orange,059,3164182,57774,54746,1601,56347,1305
2020-10-09,Placer,061,380077,3908,3737,13,3750,48
2020-10-09,Plumas,063,18699,52,50,0,50,0
2020-10-09,Riverside,065,2383286,63270,61529,234,61763,1252
2020-10-09,Sacramento,067,1510023,24040,23606,29,23635,457
2020-10-09,San Benito,069,59416,1375,1367,0,1367,13
2020-10-09,San Bernardino,071,2135413,58772,56434,368,56802,1057
2020-10-09,San Diego,073,3302833,51928,49825,1243,51068,821
2020-10-09,San Francisco,075,870044,11764,11620,37,11657,120
2020-10-09,San Joaquin,077,732212,20998,20648,92,20740,481
2020-10-09,San Luis Obispo,079,281455,4090,3810,17,3827,32
2020-10-09,San Mateo,081,765935,10763,10140,11,10151,130
2020-10-09,Santa Barbara,083,443738,9539,9396,82,9478,116
2020-10-09,Santa Clara,085,1922200,23617,22251,48,22299,328
2020-10-09,Santa Cruz,087,273765,2655,2555,32,2587,13
2020-10-09,Shasta,089,179085,1764,1353,16,1369,20
2020-10-09,Sierra,091,2930,6,6,0,6,0
2020-10-09,Siskiyou,093,43540,170,156,10,166,0
2020-10-09,Solano,095,438530,6897,6614,37,6651,53
2020-10-09,Sonoma,097,501317,8667,8133,23,8156,133
2020-10-09,Stanislaus,099,539301,17103,16904,608,17512,362
2020-10-09,Sutter,101,95872,1751,1732,1,1733,12
2020-10-09,Tehama,103,63373,724,682,2,684,3
2020-10-09,Trinity,105,12862,69,25,8,33,0
2020-10-09,Tulare,107,460477,17201,16644,210,16854,286
2020-10-09,Tuolumne,109,53932,246,230,6,236,4
2020-10-09,Ventura,111,848112,14182,13469,274,13743,151
2020-10-09,Yolo,113,214977,3021,2928,7,2935,55
2020-10-09,Yuba,115,75493,1159,1129,3,1132,10
2020-10-08,Alameda,001,1643700,22463,21826,197,22023,395
2020-10-08,Alpine,002,1148,3,3,0,3,0
2020-10-08,Amador,005,37829,305,302,0,302,16
2020-10-08,Butte,007,227075,3054,2935,54,2989,51
2020-10-08,Calaveras,009,45235,317,262,0,262,11
2020-10-08,Colusa,011,21464,541,539,1,540,6
2020-10-08,Contra Costa,013,1133247,18014,17418,87,17505,228
2020-10-08,Del Norte,015,27424,165,151,0,151,2
2020-10-08,El Dorado,017,186661,1298,1230,12,1242,4
2020-10-08,Fresno,019,978130,31966,29111,399,29510,416
2020-10-08,Glenn,021,27897,629,616,0,616,3
2020-10-08,Humboldt,023,135768,529,515,1,516,7
2020-10-08,Imperial,025,180216,12263,11405,10,11415,330
2020-10-08,Inyo,027,18085,204,199,4,203,14
2020-10-08,Kern,029,883053,32905,32169,365,32534,411
2020-10-08,Kings,031,150075,8267,7968,41,8009,80
2020-10-08,Lake,033,64148,652,604,0,604,11
2020-10-08,Lassen,035,31185,757,751,2,753,0
2020-10-08,Los Angeles,037,10098052,282454,276763,2235,278998,6699
2020-10-08,Madera,039,155013,4791,4637,32,4669,50
2020-10-08,Marin,041,260295,6952,6810,18,6828,96
2020-10-08,Mariposa,043,17540,77,76,0,76,2
2020-10-08,Mendocino,045,87422,987,930,4,934,20
2020-10-08,Merced,047,269075,9216,9069,26,9095,144
2020-10-08,Modoc,049,8938,29,27,0,27,0
2020-10-08,Mono,051,14174,174,153,5,158,1
2020-10-08,Monterey,053,433212,10615,10343,39,10382,75
2020-10-08,Napa,055,140530,1845,1779,8,1787,11
2020-10-08,Nevada,057,99092,577,556,18,574,6
2020-10-08,Orange,059,3164182,57581,54523,1590,56113,1293
2020-10-08,Placer,061,380077,3890,3715,13,3728,48
2020-10-08,Plumas,063,18699,52,50,0,50,0
2020-10-08,Riverside,065,2383286,63002,61105,233,61338,1244
2020-10-08,Sacramento,067,1510023,23933,23482,29,23511,454
2020-10-08,San Benito,069,59416,1370,1367,0,1367,13
2020-10-08,San Bernardino,071,2135413,58407,56152,367,56519,1048
2020-10-08,San Diego,073,3302833,51648,49468,1211,50679,819
2020-10-08,San Francisco,075,870044,11726,11608,37,11645,115
2020-10-08,San Joaquin,077,732212,20946,20576,87,20663,478
2020-10-08,San Luis Obispo,079,281455,4074,3785,17,3802,32
2020-10-08,San Mateo,081,765935,10731,10044,11,10055,130
2020-10-08,Santa Barbara,083,443738,9511,9374,82,9456,116
2020-10-08,Santa Clara,085,1922200,23515,22095,48,22143,323
2020-10-08,Santa Cruz,087,273765,2643,2535,32,2567,13
2020-10-08,Shasta,089,179085,1730,1305,16,1321,20
2020-10-08,Sierra,091,2930,6,6,0,6,0
2020-10-08,Siskiyou,093,43540,170,156,10,166,0
2020-10-08,Solano,095,438530,6873,6556,37,6593,53
2020-10-08,Sonoma,097,501317,8603,8063,23,8086,132
2020-10-08,Stanislaus,099,539301,17057,16821,600,17421,360
2020-10-08,Sutter,101,95872,1751,1725,1,1726,12
2020-10-08,Tehama,103,63373,715,676,2,678,3
2020-10-08,Trinity,105,12862,68,25,8,33,0
2020-10-08,Tulare,107,460477,17140,16573,202,16775,283
2020-10-08,Tuolumne,109,53932,245,230,6,236,4
2020-10-08,Ventura,111,848112,14134,13399,272,13671,151
2020-10-08,Yolo,113,214977,3004,2914,7,2921,55
2020-10-08,Yuba,115,75493,1154,1126,3,1129,10
2020-10-07,Alameda,001,1643700,22386,21736,197,21933,395
2020-10-07,Alpine,002,1148,3,3,0,3,0
2020-10-07,Amador,005,37829,305,302,0,302,16
2020-10-07,Butte,007,227075,3043,2927,54,2981,47
2020-10-07,Calaveras,009,45235,315,262,0,262,11
2020-10-07,Colusa,011,21464,540,539,0,539,6
2020-10-07,Contra Costa,013,1133247,17944,17346,86,17432,225
2020-10-07,Del Norte,015,27424,164,149,0,149,2
2020-10-07,El Dorado,017,186661,1290,1219,12,1231,4
2020-10-07,Fresno,019,978130,31845,29069,394,29463,413
2020-10-07,Glenn,021,27897,629,615,0,615,3
2020-10-07,Humboldt,023,135768,526,512,1,513,7
2020-10-07,Imperial,025,180216,12226,11289,9,11298,330
2020-10-07,Inyo,027,18085,204,199,4,203,14
2020-10-07,Kern,029,883053,32832,32068,364,32432,410
2020-10-07,Kings,031,150075,8252,7948,41,7989,80
2020-10-07,Lake,033,64148,651,599,0,599,11
2020-10-07,Lassen,035,31185,757,751,2,753,0
2020-10-07,Los Angeles,037,10098052,281271,275559,2203,277762,6681
2020-10-07,Madera,039,155013,4771,4618,32,4650,50
2020-10-07,Marin,041,260295,6925,6790,18,6808,95
2020-10-07,Mariposa,043,17540,77,75,0,75,2
2020-10-07,Mendocino,045,87422,981,927,4,931,19
2020-10-07,Merced,047,269075,9179,9045,25,9070,144
2020-10-07,Modoc,049,8938,29,27,0,27,0
2020-10-07,Mono,051,14174,173,153,4,157,1
2020-10-07,Monterey,053,433212,10556,10272,39,10311,75
2020-10-07,Napa,055,140530,1832,1774,8,1782,11
2020-10-07,Nevada,057,99092,573,552,18,570,6
2020-10-07,Orange,059,3164182,57364,54332,1579,55911,1277
2020-10-07,Placer,061,380077,3874,3693,13,3706,48
2020-10-07,Plumas,063,18699,52,50,0,50,0
2020-10-07,Riverside,065,2383286,62655,60857,229,61086,1241
2020-10-07,Sacramento,067,1510023,23836,23380,29,23409,452
2020-10-07,San Benito,069,59416,1367,1363,0,1363,13
2020-10-07,San Bernardino,071,2135413,58058,55738,366,56104,1043
2020-10-07,San Diego,073,3302833,51332,49177,1187,50364,813
2020-10-07,San Francisco,075,870044,11690,11551,37,11588,115
2020-10-07,San Joaquin,077,732212,20894,20527,80,20607,478
2020-10-07,San Luis Obispo,079,281455,4044,3749,17,3766,32
2020-10-07,San Mateo,081,765935,10688,9980,11,9991,130
2020-10-07,Santa Barbara,083,443738,9485,9350,81,9431,116
2020-10-07,Santa Clara,085,1922200,23387,21993,48,22041,320
2020-10-07,Santa Cruz,087,273765,2631,2518,32,2550,14
2020-10-07,Shasta,089,179085,1687,1268,16,1284,20
2020-10-07,Sierra,091,2930,6,6,0,6,0
2020-10-07,Siskiyou,093,43540,168,154,10,164,0
2020-10-07,Solano,095,438530,6838,6526,37,6563,53
2020-10-07,Sonoma,097,501317,8528,7993,22,8015,130
2020-10-07,Stanislaus,099,539301,17022,16786,594,17380,357
2020-10-07,Sutter,101,95872,1748,1723,1,1724,12
2020-10-07,Tehama,103,63373,706,666,2,668,3
2020-10-07,Trinity,105,12862,64,25,8,33,0
2020-10-07,Tulare,107,460477,17097,16483,194,16677,282
2020-10-07,Tuolumne,109,53932,245,227,6,233,3
2020-10-07,Ventura,111,848112,14084,13333,266,13599,150
2020-10-07,Yolo,113,214977,2979,2904,7,2911,55
2020-10-07,Yuba,115,75493,1148,1120,3,1123,10
2020-10-06,Alameda,001,1643700,22295,21698,195,21893,385
2020-10-06,Alpine,002,1148,3,3,0,3,0
2020-10-06,Amador,005,37829,303,301,0,301,16
2020-10-06,Butte,007,227075,3036,2925,54,2979,47
2020-10-06,Calaveras,009,45235,315,261,0,261,11
2020-10-06,Colusa,011,21464,539,538,0,538,6
2020-10-06,Contra Costa,013,1133247,17865,17295,86,17381,219
2020-10-06,Del Norte,015,27424,164,144,0,144,2
2020-10-06,El Dorado,017,186661,1286,1211,12,1223,4
2020-10-06,Fresno,019,978130,31702,29022,391,29413,412
2020-10-06,Glenn,021,27897,626,604,0,604,3
2020-10-06,Humboldt,023,135768,523,508,1,509,7
2020-10-06,Imperial,025,180216,12188,11196,9,11205,327
2020-10-06,Inyo,027,18085,202,198,4,202,14
2020-10-06,Kern,029,883053,32756,32006,362,32368,407
2020-10-06,Kings,031,150075,8236,7943,41,7984,81
2020-10-06,Lake,033,64148,645,596,0,596,11
2020-10-06,Lassen,035,31185,757,743,2,745,0
2020-10-06,Los Angeles,037,10098052,280033,274115,2154,276269,6657
2020-10-06,Madera,039,155013,4759,4608,32,4640,50
2020-10-06,Marin,041,260295,6910,6766,18,6784,91
2020-10-06,Mariposa,043,17540,77,75,0,75,2
2020-10-06,Mendocino,045,87422,974,920,4,924,19
2020-10-06,Merced,047,269075,9143,9034,24,9058,143
2020-10-06,Modoc,049,8938,29,26,0,26,0
2020-10-06,Mono,051,14174,173,153,4,157,1
2020-10-06,Monterey,053,433212,10501,10235,37,10272,72
2020-10-06,Napa,055,140530,1826,1770,8,1778,11
2020-10-06,Nevada,057,99092,570,551,18,569,6
2020-10-06,Orange,059,3164182,57148,54203,1570,55773,1273
2020-10-06,Placer,061,380077,3852,3680,13,3693,48
2020-10-06,Plumas,063,18699,52,49,0,49,0
2020-10-06,Riverside,065,2383286,62390,60593,227,60820,1238
2020-10-06,Sacramento,067,1510023,23750,23322,29,23351,442
2020-10-06,San Benito,069,59416,1366,1358,0,1358,12
2020-10-06,San Bernardino,071,2135413,57744,55416,361,55777,1040
2020-10-06,San Diego,073,3302833,50995,48823,1170,49993,806
2020-10-06,San Francisco,075,870044,11664,11513,36,11549,115
2020-10-06,San Joaquin,077,732212,20854,20481,77,20558,477
2020-10-06,San Luis Obispo,079,281455,4010,3723,17,3740,32
2020-10-06,San Mateo,081,765935,10656,9934,11,9945,129
2020-10-06,Santa Barbara,083,443738,9456,9331,80,9411,116
2020-10-06,Santa Clara,085,1922200,23292,21914,48,21962,320
2020-10-06,Santa Cruz,087,273765,2609,2510,32,2542,12
2020-10-06,Shasta,089,179085,1647,1242,16,1258,18
2020-10-06,Sierra,091,2930,6,6,0,6,0
2020-10-06,Siskiyou,093,43540,168,154,10,164,0
2020-10-06,Solano,095,438530,6792,6506,37,6543,52
2020-10-06,Sonoma,097,501317,8435,7895,22,7917,130
2020-10-06,Stanislaus,099,539301,16977,16759,588,17347,354
2020-10-06,Sutter,101,95872,1746,1722,1,1723,12
2020-10-06,Tehama,103,63373,696,660,2,662,3
2020-10-06,Trinity,105,12862,64,25,8,33,0
2020-10-06,Tulare,107,460477,17055,16456,186,16642,280
2020-10-06,Tuolumne,109,53932,244,227,6,233,2
2020-10-06,Ventura,111,848112,14017,13242,261,13503,150
2020-10-06,Yolo,113,214977,2965,2899,7,2906,56
2020-10-06,Yuba,115,75493,1147,1114,3,1117,10
2020-10-05,Alameda,001,1643700,22207,21637,192,21829,383
2020-10-05,Alpine,002,1148,3,2,0,2,0
2020-10-05,Amador,005,37829,303,299,0,299,16
2020-10-05,Butte,007,227075,3026,2910,54,2964,46
2020-10-05,Calaveras,009,45235,315,259,0,259,11
2020-10-05,Colusa,011,21464,539,537,0,537,6
2020-10-05,Contra Costa,013,1133247,17788,17250,86,17336,216
2020-10-05,Del Norte,015,27424,161,142,0,142,2
2020-10-05,El Dorado,017,186661,1282,1202,11,1213,4
2020-10-05,Fresno,019,978130,31585,29136,391,29527,408
2020-10-05,Glenn,021,27897,624,603,0,603,3
2020-10-05,Humboldt,023,135768,522,506,1,507,6
2020-10-05,Imperial,025,180216,12147,11169,9,11178,327
2020-10-05,Inyo,027,18085,202,197,4,201,14
2020-10-05,Kern,029,883053,32677,31933,358,32291,404
2020-10-05,Kings,031,150075,8139,7932,41,7973,80
2020-10-05,Lake,033,64148,641,592,0,592,10
2020-10-05,Lassen,035,31185,756,743,2,745,0
2020-10-05,Los Angeles,037,10098052,278936,273200,2117,275317,6632
2020-10-05,Madera,039,155013,4751,4598,30,4628,50
2020-10-05,Marin,041,260295,6893,6751,18,6769,91
2020-10-05,Mariposa,043,17540,77,75,0,75,2
2020-10-05,Mendocino,045,87422,966,913,4,917,19
2020-10-05,Merced,047,269075,9124,9021,23,9044,143
2020-10-05,Modoc,049,8938,29,26,0,26,0
2020-10-05,Mono,051,14174,173,152,4,156,1
2020-10-05,Monterey,053,433212,10454,10187,37,10224,72
2020-10-05,Napa,055,140530,1815,1760,8,1768,11
2020-10-05,Nevada,057,99092,567,550,17,567,6
2020-10-05,Orange,059,3164182,56932,54103,1557,55660,1271
2020-10-05,Placer,061,380077,3826,3670,13,3683,46
2020-10-05,Plumas,063,18699,51,49,0,49,0
2020-10-05,Riverside,065,2383286,62070,60454,223,60677,1232
2020-10-05,Sacramento,067,1510023,23646,23207,29,23236,438
2020-10-05,San Benito,069,59416,1363,1356,0,1356,12
2020-10-05,San Bernardino,071,2135413,57437,55100,360,55460,1031
2020-10-05,San Diego,073,3302833,50659,48662,1146,49808,803
2020-10-05,San Francisco,075,870044,11625,11476,34,11510,110
2020-10-05,San Joaquin,077,732212,20784,20319,74,20393,476
2020-10-05,San Luis Obispo,079,281455,3983,3710,17,3727,32
2020-10-05,San Mateo,081,765935,10629,9896,11,9907,128
2020-10-05,Santa Barbara,083,443738,9434,9309,80,9389,116
2020-10-05,Santa Clara,085,1922200,23175,21861,48,21909,319
2020-10-05,Santa Cruz,087,273765,2597,2492,32,2524,9
2020-10-05,Shasta,089,179085,1615,1158,16,1174,18
2020-10-05,Sierra,091,2930,6,6,0,6,0
2020-10-05,Siskiyou,093,43540,168,153,10,163,0
2020-10-05,Solano,095,438530,6754,6475,37,6512,52
2020-10-05,Sonoma,097,501317,8343,7817,22,7839,130
2020-10-05,Stanislaus,099,539301,16941,16730,581,17311,351
2020-10-05,Sutter,101,95872,1738,1719,1,1720,12
2020-10-05,Tehama,103,63373,688,642,2,644,3
2020-10-05,Trinity,105,12862,62,22,8,30,0
2020-10-05,Tulare,107,460477,16996,16343,181,16524,278
2020-10-05,Tuolumne,109,53932,241,226,6,232,2
2020-10-05,Ventura,111,848112,13948,13224,242,13466,149
2020-10-05,Yolo,113,214977,2946,2889,7,2896,56
2020-10-05,Yuba,115,75493,1134,1108,3,1111,9
2020-10-04,Alameda,001,1643700,22111,21597,192,21789,383
2020-10-04,Alpine,002,1148,3,2,0,2,0
2020-10-04,Amador,005,37829,302,297,0,297,16
2020-10-04,Butte,007,227075,3012,2903,54,2957,46
2020-10-04,Calaveras,009,45235,315,259,0,259,11
2020-10-04,Colusa,011,21464,538,537,0,537,6
2020-10-04,Contra Costa,013,1133247,17724,17192,86,17278,214
2020-10-04,Del Norte,015,27424,157,142,0,142,2
2020-10-04,El Dorado,017,186661,1278,1196,11,1207,4
2020-10-04,Fresno,019,978130,31461,29065,391,29456,408
2020-10-04,Glenn,021,27897,622,601,0,601,3
2020-10-04,Humboldt,023,135768,521,506,1,507,6
2020-10-04,Imperial,025,180216,12108,11127,9,11136,327
2020-10-04,Inyo,027,18085,199,195,4,199,14
2020-10-04,Kern,029,883053,32602,31906,355,32261,404
2020-10-04,Kings,031,150075,8124,7919,41,7960,80
2020-10-04,Lake,033,64148,627,589,0,589,10
2020-10-04,Lassen,035,31185,756,743,2,745,0
2020-10-04,Los Angeles,037,10098052,277548,272822,2071,274893,6625
2020-10-04,Madera,039,155013,4735,4587,30,4617,50
2020-10-04,Marin,041,260295,6873,6741,18,6759,91
2020-10-04,Mariposa,043,17540,77,75,0,75,2
2020-10-04,Mendocino,045,87422,953,905,4,909,18
2020-10-04,Merced,047,269075,9099,9006,23,9029,140
2020-10-04,Modoc,049,8938,29,26,0,26,0
2020-10-04,Mono,051,14174,172,152,3,155,1
2020-10-04,Monterey,053,433212,10413,10141,36,10177,72
2020-10-04,Napa,055,140530,1803,1759,8,1767,11
2020-10-04,Nevada,057,99092,563,547,16,563,6
2020-10-04,Orange,059,3164182,56696,53966,1548,55514,1270
2020-10-04,Placer,061,380077,3805,3664,13,3677,46
2020-10-04,Plumas,063,18699,51,49,0,49,0
2020-10-04,Riverside,065,2383286,61784,60251,219,60470,1226
2020-10-04,Sacramento,067,1510023,23530,23162,29,23191,438
2020-10-04,San Benito,069,59416,1363,1355,0,1355,12
2020-10-04,San Bernardino,071,2135413,56988,55100,358,55458,1031
2020-10-04,San Diego,073,3302833,50292,48438,1121,49559,803
2020-10-04,San Francisco,075,870044,11593,11474,32,11506,110
2020-10-04,San Joaquin,077,732212,20707,20320,68,20388,476
2020-10-04,San Luis Obispo,079,281455,3958,3688,17,3705,31
2020-10-04,San Mateo,081,765935,10569,9858,11,9869,128
2020-10-04,Santa Barbara,083,443738,9408,9276,78,9354,116
2020-10-04,Santa Clara,085,1922200,23038,21780,48,21828,316
2020-10-04,Santa Cruz,087,273765,2581,2483,32,2515,9
2020-10-04,Shasta,089,179085,1517,1158,15,1173,18
2020-10-04,Sierra,091,2930,6,6,0,6,0
2020-10-04,Siskiyou,093,43540,168,153,10,163,0
2020-10-04,Solano,095,438530,6703,6445,37,6482,52
2020-10-04,Sonoma,097,501317,8255,7794,22,7816,129
2020-10-04,Stanislaus,099,539301,16891,16711,572,17283,351
2020-10-04,Sutter,101,95872,1735,1711,1,1712,11
2020-10-04,Tehama,103,63373,673,637,2,639,3
2020-10-04,Trinity,105,12862,61,21,8,29,0
2020-10-04,Tulare,107,460477,16919,16343,170,16513,278
2020-10-04,Tuolumne,109,53932,239,226,6,232,2
2020-10-04,Ventura,111,848112,13866,13197,225,13422,149
2020-10-04,Yolo,113,214977,2935,2875,7,2882,56
2020-10-04,Yuba,115,75493,1130,1103,3,1106,9
2020-10-03,Alameda,001,1643700,22065,21510,191,21701,386
2020-10-03,Alpine,002,1148,3,2,0,2,0
2020-10-03,Amador,005,37829,301,296,0,296,16
2020-10-03,Butte,007,227075,3006,2894,54,2948,46
2020-10-03,Calaveras,009,45235,315,259,0,259,11
2020-10-03,Colusa,011,21464,537,537,0,537,6
2020-10-03,Contra Costa,013,1133247,17674,17087,84,17171,213
2020-10-03,Del Norte,015,27424,153,142,0,142,2
2020-10-03,El Dorado,017,186661,1271,1188,11,1199,4
2020-10-03,Fresno,019,978130,31401,28975,390,29365,408
2020-10-03,Glenn,021,27897,620,601,0,601,3
2020-10-03,Humboldt,023,135768,520,504,1,505,6
2020-10-03,Imperial,025,180216,12085,11090,9,11099,327
2020-10-03,Inyo,027,18085,199,194,4,198,14
2020-10-03,Kern,029,883053,32552,31864,351,32215,403
2020-10-03,Kings,031,150075,8120,7887,41,7928,80
2020-10-03,Lake,033,64148,617,588,0,588,10
2020-10-03,Lassen,035,31185,756,743,2,745,0
2020-10-03,Los Angeles,037,10098052,276841,271869,2042,273911,6620
2020-10-03,Madera,039,155013,4718,4565,30,4595,50
2020-10-03,Marin,041,260295,6867,6728,18,6746,91
2020-10-03,Mariposa,043,17540,77,75,0,75,2
2020-10-03,Mendocino,045,87422,951,898,4,902,18
2020-10-03,Merced,047,269075,9086,8986,23,9009,139
2020-10-03,Modoc,049,8938,29,26,0,26,0
2020-10-03,Mono,051,14174,171,152,3,155,1
2020-10-03,Monterey,053,433212,10379,10092,33,10125,72
2020-10-03,Napa,055,140530,1799,1752,8,1760,11
2020-10-03,Nevada,057,99092,562,544,16,560,6
2020-10-03,Orange,059,3164182,56579,53573,1543,55116,1268
2020-10-03,Placer,061,380077,3794,3648,13,3661,47
2020-10-03,Plumas,063,18699,51,48,0,48,0
2020-10-03,Riverside,065,2383286,61632,59991,217,60208,1226
2020-10-03,Sacramento,067,1510023,23479,23076,29,23105,437
2020-10-03,San Benito,069,59416,1363,1351,0,1351,12
2020-10-03,San Bernardino,071,2135413,56815,55004,355,55359,1031
2020-10-03,San Diego,073,3302833,50061,48202,1104,49306,798
2020-10-03,San Francisco,075,870044,11568,11475,30,11505,110
2020-10-03,San Joaquin,077,732212,20681,20322,68,20390,476
2020-10-03,San Luis Obispo,079,281455,3934,3670,17,3687,31
2020-10-03,San Mateo,081,765935,10542,9822,10,9832,128
2020-10-03,Santa Barbara,083,443738,9395,9256,78,9334,116
2020-10-03,Santa Clara,085,1922200,22958,21672,48,21720,309
2020-10-03,Santa Cruz,087,273765,2573,2476,32,2508,9
2020-10-03,Shasta,089,179085,1489,1117,14,1131,18
2020-10-03,Sierra,091,2930,6,6,0,6,0
2020-10-03,Siskiyou,093,43540,168,152,10,162,0
2020-10-03,Solano,095,438530,6677,6419,37,6456,52
2020-10-03,Sonoma,097,501317,8213,7747,22,7769,129
2020-10-03,Stanislaus,099,539301,16858,16645,568,17213,351
2020-10-03,Sutter,101,95872,1731,1705,1,1706,11
2020-10-03,Tehama,103,63373,667,630,2,632,3
2020-10-03,Trinity,105,12862,61,15,8,23,0
2020-10-03,Tulare,107,460477,16875,16322,166,16488,278
2020-10-03,Tuolumne,109,53932,238,224,6,230,2
2020-10-03,Ventura,111,848112,13828,13150,221,13371,148
2020-10-03,Yolo,113,214977,2928,2863,7,2870,56
2020-10-03,Yuba,115,75493,1122,1097,3,1100,8
2020-10-02,Alameda,001,1643700,22011,21404,190,21594,382
2020-10-02,Alpine,002,1148,3,2,0,2,0
2020-10-02,Amador,005,37829,300,296,0,296,16
2020-10-02,Butte,007,227075,2996,2879,54,2933,46
2020-10-02,Calaveras,009,45235,314,259,0,259,11
2020-10-02,Colusa,011,21464,536,537,0,537,6
2020-10-02,Contra Costa,013,1133247,17631,17002,83,17085,213
2020-10-02,Del Norte,015,27424,152,141,0,141,2
2020-10-02,El Dorado,017,186661,1264,1168,11,1179,4
2020-10-02,Fresno,019,978130,31319,28855,390,29245,403
2020-10-02,Glenn,021,27897,615,594,0,594,3
2020-10-02,Humboldt,023,135768,519,503,1,504,6
2020-10-02,Imperial,025,180216,12063,11024,9,11033,327
2020-10-02,Inyo,027,18085,197,191,4,195,14
2020-10-02,Kern,029,883053,32500,31790,344,32134,399
2020-10-02,Kings,031,150075,8111,7716,41,7757,79
2020-10-02,Lake,033,64148,611,579,0,579,10
2020-10-02,Lassen,035,31185,756,742,2,744,0
2020-10-02,Los Angeles,037,10098052,275940,270935,2016,272951,6602
2020-10-02,Madera,039,155013,4710,4537,30,4567,49
2020-10-02,Marin,041,260295,6850,6717,18,6735,91
2020-10-02,Mariposa,043,17540,77,75,0,75,2
2020-10-02,Mendocino,045,87422,946,883,4,887,18
2020-10-02,Merced,047,269075,9076,8961,23,8984,139
2020-10-02,Modoc,049,8938,29,26,0,26,0
2020-10-02,Mono,051,14174,171,150,3,153,1
2020-10-02,Monterey,053,433212,10345,9997,33,10030,71
2020-10-02,Napa,055,140530,1793,1737,8,1745,11
2020-10-02,Nevada,057,99092,559,543,16,559,6
2020-10-02,Orange,059,3164182,56448,53299,1536,54835,1262
2020-10-02,Placer,061,380077,3774,3612,13,3625,46
2020-10-02,Plumas,063,18699,51,48,0,48,0
2020-10-02,Riverside,065,2383286,61411,59673,214,59887,1223
2020-10-02,Sacramento,067,1510023,23414,22818,29,22847,436
2020-10-02,San Benito,069,59416,1359,1347,0,1347,12
2020-10-02,San Bernardino,071,2135413,56629,54613,355,54968,1028
2020-10-02,San Diego,073,3302833,49809,47793,1088,48881,794
2020-10-02,San Francisco,075,870044,11545,11398,30,11428,110
2020-10-02,San Joaquin,077,732212,20647,20235,67,20302,474
2020-10-02,San Luis Obispo,079,281455,3911,3654,17,3671,31
2020-10-02,San Mateo,081,765935,10501,9745,10,9755,128
2020-10-02,Santa Barbara,083,443738,9372,9234,78,9312,116
2020-10-02,Santa Clara,085,1922200,22872,21545,47,21592,305
2020-10-02,Santa Cruz,087,273765,2556,2463,32,2495,9
2020-10-02,Shasta,089,179085,1454,1046,14,1060,18
2020-10-02,Sierra,091,2930,6,6,0,6,0
2020-10-02,Siskiyou,093,43540,168,151,10,161,0
2020-10-02,Solano,095,438530,6647,6385,37,6422,52
2020-10-02,Sonoma,097,501317,8156,7662,22,7684,125
2020-10-02,Stanislaus,099,539301,16817,16609,559,17168,349
2020-10-02,Sutter,101,95872,1730,1693,1,1694,11
2020-10-02,Tehama,103,63373,662,619,2,621,3
2020-10-02,Trinity,105,12862,61,15,8,23,0
2020-10-02,Tulare,107,460477,16834,16245,159,16404,278
2020-10-02,Tuolumne,109,53932,236,225,6,231,2
2020-10-02,Ventura,111,848112,13789,13120,216,13336,146
2020-10-02,Yolo,113,214977,2923,2845,7,2852,55
2020-10-02,Yuba,115,75493,1120,1090,3,1093,8
2020-10-01,Alameda,001,1643700,21950,21349,186,21535,383
2020-10-01,Alpine,002,1148,3,2,0,2,0
2020-10-01,Amador,005,37829,300,294,0,294,16
2020-10-01,Butte,007,227075,2988,2865,54,2919,45
2020-10-01,Calaveras,009,45235,314,257,0,257,11
2020-10-01,Colusa,011,21464,536,536,0,536,6
2020-10-01,Contra Costa,013,1133247,17567,16898,83,16981,211
2020-10-01,Del Norte,015,27424,147,140,0,140,2
2020-10-01,El Dorado,017,186661,1260,1162,10,1172,4
2020-10-01,Fresno,019,978130,31239,28796,388,29184,397
2020-10-01,Glenn,021,27897,611,593,0,593,3
2020-10-01,Humboldt,023,135768,519,499,1,500,6
2020-10-01,Imperial,025,180216,12021,10928,9,10937,325
2020-10-01,Inyo,027,18085,197,191,4,195,14
2020-10-01,Kern,029,883053,32437,31678,339,32017,399
2020-10-01,Kings,031,150075,8100,7688,38,7726,79
2020-10-01,Lake,033,64148,605,572,0,572,11
2020-10-01,Lassen,035,31185,753,742,2,744,0
2020-10-01,Los Angeles,037,10098052,274894,271513,1984,273497,6621
2020-10-01,Madera,039,155013,4687,4508,30,4538,48
2020-10-01,Marin,041,260295,6836,6710,18,6728,92
2020-10-01,Mariposa,043,17540,77,76,0,76,2
2020-10-01,Mendocino,045,87422,941,874,4,878,19
2020-10-01,Merced,047,269075,9049,8942,23,8965,138
2020-10-01,Modoc,049,8938,29,26,0,26,0
2020-10-01,Mono,051,14174,169,150,3,153,1
2020-10-01,Monterey,053,433212,10270,9958,33,9991,71
2020-10-01,Napa,055,140530,1785,1729,8,1737,11
2020-10-01,Nevada,057,99092,558,543,16,559,6
2020-10-01,Orange,059,3164182,56282,53088,1523,54611,1257
2020-10-01,Placer,061,380077,3747,3599,13,3612,45
2020-10-01,Plumas,063,18699,51,48,0,48,0
2020-10-01,Riverside,065,2383286,61158,59293,208,59501,1223
2020-10-01,Sacramento,067,1510023,23302,22714,28,22742,433
2020-10-01,San Benito,069,59416,1357,1346,0,1346,12
2020-10-01,San Bernardino,071,2135413,56336,54350,352,54702,1021
2020-10-01,San Diego,073,3302833,49527,47487,1068,48555,792
2020-10-01,San Francisco,075,870044,11514,11284,28,11312,110
2020-10-01,San Joaquin,077,732212,20601,20204,64,20268,471
2020-10-01,San Luis Obispo,079,281455,3884,3625,17,3642,31
2020-10-01,San Mateo,081,765935,10456,9681,10,9691,128
2020-10-01,Santa Barbara,083,443738,9332,9215,78,9293,118
2020-10-01,Santa Clara,085,1922200,22771,21398,47,21445,305
2020-10-01,Santa Cruz,087,273765,2541,2418,32,2450,10
2020-10-01,Shasta,089,179085,1403,991,14,1005,18
2020-10-01,Sierra,091,2930,6,6,0,6,0
2020-10-01,Siskiyou,093,43540,165,150,10,160,0
2020-10-01,Solano,095,438530,6609,6352,37,6389,52
2020-10-01,Sonoma,097,501317,8089,7569,22,7591,125
2020-10-01,Stanislaus,099,539301,16784,16555,553,17108,346
2020-10-01,Sutter,101,95872,1725,1684,1,1685,11
2020-10-01,Tehama,103,63373,652,606,2,608,3
2020-10-01,Trinity,105,12862,61,15,8,23,0
2020-10-01,Tulare,107,460477,16759,16182,156,16338,275
2020-10-01,Tuolumne,109,53932,236,223,6,229,2
2020-10-01,Ventura,111,848112,13737,13057,203,13260,146
2020-10-01,Yolo,113,214977,2905,2833,7,2840,55
2020-10-01,Yuba,115,75493,1116,1082,3,1085,8
2020-09-30,Alameda,001,1643700,21872,21271,183,21454,380
2020-09-30,Alpine,002,1148,3,2,0,2,0
2020-09-30,Amador,005,37829,300,294,0,294,16
2020-09-30,Butte,007,227075,2980,2858,54,2912,44
2020-09-30,Calaveras,009,45235,313,258,0,258,11
2020-09-30,Colusa,011,21464,535,534,0,534,6
2020-09-30,Contra Costa,013,1133247,17499,16819,83,16902,211
2020-09-30,Del Norte,015,27424,146,140,0,140,2
2020-09-30,El Dorado,017,186661,1248,1157,10,1167,4
2020-09-30,Fresno,019,978130,31148,28706,385,29091,395
2020-09-30,Glenn,021,27897,606,592,0,592,3
2020-09-30,Humboldt,023,135768,517,497,1,498,6
2020-09-30,Imperial,025,180216,11996,10868,9,10877,287
2020-09-30,Inyo,027,18085,196,189,4,193,14
2020-09-30,Kern,029,883053,32361,31601,338,31939,398
2020-09-30,Kings,031,150075,8072,7685,38,7723,79
2020-09-30,Lake,033,64148,599,567,0,567,10
2020-09-30,Lassen,035,31185,750,742,2,744,0
2020-09-30,Los Angeles,037,10098052,273672,270260,1952,272212,6568
2020-09-30,Madera,039,155013,4678,4477,30,4507,47
2020-09-30,Marin,041,260295,6812,6700,17,6717,91
2020-09-30,Mariposa,043,17540,77,76,0,76,2
2020-09-30,Mendocino,045,87422,935,867,4,871,17
2020-09-30,Merced,047,269075,9029,8926,23,8949,136
2020-09-30,Modoc,049,8938,29,26,0,26,0
2020-09-30,Mono,051,14174,169,150,3,153,1
2020-09-30,Monterey,053,433212,10219,9898,32,9930,70
2020-09-30,Napa,055,140530,1771,1728,8,1736,11
2020-09-30,Nevada,057,99092,556,540,16,556,6
2020-09-30,Orange,059,3164182,56091,52916,1508,54424,1251
2020-09-30,Placer,061,380077,3726,3585,13,3598,43
2020-09-30,Plumas,063,18699,51,48,0,48,0
2020-09-30,Riverside,065,2383286,60802,59074,204,59278,1220
2020-09-30,Sacramento,067,1510023,23199,22613,28,22641,429
2020-09-30,San Benito,069,59416,1354,1342,0,1342,12
2020-09-30,San Bernardino,071,2135413,56059,53988,351,54339,1018
2020-09-30,San Diego,073,3302833,49223,47182,1047,48229,783
2020-09-30,San Francisco,075,870044,11484,11247,28,11275,106
2020-09-30,San Joaquin,077,732212,20518,20150,62,20212,461
2020-09-30,San Luis Obispo,079,281455,3859,3597,17,3614,31
2020-09-30,San Mateo,081,765935,10414,9634,10,9644,128
2020-09-30,Santa Barbara,083,443738,9306,9186,78,9264,115
2020-09-30,Santa Clara,085,1922200,22666,21318,47,21365,302
2020-09-30,Santa Cruz,087,273765,2528,2405,32,2437,10
2020-09-30,Shasta,089,179085,1347,976,13,989,17
2020-09-30,Sierra,091,2930,6,6,0,6,0
2020-09-30,Siskiyou,093,43540,163,150,10,160,0
2020-09-30,Solano,095,438530,6567,6315,37,6352,51
2020-09-30,Sonoma,097,501317,8000,7494,22,7516,125
2020-09-30,Stanislaus,099,539301,16737,16531,547,17078,343
2020-09-30,Sutter,101,95872,1709,1680,1,1681,10
2020-09-30,Tehama,103,63373,646,594,2,596,3
2020-09-30,Trinity,105,12862,58,15,8,23,0
2020-09-30,Tulare,107,460477,16692,16117,149,16266,274
2020-09-30,Tuolumne,109,53932,234,224,6,230,2
2020-09-30,Ventura,111,848112,13702,12968,187,13155,145
2020-09-30,Yolo,113,214977,2892,2822,7,2829,55
2020-09-30,Yuba,115,75493,1113,1075,3,1078,8
2020-09-29,Alameda,001,1643700,21797,21241,180,21421,374
2020-09-29,Alpine,002,1148,3,2,0,2,0
2020-09-29,Amador,005,37829,298,294,0,294,16
2020-09-29,Butte,007,227075,2966,2848,54,2902,44
2020-09-29,Calaveras,009,45235,311,261,0,261,11
2020-09-29,Colusa,011,21464,535,534,0,534,6
2020-09-29,Contra Costa,013,1133247,17443,16716,81,16797,209
2020-09-29,Del Norte,015,27424,142,142,0,142,2
2020-09-29,El Dorado,017,186661,1239,1151,10,1161,4
2020-09-29,Fresno,019,978130,31051,28621,384,29005,394
2020-09-29,Glenn,021,27897,602,589,0,589,3
2020-09-29,Humboldt,023,135768,515,497,1,498,6
2020-09-29,Imperial,025,180216,11961,10811,9,10820,283
2020-09-29,Inyo,027,18085,195,188,4,192,14
2020-09-29,Kern,029,883053,32305,31534,337,31871,397
2020-09-29,Kings,031,150075,8016,7681,38,7719,78
2020-09-29,Lake,033,64148,597,566,0,566,11
2020-09-29,Lassen,035,31185,750,741,2,743,0
2020-09-29,Los Angeles,037,10098052,272457,269246,1924,271170,6545
2020-09-29,Madera,039,155013,4655,4453,30,4483,47
2020-09-29,Marin,041,260295,6791,6692,17,6709,91
2020-09-29,Mariposa,043,17540,77,74,0,74,2
2020-09-29,Mendocino,045,87422,925,854,4,858,17
2020-09-29,Merced,047,269075,9016,8892,21,8913,136
2020-09-29,Modoc,049,8938,29,26,0,26,0
2020-09-29,Mono,051,14174,169,149,3,152,1
2020-09-29,Monterey,053,433212,10164,9826,30,9856,70
2020-09-29,Napa,055,140530,1768,1727,8,1735,11
2020-09-29,Nevada,057,99092,551,539,16,555,6
2020-09-29,Orange,059,3164182,55904,52755,1497,54252,1231
2020-09-29,Placer,061,380077,3704,3570,13,3583,42
2020-09-29,Plumas,063,18699,51,48,0,48,0
2020-09-29,Riverside,065,2383286,60472,58863,197,59060,1208
2020-09-29,Sacramento,067,1510023,23078,22547,27,22574,425
2020-09-29,San Benito,069,59416,1349,1341,0,1341,12
2020-09-29,San Bernardino,071,2135413,55749,53753,350,54103,1012
2020-09-29,San Diego,073,3302833,48946,46987,1024,48011,781
2020-09-29,San Francisco,075,870044,11448,11142,28,11170,104
2020-09-29,San Joaquin,077,732212,20450,20094,60,20154,454
2020-09-29,San Luis Obispo,079,281455,3837,3581,17,3598,31
2020-09-29,San Mateo,081,765935,10367,9619,10,9629,127
2020-09-29,Santa Barbara,083,443738,9286,9149,77,9226,114
2020-09-29,Santa Clara,085,1922200,22530,21233,46,21279,302
2020-09-29,Santa Cruz,087,273765,2513,2383,31,2414,10
2020-09-29,Shasta,089,179085,1286,943,13,956,17
2020-09-29,Sierra,091,2930,6,6,0,6,0
2020-09-29,Siskiyou,093,43540,157,150,10,160,0
2020-09-29,Solano,095,438530,6533,6303,37,6340,51
2020-09-29,Sonoma,097,501317,7928,7426,22,7448,125
2020-09-29,Stanislaus,099,539301,16707,16505,541,17046,341
2020-09-29,Sutter,101,95872,1703,1677,1,1678,10
2020-09-29,Tehama,103,63373,628,585,2,587,2
2020-09-29,Trinity,105,12862,56,16,8,24,0
2020-09-29,Tulare,107,460477,16627,16055,142,16197,270
2020-09-29,Tuolumne,109,53932,234,224,6,230,2
2020-09-29,Ventura,111,848112,13645,12875,184,13059,145
2020-09-29,Yolo,113,214977,2879,2818,7,2825,55
2020-09-29,Yuba,115,75493,1111,1071,3,1074,8
2020-09-28,Alameda,001,1643700,21710,21133,180,21313,370
2020-09-28,Alpine,002,1148,3,2,0,2,0
2020-09-28,Amador,005,37829,296,294,0,294,16
2020-09-28,Butte,007,227075,2951,2837,54,2891,44
2020-09-28,Calaveras,009,45235,311,257,0,257,11
2020-09-28,Colusa,011,21464,534,531,0,531,6
2020-09-28,Contra Costa,013,1133247,17380,16653,81,16734,195
2020-09-28,Del Norte,015,27424,142,138,0,138,2
2020-09-28,El Dorado,017,186661,1232,1144,10,1154,4
2020-09-28,Fresno,019,978130,30970,28517,378,28895,389
2020-09-28,Glenn,021,27897,600,585,0,585,3
2020-09-28,Humboldt,023,135768,509,495,1,496,6
2020-09-28,Imperial,025,180216,11926,10777,9,10786,283
2020-09-28,Inyo,027,18085,194,188,4,192,14
2020-09-28,Kern,029,883053,32240,31481,333,31814,395
2020-09-28,Kings,031,150075,7875,7661,36,7697,78
2020-09-28,Lake,033,64148,593,559,0,559,10
2020-09-28,Lassen,035,31185,749,737,2,739,0
2020-09-28,Los Angeles,037,10098052,271350,268404,1894,270298,6508
2020-09-28,Madera,039,155013,4634,4438,30,4468,47
2020-09-28,Marin,041,260295,6775,6676,17,6693,91
2020-09-28,Mariposa,043,17540,77,74,0,74,2
2020-09-28,Mendocino,045,87422,910,850,4,854,17
2020-09-28,Merced,047,269075,8988,8869,21,8890,136
2020-09-28,Modoc,049,8938,29,26,0,26,0
2020-09-28,Mono,051,14174,169,148,3,151,1
2020-09-28,Monterey,053,433212,10099,9780,28,9808,69
2020-09-28,Napa,055,140530,1756,1705,8,1713,11
2020-09-28,Nevada,057,99092,543,538,16,554,6
2020-09-28,Orange,059,3164182,55699,52633,1488,54121,1196
2020-09-28,Placer,061,380077,3683,3572,13,3585,42
2020-09-28,Plumas,063,18699,50,48,0,48,0
2020-09-28,Riverside,065,2383286,60174,58570,188,58758,1198
2020-09-28,Sacramento,067,1510023,22931,22392,27,22419,423
2020-09-28,San Benito,069,59416,1346,1336,0,1336,11
2020-09-28,San Bernardino,071,2135413,55401,53501,350,53851,988
2020-09-28,San Diego,073,3302833,48628,46736,1004,47740,776
2020-09-28,San Francisco,075,870044,11414,11114,28,11142,100
2020-09-28,San Joaquin,077,732212,20403,19982,59,20041,448
2020-09-28,San Luis Obispo,079,281455,3816,3567,17,3584,31
2020-09-28,San Mateo,081,765935,10317,9582,10,9592,127
2020-09-28,Santa Barbara,083,443738,9268,9121,77,9198,114
2020-09-28,Santa Clara,085,1922200,22413,21180,46,21226,271
2020-09-28,Santa Cruz,087,273765,2503,2359,31,2390,9
2020-09-28,Shasta,089,179085,1232,883,10,893,17
2020-09-28,Sierra,091,2930,6,6,0,6,0
2020-09-28,Siskiyou,093,43540,157,149,10,159,0
2020-09-28,Solano,095,438530,6496,6254,37,6291,51
2020-09-28,Sonoma,097,501317,7852,7369,22,7391,125
2020-09-28,Stanislaus,099,539301,16668,16467,534,17001,336
2020-09-28,Sutter,101,95872,1696,1676,1,1677,10
2020-09-28,Tehama,103,63373,620,579,2,581,2
2020-09-28,Trinity,105,12862,56,16,8,24,0
2020-09-28,Tulare,107,460477,16574,15918,137,16055,270
2020-09-28,Tuolumne,109,53932,234,225,6,231,2
2020-09-28,Ventura,111,848112,13567,12812,178,12990,139
2020-09-28,Yolo,113,214977,2862,2809,7,2816,55
2020-09-28,Yuba,115,75493,1108,1062,3,1065,7
2020-09-27,Alameda,001,1643700,21628,21077,176,21253,370
2020-09-27,Alpine,002,1148,3,2,0,2,0
2020-09-27,Amador,005,37829,296,291,0,291,16
2020-09-27,Butte,007,227075,2940,2833,53,2886,44
2020-09-27,Calaveras,009,45235,310,257,0,257,11
2020-09-27,Colusa,011,21464,533,531,0,531,6
2020-09-27,Contra Costa,013,1133247,17279,16596,80,16676,195
2020-09-27,Del Norte,015,27424,142,138,0,138,2
2020-09-27,El Dorado,017,186661,1217,1130,10,1140,4
2020-09-27,Fresno,019,978130,30865,28441,378,28819,389
2020-09-27,Glenn,021,27897,596,576,0,576,3
2020-09-27,Humboldt,023,135768,507,492,1,493,6
2020-09-27,Imperial,025,180216,11892,10743,9,10752,283
2020-09-27,Inyo,027,18085,192,188,4,192,14
2020-09-27,Kern,029,883053,32121,31462,330,31792,395
2020-09-27,Kings,031,150075,7855,7641,36,7677,78
2020-09-27,Lake,033,64148,589,555,0,555,10
2020-09-27,Lassen,035,31185,749,737,2,739,0
2020-09-27,Los Angeles,037,10098052,270170,267754,1875,269629,6507
2020-09-27,Madera,039,155013,4605,4416,30,4446,47
2020-09-27,Marin,041,260295,6765,6663,17,6680,91
2020-09-27,Mariposa,043,17540,77,74,0,74,2
2020-09-27,Mendocino,045,87422,904,846,4,850,17
2020-09-27,Merced,047,269075,8954,8853,21,8874,136
2020-09-27,Modoc,049,8938,29,26,0,26,0
2020-09-27,Mono,051,14174,169,148,3,151,1
2020-09-27,Monterey,053,433212,10039,9724,27,9751,69
2020-09-27,Napa,055,140530,1751,1690,8,1698,11
2020-09-27,Nevada,057,99092,542,537,16,553,6
2020-09-27,Orange,059,3164182,55424,52458,1479,53937,1195
2020-09-27,Placer,061,380077,3670,3562,13,3575,42
2020-09-27,Plumas,063,18699,50,48,0,48,0
2020-09-27,Riverside,065,2383286,59878,58509,180,58689,1191
2020-09-27,Sacramento,067,1510023,22833,22356,27,22383,422
2020-09-27,San Benito,069,59416,1346,1331,0,1331,11
2020-09-27,San Bernardino,071,2135413,54965,53127,350,53477,988
2020-09-27,San Diego,073,3302833,48284,46612,987,47599,776
2020-09-27,San Francisco,075,870044,11362,11114,28,11142,100
2020-09-27,San Joaquin,077,732212,20344,19981,59,20040,448
2020-09-27,San Luis Obispo,079,281455,3796,3562,17,3579,31
2020-09-27,San Mateo,081,765935,10249,9566,10,9576,127
2020-09-27,Santa Barbara,083,443738,9247,9090,76,9166,114
2020-09-27,Santa Clara,085,1922200,22304,21091,46,21137,271
2020-09-27,Santa Cruz,087,273765,2481,2359,31,2390,9
2020-09-27,Shasta,089,179085,1189,883,9,892,17
2020-09-27,Sierra,091,2930,6,6,0,6,0
2020-09-27,Siskiyou,093,43540,156,149,10,159,0
2020-09-27,Solano,095,438530,6461,6211,37,6248,51
2020-09-27,Sonoma,097,501317,7771,7336,22,7358,124
2020-09-27,Stanislaus,099,539301,16617,16448,528,16976,336
2020-09-27,Sutter,101,95872,1689,1672,1,1673,10
2020-09-27,Tehama,103,63373,603,573,2,575,2
2020-09-27,Trinity,105,12862,56,16,8,24,0
2020-09-27,Tulare,107,460477,16495,15918,128,16046,270
2020-09-27,Tuolumne,109,53932,233,224,6,230,2
2020-09-27,Ventura,111,848112,13478,12775,169,12944,139
2020-09-27,Yolo,113,214977,2848,2796,7,2803,55
2020-09-27,Yuba,115,75493,1098,1059,3,1062,7
2020-09-26,Alameda,001,1643700,21570,21019,175,21194,370
2020-09-26,Alpine,002,1148,3,2,0,2,0
2020-09-26,Amador,005,37829,295,291,0,291,16
2020-09-26,Butte,007,227075,2932,2827,53,2880,44
2020-09-26,Calaveras,009,45235,310,257,0,257,11
2020-09-26,Colusa,011,21464,533,529,0,529,6
2020-09-26,Contra Costa,013,1133247,17235,16508,80,16588,194
2020-09-26,Del Norte,015,27424,142,138,0,138,2
2020-09-26,El Dorado,017,186661,1212,1127,10,1137,4
2020-09-26,Fresno,019,978130,30798,28336,378,28714,389
2020-09-26,Glenn,021,27897,596,576,0,576,3
2020-09-26,Humboldt,023,135768,507,491,1,492,6
2020-09-26,Imperial,025,180216,11875,10721,9,10730,283
2020-09-26,Inyo,027,18085,191,187,4,191,14
2020-09-26,Kern,029,883053,32070,31410,330,31740,394
2020-09-26,Kings,031,150075,7843,7537,36,7573,78
2020-09-26,Lake,033,64148,586,549,0,549,10
2020-09-26,Lassen,035,31185,749,737,2,739,0
2020-09-26,Los Angeles,037,10098052,269538,266931,1861,268792,6497
2020-09-26,Madera,039,155013,4589,4410,30,4440,47
2020-09-26,Marin,041,260295,6752,6641,17,6658,91
2020-09-26,Mariposa,043,17540,76,74,0,74,2
2020-09-26,Mendocino,045,87422,899,836,4,840,17
2020-09-26,Merced,047,269075,8942,8841,20,8861,136
2020-09-26,Modoc,049,8938,29,26,0,26,0
2020-09-26,Mono,051,14174,169,148,3,151,1
2020-09-26,Monterey,053,433212,10012,9651,27,9678,68
2020-09-26,Napa,055,140530,1749,1681,8,1689,11
2020-09-26,Nevada,057,99092,542,534,16,550,6
2020-09-26,Orange,059,3164182,55285,52203,1473,53676,1194
2020-09-26,Placer,061,380077,3657,3551,13,3564,42
2020-09-26,Plumas,063,18699,49,48,0,48,0
2020-09-26,Riverside,065,2383286,59743,58076,178,58254,1190
2020-09-26,Sacramento,067,1510023,22775,22269,27,22296,421
2020-09-26,San Benito,069,59416,1344,1325,0,1325,11
2020-09-26,San Bernardino,071,2135413,54832,53122,350,53472,988
2020-09-26,San Diego,073,3302833,48079,46333,973,47306,775
2020-09-26,San Francisco,075,870044,11333,11113,28,11141,100
2020-09-26,San Joaquin,077,732212,20308,19982,57,20039,449
2020-09-26,San Luis Obispo,079,281455,3780,3546,17,3563,31
2020-09-26,San Mateo,081,765935,10215,9509,10,9519,127
2020-09-26,Santa Barbara,083,443738,9236,9061,76,9137,114
2020-09-26,Santa Clara,085,1922200,22233,20967,45,21012,270
2020-09-26,Santa Cruz,087,273765,2473,2336,31,2367,9
2020-09-26,Shasta,089,179085,1139,856,8,864,17
2020-09-26,Sierra,091,2930,6,6,0,6,0
2020-09-26,Siskiyou,093,43540,155,149,10,159,0
2020-09-26,Solano,095,438530,6442,6209,37,6246,51
2020-09-26,Sonoma,097,501317,7746,7285,21,7306,124
2020-09-26,Stanislaus,099,539301,16592,16421,520,16941,336
2020-09-26,Sutter,101,95872,1684,1662,1,1663,10
2020-09-26,Tehama,103,63373,591,560,2,562,2
2020-09-26,Trinity,105,12862,54,16,8,24,0
2020-09-26,Tulare,107,460477,16470,15881,126,16007,270
2020-09-26,Tuolumne,109,53932,233,223,6,229,2
2020-09-26,Ventura,111,848112,13443,12729,168,12897,137
2020-09-26,Yolo,113,214977,2846,2789,7,2796,55
2020-09-26,Yuba,115,75493,1094,1056,3,1059,7
2020-09-25,Alameda,001,1643700,21516,20911,175,21086,367
2020-09-25,Alpine,002,1148,3,2,0,2,0
2020-09-25,Amador,005,37829,295,289,0,289,16
2020-09-25,Butte,007,227075,2927,2819,53,2872,43
2020-09-25,Calaveras,009,45235,310,257,0,257,11
2020-09-25,Colusa,011,21464,533,528,0,528,6
2020-09-25,Contra Costa,013,1133247,17177,16401,80,16481,194
2020-09-25,Del Norte,015,27424,142,138,0,138,2
2020-09-25,El Dorado,017,186661,1208,1104,10,1114,4
2020-09-25,Fresno,019,978130,30738,28199,377,28576,385
2020-09-25,Glenn,021,27897,594,570,0,570,3
2020-09-25,Humboldt,023,135768,506,489,1,490,5
2020-09-25,Imperial,025,180216,11857,10681,9,10690,283
2020-09-25,Inyo,027,18085,189,187,4,191,14
2020-09-25,Kern,029,883053,32017,31333,328,31661,393
2020-09-25,Kings,031,150075,7838,7450,36,7486,77
2020-09-25,Lake,033,64148,585,539,0,539,9
2020-09-25,Lassen,035,31185,749,737,2,739,0
2020-09-25,Los Angeles,037,10098052,268744,265713,1848,267561,6483
2020-09-25,Madera,039,155013,4570,4369,30,4399,48
2020-09-25,Marin,041,260295,6749,6622,17,6639,90
2020-09-25,Mariposa,043,17540,76,74,0,74,2
2020-09-25,Mendocino,045,87422,884,819,3,822,17
2020-09-25,Merced,047,269075,8926,8830,20,8850,135
2020-09-25,Modoc,049,8938,29,26,0,26,0
2020-09-25,Mono,051,14174,169,149,3,152,1
2020-09-25,Monterey,053,433212,9960,9581,27,9608,68
2020-09-25,Napa,055,140530,1747,1669,8,1677,11
2020-09-25,Nevada,057,99092,540,529,16,545,6
2020-09-25,Orange,059,3164182,55158,52031,1465,53496,1184
2020-09-25,Placer,061,380077,3646,3527,13,3540,41
2020-09-25,Plumas,063,18699,49,48,0,48,0
2020-09-25,Riverside,065,2383286,59567,57783,173,57956,1183
2020-09-25,Sacramento,067,1510023,22698,22132,27,22159,418
2020-09-25,San Benito,069,59416,1343,1318,0,1318,11
2020-09-25,San Bernardino,071,2135413,54678,52814,350,53164,987
2020-09-25,San Diego,073,3302833,47877,46003,957,46960,775
2020-09-25,San Francisco,075,870044,11299,11066,27,11093,100
2020-09-25,San Joaquin,077,732212,20256,19909,57,19966,449
2020-09-25,San Luis Obispo,079,281455,3768,3512,17,3529,31
2020-09-25,San Mateo,081,765935,10179,9447,10,9457,127
2020-09-25,Santa Barbara,083,443738,9212,9026,76,9102,114
2020-09-25,Santa Clara,085,1922200,22168,20812,44,20856,265
2020-09-25,Santa Cruz,087,273765,2461,2309,30,2339,9
2020-09-25,Shasta,089,179085,1105,806,8,814,16
2020-09-25,Sierra,091,2930,6,6,0,6,0
2020-09-25,Siskiyou,093,43540,155,149,10,159,0
2020-09-25,Solano,095,438530,6426,6179,37,6216,50
2020-09-25,Sonoma,097,501317,7706,7202,21,7223,124
2020-09-25,Stanislaus,099,539301,16574,16381,518,16899,326
2020-09-25,Sutter,101,95872,1681,1655,1,1656,10
2020-09-25,Tehama,103,63373,583,546,2,548,2
2020-09-25,Trinity,105,12862,54,15,8,23,0
2020-09-25,Tulare,107,460477,16430,15815,125,15940,267
2020-09-25,Tuolumne,109,53932,233,223,6,229,2
2020-09-25,Ventura,111,848112,13400,12664,165,12829,137
2020-09-25,Yolo,113,214977,2838,2784,7,2791,55
2020-09-25,Yuba,115,75493,1089,1049,3,1052,5
2020-09-24,Alameda,001,1643700,21441,20838,172,21010,364
2020-09-24,Alpine,002,1148,3,2,0,2,0
2020-09-24,Amador,005,37829,295,288,0,288,16
2020-09-24,Butte,007,227075,2916,2803,53,2856,43
2020-09-24,Calaveras,009,45235,310,258,0,258,11
2020-09-24,Colusa,011,21464,533,523,0,523,6
2020-09-24,Contra Costa,013,1133247,17094,16252,80,16332,192
2020-09-24,Del Norte,015,27424,138,137,0,137,2
2020-09-24,El Dorado,017,186661,1199,1093,10,1103,4
2020-09-24,Fresno,019,978130,30632,28106,373,28479,375
2020-09-24,Glenn,021,27897,590,567,0,567,3
2020-09-24,Humboldt,023,135768,503,482,1,483,5
2020-09-24,Imperial,025,180216,11833,10622,9,10631,283
2020-09-24,Inyo,027,18085,189,187,4,191,13
2020-09-24,Kern,029,883053,31954,31273,326,31599,388
2020-09-24,Kings,031,150075,7822,7428,36,7464,76
2020-09-24,Lake,033,64148,576,531,0,531,9
2020-09-24,Lassen,035,31185,748,737,2,739,0
2020-09-24,Los Angeles,037,10098052,267702,264374,1831,266205,6452
2020-09-24,Madera,039,155013,4551,4344,30,4374,48
2020-09-24,Marin,041,260295,6721,6588,17,6605,85
2020-09-24,Mariposa,043,17540,76,74,0,74,2
2020-09-24,Mendocino,045,87422,880,810,3,813,17
2020-09-24,Merced,047,269075,8897,8813,19,8832,135
2020-09-24,Modoc,049,8938,29,24,0,24,0
2020-09-24,Mono,051,14174,169,149,3,152,1
2020-09-24,Monterey,053,433212,9894,9544,25,9569,67
2020-09-24,Napa,055,140530,1735,1661,8,1669,11
2020-09-24,Nevada,057,99092,539,527,16,543,6
2020-09-24,Orange,059,3164182,54952,51749,1447,53196,1164
2020-09-24,Placer,061,380077,3632,3514,13,3527,41
2020-09-24,Plumas,063,18699,49,48,0,48,0
2020-09-24,Riverside,065,2383286,59302,57491,167,57658,1172
2020-09-24,Sacramento,067,1510023,22570,21985,26,22011,417
2020-09-24,San Benito,069,59416,1341,1308,0,1308,11
2020-09-24,San Bernardino,071,2135413,54341,52455,349,52804,988
2020-09-24,San Diego,073,3302833,47608,45598,942,46540,773
2020-09-24,San Francisco,075,870044,11252,10992,27,11019,99
2020-09-24,San Joaquin,077,732212,20218,19851,55,19906,444
2020-09-24,San Luis Obispo,079,281455,3752,3480,17,3497,31
2020-09-24,San Mateo,081,765935,10131,9376,10,9386,127
2020-09-24,Santa Barbara,083,443738,9159,8988,75,9063,114
2020-09-24,Santa Clara,085,1922200,22080,20689,44,20733,262
2020-09-24,Santa Cruz,087,273765,2441,2300,28,2328,9
2020-09-24,Shasta,089,179085,1068,773,5,778,14
2020-09-24,Sierra,091,2930,6,6,0,6,0
2020-09-24,Siskiyou,093,43540,155,149,10,159,0
2020-09-24,Solano,095,438530,6393,6137,37,6174,49
2020-09-24,Sonoma,097,501317,7625,7163,21,7184,122
2020-09-24,Stanislaus,099,539301,16538,16326,513,16839,326
2020-09-24,Sutter,101,95872,1678,1646,1,1647,10
2020-09-24,Tehama,103,63373,580,540,2,542,2
2020-09-24,Trinity,105,12862,54,15,8,23,0
2020-09-24,Tulare,107,460477,16365,15754,124,15878,267
2020-09-24,Tuolumne,109,53932,233,224,6,230,2
2020-09-24,Ventura,111,848112,13318,12617,164,12781,138
2020-09-24,Yolo,113,214977,2831,2776,7,2783,55
2020-09-24,Yuba,115,75493,1084,1042,3,1045,5
2020-09-23,Alameda,001,1643700,21372,20718,170,20888,361
2020-09-23,Alpine,002,1148,3,2,0,2,0
2020-09-23,Amador,005,37829,294,288,0,288,16
2020-09-23,Butte,007,227075,2908,2790,53,2843,43
2020-09-23,Calaveras,009,45235,309,258,0,258,11
2020-09-23,Colusa,011,21464,532,521,0,521,6
2020-09-23,Contra Costa,013,1133247,17034,16167,80,16247,192
2020-09-23,Del Norte,015,27424,136,137,0,137,2
2020-09-23,El Dorado,017,186661,1185,1088,10,1098,4
2020-09-23,Fresno,019,978130,30539,28019,371,28390,371
2020-09-23,Glenn,021,27897,583,561,0,561,3
2020-09-23,Humboldt,023,135768,499,477,1,478,5
2020-09-23,Imperial,025,180216,11808,10587,9,10596,284
2020-09-23,Inyo,027,18085,188,177,4,181,13
2020-09-23,Kern,029,883053,31910,31172,324,31496,387
2020-09-23,Kings,031,150075,7800,7406,36,7442,76
2020-09-23,Lake,033,64148,571,519,0,519,9
2020-09-23,Lassen,035,31185,748,736,2,738,0
2020-09-23,Los Angeles,037,10098052,266683,263318,1804,265122,6421
2020-09-23,Madera,039,155013,4536,4311,30,4341,48
2020-09-23,Marin,041,260295,6703,6567,17,6584,85
2020-09-23,Mariposa,043,17540,76,74,0,74,2
2020-09-23,Mendocino,045,87422,879,801,2,803,17
2020-09-23,Merced,047,269075,8876,8785,18,8803,134
2020-09-23,Modoc,049,8938,29,24,0,24,0
2020-09-23,Mono,051,14174,169,149,3,152,1
2020-09-23,Monterey,053,433212,9825,9452,24,9476,67
2020-09-23,Napa,055,140530,1726,1653,8,1661,11
2020-09-23,Nevada,057,99092,538,523,16,539,6
2020-09-23,Orange,059,3164182,54725,51658,1439,53097,1155
2020-09-23,Placer,061,380077,3620,3506,13,3519,41
2020-09-23,Plumas,063,18699,49,48,0,48,0
2020-09-23,Riverside,065,2383286,58996,57257,164,57421,1165
2020-09-23,Sacramento,067,1510023,22494,21821,26,21847,415
2020-09-23,San Benito,069,59416,1335,1305,0,1305,10
2020-09-23,San Bernardino,071,2135413,54048,52132,347,52479,973
2020-09-23,San Diego,073,3302833,47332,45427,923,46350,767
2020-09-23,San Francisco,075,870044,11203,10926,27,10953,95
2020-09-23,San Joaquin,077,732212,20164,19785,55,19840,439
2020-09-23,San Luis Obispo,079,281455,3734,3447,17,3464,31
2020-09-23,San Mateo,081,765935,10091,9351,10,9361,127
2020-09-23,Santa Barbara,083,443738,9130,8952,75,9027,112
2020-09-23,Santa Clara,085,1922200,21970,20575,41,20616,260
2020-09-23,Santa Cruz,087,273765,2422,2283,28,2311,9
2020-09-23,Shasta,089,179085,1029,756,4,760,14
2020-09-23,Sierra,091,2930,6,6,0,6,0
2020-09-23,Siskiyou,093,43540,155,149,10,159,0
2020-09-23,Solano,095,438530,6367,6123,37,6160,50
2020-09-23,Sonoma,097,501317,7549,7091,21,7112,122
2020-09-23,Stanislaus,099,539301,16508,16271,510,16781,317
2020-09-23,Sutter,101,95872,1674,1646,1,1647,10
2020-09-23,Tehama,103,63373,574,533,2,535,2
2020-09-23,Trinity,105,12862,53,15,8,23,0
2020-09-23,Tulare,107,460477,16300,15664,123,15787,266
2020-09-23,Tuolumne,109,53932,233,223,6,229,2
2020-09-23,Ventura,111,848112,13262,12591,162,12753,137
2020-09-23,Yolo,113,214977,2813,2766,7,2773,55
2020-09-23,Yuba,115,75493,1082,1038,3,1041,5
2020-09-22,Alameda,001,1643700,21293,20607,168,20775,355
2020-09-22,Alpine,002,1148,2,2,0,2,0
2020-09-22,Amador,005,37829,293,287,0,287,16
2020-09-22,Butte,007,227075,2903,2776,53,2829,43
2020-09-22,Calaveras,009,45235,309,258,0,258,11
2020-09-22,Colusa,011,21464,530,518,0,518,6
2020-09-22,Contra Costa,013,1133247,16944,16090,80,16170,190
2020-09-22,Del Norte,015,27424,136,137,0,137,2
2020-09-22,El Dorado,017,186661,1166,1076,10,1086,4
2020-09-22,Fresno,019,978130,30444,27944,368,28312,369
2020-09-22,Glenn,021,27897,580,560,0,560,3
2020-09-22,Humboldt,023,135768,498,476,1,477,5
2020-09-22,Imperial,025,180216,11779,10529,9,10538,284
2020-09-22,Inyo,027,18085,188,177,4,181,13
2020-09-22,Kern,029,883053,31843,31110,317,31427,383
2020-09-22,Kings,031,150075,7743,7395,35,7430,76
2020-09-22,Lake,033,64148,565,516,0,516,9
2020-09-22,Lassen,035,31185,747,736,2,738,0
2020-09-22,Los Angeles,037,10098052,265618,262117,1778,263895,6394
2020-09-22,Madera,039,155013,4520,4303,30,4333,47
2020-09-22,Marin,041,260295,6690,6561,17,6578,84
2020-09-22,Mariposa,043,17540,76,74,0,74,2
2020-09-22,Mendocino,045,87422,859,794,1,795,18
2020-09-22,Merced,047,269075,8846,8769,18,8787,132
2020-09-22,Modoc,049,8938,29,24,0,24,0
2020-09-22,Mono,051,14174,168,149,3,152,1
2020-09-22,Monterey,053,433212,9767,9393,23,9416,67
2020-09-22,Napa,055,140530,1709,1652,8,1660,11
2020-09-22,Nevada,057,99092,538,523,16,539,6
2020-09-22,Orange,059,3164182,54474,51528,1430,52958,1132
2020-09-22,Placer,061,380077,3608,3492,13,3505,40
2020-09-22,Plumas,063,18699,49,48,0,48,0
2020-09-22,Riverside,065,2383286,58512,57066,160,57226,1162
2020-09-22,Sacramento,067,1510023,22375,21745,26,21771,410
2020-09-22,San Benito,069,59416,1330,1305,0,1305,10
2020-09-22,San Bernardino,071,2135413,53774,51899,347,52246,971
2020-09-22,San Diego,073,3302833,47025,45149,904,46053,765
2020-09-22,San Francisco,075,870044,11159,10893,26,10919,95
2020-09-22,San Joaquin,077,732212,20117,19755,54,19809,426
2020-09-22,San Luis Obispo,079,281455,3712,3420,17,3437,31
2020-09-22,San Mateo,081,765935,10053,9291,10,9301,127
2020-09-22,Santa Barbara,083,443738,9100,8927,74,9001,111
2020-09-22,Santa Clara,085,1922200,21851,20514,41,20555,253
2020-09-22,Santa Cruz,087,273765,2398,2264,28,2292,8
2020-09-22,Shasta,089,179085,994,723,4,727,14
2020-09-22,Sierra,091,2930,6,6,0,6,0
2020-09-22,Siskiyou,093,43540,155,149,10,159,0
2020-09-22,Solano,095,438530,6336,6107,37,6144,48
2020-09-22,Sonoma,097,501317,7470,7068,20,7088,117
2020-09-22,Stanislaus,099,539301,16485,16231,503,16734,316
2020-09-22,Sutter,101,95872,1668,1638,1,1639,10
2020-09-22,Tehama,103,63373,566,529,2,531,2
2020-09-22,Trinity,105,12862,53,15,8,23,0
2020-09-22,Tulare,107,460477,16233,15616,120,15736,263
2020-09-22,Tuolumne,109,53932,232,224,6,230,1
2020-09-22,Ventura,111,848112,13210,12507,158,12665,136
2020-09-22,Yolo,113,214977,2806,2763,7,2770,54
2020-09-22,Yuba,115,75493,1073,1035,3,1038,5
2020-09-21,Alameda,001,1643700,21214,20501,167,20668,343
2020-09-21,Alpine,002,1148,2,2,0,2,0
2020-09-21,Amador,005,37829,291,286,0,286,16
2020-09-21,Butte,007,227075,2889,2769,53,2822,41
2020-09-21,Calaveras,009,45235,307,256,0,256,10
2020-09-21,Colusa,011,21464,529,517,0,517,6
2020-09-21,Contra Costa,013,1133247,16863,16008,80,16088,189
2020-09-21,Del Norte,015,27424,136,132,0,132,2
2020-09-21,El Dorado,017,186661,1157,1074,10,1084,4
2020-09-21,Fresno,019,978130,30342,27843,361,28204,362
2020-09-21,Glenn,021,27897,576,556,0,556,3
2020-09-21,Humboldt,023,135768,494,473,1,474,5
2020-09-21,Imperial,025,180216,11748,10521,9,10530,284
2020-09-21,Inyo,027,18085,187,177,4,181,12
2020-09-21,Kern,029,883053,31772,31031,315,31346,379
2020-09-21,Kings,031,150075,7630,7297,34,7331,76
2020-09-21,Lake,033,64148,560,508,0,508,8
2020-09-21,Lassen,035,31185,745,735,2,737,0
2020-09-21,Los Angeles,037,10098052,264532,261418,1733,263151,6360
2020-09-21,Madera,039,155013,4509,4275,29,4304,47
2020-09-21,Marin,041,260295,6678,6538,16,6554,84
2020-09-21,Mariposa,043,17540,75,74,0,74,2
2020-09-21,Mendocino,045,87422,844,778,0,778,18
2020-09-21,Merced,047,269075,8827,8749,16,8765,128
2020-09-21,Modoc,049,8938,29,22,0,22,0
2020-09-21,Mono,051,14174,168,147,3,150,1
2020-09-21,Monterey,053,433212,9703,9331,20,9351,66
2020-09-21,Napa,055,140530,1698,1641,8,1649,11
2020-09-21,Nevada,057,99092,536,515,16,531,6
2020-09-21,Orange,059,3164182,54252,51363,1423,52786,1110
2020-09-21,Placer,061,380077,3598,3473,13,3486,40
2020-09-21,Plumas,063,18699,49,47,0,47,0
2020-09-21,Riverside,065,2383286,58240,57001,153,57154,1153
2020-09-21,Sacramento,067,1510023,22193,21568,26,21594,404
2020-09-21,San Benito,069,59416,1328,1298,0,1298,10
2020-09-21,San Bernardino,071,2135413,53487,51654,347,52001,970
2020-09-21,San Diego,073,3302833,46741,44927,883,45810,760
2020-09-21,San Francisco,075,870044,11111,10743,26,10769,95
2020-09-21,San Joaquin,077,732212,20060,19579,54,19633,423
2020-09-21,San Luis Obispo,079,281455,3686,3406,17,3423,27
2020-09-21,San Mateo,081,765935,10001,9239,10,9249,127
2020-09-21,Santa Barbara,083,443738,9072,8911,74,8985,110
2020-09-21,Santa Clara,085,1922200,21751,20432,41,20473,252
2020-09-21,Santa Cruz,087,273765,2382,2257,26,2283,8
2020-09-21,Shasta,089,179085,944,696,4,700,14
2020-09-21,Sierra,091,2930,6,6,0,6,0
2020-09-21,Siskiyou,093,43540,155,146,10,156,0
2020-09-21,Solano,095,438530,6312,6019,37,6056,46
2020-09-21,Sonoma,097,501317,7394,7017,20,7037,117
2020-09-21,Stanislaus,099,539301,16455,16186,503,16689,310
2020-09-21,Sutter,101,95872,1661,1634,1,1635,10
2020-09-21,Tehama,103,63373,547,513,2,515,2
2020-09-21,Trinity,105,12862,53,15,8,23,0
2020-09-21,Tulare,107,460477,16160,15528,111,15639,260
2020-09-21,Tuolumne,109,53932,232,221,6,227,1
2020-09-21,Ventura,111,848112,13126,12477,152,12629,133
2020-09-21,Yolo,113,214977,2800,2752,7,2759,54
2020-09-21,Yuba,115,75493,1069,1033,3,1036,1
2020-09-20,Alameda,001,1643700,21113,20425,164,20589,343
2020-09-20,Alpine,002,1148,2,2,0,2,0
2020-09-20,Amador,005,37829,290,286,0,286,16
2020-09-20,Butte,007,227075,2877,2764,53,2817,39
2020-09-20,Calaveras,009,45235,303,256,0,256,10
2020-09-20,Colusa,011,21464,527,510,0,510,6
2020-09-20,Contra Costa,013,1133247,16746,15917,79,15996,189
2020-09-20,Del Norte,015,27424,134,132,0,132,2
2020-09-20,El Dorado,017,186661,1142,1073,10,1083,4
2020-09-20,Fresno,019,978130,30229,27769,356,28125,362
2020-09-20,Glenn,021,27897,572,550,0,550,3
2020-09-20,Humboldt,023,135768,494,472,1,473,5
2020-09-20,Imperial,025,180216,11721,10496,8,10504,284
2020-09-20,Inyo,027,18085,187,177,4,181,12
2020-09-20,Kern,029,883053,31688,30992,311,31303,379
2020-09-20,Kings,031,150075,7583,7159,33,7192,76
2020-09-20,Lake,033,64148,548,492,0,492,8
2020-09-20,Lassen,035,31185,745,735,2,737,0
2020-09-20,Los Angeles,037,10098052,263304,260770,1709,262479,6347
2020-09-20,Madera,039,155013,4489,4257,29,4286,47
2020-09-20,Marin,041,260295,6654,6533,16,6549,83
2020-09-20,Mariposa,043,17540,75,74,0,74,2
2020-09-20,Mendocino,045,87422,832,765,0,765,18
2020-09-20,Merced,047,269075,8801,8745,16,8761,128
2020-09-20,Modoc,049,8938,27,22,0,22,0
2020-09-20,Mono,051,14174,167,147,3,150,1
2020-09-20,Monterey,053,433212,9624,9312,20,9332,65
2020-09-20,Napa,055,140530,1689,1626,8,1634,11
2020-09-20,Nevada,057,99092,533,511,16,527,6
2020-09-20,Orange,059,3164182,54011,51233,1413,52646,1110
2020-09-20,Placer,061,380077,3584,3452,13,3465,40
2020-09-20,Plumas,063,18699,49,47,0,47,0
2020-09-20,Riverside,065,2383286,58039,56783,147,56930,1147
2020-09-20,Sacramento,067,1510023,22006,21394,25,21419,401
2020-09-20,San Benito,069,59416,1317,1291,0,1291,9
2020-09-20,San Bernardino,071,2135413,53170,51559,345,51904,970
2020-09-20,San Diego,073,3302833,46368,44579,854,45433,760
2020-09-20,San Francisco,075,870044,11057,10743,26,10769,95
2020-09-20,San Joaquin,077,732212,19996,19578,47,19625,423
2020-09-20,San Luis Obispo,079,281455,3659,3393,17,3410,27
2020-09-20,San Mateo,081,765935,9935,9198,10,9208,127
2020-09-20,Santa Barbara,083,443738,9036,8880,73,8953,110
2020-09-20,Santa Clara,085,1922200,21632,20330,40,20370,252
2020-09-20,Santa Cruz,087,273765,2362,2199,26,2225,8
2020-09-20,Shasta,089,179085,903,696,3,699,14
2020-09-20,Sierra,091,2930,6,6,0,6,0
2020-09-20,Siskiyou,093,43540,155,146,10,156,0
2020-09-20,Solano,095,438530,6268,6020,37,6057,46
2020-09-20,Sonoma,097,501317,7290,6954,20,6974,117
2020-09-20,Stanislaus,099,539301,16423,16159,496,16655,310
2020-09-20,Sutter,101,95872,1655,1624,1,1625,10
2020-09-20,Tehama,103,63373,534,509,2,511,2
2020-09-20,Trinity,105,12862,53,15,8,23,0
2020-09-20,Tulare,107,460477,16074,15528,104,15632,260
2020-09-20,Tuolumne,109,53932,232,221,6,227,1
2020-09-20,Ventura,111,848112,13060,12406,148,12554,133
2020-09-20,Yolo,113,214977,2792,2745,7,2752,54
2020-09-20,Yuba,115,75493,1062,1029,3,1032,1
2020-09-19,Alameda,001,1643700,21063,20349,161,20510,343
2020-09-19,Alpine,002,1148,2,2,0,2,0
2020-09-19,Amador,005,37829,290,285,0,285,16
2020-09-19,Butte,007,227075,2871,2748,53,2801,38
2020-09-19,Calaveras,009,45235,303,256,0,256,10
2020-09-19,Colusa,011,21464,527,507,0,507,6
2020-09-19,Contra Costa,013,1133247,16684,15783,79,15862,186
2020-09-19,Del Norte,015,27424,133,132,0,132,2
2020-09-19,El Dorado,017,186661,1136,1068,9,1077,4
2020-09-19,Fresno,019,978130,30156,27668,356,28024,362
2020-09-19,Glenn,021,27897,569,547,0,547,3
2020-09-19,Humboldt,023,135768,493,471,1,472,5
2020-09-19,Imperial,025,180216,11706,10496,8,10504,284
2020-09-19,Inyo,027,18085,187,177,4,181,12
2020-09-19,Kern,029,883053,31636,30886,308,31194,379
2020-09-19,Kings,031,150075,7577,7130,33,7163,76
2020-09-19,Lake,033,64148,548,465,0,465,8
2020-09-19,Lassen,035,31185,745,731,2,733,0
2020-09-19,Los Angeles,037,10098052,262680,259801,1695,261496,6325
2020-09-19,Madera,039,155013,4466,4237,29,4266,47
2020-09-19,Marin,041,260295,6647,6513,15,6528,81
2020-09-19,Mariposa,043,17540,75,74,0,74,2
2020-09-19,Mendocino,045,87422,829,750,0,750,18
2020-09-19,Merced,047,269075,8790,8717,15,8732,128
2020-09-19,Modoc,049,8938,27,22,0,22,0
2020-09-19,Mono,051,14174,167,147,3,150,1
2020-09-19,Monterey,053,433212,9582,9237,20,9257,65
2020-09-19,Napa,055,140530,1681,1614,8,1622,11
2020-09-19,Nevada,057,99092,531,505,16,521,6
2020-09-19,Orange,059,3164182,53883,50999,1406,52405,1105
2020-09-19,Placer,061,380077,3575,3412,13,3425,40
2020-09-19,Plumas,063,18699,49,47,0,47,0
2020-09-19,Riverside,065,2383286,57912,56562,146,56708,1147
2020-09-19,Sacramento,067,1510023,21952,21297,25,21322,396
2020-09-19,San Benito,069,59416,1313,1276,0,1276,9
2020-09-19,San Bernardino,071,2135413,53012,51353,342,51695,971
2020-09-19,San Diego,073,3302833,46140,44295,831,45126,773
2020-09-19,San Francisco,075,870044,11024,10741,26,10767,95
2020-09-19,San Joaquin,077,732212,19960,19580,47,19627,424
2020-09-19,San Luis Obispo,079,281455,3638,3369,17,3386,27
2020-09-19,San Mateo,081,765935,9904,9158,10,9168,127
2020-09-19,Santa Barbara,083,443738,9016,8862,73,8935,106
2020-09-19,Santa Clara,085,1922200,21543,20170,40,20210,251
2020-09-19,Santa Cruz,087,273765,2348,2198,25,2223,8
2020-09-19,Shasta,089,179085,876,687,3,690,14
2020-09-19,Sierra,091,2930,6,6,0,6,0
2020-09-19,Siskiyou,093,43540,155,146,10,156,0
2020-09-19,Solano,095,438530,6252,5998,37,6035,46
2020-09-19,Sonoma,097,501317,7257,6905,20,6925,117
2020-09-19,Stanislaus,099,539301,16382,16109,489,16598,313
2020-09-19,Sutter,101,95872,1654,1602,1,1603,10
2020-09-19,Tehama,103,63373,529,498,2,500,2
2020-09-19,Trinity,105,12862,53,15,8,23,0
2020-09-19,Tulare,107,460477,16026,15485,101,15586,260
2020-09-19,Tuolumne,109,53932,232,217,6,223,1
2020-09-19,Ventura,111,848112,13028,12328,148,12476,133
2020-09-19,Yolo,113,214977,2784,2739,7,2746,54
2020-09-19,Yuba,115,75493,1055,1023,3,1026,1
2020-09-18,Alameda,001,1643700,20997,20222,155,20377,341
2020-09-18,Alpine,002,1148,2,2,0,2,0
2020-09-18,Amador,005,37829,290,285,0,285,16
2020-09-18,Butte,007,227075,2869,2738,53,2791,37
2020-09-18,Calaveras,009,45235,303,255,0,255,9
2020-09-18,Colusa,011,21464,527,504,0,504,6
2020-09-18,Contra Costa,013,1133247,16595,15667,79,15746,185
2020-09-18,Del Norte,015,27424,133,131,0,131,2
2020-09-18,El Dorado,017,186661,1123,1063,9,1072,4
2020-09-18,Fresno,019,978130,30092,27560,356,27916,359
2020-09-18,Glenn,021,27897,566,541,0,541,3
2020-09-18,Humboldt,023,135768,490,470,1,471,5
2020-09-18,Imperial,025,180216,11691,10460,8,10468,283
2020-09-18,Inyo,027,18085,187,177,4,181,12
2020-09-18,Kern,029,883053,31576,30742,305,31047,373
2020-09-18,Kings,031,150075,7567,7062,33,7095,74
2020-09-18,Lake,033,64148,542,458,0,458,8
2020-09-18,Lassen,035,31185,744,731,2,733,0
2020-09-18,Los Angeles,037,10098052,261918,258488,1677,260165,6324
2020-09-18,Madera,039,155013,4455,4211,29,4240,45
2020-09-18,Marin,041,260295,6631,6475,15,6490,81
2020-09-18,Mariposa,043,17540,75,74,0,74,2
2020-09-18,Mendocino,045,87422,821,739,0,739,18
2020-09-18,Merced,047,269075,8778,8691,14,8705,127
2020-09-18,Modoc,049,8938,27,22,0,22,0
2020-09-18,Mono,051,14174,165,147,3,150,1
2020-09-18,Monterey,053,433212,9541,9183,20,9203,64
2020-09-18,Napa,055,140530,1675,1604,8,1612,11
2020-09-18,Nevada,057,99092,528,504,16,520,6
2020-09-18,Orange,059,3164182,53737,50733,1394,52127,1107
2020-09-18,Placer,061,380077,3564,3389,13,3402,40
2020-09-18,Plumas,063,18699,49,45,0,45,0
2020-09-18,Riverside,065,2383286,57789,56248,141,56389,1143
2020-09-18,Sacramento,067,1510023,21868,21105,25,21130,391
2020-09-18,San Benito,069,59416,1305,1257,0,1257,8
2020-09-18,San Bernardino,071,2135413,52867,51106,339,51445,970
2020-09-18,San Diego,073,3302833,45890,44009,826,44835,757
2020-09-18,San Francisco,075,870044,10986,10644,25,10669,95
2020-09-18,San Joaquin,077,732212,19917,19531,46,19577,423
2020-09-18,San Luis Obispo,079,281455,3614,3328,17,3345,27
2020-09-18,San Mateo,081,765935,9864,9062,10,9072,127
2020-09-18,Santa Barbara,083,443738,8995,8824,73,8897,107
2020-09-18,Santa Clara,085,1922200,21446,20058,40,20098,252
2020-09-18,Santa Cruz,087,273765,2328,2180,24,2204,8
2020-09-18,Shasta,089,179085,841,668,3,671,14
2020-09-18,Sierra,091,2930,6,6,0,6,0
2020-09-18,Siskiyou,093,43540,154,146,10,156,0
2020-09-18,Solano,095,438530,6236,5961,37,5998,46
2020-09-18,Sonoma,097,501317,7210,6856,20,6876,114
2020-09-18,Stanislaus,099,539301,16352,16042,483,16525,277
2020-09-18,Sutter,101,95872,1647,1586,1,1587,10
2020-09-18,Tehama,103,63373,529,490,2,492,2
2020-09-18,Trinity,105,12862,53,15,7,22,0
2020-09-18,Tulare,107,460477,15993,15435,97,15532,259
2020-09-18,Tuolumne,109,53932,231,216,6,222,1
2020-09-18,Ventura,111,848112,12967,12236,144,12380,133
2020-09-18,Yolo,113,214977,2778,2732,7,2739,54
2020-09-18,Yuba,115,75493,1051,1020,3,1023,1
2020-09-17,Alameda,001,1643700,20898,20146,155,20301,339
2020-09-17,Alpine,002,1148,2,2,0,2,0
2020-09-17,Amador,005,37829,288,284,0,284,16
2020-09-17,Butte,007,227075,2852,2720,53,2773,38
2020-09-17,Calaveras,009,45235,303,254,0,254,9
2020-09-17,Colusa,011,21464,525,499,0,499,6
2020-09-17,Contra Costa,013,1133247,16509,15576,79,15655,184
2020-09-17,Del Norte,015,27424,133,131,0,131,2
2020-09-17,El Dorado,017,186661,1114,1057,9,1066,4
2020-09-17,Fresno,019,978130,29981,27487,351,27838,355
2020-09-17,Glenn,021,27897,565,541,0,541,3
2020-09-17,Humboldt,023,135768,484,466,1,467,5
2020-09-17,Imperial,025,180216,11674,10436,8,10444,281
2020-09-17,Inyo,027,18085,187,176,4,180,12
2020-09-17,Kern,029,883053,31516,30627,298,30925,372
2020-09-17,Kings,031,150075,7496,7015,33,7048,72
2020-09-17,Lake,033,64148,532,433,0,433,8
2020-09-17,Lassen,035,31185,742,731,2,733,0
2020-09-17,Los Angeles,037,10098052,260975,257246,1663,258909,6318
2020-09-17,Madera,039,155013,4421,4152,29,4181,45
2020-09-17,Marin,041,260295,6611,6457,15,6472,81
2020-09-17,Mariposa,043,17540,75,74,0,74,2
2020-09-17,Mendocino,045,87422,810,737,0,737,18
2020-09-17,Merced,047,269075,8759,8671,14,8685,119
2020-09-17,Modoc,049,8938,27,22,0,22,0
2020-09-17,Mono,051,14174,165,147,3,150,1
2020-09-17,Monterey,053,433212,9479,9113,20,9133,62
2020-09-17,Napa,055,140530,1664,1592,8,1600,11
2020-09-17,Nevada,057,99092,526,494,16,510,6
2020-09-17,Orange,059,3164182,53557,50537,1382,51919,1098
2020-09-17,Placer,061,380077,3544,3368,13,3381,40
2020-09-17,Plumas,063,18699,49,45,0,45,0
2020-09-17,Riverside,065,2383286,57564,56007,140,56147,1134
2020-09-17,Sacramento,067,1510023,21633,20895,25,20920,385
2020-09-17,San Benito,069,59416,1303,1252,0,1252,8
2020-09-17,San Bernardino,071,2135413,52663,50770,339,51109,904
2020-09-17,San Diego,073,3302833,45610,43621,814,44435,754
2020-09-17,San Francisco,075,870044,10892,10564,25,10589,95
2020-09-17,San Joaquin,077,732212,19858,19439,46,19485,416
2020-09-17,San Luis Obispo,079,281455,3584,3299,17,3316,27
2020-09-17,San Mateo,081,765935,9822,8984,10,8994,127
2020-09-17,Santa Barbara,083,443738,8971,8779,73,8852,107
2020-09-17,Santa Clara,085,1922200,21329,19825,40,19865,254
2020-09-17,Santa Cruz,087,273765,2312,2155,24,2179,7
2020-09-17,Shasta,089,179085,802,660,3,663,12
2020-09-17,Sierra,091,2930,6,6,0,6,0
2020-09-17,Siskiyou,093,43540,154,146,10,156,0
2020-09-17,Solano,095,438530,6213,5915,37,5952,44
2020-09-17,Sonoma,097,501317,7146,6754,20,6774,114
2020-09-17,Stanislaus,099,539301,16319,15984,479,16463,277
2020-09-17,Sutter,101,95872,1642,1572,1,1573,10
2020-09-17,Tehama,103,63373,516,487,2,489,2
2020-09-17,Trinity,105,12862,53,15,7,22,0
2020-09-17,Tulare,107,460477,15941,15344,95,15439,258
2020-09-17,Tuolumne,109,53932,230,214,6,220,1
2020-09-17,Ventura,111,848112,12880,12167,141,12308,130
2020-09-17,Yolo,113,214977,2769,2724,7,2731,53
2020-09-17,Yuba,115,75493,1047,1015,3,1018,1
2020-09-16,Alameda,001,1643700,20800,20009,153,20162,333
2020-09-16,Alpine,002,1148,2,2,0,2,0
2020-09-16,Amador,005,37829,288,284,0,284,16
2020-09-16,Butte,007,227075,2842,2704,52,2756,38
2020-09-16,Calaveras,009,45235,303,254,0,254,9
2020-09-16,Colusa,011,21464,523,497,0,497,6
2020-09-16,Contra Costa,013,1133247,16422,15473,79,15552,183
2020-09-16,Del Norte,015,27424,133,131,0,131,2
2020-09-16,El Dorado,017,186661,1106,1049,8,1057,4
2020-09-16,Fresno,019,978130,29874,27381,349,27730,343
2020-09-16,Glenn,021,27897,563,539,0,539,3
2020-09-16,Humboldt,023,135768,483,455,1,456,4
2020-09-16,Imperial,025,180216,11651,10401,8,10409,277
2020-09-16,Inyo,027,18085,186,176,4,180,12
2020-09-16,Kern,029,883053,31457,30570,297,30867,371
2020-09-16,Kings,031,150075,7471,7002,31,7033,71
2020-09-16,Lake,033,64148,521,417,0,417,6
2020-09-16,Lassen,035,31185,741,730,2,732,0
2020-09-16,Los Angeles,037,10098052,259994,256101,1646,257747,6299
2020-09-16,Madera,039,155013,4398,4138,29,4167,45
2020-09-16,Marin,041,260295,6584,6430,15,6445,77
2020-09-16,Mariposa,043,17540,75,74,0,74,2
2020-09-16,Mendocino,045,87422,801,727,0,727,18
2020-09-16,Merced,047,269075,8738,8646,14,8660,118
2020-09-16,Modoc,049,8938,27,22,0,22,0
2020-09-16,Mono,051,14174,165,147,3,150,1
2020-09-16,Monterey,053,433212,9425,8997,20,9017,62
2020-09-16,Napa,055,140530,1650,1587,8,1595,11
2020-09-16,Nevada,057,99092,521,495,15,510,6
2020-09-16,Orange,059,3164182,53356,50414,1373,51787,1096
2020-09-16,Placer,061,380077,3526,3351,13,3364,39
2020-09-16,Plumas,063,18699,49,45,0,45,0
2020-09-16,Riverside,065,2383286,57370,55811,132,55943,1127
2020-09-16,Sacramento,067,1510023,21540,20610,25,20635,377
2020-09-16,San Benito,069,59416,1295,1244,0,1244,8
2020-09-16,San Bernardino,071,2135413,52438,50509,338,50847,907
2020-09-16,San Diego,073,3302833,45318,43447,793,44240,748
2020-09-16,San Francisco,075,870044,10845,10502,25,10527,90
2020-09-16,San Joaquin,077,732212,19803,19377,45,19422,409
2020-09-16,San Luis Obispo,079,281455,3553,3285,17,3302,28
2020-09-16,San Mateo,081,765935,9757,8944,10,8954,127
2020-09-16,Santa Barbara,083,443738,8938,8764,73,8837,107
2020-09-16,Santa Clara,085,1922200,21210,19684,40,19724,253
2020-09-16,Santa Cruz,087,273765,2271,2089,23,2112,7
2020-09-16,Shasta,089,179085,776,635,3,638,11
2020-09-16,Sierra,091,2930,6,6,0,6,0
2020-09-16,Siskiyou,093,43540,153,145,10,155,0
2020-09-16,Solano,095,438530,6184,5899,37,5936,44
2020-09-16,Sonoma,097,501317,7084,6731,20,6751,104
2020-09-16,Stanislaus,099,539301,16271,15897,471,16368,263
2020-09-16,Sutter,101,95872,1629,1567,1,1568,10
2020-09-16,Tehama,103,63373,508,485,2,487,2
2020-09-16,Trinity,105,12862,53,15,7,22,0
2020-09-16,Tulare,107,460477,15897,15314,88,15402,258
2020-09-16,Tuolumne,109,53932,229,210,6,216,1
2020-09-16,Ventura,111,848112,12809,12073,139,12212,130
2020-09-16,Yolo,113,214977,2762,2709,7,2716,53
2020-09-16,Yuba,115,75493,1045,1000,3,1003,1
2020-09-15,Alameda,001,1643700,20694,19931,150,20081,327
2020-09-15,Alpine,002,1148,2,2,0,2,0
2020-09-15,Amador,005,37829,287,282,0,282,16
2020-09-15,Butte,007,227075,2829,2695,50,2745,38
2020-09-15,Calaveras,009,45235,303,248,0,248,5
2020-09-15,Colusa,011,21464,517,497,0,497,6
2020-09-15,Contra Costa,013,1133247,16316,15423,77,15500,180
2020-09-15,Del Norte,015,27424,133,129,0,129,2
2020-09-15,El Dorado,017,186661,1101,1046,8,1054,4
2020-09-15,Fresno,019,978130,29766,27312,344,27656,343
2020-09-15,Glenn,021,27897,562,531,0,531,3
2020-09-15,Humboldt,023,135768,481,456,1,457,4
2020-09-15,Imperial,025,180216,11626,10376,8,10384,277
2020-09-15,Inyo,027,18085,186,176,4,180,12
2020-09-15,Kern,029,883053,31344,30429,294,30723,368
2020-09-15,Kings,031,150075,7313,6977,31,7008,70
2020-09-15,Lake,033,64148,508,416,0,416,4
2020-09-15,Lassen,035,31185,737,719,2,721,0
2020-09-15,Los Angeles,037,10098052,258885,255048,1624,256672,6269
2020-09-15,Madera,039,155013,4379,4122,29,4151,45
2020-09-15,Marin,041,260295,6553,6423,15,6438,77
2020-09-15,Mariposa,043,17540,75,74,0,74,2
2020-09-15,Mendocino,045,87422,783,724,0,724,18
2020-09-15,Merced,047,269075,8709,8633,14,8647,114
2020-09-15,Modoc,049,8938,26,21,0,21,0
2020-09-15,Mono,051,14174,165,147,3,150,1
2020-09-15,Monterey,053,433212,9376,8943,20,8963,62
2020-09-15,Napa,055,140530,1636,1580,8,1588,11
2020-09-15,Nevada,057,99092,516,494,15,509,6
2020-09-15,Orange,059,3164182,53174,50294,1359,51653,1088
2020-09-15,Placer,061,380077,3502,3331,13,3344,38
2020-09-15,Plumas,063,18699,49,44,0,44,0
2020-09-15,Riverside,065,2383286,57076,55569,122,55691,1118
2020-09-15,Sacramento,067,1510023,21396,20487,25,20512,372
2020-09-15,San Benito,069,59416,1288,1237,0,1237,7
2020-09-15,San Bernardino,071,2135413,52223,50333,337,50670,904
2020-09-15,San Diego,073,3302833,44999,43183,773,43956,742
2020-09-15,San Francisco,075,870044,10787,10414,25,10439,90
2020-09-15,San Joaquin,077,732212,19751,19313,45,19358,401
2020-09-15,San Luis Obispo,079,281455,3533,3262,17,3279,28
2020-09-15,San Mateo,081,765935,9688,8895,10,8905,127
2020-09-15,Santa Barbara,083,443738,8913,8724,72,8796,104
2020-09-15,Santa Clara,085,1922200,21077,19610,40,19650,252
2020-09-15,Santa Cruz,087,273765,2245,2079,22,2101,7
2020-09-15,Shasta,089,179085,764,627,3,630,11
2020-09-15,Sierra,091,2930,6,6,0,6,0
2020-09-15,Siskiyou,093,43540,153,143,10,153,0
2020-09-15,Solano,095,438530,6150,5878,37,5915,45
2020-09-15,Sonoma,097,501317,7045,6701,20,6721,104
2020-09-15,Stanislaus,099,539301,16223,15880,469,16349,260
2020-09-15,Sutter,101,95872,1618,1556,1,1557,10
2020-09-15,Tehama,103,63373,496,484,2,486,2
2020-09-15,Trinity,105,12862,53,15,7,22,0
2020-09-15,Tulare,107,460477,15820,15203,86,15289,254
2020-09-15,Tuolumne,109,53932,229,209,6,215,1
2020-09-15,Ventura,111,848112,12756,11932,138,12070,128
2020-09-15,Yolo,113,214977,2758,2708,7,2715,53
2020-09-15,Yuba,115,75493,1039,991,3,994,1
2020-09-14,Alameda,001,1643700,20567,19851,149,20000,306
2020-09-14,Alpine,002,1148,2,2,0,2,0
2020-09-14,Amador,005,37829,285,281,0,281,16
2020-09-14,Butte,007,227075,2811,2642,50,2692,37
2020-09-14,Calaveras,009,45235,303,244,0,244,3
2020-09-14,Colusa,011,21464,516,486,0,486,6
2020-09-14,Contra Costa,013,1133247,16192,15354,76,15430,174
2020-09-14,Del Norte,015,27424,130,116,0,116,2
2020-09-14,El Dorado,017,186661,1097,1039,8,1047,3
2020-09-14,Fresno,019,978130,29683,27232,341,27573,344
2020-09-14,Glenn,021,27897,554,521,0,521,3
2020-09-14,Humboldt,023,135768,478,437,1,438,4
2020-09-14,Imperial,025,180216,11606,10340,8,10348,273
2020-09-14,Inyo,027,18085,186,176,4,180,12
2020-09-14,Kern,029,883053,31256,30344,293,30637,368
2020-09-14,Kings,031,150075,7232,6950,31,6981,70
2020-09-14,Lake,033,64148,487,407,0,407,4
2020-09-14,Lassen,035,31185,737,719,2,721,0
2020-09-14,Los Angeles,037,10098052,257856,254622,1599,256221,6226
2020-09-14,Madera,039,155013,4364,4104,29,4133,45
2020-09-14,Marin,041,260295,6533,6409,15,6424,70
2020-09-14,Mariposa,043,17540,75,74,0,74,2
2020-09-14,Mendocino,045,87422,766,710,0,710,17
2020-09-14,Merced,047,269075,8690,8593,14,8607,112
2020-09-14,Modoc,049,8938,26,21,0,21,0
2020-09-14,Mono,051,14174,165,147,3,150,1
2020-09-14,Monterey,053,433212,9305,8845,19,8864,61
2020-09-14,Napa,055,140530,1619,1576,8,1584,11
2020-09-14,Nevada,057,99092,511,489,15,504,6
2020-09-14,Orange,059,3164182,53013,50149,1343,51492,1079
2020-09-14,Placer,061,380077,3480,3302,13,3315,38
2020-09-14,Plumas,063,18699,48,42,0,42,0
2020-09-14,Riverside,065,2383286,56857,55488,118,55606,1113
2020-09-14,Sacramento,067,1510023,21201,20377,24,20401,367
2020-09-14,San Benito,069,59416,1273,1233,0,1233,7
2020-09-14,San Bernardino,071,2135413,51999,50163,336,50499,895
2020-09-14,San Diego,073,3302833,44688,42889,753,43642,734
2020-09-14,San Francisco,075,870044,10720,10255,23,10278,90
2020-09-14,San Joaquin,077,732212,19677,19111,44,19155,397
2020-09-14,San Luis Obispo,079,281455,3508,3248,17,3265,25
2020-09-14,San Mateo,081,765935,9627,8847,10,8857,127
2020-09-14,Santa Barbara,083,443738,8887,8692,72,8764,104
2020-09-14,Santa Clara,085,1922200,20889,19545,40,19585,247
2020-09-14,Santa Cruz,087,273765,2223,2016,21,2037,7
2020-09-14,Shasta,089,179085,741,584,3,587,10
2020-09-14,Sierra,091,2930,6,6,0,6,0
2020-09-14,Siskiyou,093,43540,152,143,10,153,0
2020-09-14,Solano,095,438530,6115,5834,37,5871,44
2020-09-14,Sonoma,097,501317,6981,6630,20,6650,102
2020-09-14,Stanislaus,099,539301,16178,15812,466,16278,253
2020-09-14,Sutter,101,95872,1607,1549,1,1550,10
2020-09-14,Tehama,103,63373,494,475,2,477,1
2020-09-14,Trinity,105,12862,52,14,7,21,0
2020-09-14,Tulare,107,460477,15751,15096,81,15177,254
2020-09-14,Tuolumne,109,53932,228,208,6,214,1
2020-09-14,Ventura,111,848112,12654,11903,135,12038,125
2020-09-14,Yolo,113,214977,2747,2687,7,2694,53
2020-09-14,Yuba,115,75493,1031,977,3,980,1
2020-09-13,Alameda,001,1643700,20461,19815,146,19961,306
2020-09-13,Alpine,002,1148,2,2,0,2,0
2020-09-13,Amador,005,37829,282,279,0,279,16
2020-09-13,Butte,007,227075,2789,2640,50,2690,37
2020-09-13,Calaveras,009,45235,302,246,0,246,3
2020-09-13,Colusa,011,21464,512,486,0,486,6
2020-09-13,Contra Costa,013,1133247,16085,15284,76,15360,172
2020-09-13,Del Norte,015,27424,127,116,0,116,1
2020-09-13,El Dorado,017,186661,1092,1035,8,1043,2
2020-09-13,Fresno,019,978130,29572,27196,332,27528,345
2020-09-13,Glenn,021,27897,550,517,0,517,3
2020-09-13,Humboldt,023,135768,478,434,1,435,4
2020-09-13,Imperial,025,180216,11569,10304,7,10311,273
2020-09-13,Inyo,027,18085,186,176,4,180,12
2020-09-13,Kern,029,883053,31160,30277,287,30564,368
2020-09-13,Kings,031,150075,7213,6937,31,6968,70
2020-09-13,Lake,033,64148,469,397,0,397,4
2020-09-13,Lassen,035,31185,734,719,2,721,0
2020-09-13,Los Angeles,037,10098052,256703,253950,1584,255534,6203
2020-09-13,Madera,039,155013,4307,4090,29,4119,45
2020-09-13,Marin,041,260295,6514,6395,15,6410,70
2020-09-13,Mariposa,043,17540,75,74,0,74,2
2020-09-13,Mendocino,045,87422,759,707,0,707,17
2020-09-13,Merced,047,269075,8656,8575,14,8589,112
2020-09-13,Modoc,049,8938,26,21,0,21,0
2020-09-13,Mono,051,14174,165,147,3,150,1
2020-09-13,Monterey,053,433212,9223,8826,18,8844,61
2020-09-13,Napa,055,140530,1612,1563,8,1571,11
2020-09-13,Nevada,057,99092,503,486,15,501,6
2020-09-13,Orange,059,3164182,52797,50061,1336,51397,1075
2020-09-13,Placer,061,380077,3451,3291,13,3304,38
2020-09-13,Plumas,063,18699,48,42,0,42,0
2020-09-13,Riverside,065,2383286,56650,55235,107,55342,1108
2020-09-13,Sacramento,067,1510023,20856,20279,24,20303,367
2020-09-13,San Benito,069,59416,1265,1217,0,1217,7
2020-09-13,San Bernardino,071,2135413,51712,49968,334,50302,895
2020-09-13,San Diego,073,3302833,44362,42681,719,43400,734
2020-09-13,San Francisco,075,870044,10642,10254,23,10277,90
2020-09-13,San Joaquin,077,732212,19606,19110,43,19153,396
2020-09-13,San Luis Obispo,079,281455,3471,3240,17,3257,24
2020-09-13,San Mateo,081,765935,9566,8811,10,8821,127
2020-09-13,Santa Barbara,083,443738,8850,8690,72,8762,104
2020-09-13,Santa Clara,085,1922200,20750,19456,39,19495,245
2020-09-13,Santa Cruz,087,273765,2189,2016,19,2035,7
2020-09-13,Shasta,089,179085,729,583,3,586,10
2020-09-13,Sierra,091,2930,6,6,0,6,0
2020-09-13,Siskiyou,093,43540,152,143,9,152,0
2020-09-13,Solano,095,438530,6069,5810,37,5847,43
2020-09-13,Sonoma,097,501317,6916,6592,20,6612,95
2020-09-13,Stanislaus,099,539301,16115,15759,454,16213,253
2020-09-13,Sutter,101,95872,1595,1539,1,1540,10
2020-09-13,Tehama,103,63373,490,476,2,478,1
2020-09-13,Trinity,105,12862,52,14,7,21,0
2020-09-13,Tulare,107,460477,15680,15098,80,15178,254
2020-09-13,Tuolumne,109,53932,224,208,6,214,1
2020-09-13,Ventura,111,848112,12546,11855,134,11989,123
2020-09-13,Yolo,113,214977,2735,2675,7,2682,53
2020-09-13,Yuba,115,75493,1026,967,3,970,1
2020-09-12,Alameda,001,1643700,20402,19758,146,19904,307
2020-09-12,Alpine,002,1148,2,2,0,2,0
2020-09-12,Amador,005,37829,281,278,0,278,16
2020-09-12,Butte,007,227075,2782,2629,49,2678,37
2020-09-12,Calaveras,009,45235,300,246,0,246,3
2020-09-12,Colusa,011,21464,508,486,0,486,6
2020-09-12,Contra Costa,013,1133247,16008,15135,75,15210,174
2020-09-12,Del Norte,015,27424,126,116,0,116,1
2020-09-12,El Dorado,017,186661,1085,1034,8,1042,2
2020-09-12,Fresno,019,978130,29502,27076,332,27408,345
2020-09-12,Glenn,021,27897,549,517,0,517,3
2020-09-12,Humboldt,023,135768,477,430,1,431,4
2020-09-12,Imperial,025,180216,11557,10305,7,10312,273
2020-09-12,Inyo,027,18085,186,177,4,181,12
2020-09-12,Kern,029,883053,31094,30202,287,30489,368
2020-09-12,Kings,031,150075,7203,6895,31,6926,70
2020-09-12,Lake,033,64148,461,393,0,393,4
2020-09-12,Lassen,035,31185,734,719,2,721,0
2020-09-12,Los Angeles,037,10098052,256145,253156,1564,254720,6193
2020-09-12,Madera,039,155013,4296,4058,29,4087,43
2020-09-12,Marin,041,260295,6504,6393,15,6408,69
2020-09-12,Mariposa,043,17540,75,72,0,72,2
2020-09-12,Mendocino,045,87422,756,700,0,700,17
2020-09-12,Merced,047,269075,8647,8533,14,8547,112
2020-09-12,Modoc,049,8938,25,21,0,21,0
2020-09-12,Mono,051,14174,165,147,3,150,1
2020-09-12,Monterey,053,433212,9187,8743,18,8761,61
2020-09-12,Napa,055,140530,1609,1556,8,1564,11
2020-09-12,Nevada,057,99092,502,482,15,497,6
2020-09-12,Orange,059,3164182,52682,49895,1333,51228,1078
2020-09-12,Placer,061,380077,3434,3280,13,3293,38
2020-09-12,Plumas,063,18699,48,42,0,42,0
2020-09-12,Riverside,065,2383286,56522,55058,103,55161,1108
2020-09-12,Sacramento,067,1510023,20788,20184,24,20208,367
2020-09-12,San Benito,069,59416,1262,1208,0,1208,7
2020-09-12,San Bernardino,071,2135413,51621,49945,332,50277,896
2020-09-12,San Diego,073,3302833,44167,42416,710,43126,747
2020-09-12,San Francisco,075,870044,10598,10257,23,10280,90
2020-09-12,San Joaquin,077,732212,19578,19108,43,19151,396
2020-09-12,San Luis Obispo,079,281455,3444,3220,17,3237,24
2020-09-12,San Mateo,081,765935,9521,8759,10,8769,127
2020-09-12,Santa Barbara,083,443738,8836,8642,72,8714,104
2020-09-12,Santa Clara,085,1922200,20663,19330,39,19369,237
2020-09-12,Santa Cruz,087,273765,2177,2016,19,2035,7
2020-09-12,Shasta,089,179085,717,569,3,572,10
2020-09-12,Sierra,091,2930,6,6,0,6,0
2020-09-12,Siskiyou,093,43540,152,141,9,150,0
2020-09-12,Solano,095,438530,6045,5772,37,5809,43
2020-09-12,Sonoma,097,501317,6891,6531,20,6551,95
2020-09-12,Stanislaus,099,539301,16083,15675,451,16126,253
2020-09-12,Sutter,101,95872,1589,1529,1,1530,10
2020-09-12,Tehama,103,63373,487,471,2,473,1
2020-09-12,Trinity,105,12862,52,15,7,22,0
2020-09-12,Tulare,107,460477,15635,15018,79,15097,254
2020-09-12,Tuolumne,109,53932,224,208,6,214,1
2020-09-12,Ventura,111,848112,12495,11759,132,11891,123
2020-09-12,Yolo,113,214977,2728,2646,7,2653,53
2020-09-12,Yuba,115,75493,1022,963,3,966,1
2020-09-11,Alameda,001,1643700,20347,19625,145,19770,298
2020-09-11,Alpine,002,1148,2,2,0,2,0
2020-09-11,Amador,005,37829,281,277,0,277,16
2020-09-11,Butte,007,227075,2770,2605,49,2654,37
2020-09-11,Calaveras,009,45235,299,242,0,242,1
2020-09-11,Colusa,011,21464,507,484,0,484,6
2020-09-11,Contra Costa,013,1133247,15950,15001,72,15073,173
2020-09-11,Del Norte,015,27424,126,115,0,115,1
2020-09-11,El Dorado,017,186661,1082,1024,8,1032,2
2020-09-11,Fresno,019,978130,29422,26917,331,27248,344
2020-09-11,Glenn,021,27897,544,515,0,515,3
2020-09-11,Humboldt,023,135768,475,426,1,427,4
2020-09-11,Imperial,025,180216,11539,10286,7,10293,273
2020-09-11,Inyo,027,18085,186,176,4,180,12
2020-09-11,Kern,029,883053,31026,30059,286,30345,365
2020-09-11,Kings,031,150075,7186,6770,31,6801,70
2020-09-11,Lake,033,64148,453,382,0,382,4
2020-09-11,Lassen,035,31185,734,719,2,721,0
2020-09-11,Los Angeles,037,10098052,255466,252057,1553,253610,6172
2020-09-11,Madera,039,155013,4277,4018,29,4047,43
2020-09-11,Marin,041,260295,6497,6364,15,6379,69
2020-09-11,Mariposa,043,17540,75,72,0,72,2
2020-09-11,Mendocino,045,87422,745,700,0,700,17
2020-09-11,Merced,047,269075,8627,8489,13,8502,109
2020-09-11,Modoc,049,8938,25,21,0,21,0
2020-09-11,Mono,051,14174,165,145,3,148,1
2020-09-11,Monterey,053,433212,9139,8595,18,8613,61
2020-09-11,Napa,055,140530,1598,1543,8,1551,11
2020-09-11,Nevada,057,99092,495,483,15,498,6
2020-09-11,Orange,059,3164182,52552,49755,1321,51076,1068
2020-09-11,Placer,061,380077,3419,3254,13,3267,37
2020-09-11,Plumas,063,18699,48,42,0,42,0
2020-09-11,Riverside,065,2383286,56387,54717,100,54817,1099
2020-09-11,Sacramento,067,1510023,20704,20012,24,20036,358
2020-09-11,San Benito,069,59416,1252,1202,0,1202,7
2020-09-11,San Bernardino,071,2135413,51522,49682,332,50014,871
2020-09-11,San Diego,073,3302833,43947,41971,704,42675,730
2020-09-11,San Francisco,075,870044,10550,10133,22,10155,89
2020-09-11,San Joaquin,077,732212,19530,19019,43,19062,391
2020-09-11,San Luis Obispo,079,281455,3426,3190,17,3207,24
2020-09-11,San Mateo,081,765935,9479,8611,10,8621,127
2020-09-11,Santa Barbara,083,443738,8803,8592,71,8663,103
2020-09-11,Santa Clara,085,1922200,20575,19065,39,19104,234
2020-09-11,Santa Cruz,087,273765,2160,1997,19,2016,7
2020-09-11,Shasta,089,179085,707,568,3,571,10
2020-09-11,Sierra,091,2930,6,6,0,6,0
2020-09-11,Siskiyou,093,43540,151,139,9,148,0
2020-09-11,Solano,095,438530,6027,5742,37,5779,42
2020-09-11,Sonoma,097,501317,6852,6469,20,6489,91
2020-09-11,Stanislaus,099,539301,16045,15613,448,16061,253
2020-09-11,Sutter,101,95872,1579,1505,1,1506,11
2020-09-11,Tehama,103,63373,484,466,2,468,1
2020-09-11,Trinity,105,12862,52,16,7,23,0
2020-09-11,Tulare,107,460477,15602,14932,76,15008,251
2020-09-11,Tuolumne,109,53932,224,208,6,214,1
2020-09-11,Ventura,111,848112,12441,11700,130,11830,123
2020-09-11,Yolo,113,214977,2718,2632,7,2639,53
2020-09-11,Yuba,115,75493,1014,946,3,949,1
2020-09-10,Alameda,001,1643700,20273,19509,145,19654,292
2020-09-10,Alpine,002,1148,2,2,0,2,0
2020-09-10,Amador,005,37829,280,277,0,277,16
2020-09-10,Butte,007,227075,2753,2590,49,2639,37
2020-09-10,Calaveras,009,45235,299,244,0,244,1
2020-09-10,Colusa,011,21464,505,482,0,482,6
2020-09-10,Contra Costa,013,1133247,15877,14909,72,14981,172
2020-09-10,Del Norte,015,27424,125,112,0,112,1
2020-09-10,El Dorado,017,186661,1079,1020,8,1028,2
2020-09-10,Fresno,019,978130,29301,26783,331,27114,338
2020-09-10,Glenn,021,27897,534,511,0,511,3
2020-09-10,Humboldt,023,135768,464,422,1,423,4
2020-09-10,Imperial,025,180216,11523,10251,7,10258,270
2020-09-10,Inyo,027,18085,185,176,4,180,11
2020-09-10,Kern,029,883053,30944,29988,282,30270,363
2020-09-10,Kings,031,150075,7156,6739,31,6770,70
2020-09-10,Lake,033,64148,447,377,0,377,4
2020-09-10,Lassen,035,31185,733,716,2,718,0
2020-09-10,Los Angeles,037,10098052,254488,251003,1532,252535,6132
2020-09-10,Madera,039,155013,4259,3979,29,4008,43
2020-09-10,Marin,041,260295,6485,6344,15,6359,68
2020-09-10,Mariposa,043,17540,75,72,0,72,2
2020-09-10,Mendocino,045,87422,735,697,0,697,16
2020-09-10,Merced,047,269075,8581,8461,13,8474,109
2020-09-10,Modoc,049,8938,25,21,0,21,0
2020-09-10,Mono,051,14174,165,145,3,148,1
2020-09-10,Monterey,053,433212,9069,8570,18,8588,59
2020-09-10,Napa,055,140530,1592,1536,8,1544,11
2020-09-10,Nevada,057,99092,491,478,15,493,6
2020-09-10,Orange,059,3164182,52389,49617,1314,50931,1057
2020-09-10,Placer,061,380077,3399,3233,13,3246,37
2020-09-10,Plumas,063,18699,48,42,0,42,0
2020-09-10,Riverside,065,2383286,56068,54417,97,54514,1091
2020-09-10,Sacramento,067,1510023,20584,19618,23,19641,354
2020-09-10,San Benito,069,59416,1246,1201,0,1201,5
2020-09-10,San Bernardino,071,2135413,51333,49467,330,49797,867
2020-09-10,San Diego,073,3302833,43681,41610,677,42287,725
2020-09-10,San Francisco,075,870044,10473,10082,22,10104,89
2020-09-10,San Joaquin,077,732212,19477,18854,43,18897,389
2020-09-10,San Luis Obispo,079,281455,3412,3161,16,3177,24
2020-09-10,San Mateo,081,765935,9433,8529,10,8539,125
2020-09-10,Santa Barbara,083,443738,8758,8552,71,8623,100
2020-09-10,Santa Clara,085,1922200,20460,18870,39,18909,231
2020-09-10,Santa Cruz,087,273765,2145,1986,17,2003,7
2020-09-10,Shasta,089,179085,696,566,3,569,10
2020-09-10,Sierra,091,2930,6,6,0,6,0
2020-09-10,Siskiyou,093,43540,151,137,9,146,0
2020-09-10,Solano,095,438530,5987,5696,37,5733,42
2020-09-10,Sonoma,097,501317,6803,6424,20,6444,91
2020-09-10,Stanislaus,099,539301,15992,15509,443,15952,243
2020-09-10,Sutter,101,95872,1569,1494,1,1495,11
2020-09-10,Tehama,103,63373,477,466,2,468,1
2020-09-10,Trinity,105,12862,52,15,7,22,0
2020-09-10,Tulare,107,460477,15549,14860,73,14933,250
2020-09-10,Tuolumne,109,53932,223,205,6,211,1
2020-09-10,Ventura,111,848112,12347,11600,123,11723,122
2020-09-10,Yolo,113,214977,2713,2612,7,2619,53
2020-09-10,Yuba,115,75493,1008,941,3,944,1
2020-09-09,Alameda,001,1643700,20194,19399,144,19543,289
2020-09-09,Alpine,002,1148,2,2,0,2,0
2020-09-09,Amador,005,37829,279,276,0,276,16
2020-09-09,Butte,007,227075,2736,2561,49,2610,37
2020-09-09,Calaveras,009,45235,299,242,0,242,1
2020-09-09,Colusa,011,21464,500,479,0,479,6
2020-09-09,Contra Costa,013,1133247,15790,14816,72,14888,171
2020-09-09,Del Norte,015,27424,121,109,0,109,1
2020-09-09,El Dorado,017,186661,1076,1020,8,1028,2
2020-09-09,Fresno,019,978130,29199,26724,326,27050,329
2020-09-09,Glenn,021,27897,531,508,0,508,3
2020-09-09,Humboldt,023,135768,462,420,1,421,4
2020-09-09,Imperial,025,180216,11503,10233,7,10240,268
2020-09-09,Inyo,027,18085,184,173,4,177,2
2020-09-09,Kern,029,883053,30846,29925,279,30204,355
2020-09-09,Kings,031,150075,7138,6721,31,6752,72
2020-09-09,Lake,033,64148,438,371,0,371,4
2020-09-09,Lassen,035,31185,732,714,2,716,0
2020-09-09,Los Angeles,037,10098052,253615,249876,1514,251390,6091
2020-09-09,Madera,039,155013,4233,3926,29,3955,43
2020-09-09,Marin,041,260295,6466,6321,15,6336,68
2020-09-09,Mariposa,043,17540,74,72,0,72,2
2020-09-09,Mendocino,045,87422,727,695,0,695,16
2020-09-09,Merced,047,269075,8555,8441,13,8454,107
2020-09-09,Modoc,049,8938,24,20,0,20,0
2020-09-09,Mono,051,14174,165,145,3,148,1
2020-09-09,Monterey,053,433212,8997,8527,18,8545,59
2020-09-09,Napa,055,140530,1582,1531,8,1539,11
2020-09-09,Nevada,057,99092,487,476,15,491,6
2020-09-09,Orange,059,3164182,52211,49394,1307,50701,1054
2020-09-09,Placer,061,380077,3379,3222,13,3235,36
2020-09-09,Plumas,063,18699,46,42,0,42,0
2020-09-09,Riverside,065,2383286,55838,54320,94,54414,1081
2020-09-09,Sacramento,067,1510023,20479,19474,22,19496,347
2020-09-09,San Benito,069,59416,1242,1199,0,1199,5
2020-09-09,San Bernardino,071,2135413,51134,49264,329,49593,866
2020-09-09,San Diego,073,3302833,43392,41326,665,41991,721
2020-09-09,San Francisco,075,870044,10423,9996,21,10017,86
2020-09-09,San Joaquin,077,732212,19414,18799,42,18841,388
2020-09-09,San Luis Obispo,079,281455,3394,3131,16,3147,24
2020-09-09,San Mateo,081,765935,9373,8478,10,8488,125
2020-09-09,Santa Barbara,083,443738,8715,8528,71,8599,97
2020-09-09,Santa Clara,085,1922200,20329,18759,39,18798,228
2020-09-09,Santa Cruz,087,273765,2122,1967,17,1984,7
2020-09-09,Shasta,089,179085,684,562,3,565,10
2020-09-09,Sierra,091,2930,6,6,0,6,0
2020-09-09,Siskiyou,093,43540,149,137,9,146,0
2020-09-09,Solano,095,438530,5955,5680,37,5717,36
2020-09-09,Sonoma,097,501317,6736,6397,20,6417,92
2020-09-09,Stanislaus,099,539301,15952,15469,432,15901,243
2020-09-09,Sutter,101,95872,1561,1487,1,1488,11
2020-09-09,Tehama,103,63373,474,462,2,464,1
2020-09-09,Trinity,105,12862,52,14,7,21,0
2020-09-09,Tulare,107,460477,15499,14787,68,14855,249
2020-09-09,Tuolumne,109,53932,222,204,5,209,1
2020-09-09,Ventura,111,848112,12256,11497,120,11617,121
2020-09-09,Yolo,113,214977,2702,2604,7,2611,53
2020-09-09,Yuba,115,75493,1003,936,3,939,1
2020-09-08,Alameda,001,1643700,20085,19293,144,19437,288
2020-09-08,Alpine,002,1148,2,2,0,2,0
2020-09-08,Amador,005,37829,279,276,0,276,16
2020-09-08,Butte,007,227075,2718,2453,49,2502,36
2020-09-08,Calaveras,009,45235,297,233,0,233,1
2020-09-08,Colusa,011,21464,498,475,0,475,6
2020-09-08,Contra Costa,013,1133247,15660,14740,69,14809,171
2020-09-08,Del Norte,015,27424,121,109,0,109,2
2020-09-08,El Dorado,017,186661,1073,1011,8,1019,2
2020-09-08,Fresno,019,978130,29081,26640,322,26962,329
2020-09-08,Glenn,021,27897,527,492,0,492,3
2020-09-08,Humboldt,023,135768,460,420,1,421,4
2020-09-08,Imperial,025,180216,11487,10198,7,10205,267
2020-09-08,Inyo,027,18085,184,169,4,173,2
2020-09-08,Kern,029,883053,30761,29850,276,30126,351
2020-09-08,Kings,031,150075,7100,6658,31,6689,72
2020-09-08,Lake,033,64148,428,370,0,370,4
2020-09-08,Lassen,035,31185,732,710,2,712,0
2020-09-08,Los Angeles,037,10098052,252683,249217,1485,250702,6034
2020-09-08,Madera,039,155013,4209,3904,29,3933,43
2020-09-08,Marin,041,260295,6435,6313,15,6328,68
2020-09-08,Mariposa,043,17540,74,72,0,72,2
2020-09-08,Mendocino,045,87422,720,690,0,690,16
2020-09-08,Merced,047,269075,8532,8381,13,8394,104
2020-09-08,Modoc,049,8938,24,20,0,20,0
2020-09-08,Mono,051,14174,165,145,3,148,1
2020-09-08,Monterey,053,433212,8912,8491,18,8509,59
2020-09-08,Napa,055,140530,1578,1518,8,1526,11
2020-09-08,Nevada,057,99092,487,470,15,485,6
2020-09-08,Orange,059,3164182,52069,49214,1303,50517,1044
2020-09-08,Placer,061,380077,3365,3205,13,3218,36
2020-09-08,Plumas,063,18699,46,42,0,42,0
2020-09-08,Riverside,065,2383286,55624,54168,91,54259,1069
2020-09-08,Sacramento,067,1510023,20244,19411,21,19432,347
2020-09-08,San Benito,069,59416,1235,1188,0,1188,5
2020-09-08,San Bernardino,071,2135413,50945,49034,327,49361,856
2020-09-08,San Diego,073,3302833,43076,41079,653,41732,709
2020-09-08,San Francisco,075,870044,10349,9821,21,9842,86
2020-09-08,San Joaquin,077,732212,19336,18550,42,18592,388
2020-09-08,San Luis Obispo,079,281455,3379,3120,16,3136,23
2020-09-08,San Mateo,081,765935,9297,8460,10,8470,125
2020-09-08,Santa Barbara,083,443738,8681,8488,70,8558,96
2020-09-08,Santa Clara,085,1922200,20152,18645,39,18684,228
2020-09-08,Santa Cruz,087,273765,2094,1903,17,1920,7
2020-09-08,Shasta,089,179085,676,556,3,559,10
2020-09-08,Sierra,091,2930,6,6,0,6,0
2020-09-08,Siskiyou,093,43540,147,136,9,145,0
2020-09-08,Solano,095,438530,5918,5654,37,5691,36
2020-09-08,Sonoma,097,501317,6667,6356,20,6376,92
2020-09-08,Stanislaus,099,539301,15888,15415,420,15835,238
2020-09-08,Sutter,101,95872,1545,1473,1,1474,11
2020-09-08,Tehama,103,63373,470,458,2,460,1
2020-09-08,Trinity,105,12862,51,13,7,20,0
2020-09-08,Tulare,107,460477,15419,14635,67,14702,249
2020-09-08,Tuolumne,109,53932,221,197,5,202,1
2020-09-08,Ventura,111,848112,12187,11475,117,11592,118
2020-09-08,Yolo,113,214977,2692,2580,7,2587,53
2020-09-08,Yuba,115,75493,991,923,3,926,1
2020-09-07,Alameda,001,1643700,19964,19188,138,19326,281
2020-09-07,Alpine,002,1148,2,2,0,2,0
2020-09-07,Amador,005,37829,279,276,0,276,16
2020-09-07,Butte,007,227075,2685,2450,48,2498,30
2020-09-07,Calaveras,009,45235,287,234,0,234,1
2020-09-07,Colusa,011,21464,497,475,0,475,6
2020-09-07,Contra Costa,013,1133247,15545,14637,66,14703,172
2020-09-07,Del Norte,015,27424,121,109,0,109,2
2020-09-07,El Dorado,017,186661,1062,1011,8,1019,2
2020-09-07,Fresno,019,978130,28986,26565,319,26884,329
2020-09-07,Glenn,021,27897,522,488,0,488,3
2020-09-07,Humboldt,023,135768,451,416,1,417,4
2020-09-07,Imperial,025,180216,11456,10199,7,10206,267
2020-09-07,Inyo,027,18085,184,169,4,173,2
2020-09-07,Kern,029,883053,30640,29790,271,30061,348
2020-09-07,Kings,031,150075,6976,6630,31,6661,72
2020-09-07,Lake,033,64148,405,367,0,367,2
2020-09-07,Lassen,035,31185,732,709,2,711,0
2020-09-07,Los Angeles,037,10098052,251636,248804,1464,250268,6030
2020-09-07,Madera,039,155013,4178,3889,28,3917,43
2020-09-07,Marin,041,260295,6405,6296,15,6311,67
2020-09-07,Mariposa,043,17540,74,72,0,72,2
2020-09-07,Mendocino,045,87422,712,687,0,687,16
2020-09-07,Merced,047,269075,8485,8381,13,8394,104
2020-09-07,Modoc,049,8938,23,20,0,20,0
2020-09-07,Mono,051,14174,165,145,3,148,1
2020-09-07,Monterey,053,433212,8833,8463,18,8481,57
2020-09-07,Napa,055,140530,1566,1514,8,1522,11
2020-09-07,Nevada,057,99092,485,469,15,484,6
2020-09-07,Orange,059,3164182,51895,49132,1299,50431,1042
2020-09-07,Placer,061,380077,3335,3188,12,3200,36
2020-09-07,Plumas,063,18699,45,42,0,42,0
2020-09-07,Riverside,065,2383286,55349,54178,85,54263,1069
2020-09-07,Sacramento,067,1510023,20002,19292,20,19312,345
2020-09-07,San Benito,069,59416,1229,1180,0,1180,4
2020-09-07,San Bernardino,071,2135413,50717,49043,325,49368,821
2020-09-07,San Diego,073,3302833,42676,40868,626,41494,708
2020-09-07,San Francisco,075,870044,10298,9813,20,9833,85
2020-09-07,San Joaquin,077,732212,19254,18552,40,18592,386
2020-09-07,San Luis Obispo,079,281455,3342,3116,16,3132,23
2020-09-07,San Mateo,081,765935,9215,8409,10,8419,125
2020-09-07,Santa Barbara,083,443738,8637,8479,70,8549,95
2020-09-07,Santa Clara,085,1922200,19996,18596,38,18634,226
2020-09-07,Santa Cruz,087,273765,2066,1902,17,1919,7
2020-09-07,Shasta,089,179085,666,556,3,559,10
2020-09-07,Sierra,091,2930,6,6,0,6,0
2020-09-07,Siskiyou,093,43540,146,133,9,142,0
2020-09-07,Solano,095,438530,5853,5640,37,5677,36
2020-09-07,Sonoma,097,501317,6601,6268,20,6288,85
2020-09-07,Stanislaus,099,539301,15823,15343,408,15751,236
2020-09-07,Sutter,101,95872,1528,1468,1,1469,11
2020-09-07,Tehama,103,63373,466,453,2,455,1
2020-09-07,Trinity,105,12862,51,13,7,20,0
2020-09-07,Tulare,107,460477,15312,14637,65,14702,249
2020-09-07,Tuolumne,109,53932,220,196,5,201,1
2020-09-07,Ventura,111,848112,12092,11463,114,11577,118
2020-09-07,Yolo,113,214977,2675,2565,6,2571,53
2020-09-07,Yuba,115,75493,975,923,3,926,1
2020-09-06,Alameda,001,1643700,19906,19029,136,19165,281
2020-09-06,Alpine,002,1148,2,2,0,2,0
2020-09-06,Amador,005,37829,277,275,0,275,16
2020-09-06,Butte,007,227075,2676,2446,48,2494,30
2020-09-06,Calaveras,009,45235,287,235,0,235,1
2020-09-06,Colusa,011,21464,493,475,0,475,6
2020-09-06,Contra Costa,013,1133247,15464,14565,65,14630,171
2020-09-06,Del Norte,015,27424,121,109,0,109,2
2020-09-06,El Dorado,017,186661,1060,1008,8,1016,2
2020-09-06,Fresno,019,978130,28923,26471,317,26788,329
2020-09-06,Glenn,021,27897,516,474,0,474,3
2020-09-06,Humboldt,023,135768,448,404,1,405,4
2020-09-06,Imperial,025,180216,11439,10152,7,10159,267
2020-09-06,Inyo,027,18085,184,169,4,173,2
2020-09-06,Kern,029,883053,30585,29699,267,29966,348
2020-09-06,Kings,031,150075,6956,6561,30,6591,72
2020-09-06,Lake,033,64148,402,362,0,362,2
2020-09-06,Lassen,035,31185,732,709,2,711,0
2020-09-06,Los Angeles,037,10098052,251004,248316,1450,249766,6004
2020-09-06,Madera,039,155013,4134,3867,28,3895,42
2020-09-06,Marin,041,260295,6393,6276,15,6291,67
2020-09-06,Mariposa,043,17540,74,72,0,72,2
2020-09-06,Mendocino,045,87422,711,672,0,672,16
2020-09-06,Merced,047,269075,8466,8327,13,8340,104
2020-09-06,Modoc,049,8938,23,20,0,20,0
2020-09-06,Mono,051,14174,164,145,3,148,1
2020-09-06,Monterey,053,433212,8793,8403,17,8420,56
2020-09-06,Napa,055,140530,1562,1501,6,1507,11
2020-09-06,Nevada,057,99092,485,467,14,481,6
2020-09-06,Orange,059,3164182,51782,48931,1295,50226,1042
2020-09-06,Placer,061,380077,3318,3169,12,3181,36
2020-09-06,Plumas,063,18699,44,42,0,42,0
2020-09-06,Riverside,065,2383286,55232,53970,83,54053,1069
2020-09-06,Sacramento,067,1510023,19906,19128,20,19148,340
2020-09-06,San Benito,069,59416,1227,1178,0,1178,4
2020-09-06,San Bernardino,071,2135413,50610,48923,325,49248,823
2020-09-06,San Diego,073,3302833,42428,40652,620,41272,707
2020-09-06,San Francisco,075,870044,10224,9813,20,9833,85
2020-09-06,San Joaquin,077,732212,19205,18558,40,18598,386
2020-09-06,San Luis Obispo,079,281455,3331,3101,16,3117,23
2020-09-06,San Mateo,081,765935,9162,8387,10,8397,125
2020-09-06,Santa Barbara,083,443738,8608,8434,70,8504,95
2020-09-06,Santa Clara,085,1922200,19894,18495,38,18533,207
2020-09-06,Santa Cruz,087,273765,2059,1902,17,1919,7
2020-09-06,Shasta,089,179085,660,550,3,553,10
2020-09-06,Sierra,091,2930,6,6,0,6,0
2020-09-06,Siskiyou,093,43540,146,132,9,141,0
2020-09-06,Solano,095,438530,5827,5619,37,5656,37
2020-09-06,Sonoma,097,501317,6572,6212,20,6232,85
2020-09-06,Stanislaus,099,539301,15779,15288,404,15692,236
2020-09-06,Sutter,101,95872,1515,1451,1,1452,11
2020-09-06,Tehama,103,63373,465,455,2,457,1
2020-09-06,Trinity,105,12862,50,13,7,20,0
2020-09-06,Tulare,107,460477,15269,14636,64,14700,249
2020-09-06,Tuolumne,109,53932,217,194,5,199,1
2020-09-06,Ventura,111,848112,12047,11315,114,11429,118
2020-09-06,Yolo,113,214977,2661,2556,6,2562,53
2020-09-06,Yuba,115,75493,966,913,3,916,1
2020-09-05,Alameda,001,1643700,19860,18973,134,19107,279
2020-09-05,Alpine,002,1148,2,2,0,2,0
2020-09-05,Amador,005,37829,277,274,0,274,16
2020-09-05,Butte,007,227075,2660,2406,47,2453,30
2020-09-05,Calaveras,009,45235,287,237,0,237,1
2020-09-05,Colusa,011,21464,489,472,0,472,6
2020-09-05,Contra Costa,013,1133247,15387,14456,63,14519,173
2020-09-05,Del Norte,015,27424,121,109,0,109,2
2020-09-05,El Dorado,017,186661,1060,1007,8,1015,2
2020-09-05,Fresno,019,978130,28857,26325,317,26642,331
2020-09-05,Glenn,021,27897,515,474,0,474,3
2020-09-05,Humboldt,023,135768,446,402,1,403,4
2020-09-05,Imperial,025,180216,11422,10151,7,10158,268
2020-09-05,Inyo,027,18085,184,169,4,173,2
2020-09-05,Kern,029,883053,30525,29645,263,29908,347
2020-09-05,Kings,031,150075,6947,6518,30,6548,66
2020-09-05,Lake,033,64148,399,359,0,359,2
2020-09-05,Lassen,035,31185,732,709,2,711,0
2020-09-05,Los Angeles,037,10098052,250469,247572,1438,249010,6001
2020-09-05,Madera,039,155013,4094,3851,28,3879,42
2020-09-05,Marin,041,260295,6385,6259,15,6274,66
2020-09-05,Mariposa,043,17540,74,72,0,72,2
2020-09-05,Mendocino,045,87422,710,658,0,658,16
2020-09-05,Merced,047,269075,8434,8297,11,8308,104
2020-09-05,Modoc,049,8938,23,19,0,19,0
2020-09-05,Mono,051,14174,164,145,3,148,1
2020-09-05,Monterey,053,433212,8763,8301,17,8318,56
2020-09-05,Napa,055,140530,1556,1484,6,1490,11
2020-09-05,Nevada,057,99092,482,461,14,475,6
2020-09-05,Orange,059,3164182,51681,48726,1290,50016,1039
2020-09-05,Placer,061,380077,3308,3141,12,3153,35
2020-09-05,Plumas,063,18699,44,42,0,42,0
2020-09-05,Riverside,065,2383286,55126,53780,83,53863,1066
2020-09-05,Sacramento,067,1510023,19816,18955,20,18975,339
2020-09-05,San Benito,069,59416,1225,1153,0,1153,4
2020-09-05,San Bernardino,071,2135413,50534,48800,324,49124,825
2020-09-05,San Diego,073,3302833,42235,40344,608,40952,717
2020-09-05,San Francisco,075,870044,10191,9812,19,9831,85
2020-09-05,San Joaquin,077,732212,19176,18557,40,18597,386
2020-09-05,San Luis Obispo,079,281455,3320,3083,16,3099,23
2020-09-05,San Mateo,081,765935,9117,8352,10,8362,124
2020-09-05,Santa Barbara,083,443738,8592,8404,70,8474,96
2020-09-05,Santa Clara,085,1922200,19813,18311,38,18349,207
2020-09-05,Santa Cruz,087,273765,2051,1904,17,1921,7
2020-09-05,Shasta,089,179085,659,544,3,547,10
2020-09-05,Sierra,091,2930,6,6,0,6,0
2020-09-05,Siskiyou,093,43540,145,131,9,140,0
2020-09-05,Solano,095,438530,5815,5579,37,5616,37
2020-09-05,Sonoma,097,501317,6539,6149,20,6169,85
2020-09-05,Stanislaus,099,539301,15731,15198,400,15598,236
2020-09-05,Sutter,101,95872,1508,1445,1,1446,11
2020-09-05,Tehama,103,63373,464,447,2,449,1
2020-09-05,Trinity,105,12862,50,13,7,20,0
2020-09-05,Tulare,107,460477,15211,14576,62,14638,249
2020-09-05,Tuolumne,109,53932,217,194,5,199,1
2020-09-05,Ventura,111,848112,12004,11254,114,11368,118
2020-09-05,Yolo,113,214977,2651,2534,6,2540,53
2020-09-05,Yuba,115,75493,960,902,3,905,1
2020-09-04,Alameda,001,1643700,19791,18843,133,18976,276
2020-09-04,Alpine,002,1148,2,2,0,2,0
2020-09-04,Amador,005,37829,276,274,0,274,16
2020-09-04,Butte,007,227075,2637,2325,47,2372,28
2020-09-04,Calaveras,009,45235,285,237,0,237,1
2020-09-04,Colusa,011,21464,487,467,0,467,6
2020-09-04,Contra Costa,013,1133247,15304,14355,62,14417,164
2020-09-04,Del Norte,015,27424,121,109,0,109,2
2020-09-04,El Dorado,017,186661,1056,992,8,1000,2
2020-09-04,Fresno,019,978130,28751,26147,316,26463,321
2020-09-04,Glenn,021,27897,507,463,0,463,3
2020-09-04,Humboldt,023,135768,441,390,1,391,4
2020-09-04,Imperial,025,180216,11413,10136,7,10143,267
2020-09-04,Inyo,027,18085,184,169,4,173,2
2020-09-04,Kern,029,883053,30457,29526,260,29786,345
2020-09-04,Kings,031,150075,6934,6259,30,6289,66
2020-09-04,Lake,033,64148,399,347,0,347,2
2020-09-04,Lassen,035,31185,732,708,2,710,0
2020-09-04,Los Angeles,037,10098052,249900,246396,1419,247815,5977
2020-09-04,Madera,039,155013,4081,3838,28,3866,42
2020-09-04,Marin,041,260295,6373,6251,15,6266,66
2020-09-04,Mariposa,043,17540,74,72,0,72,2
2020-09-04,Mendocino,045,87422,708,646,0,646,16
2020-09-04,Merced,047,269075,8414,8214,11,8225,104
2020-09-04,Modoc,049,8938,23,15,0,15,0
2020-09-04,Mono,051,14174,164,145,3,148,1
2020-09-04,Monterey,053,433212,8718,8208,17,8225,56
2020-09-04,Napa,055,140530,1547,1475,6,1481,11
2020-09-04,Nevada,057,99092,479,455,14,469,6
2020-09-04,Orange,059,3164182,51557,48488,1283,49771,1031
2020-09-04,Placer,061,380077,3296,3101,12,3113,35
2020-09-04,Plumas,063,18699,44,42,0,42,0
2020-09-04,Riverside,065,2383286,55013,53606,78,53684,1066
2020-09-04,Sacramento,067,1510023,19728,18765,20,18785,337
2020-09-04,San Benito,069,59416,1216,1137,0,1137,4
2020-09-04,San Bernardino,071,2135413,50441,48497,322,48819,800
2020-09-04,San Diego,073,3302833,42005,39901,599,40500,701
2020-09-04,San Francisco,075,870044,10151,9694,18,9712,85
2020-09-04,San Joaquin,077,732212,19122,18438,40,18478,376
2020-09-04,San Luis Obispo,079,281455,3305,3049,15,3064,21
2020-09-04,San Mateo,081,765935,9073,8275,10,8285,122
2020-09-04,Santa Barbara,083,443738,8562,8340,70,8410,96
2020-09-04,Santa Clara,085,1922200,19703,18074,38,18112,209
2020-09-04,Santa Cruz,087,273765,2034,1896,16,1912,7
2020-09-04,Shasta,089,179085,656,536,3,539,10
2020-09-04,Sierra,091,2930,6,6,0,6,0
2020-09-04,Siskiyou,093,43540,145,129,9,138,0
2020-09-04,Solano,095,438530,5802,5552,37,5589,37
2020-09-04,Sonoma,097,501317,6484,6050,20,6070,85
2020-09-04,Stanislaus,099,539301,15698,15074,391,15465,233
2020-09-04,Sutter,101,95872,1492,1425,1,1426,11
2020-09-04,Tehama,103,63373,460,442,2,444,1
2020-09-04,Trinity,105,12862,50,13,7,20,0
2020-09-04,Tulare,107,460477,15183,14501,59,14560,247
2020-09-04,Tuolumne,109,53932,217,193,5,198,1
2020-09-04,Ventura,111,848112,11962,11171,114,11285,114
2020-09-04,Yolo,113,214977,2637,2495,6,2501,53
2020-09-04,Yuba,115,75493,955,884,3,887,1
2020-09-03,Alameda,001,1643700,19688,18687,133,18820,275
2020-09-03,Alpine,002,1148,2,2,0,2,0
2020-09-03,Amador,005,37829,276,274,0,274,16
2020-09-03,Butte,007,227075,2593,2274,47,2321,27
2020-09-03,Calaveras,009,45235,284,238,0,238,1
2020-09-03,Colusa,011,21464,485,464,0,464,6
2020-09-03,Contra Costa,013,1133247,15196,14206,59,14265,159
2020-09-03,Del Norte,015,27424,118,109,0,109,2
2020-09-03,El Dorado,017,186661,1052,983,8,991,2
2020-09-03,Fresno,019,978130,28632,25978,311,26289,313
2020-09-03,Glenn,021,27897,503,460,0,460,3
2020-09-03,Humboldt,023,135768,436,390,1,391,4
2020-09-03,Imperial,025,180216,11392,10083,7,10090,255
2020-09-03,Inyo,027,18085,182,171,4,175,3
2020-09-03,Kern,029,883053,30365,29426,246,29672,340
2020-09-03,Kings,031,150075,6854,6200,30,6230,64
2020-09-03,Lake,033,64148,390,347,0,347,2
2020-09-03,Lassen,035,31185,732,707,2,709,0
2020-09-03,Los Angeles,037,10098052,249037,245026,1399,246425,5931
2020-09-03,Madera,039,155013,4062,3780,28,3808,43
2020-09-03,Marin,041,260295,6354,6175,15,6190,66
2020-09-03,Mariposa,043,17540,74,71,0,71,2
2020-09-03,Mendocino,045,87422,699,638,0,638,16
2020-09-03,Merced,047,269075,8372,8136,11,8147,105
2020-09-03,Modoc,049,8938,23,14,0,14,0
2020-09-03,Mono,051,14174,163,144,3,147,1
2020-09-03,Monterey,053,433212,8664,8128,17,8145,56
2020-09-03,Napa,055,140530,1540,1466,6,1472,10
2020-09-03,Nevada,057,99092,476,453,14,467,6
2020-09-03,Orange,059,3164182,51370,48226,1269,49495,1009
2020-09-03,Placer,061,380077,3278,3069,12,3081,34
2020-09-03,Plumas,063,18699,44,39,0,39,0
2020-09-03,Riverside,065,2383286,54833,53341,74,53415,1052
2020-09-03,Sacramento,067,1510023,19600,18553,19,18572,328
2020-09-03,San Benito,069,59416,1205,1121,0,1121,4
2020-09-03,San Bernardino,071,2135413,50275,48165,321,48486,800
2020-09-03,San Diego,073,3302833,41691,39448,583,40031,700
2020-09-03,San Francisco,075,870044,10086,9636,16,9652,84
2020-09-03,San Joaquin,077,732212,19044,18331,40,18371,371
2020-09-03,San Luis Obispo,079,281455,3288,3023,15,3038,21
2020-09-03,San Mateo,081,765935,8999,8211,10,8221,122
2020-09-03,Santa Barbara,083,443738,8515,8277,70,8347,96
2020-09-03,Santa Clara,085,1922200,19522,17879,38,17917,208
2020-09-03,Santa Cruz,087,273765,2019,1870,16,1886,7
2020-09-03,Shasta,089,179085,651,535,3,538,10
2020-09-03,Sierra,091,2930,6,6,0,6,0
2020-09-03,Siskiyou,093,43540,145,128,9,137,0
2020-09-03,Solano,095,438530,5782,5499,36,5535,36
2020-09-03,Sonoma,097,501317,6417,5997,20,6017,62
2020-09-03,Stanislaus,099,539301,15646,14985,387,15372,217
2020-09-03,Sutter,101,95872,1482,1412,1,1413,11
2020-09-03,Tehama,103,63373,456,436,2,438,1
2020-09-03,Trinity,105,12862,48,13,7,20,0
2020-09-03,Tulare,107,460477,15117,14408,58,14466,244
2020-09-03,Tuolumne,109,53932,217,193,5,198,1
2020-09-03,Ventura,111,848112,11844,11109,111,11220,112
2020-09-03,Yolo,113,214977,2621,2475,6,2481,53
2020-09-03,Yuba,115,75493,948,867,3,870,1
2020-09-02,Alameda,001,1643700,19570,18522,130,18652,260
2020-09-02,Alpine,002,1148,2,2,0,2,0
2020-09-02,Amador,005,37829,276,245,0,245,14
2020-09-02,Butte,007,227075,2547,2241,47,2288,27
2020-09-02,Calaveras,009,45235,283,235,0,235,1
2020-09-02,Colusa,011,21464,481,460,0,460,6
2020-09-02,Contra Costa,013,1133247,15107,14097,57,14154,159
2020-09-02,Del Norte,015,27424,117,109,0,109,2
2020-09-02,El Dorado,017,186661,1048,975,7,982,2
2020-09-02,Fresno,019,978130,28485,25785,308,26093,292
2020-09-02,Glenn,021,27897,498,457,0,457,3
2020-09-02,Humboldt,023,135768,433,381,1,382,4
2020-09-02,Imperial,025,180216,11376,9832,7,9839,255
2020-09-02,Inyo,027,18085,182,171,4,175,3
2020-09-02,Kern,029,883053,30273,29288,240,29528,335
2020-09-02,Kings,031,150075,6769,6142,30,6172,64
2020-09-02,Lake,033,64148,386,342,0,342,2
2020-09-02,Lassen,035,31185,730,706,2,708,0
2020-09-02,Los Angeles,037,10098052,248106,243999,1371,245370,5887
2020-09-02,Madera,039,155013,4042,3735,28,3763,41
2020-09-02,Marin,041,260295,6339,6131,15,6146,66
2020-09-02,Mariposa,043,17540,74,71,0,71,2
2020-09-02,Mendocino,045,87422,689,636,0,636,15
2020-09-02,Merced,047,269075,8341,8097,10,8107,103
2020-09-02,Modoc,049,8938,22,11,0,11,0
2020-09-02,Mono,051,14174,163,145,3,148,1
2020-09-02,Monterey,053,433212,8600,8070,17,8087,56
2020-09-02,Napa,055,140530,1528,1454,6,1460,10
2020-09-02,Nevada,057,99092,470,452,13,465,6
2020-09-02,Orange,059,3164182,51189,47871,1259,49130,994
2020-09-02,Placer,061,380077,3253,3047,11,3058,33
2020-09-02,Plumas,063,18699,44,39,0,39,0
2020-09-02,Riverside,065,2383286,54631,52923,71,52994,1032
2020-09-02,Sacramento,067,1510023,19365,18355,18,18373,316
2020-09-02,San Benito,069,59416,1192,1107,0,1107,4
2020-09-02,San Bernardino,071,2135413,50112,47766,318,48084,794
2020-09-02,San Diego,073,3302833,41371,39123,569,39692,695
2020-09-02,San Francisco,075,870044,10017,9587,16,9603,84
2020-09-02,San Joaquin,077,732212,18963,18194,39,18233,352
2020-09-02,San Luis Obispo,079,281455,3262,3002,14,3016,21
2020-09-02,San Mateo,081,765935,8942,8148,10,8158,122
2020-09-02,Santa Barbara,083,443738,8460,8206,69,8275,94
2020-09-02,Santa Clara,085,1922200,19366,17673,38,17711,206
2020-09-02,Santa Cruz,087,273765,1996,1850,16,1866,7
2020-09-02,Shasta,089,179085,650,531,3,534,10
2020-09-02,Sierra,091,2930,6,6,0,6,0
2020-09-02,Siskiyou,093,43540,144,127,9,136,0
2020-09-02,Solano,095,438530,5754,5463,36,5499,36
2020-09-02,Sonoma,097,501317,6356,5846,20,5866,62
2020-09-02,Stanislaus,099,539301,15576,14854,380,15234,220
2020-09-02,Sutter,101,95872,1467,1401,1,1402,10
2020-09-02,Tehama,103,63373,453,429,2,431,1
2020-09-02,Trinity,105,12862,48,13,7,20,0
2020-09-02,Tulare,107,460477,15051,14298,58,14356,244
2020-09-02,Tuolumne,109,53932,217,190,5,195,1
2020-09-02,Ventura,111,848112,11757,11031,110,11141,111
2020-09-02,Yolo,113,214977,2599,2449,6,2455,54
2020-09-02,Yuba,115,75493,941,856,3,859,1
2020-09-01,Alameda,001,1643700,19432,18382,127,18509,248
2020-09-01,Alpine,002,1148,2,2,0,2,0
2020-09-01,Amador,005,37829,275,244,0,244,13
2020-09-01,Butte,007,227075,2490,2146,47,2193,26
2020-09-01,Calaveras,009,45235,275,228,0,228,1
2020-09-01,Colusa,011,21464,476,454,0,454,6
2020-09-01,Contra Costa,013,1133247,15014,13998,55,14053,158
2020-09-01,Del Norte,015,27424,116,108,0,108,2
2020-09-01,El Dorado,017,186661,1040,972,7,979,2
2020-09-01,Fresno,019,978130,28341,25542,306,25848,290
2020-09-01,Glenn,021,27897,491,449,0,449,3
2020-09-01,Humboldt,023,135768,427,378,1,379,4
2020-09-01,Imperial,025,180216,11350,9782,7,9789,250
2020-09-01,Inyo,027,18085,182,171,4,175,3
2020-09-01,Kern,029,883053,30182,29162,235,29397,332
2020-09-01,Kings,031,150075,6738,6088,30,6118,62
2020-09-01,Lake,033,64148,383,341,0,341,2
2020-09-01,Lassen,035,31185,727,706,2,708,0
2020-09-01,Los Angeles,037,10098052,247016,242633,1348,243981,5832
2020-09-01,Madera,039,155013,4013,3703,27,3730,41
2020-09-01,Marin,041,260295,6324,6102,15,6117,67
2020-09-01,Mariposa,043,17540,73,72,0,72,2
2020-09-01,Mendocino,045,87422,674,626,0,626,15
2020-09-01,Merced,047,269075,8288,8046,9,8055,103
2020-09-01,Modoc,049,8938,20,10,0,10,0
2020-09-01,Mono,051,14174,163,145,3,148,1
2020-09-01,Monterey,053,433212,8494,7926,17,7943,56
2020-09-01,Napa,055,140530,1513,1446,6,1452,10
2020-09-01,Nevada,057,99092,464,450,13,463,6
2020-09-01,Orange,059,3164182,51025,47671,1240,48911,976
2020-09-01,Placer,061,380077,3231,3013,11,3024,33
2020-09-01,Plumas,063,18699,44,39,0,39,0
2020-09-01,Riverside,065,2383286,54414,52785,70,52855,1027
2020-09-01,Sacramento,067,1510023,19181,18217,17,18234,305
2020-09-01,San Benito,069,59416,1180,1089,0,1089,4
2020-09-01,San Bernardino,071,2135413,49905,47371,317,47688,786
2020-09-01,San Diego,073,3302833,41013,38873,531,39404,688
2020-09-01,San Francisco,075,870044,9948,9492,16,9508,83
2020-09-01,San Joaquin,077,732212,18882,17915,38,17953,341
2020-09-01,San Luis Obispo,079,281455,3236,2970,14,2984,21
2020-09-01,San Mateo,081,765935,8862,8132,10,8142,122
2020-09-01,Santa Barbara,083,443738,8410,8142,68,8210,93
2020-09-01,Santa Clara,085,1922200,19187,17319,38,17357,204
2020-09-01,Santa Cruz,087,273765,1972,1752,16,1768,7
2020-09-01,Shasta,089,179085,642,527,3,530,9
2020-09-01,Sierra,091,2930,6,6,0,6,0
2020-09-01,Siskiyou,093,43540,141,128,8,136,0
2020-09-01,Solano,095,438530,5728,5438,36,5474,34
2020-09-01,Sonoma,097,501317,6267,5733,20,5753,60
2020-09-01,Stanislaus,099,539301,15500,14784,370,15154,212
2020-09-01,Sutter,101,95872,1456,1389,1,1390,10
2020-09-01,Tehama,103,63373,450,422,2,424,1
2020-09-01,Trinity,105,12862,47,13,6,19,0
2020-09-01,Tulare,107,460477,14967,14156,58,14214,241
2020-09-01,Tuolumne,109,53932,211,183,5,188,1
2020-09-01,Ventura,111,848112,11679,10899,105,11004,108
2020-09-01,Yolo,113,214977,2583,2440,6,2446,51
2020-09-01,Yuba,115,75493,932,841,3,844,1
2020-08-31,Alameda,001,1643700,19285,18148,127,18275,248
2020-08-31,Alpine,002,1148,2,2,0,2,0
2020-08-31,Amador,005,37829,275,243,0,243,13
2020-08-31,Butte,007,227075,2426,2069,47,2116,26
2020-08-31,Calaveras,009,45235,270,212,0,212,1
2020-08-31,Colusa,011,21464,475,443,0,443,6
2020-08-31,Contra Costa,013,1133247,14888,13902,52,13954,153
2020-08-31,Del Norte,015,27424,116,108,0,108,2
2020-08-31,El Dorado,017,186661,1033,965,7,972,2
2020-08-31,Fresno,019,978130,28121,25185,300,25485,290
2020-08-31,Glenn,021,27897,479,437,0,437,3
2020-08-31,Humboldt,023,135768,425,374,1,375,4
2020-08-31,Imperial,025,180216,11319,9759,7,9766,250
2020-08-31,Inyo,027,18085,181,160,4,164,3
2020-08-31,Kern,029,883053,30084,29067,234,29301,318
2020-08-31,Kings,031,150075,6471,6037,30,6067,62
2020-08-31,Lake,033,64148,367,341,0,341,2
2020-08-31,Lassen,035,31185,724,706,2,708,0
2020-08-31,Los Angeles,037,10098052,245909,241793,1320,243113,5787
2020-08-31,Madera,039,155013,3990,3662,26,3688,35
2020-08-31,Marin,041,260295,6288,6074,15,6089,67
2020-08-31,Mariposa,043,17540,73,69,0,69,2
2020-08-31,Mendocino,045,87422,662,618,0,618,15
2020-08-31,Merced,047,269075,8227,7991,9,8000,79
2020-08-31,Modoc,049,8938,18,10,0,10,0
2020-08-31,Mono,051,14174,163,145,3,148,1
2020-08-31,Monterey,053,433212,8387,7839,17,7856,56
2020-08-31,Napa,055,140530,1505,1434,6,1440,10
2020-08-31,Nevada,057,99092,462,447,13,460,6
2020-08-31,Orange,059,3164182,50826,47392,1212,48604,965
2020-08-31,Placer,061,380077,3182,2989,11,3000,33
2020-08-31,Plumas,063,18699,43,39,0,39,0
2020-08-31,Riverside,065,2383286,54192,52508,68,52576,1020
2020-08-31,Sacramento,067,1510023,18940,17999,17,18016,303
2020-08-31,San Benito,069,59416,1164,1080,0,1080,4
2020-08-31,San Bernardino,071,2135413,49693,47370,316,47686,755
2020-08-31,San Diego,073,3302833,40646,38606,498,39104,682
2020-08-31,San Francisco,075,870044,9869,9293,13,9306,83
2020-08-31,San Joaquin,077,732212,18795,17807,37,17844,338
2020-08-31,San Luis Obispo,079,281455,3213,2951,13,2964,21
2020-08-31,San Mateo,081,765935,8792,8065,10,8075,122
2020-08-31,Santa Barbara,083,443738,8365,8124,68,8192,94
2020-08-31,Santa Clara,085,1922200,18999,17211,38,17249,202
2020-08-31,Santa Cruz,087,273765,1947,1742,16,1758,7
2020-08-31,Shasta,089,179085,637,528,3,531,9
2020-08-31,Sierra,091,2930,6,6,0,6,0
2020-08-31,Siskiyou,093,43540,140,127,8,135,0
2020-08-31,Solano,095,438530,5696,5302,35,5337,34
2020-08-31,Sonoma,097,501317,6180,5650,20,5670,60
2020-08-31,Stanislaus,099,539301,15426,14685,361,15046,213
2020-08-31,Sutter,101,95872,1441,1365,1,1366,10
2020-08-31,Tehama,103,63373,447,421,2,423,1
2020-08-31,Trinity,105,12862,47,13,6,19,0
2020-08-31,Tulare,107,460477,14880,13985,56,14041,237
2020-08-31,Tuolumne,109,53932,211,178,5,183,1
2020-08-31,Ventura,111,848112,11591,10866,104,10970,108
2020-08-31,Yolo,113,214977,2565,2423,5,2428,51
2020-08-31,Yuba,115,75493,918,830,3,833,1
2020-08-30,Alameda,001,1643700,19160,18099,125,18224,248
2020-08-30,Alpine,002,1148,2,2,0,2,0
2020-08-30,Amador,005,37829,274,240,0,240,13
2020-08-30,Butte,007,227075,2346,1988,47,2035,26
2020-08-30,Calaveras,009,45235,261,211,0,211,1
2020-08-30,Colusa,011,21464,474,440,0,440,6
2020-08-30,Contra Costa,013,1133247,14750,13780,52,13832,150
2020-08-30,Del Norte,015,27424,115,108,0,108,2
2020-08-30,El Dorado,017,186661,1023,962,7,969,2
2020-08-30,Fresno,019,978130,27995,24963,299,25262,291
2020-08-30,Glenn,021,27897,472,437,0,437,3
2020-08-30,Humboldt,023,135768,414,362,1,363,4
2020-08-30,Imperial,025,180216,11300,9703,7,9710,250
2020-08-30,Inyo,027,18085,181,160,4,164,3
2020-08-30,Kern,029,883053,29991,28987,234,29221,317
2020-08-30,Kings,031,150075,6425,6000,30,6030,62
2020-08-30,Lake,033,64148,362,334,0,334,2
2020-08-30,Lassen,035,31185,722,706,2,708,0
2020-08-30,Los Angeles,037,10098052,244771,240775,1288,242063,5772
2020-08-30,Madera,039,155013,3962,3626,26,3652,33
2020-08-30,Marin,041,260295,6258,6060,15,6075,66
2020-08-30,Mariposa,043,17540,73,69,0,69,2
2020-08-30,Mendocino,045,87422,656,611,0,611,13
2020-08-30,Merced,047,269075,8152,7960,9,7969,79
2020-08-30,Modoc,049,8938,13,10,0,10,0
2020-08-30,Mono,051,14174,163,145,3,148,1
2020-08-30,Monterey,053,433212,8303,7816,17,7833,54
2020-08-30,Napa,055,140530,1493,1423,6,1429,10
2020-08-30,Nevada,057,99092,459,445,13,458,6
2020-08-30,Orange,059,3164182,50629,47283,1198,48481,965
2020-08-30,Placer,061,380077,3149,2961,11,2972,32
2020-08-30,Plumas,063,18699,42,39,0,39,0
2020-08-30,Riverside,065,2383286,54013,52227,67,52294,1017
2020-08-30,Sacramento,067,1510023,18763,17751,17,17768,300
2020-08-30,San Benito,069,59416,1154,1071,0,1071,4
2020-08-30,San Bernardino,071,2135413,49436,47201,316,47517,755
2020-08-30,San Diego,073,3302833,40248,38302,477,38779,682
2020-08-30,San Francisco,075,870044,9772,9294,10,9304,83
2020-08-30,San Joaquin,077,732212,18678,17637,36,17673,338
2020-08-30,San Luis Obispo,079,281455,3188,2934,13,2947,21
2020-08-30,San Mateo,081,765935,8715,8013,10,8023,122
2020-08-30,Santa Barbara,083,443738,8306,8088,68,8156,93
2020-08-30,Santa Clara,085,1922200,18825,17045,38,17083,202
2020-08-30,Santa Cruz,087,273765,1921,1743,16,1759,7
2020-08-30,Shasta,089,179085,634,525,3,528,9
2020-08-30,Sierra,091,2930,6,6,0,6,0
2020-08-30,Siskiyou,093,43540,138,125,8,133,0
2020-08-30,Solano,095,438530,5653,5303,35,5338,34
2020-08-30,Sonoma,097,501317,6120,5590,20,5610,60
2020-08-30,Stanislaus,099,539301,15354,14580,352,14932,209
2020-08-30,Sutter,101,95872,1420,1351,1,1352,10
2020-08-30,Tehama,103,63373,437,419,2,421,1
2020-08-30,Trinity,105,12862,47,13,6,19,0
2020-08-30,Tulare,107,460477,14785,13985,55,14040,236
2020-08-30,Tuolumne,109,53932,207,178,5,183,1
2020-08-30,Ventura,111,848112,11478,10775,99,10874,108
2020-08-30,Yolo,113,214977,2537,2391,4,2395,51
2020-08-30,Yuba,115,75493,904,832,3,835,1
2020-08-29,Alameda,001,1643700,19093,17888,125,18013,250
2020-08-29,Alpine,002,1148,2,2,0,2,0
2020-08-29,Amador,005,37829,274,239,0,239,13
2020-08-29,Butte,007,227075,2315,1948,47,1995,26
2020-08-29,Calaveras,009,45235,257,211,0,211,1
2020-08-29,Colusa,011,21464,471,440,0,440,6
2020-08-29,Contra Costa,013,1133247,14677,13663,51,13714,159
2020-08-29,Del Norte,015,27424,115,108,0,108,1
2020-08-29,El Dorado,017,186661,1020,958,7,965,2
2020-08-29,Fresno,019,978130,27940,24821,299,25120,291
2020-08-29,Glenn,021,27897,466,437,0,437,3
2020-08-29,Humboldt,023,135768,411,363,1,364,4
2020-08-29,Imperial,025,180216,11285,9698,7,9705,250
2020-08-29,Inyo,027,18085,181,160,4,164,3
2020-08-29,Kern,029,883053,29951,28947,233,29180,317
2020-08-29,Kings,031,150075,6410,5906,30,5936,62
2020-08-29,Lake,033,64148,361,329,0,329,2
2020-08-29,Lassen,035,31185,722,706,2,708,0
2020-08-29,Los Angeles,037,10098052,244142,239815,1275,241090,5762
2020-08-29,Madera,039,155013,3953,3605,25,3630,33
2020-08-29,Marin,041,260295,6246,6007,15,6022,64
2020-08-29,Mariposa,043,17540,73,69,0,69,2
2020-08-29,Mendocino,045,87422,652,596,0,596,13
2020-08-29,Merced,047,269075,8122,7867,9,7876,79
2020-08-29,Modoc,049,8938,13,9,0,9,0
2020-08-29,Mono,051,14174,163,145,3,148,1
2020-08-29,Monterey,053,433212,8258,7680,17,7697,53
2020-08-29,Napa,055,140530,1490,1413,6,1419,10
2020-08-29,Nevada,057,99092,459,442,13,455,5
2020-08-29,Orange,059,3164182,50518,47007,1188,48195,960
2020-08-29,Placer,061,380077,3132,2935,11,2946,32
2020-08-29,Plumas,063,18699,41,39,0,39,0
2020-08-29,Riverside,065,2383286,53901,51918,65,51983,1016
2020-08-29,Sacramento,067,1510023,18692,17588,17,17605,291
2020-08-29,San Benito,069,59416,1145,1045,0,1045,4
2020-08-29,San Bernardino,071,2135413,49321,46849,316,47165,755
2020-08-29,San Diego,073,3302833,39982,38049,459,38508,694
2020-08-29,San Francisco,075,870044,9744,9291,9,9300,83
2020-08-29,San Joaquin,077,732212,18634,17493,36,17529,335
2020-08-29,San Luis Obispo,079,281455,3163,2917,13,2930,21
2020-08-29,San Mateo,081,765935,8673,7928,10,7938,122
2020-08-29,Santa Barbara,083,443738,8279,8052,67,8119,93
2020-08-29,Santa Clara,085,1922200,18725,16898,37,16935,202
2020-08-29,Santa Cruz,087,273765,1909,1746,16,1762,7
2020-08-29,Shasta,089,179085,626,522,3,525,9
2020-08-29,Sierra,091,2930,6,6,0,6,0
2020-08-29,Siskiyou,093,43540,138,121,8,129,0
2020-08-29,Solano,095,438530,5632,5303,35,5338,34
2020-08-29,Sonoma,097,501317,6085,5537,20,5557,60
2020-08-29,Stanislaus,099,539301,15305,14479,342,14821,208
2020-08-29,Sutter,101,95872,1415,1333,1,1334,9
2020-08-29,Tehama,103,63373,436,417,2,419,1
2020-08-29,Trinity,105,12862,46,11,6,17,0
2020-08-29,Tulare,107,460477,14747,13890,54,13944,236
2020-08-29,Tuolumne,109,53932,207,178,5,183,1
2020-08-29,Ventura,111,848112,11436,10705,99,10804,108
2020-08-29,Yolo,113,214977,2519,2357,4,2361,51
2020-08-29,Yuba,115,75493,895,822,3,825,1
2020-08-28,Alameda,001,1643700,19010,17729,124,17853,237
2020-08-28,Alpine,002,1148,2,2,0,2,0
2020-08-28,Amador,005,37829,274,234,0,234,13
2020-08-28,Butte,007,227075,2285,1886,47,1933,25
2020-08-28,Calaveras,009,45235,255,207,0,207,1
2020-08-28,Colusa,011,21464,470,441,0,441,6
2020-08-28,Contra Costa,013,1133247,14606,13522,50,13572,158
2020-08-28,Del Norte,015,27424,115,107,0,107,1
2020-08-28,El Dorado,017,186661,1014,949,7,956,2
2020-08-28,Fresno,019,978130,27805,24612,299,24911,282
2020-08-28,Glenn,021,27897,459,429,0,429,3
2020-08-28,Humboldt,023,135768,407,362,1,363,4
2020-08-28,Imperial,025,180216,11271,9656,7,9663,241
2020-08-28,Inyo,027,18085,180,160,4,164,2
2020-08-28,Kern,029,883053,29903,28744,233,28977,306
2020-08-28,Kings,031,150075,6403,5829,29,5858,62
2020-08-28,Lake,033,64148,356,320,0,320,2
2020-08-28,Lassen,035,31185,722,704,2,706,0
2020-08-28,Los Angeles,037,10098052,243328,238544,1250,239794,5740
2020-08-28,Madera,039,155013,3934,3552,25,3577,33
2020-08-28,Marin,041,260295,6224,5991,15,6006,63
2020-08-28,Mariposa,043,17540,73,67,0,67,2
2020-08-28,Mendocino,045,87422,647,588,0,588,11
2020-08-28,Merced,047,269075,8092,7803,9,7812,77
2020-08-28,Modoc,049,8938,13,6,0,6,0
2020-08-28,Mono,051,14174,163,145,3,148,1
2020-08-28,Monterey,053,433212,8201,7591,17,7608,53
2020-08-28,Napa,055,140530,1482,1403,5,1408,10
2020-08-28,Nevada,057,99092,458,438,13,451,5
2020-08-28,Orange,059,3164182,50418,46696,1173,47869,942
2020-08-28,Placer,061,380077,3122,2891,11,2902,32
2020-08-28,Plumas,063,18699,41,39,0,39,0
2020-08-28,Riverside,065,2383286,53770,51510,61,51571,1008
2020-08-28,Sacramento,067,1510023,18594,17119,17,17136,283
2020-08-28,San Benito,069,59416,1129,1016,0,1016,3
2020-08-28,San Bernardino,071,2135413,49202,46553,312,46865,754
2020-08-28,San Diego,073,3302833,39752,37786,444,38230,676
2020-08-28,San Francisco,075,870044,9692,9135,9,9144,83
2020-08-28,San Joaquin,077,732212,18581,17114,35,17149,314
2020-08-28,San Luis Obispo,079,281455,3146,2849,13,2862,20
2020-08-28,San Mateo,081,765935,8627,7783,9,7792,121
2020-08-28,Santa Barbara,083,443738,8247,8001,67,8068,92
2020-08-28,Santa Clara,085,1922200,18598,16696,37,16733,201
2020-08-28,Santa Cruz,087,273765,1897,1747,16,1763,7
2020-08-28,Shasta,089,179085,622,516,3,519,9
2020-08-28,Sierra,091,2930,6,6,0,6,0
2020-08-28,Siskiyou,093,43540,136,119,8,127,0
2020-08-28,Solano,095,438530,5613,5219,35,5254,34
2020-08-28,Sonoma,097,501317,6053,5425,19,5444,58
2020-08-28,Stanislaus,099,539301,15262,14176,338,14514,190
2020-08-28,Sutter,101,95872,1405,1308,1,1309,9
2020-08-28,Tehama,103,63373,431,410,2,412,1
2020-08-28,Trinity,105,12862,46,11,6,17,0
2020-08-28,Tulare,107,460477,14702,13776,54,13830,236
2020-08-28,Tuolumne,109,53932,207,176,5,181,1
2020-08-28,Ventura,111,848112,11400,10606,97,10703,103
2020-08-28,Yolo,113,214977,2510,2323,4,2327,51
2020-08-28,Yuba,115,75493,886,810,3,813,1
2020-08-27,Alameda,001,1643700,18865,17584,121,17705,234
2020-08-27,Alpine,002,1148,2,2,0,2,0
2020-08-27,Amador,005,37829,273,233,0,233,13
2020-08-27,Butte,007,227075,2219,1803,46,1849,25
2020-08-27,Calaveras,009,45235,250,204,0,204,1
2020-08-27,Colusa,011,21464,468,438,0,438,6
2020-08-27,Contra Costa,013,1133247,14506,13379,49,13428,158
2020-08-27,Del Norte,015,27424,115,107,0,107,1
2020-08-27,El Dorado,017,186661,1010,942,7,949,2
2020-08-27,Fresno,019,978130,27625,24367,294,24661,272
2020-08-27,Glenn,021,27897,451,429,0,429,3
2020-08-27,Humboldt,023,135768,399,358,1,359,4
2020-08-27,Imperial,025,180216,11244,9608,7,9615,235
2020-08-27,Inyo,027,18085,180,157,3,160,2
2020-08-27,Kern,029,883053,29832,28635,224,28859,294
2020-08-27,Kings,031,150075,6381,5759,29,5788,62
2020-08-27,Lake,033,64148,354,314,0,314,2
2020-08-27,Lassen,035,31185,722,703,2,705,0
2020-08-27,Los Angeles,037,10098052,242326,237103,1235,238338,5704
2020-08-27,Madera,039,155013,3908,3465,25,3490,33
2020-08-27,Marin,041,260295,6200,5929,15,5944,62
2020-08-27,Mariposa,043,17540,73,67,0,67,2
2020-08-27,Mendocino,045,87422,638,581,0,581,10
2020-08-27,Merced,047,269075,8048,7765,9,7774,75
2020-08-27,Modoc,049,8938,11,5,0,5,0
2020-08-27,Mono,051,14174,163,145,3,148,1
2020-08-27,Monterey,053,433212,8107,7501,17,7518,52
2020-08-27,Napa,055,140530,1476,1397,5,1402,10
2020-08-27,Nevada,057,99092,455,435,13,448,5
2020-08-27,Orange,059,3164182,50261,46449,1162,47611,935
2020-08-27,Placer,061,380077,3091,2869,11,2880,32
2020-08-27,Plumas,063,18699,40,39,0,39,0
2020-08-27,Riverside,065,2383286,53560,51306,58,51364,999
2020-08-27,Sacramento,067,1510023,18396,16875,17,16892,281
2020-08-27,San Benito,069,59416,1113,987,0,987,3
2020-08-27,San Bernardino,071,2135413,48979,46345,306,46651,751
2020-08-27,San Diego,073,3302833,39481,37501,424,37925,673
2020-08-27,San Francisco,075,870044,9626,9014,9,9023,83
2020-08-27,San Joaquin,077,732212,18501,16989,35,17024,314
2020-08-27,San Luis Obispo,079,281455,3121,2808,13,2821,20
2020-08-27,San Mateo,081,765935,8518,7728,9,7737,121
2020-08-27,Santa Barbara,083,443738,8209,7934,67,8001,92
2020-08-27,Santa Clara,085,1922200,18412,16495,37,16532,199
2020-08-27,Santa Cruz,087,273765,1880,1734,16,1750,7
2020-08-27,Shasta,089,179085,616,512,3,515,9
2020-08-27,Sierra,091,2930,6,6,0,6,0
2020-08-27,Siskiyou,093,43540,136,118,8,126,0
2020-08-27,Solano,095,438530,5575,5167,35,5202,34
2020-08-27,Sonoma,097,501317,5955,5357,19,5376,58
2020-08-27,Stanislaus,099,539301,15181,14080,335,14415,186
2020-08-27,Sutter,101,95872,1385,1296,1,1297,9
2020-08-27,Tehama,103,63373,427,398,2,400,1
2020-08-27,Trinity,105,12862,46,11,6,17,0
2020-08-27,Tulare,107,460477,14611,13666,54,13720,231
2020-08-27,Tuolumne,109,53932,202,174,5,179,1
2020-08-27,Ventura,111,848112,11337,10483,93,10576,102
2020-08-27,Yolo,113,214977,2486,2293,4,2297,51
2020-08-27,Yuba,115,75493,875,807,3,810,1
2020-08-26,Alameda,001,1643700,18702,17373,121,17494,233
2020-08-26,Alpine,002,1148,2,2,0,2,0
2020-08-26,Amador,005,37829,273,229,0,229,13
2020-08-26,Butte,007,227075,2151,1765,44,1809,25
2020-08-26,Calaveras,009,45235,242,201,0,201,1
2020-08-26,Colusa,011,21464,462,433,0,433,5
2020-08-26,Contra Costa,013,1133247,14369,13248,49,13297,157
2020-08-26,Del Norte,015,27424,114,86,0,86,1
2020-08-26,El Dorado,017,186661,1008,938,7,945,2
2020-08-26,Fresno,019,978130,27478,24071,292,24363,255
2020-08-26,Glenn,021,27897,449,429,0,429,3
2020-08-26,Humboldt,023,135768,387,357,1,358,4
2020-08-26,Imperial,025,180216,11222,9453,7,9460,227
2020-08-26,Inyo,027,18085,177,157,3,160,2
2020-08-26,Kern,029,883053,29693,28507,221,28728,286
2020-08-26,Kings,031,150075,6360,5720,29,5749,62
2020-08-26,Lake,033,64148,349,308,0,308,2
2020-08-26,Lassen,035,31185,722,702,2,704,0
2020-08-26,Los Angeles,037,10098052,241316,235499,1205,236704,5665
2020-08-26,Madera,039,155013,3879,3458,25,3483,32
2020-08-26,Marin,041,260295,6183,5887,15,5902,56
2020-08-26,Mariposa,043,17540,73,68,0,68,2
2020-08-26,Mendocino,045,87422,627,581,0,581,10
2020-08-26,Merced,047,269075,8015,7720,9,7729,74
2020-08-26,Modoc,049,8938,8,5,0,5,0
2020-08-26,Mono,051,14174,163,141,3,144,1
2020-08-26,Monterey,053,433212,8014,7439,17,7456,51
2020-08-26,Napa,055,140530,1463,1382,5,1387,10
2020-08-26,Nevada,057,99092,452,432,13,445,2
2020-08-26,Orange,059,3164182,50077,46157,1146,47303,905
2020-08-26,Placer,061,380077,3068,2846,9,2855,32
2020-08-26,Plumas,063,18699,39,39,0,39,0
2020-08-26,Riverside,065,2383286,53319,51138,58,51196,987
2020-08-26,Sacramento,067,1510023,18233,16708,17,16725,271
2020-08-26,San Benito,069,59416,1098,978,0,978,3
2020-08-26,San Bernardino,071,2135413,48772,45840,302,46142,743
2020-08-26,San Diego,073,3302833,39143,37224,397,37621,668
2020-08-26,San Francisco,075,870044,9552,8938,9,8947,81
2020-08-26,San Joaquin,077,732212,18412,16845,34,16879,309
2020-08-26,San Luis Obispo,079,281455,3093,2761,13,2774,20
2020-08-26,San Mateo,081,765935,8451,7655,9,7664,121
2020-08-26,Santa Barbara,083,443738,8175,7904,67,7971,90
2020-08-26,Santa Clara,085,1922200,18235,16283,37,16320,198
2020-08-26,Santa Cruz,087,273765,1869,1726,16,1742,7
2020-08-26,Shasta,089,179085,611,511,3,514,9
2020-08-26,Sierra,091,2930,6,6,0,6,0
2020-08-26,Siskiyou,093,43540,133,109,8,117,0
2020-08-26,Solano,095,438530,5551,5131,34,5165,34
2020-08-26,Sonoma,097,501317,5883,5283,19,5302,58
2020-08-26,Stanislaus,099,539301,15104,13964,329,14293,186
2020-08-26,Sutter,101,95872,1367,1275,1,1276,9
2020-08-26,Tehama,103,63373,424,396,2,398,1
2020-08-26,Trinity,105,12862,45,10,6,16,0
2020-08-26,Tulare,107,460477,14544,13568,54,13622,232
2020-08-26,Tuolumne,109,53932,201,172,5,177,1
2020-08-26,Ventura,111,848112,11265,10412,86,10498,100
2020-08-26,Yolo,113,214977,2465,2279,4,2283,49
2020-08-26,Yuba,115,75493,860,779,3,782,1
2020-08-25,Alameda,001,1643700,18545,17278,121,17399,232
2020-08-25,Alpine,002,1148,2,2,0,2,0
2020-08-25,Amador,005,37829,273,227,0,227,13
2020-08-25,Butte,007,227075,2084,1718,43,1761,24
2020-08-25,Calaveras,009,45235,240,196,0,196,1
2020-08-25,Colusa,011,21464,455,430,0,430,5
2020-08-25,Contra Costa,013,1133247,14231,13181,48,13229,156
2020-08-25,Del Norte,015,27424,113,83,0,83,1
2020-08-25,El Dorado,017,186661,1005,928,7,935,2
2020-08-25,Fresno,019,978130,27292,23932,291,24223,250
2020-08-25,Glenn,021,27897,446,429,0,429,3
2020-08-25,Humboldt,023,135768,382,342,1,343,4
2020-08-25,Imperial,025,180216,11194,9381,7,9388,217
2020-08-25,Inyo,027,18085,175,144,3,147,1
2020-08-25,Kern,029,883053,29556,28416,221,28637,285
2020-08-25,Kings,031,150075,6203,5702,29,5731,59
2020-08-25,Lake,033,64148,344,304,0,304,2
2020-08-25,Lassen,035,31185,721,692,2,694,0
2020-08-25,Los Angeles,037,10098052,240019,233961,1157,235118,5612
2020-08-25,Madera,039,155013,3864,3446,24,3470,32
2020-08-25,Marin,041,260295,6145,5860,15,5875,56
2020-08-25,Mariposa,043,17540,73,67,0,67,2
2020-08-25,Mendocino,045,87422,619,571,0,571,10
2020-08-25,Merced,047,269075,7948,7693,8,7701,69
2020-08-25,Modoc,049,8938,8,5,0,5,0
2020-08-25,Mono,051,14174,163,129,3,132,1
2020-08-25,Monterey,053,433212,7933,7333,17,7350,51
2020-08-25,Napa,055,140530,1456,1374,5,1379,10
2020-08-25,Nevada,057,99092,448,430,13,443,2
2020-08-25,Orange,059,3164182,49883,45737,1130,46867,902
2020-08-25,Placer,061,380077,3049,2829,6,2835,31
2020-08-25,Plumas,063,18699,39,39,0,39,0
2020-08-25,Riverside,065,2383286,53088,50889,58,50947,981
2020-08-25,Sacramento,067,1510023,18079,16601,17,16618,265
2020-08-25,San Benito,069,59416,1082,973,0,973,3
2020-08-25,San Bernardino,071,2135413,48537,45544,299,45843,727
2020-08-25,San Diego,073,3302833,38864,36996,375,37371,665
2020-08-25,San Francisco,075,870044,9475,8848,9,8857,81
2020-08-25,San Joaquin,077,732212,18284,16795,34,16829,306
2020-08-25,San Luis Obispo,079,281455,3034,2731,12,2743,20
2020-08-25,San Mateo,081,765935,8391,7636,8,7644,120
2020-08-25,Santa Barbara,083,443738,8123,7854,67,7921,90
2020-08-25,Santa Clara,085,1922200,18066,16199,37,16236,194
2020-08-25,Santa Cruz,087,273765,1850,1708,16,1724,7
2020-08-25,Shasta,089,179085,607,511,3,514,9
2020-08-25,Sierra,091,2930,6,6,0,6,0
2020-08-25,Siskiyou,093,43540,132,109,8,117,0
2020-08-25,Solano,095,438530,5490,5114,34,5148,34
2020-08-25,Sonoma,097,501317,5802,5148,19,5167,56
2020-08-25,Stanislaus,099,539301,14996,13886,318,14204,182
2020-08-25,Sutter,101,95872,1350,1259,1,1260,9
2020-08-25,Tehama,103,63373,421,394,2,396,1
2020-08-25,Trinity,105,12862,44,10,6,16,0
2020-08-25,Tulare,107,460477,14440,13514,53,13567,224
2020-08-25,Tuolumne,109,53932,199,172,5,177,1
2020-08-25,Ventura,111,848112,11180,10313,81,10394,99
2020-08-25,Yolo,113,214977,2452,2254,4,2258,50
2020-08-25,Yuba,115,75493,850,775,3,778,1
2020-08-24,Alameda,001,1643700,18350,16913,120,17033,231
2020-08-24,Alpine,002,1148,2,2,0,2,0
2020-08-24,Amador,005,37829,271,227,0,227,13
2020-08-24,Butte,007,227075,2001,1649,43,1692,23
2020-08-24,Calaveras,009,45235,231,187,0,187,1
2020-08-24,Colusa,011,21464,451,425,0,425,5
2020-08-24,Contra Costa,013,1133247,14114,12906,46,12952,153
2020-08-24,Del Norte,015,27424,113,80,0,80,1
2020-08-24,El Dorado,017,186661,997,908,7,915,2
2020-08-24,Fresno,019,978130,27103,23618,284,23902,235
2020-08-24,Glenn,021,27897,444,421,0,421,2
2020-08-24,Humboldt,023,135768,378,340,1,341,4
2020-08-24,Imperial,025,180216,11161,9323,7,9330,210
2020-08-24,Inyo,027,18085,171,144,3,147,2
2020-08-24,Kern,029,883053,29458,28157,215,28372,277
2020-08-24,Kings,031,150075,6115,5652,29,5681,60
2020-08-24,Lake,033,64148,329,302,0,302,2
2020-08-24,Lassen,035,31185,721,693,2,695,0
2020-08-24,Los Angeles,037,10098052,238654,233036,1141,234177,5562
2020-08-24,Madera,039,155013,3836,3418,24,3442,32
2020-08-24,Marin,041,260295,6080,5834,15,5849,56
2020-08-24,Mariposa,043,17540,71,66,0,66,2
2020-08-24,Mendocino,045,87422,604,550,0,550,10
2020-08-24,Merced,047,269075,7870,7605,8,7613,69
2020-08-24,Modoc,049,8938,8,5,0,5,0
2020-08-24,Mono,051,14174,163,129,3,132,1
2020-08-24,Monterey,053,433212,7824,7212,16,7228,50
2020-08-24,Napa,055,140530,1443,1358,5,1363,10
2020-08-24,Nevada,057,99092,443,423,13,436,2
2020-08-24,Orange,059,3164182,49690,45536,1121,46657,887
2020-08-24,Placer,061,380077,3002,2793,6,2799,31
2020-08-24,Plumas,063,18699,39,37,0,37,0
2020-08-24,Riverside,065,2383286,52810,50496,58,50554,975
2020-08-24,Sacramento,067,1510023,17883,16318,16,16334,249
2020-08-24,San Benito,069,59416,1061,961,0,961,3
2020-08-24,San Bernardino,071,2135413,48274,45199,297,45496,720
2020-08-24,San Diego,073,3302833,38576,36729,347,37076,660
2020-08-24,San Francisco,075,870044,9392,8621,9,8630,81
2020-08-24,San Joaquin,077,732212,18143,16565,33,16598,305
2020-08-24,San Luis Obispo,079,281455,3006,2705,12,2717,20
2020-08-24,San Mateo,081,765935,8324,7502,8,7510,120
2020-08-24,Santa Barbara,083,443738,8082,7784,67,7851,90
2020-08-24,Santa Clara,085,1922200,17862,16049,37,16086,192
2020-08-24,Santa Cruz,087,273765,1830,1627,15,1642,6
2020-08-24,Shasta,089,179085,605,505,3,508,9
2020-08-24,Sierra,091,2930,6,6,0,6,0
2020-08-24,Siskiyou,093,43540,128,107,8,115,0
2020-08-24,Solano,095,438530,5441,4979,32,5011,32
2020-08-24,Sonoma,097,501317,5694,5071,19,5090,56
2020-08-24,Stanislaus,099,539301,14898,13521,304,13825,171
2020-08-24,Sutter,101,95872,1331,1219,1,1220,9
2020-08-24,Tehama,103,63373,416,388,2,390,1
2020-08-24,Trinity,105,12862,44,10,6,16,0
2020-08-24,Tulare,107,460477,14332,13360,52,13412,223
2020-08-24,Tuolumne,109,53932,198,170,5,175,1
2020-08-24,Ventura,111,848112,11100,10261,77,10338,99
2020-08-24,Yolo,113,214977,2418,2239,4,2243,47
2020-08-24,Yuba,115,75493,833,750,3,753,1
2020-08-23,Alameda,001,1643700,18127,16786,119,16905,231
2020-08-23,Alpine,002,1148,2,2,0,2,0
2020-08-23,Amador,005,37829,268,227,0,227,13
2020-08-23,Butte,007,227075,1885,1637,43,1680,23
2020-08-23,Calaveras,009,45235,222,187,0,187,1
2020-08-23,Colusa,011,21464,444,424,0,424,5
2020-08-23,Contra Costa,013,1133247,13952,12642,46,12688,153
2020-08-23,Del Norte,015,27424,113,80,0,80,1
2020-08-23,El Dorado,017,186661,984,901,7,908,2
2020-08-23,Fresno,019,978130,26899,23414,281,23695,235
2020-08-23,Glenn,021,27897,437,421,0,421,2
2020-08-23,Humboldt,023,135768,376,341,1,342,4
2020-08-23,Imperial,025,180216,11132,9243,7,9250,210
2020-08-23,Inyo,027,18085,168,144,3,147,2
2020-08-23,Kern,029,883053,29309,28028,210,28238,277
2020-08-23,Kings,031,150075,6072,5628,29,5657,60
2020-08-23,Lake,033,64148,325,299,0,299,2
2020-08-23,Lassen,035,31185,720,693,2,695,0
2020-08-23,Los Angeles,037,10098052,237053,231833,1074,232907,5549
2020-08-23,Madera,039,155013,3805,3401,23,3424,32
2020-08-23,Marin,041,260295,6043,5807,14,5821,50
2020-08-23,Mariposa,043,17540,71,66,0,66,2
2020-08-23,Mendocino,045,87422,600,550,0,550,10
2020-08-23,Merced,047,269075,7801,7574,7,7581,69
2020-08-23,Modoc,049,8938,7,5,0,5,0
2020-08-23,Mono,051,14174,163,129,3,132,1
2020-08-23,Monterey,053,433212,7734,7173,16,7189,50
2020-08-23,Napa,055,140530,1431,1348,5,1353,10
2020-08-23,Nevada,057,99092,438,421,13,434,2
2020-08-23,Orange,059,3164182,49452,45267,1109,46376,887
2020-08-23,Placer,061,380077,2963,2772,6,2778,31
2020-08-23,Plumas,063,18699,39,37,0,37,0
2020-08-23,Riverside,065,2383286,52540,50293,56,50349,955
2020-08-23,Sacramento,067,1510023,17660,16084,15,16099,243
2020-08-23,San Benito,069,59416,1048,938,0,938,3
2020-08-23,San Bernardino,071,2135413,48006,45010,287,45297,719
2020-08-23,San Diego,073,3302833,38255,36542,320,36862,660
2020-08-23,San Francisco,075,870044,9298,8564,8,8572,80
2020-08-23,San Joaquin,077,732212,18010,16069,32,16101,305
2020-08-23,San Luis Obispo,079,281455,2964,2679,12,2691,20
2020-08-23,San Mateo,081,765935,8229,7450,8,7458,120
2020-08-23,Santa Barbara,083,443738,8014,7725,67,7792,90
2020-08-23,Santa Clara,085,1922200,17666,15912,35,15947,191
2020-08-23,Santa Cruz,087,273765,1804,1627,15,1642,6
2020-08-23,Shasta,089,179085,600,501,3,504,9
2020-08-23,Sierra,091,2930,6,6,0,6,0
2020-08-23,Siskiyou,093,43540,123,107,8,115,0
2020-08-23,Solano,095,438530,5383,4977,30,5007,32
2020-08-23,Sonoma,097,501317,5606,5018,19,5037,56
2020-08-23,Stanislaus,099,539301,14763,13483,281,13764,171
2020-08-23,Sutter,101,95872,1309,1203,1,1204,9
2020-08-23,Tehama,103,63373,406,381,2,383,1
2020-08-23,Trinity,105,12862,44,10,6,16,0
2020-08-23,Tulare,107,460477,14200,13303,49,13352,223
2020-08-23,Tuolumne,109,53932,195,164,5,169,1
2020-08-23,Ventura,111,848112,10999,10126,73,10199,99
2020-08-23,Yolo,113,214977,2390,2210,4,2214,47
2020-08-23,Yuba,115,75493,812,750,3,753,1
2020-08-22,Alameda,001,1643700,18033,16648,118,16766,231
2020-08-22,Alpine,002,1148,2,2,0,2,0
2020-08-22,Amador,005,37829,267,224,0,224,13
2020-08-22,Butte,007,227075,1834,1618,43,1661,22
2020-08-22,Calaveras,009,45235,218,187,0,187,1
2020-08-22,Colusa,011,21464,440,419,0,419,5
2020-08-22,Contra Costa,013,1133247,13865,12522,46,12568,153
2020-08-22,Del Norte,015,27424,112,80,0,80,1
2020-08-22,El Dorado,017,186661,982,900,7,907,2
2020-08-22,Fresno,019,978130,26801,23197,280,23477,235
2020-08-22,Glenn,021,27897,436,421,0,421,2
2020-08-22,Humboldt,023,135768,366,334,1,335,4
2020-08-22,Imperial,025,180216,11124,9244,7,9251,210
2020-08-22,Inyo,027,18085,168,144,3,147,1
2020-08-22,Kern,029,883053,29255,27807,210,28017,277
2020-08-22,Kings,031,150075,6063,5447,29,5476,60
2020-08-22,Lake,033,64148,323,291,0,291,2
2020-08-22,Lassen,035,31185,720,693,2,695,0
2020-08-22,Los Angeles,037,10098052,236392,230858,1058,231916,5540
2020-08-22,Madera,039,155013,3786,3330,23,3353,32
2020-08-22,Marin,041,260295,6031,5789,14,5803,49
2020-08-22,Mariposa,043,17540,71,66,0,66,2
2020-08-22,Mendocino,045,87422,597,529,0,529,10
2020-08-22,Merced,047,269075,7773,7493,7,7500,69
2020-08-22,Modoc,049,8938,7,5,0,5,0
2020-08-22,Mono,051,14174,163,129,3,132,1
2020-08-22,Monterey,053,433212,7686,7081,16,7097,50
2020-08-22,Napa,055,140530,1426,1328,5,1333,11
2020-08-22,Nevada,057,99092,438,411,13,424,2
2020-08-22,Orange,059,3164182,49311,45131,1103,46234,885
2020-08-22,Placer,061,380077,2949,2734,6,2740,30
2020-08-22,Plumas,063,18699,39,37,0,37,0
2020-08-22,Riverside,065,2383286,52392,49944,55,49999,953
2020-08-22,Sacramento,067,1510023,17548,15516,15,15531,239
2020-08-22,San Benito,069,59416,1032,912,0,912,3
2020-08-22,San Bernardino,071,2135413,47877,44803,283,45086,719
2020-08-22,San Diego,073,3302833,38072,36205,309,36514,673
2020-08-22,San Francisco,075,870044,9238,8568,8,8576,80
2020-08-22,San Joaquin,077,732212,17954,16068,32,16100,305
2020-08-22,San Luis Obispo,079,281455,2938,2660,12,2672,20
2020-08-22,San Mateo,081,765935,8182,7361,8,7369,120
2020-08-22,Santa Barbara,083,443738,7988,7685,67,7752,90
2020-08-22,Santa Clara,085,1922200,17558,15590,35,15625,190
2020-08-22,Santa Cruz,087,273765,1788,1628,14,1642,6
2020-08-22,Shasta,089,179085,598,493,3,496,9
2020-08-22,Sierra,091,2930,6,6,0,6,0
2020-08-22,Siskiyou,093,43540,123,106,8,114,0
2020-08-22,Solano,095,438530,5353,4944,29,4973,32
2020-08-22,Sonoma,097,501317,5560,4891,19,4910,57
2020-08-22,Stanislaus,099,539301,14713,13380,264,13644,170
2020-08-22,Sutter,101,95872,1302,1189,1,1190,8
2020-08-22,Tehama,103,63373,405,368,2,370,1
2020-08-22,Trinity,105,12862,44,8,6,14,0
2020-08-22,Tulare,107,460477,14133,13196,49,13245,222
2020-08-22,Tuolumne,109,53932,193,162,5,167,1
2020-08-22,Ventura,111,848112,10944,9959,71,10030,99
2020-08-22,Yolo,113,214977,2374,2188,4,2192,47
2020-08-22,Yuba,115,75493,800,738,3,741,1
2020-08-21,Alameda,001,1643700,17941,16413,118,16531,232
2020-08-21,Alpine,002,1148,2,2,0,2,0
2020-08-21,Amador,005,37829,266,223,0,223,11
2020-08-21,Butte,007,227075,1795,1582,43,1625,19
2020-08-21,Calaveras,009,45235,218,182,0,182,1
2020-08-21,Colusa,011,21464,438,418,0,418,5
2020-08-21,Contra Costa,013,1133247,13775,12333,45,12378,149
2020-08-21,Del Norte,015,27424,112,78,0,78,1
2020-08-21,El Dorado,017,186661,978,885,7,892,2
2020-08-21,Fresno,019,978130,26631,22840,279,23119,232
2020-08-21,Glenn,021,27897,432,418,0,418,2
2020-08-21,Humboldt,023,135768,363,331,1,332,4
2020-08-21,Imperial,025,180216,11108,9166,7,9173,204
2020-08-21,Inyo,027,18085,168,144,3,147,1
2020-08-21,Kern,029,883053,29196,27567,208,27775,269
2020-08-21,Kings,031,150075,6041,5391,29,5420,60
2020-08-21,Lake,033,64148,321,281,0,281,2
2020-08-21,Lassen,035,31185,720,693,2,695,0
2020-08-21,Los Angeles,037,10098052,235516,229235,1039,230274,5494
2020-08-21,Madera,039,155013,3756,3271,23,3294,31
2020-08-21,Marin,041,260295,6011,5762,14,5776,49
2020-08-21,Mariposa,043,17540,71,66,0,66,2
2020-08-21,Mendocino,045,87422,587,505,0,505,10
2020-08-21,Merced,047,269075,7744,7357,7,7364,69
2020-08-21,Modoc,049,8938,7,5,0,5,0
2020-08-21,Mono,051,14174,163,128,3,131,1
2020-08-21,Monterey,053,433212,7614,6974,16,6990,49
2020-08-21,Napa,055,140530,1417,1317,5,1322,10
2020-08-21,Nevada,057,99092,437,406,13,419,2
2020-08-21,Orange,059,3164182,49170,44625,1094,45719,875
2020-08-21,Placer,061,380077,2933,2698,6,2704,30
2020-08-21,Plumas,063,18699,39,36,0,36,0
2020-08-21,Riverside,065,2383286,52197,49409,55,49464,932
2020-08-21,Sacramento,067,1510023,17425,15247,15,15262,237
2020-08-21,San Benito,069,59416,1022,891,0,891,3
2020-08-21,San Bernardino,071,2135413,47758,44249,279,44528,668
2020-08-21,San Diego,073,3302833,37868,35914,292,36206,652
2020-08-21,San Francisco,075,870044,9188,8375,8,8383,80
2020-08-21,San Joaquin,077,732212,17872,15888,30,15918,301
2020-08-21,San Luis Obispo,079,281455,2915,2640,12,2652,19
2020-08-21,San Mateo,081,765935,8125,7253,8,7261,120
2020-08-21,Santa Barbara,083,443738,7947,7645,67,7712,86
2020-08-21,Santa Clara,085,1922200,17407,15399,35,15434,190
2020-08-21,Santa Cruz,087,273765,1776,1617,14,1631,6
2020-08-21,Shasta,089,179085,598,486,3,489,9
2020-08-21,Sierra,091,2930,6,6,0,6,0
2020-08-21,Siskiyou,093,43540,123,103,6,109,0
2020-08-21,Solano,095,438530,5330,4891,28,4919,32
2020-08-21,Sonoma,097,501317,5490,4816,19,4835,57
2020-08-21,Stanislaus,099,539301,14644,13282,250,13532,161
2020-08-21,Sutter,101,95872,1289,1173,1,1174,8
2020-08-21,Tehama,103,63373,403,357,2,359,1
2020-08-21,Trinity,105,12862,44,8,6,14,0
2020-08-21,Tulare,107,460477,14062,13002,47,13049,217
2020-08-21,Tuolumne,109,53932,185,161,5,166,1
2020-08-21,Ventura,111,848112,10879,9865,69,9934,98
2020-08-21,Yolo,113,214977,2359,2164,4,2168,46
2020-08-21,Yuba,115,75493,796,717,3,720,1
2020-08-20,Alameda,001,1643700,17781,16174,118,16292,229
2020-08-20,Alpine,002,1148,2,2,0,2,0
2020-08-20,Amador,005,37829,264,222,0,222,11
2020-08-20,Butte,007,227075,1746,1549,43,1592,18
2020-08-20,Calaveras,009,45235,215,179,0,179,1
2020-08-20,Colusa,011,21464,436,415,0,415,5
2020-08-20,Contra Costa,013,1133247,13648,12108,44,12152,144
2020-08-20,Del Norte,015,27424,112,78,0,78,1
2020-08-20,El Dorado,017,186661,974,881,7,888,2
2020-08-20,Fresno,019,978130,26449,22535,274,22809,228
2020-08-20,Glenn,021,27897,427,414,0,414,2
2020-08-20,Humboldt,023,135768,358,318,1,319,4
2020-08-20,Imperial,025,180216,11089,9086,7,9093,196
2020-08-20,Inyo,027,18085,167,144,3,147,1
2020-08-20,Kern,029,883053,29028,27337,197,27534,267
2020-08-20,Kings,031,150075,6001,5347,28,5375,59
2020-08-20,Lake,033,64148,316,280,0,280,2
2020-08-20,Lassen,035,31185,719,693,2,695,0
2020-08-20,Los Angeles,037,10098052,234281,227492,1020,228512,5445
2020-08-20,Madera,039,155013,3730,3197,23,3220,31
2020-08-20,Marin,041,260295,5993,5745,14,5759,47
2020-08-20,Mariposa,043,17540,71,67,0,67,2
2020-08-20,Mendocino,045,87422,577,497,0,497,10
2020-08-20,Merced,047,269075,7671,7173,7,7180,68
2020-08-20,Modoc,049,8938,7,5,0,5,0
2020-08-20,Mono,051,14174,163,128,3,131,1
2020-08-20,Monterey,053,433212,7543,6892,16,6908,47
2020-08-20,Napa,055,140530,1411,1306,5,1311,10
2020-08-20,Nevada,057,99092,436,401,13,414,2
2020-08-20,Orange,059,3164182,48943,44299,1084,45383,849
2020-08-20,Placer,061,380077,2917,2681,6,2687,30
2020-08-20,Plumas,063,18699,39,36,0,36,0
2020-08-20,Riverside,065,2383286,51978,48953,54,49007,927
2020-08-20,Sacramento,067,1510023,17182,14992,15,15007,231
2020-08-20,San Benito,069,59416,1009,866,0,866,3
2020-08-20,San Bernardino,071,2135413,47502,43627,275,43902,665
2020-08-20,San Diego,073,3302833,37648,35610,274,35884,644
2020-08-20,San Francisco,075,870044,9102,8262,8,8270,72
2020-08-20,San Joaquin,077,732212,17781,15778,30,15808,297
2020-08-20,San Luis Obispo,079,281455,2895,2590,12,2602,19
2020-08-20,San Mateo,081,765935,8060,7188,8,7196,120
2020-08-20,Santa Barbara,083,443738,7909,7571,67,7638,81
2020-08-20,Santa Clara,085,1922200,17235,15162,35,15197,190
2020-08-20,Santa Cruz,087,273765,1763,1581,14,1595,6
2020-08-20,Shasta,089,179085,597,478,3,481,9
2020-08-20,Sierra,091,2930,6,6,0,6,0
2020-08-20,Siskiyou,093,43540,122,102,1,103,0
2020-08-20,Solano,095,438530,5285,4843,28,4871,31
2020-08-20,Sonoma,097,501317,5413,4737,19,4756,54
2020-08-20,Stanislaus,099,539301,14548,13120,241,13361,161
2020-08-20,Sutter,101,95872,1265,1158,1,1159,8
2020-08-20,Tehama,103,63373,398,350,2,352,1
2020-08-20,Trinity,105,12862,44,8,6,14,0
2020-08-20,Tulare,107,460477,13954,12907,46,12953,217
2020-08-20,Tuolumne,109,53932,181,159,5,164,1
2020-08-20,Ventura,111,848112,10766,9744,68,9812,93
2020-08-20,Yolo,113,214977,2337,2150,4,2154,47
2020-08-20,Yuba,115,75493,779,709,3,712,1
2020-08-19,Alameda,001,1643700,17623,15874,117,15991,226
2020-08-19,Alpine,002,1148,2,2,0,2,0
2020-08-19,Amador,005,37829,263,219,0,219,9
2020-08-19,Butte,007,227075,1703,1517,43,1560,16
2020-08-19,Calaveras,009,45235,213,177,0,177,1
2020-08-19,Colusa,011,21464,435,415,0,415,5
2020-08-19,Contra Costa,013,1133247,13535,11895,43,11938,142
2020-08-19,Del Norte,015,27424,112,78,0,78,1
2020-08-19,El Dorado,017,186661,968,870,7,877,2
2020-08-19,Fresno,019,978130,26260,22167,265,22432,221
2020-08-19,Glenn,021,27897,425,414,0,414,2
2020-08-19,Humboldt,023,135768,355,316,1,317,4
2020-08-19,Imperial,025,180216,11061,9041,7,9048,192
2020-08-19,Inyo,027,18085,165,140,3,143,1
2020-08-19,Kern,029,883053,28911,27142,193,27335,263
2020-08-19,Kings,031,150075,5828,5301,26,5327,59
2020-08-19,Lake,033,64148,313,277,0,277,2
2020-08-19,Lassen,035,31185,711,693,2,695,0
2020-08-19,Los Angeles,037,10098052,233004,226006,980,226986,5399
2020-08-19,Madera,039,155013,3696,3158,21,3179,30
2020-08-19,Marin,041,260295,5970,5723,13,5736,46
2020-08-19,Mariposa,043,17540,71,64,0,64,2
2020-08-19,Mendocino,045,87422,560,495,0,495,8
2020-08-19,Merced,047,269075,7555,7082,4,7086,66
2020-08-19,Modoc,049,8938,7,5,0,5,0
2020-08-19,Mono,051,14174,163,128,3,131,1
2020-08-19,Monterey,053,433212,7443,6693,16,6709,45
2020-08-19,Napa,055,140530,1405,1293,5,1298,10
2020-08-19,Nevada,057,99092,429,398,13,411,2
2020-08-19,Orange,059,3164182,48738,43938,1081,45019,829
2020-08-19,Placer,061,380077,2895,2659,6,2665,28
2020-08-19,Plumas,063,18699,39,36,0,36,0
2020-08-19,Riverside,065,2383286,51728,48741,54,48795,922
2020-08-19,Sacramento,067,1510023,17002,14764,15,14779,229
2020-08-19,San Benito,069,59416,992,853,0,853,3
2020-08-19,San Bernardino,071,2135413,47206,43224,269,43493,661
2020-08-19,San Diego,073,3302833,37398,35378,259,35637,638
2020-08-19,San Francisco,075,870044,9038,8236,8,8244,72
2020-08-19,San Joaquin,077,732212,17659,15677,29,15706,296
2020-08-19,San Luis Obispo,079,281455,2855,2553,12,2565,19
2020-08-19,San Mateo,081,765935,7991,7146,8,7154,119
2020-08-19,Santa Barbara,083,443738,7860,7499,67,7566,80
2020-08-19,Santa Clara,085,1922200,17090,14994,35,15029,189
2020-08-19,Santa Cruz,087,273765,1737,1554,14,1568,6
2020-08-19,Shasta,089,179085,593,475,3,478,9
2020-08-19,Sierra,091,2930,6,6,0,6,0
2020-08-19,Siskiyou,093,43540,121,103,1,104,0
2020-08-19,Solano,095,438530,5244,4807,28,4835,31
2020-08-19,Sonoma,097,501317,5330,4614,19,4633,54
2020-08-19,Stanislaus,099,539301,14445,13084,219,13303,160
2020-08-19,Sutter,101,95872,1231,1146,1,1147,8
2020-08-19,Tehama,103,63373,392,342,2,344,1
2020-08-19,Trinity,105,12862,43,8,6,14,0
2020-08-19,Tulare,107,460477,13856,12756,46,12802,217
2020-08-19,Tuolumne,109,53932,178,159,5,164,1
2020-08-19,Ventura,111,848112,10674,9587,66,9653,91
2020-08-19,Yolo,113,214977,2315,2126,4,2130,47
2020-08-19,Yuba,115,75493,767,701,3,704,1
2020-08-18,Alameda,001,1643700,17445,15627,115,15742,223
2020-08-18,Alpine,002,1148,2,2,0,2,0
2020-08-18,Amador,005,37829,262,215,0,215,9
2020-08-18,Butte,007,227075,1670,1491,43,1534,16
2020-08-18,Calaveras,009,45235,210,174,0,174,1
2020-08-18,Colusa,011,21464,434,415,0,415,5
2020-08-18,Contra Costa,013,1133247,13414,11689,41,11730,141
2020-08-18,Del Norte,015,27424,111,78,0,78,0
2020-08-18,El Dorado,017,186661,963,866,7,873,2
2020-08-18,Fresno,019,978130,26039,21798,259,22057,212
2020-08-18,Glenn,021,27897,425,407,0,407,2
2020-08-18,Humboldt,023,135768,353,315,1,316,4
2020-08-18,Imperial,025,180216,11027,8968,7,8975,189
2020-08-18,Inyo,027,18085,164,140,3,143,1
2020-08-18,Kern,029,883053,28758,26978,189,27167,263
2020-08-18,Kings,031,150075,5793,5269,25,5294,58
2020-08-18,Lake,033,64148,310,274,0,274,2
2020-08-18,Lassen,035,31185,711,693,2,695,0
2020-08-18,Los Angeles,037,10098052,231737,224218,944,225162,5339
2020-08-18,Madera,039,155013,3668,3125,21,3146,28
2020-08-18,Marin,041,260295,5940,5708,13,5721,47
2020-08-18,Mariposa,043,17540,71,61,0,61,2
2020-08-18,Mendocino,045,87422,551,468,0,468,8
2020-08-18,Merced,047,269075,7509,6940,4,6944,66
2020-08-18,Modoc,049,8938,7,5,0,5,0
2020-08-18,Mono,051,14174,162,129,3,132,1
2020-08-18,Monterey,053,433212,7351,6691,15,6706,44
2020-08-18,Napa,055,140530,1401,1274,5,1279,10
2020-08-18,Nevada,057,99092,422,389,13,402,2
2020-08-18,Orange,059,3164182,48513,43659,1067,44726,809
2020-08-18,Placer,061,380077,2869,2644,5,2649,28
2020-08-18,Plumas,063,18699,39,34,0,34,0
2020-08-18,Riverside,065,2383286,51396,48447,54,48501,917
2020-08-18,Sacramento,067,1510023,16772,14610,14,14624,222
2020-08-18,San Benito,069,59416,972,836,0,836,3
2020-08-18,San Bernardino,071,2135413,46925,42827,263,43090,648
2020-08-18,San Diego,073,3302833,37105,35164,227,35391,633
2020-08-18,San Francisco,075,870044,8953,8016,8,8024,72
2020-08-18,San Joaquin,077,732212,17545,15509,28,15537,290
2020-08-18,San Luis Obispo,079,281455,2830,2535,11,2546,18
2020-08-18,San Mateo,081,765935,7930,7074,8,7082,119
2020-08-18,Santa Barbara,083,443738,7818,7472,67,7539,81
2020-08-18,Santa Clara,085,1922200,16921,14786,34,14820,184
2020-08-18,Santa Cruz,087,273765,1724,1509,14,1523,6
2020-08-18,Shasta,089,179085,589,468,3,471,9
2020-08-18,Sierra,091,2930,6,6,0,6,0
2020-08-18,Siskiyou,093,43540,120,103,1,104,0
2020-08-18,Solano,095,438530,5217,4700,28,4728,31
2020-08-18,Sonoma,097,501317,5261,4506,19,4525,48
2020-08-18,Stanislaus,099,539301,14347,12935,203,13138,149
2020-08-18,Sutter,101,95872,1212,1126,1,1127,8
2020-08-18,Tehama,103,63373,382,333,2,335,1
2020-08-18,Trinity,105,12862,41,8,6,14,0
2020-08-18,Tulare,107,460477,13725,12637,43,12680,212
2020-08-18,Tuolumne,109,53932,175,159,5,164,1
2020-08-18,Ventura,111,848112,10584,9536,61,9597,89
2020-08-18,Yolo,113,214977,2293,2102,4,2106,47
2020-08-18,Yuba,115,75493,759,679,3,682,1
2020-08-17,Alameda,001,1643700,17252,15454,114,15568,221
2020-08-17,Alpine,002,1148,2,2,0,2,0
2020-08-17,Amador,005,37829,262,215,0,215,9
2020-08-17,Butte,007,227075,1625,1463,43,1506,15
2020-08-17,Calaveras,009,45235,206,167,0,167,1
2020-08-17,Colusa,011,21464,431,408,0,408,5
2020-08-17,Contra Costa,013,1133247,13277,11442,41,11483,141
2020-08-17,Del Norte,015,27424,107,77,0,77,0
2020-08-17,El Dorado,017,186661,960,846,7,853,2
2020-08-17,Fresno,019,978130,25832,21316,252,21568,211
2020-08-17,Glenn,021,27897,424,402,0,402,2
2020-08-17,Humboldt,023,135768,349,302,1,303,4
2020-08-17,Imperial,025,180216,10986,8897,7,8904,188
2020-08-17,Inyo,027,18085,156,124,3,127,1
2020-08-17,Kern,029,883053,28611,26773,179,26952,249
2020-08-17,Kings,031,150075,5755,5249,25,5274,58
2020-08-17,Lake,033,64148,305,270,0,270,2
2020-08-17,Lassen,035,31185,711,666,2,668,0
2020-08-17,Los Angeles,037,10098052,230218,223418,900,224318,5282
2020-08-17,Madera,039,155013,3625,3050,20,3070,26
2020-08-17,Marin,041,260295,5917,5683,12,5695,46
2020-08-17,Mariposa,043,17540,71,61,0,61,2
2020-08-17,Mendocino,045,87422,533,454,0,454,8
2020-08-17,Merced,047,269075,7416,6814,4,6818,66
2020-08-17,Modoc,049,8938,7,5,0,5,0
2020-08-17,Mono,051,14174,162,126,3,129,1
2020-08-17,Monterey,053,433212,7251,6553,15,6568,44
2020-08-17,Napa,055,140530,1380,1255,5,1260,10
2020-08-17,Nevada,057,99092,417,383,13,396,2
2020-08-17,Orange,059,3164182,48303,43621,1054,44675,804
2020-08-17,Placer,061,380077,2844,2609,5,2614,28
2020-08-17,Plumas,063,18699,39,33,0,33,0
2020-08-17,Riverside,065,2383286,51062,48062,52,48114,916
2020-08-17,Sacramento,067,1510023,16552,14333,14,14347,219
2020-08-17,San Benito,069,59416,957,822,0,822,2
2020-08-17,San Bernardino,071,2135413,46581,42005,254,42259,604
2020-08-17,San Diego,073,3302833,36839,34962,213,35175,626
2020-08-17,San Francisco,075,870044,8882,7600,8,7608,72
2020-08-17,San Joaquin,077,732212,17383,15323,27,15350,280
2020-08-17,San Luis Obispo,079,281455,2797,2527,11,2538,18
2020-08-17,San Mateo,081,765935,7873,6987,7,6994,118
2020-08-17,Santa Barbara,083,443738,7776,7438,67,7505,80
2020-08-17,Santa Clara,085,1922200,16696,14546,34,14580,183
2020-08-17,Santa Cruz,087,273765,1708,1453,13,1466,6
2020-08-17,Shasta,089,179085,583,467,3,470,9
2020-08-17,Sierra,091,2930,6,6,0,6,0
2020-08-17,Siskiyou,093,43540,119,103,0,103,0
2020-08-17,Solano,095,438530,5160,4479,28,4507,31
2020-08-17,Sonoma,097,501317,5171,4402,17,4419,48
2020-08-17,Stanislaus,099,539301,14222,12745,196,12941,148
2020-08-17,Sutter,101,95872,1196,1071,1,1072,8
2020-08-17,Tehama,103,63373,372,324,2,326,1
2020-08-17,Trinity,105,12862,41,8,6,14,0
2020-08-17,Tulare,107,460477,13613,12487,42,12529,210
2020-08-17,Tuolumne,109,53932,172,157,5,162,1
2020-08-17,Ventura,111,848112,10461,9490,56,9546,89
2020-08-17,Yolo,113,214977,2266,2083,4,2087,47
2020-08-17,Yuba,115,75493,744,647,3,650,1
2020-08-16,Alameda,001,1643700,16961,15338,114,15452,221
2020-08-16,Alpine,002,1148,2,2,0,2,0
2020-08-16,Amador,005,37829,259,215,0,215,9
2020-08-16,Butte,007,227075,1587,1432,43,1475,15
2020-08-16,Calaveras,009,45235,199,167,0,167,1
2020-08-16,Colusa,011,21464,429,407,0,407,5
2020-08-16,Contra Costa,013,1133247,13091,11255,41,11296,140
2020-08-16,Del Norte,015,27424,103,77,0,77,0
2020-08-16,El Dorado,017,186661,948,843,7,850,2
2020-08-16,Fresno,019,978130,25609,21010,247,21257,211
2020-08-16,Glenn,021,27897,422,400,0,400,2
2020-08-16,Humboldt,023,135768,347,301,1,302,4
2020-08-16,Imperial,025,180216,10942,8883,7,8890,188
2020-08-16,Inyo,027,18085,149,125,2,127,1
2020-08-16,Kern,029,883053,28412,26520,171,26691,249
2020-08-16,Kings,031,150075,5724,5146,25,5171,58
2020-08-16,Lake,033,64148,301,269,0,269,2
2020-08-16,Lassen,035,31185,711,666,2,668,0
2020-08-16,Los Angeles,037,10098052,228648,222236,871,223107,5263
2020-08-16,Madera,039,155013,3580,3013,20,3033,26
2020-08-16,Marin,041,260295,5891,5664,12,5676,46
2020-08-16,Mariposa,043,17540,71,61,0,61,2
2020-08-16,Mendocino,045,87422,525,451,0,451,8
2020-08-16,Merced,047,269075,7336,6744,4,6748,66
2020-08-16,Modoc,049,8938,7,5,0,5,0
2020-08-16,Mono,051,14174,162,126,3,129,1
2020-08-16,Monterey,053,433212,7153,6516,14,6530,44
2020-08-16,Napa,055,140530,1362,1241,3,1244,10
2020-08-16,Nevada,057,99092,408,379,13,392,2
2020-08-16,Orange,059,3164182,48053,43303,1043,44346,803
2020-08-16,Placer,061,380077,2815,2583,4,2587,28
2020-08-16,Plumas,063,18699,39,33,0,33,0
2020-08-16,Riverside,065,2383286,50731,47669,51,47720,910
2020-08-16,Sacramento,067,1510023,16312,14210,14,14224,219
2020-08-16,San Benito,069,59416,928,815,0,815,2
2020-08-16,San Bernardino,071,2135413,46158,41724,246,41970,603
2020-08-16,San Diego,073,3302833,36575,34680,198,34878,626
2020-08-16,San Francisco,075,870044,8795,7602,8,7610,72
2020-08-16,San Joaquin,077,732212,17182,15288,27,15315,280
2020-08-16,San Luis Obispo,079,281455,2768,2494,11,2505,17
2020-08-16,San Mateo,081,765935,7799,6942,7,6949,118
2020-08-16,Santa Barbara,083,443738,7727,7368,67,7435,79
2020-08-16,Santa Clara,085,1922200,16496,14329,34,14363,183
2020-08-16,Santa Cruz,087,273765,1681,1449,12,1461,6
2020-08-16,Shasta,089,179085,576,465,3,468,9
2020-08-16,Sierra,091,2930,6,6,0,6,0
2020-08-16,Siskiyou,093,43540,118,102,0,102,0
2020-08-16,Solano,095,438530,5100,4479,28,4507,31
2020-08-16,Sonoma,097,501317,5067,4329,17,4346,46
2020-08-16,Stanislaus,099,539301,14064,12668,186,12854,148
2020-08-16,Sutter,101,95872,1178,1071,1,1072,8
2020-08-16,Tehama,103,63373,363,318,2,320,1
2020-08-16,Trinity,105,12862,38,8,6,14,0
2020-08-16,Tulare,107,460477,13481,12334,39,12373,211
2020-08-16,Tuolumne,109,53932,172,156,5,161,1
2020-08-16,Ventura,111,848112,10352,9408,51,9459,89
2020-08-16,Yolo,113,214977,2247,2057,4,2061,47
2020-08-16,Yuba,115,75493,735,647,2,649,1
2020-08-15,Alameda,001,1643700,16884,15165,114,15279,221
2020-08-15,Alpine,002,1148,2,2,0,2,0
2020-08-15,Amador,005,37829,259,210,0,210,9
2020-08-15,Butte,007,227075,1566,1409,43,1452,15
2020-08-15,Calaveras,009,45235,197,167,0,167,1
2020-08-15,Colusa,011,21464,428,401,0,401,5
2020-08-15,Contra Costa,013,1133247,12995,11106,41,11147,138
2020-08-15,Del Norte,015,27424,103,77,0,77,0
2020-08-15,El Dorado,017,186661,943,838,7,845,2
2020-08-15,Fresno,019,978130,25494,20603,245,20848,211
2020-08-15,Glenn,021,27897,422,398,0,398,2
2020-08-15,Humboldt,023,135768,346,301,1,302,4
2020-08-15,Imperial,025,180216,10922,8794,7,8801,188
2020-08-15,Inyo,027,18085,149,123,2,125,1
2020-08-15,Kern,029,883053,28324,26338,171,26509,249
2020-08-15,Kings,031,150075,5706,5039,25,5064,56
2020-08-15,Lake,033,64148,299,268,0,268,2
2020-08-15,Lassen,035,31185,711,666,2,668,0
2020-08-15,Los Angeles,037,10098052,227897,221043,861,221904,5252
2020-08-15,Madera,039,155013,3530,2950,20,2970,26
2020-08-15,Marin,041,260295,5884,5628,12,5640,46
2020-08-15,Mariposa,043,17540,71,61,0,61,2
2020-08-15,Mendocino,045,87422,521,444,0,444,8
2020-08-15,Merced,047,269075,7300,6656,4,6660,66
2020-08-15,Modoc,049,8938,7,5,0,5,0
2020-08-15,Mono,051,14174,162,126,3,129,1
2020-08-15,Monterey,053,433212,7108,6162,14,6176,44
2020-08-15,Napa,055,140530,1352,1232,3,1235,10
2020-08-15,Nevada,057,99092,408,376,13,389,2
2020-08-15,Orange,059,3164182,47940,42811,1032,43843,801
2020-08-15,Placer,061,380077,2794,2551,4,2555,27
2020-08-15,Plumas,063,18699,39,33,0,33,0
2020-08-15,Riverside,065,2383286,50580,46720,51,46771,910
2020-08-15,Sacramento,067,1510023,16202,14018,14,14032,219
2020-08-15,San Benito,069,59416,915,805,0,805,2
2020-08-15,San Bernardino,071,2135413,46006,41231,244,41475,602
2020-08-15,San Diego,073,3302833,36409,34346,184,34530,639
2020-08-15,San Francisco,075,870044,8733,7601,8,7609,69
2020-08-15,San Joaquin,077,732212,17108,15113,27,15140,280
2020-08-15,San Luis Obispo,079,281455,2751,2461,11,2472,17
2020-08-15,San Mateo,081,765935,7762,6860,7,6867,118
2020-08-15,Santa Barbara,083,443738,7699,7338,67,7405,79
2020-08-15,Santa Clara,085,1922200,16400,14105,34,14139,183
2020-08-15,Santa Cruz,087,273765,1660,1449,12,1461,6
2020-08-15,Shasta,089,179085,573,458,3,461,9
2020-08-15,Sierra,091,2930,6,6,0,6,0
2020-08-15,Siskiyou,093,43540,117,100,0,100,0
2020-08-15,Solano,095,438530,5078,4477,28,4505,31
2020-08-15,Sonoma,097,501317,5012,4134,17,4151,45
2020-08-15,Stanislaus,099,539301,14000,12541,185,12726,149
2020-08-15,Sutter,101,95872,1167,1046,1,1047,8
2020-08-15,Tehama,103,63373,362,312,2,314,1
2020-08-15,Trinity,105,12862,36,6,6,12,0
2020-08-15,Tulare,107,460477,13442,12262,39,12301,211
2020-08-15,Tuolumne,109,53932,172,155,5,160,1
2020-08-15,Ventura,111,848112,10293,9379,49,9428,89
2020-08-15,Yolo,113,214977,2235,2031,4,2035,46
2020-08-15,Yuba,115,75493,731,623,2,625,1
2020-08-14,Alameda,001,1643700,16744,14909,114,15023,221
2020-08-14,Alpine,002,1148,2,2,0,2,0
2020-08-14,Amador,005,37829,259,209,0,209,9
2020-08-14,Butte,007,227075,1558,1384,43,1427,15
2020-08-14,Calaveras,009,45235,193,165,0,165,1
2020-08-14,Colusa,011,21464,426,399,0,399,5
2020-08-14,Contra Costa,013,1133247,12883,10893,41,10934,137
2020-08-14,Del Norte,015,27424,103,76,0,76,0
2020-08-14,El Dorado,017,186661,935,827,7,834,2
2020-08-14,Fresno,019,978130,25358,19900,245,20145,208
2020-08-14,Glenn,021,27897,420,395,0,395,2
2020-08-14,Humboldt,023,135768,340,294,1,295,4
2020-08-14,Imperial,025,180216,10898,8756,7,8763,185
2020-08-14,Inyo,027,18085,148,115,2,117,1
2020-08-14,Kern,029,883053,28220,25893,170,26063,249
2020-08-14,Kings,031,150075,5692,4953,25,4978,56
2020-08-14,Lake,033,64148,290,267,0,267,2
2020-08-14,Lassen,035,31185,711,665,2,667,0
2020-08-14,Los Angeles,037,10098052,226723,219083,845,219928,5222
2020-08-14,Madera,039,155013,3500,2876,20,2896,26
2020-08-14,Marin,041,260295,5873,5601,12,5613,46
2020-08-14,Mariposa,043,17540,70,61,0,61,2
2020-08-14,Mendocino,045,87422,512,432,0,432,8
2020-08-14,Merced,047,269075,7270,6466,4,6470,67
2020-08-14,Modoc,049,8938,7,5,0,5,0
2020-08-14,Mono,051,14174,162,126,3,129,1
2020-08-14,Monterey,053,433212,7057,6121,14,6135,41
2020-08-14,Napa,055,140530,1342,1230,3,1233,10
2020-08-14,Nevada,057,99092,404,377,13,390,2
2020-08-14,Orange,059,3164182,47790,42399,1020,43419,798
2020-08-14,Placer,061,380077,2775,2546,4,2550,26
2020-08-14,Plumas,063,18699,38,33,0,33,0
2020-08-14,Riverside,065,2383286,50350,46456,51,46507,891
2020-08-14,Sacramento,067,1510023,16053,13645,14,13659,212
2020-08-14,San Benito,069,59416,898,783,0,783,2
2020-08-14,San Bernardino,071,2135413,45819,40442,241,40683,594
2020-08-14,San Diego,073,3302833,36215,34067,177,34244,622
2020-08-14,San Francisco,075,870044,8675,7467,8,7475,69
2020-08-14,San Joaquin,077,732212,17008,14925,27,14952,276
2020-08-14,San Luis Obispo,079,281455,2736,2422,11,2433,17
2020-08-14,San Mateo,081,765935,7703,6655,7,6662,118
2020-08-14,Santa Barbara,083,443738,7649,7302,67,7369,77
2020-08-14,Santa Clara,085,1922200,16230,13785,33,13818,183
2020-08-14,Santa Cruz,087,273765,1638,1418,11,1429,6
2020-08-14,Shasta,089,179085,568,446,3,449,9
2020-08-14,Sierra,091,2930,6,5,0,5,0
2020-08-14,Siskiyou,093,43540,117,98,0,98,0
2020-08-14,Solano,095,438530,5057,4421,28,4449,31
2020-08-14,Sonoma,097,501317,4953,4087,14,4101,45
2020-08-14,Stanislaus,099,539301,13922,12379,181,12560,140
2020-08-14,Sutter,101,95872,1159,1039,1,1040,8
2020-08-14,Tehama,103,63373,357,305,2,307,1
2020-08-14,Trinity,105,12862,36,6,6,12,0
2020-08-14,Tulare,107,460477,13365,12009,39,12048,211
2020-08-14,Tuolumne,109,53932,171,155,5,160,1
2020-08-14,Ventura,111,848112,10218,9313,49,9362,89
2020-08-14,Yolo,113,214977,2221,1991,4,1995,45
2020-08-14,Yuba,115,75493,715,606,2,608,1
2020-08-13,Alameda,001,1643700,16463,14385,114,14499,218
2020-08-13,Alpine,002,1148,2,2,0,2,0
2020-08-13,Amador,005,37829,259,198,0,198,8
2020-08-13,Butte,007,227075,1534,1345,43,1388,15
2020-08-13,Calaveras,009,45235,191,162,0,162,1
2020-08-13,Colusa,011,21464,426,395,0,395,5
2020-08-13,Contra Costa,013,1133247,12729,10545,40,10585,136
2020-08-13,Del Norte,015,27424,102,74,0,74,0
2020-08-13,El Dorado,017,186661,930,803,7,810,2
2020-08-13,Fresno,019,978130,25133,19157,239,19396,201
2020-08-13,Glenn,021,27897,416,392,0,392,1
2020-08-13,Humboldt,023,135768,332,281,1,282,4
2020-08-13,Imperial,025,180216,10867,8640,7,8647,170
2020-08-13,Inyo,027,18085,144,97,2,99,1
2020-08-13,Kern,029,883053,28053,25472,167,25639,242
2020-08-13,Kings,031,150075,5657,4824,25,4849,52
2020-08-13,Lake,033,64148,285,263,0,263,2
2020-08-13,Lassen,035,31185,711,652,2,654,0
2020-08-13,Los Angeles,037,10098052,225343,216497,823,217320,5179
2020-08-13,Madera,039,155013,3456,2675,19,2694,25
2020-08-13,Marin,041,260295,5857,5503,12,5515,44
2020-08-13,Mariposa,043,17540,69,61,0,61,2
2020-08-13,Mendocino,045,87422,507,401,0,401,8
2020-08-13,Merced,047,269075,7158,5945,4,5949,63
2020-08-13,Modoc,049,8938,7,5,0,5,0
2020-08-13,Mono,051,14174,162,124,3,127,1
2020-08-13,Monterey,053,433212,6974,5925,14,5939,38
2020-08-13,Napa,055,140530,1333,1179,3,1182,10
2020-08-13,Nevada,057,99092,400,362,13,375,1
2020-08-13,Orange,059,3164182,47551,42019,1008,43027,773
2020-08-13,Placer,061,380077,2752,2460,4,2464,26
2020-08-13,Plumas,063,18699,38,32,0,32,0
2020-08-13,Riverside,065,2383286,50054,45327,51,45378,885
2020-08-13,Sacramento,067,1510023,15849,13237,14,13251,197
2020-08-13,San Benito,069,59416,869,757,0,757,2
2020-08-13,San Bernardino,071,2135413,45422,39395,234,39629,591
2020-08-13,San Diego,073,3302833,35979,33661,159,33820,627
2020-08-13,San Francisco,075,870044,8581,7277,8,7285,69
2020-08-13,San Joaquin,077,732212,16852,14537,26,14563,261
2020-08-13,San Luis Obispo,079,281455,2714,2283,11,2294,16
2020-08-13,San Mateo,081,765935,7641,6503,7,6510,117
2020-08-13,Santa Barbara,083,443738,7604,7129,66,7195,74
2020-08-13,Santa Clara,085,1922200,16008,13257,33,13290,182
2020-08-13,Santa Cruz,087,273765,1613,1383,11,1394,6
2020-08-13,Shasta,089,179085,563,428,3,431,9
2020-08-13,Sierra,091,2930,6,5,0,5,0
2020-08-13,Siskiyou,093,43540,117,95,0,95,0
2020-08-13,Solano,095,438530,5020,4305,28,4333,31
2020-08-13,Sonoma,097,501317,4879,3902,14,3916,45
2020-08-13,Stanislaus,099,539301,13793,11953,165,12118,136
2020-08-13,Sutter,101,95872,1138,992,1,993,8
2020-08-13,Tehama,103,63373,348,302,2,304,1
2020-08-13,Trinity,105,12862,35,6,6,12,0
2020-08-13,Tulare,107,460477,13221,11692,36,11728,210
2020-08-13,Tuolumne,109,53932,170,152,5,157,1
2020-08-13,Ventura,111,848112,10129,9114,49,9163,90
2020-08-13,Yolo,113,214977,2194,1938,4,1942,44
2020-08-13,Yuba,115,75493,699,568,2,570,1
2020-08-12,Alameda,001,1643700,16250,14214,114,14328,215
2020-08-12,Alpine,002,1148,2,2,0,2,0
2020-08-12,Amador,005,37829,256,197,0,197,8
2020-08-12,Butte,007,227075,1505,1317,43,1360,15
2020-08-12,Calaveras,009,45235,188,157,0,157,1
2020-08-12,Colusa,011,21464,421,394,0,394,5
2020-08-12,Contra Costa,013,1133247,12584,10304,39,10343,134
2020-08-12,Del Norte,015,27424,101,74,0,74,0
2020-08-12,El Dorado,017,186661,912,794,7,801,2
2020-08-12,Fresno,019,978130,24902,18690,233,18923,194
2020-08-12,Glenn,021,27897,413,388,0,388,1
2020-08-12,Humboldt,023,135768,325,281,1,282,4
2020-08-12,Imperial,025,180216,10844,8566,7,8573,167
2020-08-12,Inyo,027,18085,127,97,2,99,1
2020-08-12,Kern,029,883053,27861,25191,165,25356,232
2020-08-12,Kings,031,150075,5618,4736,25,4761,50
2020-08-12,Lake,033,64148,283,253,0,253,2
2020-08-12,Lassen,035,31185,710,651,2,653,0
2020-08-12,Los Angeles,037,10098052,223944,214542,807,215349,5119
2020-08-12,Madera,039,155013,3422,2681,17,2698,23
2020-08-12,Marin,041,260295,5835,5423,12,5435,44
2020-08-12,Mariposa,043,17540,69,61,0,61,2
2020-08-12,Mendocino,045,87422,488,386,0,386,9
2020-08-12,Merced,047,269075,7097,5777,4,5781,66
2020-08-12,Modoc,049,8938,7,5,0,5,0
2020-08-12,Mono,051,14174,161,124,3,127,1
2020-08-12,Monterey,053,433212,6870,5919,14,5933,38
2020-08-12,Napa,055,140530,1323,1161,3,1164,10
2020-08-12,Nevada,057,99092,395,357,13,370,1
2020-08-12,Orange,059,3164182,47300,41576,984,42560,754
2020-08-12,Placer,061,380077,2720,2417,4,2421,25
2020-08-12,Plumas,063,18699,38,31,0,31,0
2020-08-12,Riverside,065,2383286,49706,44747,51,44798,867
2020-08-12,Sacramento,067,1510023,15637,12528,14,12542,189
2020-08-12,San Benito,069,59416,856,751,0,751,2
2020-08-12,San Bernardino,071,2135413,45079,38811,225,39036,589
2020-08-12,San Diego,073,3302833,35770,33395,139,33534,608
2020-08-12,San Francisco,075,870044,8498,7194,8,7202,66
2020-08-12,San Joaquin,077,732212,16704,14154,26,14180,253
2020-08-12,San Luis Obispo,079,281455,2689,2263,11,2274,15
2020-08-12,San Mateo,081,765935,7562,6427,7,6434,117
2020-08-12,Santa Barbara,083,443738,7544,7049,64,7113,74
2020-08-12,Santa Clara,085,1922200,15833,13002,33,13035,182
2020-08-12,Santa Cruz,087,273765,1584,1382,10,1392,6
2020-08-12,Shasta,089,179085,559,417,3,420,9
2020-08-12,Sierra,091,2930,5,4,0,4,0
2020-08-12,Siskiyou,093,43540,116,90,0,90,0
2020-08-12,Solano,095,438530,4975,4258,28,4286,31
2020-08-12,Sonoma,097,501317,4805,3847,14,3861,47
2020-08-12,Stanislaus,099,539301,13653,11682,158,11840,136
2020-08-12,Sutter,101,95872,1114,987,1,988,7
2020-08-12,Tehama,103,63373,338,289,2,291,1
2020-08-12,Trinity,105,12862,34,6,6,12,0
2020-08-12,Tulare,107,460477,13093,11460,36,11496,211
2020-08-12,Tuolumne,109,53932,169,150,5,155,1
2020-08-12,Ventura,111,848112,10042,9005,49,9054,87
2020-08-12,Yolo,113,214977,2170,1921,4,1925,44
2020-08-12,Yuba,115,75493,677,549,1,550,1
2020-08-11,Alameda,001,1643700,15989,13960,111,14071,204
2020-08-11,Alpine,002,1148,2,2,0,2,0
2020-08-11,Amador,005,37829,250,187,0,187,3
2020-08-11,Butte,007,227075,1477,1296,43,1339,15
2020-08-11,Calaveras,009,45235,186,161,0,161,1
2020-08-11,Colusa,011,21464,416,390,0,390,5
2020-08-11,Contra Costa,013,1133247,12396,10012,37,10049,131
2020-08-11,Del Norte,015,27424,100,73,0,73,0
2020-08-11,El Dorado,017,186661,905,786,6,792,2
2020-08-11,Fresno,019,978130,24581,18344,230,18574,187
2020-08-11,Glenn,021,27897,411,380,0,380,1
2020-08-11,Humboldt,023,135768,320,283,1,284,4
2020-08-11,Imperial,025,180216,10789,8518,7,8525,165
2020-08-11,Inyo,027,18085,122,97,2,99,1
2020-08-11,Kern,029,883053,27526,25042,163,25205,230
2020-08-11,Kings,031,150075,5427,4696,25,4721,50
2020-08-11,Lake,033,64148,280,243,0,243,2
2020-08-11,Lassen,035,31185,704,605,2,607,0
2020-08-11,Los Angeles,037,10098052,222444,212421,784,213205,5065
2020-08-11,Madera,039,155013,3368,2673,17,2690,22
2020-08-11,Marin,041,260295,5808,5287,11,5298,44
2020-08-11,Mariposa,043,17540,68,60,0,60,2
2020-08-11,Mendocino,045,87422,478,385,0,385,9
2020-08-11,Merced,047,269075,7008,5322,2,5324,65
2020-08-11,Modoc,049,8938,7,5,0,5,0
2020-08-11,Mono,051,14174,161,124,3,127,1
2020-08-11,Monterey,053,433212,6761,5624,14,5638,36
2020-08-11,Napa,055,140530,1312,1143,2,1145,11
2020-08-11,Nevada,057,99092,392,358,13,371,1
2020-08-11,Orange,059,3164182,47080,41205,963,42168,742
2020-08-11,Placer,061,380077,2688,2393,4,2397,24
2020-08-11,Plumas,063,18699,38,31,0,31,0
2020-08-11,Riverside,065,2383286,49349,44237,51,44288,836
2020-08-11,Sacramento,067,1510023,15346,12298,14,12312,182
2020-08-11,San Benito,069,59416,844,750,0,750,2
2020-08-11,San Bernardino,071,2135413,44739,38467,218,38685,584
2020-08-11,San Diego,073,3302833,35503,33159,120,33279,602
2020-08-11,San Francisco,075,870044,8402,6988,8,6996,66
2020-08-11,San Joaquin,077,732212,16526,13997,21,14018,251
2020-08-11,San Luis Obispo,079,281455,2632,2234,11,2245,15
2020-08-11,San Mateo,081,765935,7488,6339,7,6346,117
2020-08-11,Santa Barbara,083,443738,7495,6942,64,7006,70
2020-08-11,Santa Clara,085,1922200,15612,12920,33,12953,183
2020-08-11,Santa Cruz,087,273765,1561,1352,10,1362,4
2020-08-11,Shasta,089,179085,555,416,3,419,9
2020-08-11,Sierra,091,2930,5,4,0,4,0
2020-08-11,Siskiyou,093,43540,116,90,0,90,0
2020-08-11,Solano,095,438530,4927,4206,27,4233,31
2020-08-11,Sonoma,097,501317,4710,3752,14,3766,45
2020-08-11,Stanislaus,099,539301,13549,11592,146,11738,128
2020-08-11,Sutter,101,95872,1092,964,1,965,7
2020-08-11,Tehama,103,63373,334,289,2,291,1
2020-08-11,Trinity,105,12862,34,5,6,11,0
2020-08-11,Tulare,107,460477,12968,11392,35,11427,201
2020-08-11,Tuolumne,109,53932,165,146,5,151,1
2020-08-11,Ventura,111,848112,9974,8953,48,9001,88
2020-08-11,Yolo,113,214977,2148,1912,4,1916,44
2020-08-11,Yuba,115,75493,666,540,1,541,1
2020-08-10,Alameda,001,1643700,15749,13420,109,13529,203
2020-08-10,Alpine,002,1148,2,2,0,2,0
2020-08-10,Amador,005,37829,249,172,0,172,2
2020-08-10,Butte,007,227075,1453,1174,41,1215,15
2020-08-10,Calaveras,009,45235,175,121,0,121,1
2020-08-10,Colusa,011,21464,414,387,0,387,4
2020-08-10,Contra Costa,013,1133247,12242,9454,35,9489,130
2020-08-10,Del Norte,015,27424,98,69,0,69,0
2020-08-10,El Dorado,017,186661,893,771,6,777,2
2020-08-10,Fresno,019,978130,24300,17978,230,18208,183
2020-08-10,Glenn,021,27897,408,381,0,381,1
2020-08-10,Humboldt,023,135768,314,277,1,278,4
2020-08-10,Imperial,025,180216,10745,8465,7,8472,165
2020-08-10,Inyo,027,18085,122,97,2,99,1
2020-08-10,Kern,029,883053,27300,24499,162,24661,215
2020-08-10,Kings,031,150075,5321,4588,25,4613,50
2020-08-10,Lake,033,64148,273,239,0,239,2
2020-08-10,Lassen,035,31185,704,588,2,590,0
2020-08-10,Los Angeles,037,10098052,220866,211035,766,211801,5003
2020-08-10,Madera,039,155013,3335,2365,17,2382,22
2020-08-10,Marin,041,260295,5763,5242,10,5252,44
2020-08-10,Mariposa,043,17540,68,57,0,57,2
2020-08-10,Mendocino,045,87422,454,364,0,364,1
2020-08-10,Merced,047,269075,6931,4913,2,4915,51
2020-08-10,Modoc,049,8938,7,5,0,5,0
2020-08-10,Mono,051,14174,161,123,3,126,1
2020-08-10,Monterey,053,433212,6651,5358,14,5372,34
2020-08-10,Napa,055,140530,1294,1084,2,1086,8
2020-08-10,Nevada,057,99092,384,356,13,369,1
2020-08-10,Orange,059,3164182,46810,40445,945,41390,721
2020-08-10,Placer,061,380077,2649,2298,4,2302,21
2020-08-10,Plumas,063,18699,38,27,0,27,0
2020-08-10,Riverside,065,2383286,48964,43296,50,43346,830
2020-08-10,Sacramento,067,1510023,15035,12059,14,12073,168
2020-08-10,San Benito,069,59416,831,743,0,743,2
2020-08-10,San Bernardino,071,2135413,44363,37367,209,37576,579
2020-08-10,San Diego,073,3302833,35237,32977,104,33081,594
2020-08-10,San Francisco,075,870044,8312,6816,7,6823,66
2020-08-10,San Joaquin,077,732212,16342,13308,21,13329,240
2020-08-10,San Luis Obispo,079,281455,2533,2208,11,2219,15
2020-08-10,San Mateo,081,765935,7411,6222,7,6229,117
2020-08-10,Santa Barbara,083,443738,7440,6869,64,6933,66
2020-08-10,Santa Clara,085,1922200,15352,12615,32,12647,182
2020-08-10,Santa Cruz,087,273765,1541,1239,9,1248,4
2020-08-10,Shasta,089,179085,551,384,3,387,9
2020-08-10,Sierra,091,2930,5,3,0,3,0
2020-08-10,Siskiyou,093,43540,113,88,0,88,0
2020-08-10,Solano,095,438530,4867,4101,27,4128,31
2020-08-10,Sonoma,097,501317,4539,3640,10,3650,42
2020-08-10,Stanislaus,099,539301,13366,10855,130,10985,106
2020-08-10,Sutter,101,95872,1067,865,1,866,7
2020-08-10,Tehama,103,63373,327,282,2,284,1
2020-08-10,Trinity,105,12862,31,5,6,11,0
2020-08-10,Tulare,107,460477,12795,10750,33,10783,194
2020-08-10,Tuolumne,109,53932,165,143,4,147,1
2020-08-10,Ventura,111,848112,9890,8851,47,8898,85
2020-08-10,Yolo,113,214977,2125,1840,4,1844,45
2020-08-10,Yuba,115,75493,649,527,1,528,1
2020-08-09,Alameda,001,1643700,15468,13241,107,13348,203
2020-08-09,Alpine,002,1148,2,2,0,2,0
2020-08-09,Amador,005,37829,244,153,0,153,2
2020-08-09,Butte,007,227075,1410,1155,41,1196,15
2020-08-09,Calaveras,009,45235,170,122,0,122,1
2020-08-09,Colusa,011,21464,410,371,0,371,4
2020-08-09,Contra Costa,013,1133247,12014,9214,34,9248,130
2020-08-09,Del Norte,015,27424,98,69,0,69,0
2020-08-09,El Dorado,017,186661,885,748,6,754,2
2020-08-09,Fresno,019,978130,23990,17846,226,18072,183
2020-08-09,Glenn,021,27897,406,354,0,354,1
2020-08-09,Humboldt,023,135768,308,279,1,280,4
2020-08-09,Imperial,025,180216,10702,8310,6,8316,165
2020-08-09,Inyo,027,18085,117,86,1,87,1
2020-08-09,Kern,029,883053,27044,23680,162,23842,215
2020-08-09,Kings,031,150075,5278,4446,24,4470,50
2020-08-09,Lake,033,64148,266,225,0,225,2
2020-08-09,Lassen,035,31185,698,589,2,591,0
2020-08-09,Los Angeles,037,10098052,218805,208810,744,209554,4984
2020-08-09,Madera,039,155013,3277,2322,13,2335,22
2020-08-09,Marin,041,260295,5720,5204,10,5214,44
2020-08-09,Mariposa,043,17540,66,56,0,56,2
2020-08-09,Mendocino,045,87422,444,283,0,283,1
2020-08-09,Merced,047,269075,6835,4735,1,4736,51
2020-08-09,Modoc,049,8938,7,4,0,4,0
2020-08-09,Mono,051,14174,160,113,3,116,1
2020-08-09,Monterey,053,433212,6527,5199,14,5213,34
2020-08-09,Napa,055,140530,1275,1062,2,1064,8
2020-08-09,Nevada,057,99092,376,332,13,345,1
2020-08-09,Orange,059,3164182,46511,39244,930,40174,722
2020-08-09,Placer,061,380077,2620,2211,4,2215,20
2020-08-09,Plumas,063,18699,38,27,0,27,0
2020-08-09,Riverside,065,2383286,48617,41894,50,41944,828
2020-08-09,Sacramento,067,1510023,14756,11301,14,11315,167
2020-08-09,San Benito,069,59416,812,687,0,687,2
2020-08-09,San Bernardino,071,2135413,43886,36092,209,36301,579
2020-08-09,San Diego,073,3302833,34946,32749,93,32842,594
2020-08-09,San Francisco,075,870044,8197,6820,7,6827,66
2020-08-09,San Joaquin,077,732212,16137,12933,20,12953,240
2020-08-09,San Luis Obispo,079,281455,2497,2124,11,2135,15
2020-08-09,San Mateo,081,765935,7316,6094,7,6101,117
2020-08-09,Santa Barbara,083,443738,7352,6669,64,6733,66
2020-08-09,Santa Clara,085,1922200,15082,11878,32,11910,181
2020-08-09,Santa Cruz,087,273765,1517,1246,9,1255,4
2020-08-09,Shasta,089,179085,547,361,3,364,9
2020-08-09,Sierra,091,2930,5,3,0,3,0
2020-08-09,Siskiyou,093,43540,112,74,0,74,0
2020-08-09,Solano,095,438530,4814,3954,26,3980,31
2020-08-09,Sonoma,097,501317,4403,3531,8,3539,41
2020-08-09,Stanislaus,099,539301,13158,10264,117,10381,106
2020-08-09,Sutter,101,95872,1033,857,1,858,7
2020-08-09,Tehama,103,63373,319,265,2,267,1
2020-08-09,Trinity,105,12862,31,5,6,11,0
2020-08-09,Tulare,107,460477,12605,10630,30,10660,194
2020-08-09,Tuolumne,109,53932,161,143,4,147,1
2020-08-09,Ventura,111,848112,9742,8633,46,8679,85
2020-08-09,Yolo,113,214977,2094,1765,4,1769,44
2020-08-09,Yuba,115,75493,629,442,1,443,1
2020-08-08,Alameda,001,1643700,15358,13087,107,13194,204
2020-08-08,Alpine,002,1148,2,2,0,2,0
2020-08-08,Amador,005,37829,244,139,0,139,2
2020-08-08,Butte,007,227075,1392,1140,41,1181,15
2020-08-08,Calaveras,009,45235,169,122,0,122,1
2020-08-08,Colusa,011,21464,409,368,0,368,4
2020-08-08,Contra Costa,013,1133247,11905,9104,34,9138,129
2020-08-08,Del Norte,015,27424,97,69,0,69,0
2020-08-08,El Dorado,017,186661,878,734,6,740,2
2020-08-08,Fresno,019,978130,23852,17538,224,17762,183
2020-08-08,Glenn,021,27897,406,344,0,344,1
2020-08-08,Humboldt,023,135768,305,277,1,278,4
2020-08-08,Imperial,025,180216,10687,8213,6,8219,165
2020-08-08,Inyo,027,18085,113,86,1,87,1
2020-08-08,Kern,029,883053,26930,22803,162,22965,215
2020-08-08,Kings,031,150075,5264,4367,24,4391,49
2020-08-08,Lake,033,64148,264,221,0,221,2
2020-08-08,Lassen,035,31185,698,589,2,591,0
2020-08-08,Los Angeles,037,10098052,217922,206971,733,207704,4974
2020-08-08,Madera,039,155013,3246,2275,13,2288,22
2020-08-08,Marin,041,260295,5700,5118,10,5128,44
2020-08-08,Mariposa,043,17540,65,55,0,55,2
2020-08-08,Mendocino,045,87422,442,264,0,264,1
2020-08-08,Merced,047,269075,6793,4570,1,4571,51
2020-08-08,Modoc,049,8938,7,4,0,4,0
2020-08-08,Mono,051,14174,160,113,3,116,1
2020-08-08,Monterey,053,433212,6469,5101,14,5115,33
2020-08-08,Napa,055,140530,1267,1062,2,1064,8
2020-08-08,Nevada,057,99092,374,325,13,338,1
2020-08-08,Orange,059,3164182,46382,38688,921,39609,718
2020-08-08,Placer,061,380077,2604,2153,4,2157,20
2020-08-08,Plumas,063,18699,38,27,0,27,0
2020-08-08,Riverside,065,2383286,48412,41412,50,41462,823
2020-08-08,Sacramento,067,1510023,14626,11144,14,11158,166
2020-08-08,San Benito,069,59416,804,684,0,684,2
2020-08-08,San Bernardino,071,2135413,43692,35691,208,35899,531
2020-08-08,San Diego,073,3302833,34757,32332,84,32416,593
2020-08-08,San Francisco,075,870044,8131,6820,7,6827,66
2020-08-08,San Joaquin,077,732212,16057,12559,19,12578,240
2020-08-08,San Luis Obispo,079,281455,2474,2081,11,2092,15
2020-08-08,San Mateo,081,765935,7258,6021,7,6028,117
2020-08-08,Santa Barbara,083,443738,7314,6598,64,6662,66
2020-08-08,Santa Clara,085,1922200,14930,11615,32,11647,181
2020-08-08,Santa Cruz,087,273765,1503,1247,9,1256,4
2020-08-08,Shasta,089,179085,545,343,3,346,9
2020-08-08,Sierra,091,2930,5,3,0,3,0
2020-08-08,Siskiyou,093,43540,112,73,0,73,0
2020-08-08,Solano,095,438530,4793,3889,25,3914,31
2020-08-08,Sonoma,097,501317,4372,3399,8,3407,41
2020-08-08,Stanislaus,099,539301,13083,9963,112,10075,105
2020-08-08,Sutter,101,95872,1023,830,1,831,7
2020-08-08,Tehama,103,63373,318,251,2,253,1
2020-08-08,Trinity,105,12862,31,5,6,11,0
2020-08-08,Tulare,107,460477,12530,10505,30,10535,192
2020-08-08,Tuolumne,109,53932,161,143,4,147,1
2020-08-08,Ventura,111,848112,9687,8462,45,8507,85
2020-08-08,Yolo,113,214977,2081,1725,4,1729,44
2020-08-08,Yuba,115,75493,620,430,1,431,1
2020-08-07,Alameda,001,1643700,15248,12805,107,12912,204
2020-08-07,Alpine,002,1148,2,2,0,2,0
2020-08-07,Amador,005,37829,242,125,0,125,2
2020-08-07,Butte,007,227075,1374,1092,41,1133,13
2020-08-07,Calaveras,009,45235,169,119,0,119,1
2020-08-07,Colusa,011,21464,408,358,0,358,4
2020-08-07,Contra Costa,013,1133247,11757,8810,34,8844,126
2020-08-07,Del Norte,015,27424,97,69,0,69,0
2020-08-07,El Dorado,017,186661,873,724,6,730,2
2020-08-07,Fresno,019,978130,23692,17290,224,17514,171
2020-08-07,Glenn,021,27897,405,339,0,339,1
2020-08-07,Humboldt,023,135768,301,274,1,275,4
2020-08-07,Imperial,025,180216,10662,8085,6,8091,164
2020-08-07,Inyo,027,18085,112,81,1,82,1
2020-08-07,Kern,029,883053,26804,22143,160,22303,206
2020-08-07,Kings,031,150075,5247,4315,24,4339,48
2020-08-07,Lake,033,64148,262,215,0,215,1
2020-08-07,Lassen,035,31185,697,588,2,590,0
2020-08-07,Los Angeles,037,10098052,216455,204406,722,205128,4924
2020-08-07,Madera,039,155013,3214,2245,13,2258,20
2020-08-07,Marin,041,260295,5671,5094,10,5104,43
2020-08-07,Mariposa,043,17540,65,53,0,53,2
2020-08-07,Mendocino,045,87422,428,262,0,262,1
2020-08-07,Merced,047,269075,6750,4358,1,4359,30
2020-08-07,Modoc,049,8938,7,4,0,4,0
2020-08-07,Mono,051,14174,160,112,3,115,1
2020-08-07,Monterey,053,433212,6394,5041,14,5055,33
2020-08-07,Napa,055,140530,1262,1055,2,1057,8
2020-08-07,Nevada,057,99092,371,324,13,337,1
2020-08-07,Orange,059,3164182,46170,38459,904,39363,701
2020-08-07,Placer,061,380077,2586,2078,4,2082,20
2020-08-07,Plumas,063,18699,38,25,0,25,0
2020-08-07,Riverside,065,2383286,48148,40902,49,40951,810
2020-08-07,Sacramento,067,1510023,14481,10798,14,10812,160
2020-08-07,San Benito,069,59416,798,647,0,647,2
2020-08-07,San Bernardino,071,2135413,43445,35200,207,35407,524
2020-08-07,San Diego,073,3302833,34572,31781,81,31862,586
2020-08-07,San Francisco,075,870044,8053,6765,7,6772,66
2020-08-07,San Joaquin,077,732212,15970,12392,19,12411,223
2020-08-07,San Luis Obispo,079,281455,2443,2050,11,2061,14
2020-08-07,San Mateo,081,765935,7198,5948,7,5955,117
2020-08-07,Santa Barbara,083,443738,7263,6509,64,6573,66
2020-08-07,Santa Clara,085,1922200,14731,11409,32,11441,180
2020-08-07,Santa Cruz,087,273765,1485,1234,9,1243,5
2020-08-07,Shasta,089,179085,540,342,3,345,9
2020-08-07,Sierra,091,2930,5,3,0,3,0
2020-08-07,Siskiyou,093,43540,109,73,0,73,0
2020-08-07,Solano,095,438530,4761,3844,24,3868,31
2020-08-07,Sonoma,097,501317,4306,3329,8,3337,34
2020-08-07,Stanislaus,099,539301,12961,9665,102,9767,98
2020-08-07,Sutter,101,95872,1019,807,1,808,6
2020-08-07,Tehama,103,63373,314,246,2,248,1
2020-08-07,Trinity,105,12862,30,5,6,11,0
2020-08-07,Tulare,107,460477,12453,10292,30,10322,195
2020-08-07,Tuolumne,109,53932,160,136,4,140,1
2020-08-07,Ventura,111,848112,9627,8356,43,8399,84
2020-08-07,Yolo,113,214977,2054,1689,4,1693,37
2020-08-07,Yuba,115,75493,615,413,1,414,1
2020-08-06,Alameda,001,1643700,15026,12474,106,12580,200
2020-08-06,Alpine,002,1148,2,2,0,2,0
2020-08-06,Amador,005,37829,228,125,0,125,0
2020-08-06,Butte,007,227075,1355,1060,41,1101,13
2020-08-06,Calaveras,009,45235,167,117,0,117,1
2020-08-06,Colusa,011,21464,405,358,0,358,3
2020-08-06,Contra Costa,013,1133247,11563,8583,33,8616,124
2020-08-06,Del Norte,015,27424,97,69,0,69,0
2020-08-06,El Dorado,017,186661,862,703,6,709,1
2020-08-06,Fresno,019,978130,23396,17031,217,17248,161
2020-08-06,Glenn,021,27897,400,332,0,332,1
2020-08-06,Humboldt,023,135768,296,266,1,267,4
2020-08-06,Imperial,025,180216,10619,8064,6,8070,163
2020-08-06,Inyo,027,18085,104,83,1,84,1
2020-08-06,Kern,029,883053,26568,21843,159,22002,197
2020-08-06,Kings,031,150075,5185,4264,23,4287,47
2020-08-06,Lake,033,64148,259,209,0,209,1
2020-08-06,Lassen,035,31185,695,588,2,590,0
2020-08-06,Los Angeles,037,10098052,214382,201372,706,202078,4874
2020-08-06,Madera,039,155013,3166,2240,12,2252,19
2020-08-06,Marin,041,260295,5639,5058,10,5068,43
2020-08-06,Mariposa,043,17540,64,52,0,52,2
2020-08-06,Mendocino,045,87422,414,260,0,260,1
2020-08-06,Merced,047,269075,6649,4235,1,4236,30
2020-08-06,Modoc,049,8938,7,4,0,4,0
2020-08-06,Mono,051,14174,159,111,3,114,1
2020-08-06,Monterey,053,433212,6285,5001,13,5014,33
2020-08-06,Napa,055,140530,1248,1032,2,1034,8
2020-08-06,Nevada,057,99092,366,321,13,334,1
2020-08-06,Orange,059,3164182,45878,38399,899,39298,694
2020-08-06,Placer,061,380077,2560,2045,4,2049,20
2020-08-06,Plumas,063,18699,37,25,0,25,0
2020-08-06,Riverside,065,2383286,47754,40269,49,40318,781
2020-08-06,Sacramento,067,1510023,14253,10548,14,10562,153
2020-08-06,San Benito,069,59416,790,626,0,626,2
2020-08-06,San Bernardino,071,2135413,43040,34819,205,35024,516
2020-08-06,San Diego,073,3302833,34305,31129,74,31203,583
2020-08-06,San Francisco,075,870044,7960,6737,6,6743,60
2020-08-06,San Joaquin,077,732212,15811,12269,19,12288,203
2020-08-06,San Luis Obispo,079,281455,2419,2000,10,2010,13
2020-08-06,San Mateo,081,765935,7098,5885,7,5892,117
2020-08-06,Santa Barbara,083,443738,7203,6620,64,6684,65
2020-08-06,Santa Clara,085,1922200,14502,11280,32,11312,178
2020-08-06,Santa Cruz,087,273765,1464,1215,9,1224,4
2020-08-06,Shasta,089,179085,531,343,3,346,9
2020-08-06,Sierra,091,2930,5,3,0,3,0
2020-08-06,Siskiyou,093,43540,109,73,0,73,0
2020-08-06,Solano,095,438530,4717,3784,24,3808,29
2020-08-06,Sonoma,097,501317,4242,3259,8,3267,33
2020-08-06,Stanislaus,099,539301,12811,9566,86,9652,98
2020-08-06,Sutter,101,95872,988,797,1,798,6
2020-08-06,Tehama,103,63373,311,242,2,244,1
2020-08-06,Trinity,105,12862,27,5,6,11,0
2020-08-06,Tulare,107,460477,12293,10169,30,10199,195
2020-08-06,Tuolumne,109,53932,159,136,4,140,1
2020-08-06,Ventura,111,848112,9512,8245,40,8285,80
2020-08-06,Yolo,113,214977,2030,1662,4,1666,36
2020-08-06,Yuba,115,75493,606,407,0,407,1
2020-08-05,Alameda,001,1643700,14810,12140,106,12246,193
2020-08-05,Alpine,002,1148,2,2,0,2,0
2020-08-05,Amador,005,37829,218,123,0,123,0
2020-08-05,Butte,007,227075,1322,1038,39,1077,13
2020-08-05,Calaveras,009,45235,164,116,0,116,1
2020-08-05,Colusa,011,21464,401,354,0,354,3
2020-08-05,Contra Costa,013,1133247,11394,8362,33,8395,122
2020-08-05,Del Norte,015,27424,96,69,0,69,0
2020-08-05,El Dorado,017,186661,854,692,6,698,1
2020-08-05,Fresno,019,978130,23152,16625,212,16837,159
2020-08-05,Glenn,021,27897,397,330,0,330,1
2020-08-05,Humboldt,023,135768,294,249,1,250,4
2020-08-05,Imperial,025,180216,10584,8036,6,8042,163
2020-08-05,Inyo,027,18085,102,62,1,63,1
2020-08-05,Kern,029,883053,26380,21540,154,21694,194
2020-08-05,Kings,031,150075,5140,4192,22,4214,47
2020-08-05,Lake,033,64148,252,209,0,209,1
2020-08-05,Lassen,035,31185,648,557,2,559,0
2020-08-05,Los Angeles,037,10098052,212461,198355,686,199041,4832
2020-08-05,Madera,039,155013,3124,2172,12,2184,19
2020-08-05,Marin,041,260295,5607,5036,10,5046,43
2020-08-05,Mariposa,043,17540,64,52,0,52,2
2020-08-05,Mendocino,045,87422,402,248,0,248,1
2020-08-05,Merced,047,269075,6516,4119,1,4120,30
2020-08-05,Modoc,049,8938,7,3,0,3,0
2020-08-05,Mono,051,14174,159,104,3,107,1
2020-08-05,Monterey,053,433212,6170,4936,13,4949,32
2020-08-05,Napa,055,140530,1236,1020,2,1022,8
2020-08-05,Nevada,057,99092,357,327,13,340,2
2020-08-05,Orange,059,3164182,45569,37907,891,38798,663
2020-08-05,Placer,061,380077,2519,1989,4,1993,18
2020-08-05,Plumas,063,18699,36,25,0,25,0
2020-08-05,Riverside,065,2383286,47360,39454,47,39501,761
2020-08-05,Sacramento,067,1510023,14035,10261,13,10274,151
2020-08-05,San Benito,069,59416,781,613,0,613,2
2020-08-05,San Bernardino,071,2135413,42578,34442,200,34642,504
2020-08-05,San Diego,073,3302833,34081,30866,58,30924,578
2020-08-05,San Francisco,075,870044,7867,6701,6,6707,60
2020-08-05,San Joaquin,077,732212,15650,12148,19,12167,199
2020-08-05,San Luis Obispo,079,281455,2395,1928,10,1938,13
2020-08-05,San Mateo,081,765935,7003,5695,7,5702,116
2020-08-05,Santa Barbara,083,443738,7143,6597,64,6661,63
2020-08-05,Santa Clara,085,1922200,14268,11074,32,11106,176
2020-08-05,Santa Cruz,087,273765,1444,1192,7,1199,4
2020-08-05,Shasta,089,179085,525,338,3,341,9
2020-08-05,Sierra,091,2930,5,3,0,3,0
2020-08-05,Siskiyou,093,43540,105,72,0,72,0
2020-08-05,Solano,095,438530,4666,3750,23,3773,29
2020-08-05,Sonoma,097,501317,4159,3173,8,3181,33
2020-08-05,Stanislaus,099,539301,12652,9408,81,9489,97
2020-08-05,Sutter,101,95872,977,780,1,781,6
2020-08-05,Tehama,103,63373,308,231,2,233,1
2020-08-05,Trinity,105,12862,27,5,6,11,0
2020-08-05,Tulare,107,460477,12152,9924,30,9954,192
2020-08-05,Tuolumne,109,53932,159,137,4,141,0
2020-08-05,Ventura,111,848112,9396,8162,36,8198,75
2020-08-05,Yolo,113,214977,2002,1634,4,1638,36
2020-08-05,Yuba,115,75493,589,400,0,400,1
2020-08-04,Alameda,001,1643700,14593,11983,105,12088,192
2020-08-04,Alpine,002,1148,2,2,0,2,0
2020-08-04,Amador,005,37829,203,123,0,123,0
2020-08-04,Butte,007,227075,1298,1011,38,1049,10
2020-08-04,Calaveras,009,45235,160,116,0,116,1
2020-08-04,Colusa,011,21464,396,354,0,354,3
2020-08-04,Contra Costa,013,1133247,11227,8210,33,8243,122
2020-08-04,Del Norte,015,27424,94,69,0,69,0
2020-08-04,El Dorado,017,186661,844,668,6,674,1
2020-08-04,Fresno,019,978130,22866,16272,205,16477,154
2020-08-04,Glenn,021,27897,396,325,0,325,1
2020-08-04,Humboldt,023,135768,284,241,1,242,4
2020-08-04,Imperial,025,180216,10547,7974,6,7980,163
2020-08-04,Inyo,027,18085,88,59,1,60,1
2020-08-04,Kern,029,883053,26097,21403,154,21557,190
2020-08-04,Kings,031,150075,5075,4163,22,4185,47
2020-08-04,Lake,033,64148,252,206,0,206,1
2020-08-04,Lassen,035,31185,645,556,2,558,0
2020-08-04,Los Angeles,037,10098052,210520,196014,660,196674,4764
2020-08-04,Madera,039,155013,3081,2161,8,2169,19
2020-08-04,Marin,041,260295,5576,5020,9,5029,43
2020-08-04,Mariposa,043,17540,64,51,0,51,2
2020-08-04,Mendocino,045,87422,377,248,0,248,1
2020-08-04,Merced,047,269075,6407,4085,1,4086,30
2020-08-04,Modoc,049,8938,7,3,0,3,0
2020-08-04,Mono,051,14174,158,104,2,106,1
2020-08-04,Monterey,053,433212,6056,4892,13,4905,32
2020-08-04,Napa,055,140530,1223,994,0,994,8
2020-08-04,Nevada,057,99092,356,322,13,335,2
2020-08-04,Orange,059,3164182,45193,37844,885,38729,659
2020-08-04,Placer,061,380077,2482,1964,4,1968,17
2020-08-04,Plumas,063,18699,36,25,0,25,0
2020-08-04,Riverside,065,2383286,46973,38991,46,39037,743
2020-08-04,Sacramento,067,1510023,13816,10205,13,10218,146
2020-08-04,San Benito,069,59416,765,608,0,608,2
2020-08-04,San Bernardino,071,2135413,42028,34215,195,34410,495
2020-08-04,San Diego,073,3302833,33788,30518,46,30564,568
2020-08-04,San Francisco,075,870044,7779,6568,6,6574,60
2020-08-04,San Joaquin,077,732212,15522,12087,16,12103,189
2020-08-04,San Luis Obispo,079,281455,2365,1886,10,1896,13
2020-08-04,San Mateo,081,765935,6897,5690,7,5697,116
2020-08-04,Santa Barbara,083,443738,7083,6591,64,6655,61
2020-08-04,Santa Clara,085,1922200,13966,10986,31,11017,175
2020-08-04,Santa Cruz,087,273765,1425,1202,7,1209,4
2020-08-04,Shasta,089,179085,519,335,3,338,9
2020-08-04,Sierra,091,2930,5,1,0,1,0
2020-08-04,Siskiyou,093,43540,103,71,0,71,0
2020-08-04,Solano,095,438530,4595,3690,23,3713,29
2020-08-04,Sonoma,097,501317,4092,3108,8,3116,33
2020-08-04,Stanislaus,099,539301,12483,9359,74,9433,97
2020-08-04,Sutter,101,95872,963,761,1,762,6
2020-08-04,Tehama,103,63373,301,226,2,228,1
2020-08-04,Trinity,105,12862,27,5,6,11,0
2020-08-04,Tulare,107,460477,11972,9866,30,9896,192
2020-08-04,Tuolumne,109,53932,158,127,4,131,0
2020-08-04,Ventura,111,848112,9282,8134,34,8168,75
2020-08-04,Yolo,113,214977,1976,1626,4,1630,37
2020-08-04,Yuba,115,75493,574,398,0,398,1
2020-08-03,Alameda,001,1643700,14413,11817,102,11919,189
2020-08-03,Alpine,002,1148,2,2,0,2,0
2020-08-03,Amador,005,37829,199,119,0,119,0
2020-08-03,Butte,007,227075,1252,989,35,1024,9
2020-08-03,Calaveras,009,45235,157,117,0,117,1
2020-08-03,Colusa,011,21464,392,336,0,336,2
2020-08-03,Contra Costa,013,1133247,11030,8069,30,8099,120
2020-08-03,Del Norte,015,27424,90,68,0,68,0
2020-08-03,El Dorado,017,186661,833,645,6,651,1
2020-08-03,Fresno,019,978130,22572,15945,199,16144,151
2020-08-03,Glenn,021,27897,389,316,0,316,1
2020-08-03,Humboldt,023,135768,277,234,1,235,4
2020-08-03,Imperial,025,180216,10491,7953,6,7959,161
2020-08-03,Inyo,027,18085,85,57,1,58,1
2020-08-03,Kern,029,883053,25731,21285,147,21432,176
2020-08-03,Kings,031,150075,4963,4107,21,4128,47
2020-08-03,Lake,033,64148,245,201,0,201,1
2020-08-03,Lassen,035,31185,645,555,2,557,0
2020-08-03,Los Angeles,037,10098052,208483,194103,632,194735,4706
2020-08-03,Madera,039,155013,3032,2143,7,2150,18
2020-08-03,Marin,041,260295,5529,5001,9,5010,43
2020-08-03,Mariposa,043,17540,63,52,0,52,2
2020-08-03,Mendocino,045,87422,354,248,0,248,1
2020-08-03,Merced,047,269075,6289,4028,1,4029,29
2020-08-03,Modoc,049,8938,7,2,0,2,0
2020-08-03,Mono,051,14174,158,104,2,106,1
2020-08-03,Monterey,053,433212,5905,4806,10,4816,28
2020-08-03,Napa,055,140530,1209,973,0,973,8
2020-08-03,Nevada,057,99092,352,315,13,328,2
2020-08-03,Orange,059,3164182,44799,37705,875,38580,651
2020-08-03,Placer,061,380077,2426,1947,3,1950,16
2020-08-03,Plumas,063,18699,36,25,0,25,0
2020-08-03,Riverside,065,2383286,46505,38642,46,38688,740
2020-08-03,Sacramento,067,1510023,13621,10143,13,10156,142
2020-08-03,San Benito,069,59416,753,603,0,603,2
2020-08-03,San Bernardino,071,2135413,41503,33979,189,34168,444
2020-08-03,San Diego,073,3302833,33474,30228,36,30264,565
2020-08-03,San Francisco,075,870044,7685,6319,6,6325,60
2020-08-03,San Joaquin,077,732212,15325,12007,15,12022,189
2020-08-03,San Luis Obispo,079,281455,2323,1863,8,1871,14
2020-08-03,San Mateo,081,765935,6816,5661,7,5668,115
2020-08-03,Santa Barbara,083,443738,7039,6580,64,6644,59
2020-08-03,Santa Clara,085,1922200,13689,10747,31,10778,172
2020-08-03,Santa Cruz,087,273765,1405,1154,7,1161,4
2020-08-03,Shasta,089,179085,512,322,3,325,9
2020-08-03,Sierra,091,2930,5,1,0,1,0
2020-08-03,Siskiyou,093,43540,99,67,0,67,0
2020-08-03,Solano,095,438530,4526,3610,22,3632,29
2020-08-03,Sonoma,097,501317,3990,3079,7,3086,33
2020-08-03,Stanislaus,099,539301,12274,9308,66,9374,96
2020-08-03,Sutter,101,95872,939,713,1,714,6
2020-08-03,Tehama,103,63373,293,225,2,227,1
2020-08-03,Trinity,105,12862,27,5,6,11,0
2020-08-03,Tulare,107,460477,11788,9703,30,9733,188
2020-08-03,Tuolumne,109,53932,158,123,4,127,0
2020-08-03,Ventura,111,848112,9191,8084,31,8115,74
2020-08-03,Yolo,113,214977,1941,1598,3,1601,37
2020-08-03,Yuba,115,75493,550,393,0,393,1
2020-08-02,Alameda,001,1643700,14166,11696,90,11786,188
2020-08-02,Alpine,002,1148,2,2,0,2,0
2020-08-02,Amador,005,37829,194,117,0,117,0
2020-08-02,Butte,007,227075,1217,987,34,1021,9
2020-08-02,Calaveras,009,45235,154,116,0,116,1
2020-08-02,Colusa,011,21464,387,335,0,335,2
2020-08-02,Contra Costa,013,1133247,10791,7995,30,8025,118
2020-08-02,Del Norte,015,27424,89,68,0,68,0
2020-08-02,El Dorado,017,186661,823,643,6,649,1
2020-08-02,Fresno,019,978130,22297,15759,193,15952,151
2020-08-02,Glenn,021,27897,388,315,0,315,1
2020-08-02,Humboldt,023,135768,272,232,1,233,4
2020-08-02,Imperial,025,180216,10428,7919,6,7925,157
2020-08-02,Inyo,027,18085,84,45,1,46,1
2020-08-02,Kern,029,883053,25433,21162,145,21307,176
2020-08-02,Kings,031,150075,4901,3964,20,3984,47
2020-08-02,Lake,033,64148,240,201,0,201,1
2020-08-02,Lassen,035,31185,645,555,2,557,0
2020-08-02,Los Angeles,037,10098052,206391,192480,614,193094,4698
2020-08-02,Madera,039,155013,2966,2123,5,2128,18
2020-08-02,Marin,041,260295,5494,4985,9,4994,43
2020-08-02,Mariposa,043,17540,61,52,0,52,2
2020-08-02,Mendocino,045,87422,344,247,0,247,1
2020-08-02,Merced,047,269075,6149,4011,1,4012,29
2020-08-02,Modoc,049,8938,7,2,0,2,0
2020-08-02,Mono,051,14174,151,104,2,106,1
2020-08-02,Monterey,053,433212,5779,4698,10,4708,28
2020-08-02,Napa,055,140530,1195,956,0,956,8
2020-08-02,Nevada,057,99092,349,314,13,327,2
2020-08-02,Orange,059,3164182,44420,37266,864,38130,651
2020-08-02,Placer,061,380077,2387,1920,3,1923,15
2020-08-02,Plumas,063,18699,36,25,0,25,0
2020-08-02,Riverside,065,2383286,46072,38507,45,38552,735
2020-08-02,Sacramento,067,1510023,13342,10099,13,10112,142
2020-08-02,San Benito,069,59416,739,599,0,599,2
2020-08-02,San Bernardino,071,2135413,40901,33643,185,33828,443
2020-08-02,San Diego,073,3302833,33134,29885,27,29912,565
2020-08-02,San Francisco,075,870044,7567,6297,6,6303,60
2020-08-02,San Joaquin,077,732212,15044,11937,13,11950,189
2020-08-02,San Luis Obispo,079,281455,2260,1821,8,1829,14
2020-08-02,San Mateo,081,765935,6701,5618,7,5625,115
2020-08-02,Santa Barbara,083,443738,6949,6532,64,6596,59
2020-08-02,Santa Clara,085,1922200,13469,10577,31,10608,172
2020-08-02,Santa Cruz,087,273765,1385,1162,7,1169,4
2020-08-02,Shasta,089,179085,508,318,3,321,9
2020-08-02,Sierra,091,2930,4,1,0,1,0
2020-08-02,Siskiyou,093,43540,99,65,0,65,0
2020-08-02,Solano,095,438530,4467,3609,22,3631,29
2020-08-02,Sonoma,097,501317,3905,3005,7,3012,33
2020-08-02,Stanislaus,099,539301,12059,9277,61,9338,96
2020-08-02,Sutter,101,95872,904,714,1,715,6
2020-08-02,Tehama,103,63373,287,222,2,224,1
2020-08-02,Trinity,105,12862,27,5,6,11,0
2020-08-02,Tulare,107,460477,11579,9593,30,9623,188
2020-08-02,Tuolumne,109,53932,155,123,4,127,0
2020-08-02,Ventura,111,848112,9044,8014,31,8045,73
2020-08-02,Yolo,113,214977,1916,1588,3,1591,37
2020-08-02,Yuba,115,75493,530,393,0,393,1
2020-08-01,Alameda,001,1643700,14054,11590,90,11680,188
2020-08-01,Alpine,002,1148,2,2,0,2,0
2020-08-01,Amador,005,37829,190,109,0,109,0
2020-08-01,Butte,007,227075,1203,976,34,1010,9
2020-08-01,Calaveras,009,45235,150,116,0,116,1
2020-08-01,Colusa,011,21464,386,327,0,327,2
2020-08-01,Contra Costa,013,1133247,10658,7867,29,7896,116
2020-08-01,Del Norte,015,27424,89,68,0,68,0
2020-08-01,El Dorado,017,186661,820,637,6,643,1
2020-08-01,Fresno,019,978130,22160,15448,193,15641,149
2020-08-01,Glenn,021,27897,387,311,0,311,1
2020-08-01,Humboldt,023,135768,271,232,1,233,4
2020-08-01,Imperial,025,180216,10392,7919,6,7925,156
2020-08-01,Inyo,027,18085,82,45,1,46,1
2020-08-01,Kern,029,883053,25275,20796,141,20937,176
2020-08-01,Kings,031,150075,4875,3948,20,3968,47
2020-08-01,Lake,033,64148,238,194,0,194,1
2020-08-01,Lassen,035,31185,644,555,2,557,0
2020-08-01,Los Angeles,037,10098052,205499,191023,587,191610,4674
2020-08-01,Madera,039,155013,2927,2103,5,2108,18
2020-08-01,Marin,041,260295,5479,4945,9,4954,43
2020-08-01,Mariposa,043,17540,61,50,0,50,2
2020-08-01,Mendocino,045,87422,337,243,0,243,1
2020-08-01,Merced,047,269075,6101,3972,1,3973,29
2020-08-01,Modoc,049,8938,7,2,0,2,0
2020-08-01,Mono,051,14174,150,104,2,106,1
2020-08-01,Monterey,053,433212,5712,4611,9,4620,28
2020-08-01,Napa,055,140530,1186,923,0,923,8
2020-08-01,Nevada,057,99092,345,305,13,318,2
2020-08-01,Orange,059,3164182,44194,36703,858,37561,648
2020-08-01,Placer,061,380077,2353,1891,3,1894,14
2020-08-01,Plumas,063,18699,35,25,0,25,0
2020-08-01,Riverside,065,2383286,45860,38216,43,38259,704
2020-08-01,Sacramento,067,1510023,13191,10044,13,10057,141
2020-08-01,San Benito,069,59416,728,579,0,579,2
2020-08-01,San Bernardino,071,2135413,40665,32947,184,33131,440
2020-08-01,San Diego,073,3302833,32917,29579,19,29598,565
2020-08-01,San Francisco,075,870044,7506,6296,6,6302,60
2020-08-01,San Joaquin,077,732212,14969,11807,12,11819,189
2020-08-01,San Luis Obispo,079,281455,2231,1798,8,1806,13
2020-08-01,San Mateo,081,765935,6647,5520,7,5527,115
2020-08-01,Santa Barbara,083,443738,6909,6465,64,6529,59
2020-08-01,Santa Clara,085,1922200,13318,10281,30,10311,171
2020-08-01,Santa Cruz,087,273765,1369,1164,7,1171,4
2020-08-01,Shasta,089,179085,503,312,3,315,9
2020-08-01,Sierra,091,2930,3,1,0,1,0
2020-08-01,Siskiyou,093,43540,99,64,0,64,0
2020-08-01,Solano,095,438530,4433,3591,21,3612,29
2020-08-01,Sonoma,097,501317,3859,2890,7,2897,29
2020-08-01,Stanislaus,099,539301,11941,9221,54,9275,96
2020-08-01,Sutter,101,95872,900,714,1,715,6
2020-08-01,Tehama,103,63373,284,220,2,222,1
2020-08-01,Trinity,105,12862,27,5,6,11,0
2020-08-01,Tulare,107,460477,11511,9520,30,9550,188
2020-08-01,Tuolumne,109,53932,155,123,4,127,0
2020-08-01,Ventura,111,848112,8998,7819,31,7850,73
2020-08-01,Yolo,113,214977,1906,1557,3,1560,37
2020-08-01,Yuba,115,75493,525,387,0,387,1
2020-07-31,Alameda,001,1643700,13925,11441,90,11531,187
2020-07-31,Alpine,002,1148,2,2,0,2,0
2020-07-31,Amador,005,37829,189,98,0,98,0
2020-07-31,Butte,007,227075,1180,925,34,959,7
2020-07-31,Calaveras,009,45235,150,112,0,112,1
2020-07-31,Colusa,011,21464,376,319,0,319,2
2020-07-31,Contra Costa,013,1133247,10511,7697,28,7725,113
2020-07-31,Del Norte,015,27424,88,68,0,68,0
2020-07-31,El Dorado,017,186661,809,616,6,622,1
2020-07-31,Fresno,019,978130,21940,15083,193,15276,133
2020-07-31,Glenn,021,27897,380,304,0,304,1
2020-07-31,Humboldt,023,135768,264,229,1,230,4
2020-07-31,Imperial,025,180216,10360,7886,5,7891,155
2020-07-31,Inyo,027,18085,72,45,1,46,1
2020-07-31,Kern,029,883053,25034,20061,137,20198,173
2020-07-31,Kings,031,150075,4847,3807,20,3827,45
2020-07-31,Lake,033,64148,237,191,0,191,1
2020-07-31,Lassen,035,31185,639,544,2,546,0
2020-07-31,Los Angeles,037,10098052,203900,188688,574,189262,4628
2020-07-31,Madera,039,155013,2880,2036,5,2041,19
2020-07-31,Marin,041,260295,5435,4885,6,4891,43
2020-07-31,Mariposa,043,17540,61,49,0,49,2
2020-07-31,Mendocino,045,87422,322,232,0,232,1
2020-07-31,Merced,047,269075,6018,3789,1,3790,30
2020-07-31,Modoc,049,8938,6,0,0,0,0
2020-07-31,Mono,051,14174,149,104,2,106,1
2020-07-31,Monterey,053,433212,5620,4493,9,4502,24
2020-07-31,Napa,055,140530,1174,897,0,897,7
2020-07-31,Nevada,057,99092,343,302,13,315,2
2020-07-31,Orange,059,3164182,43894,36196,841,37037,620
2020-07-31,Placer,061,380077,2328,1853,3,1856,14
2020-07-31,Plumas,063,18699,34,25,0,25,0
2020-07-31,Riverside,065,2383286,45470,37612,42,37654,694
2020-07-31,Sacramento,067,1510023,13013,9872,13,9885,132
2020-07-31,San Benito,069,59416,720,567,0,567,2
2020-07-31,San Bernardino,071,2135413,40335,32332,182,32514,434
2020-07-31,San Diego,073,3302833,32683,29050,11,29061,561
2020-07-31,San Francisco,075,870044,7406,6126,6,6132,60
2020-07-31,San Joaquin,077,732212,14829,11561,12,11573,177
2020-07-31,San Luis Obispo,079,281455,2162,1746,8,1754,12
2020-07-31,San Mateo,081,765935,6575,5416,7,5423,115
2020-07-31,Santa Barbara,083,443738,6842,6375,64,6439,58
2020-07-31,Santa Clara,085,1922200,13097,9863,30,9893,171
2020-07-31,Santa Cruz,087,273765,1346,1118,7,1125,4
2020-07-31,Shasta,089,179085,493,305,3,308,9
2020-07-31,Sierra,091,2930,3,1,0,1,0
2020-07-31,Siskiyou,093,43540,97,61,0,61,0
2020-07-31,Solano,095,438530,4385,3510,20,3530,29
2020-07-31,Sonoma,097,501317,3801,2745,7,2752,27
2020-07-31,Stanislaus,099,539301,11835,9061,49,9110,94
2020-07-31,Sutter,101,95872,895,714,1,715,6
2020-07-31,Tehama,103,63373,281,213,2,215,1
2020-07-31,Trinity,105,12862,27,5,6,11,0
2020-07-31,Tulare,107,460477,11390,9365,30,9395,184
2020-07-31,Tuolumne,109,53932,155,120,4,124,0
2020-07-31,Ventura,111,848112,8923,7521,31,7552,71
2020-07-31,Yolo,113,214977,1880,1522,3,1525,38
2020-07-31,Yuba,115,75493,516,369,0,369,1
2020-07-30,Alameda,001,1643700,13720,11303,52,11355,185
2020-07-30,Alpine,002,1148,2,2,0,2,0
2020-07-30,Amador,005,37829,171,97,0,97,0
2020-07-30,Butte,007,227075,1164,915,34,949,7
2020-07-30,Calaveras,009,45235,146,111,0,111,1
2020-07-30,Colusa,011,21464,373,315,0,315,2
2020-07-30,Contra Costa,013,1133247,10327,7615,27,7642,112
2020-07-30,Del Norte,015,27424,88,68,0,68,0
2020-07-30,El Dorado,017,186661,802,608,6,614,1
2020-07-30,Fresno,019,978130,21607,14793,187,14980,133
2020-07-30,Glenn,021,27897,373,297,0,297,1
2020-07-30,Humboldt,023,135768,262,228,1,229,4
2020-07-30,Imperial,025,180216,10301,7849,5,7854,151
2020-07-30,Inyo,027,18085,68,44,1,45,1
2020-07-30,Kern,029,883053,24741,19552,133,19685,171
2020-07-30,Kings,031,150075,4743,3785,20,3805,43
2020-07-30,Lake,033,64148,231,181,0,181,1
2020-07-30,Lassen,035,31185,636,544,2,546,0
2020-07-30,Los Angeles,037,10098052,201872,186177,544,186721,4564
2020-07-30,Madera,039,155013,2810,2007,5,2012,18
2020-07-30,Marin,041,260295,5393,4835,5,4840,39
2020-07-30,Mariposa,043,17540,61,49,0,49,1
2020-07-30,Mendocino,045,87422,315,232,0,232,1
2020-07-30,Merced,047,269075,5852,3695,1,3696,30
2020-07-30,Modoc,049,8938,6,0,0,0,0
2020-07-30,Mono,051,14174,148,104,2,106,1
2020-07-30,Monterey,053,433212,5508,4352,9,4361,24
2020-07-30,Napa,055,140530,1157,874,0,874,7
2020-07-30,Nevada,057,99092,338,292,13,305,2
2020-07-30,Orange,059,3164182,43479,36105,817,36922,607
2020-07-30,Placer,061,380077,2277,1821,3,1824,14
2020-07-30,Plumas,063,18699,33,25,0,25,0
2020-07-30,Riverside,065,2383286,44929,37308,42,37350,685
2020-07-30,Sacramento,067,1510023,12794,9704,13,9717,126
2020-07-30,San Benito,069,59416,707,558,0,558,2
2020-07-30,San Bernardino,071,2135413,39811,32010,182,32192,427
2020-07-30,San Diego,073,3302833,32336,28670,9,28679,558
2020-07-30,San Francisco,075,870044,7305,6107,6,6113,59
2020-07-30,San Joaquin,077,732212,14633,11435,12,11447,161
2020-07-30,San Luis Obispo,079,281455,2126,1703,8,1711,12
2020-07-30,San Mateo,081,765935,6480,5369,7,5376,115
2020-07-30,Santa Barbara,083,443738,6762,6273,64,6337,52
2020-07-30,Santa Clara,085,1922200,12864,9708,29,9737,170
2020-07-30,Santa Cruz,087,273765,1318,1087,7,1094,4
2020-07-30,Shasta,089,179085,489,306,3,309,8
2020-07-30,Sierra,091,2930,3,1,0,1,0
2020-07-30,Siskiyou,093,43540,96,60,0,60,0
2020-07-30,Solano,095,438530,4334,3463,20,3483,29
2020-07-30,Sonoma,097,501317,3730,2684,7,2691,25
2020-07-30,Stanislaus,099,539301,11622,8890,41,8931,94
2020-07-30,Sutter,101,95872,876,698,1,699,6
2020-07-30,Tehama,103,63373,278,208,2,210,1
2020-07-30,Trinity,105,12862,26,4,6,10,0
2020-07-30,Tulare,107,460477,11261,9167,30,9197,177
2020-07-30,Tuolumne,109,53932,154,119,4,123,0
2020-07-30,Ventura,111,848112,8811,7304,29,7333,69
2020-07-30,Yolo,113,214977,1860,1511,3,1514,37
2020-07-30,Yuba,115,75493,503,362,0,362,1
2020-07-29,Alameda,001,1643700,13499,11177,47,11224,180
2020-07-29,Alpine,002,1148,2,2,0,2,0
2020-07-29,Amador,005,37829,163,80,0,80,0
2020-07-29,Butte,007,227075,1138,889,32,921,7
2020-07-29,Calaveras,009,45235,139,107,0,107,1
2020-07-29,Colusa,011,21464,369,302,0,302,2
2020-07-29,Contra Costa,013,1133247,10123,7520,27,7547,108
2020-07-29,Del Norte,015,27424,88,68,0,68,0
2020-07-29,El Dorado,017,186661,792,588,6,594,1
2020-07-29,Fresno,019,978130,21315,14312,187,14499,125
2020-07-29,Glenn,021,27897,366,294,0,294,1
2020-07-29,Humboldt,023,135768,259,221,1,222,4
2020-07-29,Imperial,025,180216,10253,7825,5,7830,147
2020-07-29,Inyo,027,18085,63,44,1,45,1
2020-07-29,Kern,029,883053,24402,19073,130,19203,162
2020-07-29,Kings,031,150075,4695,3755,20,3775,43
2020-07-29,Lake,033,64148,229,179,0,179,1
2020-07-29,Lassen,035,31185,621,513,2,515,0
2020-07-29,Los Angeles,037,10098052,199847,183600,527,184127,4523
2020-07-29,Madera,039,155013,2756,1941,5,1946,18
2020-07-29,Marin,041,260295,5355,4747,5,4752,34
2020-07-29,Mariposa,043,17540,60,47,0,47,1
2020-07-29,Mendocino,045,87422,307,228,0,228,0
2020-07-29,Merced,047,269075,5713,3605,1,3606,25
2020-07-29,Modoc,049,8938,5,0,0,0,0
2020-07-29,Mono,051,14174,145,102,2,104,1
2020-07-29,Monterey,053,433212,5408,4252,9,4261,24
2020-07-29,Napa,055,140530,1129,866,0,866,7
2020-07-29,Nevada,057,99092,334,288,13,301,1
2020-07-29,Orange,059,3164182,43044,35339,806,36145,589
2020-07-29,Placer,061,380077,2245,1798,3,1801,14
2020-07-29,Plumas,063,18699,33,25,0,25,0
2020-07-29,Riverside,065,2383286,44338,36968,42,37010,678
2020-07-29,Sacramento,067,1510023,12548,9538,13,9551,122
2020-07-29,San Benito,069,59416,692,537,0,537,2
2020-07-29,San Bernardino,071,2135413,39322,31168,171,31339,417
2020-07-29,San Diego,073,3302833,32011,28289,8,28297,552
2020-07-29,San Francisco,075,870044,7211,6041,6,6047,56
2020-07-29,San Joaquin,077,732212,14384,11249,9,11258,154
2020-07-29,San Luis Obispo,079,281455,2105,1673,8,1681,11
2020-07-29,San Mateo,081,765935,6392,5305,7,5312,114
2020-07-29,Santa Barbara,083,443738,6695,6215,64,6279,31
2020-07-29,Santa Clara,085,1922200,12658,9567,29,9596,165
2020-07-29,Santa Cruz,087,273765,1294,1051,7,1058,4
2020-07-29,Shasta,089,179085,477,297,3,300,8
2020-07-29,Sierra,091,2930,2,1,0,1,0
2020-07-29,Siskiyou,093,43540,94,58,0,58,0
2020-07-29,Solano,095,438530,4280,3380,20,3400,29
2020-07-29,Sonoma,097,501317,3652,2598,7,2605,26
2020-07-29,Stanislaus,099,539301,11401,8745,35,8780,94
2020-07-29,Sutter,101,95872,848,678,1,679,6
2020-07-29,Tehama,103,63373,274,206,2,208,1
2020-07-29,Trinity,105,12862,26,4,6,10,0
2020-07-29,Tulare,107,460477,11090,9028,30,9058,156
2020-07-29,Tuolumne,109,53932,154,118,4,122,0
2020-07-29,Ventura,111,848112,8706,7161,29,7190,68
2020-07-29,Yolo,113,214977,1834,1488,3,1491,36
2020-07-29,Yuba,115,75493,487,350,0,350,1
2020-07-28,Alameda,001,1643700,13269,10875,46,10921,180
2020-07-28,Alpine,002,1148,2,2,0,2,0
2020-07-28,Amador,005,37829,153,77,0,77,0
2020-07-28,Butte,007,227075,1103,857,32,889,7
2020-07-28,Calaveras,009,45235,138,105,0,105,1
2020-07-28,Colusa,011,21464,363,290,0,290,2
2020-07-28,Contra Costa,013,1133247,9901,7426,27,7453,107
2020-07-28,Del Norte,015,27424,87,68,0,68,0
2020-07-28,El Dorado,017,186661,777,558,6,564,1
2020-07-28,Fresno,019,978130,20980,13933,181,14114,125
2020-07-28,Glenn,021,27897,364,289,0,289,1
2020-07-28,Humboldt,023,135768,258,218,1,219,4
2020-07-28,Imperial,025,180216,10217,7804,5,7809,145
2020-07-28,Inyo,027,18085,61,43,1,44,1
2020-07-28,Kern,029,883053,24039,18834,124,18958,155
2020-07-28,Kings,031,150075,4649,3721,20,3741,41
2020-07-28,Lake,033,64148,225,179,0,179,1
2020-07-28,Lassen,035,31185,615,508,2,510,0
2020-07-28,Los Angeles,037,10098052,197615,179107,506,179613,4435
2020-07-28,Madera,039,155013,2690,1889,5,1894,18
2020-07-28,Marin,041,260295,5286,4698,5,4703,23
2020-07-28,Mariposa,043,17540,58,45,0,45,1
2020-07-28,Mendocino,045,87422,296,222,0,222,0
2020-07-28,Merced,047,269075,5568,3446,1,3447,23
2020-07-28,Modoc,049,8938,4,0,0,0,0
2020-07-28,Mono,051,14174,144,102,2,104,1
2020-07-28,Monterey,053,433212,5288,4047,9,4056,22
2020-07-28,Napa,055,140530,1107,824,0,824,6
2020-07-28,Nevada,057,99092,329,278,13,291,1
2020-07-28,Orange,059,3164182,42586,34832,792,35624,582
2020-07-28,Placer,061,380077,2209,1759,3,1762,14
2020-07-28,Plumas,063,18699,33,22,0,22,0
2020-07-28,Riverside,065,2383286,43737,36458,41,36499,668
2020-07-28,Sacramento,067,1510023,12289,9429,12,9441,117
2020-07-28,San Benito,069,59416,682,503,0,503,2
2020-07-28,San Bernardino,071,2135413,38799,30493,167,30660,412
2020-07-28,San Diego,073,3302833,31661,28007,6,28013,547
2020-07-28,San Francisco,075,870044,7098,5888,6,5894,56
2020-07-28,San Joaquin,077,732212,14102,10958,6,10964,141
2020-07-28,San Luis Obispo,079,281455,2072,1636,8,1644,9
2020-07-28,San Mateo,081,765935,6319,5171,7,5178,114
2020-07-28,Santa Barbara,083,443738,6631,6110,62,6172,31
2020-07-28,Santa Clara,085,1922200,12424,9307,29,9336,165
2020-07-28,Santa Cruz,087,273765,1267,1018,7,1025,4
2020-07-28,Shasta,089,179085,465,275,3,278,8
2020-07-28,Sierra,091,2930,2,1,0,1,0
2020-07-28,Siskiyou,093,43540,90,57,0,57,0
2020-07-28,Solano,095,438530,4233,3292,19,3311,29
2020-07-28,Sonoma,097,501317,3577,2553,7,2560,20
2020-07-28,Stanislaus,099,539301,11179,8492,27,8519,92
2020-07-28,Sutter,101,95872,811,653,0,653,2
2020-07-28,Tehama,103,63373,269,199,2,201,1
2020-07-28,Trinity,105,12862,26,3,6,9,0
2020-07-28,Tulare,107,460477,10903,8787,30,8817,96
2020-07-28,Tuolumne,109,53932,153,116,4,120,0
2020-07-28,Ventura,111,848112,8580,7045,28,7073,68
2020-07-28,Yolo,113,214977,1806,1459,3,1462,36
2020-07-28,Yuba,115,75493,470,333,0,333,1
2020-07-27,Alameda,001,1643700,13041,10645,43,10688,176
2020-07-27,Alpine,002,1148,2,2,0,2,0
2020-07-27,Amador,005,37829,148,72,0,72,0
2020-07-27,Butte,007,227075,1076,843,32,875,7
2020-07-27,Calaveras,009,45235,134,103,0,103,1
2020-07-27,Colusa,011,21464,356,271,0,271,2
2020-07-27,Contra Costa,013,1133247,9678,7256,27,7283,104
2020-07-27,Del Norte,015,27424,86,67,0,67,0
2020-07-27,El Dorado,017,186661,765,548,6,554,1
2020-07-27,Fresno,019,978130,20631,13485,175,13660,117
2020-07-27,Glenn,021,27897,362,277,0,277,1
2020-07-27,Humboldt,023,135768,253,218,1,219,4
2020-07-27,Imperial,025,180216,10167,7789,5,7794,144
2020-07-27,Inyo,027,18085,61,43,1,44,1
2020-07-27,Kern,029,883053,23537,17994,118,18112,148
2020-07-27,Kings,031,150075,4400,3685,20,3705,39
2020-07-27,Lake,033,64148,221,176,0,176,1
2020-07-27,Lassen,035,31185,615,503,2,505,0
2020-07-27,Los Angeles,037,10098052,195189,176351,488,176839,4379
2020-07-27,Madera,039,155013,2625,1793,5,1798,17
2020-07-27,Marin,041,260295,5198,4669,5,4674,22
2020-07-27,Mariposa,043,17540,58,43,0,43,1
2020-07-27,Mendocino,045,87422,282,209,0,209,0
2020-07-27,Merced,047,269075,5426,3292,1,3293,23
2020-07-27,Modoc,049,8938,3,0,0,0,0
2020-07-27,Mono,051,14174,140,99,2,101,1
2020-07-27,Monterey,053,433212,5099,3960,9,3969,21
2020-07-27,Napa,055,140530,1092,769,0,769,6
2020-07-27,Nevada,057,99092,325,268,13,281,1
2020-07-27,Orange,059,3164182,42146,34649,776,35425,566
2020-07-27,Placer,061,380077,2159,1679,3,1682,12
2020-07-27,Plumas,063,18699,33,22,0,22,0
2020-07-27,Riverside,065,2383286,43058,35822,41,35863,667
2020-07-27,Sacramento,067,1510023,11996,9091,12,9103,114
2020-07-27,San Benito,069,59416,667,498,0,498,2
2020-07-27,San Bernardino,071,2135413,38207,29928,157,30085,401
2020-07-27,San Diego,073,3302833,31287,27509,5,27514,533
2020-07-27,San Francisco,075,870044,7011,5825,6,5831,55
2020-07-27,San Joaquin,077,732212,13814,10728,6,10734,129
2020-07-27,San Luis Obispo,079,281455,2026,1612,8,1620,9
2020-07-27,San Mateo,081,765935,6210,5108,7,5115,113
2020-07-27,Santa Barbara,083,443738,6552,6026,60,6086,30
2020-07-27,Santa Clara,085,1922200,12155,9157,28,9185,166
2020-07-27,Santa Cruz,087,273765,1243,984,7,991,4
2020-07-27,Shasta,089,179085,458,275,3,278,8
2020-07-27,Sierra,091,2930,2,1,0,1,0
2020-07-27,Siskiyou,093,43540,88,54,0,54,0
2020-07-27,Solano,095,438530,4166,3198,18,3216,29
2020-07-27,Sonoma,097,501317,3486,2504,7,2511,20
2020-07-27,Stanislaus,099,539301,10954,8288,19,8307,84
2020-07-27,Sutter,101,95872,785,620,0,620,2
2020-07-27,Tehama,103,63373,261,192,2,194,1
2020-07-27,Trinity,105,12862,26,3,6,9,0
2020-07-27,Tulare,107,460477,10685,8462,30,8492,172
2020-07-27,Tuolumne,109,53932,150,115,4,119,0
2020-07-27,Ventura,111,848112,8452,6998,27,7025,68
2020-07-27,Yolo,113,214977,1761,1439,3,1442,33
2020-07-27,Yuba,115,75493,450,328,0,328,1
2020-07-26,Alameda,001,1643700,12802,10489,42,10531,176
2020-07-26,Alpine,002,1148,2,2,0,2,0
2020-07-26,Amador,005,37829,142,67,0,67,0
2020-07-26,Butte,007,227075,1039,822,31,853,5
2020-07-26,Calaveras,009,45235,131,103,0,103,1
2020-07-26,Colusa,011,21464,347,270,0,270,2
2020-07-26,Contra Costa,013,1133247,9440,7095,27,7122,104
2020-07-26,Del Norte,015,27424,84,67,0,67,0
2020-07-26,El Dorado,017,186661,747,539,6,545,1
2020-07-26,Fresno,019,978130,20241,13209,167,13376,117
2020-07-26,Glenn,021,27897,354,265,0,265,1
2020-07-26,Humboldt,023,135768,247,214,1,215,4
2020-07-26,Imperial,025,180216,10095,7781,5,7786,144
2020-07-26,Inyo,027,18085,56,43,1,44,1
2020-07-26,Kern,029,883053,23012,17394,115,17509,148
2020-07-26,Kings,031,150075,4341,3591,20,3611,39
2020-07-26,Lake,033,64148,213,174,0,174,1
2020-07-26,Lassen,035,31185,574,503,2,505,0
2020-07-26,Los Angeles,037,10098052,192622,174322,470,174792,4364
2020-07-26,Madera,039,155013,2538,1744,5,1749,17
2020-07-26,Marin,041,260295,5152,4595,5,4600,22
2020-07-26,Mariposa,043,17540,56,43,0,43,1
2020-07-26,Mendocino,045,87422,273,206,0,206,0
2020-07-26,Merced,047,269075,5245,3251,1,3252,23
2020-07-26,Modoc,049,8938,3,0,0,0,0
2020-07-26,Mono,051,14174,136,82,2,84,1
2020-07-26,Monterey,053,433212,4933,3901,9,3910,21
2020-07-26,Napa,055,140530,1073,769,0,769,6
2020-07-26,Nevada,057,99092,322,261,13,274,1
2020-07-26,Orange,059,3164182,41621,34352,745,35097,564
2020-07-26,Placer,061,380077,2095,1628,3,1631,12
2020-07-26,Plumas,063,18699,33,22,0,22,0
2020-07-26,Riverside,065,2383286,42498,35636,41,35677,665
2020-07-26,Sacramento,067,1510023,11690,8972,12,8984,114
2020-07-26,San Benito,069,59416,655,495,0,495,2
2020-07-26,San Bernardino,071,2135413,37566,29545,149,29694,400
2020-07-26,San Diego,073,3302833,30891,26986,4,26990,533
2020-07-26,San Francisco,075,870044,6905,5823,6,5829,55
2020-07-26,San Joaquin,077,732212,13522,10637,6,10643,129
2020-07-26,San Luis Obispo,079,281455,1984,1565,8,1573,8
2020-07-26,San Mateo,081,765935,6105,5078,7,5085,113
2020-07-26,Santa Barbara,083,443738,6451,5939,60,5999,30
2020-07-26,Santa Clara,085,1922200,11926,8986,28,9014,166
2020-07-26,Santa Cruz,087,273765,1216,970,7,977,4
2020-07-26,Shasta,089,179085,451,265,3,268,8
2020-07-26,Sierra,091,2930,2,1,0,1,0
2020-07-26,Siskiyou,093,43540,86,54,0,54,0
2020-07-26,Solano,095,438530,4087,3197,16,3213,29
2020-07-26,Sonoma,097,501317,3397,2503,6,2509,20
2020-07-26,Stanislaus,099,539301,10691,8228,18,8246,84
2020-07-26,Sutter,101,95872,771,612,0,612,2
2020-07-26,Tehama,103,63373,254,175,2,177,1
2020-07-26,Trinity,105,12862,26,3,6,9,0
2020-07-26,Tulare,107,460477,10479,8392,30,8422,172
2020-07-26,Tuolumne,109,53932,145,113,4,117,0
2020-07-26,Ventura,111,848112,8245,6844,27,6871,67
2020-07-26,Yolo,113,214977,1730,1408,3,1411,33
2020-07-26,Yuba,115,75493,431,313,0,313,1
2020-07-25,Alameda,001,1643700,12705,10361,40,10401,176
2020-07-25,Alpine,002,1148,2,2,0,2,0
2020-07-25,Amador,005,37829,139,67,0,67,0
2020-07-25,Butte,007,227075,1030,810,31,841,5
2020-07-25,Calaveras,009,45235,128,103,0,103,1
2020-07-25,Colusa,011,21464,340,265,0,265,2
2020-07-25,Contra Costa,013,1133247,9297,6920,27,6947,104
2020-07-25,Del Norte,015,27424,84,67,0,67,0
2020-07-25,El Dorado,017,186661,736,528,6,534,1
2020-07-25,Fresno,019,978130,20054,12866,167,13033,117
2020-07-25,Glenn,021,27897,352,260,0,260,1
2020-07-25,Humboldt,023,135768,244,212,1,213,4
2020-07-25,Imperial,025,180216,10069,7727,5,7732,144
2020-07-25,Inyo,027,18085,55,43,1,44,1
2020-07-25,Kern,029,883053,22794,16910,114,17024,148
2020-07-25,Kings,031,150075,4324,3516,20,3536,39
2020-07-25,Lake,033,64148,211,173,0,173,1
2020-07-25,Lassen,035,31185,574,503,2,505,0
2020-07-25,Los Angeles,037,10098052,191487,172611,464,173075,4357
2020-07-25,Madera,039,155013,2506,1724,5,1729,17
2020-07-25,Marin,041,260295,5136,4562,5,4567,22
2020-07-25,Mariposa,043,17540,55,43,0,43,1
2020-07-25,Mendocino,045,87422,267,190,0,190,0
2020-07-25,Merced,047,269075,5167,3176,1,3177,23
2020-07-25,Modoc,049,8938,3,0,0,0,0
2020-07-25,Mono,051,14174,136,82,2,84,1
2020-07-25,Monterey,053,433212,4856,3805,9,3814,21
2020-07-25,Napa,055,140530,1060,746,0,746,6
2020-07-25,Nevada,057,99092,320,257,13,270,1
2020-07-25,Orange,059,3164182,41402,33978,724,34702,561
2020-07-25,Placer,061,380077,2079,1596,3,1599,12
2020-07-25,Plumas,063,18699,33,22,0,22,0
2020-07-25,Riverside,065,2383286,42229,34921,41,34962,655
2020-07-25,Sacramento,067,1510023,11544,8674,11,8685,113
2020-07-25,San Benito,069,59416,639,492,0,492,2
2020-07-25,San Bernardino,071,2135413,37288,29265,146,29411,394
2020-07-25,San Diego,073,3302833,30630,26703,3,26706,533
2020-07-25,San Francisco,075,870044,6847,5644,6,5650,55
2020-07-25,San Joaquin,077,732212,13396,10347,5,10352,129
2020-07-25,San Luis Obispo,079,281455,1964,1530,7,1537,8
2020-07-25,San Mateo,081,765935,6042,5023,7,5030,113
2020-07-25,Santa Barbara,083,443738,6416,5880,60,5940,30
2020-07-25,Santa Clara,085,1922200,11792,8767,28,8795,166
2020-07-25,Santa Cruz,087,273765,1199,939,7,946,4
2020-07-25,Shasta,089,179085,446,263,1,264,8
2020-07-25,Sierra,091,2930,2,1,0,1,0
2020-07-25,Siskiyou,093,43540,84,54,0,54,0
2020-07-25,Solano,095,438530,4047,3107,14,3121,29
2020-07-25,Sonoma,097,501317,3358,2412,6,2418,20
2020-07-25,Stanislaus,099,539301,10588,7994,14,8008,84
2020-07-25,Sutter,101,95872,752,603,0,603,2
2020-07-25,Tehama,103,63373,253,169,2,171,1
2020-07-25,Trinity,105,12862,26,3,6,9,0
2020-07-25,Tulare,107,460477,10379,8310,30,8340,172
2020-07-25,Tuolumne,109,53932,144,99,4,103,0
2020-07-25,Ventura,111,848112,8172,6662,27,6689,62
2020-07-25,Yolo,113,214977,1714,1357,3,1360,35
2020-07-25,Yuba,115,75493,425,312,0,312,1
2020-07-24,Alameda,001,1643700,12564,10216,37,10253,176
2020-07-24,Alpine,002,1148,2,2,0,2,0
2020-07-24,Amador,005,37829,137,66,0,66,0
2020-07-24,Butte,007,227075,1018,751,31,782,5
2020-07-24,Calaveras,009,45235,124,102,0,102,0
2020-07-24,Colusa,011,21464,337,255,0,255,2
2020-07-24,Contra Costa,013,1133247,9152,6814,27,6841,100
2020-07-24,Del Norte,015,27424,84,66,0,66,0
2020-07-24,El Dorado,017,186661,714,516,6,522,1
2020-07-24,Fresno,019,978130,19829,12564,167,12731,115
2020-07-24,Glenn,021,27897,349,251,0,251,1
2020-07-24,Humboldt,023,135768,241,210,1,211,4
2020-07-24,Imperial,025,180216,10047,7686,5,7691,141
2020-07-24,Inyo,027,18085,55,41,1,42,1
2020-07-24,Kern,029,883053,22553,16124,114,16238,143
2020-07-24,Kings,031,150075,4294,3471,20,3491,39
2020-07-24,Lake,033,64148,209,167,0,167,1
2020-07-24,Lassen,035,31185,574,503,2,505,0
2020-07-24,Los Angeles,037,10098052,189462,169078,453,169531,4302
2020-07-24,Madera,039,155013,2473,1679,5,1684,16
2020-07-24,Marin,041,260295,5109,4517,5,4522,22
2020-07-24,Mariposa,043,17540,55,41,0,41,1
2020-07-24,Mendocino,045,87422,260,188,0,188,0
2020-07-24,Merced,047,269075,5081,3100,1,3101,23
2020-07-24,Modoc,049,8938,3,0,0,0,0
2020-07-24,Mono,051,14174,135,82,2,84,1
2020-07-24,Monterey,053,433212,4784,3748,9,3757,21
2020-07-24,Napa,055,140530,1047,741,0,741,6
2020-07-24,Nevada,057,99092,317,255,13,268,1
2020-07-24,Orange,059,3164182,41115,33530,708,34238,557
2020-07-24,Placer,061,380077,2048,1551,3,1554,12
2020-07-24,Plumas,063,18699,33,22,0,22,0
2020-07-24,Riverside,065,2383286,41805,34513,40,34553,631
2020-07-24,Sacramento,067,1510023,11356,8570,11,8581,110
2020-07-24,San Benito,069,59416,632,485,0,485,2
2020-07-24,San Bernardino,071,2135413,36917,28990,141,29131,386
2020-07-24,San Diego,073,3302833,30330,26100,3,26103,524
2020-07-24,San Francisco,075,870044,6753,5611,6,5617,55
2020-07-24,San Joaquin,077,732212,13247,10190,5,10195,118
2020-07-24,San Luis Obispo,079,281455,1940,1476,7,1483,8
2020-07-24,San Mateo,081,765935,5979,4954,7,4961,112
2020-07-24,Santa Barbara,083,443738,6363,5776,58,5834,30
2020-07-24,Santa Clara,085,1922200,11627,8658,28,8686,165
2020-07-24,Santa Cruz,087,273765,1179,930,7,937,4
2020-07-24,Shasta,089,179085,438,262,1,263,8
2020-07-24,Sierra,091,2930,2,1,0,1,0
2020-07-24,Siskiyou,093,43540,84,53,0,53,0
2020-07-24,Solano,095,438530,4011,3062,11,3073,29
2020-07-24,Sonoma,097,501317,3306,2345,6,2351,20
2020-07-24,Stanislaus,099,539301,10416,7861,12,7873,82
2020-07-24,Sutter,101,95872,741,593,0,593,2
2020-07-24,Tehama,103,63373,245,170,2,172,1
2020-07-24,Trinity,105,12862,25,3,6,9,0
2020-07-24,Tulare,107,460477,10285,8167,28,8195,167
2020-07-24,Tuolumne,109,53932,140,99,4,103,0
2020-07-24,Ventura,111,848112,8087,6553,27,6580,60
2020-07-24,Yolo,113,214977,1700,1329,3,1332,35
2020-07-24,Yuba,115,75493,410,307,0,307,1
2020-07-23,Alameda,001,1643700,12321,9924,37,9961,171
2020-07-23,Alpine,002,1148,2,2,0,2,0
2020-07-23,Amador,005,37829,120,61,0,61,0
2020-07-23,Butte,007,227075,1003,726,30,756,5
2020-07-23,Calaveras,009,45235,117,102,0,102,0
2020-07-23,Colusa,011,21464,329,242,0,242,2
2020-07-23,Contra Costa,013,1133247,8953,6619,25,6644,98
2020-07-23,Del Norte,015,27424,84,66,0,66,0
2020-07-23,El Dorado,017,186661,703,491,6,497,1
2020-07-23,Fresno,019,978130,19471,12164,164,12328,112
2020-07-23,Glenn,021,27897,344,246,0,246,1
2020-07-23,Humboldt,023,135768,240,208,1,209,4
2020-07-23,Imperial,025,180216,9996,7604,5,7609,138
2020-07-23,Inyo,027,18085,53,38,1,39,1
2020-07-23,Kern,029,883053,22146,14491,110,14601,128
2020-07-23,Kings,031,150075,4182,3371,20,3391,39
2020-07-23,Lake,033,64148,200,160,0,160,1
2020-07-23,Lassen,035,31185,571,503,2,505,0
2020-07-23,Los Angeles,037,10098052,186911,167198,427,167625,4265
2020-07-23,Madera,039,155013,2407,1659,4,1663,13
2020-07-23,Marin,041,260295,5057,4423,5,4428,22
2020-07-23,Mariposa,043,17540,55,40,0,40,1
2020-07-23,Mendocino,045,87422,250,178,0,178,0
2020-07-23,Merced,047,269075,4926,2972,1,2973,22
2020-07-23,Modoc,049,8938,3,0,0,0,0
2020-07-23,Mono,051,14174,131,82,2,84,1
2020-07-23,Monterey,053,433212,4667,3655,9,3664,21
2020-07-23,Napa,055,140530,1023,713,0,713,5
2020-07-23,Nevada,057,99092,314,247,13,260,1
2020-07-23,Orange,059,3164182,40619,32863,678,33541,544
2020-07-23,Placer,061,380077,2004,1519,3,1522,12
2020-07-23,Plumas,063,18699,32,21,0,21,0
2020-07-23,Riverside,065,2383286,41200,33833,40,33873,630
2020-07-23,Sacramento,067,1510023,11123,8222,11,8233,108
2020-07-23,San Benito,069,59416,618,478,0,478,2
2020-07-23,San Bernardino,071,2135413,36398,28121,135,28256,369
2020-07-23,San Diego,073,3302833,29956,25109,3,25112,505
2020-07-23,San Francisco,075,870044,6652,5543,6,5549,55
2020-07-23,San Joaquin,077,732212,13028,9861,5,9866,111
2020-07-23,San Luis Obispo,079,281455,1911,1438,7,1445,7
2020-07-23,San Mateo,081,765935,5874,4895,7,4902,113
2020-07-23,Santa Barbara,083,443738,6290,5628,58,5686,30
2020-07-23,Santa Clara,085,1922200,11408,8458,28,8486,165
2020-07-23,Santa Cruz,087,273765,1143,887,7,894,3
2020-07-23,Shasta,089,179085,427,254,1,255,9
2020-07-23,Sierra,091,2930,2,1,0,1,0
2020-07-23,Siskiyou,093,43540,82,53,0,53,0
2020-07-23,Solano,095,438530,3947,2962,9,2971,29
2020-07-23,Sonoma,097,501317,3230,2289,6,2295,18
2020-07-23,Stanislaus,099,539301,10174,7603,12,7615,71
2020-07-23,Sutter,101,95872,708,570,0,570,2
2020-07-23,Tehama,103,63373,239,158,2,160,1
2020-07-23,Trinity,105,12862,24,3,6,9,0
2020-07-23,Tulare,107,460477,10096,7898,28,7926,168
2020-07-23,Tuolumne,109,53932,140,93,4,97,0
2020-07-23,Ventura,111,848112,7963,6303,27,6330,56
2020-07-23,Yolo,113,214977,1682,1279,3,1282,35
2020-07-23,Yuba,115,75493,390,297,0,297,1
2020-07-22,Alameda,001,1643700,12104,9678,36,9714,169
2020-07-22,Alpine,002,1148,2,2,0,2,0
2020-07-22,Amador,005,37829,118,58,0,58,0
2020-07-22,Butte,007,227075,967,694,30,724,5
2020-07-22,Calaveras,009,45235,117,98,0,98,0
2020-07-22,Colusa,011,21464,322,236,0,236,0
2020-07-22,Contra Costa,013,1133247,8727,6401,25,6426,98
2020-07-22,Del Norte,015,27424,84,66,0,66,0
2020-07-22,El Dorado,017,186661,690,466,6,472,1
2020-07-22,Fresno,019,978130,19107,11756,158,11914,110
2020-07-22,Glenn,021,27897,338,236,0,236,1
2020-07-22,Humboldt,023,135768,238,201,1,202,4
2020-07-22,Imperial,025,180216,9937,7533,5,7538,134
2020-07-22,Inyo,027,18085,49,38,1,39,1
2020-07-22,Kern,029,883053,21714,13513,102,13615,127
2020-07-22,Kings,031,150075,4126,3271,20,3291,38
2020-07-22,Lake,033,64148,197,160,0,160,1
2020-07-22,Lassen,035,31185,568,500,2,502,0
2020-07-22,Los Angeles,037,10098052,184260,165242,406,165648,4218
2020-07-22,Madera,039,155013,2332,1578,4,1582,10
2020-07-22,Marin,041,260295,5001,4373,5,4378,23
2020-07-22,Mariposa,043,17540,55,38,0,38,1
2020-07-22,Mendocino,045,87422,243,166,0,166,0
2020-07-22,Merced,047,269075,4799,2828,1,2829,15
2020-07-22,Modoc,049,8938,3,0,0,0,0
2020-07-22,Mono,051,14174,128,82,2,84,1
2020-07-22,Monterey,053,433212,4566,3533,9,3542,20
2020-07-22,Napa,055,140530,1001,687,0,687,5
2020-07-22,Nevada,057,99092,308,239,12,251,1
2020-07-22,Orange,059,3164182,40120,32047,669,32716,522
2020-07-22,Placer,061,380077,1948,1469,3,1472,12
2020-07-22,Plumas,063,18699,31,20,0,20,0
2020-07-22,Riverside,065,2383286,40564,33093,40,33133,612
2020-07-22,Sacramento,067,1510023,10861,8028,11,8039,106
2020-07-22,San Benito,069,59416,604,465,0,465,2
2020-07-22,San Bernardino,071,2135413,35876,26820,124,26944,348
2020-07-22,San Diego,073,3302833,29568,25109,2,25111,505
2020-07-22,San Francisco,075,870044,6548,5473,5,5478,53
2020-07-22,San Joaquin,077,732212,12750,9628,5,9633,102
2020-07-22,San Luis Obispo,079,281455,1865,1373,7,1380,7
2020-07-22,San Mateo,081,765935,5785,4796,7,4803,112
2020-07-22,Santa Barbara,083,443738,6206,5508,56,5564,29
2020-07-22,Santa Clara,085,1922200,11165,8266,28,8294,166
2020-07-22,Santa Cruz,087,273765,1119,866,7,873,3
2020-07-22,Shasta,089,179085,417,246,1,247,9
2020-07-22,Sierra,091,2930,1,1,0,1,0
2020-07-22,Siskiyou,093,43540,81,52,0,52,0
2020-07-22,Solano,095,438530,3886,2839,8,2847,29
2020-07-22,Sonoma,097,501317,3153,2255,6,2261,17
2020-07-22,Stanislaus,099,539301,10003,7401,12,7413,71
2020-07-22,Sutter,101,95872,684,551,0,551,2
2020-07-22,Tehama,103,63373,231,155,2,157,1
2020-07-22,Trinity,105,12862,23,3,6,9,0
2020-07-22,Tulare,107,460477,9863,7640,28,7668,167
2020-07-22,Tuolumne,109,53932,136,91,4,95,0
2020-07-22,Ventura,111,848112,7835,6223,25,6248,56
2020-07-22,Yolo,113,214977,1640,1233,3,1236,34
2020-07-22,Yuba,115,75493,375,288,0,288,1
2020-07-21,Alameda,001,1643700,11890,9390,36,9426,166
2020-07-21,Alpine,002,1148,2,2,0,2,0
2020-07-21,Amador,005,37829,113,55,0,55,0
2020-07-21,Butte,007,227075,922,659,29,688,5
2020-07-21,Calaveras,009,45235,111,96,0,96,0
2020-07-21,Colusa,011,21464,298,227,0,227,0
2020-07-21,Contra Costa,013,1133247,8485,6210,25,6235,98
2020-07-21,Del Norte,015,27424,84,66,0,66,0
2020-07-21,El Dorado,017,186661,682,440,6,446,1
2020-07-21,Fresno,019,978130,18707,11412,152,11564,107
2020-07-21,Glenn,021,27897,331,229,0,229,1
2020-07-21,Humboldt,023,135768,236,198,1,199,4
2020-07-21,Imperial,025,180216,9887,7458,5,7463,128
2020-07-21,Inyo,027,18085,48,38,1,39,1
2020-07-21,Kern,029,883053,21292,11998,96,12094,119
2020-07-21,Kings,031,150075,4061,3187,19,3206,38
2020-07-21,Lake,033,64148,197,157,0,157,1
2020-07-21,Lassen,035,31185,566,474,2,476,0
2020-07-21,Los Angeles,037,10098052,181272,162205,382,162587,4159
2020-07-21,Madera,039,155013,2267,1508,3,1511,10
2020-07-21,Marin,041,260295,4929,4318,5,4323,21
2020-07-21,Mariposa,043,17540,54,37,0,37,1
2020-07-21,Mendocino,045,87422,232,160,0,160,0
2020-07-21,Merced,047,269075,4615,2725,1,2726,15
2020-07-21,Modoc,049,8938,3,0,0,0,0
2020-07-21,Mono,051,14174,124,79,2,81,1
2020-07-21,Monterey,053,433212,4434,3404,8,3412,20
2020-07-21,Napa,055,140530,974,660,0,660,5
2020-07-21,Nevada,057,99092,306,228,10,238,1
2020-07-21,Orange,059,3164182,39624,31356,637,31993,515
2020-07-21,Placer,061,380077,1907,1413,3,1416,11
2020-07-21,Plumas,063,18699,31,19,0,19,0
2020-07-21,Riverside,065,2383286,39862,32231,40,32271,583
2020-07-21,Sacramento,067,1510023,10589,7789,10,7799,102
2020-07-21,San Benito,069,59416,593,444,0,444,2
2020-07-21,San Bernardino,071,2135413,35229,25323,117,25440,343
2020-07-21,San Diego,073,3302833,29119,24522,2,24524,487
2020-07-21,San Francisco,075,870044,6439,5377,5,5382,53
2020-07-21,San Joaquin,077,732212,12422,9150,5,9155,99
2020-07-21,San Luis Obispo,079,281455,1816,1338,7,1345,7
2020-07-21,San Mateo,081,765935,5693,4733,7,4740,111
2020-07-21,Santa Barbara,083,443738,6126,5422,55,5477,29
2020-07-21,Santa Clara,085,1922200,10902,7989,28,8017,164
2020-07-21,Santa Cruz,087,273765,1086,835,7,842,3
2020-07-21,Shasta,089,179085,409,241,1,242,9
2020-07-21,Sierra,091,2930,1,1,0,1,0
2020-07-21,Siskiyou,093,43540,81,48,0,48,0
2020-07-21,Solano,095,438530,3814,2727,8,2735,27
2020-07-21,Sonoma,097,501317,3096,2200,6,2206,17
2020-07-21,Stanislaus,099,539301,9740,6984,12,6996,69
2020-07-21,Sutter,101,95872,668,533,0,533,2
2020-07-21,Tehama,103,63373,221,150,2,152,1
2020-07-21,Trinity,105,12862,23,2,6,8,0
2020-07-21,Tulare,107,460477,9661,7447,28,7475,167
2020-07-21,Tuolumne,109,53932,134,75,4,79,0
2020-07-21,Ventura,111,848112,7703,6131,25,6156,55
2020-07-21,Yolo,113,214977,1586,1204,3,1207,34
2020-07-21,Yuba,115,75493,369,269,0,269,1
2020-07-20,Alameda,001,1643700,11635,9244,35,9279,162
2020-07-20,Alpine,002,1148,2,2,0,2,0
2020-07-20,Amador,005,37829,110,53,0,53,0
2020-07-20,Butte,007,227075,885,586,29,615,4
2020-07-20,Calaveras,009,45235,108,90,0,90,0
2020-07-20,Colusa,011,21464,287,217,0,217,0
2020-07-20,Contra Costa,013,1133247,8277,5823,25,5848,97
2020-07-20,Del Norte,015,27424,84,61,0,61,0
2020-07-20,El Dorado,017,186661,659,407,6,413,0
2020-07-20,Fresno,019,978130,18263,10891,151,11042,106
2020-07-20,Glenn,021,27897,323,225,0,225,1
2020-07-20,Humboldt,023,135768,229,194,1,195,4
2020-07-20,Imperial,025,180216,9846,7337,5,7342,124
2020-07-20,Inyo,027,18085,46,38,1,39,1
2020-07-20,Kern,029,883053,20782,10908,92,11000,118
2020-07-20,Kings,031,150075,4011,3093,19,3112,37
2020-07-20,Lake,033,64148,194,147,0,147,1
2020-07-20,Lassen,035,31185,564,474,2,476,0
2020-07-20,Los Angeles,037,10098052,178309,159202,355,159557,4108
2020-07-20,Madera,039,155013,2192,1433,3,1436,10
2020-07-20,Marin,041,260295,4846,4255,5,4260,21
2020-07-20,Mariposa,043,17540,53,36,0,36,1
2020-07-20,Mendocino,045,87422,219,153,0,153,0
2020-07-20,Merced,047,269075,4443,2584,1,2585,15
2020-07-20,Modoc,049,8938,3,0,0,0,0
2020-07-20,Mono,051,14174,118,78,2,80,1
2020-07-20,Monterey,053,433212,4328,3205,8,3213,19
2020-07-20,Napa,055,140530,939,632,0,632,5
2020-07-20,Nevada,057,99092,298,218,10,228,1
2020-07-20,Orange,059,3164182,39014,30337,607,30944,507
2020-07-20,Placer,061,380077,1856,1364,3,1367,11
2020-07-20,Plumas,063,18699,30,17,0,17,0
2020-07-20,Riverside,065,2383286,39030,31163,40,31203,581
2020-07-20,Sacramento,067,1510023,10261,7369,10,7379,99
2020-07-20,San Benito,069,59416,575,433,0,433,2
2020-07-20,San Bernardino,071,2135413,34421,24226,113,24339,338
2020-07-20,San Diego,073,3302833,28677,24137,2,24139,478
2020-07-20,San Francisco,075,870044,6318,5090,5,5095,53
2020-07-20,San Joaquin,077,732212,12066,8583,5,8588,97
2020-07-20,San Luis Obispo,079,281455,1774,1282,7,1289,6
2020-07-20,San Mateo,081,765935,5593,4609,7,4616,111
2020-07-20,Santa Barbara,083,443738,6016,5266,53,5319,29
2020-07-20,Santa Clara,085,1922200,10674,7711,27,7738,164
2020-07-20,Santa Cruz,087,273765,1054,758,7,765,3
2020-07-20,Shasta,089,179085,394,233,1,234,9
2020-07-20,Sierra,091,2930,1,1,0,1,0
2020-07-20,Siskiyou,093,43540,77,42,0,42,0
2020-07-20,Solano,095,438530,3731,2537,8,2545,26
2020-07-20,Sonoma,097,501317,2990,2148,6,2154,17
2020-07-20,Stanislaus,099,539301,9456,6835,12,6847,58
2020-07-20,Sutter,101,95872,635,507,0,507,2
2020-07-20,Tehama,103,63373,211,146,2,148,1
2020-07-20,Trinity,105,12862,23,2,6,8,0
2020-07-20,Tulare,107,460477,9427,6974,28,7002,166
2020-07-20,Tuolumne,109,53932,133,75,4,79,0
2020-07-20,Ventura,111,848112,7569,5912,25,5937,52
2020-07-20,Yolo,113,214977,1545,1155,3,1158,30
2020-07-20,Yuba,115,75493,349,258,0,258,1
2020-07-19,Alameda,001,1643700,11394,9227,29,9256,162
2020-07-19,Alpine,002,1148,2,2,0,2,0
2020-07-19,Amador,005,37829,103,51,0,51,0
2020-07-19,Butte,007,227075,860,555,25,580,4
2020-07-19,Calaveras,009,45235,106,89,0,89,0
2020-07-19,Colusa,011,21464,279,187,0,187,0
2020-07-19,Contra Costa,013,1133247,7986,5691,23,5714,95
2020-07-19,Del Norte,015,27424,83,61,0,61,0
2020-07-19,El Dorado,017,186661,641,385,6,391,0
2020-07-19,Fresno,019,978130,17740,10639,139,10778,106
2020-07-19,Glenn,021,27897,309,215,0,215,0
2020-07-19,Humboldt,023,135768,221,195,1,196,4
2020-07-19,Imperial,025,180216,9755,7280,5,7285,124
2020-07-19,Inyo,027,18085,42,38,1,39,1
2020-07-19,Kern,029,883053,20165,10094,84,10178,115
2020-07-19,Kings,031,150075,3925,3035,19,3054,37
2020-07-19,Lake,033,64148,189,144,0,144,1
2020-07-19,Lassen,035,31185,545,474,2,476,0
2020-07-19,Los Angeles,037,10098052,174863,156039,332,156371,4100
2020-07-19,Madera,039,155013,2115,1301,3,1304,10
2020-07-19,Marin,041,260295,4791,4172,5,4177,21
2020-07-19,Mariposa,043,17540,49,35,0,35,1
2020-07-19,Mendocino,045,87422,214,137,0,137,0
2020-07-19,Merced,047,269075,4235,2460,1,2461,15
2020-07-19,Modoc,049,8938,3,0,0,0,0
2020-07-19,Mono,051,14174,107,63,2,65,1
2020-07-19,Monterey,053,433212,4209,3079,8,3087,18
2020-07-19,Napa,055,140530,911,612,0,612,5
2020-07-19,Nevada,057,99092,292,210,10,220,1
2020-07-19,Orange,059,3164182,38450,29941,594,30535,505
2020-07-19,Placer,061,380077,1809,1246,3,1249,11
2020-07-19,Plumas,063,18699,30,17,0,17,0
2020-07-19,Riverside,065,2383286,38325,30340,40,30380,581
2020-07-19,Sacramento,067,1510023,9868,6985,10,6995,97
2020-07-19,San Benito,069,59416,559,412,0,412,2
2020-07-19,San Bernardino,071,2135413,33648,23928,101,24029,337
2020-07-19,San Diego,073,3302833,28176,23684,2,23686,478
2020-07-19,San Francisco,075,870044,6172,5094,5,5099,52
2020-07-19,San Joaquin,077,732212,11659,8308,5,8313,93
2020-07-19,San Luis Obispo,079,281455,1730,1262,7,1269,6
2020-07-19,San Mateo,081,765935,5489,4522,7,4529,110
2020-07-19,Santa Barbara,083,443738,5914,5145,50,5195,29
2020-07-19,Santa Clara,085,1922200,10430,7403,27,7430,164
2020-07-19,Santa Cruz,087,273765,1010,753,7,760,3
2020-07-19,Shasta,089,179085,381,218,1,219,9
2020-07-19,Sierra,091,2930,1,1,0,1,0
2020-07-19,Siskiyou,093,43540,75,42,0,42,0
2020-07-19,Solano,095,438530,3626,2551,8,2559,26
2020-07-19,Sonoma,097,501317,2890,2074,6,2080,17
2020-07-19,Stanislaus,099,539301,9160,6508,12,6520,58
2020-07-19,Sutter,101,95872,604,480,0,480,2
2020-07-19,Tehama,103,63373,207,138,2,140,1
2020-07-19,Trinity,105,12862,23,2,6,8,0
2020-07-19,Tulare,107,460477,9179,6856,28,6884,166
2020-07-19,Tuolumne,109,53932,128,75,4,79,0
2020-07-19,Ventura,111,848112,7379,5706,25,5731,52
2020-07-19,Yolo,113,214977,1505,1127,3,1130,30
2020-07-19,Yuba,115,75493,329,240,0,240,1
2020-07-18,Alameda,001,1643700,11257,9089,28,9117,162
2020-07-18,Alpine,002,1148,2,2,0,2,0
2020-07-18,Amador,005,37829,99,49,0,49,0
2020-07-18,Butte,007,227075,851,551,24,575,4
2020-07-18,Calaveras,009,45235,102,89,0,89,0
2020-07-18,Colusa,011,21464,274,182,0,182,0
2020-07-18,Contra Costa,013,1133247,7852,5617,23,5640,95
2020-07-18,Del Norte,015,27424,83,61,0,61,0
2020-07-18,El Dorado,017,186661,638,385,6,391,0
2020-07-18,Fresno,019,978130,17491,10381,137,10518,106
2020-07-18,Glenn,021,27897,303,212,0,212,0
2020-07-18,Humboldt,023,135768,218,189,1,190,4
2020-07-18,Imperial,025,180216,9725,7268,5,7273,124
2020-07-18,Inyo,027,18085,42,38,1,39,1
2020-07-18,Kern,029,883053,19862,9250,81,9331,114
2020-07-18,Kings,031,150075,3885,2996,18,3014,37
2020-07-18,Lake,033,64148,186,142,0,142,1
2020-07-18,Lassen,035,31185,544,474,2,476,0
2020-07-18,Los Angeles,037,10098052,173417,153265,322,153587,4088
2020-07-18,Madera,039,155013,2069,1260,3,1263,9
2020-07-18,Marin,041,260295,4762,4089,5,4094,21
2020-07-18,Mariposa,043,17540,49,35,0,35,1
2020-07-18,Mendocino,045,87422,208,137,0,137,0
2020-07-18,Merced,047,269075,4119,2424,1,2425,15
2020-07-18,Modoc,049,8938,3,0,0,0,0
2020-07-18,Mono,051,14174,105,54,2,56,1
2020-07-18,Monterey,053,433212,4141,3020,8,3028,17
2020-07-18,Napa,055,140530,900,609,0,609,5
2020-07-18,Nevada,057,99092,288,204,9,213,1
2020-07-18,Orange,059,3164182,38131,29603,574,30177,493
2020-07-18,Placer,061,380077,1786,1233,3,1236,11
2020-07-18,Plumas,063,18699,30,17,0,17,0
2020-07-18,Riverside,065,2383286,37971,30245,39,30284,581
2020-07-18,Sacramento,067,1510023,9623,6739,10,6749,95
2020-07-18,San Benito,069,59416,544,407,0,407,2
2020-07-18,San Bernardino,071,2135413,33188,23680,94,23774,336
2020-07-18,San Diego,073,3302833,27873,23116,2,23118,478
2020-07-18,San Francisco,075,870044,6070,5051,5,5056,52
2020-07-18,San Joaquin,077,732212,11446,8118,5,8123,93
2020-07-18,San Luis Obispo,079,281455,1695,1234,7,1241,6
2020-07-18,San Mateo,081,765935,5429,4488,7,4495,110
2020-07-18,Santa Barbara,083,443738,5854,5110,48,5158,29
2020-07-18,Santa Clara,085,1922200,10281,7255,26,7281,164
2020-07-18,Santa Cruz,087,273765,993,751,7,758,3
2020-07-18,Shasta,089,179085,372,216,1,217,9
2020-07-18,Sierra,091,2930,1,1,0,1,0
2020-07-18,Siskiyou,093,43540,71,42,0,42,0
2020-07-18,Solano,095,438530,3585,2503,8,2511,26
2020-07-18,Sonoma,097,501317,2839,2019,6,2025,15
2020-07-18,Stanislaus,099,539301,9025,6344,12,6356,58
2020-07-18,Sutter,101,95872,598,473,0,473,2
2020-07-18,Tehama,103,63373,202,136,2,138,1
2020-07-18,Trinity,105,12862,23,2,6,8,0
2020-07-18,Tulare,107,460477,9088,6810,27,6837,167
2020-07-18,Tuolumne,109,53932,125,75,4,79,0
2020-07-18,Ventura,111,848112,7297,5630,25,5655,52
2020-07-18,Yolo,113,214977,1477,1077,3,1080,30
2020-07-18,Yuba,115,75493,318,237,0,237,1
2020-07-17,Alameda,001,1643700,11115,8893,27,8920,160
2020-07-17,Alpine,002,1148,2,1,0,1,0
2020-07-17,Amador,005,37829,97,48,0,48,0
2020-07-17,Butte,007,227075,837,497,24,521,4
2020-07-17,Calaveras,009,45235,99,86,0,86,0
2020-07-17,Colusa,011,21464,272,146,0,146,0
2020-07-17,Contra Costa,013,1133247,7704,5483,23,5506,93
2020-07-17,Del Norte,015,27424,82,60,0,60,0
2020-07-17,El Dorado,017,186661,622,368,6,374,0
2020-07-17,Fresno,019,978130,17195,9954,137,10091,104
2020-07-17,Glenn,021,27897,296,203,0,203,0
2020-07-17,Humboldt,023,135768,217,185,1,186,4
2020-07-17,Imperial,025,180216,9703,7193,5,7198,120
2020-07-17,Inyo,027,18085,42,38,1,39,1
2020-07-17,Kern,029,883053,19542,8291,80,8371,113
2020-07-17,Kings,031,150075,3846,2978,18,2996,37
2020-07-17,Lake,033,64148,184,139,0,139,1
2020-07-17,Lassen,035,31185,525,391,2,393,0
2020-07-17,Los Angeles,037,10098052,171044,150481,309,150790,4052
2020-07-17,Madera,039,155013,2025,1214,3,1217,9
2020-07-17,Marin,041,260295,4725,3839,5,3844,21
2020-07-17,Mariposa,043,17540,47,35,0,35,1
2020-07-17,Mendocino,045,87422,200,126,0,126,0
2020-07-17,Merced,047,269075,4044,2328,1,2329,12
2020-07-17,Modoc,049,8938,2,0,0,0,0
2020-07-17,Mono,051,14174,100,54,2,56,1
2020-07-17,Monterey,053,433212,4012,2922,8,2930,18
2020-07-17,Napa,055,140530,886,598,0,598,5
2020-07-17,Nevada,057,99092,281,200,9,209,1
2020-07-17,Orange,059,3164182,37668,28962,541,29503,485
2020-07-17,Placer,061,380077,1757,1207,3,1210,11
2020-07-17,Plumas,063,18699,27,16,0,16,0
2020-07-17,Riverside,065,2383286,37371,29639,39,29678,580
2020-07-17,Sacramento,067,1510023,9379,6563,10,6573,95
2020-07-17,San Benito,069,59416,529,399,0,399,2
2020-07-17,San Bernardino,071,2135413,32669,23057,91,23148,322
2020-07-17,San Diego,073,3302833,27485,22491,2,22493,472
2020-07-17,San Francisco,075,870044,5976,4967,5,4972,52
2020-07-17,San Joaquin,077,732212,11202,7925,5,7930,86
2020-07-17,San Luis Obispo,079,281455,1658,1190,7,1197,6
2020-07-17,San Mateo,081,765935,5332,4407,7,4414,110
2020-07-17,Santa Barbara,083,443738,5782,5001,47,5048,29
2020-07-17,Santa Clara,085,1922200,10063,7080,26,7106,164
2020-07-17,Santa Cruz,087,273765,971,716,7,723,3
2020-07-17,Shasta,089,179085,360,213,1,214,8
2020-07-17,Sierra,091,2930,1,1,0,1,0
2020-07-17,Siskiyou,093,43540,70,40,0,40,0
2020-07-17,Solano,095,438530,3536,2452,8,2460,26
2020-07-17,Sonoma,097,501317,2790,1982,6,1988,15
2020-07-17,Stanislaus,099,539301,8851,6220,12,6232,56
2020-07-17,Sutter,101,95872,585,458,0,458,2
2020-07-17,Tehama,103,63373,198,128,2,130,1
2020-07-17,Trinity,105,12862,23,2,6,8,0
2020-07-17,Tulare,107,460477,8952,6671,27,6698,166
2020-07-17,Tuolumne,109,53932,124,73,4,77,0
2020-07-17,Ventura,111,848112,7214,5451,25,5476,51
2020-07-17,Yolo,113,214977,1453,1055,3,1058,30
2020-07-17,Yuba,115,75493,308,231,0,231,1
2020-07-16,Alameda,001,1643700,10882,8719,22,8741,153
2020-07-16,Alpine,002,1148,2,1,0,1,0
2020-07-16,Amador,005,37829,94,46,0,46,0
2020-07-16,Butte,007,227075,801,465,23,488,4
2020-07-16,Calaveras,009,45235,97,82,0,82,0
2020-07-16,Colusa,011,21464,263,140,0,140,0
2020-07-16,Contra Costa,013,1133247,7492,5338,17,5355,91
2020-07-16,Del Norte,015,27424,82,60,0,60,0
2020-07-16,El Dorado,017,186661,605,357,6,363,0
2020-07-16,Fresno,019,978130,16684,9481,128,9609,101
2020-07-16,Glenn,021,27897,287,190,0,190,0
2020-07-16,Humboldt,023,135768,215,184,1,185,4
2020-07-16,Imperial,025,180216,9609,7148,5,7153,113
2020-07-16,Inyo,027,18085,42,38,1,39,1
2020-07-16,Kern,029,883053,19020,7435,78,7513,112
2020-07-16,Kings,031,150075,3680,2937,18,2955,37
2020-07-16,Lake,033,64148,179,128,0,128,1
2020-07-16,Lassen,035,31185,524,355,2,357,0
2020-07-16,Los Angeles,037,10098052,167821,147759,284,148043,3994
2020-07-16,Madera,039,155013,1961,1192,3,1195,8
2020-07-16,Marin,041,260295,4652,3546,5,3551,21
2020-07-16,Mariposa,043,17540,45,34,0,34,1
2020-07-16,Mendocino,045,87422,195,121,0,121,0
2020-07-16,Merced,047,269075,3883,2228,1,2229,12
2020-07-16,Modoc,049,8938,1,0,0,0,0
2020-07-16,Mono,051,14174,97,53,2,55,1
2020-07-16,Monterey,053,433212,3907,2857,7,2864,18
2020-07-16,Napa,055,140530,857,581,0,581,5
2020-07-16,Nevada,057,99092,278,191,9,200,1
2020-07-16,Orange,059,3164182,36965,28525,505,29030,471
2020-07-16,Placer,061,380077,1709,1168,3,1171,11
2020-07-16,Plumas,063,18699,25,16,0,16,0
2020-07-16,Riverside,065,2383286,36624,28904,37,28941,577
2020-07-16,Sacramento,067,1510023,9066,6440,9,6449,91
2020-07-16,San Benito,069,59416,512,389,0,389,2
2020-07-16,San Bernardino,071,2135413,31808,22355,73,22428,321
2020-07-16,San Diego,073,3302833,26998,21857,2,21859,465
2020-07-16,San Francisco,075,870044,5835,4838,5,4843,52
2020-07-16,San Joaquin,077,732212,10839,7713,5,7718,82
2020-07-16,San Luis Obispo,079,281455,1614,1146,7,1153,6
2020-07-16,San Mateo,081,765935,5228,4336,7,4343,110
2020-07-16,Santa Barbara,083,443738,5687,4872,46,4918,28
2020-07-16,Santa Clara,085,1922200,9783,6990,24,7014,164
2020-07-16,Santa Cruz,087,273765,930,698,7,705,3
2020-07-16,Shasta,089,179085,345,208,1,209,7
2020-07-16,Sierra,091,2930,1,1,0,1,0
2020-07-16,Siskiyou,093,43540,67,39,0,39,0
2020-07-16,Solano,095,438530,3442,2372,8,2380,25
2020-07-16,Sonoma,097,501317,2700,1954,6,1960,14
2020-07-16,Stanislaus,099,539301,8568,6077,11,6088,56
2020-07-16,Sutter,101,95872,569,444,0,444,2
2020-07-16,Tehama,103,63373,188,126,2,128,1
2020-07-16,Trinity,105,12862,23,2,5,7,0
2020-07-16,Tulare,107,460477,8738,6467,26,6493,163
2020-07-16,Tuolumne,109,53932,117,71,4,75,0
2020-07-16,Ventura,111,848112,7052,5231,25,5256,50
2020-07-16,Yolo,113,214977,1411,1034,3,1037,29
2020-07-16,Yuba,115,75493,290,221,0,221,1
2020-07-15,Alameda,001,1643700,10677,8615,17,8632,153
2020-07-15,Alpine,002,1148,2,1,0,1,0
2020-07-15,Amador,005,37829,73,44,0,44,0
2020-07-15,Butte,007,227075,759,420,23,443,4
2020-07-15,Calaveras,009,45235,97,75,0,75,0
2020-07-15,Colusa,011,21464,258,135,0,135,0
2020-07-15,Contra Costa,013,1133247,7261,5246,17,5263,90
2020-07-15,Del Norte,015,27424,81,60,0,60,0
2020-07-15,El Dorado,017,186661,581,339,6,345,0
2020-07-15,Fresno,019,978130,16212,9124,122,9246,101
2020-07-15,Glenn,021,27897,278,184,0,184,0
2020-07-15,Humboldt,023,135768,213,181,1,182,4
2020-07-15,Imperial,025,180216,9542,7110,5,7115,110
2020-07-15,Inyo,027,18085,42,36,1,37,1
2020-07-15,Kern,029,883053,18400,7155,74,7229,108
2020-07-15,Kings,031,150075,3618,2906,18,2924,37
2020-07-15,Lake,033,64148,177,122,0,122,1
2020-07-15,Lassen,035,31185,520,319,2,321,0
2020-07-15,Los Angeles,037,10098052,164354,143343,269,143612,3946
2020-07-15,Madera,039,155013,1892,1147,3,1150,4
2020-07-15,Marin,041,260295,4597,3458,5,3463,21
2020-07-15,Mariposa,043,17540,45,34,0,34,1
2020-07-15,Mendocino,045,87422,192,119,0,119,0
2020-07-15,Merced,047,269075,3740,2156,1,2157,12
2020-07-15,Modoc,049,8938,1,0,0,0,0
2020-07-15,Mono,051,14174,95,52,2,54,1
2020-07-15,Monterey,053,433212,3795,2780,7,2787,18
2020-07-15,Napa,055,140530,831,573,0,573,5
2020-07-15,Nevada,057,99092,274,185,7,192,1
2020-07-15,Orange,059,3164182,36166,27718,471,28189,454
2020-07-15,Placer,061,380077,1651,1145,3,1148,11
2020-07-15,Plumas,063,18699,25,16,0,16,0
2020-07-15,Riverside,065,2383286,35842,28492,35,28527,568
2020-07-15,Sacramento,067,1510023,8686,6217,9,6226,91
2020-07-15,San Benito,069,59416,503,388,0,388,2
2020-07-15,San Bernardino,071,2135413,31018,21508,57,21565,317
2020-07-15,San Diego,073,3302833,26531,21448,2,21450,448
2020-07-15,San Francisco,075,870044,5721,4757,5,4762,50
2020-07-15,San Joaquin,077,732212,10408,7381,4,7385,75
2020-07-15,San Luis Obispo,079,281455,1571,1097,7,1104,6
2020-07-15,San Mateo,081,765935,5115,4258,7,4265,109
2020-07-15,Santa Barbara,083,443738,5573,4733,46,4779,28
2020-07-15,Santa Clara,085,1922200,9480,6900,24,6924,164
2020-07-15,Santa Cruz,087,273765,894,660,6,666,3
2020-07-15,Shasta,089,179085,336,193,1,194,7
2020-07-15,Sierra,091,2930,1,1,0,1,0
2020-07-15,Siskiyou,093,43540,66,38,0,38,0
2020-07-15,Solano,095,438530,3347,2343,8,2351,25
2020-07-15,Sonoma,097,501317,2601,1920,6,1926,14
2020-07-15,Stanislaus,099,539301,8271,5777,11,5788,56
2020-07-15,Sutter,101,95872,543,433,0,433,2
2020-07-15,Tehama,103,63373,180,126,2,128,1
2020-07-15,Trinity,105,12862,22,2,5,7,0
2020-07-15,Tulare,107,460477,8526,6320,26,6346,156
2020-07-15,Tuolumne,109,53932,110,68,4,72,0
2020-07-15,Ventura,111,848112,6875,5087,25,5112,50
2020-07-15,Yolo,113,214977,1377,1002,3,1005,27
2020-07-15,Yuba,115,75493,278,221,0,221,1
2020-07-14,Alameda,001,1643700,10336,8388,11,8399,151
2020-07-14,Alpine,002,1148,2,1,0,1,0
2020-07-14,Amador,005,37829,69,44,0,44,0
2020-07-14,Butte,007,227075,713,382,23,405,4
2020-07-14,Calaveras,009,45235,95,74,0,74,0
2020-07-14,Colusa,011,21464,248,128,0,128,0
2020-07-14,Contra Costa,013,1133247,7024,5110,15,5125,90
2020-07-14,Del Norte,015,27424,80,60,0,60,0
2020-07-14,El Dorado,017,186661,566,324,6,330,0
2020-07-14,Fresno,019,978130,15788,8941,117,9058,98
2020-07-14,Glenn,021,27897,268,177,0,177,0
2020-07-14,Humboldt,023,135768,210,175,1,176,4
2020-07-14,Imperial,025,180216,9416,7095,5,7100,109
2020-07-14,Inyo,027,18085,42,35,1,36,1
2020-07-14,Kern,029,883053,17641,6979,61,7040,107
2020-07-14,Kings,031,150075,3551,2867,17,2884,37
2020-07-14,Lake,033,64148,171,120,0,120,1
2020-07-14,Lassen,035,31185,503,263,2,265,0
2020-07-14,Los Angeles,037,10098052,161222,140632,240,140872,3900
2020-07-14,Madera,039,155013,1818,1118,3,1121,4
2020-07-14,Marin,041,260295,4483,3451,5,3456,21
2020-07-14,Mariposa,043,17540,41,32,0,32,1
2020-07-14,Mendocino,045,87422,184,110,0,110,0
2020-07-14,Merced,047,269075,3559,2084,1,2085,12
2020-07-14,Modoc,049,8938,1,0,0,0,0
2020-07-14,Mono,051,14174,85,48,2,50,1
2020-07-14,Monterey,053,433212,3682,2724,7,2731,18
2020-07-14,Napa,055,140530,775,557,0,557,4
2020-07-14,Nevada,057,99092,257,180,6,186,1
2020-07-14,Orange,059,3164182,35284,26915,423,27338,432
2020-07-14,Placer,061,380077,1593,1122,3,1125,11
2020-07-14,Plumas,063,18699,24,14,0,14,0
2020-07-14,Riverside,065,2383286,35085,27850,34,27884,547
2020-07-14,Sacramento,067,1510023,8332,5978,9,5987,87
2020-07-14,San Benito,069,59416,484,360,0,360,2
2020-07-14,San Bernardino,071,2135413,30166,20489,47,20536,316
2020-07-14,San Diego,073,3302833,25911,20887,2,20889,436
2020-07-14,San Francisco,075,870044,5570,4659,4,4663,50
2020-07-14,San Joaquin,077,732212,9981,7143,4,7147,75
2020-07-14,San Luis Obispo,079,281455,1533,1060,7,1067,5
2020-07-14,San Mateo,081,765935,5022,4173,7,4180,108
2020-07-14,Santa Barbara,083,443738,5449,4641,44,4685,28
2020-07-14,Santa Clara,085,1922200,9152,6686,21,6707,164
2020-07-14,Santa Cruz,087,273765,855,639,6,645,3
2020-07-14,Shasta,089,179085,327,190,1,191,7
2020-07-14,Sierra,091,2930,1,1,0,1,0
2020-07-14,Siskiyou,093,43540,65,38,0,38,0
2020-07-14,Solano,095,438530,3248,2266,7,2273,25
2020-07-14,Sonoma,097,501317,2508,1866,6,1872,14
2020-07-14,Stanislaus,099,539301,7896,5631,10,5641,53
2020-07-14,Sutter,101,95872,524,405,0,405,2
2020-07-14,Tehama,103,63373,168,123,2,125,1
2020-07-14,Trinity,105,12862,21,2,5,7,0
2020-07-14,Tulare,107,460477,8280,6199,26,6225,156
2020-07-14,Tuolumne,109,53932,105,68,4,72,0
2020-07-14,Ventura,111,848112,6714,4950,25,4975,50
2020-07-14,Yolo,113,214977,1330,966,3,969,27
2020-07-14,Yuba,115,75493,261,210,0,210,1
2020-07-13,Alameda,001,1643700,10027,8115,11,8126,148
2020-07-13,Alpine,002,1148,2,1,0,1,0
2020-07-13,Amador,005,37829,65,42,0,42,0
2020-07-13,Butte,007,227075,677,354,23,377,4
2020-07-13,Calaveras,009,45235,87,63,0,63,0
2020-07-13,Colusa,011,21464,242,116,0,116,0
2020-07-13,Contra Costa,013,1133247,6754,4882,13,4895,88
2020-07-13,Del Norte,015,27424,74,59,0,59,0
2020-07-13,El Dorado,017,186661,535,298,6,304,0
2020-07-13,Fresno,019,978130,15357,8666,112,8778,95
2020-07-13,Glenn,021,27897,261,168,0,168,0
2020-07-13,Humboldt,023,135768,205,174,1,175,4
2020-07-13,Imperial,025,180216,9329,7052,5,7057,109
2020-07-13,Inyo,027,18085,41,35,1,36,1
2020-07-13,Kern,029,883053,16956,6808,55,6863,107
2020-07-13,Kings,031,150075,3500,2824,17,2841,37
2020-07-13,Lake,033,64148,166,118,0,118,1
2020-07-13,Lassen,035,31185,498,237,2,239,0
2020-07-13,Los Angeles,037,10098052,157987,136368,226,136594,3829
2020-07-13,Madera,039,155013,1749,1059,3,1062,4
2020-07-13,Marin,041,260295,4379,3402,5,3407,21
2020-07-13,Mariposa,043,17540,40,31,0,31,1
2020-07-13,Mendocino,045,87422,180,87,0,87,0
2020-07-13,Merced,047,269075,3408,2007,1,2008,12
2020-07-13,Modoc,049,8938,1,0,0,0,0
2020-07-13,Mono,051,14174,81,47,1,48,1
2020-07-13,Monterey,053,433212,3559,2613,5,2618,18
2020-07-13,Napa,055,140530,739,534,0,534,4
2020-07-13,Nevada,057,99092,243,172,6,178,1
2020-07-13,Orange,059,3164182,34418,25978,391,26369,423
2020-07-13,Placer,061,380077,1548,1096,3,1099,11
2020-07-13,Plumas,063,18699,22,14,0,14,0
2020-07-13,Riverside,065,2383286,34158,27136,32,27168,545
2020-07-13,Sacramento,067,1510023,8035,5747,9,5756,85
2020-07-13,San Benito,069,59416,471,343,0,343,2
2020-07-13,San Bernardino,071,2135413,29292,19610,40,19650,313
2020-07-13,San Diego,073,3302833,25344,20348,2,20350,422
2020-07-13,San Francisco,075,870044,5443,4534,3,4537,50
2020-07-13,San Joaquin,077,732212,9566,6927,4,6931,71
2020-07-13,San Luis Obispo,079,281455,1502,989,7,996,5
2020-07-13,San Mateo,081,765935,4891,4057,7,4064,108
2020-07-13,Santa Barbara,083,443738,5335,4441,43,4484,28
2020-07-13,Santa Clara,085,1922200,8829,6488,20,6508,164
2020-07-13,Santa Cruz,087,273765,817,574,6,580,3
2020-07-13,Shasta,089,179085,316,185,1,186,6
2020-07-13,Sierra,091,2930,1,1,0,1,0
2020-07-13,Siskiyou,093,43540,61,37,0,37,0
2020-07-13,Solano,095,438530,3136,2046,7,2053,23
2020-07-13,Sonoma,097,501317,2397,1818,6,1824,14
2020-07-13,Stanislaus,099,539301,7593,5324,9,5333,53
2020-07-13,Sutter,101,95872,486,379,0,379,2
2020-07-13,Tehama,103,63373,155,112,2,114,1
2020-07-13,Trinity,105,12862,21,2,5,7,0
2020-07-13,Tulare,107,460477,8019,5930,24,5954,147
2020-07-13,Tuolumne,109,53932,97,56,4,60,0
2020-07-13,Ventura,111,848112,6524,4800,22,4822,50
2020-07-13,Yolo,113,214977,1285,941,3,944,27
2020-07-13,Yuba,115,75493,246,194,0,194,1
2020-07-12,Alameda,001,1643700,9757,8056,11,8067,148
2020-07-12,Alpine,002,1148,2,1,0,1,0
2020-07-12,Amador,005,37829,55,40,0,40,0
2020-07-12,Butte,007,227075,627,341,22,363,4
2020-07-12,Calaveras,009,45235,87,62,0,62,0
2020-07-12,Colusa,011,21464,208,116,0,116,0
2020-07-12,Contra Costa,013,1133247,6486,4708,11,4719,88
2020-07-12,Del Norte,015,27424,63,59,0,59,0
2020-07-12,El Dorado,017,186661,513,290,6,296,0
2020-07-12,Fresno,019,978130,14934,8407,107,8514,95
2020-07-12,Glenn,021,27897,248,166,0,166,0
2020-07-12,Humboldt,023,135768,201,174,1,175,4
2020-07-12,Imperial,025,180216,9214,6999,5,7004,109
2020-07-12,Inyo,027,18085,39,35,1,36,1
2020-07-12,Kern,029,883053,16213,6662,51,6713,105
2020-07-12,Kings,031,150075,3438,2779,17,2796,34
2020-07-12,Lake,033,64148,157,114,0,114,1
2020-07-12,Lassen,035,31185,491,237,2,239,0
2020-07-12,Los Angeles,037,10098052,154564,133830,197,134027,3816
2020-07-12,Madera,039,155013,1693,1025,3,1028,4
2020-07-12,Marin,041,260295,4303,3358,5,3363,21
2020-07-12,Mariposa,043,17540,39,31,0,31,1
2020-07-12,Mendocino,045,87422,161,88,0,88,0
2020-07-12,Merced,047,269075,3272,1908,1,1909,12
2020-07-12,Modoc,049,8938,1,0,0,0,0
2020-07-12,Mono,051,14174,71,45,1,46,1
2020-07-12,Monterey,053,433212,3444,2521,5,2526,18
2020-07-12,Napa,055,140530,708,519,0,519,4
2020-07-12,Nevada,057,99092,233,166,6,172,1
2020-07-12,Orange,059,3164182,33539,25399,382,25781,422
2020-07-12,Placer,061,380077,1491,1058,3,1061,11
2020-07-12,Plumas,063,18699,21,14,0,14,0
2020-07-12,Riverside,065,2383286,33400,26404,31,26435,542
2020-07-12,Sacramento,067,1510023,7723,5515,7,5522,85
2020-07-12,San Benito,069,59416,456,324,0,324,2
2020-07-12,San Bernardino,071,2135413,28380,19042,36,19078,312
2020-07-12,San Diego,073,3302833,24714,19929,2,19931,422
2020-07-12,San Francisco,075,870044,5294,4535,3,4538,50
2020-07-12,San Joaquin,077,732212,9203,6703,4,6707,71
2020-07-12,San Luis Obispo,079,281455,1455,972,7,979,5
2020-07-12,San Mateo,081,765935,4773,3988,7,3995,108
2020-07-12,Santa Barbara,083,443738,5205,4353,42,4395,28
2020-07-12,Santa Clara,085,1922200,8590,6252,19,6271,164
2020-07-12,Santa Cruz,087,273765,775,573,5,578,3
2020-07-12,Shasta,089,179085,310,173,1,174,6
2020-07-12,Sierra,091,2930,1,1,0,1,0
2020-07-12,Siskiyou,093,43540,59,36,0,36,0
2020-07-12,Solano,095,438530,3011,2037,7,2044,23
2020-07-12,Sonoma,097,501317,2303,1743,6,1749,13
2020-07-12,Stanislaus,099,539301,7289,5177,9,5186,53
2020-07-12,Sutter,101,95872,468,362,0,362,2
2020-07-12,Tehama,103,63373,148,111,2,113,1
2020-07-12,Trinity,105,12862,21,2,5,7,0
2020-07-12,Tulare,107,460477,7763,5864,23,5887,146
2020-07-12,Tuolumne,109,53932,90,52,4,56,0
2020-07-12,Ventura,111,848112,6308,4724,21,4745,50
2020-07-12,Yolo,113,214977,1244,889,3,892,27
2020-07-12,Yuba,115,75493,235,188,0,188,1
2020-07-11,Alameda,001,1643700,9654,7845,11,7856,148
2020-07-11,Alpine,002,1148,2,1,0,1,0
2020-07-11,Amador,005,37829,51,37,0,37,0
2020-07-11,Butte,007,227075,611,325,22,347,4
2020-07-11,Calaveras,009,45235,84,62,0,62,0
2020-07-11,Colusa,011,21464,203,110,0,110,0
2020-07-11,Contra Costa,013,1133247,6371,4650,11,4661,87
2020-07-11,Del Norte,015,27424,63,59,0,59,0
2020-07-11,El Dorado,017,186661,502,283,6,289,0
2020-07-11,Fresno,019,978130,14673,8086,104,8190,95
2020-07-11,Glenn,021,27897,240,161,0,161,0
2020-07-11,Humboldt,023,135768,200,174,1,175,4
2020-07-11,Imperial,025,180216,9175,6884,5,6889,109
2020-07-11,Inyo,027,18085,39,35,1,36,1
2020-07-11,Kern,029,883053,15856,6509,50,6559,103
2020-07-11,Kings,031,150075,3411,2753,17,2770,33
2020-07-11,Lake,033,64148,156,110,0,110,1
2020-07-11,Lassen,035,31185,490,237,2,239,0
2020-07-11,Los Angeles,037,10098052,152846,130479,187,130666,3802
2020-07-11,Madera,039,155013,1652,988,3,991,4
2020-07-11,Marin,041,260295,4275,3191,5,3196,21
2020-07-11,Mariposa,043,17540,39,31,0,31,1
2020-07-11,Mendocino,045,87422,157,88,0,88,0
2020-07-11,Merced,047,269075,3190,1851,1,1852,12
2020-07-11,Modoc,049,8938,1,0,0,0,0
2020-07-11,Mono,051,14174,68,45,1,46,1
2020-07-11,Monterey,053,433212,3355,2376,5,2381,18
2020-07-11,Napa,055,140530,696,509,0,509,4
2020-07-11,Nevada,057,99092,224,163,5,168,1
2020-07-11,Orange,059,3164182,33162,24430,368,24798,422
2020-07-11,Placer,061,380077,1457,1029,3,1032,11
2020-07-11,Plumas,063,18699,21,12,0,12,0
2020-07-11,Riverside,065,2383286,33009,25994,31,26025,538
2020-07-11,Sacramento,067,1510023,7549,5367,7,5374,84
2020-07-11,San Benito,069,59416,441,314,0,314,2
2020-07-11,San Bernardino,071,2135413,27943,18907,34,18941,310
2020-07-11,San Diego,073,3302833,24322,19371,2,19373,422
2020-07-11,San Francisco,075,870044,5198,4430,2,4432,50
2020-07-11,San Joaquin,077,732212,9025,6518,4,6522,72
2020-07-11,San Luis Obispo,079,281455,1407,930,7,937,4
2020-07-11,San Mateo,081,765935,4705,3956,7,3963,108
2020-07-11,Santa Barbara,083,443738,5136,4283,41,4324,28
2020-07-11,Santa Clara,085,1922200,8430,5959,19,5978,164
2020-07-11,Santa Cruz,087,273765,744,571,5,576,3
2020-07-11,Shasta,089,179085,303,168,1,169,6
2020-07-11,Sierra,091,2930,1,1,0,1,0
2020-07-11,Siskiyou,093,43540,59,36,0,36,0
2020-07-11,Solano,095,438530,2970,2034,7,2041,23
2020-07-11,Sonoma,097,501317,2265,1690,6,1696,13
2020-07-11,Stanislaus,099,539301,7149,4911,9,4920,51
2020-07-11,Sutter,101,95872,452,352,0,352,2
2020-07-11,Tehama,103,63373,146,111,2,113,1
2020-07-11,Trinity,105,12862,21,2,5,7,0
2020-07-11,Tulare,107,460477,7657,5780,23,5803,149
2020-07-11,Tuolumne,109,53932,87,50,4,54,0
2020-07-11,Ventura,111,848112,6212,4545,20,4565,49
2020-07-11,Yolo,113,214977,1215,833,3,836,27
2020-07-11,Yuba,115,75493,225,175,0,175,1
2020-07-10,Alameda,001,1643700,9497,7551,11,7562,147
2020-07-10,Alpine,002,1148,2,1,0,1,0
2020-07-10,Amador,005,37829,47,37,0,37,0
2020-07-10,Butte,007,227075,600,318,22,340,4
2020-07-10,Calaveras,009,45235,84,61,0,61,0
2020-07-10,Colusa,011,21464,197,103,0,103,0
2020-07-10,Contra Costa,013,1133247,6232,4482,11,4493,86
2020-07-10,Del Norte,015,27424,63,57,0,57,0
2020-07-10,El Dorado,017,186661,484,266,6,272,0
2020-07-10,Fresno,019,978130,14341,7760,101,7861,93
2020-07-10,Glenn,021,27897,235,157,0,157,0
2020-07-10,Humboldt,023,135768,199,168,1,169,4
2020-07-10,Imperial,025,180216,9129,6878,4,6882,98
2020-07-10,Inyo,027,18085,39,35,1,36,1
2020-07-10,Kern,029,883053,15424,6344,49,6393,102
2020-07-10,Kings,031,150075,3375,2707,17,2724,33
2020-07-10,Lake,033,64148,149,104,0,104,1
2020-07-10,Lassen,035,31185,489,235,2,237,0
2020-07-10,Los Angeles,037,10098052,150423,127503,181,127684,3750
2020-07-10,Madera,039,155013,1606,914,3,917,4
2020-07-10,Marin,041,260295,4212,3101,5,3106,21
2020-07-10,Mariposa,043,17540,38,31,0,31,1
2020-07-10,Mendocino,045,87422,149,88,0,88,0
2020-07-10,Merced,047,269075,3106,1802,1,1803,12
2020-07-10,Modoc,049,8938,1,0,0,0,0
2020-07-10,Mono,051,14174,67,45,1,46,1
2020-07-10,Monterey,053,433212,3277,2285,5,2290,18
2020-07-10,Napa,055,140530,685,496,0,496,4
2020-07-10,Nevada,057,99092,219,161,5,166,1
2020-07-10,Orange,059,3164182,32576,23692,365,24057,416
2020-07-10,Placer,061,380077,1415,1002,3,1005,11
2020-07-10,Plumas,063,18699,19,12,0,12,0
2020-07-10,Riverside,065,2383286,32491,25481,31,25512,533
2020-07-10,Sacramento,067,1510023,7294,5181,7,5188,81
2020-07-10,San Benito,069,59416,432,302,0,302,2
2020-07-10,San Bernardino,071,2135413,27419,18242,31,18273,308
2020-07-10,San Diego,073,3302833,23938,18862,2,18864,420
2020-07-10,San Francisco,075,870044,5107,4305,2,4307,50
2020-07-10,San Joaquin,077,732212,8792,6225,4,6229,67
2020-07-10,San Luis Obispo,079,281455,1369,891,7,898,4
2020-07-10,San Mateo,081,765935,4640,3844,7,3851,107
2020-07-10,Santa Barbara,083,443738,5039,4177,40,4217,28
2020-07-10,Santa Clara,085,1922200,8206,5819,19,5838,164
2020-07-10,Santa Cruz,087,273765,716,540,5,545,3
2020-07-10,Shasta,089,179085,299,158,1,159,6
2020-07-10,Sierra,091,2930,1,1,0,1,0
2020-07-10,Siskiyou,093,43540,59,31,0,31,0
2020-07-10,Solano,095,438530,2923,1950,7,1957,23
2020-07-10,Sonoma,097,501317,2218,1606,5,1611,13
2020-07-10,Stanislaus,099,539301,6979,4781,9,4790,46
2020-07-10,Sutter,101,95872,445,338,0,338,2
2020-07-10,Tehama,103,63373,145,107,2,109,1
2020-07-10,Trinity,105,12862,21,2,5,7,0
2020-07-10,Tulare,107,460477,7520,5677,23,5700,150
2020-07-10,Tuolumne,109,53932,86,49,4,53,0
2020-07-10,Ventura,111,848112,6098,4416,20,4436,48
2020-07-10,Yolo,113,214977,1191,794,3,797,27
2020-07-10,Yuba,115,75493,211,164,0,164,1
2020-07-09,Alameda,001,1643700,9267,7433,11,7444,146
2020-07-09,Alpine,002,1148,2,1,0,1,0
2020-07-09,Amador,005,37829,44,36,0,36,0
2020-07-09,Butte,007,227075,568,295,21,316,4
2020-07-09,Calaveras,009,45235,83,59,0,59,0
2020-07-09,Colusa,011,21464,189,97,0,97,0
2020-07-09,Contra Costa,013,1133247,5991,4388,11,4399,86
2020-07-09,Del Norte,015,27424,63,57,0,57,0
2020-07-09,El Dorado,017,186661,459,255,5,260,0
2020-07-09,Fresno,019,978130,13888,7385,98,7483,90
2020-07-09,Glenn,021,27897,225,150,0,150,0
2020-07-09,Humboldt,023,135768,196,166,1,167,4
2020-07-09,Imperial,025,180216,9030,6778,4,6782,87
2020-07-09,Inyo,027,18085,37,35,1,36,1
2020-07-09,Kern,029,883053,14778,6100,47,6147,95
2020-07-09,Kings,031,150075,3312,2686,17,2703,33
2020-07-09,Lake,033,64148,146,99,0,99,1
2020-07-09,Lassen,035,31185,433,221,2,223,0
2020-07-09,Los Angeles,037,10098052,147164,125062,159,125221,3698
2020-07-09,Madera,039,155013,1529,850,3,853,4
2020-07-09,Marin,041,260295,4062,2975,4,2979,20
2020-07-09,Mariposa,043,17540,38,32,0,32,1
2020-07-09,Mendocino,045,87422,145,88,0,88,0
2020-07-09,Merced,047,269075,2965,1728,1,1729,11
2020-07-09,Modoc,049,8938,1,0,0,0,0
2020-07-09,Mono,051,14174,63,45,1,46,1
2020-07-09,Monterey,053,433212,3152,2223,5,2228,17
2020-07-09,Napa,055,140530,668,468,0,468,4
2020-07-09,Nevada,057,99092,213,156,5,161,1
2020-07-09,Orange,059,3164182,31602,22960,347,23307,407
2020-07-09,Placer,061,380077,1373,982,3,985,11
2020-07-09,Plumas,063,18699,19,12,0,12,0
2020-07-09,Riverside,065,2383286,31598,24980,30,25010,529
2020-07-09,Sacramento,067,1510023,6967,4950,7,4957,81
2020-07-09,San Benito,069,59416,416,295,0,295,2
2020-07-09,San Bernardino,071,2135413,26549,17339,25,17364,307
2020-07-09,San Diego,073,3302833,23346,18404,2,18406,415
2020-07-09,San Francisco,075,870044,4975,4143,2,4145,50
2020-07-09,San Joaquin,077,732212,8433,6004,4,6008,66
2020-07-09,San Luis Obispo,079,281455,1328,869,7,876,3
2020-07-09,San Mateo,081,765935,4514,3792,7,3799,106
2020-07-09,Santa Barbara,083,443738,4907,4068,40,4108,28
2020-07-09,Santa Clara,085,1922200,7945,5638,19,5657,164
2020-07-09,Santa Cruz,087,273765,689,526,5,531,3
2020-07-09,Shasta,089,179085,293,155,1,156,5
2020-07-09,Sierra,091,2930,1,1,0,1,0
2020-07-09,Siskiyou,093,43540,55,31,0,31,0
2020-07-09,Solano,095,438530,2825,1892,7,1899,23
2020-07-09,Sonoma,097,501317,2132,1584,5,1589,13
2020-07-09,Stanislaus,099,539301,6664,4633,8,4641,46
2020-07-09,Sutter,101,95872,428,321,0,321,2
2020-07-09,Tehama,103,63373,140,102,2,104,1
2020-07-09,Trinity,105,12862,21,2,5,7,0
2020-07-09,Tulare,107,460477,7301,5501,22,5523,146
2020-07-09,Tuolumne,109,53932,85,47,4,51,0
2020-07-09,Ventura,111,848112,5930,4278,20,4298,47
2020-07-09,Yolo,113,214977,1143,764,3,767,27
2020-07-09,Yuba,115,75493,194,152,0,152,1
2020-07-08,Alameda,001,1643700,8976,7335,11,7346,142
2020-07-08,Alpine,002,1148,2,1,0,1,0
2020-07-08,Amador,005,37829,41,35,0,35,0
2020-07-08,Butte,007,227075,531,281,21,302,3
2020-07-08,Calaveras,009,45235,78,58,0,58,0
2020-07-08,Colusa,011,21464,176,90,0,90,0
2020-07-08,Contra Costa,013,1133247,5745,4268,9,4277,84
2020-07-08,Del Norte,015,27424,61,57,0,57,0
2020-07-08,El Dorado,017,186661,437,248,5,253,0
2020-07-08,Fresno,019,978130,13472,7102,90,7192,86
2020-07-08,Glenn,021,27897,214,146,0,146,0
2020-07-08,Humboldt,023,135768,193,162,1,163,4
2020-07-08,Imperial,025,180216,8943,6727,4,6731,76
2020-07-08,Inyo,027,18085,37,35,1,36,1
2020-07-08,Kern,029,883053,14200,5873,45,5918,91
2020-07-08,Kings,031,150075,3253,2629,14,2643,33
2020-07-08,Lake,033,64148,139,97,0,97,1
2020-07-08,Lassen,035,31185,337,221,2,223,0
2020-07-08,Los Angeles,037,10098052,143958,123462,131,123593,3650
2020-07-08,Madera,039,155013,1459,828,3,831,4
2020-07-08,Marin,041,260295,3963,2756,4,2760,17
2020-07-08,Mariposa,043,17540,38,31,0,31,1
2020-07-08,Mendocino,045,87422,132,84,0,84,0
2020-07-08,Merced,047,269075,2839,1578,1,1579,11
2020-07-08,Modoc,049,8938,1,0,0,0,0
2020-07-08,Mono,051,14174,60,45,0,45,1
2020-07-08,Monterey,053,433212,3034,2182,4,2186,17
2020-07-08,Napa,055,140530,646,468,0,468,4
2020-07-08,Nevada,057,99092,204,156,5,161,1
2020-07-08,Orange,059,3164182,30646,22088,342,22430,378
2020-07-08,Placer,061,380077,1326,948,3,951,11
2020-07-08,Plumas,063,18699,19,12,0,12,0
2020-07-08,Riverside,065,2383286,30634,24042,29,24071,508
2020-07-08,Sacramento,067,1510023,6678,4799,7,4806,80
2020-07-08,San Benito,069,59416,399,282,0,282,2
2020-07-08,San Bernardino,071,2135413,25695,16510,21,16531,296
2020-07-08,San Diego,073,3302833,22776,17844,2,17846,406
2020-07-08,San Francisco,075,870044,4886,4093,2,4095,50
2020-07-08,San Joaquin,077,732212,8090,5759,4,5763,61
2020-07-08,San Luis Obispo,079,281455,1276,825,7,832,2
2020-07-08,San Mateo,081,765935,4394,3733,7,3740,106
2020-07-08,Santa Barbara,083,443738,4788,3985,40,4025,28
2020-07-08,Santa Clara,085,1922200,7712,5510,19,5529,164
2020-07-08,Santa Cruz,087,273765,656,509,4,513,3
2020-07-08,Shasta,089,179085,284,148,1,149,6
2020-07-08,Sierra,091,2930,1,1,0,1,0
2020-07-08,Siskiyou,093,43540,55,31,0,31,0
2020-07-08,Solano,095,438530,2709,1821,7,1828,23
2020-07-08,Sonoma,097,501317,2056,1495,5,1500,9
2020-07-08,Stanislaus,099,539301,6364,4344,8,4352,46
2020-07-08,Sutter,101,95872,403,298,0,298,2
2020-07-08,Tehama,103,63373,134,100,2,102,1
2020-07-08,Trinity,105,12862,20,2,5,7,0
2020-07-08,Tulare,107,460477,7109,5307,17,5324,138
2020-07-08,Tuolumne,109,53932,81,42,4,46,0
2020-07-08,Ventura,111,848112,5765,4139,20,4159,47
2020-07-08,Yolo,113,214977,1099,727,3,730,26
2020-07-08,Yuba,115,75493,181,145,0,145,1
2020-07-07,Alameda,001,1643700,8656,7097,10,7107,141
2020-07-07,Alpine,002,1148,2,1,0,1,0
2020-07-07,Amador,005,37829,41,33,0,33,0
2020-07-07,Butte,007,227075,488,269,21,290,3
2020-07-07,Calaveras,009,45235,76,58,0,58,0
2020-07-07,Colusa,011,21464,143,84,0,84,0
2020-07-07,Contra Costa,013,1133247,5507,4131,8,4139,84
2020-07-07,Del Norte,015,27424,61,57,0,57,0
2020-07-07,El Dorado,017,186661,417,244,5,249,0
2020-07-07,Fresno,019,978130,13017,6738,90,6828,84
2020-07-07,Glenn,021,27897,205,145,0,145,0
2020-07-07,Humboldt,023,135768,190,150,1,151,4
2020-07-07,Imperial,025,180216,8845,6678,4,6682,51
2020-07-07,Inyo,027,18085,36,32,1,33,1
2020-07-07,Kern,029,883053,13501,5645,41,5686,88
2020-07-07,Kings,031,150075,3190,2623,13,2636,33
2020-07-07,Lake,033,64148,129,94,0,94,1
2020-07-07,Lassen,035,31185,266,219,2,221,0
2020-07-07,Los Angeles,037,10098052,140379,121026,124,121150,3588
2020-07-07,Madera,039,155013,1415,794,3,797,4
2020-07-07,Marin,041,260295,3871,2627,4,2631,17
2020-07-07,Mariposa,043,17540,38,31,0,31,1
2020-07-07,Mendocino,045,87422,124,82,0,82,0
2020-07-07,Merced,047,269075,2668,1531,1,1532,10
2020-07-07,Modoc,049,8938,1,0,0,0,0
2020-07-07,Mono,051,14174,59,42,0,42,1
2020-07-07,Monterey,053,433212,2891,2166,4,2170,17
2020-07-07,Napa,055,140530,627,459,0,459,4
2020-07-07,Nevada,057,99092,198,150,5,155,1
2020-07-07,Orange,059,3164182,29626,21741,329,22070,373
2020-07-07,Placer,061,380077,1285,930,3,933,11
2020-07-07,Plumas,063,18699,17,12,0,12,0
2020-07-07,Riverside,065,2383286,29619,23279,29,23308,499
2020-07-07,Sacramento,067,1510023,6336,4592,7,4599,76
2020-07-07,San Benito,069,59416,381,274,0,274,2
2020-07-07,San Bernardino,071,2135413,24825,16004,19,16023,277
2020-07-07,San Diego,073,3302833,22057,17580,2,17582,399
2020-07-07,San Francisco,075,870044,4794,4045,1,4046,50
2020-07-07,San Joaquin,077,732212,7748,5547,4,5551,59
2020-07-07,San Luis Obispo,079,281455,1215,795,7,802,2
2020-07-07,San Mateo,081,765935,4279,3691,7,3698,106
2020-07-07,Santa Barbara,083,443738,4660,3866,39,3905,27
2020-07-07,Santa Clara,085,1922200,7443,5438,19,5457,164
2020-07-07,Santa Cruz,087,273765,622,502,3,505,2
2020-07-07,Shasta,089,179085,271,144,1,145,6
2020-07-07,Sierra,091,2930,1,1,0,1,0
2020-07-07,Siskiyou,093,43540,54,30,0,30,0
2020-07-07,Solano,095,438530,2596,1776,7,1783,22
2020-07-07,Sonoma,097,501317,1986,1473,5,1478,8
2020-07-07,Stanislaus,099,539301,6026,4101,8,4109,46
2020-07-07,Sutter,101,95872,377,273,0,273,2
2020-07-07,Tehama,103,63373,125,95,2,97,1
2020-07-07,Trinity,105,12862,20,2,5,7,0
2020-07-07,Tulare,107,460477,6929,5189,16,5205,137
2020-07-07,Tuolumne,109,53932,75,40,4,44,0
2020-07-07,Ventura,111,848112,5596,3992,18,4010,46
2020-07-07,Yolo,113,214977,1031,706,3,709,26
2020-07-07,Yuba,115,75493,161,138,0,138,1
2020-07-06,Alameda,001,1643700,8421,6970,10,6980,141
2020-07-06,Alpine,002,1148,1,1,0,1,0
2020-07-06,Amador,005,37829,39,33,0,33,0
2020-07-06,Butte,007,227075,432,257,18,275,2
2020-07-06,Calaveras,009,45235,73,45,0,45,0
2020-07-06,Colusa,011,21464,134,80,0,80,0
2020-07-06,Contra Costa,013,1133247,5279,3901,7,3908,83
2020-07-06,Del Norte,015,27424,60,57,0,57,0
2020-07-06,El Dorado,017,186661,402,232,4,236,0
2020-07-06,Fresno,019,978130,12547,6364,84,6448,82
2020-07-06,Glenn,021,27897,197,129,0,129,0
2020-07-06,Humboldt,023,135768,188,148,1,149,3
2020-07-06,Imperial,025,180216,8728,6443,4,6447,47
2020-07-06,Inyo,027,18085,36,32,1,33,1
2020-07-06,Kern,029,883053,12695,5491,40,5531,82
2020-07-06,Kings,031,150075,3139,2583,9,2592,33
2020-07-06,Lake,033,64148,122,93,0,93,1
2020-07-06,Lassen,035,31185,264,219,2,221,0
2020-07-06,Los Angeles,037,10098052,136779,116707,111,116818,3541
2020-07-06,Madera,039,155013,1345,734,3,737,4
2020-07-06,Marin,041,260295,3631,2136,4,2140,17
2020-07-06,Mariposa,043,17540,36,31,0,31,1
2020-07-06,Mendocino,045,87422,107,72,0,72,0
2020-07-06,Merced,047,269075,2511,1396,1,1397,10
2020-07-06,Modoc,049,8938,1,0,0,0,0
2020-07-06,Mono,051,14174,58,40,0,40,1
2020-07-06,Monterey,053,433212,2802,2078,4,2082,15
2020-07-06,Napa,055,140530,609,454,0,454,4
2020-07-06,Nevada,057,99092,192,146,5,151,1
2020-07-06,Orange,059,3164182,28561,20167,292,20459,372
2020-07-06,Placer,061,380077,1222,904,3,907,11
2020-07-06,Plumas,063,18699,17,11,0,11,0
2020-07-06,Riverside,065,2383286,28564,22485,28,22513,477
2020-07-06,Sacramento,067,1510023,5985,4420,7,4427,71
2020-07-06,San Benito,069,59416,366,264,0,264,2
2020-07-06,San Bernardino,071,2135413,23972,15346,16,15362,272
2020-07-06,San Diego,073,3302833,21325,17002,2,17004,387
2020-07-06,San Francisco,075,870044,4673,3861,1,3862,50
2020-07-06,San Joaquin,077,732212,7377,5104,4,5108,57
2020-07-06,San Luis Obispo,079,281455,1157,751,7,758,2
2020-07-06,San Mateo,081,765935,4187,3650,6,3656,106
2020-07-06,Santa Barbara,083,443738,4523,3763,38,3801,27
2020-07-06,Santa Clara,085,1922200,7171,5369,19,5388,165
2020-07-06,Santa Cruz,087,273765,600,466,2,468,2
2020-07-06,Shasta,089,179085,261,143,1,144,6
2020-07-06,Sierra,091,2930,1,1,0,1,0
2020-07-06,Siskiyou,093,43540,50,30,0,30,0
2020-07-06,Solano,095,438530,2460,1668,7,1675,22
2020-07-06,Sonoma,097,501317,1922,1369,5,1374,8
2020-07-06,Stanislaus,099,539301,5624,3983,8,3991,46
2020-07-06,Sutter,101,95872,350,250,0,250,2
2020-07-06,Tehama,103,63373,122,95,2,97,1
2020-07-06,Trinity,105,12862,19,2,5,7,0
2020-07-06,Tulare,107,460477,6724,5039,14,5053,136
2020-07-06,Tuolumne,109,53932,72,30,4,34,0
2020-07-06,Ventura,111,848112,5403,3912,18,3930,44
2020-07-06,Yolo,113,214977,975,685,3,688,26
2020-07-06,Yuba,115,75493,147,124,0,124,1
2020-07-05,Alameda,001,1643700,8171,6861,10,6871,141
2020-07-05,Alpine,002,1148,1,1,0,1,0
2020-07-05,Amador,005,37829,37,31,0,31,0
2020-07-05,Butte,007,227075,397,248,18,266,2
2020-07-05,Calaveras,009,45235,69,45,0,45,0
2020-07-05,Colusa,011,21464,124,79,0,79,0
2020-07-05,Contra Costa,013,1133247,5032,3665,6,3671,80
2020-07-05,Del Norte,015,27424,60,57,0,57,0
2020-07-05,El Dorado,017,186661,384,227,4,231,0
2020-07-05,Fresno,019,978130,11981,6186,83,6269,82
2020-07-05,Glenn,021,27897,194,129,0,129,0
2020-07-05,Humboldt,023,135768,184,147,1,148,3
2020-07-05,Imperial,025,180216,8591,6441,4,6445,47
2020-07-05,Inyo,027,18085,35,32,1,33,1
2020-07-05,Kern,029,883053,11987,5351,40,5391,82
2020-07-05,Kings,031,150075,3056,2546,8,2554,31
2020-07-05,Lake,033,64148,122,92,0,92,1
2020-07-05,Lassen,035,31185,258,219,2,221,0
2020-07-05,Los Angeles,037,10098052,133548,115133,105,115238,3495
2020-07-05,Madera,039,155013,1268,564,3,567,4
2020-07-05,Marin,041,260295,3449,2080,4,2084,17
2020-07-05,Mariposa,043,17540,36,31,0,31,1
2020-07-05,Mendocino,045,87422,104,72,0,72,0
2020-07-05,Merced,047,269075,2364,1340,1,1341,10
2020-07-05,Modoc,049,8938,1,0,0,0,0
2020-07-05,Mono,051,14174,54,39,0,39,1
2020-07-05,Monterey,053,433212,2699,1994,4,1998,15
2020-07-05,Napa,055,140530,579,450,0,450,4
2020-07-05,Nevada,057,99092,186,141,5,146,1
2020-07-05,Orange,059,3164182,27613,19430,279,19709,372
2020-07-05,Placer,061,380077,1165,855,3,858,11
2020-07-05,Plumas,063,18699,16,11,0,11,0
2020-07-05,Riverside,065,2383286,27706,21511,28,21539,474
2020-07-05,Sacramento,067,1510023,5670,4265,6,4271,71
2020-07-05,San Benito,069,59416,348,258,0,258,2
2020-07-05,San Bernardino,071,2135413,23094,15026,16,15042,270
2020-07-05,San Diego,073,3302833,20634,16728,2,16730,387
2020-07-05,San Francisco,075,870044,4556,3861,1,3862,50
2020-07-05,San Joaquin,077,732212,7058,5015,4,5019,57
2020-07-05,San Luis Obispo,079,281455,1078,730,7,737,2
2020-07-05,San Mateo,081,765935,4077,3575,6,3581,106
2020-07-05,Santa Barbara,083,443738,4376,3671,35,3706,27
2020-07-05,Santa Clara,085,1922200,6875,5237,19,5256,162
2020-07-05,Santa Cruz,087,273765,582,467,0,467,2
2020-07-05,Shasta,089,179085,255,138,1,139,6
2020-07-05,Sierra,091,2930,1,1,0,1,0
2020-07-05,Siskiyou,093,43540,46,30,0,30,0
2020-07-05,Solano,095,438530,2339,1547,7,1554,22
2020-07-05,Sonoma,097,501317,1841,1369,5,1374,8
2020-07-05,Stanislaus,099,539301,5294,3777,7,3784,45
2020-07-05,Sutter,101,95872,322,241,0,241,2
2020-07-05,Tehama,103,63373,120,95,2,97,1
2020-07-05,Trinity,105,12862,19,2,5,7,0
2020-07-05,Tulare,107,460477,6465,4981,12,4993,135
2020-07-05,Tuolumne,109,53932,67,30,3,33,0
2020-07-05,Ventura,111,848112,5200,3866,18,3884,44
2020-07-05,Yolo,113,214977,935,644,3,647,26
2020-07-05,Yuba,115,75493,137,115,0,115,1
2020-07-04,Alameda,001,1643700,8059,6737,10,6747,141
2020-07-04,Alpine,002,1148,1,1,0,1,0
2020-07-04,Amador,005,37829,36,31,0,31,0
2020-07-04,Butte,007,227075,379,224,18,242,2
2020-07-04,Calaveras,009,45235,69,45,0,45,0
2020-07-04,Colusa,011,21464,123,76,0,76,0
2020-07-04,Contra Costa,013,1133247,4886,3583,6,3589,80
2020-07-04,Del Norte,015,27424,60,50,0,50,0
2020-07-04,El Dorado,017,186661,365,211,4,215,0
2020-07-04,Fresno,019,978130,11664,5999,81,6080,82
2020-07-04,Glenn,021,27897,187,128,0,128,0
2020-07-04,Humboldt,023,135768,177,144,1,145,3
2020-07-04,Imperial,025,180216,8541,6441,4,6445,47
2020-07-04,Inyo,027,18085,35,32,1,33,1
2020-07-04,Kern,029,883053,11683,5231,40,5271,81
2020-07-04,Kings,031,150075,3013,2509,8,2517,31
2020-07-04,Lake,033,64148,115,86,0,86,1
2020-07-04,Lassen,035,31185,258,219,2,221,0
2020-07-04,Los Angeles,037,10098052,131732,107256,94,107350,3462
2020-07-04,Madera,039,155013,1222,568,3,571,4
2020-07-04,Marin,041,260295,3420,1962,4,1966,17
2020-07-04,Mariposa,043,17540,36,28,0,28,1
2020-07-04,Mendocino,045,87422,104,72,0,72,0
2020-07-04,Merced,047,269075,2265,1252,1,1253,10
2020-07-04,Modoc,049,8938,1,0,0,0,0
2020-07-04,Mono,051,14174,54,37,0,37,1
2020-07-04,Monterey,053,433212,2619,1878,4,1882,15
2020-07-04,Napa,055,140530,570,426,0,426,4
2020-07-04,Nevada,057,99092,183,125,5,130,1
2020-07-04,Orange,059,3164182,27176,19247,266,19513,372
2020-07-04,Placer,061,380077,1130,796,3,799,11
2020-07-04,Plumas,063,18699,16,11,0,11,0
2020-07-04,Riverside,065,2383286,27340,21508,28,21536,474
2020-07-04,Sacramento,067,1510023,5499,4039,6,4045,71
2020-07-04,San Benito,069,59416,335,255,0,255,2
2020-07-04,San Bernardino,071,2135413,22668,14636,14,14650,270
2020-07-04,San Diego,073,3302833,20174,16166,2,16168,387
2020-07-04,San Francisco,075,870044,4464,3861,1,3862,50
2020-07-04,San Joaquin,077,732212,6846,4807,4,4811,57
2020-07-04,San Luis Obispo,079,281455,1038,699,7,706,2
2020-07-04,San Mateo,081,765935,4014,3532,6,3538,106
2020-07-04,Santa Barbara,083,443738,4301,3520,33,3553,27
2020-07-04,Santa Clara,085,1922200,6684,5045,18,5063,161
2020-07-04,Santa Cruz,087,273765,572,466,0,466,2
2020-07-04,Shasta,089,179085,252,135,1,136,6
2020-07-04,Sierra,091,2930,1,1,0,1,0
2020-07-04,Siskiyou,093,43540,39,30,0,30,0
2020-07-04,Solano,095,438530,2302,1548,7,1555,22
2020-07-04,Sonoma,097,501317,1815,1370,5,1375,8
2020-07-04,Stanislaus,099,539301,5136,3572,7,3579,44
2020-07-04,Sutter,101,95872,303,225,0,225,2
2020-07-04,Tehama,103,63373,117,92,2,94,1
2020-07-04,Trinity,105,12862,19,2,5,7,0
2020-07-04,Tulare,107,460477,6353,4802,12,4814,135
2020-07-04,Tuolumne,109,53932,63,30,3,33,0
2020-07-04,Ventura,111,848112,5076,3687,18,3705,44
2020-07-04,Yolo,113,214977,910,615,3,618,26
2020-07-04,Yuba,115,75493,130,102,0,102,1
2020-07-03,Alameda,001,1643700,7938,6486,10,6496,141
2020-07-03,Alpine,002,1148,1,1,0,1,0
2020-07-03,Amador,005,37829,36,25,0,25,0
2020-07-03,Butte,007,227075,367,212,18,230,2
2020-07-03,Calaveras,009,45235,69,44,0,44,0
2020-07-03,Colusa,011,21464,117,70,0,70,0
2020-07-03,Contra Costa,013,1133247,4750,3447,6,3453,78
2020-07-03,Del Norte,015,27424,60,50,0,50,0
2020-07-03,El Dorado,017,186661,353,201,4,205,0
2020-07-03,Fresno,019,978130,11359,5783,79,5862,81
2020-07-03,Glenn,021,27897,182,122,0,122,0
2020-07-03,Humboldt,023,135768,173,143,1,144,3
2020-07-03,Imperial,025,180216,8493,6345,4,6349,47
2020-07-03,Inyo,027,18085,35,32,1,33,1
2020-07-03,Kern,029,883053,11421,5213,40,5253,81
2020-07-03,Kings,031,150075,2977,2492,8,2500,31
2020-07-03,Lake,033,64148,108,83,0,83,0
2020-07-03,Lassen,035,31185,258,219,2,221,0
2020-07-03,Los Angeles,037,10098052,130219,107236,90,107326,3461
2020-07-03,Madera,039,155013,1178,565,3,568,4
2020-07-03,Marin,041,260295,3392,1776,4,1780,17
2020-07-03,Mariposa,043,17540,36,28,0,28,1
2020-07-03,Mendocino,045,87422,103,72,0,72,0
2020-07-03,Merced,047,269075,2197,1188,1,1189,10
2020-07-03,Modoc,049,8938,1,0,0,0,0
2020-07-03,Mono,051,14174,54,37,0,37,1
2020-07-03,Monterey,053,433212,2549,1804,4,1808,15
2020-07-03,Napa,055,140530,552,388,0,388,4
2020-07-03,Nevada,057,99092,182,125,5,130,1
2020-07-03,Orange,059,3164182,26785,18819,258,19077,366
2020-07-03,Placer,061,380077,1103,745,3,748,11
2020-07-03,Plumas,063,18699,16,11,0,11,0
2020-07-03,Riverside,065,2383286,27034,21171,28,21199,472
2020-07-03,Sacramento,067,1510023,5365,3711,6,3717,71
2020-07-03,San Benito,069,59416,328,243,0,243,2
2020-07-03,San Bernardino,071,2135413,22280,14040,14,14054,269
2020-07-03,San Diego,073,3302833,19719,15698,2,15700,387
2020-07-03,San Francisco,075,870044,4418,3781,1,3782,50
2020-07-03,San Joaquin,077,732212,6708,4416,3,4419,56
2020-07-03,San Luis Obispo,079,281455,1003,676,7,683,2
2020-07-03,San Mateo,081,765935,3957,3439,6,3445,106
2020-07-03,Santa Barbara,083,443738,4214,3406,32,3438,27
2020-07-03,Santa Clara,085,1922200,6572,4820,18,4838,161
2020-07-03,Santa Cruz,087,273765,558,436,0,436,2
2020-07-03,Shasta,089,179085,244,113,1,114,6
2020-07-03,Sierra,091,2930,1,1,0,1,0
2020-07-03,Siskiyou,093,43540,36,30,0,30,0
2020-07-03,Solano,095,438530,2258,1496,6,1502,22
2020-07-03,Sonoma,097,501317,1767,1282,5,1287,8
2020-07-03,Stanislaus,099,539301,5012,3021,7,3028,43
2020-07-03,Sutter,101,95872,293,205,0,205,2
2020-07-03,Tehama,103,63373,115,89,2,91,1
2020-07-03,Trinity,105,12862,19,2,5,7,0
2020-07-03,Tulare,107,460477,6238,4656,12,4668,134
2020-07-03,Tuolumne,109,53932,61,27,3,30,0
2020-07-03,Ventura,111,848112,4980,3536,18,3554,44
2020-07-03,Yolo,113,214977,876,586,3,589,25
2020-07-03,Yuba,115,75493,125,96,0,96,1
2020-07-02,Alameda,001,1643700,7812,6386,10,6396,139
2020-07-02,Alpine,002,1148,1,1,0,1,0
2020-07-02,Amador,005,37829,35,23,0,23,0
2020-07-02,Butte,007,227075,350,199,18,217,2
2020-07-02,Calaveras,009,45235,65,42,0,42,0
2020-07-02,Colusa,011,21464,109,60,0,60,0
2020-07-02,Contra Costa,013,1133247,4568,3347,6,3353,77
2020-07-02,Del Norte,015,27424,59,50,0,50,0
2020-07-02,El Dorado,017,186661,342,193,4,197,0
2020-07-02,Fresno,019,978130,10898,5402,79,5481,78
2020-07-02,Glenn,021,27897,176,114,0,114,0
2020-07-02,Humboldt,023,135768,169,138,1,139,3
2020-07-02,Imperial,025,180216,8392,6236,4,6240,47
2020-07-02,Inyo,027,18085,35,29,1,30,1
2020-07-02,Kern,029,883053,10886,5036,38,5074,78
2020-07-02,Kings,031,150075,2926,2419,8,2427,31
2020-07-02,Lake,033,64148,104,81,0,81,0
2020-07-02,Lassen,035,31185,256,218,2,220,0
2020-07-02,Los Angeles,037,10098052,128202,107144,67,107211,3458
2020-07-02,Madera,039,155013,1110,548,3,551,4
2020-07-02,Marin,041,260295,3306,1706,4,1710,17
2020-07-02,Mariposa,043,17540,35,28,0,28,1
2020-07-02,Mendocino,045,87422,99,71,0,71,0
2020-07-02,Merced,047,269075,2094,1122,1,1123,10
2020-07-02,Modoc,049,8938,1,0,0,0,0
2020-07-02,Mono,051,14174,54,37,0,37,1
2020-07-02,Monterey,053,433212,2489,1796,4,1800,15
2020-07-02,Napa,055,140530,535,352,0,352,4
2020-07-02,Nevada,057,99092,176,118,4,122,1
2020-07-02,Orange,059,3164182,26017,17056,245,17301,360
2020-07-02,Placer,061,380077,1079,740,3,743,11
2020-07-02,Plumas,063,18699,15,8,0,8,0
2020-07-02,Riverside,065,2383286,26460,20253,28,20281,458
2020-07-02,Sacramento,067,1510023,5138,3587,6,3593,70
2020-07-02,San Benito,069,59416,320,236,0,236,2
2020-07-02,San Bernardino,071,2135413,21744,13185,14,13199,260
2020-07-02,San Diego,073,3302833,19254,15208,2,15210,377
2020-07-02,San Francisco,075,870044,4323,3676,1,3677,50
2020-07-02,San Joaquin,077,732212,6361,4243,3,4246,56
2020-07-02,San Luis Obispo,079,281455,958,659,7,666,2
2020-07-02,San Mateo,081,765935,3877,3390,6,3396,107
2020-07-02,Santa Barbara,083,443738,4114,3385,30,3415,27
2020-07-02,Santa Clara,085,1922200,6445,4722,18,4740,160
2020-07-02,Santa Cruz,087,273765,535,414,0,414,2
2020-07-02,Shasta,089,179085,241,110,1,111,5
2020-07-02,Sierra,091,2930,1,1,0,1,0
2020-07-02,Siskiyou,093,43540,36,30,0,30,0
2020-07-02,Solano,095,438530,2174,1429,6,1435,21
2020-07-02,Sonoma,097,501317,1709,1244,5,1249,6
2020-07-02,Stanislaus,099,539301,4840,2850,7,2857,41
2020-07-02,Sutter,101,95872,282,195,0,195,2
2020-07-02,Tehama,103,63373,113,86,2,88,1
2020-07-02,Trinity,105,12862,19,2,5,7,0
2020-07-02,Tulare,107,460477,6071,4559,11,4570,132
2020-07-02,Tuolumne,109,53932,58,23,2,25,0
2020-07-02,Ventura,111,848112,4824,3394,18,3412,42
2020-07-02,Yolo,113,214977,844,554,3,557,24
2020-07-02,Yuba,115,75493,115,93,0,93,1
2020-07-01,Alameda,001,1643700,7594,6125,10,6135,137
2020-07-01,Alpine,002,1148,1,1,0,1,0
2020-07-01,Amador,005,37829,34,22,0,22,0
2020-07-01,Butte,007,227075,325,185,18,203,2
2020-07-01,Calaveras,009,45235,63,37,0,37,0
2020-07-01,Colusa,011,21464,103,53,0,53,0
2020-07-01,Contra Costa,013,1133247,4355,3259,6,3265,76
2020-07-01,Del Norte,015,27424,59,50,0,50,0
2020-07-01,El Dorado,017,186661,315,183,4,187,0
2020-07-01,Fresno,019,978130,10464,5111,76,5187,76
2020-07-01,Glenn,021,27897,170,110,0,110,0
2020-07-01,Humboldt,023,135768,164,134,0,134,3
2020-07-01,Imperial,025,180216,8295,6150,4,6154,46
2020-07-01,Inyo,027,18085,34,30,1,31,1
2020-07-01,Kern,029,883053,10252,4853,37,4890,78
2020-07-01,Kings,031,150075,2858,2360,8,2368,30
2020-07-01,Lake,033,64148,103,75,0,75,0
2020-07-01,Lassen,035,31185,255,217,2,219,0
2020-07-01,Los Angeles,037,10098052,125004,105325,58,105383,3408
2020-07-01,Madera,039,155013,1069,519,3,522,4
2020-07-01,Marin,041,260295,3149,1636,4,1640,17
2020-07-01,Mariposa,043,17540,35,29,0,29,1
2020-07-01,Mendocino,045,87422,95,70,0,70,0
2020-07-01,Merced,047,269075,1997,1052,1,1053,10
2020-07-01,Modoc,049,8938,1,0,0,0,0
2020-07-01,Mono,051,14174,51,37,0,37,1
2020-07-01,Monterey,053,433212,2381,1703,3,1706,15
2020-07-01,Napa,055,140530,512,347,0,347,4
2020-07-01,Nevada,057,99092,166,115,4,119,1
2020-07-01,Orange,059,3164182,25124,15662,224,15886,343
2020-07-01,Placer,061,380077,1032,713,3,716,11
2020-07-01,Plumas,063,18699,13,8,0,8,0
2020-07-01,Riverside,065,2383286,25617,19537,27,19564,457
2020-07-01,Sacramento,067,1510023,4883,3425,6,3431,64
2020-07-01,San Benito,069,59416,311,219,0,219,2
2020-07-01,San Bernardino,071,2135413,20850,12712,11,12723,253
2020-07-01,San Diego,073,3302833,18686,14624,2,14626,372
2020-07-01,San Francisco,075,870044,4230,3626,1,3627,50
2020-07-01,San Joaquin,077,732212,6003,3990,3,3993,54
2020-07-01,San Luis Obispo,079,281455,931,613,7,620,1
2020-07-01,San Mateo,081,765935,3815,3326,6,3332,84
2020-07-01,Santa Barbara,083,443738,3994,3268,29,3297,27
2020-07-01,Santa Clara,085,1922200,6259,4547,17,4564,159
2020-07-01,Santa Cruz,087,273765,511,398,0,398,2
2020-07-01,Shasta,089,179085,236,104,1,105,5
2020-07-01,Sierra,091,2930,1,1,0,1,0
2020-07-01,Siskiyou,093,43540,36,28,0,28,0
2020-07-01,Solano,095,438530,2082,1350,6,1356,21
2020-07-01,Sonoma,097,501317,1614,1178,5,1183,6
2020-07-01,Stanislaus,099,539301,4562,2619,7,2626,41
2020-07-01,Sutter,101,95872,269,188,0,188,2
2020-07-01,Tehama,103,63373,106,80,2,82,1
2020-07-01,Trinity,105,12862,19,2,4,6,0
2020-07-01,Tulare,107,460477,5895,4359,11,4370,128
2020-07-01,Tuolumne,109,53932,55,17,2,19,0
2020-07-01,Ventura,111,848112,4682,3224,16,3240,41
2020-07-01,Yolo,113,214977,793,526,3,529,24
2020-07-01,Yuba,115,75493,110,57,0,57,1
2020-06-30,Alameda,001,1643700,7347,5959,8,5967,137
2020-06-30,Alpine,002,1148,1,1,0,1,0
2020-06-30,Amador,005,37829,34,21,0,21,0
2020-06-30,Butte,007,227075,308,163,17,180,2
2020-06-30,Calaveras,009,45235,59,31,0,31,0
2020-06-30,Colusa,011,21464,94,33,0,33,0
2020-06-30,Contra Costa,013,1133247,4144,3140,6,3146,75
2020-06-30,Del Norte,015,27424,59,48,0,48,0
2020-06-30,El Dorado,017,186661,302,175,4,179,0
2020-06-30,Fresno,019,978130,10019,4826,71,4897,75
2020-06-30,Glenn,021,27897,165,96,0,96,0
2020-06-30,Humboldt,023,135768,160,132,0,132,3
2020-06-30,Imperial,025,180216,8196,5968,4,5972,45
2020-06-30,Inyo,027,18085,34,30,1,31,1
2020-06-30,Kern,029,883053,9605,4721,34,4755,75
2020-06-30,Kings,031,150075,2809,2315,5,2320,30
2020-06-30,Lake,033,64148,95,56,0,56,0
2020-06-30,Lassen,035,31185,248,215,2,217,0
2020-06-30,Los Angeles,037,10098052,121421,103640,55,103695,3378
2020-06-30,Madera,039,155013,1012,475,3,478,4
2020-06-30,Marin,041,260295,3078,1614,4,1618,17
2020-06-30,Mariposa,043,17540,34,27,0,27,1
2020-06-30,Mendocino,045,87422,90,65,0,65,0
2020-06-30,Merced,047,269075,1860,970,1,971,10
2020-06-30,Modoc,049,8938,1,0,0,0,0
2020-06-30,Mono,051,14174,49,36,0,36,1
2020-06-30,Monterey,053,433212,2284,1657,3,1660,15
2020-06-30,Napa,055,140530,487,342,0,342,4
2020-06-30,Nevada,057,99092,158,113,4,117,1
2020-06-30,Orange,059,3164182,24186,14354,214,14568,335
2020-06-30,Placer,061,380077,1005,667,3,670,11
2020-06-30,Plumas,063,18699,12,8,0,8,0
2020-06-30,Riverside,065,2383286,24899,18656,26,18682,449
2020-06-30,Sacramento,067,1510023,4594,3246,6,3252,64
2020-06-30,San Benito,069,59416,300,200,0,200,2
2020-06-30,San Bernardino,071,2135413,19868,12375,10,12385,249
2020-06-30,San Diego,073,3302833,17981,14150,2,14152,365
2020-06-30,San Francisco,075,870044,4125,3555,1,3556,50
2020-06-30,San Joaquin,077,732212,5629,3744,3,3747,52
2020-06-30,San Luis Obispo,079,281455,891,583,7,590,1
2020-06-30,San Mateo,081,765935,3737,3268,6,3274,84
2020-06-30,Santa Barbara,083,443738,3878,3102,29,3131,25
2020-06-30,Santa Clara,085,1922200,6056,4346,17,4363,157
2020-06-30,Santa Cruz,087,273765,485,379,0,379,2
2020-06-30,Shasta,089,179085,220,100,1,101,5
2020-06-30,Sierra,091,2930,1,1,0,1,0
2020-06-30,Siskiyou,093,43540,35,26,0,26,0
2020-06-30,Solano,095,438530,1990,1256,6,1262,21
2020-06-30,Sonoma,097,501317,1551,1122,5,1127,6
2020-06-30,Stanislaus,099,539301,4265,2578,7,2585,41
2020-06-30,Sutter,101,95872,246,168,0,168,2
2020-06-30,Tehama,103,63373,104,75,2,77,1
2020-06-30,Trinity,105,12862,19,2,4,6,0
2020-06-30,Tulare,107,460477,5686,4207,11,4218,117
2020-06-30,Tuolumne,109,53932,51,16,2,18,0
2020-06-30,Ventura,111,848112,4548,3030,16,3046,40
2020-06-30,Yolo,113,214977,755,515,3,518,24
2020-06-30,Yuba,115,75493,106,55,0,55,1
2020-06-29,Alameda,001,1643700,7139,5766,8,5774,135
2020-06-29,Alpine,002,1148,1,1,0,1,0
2020-06-29,Amador,005,37829,31,20,0,20,0
2020-06-29,Butte,007,227075,287,157,17,174,2
2020-06-29,Calaveras,009,45235,56,30,0,30,0
2020-06-29,Colusa,011,21464,89,17,0,17,0
2020-06-29,Contra Costa,013,1133247,3980,2976,5,2981,75
2020-06-29,Del Norte,015,27424,59,47,0,47,0
2020-06-29,El Dorado,017,186661,288,163,2,165,0
2020-06-29,Fresno,019,978130,9672,4531,70,4601,74
2020-06-29,Glenn,021,27897,156,77,0,77,0
2020-06-29,Humboldt,023,135768,159,128,0,128,3
2020-06-29,Imperial,025,180216,8066,5512,4,5516,45
2020-06-29,Inyo,027,18085,33,29,0,29,1
2020-06-29,Kern,029,883053,8942,4613,32,4645,73
2020-06-29,Kings,031,150075,2744,2280,5,2285,20
2020-06-29,Lake,033,64148,88,53,0,53,0
2020-06-29,Lassen,035,31185,240,77,2,79,0
2020-06-29,Los Angeles,037,10098052,118385,100846,49,100895,3337
2020-06-29,Madera,039,155013,955,422,3,425,4
2020-06-29,Marin,041,260295,3002,1517,4,1521,17
2020-06-29,Mariposa,043,17540,32,25,0,25,1
2020-06-29,Mendocino,045,87422,87,63,0,63,0
2020-06-29,Merced,047,269075,1751,848,1,849,10
2020-06-29,Modoc,049,8938,1,0,0,0,0
2020-06-29,Mono,051,14174,47,35,0,35,1
2020-06-29,Monterey,053,433212,2212,1614,3,1617,14
2020-06-29,Napa,055,140530,465,317,0,317,4
2020-06-29,Nevada,057,99092,155,107,3,110,1
2020-06-29,Orange,059,3164182,23187,13682,199,13881,324
2020-06-29,Placer,061,380077,969,628,3,631,11
2020-06-29,Plumas,063,18699,12,6,0,6,0
2020-06-29,Riverside,065,2383286,23865,17683,26,17709,432
2020-06-29,Sacramento,067,1510023,4307,2985,6,2991,62
2020-06-29,San Benito,069,59416,285,193,0,193,2
2020-06-29,San Bernardino,071,2135413,18905,11643,10,11653,245
2020-06-29,San Diego,073,3302833,17403,13834,2,13836,361
2020-06-29,San Francisco,075,870044,4048,3389,1,3390,50
2020-06-29,San Joaquin,077,732212,5271,3202,3,3205,52
2020-06-29,San Luis Obispo,079,281455,857,544,7,551,1
2020-06-29,San Mateo,081,765935,3683,3170,6,3176,84
2020-06-29,Santa Barbara,083,443738,3769,2933,28,2961,25
2020-06-29,Santa Clara,085,1922200,5886,4231,17,4248,157
2020-06-29,Santa Cruz,087,273765,467,348,0,348,2
2020-06-29,Shasta,089,179085,212,94,1,95,5
2020-06-29,Sierra,091,2930,1,1,0,1,0
2020-06-29,Siskiyou,093,43540,35,25,0,25,0
2020-06-29,Solano,095,438530,1887,1077,6,1083,21
2020-06-29,Sonoma,097,501317,1479,1103,5,1108,5
2020-06-29,Stanislaus,099,539301,4060,2400,6,2406,36
2020-06-29,Sutter,101,95872,224,152,0,152,2
2020-06-29,Tehama,103,63373,100,63,2,65,1
2020-06-29,Trinity,105,12862,18,2,4,6,0
2020-06-29,Tulare,107,460477,5532,3906,10,3916,117
2020-06-29,Tuolumne,109,53932,47,16,2,18,0
2020-06-29,Ventura,111,848112,4401,2794,16,2810,40
2020-06-29,Yolo,113,214977,722,483,3,486,24
2020-06-29,Yuba,115,75493,93,55,0,55,1
2020-06-28,Alameda,001,1643700,6878,5698,8,5706,135
2020-06-28,Alpine,002,1148,1,1,0,1,0
2020-06-28,Amador,005,37829,29,20,0,20,0
2020-06-28,Butte,007,227075,268,150,16,166,2
2020-06-28,Calaveras,009,45235,51,30,0,30,0
2020-06-28,Colusa,011,21464,74,17,0,17,0
2020-06-28,Contra Costa,013,1133247,3790,2803,4,2807,73
2020-06-28,Del Norte,015,27424,58,47,0,47,0
2020-06-28,El Dorado,017,186661,276,162,2,164,0
2020-06-28,Fresno,019,978130,9308,4365,70,4435,74
2020-06-28,Glenn,021,27897,148,77,0,77,0
2020-06-28,Humboldt,023,135768,156,127,0,127,3
2020-06-28,Imperial,025,180216,7876,5513,4,5517,45
2020-06-28,Inyo,027,18085,33,29,0,29,1
2020-06-28,Kern,029,883053,8391,4541,29,4570,72
2020-06-28,Kings,031,150075,2684,2234,5,2239,18
2020-06-28,Lake,033,64148,84,53,0,53,0
2020-06-28,Lassen,035,31185,240,77,2,79,0
2020-06-28,Los Angeles,037,10098052,115181,98003,45,98048,3316
2020-06-28,Madera,039,155013,907,424,3,427,4
2020-06-28,Marin,041,260295,2656,1473,4,1477,17
2020-06-28,Mariposa,043,17540,32,24,0,24,1
2020-06-28,Mendocino,045,87422,85,63,0,63,0
2020-06-28,Merced,047,269075,1638,814,1,815,10
2020-06-28,Modoc,049,8938,1,0,0,0,0
2020-06-28,Mono,051,14174,47,35,0,35,1
2020-06-28,Monterey,053,433212,2130,1560,3,1563,13
2020-06-28,Napa,055,140530,431,307,0,307,4
2020-06-28,Nevada,057,99092,144,102,3,105,1
2020-06-28,Orange,059,3164182,22205,13213,181,13394,324
2020-06-28,Placer,061,380077,930,618,3,621,11
2020-06-28,Plumas,063,18699,11,6,0,6,0
2020-06-28,Riverside,065,2383286,23036,16848,25,16873,432
2020-06-28,Sacramento,067,1510023,4079,2803,6,2809,63
2020-06-28,San Benito,069,59416,274,190,0,190,2
2020-06-28,San Bernardino,071,2135413,18153,11344,9,11353,245
2020-06-28,San Diego,073,3302833,16857,13333,2,13335,361
2020-06-28,San Francisco,075,870044,3970,3388,1,3389,50
2020-06-28,San Joaquin,077,732212,4934,3201,3,3204,52
2020-06-28,San Luis Obispo,079,281455,818,531,6,537,1
2020-06-28,San Mateo,081,765935,3606,3124,5,3129,84
2020-06-28,Santa Barbara,083,443738,3624,2872,28,2900,25
2020-06-28,Santa Clara,085,1922200,5724,4131,17,4148,156
2020-06-28,Santa Cruz,087,273765,444,349,0,349,2
2020-06-28,Shasta,089,179085,199,89,0,89,5
2020-06-28,Sierra,091,2930,1,1,0,1,0
2020-06-28,Siskiyou,093,43540,35,25,0,25,0
2020-06-28,Solano,095,438530,1812,1077,6,1083,21
2020-06-28,Sonoma,097,501317,1425,1084,5,1089,5
2020-06-28,Stanislaus,099,539301,3854,2376,6,2382,36
2020-06-28,Sutter,101,95872,198,145,0,145,2
2020-06-28,Tehama,103,63373,93,63,2,65,1
2020-06-28,Trinity,105,12862,17,2,4,6,0
2020-06-28,Tulare,107,460477,5364,3812,10,3822,117
2020-06-28,Tuolumne,109,53932,42,14,2,16,0
2020-06-28,Ventura,111,848112,4243,2650,16,2666,40
2020-06-28,Yolo,113,214977,687,468,3,471,24
2020-06-28,Yuba,115,75493,89,39,0,39,1
2020-06-27,Alameda,001,1643700,6782,5581,8,5589,135
2020-06-27,Alpine,002,1148,1,1,0,1,0
2020-06-27,Amador,005,37829,27,20,0,20,0
2020-06-27,Butte,007,227075,260,137,15,152,2
2020-06-27,Calaveras,009,45235,49,30,0,30,0
2020-06-27,Colusa,011,21464,68,17,0,17,0
2020-06-27,Contra Costa,013,1133247,3696,2717,3,2720,72
2020-06-27,Del Norte,015,27424,58,47,0,47,0
2020-06-27,El Dorado,017,186661,270,159,2,161,0
2020-06-27,Fresno,019,978130,9061,4238,70,4308,74
2020-06-27,Glenn,021,27897,144,77,0,77,0
2020-06-27,Humboldt,023,135768,154,127,0,127,3
2020-06-27,Imperial,025,180216,7815,5513,4,5517,45
2020-06-27,Inyo,027,18085,33,29,0,29,1
2020-06-27,Kern,029,883053,8128,4411,28,4439,70
2020-06-27,Kings,031,150075,2658,2187,5,2192,18
2020-06-27,Lake,033,64148,81,42,0,42,0
2020-06-27,Lassen,035,31185,240,33,2,35,0
2020-06-27,Los Angeles,037,10098052,113439,95341,42,95383,3291
2020-06-27,Madera,039,155013,864,427,2,429,4
2020-06-27,Marin,041,260295,2610,1423,4,1427,17
2020-06-27,Mariposa,043,17540,31,22,0,22,1
2020-06-27,Mendocino,045,87422,85,63,0,63,0
2020-06-27,Merced,047,269075,1578,807,0,807,10
2020-06-27,Modoc,049,8938,1,0,0,0,0
2020-06-27,Mono,051,14174,46,35,0,35,1
2020-06-27,Monterey,053,433212,2066,1455,3,1458,12
2020-06-27,Napa,055,140530,421,282,0,282,3
2020-06-27,Nevada,057,99092,140,102,2,104,1
2020-06-27,Orange,059,3164182,21694,12951,176,13127,320
2020-06-27,Placer,061,380077,909,584,3,587,10
2020-06-27,Plumas,063,18699,11,6,0,6,0
2020-06-27,Riverside,065,2383286,22646,16209,25,16234,432
2020-06-27,Sacramento,067,1510023,3962,2685,6,2691,63
2020-06-27,San Benito,069,59416,267,182,0,182,2
2020-06-27,San Bernardino,071,2135413,17778,11238,9,11247,243
2020-06-27,San Diego,073,3302833,16492,12836,2,12838,360
2020-06-27,San Francisco,075,870044,3915,3332,1,3333,49
2020-06-27,San Joaquin,077,732212,4768,2995,3,2998,52
2020-06-27,San Luis Obispo,079,281455,795,505,6,511,1
2020-06-27,San Mateo,081,765935,3549,3083,5,3088,83
2020-06-27,Santa Barbara,083,443738,3552,2799,28,2827,25
2020-06-27,Santa Clara,085,1922200,5618,4006,17,4023,157
2020-06-27,Santa Cruz,087,273765,437,347,0,347,2
2020-06-27,Shasta,089,179085,193,87,0,87,5
2020-06-27,Sierra,091,2930,1,1,0,1,0
2020-06-27,Siskiyou,093,43540,35,25,0,25,0
2020-06-27,Solano,095,438530,1779,1076,6,1082,21
2020-06-27,Sonoma,097,501317,1392,1004,5,1009,5
2020-06-27,Stanislaus,099,539301,3754,2164,6,2170,36
2020-06-27,Sutter,101,95872,191,141,0,141,2
2020-06-27,Tehama,103,63373,90,63,2,65,1
2020-06-27,Trinity,105,12862,17,2,4,6,0
2020-06-27,Tulare,107,460477,5267,3810,10,3820,117
2020-06-27,Tuolumne,109,53932,41,13,2,15,0
2020-06-27,Ventura,111,848112,4144,2471,16,2487,40
2020-06-27,Yolo,113,214977,663,432,3,435,24
2020-06-27,Yuba,115,75493,81,39,0,39,1
2020-06-26,Alameda,001,1643700,6696,5502,7,5509,132
2020-06-26,Alpine,002,1148,1,1,0,1,0
2020-06-26,Amador,005,37829,26,20,0,20,0
2020-06-26,Butte,007,227075,245,135,15,150,2
2020-06-26,Calaveras,009,45235,47,30,0,30,0
2020-06-26,Colusa,011,21464,63,17,0,17,0
2020-06-26,Contra Costa,013,1133247,3583,2676,3,2679,72
2020-06-26,Del Norte,015,27424,57,47,0,47,0
2020-06-26,El Dorado,017,186661,262,159,2,161,0
2020-06-26,Fresno,019,978130,8836,4166,70,4236,74
2020-06-26,Glenn,021,27897,137,71,0,71,0
2020-06-26,Humboldt,023,135768,152,126,0,126,3
2020-06-26,Imperial,025,180216,7752,5400,4,5404,44
2020-06-26,Inyo,027,18085,32,29,0,29,1
2020-06-26,Kern,029,883053,7798,4366,28,4394,70
2020-06-26,Kings,031,150075,2626,2176,4,2180,18
2020-06-26,Lake,033,64148,80,42,0,42,0
2020-06-26,Lassen,035,31185,239,30,2,32,0
2020-06-26,Los Angeles,037,10098052,111275,93328,42,93370,3275
2020-06-26,Madera,039,155013,832,409,2,411,4
2020-06-26,Marin,041,260295,2573,1406,4,1410,17
2020-06-26,Mariposa,043,17540,30,21,0,21,1
2020-06-26,Mendocino,045,87422,82,63,0,63,0
2020-06-26,Merced,047,269075,1531,797,0,797,10
2020-06-26,Modoc,049,8938,1,0,0,0,0
2020-06-26,Mono,051,14174,45,35,0,35,1
2020-06-26,Monterey,053,433212,2014,1449,3,1452,12
2020-06-26,Napa,055,140530,411,277,0,277,3
2020-06-26,Nevada,057,99092,136,101,1,102,1
2020-06-26,Orange,059,3164182,21015,12659,173,12832,320
2020-06-26,Placer,061,380077,880,584,3,587,10
2020-06-26,Plumas,063,18699,11,6,0,6,0
2020-06-26,Riverside,065,2383286,22183,15858,25,15883,430
2020-06-26,Sacramento,067,1510023,3797,2687,6,2693,63
2020-06-26,San Benito,069,59416,263,176,0,176,2
2020-06-26,San Bernardino,071,2135413,17400,11111,9,11120,243
2020-06-26,San Diego,073,3302833,16127,12402,2,12404,358
2020-06-26,San Francisco,075,870044,3860,3330,1,3331,49
2020-06-26,San Joaquin,077,732212,4554,2943,3,2946,52
2020-06-26,San Luis Obispo,079,281455,780,498,6,504,1
2020-06-26,San Mateo,081,765935,3497,3055,5,3060,83
2020-06-26,Santa Barbara,083,443738,3462,2784,26,2810,25
2020-06-26,Santa Clara,085,1922200,5518,3968,17,3985,156
2020-06-26,Santa Cruz,087,273765,430,344,0,344,2
2020-06-26,Shasta,089,179085,186,86,0,86,5
2020-06-26,Sierra,091,2930,1,1,0,1,0
2020-06-26,Siskiyou,093,43540,34,24,0,24,0
2020-06-26,Solano,095,438530,1737,1068,6,1074,21
2020-06-26,Sonoma,097,501317,1361,977,5,982,5
2020-06-26,Stanislaus,099,539301,3641,2157,6,2163,36
2020-06-26,Sutter,101,95872,184,138,0,138,2
2020-06-26,Tehama,103,63373,87,63,2,65,1
2020-06-26,Trinity,105,12862,17,2,4,6,0
2020-06-26,Tulare,107,460477,5178,3720,10,3730,117
2020-06-26,Tuolumne,109,53932,39,10,2,12,0
2020-06-26,Ventura,111,848112,4058,2444,16,2460,40
2020-06-26,Yolo,113,214977,640,418,3,421,24
2020-06-26,Yuba,115,75493,75,38,0,38,1
2020-06-25,Alameda,001,1643700,6507,5398,7,5405,130
2020-06-25,Alpine,002,1148,1,1,0,1,0
2020-06-25,Amador,005,37829,25,18,0,18,0
2020-06-25,Butte,007,227075,240,127,15,142,1
2020-06-25,Calaveras,009,45235,42,26,0,26,0
2020-06-25,Colusa,011,21464,53,14,0,14,0
2020-06-25,Contra Costa,013,1133247,3398,2591,3,2594,71
2020-06-25,Del Norte,015,27424,55,47,0,47,0
2020-06-25,El Dorado,017,186661,254,150,2,152,0
2020-06-25,Fresno,019,978130,8523,3938,69,4007,71
2020-06-25,Glenn,021,27897,132,59,0,59,0
2020-06-25,Humboldt,023,135768,151,121,0,121,3
2020-06-25,Imperial,025,180216,7623,5192,4,5196,44
2020-06-25,Inyo,027,18085,29,27,0,27,1
2020-06-25,Kern,029,883053,7374,4236,25,4261,69
2020-06-25,Kings,031,150075,2574,2110,4,2114,17
2020-06-25,Lake,033,64148,79,42,0,42,0
2020-06-25,Lassen,035,31185,233,13,2,15,0
2020-06-25,Los Angeles,037,10098052,108507,91524,42,91566,3239
2020-06-25,Madera,039,155013,788,380,2,382,4
2020-06-25,Marin,041,260295,2471,1321,4,1325,17
2020-06-25,Mariposa,043,17540,29,20,0,20,1
2020-06-25,Mendocino,045,87422,79,61,0,61,0
2020-06-25,Merced,047,269075,1443,747,0,747,10
2020-06-25,Modoc,049,8938,1,0,0,0,0
2020-06-25,Mono,051,14174,44,35,0,35,1
2020-06-25,Monterey,053,433212,1926,1426,3,1429,12
2020-06-25,Napa,055,140530,393,260,0,260,3
2020-06-25,Nevada,057,99092,128,92,1,93,1
2020-06-25,Orange,059,3164182,20088,12221,171,12392,311
2020-06-25,Placer,061,380077,826,574,3,577,10
2020-06-25,Plumas,063,18699,10,6,0,6,0
2020-06-25,Riverside,065,2383286,21428,15224,25,15249,427
2020-06-25,Sacramento,067,1510023,3574,2519,6,2525,62
2020-06-25,San Benito,069,59416,255,174,0,174,2
2020-06-25,San Bernardino,071,2135413,16649,10590,9,10599,242
2020-06-25,San Diego,073,3302833,15588,11963,2,11965,352
2020-06-25,San Francisco,075,870044,3794,3252,1,3253,48
2020-06-25,San Joaquin,077,732212,4282,2803,3,2806,50
2020-06-25,San Luis Obispo,079,281455,748,473,6,479,1
2020-06-25,San Mateo,081,765935,3429,2996,4,3000,82
2020-06-25,Santa Barbara,083,443738,3357,2622,25,2647,25
2020-06-25,Santa Clara,085,1922200,5368,3871,17,3888,156
2020-06-25,Santa Cruz,087,273765,418,335,0,335,2
2020-06-25,Shasta,089,179085,176,84,0,84,5
2020-06-25,Sierra,091,2930,1,1,0,1,0
2020-06-25,Siskiyou,093,43540,33,24,0,24,0
2020-06-25,Solano,095,438530,1682,1034,6,1040,21
2020-06-25,Sonoma,097,501317,1312,953,4,957,5
2020-06-25,Stanislaus,099,539301,3429,2130,6,2136,36
2020-06-25,Sutter,101,95872,172,126,0,126,2
2020-06-25,Tehama,103,63373,83,59,2,61,1
2020-06-25,Trinity,105,12862,17,2,4,6,0
2020-06-25,Tulare,107,460477,5047,3656,10,3666,117
2020-06-25,Tuolumne,109,53932,38,10,1,11,0
2020-06-25,Ventura,111,848112,3876,2346,15,2361,40
2020-06-25,Yolo,113,214977,611,397,3,400,24
2020-06-25,Yuba,115,75493,64,38,0,38,1
2020-06-24,Alameda,001,1643700,6345,5242,7,5249,123
2020-06-24,Alpine,002,1148,1,1,0,1,0
2020-06-24,Amador,005,37829,23,16,0,16,0
2020-06-24,Butte,007,227075,224,119,14,133,1
2020-06-24,Calaveras,009,45235,40,26,0,26,0
2020-06-24,Colusa,011,21464,44,11,0,11,0
2020-06-24,Contra Costa,013,1133247,3243,2520,3,2523,66
2020-06-24,Del Norte,015,27424,49,47,0,47,0
2020-06-24,El Dorado,017,186661,238,149,2,151,0
2020-06-24,Fresno,019,978130,8192,3765,69,3834,71
2020-06-24,Glenn,021,27897,124,54,0,54,0
2020-06-24,Humboldt,023,135768,151,117,0,117,3
2020-06-24,Imperial,025,180216,7505,5138,4,5142,38
2020-06-24,Inyo,027,18085,29,28,0,28,1
2020-06-24,Kern,029,883053,6981,4155,23,4178,67
2020-06-24,Kings,031,150075,2510,2063,4,2067,16
2020-06-24,Lake,033,64148,66,40,0,40,0
2020-06-24,Lassen,035,31185,232,9,2,11,0
2020-06-24,Los Angeles,037,10098052,105746,89566,42,89608,3186
2020-06-24,Madera,039,155013,766,373,2,375,4
2020-06-24,Marin,041,260295,2244,1261,4,1265,17
2020-06-24,Mariposa,043,17540,28,19,0,19,1
2020-06-24,Mendocino,045,87422,79,60,0,60,0
2020-06-24,Merced,047,269075,1356,696,0,696,8
2020-06-24,Modoc,049,8938,1,0,0,0,0
2020-06-24,Mono,051,14174,42,35,0,35,1
2020-06-24,Monterey,053,433212,1850,1407,3,1410,12
2020-06-24,Napa,055,140530,376,258,0,258,3
2020-06-24,Nevada,057,99092,122,92,1,93,1
2020-06-24,Orange,059,3164182,19090,11804,153,11957,303
2020-06-24,Placer,061,380077,787,548,3,551,10
2020-06-24,Plumas,063,18699,10,6,0,6,0
2020-06-24,Riverside,065,2383286,20580,14946,25,14971,410
2020-06-24,Sacramento,067,1510023,3370,2446,5,2451,62
2020-06-24,San Benito,069,59416,251,171,0,171,2
2020-06-24,San Bernardino,071,2135413,15835,10211,9,10220,239
2020-06-24,San Diego,073,3302833,15085,11628,2,11630,347
2020-06-24,San Francisco,075,870044,3731,3216,1,3217,48
2020-06-24,San Joaquin,077,732212,4061,2680,3,2683,49
2020-06-24,San Luis Obispo,079,281455,717,461,5,466,1
2020-06-24,San Mateo,081,765935,3372,2964,4,2968,82
2020-06-24,Santa Barbara,083,443738,3238,2569,23,2592,22
2020-06-24,Santa Clara,085,1922200,5237,3812,17,3829,155
2020-06-24,Santa Cruz,087,273765,406,329,0,329,2
2020-06-24,Shasta,089,179085,168,83,0,83,5
2020-06-24,Sierra,091,2930,1,1,0,1,0
2020-06-24,Siskiyou,093,43540,32,24,0,24,0
2020-06-24,Solano,095,438530,1593,979,5,984,21
2020-06-24,Sonoma,097,501317,1263,933,4,937,4
2020-06-24,Stanislaus,099,539301,3250,2039,6,2045,36
2020-06-24,Sutter,101,95872,159,118,0,118,2
2020-06-24,Tehama,103,63373,81,55,2,57,1
2020-06-24,Trinity,105,12862,16,2,3,5,0
2020-06-24,Tulare,107,460477,4892,3541,10,3551,116
2020-06-24,Tuolumne,109,53932,33,9,1,10,0
2020-06-24,Ventura,111,848112,3535,2314,15,2329,42
2020-06-24,Yolo,113,214977,576,376,3,379,24
2020-06-24,Yuba,115,75493,58,37,0,37,1
2020-06-23,Alameda,001,1643700,6165,5159,7,5166,121
2020-06-23,Alpine,002,1148,1,1,0,1,0
2020-06-23,Amador,005,37829,22,13,0,13,0
2020-06-23,Butte,007,227075,206,111,14,125,1
2020-06-23,Calaveras,009,45235,40,26,0,26,0
2020-06-23,Colusa,011,21464,40,7,0,7,0
2020-06-23,Contra Costa,013,1133247,3116,2453,3,2456,60
2020-06-23,Del Norte,015,27424,48,46,0,46,0
2020-06-23,El Dorado,017,186661,229,142,2,144,0
2020-06-23,Fresno,019,978130,7543,3569,67,3636,67
2020-06-23,Glenn,021,27897,120,47,0,47,0
2020-06-23,Humboldt,023,135768,151,110,0,110,3
2020-06-23,Imperial,025,180216,7341,5025,4,5029,38
2020-06-23,Inyo,027,18085,29,26,0,26,1
2020-06-23,Kern,029,883053,6614,4087,20,4107,64
2020-06-23,Kings,031,150075,2445,1727,4,1731,16
2020-06-23,Lake,033,64148,60,40,0,40,0
2020-06-23,Lassen,035,31185,228,9,2,11,0
2020-06-23,Los Angeles,037,10098052,102802,88433,41,88474,3152
2020-06-23,Madera,039,155013,727,369,2,371,4
2020-06-23,Marin,041,260295,1975,1139,4,1143,17
2020-06-23,Mariposa,043,17540,26,18,0,18,1
2020-06-23,Mendocino,045,87422,78,61,0,61,0
2020-06-23,Merced,047,269075,1260,656,0,656,8
2020-06-23,Modoc,049,8938,1,0,0,0,0
2020-06-23,Mono,051,14174,42,35,0,35,1
2020-06-23,Monterey,053,433212,1780,1346,3,1349,12
2020-06-23,Napa,055,140530,361,230,0,230,3
2020-06-23,Nevada,057,99092,116,81,1,82,1
2020-06-23,Orange,059,3164182,18113,11071,150,11221,278
2020-06-23,Placer,061,380077,761,525,3,528,10
2020-06-23,Plumas,063,18699,9,6,0,6,0
2020-06-23,Riverside,065,2383286,19561,14469,25,14494,406
2020-06-23,Sacramento,067,1510023,3191,2374,5,2379,62
2020-06-23,San Benito,069,59416,237,167,0,167,2
2020-06-23,San Bernardino,071,2135413,15053,9771,9,9780,229
2020-06-23,San Diego,073,3302833,14565,11296,2,11298,341
2020-06-23,San Francisco,075,870044,3658,3177,1,3178,48
2020-06-23,San Joaquin,077,732212,3802,2502,3,2505,48
2020-06-23,San Luis Obispo,079,281455,686,445,5,450,1
2020-06-23,San Mateo,081,765935,3307,2907,4,2911,81
2020-06-23,Santa Barbara,083,443738,3143,2498,23,2521,22
2020-06-23,Santa Clara,085,1922200,5092,3700,17,3717,155
2020-06-23,Santa Cruz,087,273765,396,313,0,313,2
2020-06-23,Shasta,089,179085,159,81,0,81,5
2020-06-23,Sierra,091,2930,1,1,0,1,0
2020-06-23,Siskiyou,093,43540,30,24,0,24,0
2020-06-23,Solano,095,438530,1535,941,4,945,21
2020-06-23,Sonoma,097,501317,1210,912,4,916,4
2020-06-23,Stanislaus,099,539301,3073,1850,6,1856,35
2020-06-23,Sutter,101,95872,149,112,0,112,2
2020-06-23,Tehama,103,63373,79,50,2,52,1
2020-06-23,Trinity,105,12862,16,2,3,5,0
2020-06-23,Tulare,107,460477,4770,3456,10,3466,111
2020-06-23,Tuolumne,109,53932,28,9,0,9,0
2020-06-23,Ventura,111,848112,3375,2209,14,2223,40
2020-06-23,Yolo,113,214977,549,350,0,350,24
2020-06-23,Yuba,115,75493,55,35,0,35,1
2020-06-22,Alameda,001,1643700,6014,4944,7,4951,121
2020-06-22,Alpine,002,1148,1,1,0,1,0
2020-06-22,Amador,005,37829,19,12,0,12,0
2020-06-22,Butte,007,227075,187,104,14,118,1
2020-06-22,Calaveras,009,45235,38,20,0,20,0
2020-06-22,Colusa,011,21464,37,7,0,7,0
2020-06-22,Contra Costa,013,1133247,2975,2363,3,2366,60
2020-06-22,Del Norte,015,27424,48,46,0,46,0
2020-06-22,El Dorado,017,186661,220,137,2,139,0
2020-06-22,Fresno,019,978130,7012,3425,67,3492,67
2020-06-22,Glenn,021,27897,111,40,0,40,0
2020-06-22,Humboldt,023,135768,148,110,0,110,3
2020-06-22,Imperial,025,180216,7184,4700,4,4704,38
2020-06-22,Inyo,027,18085,29,26,0,26,1
2020-06-22,Kern,029,883053,6262,3982,18,4000,60
2020-06-22,Kings,031,150075,2396,1513,4,1517,13
2020-06-22,Lake,033,64148,54,37,0,37,0
2020-06-22,Lassen,035,31185,118,7,2,9,0
2020-06-22,Los Angeles,037,10098052,99902,85925,40,85965,3117
2020-06-22,Madera,039,155013,702,333,2,335,4
2020-06-22,Marin,041,260295,1718,1029,4,1033,17
2020-06-22,Mariposa,043,17540,25,18,0,18,1
2020-06-22,Mendocino,045,87422,73,48,0,48,0
2020-06-22,Merced,047,269075,1172,619,0,619,8
2020-06-22,Modoc,049,8938,1,0,0,0,0
2020-06-22,Mono,051,14174,42,34,0,34,1
2020-06-22,Monterey,053,433212,1719,1293,3,1296,12
2020-06-22,Napa,055,140530,337,222,0,222,3
2020-06-22,Nevada,057,99092,111,79,1,80,1
2020-06-22,Orange,059,3164182,17177,10711,147,10858,275
2020-06-22,Placer,061,380077,735,512,3,515,9
2020-06-22,Plumas,063,18699,7,6,0,6,0
2020-06-22,Riverside,065,2383286,18589,13948,25,13973,403
2020-06-22,Sacramento,067,1510023,2975,2243,4,2247,62
2020-06-22,San Benito,069,59416,228,164,0,164,2
2020-06-22,San Bernardino,071,2135413,14280,9133,9,9142,229
2020-06-22,San Diego,073,3302833,14073,11098,2,11100,338
2020-06-22,San Francisco,075,870044,3565,3000,1,3001,47
2020-06-22,San Joaquin,077,732212,3554,2332,3,2335,48
2020-06-22,San Luis Obispo,079,281455,653,422,5,427,1
2020-06-22,San Mateo,081,765935,3233,2813,3,2816,81
2020-06-22,Santa Barbara,083,443738,3051,2447,23,2470,21
2020-06-22,Santa Clara,085,1922200,4930,3580,17,3597,155
2020-06-22,Santa Cruz,087,273765,383,290,0,290,3
2020-06-22,Shasta,089,179085,156,77,0,77,5
2020-06-22,Sierra,091,2930,1,1,0,1,0
2020-06-22,Siskiyou,093,43540,30,23,0,23,0
2020-06-22,Solano,095,438530,1457,784,3,787,21
2020-06-22,Sonoma,097,501317,1166,860,2,862,4
2020-06-22,Stanislaus,099,539301,2888,1784,6,1790,35
2020-06-22,Sutter,101,95872,140,100,0,100,2
2020-06-22,Tehama,103,63373,75,38,2,40,1
2020-06-22,Trinity,105,12862,16,2,3,5,0
2020-06-22,Tulare,107,460477,4633,3185,10,3195,111
2020-06-22,Tuolumne,109,53932,19,8,0,8,0
2020-06-22,Ventura,111,848112,3227,2065,14,2079,39
2020-06-22,Yolo,113,214977,523,333,0,333,24
2020-06-22,Yuba,115,75493,50,36,0,36,1
2020-06-21,Alameda,001,1643700,5820,4835,7,4842,121
2020-06-21,Alpine,002,1148,1,1,0,1,0
2020-06-21,Amador,005,37829,14,12,0,12,0
2020-06-21,Butte,007,227075,173,97,14,111,1
2020-06-21,Calaveras,009,45235,38,20,0,20,0
2020-06-21,Colusa,011,21464,29,7,0,7,0
2020-06-21,Contra Costa,013,1133247,2848,2282,3,2285,60
2020-06-21,Del Norte,015,27424,47,46,0,46,0
2020-06-21,El Dorado,017,186661,211,132,2,134,0
2020-06-21,Fresno,019,978130,6441,3296,66,3362,67
2020-06-21,Glenn,021,27897,102,40,0,40,0
2020-06-21,Humboldt,023,135768,143,108,0,108,3
2020-06-21,Imperial,025,180216,7001,4701,4,4705,38
2020-06-21,Inyo,027,18085,27,26,0,26,1
2020-06-21,Kern,029,883053,5970,3918,16,3934,60
2020-06-21,Kings,031,150075,2332,1334,4,1338,11
2020-06-21,Lake,033,64148,49,36,0,36,0
2020-06-21,Lassen,035,31185,25,7,2,9,0
2020-06-21,Los Angeles,037,10098052,97011,83383,39,83422,3101
2020-06-21,Madera,039,155013,668,319,2,321,4
2020-06-21,Marin,041,260295,1560,907,4,911,17
2020-06-21,Mariposa,043,17540,22,18,0,18,1
2020-06-21,Mendocino,045,87422,70,48,0,48,0
2020-06-21,Merced,047,269075,1076,577,0,577,8
2020-06-21,Modoc,049,8938,1,0,0,0,0
2020-06-21,Mono,051,14174,42,34,0,34,1
2020-06-21,Monterey,053,433212,1646,1227,3,1230,12
2020-06-21,Napa,055,140530,322,218,0,218,3
2020-06-21,Nevada,057,99092,108,79,1,80,1
2020-06-21,Orange,059,3164182,16339,10563,144,10707,275
2020-06-21,Placer,061,380077,695,498,3,501,9
2020-06-21,Plumas,063,18699,7,6,0,6,0
2020-06-21,Riverside,065,2383286,17882,13528,24,13552,402
2020-06-21,Sacramento,067,1510023,2774,2156,3,2159,62
2020-06-21,San Benito,069,59416,214,151,0,151,2
2020-06-21,San Bernardino,071,2135413,13505,8925,8,8933,229
2020-06-21,San Diego,073,3302833,13527,10796,2,10798,338
2020-06-21,San Francisco,075,870044,3459,3000,1,3001,47
2020-06-21,San Joaquin,077,732212,3318,2188,3,2191,48
2020-06-21,San Luis Obispo,079,281455,627,418,5,423,1
2020-06-21,San Mateo,081,765935,3175,2781,3,2784,81
2020-06-21,Santa Barbara,083,443738,2944,2430,22,2452,21
2020-06-21,Santa Clara,085,1922200,4793,3514,17,3531,154
2020-06-21,Santa Cruz,087,273765,373,290,0,290,3
2020-06-21,Shasta,089,179085,146,75,0,75,5
2020-06-21,Sierra,091,2930,1,1,0,1,0
2020-06-21,Siskiyou,093,43540,30,23,0,23,0
2020-06-21,Solano,095,438530,1355,783,3,786,21
2020-06-21,Sonoma,097,501317,1116,836,2,838,4
2020-06-21,Stanislaus,099,539301,2702,1688,6,1694,35
2020-06-21,Sutter,101,95872,132,96,0,96,2
2020-06-21,Tehama,103,63373,64,35,2,37,1
2020-06-21,Trinity,105,12862,15,2,3,5,0
2020-06-21,Tulare,107,460477,4464,3173,10,3183,111
2020-06-21,Tuolumne,109,53932,17,8,0,8,0
2020-06-21,Ventura,111,848112,3049,2021,14,2035,39
2020-06-21,Yolo,113,214977,491,323,0,323,24
2020-06-21,Yuba,115,75493,46,35,0,35,1
2020-06-20,Alameda,001,1643700,5758,4758,7,4765,119
2020-06-20,Alpine,002,1148,1,1,0,1,0
2020-06-20,Amador,005,37829,14,12,0,12,0
2020-06-20,Butte,007,227075,166,94,14,108,1
2020-06-20,Calaveras,009,45235,38,20,0,20,0
2020-06-20,Colusa,011,21464,26,7,0,7,0
2020-06-20,Contra Costa,013,1133247,2789,2231,3,2234,54
2020-06-20,Del Norte,015,27424,47,46,0,46,0
2020-06-20,El Dorado,017,186661,206,130,2,132,0
2020-06-20,Fresno,019,978130,6315,3222,63,3285,67
2020-06-20,Glenn,021,27897,97,40,0,40,0
2020-06-20,Humboldt,023,135768,143,108,0,108,3
2020-06-20,Imperial,025,180216,6921,4616,4,4620,37
2020-06-20,Inyo,027,18085,27,26,0,26,1
2020-06-20,Kern,029,883053,5805,3836,16,3852,59
2020-06-20,Kings,031,150075,2308,1331,4,1335,9
2020-06-20,Lake,033,64148,49,37,0,37,0
2020-06-20,Lassen,035,31185,24,7,2,9,0
2020-06-20,Los Angeles,037,10098052,95437,81604,38,81642,3093
2020-06-20,Madera,039,155013,635,321,2,323,4
2020-06-20,Marin,041,260295,1540,879,4,883,17
2020-06-20,Mariposa,043,17540,22,18,0,18,1
2020-06-20,Mendocino,045,87422,69,48,0,48,0
2020-06-20,Merced,047,269075,1038,566,0,566,8
2020-06-20,Modoc,049,8938,1,0,0,0,0
2020-06-20,Mono,051,14174,42,34,0,34,1
2020-06-20,Monterey,053,433212,1610,1181,3,1184,12
2020-06-20,Napa,055,140530,313,212,0,212,3
2020-06-20,Nevada,057,99092,105,73,1,74,1
2020-06-20,Orange,059,3164182,15988,10284,140,10424,273
2020-06-20,Placer,061,380077,670,483,3,486,9
2020-06-20,Plumas,063,18699,6,6,0,6,0
2020-06-20,Riverside,065,2383286,17582,13021,24,13045,402
2020-06-20,Sacramento,067,1510023,2703,2069,3,2072,63
2020-06-20,San Benito,069,59416,210,139,0,139,2
2020-06-20,San Bernardino,071,2135413,13141,8718,8,8726,229
2020-06-20,San Diego,073,3302833,13204,10486,2,10488,338
2020-06-20,San Francisco,075,870044,3415,2999,1,3000,47
2020-06-20,San Joaquin,077,732212,3236,2046,3,2049,48
2020-06-20,San Luis Obispo,079,281455,613,405,5,410,1
2020-06-20,San Mateo,081,765935,3127,2755,3,2758,81
2020-06-20,Santa Barbara,083,443738,2887,2358,21,2379,21
2020-06-20,Santa Clara,085,1922200,4719,3435,17,3452,154
2020-06-20,Santa Cruz,087,273765,371,287,0,287,3
2020-06-20,Shasta,089,179085,140,66,0,66,5
2020-06-20,Sierra,091,2930,1,1,0,1,0
2020-06-20,Siskiyou,093,43540,29,22,0,22,0
2020-06-20,Solano,095,438530,1331,784,3,787,21
2020-06-20,Sonoma,097,501317,1080,806,2,808,4
2020-06-20,Stanislaus,099,539301,2594,1598,6,1604,35
2020-06-20,Sutter,101,95872,130,89,0,89,2
2020-06-20,Tehama,103,63373,62,35,2,37,1
2020-06-20,Trinity,105,12862,15,2,3,5,0
2020-06-20,Tulare,107,460477,4391,3172,10,3182,111
2020-06-20,Tuolumne,109,53932,14,8,0,8,0
2020-06-20,Ventura,111,848112,2983,1946,14,1960,37
2020-06-20,Yolo,113,214977,475,309,0,309,24
2020-06-20,Yuba,115,75493,44,34,0,34,1
2020-06-19,Alameda,001,1643700,5685,4646,7,4653,119
2020-06-19,Alpine,002,1148,1,1,0,1,0
2020-06-19,Amador,005,37829,14,12,0,12,0
2020-06-19,Butte,007,227075,161,91,14,105,1
2020-06-19,Calaveras,009,45235,37,20,0,20,0
2020-06-19,Colusa,011,21464,24,7,0,7,0
2020-06-19,Contra Costa,013,1133247,2709,2106,3,2109,54
2020-06-19,Del Norte,015,27424,47,46,0,46,0
2020-06-19,El Dorado,017,186661,198,124,2,126,0
2020-06-19,Fresno,019,978130,6152,3109,62,3171,61
2020-06-19,Glenn,021,27897,91,40,0,40,0
2020-06-19,Humboldt,023,135768,141,106,0,106,3
2020-06-19,Imperial,025,180216,6829,4504,4,4508,36
2020-06-19,Inyo,027,18085,27,26,0,26,1
2020-06-19,Kern,029,883053,5582,3742,15,3757,57
2020-06-19,Kings,031,150075,2287,1285,4,1289,9
2020-06-19,Lake,033,64148,46,36,0,36,0
2020-06-19,Lassen,035,31185,23,7,2,9,0
2020-06-19,Los Angeles,037,10098052,93448,79572,37,79609,3047
2020-06-19,Madera,039,155013,616,300,2,302,4
2020-06-19,Marin,041,260295,1511,829,4,833,17
2020-06-19,Mariposa,043,17540,21,18,0,18,1
2020-06-19,Mendocino,045,87422,68,48,0,48,0
2020-06-19,Merced,047,269075,993,529,0,529,8
2020-06-19,Modoc,049,8938,1,0,0,0,0
2020-06-19,Mono,051,14174,42,34,0,34,1
2020-06-19,Monterey,053,433212,1581,1159,3,1162,12
2020-06-19,Napa,055,140530,303,209,0,209,3
2020-06-19,Nevada,057,99092,102,71,1,72,1
2020-06-19,Orange,059,3164182,15454,9972,133,10105,260
2020-06-19,Placer,061,380077,652,464,3,467,9
2020-06-19,Plumas,063,18699,6,5,0,5,0
2020-06-19,Riverside,065,2383286,17177,12710,24,12734,398
2020-06-19,Sacramento,067,1510023,2620,1976,3,1979,64
2020-06-19,San Benito,069,59416,209,136,0,136,2
2020-06-19,San Bernardino,071,2135413,12736,8454,7,8461,226
2020-06-19,San Diego,073,3302833,12841,10352,2,10354,332
2020-06-19,San Francisco,075,870044,3360,2968,1,2969,47
2020-06-19,San Joaquin,077,732212,3113,1969,3,1972,48
2020-06-19,San Luis Obispo,079,281455,597,392,5,397,1
2020-06-19,San Mateo,081,765935,3088,2713,3,2716,81
2020-06-19,Santa Barbara,083,443738,2814,2284,19,2303,21
2020-06-19,Santa Clara,085,1922200,4646,3376,17,3393,154
2020-06-19,Santa Cruz,087,273765,361,283,0,283,3
2020-06-19,Shasta,089,179085,137,58,0,58,5
2020-06-19,Sierra,091,2930,1,1,0,1,0
2020-06-19,Siskiyou,093,43540,29,21,0,21,0
2020-06-19,Solano,095,438530,1293,755,3,758,21
2020-06-19,Sonoma,097,501317,1053,803,2,805,4
2020-06-19,Stanislaus,099,539301,2484,1549,6,1555,35
2020-06-19,Sutter,101,95872,129,89,0,89,2
2020-06-19,Tehama,103,63373,61,35,2,37,1
2020-06-19,Trinity,105,12862,15,2,3,5,0
2020-06-19,Tulare,107,460477,4321,3053,10,3063,107
2020-06-19,Tuolumne,109,53932,13,8,0,8,0
2020-06-19,Ventura,111,848112,2899,1865,14,1879,37
2020-06-19,Yolo,113,214977,456,303,0,303,24
2020-06-19,Yuba,115,75493,43,33,0,33,1
2020-06-18,Alameda,001,1643700,5556,4589,7,4596,118
2020-06-18,Alpine,002,1148,1,1,0,1,0
2020-06-18,Amador,005,37829,13,12,0,12,0
2020-06-18,Butte,007,227075,156,88,14,102,1
2020-06-18,Calaveras,009,45235,37,20,0,20,0
2020-06-18,Colusa,011,21464,20,7,0,7,0
2020-06-18,Contra Costa,013,1133247,2602,2072,3,2075,53
2020-06-18,Del Norte,015,27424,47,46,0,46,0
2020-06-18,El Dorado,017,186661,194,121,2,123,0
2020-06-18,Fresno,019,978130,5886,2947,61,3008,57
2020-06-18,Glenn,021,27897,82,35,0,35,0
2020-06-18,Humboldt,023,135768,140,106,0,106,3
2020-06-18,Imperial,025,180216,6679,4366,4,4370,36
2020-06-18,Inyo,027,18085,26,25,0,25,1
2020-06-18,Kern,029,883053,5364,3634,14,3648,57
2020-06-18,Kings,031,150075,2228,1141,4,1145,8
2020-06-18,Lake,033,64148,45,36,0,36,0
2020-06-18,Lassen,035,31185,22,5,2,7,0
2020-06-18,Los Angeles,037,10098052,91178,78244,37,78281,3009
2020-06-18,Madera,039,155013,581,288,2,290,4
2020-06-18,Marin,041,260295,1448,819,4,823,17
2020-06-18,Mariposa,043,17540,19,18,0,18,1
2020-06-18,Mendocino,045,87422,64,45,0,45,0
2020-06-18,Merced,047,269075,942,486,0,486,7
2020-06-18,Modoc,049,8938,1,0,0,0,0
2020-06-18,Mono,051,14174,42,34,0,34,1
2020-06-18,Monterey,053,433212,1513,1127,3,1130,12
2020-06-18,Napa,055,140530,288,205,0,205,3
2020-06-18,Nevada,057,99092,98,68,1,69,1
2020-06-18,Orange,059,3164182,14797,9597,114,9711,255
2020-06-18,Placer,061,380077,629,457,3,460,9
2020-06-18,Plumas,063,18699,6,5,0,5,0
2020-06-18,Riverside,065,2383286,16560,12410,24,12434,392
2020-06-18,Sacramento,067,1510023,2504,1938,3,1941,63
2020-06-18,San Benito,069,59416,203,134,0,134,2
2020-06-18,San Bernardino,071,2135413,12096,8141,7,8148,226
2020-06-18,San Diego,073,3302833,12419,10094,2,10096,331
2020-06-18,San Francisco,075,870044,3311,2951,1,2952,47
2020-06-18,San Joaquin,077,732212,2961,1908,3,1911,47
2020-06-18,San Luis Obispo,079,281455,576,378,5,383,1
2020-06-18,San Mateo,081,765935,3049,2674,3,2677,78
2020-06-18,Santa Barbara,083,443738,2740,2201,19,2220,19
2020-06-18,Santa Clara,085,1922200,4543,3338,17,3355,152
2020-06-18,Santa Cruz,087,273765,344,275,0,275,3
2020-06-18,Shasta,089,179085,126,51,0,51,4
2020-06-18,Sierra,091,2930,1,1,0,1,0
2020-06-18,Siskiyou,093,43540,29,18,0,18,0
2020-06-18,Solano,095,438530,1255,735,3,738,21
2020-06-18,Sonoma,097,501317,1011,789,2,791,4
2020-06-18,Stanislaus,099,539301,2351,1495,6,1501,35
2020-06-18,Sutter,101,95872,125,85,0,85,2
2020-06-18,Tehama,103,63373,56,31,2,33,1
2020-06-18,Trinity,105,12862,15,2,3,5,0
2020-06-18,Tulare,107,460477,4198,3005,10,3015,107
2020-06-18,Tuolumne,109,53932,12,8,0,8,0
2020-06-18,Ventura,111,848112,2773,1781,14,1795,37
2020-06-18,Yolo,113,214977,423,294,0,294,24
2020-06-18,Yuba,115,75493,42,32,0,32,1
2020-06-17,Alameda,001,1643700,5433,4485,7,4492,117
2020-06-17,Alpine,002,1148,1,1,0,1,0
2020-06-17,Amador,005,37829,12,10,0,10,0
2020-06-17,Butte,007,227075,147,81,14,95,1
2020-06-17,Calaveras,009,45235,37,20,0,20,0
2020-06-17,Colusa,011,21464,19,7,0,7,0
2020-06-17,Contra Costa,013,1133247,2505,2020,3,2023,45
2020-06-17,Del Norte,015,27424,47,45,0,45,0
2020-06-17,El Dorado,017,186661,187,116,2,118,0
2020-06-17,Fresno,019,978130,5660,2801,60,2861,56
2020-06-17,Glenn,021,27897,75,31,0,31,0
2020-06-17,Humboldt,023,135768,138,105,0,105,3
2020-06-17,Imperial,025,180216,6505,4108,4,4112,36
2020-06-17,Inyo,027,18085,25,25,0,25,1
2020-06-17,Kern,029,883053,5163,3547,14,3561,56
2020-06-17,Kings,031,150075,2198,1097,4,1101,7
2020-06-17,Lake,033,64148,44,32,0,32,0
2020-06-17,Lassen,035,31185,18,5,2,7,0
2020-06-17,Los Angeles,037,10098052,88871,77166,36,77202,2973
2020-06-17,Madera,039,155013,559,258,2,260,4
2020-06-17,Marin,041,260295,1256,771,3,774,17
2020-06-17,Mariposa,043,17540,18,18,0,18,1
2020-06-17,Mendocino,045,87422,62,42,0,42,0
2020-06-17,Merced,047,269075,869,460,0,460,7
2020-06-17,Modoc,049,8938,1,0,0,0,0
2020-06-17,Mono,051,14174,42,34,0,34,1
2020-06-17,Monterey,053,433212,1461,1077,3,1080,12
2020-06-17,Napa,055,140530,273,202,0,202,3
2020-06-17,Nevada,057,99092,94,57,1,58,1
2020-06-17,Orange,059,3164182,14186,9278,108,9386,230
2020-06-17,Placer,061,380077,609,427,3,430,9
2020-06-17,Plumas,063,18699,6,5,0,5,0
2020-06-17,Riverside,065,2383286,15924,11859,24,11883,370
2020-06-17,Sacramento,067,1510023,2397,1889,3,1892,63
2020-06-17,San Benito,069,59416,198,116,0,116,2
2020-06-17,San Bernardino,071,2135413,11547,7670,7,7677,225
2020-06-17,San Diego,073,3302833,12040,9856,2,9858,327
2020-06-17,San Francisco,075,870044,3272,2906,1,2907,46
2020-06-17,San Joaquin,077,732212,2788,1825,3,1828,46
2020-06-17,San Luis Obispo,079,281455,557,362,5,367,1
2020-06-17,San Mateo,081,765935,3002,2649,3,2652,78
2020-06-17,Santa Barbara,083,443738,2668,2147,17,2164,19
2020-06-17,Santa Clara,085,1922200,4450,3264,16,3280,148
2020-06-17,Santa Cruz,087,273765,338,265,0,265,2
2020-06-17,Shasta,089,179085,124,51,0,51,4
2020-06-17,Sierra,091,2930,1,1,0,1,0
2020-06-17,Siskiyou,093,43540,28,16,0,16,0
2020-06-17,Solano,095,438530,1205,722,3,725,21
2020-06-17,Sonoma,097,501317,986,748,2,750,4
2020-06-17,Stanislaus,099,539301,2227,1387,6,1393,35
2020-06-17,Sutter,101,95872,119,79,0,79,2
2020-06-17,Tehama,103,63373,41,24,2,26,1
2020-06-17,Trinity,105,12862,14,2,3,5,0
2020-06-17,Tulare,107,460477,4088,2882,10,2892,106
2020-06-17,Tuolumne,109,53932,12,7,0,7,0
2020-06-17,Ventura,111,848112,2673,1729,14,1743,37
2020-06-17,Yolo,113,214977,403,277,0,277,24
2020-06-17,Yuba,115,75493,41,30,0,30,1
2020-06-16,Alameda,001,1643700,5315,4428,7,4435,113
2020-06-16,Alpine,002,1148,1,1,0,1,0
2020-06-16,Amador,005,37829,12,10,0,10,0
2020-06-16,Butte,007,227075,143,79,14,93,1
2020-06-16,Calaveras,009,45235,34,19,0,19,0
2020-06-16,Colusa,011,21464,16,7,0,7,0
2020-06-16,Contra Costa,013,1133247,2413,1971,2,1973,45
2020-06-16,Del Norte,015,27424,47,45,0,45,0
2020-06-16,El Dorado,017,186661,181,115,2,117,0
2020-06-16,Fresno,019,978130,5421,2731,58,2789,50
2020-06-16,Glenn,021,27897,71,30,0,30,0
2020-06-16,Humboldt,023,135768,135,105,0,105,3
2020-06-16,Imperial,025,180216,6346,3939,4,3943,36
2020-06-16,Inyo,027,18085,25,24,0,24,1
2020-06-16,Kern,029,883053,4939,3496,14,3510,55
2020-06-16,Kings,031,150075,2152,1044,4,1048,6
2020-06-16,Lake,033,64148,44,31,0,31,0
2020-06-16,Lassen,035,31185,15,5,2,7,0
2020-06-16,Los Angeles,037,10098052,86549,75051,36,75087,2942
2020-06-16,Madera,039,155013,533,239,2,241,3
2020-06-16,Marin,041,260295,1203,725,3,728,17
2020-06-16,Mariposa,043,17540,18,17,0,17,1
2020-06-16,Mendocino,045,87422,61,35,0,35,0
2020-06-16,Merced,047,269075,822,436,0,436,7
2020-06-16,Modoc,049,8938,1,0,0,0,0
2020-06-16,Mono,051,14174,42,34,0,34,1
2020-06-16,Monterey,053,433212,1413,1019,3,1022,12
2020-06-16,Napa,055,140530,258,196,0,196,3
2020-06-16,Nevada,057,99092,91,53,1,54,1
2020-06-16,Orange,059,3164182,13601,9163,102,9265,223
2020-06-16,Placer,061,380077,577,392,3,395,9
2020-06-16,Plumas,063,18699,6,5,0,5,0
2020-06-16,Riverside,065,2383286,15249,11638,24,11662,364
2020-06-16,Sacramento,067,1510023,2287,1825,3,1828,60
2020-06-16,San Benito,069,59416,190,110,0,110,2
2020-06-16,San Bernardino,071,2135413,11003,7463,7,7470,225
2020-06-16,San Diego,073,3302833,11678,9732,1,9733,323
2020-06-16,San Francisco,075,870044,3221,2893,1,2894,46
2020-06-16,San Joaquin,077,732212,2635,1718,3,1721,47
2020-06-16,San Luis Obispo,079,281455,533,343,5,348,1
2020-06-16,San Mateo,081,765935,2948,2618,3,2621,77
2020-06-16,Santa Barbara,083,443738,2601,2090,17,2107,16
2020-06-16,Santa Clara,085,1922200,4339,3228,15,3243,148
2020-06-16,Santa Cruz,087,273765,322,257,0,257,2
2020-06-16,Shasta,089,179085,115,51,0,51,4
2020-06-16,Sierra,091,2930,1,1,0,1,0
2020-06-16,Siskiyou,093,43540,27,15,0,15,0
2020-06-16,Solano,095,438530,1115,694,3,697,19
2020-06-16,Sonoma,097,501317,954,739,2,741,4
2020-06-16,Stanislaus,099,539301,2073,1278,6,1284,36
2020-06-16,Sutter,101,95872,112,73,0,73,2
2020-06-16,Tehama,103,63373,37,24,2,26,1
2020-06-16,Trinity,105,12862,14,2,3,5,0
2020-06-16,Tulare,107,460477,3970,2802,10,2812,96
2020-06-16,Tuolumne,109,53932,12,7,0,7,0
2020-06-16,Ventura,111,848112,2573,1676,14,1690,37
2020-06-16,Yolo,113,214977,380,262,0,262,24
2020-06-16,Yuba,115,75493,39,29,0,29,1
2020-06-15,Alameda,001,1643700,5188,4323,7,4330,112
2020-06-15,Alpine,002,1148,1,1,0,1,0
2020-06-15,Amador,005,37829,12,10,0,10,0
2020-06-15,Butte,007,227075,135,78,13,91,1
2020-06-15,Calaveras,009,45235,34,18,0,18,0
2020-06-15,Colusa,011,21464,14,7,0,7,0
2020-06-15,Contra Costa,013,1133247,2337,1918,2,1920,43
2020-06-15,Del Norte,015,27424,47,45,0,45,0
2020-06-15,El Dorado,017,186661,171,114,2,116,0
2020-06-15,Fresno,019,978130,5207,2616,57,2673,48
2020-06-15,Glenn,021,27897,66,21,0,21,0
2020-06-15,Humboldt,023,135768,133,105,0,105,3
2020-06-15,Imperial,025,180216,6171,3726,4,3730,36
2020-06-15,Inyo,027,18085,25,23,0,23,1
2020-06-15,Kern,029,883053,4716,3417,14,3431,55
2020-06-15,Kings,031,150075,2076,1022,4,1026,6
2020-06-15,Lake,033,64148,44,31,0,31,0
2020-06-15,Lassen,035,31185,15,5,2,7,0
2020-06-15,Los Angeles,037,10098052,84362,73705,36,73741,2908
2020-06-15,Madera,039,155013,511,203,2,205,3
2020-06-15,Marin,041,260295,1036,708,3,711,17
2020-06-15,Mariposa,043,17540,18,17,0,17,1
2020-06-15,Mendocino,045,87422,52,33,0,33,0
2020-06-15,Merced,047,269075,775,414,0,414,7
2020-06-15,Modoc,049,8938,1,0,0,0,0
2020-06-15,Mono,051,14174,42,34,0,34,1
2020-06-15,Monterey,053,433212,1347,998,3,1001,12
2020-06-15,Napa,055,140530,250,187,0,187,3
2020-06-15,Nevada,057,99092,85,52,1,53,1
2020-06-15,Orange,059,3164182,13033,8944,94,9038,212
2020-06-15,Placer,061,380077,555,386,3,389,9
2020-06-15,Plumas,063,18699,6,4,0,4,0
2020-06-15,Riverside,065,2383286,14630,11376,23,11399,364
2020-06-15,Sacramento,067,1510023,2171,1791,3,1794,60
2020-06-15,San Benito,069,59416,184,108,0,108,2
2020-06-15,San Bernardino,071,2135413,10500,7189,7,7196,224
2020-06-15,San Diego,073,3302833,11338,9612,1,9613,320
2020-06-15,San Francisco,075,870044,3177,2833,1,2834,45
2020-06-15,San Joaquin,077,732212,2499,1667,3,1670,43
2020-06-15,San Luis Obispo,079,281455,518,332,5,337,1
2020-06-15,San Mateo,081,765935,2901,2591,3,2594,75
2020-06-15,Santa Barbara,083,443738,2533,2054,17,2071,16
2020-06-15,Santa Clara,085,1922200,4239,3204,15,3219,148
2020-06-15,Santa Cruz,087,273765,311,254,0,254,2
2020-06-15,Shasta,089,179085,109,50,0,50,4
2020-06-15,Sierra,091,2930,1,1,0,1,0
2020-06-15,Siskiyou,093,43540,26,14,0,14,0
2020-06-15,Solano,095,438530,1055,638,3,641,19
2020-06-15,Sonoma,097,501317,925,726,2,728,4
2020-06-15,Stanislaus,099,539301,1956,1253,6,1259,35
2020-06-15,Sutter,101,95872,102,71,0,71,2
2020-06-15,Tehama,103,63373,37,17,2,19,1
2020-06-15,Trinity,105,12862,13,2,3,5,0
2020-06-15,Tulare,107,460477,3856,2662,10,2672,96
2020-06-15,Tuolumne,109,53932,11,7,0,7,0
2020-06-15,Ventura,111,848112,2492,1656,14,1670,37
2020-06-15,Yolo,113,214977,360,255,0,255,24
2020-06-15,Yuba,115,75493,39,28,0,28,1
2020-06-14,Alameda,001,1643700,5041,4271,7,4278,112
2020-06-14,Alpine,002,1148,1,1,0,1,0
2020-06-14,Amador,005,37829,12,10,0,10,0
2020-06-14,Butte,007,227075,127,78,13,91,1
2020-06-14,Calaveras,009,45235,33,18,0,18,0
2020-06-14,Colusa,011,21464,13,7,0,7,0
2020-06-14,Contra Costa,013,1133247,2269,1893,2,1895,43
2020-06-14,Del Norte,015,27424,47,45,0,45,0
2020-06-14,El Dorado,017,186661,167,110,2,112,0
2020-06-14,Fresno,019,978130,5022,2585,56,2641,48
2020-06-14,Glenn,021,27897,51,21,0,21,0
2020-06-14,Humboldt,023,135768,129,105,0,105,3
2020-06-14,Imperial,025,180216,5940,3730,4,3734,36
2020-06-14,Inyo,027,18085,24,23,0,23,1
2020-06-14,Kern,029,883053,4505,3328,14,3342,55
2020-06-14,Kings,031,150075,2025,1022,3,1025,6
2020-06-14,Lake,033,64148,41,31,0,31,0
2020-06-14,Lassen,035,31185,15,5,2,7,0
2020-06-14,Los Angeles,037,10098052,82043,72932,33,72965,2887
2020-06-14,Madera,039,155013,492,203,2,205,3
2020-06-14,Marin,041,260295,871,689,2,691,17
2020-06-14,Mariposa,043,17540,18,16,0,16,1
2020-06-14,Mendocino,045,87422,49,33,0,33,0
2020-06-14,Merced,047,269075,723,403,0,403,7
2020-06-14,Modoc,049,8938,1,0,0,0,0
2020-06-14,Mono,051,14174,42,34,0,34,1
2020-06-14,Monterey,053,433212,1286,949,3,952,12
2020-06-14,Napa,055,140530,228,181,0,181,3
2020-06-14,Nevada,057,99092,81,52,1,53,1
2020-06-14,Orange,059,3164182,12602,8744,90,8834,211
2020-06-14,Placer,061,380077,529,369,3,372,9
2020-06-14,Plumas,063,18699,5,4,0,4,0
2020-06-14,Riverside,065,2383286,14187,11218,23,11241,364
2020-06-14,Sacramento,067,1510023,2084,1750,3,1753,60
2020-06-14,San Benito,069,59416,173,104,0,104,2
2020-06-14,San Bernardino,071,2135413,9961,7015,7,7022,224
2020-06-14,San Diego,073,3302833,10963,9442,1,9443,319
2020-06-14,San Francisco,075,870044,3137,2834,1,2835,45
2020-06-14,San Joaquin,077,732212,2348,1603,3,1606,43
2020-06-14,San Luis Obispo,079,281455,503,330,5,335,1
2020-06-14,San Mateo,081,765935,2843,2571,3,2574,75
2020-06-14,Santa Barbara,083,443738,2456,2049,17,2066,17
2020-06-14,Santa Clara,085,1922200,4144,3178,15,3193,148
2020-06-14,Santa Cruz,087,273765,297,254,0,254,2
2020-06-14,Shasta,089,179085,103,48,0,48,4
2020-06-14,Sierra,091,2930,1,1,0,1,0
2020-06-14,Siskiyou,093,43540,25,13,0,13,0
2020-06-14,Solano,095,438530,1006,638,3,641,19
2020-06-14,Sonoma,097,501317,897,724,2,726,4
2020-06-14,Stanislaus,099,539301,1807,1159,6,1165,35
2020-06-14,Sutter,101,95872,97,63,0,63,2
2020-06-14,Tehama,103,63373,34,17,2,19,1
2020-06-14,Trinity,105,12862,13,2,3,5,0
2020-06-14,Tulare,107,460477,3722,2646,10,2656,96
2020-06-14,Tuolumne,109,53932,11,7,0,7,0
2020-06-14,Ventura,111,848112,2393,1610,13,1623,37
2020-06-14,Yolo,113,214977,344,254,0,254,24
2020-06-14,Yuba,115,75493,38,28,0,28,1
2020-06-13,Alameda,001,1643700,4977,4196,7,4203,112
2020-06-13,Alpine,002,1148,1,1,0,1,0
2020-06-13,Amador,005,37829,11,10,0,10,0
2020-06-13,Butte,007,227075,118,72,13,85,1
2020-06-13,Calaveras,009,45235,31,18,0,18,0
2020-06-13,Colusa,011,21464,12,7,0,7,0
2020-06-13,Contra Costa,013,1133247,2233,1868,2,1870,43
2020-06-13,Del Norte,015,27424,47,45,0,45,0
2020-06-13,El Dorado,017,186661,163,110,2,112,0
2020-06-13,Fresno,019,978130,4924,2499,56,2555,48
2020-06-13,Glenn,021,27897,49,21,0,21,0
2020-06-13,Humboldt,023,135768,128,104,0,104,3
2020-06-13,Imperial,025,180216,5867,3646,4,3650,36
2020-06-13,Inyo,027,18085,24,23,0,23,1
2020-06-13,Kern,029,883053,4396,3239,14,3253,55
2020-06-13,Kings,031,150075,2005,1023,3,1026,6
2020-06-13,Lake,033,64148,40,29,0,29,0
2020-06-13,Lassen,035,31185,15,5,2,7,0
2020-06-13,Los Angeles,037,10098052,81002,71938,33,71971,2874
2020-06-13,Madera,039,155013,488,203,2,205,3
2020-06-13,Marin,041,260295,840,677,2,679,17
2020-06-13,Mariposa,043,17540,18,16,0,16,1
2020-06-13,Mendocino,045,87422,49,33,0,33,0
2020-06-13,Merced,047,269075,704,376,0,376,7
2020-06-13,Modoc,049,8938,1,0,0,0,0
2020-06-13,Mono,051,14174,42,35,0,35,1
2020-06-13,Monterey,053,433212,1248,900,3,903,11
2020-06-13,Napa,055,140530,225,171,0,171,3
2020-06-13,Nevada,057,99092,79,52,1,53,1
2020-06-13,Orange,059,3164182,12357,8581,87,8668,211
2020-06-13,Placer,061,380077,512,346,3,349,9
2020-06-13,Plumas,063,18699,5,4,0,4,0
2020-06-13,Riverside,065,2383286,13908,10931,23,10954,364
2020-06-13,Sacramento,067,1510023,2029,1713,3,1716,60
2020-06-13,San Benito,069,59416,166,99,0,99,2
2020-06-13,San Bernardino,071,2135413,9738,6885,7,6892,224
2020-06-13,San Diego,073,3302833,10791,9316,1,9317,319
2020-06-13,San Francisco,075,870044,3117,2834,1,2835,44
2020-06-13,San Joaquin,077,732212,2267,1461,3,1464,43
2020-06-13,San Luis Obispo,079,281455,492,326,5,331,1
2020-06-13,San Mateo,081,765935,2820,2551,3,2554,75
2020-06-13,Santa Barbara,083,443738,2398,1999,17,2016,15
2020-06-13,Santa Clara,085,1922200,4101,3141,15,3156,148
2020-06-13,Santa Cruz,087,273765,291,254,0,254,2
2020-06-13,Shasta,089,179085,101,48,0,48,4
2020-06-13,Sierra,091,2930,1,1,0,1,0
2020-06-13,Siskiyou,093,43540,25,13,0,13,0
2020-06-13,Solano,095,438530,978,637,3,640,19
2020-06-13,Sonoma,097,501317,882,711,2,713,4
2020-06-13,Stanislaus,099,539301,1750,1122,6,1128,33
2020-06-13,Sutter,101,95872,96,62,0,62,2
2020-06-13,Tehama,103,63373,33,17,2,19,1
2020-06-13,Trinity,105,12862,13,2,3,5,0
2020-06-13,Tulare,107,460477,3690,2626,10,2636,96
2020-06-13,Tuolumne,109,53932,10,7,0,7,0
2020-06-13,Ventura,111,848112,2347,1567,13,1580,37
2020-06-13,Yolo,113,214977,324,251,0,251,24
2020-06-13,Yuba,115,75493,38,28,0,28,1
2020-06-12,Alameda,001,1643700,4904,4167,7,4174,109
2020-06-12,Alpine,002,1148,1,1,0,1,0
2020-06-12,Amador,005,37829,11,10,0,10,0
2020-06-12,Butte,007,227075,114,71,12,83,1
2020-06-12,Calaveras,009,45235,28,18,0,18,0
2020-06-12,Colusa,011,21464,12,7,0,7,0
2020-06-12,Contra Costa,013,1133247,2196,1827,2,1829,43
2020-06-12,Del Norte,015,27424,47,45,0,45,0
2020-06-12,El Dorado,017,186661,163,110,2,112,0
2020-06-12,Fresno,019,978130,4787,2428,56,2484,47
2020-06-12,Glenn,021,27897,46,21,0,21,0
2020-06-12,Humboldt,023,135768,126,105,0,105,3
2020-06-12,Imperial,025,180216,5783,3543,4,3547,36
2020-06-12,Inyo,027,18085,24,23,0,23,1
2020-06-12,Kern,029,883053,4279,3152,14,3166,54
2020-06-12,Kings,031,150075,1992,987,3,990,6
2020-06-12,Lake,033,64148,39,29,0,29,0
2020-06-12,Lassen,035,31185,15,5,2,7,0
2020-06-12,Los Angeles,037,10098052,79596,70385,33,70418,2814
2020-06-12,Madera,039,155013,463,187,2,189,3
2020-06-12,Marin,041,260295,837,649,2,651,17
2020-06-12,Mariposa,043,17540,18,16,0,16,1
2020-06-12,Mendocino,045,87422,49,33,0,33,0
2020-06-12,Merced,047,269075,671,372,0,372,7
2020-06-12,Modoc,049,8938,1,0,0,0,0
2020-06-12,Mono,051,14174,39,35,0,35,1
2020-06-12,Monterey,053,433212,1207,864,2,866,11
2020-06-12,Napa,055,140530,222,162,0,162,3
2020-06-12,Nevada,057,99092,73,52,1,53,1
2020-06-12,Orange,059,3164182,12051,8440,86,8526,203
2020-06-12,Placer,061,380077,495,333,3,336,9
2020-06-12,Plumas,063,18699,5,4,0,4,0
2020-06-12,Riverside,065,2383286,13571,10616,23,10639,364
2020-06-12,Sacramento,067,1510023,1974,1702,3,1705,60
2020-06-12,San Benito,069,59416,159,96,0,96,2
2020-06-12,San Bernardino,071,2135413,9469,6707,7,6714,223
2020-06-12,San Diego,073,3302833,10621,9132,1,9133,313
2020-06-12,San Francisco,075,870044,3083,2823,1,2824,44
2020-06-12,San Joaquin,077,732212,2187,1406,3,1409,43
2020-06-12,San Luis Obispo,079,281455,476,321,5,326,1
2020-06-12,San Mateo,081,765935,2785,2533,3,2536,75
2020-06-12,Santa Barbara,083,443738,2344,1969,17,1986,14
2020-06-12,Santa Clara,085,1922200,4057,3099,15,3114,149
2020-06-12,Santa Cruz,087,273765,283,251,0,251,2
2020-06-12,Shasta,089,179085,94,48,0,48,5
2020-06-12,Sierra,091,2930,1,1,0,1,0
2020-06-12,Siskiyou,093,43540,25,13,0,13,0
2020-06-12,Solano,095,438530,964,620,3,623,19
2020-06-12,Sonoma,097,501317,863,696,2,698,4
2020-06-12,Stanislaus,099,539301,1691,1092,6,1098,33
2020-06-12,Sutter,101,95872,95,56,0,56,2
2020-06-12,Tehama,103,63373,32,13,2,15,1
2020-06-12,Trinity,105,12862,13,2,3,5,0
2020-06-12,Tulare,107,460477,3636,2552,10,2562,95
2020-06-12,Tuolumne,109,53932,10,7,0,7,0
2020-06-12,Ventura,111,848112,2295,1534,13,1547,35
2020-06-12,Yolo,113,214977,312,243,0,243,24
2020-06-12,Yuba,115,75493,36,27,0,27,1
2020-06-11,Alameda,001,1643700,4775,4073,6,4079,108
2020-06-11,Alpine,002,1148,1,1,0,1,0
2020-06-11,Amador,005,37829,10,10,0,10,0
2020-06-11,Butte,007,227075,108,72,12,84,1
2020-06-11,Calaveras,009,45235,27,16,0,16,0
2020-06-11,Colusa,011,21464,12,7,0,7,0
2020-06-11,Contra Costa,013,1133247,2143,1797,2,1799,43
2020-06-11,Del Norte,015,27424,47,45,0,45,0
2020-06-11,El Dorado,017,186661,155,109,2,111,0
2020-06-11,Fresno,019,978130,4635,2338,56,2394,45
2020-06-11,Glenn,021,27897,42,21,0,21,0
2020-06-11,Humboldt,023,135768,122,113,0,113,3
2020-06-11,Imperial,025,180216,5625,3463,4,3467,36
2020-06-11,Inyo,027,18085,22,23,0,23,1
2020-06-11,Kern,029,883053,4127,3047,12,3059,54
2020-06-11,Kings,031,150075,1959,963,3,966,6
2020-06-11,Lake,033,64148,39,28,0,28,0
2020-06-11,Lassen,035,31185,15,5,2,7,0
2020-06-11,Los Angeles,037,10098052,77930,68807,32,68839,2800
2020-06-11,Madera,039,155013,445,178,2,180,3
2020-06-11,Marin,041,260295,789,637,2,639,17
2020-06-11,Mariposa,043,17540,18,16,0,16,1
2020-06-11,Mendocino,045,87422,40,35,0,35,0
2020-06-11,Merced,047,269075,631,370,0,370,7
2020-06-11,Modoc,049,8938,1,0,0,0,0
2020-06-11,Mono,051,14174,39,35,0,35,1
2020-06-11,Monterey,053,433212,1160,813,2,815,11
2020-06-11,Napa,055,140530,213,162,0,162,3
2020-06-11,Nevada,057,99092,67,50,1,51,1
2020-06-11,Orange,059,3164182,11742,8304,85,8389,188
2020-06-11,Placer,061,380077,476,321,3,324,9
2020-06-11,Plumas,063,18699,5,4,0,4,0
2020-06-11,Riverside,065,2383286,13218,10014,23,10037,361
2020-06-11,Sacramento,067,1510023,1926,1669,3,1672,60
2020-06-11,San Benito,069,59416,153,94,0,94,2
2020-06-11,San Bernardino,071,2135413,9172,6509,7,6516,221
2020-06-11,San Diego,073,3302833,10391,9000,0,9000,308
2020-06-11,San Francisco,075,870044,3054,2766,1,2767,44
2020-06-11,San Joaquin,077,732212,2075,1351,3,1354,43
2020-06-11,San Luis Obispo,079,281455,462,307,5,312,1
2020-06-11,San Mateo,081,765935,2747,2499,3,2502,74
2020-06-11,Santa Barbara,083,443738,2283,1895,17,1912,14
2020-06-11,Santa Clara,085,1922200,3990,3049,15,3064,149
2020-06-11,Santa Cruz,087,273765,279,247,0,247,2
2020-06-11,Shasta,089,179085,87,47,0,47,5
2020-06-11,Sierra,091,2930,1,1,0,1,0
2020-06-11,Siskiyou,093,43540,25,14,0,14,0
2020-06-11,Solano,095,438530,938,616,3,619,19
2020-06-11,Sonoma,097,501317,841,682,2,684,4
2020-06-11,Stanislaus,099,539301,1600,1062,6,1068,30
2020-06-11,Sutter,101,95872,92,56,0,56,2
2020-06-11,Tehama,103,63373,27,10,2,12,1
2020-06-11,Trinity,105,12862,11,2,3,5,0
2020-06-11,Tulare,107,460477,3537,2473,10,2483,95
2020-06-11,Tuolumne,109,53932,10,7,0,7,0
2020-06-11,Ventura,111,848112,2218,1491,12,1503,34
2020-06-11,Yolo,113,214977,304,230,0,230,24
2020-06-11,Yuba,115,75493,36,27,0,27,1
2020-06-10,Alameda,001,1643700,4675,4027,6,4033,107
2020-06-10,Alpine,002,1148,1,1,0,1,0
2020-06-10,Amador,005,37829,10,10,0,10,0
2020-06-10,Butte,007,227075,104,71,12,83,1
2020-06-10,Calaveras,009,45235,27,16,0,16,0
2020-06-10,Colusa,011,21464,11,7,0,7,0
2020-06-10,Contra Costa,013,1133247,2099,1778,2,1780,43
2020-06-10,Del Norte,015,27424,47,45,0,45,0
2020-06-10,El Dorado,017,186661,152,109,2,111,0
2020-06-10,Fresno,019,978130,4460,2324,56,2380,45
2020-06-10,Glenn,021,27897,39,21,0,21,0
2020-06-10,Humboldt,023,135768,118,112,0,112,3
2020-06-10,Imperial,025,180216,5478,3454,4,3458,36
2020-06-10,Inyo,027,18085,22,23,0,23,1
2020-06-10,Kern,029,883053,4002,3000,11,3011,54
2020-06-10,Kings,031,150075,1913,952,2,954,6
2020-06-10,Lake,033,64148,39,28,0,28,0
2020-06-10,Lassen,035,31185,15,5,2,7,0
2020-06-10,Los Angeles,037,10098052,76415,67018,32,67050,2752
2020-06-10,Madera,039,155013,431,176,1,177,3
2020-06-10,Marin,041,260295,757,633,2,635,17
2020-06-10,Mariposa,043,17540,17,16,0,16,1
2020-06-10,Mendocino,045,87422,39,35,0,35,0
2020-06-10,Merced,047,269075,606,370,0,370,7
2020-06-10,Modoc,049,8938,1,0,0,0,0
2020-06-10,Mono,051,14174,39,35,0,35,1
2020-06-10,Monterey,053,433212,1106,791,2,793,11
2020-06-10,Napa,055,140530,210,159,0,159,3
2020-06-10,Nevada,057,99092,65,50,1,51,1
2020-06-10,Orange,059,3164182,11465,8222,81,8303,184
2020-06-10,Placer,061,380077,451,309,3,312,9
2020-06-10,Plumas,063,18699,5,4,0,4,0
2020-06-10,Riverside,065,2383286,12895,9857,23,9880,361
2020-06-10,Sacramento,067,1510023,1887,1643,2,1645,59
2020-06-10,San Benito,069,59416,144,94,0,94,2
2020-06-10,San Bernardino,071,2135413,8879,6438,7,6445,219
2020-06-10,San Diego,073,3302833,10227,8839,0,8839,305
2020-06-10,San Francisco,075,870044,3029,2774,1,2775,44
2020-06-10,San Joaquin,077,732212,1946,1282,3,1285,41
2020-06-10,San Luis Obispo,079,281455,442,306,5,311,1
2020-06-10,San Mateo,081,765935,2707,2492,3,2495,74
2020-06-10,Santa Barbara,083,443738,2227,1878,17,1895,13
2020-06-10,Santa Clara,085,1922200,3939,3032,15,3047,149
2020-06-10,Santa Cruz,087,273765,275,242,0,242,2
2020-06-10,Shasta,089,179085,82,45,0,45,5
2020-06-10,Sierra,091,2930,1,1,0,1,0
2020-06-10,Siskiyou,093,43540,25,14,0,14,0
2020-06-10,Solano,095,438530,901,608,3,611,19
2020-06-10,Sonoma,097,501317,823,673,2,675,4
2020-06-10,Stanislaus,099,539301,1510,1030,6,1036,29
2020-06-10,Sutter,101,95872,91,56,0,56,2
2020-06-10,Tehama,103,63373,25,10,2,12,1
2020-06-10,Trinity,105,12862,11,2,3,5,0
2020-06-10,Tulare,107,460477,3444,2455,10,2465,95
2020-06-10,Tuolumne,109,53932,10,7,0,7,0
2020-06-10,Ventura,111,848112,2172,1446,11,1457,34
2020-06-10,Yolo,113,214977,296,226,0,226,24
2020-06-10,Yuba,115,75493,35,27,0,27,1
2020-06-09,Alameda,001,1643700,4564,3963,6,3969,103
2020-06-09,Alpine,002,1148,1,1,0,1,0
2020-06-09,Amador,005,37829,10,10,0,10,0
2020-06-09,Butte,007,227075,103,70,11,81,1
2020-06-09,Calaveras,009,45235,27,16,0,16,0
2020-06-09,Colusa,011,21464,10,7,0,7,0
2020-06-09,Contra Costa,013,1133247,2058,1744,2,1746,42
2020-06-09,Del Norte,015,27424,47,45,0,45,0
2020-06-09,El Dorado,017,186661,142,108,2,110,0
2020-06-09,Fresno,019,978130,4309,2278,56,2334,43
2020-06-09,Glenn,021,27897,38,19,0,19,0
2020-06-09,Humboldt,023,135768,116,113,0,113,2
2020-06-09,Imperial,025,180216,5328,3067,4,3071,36
2020-06-09,Inyo,027,18085,22,22,0,22,1
2020-06-09,Kern,029,883053,3874,2920,11,2931,51
2020-06-09,Kings,031,150075,1881,934,2,936,6
2020-06-09,Lake,033,64148,39,28,0,28,0
2020-06-09,Lassen,035,31185,15,5,2,7,0
2020-06-09,Los Angeles,037,10098052,74758,65827,32,65859,2692
2020-06-09,Madera,039,155013,416,172,1,173,3
2020-06-09,Marin,041,260295,721,616,2,618,17
2020-06-09,Mariposa,043,17540,17,16,0,16,1
2020-06-09,Mendocino,045,87422,35,35,0,35,0
2020-06-09,Merced,047,269075,574,349,0,349,7
2020-06-09,Modoc,049,8938,1,0,0,0,0
2020-06-09,Mono,051,14174,39,35,0,35,1
2020-06-09,Monterey,053,433212,1065,772,2,774,11
2020-06-09,Napa,055,140530,200,156,0,156,3
2020-06-09,Nevada,057,99092,57,50,1,51,1
2020-06-09,Orange,059,3164182,11221,7991,79,8070,174
2020-06-09,Placer,061,380077,438,301,3,304,9
2020-06-09,Plumas,063,18699,5,4,0,4,0
2020-06-09,Riverside,065,2383286,12517,9511,23,9534,354
2020-06-09,Sacramento,067,1510023,1832,1625,2,1627,59
2020-06-09,San Benito,069,59416,138,95,0,95,2
2020-06-09,San Bernardino,071,2135413,8556,6268,6,6274,217
2020-06-09,San Diego,073,3302833,10042,8731,0,8731,301
2020-06-09,San Francisco,075,870044,3004,2749,1,2750,44
2020-06-09,San Joaquin,077,732212,1840,1240,3,1243,41
2020-06-09,San Luis Obispo,079,281455,429,301,4,305,1
2020-06-09,San Mateo,081,765935,2676,2463,3,2466,74
2020-06-09,Santa Barbara,083,443738,2171,1854,17,1871,13
2020-06-09,Santa Clara,085,1922200,3871,3006,14,3020,147
2020-06-09,Santa Cruz,087,273765,269,237,0,237,2
2020-06-09,Shasta,089,179085,78,44,0,44,4
2020-06-09,Sierra,091,2930,1,1,0,1,0
2020-06-09,Siskiyou,093,43540,20,10,0,10,0
2020-06-09,Solano,095,438530,866,596,3,599,18
2020-06-09,Sonoma,097,501317,800,661,2,663,4
2020-06-09,Stanislaus,099,539301,1409,993,6,999,25
2020-06-09,Sutter,101,95872,88,56,0,56,2
2020-06-09,Tehama,103,63373,25,9,2,11,1
2020-06-09,Trinity,105,12862,10,2,3,5,0
2020-06-09,Tulare,107,460477,3378,2393,10,2403,91
2020-06-09,Tuolumne,109,53932,10,8,0,8,0
2020-06-09,Ventura,111,848112,2106,1407,11,1418,34
2020-06-09,Yolo,113,214977,285,226,0,226,24
2020-06-09,Yuba,115,75493,34,27,0,27,1
2020-06-08,Alameda,001,1643700,4483,3937,6,3943,103
2020-06-08,Alpine,002,1148,1,1,0,1,0
2020-06-08,Amador,005,37829,10,10,0,10,0
2020-06-08,Butte,007,227075,99,68,11,79,1
2020-06-08,Calaveras,009,45235,27,16,0,16,0
2020-06-08,Colusa,011,21464,9,7,0,7,0
2020-06-08,Contra Costa,013,1133247,2015,1714,2,1716,41
2020-06-08,Del Norte,015,27424,47,45,0,45,0
2020-06-08,El Dorado,017,186661,138,107,1,108,0
2020-06-08,Fresno,019,978130,4186,2194,55,2249,42
2020-06-08,Glenn,021,27897,36,17,0,17,0
2020-06-08,Humboldt,023,135768,116,112,0,112,2
2020-06-08,Imperial,025,180216,5176,3051,4,3055,21
2020-06-08,Inyo,027,18085,22,22,0,22,1
2020-06-08,Kern,029,883053,3743,2853,10,2863,49
2020-06-08,Kings,031,150075,1805,892,2,894,6
2020-06-08,Lake,033,64148,39,28,0,28,0
2020-06-08,Lassen,035,31185,15,4,2,6,0
2020-06-08,Los Angeles,037,10098052,73297,64634,32,64666,2640
2020-06-08,Madera,039,155013,386,154,1,155,3
2020-06-08,Marin,041,260295,680,596,2,598,17
2020-06-08,Mariposa,043,17540,16,16,0,16,1
2020-06-08,Mendocino,045,87422,33,32,0,32,0
2020-06-08,Merced,047,269075,540,331,0,331,7
2020-06-08,Modoc,049,8938,1,0,0,0,0
2020-06-08,Mono,051,14174,39,35,0,35,1
2020-06-08,Monterey,053,433212,1014,751,2,753,10
2020-06-08,Napa,055,140530,184,151,0,151,3
2020-06-08,Nevada,057,99092,56,50,1,51,1
2020-06-08,Orange,059,3164182,10969,7786,77,7863,160
2020-06-08,Placer,061,380077,421,290,3,293,9
2020-06-08,Plumas,063,18699,5,4,0,4,0
2020-06-08,Riverside,065,2383286,12147,9246,23,9269,347
2020-06-08,Sacramento,067,1510023,1782,1591,2,1593,59
2020-06-08,San Benito,069,59416,131,93,0,93,2
2020-06-08,San Bernardino,071,2135413,8237,6122,6,6128,214
2020-06-08,San Diego,073,3302833,9885,8621,0,8621,296
2020-06-08,San Francisco,075,870044,2977,2715,1,2716,43
2020-06-08,San Joaquin,077,732212,1733,1198,3,1201,40
2020-06-08,San Luis Obispo,079,281455,423,300,4,304,1
2020-06-08,San Mateo,081,765935,2645,2431,2,2433,74
2020-06-08,Santa Barbara,083,443738,2116,1824,15,1839,13
2020-06-08,Santa Clara,085,1922200,3825,2971,14,2985,146
2020-06-08,Santa Cruz,087,273765,268,234,0,234,2
2020-06-08,Shasta,089,179085,74,43,0,43,4
2020-06-08,Sierra,091,2930,1,1,0,1,0
2020-06-08,Siskiyou,093,43540,20,8,0,8,0
2020-06-08,Solano,095,438530,839,560,3,563,19
2020-06-08,Sonoma,097,501317,784,654,2,656,4
2020-06-08,Stanislaus,099,539301,1326,956,6,962,28
2020-06-08,Sutter,101,95872,81,55,0,55,2
2020-06-08,Tehama,103,63373,19,8,2,10,1
2020-06-08,Trinity,105,12862,10,2,3,5,0
2020-06-08,Tulare,107,460477,3295,2301,10,2311,91
2020-06-08,Tuolumne,109,53932,9,8,0,8,0
2020-06-08,Ventura,111,848112,2048,1382,11,1393,30
2020-06-08,Yolo,113,214977,274,228,0,228,24
2020-06-08,Yuba,115,75493,32,27,0,27,1
2020-06-07,Alameda,001,1643700,4370,3866,6,3872,102
2020-06-07,Alpine,002,1148,1,1,0,1,0
2020-06-07,Amador,005,37829,10,10,0,10,0
2020-06-07,Butte,007,227075,97,64,9,73,1
2020-06-07,Calaveras,009,45235,25,16,0,16,0
2020-06-07,Colusa,011,21464,9,7,0,7,0
2020-06-07,Contra Costa,013,1133247,1964,1653,1,1654,38
2020-06-07,Del Norte,015,27424,45,45,0,45,0
2020-06-07,El Dorado,017,186661,138,104,1,105,0
2020-06-07,Fresno,019,978130,4057,2144,55,2199,41
2020-06-07,Glenn,021,27897,29,16,0,16,0
2020-06-07,Humboldt,023,135768,116,112,0,112,2
2020-06-07,Imperial,025,180216,5026,3048,4,3052,19
2020-06-07,Inyo,027,18085,22,21,0,21,1
2020-06-07,Kern,029,883053,3612,2771,10,2781,46
2020-06-07,Kings,031,150075,1756,882,2,884,6
2020-06-07,Lake,033,64148,36,28,0,28,0
2020-06-07,Lassen,035,31185,14,4,2,6,0
2020-06-07,Los Angeles,037,10098052,71586,63750,32,63782,2629
2020-06-07,Madera,039,155013,369,149,1,150,3
2020-06-07,Marin,041,260295,666,584,2,586,17
2020-06-07,Mariposa,043,17540,16,16,0,16,1
2020-06-07,Mendocino,045,87422,33,32,0,32,0
2020-06-07,Merced,047,269075,510,318,0,318,7
2020-06-07,Modoc,049,8938,1,0,0,0,0
2020-06-07,Mono,051,14174,39,35,0,35,1
2020-06-07,Monterey,053,433212,968,732,2,734,10
2020-06-07,Napa,055,140530,176,142,0,142,3
2020-06-07,Nevada,057,99092,55,50,1,51,1
2020-06-07,Orange,059,3164182,10710,7643,75,7718,158
2020-06-07,Placer,061,380077,400,273,2,275,9
2020-06-07,Plumas,063,18699,5,4,0,4,0
2020-06-07,Riverside,065,2383286,11851,9105,23,9128,344
2020-06-07,Sacramento,067,1510023,1734,1568,2,1570,59
2020-06-07,San Benito,069,59416,128,92,0,92,2
2020-06-07,San Bernardino,071,2135413,7951,6033,6,6039,214
2020-06-07,San Diego,073,3302833,9706,8478,0,8478,296
2020-06-07,San Francisco,075,870044,2933,2674,0,2674,43
2020-06-07,San Joaquin,077,732212,1632,1126,3,1129,37
2020-06-07,San Luis Obispo,079,281455,413,296,4,300,1
2020-06-07,San Mateo,081,765935,2618,2399,2,2401,73
2020-06-07,Santa Barbara,083,443738,2061,1818,15,1833,13
2020-06-07,Santa Clara,085,1922200,3773,2947,14,2961,146
2020-06-07,Santa Cruz,087,273765,260,230,0,230,2
2020-06-07,Shasta,089,179085,73,41,0,41,4
2020-06-07,Sierra,091,2930,1,1,0,1,0
2020-06-07,Siskiyou,093,43540,20,8,0,8,0
2020-06-07,Solano,095,438530,816,560,3,563,19
2020-06-07,Sonoma,097,501317,753,639,2,641,4
2020-06-07,Stanislaus,099,539301,1246,905,5,910,28
2020-06-07,Sutter,101,95872,73,55,0,55,2
2020-06-07,Tehama,103,63373,16,8,2,10,1
2020-06-07,Trinity,105,12862,8,2,3,5,0
2020-06-07,Tulare,107,460477,3173,2219,10,2229,90
2020-06-07,Tuolumne,109,53932,9,4,0,4,0
2020-06-07,Ventura,111,848112,1982,1337,11,1348,30
2020-06-07,Yolo,113,214977,264,224,0,224,24
2020-06-07,Yuba,115,75493,32,27,0,27,1
2020-06-06,Alameda,001,1643700,4324,3801,6,3807,102
2020-06-06,Alpine,002,1148,1,1,0,1,0
2020-06-06,Amador,005,37829,10,10,0,10,0
2020-06-06,Butte,007,227075,96,63,9,72,1
2020-06-06,Calaveras,009,45235,23,16,0,16,0
2020-06-06,Colusa,011,21464,9,7,0,7,0
2020-06-06,Contra Costa,013,1133247,1944,1619,1,1620,37
2020-06-06,Del Norte,015,27424,45,45,0,45,0
2020-06-06,El Dorado,017,186661,133,104,1,105,0
2020-06-06,Fresno,019,978130,4001,2117,55,2172,41
2020-06-06,Glenn,021,27897,27,16,0,16,0
2020-06-06,Humboldt,023,135768,116,112,0,112,2
2020-06-06,Imperial,025,180216,4951,3047,4,3051,19
2020-06-06,Inyo,027,18085,22,21,0,21,1
2020-06-06,Kern,029,883053,3541,2695,10,2705,46
2020-06-06,Kings,031,150075,1737,882,2,884,6
2020-06-06,Lake,033,64148,36,28,0,28,0
2020-06-06,Lassen,035,31185,14,4,2,6,0
2020-06-06,Los Angeles,037,10098052,70831,62269,32,62301,2607
2020-06-06,Madera,039,155013,360,149,1,150,3
2020-06-06,Marin,041,260295,661,556,2,558,17
2020-06-06,Mariposa,043,17540,16,16,0,16,1
2020-06-06,Mendocino,045,87422,33,32,0,32,0
2020-06-06,Merced,047,269075,508,315,0,315,7
2020-06-06,Modoc,049,8938,1,0,0,0,0
2020-06-06,Mono,051,14174,39,35,0,35,1
2020-06-06,Monterey,053,433212,944,679,2,681,10
2020-06-06,Napa,055,140530,170,136,0,136,3
2020-06-06,Nevada,057,99092,54,50,1,51,1
2020-06-06,Orange,059,3164182,10550,7576,74,7650,157
2020-06-06,Placer,061,380077,388,270,2,272,9
2020-06-06,Plumas,063,18699,5,4,0,4,0
2020-06-06,Riverside,065,2383286,11673,8935,23,8958,345
2020-06-06,Sacramento,067,1510023,1711,1533,2,1535,59
2020-06-06,San Benito,069,59416,118,92,0,92,2
2020-06-06,San Bernardino,071,2135413,7802,5946,6,5952,214
2020-06-06,San Diego,073,3302833,9585,8347,0,8347,296
2020-06-06,San Francisco,075,870044,2918,2674,0,2674,43
2020-06-06,San Joaquin,077,732212,1592,1076,3,1079,37
2020-06-06,San Luis Obispo,079,281455,407,295,4,299,1
2020-06-06,San Mateo,081,765935,2603,2342,2,2344,72
2020-06-06,Santa Barbara,083,443738,2022,1815,15,1830,13
2020-06-06,Santa Clara,085,1922200,3732,2934,14,2948,144
2020-06-06,Santa Cruz,087,273765,258,226,0,226,2
2020-06-06,Shasta,089,179085,73,40,0,40,4
2020-06-06,Sierra,091,2930,1,1,0,1,0
2020-06-06,Siskiyou,093,43540,18,8,0,8,0
2020-06-06,Solano,095,438530,801,560,3,563,19
2020-06-06,Sonoma,097,501317,741,622,2,624,4
2020-06-06,Stanislaus,099,539301,1212,858,5,863,27
2020-06-06,Sutter,101,95872,73,51,0,51,2
2020-06-06,Tehama,103,63373,15,8,2,10,1
2020-06-06,Trinity,105,12862,8,2,2,4,0
2020-06-06,Tulare,107,460477,3140,2213,10,2223,90
2020-06-06,Tuolumne,109,53932,9,4,0,4,0
2020-06-06,Ventura,111,848112,1958,1303,11,1314,30
2020-06-06,Yolo,113,214977,262,223,0,223,24
2020-06-06,Yuba,115,75493,32,27,0,27,1
2020-06-05,Alameda,001,1643700,4273,3734,6,3740,102
2020-06-05,Alpine,002,1148,1,1,0,1,0
2020-06-05,Amador,005,37829,10,10,0,10,0
2020-06-05,Butte,007,227075,93,61,9,70,1
2020-06-05,Calaveras,009,45235,22,16,0,16,0
2020-06-05,Colusa,011,21464,9,7,0,7,0
2020-06-05,Contra Costa,013,1133247,1929,1575,1,1576,37
2020-06-05,Del Norte,015,27424,45,45,0,45,0
2020-06-05,El Dorado,017,186661,131,101,1,102,0
2020-06-05,Fresno,019,978130,3937,2051,54,2105,38
2020-06-05,Glenn,021,27897,25,16,0,16,0
2020-06-05,Humboldt,023,135768,115,111,0,111,2
2020-06-05,Imperial,025,180216,4843,2778,4,2782,19
2020-06-05,Inyo,027,18085,22,21,0,21,1
2020-06-05,Kern,029,883053,3452,2624,10,2634,46
2020-06-05,Kings,031,150075,1722,865,2,867,6
2020-06-05,Lake,033,64148,35,28,0,28,0
2020-06-05,Lassen,035,31185,13,4,2,6,0
2020-06-05,Los Angeles,037,10098052,69680,60955,30,60985,2553
2020-06-05,Madera,039,155013,338,144,1,145,3
2020-06-05,Marin,041,260295,652,546,2,548,17
2020-06-05,Mariposa,043,17540,16,16,0,16,1
2020-06-05,Mendocino,045,87422,33,32,0,32,0
2020-06-05,Merced,047,269075,505,309,0,309,7
2020-06-05,Modoc,049,8938,1,0,0,0,0
2020-06-05,Mono,051,14174,39,35,0,35,1
2020-06-05,Monterey,053,433212,912,649,2,651,10
2020-06-05,Napa,055,140530,167,123,0,123,3
2020-06-05,Nevada,057,99092,54,50,1,51,1
2020-06-05,Orange,059,3164182,10354,7391,73,7464,153
2020-06-05,Placer,061,380077,378,265,2,267,9
2020-06-05,Plumas,063,18699,5,4,0,4,0
2020-06-05,Riverside,065,2383286,11414,8700,23,8723,345
2020-06-05,Sacramento,067,1510023,1689,1514,2,1516,59
2020-06-05,San Benito,069,59416,116,92,0,92,2
2020-06-05,San Bernardino,071,2135413,7620,5869,5,5874,212
2020-06-05,San Diego,073,3302833,9470,8182,0,8182,294
2020-06-05,San Francisco,075,870044,2900,2675,0,2675,43
2020-06-05,San Joaquin,077,732212,1513,1046,3,1049,36
2020-06-05,San Luis Obispo,079,281455,400,293,4,297,1
2020-06-05,San Mateo,081,765935,2578,2331,2,2333,72
2020-06-05,Santa Barbara,083,443738,1991,1795,15,1810,13
2020-06-05,Santa Clara,085,1922200,3697,2902,14,2916,144
2020-06-05,Santa Cruz,087,273765,255,222,0,222,2
2020-06-05,Shasta,089,179085,72,40,0,40,4
2020-06-05,Sierra,091,2930,1,1,0,1,0
2020-06-05,Siskiyou,093,43540,16,8,0,8,0
2020-06-05,Solano,095,438530,794,558,3,561,19
2020-06-05,Sonoma,097,501317,720,618,2,620,4
2020-06-05,Stanislaus,099,539301,1179,842,5,847,27
2020-06-05,Sutter,101,95872,73,49,0,49,2
2020-06-05,Tehama,103,63373,15,7,2,9,1
2020-06-05,Trinity,105,12862,8,1,2,3,0
2020-06-05,Tulare,107,460477,3091,2180,10,2190,90
2020-06-05,Tuolumne,109,53932,9,4,0,4,0
2020-06-05,Ventura,111,848112,1925,1274,11,1285,30
2020-06-05,Yolo,113,214977,261,216,0,216,24
2020-06-05,Yuba,115,75493,32,27,0,27,1
2020-06-04,Alameda,001,1643700,4174,3643,6,3649,99
2020-06-04,Alpine,002,1148,1,1,0,1,0
2020-06-04,Amador,005,37829,10,10,0,10,0
2020-06-04,Butte,007,227075,89,57,8,65,1
2020-06-04,Calaveras,009,45235,22,15,0,15,0
2020-06-04,Colusa,011,21464,9,7,0,7,0
2020-06-04,Contra Costa,013,1133247,1872,1551,1,1552,37
2020-06-04,Del Norte,015,27424,45,45,0,45,0
2020-06-04,El Dorado,017,186661,129,101,1,102,0
2020-06-04,Fresno,019,978130,3833,2007,53,2060,35
2020-06-04,Glenn,021,27897,22,16,0,16,0
2020-06-04,Humboldt,023,135768,115,109,0,109,2
2020-06-04,Imperial,025,180216,4661,2631,4,2635,19
2020-06-04,Inyo,027,18085,22,20,0,20,1
2020-06-04,Kern,029,883053,3336,2530,10,2540,46
2020-06-04,Kings,031,150075,1653,842,2,844,6
2020-06-04,Lake,033,64148,34,27,0,27,0
2020-06-04,Lassen,035,31185,11,4,2,6,0
2020-06-04,Los Angeles,037,10098052,68215,59596,30,59626,2515
2020-06-04,Madera,039,155013,330,127,1,128,3
2020-06-04,Marin,041,260295,630,533,2,535,14
2020-06-04,Mariposa,043,17540,16,16,0,16,1
2020-06-04,Mendocino,045,87422,33,29,0,29,0
2020-06-04,Merced,047,269075,495,304,0,304,7
2020-06-04,Modoc,049,8938,1,0,0,0,0
2020-06-04,Mono,051,14174,39,35,0,35,1
2020-06-04,Monterey,053,433212,877,621,1,622,10
2020-06-04,Napa,055,140530,163,117,0,117,3
2020-06-04,Nevada,057,99092,53,49,1,50,1
2020-06-04,Orange,059,3164182,10100,7192,72,7264,148
2020-06-04,Placer,061,380077,362,256,2,258,9
2020-06-04,Plumas,063,18699,4,4,0,4,0
2020-06-04,Riverside,065,2383286,11137,8473,23,8496,341
2020-06-04,Sacramento,067,1510023,1660,1492,2,1494,58
2020-06-04,San Benito,069,59416,114,88,0,88,2
2020-06-04,San Bernardino,071,2135413,7351,5726,5,5731,207
2020-06-04,San Diego,073,3302833,9307,7942,0,7942,288
2020-06-04,San Francisco,075,870044,2867,2636,0,2636,43
2020-06-04,San Joaquin,077,732212,1451,1016,3,1019,36
2020-06-04,San Luis Obispo,079,281455,389,288,4,292,1
2020-06-04,San Mateo,081,765935,2551,2284,2,2286,72
2020-06-04,Santa Barbara,083,443738,1960,1750,14,1764,13
2020-06-04,Santa Clara,085,1922200,3662,2871,14,2885,144
2020-06-04,Santa Cruz,087,273765,249,218,0,218,2
2020-06-04,Shasta,089,179085,66,40,0,40,4
2020-06-04,Sierra,091,2930,1,1,0,1,0
2020-06-04,Siskiyou,093,43540,15,8,0,8,0
2020-06-04,Solano,095,438530,777,551,3,554,19
2020-06-04,Sonoma,097,501317,701,591,1,592,4
2020-06-04,Stanislaus,099,539301,1103,806,5,811,28
2020-06-04,Sutter,101,95872,68,46,0,46,2
2020-06-04,Tehama,103,63373,14,6,1,7,1
2020-06-04,Trinity,105,12862,8,1,2,3,0
2020-06-04,Tulare,107,460477,2974,2086,10,2096,90
2020-06-04,Tuolumne,109,53932,8,4,0,4,0
2020-06-04,Ventura,111,848112,1881,1236,10,1246,30
2020-06-04,Yolo,113,214977,256,216,0,216,24
2020-06-04,Yuba,115,75493,31,27,0,27,1
2020-06-03,Alameda,001,1643700,4115,3589,5,3594,99
2020-06-03,Alpine,002,1148,1,1,0,1,0
2020-06-03,Amador,005,37829,10,10,0,10,0
2020-06-03,Butte,007,227075,87,53,8,61,1
2020-06-03,Calaveras,009,45235,21,15,0,15,0
2020-06-03,Colusa,011,21464,9,7,0,7,0
2020-06-03,Contra Costa,013,1133247,1824,1511,1,1512,37
2020-06-03,Del Norte,015,27424,45,39,0,39,0
2020-06-03,El Dorado,017,186661,126,90,1,91,0
2020-06-03,Fresno,019,978130,3734,1943,53,1996,35
2020-06-03,Glenn,021,27897,22,16,0,16,0
2020-06-03,Humboldt,023,135768,115,103,0,103,2
2020-06-03,Imperial,025,180216,4488,2540,4,2544,19
2020-06-03,Inyo,027,18085,22,20,0,20,1
2020-06-03,Kern,029,883053,3240,2452,9,2461,44
2020-06-03,Kings,031,150075,1592,744,2,746,6
2020-06-03,Lake,033,64148,32,26,0,26,0
2020-06-03,Lassen,035,31185,11,4,2,6,0
2020-06-03,Los Angeles,037,10098052,66617,58166,30,58196,2472
2020-06-03,Madera,039,155013,322,117,1,118,3
2020-06-03,Marin,041,260295,612,527,2,529,14
2020-06-03,Mariposa,043,17540,16,16,0,16,1
2020-06-03,Mendocino,045,87422,32,29,0,29,0
2020-06-03,Merced,047,269075,483,299,0,299,7
2020-06-03,Modoc,049,8938,1,0,0,0,0
2020-06-03,Mono,051,14174,39,35,0,35,1
2020-06-03,Monterey,053,433212,849,592,1,593,10
2020-06-03,Napa,055,140530,162,116,0,116,3
2020-06-03,Nevada,057,99092,52,43,1,44,1
2020-06-03,Orange,059,3164182,9874,6939,71,7010,145
2020-06-03,Placer,061,380077,342,243,2,245,9
2020-06-03,Plumas,063,18699,4,4,0,4,0
2020-06-03,Riverside,065,2383286,10863,8208,23,8231,335
2020-06-03,Sacramento,067,1510023,1631,1457,2,1459,58
2020-06-03,San Benito,069,59416,108,88,0,88,2
2020-06-03,San Bernardino,071,2135413,7128,5565,5,5570,203
2020-06-03,San Diego,073,3302833,9159,7800,0,7800,283
2020-06-03,San Francisco,075,870044,2836,2608,0,2608,43
2020-06-03,San Joaquin,077,732212,1386,1004,3,1007,35
2020-06-03,San Luis Obispo,079,281455,384,279,4,283,1
2020-06-03,San Mateo,081,765935,2523,2243,2,2245,71
2020-06-03,Santa Barbara,083,443738,1926,1722,13,1735,12
2020-06-03,Santa Clara,085,1922200,3620,2836,14,2850,144
2020-06-03,Santa Cruz,087,273765,243,217,0,217,2
2020-06-03,Shasta,089,179085,63,40,0,40,4
2020-06-03,Sierra,091,2930,1,1,0,1,0
2020-06-03,Siskiyou,093,43540,14,8,0,8,0
2020-06-03,Solano,095,438530,748,543,2,545,18
2020-06-03,Sonoma,097,501317,689,578,1,579,4
2020-06-03,Stanislaus,099,539301,1063,780,5,785,27
2020-06-03,Sutter,101,95872,60,45,0,45,2
2020-06-03,Tehama,103,63373,14,6,1,7,1
2020-06-03,Trinity,105,12862,8,1,2,3,0
2020-06-03,Tulare,107,460477,2905,2041,10,2051,88
2020-06-03,Tuolumne,109,53932,6,4,0,4,0
2020-06-03,Ventura,111,848112,1814,1202,10,1212,30
2020-06-03,Yolo,113,214977,252,213,0,213,24
2020-06-03,Yuba,115,75493,31,27,0,27,1
2020-06-02,Alameda,001,1643700,4039,3517,5,3522,99
2020-06-02,Alpine,002,1148,1,1,0,1,0
2020-06-02,Amador,005,37829,10,10,0,10,0
2020-06-02,Butte,007,227075,83,51,7,58,1
2020-06-02,Calaveras,009,45235,21,15,0,15,0
2020-06-02,Colusa,011,21464,9,7,0,7,0
2020-06-02,Contra Costa,013,1133247,1792,1505,1,1506,37
2020-06-02,Del Norte,015,27424,45,39,0,39,0
2020-06-02,El Dorado,017,186661,125,88,1,89,0
2020-06-02,Fresno,019,978130,3620,1917,53,1970,34
2020-06-02,Glenn,021,27897,21,16,0,16,0
2020-06-02,Humboldt,023,135768,115,101,0,101,2
2020-06-02,Imperial,025,180216,4295,2459,4,2463,19
2020-06-02,Inyo,027,18085,20,20,0,20,1
2020-06-02,Kern,029,883053,3141,2406,7,2413,41
2020-06-02,Kings,031,150075,1564,720,2,722,5
2020-06-02,Lake,033,64148,32,25,0,25,0
2020-06-02,Lassen,035,31185,10,4,2,6,0
2020-06-02,Los Angeles,037,10098052,65215,57144,30,57174,2430
2020-06-02,Madera,039,155013,301,110,1,111,2
2020-06-02,Marin,041,260295,585,509,2,511,14
2020-06-02,Mariposa,043,17540,16,16,0,16,1
2020-06-02,Mendocino,045,87422,32,29,0,29,0
2020-06-02,Merced,047,269075,467,297,0,297,6
2020-06-02,Modoc,049,8938,1,0,0,0,0
2020-06-02,Mono,051,14174,39,35,0,35,1
2020-06-02,Monterey,053,433212,819,582,1,583,10
2020-06-02,Napa,055,140530,153,116,0,116,3
2020-06-02,Nevada,057,99092,51,41,1,42,1
2020-06-02,Orange,059,3164182,9671,6790,70,6860,142
2020-06-02,Placer,061,380077,328,226,2,228,9
2020-06-02,Plumas,063,18699,4,4,0,4,0
2020-06-02,Riverside,065,2383286,10567,8091,22,8113,330
2020-06-02,Sacramento,067,1510023,1602,1428,2,1430,58
2020-06-02,San Benito,069,59416,107,86,0,86,2
2020-06-02,San Bernardino,071,2135413,6921,5438,5,5443,202
2020-06-02,San Diego,073,3302833,9013,7676,0,7676,276
2020-06-02,San Francisco,075,870044,2801,2554,0,2554,43
2020-06-02,San Joaquin,077,732212,1320,985,3,988,35
2020-06-02,San Luis Obispo,079,281455,379,275,4,279,1
2020-06-02,San Mateo,081,765935,2488,2203,2,2205,71
2020-06-02,Santa Barbara,083,443738,1886,1703,13,1716,12
2020-06-02,Santa Clara,085,1922200,3570,2819,14,2833,144
2020-06-02,Santa Cruz,087,273765,238,215,0,215,2
2020-06-02,Shasta,089,179085,62,38,0,38,4
2020-06-02,Sierra,091,2930,1,1,0,1,0
2020-06-02,Siskiyou,093,43540,13,8,0,8,0
2020-06-02,Solano,095,438530,733,537,1,538,18
2020-06-02,Sonoma,097,501317,678,571,1,572,4
2020-06-02,Stanislaus,099,539301,1004,772,5,777,27
2020-06-02,Sutter,101,95872,57,43,0,43,2
2020-06-02,Tehama,103,63373,14,6,1,7,1
2020-06-02,Trinity,105,12862,8,1,2,3,0
2020-06-02,Tulare,107,460477,2825,2012,10,2022,86
2020-06-02,Tuolumne,109,53932,6,4,0,4,0
2020-06-02,Ventura,111,848112,1761,1178,10,1188,30
2020-06-02,Yolo,113,214977,250,213,0,213,24
2020-06-02,Yuba,115,75493,31,27,0,27,1
2020-06-01,Alameda,001,1643700,3973,3460,5,3465,98
2020-06-01,Alpine,002,1148,1,1,0,1,0
2020-06-01,Amador,005,37829,10,10,0,10,0
2020-06-01,Butte,007,227075,82,50,6,56,1
2020-06-01,Calaveras,009,45235,21,15,0,15,0
2020-06-01,Colusa,011,21464,9,7,0,7,0
2020-06-01,Contra Costa,013,1133247,1756,1486,1,1487,37
2020-06-01,Del Norte,015,27424,45,38,0,38,0
2020-06-01,El Dorado,017,186661,123,88,1,89,0
2020-06-01,Fresno,019,978130,3525,1854,51,1905,33
2020-06-01,Glenn,021,27897,21,16,0,16,0
2020-06-01,Humboldt,023,135768,115,98,0,98,2
2020-06-01,Imperial,025,180216,4073,2366,4,2370,14
2020-06-01,Inyo,027,18085,20,20,0,20,1
2020-06-01,Kern,029,883053,3058,2366,7,2373,38
2020-06-01,Kings,031,150075,1296,703,2,705,4
2020-06-01,Lake,033,64148,32,22,0,22,0
2020-06-01,Lassen,035,31185,10,4,2,6,0
2020-06-01,Los Angeles,037,10098052,63742,55899,29,55928,2367
2020-06-01,Madera,039,155013,289,103,1,104,2
2020-06-01,Marin,041,260295,544,495,2,497,14
2020-06-01,Mariposa,043,17540,16,16,0,16,1
2020-06-01,Mendocino,045,87422,32,28,0,28,0
2020-06-01,Merced,047,269075,450,289,0,289,6
2020-06-01,Modoc,049,8938,1,0,0,0,0
2020-06-01,Mono,051,14174,39,35,0,35,1
2020-06-01,Monterey,053,433212,795,554,1,555,10
2020-06-01,Napa,055,140530,150,114,0,114,3
2020-06-01,Nevada,057,99092,51,41,1,42,1
2020-06-01,Orange,059,3164182,9474,6640,69,6709,135
2020-06-01,Placer,061,380077,316,218,2,220,9
2020-06-01,Plumas,063,18699,4,4,0,4,0
2020-06-01,Riverside,065,2383286,10115,7921,21,7942,322
2020-06-01,Sacramento,067,1510023,1563,1415,2,1417,58
2020-06-01,San Benito,069,59416,104,86,0,86,2
2020-06-01,San Bernardino,071,2135413,6715,5310,5,5315,202
2020-06-01,San Diego,073,3302833,8833,7556,0,7556,269
2020-06-01,San Francisco,075,870044,2764,2546,0,2546,43
2020-06-01,San Joaquin,077,732212,1255,957,3,960,35
2020-06-01,San Luis Obispo,079,281455,375,275,4,279,1
2020-06-01,San Mateo,081,765935,2458,2190,2,2192,71
2020-06-01,Santa Barbara,083,443738,1852,1671,12,1683,10
2020-06-01,Santa Clara,085,1922200,3532,2797,13,2810,142
2020-06-01,Santa Cruz,087,273765,234,215,0,215,2
2020-06-01,Shasta,089,179085,62,38,0,38,4
2020-06-01,Sierra,091,2930,1,1,0,1,0
2020-06-01,Siskiyou,093,43540,13,7,0,7,0
2020-06-01,Solano,095,438530,709,529,1,530,17
2020-06-01,Sonoma,097,501317,662,565,1,566,4
2020-06-01,Stanislaus,099,539301,967,758,5,763,27
2020-06-01,Sutter,101,95872,52,43,0,43,2
2020-06-01,Tehama,103,63373,11,5,1,6,1
2020-06-01,Trinity,105,12862,7,1,2,3,0
2020-06-01,Tulare,107,460477,2710,1976,10,1986,84
2020-06-01,Tuolumne,109,53932,5,4,0,4,0
2020-06-01,Ventura,111,848112,1708,1163,10,1173,29
2020-06-01,Yolo,113,214977,247,212,0,212,24
2020-06-01,Yuba,115,75493,30,26,0,26,1
2020-05-31,Alameda,001,1643700,3868,3362,5,3367,98
2020-05-31,Alpine,002,1148,1,1,0,1,0
2020-05-31,Amador,005,37829,10,10,0,10,0
2020-05-31,Butte,007,227075,80,51,6,57,0
2020-05-31,Calaveras,009,45235,18,15,0,15,0
2020-05-31,Colusa,011,21464,9,5,0,5,0
2020-05-31,Contra Costa,013,1133247,1722,1458,1,1459,37
2020-05-31,Del Norte,015,27424,45,37,0,37,0
2020-05-31,El Dorado,017,186661,119,88,1,89,0
2020-05-31,Fresno,019,978130,3361,1780,46,1826,31
2020-05-31,Glenn,021,27897,20,16,0,16,0
2020-05-31,Humboldt,023,135768,113,98,0,98,2
2020-05-31,Imperial,025,180216,3806,2197,4,2201,14
2020-05-31,Inyo,027,18085,20,20,0,20,1
2020-05-31,Kern,029,883053,2923,2300,7,2307,38
2020-05-31,Kings,031,150075,1260,703,2,705,3
2020-05-31,Lake,033,64148,32,19,0,19,0
2020-05-31,Lassen,035,31185,10,4,2,6,0
2020-05-31,Los Angeles,037,10098052,62447,54925,29,54954,2344
2020-05-31,Madera,039,155013,271,101,1,102,2
2020-05-31,Marin,041,260295,534,486,2,488,14
2020-05-31,Mariposa,043,17540,16,16,0,16,1
2020-05-31,Mendocino,045,87422,32,24,0,24,0
2020-05-31,Merced,047,269075,417,288,0,288,6
2020-05-31,Modoc,049,8938,0,0,0,0,0
2020-05-31,Mono,051,14174,39,34,0,34,1
2020-05-31,Monterey,053,433212,721,545,1,546,10
2020-05-31,Napa,055,140530,148,114,0,114,3
2020-05-31,Nevada,057,99092,50,41,1,42,1
2020-05-31,Orange,059,3164182,9262,6532,68,6600,135
2020-05-31,Placer,061,380077,294,215,2,217,9
2020-05-31,Plumas,063,18699,4,4,0,4,0
2020-05-31,Riverside,065,2383286,9859,7704,21,7725,321
2020-05-31,Sacramento,067,1510023,1532,1398,2,1400,57
2020-05-31,San Benito,069,59416,98,85,0,85,2
2020-05-31,San Bernardino,071,2135413,6447,5185,5,5190,198
2020-05-31,San Diego,073,3302833,8639,7483,0,7483,269
2020-05-31,San Francisco,075,870044,2728,2501,0,2501,43
2020-05-31,San Joaquin,077,732212,1190,888,3,891,34
2020-05-31,San Luis Obispo,079,281455,365,271,4,275,1
2020-05-31,San Mateo,081,765935,2412,2169,2,2171,71
2020-05-31,Santa Barbara,083,443738,1801,1662,11,1673,9
2020-05-31,Santa Clara,085,1922200,3488,2785,13,2798,142
2020-05-31,Santa Cruz,087,273765,231,210,0,210,2
2020-05-31,Shasta,089,179085,60,38,0,38,4
2020-05-31,Sierra,091,2930,1,1,0,1,0
2020-05-31,Siskiyou,093,43540,12,7,0,7,0
2020-05-31,Solano,095,438530,683,512,1,513,6
2020-05-31,Sonoma,097,501317,642,555,1,556,4
2020-05-31,Stanislaus,099,539301,913,738,5,743,27
2020-05-31,Sutter,101,95872,50,42,0,42,2
2020-05-31,Tehama,103,63373,10,4,1,5,1
2020-05-31,Trinity,105,12862,7,1,2,3,0
2020-05-31,Tulare,107,460477,2637,1884,10,1894,82
2020-05-31,Tuolumne,109,53932,5,4,0,4,0
2020-05-31,Ventura,111,848112,1647,1151,10,1161,30
2020-05-31,Yolo,113,214977,241,211,0,211,24
2020-05-31,Yuba,115,75493,30,26,0,26,1
2020-05-30,Alameda,001,1643700,3842,3304,5,3309,96
2020-05-30,Alpine,002,1148,1,1,0,1,0
2020-05-30,Amador,005,37829,10,10,0,10,0
2020-05-30,Butte,007,227075,79,44,6,50,0
2020-05-30,Calaveras,009,45235,17,15,0,15,0
2020-05-30,Colusa,011,21464,8,5,0,5,0
2020-05-30,Contra Costa,013,1133247,1706,1429,1,1430,37
2020-05-30,Del Norte,015,27424,45,37,0,37,0
2020-05-30,El Dorado,017,186661,118,86,1,87,0
2020-05-30,Fresno,019,978130,3300,1744,45,1789,31
2020-05-30,Glenn,021,27897,19,16,0,16,0
2020-05-30,Humboldt,023,135768,112,98,0,98,2
2020-05-30,Imperial,025,180216,3716,2091,4,2095,14
2020-05-30,Inyo,027,18085,20,20,0,20,1
2020-05-30,Kern,029,883053,2854,2217,7,2224,38
2020-05-30,Kings,031,150075,1246,703,2,705,3
2020-05-30,Lake,033,64148,31,18,0,18,0
2020-05-30,Lassen,035,31185,10,4,2,6,0
2020-05-30,Los Angeles,037,10098052,61912,53627,29,53656,2319
2020-05-30,Madera,039,155013,266,101,1,102,2
2020-05-30,Marin,041,260295,534,462,2,464,14
2020-05-30,Mariposa,043,17540,16,16,0,16,1
2020-05-30,Mendocino,045,87422,32,24,0,24,0
2020-05-30,Merced,047,269075,413,285,0,285,6
2020-05-30,Modoc,049,8938,0,0,0,0,0
2020-05-30,Mono,051,14174,39,34,0,34,1
2020-05-30,Monterey,053,433212,705,520,1,521,10
2020-05-30,Napa,055,140530,146,113,0,113,3
2020-05-30,Nevada,057,99092,50,41,1,42,1
2020-05-30,Orange,059,3164182,9105,6354,67,6421,134
2020-05-30,Placer,061,380077,286,199,1,200,9
2020-05-30,Plumas,063,18699,4,4,0,4,0
2020-05-30,Riverside,065,2383286,9715,7492,21,7513,316
2020-05-30,Sacramento,067,1510023,1521,1384,2,1386,57
2020-05-30,San Benito,069,59416,97,85,0,85,2
2020-05-30,San Bernardino,071,2135413,6338,5122,5,5127,198
2020-05-30,San Diego,073,3302833,8546,7387,0,7387,269
2020-05-30,San Francisco,075,870044,2703,2496,0,2496,41
2020-05-30,San Joaquin,077,732212,1152,888,3,891,34
2020-05-30,San Luis Obispo,079,281455,360,270,4,274,1
2020-05-30,San Mateo,081,765935,2388,2129,2,2131,71
2020-05-30,Santa Barbara,083,443738,1782,1660,11,1671,9
2020-05-30,Santa Clara,085,1922200,3472,2741,13,2754,141
2020-05-30,Santa Cruz,087,273765,231,206,0,206,2
2020-05-30,Shasta,089,179085,60,36,0,36,4
2020-05-30,Sierra,091,2930,1,1,0,1,0
2020-05-30,Siskiyou,093,43540,11,7,0,7,0
2020-05-30,Solano,095,438530,676,512,1,513,6
2020-05-30,Sonoma,097,501317,632,551,1,552,4
2020-05-30,Stanislaus,099,539301,896,712,5,717,27
2020-05-30,Sutter,101,95872,49,40,0,40,2
2020-05-30,Tehama,103,63373,10,4,1,5,1
2020-05-30,Trinity,105,12862,7,1,2,3,0
2020-05-30,Tulare,107,460477,2600,1879,10,1889,81
2020-05-30,Tuolumne,109,53932,5,4,0,4,0
2020-05-30,Ventura,111,848112,1630,1116,10,1126,30
2020-05-30,Yolo,113,214977,237,210,0,210,24
2020-05-30,Yuba,115,75493,30,25,0,25,1
2020-05-29,Alameda,001,1643700,3807,3209,5,3214,96
2020-05-29,Alpine,002,1148,1,1,0,1,0
2020-05-29,Amador,005,37829,10,10,0,10,0
2020-05-29,Butte,007,227075,74,41,6,47,0
2020-05-29,Calaveras,009,45235,17,15,0,15,0
2020-05-29,Colusa,011,21464,8,5,0,5,0
2020-05-29,Contra Costa,013,1133247,1690,1411,1,1412,37
2020-05-29,Del Norte,015,27424,45,37,0,37,0
2020-05-29,El Dorado,017,186661,117,85,1,86,0
2020-05-29,Fresno,019,978130,3250,1687,45,1732,31
2020-05-29,Glenn,021,27897,19,14,0,14,0
2020-05-29,Humboldt,023,135768,111,98,0,98,2
2020-05-29,Imperial,025,180216,3598,1607,4,1611,14
2020-05-29,Inyo,027,18085,20,20,0,20,1
2020-05-29,Kern,029,883053,2796,2128,7,2135,36
2020-05-29,Kings,031,150075,1235,693,2,695,3
2020-05-29,Lake,033,64148,30,17,0,17,0
2020-05-29,Lassen,035,31185,10,0,2,2,0
2020-05-29,Los Angeles,037,10098052,60956,51578,29,51607,2273
2020-05-29,Madera,039,155013,251,98,1,99,2
2020-05-29,Marin,041,260295,526,448,2,450,14
2020-05-29,Mariposa,043,17540,16,16,0,16,1
2020-05-29,Mendocino,045,87422,30,25,0,25,0
2020-05-29,Merced,047,269075,403,285,0,285,7
2020-05-29,Modoc,049,8938,0,0,0,0,0
2020-05-29,Mono,051,14174,38,34,0,34,1
2020-05-29,Monterey,053,433212,675,479,1,480,10
2020-05-29,Napa,055,140530,143,113,0,113,3
2020-05-29,Nevada,057,99092,50,41,1,42,1
2020-05-29,Orange,059,3164182,8919,6176,64,6240,133
2020-05-29,Placer,061,380077,264,199,1,200,9
2020-05-29,Plumas,063,18699,4,4,0,4,0
2020-05-29,Riverside,065,2383286,9529,7376,21,7397,313
2020-05-29,Sacramento,067,1510023,1498,1360,2,1362,57
2020-05-29,San Benito,069,59416,97,84,0,84,2
2020-05-29,San Bernardino,071,2135413,6230,4983,5,4988,196
2020-05-29,San Diego,073,3302833,8423,7242,0,7242,266
2020-05-29,San Francisco,075,870044,2679,2453,0,2453,41
2020-05-29,San Joaquin,077,732212,1115,855,3,858,34
2020-05-29,San Luis Obispo,079,281455,356,270,4,274,1
2020-05-29,San Mateo,081,765935,2372,2103,2,2105,71
2020-05-29,Santa Barbara,083,443738,1754,1656,11,1667,9
2020-05-29,Santa Clara,085,1922200,3444,2707,13,2720,141
2020-05-29,Santa Cruz,087,273765,228,203,0,203,2
2020-05-29,Shasta,089,179085,60,36,0,36,4
2020-05-29,Sierra,091,2930,1,1,0,1,0
2020-05-29,Siskiyou,093,43540,11,7,0,7,0
2020-05-29,Solano,095,438530,667,498,1,499,6
2020-05-29,Sonoma,097,501317,621,537,1,538,4
2020-05-29,Stanislaus,099,539301,866,698,5,703,27
2020-05-29,Sutter,101,95872,47,40,0,40,2
2020-05-29,Tehama,103,63373,9,4,1,5,1
2020-05-29,Trinity,105,12862,7,1,2,3,0
2020-05-29,Tulare,107,460477,2562,1852,10,1862,80
2020-05-29,Tuolumne,109,53932,5,4,0,4,0
2020-05-29,Ventura,111,848112,1606,1093,10,1103,29
2020-05-29,Yolo,113,214977,233,211,0,211,24
2020-05-29,Yuba,115,75493,29,25,0,25,1
2020-05-28,Alameda,001,1643700,3708,3083,5,3088,94
2020-05-28,Alpine,002,1148,1,1,0,1,0
2020-05-28,Amador,005,37829,10,10,0,10,0
2020-05-28,Butte,007,227075,73,40,6,46,0
2020-05-28,Calaveras,009,45235,16,15,0,15,0
2020-05-28,Colusa,011,21464,8,5,0,5,0
2020-05-28,Contra Costa,013,1133247,1651,1392,1,1393,37
2020-05-28,Del Norte,015,27424,45,37,0,37,0
2020-05-28,El Dorado,017,186661,114,82,1,83,0
2020-05-28,Fresno,019,978130,3170,1653,44,1697,31
2020-05-28,Glenn,021,27897,18,14,0,14,0
2020-05-28,Humboldt,023,135768,110,97,0,97,2
2020-05-28,Imperial,025,180216,3403,1430,4,1434,14
2020-05-28,Inyo,027,18085,20,20,0,20,1
2020-05-28,Kern,029,883053,2718,2069,7,2076,36
2020-05-28,Kings,031,150075,898,626,2,628,3
2020-05-28,Lake,033,64148,29,17,0,17,0
2020-05-28,Lassen,035,31185,10,0,2,2,0
2020-05-28,Los Angeles,037,10098052,59380,49861,29,49890,2222
2020-05-28,Madera,039,155013,233,93,1,94,2
2020-05-28,Marin,041,260295,501,443,2,445,14
2020-05-28,Mariposa,043,17540,16,16,0,16,1
2020-05-28,Mendocino,045,87422,28,24,0,24,0
2020-05-28,Merced,047,269075,394,283,0,283,7
2020-05-28,Modoc,049,8938,0,0,0,0,0
2020-05-28,Mono,051,14174,38,34,0,34,1
2020-05-28,Monterey,053,433212,643,471,1,472,10
2020-05-28,Napa,055,140530,140,113,0,113,3
2020-05-28,Nevada,057,99092,45,41,1,42,1
2020-05-28,Orange,059,3164182,8724,6045,64,6109,130
2020-05-28,Placer,061,380077,257,196,1,197,9
2020-05-28,Plumas,063,18699,4,4,0,4,0
2020-05-28,Riverside,065,2383286,9125,7240,20,7260,304
2020-05-28,Sacramento,067,1510023,1478,1339,2,1341,57
2020-05-28,San Benito,069,59416,96,82,0,82,2
2020-05-28,San Bernardino,071,2135413,6065,4831,5,4836,191
2020-05-28,San Diego,073,3302833,8266,7102,0,7102,260
2020-05-28,San Francisco,075,870044,2645,2417,0,2417,40
2020-05-28,San Joaquin,077,732212,1080,840,3,843,34
2020-05-28,San Luis Obispo,079,281455,353,267,4,271,1
2020-05-28,San Mateo,081,765935,2345,2070,2,2072,71
2020-05-28,Santa Barbara,083,443738,1726,1642,10,1652,9
2020-05-28,Santa Clara,085,1922200,3404,2698,13,2711,140
2020-05-28,Santa Cruz,087,273765,227,201,0,201,2
2020-05-28,Shasta,089,179085,58,36,0,36,4
2020-05-28,Sierra,091,2930,1,1,0,1,0
2020-05-28,Siskiyou,093,43540,9,6,0,6,0
2020-05-28,Solano,095,438530,650,489,1,490,6
2020-05-28,Sonoma,097,501317,599,529,1,530,4
2020-05-28,Stanislaus,099,539301,825,684,5,689,27
2020-05-28,Sutter,101,95872,47,40,0,40,2
2020-05-28,Tehama,103,63373,9,4,1,5,1
2020-05-28,Trinity,105,12862,6,1,2,3,0
2020-05-28,Tulare,107,460477,2526,1832,10,1842,79
2020-05-28,Tuolumne,109,53932,5,4,0,4,0
2020-05-28,Ventura,111,848112,1573,1083,10,1093,29
2020-05-28,Yolo,113,214977,230,206,0,206,22
2020-05-28,Yuba,115,75493,28,24,0,24,1
2020-05-27,Alameda,001,1643700,3625,3037,5,3042,94
2020-05-27,Alpine,002,1148,1,1,0,1,0
2020-05-27,Amador,005,37829,10,10,0,10,0
2020-05-27,Butte,007,227075,70,40,5,45,0
2020-05-27,Calaveras,009,45235,15,15,0,15,0
2020-05-27,Colusa,011,21464,8,5,0,5,0
2020-05-27,Contra Costa,013,1133247,1611,1373,1,1374,37
2020-05-27,Del Norte,015,27424,45,34,0,34,0
2020-05-27,El Dorado,017,186661,113,82,1,83,0
2020-05-27,Fresno,019,978130,3080,1620,44,1664,27
2020-05-27,Glenn,021,27897,18,14,0,14,0
2020-05-27,Humboldt,023,135768,110,86,0,86,2
2020-05-27,Imperial,025,180216,3223,1369,4,1373,14
2020-05-27,Inyo,027,18085,20,20,0,20,1
2020-05-27,Kern,029,883053,2653,1999,7,2006,37
2020-05-27,Kings,031,150075,871,586,2,588,3
2020-05-27,Lake,033,64148,29,13,0,13,0
2020-05-27,Lassen,035,31185,10,0,2,2,0
2020-05-27,Los Angeles,037,10098052,58009,48711,29,48740,2177
2020-05-27,Madera,039,155013,224,91,1,92,2
2020-05-27,Marin,041,260295,472,439,2,441,14
2020-05-27,Mariposa,043,17540,16,16,0,16,1
2020-05-27,Mendocino,045,87422,27,21,0,21,0
2020-05-27,Merced,047,269075,388,278,0,278,7
2020-05-27,Modoc,049,8938,0,0,0,0,0
2020-05-27,Mono,051,14174,38,34,0,34,1
2020-05-27,Monterey,053,433212,603,443,1,444,8
2020-05-27,Napa,055,140530,135,112,0,112,3
2020-05-27,Nevada,057,99092,44,41,1,42,1
2020-05-27,Orange,059,3164182,8569,5849,64,5913,121
2020-05-27,Placer,061,380077,238,196,0,196,9
2020-05-27,Plumas,063,18699,4,4,0,4,0
2020-05-27,Riverside,065,2383286,8746,7156,20,7176,299
2020-05-27,Sacramento,067,1510023,1450,1318,2,1320,50
2020-05-27,San Benito,069,59416,93,74,0,74,2
2020-05-27,San Bernardino,071,2135413,5881,4708,5,4713,183
2020-05-27,San Diego,073,3302833,8115,6985,0,6985,255
2020-05-27,San Francisco,075,870044,2616,2394,0,2394,40
2020-05-27,San Joaquin,077,732212,1039,825,3,828,34
2020-05-27,San Luis Obispo,079,281455,348,266,4,270,1
2020-05-27,San Mateo,081,765935,2305,2045,2,2047,71
2020-05-27,Santa Barbara,083,443738,1711,1629,10,1639,9
2020-05-27,Santa Clara,085,1922200,3371,2680,13,2693,140
2020-05-27,Santa Cruz,087,273765,223,202,0,202,2
2020-05-27,Shasta,089,179085,55,36,0,36,4
2020-05-27,Sierra,091,2930,1,1,0,1,0
2020-05-27,Siskiyou,093,43540,9,6,0,6,0
2020-05-27,Solano,095,438530,630,477,1,478,5
2020-05-27,Sonoma,097,501317,585,521,1,522,4
2020-05-27,Stanislaus,099,539301,800,675,5,680,27
2020-05-27,Sutter,101,95872,46,40,0,40,2
2020-05-27,Tehama,103,63373,9,3,1,4,1
2020-05-27,Trinity,105,12862,6,1,2,3,0
2020-05-27,Tulare,107,460477,2474,1817,10,1827,77
2020-05-27,Tuolumne,109,53932,5,4,0,4,0
2020-05-27,Ventura,111,848112,1548,1065,10,1075,28
2020-05-27,Yolo,113,214977,229,204,0,204,22
2020-05-27,Yuba,115,75493,28,24,0,24,1
2020-05-26,Alameda,001,1643700,3530,2956,5,2961,92
2020-05-26,Alpine,002,1148,1,1,0,1,0
2020-05-26,Amador,005,37829,10,10,0,10,0
2020-05-26,Butte,007,227075,68,37,4,41,0
2020-05-26,Calaveras,009,45235,15,13,0,13,0
2020-05-26,Colusa,011,21464,8,4,0,4,0
2020-05-26,Contra Costa,013,1133247,1575,1352,1,1353,37
2020-05-26,Del Norte,015,27424,44,30,0,30,0
2020-05-26,El Dorado,017,186661,109,79,1,80,0
2020-05-26,Fresno,019,978130,2993,1496,44,1540,22
2020-05-26,Glenn,021,27897,16,12,0,12,0
2020-05-26,Humboldt,023,135768,108,81,0,81,2
2020-05-26,Imperial,025,180216,3010,1369,4,1373,14
2020-05-26,Inyo,027,18085,20,20,0,20,1
2020-05-26,Kern,029,883053,2575,1890,7,1897,31
2020-05-26,Kings,031,150075,803,449,1,450,2
2020-05-26,Lake,033,64148,27,12,0,12,0
2020-05-26,Lassen,035,31185,9,0,2,2,0
2020-05-26,Los Angeles,037,10098052,56543,47760,29,47789,2121
2020-05-26,Madera,039,155013,209,83,1,84,2
2020-05-26,Marin,041,260295,460,424,2,426,14
2020-05-26,Mariposa,043,17540,16,16,0,16,1
2020-05-26,Mendocino,045,87422,25,20,0,20,0
2020-05-26,Merced,047,269075,377,266,0,266,7
2020-05-26,Modoc,049,8938,0,1,0,1,0
2020-05-26,Mono,051,14174,37,34,0,34,1
2020-05-26,Monterey,053,433212,575,424,1,425,8
2020-05-26,Napa,055,140530,130,109,0,109,3
2020-05-26,Nevada,057,99092,43,41,1,42,1
2020-05-26,Orange,059,3164182,8299,5651,63,5714,115
2020-05-26,Placer,061,380077,233,188,0,188,9
2020-05-26,Plumas,063,18699,4,4,0,4,0
2020-05-26,Riverside,065,2383286,8299,6917,20,6937,284
2020-05-26,Sacramento,067,1510023,1424,1298,2,1300,50
2020-05-26,San Benito,069,59416,88,69,0,69,2
2020-05-26,San Bernardino,071,2135413,5713,4430,5,4435,175
2020-05-26,San Diego,073,3302833,7972,6884,0,6884,249
2020-05-26,San Francisco,075,870044,2583,2363,0,2363,40
2020-05-26,San Joaquin,077,732212,992,760,3,763,33
2020-05-26,San Luis Obispo,079,281455,346,260,4,264,1
2020-05-26,San Mateo,081,765935,2267,1967,2,1969,71
2020-05-26,Santa Barbara,083,443738,1694,1590,9,1599,9
2020-05-26,Santa Clara,085,1922200,3339,2659,13,2672,139
2020-05-26,Santa Cruz,087,273765,221,197,0,197,2
2020-05-26,Shasta,089,179085,55,36,0,36,4
2020-05-26,Sierra,091,2930,1,1,0,1,0
2020-05-26,Siskiyou,093,43540,8,6,0,6,0
2020-05-26,Solano,095,438530,611,470,1,471,5
2020-05-26,Sonoma,097,501317,577,509,0,509,4
2020-05-26,Stanislaus,099,539301,780,663,5,668,27
2020-05-26,Sutter,101,95872,45,39,0,39,2
2020-05-26,Tehama,103,63373,8,2,1,3,1
2020-05-26,Trinity,105,12862,6,1,2,3,0
2020-05-26,Tulare,107,460477,2418,1768,10,1778,76
2020-05-26,Tuolumne,109,53932,5,2,0,2,0
2020-05-26,Ventura,111,848112,1511,1033,8,1041,27
2020-05-26,Yolo,113,214977,223,198,0,198,22
2020-05-26,Yuba,115,75493,27,24,0,24,1
2020-05-25,Alameda,001,1643700,3436,2900,5,2905,92
2020-05-25,Alpine,002,1148,1,1,0,1,0
2020-05-25,Amador,005,37829,10,10,0,10,0
2020-05-25,Butte,007,227075,65,37,4,41,0
2020-05-25,Calaveras,009,45235,15,13,0,13,0
2020-05-25,Colusa,011,21464,7,4,0,4,0
2020-05-25,Contra Costa,013,1133247,1543,1348,1,1349,37
2020-05-25,Del Norte,015,27424,44,20,0,20,0
2020-05-25,El Dorado,017,186661,101,78,1,79,0
2020-05-25,Fresno,019,978130,2891,1496,42,1538,22
2020-05-25,Glenn,021,27897,16,12,0,12,0
2020-05-25,Humboldt,023,135768,107,81,0,81,2
2020-05-25,Imperial,025,180216,2803,1369,4,1373,14
2020-05-25,Inyo,027,18085,19,20,0,20,1
2020-05-25,Kern,029,883053,2504,1890,7,1897,31
2020-05-25,Kings,031,150075,773,447,1,448,2
2020-05-25,Lake,033,64148,25,13,0,13,0
2020-05-25,Lassen,035,31185,9,0,2,2,0
2020-05-25,Los Angeles,037,10098052,54730,45952,28,45980,2094
2020-05-25,Madera,039,155013,196,83,1,84,2
2020-05-25,Marin,041,260295,442,415,2,417,14
2020-05-25,Mariposa,043,17540,16,15,0,15,1
2020-05-25,Mendocino,045,87422,22,19,0,19,0
2020-05-25,Merced,047,269075,371,262,0,262,6
2020-05-25,Modoc,049,8938,0,1,0,1,0
2020-05-25,Mono,051,14174,37,34,0,34,1
2020-05-25,Monterey,053,433212,545,418,1,419,8
2020-05-25,Napa,055,140530,130,107,0,107,3
2020-05-25,Nevada,057,99092,43,41,1,42,1
2020-05-25,Orange,059,3164182,8076,5601,62,5663,115
2020-05-25,Placer,061,380077,229,186,0,186,9
2020-05-25,Plumas,063,18699,4,4,0,4,0
2020-05-25,Riverside,065,2383286,8068,6900,20,6920,284
2020-05-25,Sacramento,067,1510023,1404,1290,1,1291,50
2020-05-25,San Benito,069,59416,87,70,0,70,2
2020-05-25,San Bernardino,071,2135413,5523,4393,4,4397,175
2020-05-25,San Diego,073,3302833,7796,6799,0,6799,249
2020-05-25,San Francisco,075,870044,2546,2358,0,2358,40
2020-05-25,San Joaquin,077,732212,966,760,3,763,33
2020-05-25,San Luis Obispo,079,281455,343,260,4,264,1
2020-05-25,San Mateo,081,765935,2230,1938,2,1940,71
2020-05-25,Santa Barbara,083,443738,1684,1590,9,1599,9
2020-05-25,Santa Clara,085,1922200,3306,2647,13,2660,139
2020-05-25,Santa Cruz,087,273765,219,191,0,191,2
2020-05-25,Shasta,089,179085,54,36,0,36,4
2020-05-25,Sierra,091,2930,1,1,0,1,0
2020-05-25,Siskiyou,093,43540,8,6,0,6,0
2020-05-25,Solano,095,438530,596,437,1,438,5
2020-05-25,Sonoma,097,501317,565,496,0,496,4
2020-05-25,Stanislaus,099,539301,750,651,5,656,27
2020-05-25,Sutter,101,95872,45,38,0,38,2
2020-05-25,Tehama,103,63373,7,2,1,3,1
2020-05-25,Trinity,105,12862,6,1,2,3,0
2020-05-25,Tulare,107,460477,2354,1747,10,1757,76
2020-05-25,Tuolumne,109,53932,5,2,0,2,0
2020-05-25,Ventura,111,848112,1470,1020,8,1028,27
2020-05-25,Yolo,113,214977,221,197,0,197,22
2020-05-25,Yuba,115,75493,26,24,0,24,1
2020-05-24,Alameda,001,1643700,3363,2830,5,2835,92
2020-05-24,Alpine,002,1148,1,1,0,1,0
2020-05-24,Amador,005,37829,10,9,0,9,0
2020-05-24,Butte,007,227075,63,35,4,39,0
2020-05-24,Calaveras,009,45235,15,13,0,13,0
2020-05-24,Colusa,011,21464,7,4,0,4,0
2020-05-24,Contra Costa,013,1133247,1515,1325,1,1326,37
2020-05-24,Del Norte,015,27424,43,16,0,16,0
2020-05-24,El Dorado,017,186661,100,76,1,77,0
2020-05-24,Fresno,019,978130,2824,1455,41,1496,22
2020-05-24,Glenn,021,27897,15,12,0,12,0
2020-05-24,Humboldt,023,135768,107,81,0,81,2
2020-05-24,Imperial,025,180216,2677,1369,4,1373,14
2020-05-24,Inyo,027,18085,19,20,0,20,1
2020-05-24,Kern,029,883053,2431,1861,6,1867,31
2020-05-24,Kings,031,150075,762,446,1,447,2
2020-05-24,Lake,033,64148,24,12,0,12,0
2020-05-24,Lassen,035,31185,8,0,2,2,0
2020-05-24,Los Angeles,037,10098052,53714,44954,28,44982,2085
2020-05-24,Madera,039,155013,190,83,1,84,2
2020-05-24,Marin,041,260295,440,401,2,403,14
2020-05-24,Mariposa,043,17540,16,15,0,15,1
2020-05-24,Mendocino,045,87422,21,19,0,19,0
2020-05-24,Merced,047,269075,370,258,0,258,6
2020-05-24,Modoc,049,8938,0,0,0,0,0
2020-05-24,Mono,051,14174,37,34,0,34,1
2020-05-24,Monterey,053,433212,517,405,1,406,8
2020-05-24,Napa,055,140530,128,104,0,104,3
2020-05-24,Nevada,057,99092,43,41,1,42,1
2020-05-24,Orange,059,3164182,7922,5439,61,5500,113
2020-05-24,Placer,061,380077,221,184,0,184,9
2020-05-24,Plumas,063,18699,4,4,0,4,0
2020-05-24,Riverside,065,2383286,7927,6571,20,6591,284
2020-05-24,Sacramento,067,1510023,1388,1283,1,1284,50
2020-05-24,San Benito,069,59416,86,67,0,67,2
2020-05-24,San Bernardino,071,2135413,5415,4262,4,4266,175
2020-05-24,San Diego,073,3302833,7653,6703,0,6703,249
2020-05-24,San Francisco,075,870044,2523,2318,0,2318,40
2020-05-24,San Joaquin,077,732212,947,760,3,763,33
2020-05-24,San Luis Obispo,079,281455,341,257,4,261,1
2020-05-24,San Mateo,081,765935,2195,1925,2,1927,71
2020-05-24,Santa Barbara,083,443738,1672,1573,9,1582,9
2020-05-24,Santa Clara,085,1922200,3286,2623,13,2636,139
2020-05-24,Santa Cruz,087,273765,216,185,0,185,2
2020-05-24,Shasta,089,179085,53,36,0,36,4
2020-05-24,Sierra,091,2930,1,1,0,1,0
2020-05-24,Siskiyou,093,43540,7,6,0,6,0
2020-05-24,Solano,095,438530,588,436,0,436,5
2020-05-24,Sonoma,097,501317,554,485,0,485,4
2020-05-24,Stanislaus,099,539301,730,634,5,639,27
2020-05-24,Sutter,101,95872,45,38,0,38,2
2020-05-24,Tehama,103,63373,5,2,1,3,1
2020-05-24,Trinity,105,12862,6,1,2,3,0
2020-05-24,Tulare,107,460477,2308,1684,10,1694,74
2020-05-24,Tuolumne,109,53932,5,2,0,2,0
2020-05-24,Ventura,111,848112,1458,982,8,990,27
2020-05-24,Yolo,113,214977,219,192,0,192,22
2020-05-24,Yuba,115,75493,26,24,0,24,1
2020-05-23,Alameda,001,1643700,3322,2783,5,2788,91
2020-05-23,Alpine,002,1148,1,1,0,1,0
2020-05-23,Amador,005,37829,10,9,0,9,0
2020-05-23,Butte,007,227075,62,34,4,38,0
2020-05-23,Calaveras,009,45235,15,13,0,13,0
2020-05-23,Colusa,011,21464,7,4,0,4,0
2020-05-23,Contra Costa,013,1133247,1504,1302,1,1303,36
2020-05-23,Del Norte,015,27424,43,10,0,10,0
2020-05-23,El Dorado,017,186661,100,74,1,75,0
2020-05-23,Fresno,019,978130,2804,1447,41,1488,21
2020-05-23,Glenn,021,27897,15,12,0,12,0
2020-05-23,Humboldt,023,135768,105,80,0,80,2
2020-05-23,Imperial,025,180216,2589,1283,4,1287,14
2020-05-23,Inyo,027,18085,19,20,0,20,1
2020-05-23,Kern,029,883053,2388,1806,6,1812,31
2020-05-23,Kings,031,150075,758,444,1,445,2
2020-05-23,Lake,033,64148,23,10,0,10,0
2020-05-23,Lassen,035,31185,8,0,2,2,0
2020-05-23,Los Angeles,037,10098052,53169,44029,28,44057,2069
2020-05-23,Madera,039,155013,186,83,1,84,2
2020-05-23,Marin,041,260295,440,393,1,394,14
2020-05-23,Mariposa,043,17540,16,15,0,15,1
2020-05-23,Mendocino,045,87422,21,13,0,13,0
2020-05-23,Merced,047,269075,365,247,0,247,6
2020-05-23,Modoc,049,8938,0,0,0,0,0
2020-05-23,Mono,051,14174,36,34,0,34,1
2020-05-23,Monterey,053,433212,503,397,1,398,8
2020-05-23,Napa,055,140530,124,101,0,101,3
2020-05-23,Nevada,057,99092,43,41,1,42,1
2020-05-23,Orange,059,3164182,7763,5313,60,5373,113
2020-05-23,Placer,061,380077,215,184,0,184,9
2020-05-23,Plumas,063,18699,4,4,0,4,0
2020-05-23,Riverside,065,2383286,7836,6460,20,6480,284
2020-05-23,Sacramento,067,1510023,1372,1275,1,1276,50
2020-05-23,San Benito,069,59416,81,67,0,67,2
2020-05-23,San Bernardino,071,2135413,5321,4172,4,4176,175
2020-05-23,San Diego,073,3302833,7562,6561,0,6561,249
2020-05-23,San Francisco,075,870044,2504,2312,0,2312,40
2020-05-23,San Joaquin,077,732212,932,759,3,762,33
2020-05-23,San Luis Obispo,079,281455,337,256,4,260,1
2020-05-23,San Mateo,081,765935,2167,1862,2,1864,71
2020-05-23,Santa Barbara,083,443738,1664,1566,9,1575,9
2020-05-23,Santa Clara,085,1922200,3272,2593,12,2605,139
2020-05-23,Santa Cruz,087,273765,214,177,0,177,2
2020-05-23,Shasta,089,179085,53,35,0,35,4
2020-05-23,Sierra,091,2930,1,1,0,1,0
2020-05-23,Siskiyou,093,43540,7,6,0,6,0
2020-05-23,Solano,095,438530,582,435,0,435,5
2020-05-23,Sonoma,097,501317,540,462,0,462,4
2020-05-23,Stanislaus,099,539301,722,625,5,630,27
2020-05-23,Sutter,101,95872,44,38,0,38,2
2020-05-23,Tehama,103,63373,5,2,1,3,1
2020-05-23,Trinity,105,12862,6,1,2,3,0
2020-05-23,Tulare,107,460477,2287,1682,10,1692,73
2020-05-23,Tuolumne,109,53932,5,2,0,2,0
2020-05-23,Ventura,111,848112,1438,961,8,969,27
2020-05-23,Yolo,113,214977,218,188,0,188,22
2020-05-23,Yuba,115,75493,26,24,0,24,1
2020-05-22,Alameda,001,1643700,3268,2722,5,2727,91
2020-05-22,Alpine,002,1148,1,1,0,1,0
2020-05-22,Amador,005,37829,10,9,0,9,0
2020-05-22,Butte,007,227075,60,34,4,38,0
2020-05-22,Calaveras,009,45235,15,13,0,13,0
2020-05-22,Colusa,011,21464,7,4,0,4,0
2020-05-22,Contra Costa,013,1133247,1492,1272,1,1273,36
2020-05-22,Del Norte,015,27424,41,9,0,9,0
2020-05-22,El Dorado,017,186661,97,74,1,75,0
2020-05-22,Fresno,019,978130,2745,1399,40,1439,20
2020-05-22,Glenn,021,27897,15,12,0,12,0
2020-05-22,Humboldt,023,135768,105,80,0,80,2
2020-05-22,Imperial,025,180216,2487,1214,4,1218,14
2020-05-22,Inyo,027,18085,19,20,0,20,1
2020-05-22,Kern,029,883053,2339,1749,6,1755,28
2020-05-22,Kings,031,150075,755,428,1,429,2
2020-05-22,Lake,033,64148,22,10,0,10,0
2020-05-22,Lassen,035,31185,6,0,2,2,0
2020-05-22,Los Angeles,037,10098052,52372,43025,28,43053,2027
2020-05-22,Madera,039,155013,182,82,1,83,2
2020-05-22,Marin,041,260295,436,372,1,373,14
2020-05-22,Mariposa,043,17540,16,15,0,15,1
2020-05-22,Mendocino,045,87422,20,13,0,13,0
2020-05-22,Merced,047,269075,359,233,0,233,6
2020-05-22,Modoc,049,8938,0,0,0,0,0
2020-05-22,Mono,051,14174,36,34,0,34,1
2020-05-22,Monterey,053,433212,492,372,1,373,8
2020-05-22,Napa,055,140530,122,97,0,97,3
2020-05-22,Nevada,057,99092,42,41,1,42,1
2020-05-22,Orange,059,3164182,7566,5144,58,5202,113
2020-05-22,Placer,061,380077,215,181,0,181,9
2020-05-22,Plumas,063,18699,4,4,0,4,0
2020-05-22,Riverside,065,2383286,7721,6351,20,6371,283
2020-05-22,Sacramento,067,1510023,1356,1262,1,1263,50
2020-05-22,San Benito,069,59416,80,64,0,64,2
2020-05-22,San Bernardino,071,2135413,5246,4107,4,4111,173
2020-05-22,San Diego,073,3302833,7476,6436,0,6436,242
2020-05-22,San Francisco,075,870044,2486,2251,0,2251,40
2020-05-22,San Joaquin,077,732212,919,747,3,750,33
2020-05-22,San Luis Obispo,079,281455,336,254,4,258,1
2020-05-22,San Mateo,081,765935,2148,1847,2,1849,71
2020-05-22,Santa Barbara,083,443738,1654,1554,9,1563,9
2020-05-22,Santa Clara,085,1922200,3252,2537,12,2549,139
2020-05-22,Santa Cruz,087,273765,211,171,0,171,2
2020-05-22,Shasta,089,179085,53,34,0,34,4
2020-05-22,Sierra,091,2930,1,0,0,0,0
2020-05-22,Siskiyou,093,43540,7,6,0,6,0
2020-05-22,Solano,095,438530,579,431,0,431,4
2020-05-22,Sonoma,097,501317,536,444,0,444,4
2020-05-22,Stanislaus,099,539301,712,616,5,621,27
2020-05-22,Sutter,101,95872,44,38,0,38,2
2020-05-22,Tehama,103,63373,5,2,0,2,1
2020-05-22,Trinity,105,12862,6,1,2,3,0
2020-05-22,Tulare,107,460477,2257,1662,10,1672,73
2020-05-22,Tuolumne,109,53932,5,2,0,2,0
2020-05-22,Ventura,111,848112,1420,937,8,945,27
2020-05-22,Yolo,113,214977,216,187,0,187,22
2020-05-22,Yuba,115,75493,26,24,0,24,1
2020-05-21,Alameda,001,1643700,3202,2606,5,2611,89
2020-05-21,Alpine,002,1148,1,1,0,1,0
2020-05-21,Amador,005,37829,10,9,0,9,0
2020-05-21,Butte,007,227075,59,31,4,35,0
2020-05-21,Calaveras,009,45235,15,13,0,13,0
2020-05-21,Colusa,011,21464,7,4,0,4,0
2020-05-21,Contra Costa,013,1133247,1456,1243,1,1244,36
2020-05-21,Del Norte,015,27424,38,9,0,9,0
2020-05-21,El Dorado,017,186661,95,67,1,68,0
2020-05-21,Fresno,019,978130,2654,1362,39,1401,20
2020-05-21,Glenn,021,27897,14,12,0,12,0
2020-05-21,Humboldt,023,135768,104,79,0,79,0
2020-05-21,Imperial,025,180216,2326,1096,4,1100,14
2020-05-21,Inyo,027,18085,19,20,0,20,1
2020-05-21,Kern,029,883053,2263,1684,5,1689,27
2020-05-21,Kings,031,150075,734,417,1,418,2
2020-05-21,Lake,033,64148,17,10,0,10,0
2020-05-21,Lassen,035,31185,6,0,2,2,0
2020-05-21,Los Angeles,037,10098052,51332,42063,28,42091,1996
2020-05-21,Madera,039,155013,179,82,1,83,2
2020-05-21,Marin,041,260295,425,359,1,360,14
2020-05-21,Mariposa,043,17540,16,15,0,15,1
2020-05-21,Mendocino,045,87422,20,12,0,12,0
2020-05-21,Merced,047,269075,351,226,0,226,6
2020-05-21,Modoc,049,8938,0,0,0,0,0
2020-05-21,Mono,051,14174,36,33,0,33,1
2020-05-21,Monterey,053,433212,481,363,1,364,8
2020-05-21,Napa,055,140530,120,96,0,96,3
2020-05-21,Nevada,057,99092,42,41,1,42,1
2020-05-21,Orange,059,3164182,7363,4975,58,5033,106
2020-05-21,Placer,061,380077,208,176,0,176,8
2020-05-21,Plumas,063,18699,4,4,0,4,0
2020-05-21,Riverside,065,2383286,7534,6245,20,6265,279
2020-05-21,Sacramento,067,1510023,1343,1258,1,1259,56
2020-05-21,San Benito,069,59416,77,61,0,61,2
2020-05-21,San Bernardino,071,2135413,5099,3950,4,3954,167
2020-05-21,San Diego,073,3302833,7340,6317,0,6317,241
2020-05-21,San Francisco,075,870044,2462,2248,0,2248,37
2020-05-21,San Joaquin,077,732212,883,730,3,733,33
2020-05-21,San Luis Obispo,079,281455,336,251,3,254,1
2020-05-21,San Mateo,081,765935,2112,1791,2,1793,74
2020-05-21,Santa Barbara,083,443738,1639,1541,9,1550,10
2020-05-21,Santa Clara,085,1922200,3230,2520,12,2532,138
2020-05-21,Santa Cruz,087,273765,203,164,0,164,3
2020-05-21,Shasta,089,179085,51,34,0,34,4
2020-05-21,Sierra,091,2930,1,0,0,0,0
2020-05-21,Siskiyou,093,43540,7,6,0,6,0
2020-05-21,Solano,095,438530,570,424,0,424,4
2020-05-21,Sonoma,097,501317,518,427,0,427,4
2020-05-21,Stanislaus,099,539301,700,602,5,607,27
2020-05-21,Sutter,101,95872,43,38,0,38,2
2020-05-21,Tehama,103,63373,4,2,0,2,1
2020-05-21,Trinity,105,12862,5,1,2,3,0
2020-05-21,Tulare,107,460477,2207,1606,8,1614,73
2020-05-21,Tuolumne,109,53932,3,2,0,2,0
2020-05-21,Ventura,111,848112,1371,907,8,915,30
2020-05-21,Yolo,113,214977,213,185,0,185,22
2020-05-21,Yuba,115,75493,26,24,0,24,1
2020-05-20,Alameda,001,1643700,3129,2554,5,2559,89
2020-05-20,Alpine,002,1148,1,1,0,1,0
2020-05-20,Amador,005,37829,10,9,0,9,0
2020-05-20,Butte,007,227075,56,30,4,34,0
2020-05-20,Calaveras,009,45235,15,13,0,13,0
2020-05-20,Colusa,011,21464,7,3,0,3,0
2020-05-20,Contra Costa,013,1133247,1426,1223,1,1224,33
2020-05-20,Del Norte,015,27424,31,9,0,9,0
2020-05-20,El Dorado,017,186661,94,67,1,68,0
2020-05-20,Fresno,019,978130,2581,1329,38,1367,17
2020-05-20,Glenn,021,27897,13,12,0,12,0
2020-05-20,Humboldt,023,135768,101,73,0,73,0
2020-05-20,Imperial,025,180216,2212,1047,4,1051,14
2020-05-20,Inyo,027,18085,19,20,0,20,1
2020-05-20,Kern,029,883053,2200,1639,4,1643,27
2020-05-20,Kings,031,150075,590,403,1,404,2
2020-05-20,Lake,033,64148,17,9,0,9,0
2020-05-20,Lassen,035,31185,5,0,2,2,0
2020-05-20,Los Angeles,037,10098052,50342,40932,28,40960,1955
2020-05-20,Madera,039,155013,177,82,1,83,2
2020-05-20,Marin,041,260295,398,348,1,349,14
2020-05-20,Mariposa,043,17540,16,15,0,15,1
2020-05-20,Mendocino,045,87422,20,12,0,12,0
2020-05-20,Merced,047,269075,346,225,0,225,6
2020-05-20,Modoc,049,8938,0,0,0,0,0
2020-05-20,Mono,051,14174,36,33,0,33,1
2020-05-20,Monterey,053,433212,467,356,1,357,8
2020-05-20,Napa,055,140530,113,93,0,93,3
2020-05-20,Nevada,057,99092,42,41,1,42,1
2020-05-20,Orange,059,3164182,7155,4866,56,4922,96
2020-05-20,Placer,061,380077,206,176,0,176,8
2020-05-20,Plumas,063,18699,4,4,0,4,0
2020-05-20,Riverside,065,2383286,7391,6090,20,6110,265
2020-05-20,Sacramento,067,1510023,1333,1244,1,1245,56
2020-05-20,San Benito,069,59416,76,61,0,61,2
2020-05-20,San Bernardino,071,2135413,4971,3771,4,3775,161
2020-05-20,San Diego,073,3302833,7223,6142,0,6142,230
2020-05-20,San Francisco,075,870044,2439,2199,0,2199,37
2020-05-20,San Joaquin,077,732212,847,713,3,716,33
2020-05-20,San Luis Obispo,079,281455,329,249,3,252,1
2020-05-20,San Mateo,081,765935,2059,1739,2,1741,74
2020-05-20,Santa Barbara,083,443738,1620,1524,9,1533,10
2020-05-20,Santa Clara,085,1922200,3209,2508,11,2519,138
2020-05-20,Santa Cruz,087,273765,200,163,0,163,3
2020-05-20,Shasta,089,179085,51,34,0,34,4
2020-05-20,Sierra,091,2930,1,0,0,0,0
2020-05-20,Siskiyou,093,43540,7,6,0,6,0
2020-05-20,Solano,095,438530,565,418,0,418,4
2020-05-20,Sonoma,097,501317,509,411,0,411,4
2020-05-20,Stanislaus,099,539301,684,584,4,588,25
2020-05-20,Sutter,101,95872,43,38,0,38,2
2020-05-20,Tehama,103,63373,4,2,0,2,1
2020-05-20,Trinity,105,12862,4,1,1,2,0
2020-05-20,Tulare,107,460477,2166,1585,8,1593,71
2020-05-20,Tuolumne,109,53932,3,2,0,2,0
2020-05-20,Ventura,111,848112,1335,879,8,887,29
2020-05-20,Yolo,113,214977,210,184,0,184,22
2020-05-20,Yuba,115,75493,26,23,0,23,1
2020-05-19,Alameda,001,1643700,3053,2493,3,2496,88
2020-05-19,Alpine,002,1148,1,1,0,1,0
2020-05-19,Amador,005,37829,10,9,0,9,0
2020-05-19,Butte,007,227075,54,25,4,29,0
2020-05-19,Calaveras,009,45235,15,13,0,13,0
2020-05-19,Colusa,011,21464,5,3,0,3,0
2020-05-19,Contra Costa,013,1133247,1402,1205,1,1206,33
2020-05-19,Del Norte,015,27424,28,8,0,8,0
2020-05-19,El Dorado,017,186661,91,67,0,67,0
2020-05-19,Fresno,019,978130,2468,1288,37,1325,15
2020-05-19,Glenn,021,27897,13,12,0,12,0
2020-05-19,Humboldt,023,135768,101,72,0,72,0
2020-05-19,Imperial,025,180216,2051,1012,4,1016,14
2020-05-19,Inyo,027,18085,19,20,0,20,1
2020-05-19,Kern,029,883053,2102,1601,4,1605,26
2020-05-19,Kings,031,150075,579,393,1,394,2
2020-05-19,Lake,033,64148,14,11,0,11,0
2020-05-19,Lassen,035,31185,5,0,2,2,0
2020-05-19,Los Angeles,037,10098052,49138,39670,28,39698,1906
2020-05-19,Madera,039,155013,173,80,1,81,2
2020-05-19,Marin,041,260295,374,340,1,341,14
2020-05-19,Mariposa,043,17540,16,15,0,15,1
2020-05-19,Mendocino,045,87422,20,12,0,12,0
2020-05-19,Merced,047,269075,338,222,0,222,5
2020-05-19,Modoc,049,8938,0,0,0,0,0
2020-05-19,Mono,051,14174,36,33,0,33,1
2020-05-19,Monterey,053,433212,455,350,1,351,8
2020-05-19,Napa,055,140530,112,93,0,93,3
2020-05-19,Nevada,057,99092,42,41,1,42,1
2020-05-19,Orange,059,3164182,6961,4746,54,4800,90
2020-05-19,Placer,061,380077,204,177,0,177,8
2020-05-19,Plumas,063,18699,4,5,0,5,0
2020-05-19,Riverside,065,2383286,7231,5963,19,5982,265
2020-05-19,Sacramento,067,1510023,1319,1239,1,1240,57
2020-05-19,San Benito,069,59416,74,59,0,59,2
2020-05-19,San Bernardino,071,2135413,4821,3656,4,3660,158
2020-05-19,San Diego,073,3302833,7079,6028,0,6028,222
2020-05-19,San Francisco,075,870044,2405,2186,0,2186,37
2020-05-19,San Joaquin,077,732212,825,705,3,708,33
2020-05-19,San Luis Obispo,079,281455,329,245,3,248,1
2020-05-19,San Mateo,081,765935,2018,1704,2,1706,71
2020-05-19,Santa Barbara,083,443738,1606,1521,9,1530,10
2020-05-19,Santa Clara,085,1922200,3159,2480,11,2491,138
2020-05-19,Santa Cruz,087,273765,189,161,0,161,3
2020-05-19,Shasta,089,179085,51,34,0,34,4
2020-05-19,Sierra,091,2930,0,0,0,0,0
2020-05-19,Siskiyou,093,43540,7,6,0,6,0
2020-05-19,Solano,095,438530,551,415,0,415,4
2020-05-19,Sonoma,097,501317,498,389,0,389,4
2020-05-19,Stanislaus,099,539301,670,582,4,586,25
2020-05-19,Sutter,101,95872,43,38,0,38,2
2020-05-19,Tehama,103,63373,4,2,0,2,1
2020-05-19,Trinity,105,12862,3,1,0,1,0
2020-05-19,Tulare,107,460477,2118,1551,8,1559,68
2020-05-19,Tuolumne,109,53932,3,2,0,2,0
2020-05-19,Ventura,111,848112,1294,861,7,868,28
2020-05-19,Yolo,113,214977,208,183,0,183,22
2020-05-19,Yuba,115,75493,26,23,0,23,1
2020-05-18,Alameda,001,1643700,2980,2442,3,2445,84
2020-05-18,Alpine,002,1148,1,1,0,1,0
2020-05-18,Amador,005,37829,10,8,0,8,0
2020-05-18,Butte,007,227075,52,24,4,28,0
2020-05-18,Calaveras,009,45235,15,13,0,13,0
2020-05-18,Colusa,011,21464,5,3,0,3,0
2020-05-18,Contra Costa,013,1133247,1371,1173,1,1174,33
2020-05-18,Del Norte,015,27424,23,8,0,8,0
2020-05-18,El Dorado,017,186661,89,67,0,67,0
2020-05-18,Fresno,019,978130,2392,1244,36,1280,14
2020-05-18,Glenn,021,27897,13,11,0,11,0
2020-05-18,Humboldt,023,135768,101,70,0,70,0
2020-05-18,Imperial,025,180216,1899,767,4,771,14
2020-05-18,Inyo,027,18085,19,20,0,20,1
2020-05-18,Kern,029,883053,2053,1566,4,1570,26
2020-05-18,Kings,031,150075,548,381,1,382,2
2020-05-18,Lake,033,64148,13,9,0,9,0
2020-05-18,Lassen,035,31185,5,0,2,2,0
2020-05-18,Los Angeles,037,10098052,48112,38477,28,38505,1825
2020-05-18,Madera,039,155013,167,74,1,75,2
2020-05-18,Marin,041,260295,361,329,1,330,14
2020-05-18,Mariposa,043,17540,16,15,0,15,1
2020-05-18,Mendocino,045,87422,15,12,0,12,0
2020-05-18,Merced,047,269075,329,217,0,217,5
2020-05-18,Modoc,049,8938,0,0,0,0,0
2020-05-18,Mono,051,14174,36,33,0,33,1
2020-05-18,Monterey,053,433212,444,345,1,346,8
2020-05-18,Napa,055,140530,108,92,0,92,3
2020-05-18,Nevada,057,99092,42,41,1,42,1
2020-05-18,Orange,059,3164182,6771,4558,52,4610,88
2020-05-18,Placer,061,380077,202,176,0,176,8
2020-05-18,Plumas,063,18699,4,5,0,5,0
2020-05-18,Riverside,065,2383286,7031,5873,18,5891,253
2020-05-18,Sacramento,067,1510023,1313,1233,0,1233,57
2020-05-18,San Benito,069,59416,72,59,0,59,2
2020-05-18,San Bernardino,071,2135413,4674,3558,4,3562,156
2020-05-18,San Diego,073,3302833,6946,5948,0,5948,211
2020-05-18,San Francisco,075,870044,2382,2183,0,2183,36
2020-05-18,San Joaquin,077,732212,813,697,3,700,33
2020-05-18,San Luis Obispo,079,281455,325,243,3,246,1
2020-05-18,San Mateo,081,765935,1980,1701,2,1703,68
2020-05-18,Santa Barbara,083,443738,1595,1501,9,1510,10
2020-05-18,Santa Clara,085,1922200,3126,2468,11,2479,137
2020-05-18,Santa Cruz,087,273765,187,160,0,160,3
2020-05-18,Shasta,089,179085,50,34,0,34,4
2020-05-18,Sierra,091,2930,0,0,0,0,0
2020-05-18,Siskiyou,093,43540,7,6,0,6,0
2020-05-18,Solano,095,438530,540,398,0,398,4
2020-05-18,Sonoma,097,501317,480,387,0,387,4
2020-05-18,Stanislaus,099,539301,658,572,4,576,25
2020-05-18,Sutter,101,95872,43,38,0,38,2
2020-05-18,Tehama,103,63373,4,2,0,2,1
2020-05-18,Trinity,105,12862,3,1,0,1,0
2020-05-18,Tulare,107,460477,2074,1491,8,1499,63
2020-05-18,Tuolumne,109,53932,3,2,0,2,0
2020-05-18,Ventura,111,848112,1271,850,6,856,27
2020-05-18,Yolo,113,214977,203,183,0,183,22
2020-05-18,Yuba,115,75493,26,23,0,23,1
2020-05-17,Alameda,001,1643700,2885,2389,3,2392,83
2020-05-17,Alpine,002,1148,1,1,0,1,0
2020-05-17,Amador,005,37829,10,8,0,8,0
2020-05-17,Butte,007,227075,51,23,4,27,0
2020-05-17,Calaveras,009,45235,15,13,0,13,0
2020-05-17,Colusa,011,21464,3,3,0,3,0
2020-05-17,Contra Costa,013,1133247,1332,1155,1,1156,33
2020-05-17,Del Norte,015,27424,23,7,0,7,0
2020-05-17,El Dorado,017,186661,89,65,0,65,0
2020-05-17,Fresno,019,978130,2287,1213,33,1246,14
2020-05-17,Glenn,021,27897,13,9,0,9,0
2020-05-17,Humboldt,023,135768,94,70,0,70,0
2020-05-17,Imperial,025,180216,1751,715,4,719,14
2020-05-17,Inyo,027,18085,19,20,0,20,1
2020-05-17,Kern,029,883053,1975,1546,3,1549,26
2020-05-17,Kings,031,150075,501,356,1,357,2
2020-05-17,Lake,033,64148,13,7,0,7,0
2020-05-17,Lassen,035,31185,5,0,2,2,0
2020-05-17,Los Angeles,037,10098052,46871,37996,28,38024,1807
2020-05-17,Madera,039,155013,165,69,1,70,2
2020-05-17,Marin,041,260295,350,315,1,316,14
2020-05-17,Mariposa,043,17540,15,15,0,15,1
2020-05-17,Mendocino,045,87422,14,10,0,10,0
2020-05-17,Merced,047,269075,319,214,0,214,5
2020-05-17,Modoc,049,8938,0,0,0,0,0
2020-05-17,Mono,051,14174,36,32,0,32,1
2020-05-17,Monterey,053,433212,424,342,1,343,8
2020-05-17,Napa,055,140530,105,89,0,89,3
2020-05-17,Nevada,057,99092,42,41,1,42,1
2020-05-17,Orange,059,3164182,6591,4466,51,4517,88
2020-05-17,Placer,061,380077,197,175,0,175,8
2020-05-17,Plumas,063,18699,4,4,0,4,0
2020-05-17,Riverside,065,2383286,6858,5776,18,5794,245
2020-05-17,Sacramento,067,1510023,1302,1224,0,1224,56
2020-05-17,San Benito,069,59416,71,59,0,59,2
2020-05-17,San Bernardino,071,2135413,4524,3467,4,3471,155
2020-05-17,San Diego,073,3302833,6814,5838,0,5838,209
2020-05-17,San Francisco,075,870044,2355,2132,0,2132,36
2020-05-17,San Joaquin,077,732212,783,688,3,691,32
2020-05-17,San Luis Obispo,079,281455,323,242,3,245,1
2020-05-17,San Mateo,081,765935,1943,1680,2,1682,68
2020-05-17,Santa Barbara,083,443738,1576,1457,9,1466,10
2020-05-17,Santa Clara,085,1922200,3088,2453,11,2464,135
2020-05-17,Santa Cruz,087,273765,176,155,0,155,3
2020-05-17,Shasta,089,179085,49,34,0,34,4
2020-05-17,Sierra,091,2930,0,0,0,0,0
2020-05-17,Siskiyou,093,43540,7,6,0,6,0
2020-05-17,Solano,095,438530,528,392,0,392,4
2020-05-17,Sonoma,097,501317,459,376,0,376,4
2020-05-17,Stanislaus,099,539301,647,566,4,570,25
2020-05-17,Sutter,101,95872,42,38,0,38,2
2020-05-17,Tehama,103,63373,3,2,0,2,1
2020-05-17,Trinity,105,12862,2,1,0,1,0
2020-05-17,Tulare,107,460477,1998,1430,7,1437,63
2020-05-17,Tuolumne,109,53932,3,2,0,2,0
2020-05-17,Ventura,111,848112,1226,838,6,844,27
2020-05-17,Yolo,113,214977,201,182,0,182,22
2020-05-17,Yuba,115,75493,26,21,0,21,1
2020-05-16,Alameda,001,1643700,2835,2327,3,2330,83
2020-05-16,Alpine,002,1148,1,1,0,1,0
2020-05-16,Amador,005,37829,10,8,0,8,0
2020-05-16,Butte,007,227075,46,22,4,26,0
2020-05-16,Calaveras,009,45235,15,13,0,13,0
2020-05-16,Colusa,011,21464,3,3,0,3,0
2020-05-16,Contra Costa,013,1133247,1314,1136,1,1137,33
2020-05-16,Del Norte,015,27424,19,4,0,4,0
2020-05-16,El Dorado,017,186661,89,65,0,65,0
2020-05-16,Fresno,019,978130,2231,1177,33,1210,14
2020-05-16,Glenn,021,27897,13,9,0,9,0
2020-05-16,Humboldt,023,135768,92,69,0,69,0
2020-05-16,Imperial,025,180216,1686,712,4,716,14
2020-05-16,Inyo,027,18085,19,20,0,20,1
2020-05-16,Kern,029,883053,1939,1509,3,1512,26
2020-05-16,Kings,031,150075,491,356,1,357,2
2020-05-16,Lake,033,64148,13,7,0,7,0
2020-05-16,Lassen,035,31185,4,0,2,2,0
2020-05-16,Los Angeles,037,10098052,46297,37352,28,37380,1778
2020-05-16,Madera,039,155013,163,70,1,71,2
2020-05-16,Marin,041,260295,346,297,1,298,14
2020-05-16,Mariposa,043,17540,15,15,0,15,1
2020-05-16,Mendocino,045,87422,14,10,0,10,0
2020-05-16,Merced,047,269075,317,201,0,201,5
2020-05-16,Modoc,049,8938,0,0,0,0,0
2020-05-16,Mono,051,14174,36,32,0,32,1
2020-05-16,Monterey,053,433212,409,329,1,330,8
2020-05-16,Napa,055,140530,105,86,0,86,3
2020-05-16,Nevada,057,99092,42,41,1,42,1
2020-05-16,Orange,059,3164182,6515,4396,50,4446,87
2020-05-16,Placer,061,380077,195,174,0,174,8
2020-05-16,Plumas,063,18699,4,4,0,4,0
2020-05-16,Riverside,065,2383286,6773,5633,18,5651,243
2020-05-16,Sacramento,067,1510023,1295,1209,0,1209,55
2020-05-16,San Benito,069,59416,66,58,0,58,2
2020-05-16,San Bernardino,071,2135413,4452,3362,4,3366,155
2020-05-16,San Diego,073,3302833,6728,5664,0,5664,209
2020-05-16,San Francisco,075,870044,2332,2094,0,2094,36
2020-05-16,San Joaquin,077,732212,775,668,3,671,32
2020-05-16,San Luis Obispo,079,281455,322,240,3,243,1
2020-05-16,San Mateo,081,765935,1928,1652,2,1654,68
2020-05-16,Santa Barbara,083,443738,1565,1422,9,1431,10
2020-05-16,Santa Clara,085,1922200,3070,2420,11,2431,135
2020-05-16,Santa Cruz,087,273765,173,154,0,154,3
2020-05-16,Shasta,089,179085,49,33,0,33,4
2020-05-16,Sierra,091,2930,0,0,0,0,0
2020-05-16,Siskiyou,093,43540,7,6,0,6,0
2020-05-16,Solano,095,438530,523,392,0,392,4
2020-05-16,Sonoma,097,501317,446,356,0,356,4
2020-05-16,Stanislaus,099,539301,638,546,4,550,24
2020-05-16,Sutter,101,95872,42,35,0,35,2
2020-05-16,Tehama,103,63373,3,2,0,2,1
2020-05-16,Trinity,105,12862,2,1,0,1,0
2020-05-16,Tulare,107,460477,1980,1426,7,1433,63
2020-05-16,Tuolumne,109,53932,3,2,0,2,0
2020-05-16,Ventura,111,848112,1200,813,6,819,25
2020-05-16,Yolo,113,214977,200,181,0,181,22
2020-05-16,Yuba,115,75493,26,21,0,21,1
2020-05-15,Alameda,001,1643700,2801,2289,3,2292,83
2020-05-15,Alpine,002,1148,1,1,0,1,0
2020-05-15,Amador,005,37829,10,8,0,8,0
2020-05-15,Butte,007,227075,44,22,4,26,0
2020-05-15,Calaveras,009,45235,14,13,0,13,0
2020-05-15,Colusa,011,21464,3,3,0,3,0
2020-05-15,Contra Costa,013,1133247,1296,1106,1,1107,33
2020-05-15,Del Norte,015,27424,14,4,0,4,0
2020-05-15,El Dorado,017,186661,89,64,0,64,0
2020-05-15,Fresno,019,978130,2165,1126,33,1159,14
2020-05-15,Glenn,021,27897,13,9,0,9,0
2020-05-15,Humboldt,023,135768,91,60,0,60,0
2020-05-15,Imperial,025,180216,1602,680,0,680,14
2020-05-15,Inyo,027,18085,19,20,0,20,1
2020-05-15,Kern,029,883053,1883,1472,3,1475,25
2020-05-15,Kings,031,150075,488,347,1,348,2
2020-05-15,Lake,033,64148,13,7,0,7,0
2020-05-15,Lassen,035,31185,4,0,2,2,0
2020-05-15,Los Angeles,037,10098052,45509,36317,28,36345,1734
2020-05-15,Madera,039,155013,162,71,1,72,2
2020-05-15,Marin,041,260295,338,295,1,296,14
2020-05-15,Mariposa,043,17540,15,15,0,15,1
2020-05-15,Mendocino,045,87422,14,10,0,10,0
2020-05-15,Merced,047,269075,313,191,0,191,5
2020-05-15,Modoc,049,8938,0,0,0,0,0
2020-05-15,Mono,051,14174,36,31,0,31,1
2020-05-15,Monterey,053,433212,403,321,1,322,8
2020-05-15,Napa,055,140530,105,83,0,83,3
2020-05-15,Nevada,057,99092,42,41,1,42,1
2020-05-15,Orange,059,3164182,6343,4281,50,4331,87
2020-05-15,Placer,061,380077,193,174,0,174,8
2020-05-15,Plumas,063,18699,4,4,0,4,0
2020-05-15,Riverside,065,2383286,6659,5496,18,5514,233
2020-05-15,Sacramento,067,1510023,1285,1203,0,1203,55
2020-05-15,San Benito,069,59416,63,57,0,57,2
2020-05-15,San Bernardino,071,2135413,4374,3225,4,3229,153
2020-05-15,San Diego,073,3302833,6621,5525,0,5525,208
2020-05-15,San Francisco,075,870044,2316,2062,0,2062,36
2020-05-15,San Joaquin,077,732212,769,656,3,659,32
2020-05-15,San Luis Obispo,079,281455,320,237,3,240,1
2020-05-15,San Mateo,081,765935,1906,1612,2,1614,68
2020-05-15,Santa Barbara,083,443738,1556,1409,8,1417,10
2020-05-15,Santa Clara,085,1922200,3027,2395,10,2405,135
2020-05-15,Santa Cruz,087,273765,172,146,0,146,3
2020-05-15,Shasta,089,179085,48,33,0,33,4
2020-05-15,Sierra,091,2930,0,0,0,0,0
2020-05-15,Siskiyou,093,43540,6,5,0,5,0
2020-05-15,Solano,095,438530,519,388,0,388,4
2020-05-15,Sonoma,097,501317,438,349,0,349,4
2020-05-15,Stanislaus,099,539301,631,540,4,544,23
2020-05-15,Sutter,101,95872,41,35,0,35,2
2020-05-15,Tehama,103,63373,3,1,0,1,1
2020-05-15,Trinity,105,12862,2,1,0,1,0
2020-05-15,Tulare,107,460477,1952,1356,7,1363,61
2020-05-15,Tuolumne,109,53932,3,2,0,2,0
2020-05-15,Ventura,111,848112,1182,789,5,794,25
2020-05-15,Yolo,113,214977,199,182,0,182,22
2020-05-15,Yuba,115,75493,26,21,0,21,1
2020-05-14,Alameda,001,1643700,2709,2255,3,2258,80
2020-05-14,Alpine,002,1148,1,1,0,1,0
2020-05-14,Amador,005,37829,10,8,0,8,0
2020-05-14,Butte,007,227075,42,22,4,26,0
2020-05-14,Calaveras,009,45235,14,13,0,13,0
2020-05-14,Colusa,011,21464,3,3,0,3,0
2020-05-14,Contra Costa,013,1133247,1269,1090,1,1091,32
2020-05-14,Del Norte,015,27424,14,4,0,4,0
2020-05-14,El Dorado,017,186661,80,59,0,59,0
2020-05-14,Fresno,019,978130,2105,1038,29,1067,12
2020-05-14,Glenn,021,27897,12,8,0,8,0
2020-05-14,Humboldt,023,135768,89,59,0,59,0
2020-05-14,Imperial,025,180216,1486,652,0,652,13
2020-05-14,Inyo,027,18085,19,20,0,20,1
2020-05-14,Kern,029,883053,1841,1430,3,1433,21
2020-05-14,Kings,031,150075,472,342,1,343,1
2020-05-14,Lake,033,64148,13,7,0,7,0
2020-05-14,Lassen,035,31185,4,0,2,2,0
2020-05-14,Los Angeles,037,10098052,44337,35427,28,35455,1693
2020-05-14,Madera,039,155013,153,69,1,70,2
2020-05-14,Marin,041,260295,320,283,1,284,14
2020-05-14,Mariposa,043,17540,15,15,0,15,0
2020-05-14,Mendocino,045,87422,13,10,0,10,0
2020-05-14,Merced,047,269075,303,182,0,182,3
2020-05-14,Modoc,049,8938,0,0,0,0,0
2020-05-14,Mono,051,14174,36,31,0,31,1
2020-05-14,Monterey,053,433212,393,317,1,318,7
2020-05-14,Napa,055,140530,103,83,0,83,3
2020-05-14,Nevada,057,99092,41,41,1,42,1
2020-05-14,Orange,059,3164182,6168,4163,48,4211,83
2020-05-14,Placer,061,380077,193,172,0,172,8
2020-05-14,Plumas,063,18699,4,4,0,4,0
2020-05-14,Riverside,065,2383286,6475,5339,18,5357,224
2020-05-14,Sacramento,067,1510023,1273,1181,0,1181,55
2020-05-14,San Benito,069,59416,61,56,0,56,2
2020-05-14,San Bernardino,071,2135413,4195,3149,4,3153,149
2020-05-14,San Diego,073,3302833,6486,5393,0,5393,200
2020-05-14,San Francisco,075,870044,2283,2029,0,2029,36
2020-05-14,San Joaquin,077,732212,754,643,3,646,31
2020-05-14,San Luis Obispo,079,281455,317,236,3,239,1
2020-05-14,San Mateo,081,765935,1874,1588,2,1590,67
2020-05-14,Santa Barbara,083,443738,1544,1395,8,1403,11
2020-05-14,Santa Clara,085,1922200,3004,2380,10,2390,134
2020-05-14,Santa Cruz,087,273765,170,145,0,145,3
2020-05-14,Shasta,089,179085,48,33,0,33,4
2020-05-14,Sierra,091,2930,0,0,0,0,0
2020-05-14,Siskiyou,093,43540,6,5,0,5,0
2020-05-14,Solano,095,438530,510,372,0,372,4
2020-05-14,Sonoma,097,501317,421,333,0,333,4
2020-05-14,Stanislaus,099,539301,612,533,4,537,23
2020-05-14,Sutter,101,95872,41,34,0,34,2
2020-05-14,Tehama,103,63373,3,1,0,1,1
2020-05-14,Trinity,105,12862,2,1,0,1,0
2020-05-14,Tulare,107,460477,1913,1317,7,1324,55
2020-05-14,Tuolumne,109,53932,3,2,0,2,0
2020-05-14,Ventura,111,848112,1151,760,5,765,25
2020-05-14,Yolo,113,214977,199,180,0,180,22
2020-05-14,Yuba,115,75493,26,21,0,21,1
2020-05-13,Alameda,001,1643700,2651,2181,3,2184,78
2020-05-13,Alpine,002,1148,1,1,0,1,0
2020-05-13,Amador,005,37829,10,8,0,8,0
2020-05-13,Butte,007,227075,42,21,4,25,0
2020-05-13,Calaveras,009,45235,14,13,0,13,0
2020-05-13,Colusa,011,21464,3,3,0,3,0
2020-05-13,Contra Costa,013,1133247,1247,1082,1,1083,32
2020-05-13,Del Norte,015,27424,13,4,0,4,0
2020-05-13,El Dorado,017,186661,79,58,0,58,0
2020-05-13,Fresno,019,978130,2005,993,29,1022,10
2020-05-13,Glenn,021,27897,11,6,0,6,0
2020-05-13,Humboldt,023,135768,83,58,0,58,0
2020-05-13,Imperial,025,180216,1415,610,0,610,11
2020-05-13,Inyo,027,18085,19,20,0,20,1
2020-05-13,Kern,029,883053,1795,1390,3,1393,19
2020-05-13,Kings,031,150075,458,314,1,315,1
2020-05-13,Lake,033,64148,13,7,0,7,0
2020-05-13,Lassen,035,31185,4,0,2,2,0
2020-05-13,Los Angeles,037,10098052,43025,34574,28,34602,1643
2020-05-13,Madera,039,155013,144,69,1,70,2
2020-05-13,Marin,041,260295,307,278,1,279,14
2020-05-13,Mariposa,043,17540,15,15,0,15,0
2020-05-13,Mendocino,045,87422,13,10,0,10,0
2020-05-13,Merced,047,269075,299,176,0,176,3
2020-05-13,Modoc,049,8938,0,0,0,0,0
2020-05-13,Mono,051,14174,35,31,0,31,1
2020-05-13,Monterey,053,433212,383,309,1,310,6
2020-05-13,Napa,055,140530,103,81,0,81,3
2020-05-13,Nevada,057,99092,41,41,1,42,1
2020-05-13,Orange,059,3164182,5922,4025,46,4071,79
2020-05-13,Placer,061,380077,192,170,0,170,8
2020-05-13,Plumas,063,18699,4,4,0,4,0
2020-05-13,Riverside,065,2383286,6352,5204,18,5222,216
2020-05-13,Sacramento,067,1510023,1258,1173,0,1173,53
2020-05-13,San Benito,069,59416,61,55,0,55,2
2020-05-13,San Bernardino,071,2135413,3939,3064,3,3067,140
2020-05-13,San Diego,073,3302833,6350,5280,0,5280,194
2020-05-13,San Francisco,075,870044,2255,2004,0,2004,35
2020-05-13,San Joaquin,077,732212,733,639,3,642,31
2020-05-13,San Luis Obispo,079,281455,315,231,3,234,1
2020-05-13,San Mateo,081,765935,1842,1550,2,1552,66
2020-05-13,Santa Barbara,083,443738,1533,1382,8,1390,10
2020-05-13,Santa Clara,085,1922200,2984,2370,10,2380,132
2020-05-13,Santa Cruz,087,273765,166,142,0,142,2
2020-05-13,Shasta,089,179085,48,32,0,32,4
2020-05-13,Sierra,091,2930,0,0,0,0,0
2020-05-13,Siskiyou,093,43540,6,5,0,5,0
2020-05-13,Solano,095,438530,497,368,0,368,4
2020-05-13,Sonoma,097,501317,411,330,0,330,4
2020-05-13,Stanislaus,099,539301,603,521,4,525,15
2020-05-13,Sutter,101,95872,41,33,0,33,2
2020-05-13,Tehama,103,63373,3,1,0,1,1
2020-05-13,Trinity,105,12862,2,2,0,2,0
2020-05-13,Tulare,107,460477,1880,1283,7,1290,54
2020-05-13,Tuolumne,109,53932,3,2,0,2,0
2020-05-13,Ventura,111,848112,1120,742,5,747,25
2020-05-13,Yolo,113,214977,197,178,0,178,22
2020-05-13,Yuba,115,75493,24,19,0,19,1
2020-05-12,Alameda,001,1643700,2587,2146,3,2149,74
2020-05-12,Alpine,002,1148,1,1,0,1,0
2020-05-12,Amador,005,37829,10,8,0,8,0
2020-05-12,Butte,007,227075,40,20,4,24,0
2020-05-12,Calaveras,009,45235,13,13,0,13,0
2020-05-12,Colusa,011,21464,3,3,0,3,0
2020-05-12,Contra Costa,013,1133247,1216,1067,1,1068,32
2020-05-12,Del Norte,015,27424,10,3,0,3,0
2020-05-12,El Dorado,017,186661,76,56,0,56,0
2020-05-12,Fresno,019,978130,1921,978,27,1005,9
2020-05-12,Glenn,021,27897,10,6,0,6,0
2020-05-12,Humboldt,023,135768,80,58,0,58,0
2020-05-12,Imperial,025,180216,1286,602,0,602,9
2020-05-12,Inyo,027,18085,19,20,0,20,1
2020-05-12,Kern,029,883053,1754,1363,3,1366,18
2020-05-12,Kings,031,150075,437,302,1,303,1
2020-05-12,Lake,033,64148,13,7,0,7,0
2020-05-12,Lassen,035,31185,4,0,2,2,0
2020-05-12,Los Angeles,037,10098052,42032,33281,27,33308,1601
2020-05-12,Madera,039,155013,138,69,1,70,2
2020-05-12,Marin,041,260295,302,274,1,275,14
2020-05-12,Mariposa,043,17540,15,15,0,15,0
2020-05-12,Mendocino,045,87422,13,10,0,10,0
2020-05-12,Merced,047,269075,286,175,0,175,3
2020-05-12,Modoc,049,8938,0,0,0,0,0
2020-05-12,Mono,051,14174,35,31,0,31,1
2020-05-12,Monterey,053,433212,376,298,1,299,6
2020-05-12,Napa,055,140530,100,80,0,80,3
2020-05-12,Nevada,057,99092,41,41,1,42,1
2020-05-12,Orange,059,3164182,5739,3843,44,3887,78
2020-05-12,Placer,061,380077,191,170,0,170,8
2020-05-12,Plumas,063,18699,4,4,0,4,0
2020-05-12,Riverside,065,2383286,6229,5134,18,5152,210
2020-05-12,Sacramento,067,1510023,1238,1166,0,1166,52
2020-05-12,San Benito,069,59416,61,55,0,55,2
2020-05-12,San Bernardino,071,2135413,3787,2997,3,3000,131
2020-05-12,San Diego,073,3302833,6206,3,0,3,0
2020-05-12,San Francisco,075,870044,2220,1981,0,1981,35
2020-05-12,San Joaquin,077,732212,718,625,3,628,30
2020-05-12,San Luis Obispo,079,281455,312,226,3,229,1
2020-05-12,San Mateo,081,765935,1816,1533,2,1535,66
2020-05-12,Santa Barbara,083,443738,1502,1377,8,1385,10
2020-05-12,Santa Clara,085,1922200,2953,2362,10,2372,131
2020-05-12,Santa Cruz,087,273765,164,141,0,141,2
2020-05-12,Shasta,089,179085,47,33,0,33,4
2020-05-12,Sierra,091,2930,0,0,0,0,0
2020-05-12,Siskiyou,093,43540,6,5,0,5,0
2020-05-12,Solano,095,438530,488,361,0,361,4
2020-05-12,Sonoma,097,501317,388,308,0,308,4
2020-05-12,Stanislaus,099,539301,596,515,4,519,15
2020-05-12,Sutter,101,95872,41,33,0,33,2
2020-05-12,Tehama,103,63373,3,1,0,1,1
2020-05-12,Trinity,105,12862,2,1,0,1,0
2020-05-12,Tulare,107,460477,1848,1261,7,1268,52
2020-05-12,Tuolumne,109,53932,3,2,0,2,0
2020-05-12,Ventura,111,848112,1064,718,5,723,20
2020-05-12,Yolo,113,214977,196,176,0,176,22
2020-05-12,Yuba,115,75493,24,19,0,19,1
2020-05-11,Alameda,001,1643700,2537,2103,3,2106,71
2020-05-11,Alpine,002,1148,1,1,0,1,0
2020-05-11,Amador,005,37829,10,8,0,8,0
2020-05-11,Butte,007,227075,39,19,4,23,0
2020-05-11,Calaveras,009,45235,13,13,0,13,0
2020-05-11,Colusa,011,21464,3,3,0,3,0
2020-05-11,Contra Costa,013,1133247,1202,1052,1,1053,32
2020-05-11,Del Norte,015,27424,8,3,0,3,0
2020-05-11,El Dorado,017,186661,76,55,0,55,0
2020-05-11,Fresno,019,978130,1830,937,26,963,8
2020-05-11,Glenn,021,27897,10,6,0,6,0
2020-05-11,Humboldt,023,135768,77,56,0,56,0
2020-05-11,Imperial,025,180216,1180,562,0,562,9
2020-05-11,Inyo,027,18085,19,20,0,20,1
2020-05-11,Kern,029,883053,1702,1331,3,1334,17
2020-05-11,Kings,031,150075,414,289,0,289,1
2020-05-11,Lake,033,64148,12,7,0,7,0
2020-05-11,Lassen,035,31185,4,0,2,2,0
2020-05-11,Los Angeles,037,10098052,40849,32279,27,32306,1553
2020-05-11,Madera,039,155013,129,68,1,69,2
2020-05-11,Marin,041,260295,293,271,1,272,14
2020-05-11,Mariposa,043,17540,15,15,0,15,0
2020-05-11,Mendocino,045,87422,13,10,0,10,0
2020-05-11,Merced,047,269075,269,158,0,158,3
2020-05-11,Modoc,049,8938,0,0,0,0,0
2020-05-11,Mono,051,14174,35,30,0,30,1
2020-05-11,Monterey,053,433212,373,286,1,287,6
2020-05-11,Napa,055,140530,94,79,0,79,2
2020-05-11,Nevada,057,99092,41,41,1,42,1
2020-05-11,Orange,059,3164182,5524,3699,38,3737,77
2020-05-11,Placer,061,380077,191,170,0,170,8
2020-05-11,Plumas,063,18699,4,4,0,4,0
2020-05-11,Riverside,065,2383286,6071,5082,17,5099,203
2020-05-11,Sacramento,067,1510023,1223,1160,0,1160,52
2020-05-11,San Benito,069,59416,59,52,0,52,2
2020-05-11,San Bernardino,071,2135413,3676,2945,3,2948,124
2020-05-11,San Diego,073,3302833,6053,5067,0,5067,175
2020-05-11,San Francisco,075,870044,2174,1974,0,1974,35
2020-05-11,San Joaquin,077,732212,708,620,3,623,30
2020-05-11,San Luis Obispo,079,281455,310,224,3,227,1
2020-05-11,San Mateo,081,765935,1790,1499,2,1501,66
2020-05-11,Santa Barbara,083,443738,1491,1372,7,1379,10
2020-05-11,Santa Clara,085,1922200,2936,2340,10,2350,129
2020-05-11,Santa Cruz,087,273765,161,140,0,140,2
2020-05-11,Shasta,089,179085,47,31,0,31,4
2020-05-11,Sierra,091,2930,0,0,0,0,0
2020-05-11,Siskiyou,093,43540,6,5,0,5,0
2020-05-11,Solano,095,438530,481,354,0,354,4
2020-05-11,Sonoma,097,501317,378,303,0,303,3
2020-05-11,Stanislaus,099,539301,586,507,4,511,14
2020-05-11,Sutter,101,95872,40,32,0,32,2
2020-05-11,Tehama,103,63373,3,1,0,1,1
2020-05-11,Trinity,105,12862,2,1,0,1,0
2020-05-11,Tulare,107,460477,1799,1203,7,1210,49
2020-05-11,Tuolumne,109,53932,3,2,0,2,0
2020-05-11,Ventura,111,848112,1003,698,4,702,19
2020-05-11,Yolo,113,214977,196,174,0,174,20
2020-05-11,Yuba,115,75493,24,18,0,18,1
2020-05-10,Alameda,001,1643700,2460,2047,3,2050,71
2020-05-10,Alpine,002,1148,1,1,0,1,0
2020-05-10,Amador,005,37829,10,8,0,8,0
2020-05-10,Butte,007,227075,34,18,4,22,0
2020-05-10,Calaveras,009,45235,13,13,0,13,0
2020-05-10,Colusa,011,21464,3,3,0,3,0
2020-05-10,Contra Costa,013,1133247,1188,1046,0,1046,31
2020-05-10,Del Norte,015,27424,7,3,0,3,0
2020-05-10,El Dorado,017,186661,76,55,0,55,0
2020-05-10,Fresno,019,978130,1745,894,26,920,8
2020-05-10,Glenn,021,27897,10,6,0,6,0
2020-05-10,Humboldt,023,135768,73,56,0,56,0
2020-05-10,Imperial,025,180216,1086,509,0,509,7
2020-05-10,Inyo,027,18085,19,20,0,20,1
2020-05-10,Kern,029,883053,1651,1300,2,1302,16
2020-05-10,Kings,031,150075,401,266,0,266,1
2020-05-10,Lake,033,64148,12,7,0,7,0
2020-05-10,Lassen,035,31185,4,0,2,2,0
2020-05-10,Los Angeles,037,10098052,39590,31711,27,31738,1514
2020-05-10,Madera,039,155013,127,65,1,66,2
2020-05-10,Marin,041,260295,285,267,1,268,14
2020-05-10,Mariposa,043,17540,15,15,0,15,0
2020-05-10,Mendocino,045,87422,12,10,0,10,0
2020-05-10,Merced,047,269075,253,154,0,154,3
2020-05-10,Modoc,049,8938,0,0,0,0,0
2020-05-10,Mono,051,14174,35,27,0,27,1
2020-05-10,Monterey,053,433212,359,282,1,283,6
2020-05-10,Napa,055,140530,88,79,0,79,2
2020-05-10,Nevada,057,99092,41,41,1,42,1
2020-05-10,Orange,059,3164182,5381,3627,38,3665,76
2020-05-10,Placer,061,380077,190,168,0,168,8
2020-05-10,Plumas,063,18699,4,4,0,4,0
2020-05-10,Riverside,065,2383286,5949,4951,17,4968,193
2020-05-10,Sacramento,067,1510023,1207,1152,0,1152,52
2020-05-10,San Benito,069,59416,59,52,0,52,2
2020-05-10,San Bernardino,071,2135413,3578,2910,3,2913,121
2020-05-10,San Diego,073,3302833,5901,4928,0,4928,175
2020-05-10,San Francisco,075,870044,2156,1953,0,1953,35
2020-05-10,San Joaquin,077,732212,693,611,3,614,29
2020-05-10,San Luis Obispo,079,281455,307,218,3,221,1
2020-05-10,San Mateo,081,765935,1768,1463,2,1465,65
2020-05-10,Santa Barbara,083,443738,1480,1323,7,1330,10
2020-05-10,Santa Clara,085,1922200,2909,2331,10,2341,129
2020-05-10,Santa Cruz,087,273765,160,139,0,139,2
2020-05-10,Shasta,089,179085,47,31,0,31,4
2020-05-10,Sierra,091,2930,0,0,0,0,0
2020-05-10,Siskiyou,093,43540,5,5,0,5,0
2020-05-10,Solano,095,438530,469,322,0,322,4
2020-05-10,Sonoma,097,501317,368,290,0,290,3
2020-05-10,Stanislaus,099,539301,579,498,4,502,14
2020-05-10,Sutter,101,95872,37,31,0,31,2
2020-05-10,Tehama,103,63373,3,1,0,1,1
2020-05-10,Trinity,105,12862,2,1,0,1,0
2020-05-10,Tulare,107,460477,1728,1143,7,1150,47
2020-05-10,Tuolumne,109,53932,3,2,0,2,0
2020-05-10,Ventura,111,848112,945,690,2,692,19
2020-05-10,Yolo,113,214977,196,173,0,173,20
2020-05-10,Yuba,115,75493,23,17,0,17,1
2020-05-09,Alameda,001,1643700,2417,2011,3,2014,71
2020-05-09,Alpine,002,1148,1,1,0,1,0
2020-05-09,Amador,005,37829,9,8,0,8,0
2020-05-09,Butte,007,227075,33,18,4,22,0
2020-05-09,Calaveras,009,45235,13,13,0,13,0
2020-05-09,Colusa,011,21464,3,3,0,3,0
2020-05-09,Contra Costa,013,1133247,1174,1039,0,1039,31
2020-05-09,Del Norte,015,27424,7,3,0,3,0
2020-05-09,El Dorado,017,186661,73,54,0,54,0
2020-05-09,Fresno,019,978130,1707,861,25,886,8
2020-05-09,Glenn,021,27897,9,6,0,6,0
2020-05-09,Humboldt,023,135768,71,55,0,55,0
2020-05-09,Imperial,025,180216,1029,474,0,474,7
2020-05-09,Inyo,027,18085,19,20,0,20,1
2020-05-09,Kern,029,883053,1615,1262,1,1263,15
2020-05-09,Kings,031,150075,396,264,0,264,1
2020-05-09,Lake,033,64148,12,7,0,7,0
2020-05-09,Lassen,035,31185,4,0,2,2,0
2020-05-09,Los Angeles,037,10098052,38969,31268,27,31295,1499
2020-05-09,Madera,039,155013,126,61,1,62,2
2020-05-09,Marin,041,260295,284,261,1,262,14
2020-05-09,Mariposa,043,17540,15,15,0,15,0
2020-05-09,Mendocino,045,87422,12,10,0,10,0
2020-05-09,Merced,047,269075,249,153,0,153,3
2020-05-09,Modoc,049,8938,0,0,0,0,0
2020-05-09,Mono,051,14174,35,27,0,27,1
2020-05-09,Monterey,053,433212,352,273,0,273,6
2020-05-09,Napa,055,140530,87,78,0,78,2
2020-05-09,Nevada,057,99092,41,41,1,42,1
2020-05-09,Orange,059,3164182,5298,3506,38,3544,75
2020-05-09,Placer,061,380077,189,168,0,168,8
2020-05-09,Plumas,063,18699,4,4,0,4,0
2020-05-09,Riverside,065,2383286,5854,4871,17,4888,183
2020-05-09,Sacramento,067,1510023,1203,1150,0,1150,52
2020-05-09,San Benito,069,59416,58,52,0,52,2
2020-05-09,San Bernardino,071,2135413,3522,2825,3,2828,121
2020-05-09,San Diego,073,3302833,5789,4778,0,4778,175
2020-05-09,San Francisco,075,870044,2141,1944,0,1944,34
2020-05-09,San Joaquin,077,732212,684,605,3,608,28
2020-05-09,San Luis Obispo,079,281455,303,213,3,216,1
2020-05-09,San Mateo,081,765935,1749,1453,2,1455,65
2020-05-09,Santa Barbara,083,443738,1472,1245,7,1252,10
2020-05-09,Santa Clara,085,1922200,2895,2317,10,2327,128
2020-05-09,Santa Cruz,087,273765,159,138,0,138,2
2020-05-09,Shasta,089,179085,47,31,0,31,4
2020-05-09,Sierra,091,2930,0,0,0,0,0
2020-05-09,Siskiyou,093,43540,5,5,0,5,0
2020-05-09,Solano,095,438530,463,321,0,321,4
2020-05-09,Sonoma,097,501317,364,288,0,288,3
2020-05-09,Stanislaus,099,539301,571,491,4,495,12
2020-05-09,Sutter,101,95872,37,31,0,31,2
2020-05-09,Tehama,103,63373,2,1,0,1,1
2020-05-09,Trinity,105,12862,2,1,0,1,0
2020-05-09,Tulare,107,460477,1700,1083,7,1090,47
2020-05-09,Tuolumne,109,53932,3,2,0,2,0
2020-05-09,Ventura,111,848112,924,679,2,681,19
2020-05-09,Yolo,113,214977,196,172,0,172,18
2020-05-09,Yuba,115,75493,23,17,0,17,1
2020-05-08,Alameda,001,1643700,2374,1955,3,1958,70
2020-05-08,Alpine,002,1148,1,1,0,1,0
2020-05-08,Amador,005,37829,9,8,0,8,0
2020-05-08,Butte,007,227075,33,18,4,22,0
2020-05-08,Calaveras,009,45235,13,13,0,13,0
2020-05-08,Colusa,011,21464,3,3,0,3,0
2020-05-08,Contra Costa,013,1133247,1162,1024,0,1024,29
2020-05-08,Del Norte,015,27424,7,3,0,3,0
2020-05-08,El Dorado,017,186661,72,54,0,54,0
2020-05-08,Fresno,019,978130,1666,838,23,861,8
2020-05-08,Glenn,021,27897,8,6,0,6,0
2020-05-08,Humboldt,023,135768,68,54,0,54,0
2020-05-08,Imperial,025,180216,983,467,0,467,7
2020-05-08,Inyo,027,18085,19,20,0,20,1
2020-05-08,Kern,029,883053,1584,1214,1,1215,13
2020-05-08,Kings,031,150075,387,236,0,236,1
2020-05-08,Lake,033,64148,12,7,0,7,0
2020-05-08,Lassen,035,31185,4,0,2,2,0
2020-05-08,Los Angeles,037,10098052,38235,30357,27,30384,1447
2020-05-08,Madera,039,155013,123,57,1,58,2
2020-05-08,Marin,041,260295,284,257,1,258,14
2020-05-08,Mariposa,043,17540,15,15,0,15,0
2020-05-08,Mendocino,045,87422,12,10,0,10,0
2020-05-08,Merced,047,269075,248,151,0,151,3
2020-05-08,Modoc,049,8938,0,0,0,0,0
2020-05-08,Mono,051,14174,32,27,0,27,1
2020-05-08,Monterey,053,433212,344,265,0,265,6
2020-05-08,Napa,055,140530,86,78,0,78,2
2020-05-08,Nevada,057,99092,41,41,1,42,1
2020-05-08,Orange,059,3164182,5151,3395,38,3433,72
2020-05-08,Placer,061,380077,187,166,0,166,8
2020-05-08,Plumas,063,18699,4,4,0,4,0
2020-05-08,Riverside,065,2383286,5754,4672,16,4688,181
2020-05-08,Sacramento,067,1510023,1198,1145,0,1145,51
2020-05-08,San Benito,069,59416,58,51,0,51,2
2020-05-08,San Bernardino,071,2135413,3474,2631,3,2634,119
2020-05-08,San Diego,073,3302833,5682,4664,0,4664,169
2020-05-08,San Francisco,075,870044,2123,1890,0,1890,33
2020-05-08,San Joaquin,077,732212,677,595,3,598,28
2020-05-08,San Luis Obispo,079,281455,300,210,3,213,1
2020-05-08,San Mateo,081,765935,1664,1423,2,1425,62
2020-05-08,Santa Barbara,083,443738,1463,1054,5,1059,8
2020-05-08,Santa Clara,085,1922200,2872,2285,10,2295,128
2020-05-08,Santa Cruz,087,273765,155,137,0,137,2
2020-05-08,Shasta,089,179085,47,31,0,31,4
2020-05-08,Sierra,091,2930,0,0,0,0,0
2020-05-08,Siskiyou,093,43540,5,5,0,5,0
2020-05-08,Solano,095,438530,458,314,0,314,4
2020-05-08,Sonoma,097,501317,359,285,0,285,3
2020-05-08,Stanislaus,099,539301,557,487,4,491,12
2020-05-08,Sutter,101,95872,37,30,0,30,2
2020-05-08,Tehama,103,63373,2,1,0,1,1
2020-05-08,Trinity,105,12862,2,0,0,0,0
2020-05-08,Tulare,107,460477,1655,1050,6,1056,43
2020-05-08,Tuolumne,109,53932,3,2,0,2,0
2020-05-08,Ventura,111,848112,906,665,2,667,19
2020-05-08,Yolo,113,214977,195,172,0,172,18
2020-05-08,Yuba,115,75493,22,16,0,16,1
2020-05-07,Alameda,001,1643700,2314,1914,3,1917,68
2020-05-07,Alpine,002,1148,1,1,0,1,0
2020-05-07,Amador,005,37829,9,8,0,8,0
2020-05-07,Butte,007,227075,33,19,3,22,0
2020-05-07,Calaveras,009,45235,13,13,0,13,0
2020-05-07,Colusa,011,21464,3,3,0,3,0
2020-05-07,Contra Costa,013,1133247,1148,1005,0,1005,29
2020-05-07,Del Norte,015,27424,6,3,0,3,0
2020-05-07,El Dorado,017,186661,71,54,0,54,0
2020-05-07,Fresno,019,978130,1581,812,22,834,8
2020-05-07,Glenn,021,27897,8,5,0,5,0
2020-05-07,Humboldt,023,135768,67,54,0,54,0
2020-05-07,Imperial,025,180216,919,442,0,442,6
2020-05-07,Inyo,027,18085,19,20,0,20,1
2020-05-07,Kern,029,883053,1540,1176,1,1177,13
2020-05-07,Kings,031,150075,364,219,0,219,1
2020-05-07,Lake,033,64148,11,7,0,7,0
2020-05-07,Lassen,035,31185,4,0,2,2,0
2020-05-07,Los Angeles,037,10098052,37114,29544,26,29570,1399
2020-05-07,Madera,039,155013,119,54,1,55,2
2020-05-07,Marin,041,260295,277,252,1,253,14
2020-05-07,Mariposa,043,17540,15,15,0,15,0
2020-05-07,Mendocino,045,87422,12,10,0,10,0
2020-05-07,Merced,047,269075,236,146,0,146,3
2020-05-07,Modoc,049,8938,0,0,0,0,0
2020-05-07,Mono,051,14174,32,26,0,26,1
2020-05-07,Monterey,053,433212,336,249,0,249,6
2020-05-07,Napa,055,140530,86,78,0,78,2
2020-05-07,Nevada,057,99092,41,41,1,42,1
2020-05-07,Orange,059,3164182,4966,3283,37,3320,69
2020-05-07,Placer,061,380077,187,165,0,165,8
2020-05-07,Plumas,063,18699,4,4,0,4,0
2020-05-07,Riverside,065,2383286,5638,4608,16,4624,170
2020-05-07,Sacramento,067,1510023,1192,1139,0,1139,50
2020-05-07,San Benito,069,59416,58,50,0,50,2
2020-05-07,San Bernardino,071,2135413,3382,2522,3,2525,115
2020-05-07,San Diego,073,3302833,5525,4431,0,4431,165
2020-05-07,San Francisco,075,870044,2092,1852,0,1852,33
2020-05-07,San Joaquin,077,732212,664,583,3,586,28
2020-05-07,San Luis Obispo,079,281455,289,209,3,212,1
2020-05-07,San Mateo,081,765935,1642,1398,2,1400,58
2020-05-07,Santa Barbara,083,443738,1436,720,4,724,8
2020-05-07,Santa Clara,085,1922200,2834,2281,10,2291,127
2020-05-07,Santa Cruz,087,273765,152,136,0,136,2
2020-05-07,Shasta,089,179085,46,31,0,31,4
2020-05-07,Sierra,091,2930,0,0,0,0,0
2020-05-07,Siskiyou,093,43540,5,5,0,5,0
2020-05-07,Solano,095,438530,450,307,0,307,4
2020-05-07,Sonoma,097,501317,347,282,0,282,3
2020-05-07,Stanislaus,099,539301,548,466,4,470,10
2020-05-07,Sutter,101,95872,37,29,0,29,2
2020-05-07,Tehama,103,63373,2,1,0,1,1
2020-05-07,Trinity,105,12862,2,0,0,0,0
2020-05-07,Tulare,107,460477,1587,1001,6,1007,41
2020-05-07,Tuolumne,109,53932,3,2,0,2,0
2020-05-07,Ventura,111,848112,882,647,1,648,19
2020-05-07,Yolo,113,214977,194,172,0,172,18
2020-05-07,Yuba,115,75493,22,16,0,16,1
2020-05-06,Alameda,001,1643700,2276,1864,3,1867,67
2020-05-06,Alpine,002,1148,1,1,0,1,0
2020-05-06,Amador,005,37829,9,8,0,8,0
2020-05-06,Butte,007,227075,32,19,3,22,0
2020-05-06,Calaveras,009,45235,13,13,0,13,0
2020-05-06,Colusa,011,21464,3,3,0,3,0
2020-05-06,Contra Costa,013,1133247,1127,990,0,990,29
2020-05-06,Del Norte,015,27424,6,3,0,3,0
2020-05-06,El Dorado,017,186661,69,53,0,53,0
2020-05-06,Fresno,019,978130,1518,773,20,793,8
2020-05-06,Glenn,021,27897,8,3,0,3,0
2020-05-06,Humboldt,023,135768,66,54,0,54,0
2020-05-06,Imperial,025,180216,851,399,0,399,6
2020-05-06,Inyo,027,18085,19,20,0,20,1
2020-05-06,Kern,029,883053,1484,1112,1,1113,12
2020-05-06,Kings,031,150075,346,208,0,208,1
2020-05-06,Lake,033,64148,11,7,0,7,0
2020-05-06,Lassen,035,31185,4,0,2,2,0
2020-05-06,Los Angeles,037,10098052,36112,28687,26,28713,1347
2020-05-06,Madera,039,155013,117,55,1,56,2
2020-05-06,Marin,041,260295,270,244,1,245,14
2020-05-06,Mariposa,043,17540,15,14,0,14,0
2020-05-06,Mendocino,045,87422,12,10,0,10,0
2020-05-06,Merced,047,269075,229,140,0,140,3
2020-05-06,Modoc,049,8938,0,0,0,0,0
2020-05-06,Mono,051,14174,32,26,0,26,1
2020-05-06,Monterey,053,433212,328,246,0,246,6
2020-05-06,Napa,055,140530,85,78,0,78,2
2020-05-06,Nevada,057,99092,41,41,1,42,1
2020-05-06,Orange,059,3164182,4782,3156,36,3192,66
2020-05-06,Placer,061,380077,184,164,0,164,8
2020-05-06,Plumas,063,18699,4,4,0,4,0
2020-05-06,Riverside,065,2383286,5494,4535,16,4551,163
2020-05-06,Sacramento,067,1510023,1186,1135,0,1135,49
2020-05-06,San Benito,069,59416,57,50,0,50,2
2020-05-06,San Bernardino,071,2135413,3260,2426,2,2428,110
2020-05-06,San Diego,073,3302833,5392,4321,0,4321,158
2020-05-06,San Francisco,075,870044,2067,1804,0,1804,32
2020-05-06,San Joaquin,077,732212,651,581,3,584,28
2020-05-06,San Luis Obispo,079,281455,285,207,3,210,1
2020-05-06,San Mateo,081,765935,1611,1348,2,1350,57
2020-05-06,Santa Barbara,083,443738,1395,565,3,568,8
2020-05-06,Santa Clara,085,1922200,2817,2270,9,2279,127
2020-05-06,Santa Cruz,087,273765,149,135,0,135,2
2020-05-06,Shasta,089,179085,45,31,0,31,4
2020-05-06,Sierra,091,2930,0,0,0,0,0
2020-05-06,Siskiyou,093,43540,5,5,0,5,0
2020-05-06,Solano,095,438530,436,300,0,300,4
2020-05-06,Sonoma,097,501317,331,269,0,269,3
2020-05-06,Stanislaus,099,539301,532,434,4,438,9
2020-05-06,Sutter,101,95872,37,29,0,29,2
2020-05-06,Tehama,103,63373,2,1,0,1,1
2020-05-06,Trinity,105,12862,2,0,0,0,0
2020-05-06,Tulare,107,460477,1539,963,6,969,40
2020-05-06,Tuolumne,109,53932,3,2,0,2,0
2020-05-06,Ventura,111,848112,855,619,1,620,19
2020-05-06,Yolo,113,214977,193,172,0,172,18
2020-05-06,Yuba,115,75493,22,15,0,15,1
2020-05-05,Alameda,001,1643700,2233,1819,3,1822,67
2020-05-05,Alpine,002,1148,1,1,0,1,0
2020-05-05,Amador,005,37829,9,8,0,8,0
2020-05-05,Butte,007,227075,31,19,3,22,0
2020-05-05,Calaveras,009,45235,13,13,0,13,0
2020-05-05,Colusa,011,21464,3,3,0,3,0
2020-05-05,Contra Costa,013,1133247,1109,976,0,976,29
2020-05-05,Del Norte,015,27424,6,3,0,3,0
2020-05-05,El Dorado,017,186661,67,54,0,54,0
2020-05-05,Fresno,019,978130,1445,726,18,744,8
2020-05-05,Glenn,021,27897,8,3,0,3,0
2020-05-05,Humboldt,023,135768,63,54,0,54,0
2020-05-05,Imperial,025,180216,795,389,0,389,6
2020-05-05,Inyo,027,18085,19,20,0,20,1
2020-05-05,Kern,029,883053,1432,1084,1,1085,11
2020-05-05,Kings,031,150075,328,187,0,187,1
2020-05-05,Lake,033,64148,10,7,0,7,0
2020-05-05,Lassen,035,31185,4,0,2,2,0
2020-05-05,Los Angeles,037,10098052,35044,27867,26,27893,1289
2020-05-05,Madera,039,155013,113,53,1,54,2
2020-05-05,Marin,041,260295,264,244,1,245,14
2020-05-05,Mariposa,043,17540,15,14,0,14,0
2020-05-05,Mendocino,045,87422,12,10,0,10,0
2020-05-05,Merced,047,269075,224,141,0,141,3
2020-05-05,Modoc,049,8938,0,0,0,0,0
2020-05-05,Mono,051,14174,32,25,0,25,1
2020-05-05,Monterey,053,433212,314,240,0,240,6
2020-05-05,Napa,055,140530,85,74,0,74,2
2020-05-05,Nevada,057,99092,41,41,1,42,1
2020-05-05,Orange,059,3164182,4658,3041,36,3077,63
2020-05-05,Placer,061,380077,184,162,0,162,8
2020-05-05,Plumas,063,18699,4,4,0,4,0
2020-05-05,Riverside,065,2383286,5384,4309,16,4325,161
2020-05-05,Sacramento,067,1510023,1179,1125,0,1125,48
2020-05-05,San Benito,069,59416,56,50,0,50,2
2020-05-05,San Bernardino,071,2135413,3167,2345,2,2347,104
2020-05-05,San Diego,073,3302833,5249,4162,0,4162,150
2020-05-05,San Francisco,075,870044,2032,1779,0,1779,31
2020-05-05,San Joaquin,077,732212,642,577,3,580,26
2020-05-05,San Luis Obispo,079,281455,283,203,3,206,1
2020-05-05,San Mateo,081,765935,1579,1335,2,1337,56
2020-05-05,Santa Barbara,083,443738,1174,541,3,544,7
2020-05-05,Santa Clara,085,1922200,2771,2249,8,2257,124
2020-05-05,Santa Cruz,087,273765,146,134,0,134,2
2020-05-05,Shasta,089,179085,44,31,0,31,4
2020-05-05,Sierra,091,2930,0,0,0,0,0
2020-05-05,Siskiyou,093,43540,5,5,0,5,0
2020-05-05,Solano,095,438530,421,299,0,299,4
2020-05-05,Sonoma,097,501317,328,263,0,263,3
2020-05-05,Stanislaus,099,539301,520,430,4,434,9
2020-05-05,Sutter,101,95872,36,29,0,29,2
2020-05-05,Tehama,103,63373,2,1,0,1,1
2020-05-05,Trinity,105,12862,2,0,0,0,0
2020-05-05,Tulare,107,460477,1441,869,6,875,40
2020-05-05,Tuolumne,109,53932,3,2,0,2,0
2020-05-05,Ventura,111,848112,831,607,1,608,19
2020-05-05,Yolo,113,214977,191,171,0,171,18
2020-05-05,Yuba,115,75493,22,15,0,15,1
2020-05-04,Alameda,001,1643700,2175,1762,2,1764,65
2020-05-04,Alpine,002,1148,1,1,0,1,0
2020-05-04,Amador,005,37829,8,8,0,8,0
2020-05-04,Butte,007,227075,30,16,2,18,0
2020-05-04,Calaveras,009,45235,13,13,0,13,0
2020-05-04,Colusa,011,21464,3,3,0,3,0
2020-05-04,Contra Costa,013,1133247,1091,949,0,949,28
2020-05-04,Del Norte,015,27424,5,3,0,3,0
2020-05-04,El Dorado,017,186661,66,51,0,51,0
2020-05-04,Fresno,019,978130,1375,680,17,697,8
2020-05-04,Glenn,021,27897,8,4,0,4,0
2020-05-04,Humboldt,023,135768,61,54,0,54,0
2020-05-04,Imperial,025,180216,744,351,0,351,6
2020-05-04,Inyo,027,18085,19,20,0,20,1
2020-05-04,Kern,029,883053,1390,1047,1,1048,8
2020-05-04,Kings,031,150075,311,153,0,153,1
2020-05-04,Lake,033,64148,9,7,0,7,0
2020-05-04,Lassen,035,31185,3,0,2,2,0
2020-05-04,Los Angeles,037,10098052,33761,26243,24,26267,1235
2020-05-04,Madera,039,155013,110,52,1,53,2
2020-05-04,Marin,041,260295,259,244,1,245,13
2020-05-04,Mariposa,043,17540,15,13,0,13,0
2020-05-04,Mendocino,045,87422,12,10,0,10,0
2020-05-04,Merced,047,269075,224,138,0,138,3
2020-05-04,Modoc,049,8938,0,0,0,0,0
2020-05-04,Mono,051,14174,32,25,0,25,1
2020-05-04,Monterey,053,433212,303,237,0,237,6
2020-05-04,Napa,055,140530,85,72,0,72,2
2020-05-04,Nevada,057,99092,41,41,1,42,1
2020-05-04,Orange,059,3164182,4520,2931,33,2964,57
2020-05-04,Placer,061,380077,182,162,0,162,8
2020-05-04,Plumas,063,18699,4,4,0,4,0
2020-05-04,Riverside,065,2383286,5290,4221,16,4237,147
2020-05-04,Sacramento,067,1510023,1169,1119,0,1119,44
2020-05-04,San Benito,069,59416,54,49,0,49,2
2020-05-04,San Bernardino,071,2135413,3027,2184,2,2186,99
2020-05-04,San Diego,073,3302833,5108,4022,0,4022,144
2020-05-04,San Francisco,075,870044,1994,1760,0,1760,31
2020-05-04,San Joaquin,077,732212,628,574,3,577,26
2020-05-04,San Luis Obispo,079,281455,280,202,3,205,1
2020-05-04,San Mateo,081,765935,1554,1313,2,1315,53
2020-05-04,Santa Barbara,083,443738,927,524,3,527,7
2020-05-04,Santa Clara,085,1922200,2756,2238,8,2246,119
2020-05-04,Santa Cruz,087,273765,145,133,0,133,2
2020-05-04,Shasta,089,179085,42,31,0,31,4
2020-05-04,Sierra,091,2930,0,0,0,0,0
2020-05-04,Siskiyou,093,43540,5,5,0,5,0
2020-05-04,Solano,095,438530,407,293,0,293,4
2020-05-04,Sonoma,097,501317,314,256,0,256,4
2020-05-04,Stanislaus,099,539301,514,422,4,426,8
2020-05-04,Sutter,101,95872,33,28,0,28,2
2020-05-04,Tehama,103,63373,2,1,0,1,1
2020-05-04,Trinity,105,12862,1,0,0,0,0
2020-05-04,Tulare,107,460477,1362,760,6,766,40
2020-05-04,Tuolumne,109,53932,3,3,0,3,0
2020-05-04,Ventura,111,848112,810,590,1,591,19
2020-05-04,Yolo,113,214977,190,171,0,171,18
2020-05-04,Yuba,115,75493,19,16,0,16,1
2020-05-03,Alameda,001,1643700,2117,1731,2,1733,64
2020-05-03,Alpine,002,1148,1,1,0,1,0
2020-05-03,Amador,005,37829,8,8,0,8,0
2020-05-03,Butte,007,227075,29,17,2,19,0
2020-05-03,Calaveras,009,45235,13,13,0,13,0
2020-05-03,Colusa,011,21464,3,3,0,3,0
2020-05-03,Contra Costa,013,1133247,1075,945,0,945,28
2020-05-03,Del Norte,015,27424,5,3,0,3,0
2020-05-03,El Dorado,017,186661,64,49,0,49,0
2020-05-03,Fresno,019,978130,1282,646,14,660,8
2020-05-03,Glenn,021,27897,7,5,0,5,0
2020-05-03,Humboldt,023,135768,60,54,0,54,0
2020-05-03,Imperial,025,180216,688,351,0,351,6
2020-05-03,Inyo,027,18085,19,20,0,20,1
2020-05-03,Kern,029,883053,1335,1025,1,1026,8
2020-05-03,Kings,031,150075,291,137,0,137,1
2020-05-03,Lake,033,64148,9,7,0,7,0
2020-05-03,Lassen,035,31185,3,0,2,2,0
2020-05-03,Los Angeles,037,10098052,32805,25708,23,25731,1210
2020-05-03,Madera,039,155013,103,46,1,47,2
2020-05-03,Marin,041,260295,254,243,1,244,13
2020-05-03,Mariposa,043,17540,15,13,0,13,0
2020-05-03,Mendocino,045,87422,12,10,0,10,0
2020-05-03,Merced,047,269075,217,134,0,134,3
2020-05-03,Modoc,049,8938,0,0,0,0,0
2020-05-03,Mono,051,14174,32,25,0,25,1
2020-05-03,Monterey,053,433212,294,235,0,235,6
2020-05-03,Napa,055,140530,85,72,0,72,2
2020-05-03,Nevada,057,99092,41,41,1,42,1
2020-05-03,Orange,059,3164182,4346,2859,32,2891,55
2020-05-03,Placer,061,380077,182,161,0,161,8
2020-05-03,Plumas,063,18699,4,4,0,4,0
2020-05-03,Riverside,065,2383286,5185,4034,16,4050,139
2020-05-03,Sacramento,067,1510023,1160,1109,0,1109,43
2020-05-03,San Benito,069,59416,54,49,0,49,2
2020-05-03,San Bernardino,071,2135413,2967,2123,2,2125,99
2020-05-03,San Diego,073,3302833,4971,3929,0,3929,142
2020-05-03,San Francisco,075,870044,1965,1692,0,1692,30
2020-05-03,San Joaquin,077,732212,621,570,3,573,26
2020-05-03,San Luis Obispo,079,281455,277,200,3,203,1
2020-05-03,San Mateo,081,765935,1526,1277,2,1279,53
2020-05-03,Santa Barbara,083,443738,568,512,3,515,7
2020-05-03,Santa Clara,085,1922200,2719,2235,8,2243,116
2020-05-03,Santa Cruz,087,273765,145,133,0,133,2
2020-05-03,Shasta,089,179085,40,31,0,31,4
2020-05-03,Sierra,091,2930,0,0,0,0,0
2020-05-03,Siskiyou,093,43540,5,5,0,5,0
2020-05-03,Solano,095,438530,397,266,0,266,4
2020-05-03,Sonoma,097,501317,305,254,0,254,4
2020-05-03,Stanislaus,099,539301,486,411,4,415,8
2020-05-03,Sutter,101,95872,31,28,0,28,2
2020-05-03,Tehama,103,63373,2,1,0,1,1
2020-05-03,Trinity,105,12862,1,0,0,0,0
2020-05-03,Tulare,107,460477,1283,736,6,742,40
2020-05-03,Tuolumne,109,53932,3,3,0,3,0
2020-05-03,Ventura,111,848112,776,583,1,584,19
2020-05-03,Yolo,113,214977,189,171,0,171,18
2020-05-03,Yuba,115,75493,19,16,0,16,1
2020-05-02,Alameda,001,1643700,2080,1678,2,1680,63
2020-05-02,Alpine,002,1148,1,1,0,1,0
2020-05-02,Amador,005,37829,8,8,0,8,0
2020-05-02,Butte,007,227075,29,17,2,19,0
2020-05-02,Calaveras,009,45235,13,13,0,13,0
2020-05-02,Colusa,011,21464,3,3,0,3,0
2020-05-02,Contra Costa,013,1133247,1057,929,0,929,28
2020-05-02,Del Norte,015,27424,5,3,0,3,0
2020-05-02,El Dorado,017,186661,64,47,0,47,0
2020-05-02,Fresno,019,978130,1257,629,13,642,8
2020-05-02,Glenn,021,27897,7,5,0,5,0
2020-05-02,Humboldt,023,135768,60,54,0,54,0
2020-05-02,Imperial,025,180216,661,345,0,345,6
2020-05-02,Inyo,027,18085,19,20,0,20,1
2020-05-02,Kern,029,883053,1309,1007,1,1008,8
2020-05-02,Kings,031,150075,288,120,0,120,1
2020-05-02,Lake,033,64148,9,7,0,7,0
2020-05-02,Lassen,035,31185,3,0,2,2,0
2020-05-02,Los Angeles,037,10098052,32275,24955,23,24978,1192
2020-05-02,Madera,039,155013,103,46,1,47,2
2020-05-02,Marin,041,260295,253,243,1,244,13
2020-05-02,Mariposa,043,17540,15,13,0,13,0
2020-05-02,Mendocino,045,87422,12,10,0,10,0
2020-05-02,Merced,047,269075,212,131,0,131,3
2020-05-02,Modoc,049,8938,0,0,0,0,0
2020-05-02,Mono,051,14174,32,25,0,25,1
2020-05-02,Monterey,053,433212,288,225,0,225,5
2020-05-02,Napa,055,140530,85,71,0,71,2
2020-05-02,Nevada,057,99092,41,41,1,42,1
2020-05-02,Orange,059,3164182,4232,2774,32,2806,52
2020-05-02,Placer,061,380077,180,150,0,150,8
2020-05-02,Plumas,063,18699,4,4,0,4,0
2020-05-02,Riverside,065,2383286,5119,3997,16,4013,137
2020-05-02,Sacramento,067,1510023,1157,1097,0,1097,43
2020-05-02,San Benito,069,59416,54,49,0,49,2
2020-05-02,San Bernardino,071,2135413,2928,2124,2,2126,99
2020-05-02,San Diego,073,3302833,4869,3844,0,3844,138
2020-05-02,San Francisco,075,870044,1942,1632,0,1632,29
2020-05-02,San Joaquin,077,732212,613,559,3,562,25
2020-05-02,San Luis Obispo,079,281455,271,193,3,196,1
2020-05-02,San Mateo,081,765935,1510,1272,2,1274,52
2020-05-02,Santa Barbara,083,443738,560,506,3,509,7
2020-05-02,Santa Clara,085,1922200,2709,2203,8,2211,115
2020-05-02,Santa Cruz,087,273765,144,131,0,131,2
2020-05-02,Shasta,089,179085,40,31,0,31,4
2020-05-02,Sierra,091,2930,0,0,0,0,0
2020-05-02,Siskiyou,093,43540,5,5,0,5,0
2020-05-02,Solano,095,438530,390,267,0,267,4
2020-05-02,Sonoma,097,501317,302,250,0,250,3
2020-05-02,Stanislaus,099,539301,478,388,4,392,8
2020-05-02,Sutter,101,95872,31,28,0,28,2
2020-05-02,Tehama,103,63373,2,1,0,1,1
2020-05-02,Trinity,105,12862,1,0,0,0,0
2020-05-02,Tulare,107,460477,1240,711,6,717,35
2020-05-02,Tuolumne,109,53932,3,3,0,3,0
2020-05-02,Ventura,111,848112,762,564,1,565,19
2020-05-02,Yolo,113,214977,189,169,0,169,17
2020-05-02,Yuba,115,75493,19,16,0,16,1
2020-05-01,Alameda,001,1643700,2042,1630,2,1632,63
2020-05-01,Alpine,002,1148,1,1,0,1,0
2020-05-01,Amador,005,37829,8,8,0,8,0
2020-05-01,Butte,007,227075,29,17,2,19,0
2020-05-01,Calaveras,009,45235,13,13,0,13,0
2020-05-01,Colusa,011,21464,3,3,0,3,0
2020-05-01,Contra Costa,013,1133247,1043,915,0,915,28
2020-05-01,Del Norte,015,27424,5,3,0,3,0
2020-05-01,El Dorado,017,186661,64,47,0,47,0
2020-05-01,Fresno,019,978130,1226,617,13,630,7
2020-05-01,Glenn,021,27897,7,4,0,4,0
2020-05-01,Humboldt,023,135768,60,54,0,54,0
2020-05-01,Imperial,025,180216,624,337,0,337,6
2020-05-01,Inyo,027,18085,19,20,0,20,1
2020-05-01,Kern,029,883053,1282,972,1,973,8
2020-05-01,Kings,031,150075,271,112,0,112,1
2020-05-01,Lake,033,64148,9,6,0,6,0
2020-05-01,Lassen,035,31185,3,0,2,2,0
2020-05-01,Los Angeles,037,10098052,31519,24306,23,24329,1155
2020-05-01,Madera,039,155013,99,46,1,47,2
2020-05-01,Marin,041,260295,253,242,1,243,13
2020-05-01,Mariposa,043,17540,15,10,0,10,0
2020-05-01,Mendocino,045,87422,12,11,0,11,0
2020-05-01,Merced,047,269075,209,131,0,131,3
2020-05-01,Modoc,049,8938,0,0,0,0,0
2020-05-01,Mono,051,14174,32,25,0,25,1
2020-05-01,Monterey,053,433212,284,222,0,222,5
2020-05-01,Napa,055,140530,85,69,0,69,2
2020-05-01,Nevada,057,99092,41,41,1,42,1
2020-05-01,Orange,059,3164182,4155,2660,30,2690,51
2020-05-01,Placer,061,380077,179,149,0,149,8
2020-05-01,Plumas,063,18699,4,4,0,4,0
2020-05-01,Riverside,065,2383286,5055,3893,16,3909,132
2020-05-01,Sacramento,067,1510023,1152,1081,0,1081,43
2020-05-01,San Benito,069,59416,54,49,0,49,2
2020-05-01,San Bernardino,071,2135413,2873,2084,2,2086,98
2020-05-01,San Diego,073,3302833,4778,3713,0,3713,134
2020-05-01,San Francisco,075,870044,1898,1552,0,1552,29
2020-05-01,San Joaquin,077,732212,609,554,3,557,25
2020-05-01,San Luis Obispo,079,281455,268,186,3,189,1
2020-05-01,San Mateo,081,765935,1488,1222,2,1224,52
2020-05-01,Santa Barbara,083,443738,554,499,2,501,7
2020-05-01,Santa Clara,085,1922200,2697,2176,8,2184,112
2020-05-01,Santa Cruz,087,273765,144,127,0,127,2
2020-05-01,Shasta,089,179085,40,31,0,31,4
2020-05-01,Sierra,091,2930,0,0,0,0,0
2020-05-01,Siskiyou,093,43540,5,5,0,5,0
2020-05-01,Solano,095,438530,382,266,0,266,4
2020-05-01,Sonoma,097,501317,299,242,0,242,3
2020-05-01,Stanislaus,099,539301,473,384,4,388,8
2020-05-01,Sutter,101,95872,31,28,0,28,2
2020-05-01,Tehama,103,63373,2,1,0,1,1
2020-05-01,Trinity,105,12862,1,0,0,0,0
2020-05-01,Tulare,107,460477,1196,685,6,691,32
2020-05-01,Tuolumne,109,53932,3,3,0,3,0
2020-05-01,Ventura,111,848112,749,556,1,557,18
2020-05-01,Yolo,113,214977,189,165,0,165,18
2020-05-01,Yuba,115,75493,19,16,0,16,1
2020-04-30,Alameda,001,1643700,1982,1599,2,1601,60
2020-04-30,Alpine,002,1148,1,1,0,1,0
2020-04-30,Amador,005,37829,8,8,0,8,0
2020-04-30,Butte,007,227075,29,16,2,18,0
2020-04-30,Calaveras,009,45235,13,13,0,13,0
2020-04-30,Colusa,011,21464,3,3,0,3,0
2020-04-30,Contra Costa,013,1133247,1021,900,0,900,25
2020-04-30,Del Norte,015,27424,4,3,0,3,0
2020-04-30,El Dorado,017,186661,64,44,0,44,0
2020-04-30,Fresno,019,978130,1161,562,10,572,7
2020-04-30,Glenn,021,27897,7,4,0,4,0
2020-04-30,Humboldt,023,135768,60,54,0,54,0
2020-04-30,Imperial,025,180216,578,322,0,322,6
2020-04-30,Inyo,027,18085,19,20,0,20,1
2020-04-30,Kern,029,883053,1250,941,1,942,8
2020-04-30,Kings,031,150075,259,87,0,87,1
2020-04-30,Lake,033,64148,9,6,0,6,0
2020-04-30,Lassen,035,31185,3,0,2,2,0
2020-04-30,Los Angeles,037,10098052,30510,23284,23,23307,1099
2020-04-30,Madera,039,155013,88,46,1,47,2
2020-04-30,Marin,041,260295,253,240,1,241,13
2020-04-30,Mariposa,043,17540,15,3,0,3,0
2020-04-30,Mendocino,045,87422,12,11,0,11,0
2020-04-30,Merced,047,269075,202,122,0,122,3
2020-04-30,Modoc,049,8938,0,0,0,0,0
2020-04-30,Mono,051,14174,31,25,0,25,1
2020-04-30,Monterey,053,433212,274,213,0,213,5
2020-04-30,Napa,055,140530,83,69,0,69,2
2020-04-30,Nevada,057,99092,41,41,1,42,1
2020-04-30,Orange,059,3164182,3933,2591,27,2618,46
2020-04-30,Placer,061,380077,178,148,0,148,8
2020-04-30,Plumas,063,18699,4,4,0,4,0
2020-04-30,Riverside,065,2383286,4955,3820,15,3835,124
2020-04-30,Sacramento,067,1510023,1146,1071,0,1071,43
2020-04-30,San Benito,069,59416,54,48,0,48,2
2020-04-30,San Bernardino,071,2135413,2671,2020,2,2022,96
2020-04-30,San Diego,073,3302833,4607,3566,0,3566,124
2020-04-30,San Francisco,075,870044,1864,1518,0,1518,26
2020-04-30,San Joaquin,077,732212,601,548,3,551,25
2020-04-30,San Luis Obispo,079,281455,265,182,3,185,1
2020-04-30,San Mateo,081,765935,1458,1194,2,1196,52
2020-04-30,Santa Barbara,083,443738,542,490,2,492,7
2020-04-30,Santa Clara,085,1922200,2657,2172,8,2180,111
2020-04-30,Santa Cruz,087,273765,143,126,0,126,2
2020-04-30,Shasta,089,179085,39,31,0,31,4
2020-04-30,Sierra,091,2930,0,0,0,0,0
2020-04-30,Siskiyou,093,43540,5,5,0,5,0
2020-04-30,Solano,095,438530,372,262,0,262,4
2020-04-30,Sonoma,097,501317,290,233,0,233,3
2020-04-30,Stanislaus,099,539301,466,378,4,382,7
2020-04-30,Sutter,101,95872,31,28,0,28,2
2020-04-30,Tehama,103,63373,1,1,0,1,1
2020-04-30,Trinity,105,12862,1,0,0,0,0
2020-04-30,Tulare,107,460477,1130,637,6,643,31
2020-04-30,Tuolumne,109,53932,3,3,0,3,0
2020-04-30,Ventura,111,848112,721,547,1,548,18
2020-04-30,Yolo,113,214977,188,164,0,164,16
2020-04-30,Yuba,115,75493,19,15,0,15,1
2020-04-29,Alameda,001,1643700,1924,1564,2,1566,60
2020-04-29,Alpine,002,1148,1,1,0,1,0
2020-04-29,Amador,005,37829,8,8,0,8,0
2020-04-29,Butte,007,227075,29,16,2,18,0
2020-04-29,Calaveras,009,45235,13,13,0,13,0
2020-04-29,Colusa,011,21464,3,3,0,3,0
2020-04-29,Contra Costa,013,1133247,1002,885,0,885,25
2020-04-29,Del Norte,015,27424,4,3,0,3,0
2020-04-29,El Dorado,017,186661,62,44,0,44,0
2020-04-29,Fresno,019,978130,1109,544,10,554,7
2020-04-29,Glenn,021,27897,7,4,0,4,0
2020-04-29,Humboldt,023,135768,60,53,0,53,0
2020-04-29,Imperial,025,180216,548,300,0,300,6
2020-04-29,Inyo,027,18085,19,20,0,20,1
2020-04-29,Kern,029,883053,1207,910,1,911,6
2020-04-29,Kings,031,150075,240,80,0,80,1
2020-04-29,Lake,033,64148,9,6,0,6,0
2020-04-29,Lassen,035,31185,3,0,2,2,0
2020-04-29,Los Angeles,037,10098052,29533,22560,22,22582,1043
2020-04-29,Madera,039,155013,86,45,1,46,2
2020-04-29,Marin,041,260295,250,234,1,235,13
2020-04-29,Mariposa,043,17540,15,1,0,1,0
2020-04-29,Mendocino,045,87422,12,11,0,11,0
2020-04-29,Merced,047,269075,195,116,0,116,3
2020-04-29,Modoc,049,8938,0,0,0,0,0
2020-04-29,Mono,051,14174,31,25,0,25,1
2020-04-29,Monterey,053,433212,266,204,0,204,5
2020-04-29,Napa,055,140530,81,68,0,68,2
2020-04-29,Nevada,057,99092,41,41,1,42,1
2020-04-29,Orange,059,3164182,3799,2421,26,2447,43
2020-04-29,Placer,061,380077,176,145,0,145,8
2020-04-29,Plumas,063,18699,4,4,0,4,0
2020-04-29,Riverside,065,2383286,4878,3700,15,3715,116
2020-04-29,Sacramento,067,1510023,1124,1055,0,1055,41
2020-04-29,San Benito,069,59416,54,48,0,48,2
2020-04-29,San Bernardino,071,2135413,2584,1975,1,1976,91
2020-04-29,San Diego,073,3302833,4465,3434,0,3434,120
2020-04-29,San Francisco,075,870044,1836,1489,0,1489,23
2020-04-29,San Joaquin,077,732212,593,540,3,543,25
2020-04-29,San Luis Obispo,079,281455,263,181,3,184,1
2020-04-29,San Mateo,081,765935,1432,1170,2,1172,50
2020-04-29,Santa Barbara,083,443738,529,477,2,479,7
2020-04-29,Santa Clara,085,1922200,2630,2147,8,2155,108
2020-04-29,Santa Cruz,087,273765,142,124,0,124,2
2020-04-29,Shasta,089,179085,38,31,0,31,4
2020-04-29,Sierra,091,2930,0,0,0,0,0
2020-04-29,Siskiyou,093,43540,5,5,0,5,0
2020-04-29,Solano,095,438530,333,252,0,252,3
2020-04-29,Sonoma,097,501317,282,230,0,230,2
2020-04-29,Stanislaus,099,539301,453,374,4,378,5
2020-04-29,Sutter,101,95872,31,28,0,28,2
2020-04-29,Tehama,103,63373,1,1,0,1,1
2020-04-29,Trinity,105,12862,1,0,0,0,0
2020-04-29,Tulare,107,460477,1057,615,5,620,30
2020-04-29,Tuolumne,109,53932,3,4,0,4,0
2020-04-29,Ventura,111,848112,697,530,1,531,18
2020-04-29,Yolo,113,214977,185,161,0,161,11
2020-04-29,Yuba,115,75493,19,15,0,15,1
2020-04-28,Alameda,001,1643700,1867,1525,2,1527,55
2020-04-28,Alpine,002,1148,1,1,0,1,0
2020-04-28,Amador,005,37829,8,8,0,8,0
2020-04-28,Butte,007,227075,29,16,2,18,0
2020-04-28,Calaveras,009,45235,13,13,0,13,0
2020-04-28,Colusa,011,21464,3,3,0,3,0
2020-04-28,Contra Costa,013,1133247,995,866,0,866,25
2020-04-28,Del Norte,015,27424,4,3,0,3,0
2020-04-28,El Dorado,017,186661,61,43,0,43,0
2020-04-28,Fresno,019,978130,1058,525,9,534,7
2020-04-28,Glenn,021,27897,5,4,0,4,0
2020-04-28,Humboldt,023,135768,59,53,0,53,0
2020-04-28,Imperial,025,180216,515,295,0,295,6
2020-04-28,Inyo,027,18085,19,20,0,20,1
2020-04-28,Kern,029,883053,1164,882,1,883,5
2020-04-28,Kings,031,150075,227,57,0,57,1
2020-04-28,Lake,033,64148,9,6,0,6,0
2020-04-28,Lassen,035,31185,3,0,2,2,0
2020-04-28,Los Angeles,037,10098052,28469,21029,22,21051,984
2020-04-28,Madera,039,155013,86,44,1,45,2
2020-04-28,Marin,041,260295,249,228,1,229,12
2020-04-28,Mariposa,043,17540,15,0,0,0,0
2020-04-28,Mendocino,045,87422,12,10,0,10,0
2020-04-28,Merced,047,269075,188,108,0,108,3
2020-04-28,Modoc,049,8938,0,0,0,0,0
2020-04-28,Mono,051,14174,31,25,0,25,1
2020-04-28,Monterey,053,433212,260,191,0,191,5
2020-04-28,Napa,055,140530,80,67,0,67,2
2020-04-28,Nevada,057,99092,41,41,1,42,1
2020-04-28,Orange,059,3164182,3636,2324,25,2349,42
2020-04-28,Placer,061,380077,166,143,0,143,8
2020-04-28,Plumas,063,18699,4,4,0,4,0
2020-04-28,Riverside,065,2383286,4783,3504,15,3519,113
2020-04-28,Sacramento,067,1510023,1109,1044,0,1044,41
2020-04-28,San Benito,069,59416,52,46,0,46,2
2020-04-28,San Bernardino,071,2135413,2507,1891,1,1892,89
2020-04-28,San Diego,073,3302833,4335,3316,0,3316,118
2020-04-28,San Francisco,075,870044,1801,1471,0,1471,23
2020-04-28,San Joaquin,077,732212,587,532,3,535,25
2020-04-28,San Luis Obispo,079,281455,255,172,3,175,1
2020-04-28,San Mateo,081,765935,1419,1129,2,1131,48
2020-04-28,Santa Barbara,083,443738,524,469,2,471,7
2020-04-28,Santa Clara,085,1922200,2596,2130,8,2138,106
2020-04-28,Santa Cruz,087,273765,142,123,0,123,2
2020-04-28,Shasta,089,179085,38,29,0,29,4
2020-04-28,Sierra,091,2930,0,0,0,0,0
2020-04-28,Siskiyou,093,43540,5,5,0,5,0
2020-04-28,Solano,095,438530,313,246,0,246,3
2020-04-28,Sonoma,097,501317,279,226,0,226,1
2020-04-28,Stanislaus,099,539301,437,330,4,334,5
2020-04-28,Sutter,101,95872,31,25,0,25,2
2020-04-28,Tehama,103,63373,1,1,0,1,1
2020-04-28,Trinity,105,12862,1,0,0,0,0
2020-04-28,Tulare,107,460477,960,579,5,584,30
2020-04-28,Tuolumne,109,53932,3,4,0,4,0
2020-04-28,Ventura,111,848112,677,517,1,518,17
2020-04-28,Yolo,113,214977,185,160,0,160,10
2020-04-28,Yuba,115,75493,19,15,0,15,1
2020-04-27,Alameda,001,1643700,1807,1494,2,1496,53
2020-04-27,Alpine,002,1148,1,1,0,1,0
2020-04-27,Amador,005,37829,8,8,0,8,0
2020-04-27,Butte,007,227075,28,16,2,18,0
2020-04-27,Calaveras,009,45235,13,13,0,13,0
2020-04-27,Colusa,011,21464,3,3,0,3,0
2020-04-27,Contra Costa,013,1133247,983,843,0,843,25
2020-04-27,Del Norte,015,27424,4,3,0,3,0
2020-04-27,El Dorado,017,186661,60,43,0,43,0
2020-04-27,Fresno,019,978130,956,504,8,512,7
2020-04-27,Glenn,021,27897,5,4,0,4,0
2020-04-27,Humboldt,023,135768,59,52,0,52,0
2020-04-27,Imperial,025,180216,485,290,0,290,6
2020-04-27,Inyo,027,18085,19,20,0,20,1
2020-04-27,Kern,029,883053,1125,865,1,866,4
2020-04-27,Kings,031,150075,204,48,0,48,1
2020-04-27,Lake,033,64148,8,6,0,6,0
2020-04-27,Lassen,035,31185,3,0,2,2,0
2020-04-27,Los Angeles,037,10098052,27449,20456,22,20478,931
2020-04-27,Madera,039,155013,84,42,1,43,2
2020-04-27,Marin,041,260295,244,227,1,228,12
2020-04-27,Mariposa,043,17540,14,0,0,0,0
2020-04-27,Mendocino,045,87422,12,10,0,10,0
2020-04-27,Merced,047,269075,185,108,0,108,3
2020-04-27,Modoc,049,8938,0,0,0,0,0
2020-04-27,Mono,051,14174,31,23,0,23,1
2020-04-27,Monterey,053,433212,253,185,0,185,4
2020-04-27,Napa,055,140530,77,64,0,64,2
2020-04-27,Nevada,057,99092,41,39,1,40,1
2020-04-27,Orange,059,3164182,3467,2198,25,2223,42
2020-04-27,Placer,061,380077,166,142,0,142,8
2020-04-27,Plumas,063,18699,4,4,0,4,0
2020-04-27,Riverside,065,2383286,4660,3381,15,3396,100
2020-04-27,Sacramento,067,1510023,1094,1035,0,1035,41
2020-04-27,San Benito,069,59416,50,45,0,45,2
2020-04-27,San Bernardino,071,2135413,2393,1742,1,1743,82
2020-04-27,San Diego,073,3302833,4209,3143,0,3143,113
2020-04-27,San Francisco,075,870044,1747,1453,0,1453,23
2020-04-27,San Joaquin,077,732212,581,522,3,525,25
2020-04-27,San Luis Obispo,079,281455,247,166,3,169,1
2020-04-27,San Mateo,081,765935,1397,1092,2,1094,46
2020-04-27,Santa Barbara,083,443738,516,466,2,468,7
2020-04-27,Santa Clara,085,1922200,2571,2104,7,2111,105
2020-04-27,Santa Cruz,087,273765,142,123,0,123,2
2020-04-27,Shasta,089,179085,38,29,0,29,4
2020-04-27,Sierra,091,2930,0,0,0,0,0
2020-04-27,Siskiyou,093,43540,5,5,0,5,0
2020-04-27,Solano,095,438530,313,222,0,222,3
2020-04-27,Sonoma,097,501317,270,220,0,220,1
2020-04-27,Stanislaus,099,539301,421,316,4,320,5
2020-04-27,Sutter,101,95872,29,26,0,26,2
2020-04-27,Tehama,103,63373,1,1,0,1,1
2020-04-27,Trinity,105,12862,1,0,0,0,0
2020-04-27,Tulare,107,460477,889,535,5,540,28
2020-04-27,Tuolumne,109,53932,3,3,0,3,0
2020-04-27,Ventura,111,848112,658,513,1,514,17
2020-04-27,Yolo,113,214977,182,160,0,160,9
2020-04-27,Yuba,115,75493,19,15,0,15,1
2020-04-26,Alameda,001,1643700,1746,1449,2,1451,52
2020-04-26,Alpine,002,1148,1,1,0,1,0
2020-04-26,Amador,005,37829,8,8,0,8,0
2020-04-26,Butte,007,227075,28,16,2,18,0
2020-04-26,Calaveras,009,45235,13,13,0,13,0
2020-04-26,Colusa,011,21464,3,3,0,3,0
2020-04-26,Contra Costa,013,1133247,967,830,0,830,25
2020-04-26,Del Norte,015,27424,3,3,0,3,0
2020-04-26,El Dorado,017,186661,58,41,0,41,0
2020-04-26,Fresno,019,978130,862,476,7,483,7
2020-04-26,Glenn,021,27897,5,4,0,4,0
2020-04-26,Humboldt,023,135768,59,53,0,53,0
2020-04-26,Imperial,025,180216,450,272,0,272,6
2020-04-26,Inyo,027,18085,19,20,0,20,1
2020-04-26,Kern,029,883053,1075,831,1,832,4
2020-04-26,Kings,031,150075,179,33,0,33,1
2020-04-26,Lake,033,64148,8,6,0,6,0
2020-04-26,Lassen,035,31185,3,0,2,2,0
2020-04-26,Los Angeles,037,10098052,26294,19570,22,19592,901
2020-04-26,Madera,039,155013,82,39,1,40,2
2020-04-26,Marin,041,260295,238,225,1,226,12
2020-04-26,Mariposa,043,17540,14,0,0,0,0
2020-04-26,Mendocino,045,87422,12,5,0,5,0
2020-04-26,Merced,047,269075,169,104,0,104,3
2020-04-26,Modoc,049,8938,0,0,0,0,0
2020-04-26,Mono,051,14174,31,23,0,23,1
2020-04-26,Monterey,053,433212,246,182,0,182,4
2020-04-26,Napa,055,140530,76,62,0,62,2
2020-04-26,Nevada,057,99092,41,37,1,38,1
2020-04-26,Orange,059,3164182,3302,2124,25,2149,40
2020-04-26,Placer,061,380077,165,141,0,141,8
2020-04-26,Plumas,063,18699,4,4,0,4,0
2020-04-26,Riverside,065,2383286,4517,3301,15,3316,95
2020-04-26,Sacramento,067,1510023,1085,1027,0,1027,41
2020-04-26,San Benito,069,59416,50,45,0,45,2
2020-04-26,San Bernardino,071,2135413,2297,1681,1,1682,82
2020-04-26,San Diego,073,3302833,4067,3045,0,3045,111
2020-04-26,San Francisco,075,870044,1708,1403,0,1403,23
2020-04-26,San Joaquin,077,732212,573,514,3,517,25
2020-04-26,San Luis Obispo,079,281455,244,165,3,168,1
2020-04-26,San Mateo,081,765935,1371,1070,2,1072,46
2020-04-26,Santa Barbara,083,443738,509,464,2,466,7
2020-04-26,Santa Clara,085,1922200,2548,2097,6,2103,102
2020-04-26,Santa Cruz,087,273765,142,116,0,116,2
2020-04-26,Shasta,089,179085,35,29,0,29,4
2020-04-26,Sierra,091,2930,0,0,0,0,0
2020-04-26,Siskiyou,093,43540,5,5,0,5,0
2020-04-26,Solano,095,438530,304,205,0,205,3
2020-04-26,Sonoma,097,501317,259,216,0,216,1
2020-04-26,Stanislaus,099,539301,406,294,4,298,4
2020-04-26,Sutter,101,95872,29,26,0,26,2
2020-04-26,Tehama,103,63373,1,1,0,1,1
2020-04-26,Trinity,105,12862,1,0,0,0,0
2020-04-26,Tulare,107,460477,830,497,5,502,28
2020-04-26,Tuolumne,109,53932,3,3,0,3,0
2020-04-26,Ventura,111,848112,640,509,1,510,17
2020-04-26,Yolo,113,214977,181,158,0,158,8
2020-04-26,Yuba,115,75493,18,15,0,15,1
2020-04-25,Alameda,001,1643700,1721,1396,2,1398,52
2020-04-25,Alpine,002,1148,1,1,0,1,0
2020-04-25,Amador,005,37829,8,8,0,8,0
2020-04-25,Butte,007,227075,27,16,2,18,0
2020-04-25,Calaveras,009,45235,13,12,0,12,0
2020-04-25,Colusa,011,21464,3,3,0,3,0
2020-04-25,Contra Costa,013,1133247,953,821,0,821,24
2020-04-25,Del Norte,015,27424,2,2,0,2,0
2020-04-25,El Dorado,017,186661,57,41,0,41,0
2020-04-25,Fresno,019,978130,830,459,6,465,7
2020-04-25,Glenn,021,27897,5,4,0,4,0
2020-04-25,Humboldt,023,135768,59,53,0,53,0
2020-04-25,Imperial,025,180216,433,232,0,232,6
2020-04-25,Inyo,027,18085,19,20,0,20,1
2020-04-25,Kern,029,883053,1044,802,1,803,4
2020-04-25,Kings,031,150075,167,33,0,33,1
2020-04-25,Lake,033,64148,6,6,0,6,0
2020-04-25,Lassen,035,31185,3,0,2,2,0
2020-04-25,Los Angeles,037,10098052,25661,19144,22,19166,881
2020-04-25,Madera,039,155013,79,39,1,40,2
2020-04-25,Marin,041,260295,238,215,1,216,12
2020-04-25,Mariposa,043,17540,14,0,0,0,0
2020-04-25,Mendocino,045,87422,11,5,0,5,0
2020-04-25,Merced,047,269075,167,103,0,103,3
2020-04-25,Modoc,049,8938,0,0,0,0,0
2020-04-25,Mono,051,14174,31,23,0,23,1
2020-04-25,Monterey,053,433212,244,173,0,173,4
2020-04-25,Napa,055,140530,76,60,0,60,2
2020-04-25,Nevada,057,99092,41,37,1,38,1
2020-04-25,Orange,059,3164182,3194,2047,25,2072,40
2020-04-25,Placer,061,380077,165,137,0,137,8
2020-04-25,Plumas,063,18699,4,4,0,4,0
2020-04-25,Riverside,065,2383286,4427,3037,15,3052,93
2020-04-25,Sacramento,067,1510023,1083,1015,0,1015,41
2020-04-25,San Benito,069,59416,50,45,0,45,2
2020-04-25,San Bernardino,071,2135413,2251,1675,1,1676,82
2020-04-25,San Diego,073,3302833,3966,2945,0,2945,111
2020-04-25,San Francisco,075,870044,1683,1341,0,1341,22
2020-04-25,San Joaquin,077,732212,566,497,3,500,24
2020-04-25,San Luis Obispo,079,281455,243,159,3,162,1
2020-04-25,San Mateo,081,765935,1353,1054,2,1056,46
2020-04-25,Santa Barbara,083,443738,502,457,2,459,7
2020-04-25,Santa Clara,085,1922200,2526,2045,5,2050,99
2020-04-25,Santa Cruz,087,273765,142,112,0,112,2
2020-04-25,Shasta,089,179085,35,29,0,29,4
2020-04-25,Sierra,091,2930,0,0,0,0,0
2020-04-25,Siskiyou,093,43540,5,5,0,5,0
2020-04-25,Solano,095,438530,300,203,0,203,3
2020-04-25,Sonoma,097,501317,254,199,0,199,1
2020-04-25,Stanislaus,099,539301,398,276,4,280,4
2020-04-25,Sutter,101,95872,29,24,0,24,2
2020-04-25,Tehama,103,63373,1,1,0,1,1
2020-04-25,Trinity,105,12862,0,0,0,0,0
2020-04-25,Tulare,107,460477,797,478,5,483,28
2020-04-25,Tuolumne,109,53932,3,2,0,2,0
2020-04-25,Ventura,111,848112,626,494,1,495,16
2020-04-25,Yolo,113,214977,181,157,0,157,8
2020-04-25,Yuba,115,75493,17,15,0,15,1
2020-04-24,Alameda,001,1643700,1690,1385,2,1387,50
2020-04-24,Alpine,002,1148,1,1,0,1,0
2020-04-24,Amador,005,37829,8,8,0,8,0
2020-04-24,Butte,007,227075,26,15,2,17,0
2020-04-24,Calaveras,009,45235,13,12,0,12,0
2020-04-24,Colusa,011,21464,3,3,0,3,0
2020-04-24,Contra Costa,013,1133247,944,806,0,806,23
2020-04-24,Del Norte,015,27424,2,2,0,2,0
2020-04-24,El Dorado,017,186661,56,41,0,41,0
2020-04-24,Fresno,019,978130,807,449,6,455,7
2020-04-24,Glenn,021,27897,5,4,0,4,0
2020-04-24,Humboldt,023,135768,59,53,0,53,0
2020-04-24,Imperial,025,180216,416,232,0,232,6
2020-04-24,Inyo,027,18085,19,20,0,20,0
2020-04-24,Kern,029,883053,1020,770,1,771,4
2020-04-24,Kings,031,150075,138,30,0,30,1
2020-04-24,Lake,033,64148,6,6,0,6,0
2020-04-24,Lassen,035,31185,3,0,2,2,0
2020-04-24,Los Angeles,037,10098052,24731,18553,22,18575,836
2020-04-24,Madera,039,155013,79,39,1,40,2
2020-04-24,Marin,041,260295,238,211,1,212,11
2020-04-24,Mariposa,043,17540,8,0,0,0,0
2020-04-24,Mendocino,045,87422,11,5,0,5,0
2020-04-24,Merced,047,269075,164,102,0,102,3
2020-04-24,Modoc,049,8938,0,0,0,0,0
2020-04-24,Mono,051,14174,30,23,0,23,1
2020-04-24,Monterey,053,433212,237,167,0,167,4
2020-04-24,Napa,055,140530,75,59,0,59,2
2020-04-24,Nevada,057,99092,41,36,1,37,1
2020-04-24,Orange,059,3164182,3087,1945,25,1970,39
2020-04-24,Placer,061,380077,163,137,0,137,8
2020-04-24,Plumas,063,18699,4,4,0,4,0
2020-04-24,Riverside,065,2383286,4346,3044,15,3059,87
2020-04-24,Sacramento,067,1510023,1077,1009,0,1009,41
2020-04-24,San Benito,069,59416,50,45,0,45,2
2020-04-24,San Bernardino,071,2135413,2216,1667,1,1668,80
2020-04-24,San Diego,073,3302833,3855,2828,0,2828,102
2020-04-24,San Francisco,075,870044,1625,1345,0,1345,22
2020-04-24,San Joaquin,077,732212,559,484,3,487,24
2020-04-24,San Luis Obispo,079,281455,240,151,3,154,1
2020-04-24,San Mateo,081,765935,1330,1004,2,1006,43
2020-04-24,Santa Barbara,083,443738,496,450,2,452,6
2020-04-24,Santa Clara,085,1922200,2484,2026,5,2031,98
2020-04-24,Santa Cruz,087,273765,138,111,0,111,2
2020-04-24,Shasta,089,179085,35,28,0,28,4
2020-04-24,Sierra,091,2930,0,0,0,0,0
2020-04-24,Siskiyou,093,43540,5,5,0,5,0
2020-04-24,Solano,095,438530,297,203,0,203,3
2020-04-24,Sonoma,097,501317,250,199,0,199,1
2020-04-24,Stanislaus,099,539301,395,273,4,277,4
2020-04-24,Sutter,101,95872,28,24,0,24,2
2020-04-24,Tehama,103,63373,1,1,0,1,1
2020-04-24,Trinity,105,12862,0,0,0,0,0
2020-04-24,Tulare,107,460477,769,459,5,464,27
2020-04-24,Tuolumne,109,53932,3,2,0,2,0
2020-04-24,Ventura,111,848112,616,489,1,490,16
2020-04-24,Yolo,113,214977,180,155,0,155,8
2020-04-24,Yuba,115,75493,16,15,0,15,1
2020-04-23,Alameda,001,1643700,1652,1336,2,1338,46
2020-04-23,Alpine,002,1148,1,1,0,1,0
2020-04-23,Amador,005,37829,8,8,0,8,0
2020-04-23,Butte,007,227075,26,15,2,17,0
2020-04-23,Calaveras,009,45235,13,12,0,12,0
2020-04-23,Colusa,011,21464,3,3,0,3,0
2020-04-23,Contra Costa,013,1133247,923,786,0,786,23
2020-04-23,Del Norte,015,27424,2,2,0,2,0
2020-04-23,El Dorado,017,186661,55,39,0,39,0
2020-04-23,Fresno,019,978130,770,426,6,432,7
2020-04-23,Glenn,021,27897,5,3,0,3,0
2020-04-23,Humboldt,023,135768,59,53,0,53,0
2020-04-23,Imperial,025,180216,397,181,0,181,4
2020-04-23,Inyo,027,18085,19,19,0,19,0
2020-04-23,Kern,029,883053,972,732,1,733,4
2020-04-23,Kings,031,150075,123,28,0,28,1
2020-04-23,Lake,033,64148,6,6,0,6,0
2020-04-23,Lassen,035,31185,3,0,2,2,0
2020-04-23,Los Angeles,037,10098052,23669,17548,21,17569,784
2020-04-23,Madera,039,155013,77,37,1,38,2
2020-04-23,Marin,041,260295,225,209,1,210,11
2020-04-23,Mariposa,043,17540,7,0,0,0,0
2020-04-23,Mendocino,045,87422,9,5,0,5,0
2020-04-23,Merced,047,269075,160,98,0,98,3
2020-04-23,Modoc,049,8938,0,0,0,0,0
2020-04-23,Mono,051,14174,30,23,0,23,1
2020-04-23,Monterey,053,433212,233,161,0,161,4
2020-04-23,Napa,055,140530,68,59,0,59,2
2020-04-23,Nevada,057,99092,41,36,1,37,1
2020-04-23,Orange,059,3164182,2908,1841,24,1865,37
2020-04-23,Placer,061,380077,160,136,0,136,8
2020-04-23,Plumas,063,18699,4,4,0,4,0
2020-04-23,Riverside,065,2383286,4232,2935,14,2949,78
2020-04-23,Sacramento,067,1510023,1065,978,0,978,41
2020-04-23,San Benito,069,59416,47,43,0,43,2
2020-04-23,San Bernardino,071,2135413,2151,1604,1,1605,79
2020-04-23,San Diego,073,3302833,3694,2645,0,2645,100
2020-04-23,San Francisco,075,870044,1600,1312,0,1312,21
2020-04-23,San Joaquin,077,732212,549,479,3,482,20
2020-04-23,San Luis Obispo,079,281455,236,146,3,149,1
2020-04-23,San Mateo,081,765935,1291,970,2,972,42
2020-04-23,Santa Barbara,083,443738,490,445,2,447,6
2020-04-23,Santa Clara,085,1922200,2449,1996,5,2001,95
2020-04-23,Santa Cruz,087,273765,137,110,0,110,2
2020-04-23,Shasta,089,179085,35,27,0,27,3
2020-04-23,Sierra,091,2930,0,0,0,0,0
2020-04-23,Siskiyou,093,43540,5,5,0,5,0
2020-04-23,Solano,095,438530,277,196,0,196,3
2020-04-23,Sonoma,097,501317,238,187,0,187,1
2020-04-23,Stanislaus,099,539301,391,254,4,258,4
2020-04-23,Sutter,101,95872,28,24,0,24,2
2020-04-23,Tehama,103,63373,1,1,0,1,1
2020-04-23,Trinity,105,12862,0,0,0,0,0
2020-04-23,Tulare,107,460477,740,440,5,445,25
2020-04-23,Tuolumne,109,53932,3,2,0,2,0
2020-04-23,Ventura,111,848112,602,479,1,480,16
2020-04-23,Yolo,113,214977,177,151,0,151,8
2020-04-23,Yuba,115,75493,16,15,0,15,1
2020-04-22,Alameda,001,1643700,1603,1275,2,1277,46
2020-04-22,Alpine,002,1148,1,1,0,1,0
2020-04-22,Amador,005,37829,8,7,0,7,0
2020-04-22,Butte,007,227075,25,15,2,17,0
2020-04-22,Calaveras,009,45235,13,12,0,12,0
2020-04-22,Colusa,011,21464,3,3,0,3,0
2020-04-22,Contra Costa,013,1133247,908,772,0,772,22
2020-04-22,Del Norte,015,27424,2,2,0,2,0
2020-04-22,El Dorado,017,186661,55,39,0,39,0
2020-04-22,Fresno,019,978130,730,388,6,394,7
2020-04-22,Glenn,021,27897,5,3,0,3,0
2020-04-22,Humboldt,023,135768,59,53,0,53,0
2020-04-22,Imperial,025,180216,386,170,0,170,3
2020-04-22,Inyo,027,18085,19,18,0,18,0
2020-04-22,Kern,029,883053,950,713,1,714,4
2020-04-22,Kings,031,150075,102,28,0,28,1
2020-04-22,Lake,033,64148,6,6,0,6,0
2020-04-22,Lassen,035,31185,3,0,2,2,0
2020-04-22,Los Angeles,037,10098052,22643,16400,21,16421,715
2020-04-22,Madera,039,155013,75,37,1,38,2
2020-04-22,Marin,041,260295,223,202,1,203,11
2020-04-22,Mariposa,043,17540,6,0,0,0,0
2020-04-22,Mendocino,045,87422,6,5,0,5,0
2020-04-22,Merced,047,269075,146,92,0,92,3
2020-04-22,Modoc,049,8938,0,0,0,0,0
2020-04-22,Mono,051,14174,29,23,0,23,1
2020-04-22,Monterey,053,433212,226,154,0,154,4
2020-04-22,Napa,055,140530,67,58,0,58,2
2020-04-22,Nevada,057,99092,41,36,1,37,1
2020-04-22,Orange,059,3164182,2814,1785,23,1808,36
2020-04-22,Placer,061,380077,158,133,0,133,8
2020-04-22,Plumas,063,18699,4,4,0,4,0
2020-04-22,Riverside,065,2383286,4128,2822,14,2836,76
2020-04-22,Sacramento,067,1510023,1060,959,0,959,36
2020-04-22,San Benito,069,59416,46,43,0,43,2
2020-04-22,San Bernardino,071,2135413,2088,1564,1,1565,74
2020-04-22,San Diego,073,3302833,3566,2493,0,2493,96
2020-04-22,San Francisco,075,870044,1563,1255,0,1255,21
2020-04-22,San Joaquin,077,732212,538,462,3,465,20
2020-04-22,San Luis Obispo,079,281455,227,142,3,145,1
2020-04-22,San Mateo,081,765935,1268,945,2,947,40
2020-04-22,Santa Barbara,083,443738,485,437,2,439,6
2020-04-22,Santa Clara,085,1922200,2433,1969,5,1974,95
2020-04-22,Santa Cruz,087,273765,133,106,0,106,2
2020-04-22,Shasta,089,179085,34,26,0,26,3
2020-04-22,Sierra,091,2930,0,0,0,0,0
2020-04-22,Siskiyou,093,43540,5,5,0,5,0
2020-04-22,Solano,095,438530,256,195,0,195,3
2020-04-22,Sonoma,097,501317,235,185,0,185,1
2020-04-22,Stanislaus,099,539301,334,247,4,251,4
2020-04-22,Sutter,101,95872,28,22,0,22,2
2020-04-22,Tehama,103,63373,1,1,0,1,1
2020-04-22,Trinity,105,12862,0,0,0,0,0
2020-04-22,Tulare,107,460477,706,425,5,430,23
2020-04-22,Tuolumne,109,53932,3,2,0,2,0
2020-04-22,Ventura,111,848112,591,465,1,466,15
2020-04-22,Yolo,113,214977,176,147,0,147,8
2020-04-22,Yuba,115,75493,16,15,0,15,1
2020-04-21,Alameda,001,1643700,1573,1234,2,1236,46
2020-04-21,Alpine,002,1148,1,1,0,1,0
2020-04-21,Amador,005,37829,8,7,0,7,0
2020-04-21,Butte,007,227075,24,15,2,17,0
2020-04-21,Calaveras,009,45235,12,12,0,12,0
2020-04-21,Colusa,011,21464,3,3,0,3,0
2020-04-21,Contra Costa,013,1133247,894,766,0,766,22
2020-04-21,Del Norte,015,27424,2,2,0,2,0
2020-04-21,El Dorado,017,186661,54,36,0,36,0
2020-04-21,Fresno,019,978130,696,372,6,378,7
2020-04-21,Glenn,021,27897,5,3,0,3,0
2020-04-21,Humboldt,023,135768,58,53,0,53,0
2020-04-21,Imperial,025,180216,366,165,0,165,2
2020-04-21,Inyo,027,18085,19,18,0,18,0
2020-04-21,Kern,029,883053,908,676,1,677,4
2020-04-21,Kings,031,150075,88,28,0,28,1
2020-04-21,Lake,033,64148,6,6,0,6,0
2020-04-21,Lassen,035,31185,3,0,2,2,0
2020-04-21,Los Angeles,037,10098052,21780,15096,21,15117,650
2020-04-21,Madera,039,155013,75,37,1,38,2
2020-04-21,Marin,041,260295,217,202,1,203,10
2020-04-21,Mariposa,043,17540,5,0,0,0,0
2020-04-21,Mendocino,045,87422,6,5,0,5,0
2020-04-21,Merced,047,269075,142,89,0,89,3
2020-04-21,Modoc,049,8938,0,0,0,0,0
2020-04-21,Mono,051,14174,29,23,0,23,1
2020-04-21,Monterey,053,433212,223,151,0,151,4
2020-04-21,Napa,055,140530,66,58,0,58,2
2020-04-21,Nevada,057,99092,41,36,1,37,1
2020-04-21,Orange,059,3164182,2691,1717,22,1739,36
2020-04-21,Placer,061,380077,156,133,0,133,8
2020-04-21,Plumas,063,18699,4,4,0,4,0
2020-04-21,Riverside,065,2383286,3995,2631,14,2645,68
2020-04-21,Sacramento,067,1510023,1050,941,0,941,33
2020-04-21,San Benito,069,59416,44,43,0,43,2
2020-04-21,San Bernardino,071,2135413,2028,1499,1,1500,71
2020-04-21,San Diego,073,3302833,3410,2436,0,2436,87
2020-04-21,San Francisco,075,870044,1533,1232,0,1232,20
2020-04-21,San Joaquin,077,732212,528,447,3,450,20
2020-04-21,San Luis Obispo,079,281455,219,134,3,137,1
2020-04-21,San Mateo,081,765935,1222,933,2,935,34
2020-04-21,Santa Barbara,083,443738,476,414,2,416,5
2020-04-21,Santa Clara,085,1922200,2383,1943,5,1948,91
2020-04-21,Santa Cruz,087,273765,131,104,0,104,2
2020-04-21,Shasta,089,179085,33,26,0,26,3
2020-04-21,Sierra,091,2930,0,0,0,0,0
2020-04-21,Siskiyou,093,43540,5,5,0,5,0
2020-04-21,Solano,095,438530,248,193,0,193,3
2020-04-21,Sonoma,097,501317,225,182,0,182,1
2020-04-21,Stanislaus,099,539301,315,235,4,239,4
2020-04-21,Sutter,101,95872,28,22,0,22,2
2020-04-21,Tehama,103,63373,1,1,0,1,1
2020-04-21,Trinity,105,12862,0,0,0,0,0
2020-04-21,Tulare,107,460477,669,410,5,415,23
2020-04-21,Tuolumne,109,53932,3,2,0,2,0
2020-04-21,Ventura,111,848112,579,455,1,456,14
2020-04-21,Yolo,113,214977,174,143,0,143,8
2020-04-21,Yuba,115,75493,16,15,0,15,1
2020-04-20,Alameda,001,1643700,1540,1181,2,1183,42
2020-04-20,Alpine,002,1148,1,1,0,1,0
2020-04-20,Amador,005,37829,8,7,0,7,0
2020-04-20,Butte,007,227075,23,15,2,17,0
2020-04-20,Calaveras,009,45235,12,12,0,12,0
2020-04-20,Colusa,011,21464,3,3,0,3,0
2020-04-20,Contra Costa,013,1133247,884,753,0,753,22
2020-04-20,Del Norte,015,27424,2,2,0,2,0
2020-04-20,El Dorado,017,186661,54,36,0,36,0
2020-04-20,Fresno,019,978130,678,356,6,362,7
2020-04-20,Glenn,021,27897,4,3,0,3,0
2020-04-20,Humboldt,023,135768,58,53,0,53,0
2020-04-20,Imperial,025,180216,347,149,0,149,2
2020-04-20,Inyo,027,18085,19,17,0,17,0
2020-04-20,Kern,029,883053,876,651,1,652,3
2020-04-20,Kings,031,150075,77,19,0,19,1
2020-04-20,Lake,033,64148,6,6,0,6,0
2020-04-20,Lassen,035,31185,3,0,2,2,0
2020-04-20,Los Angeles,037,10098052,20869,13787,20,13807,608
2020-04-20,Madera,039,155013,74,35,1,36,2
2020-04-20,Marin,041,260295,213,200,1,201,10
2020-04-20,Mariposa,043,17540,5,0,0,0,0
2020-04-20,Mendocino,045,87422,6,5,0,5,0
2020-04-20,Merced,047,269075,135,88,0,88,3
2020-04-20,Modoc,049,8938,0,0,0,0,0
2020-04-20,Mono,051,14174,29,23,0,23,1
2020-04-20,Monterey,053,433212,214,147,0,147,4
2020-04-20,Napa,055,140530,66,55,0,55,2
2020-04-20,Nevada,057,99092,41,34,1,35,1
2020-04-20,Orange,059,3164182,2607,1679,22,1701,33
2020-04-20,Placer,061,380077,155,132,0,132,8
2020-04-20,Plumas,063,18699,4,4,0,4,0
2020-04-20,Riverside,065,2383286,3870,2477,14,2491,61
2020-04-20,Sacramento,067,1510023,1040,924,0,924,32
2020-04-20,San Benito,069,59416,44,43,0,43,2
2020-04-20,San Bernardino,071,2135413,1941,1344,1,1345,63
2020-04-20,San Diego,073,3302833,3268,2327,0,2327,72
2020-04-20,San Francisco,075,870044,1501,1223,0,1223,19
2020-04-20,San Joaquin,077,732212,524,422,3,425,17
2020-04-20,San Luis Obispo,079,281455,205,132,3,135,1
2020-04-20,San Mateo,081,765935,1199,890,2,892,31
2020-04-20,Santa Barbara,083,443738,469,388,2,390,4
2020-04-20,Santa Clara,085,1922200,2352,1920,5,1925,84
2020-04-20,Santa Cruz,087,273765,129,102,0,102,2
2020-04-20,Shasta,089,179085,33,26,0,26,3
2020-04-20,Sierra,091,2930,0,0,0,0,0
2020-04-20,Siskiyou,093,43540,5,5,0,5,0
2020-04-20,Solano,095,438530,244,185,0,185,2
2020-04-20,Sonoma,097,501317,217,178,0,178,1
2020-04-20,Stanislaus,099,539301,301,228,4,232,3
2020-04-20,Sutter,101,95872,27,22,0,22,2
2020-04-20,Tehama,103,63373,1,1,0,1,1
2020-04-20,Trinity,105,12862,0,0,0,0,0
2020-04-20,Tulare,107,460477,659,401,5,406,20
2020-04-20,Tuolumne,109,53932,3,2,0,2,0
2020-04-20,Ventura,111,848112,565,426,1,427,13
2020-04-20,Yolo,113,214977,173,125,0,125,5
2020-04-20,Yuba,115,75493,16,15,0,15,1
2020-04-19,Alameda,001,1643700,1490,1134,2,1136,41
2020-04-19,Alpine,002,1148,1,1,0,1,0
2020-04-19,Amador,005,37829,7,7,0,7,0
2020-04-19,Butte,007,227075,22,15,2,17,0
2020-04-19,Calaveras,009,45235,12,12,0,12,0
2020-04-19,Colusa,011,21464,3,3,0,3,0
2020-04-19,Contra Costa,013,1133247,868,731,0,731,20
2020-04-19,Del Norte,015,27424,2,2,0,2,0
2020-04-19,El Dorado,017,186661,54,36,0,36,0
2020-04-19,Fresno,019,978130,642,326,6,332,7
2020-04-19,Glenn,021,27897,4,3,0,3,0
2020-04-19,Humboldt,023,135768,58,53,0,53,0
2020-04-19,Imperial,025,180216,319,144,0,144,2
2020-04-19,Inyo,027,18085,19,17,0,17,0
2020-04-19,Kern,029,883053,851,629,1,630,3
2020-04-19,Kings,031,150075,67,17,0,17,1
2020-04-19,Lake,033,64148,6,6,0,6,0
2020-04-19,Lassen,035,31185,3,0,2,2,0
2020-04-19,Los Angeles,037,10098052,19862,12299,20,12319,589
2020-04-19,Madera,039,155013,72,34,1,35,2
2020-04-19,Marin,041,260295,212,194,1,195,10
2020-04-19,Mariposa,043,17540,2,0,0,0,0
2020-04-19,Mendocino,045,87422,6,4,0,4,0
2020-04-19,Merced,047,269075,130,85,0,85,3
2020-04-19,Modoc,049,8938,0,0,0,0,0
2020-04-19,Mono,051,14174,29,23,0,23,1
2020-04-19,Monterey,053,433212,205,140,0,140,4
2020-04-19,Napa,055,140530,64,49,0,49,2
2020-04-19,Nevada,057,99092,40,34,1,35,1
2020-04-19,Orange,059,3164182,2510,1591,21,1612,32
2020-04-19,Placer,061,380077,154,131,0,131,8
2020-04-19,Plumas,063,18699,4,4,0,4,0
2020-04-19,Riverside,065,2383286,3727,2316,14,2330,56
2020-04-19,Sacramento,067,1510023,1013,912,0,912,32
2020-04-19,San Benito,069,59416,42,40,0,40,2
2020-04-19,San Bernardino,071,2135413,1878,1262,1,1263,58
2020-04-19,San Diego,073,3302833,3101,2270,0,2270,71
2020-04-19,San Francisco,075,870044,1468,1153,0,1153,19
2020-04-19,San Joaquin,077,732212,506,404,3,407,17
2020-04-19,San Luis Obispo,079,281455,200,132,3,135,1
2020-04-19,San Mateo,081,765935,1163,845,2,847,31
2020-04-19,Santa Barbara,083,443738,462,377,2,379,3
2020-04-19,Santa Clara,085,1922200,2307,1878,5,1883,81
2020-04-19,Santa Cruz,087,273765,126,98,0,98,2
2020-04-19,Shasta,089,179085,31,26,0,26,3
2020-04-19,Sierra,091,2930,0,0,0,0,0
2020-04-19,Siskiyou,093,43540,5,5,0,5,0
2020-04-19,Solano,095,438530,233,174,0,174,2
2020-04-19,Sonoma,097,501317,211,172,0,172,1
2020-04-19,Stanislaus,099,539301,293,221,4,225,3
2020-04-19,Sutter,101,95872,26,21,0,21,2
2020-04-19,Tehama,103,63373,1,1,0,1,1
2020-04-19,Trinity,105,12862,0,0,0,0,0
2020-04-19,Tulare,107,460477,613,391,5,396,17
2020-04-19,Tuolumne,109,53932,3,2,0,2,0
2020-04-19,Ventura,111,848112,557,418,1,419,13
2020-04-19,Yolo,113,214977,173,120,0,120,5
2020-04-19,Yuba,115,75493,16,15,0,15,1
2020-04-18,Alameda,001,1643700,1465,1085,2,1087,40
2020-04-18,Alpine,002,1148,1,1,0,1,0
2020-04-18,Amador,005,37829,7,7,0,7,0
2020-04-18,Butte,007,227075,21,15,2,17,0
2020-04-18,Calaveras,009,45235,12,12,0,12,0
2020-04-18,Colusa,011,21464,3,3,0,3,0
2020-04-18,Contra Costa,013,1133247,856,721,0,721,17
2020-04-18,Del Norte,015,27424,2,2,0,2,0
2020-04-18,El Dorado,017,186661,54,36,0,36,0
2020-04-18,Fresno,019,978130,621,319,6,325,7
2020-04-18,Glenn,021,27897,4,3,0,3,0
2020-04-18,Humboldt,023,135768,58,52,0,52,0
2020-04-18,Imperial,025,180216,309,137,0,137,2
2020-04-18,Inyo,027,18085,19,17,0,17,0
2020-04-18,Kern,029,883053,829,626,1,627,3
2020-04-18,Kings,031,150075,66,17,0,17,1
2020-04-18,Lake,033,64148,6,6,0,6,0
2020-04-18,Lassen,035,31185,3,0,2,2,0
2020-04-18,Los Angeles,037,10098052,19333,11984,20,12004,566
2020-04-18,Madera,039,155013,71,34,1,35,2
2020-04-18,Marin,041,260295,210,193,1,194,10
2020-04-18,Mariposa,043,17540,2,0,0,0,0
2020-04-18,Mendocino,045,87422,6,4,0,4,0
2020-04-18,Merced,047,269075,128,82,0,82,3
2020-04-18,Modoc,049,8938,0,0,0,0,0
2020-04-18,Mono,051,14174,29,22,0,22,1
2020-04-18,Monterey,053,433212,201,135,0,135,3
2020-04-18,Napa,055,140530,64,49,0,49,2
2020-04-18,Nevada,057,99092,39,34,1,35,1
2020-04-18,Orange,059,3164182,2445,1569,20,1589,32
2020-04-18,Placer,061,380077,152,130,0,130,8
2020-04-18,Plumas,063,18699,4,4,0,4,0
2020-04-18,Riverside,065,2383286,3652,2257,14,2271,56
2020-04-18,Sacramento,067,1510023,1001,901,0,901,32
2020-04-18,San Benito,069,59416,42,40,0,40,2
2020-04-18,San Bernardino,071,2135413,1833,1255,1,1256,58
2020-04-18,San Diego,073,3302833,2999,2215,0,2215,71
2020-04-18,San Francisco,075,870044,1429,1144,0,1144,19
2020-04-18,San Joaquin,077,732212,497,392,3,395,17
2020-04-18,San Luis Obispo,079,281455,196,129,3,132,1
2020-04-18,San Mateo,081,765935,1141,821,2,823,31
2020-04-18,Santa Barbara,083,443738,456,372,2,374,3
2020-04-18,Santa Clara,085,1922200,2274,1862,5,1867,79
2020-04-18,Santa Cruz,087,273765,124,96,0,96,2
2020-04-18,Shasta,089,179085,31,26,0,26,3
2020-04-18,Sierra,091,2930,0,0,0,0,0
2020-04-18,Siskiyou,093,43540,5,5,0,5,0
2020-04-18,Solano,095,438530,229,175,0,175,2
2020-04-18,Sonoma,097,501317,207,168,0,168,1
2020-04-18,Stanislaus,099,539301,285,216,4,220,3
2020-04-18,Sutter,101,95872,26,21,0,21,2
2020-04-18,Tehama,103,63373,1,1,0,1,1
2020-04-18,Trinity,105,12862,0,0,0,0,0
2020-04-18,Tulare,107,460477,602,385,5,390,17
2020-04-18,Tuolumne,109,53932,3,2,0,2,0
2020-04-18,Ventura,111,848112,549,416,1,417,13
2020-04-18,Yolo,113,214977,171,118,0,118,5
2020-04-18,Yuba,115,75493,16,14,0,14,1
2020-04-17,Alameda,001,1643700,1410,1043,1,1044,40
2020-04-17,Alpine,002,1148,1,1,0,1,0
2020-04-17,Amador,005,37829,7,7,0,7,0
2020-04-17,Butte,007,227075,21,15,2,17,0
2020-04-17,Calaveras,009,45235,12,11,0,11,0
2020-04-17,Colusa,011,21464,3,3,0,3,0
2020-04-17,Contra Costa,013,1133247,845,687,0,687,15
2020-04-17,Del Norte,015,27424,2,2,0,2,0
2020-04-17,El Dorado,017,186661,54,35,0,35,0
2020-04-17,Fresno,019,978130,599,315,6,321,7
2020-04-17,Glenn,021,27897,4,3,0,3,0
2020-04-17,Humboldt,023,135768,57,52,0,52,0
2020-04-17,Imperial,025,180216,300,135,0,135,2
2020-04-17,Inyo,027,18085,19,17,0,17,0
2020-04-17,Kern,029,883053,809,612,1,613,3
2020-04-17,Kings,031,150075,64,15,0,15,1
2020-04-17,Lake,033,64148,6,6,0,6,0
2020-04-17,Lassen,035,31185,3,0,2,2,0
2020-04-17,Los Angeles,037,10098052,18693,11354,20,11374,489
2020-04-17,Madera,039,155013,71,34,1,35,2
2020-04-17,Marin,041,260295,207,189,1,190,10
2020-04-17,Mariposa,043,17540,1,0,0,0,0
2020-04-17,Mendocino,045,87422,6,4,0,4,0
2020-04-17,Merced,047,269075,127,80,0,80,3
2020-04-17,Modoc,049,8938,0,0,0,0,0
2020-04-17,Mono,051,14174,29,22,0,22,1
2020-04-17,Monterey,053,433212,196,119,0,119,3
2020-04-17,Napa,055,140530,62,46,0,46,2
2020-04-17,Nevada,057,99092,38,34,1,35,1
2020-04-17,Orange,059,3164182,2394,1496,20,1516,31
2020-04-17,Placer,061,380077,152,130,0,130,8
2020-04-17,Plumas,063,18699,4,4,0,4,0
2020-04-17,Riverside,065,2383286,3525,2080,14,2094,50
2020-04-17,Sacramento,067,1510023,994,882,0,882,32
2020-04-17,San Benito,069,59416,42,38,0,38,2
2020-04-17,San Bernardino,071,2135413,1794,1229,1,1230,57
2020-04-17,San Diego,073,3302833,2909,2160,0,2160,70
2020-04-17,San Francisco,075,870044,1404,1090,0,1090,19
2020-04-17,San Joaquin,077,732212,486,356,3,359,17
2020-04-17,San Luis Obispo,079,281455,189,116,3,119,1
2020-04-17,San Mateo,081,765935,1125,768,2,770,31
2020-04-17,Santa Barbara,083,443738,451,349,2,351,3
2020-04-17,Santa Clara,085,1922200,2238,1834,5,1839,74
2020-04-17,Santa Cruz,087,273765,123,94,0,94,2
2020-04-17,Shasta,089,179085,31,26,0,26,3
2020-04-17,Sierra,091,2930,0,0,0,0,0
2020-04-17,Siskiyou,093,43540,5,5,0,5,0
2020-04-17,Solano,095,438530,228,173,0,173,2
2020-04-17,Sonoma,097,501317,204,167,0,167,1
2020-04-17,Stanislaus,099,539301,283,201,4,205,3
2020-04-17,Sutter,101,95872,26,20,0,20,2
2020-04-17,Tehama,103,63373,1,1,0,1,1
2020-04-17,Trinity,105,12862,0,0,0,0,0
2020-04-17,Tulare,107,460477,595,370,5,375,17
2020-04-17,Tuolumne,109,53932,3,2,0,2,0
2020-04-17,Ventura,111,848112,544,398,1,399,13
2020-04-17,Yolo,113,214977,170,117,0,117,5
2020-04-17,Yuba,115,75493,16,14,0,14,1
2020-04-16,Alameda,001,1643700,1377,981,1,982,39
2020-04-16,Alpine,002,1148,1,1,0,1,0
2020-04-16,Amador,005,37829,7,7,0,7,0
2020-04-16,Butte,007,227075,20,15,2,17,0
2020-04-16,Calaveras,009,45235,12,10,0,10,0
2020-04-16,Colusa,011,21464,3,3,0,3,0
2020-04-16,Contra Costa,013,1133247,831,675,0,675,14
2020-04-16,Del Norte,015,27424,2,2,0,2,0
2020-04-16,El Dorado,017,186661,53,34,0,34,0
2020-04-16,Fresno,019,978130,569,289,6,295,7
2020-04-16,Glenn,021,27897,4,3,0,3,0
2020-04-16,Humboldt,023,135768,57,47,0,47,0
2020-04-16,Imperial,025,180216,285,132,0,132,2
2020-04-16,Inyo,027,18085,17,17,0,17,0
2020-04-16,Kern,029,883053,782,587,1,588,3
2020-04-16,Kings,031,150075,60,12,0,12,1
2020-04-16,Lake,033,64148,6,6,0,6,0
2020-04-16,Lassen,035,31185,3,0,2,2,0
2020-04-16,Los Angeles,037,10098052,17802,10786,20,10806,447
2020-04-16,Madera,039,155013,69,34,1,35,2
2020-04-16,Marin,041,260295,203,170,1,171,10
2020-04-16,Mariposa,043,17540,1,1,0,1,0
2020-04-16,Mendocino,045,87422,6,4,0,4,0
2020-04-16,Merced,047,269075,121,76,0,76,3
2020-04-16,Modoc,049,8938,0,0,0,0,0
2020-04-16,Mono,051,14174,29,22,0,22,1
2020-04-16,Monterey,053,433212,193,116,0,116,3
2020-04-16,Napa,055,140530,59,44,0,44,2
2020-04-16,Nevada,057,99092,38,34,1,35,1
2020-04-16,Orange,059,3164182,2329,1439,19,1458,28
2020-04-16,Placer,061,380077,150,129,0,129,7
2020-04-16,Plumas,063,18699,4,4,0,4,0
2020-04-16,Riverside,065,2383286,3405,1913,14,1927,45
2020-04-16,Sacramento,067,1510023,986,865,0,865,32
2020-04-16,San Benito,069,59416,42,36,0,36,2
2020-04-16,San Bernardino,071,2135413,1713,1143,0,1143,54
2020-04-16,San Diego,073,3302833,2801,2089,0,2089,63
2020-04-16,San Francisco,075,870044,1360,1039,0,1039,16
2020-04-16,San Joaquin,077,732212,471,345,3,348,17
2020-04-16,San Luis Obispo,079,281455,185,113,3,116,1
2020-04-16,San Mateo,081,765935,1096,745,2,747,29
2020-04-16,Santa Barbara,083,443738,440,331,2,333,3
2020-04-16,Santa Clara,085,1922200,2201,1789,5,1794,70
2020-04-16,Santa Cruz,087,273765,121,90,0,90,2
2020-04-16,Shasta,089,179085,31,25,0,25,3
2020-04-16,Sierra,091,2930,0,0,0,0,0
2020-04-16,Siskiyou,093,43540,5,5,0,5,0
2020-04-16,Solano,095,438530,225,162,0,162,2
2020-04-16,Sonoma,097,501317,199,145,0,145,1
2020-04-16,Stanislaus,099,539301,280,185,4,189,3
2020-04-16,Sutter,101,95872,25,21,0,21,2
2020-04-16,Tehama,103,63373,1,1,0,1,1
2020-04-16,Trinity,105,12862,0,0,0,0,0
2020-04-16,Tulare,107,460477,578,305,5,310,16
2020-04-16,Tuolumne,109,53932,3,1,0,1,0
2020-04-16,Ventura,111,848112,532,384,1,385,13
2020-04-16,Yolo,113,214977,168,98,0,98,4
2020-04-16,Yuba,115,75493,15,14,0,14,1
2020-04-15,Alameda,001,1643700,1327,915,1,916,38
2020-04-15,Alpine,002,1148,1,1,0,1,0
2020-04-15,Amador,005,37829,7,7,0,7,0
2020-04-15,Butte,007,227075,20,14,2,16,0
2020-04-15,Calaveras,009,45235,11,9,0,9,0
2020-04-15,Colusa,011,21464,3,3,0,3,0
2020-04-15,Contra Costa,013,1133247,809,645,0,645,14
2020-04-15,Del Norte,015,27424,2,2,0,2,0
2020-04-15,El Dorado,017,186661,51,33,0,33,0
2020-04-15,Fresno,019,978130,543,264,6,270,7
2020-04-15,Glenn,021,27897,4,3,0,3,0
2020-04-15,Humboldt,023,135768,57,47,0,47,0
2020-04-15,Imperial,025,180216,259,115,0,115,2
2020-04-15,Inyo,027,18085,17,12,0,12,0
2020-04-15,Kern,029,883053,760,500,1,501,3
2020-04-15,Kings,031,150075,56,12,0,12,1
2020-04-15,Lake,033,64148,6,4,0,4,0
2020-04-15,Lassen,035,31185,3,0,2,2,0
2020-04-15,Los Angeles,037,10098052,16979,10416,18,10434,394
2020-04-15,Madera,039,155013,69,30,1,31,2
2020-04-15,Marin,041,260295,200,162,1,163,10
2020-04-15,Mariposa,043,17540,0,0,0,0,0
2020-04-15,Mendocino,045,87422,5,4,0,4,0
2020-04-15,Merced,047,269075,119,74,0,74,3
2020-04-15,Modoc,049,8938,0,0,0,0,0
2020-04-15,Mono,051,14174,29,22,0,22,1
2020-04-15,Monterey,053,433212,185,106,0,106,3
2020-04-15,Napa,055,140530,56,34,0,34,2
2020-04-15,Nevada,057,99092,37,34,1,35,1
2020-04-15,Orange,059,3164182,2226,1377,19,1396,24
2020-04-15,Placer,061,380077,149,123,0,123,6
2020-04-15,Plumas,063,18699,4,4,0,4,0
2020-04-15,Riverside,065,2383286,3210,1723,14,1737,42
2020-04-15,Sacramento,067,1510023,977,839,0,839,32
2020-04-15,San Benito,069,59416,42,34,0,34,2
2020-04-15,San Bernardino,071,2135413,1643,1063,0,1063,45
2020-04-15,San Diego,073,3302833,2713,2014,0,2014,60
2020-04-15,San Francisco,075,870044,1324,1006,0,1006,16
2020-04-15,San Joaquin,077,732212,463,329,3,332,17
2020-04-15,San Luis Obispo,079,281455,177,112,3,115,1
2020-04-15,San Mateo,081,765935,1047,707,2,709,28
2020-04-15,Santa Barbara,083,443738,424,317,2,319,2
2020-04-15,Santa Clara,085,1922200,2162,1692,5,1697,69
2020-04-15,Santa Cruz,087,273765,117,92,0,92,2
2020-04-15,Shasta,089,179085,31,25,0,25,3
2020-04-15,Sierra,091,2930,0,0,0,0,0
2020-04-15,Siskiyou,093,43540,5,5,0,5,0
2020-04-15,Solano,095,438530,220,153,0,153,2
2020-04-15,Sonoma,097,501317,197,140,0,140,1
2020-04-15,Stanislaus,099,539301,273,174,4,178,3
2020-04-15,Sutter,101,95872,25,19,0,19,2
2020-04-15,Tehama,103,63373,1,1,0,1,1
2020-04-15,Trinity,105,12862,0,0,0,0,0
2020-04-15,Tulare,107,460477,560,289,5,294,14
2020-04-15,Tuolumne,109,53932,3,1,0,1,0
2020-04-15,Ventura,111,848112,517,365,1,366,13
2020-04-15,Yolo,113,214977,161,93,0,93,3
2020-04-15,Yuba,115,75493,15,15,0,15,1
2020-04-14,Alameda,001,1643700,1282,843,1,844,30
2020-04-14,Alpine,002,1148,1,1,0,1,0
2020-04-14,Amador,005,37829,7,6,0,6,0
2020-04-14,Butte,007,227075,20,13,2,15,0
2020-04-14,Calaveras,009,45235,11,5,0,5,0
2020-04-14,Colusa,011,21464,3,3,0,3,0
2020-04-14,Contra Costa,013,1133247,797,617,0,617,12
2020-04-14,Del Norte,015,27424,2,2,0,2,0
2020-04-14,El Dorado,017,186661,51,30,0,30,0
2020-04-14,Fresno,019,978130,520,244,6,250,6
2020-04-14,Glenn,021,27897,4,3,0,3,0
2020-04-14,Humboldt,023,135768,57,44,0,44,0
2020-04-14,Imperial,025,180216,239,86,0,86,2
2020-04-14,Inyo,027,18085,17,12,0,12,0
2020-04-14,Kern,029,883053,736,453,1,454,3
2020-04-14,Kings,031,150075,55,12,0,12,1
2020-04-14,Lake,033,64148,6,3,0,3,0
2020-04-14,Lassen,035,31185,3,0,2,2,0
2020-04-14,Los Angeles,037,10098052,16086,9948,17,9965,357
2020-04-14,Madera,039,155013,68,29,1,30,2
2020-04-14,Marin,041,260295,196,147,1,148,9
2020-04-14,Mariposa,043,17540,0,0,0,0,0
2020-04-14,Mendocino,045,87422,5,4,0,4,0
2020-04-14,Merced,047,269075,112,61,0,61,3
2020-04-14,Modoc,049,8938,0,0,0,0,0
2020-04-14,Mono,051,14174,29,22,0,22,1
2020-04-14,Monterey,053,433212,180,98,0,98,3
2020-04-14,Napa,055,140530,56,33,0,33,2
2020-04-14,Nevada,057,99092,37,34,1,35,1
2020-04-14,Orange,059,3164182,2126,1362,19,1381,24
2020-04-14,Placer,061,380077,148,117,0,117,5
2020-04-14,Plumas,063,18699,4,3,0,3,0
2020-04-14,Riverside,065,2383286,3075,1467,14,1481,40
2020-04-14,Sacramento,067,1510023,968,737,0,737,29
2020-04-14,San Benito,069,59416,39,34,0,34,2
2020-04-14,San Bernardino,071,2135413,1588,933,0,933,37
2020-04-14,San Diego,073,3302833,2618,1932,0,1932,53
2020-04-14,San Francisco,075,870044,1270,968,0,968,14
2020-04-14,San Joaquin,077,732212,453,280,3,283,17
2020-04-14,San Luis Obispo,079,281455,174,109,3,112,1
2020-04-14,San Mateo,081,765935,1013,681,2,683,28
2020-04-14,Santa Barbara,083,443738,400,292,2,294,2
2020-04-14,Santa Clara,085,1922200,2129,1561,5,1566,63
2020-04-14,Santa Cruz,087,273765,109,84,0,84,2
2020-04-14,Shasta,089,179085,31,24,0,24,3
2020-04-14,Sierra,091,2930,0,0,0,0,0
2020-04-14,Siskiyou,093,43540,5,5,0,5,0
2020-04-14,Solano,095,438530,217,140,0,140,2
2020-04-14,Sonoma,097,501317,193,133,0,133,1
2020-04-14,Stanislaus,099,539301,260,136,4,140,3
2020-04-14,Sutter,101,95872,24,19,0,19,2
2020-04-14,Tehama,103,63373,1,1,0,1,1
2020-04-14,Trinity,105,12862,0,0,0,0,0
2020-04-14,Tulare,107,460477,536,228,5,233,12
2020-04-14,Tuolumne,109,53932,3,0,0,0,0
2020-04-14,Ventura,111,848112,504,328,1,329,11
2020-04-14,Yolo,113,214977,158,81,0,81,3
2020-04-14,Yuba,115,75493,14,14,0,14,1
2020-04-13,Alameda,001,1643700,1244,821,1,822,23
2020-04-13,Alpine,002,1148,1,1,0,1,0
2020-04-13,Amador,005,37829,7,6,0,6,0
2020-04-13,Butte,007,227075,19,13,2,15,0
2020-04-13,Calaveras,009,45235,10,5,0,5,0
2020-04-13,Colusa,011,21464,3,3,0,3,0
2020-04-13,Contra Costa,013,1133247,781,569,0,569,12
2020-04-13,Del Norte,015,27424,2,2,0,2,0
2020-04-13,El Dorado,017,186661,49,29,0,29,0
2020-04-13,Fresno,019,978130,498,205,5,210,4
2020-04-13,Glenn,021,27897,4,3,0,3,0
2020-04-13,Humboldt,023,135768,57,44,0,44,0
2020-04-13,Imperial,025,180216,221,82,0,82,2
2020-04-13,Inyo,027,18085,17,12,0,12,0
2020-04-13,Kern,029,883053,711,346,1,347,3
2020-04-13,Kings,031,150075,51,9,0,9,0
2020-04-13,Lake,033,64148,6,3,0,3,0
2020-04-13,Lassen,035,31185,3,0,2,2,0
2020-04-13,Los Angeles,037,10098052,15365,9367,17,9384,317
2020-04-13,Madera,039,155013,66,29,1,30,2
2020-04-13,Marin,041,260295,192,144,1,145,6
2020-04-13,Mariposa,043,17540,0,0,0,0,0
2020-04-13,Mendocino,045,87422,5,4,0,4,0
2020-04-13,Merced,047,269075,111,60,0,60,3
2020-04-13,Modoc,049,8938,0,0,0,0,0
2020-04-13,Mono,051,14174,29,21,0,21,1
2020-04-13,Monterey,053,433212,173,86,0,86,3
2020-04-13,Napa,055,140530,55,30,0,30,2
2020-04-13,Nevada,057,99092,37,24,1,25,1
2020-04-13,Orange,059,3164182,2054,1313,19,1332,21
2020-04-13,Placer,061,380077,147,116,0,116,5
2020-04-13,Plumas,063,18699,4,3,0,3,0
2020-04-13,Riverside,065,2383286,2934,1460,13,1473,35
2020-04-13,Sacramento,067,1510023,956,723,0,723,25
2020-04-13,San Benito,069,59416,38,33,0,33,2
2020-04-13,San Bernardino,071,2135413,1513,920,0,920,30
2020-04-13,San Diego,073,3302833,2535,1849,0,1849,47
2020-04-13,San Francisco,075,870044,1232,948,0,948,12
2020-04-13,San Joaquin,077,732212,438,255,3,258,16
2020-04-13,San Luis Obispo,079,281455,169,106,3,109,1
2020-04-13,San Mateo,081,765935,973,679,2,681,25
2020-04-13,Santa Barbara,083,443738,381,271,1,272,2
2020-04-13,Santa Clara,085,1922200,2083,1540,5,1545,58
2020-04-13,Santa Cruz,087,273765,103,82,0,82,1
2020-04-13,Shasta,089,179085,30,24,0,24,3
2020-04-13,Sierra,091,2930,0,0,0,0,0
2020-04-13,Siskiyou,093,43540,5,5,0,5,0
2020-04-13,Solano,095,438530,213,136,0,136,2
2020-04-13,Sonoma,097,501317,186,133,0,133,1
2020-04-13,Stanislaus,099,539301,254,130,4,134,1
2020-04-13,Sutter,101,95872,24,18,0,18,2
2020-04-13,Tehama,103,63373,1,1,0,1,0
2020-04-13,Trinity,105,12862,0,0,0,0,0
2020-04-13,Tulare,107,460477,500,185,5,190,11
2020-04-13,Tuolumne,109,53932,3,0,0,0,0
2020-04-13,Ventura,111,848112,483,309,0,309,9
2020-04-13,Yolo,113,214977,152,81,0,81,3
2020-04-13,Yuba,115,75493,14,13,0,13,1
2020-04-12,Alameda,001,1643700,1201,774,1,775,23
2020-04-12,Alpine,002,1148,1,1,0,1,0
2020-04-12,Amador,005,37829,7,6,0,6,0
2020-04-12,Butte,007,227075,19,13,2,15,0
2020-04-12,Calaveras,009,45235,10,5,0,5,0
2020-04-12,Colusa,011,21464,3,3,0,3,0
2020-04-12,Contra Costa,013,1133247,768,553,0,553,12
2020-04-12,Del Norte,015,27424,2,2,0,2,0
2020-04-12,El Dorado,017,186661,49,28,0,28,0
2020-04-12,Fresno,019,978130,469,205,5,210,4
2020-04-12,Glenn,021,27897,4,3,0,3,0
2020-04-12,Humboldt,023,135768,57,43,0,43,0
2020-04-12,Imperial,025,180216,198,78,0,78,2
2020-04-12,Inyo,027,18085,15,12,0,12,0
2020-04-12,Kern,029,883053,679,319,0,319,3
2020-04-12,Kings,031,150075,49,9,0,9,0
2020-04-12,Lake,033,64148,6,3,0,3,0
2020-04-12,Lassen,035,31185,3,0,2,2,0
2020-04-12,Los Angeles,037,10098052,14645,9133,17,9150,294
2020-04-12,Madera,039,155013,65,29,1,30,2
2020-04-12,Marin,041,260295,181,138,1,139,6
2020-04-12,Mariposa,043,17540,0,0,0,0,0
2020-04-12,Mendocino,045,87422,5,4,0,4,0
2020-04-12,Merced,047,269075,107,58,0,58,3
2020-04-12,Modoc,049,8938,0,0,0,0,0
2020-04-12,Mono,051,14174,29,20,0,20,1
2020-04-12,Monterey,053,433212,159,85,0,85,3
2020-04-12,Napa,055,140530,53,29,0,29,2
2020-04-12,Nevada,057,99092,37,24,1,25,1
2020-04-12,Orange,059,3164182,1994,1283,18,1301,21
2020-04-12,Placer,061,380077,146,114,0,114,4
2020-04-12,Plumas,063,18699,4,3,0,3,0
2020-04-12,Riverside,065,2383286,2752,1330,13,1343,34
2020-04-12,Sacramento,067,1510023,919,689,0,689,25
2020-04-12,San Benito,069,59416,36,33,0,33,2
2020-04-12,San Bernardino,071,2135413,1437,827,0,827,30
2020-04-12,San Diego,073,3302833,2445,1806,0,1806,45
2020-04-12,San Francisco,075,870044,1205,886,0,886,11
2020-04-12,San Joaquin,077,732212,420,246,3,249,15
2020-04-12,San Luis Obispo,079,281455,166,102,2,104,1
2020-04-12,San Mateo,081,765935,947,664,2,666,25
2020-04-12,Santa Barbara,083,443738,362,261,1,262,2
2020-04-12,Santa Clara,085,1922200,2055,1461,5,1466,53
2020-04-12,Santa Cruz,087,273765,102,80,0,80,1
2020-04-12,Shasta,089,179085,30,24,0,24,3
2020-04-12,Sierra,091,2930,0,0,0,0,0
2020-04-12,Siskiyou,093,43540,5,5,0,5,0
2020-04-12,Solano,095,438530,207,136,0,136,2
2020-04-12,Sonoma,097,501317,183,131,0,131,1
2020-04-12,Stanislaus,099,539301,246,117,4,121,1
2020-04-12,Sutter,101,95872,23,18,0,18,2
2020-04-12,Tehama,103,63373,1,1,0,1,0
2020-04-12,Trinity,105,12862,0,0,0,0,0
2020-04-12,Tulare,107,460477,488,166,5,171,11
2020-04-12,Tuolumne,109,53932,3,0,0,0,0
2020-04-12,Ventura,111,848112,473,306,0,306,9
2020-04-12,Yolo,113,214977,138,67,0,67,3
2020-04-12,Yuba,115,75493,14,13,0,13,1
2020-04-11,Alameda,001,1643700,1159,751,1,752,23
2020-04-11,Alpine,002,1148,1,1,0,1,0
2020-04-11,Amador,005,37829,7,6,0,6,0
2020-04-11,Butte,007,227075,19,13,2,15,0
2020-04-11,Calaveras,009,45235,10,5,0,5,0
2020-04-11,Colusa,011,21464,3,3,0,3,0
2020-04-11,Contra Costa,013,1133247,759,550,0,550,12
2020-04-11,Del Norte,015,27424,2,2,0,2,0
2020-04-11,El Dorado,017,186661,48,29,0,29,0
2020-04-11,Fresno,019,978130,459,201,5,206,4
2020-04-11,Glenn,021,27897,4,3,0,3,0
2020-04-11,Humboldt,023,135768,57,38,0,38,0
2020-04-11,Imperial,025,180216,188,78,0,78,2
2020-04-11,Inyo,027,18085,15,12,0,12,0
2020-04-11,Kern,029,883053,651,304,0,304,3
2020-04-11,Kings,031,150075,46,9,0,9,0
2020-04-11,Lake,033,64148,6,3,0,3,0
2020-04-11,Lassen,035,31185,3,0,2,2,0
2020-04-11,Los Angeles,037,10098052,14169,8823,17,8840,262
2020-04-11,Madera,039,155013,64,29,1,30,2
2020-04-11,Marin,041,260295,178,136,1,137,6
2020-04-11,Mariposa,043,17540,0,0,0,0,0
2020-04-11,Mendocino,045,87422,5,4,0,4,0
2020-04-11,Merced,047,269075,104,59,0,59,3
2020-04-11,Modoc,049,8938,0,0,0,0,0
2020-04-11,Mono,051,14174,29,20,0,20,1
2020-04-11,Monterey,053,433212,153,78,0,78,3
2020-04-11,Napa,055,140530,53,29,0,29,2
2020-04-11,Nevada,057,99092,37,24,1,25,1
2020-04-11,Orange,059,3164182,1932,1267,18,1285,21
2020-04-11,Placer,061,380077,146,113,0,113,4
2020-04-11,Plumas,063,18699,4,3,0,3,0
2020-04-11,Riverside,065,2383286,2673,1260,13,1273,33
2020-04-11,Sacramento,067,1510023,908,685,0,685,25
2020-04-11,San Benito,069,59416,36,33,0,33,2
2020-04-11,San Bernardino,071,2135413,1401,826,0,826,28
2020-04-11,San Diego,073,3302833,2379,1763,0,1763,45
2020-04-11,San Francisco,075,870044,1183,860,0,860,11
2020-04-11,San Joaquin,077,732212,415,244,3,247,15
2020-04-11,San Luis Obispo,079,281455,166,100,1,101,1
2020-04-11,San Mateo,081,765935,935,662,2,664,25
2020-04-11,Santa Barbara,083,443738,354,258,1,259,2
2020-04-11,Santa Clara,085,1922200,1996,1441,5,1446,51
2020-04-11,Santa Cruz,087,273765,102,79,0,79,1
2020-04-11,Shasta,089,179085,30,24,0,24,3
2020-04-11,Sierra,091,2930,0,0,0,0,0
2020-04-11,Siskiyou,093,43540,5,5,0,5,0
2020-04-11,Solano,095,438530,203,138,0,138,2
2020-04-11,Sonoma,097,501317,181,131,0,131,1
2020-04-11,Stanislaus,099,539301,238,119,3,122,1
2020-04-11,Sutter,101,95872,23,18,0,18,2
2020-04-11,Tehama,103,63373,1,1,0,1,0
2020-04-11,Trinity,105,12862,0,0,0,0,0
2020-04-11,Tulare,107,460477,466,168,5,173,10
2020-04-11,Tuolumne,109,53932,3,0,0,0,0
2020-04-11,Ventura,111,848112,463,304,0,304,9
2020-04-11,Yolo,113,214977,135,67,0,67,3
2020-04-11,Yuba,115,75493,14,13,0,13,1
2020-04-10,Alameda,001,1643700,1118,706,1,707,21
2020-04-10,Alpine,002,1148,1,1,0,1,0
2020-04-10,Amador,005,37829,7,5,0,5,0
2020-04-10,Butte,007,227075,19,13,2,15,0
2020-04-10,Calaveras,009,45235,10,5,0,5,0
2020-04-10,Colusa,011,21464,3,3,0,3,0
2020-04-10,Contra Costa,013,1133247,746,537,0,537,10
2020-04-10,Del Norte,015,27424,2,2,0,2,0
2020-04-10,El Dorado,017,186661,48,26,0,26,0
2020-04-10,Fresno,019,978130,452,186,4,190,3
2020-04-10,Glenn,021,27897,4,3,0,3,0
2020-04-10,Humboldt,023,135768,57,36,0,36,0
2020-04-10,Imperial,025,180216,181,70,0,70,2
2020-04-10,Inyo,027,18085,13,11,0,11,0
2020-04-10,Kern,029,883053,627,272,0,272,3
2020-04-10,Kings,031,150075,43,7,0,7,0
2020-04-10,Lake,033,64148,6,3,0,3,0
2020-04-10,Lassen,035,31185,3,0,2,2,0
2020-04-10,Los Angeles,037,10098052,13651,8384,14,8398,239
2020-04-10,Madera,039,155013,63,29,1,30,2
2020-04-10,Marin,041,260295,173,128,1,129,6
2020-04-10,Mariposa,043,17540,0,0,0,0,0
2020-04-10,Mendocino,045,87422,5,4,0,4,0
2020-04-10,Merced,047,269075,102,56,0,56,3
2020-04-10,Modoc,049,8938,0,0,0,0,0
2020-04-10,Mono,051,14174,29,20,0,20,1
2020-04-10,Monterey,053,433212,142,78,0,78,3
2020-04-10,Napa,055,140530,50,28,0,28,2
2020-04-10,Nevada,057,99092,37,23,1,24,1
2020-04-10,Orange,059,3164182,1885,1167,18,1185,21
2020-04-10,Placer,061,380077,145,112,0,112,4
2020-04-10,Plumas,063,18699,4,3,0,3,0
2020-04-10,Riverside,065,2383286,2607,1162,13,1175,30
2020-04-10,Sacramento,067,1510023,899,642,0,642,24
2020-04-10,San Benito,069,59416,36,32,0,32,2
2020-04-10,San Bernardino,071,2135413,1353,779,0,779,27
2020-04-10,San Diego,073,3302833,2319,1695,0,1695,44
2020-04-10,San Francisco,075,870044,1152,797,0,797,10
2020-04-10,San Joaquin,077,732212,403,234,3,237,14
2020-04-10,San Luis Obispo,079,281455,166,97,1,98,1
2020-04-10,San Mateo,081,765935,919,642,2,644,24
2020-04-10,Santa Barbara,083,443738,346,254,1,255,2
2020-04-10,Santa Clara,085,1922200,1944,1351,5,1356,50
2020-04-10,Santa Cruz,087,273765,101,75,0,75,1
2020-04-10,Shasta,089,179085,30,24,0,24,3
2020-04-10,Sierra,091,2930,0,0,0,0,0
2020-04-10,Siskiyou,093,43540,5,5,0,5,0
2020-04-10,Solano,095,438530,200,129,0,129,2
2020-04-10,Sonoma,097,501317,180,129,0,129,1
2020-04-10,Stanislaus,099,539301,231,101,3,104,0
2020-04-10,Sutter,101,95872,23,18,0,18,2
2020-04-10,Tehama,103,63373,1,1,0,1,0
2020-04-10,Trinity,105,12862,0,0,0,0,0
2020-04-10,Tulare,107,460477,424,163,5,168,10
2020-04-10,Tuolumne,109,53932,3,0,0,0,0
2020-04-10,Ventura,111,848112,454,290,0,290,9
2020-04-10,Yolo,113,214977,133,62,0,62,3
2020-04-10,Yuba,115,75493,14,13,0,13,1
2020-04-09,Alameda,001,1643700,1068,641,1,642,17
2020-04-09,Alpine,002,1148,1,1,0,1,0
2020-04-09,Amador,005,37829,7,2,0,2,0
2020-04-09,Butte,007,227075,19,12,2,14,0
2020-04-09,Calaveras,009,45235,10,5,0,5,0
2020-04-09,Colusa,011,21464,3,3,0,3,0
2020-04-09,Contra Costa,013,1133247,703,505,0,505,7
2020-04-09,Del Norte,015,27424,2,2,0,2,0
2020-04-09,El Dorado,017,186661,47,25,0,25,0
2020-04-09,Fresno,019,978130,427,165,4,169,3
2020-04-09,Glenn,021,27897,4,2,0,2,0
2020-04-09,Humboldt,023,135768,57,36,0,36,0
2020-04-09,Imperial,025,180216,160,67,0,67,2
2020-04-09,Inyo,027,18085,12,11,0,11,0
2020-04-09,Kern,029,883053,591,241,0,241,2
2020-04-09,Kings,031,150075,40,5,0,5,0
2020-04-09,Lake,033,64148,5,1,0,1,0
2020-04-09,Lassen,035,31185,3,0,2,2,0
2020-04-09,Los Angeles,037,10098052,13022,7919,14,7933,220
2020-04-09,Madera,039,155013,63,28,1,29,2
2020-04-09,Marin,041,260295,171,126,1,127,7
2020-04-09,Mariposa,043,17540,0,0,0,0,0
2020-04-09,Mendocino,045,87422,5,4,0,4,0
2020-04-09,Merced,047,269075,98,41,0,41,3
2020-04-09,Modoc,049,8938,0,0,0,0,0
2020-04-09,Mono,051,14174,29,19,0,19,1
2020-04-09,Monterey,053,433212,124,70,0,70,3
2020-04-09,Napa,055,140530,46,27,0,27,2
2020-04-09,Nevada,057,99092,36,23,1,24,1
2020-04-09,Orange,059,3164182,1811,1105,18,1123,19
2020-04-09,Placer,061,380077,144,107,0,107,4
2020-04-09,Plumas,063,18699,4,3,0,3,0
2020-04-09,Riverside,065,2383286,2464,1083,13,1096,29
2020-04-09,Sacramento,067,1510023,876,601,0,601,21
2020-04-09,San Benito,069,59416,36,32,0,32,2
2020-04-09,San Bernardino,071,2135413,1284,717,0,717,27
2020-04-09,San Diego,073,3302833,2223,1630,0,1630,40
2020-04-09,San Francisco,075,870044,1132,748,0,748,8
2020-04-09,San Joaquin,077,732212,382,223,3,226,14
2020-04-09,San Luis Obispo,079,281455,158,93,1,94,1
2020-04-09,San Mateo,081,765935,903,630,2,632,23
2020-04-09,Santa Barbara,083,443738,336,232,1,233,2
2020-04-09,Santa Clara,085,1922200,1874,1301,5,1306,49
2020-04-09,Santa Cruz,087,273765,101,73,0,73,1
2020-04-09,Shasta,089,179085,30,22,0,22,3
2020-04-09,Sierra,091,2930,0,0,0,0,0
2020-04-09,Siskiyou,093,43540,5,4,0,4,0
2020-04-09,Solano,095,438530,190,118,0,118,2
2020-04-09,Sonoma,097,501317,176,113,0,113,1
2020-04-09,Stanislaus,099,539301,219,93,3,96,0
2020-04-09,Sutter,101,95872,23,17,0,17,2
2020-04-09,Tehama,103,63373,1,1,0,1,0
2020-04-09,Trinity,105,12862,0,0,0,0,0
2020-04-09,Tulare,107,460477,395,147,5,152,9
2020-04-09,Tuolumne,109,53932,3,0,0,0,0
2020-04-09,Ventura,111,848112,435,273,0,273,9
2020-04-09,Yolo,113,214977,124,59,0,59,3
2020-04-09,Yuba,115,75493,14,13,0,13,0
2020-04-08,Alameda,001,1643700,1026,594,1,595,15
2020-04-08,Alpine,002,1148,1,1,0,1,0
2020-04-08,Amador,005,37829,7,2,0,2,0
2020-04-08,Butte,007,227075,18,11,2,13,0
2020-04-08,Calaveras,009,45235,10,5,0,5,0
2020-04-08,Colusa,011,21464,3,3,0,3,0
2020-04-08,Contra Costa,013,1133247,690,481,0,481,7
2020-04-08,Del Norte,015,27424,2,2,0,2,0
2020-04-08,El Dorado,017,186661,47,25,0,25,0
2020-04-08,Fresno,019,978130,407,151,4,155,3
2020-04-08,Glenn,021,27897,4,2,0,2,0
2020-04-08,Humboldt,023,135768,57,40,0,40,0
2020-04-08,Imperial,025,180216,149,59,0,59,2
2020-04-08,Inyo,027,18085,12,11,0,11,0
2020-04-08,Kern,029,883053,550,198,0,198,2
2020-04-08,Kings,031,150075,40,5,0,5,0
2020-04-08,Lake,033,64148,5,1,0,1,0
2020-04-08,Lassen,035,31185,3,0,2,2,0
2020-04-08,Los Angeles,037,10098052,12424,7505,14,7519,196
2020-04-08,Madera,039,155013,62,28,1,29,2
2020-04-08,Marin,041,260295,165,125,1,126,7
2020-04-08,Mariposa,043,17540,0,0,0,0,0
2020-04-08,Mendocino,045,87422,5,4,0,4,0
2020-04-08,Merced,047,269075,87,35,0,35,1
2020-04-08,Modoc,049,8938,0,0,0,0,0
2020-04-08,Mono,051,14174,29,19,0,19,1
2020-04-08,Monterey,053,433212,115,68,0,68,3
2020-04-08,Napa,055,140530,44,21,0,21,2
2020-04-08,Nevada,057,99092,36,21,1,22,1
2020-04-08,Orange,059,3164182,1748,1034,18,1052,19
2020-04-08,Placer,061,380077,144,102,0,102,4
2020-04-08,Plumas,063,18699,4,3,0,3,0
2020-04-08,Riverside,065,2383286,2307,974,13,987,28
2020-04-08,Sacramento,067,1510023,842,565,0,565,21
2020-04-08,San Benito,069,59416,36,31,0,31,2
2020-04-08,San Bernardino,071,2135413,1227,635,0,635,22
2020-04-08,San Diego,073,3302833,2149,1532,0,1532,36
2020-04-08,San Francisco,075,870044,1065,687,0,687,7
2020-04-08,San Joaquin,077,732212,365,211,3,214,12
2020-04-08,San Luis Obispo,079,281455,156,90,1,91,1
2020-04-08,San Mateo,081,765935,888,608,2,610,22
2020-04-08,Santa Barbara,083,443738,319,221,1,222,2
2020-04-08,Santa Clara,085,1922200,1829,1257,5,1262,47
2020-04-08,Santa Cruz,087,273765,100,69,0,69,1
2020-04-08,Shasta,089,179085,30,18,0,18,3
2020-04-08,Sierra,091,2930,0,0,0,0,0
2020-04-08,Siskiyou,093,43540,5,4,0,4,0
2020-04-08,Solano,095,438530,176,111,0,111,2
2020-04-08,Sonoma,097,501317,170,107,0,107,1
2020-04-08,Stanislaus,099,539301,203,86,3,89,0
2020-04-08,Sutter,101,95872,22,17,0,17,2
2020-04-08,Tehama,103,63373,1,1,0,1,0
2020-04-08,Trinity,105,12862,0,0,0,0,0
2020-04-08,Tulare,107,460477,364,145,5,150,6
2020-04-08,Tuolumne,109,53932,3,0,0,0,0
2020-04-08,Ventura,111,848112,426,263,0,263,7
2020-04-08,Yolo,113,214977,107,56,0,56,3
2020-04-08,Yuba,115,75493,14,10,0,10,0
2020-04-07,Alameda,001,1643700,991,560,1,561,14
2020-04-07,Alpine,002,1148,1,1,0,1,0
2020-04-07,Amador,005,37829,7,2,0,2,0
2020-04-07,Butte,007,227075,17,11,2,13,0
2020-04-07,Calaveras,009,45235,9,5,0,5,0
2020-04-07,Colusa,011,21464,3,2,0,2,0
2020-04-07,Contra Costa,013,1133247,670,471,0,471,7
2020-04-07,Del Norte,015,27424,2,2,0,2,0
2020-04-07,El Dorado,017,186661,46,22,0,22,0
2020-04-07,Fresno,019,978130,393,138,4,142,3
2020-04-07,Glenn,021,27897,4,2,0,2,0
2020-04-07,Humboldt,023,135768,56,40,0,40,0
2020-04-07,Imperial,025,180216,130,53,0,53,2
2020-04-07,Inyo,027,18085,12,11,0,11,0
2020-04-07,Kern,029,883053,507,134,0,134,2
2020-04-07,Kings,031,150075,37,5,0,5,0
2020-04-07,Lake,033,64148,4,1,0,1,0
2020-04-07,Lassen,035,31185,3,0,2,2,0
2020-04-07,Los Angeles,037,10098052,11773,6885,14,6899,170
2020-04-07,Madera,039,155013,60,28,0,28,2
2020-04-07,Marin,041,260295,163,122,1,123,7
2020-04-07,Mariposa,043,17540,0,0,0,0,0
2020-04-07,Mendocino,045,87422,5,4,0,4,0
2020-04-07,Merced,047,269075,79,27,0,27,1
2020-04-07,Modoc,049,8938,0,0,0,0,0
2020-04-07,Mono,051,14174,28,18,0,18,1
2020-04-07,Monterey,053,433212,106,63,0,63,2
2020-04-07,Napa,055,140530,42,18,0,18,2
2020-04-07,Nevada,057,99092,36,20,1,21,1
2020-04-07,Orange,059,3164182,1701,971,16,987,19
2020-04-07,Placer,061,380077,139,94,0,94,3
2020-04-07,Plumas,063,18699,4,3,0,3,0
2020-04-07,Riverside,065,2383286,2150,905,13,918,25
2020-04-07,Sacramento,067,1510023,812,513,0,513,18
2020-04-07,San Benito,069,59416,36,26,0,26,2
2020-04-07,San Bernardino,071,2135413,1160,554,0,554,19
2020-04-07,San Diego,073,3302833,2072,1456,0,1456,31
2020-04-07,San Francisco,075,870044,1005,636,0,636,6
2020-04-07,San Joaquin,077,732212,347,198,3,201,12
2020-04-07,San Luis Obispo,079,281455,149,87,1,88,1
2020-04-07,San Mateo,081,765935,867,573,2,575,22
2020-04-07,Santa Barbara,083,443738,305,209,1,210,2
2020-04-07,Santa Clara,085,1922200,1760,1193,4,1197,46
2020-04-07,Santa Cruz,087,273765,100,67,0,67,1
2020-04-07,Shasta,089,179085,29,16,0,16,3
2020-04-07,Sierra,091,2930,0,0,0,0,0
2020-04-07,Siskiyou,093,43540,5,4,0,4,0
2020-04-07,Solano,095,438530,171,99,0,99,1
2020-04-07,Sonoma,097,501317,167,102,0,102,1
2020-04-07,Stanislaus,099,539301,186,83,3,86,0
2020-04-07,Sutter,101,95872,22,16,0,16,2
2020-04-07,Tehama,103,63373,1,1,0,1,0
2020-04-07,Trinity,105,12862,0,0,0,0,0
2020-04-07,Tulare,107,460477,335,144,5,149,5
2020-04-07,Tuolumne,109,53932,3,1,0,1,0
2020-04-07,Ventura,111,848112,409,247,0,247,6
2020-04-07,Yolo,113,214977,100,51,0,51,2
2020-04-07,Yuba,115,75493,14,10,0,10,0
2020-04-06,Alameda,001,1643700,960,527,1,528,13
2020-04-06,Alpine,002,1148,1,1,0,1,0
2020-04-06,Amador,005,37829,6,2,0,2,0
2020-04-06,Butte,007,227075,16,11,2,13,0
2020-04-06,Calaveras,009,45235,9,4,0,4,0
2020-04-06,Colusa,011,21464,3,1,0,1,0
2020-04-06,Contra Costa,013,1133247,645,447,0,447,7
2020-04-06,Del Norte,015,27424,2,2,0,2,0
2020-04-06,El Dorado,017,186661,44,23,0,23,0
2020-04-06,Fresno,019,978130,371,122,4,126,1
2020-04-06,Glenn,021,27897,4,2,0,2,0
2020-04-06,Humboldt,023,135768,55,37,0,37,0
2020-04-06,Imperial,025,180216,123,47,0,47,1
2020-04-06,Inyo,027,18085,11,11,0,11,0
2020-04-06,Kern,029,883053,470,117,0,117,2
2020-04-06,Kings,031,150075,37,3,0,3,0
2020-04-06,Lake,033,64148,4,1,0,1,0
2020-04-06,Lassen,035,31185,3,0,2,2,0
2020-04-06,Los Angeles,037,10098052,11043,6346,14,6360,145
2020-04-06,Madera,039,155013,58,29,0,29,2
2020-04-06,Marin,041,260295,160,119,1,120,7
2020-04-06,Mariposa,043,17540,0,0,0,0,0
2020-04-06,Mendocino,045,87422,5,4,0,4,0
2020-04-06,Merced,047,269075,74,25,0,25,1
2020-04-06,Modoc,049,8938,0,0,0,0,0
2020-04-06,Mono,051,14174,28,18,0,18,1
2020-04-06,Monterey,053,433212,101,62,0,62,2
2020-04-06,Napa,055,140530,42,18,0,18,2
2020-04-06,Nevada,057,99092,36,19,1,20,1
2020-04-06,Orange,059,3164182,1657,910,15,925,17
2020-04-06,Placer,061,380077,139,90,0,90,3
2020-04-06,Plumas,063,18699,4,2,0,2,0
2020-04-06,Riverside,065,2383286,2024,854,13,867,17
2020-04-06,Sacramento,067,1510023,782,448,0,448,15
2020-04-06,San Benito,069,59416,34,25,0,25,1
2020-04-06,San Bernardino,071,2135413,1101,550,0,550,13
2020-04-06,San Diego,073,3302833,1990,1406,0,1406,19
2020-04-06,San Francisco,075,870044,965,586,0,586,6
2020-04-06,San Joaquin,077,732212,332,191,3,194,10
2020-04-06,San Luis Obispo,079,281455,147,85,1,86,1
2020-04-06,San Mateo,081,765935,849,569,2,571,20
2020-04-06,Santa Barbara,083,443738,296,189,1,190,2
2020-04-06,Santa Clara,085,1922200,1707,1128,4,1132,43
2020-04-06,Santa Cruz,087,273765,98,65,0,65,1
2020-04-06,Shasta,089,179085,29,16,0,16,3
2020-04-06,Sierra,091,2930,0,0,0,0,0
2020-04-06,Siskiyou,093,43540,4,4,0,4,0
2020-04-06,Solano,095,438530,164,95,0,95,1
2020-04-06,Sonoma,097,501317,166,102,0,102,1
2020-04-06,Stanislaus,099,539301,170,72,3,75,0
2020-04-06,Sutter,101,95872,22,14,0,14,2
2020-04-06,Tehama,103,63373,1,1,0,1,0
2020-04-06,Trinity,105,12862,0,0,0,0,0
2020-04-06,Tulare,107,460477,319,126,5,131,5
2020-04-06,Tuolumne,109,53932,3,1,0,1,0
2020-04-06,Ventura,111,848112,391,234,0,234,6
2020-04-06,Yolo,113,214977,96,43,0,43,1
2020-04-06,Yuba,115,75493,14,8,0,8,0
2020-04-05,Alameda,001,1643700,918,475,1,476,12
2020-04-05,Alpine,002,1148,1,1,0,1,0
2020-04-05,Amador,005,37829,6,2,0,2,0
2020-04-05,Butte,007,227075,16,10,2,12,0
2020-04-05,Calaveras,009,45235,9,3,0,3,0
2020-04-05,Colusa,011,21464,3,1,0,1,0
2020-04-05,Contra Costa,013,1133247,628,415,0,415,6
2020-04-05,Del Norte,015,27424,2,1,0,1,0
2020-04-05,El Dorado,017,186661,42,19,0,19,0
2020-04-05,Fresno,019,978130,337,102,4,106,1
2020-04-05,Glenn,021,27897,4,2,0,2,0
2020-04-05,Humboldt,023,135768,55,29,0,29,0
2020-04-05,Imperial,025,180216,115,42,0,42,1
2020-04-05,Inyo,027,18085,11,10,0,10,0
2020-04-05,Kern,029,883053,415,109,0,109,2
2020-04-05,Kings,031,150075,36,4,0,4,0
2020-04-05,Lake,033,64148,4,0,0,0,0
2020-04-05,Lassen,035,31185,3,0,2,2,0
2020-04-05,Los Angeles,037,10098052,10476,5892,14,5906,130
2020-04-05,Madera,039,155013,57,27,0,27,2
2020-04-05,Marin,041,260295,160,113,1,114,6
2020-04-05,Mariposa,043,17540,0,0,0,0,0
2020-04-05,Mendocino,045,87422,5,4,0,4,0
2020-04-05,Merced,047,269075,67,16,0,16,0
2020-04-05,Modoc,049,8938,0,0,0,0,0
2020-04-05,Mono,051,14174,28,18,0,18,1
2020-04-05,Monterey,053,433212,94,61,0,61,2
2020-04-05,Napa,055,140530,40,15,0,15,2
2020-04-05,Nevada,057,99092,36,19,1,20,1
2020-04-05,Orange,059,3164182,1601,820,15,835,15
2020-04-05,Placer,061,380077,136,86,0,86,3
2020-04-05,Plumas,063,18699,3,2,0,2,0
2020-04-05,Riverside,065,2383286,1894,669,13,682,17
2020-04-05,Sacramento,067,1510023,751,393,0,393,11
2020-04-05,San Benito,069,59416,34,22,0,22,1
2020-04-05,San Bernardino,071,2135413,1028,375,0,375,13
2020-04-05,San Diego,073,3302833,1908,1328,0,1328,19
2020-04-05,San Francisco,075,870044,918,559,0,559,6
2020-04-05,San Joaquin,077,732212,317,179,3,182,10
2020-04-05,San Luis Obispo,079,281455,145,83,1,84,1
2020-04-05,San Mateo,081,765935,829,528,2,530,19
2020-04-05,Santa Barbara,083,443738,280,171,1,172,1
2020-04-05,Santa Clara,085,1922200,1660,1052,4,1056,42
2020-04-05,Santa Cruz,087,273765,98,59,0,59,1
2020-04-05,Shasta,089,179085,28,11,0,11,2
2020-04-05,Sierra,091,2930,0,0,0,0,0
2020-04-05,Siskiyou,093,43540,4,3,0,3,0
2020-04-05,Solano,095,438530,160,78,0,78,1
2020-04-05,Sonoma,097,501317,164,88,0,88,1
2020-04-05,Stanislaus,099,539301,156,51,3,54,0
2020-04-05,Sutter,101,95872,22,14,0,14,1
2020-04-05,Tehama,103,63373,1,1,0,1,0
2020-04-05,Trinity,105,12862,0,0,0,0,0
2020-04-05,Tulare,107,460477,282,81,5,86,4
2020-04-05,Tuolumne,109,53932,3,1,0,1,0
2020-04-05,Ventura,111,848112,377,196,0,196,6
2020-04-05,Yolo,113,214977,77,37,0,37,2
2020-04-05,Yuba,115,75493,14,7,0,7,0
2020-04-04,Alameda,001,1643700,895,468,1,469,12
2020-04-04,Alpine,002,1148,1,1,0,1,0
2020-04-04,Amador,005,37829,5,2,0,2,0
2020-04-04,Butte,007,227075,16,10,2,12,0
2020-04-04,Calaveras,009,45235,9,3,0,3,0
2020-04-04,Colusa,011,21464,3,1,0,1,0
2020-04-04,Contra Costa,013,1133247,620,382,0,382,5
2020-04-04,Del Norte,015,27424,2,1,0,1,0
2020-04-04,El Dorado,017,186661,42,19,0,19,0
2020-04-04,Fresno,019,978130,327,102,4,106,1
2020-04-04,Glenn,021,27897,4,2,0,2,0
2020-04-04,Humboldt,023,135768,55,29,0,29,0
2020-04-04,Imperial,025,180216,114,42,0,42,1
2020-04-04,Inyo,027,18085,11,10,0,10,0
2020-04-04,Kern,029,883053,385,103,0,103,2
2020-04-04,Kings,031,150075,36,3,0,3,0
2020-04-04,Lake,033,64148,4,0,0,0,0
2020-04-04,Lassen,035,31185,3,0,2,2,0
2020-04-04,Los Angeles,037,10098052,9861,5275,14,5289,117
2020-04-04,Madera,039,155013,55,27,0,27,2
2020-04-04,Marin,041,260295,158,111,0,111,6
2020-04-04,Mariposa,043,17540,0,0,0,0,0
2020-04-04,Mendocino,045,87422,5,4,0,4,0
2020-04-04,Merced,047,269075,64,11,0,11,0
2020-04-04,Modoc,049,8938,0,0,0,0,0
2020-04-04,Mono,051,14174,28,18,0,18,1
2020-04-04,Monterey,053,433212,91,61,0,61,2
2020-04-04,Napa,055,140530,40,15,0,15,2
2020-04-04,Nevada,057,99092,36,19,1,20,1
2020-04-04,Orange,059,3164182,1559,781,14,795,15
2020-04-04,Placer,061,380077,135,87,0,87,2
2020-04-04,Plumas,063,18699,3,2,0,2,0
2020-04-04,Riverside,065,2383286,1793,652,13,665,15
2020-04-04,Sacramento,067,1510023,733,393,0,393,11
2020-04-04,San Benito,069,59416,34,22,0,22,1
2020-04-04,San Bernardino,071,2135413,980,373,0,373,13
2020-04-04,San Diego,073,3302833,1860,1211,0,1211,18
2020-04-04,San Francisco,075,870044,880,537,0,537,6
2020-04-04,San Joaquin,077,732212,294,171,3,174,10
2020-04-04,San Luis Obispo,079,281455,145,82,1,83,0
2020-04-04,San Mateo,081,765935,817,520,2,522,17
2020-04-04,Santa Barbara,083,443738,271,167,1,168,1
2020-04-04,Santa Clara,085,1922200,1608,1045,4,1049,39
2020-04-04,Santa Cruz,087,273765,98,56,0,56,1
2020-04-04,Shasta,089,179085,27,11,0,11,2
2020-04-04,Sierra,091,2930,0,0,0,0,0
2020-04-04,Siskiyou,093,43540,4,3,0,3,0
2020-04-04,Solano,095,438530,154,79,0,79,1
2020-04-04,Sonoma,097,501317,161,88,0,88,1
2020-04-04,Stanislaus,099,539301,145,51,3,54,0
2020-04-04,Sutter,101,95872,22,14,0,14,1
2020-04-04,Tehama,103,63373,1,1,0,1,0
2020-04-04,Trinity,105,12862,0,0,0,0,0
2020-04-04,Tulare,107,460477,268,79,5,84,4
2020-04-04,Tuolumne,109,53932,3,1,0,1,0
2020-04-04,Ventura,111,848112,364,194,0,194,6
2020-04-04,Yolo,113,214977,75,40,0,40,2
2020-04-04,Yuba,115,75493,13,7,0,7,0
2020-04-03,Alameda,001,1643700,859,395,1,396,11
2020-04-03,Alpine,002,1148,1,1,0,1,0
2020-04-03,Amador,005,37829,5,2,0,2,0
2020-04-03,Butte,007,227075,16,8,2,10,0
2020-04-03,Calaveras,009,45235,9,3,0,3,0
2020-04-03,Colusa,011,21464,3,1,0,1,0
2020-04-03,Contra Costa,013,1133247,597,327,0,327,5
2020-04-03,Del Norte,015,27424,2,1,0,1,0
2020-04-03,El Dorado,017,186661,40,16,0,16,0
2020-04-03,Fresno,019,978130,315,98,4,102,1
2020-04-03,Glenn,021,27897,4,2,0,2,0
2020-04-03,Humboldt,023,135768,55,34,0,34,0
2020-04-03,Imperial,025,180216,105,35,0,35,0
2020-04-03,Inyo,027,18085,11,10,0,10,0
2020-04-03,Kern,029,883053,359,87,0,87,1
2020-04-03,Kings,031,150075,34,3,0,3,0
2020-04-03,Lake,033,64148,3,0,0,0,0
2020-04-03,Lassen,035,31185,3,0,2,2,0
2020-04-03,Los Angeles,037,10098052,9247,4566,14,4580,91
2020-04-03,Madera,039,155013,54,28,0,28,2
2020-04-03,Marin,041,260295,156,106,0,106,6
2020-04-03,Mariposa,043,17540,0,0,0,0,0
2020-04-03,Mendocino,045,87422,5,4,0,4,0
2020-04-03,Merced,047,269075,60,9,0,9,0
2020-04-03,Modoc,049,8938,0,0,0,0,0
2020-04-03,Mono,051,14174,28,18,0,18,1
2020-04-03,Monterey,053,433212,88,58,0,58,2
2020-04-03,Napa,055,140530,39,13,0,13,1
2020-04-03,Nevada,057,99092,36,19,1,20,1
2020-04-03,Orange,059,3164182,1520,713,14,727,13
2020-04-03,Placer,061,380077,131,76,0,76,2
2020-04-03,Plumas,063,18699,3,2,0,2,0
2020-04-03,Riverside,065,2383286,1713,540,13,553,14
2020-04-03,Sacramento,067,1510023,712,363,0,363,11
2020-04-03,San Benito,069,59416,34,22,0,22,1
2020-04-03,San Bernardino,071,2135413,935,356,0,356,11
2020-04-03,San Diego,073,3302833,1799,1114,0,1114,17
2020-04-03,San Francisco,075,870044,856,506,0,506,6
2020-04-03,San Joaquin,077,732212,282,162,3,165,10
2020-04-03,San Luis Obispo,079,281455,144,82,1,83,0
2020-04-03,San Mateo,081,765935,800,474,2,476,13
2020-04-03,Santa Barbara,083,443738,260,154,1,155,1
2020-04-03,Santa Clara,085,1922200,1572,983,4,987,39
2020-04-03,Santa Cruz,087,273765,98,52,0,52,1
2020-04-03,Shasta,089,179085,27,10,0,10,1
2020-04-03,Sierra,091,2930,0,0,0,0,0
2020-04-03,Siskiyou,093,43540,4,3,0,3,0
2020-04-03,Solano,095,438530,146,72,0,72,1
2020-04-03,Sonoma,097,501317,161,84,0,84,1
2020-04-03,Stanislaus,099,539301,139,48,3,51,0
2020-04-03,Sutter,101,95872,22,12,0,12,1
2020-04-03,Tehama,103,63373,1,1,0,1,0
2020-04-03,Trinity,105,12862,0,0,0,0,0
2020-04-03,Tulare,107,460477,254,73,5,78,3
2020-04-03,Tuolumne,109,53932,3,1,0,1,0
2020-04-03,Ventura,111,848112,354,186,0,186,6
2020-04-03,Yolo,113,214977,74,33,0,33,1
2020-04-03,Yuba,115,75493,13,6,0,6,0
2020-04-02,Alameda,001,1643700,808,345,1,346,10
2020-04-02,Alpine,002,1148,1,1,0,1,0
2020-04-02,Amador,005,37829,5,2,0,2,0
2020-04-02,Butte,007,227075,16,7,1,8,0
2020-04-02,Calaveras,009,45235,7,3,0,3,0
2020-04-02,Colusa,011,21464,3,1,0,1,0
2020-04-02,Contra Costa,013,1133247,567,297,0,297,3
2020-04-02,Del Norte,015,27424,2,0,0,0,0
2020-04-02,El Dorado,017,186661,38,16,0,16,0
2020-04-02,Fresno,019,978130,299,92,4,96,0
2020-04-02,Glenn,021,27897,3,2,0,2,0
2020-04-02,Humboldt,023,135768,51,23,0,23,0
2020-04-02,Imperial,025,180216,101,24,0,24,0
2020-04-02,Inyo,027,18085,10,8,0,8,0
2020-04-02,Kern,029,883053,332,74,0,74,0
2020-04-02,Kings,031,150075,34,3,0,3,0
2020-04-02,Lake,033,64148,3,0,0,0,0
2020-04-02,Lassen,035,31185,3,0,2,2,0
2020-04-02,Los Angeles,037,10098052,8420,4040,14,4054,79
2020-04-02,Madera,039,155013,52,25,0,25,1
2020-04-02,Marin,041,260295,150,102,0,102,1
2020-04-02,Mariposa,043,17540,0,0,0,0,0
2020-04-02,Mendocino,045,87422,5,4,0,4,0
2020-04-02,Merced,047,269075,55,9,0,9,0
2020-04-02,Modoc,049,8938,0,0,0,0,0
2020-04-02,Mono,051,14174,28,16,0,16,1
2020-04-02,Monterey,053,433212,86,50,0,50,2
2020-04-02,Napa,055,140530,39,13,0,13,0
2020-04-02,Nevada,057,99092,35,17,1,18,0
2020-04-02,Orange,059,3164182,1468,640,13,653,12
2020-04-02,Placer,061,380077,130,72,0,72,2
2020-04-02,Plumas,063,18699,3,1,0,1,0
2020-04-02,Riverside,065,2383286,1596,438,13,451,13
2020-04-02,Sacramento,067,1510023,694,322,0,322,9
2020-04-02,San Benito,069,59416,32,18,0,18,1
2020-04-02,San Bernardino,071,2135413,880,335,0,335,8
2020-04-02,San Diego,073,3302833,1732,968,0,968,16
2020-04-02,San Francisco,075,870044,830,473,0,473,6
2020-04-02,San Joaquin,077,732212,263,148,3,151,9
2020-04-02,San Luis Obispo,079,281455,139,79,1,80,0
2020-04-02,San Mateo,081,765935,779,423,2,425,13
2020-04-02,Santa Barbara,083,443738,249,125,1,126,1
2020-04-02,Santa Clara,085,1922200,1521,908,4,912,38
2020-04-02,Santa Cruz,087,273765,96,49,0,49,1
2020-04-02,Shasta,089,179085,26,7,0,7,1
2020-04-02,Sierra,091,2930,0,0,0,0,0
2020-04-02,Siskiyou,093,43540,4,3,0,3,0
2020-04-02,Solano,095,438530,136,65,0,65,0
2020-04-02,Sonoma,097,501317,157,76,0,76,1
2020-04-02,Stanislaus,099,539301,128,40,3,43,0
2020-04-02,Sutter,101,95872,21,10,0,10,1
2020-04-02,Tehama,103,63373,1,1,0,1,0
2020-04-02,Trinity,105,12862,0,0,0,0,0
2020-04-02,Tulare,107,460477,220,64,5,69,1
2020-04-02,Tuolumne,109,53932,3,1,0,1,0
2020-04-02,Ventura,111,848112,336,178,0,178,5
2020-04-02,Yolo,113,214977,72,29,0,29,1
2020-04-02,Yuba,115,75493,10,5,0,5,0
2020-04-01,Alameda,001,1643700,781,287,1,288,8
2020-04-01,Alpine,002,1148,1,1,0,1,0
2020-04-01,Amador,005,37829,5,1,0,1,0
2020-04-01,Butte,007,227075,16,6,1,7,0
2020-04-01,Calaveras,009,45235,6,3,0,3,0
2020-04-01,Colusa,011,21464,3,1,0,1,0
2020-04-01,Contra Costa,013,1133247,524,267,0,267,3
2020-04-01,Del Norte,015,27424,2,0,0,0,0
2020-04-01,El Dorado,017,186661,37,14,0,14,0
2020-04-01,Fresno,019,978130,277,75,3,78,0
2020-04-01,Glenn,021,27897,3,2,0,2,0
2020-04-01,Humboldt,023,135768,51,19,0,19,0
2020-04-01,Imperial,025,180216,95,25,0,25,0
2020-04-01,Inyo,027,18085,10,8,0,8,0
2020-04-01,Kern,029,883053,305,53,0,53,0
2020-04-01,Kings,031,150075,32,3,0,3,0
2020-04-01,Lake,033,64148,3,0,0,0,0
2020-04-01,Lassen,035,31185,3,0,2,2,0
2020-04-01,Los Angeles,037,10098052,7772,3502,14,3516,66
2020-04-01,Madera,039,155013,50,17,0,17,1
2020-04-01,Marin,041,260295,146,87,0,87,1
2020-04-01,Mariposa,043,17540,0,0,0,0,0
2020-04-01,Mendocino,045,87422,5,4,0,4,0
2020-04-01,Merced,047,269075,54,7,0,7,0
2020-04-01,Modoc,049,8938,0,0,0,0,0
2020-04-01,Mono,051,14174,28,12,0,12,1
2020-04-01,Monterey,053,433212,85,47,0,47,2
2020-04-01,Napa,055,140530,36,11,0,11,0
2020-04-01,Nevada,057,99092,35,15,1,16,0
2020-04-01,Orange,059,3164182,1416,579,13,592,11
2020-04-01,Placer,061,380077,128,52,0,52,2
2020-04-01,Plumas,063,18699,3,1,0,1,0
2020-04-01,Riverside,065,2383286,1428,306,12,318,11
2020-04-01,Sacramento,067,1510023,661,299,0,299,8
2020-04-01,San Benito,069,59416,29,14,0,14,1
2020-04-01,San Bernardino,071,2135413,831,245,0,245,5
2020-04-01,San Diego,073,3302833,1662,851,0,851,11
2020-04-01,San Francisco,075,870044,802,432,0,432,6
2020-04-01,San Joaquin,077,732212,251,132,3,135,8
2020-04-01,San Luis Obispo,079,281455,133,69,1,70,0
2020-04-01,San Mateo,081,765935,761,354,2,356,13
2020-04-01,Santa Barbara,083,443738,236,103,1,104,0
2020-04-01,Santa Clara,085,1922200,1479,805,4,809,33
2020-04-01,Santa Cruz,087,273765,91,44,0,44,1
2020-04-01,Shasta,089,179085,25,5,0,5,1
2020-04-01,Sierra,091,2930,0,0,0,0,0
2020-04-01,Siskiyou,093,43540,4,3,0,3,0
2020-04-01,Solano,095,438530,131,57,0,57,0
2020-04-01,Sonoma,097,501317,153,60,0,60,1
2020-04-01,Stanislaus,099,539301,117,29,3,32,0
2020-04-01,Sutter,101,95872,21,9,0,9,1
2020-04-01,Tehama,103,63373,1,0,0,0,0
2020-04-01,Trinity,105,12862,0,0,0,0,0
2020-04-01,Tulare,107,460477,182,43,5,48,1
2020-04-01,Tuolumne,109,53932,3,1,0,1,0
2020-04-01,Ventura,111,848112,323,154,0,154,5
2020-04-01,Yolo,113,214977,67,22,0,22,1
2020-04-01,Yuba,115,75493,9,5,0,5,0
2020-03-31,Alameda,001,1643700,715,269,1,270,7
2020-03-31,Alpine,002,1148,1,1,0,1,0
2020-03-31,Amador,005,37829,5,1,0,1,0
2020-03-31,Butte,007,227075,16,6,1,7,0
2020-03-31,Calaveras,009,45235,6,3,0,3,0
2020-03-31,Colusa,011,21464,3,1,0,1,0
2020-03-31,Contra Costa,013,1133247,499,246,0,246,3
2020-03-31,Del Norte,015,27424,1,0,0,0,0
2020-03-31,El Dorado,017,186661,33,14,0,14,0
2020-03-31,Fresno,019,978130,252,59,3,62,0
2020-03-31,Glenn,021,27897,3,2,0,2,0
2020-03-31,Humboldt,023,135768,51,18,0,18,0
2020-03-31,Imperial,025,180216,89,17,0,17,0
2020-03-31,Inyo,027,18085,10,8,0,8,0
2020-03-31,Kern,029,883053,281,47,0,47,0
2020-03-31,Kings,031,150075,30,2,0,2,0
2020-03-31,Lake,033,64148,1,0,0,0,0
2020-03-31,Lassen,035,31185,3,0,2,2,0
2020-03-31,Los Angeles,037,10098052,7108,3001,14,3015,53
2020-03-31,Madera,039,155013,49,17,0,17,1
2020-03-31,Marin,041,260295,137,85,0,85,1
2020-03-31,Mariposa,043,17540,0,0,0,0,0
2020-03-31,Mendocino,045,87422,5,4,0,4,0
2020-03-31,Merced,047,269075,45,6,0,6,0
2020-03-31,Modoc,049,8938,0,0,0,0,0
2020-03-31,Mono,051,14174,26,12,0,12,0
2020-03-31,Monterey,053,433212,83,43,0,43,2
2020-03-31,Napa,055,140530,35,9,0,9,0
2020-03-31,Nevada,057,99092,35,15,1,16,0
2020-03-31,Orange,059,3164182,1346,506,13,519,7
2020-03-31,Placer,061,380077,121,49,0,49,2
2020-03-31,Plumas,063,18699,1,0,0,0,0
2020-03-31,Riverside,065,2383286,1284,284,12,296,8
2020-03-31,Sacramento,067,1510023,609,271,0,271,8
2020-03-31,San Benito,069,59416,29,14,0,14,1
2020-03-31,San Bernardino,071,2135413,746,193,0,193,5
2020-03-31,San Diego,073,3302833,1580,736,0,736,9
2020-03-31,San Francisco,075,870044,767,404,0,404,5
2020-03-31,San Joaquin,077,732212,235,122,3,125,7
2020-03-31,San Luis Obispo,079,281455,129,67,1,68,0
2020-03-31,San Mateo,081,765935,742,297,2,299,12
2020-03-31,Santa Barbara,083,443738,221,89,1,90,0
2020-03-31,Santa Clara,085,1922200,1429,777,4,781,30
2020-03-31,Santa Cruz,087,273765,84,40,0,40,1
2020-03-31,Shasta,089,179085,22,5,0,5,1
2020-03-31,Sierra,091,2930,0,0,0,0,0
2020-03-31,Siskiyou,093,43540,4,3,0,3,0
2020-03-31,Solano,095,438530,117,56,0,56,0
2020-03-31,Sonoma,097,501317,148,58,0,58,1
2020-03-31,Stanislaus,099,539301,102,28,3,31,0
2020-03-31,Sutter,101,95872,21,8,0,8,0
2020-03-31,Tehama,103,63373,1,0,0,0,0
2020-03-31,Trinity,105,12862,0,0,0,0,0
2020-03-31,Tulare,107,460477,159,42,4,46,1
2020-03-31,Tuolumne,109,53932,3,1,0,1,0
2020-03-31,Ventura,111,848112,312,143,0,143,4
2020-03-31,Yolo,113,214977,60,21,0,21,1
2020-03-31,Yuba,115,75493,9,5,0,5,0
2020-03-30,Alameda,001,1643700,676,250,1,251,7
2020-03-30,Alpine,002,1148,1,1,0,1,0
2020-03-30,Amador,005,37829,5,1,0,1,0
2020-03-30,Butte,007,227075,15,5,1,6,0
2020-03-30,Calaveras,009,45235,6,3,0,3,0
2020-03-30,Colusa,011,21464,3,1,0,1,0
2020-03-30,Contra Costa,013,1133247,473,212,0,212,3
2020-03-30,Del Norte,015,27424,0,0,0,0,0
2020-03-30,El Dorado,017,186661,33,11,0,11,0
2020-03-30,Fresno,019,978130,227,46,3,49,0
2020-03-30,Glenn,021,27897,3,2,0,2,0
2020-03-30,Humboldt,023,135768,49,11,0,11,0
2020-03-30,Imperial,025,180216,86,9,0,9,0
2020-03-30,Inyo,027,18085,10,5,0,5,0
2020-03-30,Kern,029,883053,248,30,0,30,0
2020-03-30,Kings,031,150075,30,1,0,1,0
2020-03-30,Lake,033,64148,1,0,0,0,0
2020-03-30,Lassen,035,31185,3,0,1,1,0
2020-03-30,Los Angeles,037,10098052,6446,2467,14,2481,44
2020-03-30,Madera,039,155013,48,14,0,14,1
2020-03-30,Marin,041,260295,130,78,0,78,0
2020-03-30,Mariposa,043,17540,0,0,0,0,0
2020-03-30,Mendocino,045,87422,5,2,0,2,0
2020-03-30,Merced,047,269075,41,6,0,6,0
2020-03-30,Modoc,049,8938,0,0,0,0,0
2020-03-30,Mono,051,14174,26,11,0,11,0
2020-03-30,Monterey,053,433212,78,41,0,41,1
2020-03-30,Napa,055,140530,34,9,0,9,0
2020-03-30,Nevada,057,99092,34,14,1,15,0
2020-03-30,Orange,059,3164182,1281,418,13,431,5
2020-03-30,Placer,061,380077,118,44,0,44,2
2020-03-30,Plumas,063,18699,1,0,0,0,0
2020-03-30,Riverside,065,2383286,1203,204,12,216,7
2020-03-30,Sacramento,067,1510023,585,238,0,238,8
2020-03-30,San Benito,069,59416,29,11,0,11,1
2020-03-30,San Bernardino,071,2135413,702,145,0,145,4
2020-03-30,San Diego,073,3302833,1510,605,0,605,7
2020-03-30,San Francisco,075,870044,727,368,0,368,5
2020-03-30,San Joaquin,077,732212,228,112,3,115,5
2020-03-30,San Luis Obispo,079,281455,126,62,1,63,0
2020-03-30,San Mateo,081,765935,717,257,2,259,11
2020-03-30,Santa Barbara,083,443738,212,79,1,80,0
2020-03-30,Santa Clara,085,1922200,1398,745,3,748,31
2020-03-30,Santa Cruz,087,273765,81,36,0,36,1
2020-03-30,Shasta,089,179085,21,4,0,4,1
2020-03-30,Sierra,091,2930,0,0,0,0,0
2020-03-30,Siskiyou,093,43540,4,2,0,2,0
2020-03-30,Solano,095,438530,111,50,0,50,0
2020-03-30,Sonoma,097,501317,145,57,0,57,1
2020-03-30,Stanislaus,099,539301,95,28,3,31,0
2020-03-30,Sutter,101,95872,20,6,0,6,0
2020-03-30,Tehama,103,63373,1,0,0,0,0
2020-03-30,Trinity,105,12862,0,0,0,0,0
2020-03-30,Tulare,107,460477,147,40,3,43,1
2020-03-30,Tuolumne,109,53932,3,1,0,1,0
2020-03-30,Ventura,111,848112,301,118,0,118,2
2020-03-30,Yolo,113,214977,57,17,0,17,1
2020-03-30,Yuba,115,75493,8,5,0,5,0
2020-03-29,Alameda,001,1643700,642,207,1,208,6
2020-03-29,Alpine,002,1148,1,0,0,0,0
2020-03-29,Amador,005,37829,5,1,0,1,0
2020-03-29,Butte,007,227075,15,4,1,5,0
2020-03-29,Calaveras,009,45235,6,2,0,2,0
2020-03-29,Colusa,011,21464,3,1,0,1,0
2020-03-29,Contra Costa,013,1133247,443,187,0,187,3
2020-03-29,Del Norte,015,27424,0,0,0,0,0
2020-03-29,El Dorado,017,186661,32,9,0,9,0
2020-03-29,Fresno,019,978130,203,31,3,34,0
2020-03-29,Glenn,021,27897,2,1,0,1,0
2020-03-29,Humboldt,023,135768,46,9,0,9,0
2020-03-29,Imperial,025,180216,79,9,0,9,0
2020-03-29,Inyo,027,18085,9,0,0,0,0
2020-03-29,Kern,029,883053,230,20,0,20,0
2020-03-29,Kings,031,150075,27,1,0,1,0
2020-03-29,Lake,033,64148,0,0,0,0,0
2020-03-29,Lassen,035,31185,3,0,1,1,0
2020-03-29,Los Angeles,037,10098052,5796,2119,13,2132,37
2020-03-29,Madera,039,155013,43,11,0,11,1
2020-03-29,Marin,041,260295,125,60,0,60,0
2020-03-29,Mariposa,043,17540,0,0,0,0,0
2020-03-29,Mendocino,045,87422,5,2,0,2,0
2020-03-29,Merced,047,269075,38,4,0,4,0
2020-03-29,Modoc,049,8938,0,0,0,0,0
2020-03-29,Mono,051,14174,26,8,0,8,0
2020-03-29,Monterey,053,433212,73,36,0,36,1
2020-03-29,Napa,055,140530,32,5,0,5,0
2020-03-29,Nevada,057,99092,32,13,1,14,0
2020-03-29,Orange,059,3164182,1208,343,13,356,2
2020-03-29,Placer,061,380077,117,35,0,35,2
2020-03-29,Plumas,063,18699,1,0,0,0,0
2020-03-29,Riverside,065,2383286,1079,122,12,134,7
2020-03-29,Sacramento,067,1510023,545,217,0,217,7
2020-03-29,San Benito,069,59416,28,10,0,10,1
2020-03-29,San Bernardino,071,2135413,650,94,0,94,2
2020-03-29,San Diego,073,3302833,1438,521,0,521,7
2020-03-29,San Francisco,075,870044,683,333,0,333,5
2020-03-29,San Joaquin,077,732212,219,86,3,89,4
2020-03-29,San Luis Obispo,079,281455,119,55,0,55,0
2020-03-29,San Mateo,081,765935,692,234,2,236,12
2020-03-29,Santa Barbara,083,443738,204,52,1,53,0
2020-03-29,Santa Clara,085,1922200,1341,591,3,594,30
2020-03-29,Santa Cruz,087,273765,81,33,0,33,1
2020-03-29,Shasta,089,179085,20,4,0,4,1
2020-03-29,Sierra,091,2930,0,0,0,0,0
2020-03-29,Siskiyou,093,43540,4,2,0,2,0
2020-03-29,Solano,095,438530,103,48,0,48,0
2020-03-29,Sonoma,097,501317,143,35,0,35,1
2020-03-29,Stanislaus,099,539301,90,19,3,22,0
2020-03-29,Sutter,101,95872,17,6,0,6,0
2020-03-29,Tehama,103,63373,1,0,0,0,0
2020-03-29,Trinity,105,12862,0,0,0,0,0
2020-03-29,Tulare,107,460477,122,24,3,27,1
2020-03-29,Tuolumne,109,53932,2,1,0,1,0
2020-03-29,Ventura,111,848112,274,92,0,92,2
2020-03-29,Yolo,113,214977,52,13,0,13,1
2020-03-29,Yuba,115,75493,8,3,0,3,0
2020-03-28,Alameda,001,1643700,615,410,1,411,12
2020-03-28,Alpine,002,1148,1,0,0,0,0
2020-03-28,Amador,005,37829,5,2,0,2,0
2020-03-28,Butte,007,227075,15,8,1,9,0
2020-03-28,Calaveras,009,45235,6,4,0,4,0
2020-03-28,Colusa,011,21464,3,2,0,2,0
2020-03-28,Contra Costa,013,1133247,420,350,0,350,4
2020-03-28,Del Norte,015,27424,0,0,0,0,0
2020-03-28,El Dorado,017,186661,31,18,0,18,0
2020-03-28,Fresno,019,978130,193,62,3,65,0
2020-03-28,Glenn,021,27897,2,2,0,2,0
2020-03-28,Humboldt,023,135768,46,18,0,18,0
2020-03-28,Imperial,025,180216,74,18,0,18,0
2020-03-28,Inyo,027,18085,9,0,0,0,0
2020-03-28,Kern,029,883053,213,40,0,40,0
2020-03-28,Kings,031,150075,26,2,0,2,0
2020-03-28,Lake,033,64148,0,0,0,0,0
2020-03-28,Lassen,035,31185,3,0,1,1,0
2020-03-28,Los Angeles,037,10098052,5411,3600,12,3612,64
2020-03-28,Madera,039,155013,43,22,0,22,2
2020-03-28,Marin,041,260295,120,116,0,116,0
2020-03-28,Mariposa,043,17540,0,0,0,0,0
2020-03-28,Mendocino,045,87422,5,4,0,4,0
2020-03-28,Merced,047,269075,37,8,0,8,0
2020-03-28,Modoc,049,8938,0,0,0,0,0
2020-03-28,Mono,051,14174,24,12,0,12,0
2020-03-28,Monterey,053,433212,72,64,0,64,2
2020-03-28,Napa,055,140530,27,10,0,10,0
2020-03-28,Nevada,057,99092,32,22,1,23,0
2020-03-28,Orange,059,3164182,1172,656,13,669,4
2020-03-28,Placer,061,380077,112,70,0,70,2
2020-03-28,Plumas,063,18699,1,0,0,0,0
2020-03-28,Riverside,065,2383286,1011,242,12,254,14
2020-03-28,Sacramento,067,1510023,527,406,0,406,14
2020-03-28,San Benito,069,59416,28,20,0,20,2
2020-03-28,San Bernardino,071,2135413,603,162,0,162,4
2020-03-28,San Diego,073,3302833,1379,980,0,980,14
2020-03-28,San Francisco,075,870044,659,600,0,600,6
2020-03-28,San Joaquin,077,732212,212,166,3,169,8
2020-03-28,San Luis Obispo,079,281455,117,104,0,104,0
2020-03-28,San Mateo,081,765935,672,462,2,464,17
2020-03-28,Santa Barbara,083,443738,194,98,1,99,0
2020-03-28,Santa Clara,085,1922200,1322,1174,3,1177,54
2020-03-28,Santa Cruz,087,273765,80,62,0,62,0
2020-03-28,Shasta,089,179085,20,8,0,8,2
2020-03-28,Sierra,091,2930,0,0,0,0,0
2020-03-28,Siskiyou,093,43540,4,4,0,4,0
2020-03-28,Solano,095,438530,99,96,0,96,0
2020-03-28,Sonoma,097,501317,141,70,0,70,2
2020-03-28,Stanislaus,099,539301,85,34,3,37,0
2020-03-28,Sutter,101,95872,17,6,0,6,0
2020-03-28,Tehama,103,63373,1,0,0,0,0
2020-03-28,Trinity,105,12862,0,0,0,0,0
2020-03-28,Tulare,107,460477,114,46,3,49,0
2020-03-28,Tuolumne,109,53932,2,2,0,2,0
2020-03-28,Ventura,111,848112,270,178,0,178,4
2020-03-28,Yolo,113,214977,51,26,0,26,2
2020-03-28,Yuba,115,75493,8,6,0,6,0
2020-03-27,Alameda,001,1643700,596,185,1,186,4
2020-03-27,Alpine,002,1148,1,0,0,0,0
2020-03-27,Amador,005,37829,4,1,0,1,0
2020-03-27,Butte,007,227075,13,4,1,5,0
2020-03-27,Calaveras,009,45235,6,2,0,2,0
2020-03-27,Colusa,011,21464,3,0,0,0,0
2020-03-27,Contra Costa,013,1133247,399,161,0,161,2
2020-03-27,Del Norte,015,27424,0,0,0,0,0
2020-03-27,El Dorado,017,186661,29,9,0,9,0
2020-03-27,Fresno,019,978130,181,29,2,31,0
2020-03-27,Glenn,021,27897,2,0,0,0,0
2020-03-27,Humboldt,023,135768,42,9,0,9,0
2020-03-27,Imperial,025,180216,69,9,0,9,0
2020-03-27,Inyo,027,18085,9,0,0,0,0
2020-03-27,Kern,029,883053,200,20,0,20,0
2020-03-27,Kings,031,150075,25,0,0,0,0
2020-03-27,Lake,033,64148,0,0,0,0,0
2020-03-27,Lassen,035,31185,3,0,1,1,0
2020-03-27,Los Angeles,037,10098052,5003,1474,12,1486,26
2020-03-27,Madera,039,155013,41,10,0,10,1
2020-03-27,Marin,041,260295,115,58,0,58,0
2020-03-27,Mariposa,043,17540,0,0,0,0,0
2020-03-27,Mendocino,045,87422,5,2,0,2,0
2020-03-27,Merced,047,269075,35,3,0,3,0
2020-03-27,Modoc,049,8938,0,0,0,0,0
2020-03-27,Mono,051,14174,24,6,0,6,0
2020-03-27,Monterey,053,433212,69,26,0,26,1
2020-03-27,Napa,055,140530,27,5,0,5,0
2020-03-27,Nevada,057,99092,32,6,1,7,0
2020-03-27,Orange,059,3164182,1122,299,13,312,2
2020-03-27,Placer,061,380077,109,33,0,33,1
2020-03-27,Plumas,063,18699,0,0,0,0,0
2020-03-27,Riverside,065,2383286,955,121,12,133,7
2020-03-27,Sacramento,067,1510023,504,163,0,163,6
2020-03-27,San Benito,069,59416,27,9,0,9,1
2020-03-27,San Bernardino,071,2135413,513,77,0,77,2
2020-03-27,San Diego,073,3302833,1322,419,0,419,5
2020-03-27,San Francisco,075,870044,634,285,0,285,2
2020-03-27,San Joaquin,077,732212,201,73,3,76,3
2020-03-27,San Luis Obispo,079,281455,115,46,0,46,0
2020-03-27,San Mateo,081,765935,646,213,2,215,7
2020-03-27,Santa Barbara,083,443738,180,37,1,38,0
2020-03-27,Santa Clara,085,1922200,1284,557,3,560,25
2020-03-27,Santa Cruz,087,273765,79,31,0,31,0
2020-03-27,Shasta,089,179085,17,3,0,3,1
2020-03-27,Sierra,091,2930,0,0,0,0,0
2020-03-27,Siskiyou,093,43540,4,2,0,2,0
2020-03-27,Solano,095,438530,93,48,0,48,0
2020-03-27,Sonoma,097,501317,133,35,0,35,1
2020-03-27,Stanislaus,099,539301,83,16,3,19,0
2020-03-27,Sutter,101,95872,16,2,0,2,0
2020-03-27,Tehama,103,63373,1,0,0,0,0
2020-03-27,Trinity,105,12862,0,0,0,0,0
2020-03-27,Tulare,107,460477,106,15,3,18,0
2020-03-27,Tuolumne,109,53932,2,1,0,1,0
2020-03-27,Ventura,111,848112,261,80,0,80,2
2020-03-27,Yolo,113,214977,50,13,0,13,1
2020-03-27,Yuba,115,75493,7,3,0,3,0
2020-03-26,Alameda,001,1643700,556,172,1,173,4
2020-03-26,Alpine,002,1148,1,0,0,0,0
2020-03-26,Amador,005,37829,4,1,0,1,0
2020-03-26,Butte,007,227075,13,4,1,5,0
2020-03-26,Calaveras,009,45235,6,2,0,2,0
2020-03-26,Colusa,011,21464,3,0,0,0,0
2020-03-26,Contra Costa,013,1133247,388,147,0,147,2
2020-03-26,Del Norte,015,27424,0,0,0,0,0
2020-03-26,El Dorado,017,186661,27,7,0,7,0
2020-03-26,Fresno,019,978130,172,25,2,27,0
2020-03-26,Glenn,021,27897,2,0,0,0,0
2020-03-26,Humboldt,023,135768,38,8,0,8,0
2020-03-26,Imperial,025,180216,65,8,0,8,0
2020-03-26,Inyo,027,18085,8,0,0,0,0
2020-03-26,Kern,029,883053,184,20,0,20,0
2020-03-26,Kings,031,150075,25,0,0,0,0
2020-03-26,Lake,033,64148,0,0,0,0,0
2020-03-26,Lassen,035,31185,3,0,1,1,0
2020-03-26,Los Angeles,037,10098052,4596,1075,12,1087,19
2020-03-26,Madera,039,155013,39,8,0,8,0
2020-03-26,Marin,041,260295,106,56,0,56,0
2020-03-26,Mariposa,043,17540,0,0,0,0,0
2020-03-26,Mendocino,045,87422,4,1,0,1,0
2020-03-26,Merced,047,269075,32,1,0,1,0
2020-03-26,Modoc,049,8938,0,0,0,0,0
2020-03-26,Mono,051,14174,23,5,0,5,0
2020-03-26,Monterey,053,433212,66,25,0,25,1
2020-03-26,Napa,055,140530,26,5,0,5,0
2020-03-26,Nevada,057,99092,32,7,1,8,0
2020-03-26,Orange,059,3164182,1060,279,11,290,1
2020-03-26,Placer,061,380077,106,34,0,34,1
2020-03-26,Plumas,063,18699,0,0,0,0,0
2020-03-26,Riverside,065,2383286,884,118,12,130,7
2020-03-26,Sacramento,067,1510023,471,147,0,147,5
2020-03-26,San Benito,069,59416,27,8,0,8,1
2020-03-26,San Bernardino,071,2135413,447,57,0,57,1
2020-03-26,San Diego,073,3302833,1255,299,0,299,2
2020-03-26,San Francisco,075,870044,607,261,0,261,1
2020-03-26,San Joaquin,077,732212,190,69,3,72,3
2020-03-26,San Luis Obispo,079,281455,110,38,0,38,0
2020-03-26,San Mateo,081,765935,612,122,2,124,5
2020-03-26,Santa Barbara,083,443738,167,33,1,34,0
2020-03-26,Santa Clara,085,1922200,1239,487,2,489,20
2020-03-26,Santa Cruz,087,273765,75,30,0,30,0
2020-03-26,Shasta,089,179085,17,3,0,3,1
2020-03-26,Sierra,091,2930,0,0,0,0,0
2020-03-26,Siskiyou,093,43540,4,2,0,2,0
2020-03-26,Solano,095,438530,85,41,0,41,0
2020-03-26,Sonoma,097,501317,128,33,0,33,1
2020-03-26,Stanislaus,099,539301,81,15,3,18,0
2020-03-26,Sutter,101,95872,12,2,0,2,0
2020-03-26,Tehama,103,63373,1,0,0,0,0
2020-03-26,Trinity,105,12862,0,0,0,0,0
2020-03-26,Tulare,107,460477,97,15,3,18,0
2020-03-26,Tuolumne,109,53932,2,0,0,0,0
2020-03-26,Ventura,111,848112,245,70,0,70,1
2020-03-26,Yolo,113,214977,46,13,0,13,1
2020-03-26,Yuba,115,75493,7,3,0,3,0
2020-03-25,Alameda,001,1643700,535,134,1,135,3
2020-03-25,Alpine,002,1148,1,0,0,0,0
2020-03-25,Amador,005,37829,4,1,0,1,0
2020-03-25,Butte,007,227075,13,4,1,5,0
2020-03-25,Calaveras,009,45235,6,2,0,2,0
2020-03-25,Colusa,011,21464,2,0,0,0,0
2020-03-25,Contra Costa,013,1133247,374,131,0,131,1
2020-03-25,Del Norte,015,27424,0,0,0,0,0
2020-03-25,El Dorado,017,186661,27,5,0,5,0
2020-03-25,Fresno,019,978130,152,21,2,23,0
2020-03-25,Glenn,021,27897,2,0,0,0,0
2020-03-25,Humboldt,023,135768,35,3,0,3,0
2020-03-25,Imperial,025,180216,57,8,0,8,0
2020-03-25,Inyo,027,18085,5,0,0,0,0
2020-03-25,Kern,029,883053,164,13,0,13,0
2020-03-25,Kings,031,150075,23,0,0,0,0
2020-03-25,Lake,033,64148,0,0,0,0,0
2020-03-25,Lassen,035,31185,3,0,1,1,0
2020-03-25,Los Angeles,037,10098052,4196,725,12,737,10
2020-03-25,Madera,039,155013,37,6,0,6,0
2020-03-25,Marin,041,260295,100,47,0,47,0
2020-03-25,Mariposa,043,17540,0,0,0,0,0
2020-03-25,Mendocino,045,87422,3,1,0,1,0
2020-03-25,Merced,047,269075,29,0,0,0,0
2020-03-25,Modoc,049,8938,0,0,0,0,0
2020-03-25,Mono,051,14174,22,4,0,4,0
2020-03-25,Monterey,053,433212,63,23,0,23,1
2020-03-25,Napa,055,140530,26,5,0,5,0
2020-03-25,Nevada,057,99092,31,5,1,6,0
2020-03-25,Orange,059,3164182,1002,214,9,223,1
2020-03-25,Placer,061,380077,100,30,0,30,1
2020-03-25,Plumas,063,18699,0,1,0,1,0
2020-03-25,Riverside,065,2383286,813,87,12,99,5
2020-03-25,Sacramento,067,1510023,445,114,0,114,5
2020-03-25,San Benito,069,59416,26,4,0,4,1
2020-03-25,San Bernardino,071,2135413,408,46,0,46,1
2020-03-25,San Diego,073,3302833,1193,238,0,238,2
2020-03-25,San Francisco,075,870044,566,212,0,212,1
2020-03-25,San Joaquin,077,732212,177,64,3,67,2
2020-03-25,San Luis Obispo,079,281455,105,35,0,35,0
2020-03-25,San Mateo,081,765935,577,111,2,113,5
2020-03-25,Santa Barbara,083,443738,157,25,1,26,0
2020-03-25,Santa Clara,085,1922200,1195,452,2,454,20
2020-03-25,Santa Cruz,087,273765,72,26,0,26,0
2020-03-25,Shasta,089,179085,16,3,0,3,1
2020-03-25,Sierra,091,2930,0,0,0,0,0
2020-03-25,Siskiyou,093,43540,4,2,0,2,0
2020-03-25,Solano,095,438530,80,39,0,39,0
2020-03-25,Sonoma,097,501317,123,31,0,31,1
2020-03-25,Stanislaus,099,539301,74,14,3,17,0
2020-03-25,Sutter,101,95872,9,1,0,1,0
2020-03-25,Tehama,103,63373,1,0,0,0,0
2020-03-25,Trinity,105,12862,0,0,0,0,0
2020-03-25,Tulare,107,460477,87,11,3,14,0
2020-03-25,Tuolumne,109,53932,2,0,0,0,0
2020-03-25,Ventura,111,848112,229,53,0,53,1
2020-03-25,Yolo,113,214977,44,9,0,9,1
2020-03-25,Yuba,115,75493,7,2,0,2,0
2020-03-24,Alameda,001,1643700,503,96,1,97,2
2020-03-24,Alpine,002,1148,1,0,0,0,0
2020-03-24,Amador,005,37829,2,1,0,1,0
2020-03-24,Butte,007,227075,12,3,1,4,0
2020-03-24,Calaveras,009,45235,5,2,0,2,0
2020-03-24,Colusa,011,21464,2,0,0,0,0
2020-03-24,Contra Costa,013,1133247,361,108,0,108,1
2020-03-24,Del Norte,015,27424,0,0,0,0,0
2020-03-24,El Dorado,017,186661,27,3,0,3,0
2020-03-24,Fresno,019,978130,133,18,2,20,0
2020-03-24,Glenn,021,27897,2,0,0,0,0
2020-03-24,Humboldt,023,135768,33,2,0,2,0
2020-03-24,Imperial,025,180216,54,3,0,3,0
2020-03-24,Inyo,027,18085,5,0,0,0,0
2020-03-24,Kern,029,883053,144,5,0,5,0
2020-03-24,Kings,031,150075,22,0,0,0,0
2020-03-24,Lake,033,64148,0,0,0,0,0
2020-03-24,Lassen,035,31185,3,0,1,1,0
2020-03-24,Los Angeles,037,10098052,3752,633,12,645,7
2020-03-24,Madera,039,155013,36,6,0,6,0
2020-03-24,Marin,041,260295,89,44,0,44,0
2020-03-24,Mariposa,043,17540,0,0,0,0,0
2020-03-24,Mendocino,045,87422,3,1,0,1,0
2020-03-24,Merced,047,269075,26,0,0,0,0
2020-03-24,Modoc,049,8938,0,0,0,0,0
2020-03-24,Mono,051,14174,21,1,0,1,0
2020-03-24,Monterey,053,433212,59,23,0,23,1
2020-03-24,Napa,055,140530,23,2,0,2,0
2020-03-24,Nevada,057,99092,30,4,1,5,0
2020-03-24,Orange,059,3164182,940,166,9,175,0
2020-03-24,Placer,061,380077,93,22,0,22,1
2020-03-24,Plumas,063,18699,0,1,0,1,0
2020-03-24,Riverside,065,2383286,746,56,12,68,5
2020-03-24,Sacramento,067,1510023,426,93,0,93,4
2020-03-24,San Benito,069,59416,25,4,0,4,1
2020-03-24,San Bernardino,071,2135413,364,27,0,27,0
2020-03-24,San Diego,073,3302833,1126,231,0,231,2
2020-03-24,San Francisco,075,870044,534,181,0,181,1
2020-03-24,San Joaquin,077,732212,166,52,3,55,2
2020-03-24,San Luis Obispo,079,281455,102,32,0,32,0
2020-03-24,San Mateo,081,765935,536,100,2,102,2
2020-03-24,Santa Barbara,083,443738,151,20,1,21,0
2020-03-24,Santa Clara,085,1922200,1126,389,2,391,17
2020-03-24,Santa Cruz,087,273765,67,22,0,22,0
2020-03-24,Shasta,089,179085,15,3,0,3,0
2020-03-24,Sierra,091,2930,0,0,0,0,0
2020-03-24,Siskiyou,093,43540,4,2,0,2,0
2020-03-24,Solano,095,438530,78,34,0,34,0
2020-03-24,Sonoma,097,501317,116,27,0,27,1
2020-03-24,Stanislaus,099,539301,65,13,3,16,0
2020-03-24,Sutter,101,95872,9,0,0,0,0
2020-03-24,Tehama,103,63373,1,0,0,0,0
2020-03-24,Trinity,105,12862,0,0,0,0,0
2020-03-24,Tulare,107,460477,77,10,3,13,0
2020-03-24,Tuolumne,109,53932,2,0,0,0,0
2020-03-24,Ventura,111,848112,213,44,0,44,1
2020-03-24,Yolo,113,214977,40,8,0,8,0
2020-03-24,Yuba,115,75493,7,2,0,2,0
2020-03-23,Alameda,001,1643700,471,88,1,89,1
2020-03-23,Alpine,002,1148,1,0,0,0,0
2020-03-23,Amador,005,37829,2,1,0,1,0
2020-03-23,Butte,007,227075,12,2,0,2,0
2020-03-23,Calaveras,009,45235,5,2,0,2,0
2020-03-23,Colusa,011,21464,1,0,0,0,0
2020-03-23,Contra Costa,013,1133247,341,91,0,91,2
2020-03-23,Del Norte,015,27424,0,0,0,0,0
2020-03-23,El Dorado,017,186661,26,3,0,3,0
2020-03-23,Fresno,019,978130,123,10,2,12,0
2020-03-23,Glenn,021,27897,2,0,0,0,0
2020-03-23,Humboldt,023,135768,31,2,0,2,0
2020-03-23,Imperial,025,180216,50,2,0,2,0
2020-03-23,Inyo,027,18085,3,0,0,0,0
2020-03-23,Kern,029,883053,130,5,0,5,0
2020-03-23,Kings,031,150075,22,0,0,0,0
2020-03-23,Lake,033,64148,0,0,0,0,0
2020-03-23,Lassen,035,31185,3,0,1,1,0
2020-03-23,Los Angeles,037,10098052,3444,389,11,400,4
2020-03-23,Madera,039,155013,36,4,0,4,0
2020-03-23,Marin,041,260295,84,30,0,30,0
2020-03-23,Mariposa,043,17540,0,0,0,0,0
2020-03-23,Mendocino,045,87422,3,1,0,1,0
2020-03-23,Merced,047,269075,19,0,0,0,0
2020-03-23,Modoc,049,8938,0,0,0,0,0
2020-03-23,Mono,051,14174,19,1,0,1,0
2020-03-23,Monterey,053,433212,54,14,0,14,1
2020-03-23,Napa,055,140530,21,1,0,1,0
2020-03-23,Nevada,057,99092,27,2,1,3,0
2020-03-23,Orange,059,3164182,885,138,7,145,0
2020-03-23,Placer,061,380077,90,19,0,19,1
2020-03-23,Plumas,063,18699,0,0,0,0,0
2020-03-23,Riverside,065,2383286,703,39,12,51,5
2020-03-23,Sacramento,067,1510023,393,87,0,87,4
2020-03-23,San Benito,069,59416,24,4,0,4,1
2020-03-23,San Bernardino,071,2135413,334,17,0,17,0
2020-03-23,San Diego,073,3302833,1067,178,0,178,1
2020-03-23,San Francisco,075,870044,505,152,0,152,0
2020-03-23,San Joaquin,077,732212,154,37,3,40,2
2020-03-23,San Luis Obispo,079,281455,96,23,0,23,0
2020-03-23,San Mateo,081,765935,497,88,2,90,1
2020-03-23,Santa Barbara,083,443738,133,18,1,19,0
2020-03-23,Santa Clara,085,1922200,1077,336,2,338,13
2020-03-23,Santa Cruz,087,273765,65,21,0,21,0
2020-03-23,Shasta,089,179085,13,2,0,2,0
2020-03-23,Sierra,091,2930,0,0,0,0,0
2020-03-23,Siskiyou,093,43540,4,2,0,2,0
2020-03-23,Solano,095,438530,74,33,0,33,0
2020-03-23,Sonoma,097,501317,104,19,0,19,1
2020-03-23,Stanislaus,099,539301,57,10,3,13,0
2020-03-23,Sutter,101,95872,9,0,0,0,0
2020-03-23,Tehama,103,63373,1,0,0,0,0
2020-03-23,Trinity,105,12862,0,0,0,0,0
2020-03-23,Tulare,107,460477,68,9,3,12,0
2020-03-23,Tuolumne,109,53932,2,0,0,0,0
2020-03-23,Ventura,111,848112,196,30,0,30,0
2020-03-23,Yolo,113,214977,39,8,0,8,0
2020-03-23,Yuba,115,75493,7,2,0,2,0
2020-03-22,Alameda,001,1643700,432,72,1,73,1
2020-03-22,Alpine,002,1148,1,0,0,0,0
2020-03-22,Amador,005,37829,2,1,0,1,0
2020-03-22,Butte,007,227075,8,1,0,1,0
2020-03-22,Calaveras,009,45235,4,2,0,2,0
2020-03-22,Colusa,011,21464,1,0,0,0,0
2020-03-22,Contra Costa,013,1133247,314,79,0,79,1
2020-03-22,Del Norte,015,27424,0,0,0,0,0
2020-03-22,El Dorado,017,186661,24,1,0,1,0
2020-03-22,Fresno,019,978130,103,8,2,10,0
2020-03-22,Glenn,021,27897,2,0,0,0,0
2020-03-22,Humboldt,023,135768,28,1,0,1,0
2020-03-22,Imperial,025,180216,48,2,0,2,0
2020-03-22,Inyo,027,18085,1,0,0,0,0
2020-03-22,Kern,029,883053,114,3,0,3,0
2020-03-22,Kings,031,150075,19,0,0,0,0
2020-03-22,Lake,033,64148,0,0,0,0,0
2020-03-22,Lassen,035,31185,3,0,1,1,0
2020-03-22,Los Angeles,037,10098052,3114,384,11,395,3
2020-03-22,Madera,039,155013,33,4,0,4,0
2020-03-22,Marin,041,260295,74,30,0,30,0
2020-03-22,Mariposa,043,17540,0,0,0,0,0
2020-03-22,Mendocino,045,87422,3,1,0,1,0
2020-03-22,Merced,047,269075,16,0,0,0,0
2020-03-22,Modoc,049,8938,0,0,0,0,0
2020-03-22,Mono,051,14174,14,1,0,1,0
2020-03-22,Monterey,053,433212,51,14,0,14,1
2020-03-22,Napa,055,140530,17,1,0,1,0
2020-03-22,Nevada,057,99092,23,2,1,3,0
2020-03-22,Orange,059,3164182,812,102,4,106,0
2020-03-22,Placer,061,380077,88,18,0,18,1
2020-03-22,Plumas,063,18699,0,0,0,0,0
2020-03-22,Riverside,065,2383286,613,26,8,34,5
2020-03-22,Sacramento,067,1510023,361,82,0,82,4
2020-03-22,San Benito,069,59416,19,4,0,4,1
2020-03-22,San Bernardino,071,2135413,290,16,0,16,0
2020-03-22,San Diego,073,3302833,979,161,0,161,0
2020-03-22,San Francisco,075,870044,468,134,0,134,0
2020-03-22,San Joaquin,077,732212,140,30,3,33,2
2020-03-22,San Luis Obispo,079,281455,89,19,0,19,0
2020-03-22,San Mateo,081,765935,464,82,2,84,1
2020-03-22,Santa Barbara,083,443738,119,16,1,17,0
2020-03-22,Santa Clara,085,1922200,1013,284,2,286,13
2020-03-22,Santa Cruz,087,273765,64,19,0,19,0
2020-03-22,Shasta,089,179085,13,1,0,1,0
2020-03-22,Sierra,091,2930,0,0,0,0,0
2020-03-22,Siskiyou,093,43540,4,2,0,2,0
2020-03-22,Solano,095,438530,65,30,0,30,0
2020-03-22,Sonoma,097,501317,99,18,0,18,1
2020-03-22,Stanislaus,099,539301,51,8,3,11,0
2020-03-22,Sutter,101,95872,8,0,0,0,0
2020-03-22,Tehama,103,63373,0,0,0,0,0
2020-03-22,Trinity,105,12862,0,0,0,0,0
2020-03-22,Tulare,107,460477,62,5,3,8,0
2020-03-22,Tuolumne,109,53932,2,0,0,0,0
2020-03-22,Ventura,111,848112,174,26,0,26,0
2020-03-22,Yolo,113,214977,33,6,0,6,0
2020-03-22,Yuba,115,75493,7,2,0,2,0
2020-03-21,Alameda,001,1643700,408,62,1,63,0
2020-03-21,Alpine,002,1148,1,0,0,0,0
2020-03-21,Amador,005,37829,2,1,0,1,0
2020-03-21,Butte,007,227075,7,1,0,1,0
2020-03-21,Calaveras,009,45235,4,2,0,2,0
2020-03-21,Colusa,011,21464,1,0,0,0,0
2020-03-21,Contra Costa,013,1133247,303,62,0,62,1
2020-03-21,Del Norte,015,27424,0,0,0,0,0
2020-03-21,El Dorado,017,186661,21,1,0,1,0
2020-03-21,Fresno,019,978130,99,8,2,10,0
2020-03-21,Glenn,021,27897,2,0,0,0,0
2020-03-21,Humboldt,023,135768,25,1,0,1,0
2020-03-21,Imperial,025,180216,44,2,0,2,0
2020-03-21,Inyo,027,18085,1,0,0,0,0
2020-03-21,Kern,029,883053,108,3,0,3,0
2020-03-21,Kings,031,150075,19,0,0,0,0
2020-03-21,Lake,033,64148,0,0,0,0,0
2020-03-21,Lassen,035,31185,3,0,1,1,0
2020-03-21,Los Angeles,037,10098052,2838,322,11,333,2
2020-03-21,Madera,039,155013,33,4,0,4,0
2020-03-21,Marin,041,260295,69,30,0,30,0
2020-03-21,Mariposa,043,17540,0,0,0,0,0
2020-03-21,Mendocino,045,87422,3,1,0,1,0
2020-03-21,Merced,047,269075,12,0,0,0,0
2020-03-21,Modoc,049,8938,0,0,0,0,0
2020-03-21,Mono,051,14174,14,1,0,1,0
2020-03-21,Monterey,053,433212,48,8,0,8,1
2020-03-21,Napa,055,140530,17,0,0,0,0
2020-03-21,Nevada,057,99092,23,2,1,3,0
2020-03-21,Orange,059,3164182,763,85,4,89,0
2020-03-21,Placer,061,380077,78,11,0,11,1
2020-03-21,Plumas,063,18699,0,0,0,0,0
2020-03-21,Riverside,065,2383286,566,20,8,28,3
2020-03-21,Sacramento,067,1510023,334,66,0,66,3
2020-03-21,San Benito,069,59416,17,4,0,4,1
2020-03-21,San Bernardino,071,2135413,270,13,0,13,0
2020-03-21,San Diego,073,3302833,901,121,0,121,0
2020-03-21,San Francisco,075,870044,432,106,0,106,0
2020-03-21,San Joaquin,077,732212,131,26,3,29,2
2020-03-21,San Luis Obispo,079,281455,84,16,0,16,0
2020-03-21,San Mateo,081,765935,426,78,2,80,1
2020-03-21,Santa Barbara,083,443738,109,8,1,9,0
2020-03-21,Santa Clara,085,1922200,951,269,2,271,10
2020-03-21,Santa Cruz,087,273765,62,17,0,17,0
2020-03-21,Shasta,089,179085,12,1,0,1,0
2020-03-21,Sierra,091,2930,0,0,0,0,0
2020-03-21,Siskiyou,093,43540,4,0,0,0,0
2020-03-21,Solano,095,438530,63,30,0,30,0
2020-03-21,Sonoma,097,501317,98,15,0,15,1
2020-03-21,Stanislaus,099,539301,45,7,3,10,0
2020-03-21,Sutter,101,95872,7,0,0,0,0
2020-03-21,Tehama,103,63373,0,0,0,0,0
2020-03-21,Trinity,105,12862,0,0,0,0,0
2020-03-21,Tulare,107,460477,54,5,3,8,0
2020-03-21,Tuolumne,109,53932,2,0,0,0,0
2020-03-21,Ventura,111,848112,166,22,0,22,0
2020-03-21,Yolo,113,214977,33,6,0,6,0
2020-03-21,Yuba,115,75493,7,1,0,1,0
2020-03-20,Alameda,001,1643700,387,42,1,43,0
2020-03-20,Alpine,002,1148,1,0,0,0,0
2020-03-20,Amador,005,37829,1,0,0,0,0
2020-03-20,Butte,007,227075,7,0,0,0,0
2020-03-20,Calaveras,009,45235,4,2,0,2,0
2020-03-20,Colusa,011,21464,1,0,0,0,0
2020-03-20,Contra Costa,013,1133247,273,52,0,52,1
2020-03-20,Del Norte,015,27424,0,0,0,0,0
2020-03-20,El Dorado,017,186661,20,1,0,1,0
2020-03-20,Fresno,019,978130,96,7,2,9,0
2020-03-20,Glenn,021,27897,1,0,0,0,0
2020-03-20,Humboldt,023,135768,25,1,0,1,0
2020-03-20,Imperial,025,180216,43,2,0,2,0
2020-03-20,Inyo,027,18085,0,0,0,0,0
2020-03-20,Kern,029,883053,93,3,0,3,0
2020-03-20,Kings,031,150075,18,0,0,0,0
2020-03-20,Lake,033,64148,0,0,0,0,0
2020-03-20,Lassen,035,31185,3,0,1,1,0
2020-03-20,Los Angeles,037,10098052,2610,267,10,277,1
2020-03-20,Madera,039,155013,32,4,0,4,0
2020-03-20,Marin,041,260295,66,30,0,30,0
2020-03-20,Mariposa,043,17540,0,0,0,0,0
2020-03-20,Mendocino,045,87422,3,1,0,1,0
2020-03-20,Merced,047,269075,10,0,0,0,0
2020-03-20,Modoc,049,8938,0,0,0,0,0
2020-03-20,Mono,051,14174,14,0,0,0,0
2020-03-20,Monterey,053,433212,47,4,0,4,0
2020-03-20,Napa,055,140530,16,0,0,0,0
2020-03-20,Nevada,057,99092,20,2,1,3,0
2020-03-20,Orange,059,3164182,716,71,4,75,2
2020-03-20,Placer,061,380077,72,9,0,9,1
2020-03-20,Plumas,063,18699,0,0,0,0,0
2020-03-20,Riverside,065,2383286,507,19,8,27,3
2020-03-20,Sacramento,067,1510023,313,56,0,56,4
2020-03-20,San Benito,069,59416,17,4,0,4,1
2020-03-20,San Bernardino,071,2135413,243,9,0,9,0
2020-03-20,San Diego,073,3302833,849,98,0,98,0
2020-03-20,San Francisco,075,870044,399,87,0,87,0
2020-03-20,San Joaquin,077,732212,116,18,3,21,2
2020-03-20,San Luis Obispo,079,281455,80,11,0,11,0
2020-03-20,San Mateo,081,765935,396,71,2,73,1
2020-03-20,Santa Barbara,083,443738,97,7,1,8,0
2020-03-20,Santa Clara,085,1922200,915,246,2,248,8
2020-03-20,Santa Cruz,087,273765,60,13,0,13,0
2020-03-20,Shasta,089,179085,11,1,0,1,0
2020-03-20,Sierra,091,2930,0,0,0,0,0
2020-03-20,Siskiyou,093,43540,4,0,0,0,0
2020-03-20,Solano,095,438530,59,29,0,29,0
2020-03-20,Sonoma,097,501317,90,7,0,7,0
2020-03-20,Stanislaus,099,539301,39,7,3,10,0
2020-03-20,Sutter,101,95872,7,0,0,0,0
2020-03-20,Tehama,103,63373,0,0,0,0,0
2020-03-20,Trinity,105,12862,0,0,0,0,0
2020-03-20,Tulare,107,460477,50,4,3,7,0
2020-03-20,Tuolumne,109,53932,2,0,0,0,0
2020-03-20,Ventura,111,848112,156,18,0,18,0
2020-03-20,Yolo,113,214977,31,5,0,5,0
2020-03-20,Yuba,115,75493,6,0,0,0,0
2020-03-19,Alameda,001,1643700,351,36,1,37,0
2020-03-19,Alpine,002,1148,1,0,0,0,0
2020-03-19,Amador,005,37829,1,0,0,0,0
2020-03-19,Butte,007,227075,5,0,0,0,0
2020-03-19,Calaveras,009,45235,4,2,0,2,0
2020-03-19,Colusa,011,21464,0,0,0,0,0
2020-03-19,Contra Costa,013,1133247,257,46,0,46,0
2020-03-19,Del Norte,015,27424,0,0,0,0,0
2020-03-19,El Dorado,017,186661,18,0,0,0,0
2020-03-19,Fresno,019,978130,87,6,2,8,0
2020-03-19,Glenn,021,27897,1,0,0,0,0
2020-03-19,Humboldt,023,135768,23,1,0,1,0
2020-03-19,Imperial,025,180216,36,2,0,2,0
2020-03-19,Inyo,027,18085,0,0,0,0,0
2020-03-19,Kern,029,883053,81,3,0,3,0
2020-03-19,Kings,031,150075,14,0,0,0,0
2020-03-19,Lake,033,64148,0,0,0,0,0
2020-03-19,Lassen,035,31185,2,0,1,1,0
2020-03-19,Los Angeles,037,10098052,2320,233,10,243,0
2020-03-19,Madera,039,155013,31,3,0,3,0
2020-03-19,Marin,041,260295,63,19,0,19,0
2020-03-19,Mariposa,043,17540,0,0,0,0,0
2020-03-19,Mendocino,045,87422,2,1,0,1,0
2020-03-19,Merced,047,269075,9,0,0,0,0
2020-03-19,Modoc,049,8938,0,0,0,0,0
2020-03-19,Mono,051,14174,12,0,0,0,0
2020-03-19,Monterey,053,433212,39,3,0,3,0
2020-03-19,Napa,055,140530,14,0,0,0,0
2020-03-19,Nevada,057,99092,18,2,1,3,0
2020-03-19,Orange,059,3164182,635,59,4,63,0
2020-03-19,Placer,061,380077,64,8,0,8,1
2020-03-19,Plumas,063,18699,0,0,0,0,0
2020-03-19,Riverside,065,2383286,396,14,6,20,3
2020-03-19,Sacramento,067,1510023,280,52,0,52,3
2020-03-19,San Benito,069,59416,14,3,0,3,0
2020-03-19,San Bernardino,071,2135413,213,7,0,7,0
2020-03-19,San Diego,073,3302833,766,68,0,68,0
2020-03-19,San Francisco,075,870044,363,80,0,80,0
2020-03-19,San Joaquin,077,732212,102,15,3,18,2
2020-03-19,San Luis Obispo,079,281455,77,6,0,6,0
2020-03-19,San Mateo,081,765935,361,58,2,60,1
2020-03-19,Santa Barbara,083,443738,85,5,0,5,0
2020-03-19,Santa Clara,085,1922200,848,183,2,185,8
2020-03-19,Santa Cruz,087,273765,57,13,0,13,0
2020-03-19,Shasta,089,179085,10,1,0,1,0
2020-03-19,Sierra,091,2930,0,0,0,0,0
2020-03-19,Siskiyou,093,43540,3,0,0,0,0
2020-03-19,Solano,095,438530,55,26,0,26,0
2020-03-19,Sonoma,097,501317,87,8,0,8,0
2020-03-19,Stanislaus,099,539301,38,7,3,10,0
2020-03-19,Sutter,101,95872,7,0,0,0,0
2020-03-19,Tehama,103,63373,0,0,0,0,0
2020-03-19,Trinity,105,12862,0,0,0,0,0
2020-03-19,Tulare,107,460477,44,3,3,6,0
2020-03-19,Tuolumne,109,53932,2,0,0,0,0
2020-03-19,Ventura,111,848112,134,15,0,15,0
2020-03-19,Yolo,113,214977,27,5,0,5,0
2020-03-19,Yuba,115,75493,5,0,0,0,0
2020-03-18,Alameda,001,1643700,322,29,1,30,0
2020-03-18,Alpine,002,1148,1,0,0,0,0
2020-03-18,Amador,005,37829,1,0,0,0,0
2020-03-18,Butte,007,227075,4,0,0,0,0
2020-03-18,Calaveras,009,45235,4,2,0,2,0
2020-03-18,Colusa,011,21464,0,0,0,0,0
2020-03-18,Contra Costa,013,1133247,235,44,0,44,0
2020-03-18,Del Norte,015,27424,0,0,0,0,0
2020-03-18,El Dorado,017,186661,17,0,0,0,0
2020-03-18,Fresno,019,978130,78,3,1,4,0
2020-03-18,Glenn,021,27897,1,0,0,0,0
2020-03-18,Humboldt,023,135768,19,1,0,1,0
2020-03-18,Imperial,025,180216,30,2,0,2,0
2020-03-18,Inyo,027,18085,0,0,0,0,0
2020-03-18,Kern,029,883053,66,1,0,1,0
2020-03-18,Kings,031,150075,12,0,0,0,0
2020-03-18,Lake,033,64148,0,0,0,0,0
2020-03-18,Lassen,035,31185,1,0,1,1,0
2020-03-18,Los Angeles,037,10098052,2075,47,10,57,0
2020-03-18,Madera,039,155013,30,2,0,2,0
2020-03-18,Marin,041,260295,58,10,0,10,0
2020-03-18,Mariposa,043,17540,0,0,0,0,0
2020-03-18,Mendocino,045,87422,2,0,0,0,0
2020-03-18,Merced,047,269075,9,0,0,0,0
2020-03-18,Modoc,049,8938,0,0,0,0,0
2020-03-18,Mono,051,14174,11,0,0,0,0
2020-03-18,Monterey,053,433212,31,1,0,1,0
2020-03-18,Napa,055,140530,11,0,0,0,0
2020-03-18,Nevada,057,99092,16,2,1,3,0
2020-03-18,Orange,059,3164182,577,38,4,42,0
2020-03-18,Placer,061,380077,57,8,0,8,1
2020-03-18,Plumas,063,18699,0,0,0,0,0
2020-03-18,Riverside,065,2383286,333,11,5,16,2
2020-03-18,Sacramento,067,1510023,257,46,0,46,3
2020-03-18,San Benito,069,59416,13,3,0,3,0
2020-03-18,San Bernardino,071,2135413,191,3,0,3,0
2020-03-18,San Diego,073,3302833,681,40,0,40,0
2020-03-18,San Francisco,075,870044,344,65,0,65,0
2020-03-18,San Joaquin,077,732212,90,14,3,17,2
2020-03-18,San Luis Obispo,079,281455,70,5,0,5,0
2020-03-18,San Mateo,081,765935,340,57,2,59,1
2020-03-18,Santa Barbara,083,443738,77,2,0,2,0
2020-03-18,Santa Clara,085,1922200,797,151,2,153,6
2020-03-18,Santa Cruz,087,273765,55,11,0,11,0
2020-03-18,Shasta,089,179085,9,1,0,1,0
2020-03-18,Sierra,091,2930,0,0,0,0,0
2020-03-18,Siskiyou,093,43540,3,0,0,0,0
2020-03-18,Solano,095,438530,51,26,0,26,0
2020-03-18,Sonoma,097,501317,78,6,0,6,0
2020-03-18,Stanislaus,099,539301,34,5,2,7,0
2020-03-18,Sutter,101,95872,5,0,0,0,0
2020-03-18,Tehama,103,63373,0,0,0,0,0
2020-03-18,Trinity,105,12862,0,0,0,0,0
2020-03-18,Tulare,107,460477,34,3,3,6,0
2020-03-18,Tuolumne,109,53932,2,0,0,0,0
2020-03-18,Ventura,111,848112,115,11,0,11,0
2020-03-18,Yolo,113,214977,24,4,0,4,0
2020-03-18,Yuba,115,75493,4,0,0,0,0
2020-03-17,Alameda,001,1643700,290,19,0,19,0
2020-03-17,Alpine,002,1148,0,0,0,0,0
2020-03-17,Amador,005,37829,1,0,0,0,0
2020-03-17,Butte,007,227075,4,0,0,0,0
2020-03-17,Calaveras,009,45235,4,2,0,2,0
2020-03-17,Colusa,011,21464,0,0,0,0,0
2020-03-17,Contra Costa,013,1133247,213,37,0,37,0
2020-03-17,Del Norte,015,27424,0,0,0,0,0
2020-03-17,El Dorado,017,186661,16,0,0,0,0
2020-03-17,Fresno,019,978130,68,2,1,3,0
2020-03-17,Glenn,021,27897,1,0,0,0,0
2020-03-17,Humboldt,023,135768,17,1,0,1,0
2020-03-17,Imperial,025,180216,24,2,0,2,0
2020-03-17,Inyo,027,18085,0,0,0,0,0
2020-03-17,Kern,029,883053,52,0,0,0,0
2020-03-17,Kings,031,150075,9,0,0,0,0
2020-03-17,Lake,033,64148,0,0,0,0,0
2020-03-17,Lassen,035,31185,1,0,1,1,0
2020-03-17,Los Angeles,037,10098052,1866,41,10,51,0
2020-03-17,Madera,039,155013,22,2,0,2,0
2020-03-17,Marin,041,260295,51,4,0,4,0
2020-03-17,Mariposa,043,17540,0,0,0,0,0
2020-03-17,Mendocino,045,87422,2,0,0,0,0
2020-03-17,Merced,047,269075,9,0,0,0,0
2020-03-17,Modoc,049,8938,0,0,0,0,0
2020-03-17,Mono,051,14174,9,0,0,0,0
2020-03-17,Monterey,053,433212,29,0,0,0,0
2020-03-17,Napa,055,140530,8,0,0,0,0
2020-03-17,Nevada,057,99092,15,1,1,2,0
2020-03-17,Orange,059,3164182,499,24,3,27,0
2020-03-17,Placer,061,380077,47,7,0,7,1
2020-03-17,Plumas,063,18699,0,0,0,0,0
2020-03-17,Riverside,065,2383286,271,11,5,16,0
2020-03-17,Sacramento,067,1510023,237,36,0,36,1
2020-03-17,San Benito,069,59416,12,2,0,2,0
2020-03-17,San Bernardino,071,2135413,163,2,0,2,0
2020-03-17,San Diego,073,3302833,614,17,0,17,0
2020-03-17,San Francisco,075,870044,317,46,0,46,0
2020-03-17,San Joaquin,077,732212,84,11,3,14,0
2020-03-17,San Luis Obispo,079,281455,62,1,0,1,0
2020-03-17,San Mateo,081,765935,308,46,2,48,1
2020-03-17,Santa Barbara,083,443738,65,0,0,0,0
2020-03-17,Santa Clara,085,1922200,739,121,2,123,4
2020-03-17,Santa Cruz,087,273765,52,10,0,10,0
2020-03-17,Shasta,089,179085,5,1,0,1,0
2020-03-17,Sierra,091,2930,0,0,0,0,0
2020-03-17,Siskiyou,093,43540,3,0,0,0,0
2020-03-17,Solano,095,438530,48,27,0,27,0
2020-03-17,Sonoma,097,501317,70,4,0,4,0
2020-03-17,Stanislaus,099,539301,31,4,2,6,0
2020-03-17,Sutter,101,95872,5,0,0,0,0
2020-03-17,Tehama,103,63373,0,0,0,0,0
2020-03-17,Trinity,105,12862,0,0,0,0,0
2020-03-17,Tulare,107,460477,29,2,3,5,0
2020-03-17,Tuolumne,109,53932,2,0,0,0,0
2020-03-17,Ventura,111,848112,98,7,0,7,0
2020-03-17,Yolo,113,214977,20,2,0,2,0
2020-03-17,Yuba,115,75493,4,0,0,0,0
2020-03-16,Alameda,001,1643700,261,17,0,17,0
2020-03-16,Alpine,002,1148,0,0,0,0,0
2020-03-16,Amador,005,37829,1,0,0,0,0
2020-03-16,Butte,007,227075,3,0,0,0,0
2020-03-16,Calaveras,009,45235,4,2,0,2,0
2020-03-16,Colusa,011,21464,0,0,0,0,0
2020-03-16,Contra Costa,013,1133247,189,36,0,36,0
2020-03-16,Del Norte,015,27424,0,0,0,0,0
2020-03-16,El Dorado,017,186661,15,0,0,0,0
2020-03-16,Fresno,019,978130,53,2,1,3,0
2020-03-16,Glenn,021,27897,0,0,0,0,0
2020-03-16,Humboldt,023,135768,13,1,0,1,0
2020-03-16,Imperial,025,180216,19,2,0,2,0
2020-03-16,Inyo,027,18085,0,0,0,0,0
2020-03-16,Kern,029,883053,43,0,0,0,0
2020-03-16,Kings,031,150075,8,0,0,0,0
2020-03-16,Lake,033,64148,0,0,0,0,0
2020-03-16,Lassen,035,31185,1,0,0,0,0
2020-03-16,Los Angeles,037,10098052,1628,43,10,53,0
2020-03-16,Madera,039,155013,21,2,0,2,0
2020-03-16,Marin,041,260295,48,4,0,4,0
2020-03-16,Mariposa,043,17540,0,0,0,0,0
2020-03-16,Mendocino,045,87422,2,0,0,0,0
2020-03-16,Merced,047,269075,7,0,0,0,0
2020-03-16,Modoc,049,8938,0,0,0,0,0
2020-03-16,Mono,051,14174,7,0,0,0,0
2020-03-16,Monterey,053,433212,28,0,0,0,0
2020-03-16,Napa,055,140530,7,0,0,0,0
2020-03-16,Nevada,057,99092,11,1,1,2,0
2020-03-16,Orange,059,3164182,416,18,3,21,0
2020-03-16,Placer,061,380077,39,7,0,7,1
2020-03-16,Plumas,063,18699,0,0,0,0,0
2020-03-16,Riverside,065,2383286,235,10,5,15,0
2020-03-16,Sacramento,067,1510023,210,34,0,34,1
2020-03-16,San Benito,069,59416,8,2,0,2,0
2020-03-16,San Bernardino,071,2135413,143,1,0,1,0
2020-03-16,San Diego,073,3302833,523,17,0,17,0
2020-03-16,San Francisco,075,870044,279,40,0,40,0
2020-03-16,San Joaquin,077,732212,74,9,3,12,0
2020-03-16,San Luis Obispo,079,281455,55,1,0,1,0
2020-03-16,San Mateo,081,765935,269,42,2,44,1
2020-03-16,Santa Barbara,083,443738,55,0,0,0,0
2020-03-16,Santa Clara,085,1922200,659,115,1,116,2
2020-03-16,Santa Cruz,087,273765,45,9,0,9,0
2020-03-16,Shasta,089,179085,5,1,0,1,0
2020-03-16,Sierra,091,2930,0,0,0,0,0
2020-03-16,Siskiyou,093,43540,2,0,0,0,0
2020-03-16,Solano,095,438530,43,27,0,27,0
2020-03-16,Sonoma,097,501317,62,4,0,4,0
2020-03-16,Stanislaus,099,539301,27,2,2,4,0
2020-03-16,Sutter,101,95872,3,0,0,0,0
2020-03-16,Tehama,103,63373,0,0,0,0,0
2020-03-16,Trinity,105,12862,0,0,0,0,0
2020-03-16,Tulare,107,460477,25,2,3,5,0
2020-03-16,Tuolumne,109,53932,2,0,0,0,0
2020-03-16,Ventura,111,848112,88,7,0,7,0
2020-03-16,Yolo,113,214977,18,2,0,2,0
2020-03-16,Yuba,115,75493,3,0,0,0,0
2020-03-15,Alameda,001,1643700,214,17,0,17,0
2020-03-15,Alpine,002,1148,0,0,0,0,0
2020-03-15,Amador,005,37829,1,0,0,0,0
2020-03-15,Butte,007,227075,3,0,0,0,0
2020-03-15,Calaveras,009,45235,2,2,0,2,0
2020-03-15,Colusa,011,21464,0,0,0,0,0
2020-03-15,Contra Costa,013,1133247,164,34,0,34,0
2020-03-15,Del Norte,015,27424,0,0,0,0,0
2020-03-15,El Dorado,017,186661,14,0,0,0,0
2020-03-15,Fresno,019,978130,33,1,1,2,0
2020-03-15,Glenn,021,27897,0,0,0,0,0
2020-03-15,Humboldt,023,135768,11,1,0,1,0
2020-03-15,Imperial,025,180216,14,2,0,2,0
2020-03-15,Inyo,027,18085,0,0,0,0,0
2020-03-15,Kern,029,883053,37,0,0,0,0
2020-03-15,Kings,031,150075,8,0,0,0,0
2020-03-15,Lake,033,64148,0,0,0,0,0
2020-03-15,Lassen,035,31185,1,0,0,0,0
2020-03-15,Los Angeles,037,10098052,1380,41,10,51,0
2020-03-15,Madera,039,155013,20,2,0,2,0
2020-03-15,Marin,041,260295,41,3,0,3,0
2020-03-15,Mariposa,043,17540,0,0,0,0,0
2020-03-15,Mendocino,045,87422,2,0,0,0,0
2020-03-15,Merced,047,269075,4,0,0,0,0
2020-03-15,Modoc,049,8938,0,0,0,0,0
2020-03-15,Mono,051,14174,6,0,0,0,0
2020-03-15,Monterey,053,433212,21,0,0,0,0
2020-03-15,Napa,055,140530,7,0,0,0,0
2020-03-15,Nevada,057,99092,11,0,1,1,0
2020-03-15,Orange,059,3164182,348,16,1,17,0
2020-03-15,Placer,061,380077,33,7,0,7,1
2020-03-15,Plumas,063,18699,0,0,0,0,0
2020-03-15,Riverside,065,2383286,183,10,5,15,0
2020-03-15,Sacramento,067,1510023,174,30,0,30,1
2020-03-15,San Benito,069,59416,8,2,0,2,0
2020-03-15,San Bernardino,071,2135413,121,0,0,0,0
2020-03-15,San Diego,073,3302833,436,16,0,16,0
2020-03-15,San Francisco,075,870044,221,31,0,31,0
2020-03-15,San Joaquin,077,732212,63,6,3,9,0
2020-03-15,San Luis Obispo,079,281455,45,1,0,1,0
2020-03-15,San Mateo,081,765935,235,29,1,30,1
2020-03-15,Santa Barbara,083,443738,46,0,0,0,0
2020-03-15,Santa Clara,085,1922200,587,79,1,80,2
2020-03-15,Santa Cruz,087,273765,38,8,0,8,0
2020-03-15,Shasta,089,179085,5,1,0,1,0
2020-03-15,Sierra,091,2930,0,0,0,0,0
2020-03-15,Siskiyou,093,43540,2,0,0,0,0
2020-03-15,Solano,095,438530,42,26,0,26,0
2020-03-15,Sonoma,097,501317,53,4,0,4,0
2020-03-15,Stanislaus,099,539301,26,2,2,4,0
2020-03-15,Sutter,101,95872,2,0,0,0,0
2020-03-15,Tehama,103,63373,0,0,0,0,0
2020-03-15,Trinity,105,12862,0,0,0,0,0
2020-03-15,Tulare,107,460477,19,2,3,5,0
2020-03-15,Tuolumne,109,53932,1,0,0,0,0
2020-03-15,Ventura,111,848112,77,5,0,5,0
2020-03-15,Yolo,113,214977,15,2,0,2,0
2020-03-15,Yuba,115,75493,2,0,0,0,0
2020-03-14,Alameda,001,1643700,195,11,0,11,0
2020-03-14,Alpine,002,1148,0,0,0,0,0
2020-03-14,Amador,005,37829,1,0,0,0,0
2020-03-14,Butte,007,227075,2,0,0,0,0
2020-03-14,Calaveras,009,45235,2,2,0,2,0
2020-03-14,Colusa,011,21464,0,0,0,0,0
2020-03-14,Contra Costa,013,1133247,142,30,0,30,0
2020-03-14,Del Norte,015,27424,0,0,0,0,0
2020-03-14,El Dorado,017,186661,12,0,0,0,0
2020-03-14,Fresno,019,978130,25,1,1,2,0
2020-03-14,Glenn,021,27897,0,0,0,0,0
2020-03-14,Humboldt,023,135768,7,1,0,1,0
2020-03-14,Imperial,025,180216,10,2,0,2,0
2020-03-14,Inyo,027,18085,0,0,0,0,0
2020-03-14,Kern,029,883053,32,0,0,0,0
2020-03-14,Kings,031,150075,8,0,0,0,0
2020-03-14,Lake,033,64148,0,0,0,0,0
2020-03-14,Lassen,035,31185,1,0,0,0,0
2020-03-14,Los Angeles,037,10098052,1198,35,10,45,0
2020-03-14,Madera,039,155013,19,2,0,2,0
2020-03-14,Marin,041,260295,37,3,0,3,0
2020-03-14,Mariposa,043,17540,0,0,0,0,0
2020-03-14,Mendocino,045,87422,2,0,0,0,0
2020-03-14,Merced,047,269075,4,0,0,0,0
2020-03-14,Modoc,049,8938,0,0,0,0,0
2020-03-14,Mono,051,14174,5,0,0,0,0
2020-03-14,Monterey,053,433212,15,0,0,0,0
2020-03-14,Napa,055,140530,5,0,0,0,0
2020-03-14,Nevada,057,99092,8,0,1,1,0
2020-03-14,Orange,059,3164182,309,14,0,14,0
2020-03-14,Placer,061,380077,29,6,0,6,1
2020-03-14,Plumas,063,18699,0,0,0,0,0
2020-03-14,Riverside,065,2383286,163,10,5,15,0
2020-03-14,Sacramento,067,1510023,152,31,0,31,1
2020-03-14,San Benito,069,59416,8,2,0,2,0
2020-03-14,San Bernardino,071,2135413,102,0,0,0,0
2020-03-14,San Diego,073,3302833,361,10,0,10,0
2020-03-14,San Francisco,075,870044,200,29,0,29,0
2020-03-14,San Joaquin,077,732212,54,6,3,9,0
2020-03-14,San Luis Obispo,079,281455,40,0,0,0,0
2020-03-14,San Mateo,081,765935,212,27,1,28,0
2020-03-14,Santa Barbara,083,443738,37,0,0,0,0
2020-03-14,Santa Clara,085,1922200,532,62,1,63,2
2020-03-14,Santa Cruz,087,273765,33,8,0,8,0
2020-03-14,Shasta,089,179085,5,1,0,1,0
2020-03-14,Sierra,091,2930,0,0,0,0,0
2020-03-14,Siskiyou,093,43540,1,0,0,0,0
2020-03-14,Solano,095,438530,40,26,0,26,0
2020-03-14,Sonoma,097,501317,40,2,0,2,0
2020-03-14,Stanislaus,099,539301,22,2,2,4,0
2020-03-14,Sutter,101,95872,2,0,0,0,0
2020-03-14,Tehama,103,63373,0,0,0,0,0
2020-03-14,Trinity,105,12862,0,0,0,0,0
2020-03-14,Tulare,107,460477,17,2,2,4,0
2020-03-14,Tuolumne,109,53932,1,0,0,0,0
2020-03-14,Ventura,111,848112,68,5,0,5,0
2020-03-14,Yolo,113,214977,15,2,0,2,0
2020-03-14,Yuba,115,75493,1,0,0,0,0
2020-03-13,Alameda,001,1643700,176,12,0,12,0
2020-03-13,Alpine,002,1148,0,0,0,0,0
2020-03-13,Amador,005,37829,1,0,0,0,0
2020-03-13,Butte,007,227075,0,0,0,0,0
2020-03-13,Calaveras,009,45235,2,2,0,2,0
2020-03-13,Colusa,011,21464,0,0,0,0,0
2020-03-13,Contra Costa,013,1133247,128,22,0,22,0
2020-03-13,Del Norte,015,27424,0,0,0,0,0
2020-03-13,El Dorado,017,186661,11,0,0,0,0
2020-03-13,Fresno,019,978130,20,1,1,2,0
2020-03-13,Glenn,021,27897,0,0,0,0,0
2020-03-13,Humboldt,023,135768,7,1,0,1,0
2020-03-13,Imperial,025,180216,9,2,0,2,0
2020-03-13,Inyo,027,18085,0,0,0,0,0
2020-03-13,Kern,029,883053,27,0,0,0,0
2020-03-13,Kings,031,150075,7,0,0,0,0
2020-03-13,Lake,033,64148,0,0,0,0,0
2020-03-13,Lassen,035,31185,1,0,0,0,0
2020-03-13,Los Angeles,037,10098052,1041,30,8,38,0
2020-03-13,Madera,039,155013,18,1,0,1,0
2020-03-13,Marin,041,260295,34,3,0,3,0
2020-03-13,Mariposa,043,17540,0,0,0,0,0
2020-03-13,Mendocino,045,87422,2,0,0,0,0
2020-03-13,Merced,047,269075,2,0,0,0,0
2020-03-13,Modoc,049,8938,0,0,0,0,0
2020-03-13,Mono,051,14174,3,0,0,0,0
2020-03-13,Monterey,053,433212,10,0,0,0,0
2020-03-13,Napa,055,140530,3,0,0,0,0
2020-03-13,Nevada,057,99092,7,0,1,1,0
2020-03-13,Orange,059,3164182,269,10,0,10,0
2020-03-13,Placer,061,380077,27,6,0,6,1
2020-03-13,Plumas,063,18699,0,0,0,0,0
2020-03-13,Riverside,065,2383286,133,5,4,9,0
2020-03-13,Sacramento,067,1510023,130,18,0,18,1
2020-03-13,San Benito,069,59416,6,2,0,2,0
2020-03-13,San Bernardino,071,2135413,96,0,0,0,0
2020-03-13,San Diego,073,3302833,311,8,0,8,0
2020-03-13,San Francisco,075,870044,185,28,0,28,0
2020-03-13,San Joaquin,077,732212,50,6,3,9,0
2020-03-13,San Luis Obispo,079,281455,33,0,0,0,0
2020-03-13,San Mateo,081,765935,191,24,1,25,0
2020-03-13,Santa Barbara,083,443738,33,0,0,0,0
2020-03-13,Santa Clara,085,1922200,470,59,1,60,1
2020-03-13,Santa Cruz,087,273765,32,7,0,7,0
2020-03-13,Shasta,089,179085,3,1,0,1,0
2020-03-13,Sierra,091,2930,0,0,0,0,0
2020-03-13,Siskiyou,093,43540,0,0,0,0,0
2020-03-13,Solano,095,438530,39,26,0,26,0
2020-03-13,Sonoma,097,501317,39,2,0,2,0
2020-03-13,Stanislaus,099,539301,17,2,2,4,0
2020-03-13,Sutter,101,95872,2,0,0,0,0
2020-03-13,Tehama,103,63373,0,0,0,0,0
2020-03-13,Trinity,105,12862,0,0,0,0,0
2020-03-13,Tulare,107,460477,14,2,2,4,0
2020-03-13,Tuolumne,109,53932,1,0,0,0,0
2020-03-13,Ventura,111,848112,54,5,0,5,0
2020-03-13,Yolo,113,214977,14,1,0,1,0
2020-03-13,Yuba,115,75493,1,0,0,0,0
2020-03-12,Alameda,001,1643700,151,9,0,9,0
2020-03-12,Alpine,002,1148,0,0,0,0,0
2020-03-12,Amador,005,37829,1,0,0,0,0
2020-03-12,Butte,007,227075,0,0,0,0,0
2020-03-12,Calaveras,009,45235,2,2,0,2,0
2020-03-12,Colusa,011,21464,0,0,0,0,0
2020-03-12,Contra Costa,013,1133247,110,18,0,18,0
2020-03-12,Del Norte,015,27424,0,0,0,0,0
2020-03-12,El Dorado,017,186661,9,0,0,0,0
2020-03-12,Fresno,019,978130,12,1,1,2,0
2020-03-12,Glenn,021,27897,0,0,0,0,0
2020-03-12,Humboldt,023,135768,6,1,0,1,0
2020-03-12,Imperial,025,180216,8,2,0,2,0
2020-03-12,Inyo,027,18085,0,0,0,0,0
2020-03-12,Kern,029,883053,18,0,0,0,0
2020-03-12,Kings,031,150075,4,0,0,0,0
2020-03-12,Lake,033,64148,0,0,0,0,0
2020-03-12,Lassen,035,31185,1,0,0,0,0
2020-03-12,Los Angeles,037,10098052,877,30,8,38,0
2020-03-12,Madera,039,155013,15,1,0,1,0
2020-03-12,Marin,041,260295,24,1,0,1,0
2020-03-12,Mariposa,043,17540,0,0,0,0,0
2020-03-12,Mendocino,045,87422,2,0,0,0,0
2020-03-12,Merced,047,269075,2,0,0,0,0
2020-03-12,Modoc,049,8938,0,0,0,0,0
2020-03-12,Mono,051,14174,3,0,0,0,0
2020-03-12,Monterey,053,433212,8,0,0,0,0
2020-03-12,Napa,055,140530,3,0,0,0,0
2020-03-12,Nevada,057,99092,4,0,1,1,0
2020-03-12,Orange,059,3164182,232,7,0,7,0
2020-03-12,Placer,061,380077,23,6,0,6,1
2020-03-12,Plumas,063,18699,0,0,0,0,0
2020-03-12,Riverside,065,2383286,107,5,2,7,0
2020-03-12,Sacramento,067,1510023,106,17,0,17,1
2020-03-12,San Benito,069,59416,5,2,0,2,0
2020-03-12,San Bernardino,071,2135413,80,0,0,0,0
2020-03-12,San Diego,073,3302833,256,9,0,9,0
2020-03-12,San Francisco,075,870044,159,20,0,20,0
2020-03-12,San Joaquin,077,732212,44,3,3,6,1
2020-03-12,San Luis Obispo,079,281455,26,0,0,0,0
2020-03-12,San Mateo,081,765935,157,21,1,22,0
2020-03-12,Santa Barbara,083,443738,22,0,0,0,0
2020-03-12,Santa Clara,085,1922200,412,51,1,52,1
2020-03-12,Santa Cruz,087,273765,29,5,0,5,0
2020-03-12,Shasta,089,179085,2,1,0,1,0
2020-03-12,Sierra,091,2930,0,0,0,0,0
2020-03-12,Siskiyou,093,43540,0,0,0,0,0
2020-03-12,Solano,095,438530,34,26,0,26,0
2020-03-12,Sonoma,097,501317,34,2,0,2,0
2020-03-12,Stanislaus,099,539301,15,2,2,4,0
2020-03-12,Sutter,101,95872,0,0,0,0,0
2020-03-12,Tehama,103,63373,0,0,0,0,0
2020-03-12,Trinity,105,12862,0,0,0,0,0
2020-03-12,Tulare,107,460477,12,1,1,2,0
2020-03-12,Tuolumne,109,53932,1,0,0,0,0
2020-03-12,Ventura,111,848112,45,3,0,3,0
2020-03-12,Yolo,113,214977,13,1,0,1,0
2020-03-12,Yuba,115,75493,1,0,0,0,0
2020-03-11,Alameda,001,1643700,121,5,0,5,0
2020-03-11,Alpine,002,1148,0,0,0,0,0
2020-03-11,Amador,005,37829,1,0,0,0,0
2020-03-11,Butte,007,227075,0,0,0,0,0
2020-03-11,Calaveras,009,45235,2,2,0,2,0
2020-03-11,Colusa,011,21464,0,0,0,0,0
2020-03-11,Contra Costa,013,1133247,94,16,0,16,0
2020-03-11,Del Norte,015,27424,0,0,0,0,0
2020-03-11,El Dorado,017,186661,8,0,0,0,0
2020-03-11,Fresno,019,978130,9,1,1,2,0
2020-03-11,Glenn,021,27897,0,0,0,0,0
2020-03-11,Humboldt,023,135768,6,1,0,1,0
2020-03-11,Imperial,025,180216,6,0,0,0,0
2020-03-11,Inyo,027,18085,0,0,0,0,0
2020-03-11,Kern,029,883053,16,0,0,0,0
2020-03-11,Kings,031,150075,2,0,0,0,0
2020-03-11,Lake,033,64148,0,0,0,0,0
2020-03-11,Lassen,035,31185,1,0,0,0,0
2020-03-11,Los Angeles,037,10098052,704,21,8,29,0
2020-03-11,Madera,039,155013,12,1,0,1,0
2020-03-11,Marin,041,260295,17,1,0,1,0
2020-03-11,Mariposa,043,17540,0,0,0,0,0
2020-03-11,Mendocino,045,87422,1,0,0,0,0
2020-03-11,Merced,047,269075,2,0,0,0,0
2020-03-11,Modoc,049,8938,0,0,0,0,0
2020-03-11,Mono,051,14174,3,0,0,0,0
2020-03-11,Monterey,053,433212,7,0,0,0,0
2020-03-11,Napa,055,140530,2,0,0,0,0
2020-03-11,Nevada,057,99092,4,0,1,1,0
2020-03-11,Orange,059,3164182,203,6,0,6,0
2020-03-11,Placer,061,380077,18,6,0,6,1
2020-03-11,Plumas,063,18699,0,0,0,0,0
2020-03-11,Riverside,065,2383286,81,4,1,5,0
2020-03-11,Sacramento,067,1510023,88,9,0,9,1
2020-03-11,San Benito,069,59416,5,2,0,2,0
2020-03-11,San Bernardino,071,2135413,73,0,0,0,0
2020-03-11,San Diego,073,3302833,206,4,0,4,0
2020-03-11,San Francisco,075,870044,127,17,0,17,0
2020-03-11,San Joaquin,077,732212,33,1,3,4,0
2020-03-11,San Luis Obispo,079,281455,23,0,0,0,0
2020-03-11,San Mateo,081,765935,139,16,0,16,0
2020-03-11,Santa Barbara,083,443738,13,0,0,0,0
2020-03-11,Santa Clara,085,1922200,371,48,1,49,1
2020-03-11,Santa Cruz,087,273765,26,2,0,2,0
2020-03-11,Shasta,089,179085,2,1,0,1,0
2020-03-11,Sierra,091,2930,0,0,0,0,0
2020-03-11,Siskiyou,093,43540,0,0,0,0,0
2020-03-11,Solano,095,438530,29,26,0,26,0
2020-03-11,Sonoma,097,501317,30,2,0,2,0
2020-03-11,Stanislaus,099,539301,15,2,2,4,0
2020-03-11,Sutter,101,95872,0,0,0,0,0
2020-03-11,Tehama,103,63373,0,0,0,0,0
2020-03-11,Trinity,105,12862,0,0,0,0,0
2020-03-11,Tulare,107,460477,10,0,1,1,0
2020-03-11,Tuolumne,109,53932,1,0,0,0,0
2020-03-11,Ventura,111,848112,37,3,0,3,0
2020-03-11,Yolo,113,214977,9,1,0,1,0
2020-03-11,Yuba,115,75493,1,0,0,0,0
2020-03-10,Alameda,001,1643700,101,4,0,4,0
2020-03-10,Alpine,002,1148,0,0,0,0,0
2020-03-10,Amador,005,37829,1,0,0,0,0
2020-03-10,Butte,007,227075,0,0,0,0,0
2020-03-10,Calaveras,009,45235,2,2,0,2,0
2020-03-10,Colusa,011,21464,0,0,0,0,0
2020-03-10,Contra Costa,013,1133247,84,11,0,11,0
2020-03-10,Del Norte,015,27424,0,0,0,0,0
2020-03-10,El Dorado,017,186661,7,0,0,0,0
2020-03-10,Fresno,019,978130,7,1,1,2,0
2020-03-10,Glenn,021,27897,0,0,0,0,0
2020-03-10,Humboldt,023,135768,6,1,0,1,0
2020-03-10,Imperial,025,180216,5,0,0,0,0
2020-03-10,Inyo,027,18085,0,0,0,0,0
2020-03-10,Kern,029,883053,11,0,0,0,0
2020-03-10,Kings,031,150075,2,0,0,0,0
2020-03-10,Lake,033,64148,0,0,0,0,0
2020-03-10,Lassen,035,31185,1,0,0,0,0
2020-03-10,Los Angeles,037,10098052,568,20,8,28,0
2020-03-10,Madera,039,155013,7,1,0,1,0
2020-03-10,Marin,041,260295,16,1,0,1,0
2020-03-10,Mariposa,043,17540,0,0,0,0,0
2020-03-10,Mendocino,045,87422,0,0,0,0,0
2020-03-10,Merced,047,269075,2,0,0,0,0
2020-03-10,Modoc,049,8938,0,0,0,0,0
2020-03-10,Mono,051,14174,3,0,0,0,0
2020-03-10,Monterey,053,433212,5,0,0,0,0
2020-03-10,Napa,055,140530,2,0,0,0,0
2020-03-10,Nevada,057,99092,3,0,1,1,0
2020-03-10,Orange,059,3164182,183,5,0,5,1
2020-03-10,Placer,061,380077,14,7,0,7,1
2020-03-10,Plumas,063,18699,0,0,0,0,0
2020-03-10,Riverside,065,2383286,59,4,1,5,0
2020-03-10,Sacramento,067,1510023,79,8,0,8,0
2020-03-10,San Benito,069,59416,5,2,0,2,0
2020-03-10,San Bernardino,071,2135413,65,0,0,0,0
2020-03-10,San Diego,073,3302833,163,3,0,3,0
2020-03-10,San Francisco,075,870044,94,16,0,16,0
2020-03-10,San Joaquin,077,732212,30,1,3,4,0
2020-03-10,San Luis Obispo,079,281455,15,0,0,0,0
2020-03-10,San Mateo,081,765935,123,11,0,11,0
2020-03-10,Santa Barbara,083,443738,10,0,0,0,0
2020-03-10,Santa Clara,085,1922200,322,45,1,46,1
2020-03-10,Santa Cruz,087,273765,22,2,0,2,0
2020-03-10,Shasta,089,179085,2,1,0,1,0
2020-03-10,Sierra,091,2930,0,0,0,0,0
2020-03-10,Siskiyou,093,43540,0,0,0,0,0
2020-03-10,Solano,095,438530,27,26,0,26,0
2020-03-10,Sonoma,097,501317,27,2,0,2,0
2020-03-10,Stanislaus,099,539301,11,0,2,2,0
2020-03-10,Sutter,101,95872,0,0,0,0,0
2020-03-10,Tehama,103,63373,0,0,0,0,0
2020-03-10,Trinity,105,12862,0,0,0,0,0
2020-03-10,Tulare,107,460477,9,0,1,1,0
2020-03-10,Tuolumne,109,53932,1,0,0,0,0
2020-03-10,Ventura,111,848112,29,1,0,1,0
2020-03-10,Yolo,113,214977,6,2,0,2,0
2020-03-10,Yuba,115,75493,1,0,0,0,0
2020-03-09,Alameda,001,1643700,73,4,0,4,0
2020-03-09,Alpine,002,1148,0,0,0,0,0
2020-03-09,Amador,005,37829,0,0,0,0,0
2020-03-09,Butte,007,227075,0,0,0,0,0
2020-03-09,Calaveras,009,45235,2,0,0,0,0
2020-03-09,Colusa,011,21464,0,0,0,0,0
2020-03-09,Contra Costa,013,1133247,72,9,0,9,0
2020-03-09,Del Norte,015,27424,0,0,0,0,0
2020-03-09,El Dorado,017,186661,5,0,0,0,0
2020-03-09,Fresno,019,978130,7,1,1,2,0
2020-03-09,Glenn,021,27897,0,0,0,0,0
2020-03-09,Humboldt,023,135768,5,1,0,1,0
2020-03-09,Imperial,025,180216,5,0,0,0,0
2020-03-09,Inyo,027,18085,0,0,0,0,0
2020-03-09,Kern,029,883053,8,0,0,0,0
2020-03-09,Kings,031,150075,1,0,0,0,0
2020-03-09,Lake,033,64148,0,0,0,0,0
2020-03-09,Lassen,035,31185,1,0,0,0,0
2020-03-09,Los Angeles,037,10098052,464,17,7,24,0
2020-03-09,Madera,039,155013,7,1,0,1,0
2020-03-09,Marin,041,260295,15,1,0,1,0
2020-03-09,Mariposa,043,17540,0,0,0,0,0
2020-03-09,Mendocino,045,87422,0,0,0,0,0
2020-03-09,Merced,047,269075,2,0,0,0,0
2020-03-09,Modoc,049,8938,0,0,0,0,0
2020-03-09,Mono,051,14174,3,0,0,0,0
2020-03-09,Monterey,053,433212,3,0,0,0,0
2020-03-09,Napa,055,140530,2,0,0,0,0
2020-03-09,Nevada,057,99092,2,0,1,1,0
2020-03-09,Orange,059,3164182,155,4,0,4,0
2020-03-09,Placer,061,380077,12,7,0,7,1
2020-03-09,Plumas,063,18699,0,0,0,0,0
2020-03-09,Riverside,065,2383286,49,4,1,5,0
2020-03-09,Sacramento,067,1510023,75,8,0,8,0
2020-03-09,San Benito,069,59416,3,2,0,2,0
2020-03-09,San Bernardino,071,2135413,54,0,0,0,0
2020-03-09,San Diego,073,3302833,124,2,0,2,0
2020-03-09,San Francisco,075,870044,72,14,0,14,0
2020-03-09,San Joaquin,077,732212,21,0,3,3,0
2020-03-09,San Luis Obispo,079,281455,15,0,0,0,0
2020-03-09,San Mateo,081,765935,109,6,0,6,0
2020-03-09,Santa Barbara,083,443738,8,0,0,0,0
2020-03-09,Santa Clara,085,1922200,278,42,1,43,1
2020-03-09,Santa Cruz,087,273765,19,2,0,2,0
2020-03-09,Shasta,089,179085,2,1,0,1,0
2020-03-09,Sierra,091,2930,0,0,0,0,0
2020-03-09,Siskiyou,093,43540,0,0,0,0,0
2020-03-09,Solano,095,438530,25,26,0,26,0
2020-03-09,Sonoma,097,501317,22,2,0,2,0
2020-03-09,Stanislaus,099,539301,11,0,2,2,0
2020-03-09,Sutter,101,95872,0,0,0,0,0
2020-03-09,Tehama,103,63373,0,0,0,0,0
2020-03-09,Trinity,105,12862,0,0,0,0,0
2020-03-09,Tulare,107,460477,9,0,1,1,0
2020-03-09,Tuolumne,109,53932,1,0,0,0,0
2020-03-09,Ventura,111,848112,25,1,0,1,0
2020-03-09,Yolo,113,214977,5,2,0,2,0
2020-03-09,Yuba,115,75493,0,0,0,0,0
2020-03-08,Alameda,001,1643700,48,4,0,4,0
2020-03-08,Alpine,002,1148,0,0,0,0,0
2020-03-08,Amador,005,37829,0,0,0,0,0
2020-03-08,Butte,007,227075,0,0,0,0,0
2020-03-08,Calaveras,009,45235,2,0,0,0,0
2020-03-08,Colusa,011,21464,0,0,0,0,0
2020-03-08,Contra Costa,013,1133247,58,9,0,9,0
2020-03-08,Del Norte,015,27424,0,0,0,0,0
2020-03-08,El Dorado,017,186661,5,0,0,0,0
2020-03-08,Fresno,019,978130,5,1,1,2,0
2020-03-08,Glenn,021,27897,0,0,0,0,0
2020-03-08,Humboldt,023,135768,5,1,0,1,0
2020-03-08,Imperial,025,180216,5,0,0,0,0
2020-03-08,Inyo,027,18085,0,0,0,0,0
2020-03-08,Kern,029,883053,8,0,0,0,0
2020-03-08,Kings,031,150075,0,0,0,0,0
2020-03-08,Lake,033,64148,0,0,0,0,0
2020-03-08,Lassen,035,31185,0,0,0,0,0
2020-03-08,Los Angeles,037,10098052,369,14,7,21,0
2020-03-08,Madera,039,155013,7,1,0,1,0
2020-03-08,Marin,041,260295,13,1,0,1,0
2020-03-08,Mariposa,043,17540,0,0,0,0,0
2020-03-08,Mendocino,045,87422,0,0,0,0,0
2020-03-08,Merced,047,269075,2,0,0,0,0
2020-03-08,Modoc,049,8938,0,0,0,0,0
2020-03-08,Mono,051,14174,3,0,0,0,0
2020-03-08,Monterey,053,433212,3,0,0,0,0
2020-03-08,Napa,055,140530,2,0,0,0,0
2020-03-08,Nevada,057,99092,1,0,1,1,0
2020-03-08,Orange,059,3164182,130,4,0,4,0
2020-03-08,Placer,061,380077,11,7,0,7,1
2020-03-08,Plumas,063,18699,0,0,0,0,0
2020-03-08,Riverside,065,2383286,41,1,1,2,0
2020-03-08,Sacramento,067,1510023,65,5,0,5,0
2020-03-08,San Benito,069,59416,3,2,0,2,0
2020-03-08,San Bernardino,071,2135413,43,0,0,0,0
2020-03-08,San Diego,073,3302833,90,2,0,2,0
2020-03-08,San Francisco,075,870044,53,9,0,9,0
2020-03-08,San Joaquin,077,732212,18,0,3,3,0
2020-03-08,San Luis Obispo,079,281455,9,0,0,0,0
2020-03-08,San Mateo,081,765935,96,4,0,4,0
2020-03-08,Santa Barbara,083,443738,5,0,0,0,0
2020-03-08,Santa Clara,085,1922200,236,36,1,37,0
2020-03-08,Santa Cruz,087,273765,17,1,0,1,0
2020-03-08,Shasta,089,179085,2,0,0,0,0
2020-03-08,Sierra,091,2930,0,0,0,0,0
2020-03-08,Siskiyou,093,43540,0,0,0,0,0
2020-03-08,Solano,095,438530,24,26,0,26,0
2020-03-08,Sonoma,097,501317,17,2,0,2,0
2020-03-08,Stanislaus,099,539301,10,0,2,2,0
2020-03-08,Sutter,101,95872,0,0,0,0,0
2020-03-08,Tehama,103,63373,0,0,0,0,0
2020-03-08,Trinity,105,12862,0,0,0,0,0
2020-03-08,Tulare,107,460477,9,0,0,0,0
2020-03-08,Tuolumne,109,53932,1,0,0,0,0
2020-03-08,Ventura,111,848112,21,1,0,1,0
2020-03-08,Yolo,113,214977,2,2,0,2,0
2020-03-08,Yuba,115,75493,0,0,0,0,0
2020-03-07,Alameda,001,1643700,43,3,0,3,0
2020-03-07,Alpine,002,1148,0,0,0,0,0
2020-03-07,Amador,005,37829,0,0,0,0,0
2020-03-07,Butte,007,227075,0,0,0,0,0
2020-03-07,Calaveras,009,45235,2,0,0,0,0
2020-03-07,Colusa,011,21464,0,0,0,0,0
2020-03-07,Contra Costa,013,1133247,55,4,0,4,0
2020-03-07,Del Norte,015,27424,0,0,0,0,0
2020-03-07,El Dorado,017,186661,4,0,0,0,0
2020-03-07,Fresno,019,978130,4,1,1,2,0
2020-03-07,Glenn,021,27897,0,0,0,0,0
2020-03-07,Humboldt,023,135768,5,1,0,1,0
2020-03-07,Imperial,025,180216,4,0,0,0,0
2020-03-07,Inyo,027,18085,0,0,0,0,0
2020-03-07,Kern,029,883053,7,0,0,0,0
2020-03-07,Kings,031,150075,0,0,0,0,0
2020-03-07,Lake,033,64148,0,0,0,0,0
2020-03-07,Lassen,035,31185,0,0,0,0,0
2020-03-07,Los Angeles,037,10098052,318,14,7,21,0
2020-03-07,Madera,039,155013,6,1,0,1,0
2020-03-07,Marin,041,260295,11,0,0,0,0
2020-03-07,Mariposa,043,17540,0,0,0,0,0
2020-03-07,Mendocino,045,87422,0,0,0,0,0
2020-03-07,Merced,047,269075,2,0,0,0,0
2020-03-07,Modoc,049,8938,0,0,0,0,0
2020-03-07,Mono,051,14174,3,0,0,0,0
2020-03-07,Monterey,053,433212,3,0,0,0,0
2020-03-07,Napa,055,140530,1,0,0,0,0
2020-03-07,Nevada,057,99092,1,0,1,1,0
2020-03-07,Orange,059,3164182,122,4,0,4,0
2020-03-07,Placer,061,380077,11,6,0,6,1
2020-03-07,Plumas,063,18699,0,0,0,0,0
2020-03-07,Riverside,065,2383286,31,0,1,1,0
2020-03-07,Sacramento,067,1510023,52,4,0,4,0
2020-03-07,San Benito,069,59416,3,2,0,2,0
2020-03-07,San Bernardino,071,2135413,41,0,0,0,0
2020-03-07,San Diego,073,3302833,72,2,0,2,0
2020-03-07,San Francisco,075,870044,47,9,0,9,0
2020-03-07,San Joaquin,077,732212,16,0,3,3,0
2020-03-07,San Luis Obispo,079,281455,6,0,0,0,0
2020-03-07,San Mateo,081,765935,86,1,0,1,0
2020-03-07,Santa Barbara,083,443738,5,0,0,0,0
2020-03-07,Santa Clara,085,1922200,206,31,1,32,0
2020-03-07,Santa Cruz,087,273765,17,1,0,1,0
2020-03-07,Shasta,089,179085,2,0,0,0,0
2020-03-07,Sierra,091,2930,0,0,0,0,0
2020-03-07,Siskiyou,093,43540,0,0,0,0,0
2020-03-07,Solano,095,438530,23,25,0,25,0
2020-03-07,Sonoma,097,501317,13,2,0,2,0
2020-03-07,Stanislaus,099,539301,9,0,2,2,0
2020-03-07,Sutter,101,95872,0,0,0,0,0
2020-03-07,Tehama,103,63373,0,0,0,0,0
2020-03-07,Trinity,105,12862,0,0,0,0,0
2020-03-07,Tulare,107,460477,6,0,0,0,0
2020-03-07,Tuolumne,109,53932,1,0,0,0,0
2020-03-07,Ventura,111,848112,18,1,0,1,0
2020-03-07,Yolo,113,214977,2,2,0,2,0
2020-03-07,Yuba,115,75493,0,0,0,0,0
2020-03-06,Alameda,001,1643700,41,3,0,3,0
2020-03-06,Alpine,002,1148,0,0,0,0,0
2020-03-06,Amador,005,37829,0,0,0,0,0
2020-03-06,Butte,007,227075,0,0,0,0,0
2020-03-06,Calaveras,009,45235,2,0,0,0,0
2020-03-06,Colusa,011,21464,0,0,0,0,0
2020-03-06,Contra Costa,013,1133247,46,4,0,4,0
2020-03-06,Del Norte,015,27424,0,0,0,0,0
2020-03-06,El Dorado,017,186661,3,0,0,0,0
2020-03-06,Fresno,019,978130,3,0,1,1,0
2020-03-06,Glenn,021,27897,0,0,0,0,0
2020-03-06,Humboldt,023,135768,4,1,0,1,0
2020-03-06,Imperial,025,180216,3,0,0,0,0
2020-03-06,Inyo,027,18085,0,0,0,0,0
2020-03-06,Kern,029,883053,6,0,0,0,0
2020-03-06,Kings,031,150075,0,0,0,0,0
2020-03-06,Lake,033,64148,0,0,0,0,0
2020-03-06,Lassen,035,31185,0,0,0,0,0
2020-03-06,Los Angeles,037,10098052,275,13,7,20,0
2020-03-06,Madera,039,155013,5,0,0,0,0
2020-03-06,Marin,041,260295,10,0,0,0,0
2020-03-06,Mariposa,043,17540,0,0,0,0,0
2020-03-06,Mendocino,045,87422,0,0,0,0,0
2020-03-06,Merced,047,269075,2,0,0,0,0
2020-03-06,Modoc,049,8938,0,0,0,0,0
2020-03-06,Mono,051,14174,1,0,0,0,0
2020-03-06,Monterey,053,433212,3,0,0,0,0
2020-03-06,Napa,055,140530,1,0,0,0,0
2020-03-06,Nevada,057,99092,1,0,1,1,0
2020-03-06,Orange,059,3164182,96,4,0,4,0
2020-03-06,Placer,061,380077,10,5,0,5,1
2020-03-06,Plumas,063,18699,0,0,0,0,0
2020-03-06,Riverside,065,2383286,30,0,1,1,0
2020-03-06,Sacramento,067,1510023,43,2,0,2,0
2020-03-06,San Benito,069,59416,3,2,0,2,0
2020-03-06,San Bernardino,071,2135413,39,0,0,0,0
2020-03-06,San Diego,073,3302833,59,2,0,2,0
2020-03-06,San Francisco,075,870044,41,2,0,2,0
2020-03-06,San Joaquin,077,732212,13,0,3,3,0
2020-03-06,San Luis Obispo,079,281455,4,0,0,0,0
2020-03-06,San Mateo,081,765935,78,1,0,1,0
2020-03-06,Santa Barbara,083,443738,3,0,0,0,0
2020-03-06,Santa Clara,085,1922200,188,20,1,21,0
2020-03-06,Santa Cruz,087,273765,15,0,0,0,0
2020-03-06,Shasta,089,179085,2,0,0,0,0
2020-03-06,Sierra,091,2930,0,0,0,0,0
2020-03-06,Siskiyou,093,43540,0,0,0,0,0
2020-03-06,Solano,095,438530,22,25,0,25,0
2020-03-06,Sonoma,097,501317,13,2,0,2,0
2020-03-06,Stanislaus,099,539301,5,0,2,2,0
2020-03-06,Sutter,101,95872,0,0,0,0,0
2020-03-06,Tehama,103,63373,0,0,0,0,0
2020-03-06,Trinity,105,12862,0,0,0,0,0
2020-03-06,Tulare,107,460477,6,0,0,0,0
2020-03-06,Tuolumne,109,53932,1,0,0,0,0
2020-03-06,Ventura,111,848112,15,1,0,1,0
2020-03-06,Yolo,113,214977,2,1,0,1,0
2020-03-06,Yuba,115,75493,0,0,0,0,0
2020-03-05,Alameda,001,1643700,35,2,0,2,0
2020-03-05,Alpine,002,1148,0,0,0,0,0
2020-03-05,Amador,005,37829,0,0,0,0,0
2020-03-05,Butte,007,227075,0,0,0,0,0
2020-03-05,Calaveras,009,45235,2,0,0,0,0
2020-03-05,Colusa,011,21464,0,0,0,0,0
2020-03-05,Contra Costa,013,1133247,39,1,0,1,0
2020-03-05,Del Norte,015,27424,0,0,0,0,0
2020-03-05,El Dorado,017,186661,1,0,0,0,0
2020-03-05,Fresno,019,978130,3,0,1,1,0
2020-03-05,Glenn,021,27897,0,0,0,0,0
2020-03-05,Humboldt,023,135768,4,1,0,1,0
2020-03-05,Imperial,025,180216,2,0,0,0,0
2020-03-05,Inyo,027,18085,0,0,0,0,0
2020-03-05,Kern,029,883053,6,0,0,0,0
2020-03-05,Kings,031,150075,0,0,0,0,0
2020-03-05,Lake,033,64148,0,0,0,0,0
2020-03-05,Lassen,035,31185,0,0,0,0,0
2020-03-05,Los Angeles,037,10098052,228,11,7,18,0
2020-03-05,Madera,039,155013,5,0,0,0,0
2020-03-05,Marin,041,260295,10,0,0,0,0
2020-03-05,Mariposa,043,17540,0,0,0,0,0
2020-03-05,Mendocino,045,87422,0,0,0,0,0
2020-03-05,Merced,047,269075,2,0,0,0,0
2020-03-05,Modoc,049,8938,0,0,0,0,0
2020-03-05,Mono,051,14174,1,0,0,0,0
2020-03-05,Monterey,053,433212,3,0,0,0,0
2020-03-05,Napa,055,140530,1,0,0,0,0
2020-03-05,Nevada,057,99092,0,0,1,1,0
2020-03-05,Orange,059,3164182,81,3,0,3,0
2020-03-05,Placer,061,380077,10,2,0,2,1
2020-03-05,Plumas,063,18699,0,0,0,0,0
2020-03-05,Riverside,065,2383286,27,0,1,1,0
2020-03-05,Sacramento,067,1510023,37,2,0,2,0
2020-03-05,San Benito,069,59416,1,2,0,2,0
2020-03-05,San Bernardino,071,2135413,34,0,0,0,0
2020-03-05,San Diego,073,3302833,52,2,0,2,0
2020-03-05,San Francisco,075,870044,31,2,0,2,0
2020-03-05,San Joaquin,077,732212,10,0,3,3,0
2020-03-05,San Luis Obispo,079,281455,4,0,0,0,0
2020-03-05,San Mateo,081,765935,65,1,0,1,0
2020-03-05,Santa Barbara,083,443738,2,0,0,0,0
2020-03-05,Santa Clara,085,1922200,164,14,1,15,0
2020-03-05,Santa Cruz,087,273765,13,0,0,0,0
2020-03-05,Shasta,089,179085,2,0,0,0,0
2020-03-05,Sierra,091,2930,0,0,0,0,0
2020-03-05,Siskiyou,093,43540,0,0,0,0,0
2020-03-05,Solano,095,438530,22,24,0,24,0
2020-03-05,Sonoma,097,501317,12,2,0,2,0
2020-03-05,Stanislaus,099,539301,4,0,2,2,0
2020-03-05,Sutter,101,95872,0,0,0,0,0
2020-03-05,Tehama,103,63373,0,0,0,0,0
2020-03-05,Trinity,105,12862,0,0,0,0,0
2020-03-05,Tulare,107,460477,6,0,0,0,0
2020-03-05,Tuolumne,109,53932,1,0,0,0,0
2020-03-05,Ventura,111,848112,13,0,0,0,0
2020-03-05,Yolo,113,214977,2,0,0,0,0
2020-03-05,Yuba,115,75493,0,0,0,0,0
2020-03-04,Alameda,001,1643700,31,2,0,2,0
2020-03-04,Alpine,002,1148,0,0,0,0,0
2020-03-04,Amador,005,37829,0,0,0,0,0
2020-03-04,Butte,007,227075,0,0,0,0,0
2020-03-04,Calaveras,009,45235,0,0,0,0,0
2020-03-04,Colusa,011,21464,0,0,0,0,0
2020-03-04,Contra Costa,013,1133247,34,1,0,1,0
2020-03-04,Del Norte,015,27424,0,0,0,0,0
2020-03-04,El Dorado,017,186661,1,0,0,0,0
2020-03-04,Fresno,019,978130,3,0,1,1,0
2020-03-04,Glenn,021,27897,0,0,0,0,0
2020-03-04,Humboldt,023,135768,1,1,0,1,0
2020-03-04,Imperial,025,180216,2,0,0,0,0
2020-03-04,Inyo,027,18085,0,0,0,0,0
2020-03-04,Kern,029,883053,6,0,0,0,0
2020-03-04,Kings,031,150075,0,0,0,0,0
2020-03-04,Lake,033,64148,0,0,0,0,0
2020-03-04,Lassen,035,31185,0,0,0,0,0
2020-03-04,Los Angeles,037,10098052,192,7,7,14,0
2020-03-04,Madera,039,155013,5,0,0,0,0
2020-03-04,Marin,041,260295,10,0,0,0,0
2020-03-04,Mariposa,043,17540,0,0,0,0,0
2020-03-04,Mendocino,045,87422,0,0,0,0,0
2020-03-04,Merced,047,269075,2,0,0,0,0
2020-03-04,Modoc,049,8938,0,0,0,0,0
2020-03-04,Mono,051,14174,1,0,0,0,0
2020-03-04,Monterey,053,433212,3,0,0,0,0
2020-03-04,Napa,055,140530,1,0,0,0,0
2020-03-04,Nevada,057,99092,0,0,1,1,0
2020-03-04,Orange,059,3164182,78,3,0,3,0
2020-03-04,Placer,061,380077,9,2,0,2,1
2020-03-04,Plumas,063,18699,0,0,0,0,0
2020-03-04,Riverside,065,2383286,23,0,1,1,0
2020-03-04,Sacramento,067,1510023,32,1,0,1,0
2020-03-04,San Benito,069,59416,1,2,0,2,0
2020-03-04,San Bernardino,071,2135413,31,0,0,0,0
2020-03-04,San Diego,073,3302833,39,2,0,2,0
2020-03-04,San Francisco,075,870044,26,0,0,0,0
2020-03-04,San Joaquin,077,732212,9,0,3,3,0
2020-03-04,San Luis Obispo,079,281455,4,0,0,0,0
2020-03-04,San Mateo,081,765935,60,1,0,1,0
2020-03-04,Santa Barbara,083,443738,2,0,0,0,0
2020-03-04,Santa Clara,085,1922200,147,12,1,13,0
2020-03-04,Santa Cruz,087,273765,13,0,0,0,0
2020-03-04,Shasta,089,179085,2,0,0,0,0
2020-03-04,Sierra,091,2930,0,0,0,0,0
2020-03-04,Siskiyou,093,43540,0,0,0,0,0
2020-03-04,Solano,095,438530,21,24,0,24,0
2020-03-04,Sonoma,097,501317,11,2,0,2,0
2020-03-04,Stanislaus,099,539301,4,0,2,2,0
2020-03-04,Sutter,101,95872,0,0,0,0,0
2020-03-04,Tehama,103,63373,0,0,0,0,0
2020-03-04,Trinity,105,12862,0,0,0,0,0
2020-03-04,Tulare,107,460477,6,0,0,0,0
2020-03-04,Tuolumne,109,53932,0,0,0,0,0
2020-03-04,Ventura,111,848112,12,0,0,0,0
2020-03-04,Yolo,113,214977,2,0,0,0,0
2020-03-04,Yuba,115,75493,0,0,0,0,0
2020-03-03,Alameda,001,1643700,25,2,0,2,0
2020-03-03,Alpine,002,1148,0,0,0,0,0
2020-03-03,Amador,005,37829,0,0,0,0,0
2020-03-03,Butte,007,227075,0,0,0,0,0
2020-03-03,Calaveras,009,45235,0,0,0,0,0
2020-03-03,Colusa,011,21464,0,0,0,0,0
2020-03-03,Contra Costa,013,1133247,30,0,0,0,0
2020-03-03,Del Norte,015,27424,0,0,0,0,0
2020-03-03,El Dorado,017,186661,1,0,0,0,0
2020-03-03,Fresno,019,978130,2,0,1,1,0
2020-03-03,Glenn,021,27897,0,0,0,0,0
2020-03-03,Humboldt,023,135768,1,1,0,1,0
2020-03-03,Imperial,025,180216,2,0,0,0,0
2020-03-03,Inyo,027,18085,0,0,0,0,0
2020-03-03,Kern,029,883053,4,0,0,0,0
2020-03-03,Kings,031,150075,0,0,0,0,0
2020-03-03,Lake,033,64148,0,0,0,0,0
2020-03-03,Lassen,035,31185,0,0,0,0,0
2020-03-03,Los Angeles,037,10098052,173,5,7,12,0
2020-03-03,Madera,039,155013,4,0,0,0,0
2020-03-03,Marin,041,260295,6,0,0,0,0
2020-03-03,Mariposa,043,17540,0,0,0,0,0
2020-03-03,Mendocino,045,87422,0,0,0,0,0
2020-03-03,Merced,047,269075,2,0,0,0,0
2020-03-03,Modoc,049,8938,0,0,0,0,0
2020-03-03,Mono,051,14174,1,0,0,0,0
2020-03-03,Monterey,053,433212,2,0,0,0,0
2020-03-03,Napa,055,140530,1,0,0,0,0
2020-03-03,Nevada,057,99092,0,0,1,1,0
2020-03-03,Orange,059,3164182,70,1,0,1,0
2020-03-03,Placer,061,380077,8,2,0,2,0
2020-03-03,Plumas,063,18699,0,0,0,0,0
2020-03-03,Riverside,065,2383286,20,0,1,1,0
2020-03-03,Sacramento,067,1510023,31,1,0,1,0
2020-03-03,San Benito,069,59416,1,2,0,2,0
2020-03-03,San Bernardino,071,2135413,28,0,0,0,0
2020-03-03,San Diego,073,3302833,32,2,0,2,0
2020-03-03,San Francisco,075,870044,24,0,0,0,0
2020-03-03,San Joaquin,077,732212,8,0,3,3,0
2020-03-03,San Luis Obispo,079,281455,2,0,0,0,0
2020-03-03,San Mateo,081,765935,53,1,0,1,0
2020-03-03,Santa Barbara,083,443738,1,0,0,0,0
2020-03-03,Santa Clara,085,1922200,132,11,1,12,0
2020-03-03,Santa Cruz,087,273765,10,0,0,0,0
2020-03-03,Shasta,089,179085,2,0,0,0,0
2020-03-03,Sierra,091,2930,0,0,0,0,0
2020-03-03,Siskiyou,093,43540,0,0,0,0,0
2020-03-03,Solano,095,438530,20,24,0,24,0
2020-03-03,Sonoma,097,501317,11,1,0,1,0
2020-03-03,Stanislaus,099,539301,4,0,2,2,0
2020-03-03,Sutter,101,95872,0,0,0,0,0
2020-03-03,Tehama,103,63373,0,0,0,0,0
2020-03-03,Trinity,105,12862,0,0,0,0,0
2020-03-03,Tulare,107,460477,6,0,0,0,0
2020-03-03,Tuolumne,109,53932,0,0,0,0,0
2020-03-03,Ventura,111,848112,11,0,0,0,0
2020-03-03,Yolo,113,214977,1,0,0,0,0
2020-03-03,Yuba,115,75493,0,0,0,0,0
2020-03-02,Alameda,001,1643700,22,1,0,1,0
2020-03-02,Alpine,002,1148,0,0,0,0,0
2020-03-02,Amador,005,37829,0,0,0,0,0
2020-03-02,Butte,007,227075,0,0,0,0,0
2020-03-02,Calaveras,009,45235,0,0,0,0,0
2020-03-02,Colusa,011,21464,0,0,0,0,0
2020-03-02,Contra Costa,013,1133247,27,0,0,0,0
2020-03-02,Del Norte,015,27424,0,0,0,0,0
2020-03-02,El Dorado,017,186661,1,0,0,0,0
2020-03-02,Fresno,019,978130,2,0,1,1,0
2020-03-02,Glenn,021,27897,0,0,0,0,0
2020-03-02,Humboldt,023,135768,1,1,0,1,0
2020-03-02,Imperial,025,180216,2,0,0,0,0
2020-03-02,Inyo,027,18085,0,0,0,0,0
2020-03-02,Kern,029,883053,4,0,0,0,0
2020-03-02,Kings,031,150075,0,0,0,0,0
2020-03-02,Lake,033,64148,0,0,0,0,0
2020-03-02,Lassen,035,31185,0,0,0,0,0
2020-03-02,Los Angeles,037,10098052,158,1,7,8,0
2020-03-02,Madera,039,155013,4,0,0,0,0
2020-03-02,Marin,041,260295,6,0,0,0,0
2020-03-02,Mariposa,043,17540,0,0,0,0,0
2020-03-02,Mendocino,045,87422,0,0,0,0,0
2020-03-02,Merced,047,269075,1,0,0,0,0
2020-03-02,Modoc,049,8938,0,0,0,0,0
2020-03-02,Mono,051,14174,1,0,0,0,0
2020-03-02,Monterey,053,433212,2,0,0,0,0
2020-03-02,Napa,055,140530,1,0,0,0,0
2020-03-02,Nevada,057,99092,0,0,1,1,0
2020-03-02,Orange,059,3164182,65,1,0,1,0
2020-03-02,Placer,061,380077,8,1,0,1,0
2020-03-02,Plumas,063,18699,0,0,0,0,0
2020-03-02,Riverside,065,2383286,19,0,1,1,0
2020-03-02,Sacramento,067,1510023,25,1,0,1,0
2020-03-02,San Benito,069,59416,1,2,0,2,0
2020-03-02,San Bernardino,071,2135413,28,0,0,0,0
2020-03-02,San Diego,073,3302833,26,2,0,2,0
2020-03-02,San Francisco,075,870044,17,0,0,0,0
2020-03-02,San Joaquin,077,732212,7,0,3,3,0
2020-03-02,San Luis Obispo,079,281455,2,0,0,0,0
2020-03-02,San Mateo,081,765935,44,1,0,1,0
2020-03-02,Santa Barbara,083,443738,1,0,0,0,0
2020-03-02,Santa Clara,085,1922200,110,7,1,8,0
2020-03-02,Santa Cruz,087,273765,9,0,0,0,0
2020-03-02,Shasta,089,179085,2,0,0,0,0
2020-03-02,Sierra,091,2930,0,0,0,0,0
2020-03-02,Siskiyou,093,43540,0,0,0,0,0
2020-03-02,Solano,095,438530,19,24,0,24,0
2020-03-02,Sonoma,097,501317,10,1,0,1,0
2020-03-02,Stanislaus,099,539301,2,0,2,2,0
2020-03-02,Sutter,101,95872,0,0,0,0,0
2020-03-02,Tehama,103,63373,0,0,0,0,0
2020-03-02,Trinity,105,12862,0,0,0,0,0
2020-03-02,Tulare,107,460477,6,0,0,0,0
2020-03-02,Tuolumne,109,53932,0,0,0,0,0
2020-03-02,Ventura,111,848112,10,0,0,0,0
2020-03-02,Yolo,113,214977,1,0,0,0,0
2020-03-02,Yuba,115,75493,0,0,0,0,0
2020-03-01,Alameda,001,1643700,21,1,0,1,0
2020-03-01,Alpine,002,1148,0,0,0,0,0
2020-03-01,Amador,005,37829,0,0,0,0,0
2020-03-01,Butte,007,227075,0,0,0,0,0
2020-03-01,Calaveras,009,45235,0,0,0,0,0
2020-03-01,Colusa,011,21464,0,0,0,0,0
2020-03-01,Contra Costa,013,1133247,24,0,0,0,0
2020-03-01,Del Norte,015,27424,0,0,0,0,0
2020-03-01,El Dorado,017,186661,1,0,0,0,0
2020-03-01,Fresno,019,978130,1,0,1,1,0
2020-03-01,Glenn,021,27897,0,0,0,0,0
2020-03-01,Humboldt,023,135768,1,1,0,1,0
2020-03-01,Imperial,025,180216,2,0,0,0,0
2020-03-01,Inyo,027,18085,0,0,0,0,0
2020-03-01,Kern,029,883053,2,0,0,0,0
2020-03-01,Kings,031,150075,0,0,0,0,0
2020-03-01,Lake,033,64148,0,0,0,0,0
2020-03-01,Lassen,035,31185,0,0,0,0,0
2020-03-01,Los Angeles,037,10098052,139,1,7,8,0
2020-03-01,Madera,039,155013,2,0,0,0,0
2020-03-01,Marin,041,260295,5,0,0,0,0
2020-03-01,Mariposa,043,17540,0,0,0,0,0
2020-03-01,Mendocino,045,87422,0,0,0,0,0
2020-03-01,Merced,047,269075,1,0,0,0,0
2020-03-01,Modoc,049,8938,0,0,0,0,0
2020-03-01,Mono,051,14174,1,0,0,0,0
2020-03-01,Monterey,053,433212,1,0,0,0,0
2020-03-01,Napa,055,140530,1,0,0,0,0
2020-03-01,Nevada,057,99092,0,0,1,1,0
2020-03-01,Orange,059,3164182,62,1,0,1,0
2020-03-01,Placer,061,380077,8,0,0,0,0
2020-03-01,Plumas,063,18699,0,0,0,0,0
2020-03-01,Riverside,065,2383286,18,0,1,1,0
2020-03-01,Sacramento,067,1510023,21,1,0,1,0
2020-03-01,San Benito,069,59416,0,2,0,2,0
2020-03-01,San Bernardino,071,2135413,27,0,0,0,0
2020-03-01,San Diego,073,3302833,19,2,0,2,0
2020-03-01,San Francisco,075,870044,13,0,0,0,0
2020-03-01,San Joaquin,077,732212,7,0,3,3,0
2020-03-01,San Luis Obispo,079,281455,2,0,0,0,0
2020-03-01,San Mateo,081,765935,36,0,0,0,0
2020-03-01,Santa Barbara,083,443738,1,0,0,0,0
2020-03-01,Santa Clara,085,1922200,97,6,1,7,0
2020-03-01,Santa Cruz,087,273765,8,0,0,0,0
2020-03-01,Shasta,089,179085,2,0,0,0,0
2020-03-01,Sierra,091,2930,0,0,0,0,0
2020-03-01,Siskiyou,093,43540,0,0,0,0,0
2020-03-01,Solano,095,438530,19,24,0,24,0
2020-03-01,Sonoma,097,501317,9,0,0,0,0
2020-03-01,Stanislaus,099,539301,2,0,2,2,0
2020-03-01,Sutter,101,95872,0,0,0,0,0
2020-03-01,Tehama,103,63373,0,0,0,0,0
2020-03-01,Trinity,105,12862,0,0,0,0,0
2020-03-01,Tulare,107,460477,6,0,0,0,0
2020-03-01,Tuolumne,109,53932,0,0,0,0,0
2020-03-01,Ventura,111,848112,8,0,0,0,0
2020-03-01,Yolo,113,214977,1,0,0,0,0
2020-03-01,Yuba,115,75493,0,0,0,0,0
2020-02-29,Alameda,001,1643700,17,0,0,0,0
2020-02-29,Alpine,002,1148,0,0,0,0,0
2020-02-29,Amador,005,37829,0,0,0,0,0
2020-02-29,Butte,007,227075,0,0,0,0,0
2020-02-29,Calaveras,009,45235,0,0,0,0,0
2020-02-29,Colusa,011,21464,0,0,0,0,0
2020-02-29,Contra Costa,013,1133247,20,0,0,0,0
2020-02-29,Del Norte,015,27424,0,0,0,0,0
2020-02-29,El Dorado,017,186661,1,0,0,0,0
2020-02-29,Fresno,019,978130,1,0,0,0,0
2020-02-29,Glenn,021,27897,0,0,0,0,0
2020-02-29,Humboldt,023,135768,1,1,0,1,0
2020-02-29,Imperial,025,180216,1,0,0,0,0
2020-02-29,Inyo,027,18085,0,0,0,0,0
2020-02-29,Kern,029,883053,2,0,0,0,0
2020-02-29,Kings,031,150075,0,0,0,0,0
2020-02-29,Lake,033,64148,0,0,0,0,0
2020-02-29,Lassen,035,31185,0,0,0,0,0
2020-02-29,Los Angeles,037,10098052,111,1,7,8,0
2020-02-29,Madera,039,155013,2,0,0,0,0
2020-02-29,Marin,041,260295,4,0,0,0,0
2020-02-29,Mariposa,043,17540,0,0,0,0,0
2020-02-29,Mendocino,045,87422,0,0,0,0,0
2020-02-29,Merced,047,269075,1,0,0,0,0
2020-02-29,Modoc,049,8938,0,0,0,0,0
2020-02-29,Mono,051,14174,1,0,0,0,0
2020-02-29,Monterey,053,433212,1,0,0,0,0
2020-02-29,Napa,055,140530,1,0,0,0,0
2020-02-29,Nevada,057,99092,0,0,1,1,0
2020-02-29,Orange,059,3164182,57,1,0,1,0
2020-02-29,Placer,061,380077,7,0,0,0,0
2020-02-29,Plumas,063,18699,0,0,0,0,0
2020-02-29,Riverside,065,2383286,15,0,1,1,0
2020-02-29,Sacramento,067,1510023,16,1,0,1,0
2020-02-29,San Benito,069,59416,0,2,0,2,0
2020-02-29,San Bernardino,071,2135413,25,0,0,0,0
2020-02-29,San Diego,073,3302833,14,2,0,2,0
2020-02-29,San Francisco,075,870044,12,0,0,0,0
2020-02-29,San Joaquin,077,732212,6,0,3,3,0
2020-02-29,San Luis Obispo,079,281455,2,0,0,0,0
2020-02-29,San Mateo,081,765935,29,0,0,0,0
2020-02-29,Santa Barbara,083,443738,0,0,0,0,0
2020-02-29,Santa Clara,085,1922200,75,3,1,4,0
2020-02-29,Santa Cruz,087,273765,8,0,0,0,0
2020-02-29,Shasta,089,179085,2,0,0,0,0
2020-02-29,Sierra,091,2930,0,0,0,0,0
2020-02-29,Siskiyou,093,43540,0,0,0,0,0
2020-02-29,Solano,095,438530,18,23,0,23,0
2020-02-29,Sonoma,097,501317,6,0,0,0,0
2020-02-29,Stanislaus,099,539301,2,0,2,2,0
2020-02-29,Sutter,101,95872,0,0,0,0,0
2020-02-29,Tehama,103,63373,0,0,0,0,0
2020-02-29,Trinity,105,12862,0,0,0,0,0
2020-02-29,Tulare,107,460477,4,0,0,0,0
2020-02-29,Tuolumne,109,53932,0,0,0,0,0
2020-02-29,Ventura,111,848112,6,0,0,0,0
2020-02-29,Yolo,113,214977,1,0,0,0,0
2020-02-29,Yuba,115,75493,0,0,0,0,0
2020-02-28,Alameda,001,1643700,15,0,0,0,0
2020-02-28,Alpine,002,1148,0,0,0,0,0
2020-02-28,Amador,005,37829,0,0,0,0,0
2020-02-28,Butte,007,227075,0,0,0,0,0
2020-02-28,Calaveras,009,45235,0,0,0,0,0
2020-02-28,Colusa,011,21464,0,0,0,0,0
2020-02-28,Contra Costa,013,1133247,20,0,0,0,0
2020-02-28,Del Norte,015,27424,0,0,0,0,0
2020-02-28,El Dorado,017,186661,0,0,0,0,0
2020-02-28,Fresno,019,978130,1,0,0,0,0
2020-02-28,Glenn,021,27897,0,0,0,0,0
2020-02-28,Humboldt,023,135768,1,1,0,1,0
2020-02-28,Imperial,025,180216,1,0,0,0,0
2020-02-28,Inyo,027,18085,0,0,0,0,0
2020-02-28,Kern,029,883053,2,0,0,0,0
2020-02-28,Kings,031,150075,0,0,0,0,0
2020-02-28,Lake,033,64148,0,0,0,0,0
2020-02-28,Lassen,035,31185,0,0,0,0,0
2020-02-28,Los Angeles,037,10098052,103,1,7,8,0
2020-02-28,Madera,039,155013,2,0,0,0,0
2020-02-28,Marin,041,260295,2,0,0,0,0
2020-02-28,Mariposa,043,17540,0,0,0,0,0
2020-02-28,Mendocino,045,87422,0,0,0,0,0
2020-02-28,Merced,047,269075,1,0,0,0,0
2020-02-28,Modoc,049,8938,0,0,0,0,0
2020-02-28,Mono,051,14174,0,0,0,0,0
2020-02-28,Monterey,053,433212,1,0,0,0,0
2020-02-28,Napa,055,140530,1,0,0,0,0
2020-02-28,Nevada,057,99092,0,0,1,1,0
2020-02-28,Orange,059,3164182,55,1,0,1,0
2020-02-28,Placer,061,380077,7,0,0,0,0
2020-02-28,Plumas,063,18699,0,0,0,0,0
2020-02-28,Riverside,065,2383286,13,0,1,1,0
2020-02-28,Sacramento,067,1510023,10,1,0,1,0
2020-02-28,San Benito,069,59416,0,2,0,2,0
2020-02-28,San Bernardino,071,2135413,25,0,0,0,0
2020-02-28,San Diego,073,3302833,11,2,0,2,0
2020-02-28,San Francisco,075,870044,10,0,0,0,0
2020-02-28,San Joaquin,077,732212,6,0,3,3,0
2020-02-28,San Luis Obispo,079,281455,2,0,0,0,0
2020-02-28,San Mateo,081,765935,24,0,0,0,0
2020-02-28,Santa Barbara,083,443738,0,0,0,0,0
2020-02-28,Santa Clara,085,1922200,70,3,1,4,0
2020-02-28,Santa Cruz,087,273765,8,0,0,0,0
2020-02-28,Shasta,089,179085,2,0,0,0,0
2020-02-28,Sierra,091,2930,0,0,0,0,0
2020-02-28,Siskiyou,093,43540,0,0,0,0,0
2020-02-28,Solano,095,438530,17,23,0,23,0
2020-02-28,Sonoma,097,501317,6,0,0,0,0
2020-02-28,Stanislaus,099,539301,2,0,2,2,0
2020-02-28,Sutter,101,95872,0,0,0,0,0
2020-02-28,Tehama,103,63373,0,0,0,0,0
2020-02-28,Trinity,105,12862,0,0,0,0,0
2020-02-28,Tulare,107,460477,3,0,0,0,0
2020-02-28,Tuolumne,109,53932,0,0,0,0,0
2020-02-28,Ventura,111,848112,6,0,0,0,0
2020-02-28,Yolo,113,214977,1,0,0,0,0
2020-02-28,Yuba,115,75493,0,0,0,0,0
2020-02-27,Alameda,001,1643700,14,0,0,0,0
2020-02-27,Alpine,002,1148,0,0,0,0,0
2020-02-27,Amador,005,37829,0,0,0,0,0
2020-02-27,Butte,007,227075,0,0,0,0,0
2020-02-27,Calaveras,009,45235,0,0,0,0,0
2020-02-27,Colusa,011,21464,0,0,0,0,0
2020-02-27,Contra Costa,013,1133247,14,0,0,0,0
2020-02-27,Del Norte,015,27424,0,0,0,0,0
2020-02-27,El Dorado,017,186661,0,0,0,0,0
2020-02-27,Fresno,019,978130,1,0,0,0,0
2020-02-27,Glenn,021,27897,0,0,0,0,0
2020-02-27,Humboldt,023,135768,1,1,0,1,0
2020-02-27,Imperial,025,180216,1,0,0,0,0
2020-02-27,Inyo,027,18085,0,0,0,0,0
2020-02-27,Kern,029,883053,2,0,0,0,0
2020-02-27,Kings,031,150075,0,0,0,0,0
2020-02-27,Lake,033,64148,0,0,0,0,0
2020-02-27,Lassen,035,31185,0,0,0,0,0
2020-02-27,Los Angeles,037,10098052,95,1,7,8,0
2020-02-27,Madera,039,155013,2,0,0,0,0
2020-02-27,Marin,041,260295,1,0,0,0,0
2020-02-27,Mariposa,043,17540,0,0,0,0,0
2020-02-27,Mendocino,045,87422,0,0,0,0,0
2020-02-27,Merced,047,269075,1,0,0,0,0
2020-02-27,Modoc,049,8938,0,0,0,0,0
2020-02-27,Mono,051,14174,0,0,0,0,0
2020-02-27,Monterey,053,433212,1,0,0,0,0
2020-02-27,Napa,055,140530,1,0,0,0,0
2020-02-27,Nevada,057,99092,0,0,1,1,0
2020-02-27,Orange,059,3164182,49,1,0,1,0
2020-02-27,Placer,061,380077,6,0,0,0,0
2020-02-27,Plumas,063,18699,0,0,0,0,0
2020-02-27,Riverside,065,2383286,12,0,1,1,0
2020-02-27,Sacramento,067,1510023,10,1,0,1,0
2020-02-27,San Benito,069,59416,0,2,0,2,0
2020-02-27,San Bernardino,071,2135413,25,0,0,0,0
2020-02-27,San Diego,073,3302833,10,2,0,2,0
2020-02-27,San Francisco,075,870044,9,0,0,0,0
2020-02-27,San Joaquin,077,732212,5,0,3,3,0
2020-02-27,San Luis Obispo,079,281455,2,0,0,0,0
2020-02-27,San Mateo,081,765935,20,0,0,0,0
2020-02-27,Santa Barbara,083,443738,0,0,0,0,0
2020-02-27,Santa Clara,085,1922200,59,2,1,3,0
2020-02-27,Santa Cruz,087,273765,6,0,0,0,0
2020-02-27,Shasta,089,179085,0,0,0,0,0
2020-02-27,Sierra,091,2930,0,0,0,0,0
2020-02-27,Siskiyou,093,43540,0,0,0,0,0
2020-02-27,Solano,095,438530,17,23,0,23,0
2020-02-27,Sonoma,097,501317,5,0,0,0,0
2020-02-27,Stanislaus,099,539301,2,0,2,2,0
2020-02-27,Sutter,101,95872,0,0,0,0,0
2020-02-27,Tehama,103,63373,0,0,0,0,0
2020-02-27,Trinity,105,12862,0,0,0,0,0
2020-02-27,Tulare,107,460477,3,0,0,0,0
2020-02-27,Tuolumne,109,53932,0,0,0,0,0
2020-02-27,Ventura,111,848112,4,0,0,0,0
2020-02-27,Yolo,113,214977,1,0,0,0,0
2020-02-27,Yuba,115,75493,0,0,0,0,0
2020-02-26,Alameda,001,1643700,14,0,0,0,0
2020-02-26,Alpine,002,1148,0,0,0,0,0
2020-02-26,Amador,005,37829,0,0,0,0,0
2020-02-26,Butte,007,227075,0,0,0,0,0
2020-02-26,Calaveras,009,45235,0,0,0,0,0
2020-02-26,Colusa,011,21464,0,0,0,0,0
2020-02-26,Contra Costa,013,1133247,13,0,0,0,0
2020-02-26,Del Norte,015,27424,0,0,0,0,0
2020-02-26,El Dorado,017,186661,0,0,0,0,0
2020-02-26,Fresno,019,978130,1,0,0,0,0
2020-02-26,Glenn,021,27897,0,0,0,0,0
2020-02-26,Humboldt,023,135768,1,1,0,1,0
2020-02-26,Imperial,025,180216,1,0,0,0,0
2020-02-26,Inyo,027,18085,0,0,0,0,0
2020-02-26,Kern,029,883053,2,0,0,0,0
2020-02-26,Kings,031,150075,0,0,0,0,0
2020-02-26,Lake,033,64148,0,0,0,0,0
2020-02-26,Lassen,035,31185,0,0,0,0,0
2020-02-26,Los Angeles,037,10098052,89,1,7,8,0
2020-02-26,Madera,039,155013,2,0,0,0,0
2020-02-26,Marin,041,260295,1,0,0,0,0
2020-02-26,Mariposa,043,17540,0,0,0,0,0
2020-02-26,Mendocino,045,87422,0,0,0,0,0
2020-02-26,Merced,047,269075,1,0,0,0,0
2020-02-26,Modoc,049,8938,0,0,0,0,0
2020-02-26,Mono,051,14174,0,0,0,0,0
2020-02-26,Monterey,053,433212,1,0,0,0,0
2020-02-26,Napa,055,140530,0,0,0,0,0
2020-02-26,Nevada,057,99092,0,0,1,1,0
2020-02-26,Orange,059,3164182,48,1,0,1,0
2020-02-26,Placer,061,380077,5,0,0,0,0
2020-02-26,Plumas,063,18699,0,0,0,0,0
2020-02-26,Riverside,065,2383286,10,0,1,1,0
2020-02-26,Sacramento,067,1510023,10,1,0,1,0
2020-02-26,San Benito,069,59416,0,2,0,2,0
2020-02-26,San Bernardino,071,2135413,23,0,0,0,0
2020-02-26,San Diego,073,3302833,9,2,0,2,0
2020-02-26,San Francisco,075,870044,9,0,0,0,0
2020-02-26,San Joaquin,077,732212,5,0,3,3,0
2020-02-26,San Luis Obispo,079,281455,2,0,0,0,0
2020-02-26,San Mateo,081,765935,18,0,0,0,0
2020-02-26,Santa Barbara,083,443738,0,0,0,0,0
2020-02-26,Santa Clara,085,1922200,50,2,1,3,0
2020-02-26,Santa Cruz,087,273765,6,0,0,0,0
2020-02-26,Shasta,089,179085,0,0,0,0,0
2020-02-26,Sierra,091,2930,0,0,0,0,0
2020-02-26,Siskiyou,093,43540,0,0,0,0,0
2020-02-26,Solano,095,438530,17,23,0,23,0
2020-02-26,Sonoma,097,501317,5,0,0,0,0
2020-02-26,Stanislaus,099,539301,2,0,2,2,0
2020-02-26,Sutter,101,95872,0,0,0,0,0
2020-02-26,Tehama,103,63373,0,0,0,0,0
2020-02-26,Trinity,105,12862,0,0,0,0,0
2020-02-26,Tulare,107,460477,3,0,0,0,0
2020-02-26,Tuolumne,109,53932,0,0,0,0,0
2020-02-26,Ventura,111,848112,4,0,0,0,0
2020-02-26,Yolo,113,214977,1,0,0,0,0
2020-02-26,Yuba,115,75493,0,0,0,0,0
2020-02-25,Alameda,001,1643700,14,0,0,0,0
2020-02-25,Alpine,002,1148,0,0,0,0,0
2020-02-25,Amador,005,37829,0,0,0,0,0
2020-02-25,Butte,007,227075,0,0,0,0,0
2020-02-25,Calaveras,009,45235,0,0,0,0,0
2020-02-25,Colusa,011,21464,0,0,0,0,0
2020-02-25,Contra Costa,013,1133247,11,0,0,0,0
2020-02-25,Del Norte,015,27424,0,0,0,0,0
2020-02-25,El Dorado,017,186661,0,0,0,0,0
2020-02-25,Fresno,019,978130,1,0,0,0,0
2020-02-25,Glenn,021,27897,0,0,0,0,0
2020-02-25,Humboldt,023,135768,1,1,0,1,0
2020-02-25,Imperial,025,180216,1,0,0,0,0
2020-02-25,Inyo,027,18085,0,0,0,0,0
2020-02-25,Kern,029,883053,2,0,0,0,0
2020-02-25,Kings,031,150075,0,0,0,0,0
2020-02-25,Lake,033,64148,0,0,0,0,0
2020-02-25,Lassen,035,31185,0,0,0,0,0
2020-02-25,Los Angeles,037,10098052,77,1,6,7,0
2020-02-25,Madera,039,155013,2,0,0,0,0
2020-02-25,Marin,041,260295,1,0,0,0,0
2020-02-25,Mariposa,043,17540,0,0,0,0,0
2020-02-25,Mendocino,045,87422,0,0,0,0,0
2020-02-25,Merced,047,269075,0,0,0,0,0
2020-02-25,Modoc,049,8938,0,0,0,0,0
2020-02-25,Mono,051,14174,0,0,0,0,0
2020-02-25,Monterey,053,433212,1,0,0,0,0
2020-02-25,Napa,055,140530,0,0,0,0,0
2020-02-25,Nevada,057,99092,0,0,1,1,0
2020-02-25,Orange,059,3164182,47,1,0,1,0
2020-02-25,Placer,061,380077,5,0,0,0,0
2020-02-25,Plumas,063,18699,0,0,0,0,0
2020-02-25,Riverside,065,2383286,10,0,1,1,0
2020-02-25,Sacramento,067,1510023,8,1,0,1,0
2020-02-25,San Benito,069,59416,0,2,0,2,0
2020-02-25,San Bernardino,071,2135413,21,0,0,0,0
2020-02-25,San Diego,073,3302833,5,2,0,2,0
2020-02-25,San Francisco,075,870044,7,0,0,0,0
2020-02-25,San Joaquin,077,732212,5,0,2,2,0
2020-02-25,San Luis Obispo,079,281455,2,0,0,0,0
2020-02-25,San Mateo,081,765935,17,0,0,0,0
2020-02-25,Santa Barbara,083,443738,0,0,0,0,0
2020-02-25,Santa Clara,085,1922200,40,2,1,3,0
2020-02-25,Santa Cruz,087,273765,5,0,0,0,0
2020-02-25,Shasta,089,179085,0,0,0,0,0
2020-02-25,Sierra,091,2930,0,0,0,0,0
2020-02-25,Siskiyou,093,43540,0,0,0,0,0
2020-02-25,Solano,095,438530,16,21,0,21,0
2020-02-25,Sonoma,097,501317,5,0,0,0,0
2020-02-25,Stanislaus,099,539301,2,0,2,2,0
2020-02-25,Sutter,101,95872,0,0,0,0,0
2020-02-25,Tehama,103,63373,0,0,0,0,0
2020-02-25,Trinity,105,12862,0,0,0,0,0
2020-02-25,Tulare,107,460477,3,0,0,0,0
2020-02-25,Tuolumne,109,53932,0,0,0,0,0
2020-02-25,Ventura,111,848112,4,0,0,0,0
2020-02-25,Yolo,113,214977,1,0,0,0,0
2020-02-25,Yuba,115,75493,0,0,0,0,0
2020-02-24,Alameda,001,1643700,14,0,0,0,0
2020-02-24,Alpine,002,1148,0,0,0,0,0
2020-02-24,Amador,005,37829,0,0,0,0,0
2020-02-24,Butte,007,227075,0,0,0,0,0
2020-02-24,Calaveras,009,45235,0,0,0,0,0
2020-02-24,Colusa,011,21464,0,0,0,0,0
2020-02-24,Contra Costa,013,1133247,9,0,0,0,0
2020-02-24,Del Norte,015,27424,0,0,0,0,0
2020-02-24,El Dorado,017,186661,0,0,0,0,0
2020-02-24,Fresno,019,978130,1,0,0,0,0
2020-02-24,Glenn,021,27897,0,0,0,0,0
2020-02-24,Humboldt,023,135768,1,1,0,1,0
2020-02-24,Imperial,025,180216,1,0,0,0,0
2020-02-24,Inyo,027,18085,0,0,0,0,0
2020-02-24,Kern,029,883053,2,0,0,0,0
2020-02-24,Kings,031,150075,0,0,0,0,0
2020-02-24,Lake,033,64148,0,0,0,0,0
2020-02-24,Lassen,035,31185,0,0,0,0,0
2020-02-24,Los Angeles,037,10098052,71,1,6,7,0
2020-02-24,Madera,039,155013,1,0,0,0,0
2020-02-24,Marin,041,260295,1,0,0,0,0
2020-02-24,Mariposa,043,17540,0,0,0,0,0
2020-02-24,Mendocino,045,87422,0,0,0,0,0
2020-02-24,Merced,047,269075,0,0,0,0,0
2020-02-24,Modoc,049,8938,0,0,0,0,0
2020-02-24,Mono,051,14174,0,0,0,0,0
2020-02-24,Monterey,053,433212,1,0,0,0,0
2020-02-24,Napa,055,140530,0,0,0,0,0
2020-02-24,Nevada,057,99092,0,0,1,1,0
2020-02-24,Orange,059,3164182,45,1,0,1,0
2020-02-24,Placer,061,380077,3,0,0,0,0
2020-02-24,Plumas,063,18699,0,0,0,0,0
2020-02-24,Riverside,065,2383286,9,0,1,1,0
2020-02-24,Sacramento,067,1510023,7,1,0,1,0
2020-02-24,San Benito,069,59416,0,2,0,2,0
2020-02-24,San Bernardino,071,2135413,21,0,0,0,0
2020-02-24,San Diego,073,3302833,5,2,0,2,0
2020-02-24,San Francisco,075,870044,6,0,0,0,0
2020-02-24,San Joaquin,077,732212,5,0,1,1,0
2020-02-24,San Luis Obispo,079,281455,2,0,0,0,0
2020-02-24,San Mateo,081,765935,13,0,0,0,0
2020-02-24,Santa Barbara,083,443738,0,0,0,0,0
2020-02-24,Santa Clara,085,1922200,38,2,1,3,0
2020-02-24,Santa Cruz,087,273765,5,0,0,0,0
2020-02-24,Shasta,089,179085,0,0,0,0,0
2020-02-24,Sierra,091,2930,0,0,0,0,0
2020-02-24,Siskiyou,093,43540,0,0,0,0,0
2020-02-24,Solano,095,438530,13,15,0,15,0
2020-02-24,Sonoma,097,501317,5,0,0,0,0
2020-02-24,Stanislaus,099,539301,2,0,2,2,0
2020-02-24,Sutter,101,95872,0,0,0,0,0
2020-02-24,Tehama,103,63373,0,0,0,0,0
2020-02-24,Trinity,105,12862,0,0,0,0,0
2020-02-24,Tulare,107,460477,3,0,0,0,0
2020-02-24,Tuolumne,109,53932,0,0,0,0,0
2020-02-24,Ventura,111,848112,4,0,0,0,0
2020-02-24,Yolo,113,214977,1,0,0,0,0
2020-02-24,Yuba,115,75493,0,0,0,0,0
2020-02-23,Alameda,001,1643700,12,0,0,0,0
2020-02-23,Alpine,002,1148,0,0,0,0,0
2020-02-23,Amador,005,37829,0,0,0,0,0
2020-02-23,Butte,007,227075,0,0,0,0,0
2020-02-23,Calaveras,009,45235,0,0,0,0,0
2020-02-23,Colusa,011,21464,0,0,0,0,0
2020-02-23,Contra Costa,013,1133247,6,0,0,0,0
2020-02-23,Del Norte,015,27424,0,0,0,0,0
2020-02-23,El Dorado,017,186661,0,0,0,0,0
2020-02-23,Fresno,019,978130,1,0,0,0,0
2020-02-23,Glenn,021,27897,0,0,0,0,0
2020-02-23,Humboldt,023,135768,1,1,0,1,0
2020-02-23,Imperial,025,180216,1,0,0,0,0
2020-02-23,Inyo,027,18085,0,0,0,0,0
2020-02-23,Kern,029,883053,2,0,0,0,0
2020-02-23,Kings,031,150075,0,0,0,0,0
2020-02-23,Lake,033,64148,0,0,0,0,0
2020-02-23,Lassen,035,31185,0,0,0,0,0
2020-02-23,Los Angeles,037,10098052,63,1,6,7,0
2020-02-23,Madera,039,155013,1,0,0,0,0
2020-02-23,Marin,041,260295,1,0,0,0,0
2020-02-23,Mariposa,043,17540,0,0,0,0,0
2020-02-23,Mendocino,045,87422,0,0,0,0,0
2020-02-23,Merced,047,269075,0,0,0,0,0
2020-02-23,Modoc,049,8938,0,0,0,0,0
2020-02-23,Mono,051,14174,0,0,0,0,0
2020-02-23,Monterey,053,433212,1,0,0,0,0
2020-02-23,Napa,055,140530,0,0,0,0,0
2020-02-23,Nevada,057,99092,0,0,1,1,0
2020-02-23,Orange,059,3164182,45,1,0,1,0
2020-02-23,Placer,061,380077,3,0,0,0,0
2020-02-23,Plumas,063,18699,0,0,0,0,0
2020-02-23,Riverside,065,2383286,9,0,0,0,0
2020-02-23,Sacramento,067,1510023,6,1,0,1,0
2020-02-23,San Benito,069,59416,0,2,0,2,0
2020-02-23,San Bernardino,071,2135413,20,0,0,0,0
2020-02-23,San Diego,073,3302833,4,2,0,2,0
2020-02-23,San Francisco,075,870044,5,0,0,0,0
2020-02-23,San Joaquin,077,732212,4,0,1,1,0
2020-02-23,San Luis Obispo,079,281455,2,0,0,0,0
2020-02-23,San Mateo,081,765935,10,0,0,0,0
2020-02-23,Santa Barbara,083,443738,0,0,0,0,0
2020-02-23,Santa Clara,085,1922200,26,2,1,3,0
2020-02-23,Santa Cruz,087,273765,2,0,0,0,0
2020-02-23,Shasta,089,179085,0,0,0,0,0
2020-02-23,Sierra,091,2930,0,0,0,0,0
2020-02-23,Siskiyou,093,43540,0,0,0,0,0
2020-02-23,Solano,095,438530,11,15,0,15,0
2020-02-23,Sonoma,097,501317,5,0,0,0,0
2020-02-23,Stanislaus,099,539301,2,0,2,2,0
2020-02-23,Sutter,101,95872,0,0,0,0,0
2020-02-23,Tehama,103,63373,0,0,0,0,0
2020-02-23,Trinity,105,12862,0,0,0,0,0
2020-02-23,Tulare,107,460477,2,0,0,0,0
2020-02-23,Tuolumne,109,53932,0,0,0,0,0
2020-02-23,Ventura,111,848112,4,0,0,0,0
2020-02-23,Yolo,113,214977,1,0,0,0,0
2020-02-23,Yuba,115,75493,0,0,0,0,0
2020-02-22,Alameda,001,1643700,11,0,0,0,0
2020-02-22,Alpine,002,1148,0,0,0,0,0
2020-02-22,Amador,005,37829,0,0,0,0,0
2020-02-22,Butte,007,227075,0,0,0,0,0
2020-02-22,Calaveras,009,45235,0,0,0,0,0
2020-02-22,Colusa,011,21464,0,0,0,0,0
2020-02-22,Contra Costa,013,1133247,5,0,0,0,0
2020-02-22,Del Norte,015,27424,0,0,0,0,0
2020-02-22,El Dorado,017,186661,0,0,0,0,0
2020-02-22,Fresno,019,978130,1,0,0,0,0
2020-02-22,Glenn,021,27897,0,0,0,0,0
2020-02-22,Humboldt,023,135768,1,1,0,1,0
2020-02-22,Imperial,025,180216,0,0,0,0,0
2020-02-22,Inyo,027,18085,0,0,0,0,0
2020-02-22,Kern,029,883053,2,0,0,0,0
2020-02-22,Kings,031,150075,0,0,0,0,0
2020-02-22,Lake,033,64148,0,0,0,0,0
2020-02-22,Lassen,035,31185,0,0,0,0,0
2020-02-22,Los Angeles,037,10098052,61,1,6,7,0
2020-02-22,Madera,039,155013,0,0,0,0,0
2020-02-22,Marin,041,260295,1,0,0,0,0
2020-02-22,Mariposa,043,17540,0,0,0,0,0
2020-02-22,Mendocino,045,87422,0,0,0,0,0
2020-02-22,Merced,047,269075,0,0,0,0,0
2020-02-22,Modoc,049,8938,0,0,0,0,0
2020-02-22,Mono,051,14174,0,0,0,0,0
2020-02-22,Monterey,053,433212,1,0,0,0,0
2020-02-22,Napa,055,140530,0,0,0,0,0
2020-02-22,Nevada,057,99092,0,0,1,1,0
2020-02-22,Orange,059,3164182,44,1,0,1,0
2020-02-22,Placer,061,380077,3,0,0,0,0
2020-02-22,Plumas,063,18699,0,0,0,0,0
2020-02-22,Riverside,065,2383286,9,0,0,0,0
2020-02-22,Sacramento,067,1510023,6,1,0,1,0
2020-02-22,San Benito,069,59416,0,2,0,2,0
2020-02-22,San Bernardino,071,2135413,18,0,0,0,0
2020-02-22,San Diego,073,3302833,3,2,0,2,0
2020-02-22,San Francisco,075,870044,3,0,0,0,0
2020-02-22,San Joaquin,077,732212,4,0,1,1,0
2020-02-22,San Luis Obispo,079,281455,2,0,0,0,0
2020-02-22,San Mateo,081,765935,8,0,0,0,0
2020-02-22,Santa Barbara,083,443738,0,0,0,0,0
2020-02-22,Santa Clara,085,1922200,23,2,1,3,0
2020-02-22,Santa Cruz,087,273765,2,0,0,0,0
2020-02-22,Shasta,089,179085,0,0,0,0,0
2020-02-22,Sierra,091,2930,0,0,0,0,0
2020-02-22,Siskiyou,093,43540,0,0,0,0,0
2020-02-22,Solano,095,438530,11,11,0,11,0
2020-02-22,Sonoma,097,501317,4,0,0,0,0
2020-02-22,Stanislaus,099,539301,2,0,2,2,0
2020-02-22,Sutter,101,95872,0,0,0,0,0
2020-02-22,Tehama,103,63373,0,0,0,0,0
2020-02-22,Trinity,105,12862,0,0,0,0,0
2020-02-22,Tulare,107,460477,2,0,0,0,0
2020-02-22,Tuolumne,109,53932,0,0,0,0,0
2020-02-22,Ventura,111,848112,4,0,0,0,0
2020-02-22,Yolo,113,214977,0,0,0,0,0
2020-02-22,Yuba,115,75493,0,0,0,0,0
2020-02-21,Alameda,001,1643700,10,0,0,0,0
2020-02-21,Alpine,002,1148,0,0,0,0,0
2020-02-21,Amador,005,37829,0,0,0,0,0
2020-02-21,Butte,007,227075,0,0,0,0,0
2020-02-21,Calaveras,009,45235,0,0,0,0,0
2020-02-21,Colusa,011,21464,0,0,0,0,0
2020-02-21,Contra Costa,013,1133247,4,0,0,0,0
2020-02-21,Del Norte,015,27424,0,0,0,0,0
2020-02-21,El Dorado,017,186661,0,0,0,0,0
2020-02-21,Fresno,019,978130,1,0,0,0,0
2020-02-21,Glenn,021,27897,0,0,0,0,0
2020-02-21,Humboldt,023,135768,1,1,0,1,0
2020-02-21,Imperial,025,180216,0,0,0,0,0
2020-02-21,Inyo,027,18085,0,0,0,0,0
2020-02-21,Kern,029,883053,2,0,0,0,0
2020-02-21,Kings,031,150075,0,0,0,0,0
2020-02-21,Lake,033,64148,0,0,0,0,0
2020-02-21,Lassen,035,31185,0,0,0,0,0
2020-02-21,Los Angeles,037,10098052,57,1,6,7,0
2020-02-21,Madera,039,155013,0,0,0,0,0
2020-02-21,Marin,041,260295,1,0,0,0,0
2020-02-21,Mariposa,043,17540,0,0,0,0,0
2020-02-21,Mendocino,045,87422,0,0,0,0,0
2020-02-21,Merced,047,269075,0,0,0,0,0
2020-02-21,Modoc,049,8938,0,0,0,0,0
2020-02-21,Mono,051,14174,0,0,0,0,0
2020-02-21,Monterey,053,433212,1,0,0,0,0
2020-02-21,Napa,055,140530,0,0,0,0,0
2020-02-21,Nevada,057,99092,0,0,1,1,0
2020-02-21,Orange,059,3164182,42,1,0,1,0
2020-02-21,Placer,061,380077,2,0,0,0,0
2020-02-21,Plumas,063,18699,0,0,0,0,0
2020-02-21,Riverside,065,2383286,9,0,0,0,0
2020-02-21,Sacramento,067,1510023,5,1,0,1,0
2020-02-21,San Benito,069,59416,0,2,0,2,0
2020-02-21,San Bernardino,071,2135413,17,0,0,0,0
2020-02-21,San Diego,073,3302833,3,2,0,2,0
2020-02-21,San Francisco,075,870044,3,0,0,0,0
2020-02-21,San Joaquin,077,732212,2,0,1,1,0
2020-02-21,San Luis Obispo,079,281455,2,0,0,0,0
2020-02-21,San Mateo,081,765935,8,0,0,0,0
2020-02-21,Santa Barbara,083,443738,0,0,0,0,0
2020-02-21,Santa Clara,085,1922200,21,2,1,3,0
2020-02-21,Santa Cruz,087,273765,2,0,0,0,0
2020-02-21,Shasta,089,179085,0,0,0,0,0
2020-02-21,Sierra,091,2930,0,0,0,0,0
2020-02-21,Siskiyou,093,43540,0,0,0,0,0
2020-02-21,Solano,095,438530,10,11,0,11,0
2020-02-21,Sonoma,097,501317,3,0,0,0,0
2020-02-21,Stanislaus,099,539301,2,0,2,2,0
2020-02-21,Sutter,101,95872,0,0,0,0,0
2020-02-21,Tehama,103,63373,0,0,0,0,0
2020-02-21,Trinity,105,12862,0,0,0,0,0
2020-02-21,Tulare,107,460477,2,0,0,0,0
2020-02-21,Tuolumne,109,53932,0,0,0,0,0
2020-02-21,Ventura,111,848112,4,0,0,0,0
2020-02-21,Yolo,113,214977,0,0,0,0,0
2020-02-21,Yuba,115,75493,0,0,0,0,0
2020-02-20,Alameda,001,1643700,8,0,0,0,0
2020-02-20,Alpine,002,1148,0,0,0,0,0
2020-02-20,Amador,005,37829,0,0,0,0,0
2020-02-20,Butte,007,227075,0,0,0,0,0
2020-02-20,Calaveras,009,45235,0,0,0,0,0
2020-02-20,Colusa,011,21464,0,0,0,0,0
2020-02-20,Contra Costa,013,1133247,3,0,0,0,0
2020-02-20,Del Norte,015,27424,0,0,0,0,0
2020-02-20,El Dorado,017,186661,0,0,0,0,0
2020-02-20,Fresno,019,978130,1,0,0,0,0
2020-02-20,Glenn,021,27897,0,0,0,0,0
2020-02-20,Humboldt,023,135768,1,1,0,1,0
2020-02-20,Imperial,025,180216,0,0,0,0,0
2020-02-20,Inyo,027,18085,0,0,0,0,0
2020-02-20,Kern,029,883053,2,0,0,0,0
2020-02-20,Kings,031,150075,0,0,0,0,0
2020-02-20,Lake,033,64148,0,0,0,0,0
2020-02-20,Lassen,035,31185,0,0,0,0,0
2020-02-20,Los Angeles,037,10098052,56,1,5,6,0
2020-02-20,Madera,039,155013,0,0,0,0,0
2020-02-20,Marin,041,260295,0,0,0,0,0
2020-02-20,Mariposa,043,17540,0,0,0,0,0
2020-02-20,Mendocino,045,87422,0,0,0,0,0
2020-02-20,Merced,047,269075,0,0,0,0,0
2020-02-20,Modoc,049,8938,0,0,0,0,0
2020-02-20,Mono,051,14174,0,0,0,0,0
2020-02-20,Monterey,053,433212,1,0,0,0,0
2020-02-20,Napa,055,140530,0,0,0,0,0
2020-02-20,Nevada,057,99092,0,0,1,1,0
2020-02-20,Orange,059,3164182,42,1,0,1,0
2020-02-20,Placer,061,380077,2,0,0,0,0
2020-02-20,Plumas,063,18699,0,0,0,0,0
2020-02-20,Riverside,065,2383286,7,0,0,0,0
2020-02-20,Sacramento,067,1510023,2,1,0,1,0
2020-02-20,San Benito,069,59416,0,2,0,2,0
2020-02-20,San Bernardino,071,2135413,15,0,0,0,0
2020-02-20,San Diego,073,3302833,3,2,0,2,0
2020-02-20,San Francisco,075,870044,3,0,0,0,0
2020-02-20,San Joaquin,077,732212,2,0,1,1,0
2020-02-20,San Luis Obispo,079,281455,2,0,0,0,0
2020-02-20,San Mateo,081,765935,7,0,0,0,0
2020-02-20,Santa Barbara,083,443738,0,0,0,0,0
2020-02-20,Santa Clara,085,1922200,17,2,1,3,0
2020-02-20,Santa Cruz,087,273765,2,0,0,0,0
2020-02-20,Shasta,089,179085,0,0,0,0,0
2020-02-20,Sierra,091,2930,0,0,0,0,0
2020-02-20,Siskiyou,093,43540,0,0,0,0,0
2020-02-20,Solano,095,438530,8,7,0,7,0
2020-02-20,Sonoma,097,501317,2,0,0,0,0
2020-02-20,Stanislaus,099,539301,2,0,2,2,0
2020-02-20,Sutter,101,95872,0,0,0,0,0
2020-02-20,Tehama,103,63373,0,0,0,0,0
2020-02-20,Trinity,105,12862,0,0,0,0,0
2020-02-20,Tulare,107,460477,2,0,0,0,0
2020-02-20,Tuolumne,109,53932,0,0,0,0,0
2020-02-20,Ventura,111,848112,4,0,0,0,0
2020-02-20,Yolo,113,214977,0,0,0,0,0
2020-02-20,Yuba,115,75493,0,0,0,0,0
2020-02-19,Alameda,001,1643700,7,0,0,0,0
2020-02-19,Alpine,002,1148,0,0,0,0,0
2020-02-19,Amador,005,37829,0,0,0,0,0
2020-02-19,Butte,007,227075,0,0,0,0,0
2020-02-19,Calaveras,009,45235,0,0,0,0,0
2020-02-19,Colusa,011,21464,0,0,0,0,0
2020-02-19,Contra Costa,013,1133247,3,0,0,0,0
2020-02-19,Del Norte,015,27424,0,0,0,0,0
2020-02-19,El Dorado,017,186661,0,0,0,0,0
2020-02-19,Fresno,019,978130,1,0,0,0,0
2020-02-19,Glenn,021,27897,0,0,0,0,0
2020-02-19,Humboldt,023,135768,1,0,0,0,0
2020-02-19,Imperial,025,180216,0,0,0,0,0
2020-02-19,Inyo,027,18085,0,0,0,0,0
2020-02-19,Kern,029,883053,2,0,0,0,0
2020-02-19,Kings,031,150075,0,0,0,0,0
2020-02-19,Lake,033,64148,0,0,0,0,0
2020-02-19,Lassen,035,31185,0,0,0,0,0
2020-02-19,Los Angeles,037,10098052,54,1,5,6,0
2020-02-19,Madera,039,155013,0,0,0,0,0
2020-02-19,Marin,041,260295,0,0,0,0,0
2020-02-19,Mariposa,043,17540,0,0,0,0,0
2020-02-19,Mendocino,045,87422,0,0,0,0,0
2020-02-19,Merced,047,269075,0,0,0,0,0
2020-02-19,Modoc,049,8938,0,0,0,0,0
2020-02-19,Mono,051,14174,0,0,0,0,0
2020-02-19,Monterey,053,433212,1,0,0,0,0
2020-02-19,Napa,055,140530,0,0,0,0,0
2020-02-19,Nevada,057,99092,0,0,1,1,0
2020-02-19,Orange,059,3164182,41,1,0,1,0
2020-02-19,Placer,061,380077,2,0,0,0,0
2020-02-19,Plumas,063,18699,0,0,0,0,0
2020-02-19,Riverside,065,2383286,5,0,0,0,0
2020-02-19,Sacramento,067,1510023,2,0,0,0,0
2020-02-19,San Benito,069,59416,0,2,0,2,0
2020-02-19,San Bernardino,071,2135413,14,0,0,0,0
2020-02-19,San Diego,073,3302833,2,2,0,2,0
2020-02-19,San Francisco,075,870044,2,0,0,0,0
2020-02-19,San Joaquin,077,732212,2,0,1,1,0
2020-02-19,San Luis Obispo,079,281455,2,0,0,0,0
2020-02-19,San Mateo,081,765935,6,0,0,0,0
2020-02-19,Santa Barbara,083,443738,0,0,0,0,0
2020-02-19,Santa Clara,085,1922200,15,2,1,3,0
2020-02-19,Santa Cruz,087,273765,0,0,0,0,0
2020-02-19,Shasta,089,179085,0,0,0,0,0
2020-02-19,Sierra,091,2930,0,0,0,0,0
2020-02-19,Siskiyou,093,43540,0,0,0,0,0
2020-02-19,Solano,095,438530,5,7,0,7,0
2020-02-19,Sonoma,097,501317,2,0,0,0,0
2020-02-19,Stanislaus,099,539301,1,0,2,2,0
2020-02-19,Sutter,101,95872,0,0,0,0,0
2020-02-19,Tehama,103,63373,0,0,0,0,0
2020-02-19,Trinity,105,12862,0,0,0,0,0
2020-02-19,Tulare,107,460477,2,0,0,0,0
2020-02-19,Tuolumne,109,53932,0,0,0,0,0
2020-02-19,Ventura,111,848112,2,0,0,0,0
2020-02-19,Yolo,113,214977,0,0,0,0,0
2020-02-19,Yuba,115,75493,0,0,0,0,0
2020-02-18,Alameda,001,1643700,7,0,0,0,0
2020-02-18,Alpine,002,1148,0,0,0,0,0
2020-02-18,Amador,005,37829,0,0,0,0,0
2020-02-18,Butte,007,227075,0,0,0,0,0
2020-02-18,Calaveras,009,45235,0,0,0,0,0
2020-02-18,Colusa,011,21464,0,0,0,0,0
2020-02-18,Contra Costa,013,1133247,3,0,0,0,0
2020-02-18,Del Norte,015,27424,0,0,0,0,0
2020-02-18,El Dorado,017,186661,0,0,0,0,0
2020-02-18,Fresno,019,978130,0,0,0,0,0
2020-02-18,Glenn,021,27897,0,0,0,0,0
2020-02-18,Humboldt,023,135768,1,0,0,0,0
2020-02-18,Imperial,025,180216,0,0,0,0,0
2020-02-18,Inyo,027,18085,0,0,0,0,0
2020-02-18,Kern,029,883053,2,0,0,0,0
2020-02-18,Kings,031,150075,0,0,0,0,0
2020-02-18,Lake,033,64148,0,0,0,0,0
2020-02-18,Lassen,035,31185,0,0,0,0,0
2020-02-18,Los Angeles,037,10098052,51,1,4,5,0
2020-02-18,Madera,039,155013,0,0,0,0,0
2020-02-18,Marin,041,260295,0,0,0,0,0
2020-02-18,Mariposa,043,17540,0,0,0,0,0
2020-02-18,Mendocino,045,87422,0,0,0,0,0
2020-02-18,Merced,047,269075,0,0,0,0,0
2020-02-18,Modoc,049,8938,0,0,0,0,0
2020-02-18,Mono,051,14174,0,0,0,0,0
2020-02-18,Monterey,053,433212,1,0,0,0,0
2020-02-18,Napa,055,140530,0,0,0,0,0
2020-02-18,Nevada,057,99092,0,0,1,1,0
2020-02-18,Orange,059,3164182,40,1,0,1,0
2020-02-18,Placer,061,380077,0,0,0,0,0
2020-02-18,Plumas,063,18699,0,0,0,0,0
2020-02-18,Riverside,065,2383286,5,0,0,0,0
2020-02-18,Sacramento,067,1510023,2,0,0,0,0
2020-02-18,San Benito,069,59416,0,2,0,2,0
2020-02-18,San Bernardino,071,2135413,13,0,0,0,0
2020-02-18,San Diego,073,3302833,2,2,0,2,0
2020-02-18,San Francisco,075,870044,2,0,0,0,0
2020-02-18,San Joaquin,077,732212,1,0,1,1,0
2020-02-18,San Luis Obispo,079,281455,2,0,0,0,0
2020-02-18,San Mateo,081,765935,5,0,0,0,0
2020-02-18,Santa Barbara,083,443738,0,0,0,0,0
2020-02-18,Santa Clara,085,1922200,14,2,1,3,0
2020-02-18,Santa Cruz,087,273765,0,0,0,0,0
2020-02-18,Shasta,089,179085,0,0,0,0,0
2020-02-18,Sierra,091,2930,0,0,0,0,0
2020-02-18,Siskiyou,093,43540,0,0,0,0,0
2020-02-18,Solano,095,438530,5,7,0,7,0
2020-02-18,Sonoma,097,501317,1,0,0,0,0
2020-02-18,Stanislaus,099,539301,1,0,2,2,0
2020-02-18,Sutter,101,95872,0,0,0,0,0
2020-02-18,Tehama,103,63373,0,0,0,0,0
2020-02-18,Trinity,105,12862,0,0,0,0,0
2020-02-18,Tulare,107,460477,2,0,0,0,0
2020-02-18,Tuolumne,109,53932,0,0,0,0,0
2020-02-18,Ventura,111,848112,2,0,0,0,0
2020-02-18,Yolo,113,214977,0,0,0,0,0
2020-02-18,Yuba,115,75493,0,0,0,0,0
2020-02-17,Alameda,001,1643700,7,0,0,0,0
2020-02-17,Alpine,002,1148,0,0,0,0,0
2020-02-17,Amador,005,37829,0,0,0,0,0
2020-02-17,Butte,007,227075,0,0,0,0,0
2020-02-17,Calaveras,009,45235,0,0,0,0,0
2020-02-17,Colusa,011,21464,0,0,0,0,0
2020-02-17,Contra Costa,013,1133247,3,0,0,0,0
2020-02-17,Del Norte,015,27424,0,0,0,0,0
2020-02-17,El Dorado,017,186661,0,0,0,0,0
2020-02-17,Fresno,019,978130,0,0,0,0,0
2020-02-17,Glenn,021,27897,0,0,0,0,0
2020-02-17,Humboldt,023,135768,1,0,0,0,0
2020-02-17,Imperial,025,180216,0,0,0,0,0
2020-02-17,Inyo,027,18085,0,0,0,0,0
2020-02-17,Kern,029,883053,2,0,0,0,0
2020-02-17,Kings,031,150075,0,0,0,0,0
2020-02-17,Lake,033,64148,0,0,0,0,0
2020-02-17,Lassen,035,31185,0,0,0,0,0
2020-02-17,Los Angeles,037,10098052,48,1,4,5,0
2020-02-17,Madera,039,155013,0,0,0,0,0
2020-02-17,Marin,041,260295,0,0,0,0,0
2020-02-17,Mariposa,043,17540,0,0,0,0,0
2020-02-17,Mendocino,045,87422,0,0,0,0,0
2020-02-17,Merced,047,269075,0,0,0,0,0
2020-02-17,Modoc,049,8938,0,0,0,0,0
2020-02-17,Mono,051,14174,0,0,0,0,0
2020-02-17,Monterey,053,433212,1,0,0,0,0
2020-02-17,Napa,055,140530,0,0,0,0,0
2020-02-17,Nevada,057,99092,0,0,1,1,0
2020-02-17,Orange,059,3164182,40,1,0,1,0
2020-02-17,Placer,061,380077,0,0,0,0,0
2020-02-17,Plumas,063,18699,0,0,0,0,0
2020-02-17,Riverside,065,2383286,5,0,0,0,0
2020-02-17,Sacramento,067,1510023,2,0,0,0,0
2020-02-17,San Benito,069,59416,0,2,0,2,0
2020-02-17,San Bernardino,071,2135413,11,0,0,0,0
2020-02-17,San Diego,073,3302833,2,2,0,2,0
2020-02-17,San Francisco,075,870044,2,0,0,0,0
2020-02-17,San Joaquin,077,732212,1,0,1,1,0
2020-02-17,San Luis Obispo,079,281455,1,0,0,0,0
2020-02-17,San Mateo,081,765935,5,0,0,0,0
2020-02-17,Santa Barbara,083,443738,0,0,0,0,0
2020-02-17,Santa Clara,085,1922200,12,2,1,3,0
2020-02-17,Santa Cruz,087,273765,0,0,0,0,0
2020-02-17,Shasta,089,179085,0,0,0,0,0
2020-02-17,Sierra,091,2930,0,0,0,0,0
2020-02-17,Siskiyou,093,43540,0,0,0,0,0
2020-02-17,Solano,095,438530,3,5,0,5,0
2020-02-17,Sonoma,097,501317,1,0,0,0,0
2020-02-17,Stanislaus,099,539301,1,0,2,2,0
2020-02-17,Sutter,101,95872,0,0,0,0,0
2020-02-17,Tehama,103,63373,0,0,0,0,0
2020-02-17,Trinity,105,12862,0,0,0,0,0
2020-02-17,Tulare,107,460477,2,0,0,0,0
2020-02-17,Tuolumne,109,53932,0,0,0,0,0
2020-02-17,Ventura,111,848112,2,0,0,0,0
2020-02-17,Yolo,113,214977,0,0,0,0,0
2020-02-17,Yuba,115,75493,0,0,0,0,0
2020-02-16,Alameda,001,1643700,6,0,0,0,0
2020-02-16,Alpine,002,1148,0,0,0,0,0
2020-02-16,Amador,005,37829,0,0,0,0,0
2020-02-16,Butte,007,227075,0,0,0,0,0
2020-02-16,Calaveras,009,45235,0,0,0,0,0
2020-02-16,Colusa,011,21464,0,0,0,0,0
2020-02-16,Contra Costa,013,1133247,3,0,0,0,0
2020-02-16,Del Norte,015,27424,0,0,0,0,0
2020-02-16,El Dorado,017,186661,0,0,0,0,0
2020-02-16,Fresno,019,978130,0,0,0,0,0
2020-02-16,Glenn,021,27897,0,0,0,0,0
2020-02-16,Humboldt,023,135768,1,0,0,0,0
2020-02-16,Imperial,025,180216,0,0,0,0,0
2020-02-16,Inyo,027,18085,0,0,0,0,0
2020-02-16,Kern,029,883053,2,0,0,0,0
2020-02-16,Kings,031,150075,0,0,0,0,0
2020-02-16,Lake,033,64148,0,0,0,0,0
2020-02-16,Lassen,035,31185,0,0,0,0,0
2020-02-16,Los Angeles,037,10098052,43,1,4,5,0
2020-02-16,Madera,039,155013,0,0,0,0,0
2020-02-16,Marin,041,260295,0,0,0,0,0
2020-02-16,Mariposa,043,17540,0,0,0,0,0
2020-02-16,Mendocino,045,87422,0,0,0,0,0
2020-02-16,Merced,047,269075,0,0,0,0,0
2020-02-16,Modoc,049,8938,0,0,0,0,0
2020-02-16,Mono,051,14174,0,0,0,0,0
2020-02-16,Monterey,053,433212,1,0,0,0,0
2020-02-16,Napa,055,140530,0,0,0,0,0
2020-02-16,Nevada,057,99092,0,0,0,0,0
2020-02-16,Orange,059,3164182,39,1,0,1,0
2020-02-16,Placer,061,380077,0,0,0,0,0
2020-02-16,Plumas,063,18699,0,0,0,0,0
2020-02-16,Riverside,065,2383286,5,0,0,0,0
2020-02-16,Sacramento,067,1510023,2,0,0,0,0
2020-02-16,San Benito,069,59416,0,2,0,2,0
2020-02-16,San Bernardino,071,2135413,10,0,0,0,0
2020-02-16,San Diego,073,3302833,2,2,0,2,0
2020-02-16,San Francisco,075,870044,2,0,0,0,0
2020-02-16,San Joaquin,077,732212,1,0,1,1,0
2020-02-16,San Luis Obispo,079,281455,1,0,0,0,0
2020-02-16,San Mateo,081,765935,4,0,0,0,0
2020-02-16,Santa Barbara,083,443738,0,0,0,0,0
2020-02-16,Santa Clara,085,1922200,10,2,1,3,0
2020-02-16,Santa Cruz,087,273765,0,0,0,0,0
2020-02-16,Shasta,089,179085,0,0,0,0,0
2020-02-16,Sierra,091,2930,0,0,0,0,0
2020-02-16,Siskiyou,093,43540,0,0,0,0,0
2020-02-16,Solano,095,438530,1,0,0,0,0
2020-02-16,Sonoma,097,501317,1,0,0,0,0
2020-02-16,Stanislaus,099,539301,1,0,2,2,0
2020-02-16,Sutter,101,95872,0,0,0,0,0
2020-02-16,Tehama,103,63373,0,0,0,0,0
2020-02-16,Trinity,105,12862,0,0,0,0,0
2020-02-16,Tulare,107,460477,2,0,0,0,0
2020-02-16,Tuolumne,109,53932,0,0,0,0,0
2020-02-16,Ventura,111,848112,2,0,0,0,0
2020-02-16,Yolo,113,214977,0,0,0,0,0
2020-02-16,Yuba,115,75493,0,0,0,0,0
2020-02-15,Alameda,001,1643700,6,0,0,0,0
2020-02-15,Alpine,002,1148,0,0,0,0,0
2020-02-15,Amador,005,37829,0,0,0,0,0
2020-02-15,Butte,007,227075,0,0,0,0,0
2020-02-15,Calaveras,009,45235,0,0,0,0,0
2020-02-15,Colusa,011,21464,0,0,0,0,0
2020-02-15,Contra Costa,013,1133247,3,0,0,0,0
2020-02-15,Del Norte,015,27424,0,0,0,0,0
2020-02-15,El Dorado,017,186661,0,0,0,0,0
2020-02-15,Fresno,019,978130,0,0,0,0,0
2020-02-15,Glenn,021,27897,0,0,0,0,0
2020-02-15,Humboldt,023,135768,1,0,0,0,0
2020-02-15,Imperial,025,180216,0,0,0,0,0
2020-02-15,Inyo,027,18085,0,0,0,0,0
2020-02-15,Kern,029,883053,2,0,0,0,0
2020-02-15,Kings,031,150075,0,0,0,0,0
2020-02-15,Lake,033,64148,0,0,0,0,0
2020-02-15,Lassen,035,31185,0,0,0,0,0
2020-02-15,Los Angeles,037,10098052,40,1,4,5,0
2020-02-15,Madera,039,155013,0,0,0,0,0
2020-02-15,Marin,041,260295,0,0,0,0,0
2020-02-15,Mariposa,043,17540,0,0,0,0,0
2020-02-15,Mendocino,045,87422,0,0,0,0,0
2020-02-15,Merced,047,269075,0,0,0,0,0
2020-02-15,Modoc,049,8938,0,0,0,0,0
2020-02-15,Mono,051,14174,0,0,0,0,0
2020-02-15,Monterey,053,433212,1,0,0,0,0
2020-02-15,Napa,055,140530,0,0,0,0,0
2020-02-15,Nevada,057,99092,0,0,0,0,0
2020-02-15,Orange,059,3164182,38,1,0,1,0
2020-02-15,Placer,061,380077,0,0,0,0,0
2020-02-15,Plumas,063,18699,0,0,0,0,0
2020-02-15,Riverside,065,2383286,4,0,0,0,0
2020-02-15,Sacramento,067,1510023,2,0,0,0,0
2020-02-15,San Benito,069,59416,0,2,0,2,0
2020-02-15,San Bernardino,071,2135413,9,0,0,0,0
2020-02-15,San Diego,073,3302833,2,2,0,2,0
2020-02-15,San Francisco,075,870044,2,0,0,0,0
2020-02-15,San Joaquin,077,732212,1,0,1,1,0
2020-02-15,San Luis Obispo,079,281455,1,0,0,0,0
2020-02-15,San Mateo,081,765935,4,0,0,0,0
2020-02-15,Santa Barbara,083,443738,0,0,0,0,0
2020-02-15,Santa Clara,085,1922200,10,2,1,3,0
2020-02-15,Santa Cruz,087,273765,0,0,0,0,0
2020-02-15,Shasta,089,179085,0,0,0,0,0
2020-02-15,Sierra,091,2930,0,0,0,0,0
2020-02-15,Siskiyou,093,43540,0,0,0,0,0
2020-02-15,Solano,095,438530,1,0,0,0,0
2020-02-15,Sonoma,097,501317,0,0,0,0,0
2020-02-15,Stanislaus,099,539301,1,0,2,2,0
2020-02-15,Sutter,101,95872,0,0,0,0,0
2020-02-15,Tehama,103,63373,0,0,0,0,0
2020-02-15,Trinity,105,12862,0,0,0,0,0
2020-02-15,Tulare,107,460477,2,0,0,0,0
2020-02-15,Tuolumne,109,53932,0,0,0,0,0
2020-02-15,Ventura,111,848112,2,0,0,0,0
2020-02-15,Yolo,113,214977,0,0,0,0,0
2020-02-15,Yuba,115,75493,0,0,0,0,0
2020-02-14,Alameda,001,1643700,5,0,0,0,0
2020-02-14,Alpine,002,1148,0,0,0,0,0
2020-02-14,Amador,005,37829,0,0,0,0,0
2020-02-14,Butte,007,227075,0,0,0,0,0
2020-02-14,Calaveras,009,45235,0,0,0,0,0
2020-02-14,Colusa,011,21464,0,0,0,0,0
2020-02-14,Contra Costa,013,1133247,3,0,0,0,0
2020-02-14,Del Norte,015,27424,0,0,0,0,0
2020-02-14,El Dorado,017,186661,0,0,0,0,0
2020-02-14,Fresno,019,978130,0,0,0,0,0
2020-02-14,Glenn,021,27897,0,0,0,0,0
2020-02-14,Humboldt,023,135768,1,0,0,0,0
2020-02-14,Imperial,025,180216,0,0,0,0,0
2020-02-14,Inyo,027,18085,0,0,0,0,0
2020-02-14,Kern,029,883053,2,0,0,0,0
2020-02-14,Kings,031,150075,0,0,0,0,0
2020-02-14,Lake,033,64148,0,0,0,0,0
2020-02-14,Lassen,035,31185,0,0,0,0,0
2020-02-14,Los Angeles,037,10098052,35,1,4,5,0
2020-02-14,Madera,039,155013,0,0,0,0,0
2020-02-14,Marin,041,260295,0,0,0,0,0
2020-02-14,Mariposa,043,17540,0,0,0,0,0
2020-02-14,Mendocino,045,87422,0,0,0,0,0
2020-02-14,Merced,047,269075,0,0,0,0,0
2020-02-14,Modoc,049,8938,0,0,0,0,0
2020-02-14,Mono,051,14174,0,0,0,0,0
2020-02-14,Monterey,053,433212,1,0,0,0,0
2020-02-14,Napa,055,140530,0,0,0,0,0
2020-02-14,Nevada,057,99092,0,0,0,0,0
2020-02-14,Orange,059,3164182,38,1,0,1,0
2020-02-14,Placer,061,380077,0,0,0,0,0
2020-02-14,Plumas,063,18699,0,0,0,0,0
2020-02-14,Riverside,065,2383286,4,0,0,0,0
2020-02-14,Sacramento,067,1510023,1,0,0,0,0
2020-02-14,San Benito,069,59416,0,2,0,2,0
2020-02-14,San Bernardino,071,2135413,9,0,0,0,0
2020-02-14,San Diego,073,3302833,1,2,0,2,0
2020-02-14,San Francisco,075,870044,2,0,0,0,0
2020-02-14,San Joaquin,077,732212,1,0,1,1,0
2020-02-14,San Luis Obispo,079,281455,0,0,0,0,0
2020-02-14,San Mateo,081,765935,3,0,0,0,0
2020-02-14,Santa Barbara,083,443738,0,0,0,0,0
2020-02-14,Santa Clara,085,1922200,8,2,1,3,0
2020-02-14,Santa Cruz,087,273765,0,0,0,0,0
2020-02-14,Shasta,089,179085,0,0,0,0,0
2020-02-14,Sierra,091,2930,0,0,0,0,0
2020-02-14,Siskiyou,093,43540,0,0,0,0,0
2020-02-14,Solano,095,438530,1,0,0,0,0
2020-02-14,Sonoma,097,501317,0,0,0,0,0
2020-02-14,Stanislaus,099,539301,1,0,2,2,0
2020-02-14,Sutter,101,95872,0,0,0,0,0
2020-02-14,Tehama,103,63373,0,0,0,0,0
2020-02-14,Trinity,105,12862,0,0,0,0,0
2020-02-14,Tulare,107,460477,2,0,0,0,0
2020-02-14,Tuolumne,109,53932,0,0,0,0,0
2020-02-14,Ventura,111,848112,2,0,0,0,0
2020-02-14,Yolo,113,214977,0,0,0,0,0
2020-02-14,Yuba,115,75493,0,0,0,0,0
2020-02-13,Alameda,001,1643700,5,0,0,0,0
2020-02-13,Alpine,002,1148,0,0,0,0,0
2020-02-13,Amador,005,37829,0,0,0,0,0
2020-02-13,Butte,007,227075,0,0,0,0,0
2020-02-13,Calaveras,009,45235,0,0,0,0,0
2020-02-13,Colusa,011,21464,0,0,0,0,0
2020-02-13,Contra Costa,013,1133247,3,0,0,0,0
2020-02-13,Del Norte,015,27424,0,0,0,0,0
2020-02-13,El Dorado,017,186661,0,0,0,0,0
2020-02-13,Fresno,019,978130,0,0,0,0,0
2020-02-13,Glenn,021,27897,0,0,0,0,0
2020-02-13,Humboldt,023,135768,1,0,0,0,0
2020-02-13,Imperial,025,180216,0,0,0,0,0
2020-02-13,Inyo,027,18085,0,0,0,0,0
2020-02-13,Kern,029,883053,2,0,0,0,0
2020-02-13,Kings,031,150075,0,0,0,0,0
2020-02-13,Lake,033,64148,0,0,0,0,0
2020-02-13,Lassen,035,31185,0,0,0,0,0
2020-02-13,Los Angeles,037,10098052,32,1,3,4,0
2020-02-13,Madera,039,155013,0,0,0,0,0
2020-02-13,Marin,041,260295,0,0,0,0,0
2020-02-13,Mariposa,043,17540,0,0,0,0,0
2020-02-13,Mendocino,045,87422,0,0,0,0,0
2020-02-13,Merced,047,269075,0,0,0,0,0
2020-02-13,Modoc,049,8938,0,0,0,0,0
2020-02-13,Mono,051,14174,0,0,0,0,0
2020-02-13,Monterey,053,433212,1,0,0,0,0
2020-02-13,Napa,055,140530,0,0,0,0,0
2020-02-13,Nevada,057,99092,0,0,0,0,0
2020-02-13,Orange,059,3164182,37,1,0,1,0
2020-02-13,Placer,061,380077,0,0,0,0,0
2020-02-13,Plumas,063,18699,0,0,0,0,0
2020-02-13,Riverside,065,2383286,4,0,0,0,0
2020-02-13,Sacramento,067,1510023,1,0,0,0,0
2020-02-13,San Benito,069,59416,0,2,0,2,0
2020-02-13,San Bernardino,071,2135413,8,0,0,0,0
2020-02-13,San Diego,073,3302833,0,2,0,2,0
2020-02-13,San Francisco,075,870044,2,0,0,0,0
2020-02-13,San Joaquin,077,732212,1,0,1,1,0
2020-02-13,San Luis Obispo,079,281455,0,0,0,0,0
2020-02-13,San Mateo,081,765935,2,0,0,0,0
2020-02-13,Santa Barbara,083,443738,0,0,0,0,0
2020-02-13,Santa Clara,085,1922200,7,2,0,2,0
2020-02-13,Santa Cruz,087,273765,0,0,0,0,0
2020-02-13,Shasta,089,179085,0,0,0,0,0
2020-02-13,Sierra,091,2930,0,0,0,0,0
2020-02-13,Siskiyou,093,43540,0,0,0,0,0
2020-02-13,Solano,095,438530,0,0,0,0,0
2020-02-13,Sonoma,097,501317,0,0,0,0,0
2020-02-13,Stanislaus,099,539301,1,0,1,1,0
2020-02-13,Sutter,101,95872,0,0,0,0,0
2020-02-13,Tehama,103,63373,0,0,0,0,0
2020-02-13,Trinity,105,12862,0,0,0,0,0
2020-02-13,Tulare,107,460477,2,0,0,0,0
2020-02-13,Tuolumne,109,53932,0,0,0,0,0
2020-02-13,Ventura,111,848112,2,0,0,0,0
2020-02-13,Yolo,113,214977,0,0,0,0,0
2020-02-13,Yuba,115,75493,0,0,0,0,0
2020-02-12,Alameda,001,1643700,5,0,0,0,0
2020-02-12,Alpine,002,1148,0,0,0,0,0
2020-02-12,Amador,005,37829,0,0,0,0,0
2020-02-12,Butte,007,227075,0,0,0,0,0
2020-02-12,Calaveras,009,45235,0,0,0,0,0
2020-02-12,Colusa,011,21464,0,0,0,0,0
2020-02-12,Contra Costa,013,1133247,3,0,0,0,0
2020-02-12,Del Norte,015,27424,0,0,0,0,0
2020-02-12,El Dorado,017,186661,0,0,0,0,0
2020-02-12,Fresno,019,978130,0,0,0,0,0
2020-02-12,Glenn,021,27897,0,0,0,0,0
2020-02-12,Humboldt,023,135768,1,0,0,0,0
2020-02-12,Imperial,025,180216,0,0,0,0,0
2020-02-12,Inyo,027,18085,0,0,0,0,0
2020-02-12,Kern,029,883053,2,0,0,0,0
2020-02-12,Kings,031,150075,0,0,0,0,0
2020-02-12,Lake,033,64148,0,0,0,0,0
2020-02-12,Lassen,035,31185,0,0,0,0,0
2020-02-12,Los Angeles,037,10098052,31,1,3,4,0
2020-02-12,Madera,039,155013,0,0,0,0,0
2020-02-12,Marin,041,260295,0,0,0,0,0
2020-02-12,Mariposa,043,17540,0,0,0,0,0
2020-02-12,Mendocino,045,87422,0,0,0,0,0
2020-02-12,Merced,047,269075,0,0,0,0,0
2020-02-12,Modoc,049,8938,0,0,0,0,0
2020-02-12,Mono,051,14174,0,0,0,0,0
2020-02-12,Monterey,053,433212,1,0,0,0,0
2020-02-12,Napa,055,140530,0,0,0,0,0
2020-02-12,Nevada,057,99092,0,0,0,0,0
2020-02-12,Orange,059,3164182,37,1,0,1,0
2020-02-12,Placer,061,380077,0,0,0,0,0
2020-02-12,Plumas,063,18699,0,0,0,0,0
2020-02-12,Riverside,065,2383286,4,0,0,0,0
2020-02-12,Sacramento,067,1510023,1,0,0,0,0
2020-02-12,San Benito,069,59416,0,2,0,2,0
2020-02-12,San Bernardino,071,2135413,8,0,0,0,0
2020-02-12,San Diego,073,3302833,0,2,0,2,0
2020-02-12,San Francisco,075,870044,2,0,0,0,0
2020-02-12,San Joaquin,077,732212,1,0,1,1,0
2020-02-12,San Luis Obispo,079,281455,0,0,0,0,0
2020-02-12,San Mateo,081,765935,2,0,0,0,0
2020-02-12,Santa Barbara,083,443738,0,0,0,0,0
2020-02-12,Santa Clara,085,1922200,6,2,0,2,0
2020-02-12,Santa Cruz,087,273765,0,0,0,0,0
2020-02-12,Shasta,089,179085,0,0,0,0,0
2020-02-12,Sierra,091,2930,0,0,0,0,0
2020-02-12,Siskiyou,093,43540,0,0,0,0,0
2020-02-12,Solano,095,438530,0,0,0,0,0
2020-02-12,Sonoma,097,501317,0,0,0,0,0
2020-02-12,Stanislaus,099,539301,1,0,1,1,0
2020-02-12,Sutter,101,95872,0,0,0,0,0
2020-02-12,Tehama,103,63373,0,0,0,0,0
2020-02-12,Trinity,105,12862,0,0,0,0,0
2020-02-12,Tulare,107,460477,2,0,0,0,0
2020-02-12,Tuolumne,109,53932,0,0,0,0,0
2020-02-12,Ventura,111,848112,2,0,0,0,0
2020-02-12,Yolo,113,214977,0,0,0,0,0
2020-02-12,Yuba,115,75493,0,0,0,0,0
2020-02-11,Alameda,001,1643700,5,0,0,0,0
2020-02-11,Alpine,002,1148,0,0,0,0,0
2020-02-11,Amador,005,37829,0,0,0,0,0
2020-02-11,Butte,007,227075,0,0,0,0,0
2020-02-11,Calaveras,009,45235,0,0,0,0,0
2020-02-11,Colusa,011,21464,0,0,0,0,0
2020-02-11,Contra Costa,013,1133247,3,0,0,0,0
2020-02-11,Del Norte,015,27424,0,0,0,0,0
2020-02-11,El Dorado,017,186661,0,0,0,0,0
2020-02-11,Fresno,019,978130,0,0,0,0,0
2020-02-11,Glenn,021,27897,0,0,0,0,0
2020-02-11,Humboldt,023,135768,1,0,0,0,0
2020-02-11,Imperial,025,180216,0,0,0,0,0
2020-02-11,Inyo,027,18085,0,0,0,0,0
2020-02-11,Kern,029,883053,2,0,0,0,0
2020-02-11,Kings,031,150075,0,0,0,0,0
2020-02-11,Lake,033,64148,0,0,0,0,0
2020-02-11,Lassen,035,31185,0,0,0,0,0
2020-02-11,Los Angeles,037,10098052,31,1,3,4,0
2020-02-11,Madera,039,155013,0,0,0,0,0
2020-02-11,Marin,041,260295,0,0,0,0,0
2020-02-11,Mariposa,043,17540,0,0,0,0,0
2020-02-11,Mendocino,045,87422,0,0,0,0,0
2020-02-11,Merced,047,269075,0,0,0,0,0
2020-02-11,Modoc,049,8938,0,0,0,0,0
2020-02-11,Mono,051,14174,0,0,0,0,0
2020-02-11,Monterey,053,433212,1,0,0,0,0
2020-02-11,Napa,055,140530,0,0,0,0,0
2020-02-11,Nevada,057,99092,0,0,0,0,0
2020-02-11,Orange,059,3164182,36,1,0,1,0
2020-02-11,Placer,061,380077,0,0,0,0,0
2020-02-11,Plumas,063,18699,0,0,0,0,0
2020-02-11,Riverside,065,2383286,4,0,0,0,0
2020-02-11,Sacramento,067,1510023,1,0,0,0,0
2020-02-11,San Benito,069,59416,0,2,0,2,0
2020-02-11,San Bernardino,071,2135413,8,0,0,0,0
2020-02-11,San Diego,073,3302833,0,1,0,1,0
2020-02-11,San Francisco,075,870044,2,0,0,0,0
2020-02-11,San Joaquin,077,732212,0,0,1,1,0
2020-02-11,San Luis Obispo,079,281455,0,0,0,0,0
2020-02-11,San Mateo,081,765935,2,0,0,0,0
2020-02-11,Santa Barbara,083,443738,0,0,0,0,0
2020-02-11,Santa Clara,085,1922200,5,2,0,2,0
2020-02-11,Santa Cruz,087,273765,0,0,0,0,0
2020-02-11,Shasta,089,179085,0,0,0,0,0
2020-02-11,Sierra,091,2930,0,0,0,0,0
2020-02-11,Siskiyou,093,43540,0,0,0,0,0
2020-02-11,Solano,095,438530,0,0,0,0,0
2020-02-11,Sonoma,097,501317,0,0,0,0,0
2020-02-11,Stanislaus,099,539301,1,0,1,1,0
2020-02-11,Sutter,101,95872,0,0,0,0,0
2020-02-11,Tehama,103,63373,0,0,0,0,0
2020-02-11,Trinity,105,12862,0,0,0,0,0
2020-02-11,Tulare,107,460477,2,0,0,0,0
2020-02-11,Tuolumne,109,53932,0,0,0,0,0
2020-02-11,Ventura,111,848112,2,0,0,0,0
2020-02-11,Yolo,113,214977,0,0,0,0,0
2020-02-11,Yuba,115,75493,0,0,0,0,0
2020-02-10,Alameda,001,1643700,5,0,0,0,0
2020-02-10,Alpine,002,1148,0,0,0,0,0
2020-02-10,Amador,005,37829,0,0,0,0,0
2020-02-10,Butte,007,227075,0,0,0,0,0
2020-02-10,Calaveras,009,45235,0,0,0,0,0
2020-02-10,Colusa,011,21464,0,0,0,0,0
2020-02-10,Contra Costa,013,1133247,3,0,0,0,0
2020-02-10,Del Norte,015,27424,0,0,0,0,0
2020-02-10,El Dorado,017,186661,0,0,0,0,0
2020-02-10,Fresno,019,978130,0,0,0,0,0
2020-02-10,Glenn,021,27897,0,0,0,0,0
2020-02-10,Humboldt,023,135768,0,0,0,0,0
2020-02-10,Imperial,025,180216,0,0,0,0,0
2020-02-10,Inyo,027,18085,0,0,0,0,0
2020-02-10,Kern,029,883053,2,0,0,0,0
2020-02-10,Kings,031,150075,0,0,0,0,0
2020-02-10,Lake,033,64148,0,0,0,0,0
2020-02-10,Lassen,035,31185,0,0,0,0,0
2020-02-10,Los Angeles,037,10098052,29,1,3,4,0
2020-02-10,Madera,039,155013,0,0,0,0,0
2020-02-10,Marin,041,260295,0,0,0,0,0
2020-02-10,Mariposa,043,17540,0,0,0,0,0
2020-02-10,Mendocino,045,87422,0,0,0,0,0
2020-02-10,Merced,047,269075,0,0,0,0,0
2020-02-10,Modoc,049,8938,0,0,0,0,0
2020-02-10,Mono,051,14174,0,0,0,0,0
2020-02-10,Monterey,053,433212,1,0,0,0,0
2020-02-10,Napa,055,140530,0,0,0,0,0
2020-02-10,Nevada,057,99092,0,0,0,0,0
2020-02-10,Orange,059,3164182,36,1,0,1,0
2020-02-10,Placer,061,380077,0,0,0,0,0
2020-02-10,Plumas,063,18699,0,0,0,0,0
2020-02-10,Riverside,065,2383286,4,0,0,0,0
2020-02-10,Sacramento,067,1510023,1,0,0,0,0
2020-02-10,San Benito,069,59416,0,2,0,2,0
2020-02-10,San Bernardino,071,2135413,7,0,0,0,0
2020-02-10,San Diego,073,3302833,0,0,0,0,0
2020-02-10,San Francisco,075,870044,2,0,0,0,0
2020-02-10,San Joaquin,077,732212,0,0,1,1,0
2020-02-10,San Luis Obispo,079,281455,0,0,0,0,0
2020-02-10,San Mateo,081,765935,2,0,0,0,0
2020-02-10,Santa Barbara,083,443738,0,0,0,0,0
2020-02-10,Santa Clara,085,1922200,5,2,0,2,0
2020-02-10,Santa Cruz,087,273765,0,0,0,0,0
2020-02-10,Shasta,089,179085,0,0,0,0,0
2020-02-10,Sierra,091,2930,0,0,0,0,0
2020-02-10,Siskiyou,093,43540,0,0,0,0,0
2020-02-10,Solano,095,438530,0,0,0,0,0
2020-02-10,Sonoma,097,501317,0,0,0,0,0
2020-02-10,Stanislaus,099,539301,1,0,0,0,0
2020-02-10,Sutter,101,95872,0,0,0,0,0
2020-02-10,Tehama,103,63373,0,0,0,0,0
2020-02-10,Trinity,105,12862,0,0,0,0,0
2020-02-10,Tulare,107,460477,2,0,0,0,0
2020-02-10,Tuolumne,109,53932,0,0,0,0,0
2020-02-10,Ventura,111,848112,2,0,0,0,0
2020-02-10,Yolo,113,214977,0,0,0,0,0
2020-02-10,Yuba,115,75493,0,0,0,0,0
2020-02-09,Alameda,001,1643700,5,0,0,0,0
2020-02-09,Alpine,002,1148,0,0,0,0,0
2020-02-09,Amador,005,37829,0,0,0,0,0
2020-02-09,Butte,007,227075,0,0,0,0,0
2020-02-09,Calaveras,009,45235,0,0,0,0,0
2020-02-09,Colusa,011,21464,0,0,0,0,0
2020-02-09,Contra Costa,013,1133247,3,0,0,0,0
2020-02-09,Del Norte,015,27424,0,0,0,0,0
2020-02-09,El Dorado,017,186661,0,0,0,0,0
2020-02-09,Fresno,019,978130,0,0,0,0,0
2020-02-09,Glenn,021,27897,0,0,0,0,0
2020-02-09,Humboldt,023,135768,0,0,0,0,0
2020-02-09,Imperial,025,180216,0,0,0,0,0
2020-02-09,Inyo,027,18085,0,0,0,0,0
2020-02-09,Kern,029,883053,2,0,0,0,0
2020-02-09,Kings,031,150075,0,0,0,0,0
2020-02-09,Lake,033,64148,0,0,0,0,0
2020-02-09,Lassen,035,31185,0,0,0,0,0
2020-02-09,Los Angeles,037,10098052,28,1,3,4,0
2020-02-09,Madera,039,155013,0,0,0,0,0
2020-02-09,Marin,041,260295,0,0,0,0,0
2020-02-09,Mariposa,043,17540,0,0,0,0,0
2020-02-09,Mendocino,045,87422,0,0,0,0,0
2020-02-09,Merced,047,269075,0,0,0,0,0
2020-02-09,Modoc,049,8938,0,0,0,0,0
2020-02-09,Mono,051,14174,0,0,0,0,0
2020-02-09,Monterey,053,433212,1,0,0,0,0
2020-02-09,Napa,055,140530,0,0,0,0,0
2020-02-09,Nevada,057,99092,0,0,0,0,0
2020-02-09,Orange,059,3164182,36,1,0,1,0
2020-02-09,Placer,061,380077,0,0,0,0,0
2020-02-09,Plumas,063,18699,0,0,0,0,0
2020-02-09,Riverside,065,2383286,4,0,0,0,0
2020-02-09,Sacramento,067,1510023,0,0,0,0,0
2020-02-09,San Benito,069,59416,0,2,0,2,0
2020-02-09,San Bernardino,071,2135413,7,0,0,0,0
2020-02-09,San Diego,073,3302833,0,0,0,0,0
2020-02-09,San Francisco,075,870044,1,0,0,0,0
2020-02-09,San Joaquin,077,732212,0,0,1,1,0
2020-02-09,San Luis Obispo,079,281455,0,0,0,0,0
2020-02-09,San Mateo,081,765935,2,0,0,0,0
2020-02-09,Santa Barbara,083,443738,0,0,0,0,0
2020-02-09,Santa Clara,085,1922200,4,2,0,2,0
2020-02-09,Santa Cruz,087,273765,0,0,0,0,0
2020-02-09,Shasta,089,179085,0,0,0,0,0
2020-02-09,Sierra,091,2930,0,0,0,0,0
2020-02-09,Siskiyou,093,43540,0,0,0,0,0
2020-02-09,Solano,095,438530,0,0,0,0,0
2020-02-09,Sonoma,097,501317,0,0,0,0,0
2020-02-09,Stanislaus,099,539301,0,0,0,0,0
2020-02-09,Sutter,101,95872,0,0,0,0,0
2020-02-09,Tehama,103,63373,0,0,0,0,0
2020-02-09,Trinity,105,12862,0,0,0,0,0
2020-02-09,Tulare,107,460477,2,0,0,0,0
2020-02-09,Tuolumne,109,53932,0,0,0,0,0
2020-02-09,Ventura,111,848112,1,0,0,0,0
2020-02-09,Yolo,113,214977,0,0,0,0,0
2020-02-09,Yuba,115,75493,0,0,0,0,0
2020-02-08,Alameda,001,1643700,4,0,0,0,0
2020-02-08,Alpine,002,1148,0,0,0,0,0
2020-02-08,Amador,005,37829,0,0,0,0,0
2020-02-08,Butte,007,227075,0,0,0,0,0
2020-02-08,Calaveras,009,45235,0,0,0,0,0
2020-02-08,Colusa,011,21464,0,0,0,0,0
2020-02-08,Contra Costa,013,1133247,2,0,0,0,0
2020-02-08,Del Norte,015,27424,0,0,0,0,0
2020-02-08,El Dorado,017,186661,0,0,0,0,0
2020-02-08,Fresno,019,978130,0,0,0,0,0
2020-02-08,Glenn,021,27897,0,0,0,0,0
2020-02-08,Humboldt,023,135768,0,0,0,0,0
2020-02-08,Imperial,025,180216,0,0,0,0,0
2020-02-08,Inyo,027,18085,0,0,0,0,0
2020-02-08,Kern,029,883053,2,0,0,0,0
2020-02-08,Kings,031,150075,0,0,0,0,0
2020-02-08,Lake,033,64148,0,0,0,0,0
2020-02-08,Lassen,035,31185,0,0,0,0,0
2020-02-08,Los Angeles,037,10098052,25,1,1,2,0
2020-02-08,Madera,039,155013,0,0,0,0,0
2020-02-08,Marin,041,260295,0,0,0,0,0
2020-02-08,Mariposa,043,17540,0,0,0,0,0
2020-02-08,Mendocino,045,87422,0,0,0,0,0
2020-02-08,Merced,047,269075,0,0,0,0,0
2020-02-08,Modoc,049,8938,0,0,0,0,0
2020-02-08,Mono,051,14174,0,0,0,0,0
2020-02-08,Monterey,053,433212,1,0,0,0,0
2020-02-08,Napa,055,140530,0,0,0,0,0
2020-02-08,Nevada,057,99092,0,0,0,0,0
2020-02-08,Orange,059,3164182,36,1,0,1,0
2020-02-08,Placer,061,380077,0,0,0,0,0
2020-02-08,Plumas,063,18699,0,0,0,0,0
2020-02-08,Riverside,065,2383286,4,0,0,0,0
2020-02-08,Sacramento,067,1510023,0,0,0,0,0
2020-02-08,San Benito,069,59416,0,2,0,2,0
2020-02-08,San Bernardino,071,2135413,7,0,0,0,0
2020-02-08,San Diego,073,3302833,0,0,0,0,0
2020-02-08,San Francisco,075,870044,1,0,0,0,0
2020-02-08,San Joaquin,077,732212,0,0,1,1,0
2020-02-08,San Luis Obispo,079,281455,0,0,0,0,0
2020-02-08,San Mateo,081,765935,2,0,0,0,0
2020-02-08,Santa Barbara,083,443738,0,0,0,0,0
2020-02-08,Santa Clara,085,1922200,4,2,0,2,0
2020-02-08,Santa Cruz,087,273765,0,0,0,0,0
2020-02-08,Shasta,089,179085,0,0,0,0,0
2020-02-08,Sierra,091,2930,0,0,0,0,0
2020-02-08,Siskiyou,093,43540,0,0,0,0,0
2020-02-08,Solano,095,438530,0,0,0,0,0
2020-02-08,Sonoma,097,501317,0,0,0,0,0
2020-02-08,Stanislaus,099,539301,0,0,0,0,0
2020-02-08,Sutter,101,95872,0,0,0,0,0
2020-02-08,Tehama,103,63373,0,0,0,0,0
2020-02-08,Trinity,105,12862,0,0,0,0,0
2020-02-08,Tulare,107,460477,2,0,0,0,0
2020-02-08,Tuolumne,109,53932,0,0,0,0,0
2020-02-08,Ventura,111,848112,1,0,0,0,0
2020-02-08,Yolo,113,214977,0,0,0,0,0
2020-02-08,Yuba,115,75493,0,0,0,0,0
2020-02-07,Alameda,001,1643700,4,0,0,0,0
2020-02-07,Alpine,002,1148,0,0,0,0,0
2020-02-07,Amador,005,37829,0,0,0,0,0
2020-02-07,Butte,007,227075,0,0,0,0,0
2020-02-07,Calaveras,009,45235,0,0,0,0,0
2020-02-07,Colusa,011,21464,0,0,0,0,0
2020-02-07,Contra Costa,013,1133247,2,0,0,0,0
2020-02-07,Del Norte,015,27424,0,0,0,0,0
2020-02-07,El Dorado,017,186661,0,0,0,0,0
2020-02-07,Fresno,019,978130,0,0,0,0,0
2020-02-07,Glenn,021,27897,0,0,0,0,0
2020-02-07,Humboldt,023,135768,0,0,0,0,0
2020-02-07,Imperial,025,180216,0,0,0,0,0
2020-02-07,Inyo,027,18085,0,0,0,0,0
2020-02-07,Kern,029,883053,2,0,0,0,0
2020-02-07,Kings,031,150075,0,0,0,0,0
2020-02-07,Lake,033,64148,0,0,0,0,0
2020-02-07,Lassen,035,31185,0,0,0,0,0
2020-02-07,Los Angeles,037,10098052,24,1,0,1,0
2020-02-07,Madera,039,155013,0,0,0,0,0
2020-02-07,Marin,041,260295,0,0,0,0,0
2020-02-07,Mariposa,043,17540,0,0,0,0,0
2020-02-07,Mendocino,045,87422,0,0,0,0,0
2020-02-07,Merced,047,269075,0,0,0,0,0
2020-02-07,Modoc,049,8938,0,0,0,0,0
2020-02-07,Mono,051,14174,0,0,0,0,0
2020-02-07,Monterey,053,433212,1,0,0,0,0
2020-02-07,Napa,055,140530,0,0,0,0,0
2020-02-07,Nevada,057,99092,0,0,0,0,0
2020-02-07,Orange,059,3164182,34,1,0,1,0
2020-02-07,Placer,061,380077,0,0,0,0,0
2020-02-07,Plumas,063,18699,0,0,0,0,0
2020-02-07,Riverside,065,2383286,4,0,0,0,0
2020-02-07,Sacramento,067,1510023,0,0,0,0,0
2020-02-07,San Benito,069,59416,0,2,0,2,0
2020-02-07,San Bernardino,071,2135413,4,0,0,0,0
2020-02-07,San Diego,073,3302833,0,0,0,0,0
2020-02-07,San Francisco,075,870044,1,0,0,0,0
2020-02-07,San Joaquin,077,732212,0,0,1,1,0
2020-02-07,San Luis Obispo,079,281455,0,0,0,0,0
2020-02-07,San Mateo,081,765935,1,0,0,0,0
2020-02-07,Santa Barbara,083,443738,0,0,0,0,0
2020-02-07,Santa Clara,085,1922200,4,2,0,2,0
2020-02-07,Santa Cruz,087,273765,0,0,0,0,0
2020-02-07,Shasta,089,179085,0,0,0,0,0
2020-02-07,Sierra,091,2930,0,0,0,0,0
2020-02-07,Siskiyou,093,43540,0,0,0,0,0
2020-02-07,Solano,095,438530,0,0,0,0,0
2020-02-07,Sonoma,097,501317,0,0,0,0,0
2020-02-07,Stanislaus,099,539301,0,0,0,0,0
2020-02-07,Sutter,101,95872,0,0,0,0,0
2020-02-07,Tehama,103,63373,0,0,0,0,0
2020-02-07,Trinity,105,12862,0,0,0,0,0
2020-02-07,Tulare,107,460477,2,0,0,0,0
2020-02-07,Tuolumne,109,53932,0,0,0,0,0
2020-02-07,Ventura,111,848112,1,0,0,0,0
2020-02-07,Yolo,113,214977,0,0,0,0,0
2020-02-07,Yuba,115,75493,0,0,0,0,0
2020-02-06,Alameda,001,1643700,4,0,0,0,0
2020-02-06,Alpine,002,1148,0,0,0,0,0
2020-02-06,Amador,005,37829,0,0,0,0,0
2020-02-06,Butte,007,227075,0,0,0,0,0
2020-02-06,Calaveras,009,45235,0,0,0,0,0
2020-02-06,Colusa,011,21464,0,0,0,0,0
2020-02-06,Contra Costa,013,1133247,2,0,0,0,0
2020-02-06,Del Norte,015,27424,0,0,0,0,0
2020-02-06,El Dorado,017,186661,0,0,0,0,0
2020-02-06,Fresno,019,978130,0,0,0,0,0
2020-02-06,Glenn,021,27897,0,0,0,0,0
2020-02-06,Humboldt,023,135768,0,0,0,0,0
2020-02-06,Imperial,025,180216,0,0,0,0,0
2020-02-06,Inyo,027,18085,0,0,0,0,0
2020-02-06,Kern,029,883053,2,0,0,0,0
2020-02-06,Kings,031,150075,0,0,0,0,0
2020-02-06,Lake,033,64148,0,0,0,0,0
2020-02-06,Lassen,035,31185,0,0,0,0,0
2020-02-06,Los Angeles,037,10098052,23,1,0,1,0
2020-02-06,Madera,039,155013,0,0,0,0,0
2020-02-06,Marin,041,260295,0,0,0,0,0
2020-02-06,Mariposa,043,17540,0,0,0,0,0
2020-02-06,Mendocino,045,87422,0,0,0,0,0
2020-02-06,Merced,047,269075,0,0,0,0,0
2020-02-06,Modoc,049,8938,0,0,0,0,0
2020-02-06,Mono,051,14174,0,0,0,0,0
2020-02-06,Monterey,053,433212,1,0,0,0,0
2020-02-06,Napa,055,140530,0,0,0,0,0
2020-02-06,Nevada,057,99092,0,0,0,0,0
2020-02-06,Orange,059,3164182,4,1,0,1,0
2020-02-06,Placer,061,380077,0,0,0,0,0
2020-02-06,Plumas,063,18699,0,0,0,0,0
2020-02-06,Riverside,065,2383286,4,0,0,0,0
2020-02-06,Sacramento,067,1510023,0,0,0,0,0
2020-02-06,San Benito,069,59416,0,2,0,2,0
2020-02-06,San Bernardino,071,2135413,4,0,0,0,0
2020-02-06,San Diego,073,3302833,0,0,0,0,0
2020-02-06,San Francisco,075,870044,1,0,0,0,0
2020-02-06,San Joaquin,077,732212,0,0,1,1,0
2020-02-06,San Luis Obispo,079,281455,0,0,0,0,0
2020-02-06,San Mateo,081,765935,1,0,0,0,0
2020-02-06,Santa Barbara,083,443738,0,0,0,0,0
2020-02-06,Santa Clara,085,1922200,4,2,0,2,0
2020-02-06,Santa Cruz,087,273765,0,0,0,0,0
2020-02-06,Shasta,089,179085,0,0,0,0,0
2020-02-06,Sierra,091,2930,0,0,0,0,0
2020-02-06,Siskiyou,093,43540,0,0,0,0,0
2020-02-06,Solano,095,438530,0,0,0,0,0
2020-02-06,Sonoma,097,501317,0,0,0,0,0
2020-02-06,Stanislaus,099,539301,0,0,0,0,0
2020-02-06,Sutter,101,95872,0,0,0,0,0
2020-02-06,Tehama,103,63373,0,0,0,0,0
2020-02-06,Trinity,105,12862,0,0,0,0,0
2020-02-06,Tulare,107,460477,2,0,0,0,0
2020-02-06,Tuolumne,109,53932,0,0,0,0,0
2020-02-06,Ventura,111,848112,1,0,0,0,0
2020-02-06,Yolo,113,214977,0,0,0,0,0
2020-02-06,Yuba,115,75493,0,0,0,0,0
2020-02-05,Alameda,001,1643700,3,0,0,0,0
2020-02-05,Alpine,002,1148,0,0,0,0,0
2020-02-05,Amador,005,37829,0,0,0,0,0
2020-02-05,Butte,007,227075,0,0,0,0,0
2020-02-05,Calaveras,009,45235,0,0,0,0,0
2020-02-05,Colusa,011,21464,0,0,0,0,0
2020-02-05,Contra Costa,013,1133247,2,0,0,0,0
2020-02-05,Del Norte,015,27424,0,0,0,0,0
2020-02-05,El Dorado,017,186661,0,0,0,0,0
2020-02-05,Fresno,019,978130,0,0,0,0,0
2020-02-05,Glenn,021,27897,0,0,0,0,0
2020-02-05,Humboldt,023,135768,0,0,0,0,0
2020-02-05,Imperial,025,180216,0,0,0,0,0
2020-02-05,Inyo,027,18085,0,0,0,0,0
2020-02-05,Kern,029,883053,1,0,0,0,0
2020-02-05,Kings,031,150075,0,0,0,0,0
2020-02-05,Lake,033,64148,0,0,0,0,0
2020-02-05,Lassen,035,31185,0,0,0,0,0
2020-02-05,Los Angeles,037,10098052,23,1,0,1,0
2020-02-05,Madera,039,155013,0,0,0,0,0
2020-02-05,Marin,041,260295,0,0,0,0,0
2020-02-05,Mariposa,043,17540,0,0,0,0,0
2020-02-05,Mendocino,045,87422,0,0,0,0,0
2020-02-05,Merced,047,269075,0,0,0,0,0
2020-02-05,Modoc,049,8938,0,0,0,0,0
2020-02-05,Mono,051,14174,0,0,0,0,0
2020-02-05,Monterey,053,433212,1,0,0,0,0
2020-02-05,Napa,055,140530,0,0,0,0,0
2020-02-05,Nevada,057,99092,0,0,0,0,0
2020-02-05,Orange,059,3164182,3,1,0,1,0
2020-02-05,Placer,061,380077,0,0,0,0,0
2020-02-05,Plumas,063,18699,0,0,0,0,0
2020-02-05,Riverside,065,2383286,4,0,0,0,0
2020-02-05,Sacramento,067,1510023,0,0,0,0,0
2020-02-05,San Benito,069,59416,0,2,0,2,0
2020-02-05,San Bernardino,071,2135413,4,0,0,0,0
2020-02-05,San Diego,073,3302833,0,0,0,0,0
2020-02-05,San Francisco,075,870044,1,0,0,0,0
2020-02-05,San Joaquin,077,732212,0,0,1,1,0
2020-02-05,San Luis Obispo,079,281455,0,0,0,0,0
2020-02-05,San Mateo,081,765935,1,0,0,0,0
2020-02-05,Santa Barbara,083,443738,0,0,0,0,0
2020-02-05,Santa Clara,085,1922200,2,2,0,2,0
2020-02-05,Santa Cruz,087,273765,0,0,0,0,0
2020-02-05,Shasta,089,179085,0,0,0,0,0
2020-02-05,Sierra,091,2930,0,0,0,0,0
2020-02-05,Siskiyou,093,43540,0,0,0,0,0
2020-02-05,Solano,095,438530,0,0,0,0,0
2020-02-05,Sonoma,097,501317,0,0,0,0,0
2020-02-05,Stanislaus,099,539301,0,0,0,0,0
2020-02-05,Sutter,101,95872,0,0,0,0,0
2020-02-05,Tehama,103,63373,0,0,0,0,0
2020-02-05,Trinity,105,12862,0,0,0,0,0
2020-02-05,Tulare,107,460477,2,0,0,0,0
2020-02-05,Tuolumne,109,53932,0,0,0,0,0
2020-02-05,Ventura,111,848112,0,0,0,0,0
2020-02-05,Yolo,113,214977,0,0,0,0,0
2020-02-05,Yuba,115,75493,0,0,0,0,0
2020-02-04,Alameda,001,1643700,3,0,0,0,0
2020-02-04,Alpine,002,1148,0,0,0,0,0
2020-02-04,Amador,005,37829,0,0,0,0,0
2020-02-04,Butte,007,227075,0,0,0,0,0
2020-02-04,Calaveras,009,45235,0,0,0,0,0
2020-02-04,Colusa,011,21464,0,0,0,0,0
2020-02-04,Contra Costa,013,1133247,2,0,0,0,0
2020-02-04,Del Norte,015,27424,0,0,0,0,0
2020-02-04,El Dorado,017,186661,0,0,0,0,0
2020-02-04,Fresno,019,978130,0,0,0,0,0
2020-02-04,Glenn,021,27897,0,0,0,0,0
2020-02-04,Humboldt,023,135768,0,0,0,0,0
2020-02-04,Imperial,025,180216,0,0,0,0,0
2020-02-04,Inyo,027,18085,0,0,0,0,0
2020-02-04,Kern,029,883053,0,0,0,0,0
2020-02-04,Kings,031,150075,0,0,0,0,0
2020-02-04,Lake,033,64148,0,0,0,0,0
2020-02-04,Lassen,035,31185,0,0,0,0,0
2020-02-04,Los Angeles,037,10098052,23,1,0,1,0
2020-02-04,Madera,039,155013,0,0,0,0,0
2020-02-04,Marin,041,260295,0,0,0,0,0
2020-02-04,Mariposa,043,17540,0,0,0,0,0
2020-02-04,Mendocino,045,87422,0,0,0,0,0
2020-02-04,Merced,047,269075,0,0,0,0,0
2020-02-04,Modoc,049,8938,0,0,0,0,0
2020-02-04,Mono,051,14174,0,0,0,0,0
2020-02-04,Monterey,053,433212,1,0,0,0,0
2020-02-04,Napa,055,140530,0,0,0,0,0
2020-02-04,Nevada,057,99092,0,0,0,0,0
2020-02-04,Orange,059,3164182,3,1,0,1,0
2020-02-04,Placer,061,380077,0,0,0,0,0
2020-02-04,Plumas,063,18699,0,0,0,0,0
2020-02-04,Riverside,065,2383286,4,0,0,0,0
2020-02-04,Sacramento,067,1510023,0,0,0,0,0
2020-02-04,San Benito,069,59416,0,2,0,2,0
2020-02-04,San Bernardino,071,2135413,3,0,0,0,0
2020-02-04,San Diego,073,3302833,0,0,0,0,0
2020-02-04,San Francisco,075,870044,1,0,0,0,0
2020-02-04,San Joaquin,077,732212,0,0,1,1,0
2020-02-04,San Luis Obispo,079,281455,0,0,0,0,0
2020-02-04,San Mateo,081,765935,0,0,0,0,0
2020-02-04,Santa Barbara,083,443738,0,0,0,0,0
2020-02-04,Santa Clara,085,1922200,2,2,0,2,0
2020-02-04,Santa Cruz,087,273765,0,0,0,0,0
2020-02-04,Shasta,089,179085,0,0,0,0,0
2020-02-04,Sierra,091,2930,0,0,0,0,0
2020-02-04,Siskiyou,093,43540,0,0,0,0,0
2020-02-04,Solano,095,438530,0,0,0,0,0
2020-02-04,Sonoma,097,501317,0,0,0,0,0
2020-02-04,Stanislaus,099,539301,0,0,0,0,0
2020-02-04,Sutter,101,95872,0,0,0,0,0
2020-02-04,Tehama,103,63373,0,0,0,0,0
2020-02-04,Trinity,105,12862,0,0,0,0,0
2020-02-04,Tulare,107,460477,2,0,0,0,0
2020-02-04,Tuolumne,109,53932,0,0,0,0,0
2020-02-04,Ventura,111,848112,0,0,0,0,0
2020-02-04,Yolo,113,214977,0,0,0,0,0
2020-02-04,Yuba,115,75493,0,0,0,0,0
2020-02-03,Alameda,001,1643700,3,0,0,0,0
2020-02-03,Alpine,002,1148,0,0,0,0,0
2020-02-03,Amador,005,37829,0,0,0,0,0
2020-02-03,Butte,007,227075,0,0,0,0,0
2020-02-03,Calaveras,009,45235,0,0,0,0,0
2020-02-03,Colusa,011,21464,0,0,0,0,0
2020-02-03,Contra Costa,013,1133247,2,0,0,0,0
2020-02-03,Del Norte,015,27424,0,0,0,0,0
2020-02-03,El Dorado,017,186661,0,0,0,0,0
2020-02-03,Fresno,019,978130,0,0,0,0,0
2020-02-03,Glenn,021,27897,0,0,0,0,0
2020-02-03,Humboldt,023,135768,0,0,0,0,0
2020-02-03,Imperial,025,180216,0,0,0,0,0
2020-02-03,Inyo,027,18085,0,0,0,0,0
2020-02-03,Kern,029,883053,0,0,0,0,0
2020-02-03,Kings,031,150075,0,0,0,0,0
2020-02-03,Lake,033,64148,0,0,0,0,0
2020-02-03,Lassen,035,31185,0,0,0,0,0
2020-02-03,Los Angeles,037,10098052,22,1,0,1,0
2020-02-03,Madera,039,155013,0,0,0,0,0
2020-02-03,Marin,041,260295,0,0,0,0,0
2020-02-03,Mariposa,043,17540,0,0,0,0,0
2020-02-03,Mendocino,045,87422,0,0,0,0,0
2020-02-03,Merced,047,269075,0,0,0,0,0
2020-02-03,Modoc,049,8938,0,0,0,0,0
2020-02-03,Mono,051,14174,0,0,0,0,0
2020-02-03,Monterey,053,433212,1,0,0,0,0
2020-02-03,Napa,055,140530,0,0,0,0,0
2020-02-03,Nevada,057,99092,0,0,0,0,0
2020-02-03,Orange,059,3164182,1,1,0,1,0
2020-02-03,Placer,061,380077,0,0,0,0,0
2020-02-03,Plumas,063,18699,0,0,0,0,0
2020-02-03,Riverside,065,2383286,4,0,0,0,0
2020-02-03,Sacramento,067,1510023,0,0,0,0,0
2020-02-03,San Benito,069,59416,0,2,0,2,0
2020-02-03,San Bernardino,071,2135413,3,0,0,0,0
2020-02-03,San Diego,073,3302833,0,0,0,0,0
2020-02-03,San Francisco,075,870044,1,0,0,0,0
2020-02-03,San Joaquin,077,732212,0,0,1,1,0
2020-02-03,San Luis Obispo,079,281455,0,0,0,0,0
2020-02-03,San Mateo,081,765935,0,0,0,0,0
2020-02-03,Santa Barbara,083,443738,0,0,0,0,0
2020-02-03,Santa Clara,085,1922200,2,2,0,2,0
2020-02-03,Santa Cruz,087,273765,0,0,0,0,0
2020-02-03,Shasta,089,179085,0,0,0,0,0
2020-02-03,Sierra,091,2930,0,0,0,0,0
2020-02-03,Siskiyou,093,43540,0,0,0,0,0
2020-02-03,Solano,095,438530,0,0,0,0,0
2020-02-03,Sonoma,097,501317,0,0,0,0,0
2020-02-03,Stanislaus,099,539301,0,0,0,0,0
2020-02-03,Sutter,101,95872,0,0,0,0,0
2020-02-03,Tehama,103,63373,0,0,0,0,0
2020-02-03,Trinity,105,12862,0,0,0,0,0
2020-02-03,Tulare,107,460477,2,0,0,0,0
2020-02-03,Tuolumne,109,53932,0,0,0,0,0
2020-02-03,Ventura,111,848112,0,0,0,0,0
2020-02-03,Yolo,113,214977,0,0,0,0,0
2020-02-03,Yuba,115,75493,0,0,0,0,0
2020-02-02,Alameda,001,1643700,3,0,0,0,0
2020-02-02,Alpine,002,1148,0,0,0,0,0
2020-02-02,Amador,005,37829,0,0,0,0,0
2020-02-02,Butte,007,227075,0,0,0,0,0
2020-02-02,Calaveras,009,45235,0,0,0,0,0
2020-02-02,Colusa,011,21464,0,0,0,0,0
2020-02-02,Contra Costa,013,1133247,1,0,0,0,0
2020-02-02,Del Norte,015,27424,0,0,0,0,0
2020-02-02,El Dorado,017,186661,0,0,0,0,0
2020-02-02,Fresno,019,978130,0,0,0,0,0
2020-02-02,Glenn,021,27897,0,0,0,0,0
2020-02-02,Humboldt,023,135768,0,0,0,0,0
2020-02-02,Imperial,025,180216,0,0,0,0,0
2020-02-02,Inyo,027,18085,0,0,0,0,0
2020-02-02,Kern,029,883053,0,0,0,0,0
2020-02-02,Kings,031,150075,0,0,0,0,0
2020-02-02,Lake,033,64148,0,0,0,0,0
2020-02-02,Lassen,035,31185,0,0,0,0,0
2020-02-02,Los Angeles,037,10098052,18,1,0,1,0
2020-02-02,Madera,039,155013,0,0,0,0,0
2020-02-02,Marin,041,260295,0,0,0,0,0
2020-02-02,Mariposa,043,17540,0,0,0,0,0
2020-02-02,Mendocino,045,87422,0,0,0,0,0
2020-02-02,Merced,047,269075,0,0,0,0,0
2020-02-02,Modoc,049,8938,0,0,0,0,0
2020-02-02,Mono,051,14174,0,0,0,0,0
2020-02-02,Monterey,053,433212,1,0,0,0,0
2020-02-02,Napa,055,140530,0,0,0,0,0
2020-02-02,Nevada,057,99092,0,0,0,0,0
2020-02-02,Orange,059,3164182,1,1,0,1,0
2020-02-02,Placer,061,380077,0,0,0,0,0
2020-02-02,Plumas,063,18699,0,0,0,0,0
2020-02-02,Riverside,065,2383286,3,0,0,0,0
2020-02-02,Sacramento,067,1510023,0,0,0,0,0
2020-02-02,San Benito,069,59416,0,2,0,2,0
2020-02-02,San Bernardino,071,2135413,2,0,0,0,0
2020-02-02,San Diego,073,3302833,0,0,0,0,0
2020-02-02,San Francisco,075,870044,1,0,0,0,0
2020-02-02,San Joaquin,077,732212,0,0,1,1,0
2020-02-02,San Luis Obispo,079,281455,0,0,0,0,0
2020-02-02,San Mateo,081,765935,0,0,0,0,0
2020-02-02,Santa Barbara,083,443738,0,0,0,0,0
2020-02-02,Santa Clara,085,1922200,2,2,0,2,0
2020-02-02,Santa Cruz,087,273765,0,0,0,0,0
2020-02-02,Shasta,089,179085,0,0,0,0,0
2020-02-02,Sierra,091,2930,0,0,0,0,0
2020-02-02,Siskiyou,093,43540,0,0,0,0,0
2020-02-02,Solano,095,438530,0,0,0,0,0
2020-02-02,Sonoma,097,501317,0,0,0,0,0
2020-02-02,Stanislaus,099,539301,0,0,0,0,0
2020-02-02,Sutter,101,95872,0,0,0,0,0
2020-02-02,Tehama,103,63373,0,0,0,0,0
2020-02-02,Trinity,105,12862,0,0,0,0,0
2020-02-02,Tulare,107,460477,2,0,0,0,0
2020-02-02,Tuolumne,109,53932,0,0,0,0,0
2020-02-02,Ventura,111,848112,0,0,0,0,0
2020-02-02,Yolo,113,214977,0,0,0,0,0
2020-02-02,Yuba,115,75493,0,0,0,0,0
2020-02-01,Alameda,001,1643700,3,0,0,0,0
2020-02-01,Alpine,002,1148,0,0,0,0,0
2020-02-01,Amador,005,37829,0,0,0,0,0
2020-02-01,Butte,007,227075,0,0,0,0,0
2020-02-01,Calaveras,009,45235,0,0,0,0,0
2020-02-01,Colusa,011,21464,0,0,0,0,0
2020-02-01,Contra Costa,013,1133247,0,0,0,0,0
2020-02-01,Del Norte,015,27424,0,0,0,0,0
2020-02-01,El Dorado,017,186661,0,0,0,0,0
2020-02-01,Fresno,019,978130,0,0,0,0,0
2020-02-01,Glenn,021,27897,0,0,0,0,0
2020-02-01,Humboldt,023,135768,0,0,0,0,0
2020-02-01,Imperial,025,180216,0,0,0,0,0
2020-02-01,Inyo,027,18085,0,0,0,0,0
2020-02-01,Kern,029,883053,0,0,0,0,0
2020-02-01,Kings,031,150075,0,0,0,0,0
2020-02-01,Lake,033,64148,0,0,0,0,0
2020-02-01,Lassen,035,31185,0,0,0,0,0
2020-02-01,Los Angeles,037,10098052,14,1,0,1,0
2020-02-01,Madera,039,155013,0,0,0,0,0
2020-02-01,Marin,041,260295,0,0,0,0,0
2020-02-01,Mariposa,043,17540,0,0,0,0,0
2020-02-01,Mendocino,045,87422,0,0,0,0,0
2020-02-01,Merced,047,269075,0,0,0,0,0
2020-02-01,Modoc,049,8938,0,0,0,0,0
2020-02-01,Mono,051,14174,0,0,0,0,0
2020-02-01,Monterey,053,433212,0,0,0,0,0
2020-02-01,Napa,055,140530,0,0,0,0,0
2020-02-01,Nevada,057,99092,0,0,0,0,0
2020-02-01,Orange,059,3164182,1,1,0,1,0
2020-02-01,Placer,061,380077,0,0,0,0,0
2020-02-01,Plumas,063,18699,0,0,0,0,0
2020-02-01,Riverside,065,2383286,2,0,0,0,0
2020-02-01,Sacramento,067,1510023,0,0,0,0,0
2020-02-01,San Benito,069,59416,0,0,0,0,0
2020-02-01,San Bernardino,071,2135413,1,0,0,0,0
2020-02-01,San Diego,073,3302833,0,0,0,0,0
2020-02-01,San Francisco,075,870044,1,0,0,0,0
2020-02-01,San Joaquin,077,732212,0,0,1,1,0
2020-02-01,San Luis Obispo,079,281455,0,0,0,0,0
2020-02-01,San Mateo,081,765935,0,0,0,0,0
2020-02-01,Santa Barbara,083,443738,0,0,0,0,0
2020-02-01,Santa Clara,085,1922200,2,1,0,1,0
2020-02-01,Santa Cruz,087,273765,0,0,0,0,0
2020-02-01,Shasta,089,179085,0,0,0,0,0
2020-02-01,Sierra,091,2930,0,0,0,0,0
2020-02-01,Siskiyou,093,43540,0,0,0,0,0
2020-02-01,Solano,095,438530,0,0,0,0,0
2020-02-01,Sonoma,097,501317,0,0,0,0,0
2020-02-01,Stanislaus,099,539301,0,0,0,0,0
2020-02-01,Sutter,101,95872,0,0,0,0,0
2020-02-01,Tehama,103,63373,0,0,0,0,0
2020-02-01,Trinity,105,12862,0,0,0,0,0
2020-02-01,Tulare,107,460477,1,0,0,0,0
2020-02-01,Tuolumne,109,53932,0,0,0,0,0
2020-02-01,Ventura,111,848112,0,0,0,0,0
2020-02-01,Yolo,113,214977,0,0,0,0,0
2020-02-01,Yuba,115,75493,0,0,0,0,0
