date,county,fips,population,confirmed_cases,reported_cases,probable_cases,reported_and_probable_cases,reported_deaths
2021-09-08,Alameda,1,1643700,110774,110781,2718,113499,1305
2021-09-08,Alpine,3,1148,94,94,0,94,0
2021-09-08,Amador,5,37829,4692,4693,45,4738,56
2021-09-08,Butte,7,227075,16775,16775,3003,19778,220
2021-09-08,Calaveras,9,45235,3157,3157,23,3180,63
2021-09-08,Colusa,11,21464,2307,2308,512,2820,16
2021-09-08,Contra Costa,13,1133247,91469,91471,1880,93351,900
2021-09-08,Del Norte,15,27424,3085,3085,15,3100,25
2021-09-08,El Dorado,17,186661,13928,13928,1367,15295,119
2021-09-08,Fresno,19,978130,120644,120644,10621,131265,1831
2021-09-08,Glenn,21,27897,2942,2942,816,3758,20
2021-09-08,Humboldt,23,135768,7435,7438,310,7748,52
2021-09-08,Imperial,25,180216,30605,30609,3043,33652,751
2021-09-08,Inyo,27,18085,1580,1580,9,1589,39
2021-09-08,Kern,29,883053,110929,110933,16245,127178,1409
2021-09-08,Kings,31,150075,27233,27235,1600,28835,267
2021-09-08,Lake,33,64148,5618,5618,78,5696,79
2021-09-08,Lassen,35,31185,5848,5848,186,6034,25
2021-09-08,Los Angeles,37,10098052,1361802,1362029,53290,1415319,25533
2021-09-08,Madera,39,155013,19350,19352,1474,20826,252
2021-09-08,Marin,41,260295,16381,16386,387,16773,242
2021-09-08,Mariposa,43,17540,777,777,22,799,5
2021-09-08,Mendocino,45,87422,6069,6069,238,6307,61
2021-09-08,Merced,47,269075,36498,36500,1265,37765,516
2021-09-08,Modoc,49,8938,448,448,158,606,5
2021-09-08,Mono,51,14174,1418,1418,14,1432,3
2021-09-08,Monterey,53,433212,45959,45959,2733,48692,554
2021-09-08,Napa,55,140530,11841,11842,77,11919,90
2021-09-08,Nevada,57,99092,7838,7843,262,8105,82
2021-09-08,Orange,59,3164182,288510,288511,13652,302163,5290
2021-09-08,Placer,61,380077,31852,31852,2932,34784,337
2021-09-08,Plumas,63,18699,1072,1072,25,1097,5
2021-09-08,Riverside,65,2383286,333982,334037,16276,350313,4683
2021-09-08,Sacramento,67,1510023,142446,142448,3402,145850,1921
2021-09-08,San Benito,69,59416,6798,6800,142,6942,64
2021-09-08,San Bernardino,71,2135413,330238,330279,10344,340623,5411
2021-09-08,San Diego,73,3302833,341437,341437,0,341437,3926
2021-09-08,San Francisco,75,870044,48256,48263,2379,50642,589
2021-09-08,San Joaquin,77,732212,89624,89631,4733,94364,1561
2021-09-08,San Luis Obispo,79,281455,26292,26303,1059,27362,294
2021-09-08,San Mateo,81,765935,50045,50051,1104,51155,561
2021-09-08,Santa Barbara,83,443738,40000,40000,1550,41550,490
2021-09-08,Santa Clara,85,1922200,136823,136836,1077,137913,1810
2021-09-08,Santa Cruz,87,273765,18699,18699,1034,19733,210
2021-09-08,Shasta,89,179085,16227,16227,2542,18769,234
2021-09-08,Sierra,91,2930,113,113,15,128,0
2021-09-08,Siskiyou,93,43540,2643,2643,916,3559,35
2021-09-08,Solano,95,438530,41960,41971,1069,43040,302
2021-09-08,Sonoma,97,501317,38066,38075,471,38546,360
2021-09-08,Stanislaus,99,539301,68926,68945,7708,76653,1074
2021-09-08,Sutter,101,95872,12344,12349,188,12537,144
2021-09-08,Tehama,103,63373,6519,6520,1036,7556,75
2021-09-08,Trinity,105,12862,520,520,143,663,6
2021-09-08,Tulare,107,460477,57425,57425,12159,69584,876
2021-09-08,Tuolumne,109,53932,5783,5783,52,5835,89
2021-09-08,Ventura,111,848112,91341,91345,4159,95504,1096
2021-09-08,Yolo,113,214977,17680,17680,849,18529,239
2021-09-08,Yuba,115,75493,8673,8675,163,8838,55
2021-09-07,Alameda,1,1643700,110774,110550,2718,113268,1301
2021-09-07,Alpine,3,1148,94,94,0,94,0
2021-09-07,Amador,5,37829,4692,4679,45,4724,53
2021-09-07,Butte,7,227075,16775,16723,3003,19726,220
2021-09-07,Calaveras,9,45235,3157,3140,23,3163,63
2021-09-07,Colusa,11,21464,2307,2306,512,2818,16
2021-09-07,Contra Costa,13,1133247,91469,91167,1880,93047,891
2021-09-07,Del Norte,15,27424,3085,3081,15,3096,24
2021-09-07,El Dorado,17,186661,13928,13892,1367,15259,119
2021-09-07,Fresno,19,978130,120644,120268,10621,130889,1828
2021-09-07,Glenn,21,27897,2942,2937,816,3753,20
2021-09-07,Humboldt,23,135768,7435,7397,310,7707,52
2021-09-07,Imperial,25,180216,30605,30584,3043,33627,751
2021-09-07,Inyo,27,18085,1580,1579,9,1588,39
2021-09-07,Kern,29,883053,110929,110674,16245,126919,1408
2021-09-07,Kings,31,150075,27233,27169,1600,28769,267
2021-09-07,Lake,33,64148,5618,5597,78,5675,78
2021-09-07,Lassen,35,31185,5848,5842,186,6028,21
2021-09-07,Los Angeles,37,10098052,1361802,1360407,53290,1413697,25486
2021-09-07,Madera,39,155013,19350,19316,1474,20790,249
2021-09-07,Marin,41,260295,16381,16363,387,16750,242
2021-09-07,Mariposa,43,17540,777,771,22,793,5
2021-09-07,Mendocino,45,87422,6069,6036,238,6274,61
2021-09-07,Merced,47,269075,36498,36400,1265,37665,513
2021-09-07,Modoc,49,8938,448,449,158,607,5
2021-09-07,Mono,51,14174,1418,1416,14,1430,3
2021-09-07,Monterey,53,433212,45959,45911,2733,48644,543
2021-09-07,Napa,55,140530,11841,11814,77,11891,90
2021-09-07,Nevada,57,99092,7838,7829,262,8091,82
2021-09-07,Orange,59,3164182,288510,288225,13652,301877,5274
2021-09-07,Placer,61,380077,31852,31710,2932,34642,337
2021-09-07,Plumas,63,18699,1072,1071,25,1096,5
2021-09-07,Riverside,65,2383286,333982,333390,16276,349666,4666
2021-09-07,Sacramento,67,1510023,142446,142364,3402,145766,1905
2021-09-07,San Benito,69,59416,6798,6786,142,6928,64
2021-09-07,San Bernardino,71,2135413,330238,329962,10344,340306,5407
2021-09-07,San Diego,73,3302833,341437,340709,0,340709,3922
2021-09-07,San Francisco,75,870044,48256,48175,2379,50554,589
2021-09-07,San Joaquin,77,732212,89624,89468,4733,94201,1548
2021-09-07,San Luis Obispo,79,281455,26292,26253,1059,27312,287
2021-09-07,San Mateo,81,765935,50045,49913,1104,51017,561
2021-09-07,Santa Barbara,83,443738,40000,39957,1550,41507,489
2021-09-07,Santa Clara,85,1922200,136823,136631,1077,137708,1807
2021-09-07,Santa Cruz,87,273765,18699,18669,1034,19703,210
2021-09-07,Shasta,89,179085,16227,16096,2542,18638,226
2021-09-07,Sierra,91,2930,113,111,15,126,0
2021-09-07,Siskiyou,93,43540,2643,2607,916,3523,34
2021-09-07,Solano,95,438530,41960,41862,1069,42931,300
2021-09-07,Sonoma,97,501317,38066,38013,471,38484,358
2021-09-07,Stanislaus,99,539301,68926,68831,7708,76539,1074
2021-09-07,Sutter,101,95872,12344,12310,188,12498,138
2021-09-07,Tehama,103,63373,6519,6482,1036,7518,74
2021-09-07,Trinity,105,12862,520,517,143,660,6
2021-09-07,Tulare,107,460477,57425,57228,12159,69387,874
2021-09-07,Tuolumne,109,53932,5783,5759,52,5811,88
2021-09-07,Ventura,111,848112,91341,91246,4159,95405,1093
2021-09-07,Yolo,113,214977,17680,17653,849,18502,235
2021-09-07,Yuba,115,75493,8673,8642,163,8805,55
2021-09-06,Alameda,1,1643700,110756,110357,2718,113075,1301
2021-09-06,Alpine,3,1148,94,94,0,94,0
2021-09-06,Amador,5,37829,4688,4648,45,4693,53
2021-09-06,Butte,7,227075,16773,16588,3003,19591,218
2021-09-06,Calaveras,9,45235,3152,3122,23,3145,63
2021-09-06,Colusa,11,21464,2306,2306,508,2814,16
2021-09-06,Contra Costa,13,1133247,91452,90971,1880,92851,891
2021-09-06,Del Norte,15,27424,3083,3037,15,3052,24
2021-09-06,El Dorado,17,186661,13922,13848,1367,15215,119
2021-09-06,Fresno,19,978130,120583,119738,10621,130359,1828
2021-09-06,Glenn,21,27897,2942,2912,805,3717,20
2021-09-06,Humboldt,23,135768,7428,7320,308,7628,52
2021-09-06,Imperial,25,180216,30596,30576,3043,33619,751
2021-09-06,Inyo,27,18085,1579,1578,9,1587,39
2021-09-06,Kern,29,883053,110894,110347,16243,126590,1408
2021-09-06,Kings,31,150075,27213,27094,1596,28690,264
2021-09-06,Lake,33,64148,5610,5548,77,5625,78
2021-09-06,Lassen,35,31185,5847,5822,186,6008,21
2021-09-06,Los Angeles,37,10098052,1361707,1359348,53268,1412616,25477
2021-09-06,Madera,39,155013,19340,19191,1473,20664,249
2021-09-06,Marin,41,260295,16378,16356,387,16743,242
2021-09-06,Mariposa,43,17540,777,764,22,786,5
2021-09-06,Mendocino,45,87422,6060,5984,238,6222,61
2021-09-06,Merced,47,269075,36463,36300,1264,37564,513
2021-09-06,Modoc,49,8938,448,449,158,607,5
2021-09-06,Mono,51,14174,1418,1416,14,1430,3
2021-09-06,Monterey,53,433212,45949,45833,2732,48565,541
2021-09-06,Napa,55,140530,11837,11792,77,11869,90
2021-09-06,Nevada,57,99092,7837,7748,261,8009,82
2021-09-06,Orange,59,3164182,288471,287948,13652,301600,5274
2021-09-06,Placer,61,380077,31831,31595,2932,34527,337
2021-09-06,Plumas,63,18699,1072,1068,25,1093,5
2021-09-06,Riverside,65,2383286,333936,333052,16276,349328,4666
2021-09-06,Sacramento,67,1510023,142419,141730,3402,145132,1905
2021-09-06,San Benito,69,59416,6791,6777,142,6919,64
2021-09-06,San Bernardino,71,2135413,330195,329693,10344,340037,5398
2021-09-06,San Diego,73,3302833,341369,340222,0,340222,3922
2021-09-06,San Francisco,75,870044,48241,48120,2379,50499,589
2021-09-06,San Joaquin,77,732212,89579,89293,4724,94017,1548
2021-09-06,San Luis Obispo,79,281455,26284,26183,1054,27237,286
2021-09-06,San Mateo,81,765935,50033,49859,1104,50963,561
2021-09-06,Santa Barbara,83,443738,39984,39876,1550,41426,489
2021-09-06,Santa Clara,85,1922200,136792,136458,1077,137535,1807
2021-09-06,Santa Cruz,87,273765,18696,18615,1033,19648,210
2021-09-06,Shasta,89,179085,16224,15985,2532,18517,226
2021-09-06,Sierra,91,2930,113,109,15,124,0
2021-09-06,Siskiyou,93,43540,2627,2595,884,3479,34
2021-09-06,Solano,95,438530,41953,41774,1069,42843,300
2021-09-06,Sonoma,97,501317,38063,37929,471,38400,358
2021-09-06,Stanislaus,99,539301,68880,68596,7696,76292,1074
2021-09-06,Sutter,101,95872,12318,12238,185,12423,138
2021-09-06,Tehama,103,63373,6515,6413,1035,7448,74
2021-09-06,Trinity,105,12862,520,515,143,658,6
2021-09-06,Tulare,107,460477,57379,57068,12159,69227,874
2021-09-06,Tuolumne,109,53932,5768,5697,52,5749,88
2021-09-06,Ventura,111,848112,91322,91132,4158,95290,1093
2021-09-06,Yolo,113,214977,17677,17576,849,18425,235
2021-09-06,Yuba,115,75493,8652,8584,163,8747,55
2021-09-05,Alameda,1,1643700,110654,110173,2718,112891,1301
2021-09-05,Alpine,3,1148,94,94,0,94,0
2021-09-05,Amador,5,37829,4684,4642,45,4687,53
2021-09-05,Butte,7,227075,16730,16504,2995,19499,218
2021-09-05,Calaveras,9,45235,3146,3106,23,3129,63
2021-09-05,Colusa,11,21464,2305,2305,508,2813,16
2021-09-05,Contra Costa,13,1133247,91351,90862,1878,92740,891
2021-09-05,Del Norte,15,27424,3079,3023,15,3038,24
2021-09-05,El Dorado,17,186661,13910,13827,1364,15191,119
2021-09-05,Fresno,19,978130,120487,119384,10618,130002,1828
2021-09-05,Glenn,21,27897,2940,2899,805,3704,20
2021-09-05,Humboldt,23,135768,7418,7312,307,7619,52
2021-09-05,Imperial,25,180216,30592,30548,3043,33591,751
2021-09-05,Inyo,27,18085,1579,1572,9,1581,39
2021-09-05,Kern,29,883053,110826,110073,16239,126312,1408
2021-09-05,Kings,31,150075,27196,26989,1593,28582,264
2021-09-05,Lake,33,64148,5602,5525,77,5602,78
2021-09-05,Lassen,35,31185,5845,5820,186,6006,21
2021-09-05,Los Angeles,37,10098052,1360974,1357748,53213,1410961,25465
2021-09-05,Madera,39,155013,19330,19155,1471,20626,249
2021-09-05,Marin,41,260295,16373,16342,387,16729,242
2021-09-05,Mariposa,43,17540,777,761,22,783,5
2021-09-05,Mendocino,45,87422,6049,5965,237,6202,61
2021-09-05,Merced,47,269075,36450,36243,1263,37506,513
2021-09-05,Modoc,49,8938,448,447,158,605,5
2021-09-05,Mono,51,14174,1418,1416,14,1430,3
2021-09-05,Monterey,53,433212,45929,45795,2730,48525,540
2021-09-05,Napa,55,140530,11825,11770,77,11847,90
2021-09-05,Nevada,57,99092,7836,7722,260,7982,82
2021-09-05,Orange,59,3164182,288392,287614,13650,301264,5274
2021-09-05,Placer,61,380077,31765,31487,2930,34417,337
2021-09-05,Plumas,63,18699,1070,1067,25,1092,5
2021-09-05,Riverside,65,2383286,333851,332604,16276,348880,4654
2021-09-05,Sacramento,67,1510023,142219,141276,3352,144628,1905
2021-09-05,San Benito,69,59416,6790,6764,142,6906,64
2021-09-05,San Bernardino,71,2135413,330119,329062,10341,339403,5392
2021-09-05,San Diego,73,3302833,341124,339427,0,339427,3914
2021-09-05,San Francisco,75,870044,48214,48035,2371,50406,589
2021-09-05,San Joaquin,77,732212,89476,89121,4716,93837,1548
2021-09-05,San Luis Obispo,79,281455,26276,26098,1053,27151,285
2021-09-05,San Mateo,81,765935,50007,49809,1103,50912,561
2021-09-05,Santa Barbara,83,443738,39966,39762,1550,41312,489
2021-09-05,Santa Clara,85,1922200,136642,136146,1076,137222,1807
2021-09-05,Santa Cruz,87,273765,18690,18588,1033,19621,210
2021-09-05,Shasta,89,179085,16220,15960,2531,18491,226
2021-09-05,Sierra,91,2930,113,109,15,124,0
2021-09-05,Siskiyou,93,43540,2625,2585,882,3467,34
2021-09-05,Solano,95,438530,41897,41687,1068,42755,300
2021-09-05,Sonoma,97,501317,38034,37881,471,38352,358
2021-09-05,Stanislaus,99,539301,68832,68434,7686,76120,1074
2021-09-05,Sutter,101,95872,12297,12179,180,12359,138
2021-09-05,Tehama,103,63373,6509,6400,1035,7435,74
2021-09-05,Trinity,105,12862,518,505,143,648,6
2021-09-05,Tulare,107,460477,57334,56915,12113,69028,874
2021-09-05,Tuolumne,109,53932,5751,5688,52,5740,88
2021-09-05,Ventura,111,848112,91295,91004,4153,95157,1093
2021-09-05,Yolo,113,214977,17660,17557,848,18405,235
2021-09-05,Yuba,115,75493,8629,8521,163,8684,55
2021-09-04,Alameda,1,1643700,110577,109944,2709,112653,1301
2021-09-04,Alpine,3,1148,94,94,0,94,0
2021-09-04,Amador,5,37829,4680,4637,45,4682,53
2021-09-04,Butte,7,227075,16711,16403,2990,19393,218
2021-09-04,Calaveras,9,45235,3136,3087,22,3109,63
2021-09-04,Colusa,11,21464,2305,2301,508,2809,16
2021-09-04,Contra Costa,13,1133247,91243,90623,1875,92498,891
2021-09-04,Del Norte,15,27424,3074,2984,15,2999,24
2021-09-04,El Dorado,17,186661,13896,13782,1359,15141,119
2021-09-04,Fresno,19,978130,120393,119033,10599,129632,1828
2021-09-04,Glenn,21,27897,2939,2878,805,3683,20
2021-09-04,Humboldt,23,135768,7396,7298,305,7603,52
2021-09-04,Imperial,25,180216,30581,30526,3041,33567,751
2021-09-04,Inyo,27,18085,1578,1571,9,1580,39
2021-09-04,Kern,29,883053,110687,109751,16223,125974,1408
2021-09-04,Kings,31,150075,27176,26896,1591,28487,263
2021-09-04,Lake,33,64148,5588,5507,77,5584,78
2021-09-04,Lassen,35,31185,5842,5814,186,6000,21
2021-09-04,Los Angeles,37,10098052,1360455,1355634,53160,1408794,25454
2021-09-04,Madera,39,155013,19324,19112,1458,20570,249
2021-09-04,Marin,41,260295,16367,16319,385,16704,242
2021-09-04,Mariposa,43,17540,777,759,22,781,5
2021-09-04,Mendocino,45,87422,6027,5933,237,6170,61
2021-09-04,Merced,47,269075,36431,36083,1261,37344,513
2021-09-04,Modoc,49,8938,448,447,158,605,5
2021-09-04,Mono,51,14174,1418,1417,14,1431,3
2021-09-04,Monterey,53,433212,45915,45756,2729,48485,540
2021-09-04,Napa,55,140530,11818,11760,75,11835,90
2021-09-04,Nevada,57,99092,7833,7691,260,7951,82
2021-09-04,Orange,59,3164182,288239,287244,13630,300874,5274
2021-09-04,Placer,61,380077,31690,31374,2920,34294,337
2021-09-04,Plumas,63,18699,1068,1067,25,1092,5
2021-09-04,Riverside,65,2383286,333526,331958,16261,348219,4654
2021-09-04,Sacramento,67,1510023,141970,140735,3346,144081,1896
2021-09-04,San Benito,69,59416,6781,6758,142,6900,64
2021-09-04,San Bernardino,71,2135413,329962,328425,10329,338754,5393
2021-09-04,San Diego,73,3302833,340888,338748,0,338748,3914
2021-09-04,San Francisco,75,870044,48164,47937,2359,50296,589
2021-09-04,San Joaquin,77,732212,89392,88846,4708,93554,1548
2021-09-04,San Luis Obispo,79,281455,26262,26020,1053,27073,285
2021-09-04,San Mateo,81,765935,49978,49721,1101,50822,560
2021-09-04,Santa Barbara,83,443738,39916,39667,1549,41216,489
2021-09-04,Santa Clara,85,1922200,136517,135845,1075,136920,1806
2021-09-04,Santa Cruz,87,273765,18670,18579,1033,19612,210
2021-09-04,Shasta,89,179085,16194,15924,2521,18445,226
2021-09-04,Sierra,91,2930,110,108,15,123,0
2021-09-04,Siskiyou,93,43540,2621,2563,872,3435,34
2021-09-04,Solano,95,438530,41857,41614,1064,42678,300
2021-09-04,Sonoma,97,501317,38003,37809,471,38280,358
2021-09-04,Stanislaus,99,539301,68729,68210,7670,75880,1074
2021-09-04,Sutter,101,95872,12272,12137,180,12317,138
2021-09-04,Tehama,103,63373,6500,6367,1030,7397,74
2021-09-04,Trinity,105,12862,518,497,142,639,6
2021-09-04,Tulare,107,460477,57294,56719,12086,68805,874
2021-09-04,Tuolumne,109,53932,5737,5667,52,5719,88
2021-09-04,Ventura,111,848112,91231,90904,4150,95054,1090
2021-09-04,Yolo,113,214977,17635,17522,846,18368,235
2021-09-04,Yuba,115,75493,8606,8475,162,8637,55
2021-09-03,Alameda,1,1643700,110439,109636,2705,112341,1301
2021-09-03,Alpine,3,1148,94,94,0,94,0
2021-09-03,Amador,5,37829,4664,4614,45,4659,53
2021-09-03,Butte,7,227075,16638,16259,2979,19238,215
2021-09-03,Calaveras,9,45235,3126,3069,22,3091,63
2021-09-03,Colusa,11,21464,2305,2295,508,2803,16
2021-09-03,Contra Costa,13,1133247,91110,90299,1872,92171,886
2021-09-03,Del Norte,15,27424,3055,2943,15,2958,24
2021-09-03,El Dorado,17,186661,13870,13710,1357,15067,119
2021-09-03,Fresno,19,978130,120101,118508,10590,129098,1822
2021-09-03,Glenn,21,27897,2928,2867,800,3667,20
2021-09-03,Humboldt,23,135768,7369,7194,304,7498,52
2021-09-03,Imperial,25,180216,30563,30475,3037,33512,751
2021-09-03,Inyo,27,18085,1578,1567,9,1576,39
2021-09-03,Kern,29,883053,110516,109296,16209,125505,1407
2021-09-03,Kings,31,150075,27134,26753,1591,28344,263
2021-09-03,Lake,33,64148,5569,5479,77,5556,78
2021-09-03,Lassen,35,31185,5841,5789,186,5975,21
2021-09-03,Los Angeles,37,10098052,1359362,1351185,53107,1404292,25384
2021-09-03,Madera,39,155013,19254,19021,1444,20465,247
2021-09-03,Marin,41,260295,16357,16293,384,16677,242
2021-09-03,Mariposa,43,17540,773,753,22,775,5
2021-09-03,Mendocino,45,87422,6006,5891,237,6128,61
2021-09-03,Merced,47,269075,36400,35941,1258,37199,512
2021-09-03,Modoc,49,8938,448,445,158,603,5
2021-09-03,Mono,51,14174,1418,1410,14,1424,3
2021-09-03,Monterey,53,433212,45895,45707,2728,48435,540
2021-09-03,Napa,55,140530,11802,11733,75,11808,89
2021-09-03,Nevada,57,99092,7795,7632,260,7892,82
2021-09-03,Orange,59,3164182,288009,286818,13612,300430,5253
2021-09-03,Placer,61,380077,31591,31238,2910,34148,335
2021-09-03,Plumas,63,18699,1067,1057,25,1082,5
2021-09-03,Riverside,65,2383286,333125,331011,16238,347249,4653
2021-09-03,Sacramento,67,1510023,141631,139982,3332,143314,1886
2021-09-03,San Benito,69,59416,6777,6746,142,6888,64
2021-09-03,San Bernardino,71,2135413,329589,327599,10320,337919,5381
2021-09-03,San Diego,73,3302833,340459,337627,0,337627,3911
2021-09-03,San Francisco,75,870044,48111,47822,2348,50170,589
2021-09-03,San Joaquin,77,732212,89271,88366,4701,93067,1540
2021-09-03,San Luis Obispo,79,281455,26208,25917,1052,26969,283
2021-09-03,San Mateo,81,765935,49926,49617,1100,50717,560
2021-09-03,Santa Barbara,83,443738,39888,39507,1548,41055,489
2021-09-03,Santa Clara,85,1922200,136380,135522,1073,136595,1801
2021-09-03,Santa Cruz,87,273765,18655,18532,1033,19565,210
2021-09-03,Shasta,89,179085,16170,15778,2518,18296,226
2021-09-03,Sierra,91,2930,110,105,15,120,0
2021-09-03,Siskiyou,93,43540,2619,2529,867,3396,34
2021-09-03,Solano,95,438530,41782,41457,1055,42512,300
2021-09-03,Sonoma,97,501317,37952,37699,471,38170,358
2021-09-03,Stanislaus,99,539301,68636,67887,7662,75549,1074
2021-09-03,Sutter,101,95872,12246,12073,180,12253,139
2021-09-03,Tehama,103,63373,6477,6334,1026,7360,72
2021-09-03,Trinity,105,12862,518,490,138,628,6
2021-09-03,Tulare,107,460477,57213,56401,12037,68438,872
2021-09-03,Tuolumne,109,53932,5714,5630,52,5682,88
2021-09-03,Ventura,111,848112,91151,90742,4145,94887,1088
2021-09-03,Yolo,113,214977,17610,17446,841,18287,235
2021-09-03,Yuba,115,75493,8576,8412,162,8574,55
2021-09-02,Alameda,1,1643700,110204,109377,2699,112076,1301
2021-09-02,Alpine,3,1148,94,92,0,92,0
2021-09-02,Amador,5,37829,4652,4606,44,4650,53
2021-09-02,Butte,7,227075,16523,16154,2960,19114,215
2021-09-02,Calaveras,9,45235,3115,3042,20,3062,62
2021-09-02,Colusa,11,21464,2302,2290,506,2796,16
2021-09-02,Contra Costa,13,1133247,90944,90038,1866,91904,886
2021-09-02,Del Norte,15,27424,3027,2891,14,2905,24
2021-09-02,El Dorado,17,186661,13824,13641,1338,14979,119
2021-09-02,Fresno,19,978130,119639,117974,10564,128538,1804
2021-09-02,Glenn,21,27897,2906,2855,794,3649,20
2021-09-02,Humboldt,23,135768,7332,7141,297,7438,52
2021-09-02,Imperial,25,180216,30538,30449,3037,33486,751
2021-09-02,Inyo,27,18085,1572,1564,9,1573,39
2021-09-02,Kern,29,883053,110190,108930,16137,125067,1404
2021-09-02,Kings,31,150075,27052,26638,1587,28225,263
2021-09-02,Lake,33,64148,5537,5432,77,5509,78
2021-09-02,Lassen,35,31185,5832,5747,178,5925,21
2021-09-02,Los Angeles,37,10098052,1357886,1351105,53025,1404130,25382
2021-09-02,Madera,39,155013,19180,18937,1421,20358,247
2021-09-02,Marin,41,260295,16345,16244,382,16626,242
2021-09-02,Mariposa,43,17540,768,745,20,765,5
2021-09-02,Mendocino,45,87422,5982,5848,233,6081,61
2021-09-02,Merced,47,269075,36262,35820,1249,37069,508
2021-09-02,Modoc,49,8938,448,437,158,595,5
2021-09-02,Mono,51,14174,1418,1409,14,1423,3
2021-09-02,Monterey,53,433212,45849,45648,2723,48371,539
2021-09-02,Napa,55,140530,11775,11684,75,11759,88
2021-09-02,Nevada,57,99092,7737,7575,259,7834,82
2021-09-02,Orange,59,3164182,287693,286326,13597,299923,5240
2021-09-02,Placer,61,380077,31494,31067,2892,33959,330
2021-09-02,Plumas,63,18699,1062,1045,20,1065,5
2021-09-02,Riverside,65,2383286,332451,330190,16213,346403,4644
2021-09-02,Sacramento,67,1510023,141017,139274,3297,142571,1882
2021-09-02,San Benito,69,59416,6772,6734,141,6875,64
2021-09-02,San Bernardino,71,2135413,329021,326940,10252,337192,5369
2021-09-02,San Diego,73,3302833,339773,336382,0,336382,3909
2021-09-02,San Francisco,75,870044,48007,47674,2347,50021,587
2021-09-02,San Joaquin,77,732212,89026,88056,4671,92727,1540
2021-09-02,San Luis Obispo,79,281455,26117,25851,1046,26897,283
2021-09-02,San Mateo,81,765935,49858,49490,1100,50590,558
2021-09-02,Santa Barbara,83,443738,39817,39386,1530,40916,486
2021-09-02,Santa Clara,85,1922200,136148,135216,1070,136286,1799
2021-09-02,Santa Cruz,87,273765,18628,18473,1031,19504,210
2021-09-02,Shasta,89,179085,16072,15670,2506,18176,224
2021-09-02,Sierra,91,2930,110,105,15,120,0
2021-09-02,Siskiyou,93,43540,2610,2513,828,3341,34
2021-09-02,Solano,95,438530,41683,41293,1049,42342,294
2021-09-02,Sonoma,97,501317,37873,37558,471,38029,352
2021-09-02,Stanislaus,99,539301,68460,67576,7648,75224,1074
2021-09-02,Sutter,101,95872,12187,11995,178,12173,138
2021-09-02,Tehama,103,63373,6420,6265,1017,7282,72
2021-09-02,Trinity,105,12862,516,484,136,620,6
2021-09-02,Tulare,107,460477,57013,56105,11994,68099,872
2021-09-02,Tuolumne,109,53932,5676,5578,52,5630,88
2021-09-02,Ventura,111,848112,91040,90610,4137,94747,1084
2021-09-02,Yolo,113,214977,17549,17357,833,18190,235
2021-09-02,Yuba,115,75493,8528,8363,162,8525,55
2021-09-01,Alameda,1,1643700,109943,109075,2688,111763,1299
2021-09-01,Alpine,3,1148,94,92,0,92,0
2021-09-01,Amador,5,37829,4641,4599,44,4643,53
2021-09-01,Butte,7,227075,16395,16046,2935,18981,215
2021-09-01,Calaveras,9,45235,3099,3023,20,3043,59
2021-09-01,Colusa,11,21464,2299,2281,506,2787,16
2021-09-01,Contra Costa,13,1133247,90719,89834,1854,91688,877
2021-09-01,Del Norte,15,27424,2997,2860,14,2874,24
2021-09-01,El Dorado,17,186661,13765,13577,1327,14904,119
2021-09-01,Fresno,19,978130,119186,117492,10503,127995,1800
2021-09-01,Glenn,21,27897,2878,2846,781,3627,20
2021-09-01,Humboldt,23,135768,7280,7090,286,7376,52
2021-09-01,Imperial,25,180216,30513,30393,3034,33427,750
2021-09-01,Inyo,27,18085,1571,1561,7,1568,39
2021-09-01,Kern,29,883053,109828,108449,16078,124527,1400
2021-09-01,Kings,31,150075,26961,26443,1584,28027,263
2021-09-01,Lake,33,64148,5504,5396,75,5471,77
2021-09-01,Lassen,35,31185,5808,5731,176,5907,21
2021-09-01,Los Angeles,37,10098052,1356061,1348589,52924,1401513,25341
2021-09-01,Madera,39,155013,19127,18852,1413,20265,247
2021-09-01,Marin,41,260295,16325,16224,377,16601,240
2021-09-01,Mariposa,43,17540,762,735,20,755,5
2021-09-01,Mendocino,45,87422,5953,5821,228,6049,59
2021-09-01,Merced,47,269075,36113,35686,1242,36928,500
2021-09-01,Modoc,49,8938,443,436,156,592,5
2021-09-01,Mono,51,14174,1417,1400,14,1414,3
2021-09-01,Monterey,53,433212,45781,45590,2716,48306,539
2021-09-01,Napa,55,140530,11748,11653,75,11728,88
2021-09-01,Nevada,57,99092,7692,7508,257,7765,82
2021-09-01,Orange,59,3164182,287352,285840,13560,299400,5233
2021-09-01,Placer,61,380077,31363,30902,2888,33790,330
2021-09-01,Plumas,63,18699,1056,1033,20,1053,5
2021-09-01,Riverside,65,2383286,331704,329388,16174,345562,4634
2021-09-01,Sacramento,67,1510023,140381,138499,3247,141746,1875
2021-09-01,San Benito,69,59416,6755,6716,141,6857,64
2021-09-01,San Bernardino,71,2135413,328406,326250,10226,336476,5364
2021-09-01,San Diego,73,3302833,338976,335302,0,335302,3908
2021-09-01,San Francisco,75,870044,47908,47538,2344,49882,584
2021-09-01,San Joaquin,77,732212,88717,87640,4650,92290,1540
2021-09-01,San Luis Obispo,79,281455,26030,25691,1041,26732,283
2021-09-01,San Mateo,81,765935,49774,49394,1097,50491,558
2021-09-01,Santa Barbara,83,443738,39711,39263,1513,40776,483
2021-09-01,Santa Clara,85,1922200,135922,134855,1065,135920,1796
2021-09-01,Santa Cruz,87,273765,18580,18453,1029,19482,210
2021-09-01,Shasta,89,179085,15958,15552,2461,18013,221
2021-09-01,Sierra,91,2930,109,98,15,113,0
2021-09-01,Siskiyou,93,43540,2577,2482,814,3296,34
2021-09-01,Solano,95,438530,41579,41194,1045,42239,293
2021-09-01,Sonoma,97,501317,37776,37454,471,37925,352
2021-09-01,Stanislaus,99,539301,68209,67287,7628,74915,1075
2021-09-01,Sutter,101,95872,12128,11945,173,12118,136
2021-09-01,Tehama,103,63373,6388,6228,1001,7229,72
2021-09-01,Trinity,105,12862,513,482,134,616,5
2021-09-01,Tulare,107,460477,56724,55768,11956,67724,870
2021-09-01,Tuolumne,109,53932,5656,5553,52,5605,88
2021-09-01,Ventura,111,848112,90887,90471,4117,94588,1089
2021-09-01,Yolo,113,214977,17499,17264,823,18087,235
2021-09-01,Yuba,115,75493,8460,8308,162,8470,55
2021-08-31,Alameda,1,1643700,109708,108837,2681,111518,1297
2021-08-31,Alpine,3,1148,92,92,0,92,0
2021-08-31,Amador,5,37829,4626,4555,44,4599,53
2021-08-31,Butte,7,227075,16262,15896,2895,18791,216
2021-08-31,Calaveras,9,45235,3066,3008,20,3028,59
2021-08-31,Colusa,11,21464,2297,2275,506,2781,16
2021-08-31,Contra Costa,13,1133247,90471,89546,1844,91390,871
2021-08-31,Del Norte,15,27424,2965,2830,14,2844,19
2021-08-31,El Dorado,17,186661,13701,13539,1318,14857,119
2021-08-31,Fresno,19,978130,118699,117155,10441,127596,1801
2021-08-31,Glenn,21,27897,2865,2829,765,3594,20
2021-08-31,Humboldt,23,135768,7213,7030,275,7305,52
2021-08-31,Imperial,25,180216,30489,30348,3026,33374,750
2021-08-31,Inyo,27,18085,1568,1550,7,1557,39
2021-08-31,Kern,29,883053,109425,108151,16027,124178,1393
2021-08-31,Kings,31,150075,26843,26405,1570,27975,260
2021-08-31,Lake,33,64148,5476,5359,72,5431,74
2021-08-31,Lassen,35,31185,5788,5702,173,5875,21
2021-08-31,Los Angeles,37,10098052,1353986,1346686,52846,1399532,25303
2021-08-31,Madera,39,155013,19042,18811,1401,20212,247
2021-08-31,Marin,41,260295,16307,16215,374,16589,240
2021-08-31,Mariposa,43,17540,756,732,20,752,5
2021-08-31,Mendocino,45,87422,5930,5777,227,6004,59
2021-08-31,Merced,47,269075,35968,35512,1234,36746,498
2021-08-31,Modoc,49,8938,442,436,156,592,5
2021-08-31,Mono,51,14174,1405,1398,14,1412,3
2021-08-31,Monterey,53,433212,45733,45550,2708,48258,539
2021-08-31,Napa,55,140530,11723,11618,75,11693,88
2021-08-31,Nevada,57,99092,7641,7460,257,7717,82
2021-08-31,Orange,59,3164182,286926,285310,13526,298836,5229
2021-08-31,Placer,61,380077,31235,30745,2865,33610,325
2021-08-31,Plumas,63,18699,1051,1018,20,1038,5
2021-08-31,Riverside,65,2383286,330854,328556,16139,344695,4627
2021-08-31,Sacramento,67,1510023,139663,137879,3218,141097,1863
2021-08-31,San Benito,69,59416,6744,6694,140,6834,64
2021-08-31,San Bernardino,71,2135413,327752,325446,10209,335655,5350
2021-08-31,San Diego,73,3302833,337977,334377,0,334377,3888
2021-08-31,San Francisco,75,870044,47804,47440,2327,49767,581
2021-08-31,San Joaquin,77,732212,88314,87365,4630,91995,1540
2021-08-31,San Luis Obispo,79,281455,25906,25518,1037,26555,282
2021-08-31,San Mateo,81,765935,49681,49299,1093,50392,556
2021-08-31,Santa Barbara,83,443738,39585,39091,1504,40595,481
2021-08-31,Santa Clara,85,1922200,135641,134637,1063,135700,1793
2021-08-31,Santa Cruz,87,273765,18548,18419,1027,19446,210
2021-08-31,Shasta,89,179085,15863,15368,2440,17808,220
2021-08-31,Sierra,91,2930,107,95,15,110,0
2021-08-31,Siskiyou,93,43540,2565,2435,803,3238,33
2021-08-31,Solano,95,438530,41461,41067,1041,42108,289
2021-08-31,Sonoma,97,501317,37710,37379,468,37847,352
2021-08-31,Stanislaus,99,539301,67928,67004,7594,74598,1075
2021-08-31,Sutter,101,95872,12069,11901,170,12071,136
2021-08-31,Tehama,103,63373,6347,6169,974,7143,72
2021-08-31,Trinity,105,12862,507,480,133,613,3
2021-08-31,Tulare,107,460477,56440,55567,11906,67473,870
2021-08-31,Tuolumne,109,53932,5634,5516,51,5567,88
2021-08-31,Ventura,111,848112,90748,90292,4103,94395,1081
2021-08-31,Yolo,113,214977,17422,17205,819,18024,234
2021-08-31,Yuba,115,75493,8407,8253,162,8415,54
2021-08-30,Alameda,1,1643700,109468,107734,2667,110401,1296
2021-08-30,Alpine,3,1148,92,92,0,92,0
2021-08-30,Amador,5,37829,4620,4507,44,4551,53
2021-08-30,Butte,7,227075,16118,15719,2864,18583,214
2021-08-30,Calaveras,9,45235,3047,2975,20,2995,59
2021-08-30,Colusa,11,21464,2291,2271,501,2772,16
2021-08-30,Contra Costa,13,1133247,90245,87679,1833,89512,872
2021-08-30,Del Norte,15,27424,2929,2796,12,2808,11
2021-08-30,El Dorado,17,186661,13636,13217,1307,14524,119
2021-08-30,Fresno,19,978130,118162,115867,10372,126239,1790
2021-08-30,Glenn,21,27897,2853,2804,759,3563,20
2021-08-30,Humboldt,23,135768,7162,6930,266,7196,52
2021-08-30,Imperial,25,180216,30457,30311,3021,33332,750
2021-08-30,Inyo,27,18085,1565,1544,7,1551,39
2021-08-30,Kern,29,883053,109018,107615,15901,123516,1389
2021-08-30,Kings,31,150075,26737,26236,1560,27796,259
2021-08-30,Lake,33,64148,5437,5323,71,5394,74
2021-08-30,Lassen,35,31185,5760,5667,172,5839,21
2021-08-30,Los Angeles,37,10098052,1351861,1344949,52757,1397706,25269
2021-08-30,Madera,39,155013,18969,18622,1384,20006,247
2021-08-30,Marin,41,260295,16276,16160,372,16532,240
2021-08-30,Mariposa,43,17540,751,715,18,733,5
2021-08-30,Mendocino,45,87422,5902,5721,223,5944,55
2021-08-30,Merced,47,269075,35824,35335,1231,36566,497
2021-08-30,Modoc,49,8938,440,436,155,591,5
2021-08-30,Mono,51,14174,1405,1390,14,1404,3
2021-08-30,Monterey,53,433212,45690,45463,2691,48154,539
2021-08-30,Napa,55,140530,11680,11579,72,11651,87
2021-08-30,Nevada,57,99092,7595,7356,257,7613,82
2021-08-30,Orange,59,3164182,286493,284750,13501,298251,5223
2021-08-30,Placer,61,380077,31109,29825,2842,32667,319
2021-08-30,Plumas,63,18699,1034,998,20,1018,5
2021-08-30,Riverside,65,2383286,330067,327593,16106,343699,4623
2021-08-30,Sacramento,67,1510023,138946,134571,3171,137742,1847
2021-08-30,San Benito,69,59416,6734,6663,140,6803,64
2021-08-30,San Bernardino,71,2135413,327252,324870,10180,335050,5348
2021-08-30,San Diego,73,3302833,336854,333011,0,333011,3885
2021-08-30,San Francisco,75,870044,47686,46966,2306,49272,581
2021-08-30,San Joaquin,77,732212,88010,86203,4625,90828,1528
2021-08-30,San Luis Obispo,79,281455,25778,25422,1030,26452,280
2021-08-30,San Mateo,81,765935,49574,48839,1074,49913,554
2021-08-30,Santa Barbara,83,443738,39461,38998,1499,40497,481
2021-08-30,Santa Clara,85,1922200,135346,133281,1052,134333,1789
2021-08-30,Santa Cruz,87,273765,18511,18326,1024,19350,210
2021-08-30,Shasta,89,179085,15764,15238,2397,17635,217
2021-08-30,Sierra,91,2930,107,91,15,106,0
2021-08-30,Siskiyou,93,43540,2559,2411,791,3202,33
2021-08-30,Solano,95,438530,41324,39986,1035,41021,290
2021-08-30,Sonoma,97,501317,37634,36764,466,37230,352
2021-08-30,Stanislaus,99,539301,67629,66173,7563,73736,1074
2021-08-30,Sutter,101,95872,12001,11791,163,11954,136
2021-08-30,Tehama,103,63373,6271,6085,941,7026,71
2021-08-30,Trinity,105,12862,498,468,131,599,3
2021-08-30,Tulare,107,460477,56176,55140,11841,66981,870
2021-08-30,Tuolumne,109,53932,5597,5492,51,5543,74
2021-08-30,Ventura,111,848112,90591,90149,4089,94238,1082
2021-08-30,Yolo,113,214977,17362,17071,816,17887,231
2021-08-30,Yuba,115,75493,8345,8129,161,8290,54
2021-08-29,Alameda,1,1643700,109203,107494,2652,110146,1296
2021-08-29,Alpine,3,1148,92,92,0,92,0
2021-08-29,Amador,5,37829,4608,4501,43,4544,53
2021-08-29,Butte,7,227075,15971,15602,2824,18426,214
2021-08-29,Calaveras,9,45235,3010,2970,20,2990,59
2021-08-29,Colusa,11,21464,2285,2260,496,2756,16
2021-08-29,Contra Costa,13,1133247,89986,87439,1832,89271,872
2021-08-29,Del Norte,15,27424,2887,2752,12,2764,11
2021-08-29,El Dorado,17,186661,13588,13166,1295,14461,119
2021-08-29,Fresno,19,978130,117618,115502,10318,125820,1790
2021-08-29,Glenn,21,27897,2831,2778,752,3530,20
2021-08-29,Humboldt,23,135768,7128,6922,251,7173,52
2021-08-29,Imperial,25,180216,30397,30293,3011,33304,750
2021-08-29,Inyo,27,18085,1553,1543,6,1549,39
2021-08-29,Kern,29,883053,108646,107324,15764,123088,1389
2021-08-29,Kings,31,150075,26588,26143,1547,27690,259
2021-08-29,Lake,33,64148,5399,5293,67,5360,74
2021-08-29,Lassen,35,31185,5749,5666,169,5835,21
2021-08-29,Los Angeles,37,10098052,1349438,1342541,52634,1395175,25263
2021-08-29,Madera,39,155013,18902,18594,1368,19962,247
2021-08-29,Marin,41,260295,16254,16134,368,16502,240
2021-08-29,Mariposa,43,17540,747,709,17,726,5
2021-08-29,Mendocino,45,87422,5851,5689,206,5895,55
2021-08-29,Merced,47,269075,35624,35250,1224,36474,497
2021-08-29,Modoc,49,8938,437,436,155,591,5
2021-08-29,Mono,51,14174,1396,1387,14,1401,3
2021-08-29,Monterey,53,433212,45630,45424,2662,48086,539
2021-08-29,Napa,55,140530,11659,11552,72,11624,87
2021-08-29,Nevada,57,99092,7542,7294,256,7550,82
2021-08-29,Orange,59,3164182,286074,284432,13478,297910,5223
2021-08-29,Placer,61,380077,30978,29674,2816,32490,319
2021-08-29,Plumas,63,18699,1029,996,20,1016,5
2021-08-29,Riverside,65,2383286,329400,326987,16084,343071,4623
2021-08-29,Sacramento,67,1510023,138170,133981,3122,137103,1843
2021-08-29,San Benito,69,59416,6707,6646,140,6786,64
2021-08-29,San Bernardino,71,2135413,326672,324266,10150,334416,5347
2021-08-29,San Diego,73,3302833,335902,332014,0,332014,3880
2021-08-29,San Francisco,75,870044,47578,46885,2287,49172,581
2021-08-29,San Joaquin,77,732212,87618,85922,4617,90539,1528
2021-08-29,San Luis Obispo,79,281455,25592,25288,1026,26314,280
2021-08-29,San Mateo,81,765935,49479,48737,1063,49800,554
2021-08-29,Santa Barbara,83,443738,39339,38900,1493,40393,481
2021-08-29,Santa Clara,85,1922200,135016,132979,1047,134026,1789
2021-08-29,Santa Cruz,87,273765,18471,18285,1022,19307,210
2021-08-29,Shasta,89,179085,15637,15198,2369,17567,217
2021-08-29,Sierra,91,2930,105,91,15,106,0
2021-08-29,Siskiyou,93,43540,2506,2407,773,3180,33
2021-08-29,Solano,95,438530,41204,39887,1031,40918,290
2021-08-29,Sonoma,97,501317,37530,36650,464,37114,352
2021-08-29,Stanislaus,99,539301,67340,65956,7529,73485,1074
2021-08-29,Sutter,101,95872,11945,11719,158,11877,136
2021-08-29,Tehama,103,63373,6197,6040,917,6957,71
2021-08-29,Trinity,105,12862,496,468,128,596,3
2021-08-29,Tulare,107,460477,55882,54974,11768,66742,870
2021-08-29,Tuolumne,109,53932,5577,5478,50,5528,74
2021-08-29,Ventura,111,848112,90440,90114,4079,94193,1082
2021-08-29,Yolo,113,214977,17268,17015,812,17827,231
2021-08-29,Yuba,115,75493,8288,8042,161,8203,54
2021-08-28,Alameda,1,1643700,109090,107007,2644,109651,1296
2021-08-28,Alpine,3,1148,92,92,0,92,0
2021-08-28,Amador,5,37829,4593,4484,43,4527,53
2021-08-28,Butte,7,227075,15933,15487,2791,18278,214
2021-08-28,Calaveras,9,45235,3002,2926,20,2946,59
2021-08-28,Colusa,11,21464,2283,2252,495,2747,16
2021-08-28,Contra Costa,13,1133247,89821,86938,1831,88769,872
2021-08-28,Del Norte,15,27424,2864,2734,11,2745,11
2021-08-28,El Dorado,17,186661,13559,13089,1288,14377,119
2021-08-28,Fresno,19,978130,117458,115079,10300,125379,1792
2021-08-28,Glenn,21,27897,2828,2773,751,3524,20
2021-08-28,Humboldt,23,135768,7102,6887,248,7135,52
2021-08-28,Imperial,25,180216,30383,30260,3005,33265,750
2021-08-28,Inyo,27,18085,1552,1539,6,1545,39
2021-08-28,Kern,29,883053,108449,107012,15639,122651,1389
2021-08-28,Kings,31,150075,26531,26059,1544,27603,257
2021-08-28,Lake,33,64148,5385,5267,59,5326,74
2021-08-28,Lassen,35,31185,5740,5665,168,5833,21
2021-08-28,Los Angeles,37,10098052,1348414,1337097,52561,1389658,25234
2021-08-28,Madera,39,155013,18874,18553,1352,19905,247
2021-08-28,Marin,41,260295,16244,16106,366,16472,240
2021-08-28,Mariposa,43,17540,743,704,17,721,5
2021-08-28,Mendocino,45,87422,5830,5658,206,5864,55
2021-08-28,Merced,47,269075,35587,35108,1222,36330,497
2021-08-28,Modoc,49,8938,437,436,154,590,5
2021-08-28,Mono,51,14174,1394,1385,14,1399,3
2021-08-28,Monterey,53,433212,45600,45394,2651,48045,539
2021-08-28,Napa,55,140530,11643,11512,71,11583,88
2021-08-28,Nevada,57,99092,7527,7238,255,7493,82
2021-08-28,Orange,59,3164182,285779,283953,13457,297410,5222
2021-08-28,Placer,61,380077,30891,29428,2804,32232,319
2021-08-28,Plumas,63,18699,1025,991,20,1011,5
2021-08-28,Riverside,65,2383286,328917,326222,16075,342297,4623
2021-08-28,Sacramento,67,1510023,137816,132985,3101,136086,1844
2021-08-28,San Benito,69,59416,6700,6636,140,6776,64
2021-08-28,San Bernardino,71,2135413,326363,323672,10137,333809,5348
2021-08-28,San Diego,73,3302833,335342,331330,0,331330,3880
2021-08-28,San Francisco,75,870044,47517,46654,2280,48934,581
2021-08-28,San Joaquin,77,732212,87489,85481,4613,90094,1527
2021-08-28,San Luis Obispo,79,281455,25537,25138,1022,26160,280
2021-08-28,San Mateo,81,765935,49419,48575,1054,49629,554
2021-08-28,Santa Barbara,83,443738,39277,38780,1492,40272,481
2021-08-28,Santa Clara,85,1922200,134831,132488,1044,133532,1789
2021-08-28,Santa Cruz,87,273765,18454,18240,1019,19259,210
2021-08-28,Shasta,89,179085,15567,15147,2354,17501,217
2021-08-28,Sierra,91,2930,103,91,15,106,0
2021-08-28,Siskiyou,93,43540,2499,2402,762,3164,33
2021-08-28,Solano,95,438530,41174,39610,1029,40639,290
2021-08-28,Sonoma,97,501317,37480,36466,462,36928,352
2021-08-28,Stanislaus,99,539301,67210,65670,7511,73181,1074
2021-08-28,Sutter,101,95872,11925,11669,158,11827,136
2021-08-28,Tehama,103,63373,6177,6004,906,6910,71
2021-08-28,Trinity,105,12862,493,463,127,590,3
2021-08-28,Tulare,107,460477,55779,54746,11734,66480,870
2021-08-28,Tuolumne,109,53932,5561,5469,49,5518,74
2021-08-28,Ventura,111,848112,90340,89934,4077,94011,1081
2021-08-28,Yolo,113,214977,17244,16907,802,17709,231
2021-08-28,Yuba,115,75493,8263,7985,160,8145,55
2021-08-27,Alameda,1,1643700,108921,106622,2642,109264,1296
2021-08-27,Alpine,3,1148,92,92,0,92,0
2021-08-27,Amador,5,37829,4579,4458,42,4500,53
2021-08-27,Butte,7,227075,15868,15277,2772,18049,214
2021-08-27,Calaveras,9,45235,2990,2903,20,2923,59
2021-08-27,Colusa,11,21464,2278,2240,494,2734,16
2021-08-27,Contra Costa,13,1133247,89657,86386,1829,88215,872
2021-08-27,Del Norte,15,27424,2833,2695,11,2706,11
2021-08-27,El Dorado,17,186661,13526,12968,1284,14252,119
2021-08-27,Fresno,19,978130,117067,114481,10285,124766,1774
2021-08-27,Glenn,21,27897,2813,2754,743,3497,20
2021-08-27,Humboldt,23,135768,7073,6782,244,7026,52
2021-08-27,Imperial,25,180216,30368,30201,3003,33204,750
2021-08-27,Inyo,27,18085,1551,1529,6,1535,39
2021-08-27,Kern,29,883053,108186,106570,15548,122118,1385
2021-08-27,Kings,31,150075,26472,25957,1542,27499,257
2021-08-27,Lake,33,64148,5368,5228,58,5286,74
2021-08-27,Lassen,35,31185,5727,5646,164,5810,21
2021-08-27,Los Angeles,37,10098052,1347025,1337006,52496,1389502,25230
2021-08-27,Madera,39,155013,18830,18476,1341,19817,247
2021-08-27,Marin,41,260295,16229,16055,363,16418,240
2021-08-27,Mariposa,43,17540,737,690,17,707,5
2021-08-27,Mendocino,45,87422,5803,5602,205,5807,55
2021-08-27,Merced,47,269075,35541,34906,1221,36127,495
2021-08-27,Modoc,49,8938,437,434,154,588,5
2021-08-27,Mono,51,14174,1388,1385,14,1399,3
2021-08-27,Monterey,53,433212,45565,45337,2635,47972,539
2021-08-27,Napa,55,140530,11609,11460,71,11531,87
2021-08-27,Nevada,57,99092,7491,7169,253,7422,82
2021-08-27,Orange,59,3164182,285466,283407,13435,296842,5206
2021-08-27,Placer,61,380077,30777,29157,2783,31940,320
2021-08-27,Plumas,63,18699,1020,984,20,1004,5
2021-08-27,Riverside,65,2383286,328474,325379,16061,341440,4622
2021-08-27,Sacramento,67,1510023,137380,131921,3086,135007,1838
2021-08-27,San Benito,69,59416,6695,6622,139,6761,64
2021-08-27,San Bernardino,71,2135413,325935,322893,10119,333012,5342
2021-08-27,San Diego,73,3302833,334594,330162,0,330162,3877
2021-08-27,San Francisco,75,870044,47449,46456,2259,48715,581
2021-08-27,San Joaquin,77,732212,87327,84949,4603,89552,1524
2021-08-27,San Luis Obispo,79,281455,25501,24952,1019,25971,280
2021-08-27,San Mateo,81,765935,49343,48424,1048,49472,553
2021-08-27,Santa Barbara,83,443738,39189,38675,1489,40164,480
2021-08-27,Santa Clara,85,1922200,134614,132011,1042,133053,1783
2021-08-27,Santa Cruz,87,273765,18418,18163,1013,19176,210
2021-08-27,Shasta,89,179085,15520,14996,2340,17336,217
2021-08-27,Sierra,91,2930,102,91,15,106,0
2021-08-27,Siskiyou,93,43540,2489,2358,750,3108,33
2021-08-27,Solano,95,438530,41103,39347,1024,40371,287
2021-08-27,Sonoma,97,501317,37412,36326,461,36787,342
2021-08-27,Stanislaus,99,539301,67035,65167,7480,72647,1061
2021-08-27,Sutter,101,95872,11879,11590,157,11747,135
2021-08-27,Tehama,103,63373,6154,5964,897,6861,71
2021-08-27,Trinity,105,12862,493,458,126,584,3
2021-08-27,Tulare,107,460477,55664,54443,11691,66134,870
2021-08-27,Tuolumne,109,53932,5534,5438,49,5487,74
2021-08-27,Ventura,111,848112,90250,89774,4073,93847,1076
2021-08-27,Yolo,113,214977,17214,16805,799,17604,231
2021-08-27,Yuba,115,75493,8214,7926,160,8086,54
2021-08-26,Alameda,1,1643700,108653,106146,2632,108778,1296
2021-08-26,Alpine,3,1148,92,92,0,92,0
2021-08-26,Amador,5,37829,4564,4442,42,4484,53
2021-08-26,Butte,7,227075,15730,15159,2740,17899,214
2021-08-26,Calaveras,9,45235,2981,2873,20,2893,59
2021-08-26,Colusa,11,21464,2272,2234,491,2725,16
2021-08-26,Contra Costa,13,1133247,89312,85808,1822,87630,866
2021-08-26,Del Norte,15,27424,2800,2625,11,2636,8
2021-08-26,El Dorado,17,186661,13467,12863,1269,14132,118
2021-08-26,Fresno,19,978130,116601,113854,10245,124099,1770
2021-08-26,Glenn,21,27897,2796,2740,728,3468,20
2021-08-26,Humboldt,23,135768,7022,6695,234,6929,53
2021-08-26,Imperial,25,180216,30330,30121,2996,33117,748
2021-08-26,Inyo,27,18085,1541,1521,5,1526,39
2021-08-26,Kern,29,883053,107800,106051,15397,121448,1380
2021-08-26,Kings,31,150075,26355,25838,1534,27372,260
2021-08-26,Lake,33,64148,5342,5196,57,5253,74
2021-08-26,Lassen,35,31185,5720,5626,163,5789,21
2021-08-26,Los Angeles,37,10098052,1344911,1334372,52397,1386769,25199
2021-08-26,Madera,39,155013,18764,18393,1332,19725,247
2021-08-26,Marin,41,260295,16202,15983,360,16343,240
2021-08-26,Mariposa,43,17540,728,677,17,694,5
2021-08-26,Mendocino,45,87422,5767,5533,199,5732,55
2021-08-26,Merced,47,269075,35391,34755,1208,35963,495
2021-08-26,Modoc,49,8938,437,433,154,587,5
2021-08-26,Mono,51,14174,1387,1385,14,1399,3
2021-08-26,Monterey,53,433212,45513,45265,2606,47871,539
2021-08-26,Napa,55,140530,11585,11394,70,11464,87
2021-08-26,Nevada,57,99092,7448,7086,253,7339,80
2021-08-26,Orange,59,3164182,285034,282814,13420,296234,5200
2021-08-26,Placer,61,380077,30610,28898,2765,31663,319
2021-08-26,Plumas,63,18699,1015,971,19,990,5
2021-08-26,Riverside,65,2383286,327754,324486,16044,340530,4615
2021-08-26,Sacramento,67,1510023,136799,130977,3048,134025,1827
2021-08-26,San Benito,69,59416,6686,6604,139,6743,64
2021-08-26,San Bernardino,71,2135413,325348,322100,10097,332197,5339
2021-08-26,San Diego,73,3302833,333603,328276,0,328276,3869
2021-08-26,San Francisco,75,870044,47333,46288,2248,48536,581
2021-08-26,San Joaquin,77,732212,86962,84429,4599,89028,1513
2021-08-26,San Luis Obispo,79,281455,25359,24831,1013,25844,278
2021-08-26,San Mateo,81,765935,49220,48263,1038,49301,553
2021-08-26,Santa Barbara,83,443738,39117,38566,1489,40055,479
2021-08-26,Santa Clara,85,1922200,134295,131443,1039,132482,1782
2021-08-26,Santa Cruz,87,273765,18360,18072,1011,19083,210
2021-08-26,Shasta,89,179085,15419,14891,2311,17202,217
2021-08-26,Sierra,91,2930,102,90,15,105,0
2021-08-26,Siskiyou,93,43540,2475,2342,740,3082,33
2021-08-26,Solano,95,438530,40990,39027,1017,40044,286
2021-08-26,Sonoma,97,501317,37338,36102,461,36563,337
2021-08-26,Stanislaus,99,539301,66739,64785,7455,72240,1061
2021-08-26,Sutter,101,95872,11821,11499,154,11653,135
2021-08-26,Tehama,103,63373,6093,5913,883,6796,68
2021-08-26,Trinity,105,12862,488,450,122,572,3
2021-08-26,Tulare,107,460477,55427,54157,11643,65800,870
2021-08-26,Tuolumne,109,53932,5516,5387,49,5436,74
2021-08-26,Ventura,111,848112,90103,89595,4060,93655,1080
2021-08-26,Yolo,113,214977,17141,16727,794,17521,231
2021-08-26,Yuba,115,75493,8146,7834,158,7992,54
2021-08-25,Alameda,1,1643700,108353,105636,2623,108259,1296
2021-08-25,Alpine,3,1148,92,92,0,92,0
2021-08-25,Amador,5,37829,4552,4415,42,4457,53
2021-08-25,Butte,7,227075,15638,15039,2704,17743,214
2021-08-25,Calaveras,9,45235,2962,2851,20,2871,59
2021-08-25,Colusa,11,21464,2266,2227,483,2710,16
2021-08-25,Contra Costa,13,1133247,88945,85322,1816,87138,863
2021-08-25,Del Norte,15,27424,2758,2573,11,2584,8
2021-08-25,El Dorado,17,186661,13408,12787,1250,14037,118
2021-08-25,Fresno,19,978130,116086,113384,10200,123584,1761
2021-08-25,Glenn,21,27897,2770,2728,714,3442,20
2021-08-25,Humboldt,23,135768,6962,6653,224,6877,52
2021-08-25,Imperial,25,180216,30297,30085,2994,33079,748
2021-08-25,Inyo,27,18085,1537,1518,5,1523,39
2021-08-25,Kern,29,883053,107400,105687,15244,120931,1379
2021-08-25,Kings,31,150075,26258,25676,1527,27203,258
2021-08-25,Lake,33,64148,5316,5163,56,5219,74
2021-08-25,Lassen,35,31185,5711,5583,162,5745,21
2021-08-25,Los Angeles,37,10098052,1342412,1331400,52306,1383706,25170
2021-08-25,Madera,39,155013,18710,18311,1320,19631,247
2021-08-25,Marin,41,260295,16181,15938,355,16293,240
2021-08-25,Mariposa,43,17540,722,676,17,693,5
2021-08-25,Mendocino,45,87422,5734,5486,194,5680,53
2021-08-25,Merced,47,269075,35253,34600,1203,35803,492
2021-08-25,Modoc,49,8938,437,433,154,587,5
2021-08-25,Mono,51,14174,1385,1382,14,1396,3
2021-08-25,Monterey,53,433212,45452,45196,2583,47779,539
2021-08-25,Napa,55,140530,11554,11348,70,11418,87
2021-08-25,Nevada,57,99092,7387,7000,252,7252,77
2021-08-25,Orange,59,3164182,284568,282061,13390,295451,5193
2021-08-25,Placer,61,380077,30454,28740,2739,31479,319
2021-08-25,Plumas,63,18699,997,962,18,980,5
2021-08-25,Riverside,65,2383286,326969,323548,16024,339572,4610
2021-08-25,Sacramento,67,1510023,135988,130046,3005,133051,1827
2021-08-25,San Benito,69,59416,6666,6587,138,6725,64
2021-08-25,San Bernardino,71,2135413,324735,321228,10078,331306,5337
2021-08-25,San Diego,73,3302833,332349,327166,0,327166,3859
2021-08-25,San Francisco,75,870044,47191,46107,2237,48344,578
2021-08-25,San Joaquin,77,732212,86595,84002,4593,88595,1510
2021-08-25,San Luis Obispo,79,281455,25171,24607,1009,25616,276
2021-08-25,San Mateo,81,765935,49099,48153,1020,49173,553
2021-08-25,Santa Barbara,83,443738,39006,38450,1489,39939,479
2021-08-25,Santa Clara,85,1922200,133938,130995,1035,132030,1783
2021-08-25,Santa Cruz,87,273765,18302,17987,1006,18993,210
2021-08-25,Shasta,89,179085,15305,14752,2279,17031,217
2021-08-25,Sierra,91,2930,100,90,15,105,0
2021-08-25,Siskiyou,93,43540,2433,2322,719,3041,33
2021-08-25,Solano,95,438530,40838,38848,1006,39854,286
2021-08-25,Sonoma,97,501317,37220,35986,458,36444,336
2021-08-25,Stanislaus,99,539301,66459,64441,7421,71862,1061
2021-08-25,Sutter,101,95872,11756,11451,150,11601,134
2021-08-25,Tehama,103,63373,6038,5861,866,6727,68
2021-08-25,Trinity,105,12862,482,450,121,571,3
2021-08-25,Tulare,107,460477,55154,53877,11581,65458,866
2021-08-25,Tuolumne,109,53932,5492,5354,49,5403,74
2021-08-25,Ventura,111,848112,89936,89379,4048,93427,1068
2021-08-25,Yolo,113,214977,17075,16667,787,17454,231
2021-08-25,Yuba,115,75493,8073,7771,158,7929,54
2021-08-24,Alameda,1,1643700,108032,105319,2613,107932,1296
2021-08-24,Alpine,3,1148,92,92,0,92,0
2021-08-24,Amador,5,37829,4534,4380,42,4422,50
2021-08-24,Butte,7,227075,15506,14964,2673,17637,214
2021-08-24,Calaveras,9,45235,2923,2811,20,2831,59
2021-08-24,Colusa,11,21464,2259,2221,479,2700,16
2021-08-24,Contra Costa,13,1133247,88589,84963,1811,86774,857
2021-08-24,Del Norte,15,27424,2731,2543,11,2554,8
2021-08-24,El Dorado,17,186661,13338,12732,1235,13967,118
2021-08-24,Fresno,19,978130,115499,113024,10159,123183,1761
2021-08-24,Glenn,21,27897,2757,2717,701,3418,20
2021-08-24,Humboldt,23,135768,6905,6585,212,6797,52
2021-08-24,Imperial,25,180216,30241,30045,2990,33035,748
2021-08-24,Inyo,27,18085,1532,1512,5,1517,39
2021-08-24,Kern,29,883053,106958,105399,15098,120497,1375
2021-08-24,Kings,31,150075,26154,25629,1511,27140,258
2021-08-24,Lake,33,64148,5288,5135,56,5191,72
2021-08-24,Lassen,35,31185,5696,5576,160,5736,21
2021-08-24,Los Angeles,37,10098052,1339641,1328777,52209,1380986,25135
2021-08-24,Madera,39,155013,18638,18251,1303,19554,247
2021-08-24,Marin,41,260295,16144,15900,353,16253,240
2021-08-24,Mariposa,43,17540,716,670,17,687,5
2021-08-24,Mendocino,45,87422,5695,5416,187,5603,52
2021-08-24,Merced,47,269075,35099,34490,1194,35684,491
2021-08-24,Modoc,49,8938,437,432,154,586,5
2021-08-24,Mono,51,14174,1383,1382,14,1396,3
2021-08-24,Monterey,53,433212,45403,45126,2554,47680,539
2021-08-24,Napa,55,140530,11526,11299,68,11367,85
2021-08-24,Nevada,57,99092,7327,6981,248,7229,77
2021-08-24,Orange,59,3164182,284020,281461,13372,294833,5187
2021-08-24,Placer,61,380077,30260,28618,2699,31317,318
2021-08-24,Plumas,63,18699,985,953,18,971,5
2021-08-24,Riverside,65,2383286,326145,322620,15994,338614,4605
2021-08-24,Sacramento,67,1510023,135233,129542,2950,132492,1812
2021-08-24,San Benito,69,59416,6653,6576,138,6714,64
2021-08-24,San Bernardino,71,2135413,324043,320300,10051,330351,5328
2021-08-24,San Diego,73,3302833,330911,325823,0,325823,3851
2021-08-24,San Francisco,75,870044,47027,46010,2217,48227,574
2021-08-24,San Joaquin,77,732212,86171,83684,4571,88255,1508
2021-08-24,San Luis Obispo,79,281455,25012,24443,997,25440,274
2021-08-24,San Mateo,81,765935,48960,48050,1006,49056,553
2021-08-24,Santa Barbara,83,443738,38906,38307,1488,39795,478
2021-08-24,Santa Clara,85,1922200,133515,130763,1030,131793,1779
2021-08-24,Santa Cruz,87,273765,18237,17928,997,18925,209
2021-08-24,Shasta,89,179085,15204,14664,2248,16912,217
2021-08-24,Sierra,91,2930,97,90,15,105,0
2021-08-24,Siskiyou,93,43540,2413,2294,707,3001,33
2021-08-24,Solano,95,438530,40642,38724,994,39718,283
2021-08-24,Sonoma,97,501317,37103,35849,456,36305,336
2021-08-24,Stanislaus,99,539301,66109,64195,7385,71580,1058
2021-08-24,Sutter,101,95872,11689,11384,147,11531,134
2021-08-24,Tehama,103,63373,5996,5826,850,6676,67
2021-08-24,Trinity,105,12862,472,446,114,560,3
2021-08-24,Tulare,107,460477,54819,53702,11505,65207,856
2021-08-24,Tuolumne,109,53932,5463,5287,49,5336,74
2021-08-24,Ventura,111,848112,89774,89167,4038,93205,1068
2021-08-24,Yolo,113,214977,17011,16492,782,17274,231
2021-08-24,Yuba,115,75493,7999,7723,156,7879,54
2021-08-23,Alameda,1,1643700,107648,104922,2600,107522,1294
2021-08-23,Alpine,3,1148,92,91,0,91,0
2021-08-23,Amador,5,37829,4520,4369,42,4411,50
2021-08-23,Butte,7,227075,15379,14847,2641,17488,211
2021-08-23,Calaveras,9,45235,2890,2803,20,2823,59
2021-08-23,Colusa,11,21464,2256,2206,476,2682,16
2021-08-23,Contra Costa,13,1133247,88222,84651,1804,86455,857
2021-08-23,Del Norte,15,27424,2686,2499,11,2510,8
2021-08-23,El Dorado,17,186661,13244,12684,1212,13896,118
2021-08-23,Fresno,19,978130,114959,112445,10118,122563,1759
2021-08-23,Glenn,21,27897,2743,2696,692,3388,20
2021-08-23,Humboldt,23,135768,6834,6498,195,6693,52
2021-08-23,Imperial,25,180216,30196,30011,2990,33001,748
2021-08-23,Inyo,27,18085,1525,1509,5,1514,39
2021-08-23,Kern,29,883053,106525,104995,14943,119938,1375
2021-08-23,Kings,31,150075,26034,25465,1504,26969,257
2021-08-23,Lake,33,64148,5256,5099,54,5153,69
2021-08-23,Lassen,35,31185,5685,5562,160,5722,21
2021-08-23,Los Angeles,37,10098052,1336781,1326412,52079,1378491,25096
2021-08-23,Madera,39,155013,18562,18155,1290,19445,246
2021-08-23,Marin,41,260295,16098,15856,348,16204,240
2021-08-23,Mariposa,43,17540,707,645,17,662,5
2021-08-23,Mendocino,45,87422,5634,5374,180,5554,51
2021-08-23,Merced,47,269075,34901,34322,1189,35511,488
2021-08-23,Modoc,49,8938,434,431,153,584,6
2021-08-23,Mono,51,14174,1381,1384,14,1398,3
2021-08-23,Monterey,53,433212,45324,45047,2523,47570,538
2021-08-23,Napa,55,140530,11490,11257,67,11324,85
2021-08-23,Nevada,57,99092,7252,6930,247,7177,77
2021-08-23,Orange,59,3164182,283419,280891,13347,294238,5181
2021-08-23,Placer,61,380077,30067,28540,2659,31199,314
2021-08-23,Plumas,63,18699,973,934,18,952,5
2021-08-23,Riverside,65,2383286,325270,321650,15969,337619,4598
2021-08-23,Sacramento,67,1510023,134366,128969,2879,131848,1807
2021-08-23,San Benito,69,59416,6635,6562,136,6698,64
2021-08-23,San Bernardino,71,2135413,323274,319577,10019,329596,5324
2021-08-23,San Diego,73,3302833,329499,324536,0,324536,3848
2021-08-23,San Francisco,75,870044,46885,45945,2200,48145,573
2021-08-23,San Joaquin,77,732212,85758,83466,4553,88019,1499
2021-08-23,San Luis Obispo,79,281455,24830,24317,995,25312,274
2021-08-23,San Mateo,81,765935,48844,47935,993,48928,553
2021-08-23,Santa Barbara,83,443738,38768,38181,1486,39667,478
2021-08-23,Santa Clara,85,1922200,133124,130489,1025,131514,1778
2021-08-23,Santa Cruz,87,273765,18183,17871,994,18865,209
2021-08-23,Shasta,89,179085,15086,14537,2209,16746,216
2021-08-23,Sierra,91,2930,97,90,15,105,0
2021-08-23,Siskiyou,93,43540,2391,2274,687,2961,33
2021-08-23,Solano,95,438530,40503,38612,986,39598,283
2021-08-23,Sonoma,97,501317,36985,35769,455,36224,336
2021-08-23,Stanislaus,99,539301,65764,63922,7348,71270,1058
2021-08-23,Sutter,101,95872,11608,11314,139,11453,133
2021-08-23,Tehama,103,63373,5947,5805,831,6636,67
2021-08-23,Trinity,105,12862,471,435,110,545,3
2021-08-23,Tulare,107,460477,54523,53370,11437,64807,856
2021-08-23,Tuolumne,109,53932,5421,5240,49,5289,73
2021-08-23,Ventura,111,848112,89589,88960,4028,92988,1063
2021-08-23,Yolo,113,214977,16930,16445,769,17214,226
2021-08-23,Yuba,115,75493,7929,7653,155,7808,54
2021-08-22,Alameda,1,1643700,107236,104539,2560,107099,1294
2021-08-22,Alpine,3,1148,92,91,0,91,0
2021-08-22,Amador,5,37829,4491,4349,42,4391,50
2021-08-22,Butte,7,227075,15256,14791,2603,17394,211
2021-08-22,Calaveras,9,45235,2853,2771,20,2791,59
2021-08-22,Colusa,11,21464,2248,2201,471,2672,16
2021-08-22,Contra Costa,13,1133247,87695,84371,1789,86160,857
2021-08-22,Del Norte,15,27424,2632,2455,11,2466,8
2021-08-22,El Dorado,17,186661,13141,12629,1193,13822,118
2021-08-22,Fresno,19,978130,114362,112057,10056,122113,1759
2021-08-22,Glenn,21,27897,2726,2678,685,3363,20
2021-08-22,Humboldt,23,135768,6756,6483,177,6660,52
2021-08-22,Imperial,25,180216,30140,29993,2989,32982,748
2021-08-22,Inyo,27,18085,1519,1505,5,1510,39
2021-08-22,Kern,29,883053,106025,104691,14791,119482,1375
2021-08-22,Kings,31,150075,25892,25391,1486,26877,257
2021-08-22,Lake,33,64148,5216,5069,51,5120,69
2021-08-22,Lassen,35,31185,5653,5556,155,5711,21
2021-08-22,Los Angeles,37,10098052,1333516,1324151,51943,1376094,25089
2021-08-22,Madera,39,155013,18469,18120,1277,19397,246
2021-08-22,Marin,41,260295,16047,15822,341,16163,240
2021-08-22,Mariposa,43,17540,697,638,15,653,5
2021-08-22,Mendocino,45,87422,5584,5336,180,5516,51
2021-08-22,Merced,47,269075,34693,34234,1179,35413,488
2021-08-22,Modoc,49,8938,433,431,153,584,6
2021-08-22,Mono,51,14174,1380,1378,14,1392,3
2021-08-22,Monterey,53,433212,45237,45017,2497,47514,538
2021-08-22,Napa,55,140530,11446,11231,67,11298,85
2021-08-22,Nevada,57,99092,7182,6864,245,7109,77
2021-08-22,Orange,59,3164182,282765,280390,13314,293704,5181
2021-08-22,Placer,61,380077,29861,28395,2622,31017,314
2021-08-22,Plumas,63,18699,951,923,17,940,5
2021-08-22,Riverside,65,2383286,324307,320836,15926,336762,4594
2021-08-22,Sacramento,67,1510023,133502,128231,2831,131062,1802
2021-08-22,San Benito,69,59416,6620,6550,136,6686,64
2021-08-22,San Bernardino,71,2135413,322334,318839,9985,328824,5324
2021-08-22,San Diego,73,3302833,328197,323591,0,323591,3848
2021-08-22,San Francisco,75,870044,46724,45831,2182,48013,573
2021-08-22,San Joaquin,77,732212,85316,83121,4542,87663,1498
2021-08-22,San Luis Obispo,79,281455,24632,24250,988,25238,274
2021-08-22,San Mateo,81,765935,48715,47821,953,48774,553
2021-08-22,Santa Barbara,83,443738,38625,38099,1478,39577,478
2021-08-22,Santa Clara,85,1922200,132712,130189,1018,131207,1778
2021-08-22,Santa Cruz,87,273765,18123,17823,989,18812,209
2021-08-22,Shasta,89,179085,14956,14478,2174,16652,216
2021-08-22,Sierra,91,2930,97,87,15,102,0
2021-08-22,Siskiyou,93,43540,2363,2261,669,2930,33
2021-08-22,Solano,95,438530,40313,38489,972,39461,283
2021-08-22,Sonoma,97,501317,36834,35676,453,36129,336
2021-08-22,Stanislaus,99,539301,65414,63683,7275,70958,1058
2021-08-22,Sutter,101,95872,11527,11251,135,11386,133
2021-08-22,Tehama,103,63373,5900,5791,811,6602,67
2021-08-22,Trinity,105,12862,463,433,108,541,3
2021-08-22,Tulare,107,460477,54213,53220,11364,64584,856
2021-08-22,Tuolumne,109,53932,5379,5214,49,5263,73
2021-08-22,Ventura,111,848112,89397,88791,4012,92803,1063
2021-08-22,Yolo,113,214977,16838,16374,761,17135,226
2021-08-22,Yuba,115,75493,7859,7626,154,7780,54
2021-08-21,Alameda,1,1643700,107052,104281,2551,106832,1294
2021-08-21,Alpine,3,1148,92,91,0,91,0
2021-08-21,Amador,5,37829,4481,4338,40,4378,50
2021-08-21,Butte,7,227075,15195,14714,2582,17296,211
2021-08-21,Calaveras,9,45235,2840,2744,20,2764,59
2021-08-21,Colusa,11,21464,2243,2192,467,2659,16
2021-08-21,Contra Costa,13,1133247,87448,84136,1784,85920,857
2021-08-21,Del Norte,15,27424,2610,2409,11,2420,8
2021-08-21,El Dorado,17,186661,13103,12590,1188,13778,118
2021-08-21,Fresno,19,978130,114161,111765,10049,121814,1759
2021-08-21,Glenn,21,27897,2721,2654,678,3332,20
2021-08-21,Humboldt,23,135768,6722,6446,169,6615,52
2021-08-21,Imperial,25,180216,30100,29976,2985,32961,748
2021-08-21,Inyo,27,18085,1516,1500,5,1505,39
2021-08-21,Kern,29,883053,105781,104443,14664,119107,1375
2021-08-21,Kings,31,150075,25819,25313,1481,26794,257
2021-08-21,Lake,33,64148,5197,5055,49,5104,69
2021-08-21,Lassen,35,31185,5641,5553,155,5708,21
2021-08-21,Los Angeles,37,10098052,1332277,1321308,51848,1373156,25080
2021-08-21,Madera,39,155013,18435,18067,1269,19336,246
2021-08-21,Marin,41,260295,16013,15775,339,16114,240
2021-08-21,Mariposa,43,17540,687,634,15,649,5
2021-08-21,Mendocino,45,87422,5546,5307,179,5486,51
2021-08-21,Merced,47,269075,34613,34148,1174,35322,488
2021-08-21,Modoc,49,8938,433,430,153,583,6
2021-08-21,Mono,51,14174,1380,1378,14,1392,3
2021-08-21,Monterey,53,433212,45200,44969,2482,47451,538
2021-08-21,Napa,55,140530,11410,11211,67,11278,85
2021-08-21,Nevada,57,99092,7140,6810,244,7054,77
2021-08-21,Orange,59,3164182,282349,279855,13282,293137,5181
2021-08-21,Placer,61,380077,29729,28289,2599,30888,314
2021-08-21,Plumas,63,18699,949,916,16,932,5
2021-08-21,Riverside,65,2383286,323747,320086,15914,336000,4594
2021-08-21,Sacramento,67,1510023,132997,127751,2819,130570,1809
2021-08-21,San Benito,69,59416,6612,6542,135,6677,64
2021-08-21,San Bernardino,71,2135413,321910,318293,9969,328262,5324
2021-08-21,San Diego,73,3302833,327549,322620,0,322620,3848
2021-08-21,San Francisco,75,870044,46632,45637,2166,47803,573
2021-08-21,San Joaquin,77,732212,85112,82825,4537,87362,1498
2021-08-21,San Luis Obispo,79,281455,24582,24169,988,25157,273
2021-08-21,San Mateo,81,765935,48626,47685,947,48632,553
2021-08-21,Santa Barbara,83,443738,38548,37951,1475,39426,478
2021-08-21,Santa Clara,85,1922200,132452,129911,1013,130924,1778
2021-08-21,Santa Cruz,87,273765,18087,17763,984,18747,209
2021-08-21,Shasta,89,179085,14880,14417,2160,16577,217
2021-08-21,Sierra,91,2930,93,85,15,100,0
2021-08-21,Siskiyou,93,43540,2350,2246,657,2903,33
2021-08-21,Solano,95,438530,40213,38423,962,39385,281
2021-08-21,Sonoma,97,501317,36751,35582,453,36035,336
2021-08-21,Stanislaus,99,539301,65229,63512,7254,70766,1058
2021-08-21,Sutter,101,95872,11483,11204,133,11337,133
2021-08-21,Tehama,103,63373,5881,5757,804,6561,67
2021-08-21,Trinity,105,12862,460,431,106,537,3
2021-08-21,Tulare,107,460477,54071,53045,11329,64374,857
2021-08-21,Tuolumne,109,53932,5348,5193,49,5242,73
2021-08-21,Ventura,111,848112,89269,88558,3998,92556,1063
2021-08-21,Yolo,113,214977,16791,16322,755,17077,226
2021-08-21,Yuba,115,75493,7816,7580,153,7733,54
2021-08-20,Alameda,1,1643700,106812,103812,2541,106353,1294
2021-08-20,Alpine,3,1148,92,91,0,91,0
2021-08-20,Amador,5,37829,4455,4323,40,4363,50
2021-08-20,Butte,7,227075,15124,14617,2560,17177,211
2021-08-20,Calaveras,9,45235,2826,2717,20,2737,59
2021-08-20,Colusa,11,21464,2238,2178,465,2643,16
2021-08-20,Contra Costa,13,1133247,87178,83721,1778,85499,857
2021-08-20,Del Norte,15,27424,2580,2316,11,2327,8
2021-08-20,El Dorado,17,186661,13068,12495,1180,13675,118
2021-08-20,Fresno,19,978130,113784,111315,10032,121347,1759
2021-08-20,Glenn,21,27897,2706,2642,676,3318,20
2021-08-20,Humboldt,23,135768,6673,6349,164,6513,52
2021-08-20,Imperial,25,180216,30076,29934,2985,32919,747
2021-08-20,Inyo,27,18085,1510,1495,5,1500,39
2021-08-20,Kern,29,883053,105510,104048,14528,118576,1373
2021-08-20,Kings,31,150075,25757,25241,1478,26719,256
2021-08-20,Lake,33,64148,5180,5024,48,5072,69
2021-08-20,Lassen,35,31185,5623,5539,155,5694,21
2021-08-20,Los Angeles,37,10098052,1330454,1317541,51748,1369289,25049
2021-08-20,Madera,39,155013,18389,18018,1252,19270,246
2021-08-20,Marin,41,260295,15995,15727,336,16063,240
2021-08-20,Mariposa,43,17540,681,630,15,645,5
2021-08-20,Mendocino,45,87422,5504,5241,177,5418,51
2021-08-20,Merced,47,269075,34557,34035,1169,35204,486
2021-08-20,Modoc,49,8938,433,429,153,582,6
2021-08-20,Mono,51,14174,1379,1368,14,1382,3
2021-08-20,Monterey,53,433212,45171,44890,2468,47358,538
2021-08-20,Napa,55,140530,11378,11152,67,11219,83
2021-08-20,Nevada,57,99092,7097,6753,235,6988,77
2021-08-20,Orange,59,3164182,281928,279193,13264,292457,5179
2021-08-20,Placer,61,380077,29639,28156,2574,30730,313
2021-08-20,Plumas,63,18699,943,908,16,924,5
2021-08-20,Riverside,65,2383286,323078,319072,15887,334959,4594
2021-08-20,Sacramento,67,1510023,132489,127226,2801,130027,1797
2021-08-20,San Benito,69,59416,6597,6508,135,6643,64
2021-08-20,San Bernardino,71,2135413,321343,317372,9939,327311,5322
2021-08-20,San Diego,73,3302833,326656,321102,0,321102,3846
2021-08-20,San Francisco,75,870044,46545,45432,2145,47577,573
2021-08-20,San Joaquin,77,732212,84888,82419,4526,86945,1496
2021-08-20,San Luis Obispo,79,281455,24509,23986,983,24969,273
2021-08-20,San Mateo,81,765935,48517,47561,938,48499,551
2021-08-20,Santa Barbara,83,443738,38467,37794,1469,39263,477
2021-08-20,Santa Clara,85,1922200,132172,129510,1009,130519,1774
2021-08-20,Santa Cruz,87,273765,18050,17701,981,18682,209
2021-08-20,Shasta,89,179085,14801,14277,2142,16419,215
2021-08-20,Sierra,91,2930,92,83,15,98,0
2021-08-20,Siskiyou,93,43540,2334,2226,652,2878,33
2021-08-20,Solano,95,438530,40081,38214,951,39165,277
2021-08-20,Sonoma,97,501317,36690,35416,452,35868,336
2021-08-20,Stanislaus,99,539301,65030,63219,7238,70457,1047
2021-08-20,Sutter,101,95872,11428,11136,132,11268,133
2021-08-20,Tehama,103,63373,5869,5730,793,6523,66
2021-08-20,Trinity,105,12862,460,422,105,527,3
2021-08-20,Tulare,107,460477,53940,52855,11285,64140,856
2021-08-20,Tuolumne,109,53932,5324,5153,48,5201,73
2021-08-20,Ventura,111,848112,89115,88285,3995,92280,1061
2021-08-20,Yolo,113,214977,16741,16236,749,16985,225
2021-08-20,Yuba,115,75493,7779,7523,153,7676,54
2021-08-19,Alameda,1,1643700,106376,103276,2518,105794,1294
2021-08-19,Alpine,3,1148,92,91,0,91,0
2021-08-19,Amador,5,37829,4448,4317,40,4357,50
2021-08-19,Butte,7,227075,14996,14518,2533,17051,211
2021-08-19,Calaveras,9,45235,2807,2673,20,2693,59
2021-08-19,Colusa,11,21464,2229,2167,461,2628,16
2021-08-19,Contra Costa,13,1133247,86749,83296,1766,85062,852
2021-08-19,Del Norte,15,27424,2533,2257,11,2268,8
2021-08-19,El Dorado,17,186661,12989,12410,1159,13569,118
2021-08-19,Fresno,19,978130,113297,110947,9996,120943,1759
2021-08-19,Glenn,21,27897,2682,2629,670,3299,20
2021-08-19,Humboldt,23,135768,6612,6246,158,6404,52
2021-08-19,Imperial,25,180216,30032,29865,2983,32848,747
2021-08-19,Inyo,27,18085,1503,1494,5,1499,39
2021-08-19,Kern,29,883053,105131,103731,14388,118119,1371
2021-08-19,Kings,31,150075,25632,25128,1465,26593,256
2021-08-19,Lake,33,64148,5153,4991,45,5036,69
2021-08-19,Lassen,35,31185,5607,5520,154,5674,21
2021-08-19,Los Angeles,37,10098052,1327527,1314453,51603,1366056,25020
2021-08-19,Madera,39,155013,18331,17947,1240,19187,246
2021-08-19,Marin,41,260295,15962,15672,332,16004,240
2021-08-19,Mariposa,43,17540,669,618,15,633,5
2021-08-19,Mendocino,45,87422,5473,5167,175,5342,51
2021-08-19,Merced,47,269075,34423,33851,1155,35006,486
2021-08-19,Modoc,49,8938,433,427,153,580,6
2021-08-19,Mono,51,14174,1375,1349,14,1363,3
2021-08-19,Monterey,53,433212,45110,44821,2448,47269,538
2021-08-19,Napa,55,140530,11324,11104,67,11171,83
2021-08-19,Nevada,57,99092,7034,6695,234,6929,77
2021-08-19,Orange,59,3164182,281327,278562,13222,291784,5172
2021-08-19,Placer,61,380077,29460,27953,2556,30509,313
2021-08-19,Plumas,63,18699,935,896,16,912,5
2021-08-19,Riverside,65,2383286,322085,318056,15862,333918,4589
2021-08-19,Sacramento,67,1510023,131737,126720,2764,129484,1801
2021-08-19,San Benito,69,59416,6579,6493,133,6626,64
2021-08-19,San Bernardino,71,2135413,320565,316398,9914,326312,5318
2021-08-19,San Diego,73,3302833,325427,319582,0,319582,3839
2021-08-19,San Francisco,75,870044,46389,45220,2126,47346,571
2021-08-19,San Joaquin,77,732212,84447,82047,4490,86537,1491
2021-08-19,San Luis Obispo,79,281455,24377,23878,976,24854,271
2021-08-19,San Mateo,81,765935,48392,47431,930,48361,551
2021-08-19,Santa Barbara,83,443738,38347,37693,1465,39158,477
2021-08-19,Santa Clara,85,1922200,131783,129133,1002,130135,1774
2021-08-19,Santa Cruz,87,273765,17992,17644,974,18618,209
2021-08-19,Shasta,89,179085,14684,14200,2117,16317,214
2021-08-19,Sierra,91,2930,90,83,15,98,0
2021-08-19,Siskiyou,93,43540,2320,2218,640,2858,33
2021-08-19,Solano,95,438530,39935,38025,941,38966,273
2021-08-19,Sonoma,97,501317,36604,35233,451,35684,336
2021-08-19,Stanislaus,99,539301,64681,62928,7193,70121,1047
2021-08-19,Sutter,101,95872,11348,11057,130,11187,133
2021-08-19,Tehama,103,63373,5838,5683,761,6444,66
2021-08-19,Trinity,105,12862,456,414,103,517,3
2021-08-19,Tulare,107,460477,53715,52685,11228,63913,856
2021-08-19,Tuolumne,109,53932,5289,5112,47,5159,64
2021-08-19,Ventura,111,848112,88928,88073,3980,92053,1060
2021-08-19,Yolo,113,214977,16657,16153,740,16893,225
2021-08-19,Yuba,115,75493,7729,7458,152,7610,51
2021-08-18,Alameda,1,1643700,105997,102696,2485,105181,1294
2021-08-18,Alpine,3,1148,91,91,0,91,0
2021-08-18,Amador,5,37829,4431,4279,39,4318,50
2021-08-18,Butte,7,227075,14891,14426,2508,16934,208
2021-08-18,Calaveras,9,45235,2768,2643,19,2662,59
2021-08-18,Colusa,11,21464,2221,2160,457,2617,16
2021-08-18,Contra Costa,13,1133247,86257,82767,1759,84526,851
2021-08-18,Del Norte,15,27424,2476,2219,11,2230,8
2021-08-18,El Dorado,17,186661,12905,12306,1145,13451,118
2021-08-18,Fresno,19,978130,112796,110523,9952,120475,1759
2021-08-18,Glenn,21,27897,2654,2623,660,3283,20
2021-08-18,Humboldt,23,135768,6542,6195,152,6347,52
2021-08-18,Imperial,25,180216,30000,29821,2980,32801,746
2021-08-18,Inyo,27,18085,1500,1494,5,1499,39
2021-08-18,Kern,29,883053,104796,103440,14293,117733,1370
2021-08-18,Kings,31,150075,25528,24984,1458,26442,256
2021-08-18,Lake,33,64148,5113,4957,44,5001,69
2021-08-18,Lassen,35,31185,5591,5506,153,5659,21
2021-08-18,Los Angeles,37,10098052,1324451,1311477,51470,1362947,24984
2021-08-18,Madera,39,155013,18278,17871,1233,19104,246
2021-08-18,Marin,41,260295,15925,15610,329,15939,240
2021-08-18,Mariposa,43,17540,657,615,15,630,5
2021-08-18,Mendocino,45,87422,5429,5129,172,5301,51
2021-08-18,Merced,47,269075,34257,33708,1149,34857,484
2021-08-18,Modoc,49,8938,433,427,152,579,6
2021-08-18,Mono,51,14174,1372,1344,14,1358,3
2021-08-18,Monterey,53,433212,45042,44735,2418,47153,532
2021-08-18,Napa,55,140530,11286,11060,66,11126,83
2021-08-18,Nevada,57,99092,6967,6633,234,6867,76
2021-08-18,Orange,59,3164182,280699,277795,13176,290971,5168
2021-08-18,Placer,61,380077,29243,27741,2526,30267,312
2021-08-18,Plumas,63,18699,923,874,16,890,5
2021-08-18,Riverside,65,2383286,321109,317107,15834,332941,4585
2021-08-18,Sacramento,67,1510023,130895,125599,2733,128332,1781
2021-08-18,San Benito,69,59416,6569,6481,132,6613,64
2021-08-18,San Bernardino,71,2135413,319783,315477,9897,325374,5304
2021-08-18,San Diego,73,3302833,324098,318152,0,318152,3834
2021-08-18,San Francisco,75,870044,46195,44957,2110,47067,568
2021-08-18,San Joaquin,77,732212,84010,81601,4468,86069,1491
2021-08-18,San Luis Obispo,79,281455,24230,23726,965,24691,270
2021-08-18,San Mateo,81,765935,48237,47255,919,48174,551
2021-08-18,Santa Barbara,83,443738,38231,37599,1457,39056,475
2021-08-18,Santa Clara,85,1922200,131420,128563,998,129561,1773
2021-08-18,Santa Cruz,87,273765,17937,17566,969,18535,209
2021-08-18,Shasta,89,179085,14588,14087,2098,16185,213
2021-08-18,Sierra,91,2930,89,83,15,98,0
2021-08-18,Siskiyou,93,43540,2291,2204,629,2833,33
2021-08-18,Solano,95,438530,39729,37812,929,38741,271
2021-08-18,Sonoma,97,501317,36464,35063,450,35513,333
2021-08-18,Stanislaus,99,539301,64336,62613,7166,69779,1047
2021-08-18,Sutter,101,95872,11278,11004,125,11129,130
2021-08-18,Tehama,103,63373,5802,5653,750,6403,66
2021-08-18,Trinity,105,12862,450,409,101,510,3
2021-08-18,Tulare,107,460477,53483,52486,11166,63652,856
2021-08-18,Tuolumne,109,53932,5256,5081,47,5128,64
2021-08-18,Ventura,111,848112,88703,87835,3968,91803,1055
2021-08-18,Yolo,113,214977,16578,16047,719,16766,225
2021-08-18,Yuba,115,75493,7665,7391,152,7543,51
2021-08-17,Alameda,1,1643700,105608,102379,2475,104854,1290
2021-08-17,Alpine,3,1148,91,91,0,91,0
2021-08-17,Amador,5,37829,4402,4266,39,4305,50
2021-08-17,Butte,7,227075,14792,14357,2473,16830,206
2021-08-17,Calaveras,9,45235,2727,2624,19,2643,59
2021-08-17,Colusa,11,21464,2212,2156,453,2609,16
2021-08-17,Contra Costa,13,1133247,85813,82482,1749,84231,848
2021-08-17,Del Norte,15,27424,2422,2188,11,2199,8
2021-08-17,El Dorado,17,186661,12820,12242,1130,13372,118
2021-08-17,Fresno,19,978130,112305,110263,9903,120166,1755
2021-08-17,Glenn,21,27897,2644,2608,642,3250,20
2021-08-17,Humboldt,23,135768,6464,6155,149,6304,52
2021-08-17,Imperial,25,180216,29951,29768,2975,32743,746
2021-08-17,Inyo,27,18085,1497,1492,5,1497,39
2021-08-17,Kern,29,883053,104418,103048,14164,117212,1367
2021-08-17,Kings,31,150075,25425,24930,1447,26377,254
2021-08-17,Lake,33,64148,5072,4930,38,4968,68
2021-08-17,Lassen,35,31185,5575,5499,151,5650,21
2021-08-17,Los Angeles,37,10098052,1320945,1307999,51335,1359334,24952
2021-08-17,Madera,39,155013,18207,17838,1214,19052,246
2021-08-17,Marin,41,260295,15870,15570,329,15899,240
2021-08-17,Mariposa,43,17540,649,609,14,623,5
2021-08-17,Mendocino,45,87422,5384,5097,172,5269,51
2021-08-17,Merced,47,269075,34112,33508,1138,34646,482
2021-08-17,Modoc,49,8938,430,424,150,574,6
2021-08-17,Mono,51,14174,1366,1341,14,1355,3
2021-08-17,Monterey,53,433212,44968,44672,2402,47074,528
2021-08-17,Napa,55,140530,11245,11007,65,11072,83
2021-08-17,Nevada,57,99092,6894,6605,232,6837,75
2021-08-17,Orange,59,3164182,280075,277121,13148,290269,5164
2021-08-17,Placer,61,380077,29037,27634,2496,30130,312
2021-08-17,Plumas,63,18699,914,860,16,876,5
2021-08-17,Riverside,65,2383286,320118,316051,15802,331853,4582
2021-08-17,Sacramento,67,1510023,130042,125151,2692,127843,1774
2021-08-17,San Benito,69,59416,6553,6470,132,6602,64
2021-08-17,San Bernardino,71,2135413,318888,314402,9854,324256,5302
2021-08-17,San Diego,73,3302833,322494,317058,0,317058,3824
2021-08-17,San Francisco,75,870044,46002,44820,2099,46919,567
2021-08-17,San Joaquin,77,732212,83544,81300,4450,85750,1489
2021-08-17,San Luis Obispo,79,281455,24078,23556,962,24518,268
2021-08-17,San Mateo,81,765935,48089,47127,902,48029,551
2021-08-17,Santa Barbara,83,443738,38094,37478,1451,38929,475
2021-08-17,Santa Clara,85,1922200,131015,128354,995,129349,1773
2021-08-17,Santa Cruz,87,273765,17856,17528,967,18495,209
2021-08-17,Shasta,89,179085,14466,14012,2080,16092,214
2021-08-17,Sierra,91,2930,88,82,15,97,0
2021-08-17,Siskiyou,93,43540,2277,2183,615,2798,33
2021-08-17,Solano,95,438530,39520,37662,919,38581,269
2021-08-17,Sonoma,97,501317,36316,34943,448,35391,333
2021-08-17,Stanislaus,99,539301,63990,62385,7113,69498,1047
2021-08-17,Sutter,101,95872,11208,10973,124,11097,130
2021-08-17,Tehama,103,63373,5753,5612,729,6341,66
2021-08-17,Trinity,105,12862,445,406,98,504,3
2021-08-17,Tulare,107,460477,53221,52362,11109,63471,856
2021-08-17,Tuolumne,109,53932,5214,5042,46,5088,64
2021-08-17,Ventura,111,848112,88466,87601,3947,91548,1053
2021-08-17,Yolo,113,214977,16489,15975,704,16679,225
2021-08-17,Yuba,115,75493,7596,7355,152,7507,51
2021-08-16,Alameda,1,1643700,105120,102052,2462,104514,1287
2021-08-16,Alpine,3,1148,91,91,0,91,0
2021-08-16,Amador,5,37829,4392,4235,39,4274,50
2021-08-16,Butte,7,227075,14677,14283,2440,16723,206
2021-08-16,Calaveras,9,45235,2671,2609,19,2628,57
2021-08-16,Colusa,11,21464,2201,2147,449,2596,16
2021-08-16,Contra Costa,13,1133247,85289,82070,1739,83809,848
2021-08-16,Del Norte,15,27424,2351,2125,11,2136,8
2021-08-16,El Dorado,17,186661,12724,12139,1114,13253,118
2021-08-16,Fresno,19,978130,111789,109623,9860,119483,1753
2021-08-16,Glenn,21,27897,2625,2593,640,3233,20
2021-08-16,Humboldt,23,135768,6391,6064,126,6190,52
2021-08-16,Imperial,25,180216,29914,29737,2963,32700,746
2021-08-16,Inyo,27,18085,1494,1490,5,1495,39
2021-08-16,Kern,29,883053,104073,102690,14042,116732,1367
2021-08-16,Kings,31,150075,25328,24817,1437,26254,254
2021-08-16,Lake,33,64148,5049,4898,37,4935,68
2021-08-16,Lassen,35,31185,5558,5481,143,5624,21
2021-08-16,Los Angeles,37,10098052,1317603,1305330,51174,1356504,24923
2021-08-16,Madera,39,155013,18140,17756,1196,18952,246
2021-08-16,Marin,41,260295,15810,15497,328,15825,239
2021-08-16,Mariposa,43,17540,632,597,14,611,5
2021-08-16,Mendocino,45,87422,5328,5037,170,5207,49
2021-08-16,Merced,47,269075,33906,33364,1135,34499,481
2021-08-16,Modoc,49,8938,428,421,149,570,5
2021-08-16,Mono,51,14174,1359,1339,14,1353,3
2021-08-16,Monterey,53,433212,44909,44595,2373,46968,527
2021-08-16,Napa,55,140530,11218,10946,65,11011,83
2021-08-16,Nevada,57,99092,6840,6535,231,6766,74
2021-08-16,Orange,59,3164182,279299,275985,13107,289092,5161
2021-08-16,Placer,61,380077,28862,27384,2461,29845,306
2021-08-16,Plumas,63,18699,903,851,16,867,5
2021-08-16,Riverside,65,2383286,319033,314774,15769,330543,4582
2021-08-16,Sacramento,67,1510023,129193,124554,2651,127205,1762
2021-08-16,San Benito,69,59416,6529,6452,132,6584,64
2021-08-16,San Bernardino,71,2135413,317951,313617,9827,323444,5301
2021-08-16,San Diego,73,3302833,320902,315348,0,315348,3824
2021-08-16,San Francisco,75,870044,45809,44681,2081,46762,567
2021-08-16,San Joaquin,77,732212,83055,81087,4432,85519,1488
2021-08-16,San Luis Obispo,79,281455,23930,23452,952,24404,265
2021-08-16,San Mateo,81,765935,47936,47024,879,47903,548
2021-08-16,Santa Barbara,83,443738,37949,37358,1446,38804,475
2021-08-16,Santa Clara,85,1922200,130558,127978,990,128968,1773
2021-08-16,Santa Cruz,87,273765,17797,17491,961,18452,209
2021-08-16,Shasta,89,179085,14382,13862,2061,15923,211
2021-08-16,Sierra,91,2930,85,82,15,97,0
2021-08-16,Siskiyou,93,43540,2260,2169,595,2764,33
2021-08-16,Solano,95,438530,39273,37436,904,38340,263
2021-08-16,Sonoma,97,501317,36153,34844,446,35290,333
2021-08-16,Stanislaus,99,539301,63648,62033,7073,69106,1039
2021-08-16,Sutter,101,95872,11139,10902,123,11025,130
2021-08-16,Tehama,103,63373,5683,5565,723,6288,66
2021-08-16,Trinity,105,12862,439,400,97,497,3
2021-08-16,Tulare,107,460477,52982,52162,11043,63205,856
2021-08-16,Tuolumne,109,53932,5178,4984,45,5029,64
2021-08-16,Ventura,111,848112,88216,86954,3929,90883,1052
2021-08-16,Yolo,113,214977,16397,15922,697,16619,225
2021-08-16,Yuba,115,75493,7514,7314,151,7465,51
2021-08-15,Alameda,1,1643700,104656,101660,2445,104105,1287
2021-08-15,Alpine,3,1148,91,91,0,91,0
2021-08-15,Amador,5,37829,4365,4231,39,4270,49
2021-08-15,Butte,7,227075,14556,14263,2416,16679,206
2021-08-15,Calaveras,9,45235,2635,2599,19,2618,57
2021-08-15,Colusa,11,21464,2190,2140,439,2579,16
2021-08-15,Contra Costa,13,1133247,84838,81781,1722,83503,848
2021-08-15,Del Norte,15,27424,2283,2060,11,2071,8
2021-08-15,El Dorado,17,186661,12595,12057,1097,13154,118
2021-08-15,Fresno,19,978130,111267,109382,9801,119183,1753
2021-08-15,Glenn,21,27897,2605,2592,640,3232,20
2021-08-15,Humboldt,23,135768,6320,6024,119,6143,52
2021-08-15,Imperial,25,180216,29850,29711,2956,32667,746
2021-08-15,Inyo,27,18085,1493,1489,5,1494,39
2021-08-15,Kern,29,883053,103653,102524,13929,116453,1367
2021-08-15,Kings,31,150075,25185,24736,1427,26163,254
2021-08-15,Lake,33,64148,4993,4886,36,4922,68
2021-08-15,Lassen,35,31185,5543,5482,141,5623,21
2021-08-15,Los Angeles,37,10098052,1314042,1302882,50999,1353881,24918
2021-08-15,Madera,39,155013,18053,17714,1184,18898,246
2021-08-15,Marin,41,260295,15753,15461,326,15787,239
2021-08-15,Mariposa,43,17540,626,591,14,605,5
2021-08-15,Mendocino,45,87422,5276,5022,164,5186,49
2021-08-15,Merced,47,269075,33654,33305,1126,34431,481
2021-08-15,Modoc,49,8938,426,421,149,570,5
2021-08-15,Mono,51,14174,1351,1334,14,1348,3
2021-08-15,Monterey,53,433212,44801,44567,2341,46908,527
2021-08-15,Napa,55,140530,11167,10919,65,10984,83
2021-08-15,Nevada,57,99092,6757,6486,231,6717,74
2021-08-15,Orange,59,3164182,278542,275447,13071,288518,5161
2021-08-15,Placer,61,380077,28646,27220,2414,29634,306
2021-08-15,Plumas,63,18699,893,850,16,866,5
2021-08-15,Riverside,65,2383286,317918,314133,15741,329874,4582
2021-08-15,Sacramento,67,1510023,128310,123924,2617,126541,1761
2021-08-15,San Benito,69,59416,6514,6446,131,6577,64
2021-08-15,San Bernardino,71,2135413,316909,313120,9801,322921,5301
2021-08-15,San Diego,73,3302833,319449,314247,0,314247,3824
2021-08-15,San Francisco,75,870044,45587,44531,2057,46588,567
2021-08-15,San Joaquin,77,732212,82590,80832,4403,85235,1488
2021-08-15,San Luis Obispo,79,281455,23738,23404,942,24346,265
2021-08-15,San Mateo,81,765935,47780,46897,862,47759,548
2021-08-15,Santa Barbara,83,443738,37802,37276,1438,38714,475
2021-08-15,Santa Clara,85,1922200,130154,127715,984,128699,1773
2021-08-15,Santa Cruz,87,273765,17729,17440,952,18392,209
2021-08-15,Shasta,89,179085,14278,13835,2035,15870,211
2021-08-15,Sierra,91,2930,84,82,14,96,0
2021-08-15,Siskiyou,93,43540,2239,2169,581,2750,33
2021-08-15,Solano,95,438530,39045,37320,894,38214,263
2021-08-15,Sonoma,97,501317,35964,34706,438,35144,333
2021-08-15,Stanislaus,99,539301,63267,61795,7024,68819,1039
2021-08-15,Sutter,101,95872,11048,10863,123,10986,130
2021-08-15,Tehama,103,63373,5637,5550,718,6268,66
2021-08-15,Trinity,105,12862,436,400,96,496,3
2021-08-15,Tulare,107,460477,52736,52046,10985,63031,856
2021-08-15,Tuolumne,109,53932,5141,4934,44,4978,64
2021-08-15,Ventura,111,848112,87917,86797,3915,90712,1052
2021-08-15,Yolo,113,214977,16306,15873,685,16558,225
2021-08-15,Yuba,115,75493,7439,7265,150,7415,51
2021-08-14,Alameda,1,1643700,104464,101305,2441,103746,1287
2021-08-14,Alpine,3,1148,91,91,0,91,0
2021-08-14,Amador,5,37829,4348,4206,39,4245,49
2021-08-14,Butte,7,227075,14520,14192,2400,16592,206
2021-08-14,Calaveras,9,45235,2630,2579,19,2598,57
2021-08-14,Colusa,11,21464,2180,2134,435,2569,16
2021-08-14,Contra Costa,13,1133247,84591,81458,1714,83172,848
2021-08-14,Del Norte,15,27424,2256,2015,11,2026,8
2021-08-14,El Dorado,17,186661,12560,12019,1088,13107,118
2021-08-14,Fresno,19,978130,111100,109056,9781,118837,1753
2021-08-14,Glenn,21,27897,2600,2583,639,3222,20
2021-08-14,Humboldt,23,135768,6267,5998,115,6113,52
2021-08-14,Imperial,25,180216,29823,29671,2956,32627,746
2021-08-14,Inyo,27,18085,1491,1487,5,1492,39
2021-08-14,Kern,29,883053,103466,102306,13833,116139,1367
2021-08-14,Kings,31,150075,25094,24647,1418,26065,254
2021-08-14,Lake,33,64148,4979,4850,35,4885,68
2021-08-14,Lassen,35,31185,5536,5475,140,5615,21
2021-08-14,Los Angeles,37,10098052,1312307,1299346,50857,1350203,24911
2021-08-14,Madera,39,155013,18007,17691,1180,18871,246
2021-08-14,Marin,41,260295,15720,15441,325,15766,239
2021-08-14,Mariposa,43,17540,622,584,14,598,5
2021-08-14,Mendocino,45,87422,5238,4977,161,5138,49
2021-08-14,Merced,47,269075,33607,33234,1121,34355,481
2021-08-14,Modoc,49,8938,426,421,149,570,5
2021-08-14,Mono,51,14174,1349,1332,14,1346,3
2021-08-14,Monterey,53,433212,44762,44514,2333,46847,527
2021-08-14,Napa,55,140530,11137,10878,64,10942,83
2021-08-14,Nevada,57,99092,6721,6419,230,6649,74
2021-08-14,Orange,59,3164182,278111,274732,13049,287781,5161
2021-08-14,Placer,61,380077,28505,27115,2389,29504,306
2021-08-14,Plumas,63,18699,883,849,16,865,5
2021-08-14,Riverside,65,2383286,317211,313264,15722,328986,4582
2021-08-14,Sacramento,67,1510023,127821,123438,2600,126038,1758
2021-08-14,San Benito,69,59416,6502,6428,131,6559,64
2021-08-14,San Bernardino,71,2135413,316379,312142,9781,321923,5301
2021-08-14,San Diego,73,3302833,318794,313589,0,313589,3824
2021-08-14,San Francisco,75,870044,45461,44353,2036,46389,567
2021-08-14,San Joaquin,77,732212,82378,80585,4391,84976,1488
2021-08-14,San Luis Obispo,79,281455,23679,23328,939,24267,265
2021-08-14,San Mateo,81,765935,47673,46792,851,47643,548
2021-08-14,Santa Barbara,83,443738,37709,37118,1434,38552,475
2021-08-14,Santa Clara,85,1922200,129877,127432,981,128413,1772
2021-08-14,Santa Cruz,87,273765,17692,17384,951,18335,209
2021-08-14,Shasta,89,179085,14204,13813,2013,15826,211
2021-08-14,Sierra,91,2930,84,81,14,95,0
2021-08-14,Siskiyou,93,43540,2229,2160,571,2731,33
2021-08-14,Solano,95,438530,38957,37237,882,38119,263
2021-08-14,Sonoma,97,501317,35842,34606,436,35042,333
2021-08-14,Stanislaus,99,539301,63078,61564,6991,68555,1039
2021-08-14,Sutter,101,95872,11003,10808,122,10930,130
2021-08-14,Tehama,103,63373,5622,5530,716,6246,66
2021-08-14,Trinity,105,12862,431,399,96,495,3
2021-08-14,Tulare,107,460477,52603,51951,10941,62892,856
2021-08-14,Tuolumne,109,53932,5106,4924,44,4968,64
2021-08-14,Ventura,111,848112,87764,86569,3895,90464,1052
2021-08-14,Yolo,113,214977,16262,15815,677,16492,225
2021-08-14,Yuba,115,75493,7390,7223,150,7373,51
2021-08-13,Alameda,1,1643700,104172,100930,2431,103361,1284
2021-08-13,Alpine,3,1148,91,91,0,91,0
2021-08-13,Amador,5,37829,4320,4169,39,4208,49
2021-08-13,Butte,7,227075,14455,14100,2383,16483,206
2021-08-13,Calaveras,9,45235,2621,2564,19,2583,57
2021-08-13,Colusa,11,21464,2173,2123,430,2553,16
2021-08-13,Contra Costa,13,1133247,84278,81046,1708,82754,848
2021-08-13,Del Norte,15,27424,2215,1973,11,1984,8
2021-08-13,El Dorado,17,186661,12519,11951,1074,13025,118
2021-08-13,Fresno,19,978130,110804,108638,9764,118402,1753
2021-08-13,Glenn,21,27897,2593,2574,639,3213,20
2021-08-13,Humboldt,23,135768,6223,5882,111,5993,52
2021-08-13,Imperial,25,180216,29795,29654,2955,32609,745
2021-08-13,Inyo,27,18085,1490,1484,5,1489,39
2021-08-13,Kern,29,883053,103260,102029,13726,115755,1364
2021-08-13,Kings,31,150075,25011,24531,1410,25941,253
2021-08-13,Lake,33,64148,4957,4811,34,4845,68
2021-08-13,Lassen,35,31185,5529,5455,139,5594,21
2021-08-13,Los Angeles,37,10098052,1310033,1295406,50722,1346128,24891
2021-08-13,Madera,39,155013,17958,17614,1173,18787,246
2021-08-13,Marin,41,260295,15690,15380,325,15705,239
2021-08-13,Mariposa,43,17540,616,577,14,591,5
2021-08-13,Mendocino,45,87422,5192,4924,159,5083,49
2021-08-13,Merced,47,269075,33564,33111,1118,34229,480
2021-08-13,Modoc,49,8938,425,421,148,569,5
2021-08-13,Mono,51,14174,1346,1331,14,1345,3
2021-08-13,Monterey,53,433212,44710,44450,2325,46775,527
2021-08-13,Napa,55,140530,11101,10830,64,10894,83
2021-08-13,Nevada,57,99092,6683,6356,229,6585,74
2021-08-13,Orange,59,3164182,277622,274004,13002,287006,5159
2021-08-13,Placer,61,380077,28409,26987,2361,29348,306
2021-08-13,Plumas,63,18699,871,842,16,858,5
2021-08-13,Riverside,65,2383286,316473,312408,15698,328106,4581
2021-08-13,Sacramento,67,1510023,127358,122868,2573,125441,1758
2021-08-13,San Benito,69,59416,6496,6422,129,6551,64
2021-08-13,San Bernardino,71,2135413,315721,311378,9765,321143,5301
2021-08-13,San Diego,73,3302833,317753,312293,0,312293,3821
2021-08-13,San Francisco,75,870044,45329,44196,2011,46207,567
2021-08-13,San Joaquin,77,732212,82167,80232,4381,84613,1481
2021-08-13,San Luis Obispo,79,281455,23622,23226,936,24162,265
2021-08-13,San Mateo,81,765935,47558,46660,843,47503,548
2021-08-13,Santa Barbara,83,443738,37627,37023,1430,38453,474
2021-08-13,Santa Clara,85,1922200,129592,126958,976,127934,1769
2021-08-13,Santa Cruz,87,273765,17653,17332,944,18276,209
2021-08-13,Shasta,89,179085,14141,13698,1999,15697,211
2021-08-13,Sierra,91,2930,83,81,14,95,0
2021-08-13,Siskiyou,93,43540,2220,2147,567,2714,33
2021-08-13,Solano,95,438530,38830,37104,872,37976,264
2021-08-13,Sonoma,97,501317,35737,34464,436,34900,333
2021-08-13,Stanislaus,99,539301,62896,61294,6957,68251,1039
2021-08-13,Sutter,101,95872,10959,10751,121,10872,130
2021-08-13,Tehama,103,63373,5601,5496,714,6210,66
2021-08-13,Trinity,105,12862,428,392,96,488,3
2021-08-13,Tulare,107,460477,52500,51770,10877,62647,856
2021-08-13,Tuolumne,109,53932,5073,4899,44,4943,64
2021-08-13,Ventura,111,848112,87604,86368,3881,90249,1052
2021-08-13,Yolo,113,214977,16209,15761,668,16429,225
2021-08-13,Yuba,115,75493,7352,7184,150,7334,51
2021-08-12,Alameda,1,1643700,103660,100472,2419,102891,1284
2021-08-12,Alpine,3,1148,91,91,0,91,0
2021-08-12,Amador,5,37829,4290,4161,39,4200,49
2021-08-12,Butte,7,227075,14379,14006,2363,16369,206
2021-08-12,Calaveras,9,45235,2601,2531,19,2550,57
2021-08-12,Colusa,11,21464,2168,2111,429,2540,17
2021-08-12,Contra Costa,13,1133247,83796,80738,1699,82437,846
2021-08-12,Del Norte,15,27424,2142,1923,11,1934,8
2021-08-12,El Dorado,17,186661,12406,11880,1066,12946,118
2021-08-12,Fresno,19,978130,110336,108193,9721,117914,1753
2021-08-12,Glenn,21,27897,2583,2559,632,3191,20
2021-08-12,Humboldt,23,135768,6154,5845,107,5952,52
2021-08-12,Imperial,25,180216,29737,29585,2949,32534,745
2021-08-12,Inyo,27,18085,1488,1483,5,1488,39
2021-08-12,Kern,29,883053,102984,101698,13648,115346,1364
2021-08-12,Kings,31,150075,24912,24423,1400,25823,252
2021-08-12,Lake,33,64148,4932,4774,33,4807,68
2021-08-12,Lassen,35,31185,5509,5428,138,5566,21
2021-08-12,Los Angeles,37,10098052,1306890,1291875,50583,1342458,24874
2021-08-12,Madera,39,155013,17895,17564,1165,18729,246
2021-08-12,Marin,41,260295,15641,15277,321,15598,239
2021-08-12,Mariposa,43,17540,607,568,13,581,5
2021-08-12,Mendocino,45,87422,5162,4873,152,5025,49
2021-08-12,Merced,47,269075,33455,32960,1115,34075,480
2021-08-12,Modoc,49,8938,424,423,148,571,5
2021-08-12,Mono,51,14174,1342,1325,14,1339,3
2021-08-12,Monterey,53,433212,44646,44383,2299,46682,527
2021-08-12,Napa,55,140530,11053,10780,63,10843,83
2021-08-12,Nevada,57,99092,6621,6283,229,6512,74
2021-08-12,Orange,59,3164182,276969,273167,12951,286118,5158
2021-08-12,Placer,61,380077,28208,26856,2337,29193,306
2021-08-12,Plumas,63,18699,863,829,16,845,5
2021-08-12,Riverside,65,2383286,315482,311304,15664,326968,4575
2021-08-12,Sacramento,67,1510023,126589,122222,2541,124763,1758
2021-08-12,San Benito,69,59416,6481,6398,126,6524,64
2021-08-12,San Bernardino,71,2135413,314861,310420,9736,320156,5297
2021-08-12,San Diego,73,3302833,316391,310596,0,310596,3821
2021-08-12,San Francisco,75,870044,45127,43774,1994,45768,564
2021-08-12,San Joaquin,77,732212,81779,79945,4358,84303,1479
2021-08-12,San Luis Obispo,79,281455,23529,23101,921,24022,264
2021-08-12,San Mateo,81,765935,47417,46435,826,47261,548
2021-08-12,Santa Barbara,83,443738,37520,36881,1419,38300,473
2021-08-12,Santa Clara,85,1922200,129148,126614,971,127585,1769
2021-08-12,Santa Cruz,87,273765,17590,17261,942,18203,209
2021-08-12,Shasta,89,179085,14056,13621,1974,15595,211
2021-08-12,Sierra,91,2930,83,81,14,95,0
2021-08-12,Siskiyou,93,43540,2213,2134,557,2691,33
2021-08-12,Solano,95,438530,38606,36980,864,37844,262
2021-08-12,Sonoma,97,501317,35590,34299,433,34732,333
2021-08-12,Stanislaus,99,539301,62617,61026,6914,67940,1039
2021-08-12,Sutter,101,95872,10897,10695,119,10814,130
2021-08-12,Tehama,103,63373,5572,5462,705,6167,66
2021-08-12,Trinity,105,12862,425,386,95,481,3
2021-08-12,Tulare,107,460477,52356,51632,10832,62464,856
2021-08-12,Tuolumne,109,53932,5026,4845,42,4887,64
2021-08-12,Ventura,111,848112,87374,86106,3857,89963,1052
2021-08-12,Yolo,113,214977,16140,15686,655,16341,224
2021-08-12,Yuba,115,75493,7303,7128,149,7277,51
2021-08-11,Alameda,1,1643700,103133,100040,2412,102452,1281
2021-08-11,Alpine,3,1148,91,91,0,91,0
2021-08-11,Amador,5,37829,4267,4127,38,4165,49
2021-08-11,Butte,7,227075,14269,13905,2337,16242,206
2021-08-11,Calaveras,9,45235,2578,2505,19,2524,57
2021-08-11,Colusa,11,21464,2158,2101,427,2528,16
2021-08-11,Contra Costa,13,1133247,83299,80275,1687,81962,843
2021-08-11,Del Norte,15,27424,2084,1893,11,1904,8
2021-08-11,El Dorado,17,186661,12293,11799,1054,12853,119
2021-08-11,Fresno,19,978130,109827,107773,9688,117461,1751
2021-08-11,Glenn,21,27897,2576,2547,630,3177,20
2021-08-11,Humboldt,23,135768,6107,5765,106,5871,52
2021-08-11,Imperial,25,180216,29695,29565,2945,32510,745
2021-08-11,Inyo,27,18085,1488,1483,5,1488,39
2021-08-11,Kern,29,883053,102675,101448,13536,114984,1363
2021-08-11,Kings,31,150075,24800,24304,1390,25694,250
2021-08-11,Lake,33,64148,4894,4713,33,4746,68
2021-08-11,Lassen,35,31185,5500,5408,136,5544,21
2021-08-11,Los Angeles,37,10098052,1303618,1288238,50390,1338628,24851
2021-08-11,Madera,39,155013,17847,17511,1154,18665,245
2021-08-11,Marin,41,260295,15592,15235,321,15556,239
2021-08-11,Mariposa,43,17540,597,554,12,566,5
2021-08-11,Mendocino,45,87422,5091,4796,144,4940,49
2021-08-11,Merced,47,269075,33315,32802,1110,33912,479
2021-08-11,Modoc,49,8938,424,421,148,569,5
2021-08-11,Mono,51,14174,1338,1320,14,1334,3
2021-08-11,Monterey,53,433212,44554,44314,2272,46586,527
2021-08-11,Napa,55,140530,11011,10732,63,10795,83
2021-08-11,Nevada,57,99092,6567,6172,227,6399,74
2021-08-11,Orange,59,3164182,276153,272212,12920,285132,5155
2021-08-11,Placer,61,380077,27996,26687,2313,29000,305
2021-08-11,Plumas,63,18699,853,824,16,840,5
2021-08-11,Riverside,65,2383286,314500,310265,15633,325898,4570
2021-08-11,Sacramento,67,1510023,125787,121603,2498,124101,1757
2021-08-11,San Benito,69,59416,6468,6381,126,6507,64
2021-08-11,San Bernardino,71,2135413,313992,309498,9714,319212,5296
2021-08-11,San Diego,73,3302833,314937,309406,0,309406,3818
2021-08-11,San Francisco,75,870044,44907,43555,1984,45539,564
2021-08-11,San Joaquin,77,732212,81378,79641,4333,83974,1478
2021-08-11,San Luis Obispo,79,281455,23424,22920,915,23835,264
2021-08-11,San Mateo,81,765935,47262,46300,811,47111,548
2021-08-11,Santa Barbara,83,443738,37402,36699,1411,38110,472
2021-08-11,Santa Clara,85,1922200,128668,126301,962,127263,1769
2021-08-11,Santa Cruz,87,273765,17524,17191,940,18131,209
2021-08-11,Shasta,89,179085,13985,13546,1957,15503,211
2021-08-11,Sierra,91,2930,82,81,14,95,0
2021-08-11,Siskiyou,93,43540,2200,2124,550,2674,33
2021-08-11,Solano,95,438530,38380,36862,850,37712,262
2021-08-11,Sonoma,97,501317,35416,34188,428,34616,333
2021-08-11,Stanislaus,99,539301,62275,60767,6883,67650,1037
2021-08-11,Sutter,101,95872,10826,10628,119,10747,130
2021-08-11,Tehama,103,63373,5536,5410,688,6098,66
2021-08-11,Trinity,105,12862,423,385,95,480,3
2021-08-11,Tulare,107,460477,52191,51464,10789,62253,854
2021-08-11,Tuolumne,109,53932,4993,4794,42,4836,64
2021-08-11,Ventura,111,848112,87121,85863,3835,89698,1051
2021-08-11,Yolo,113,214977,16068,15593,644,16237,218
2021-08-11,Yuba,115,75493,7245,7063,148,7211,53
2021-08-10,Alameda,1,1643700,102649,99771,2406,102177,1281
2021-08-10,Alpine,3,1148,91,91,0,91,0
2021-08-10,Amador,5,37829,4252,4093,38,4131,49
2021-08-10,Butte,7,227075,14181,13853,2315,16168,205
2021-08-10,Calaveras,9,45235,2558,2491,17,2508,57
2021-08-10,Colusa,11,21464,2145,2088,419,2507,16
2021-08-10,Contra Costa,13,1133247,82762,80018,1677,81695,840
2021-08-10,Del Norte,15,27424,2040,1870,11,1881,8
2021-08-10,El Dorado,17,186661,12194,11734,1043,12777,117
2021-08-10,Fresno,19,978130,109344,107616,9656,117272,1747
2021-08-10,Glenn,21,27897,2566,2538,629,3167,20
2021-08-10,Humboldt,23,135768,6052,5718,103,5821,52
2021-08-10,Imperial,25,180216,29659,29522,2939,32461,745
2021-08-10,Inyo,27,18085,1488,1482,5,1487,39
2021-08-10,Kern,29,883053,102353,101254,13433,114687,1359
2021-08-10,Kings,31,150075,24671,24252,1374,25626,251
2021-08-10,Lake,33,64148,4854,4700,32,4732,67
2021-08-10,Lassen,35,31185,5482,5401,136,5537,21
2021-08-10,Los Angeles,37,10098052,1299901,1285140,50219,1335359,24821
2021-08-10,Madera,39,155013,17775,17481,1147,18628,245
2021-08-10,Marin,41,260295,15545,15194,321,15515,239
2021-08-10,Mariposa,43,17540,584,550,12,562,5
2021-08-10,Mendocino,45,87422,5046,4775,140,4915,49
2021-08-10,Merced,47,269075,33180,32721,1105,33826,477
2021-08-10,Modoc,49,8938,423,421,148,569,5
2021-08-10,Mono,51,14174,1333,1320,14,1334,3
2021-08-10,Monterey,53,433212,44504,44259,2246,46505,527
2021-08-10,Napa,55,140530,10955,10703,62,10765,83
2021-08-10,Nevada,57,99092,6501,6151,226,6377,73
2021-08-10,Orange,59,3164182,275312,271688,12882,284570,5155
2021-08-10,Placer,61,380077,27774,26561,2270,28831,305
2021-08-10,Plumas,63,18699,846,816,16,832,5
2021-08-10,Riverside,65,2383286,313399,309529,15616,325145,4564
2021-08-10,Sacramento,67,1510023,124941,121159,2467,123626,1755
2021-08-10,San Benito,69,59416,6454,6371,126,6497,64
2021-08-10,San Bernardino,71,2135413,313088,308672,9696,318368,5295
2021-08-10,San Diego,73,3302833,313294,308288,0,308288,3815
2021-08-10,San Francisco,75,870044,44666,43389,1955,45344,564
2021-08-10,San Joaquin,77,732212,80991,79391,4319,83710,1478
2021-08-10,San Luis Obispo,79,281455,23301,22776,912,23688,264
2021-08-10,San Mateo,81,765935,47094,46184,792,46976,548
2021-08-10,Santa Barbara,83,443738,37280,36574,1404,37978,472
2021-08-10,Santa Clara,85,1922200,128207,126019,953,126972,1770
2021-08-10,Santa Cruz,87,273765,17441,17142,938,18080,209
2021-08-10,Shasta,89,179085,13912,13461,1932,15393,211
2021-08-10,Sierra,91,2930,82,76,14,90,0
2021-08-10,Siskiyou,93,43540,2192,2088,542,2630,33
2021-08-10,Solano,95,438530,38151,36767,841,37608,262
2021-08-10,Sonoma,97,501317,35270,34054,425,34479,333
2021-08-10,Stanislaus,99,539301,61928,60605,6853,67458,1037
2021-08-10,Sutter,101,95872,10762,10569,119,10688,130
2021-08-10,Tehama,103,63373,5509,5392,686,6078,66
2021-08-10,Trinity,105,12862,423,384,95,479,3
2021-08-10,Tulare,107,460477,52030,51390,10745,62135,854
2021-08-10,Tuolumne,109,53932,4964,4780,41,4821,64
2021-08-10,Ventura,111,848112,86835,85714,3814,89528,1051
2021-08-10,Yolo,113,214977,15982,15568,634,16202,218
2021-08-10,Yuba,115,75493,7196,7028,148,7176,50
2021-08-09,Alameda,1,1643700,102099,99496,2402,101898,1276
2021-08-09,Alpine,3,1148,91,91,0,91,0
2021-08-09,Amador,5,37829,4227,4078,38,4116,48
2021-08-09,Butte,7,227075,14085,13813,2283,16096,205
2021-08-09,Calaveras,9,45235,2529,2472,17,2489,57
2021-08-09,Colusa,11,21464,2135,2075,411,2486,16
2021-08-09,Contra Costa,13,1133247,82220,79740,1666,81406,840
2021-08-09,Del Norte,15,27424,1972,1848,11,1859,8
2021-08-09,El Dorado,17,186661,12088,11672,1029,12701,117
2021-08-09,Fresno,19,978130,108862,107310,9632,116942,1747
2021-08-09,Glenn,21,27897,2553,2532,627,3159,20
2021-08-09,Humboldt,23,135768,5961,5632,101,5733,52
2021-08-09,Imperial,25,180216,29616,29512,2935,32447,745
2021-08-09,Inyo,27,18085,1488,1481,5,1486,39
2021-08-09,Kern,29,883053,102046,101069,13349,114418,1359
2021-08-09,Kings,31,150075,24566,24155,1357,25512,250
2021-08-09,Lake,33,64148,4821,4670,30,4700,66
2021-08-09,Lassen,35,31185,5460,5393,135,5528,21
2021-08-09,Los Angeles,37,10098052,1295932,1282891,50020,1332911,24798
2021-08-09,Madera,39,155013,17718,17429,1131,18560,245
2021-08-09,Marin,41,260295,15492,15154,320,15474,239
2021-08-09,Mariposa,43,17540,570,545,12,557,5
2021-08-09,Mendocino,45,87422,4995,4732,132,4864,49
2021-08-09,Merced,47,269075,33022,32666,1101,33767,477
2021-08-09,Modoc,49,8938,423,419,148,567,5
2021-08-09,Mono,51,14174,1330,1337,14,1351,3
2021-08-09,Monterey,53,433212,44440,44190,2221,46411,527
2021-08-09,Napa,55,140530,10909,10679,62,10741,83
2021-08-09,Nevada,57,99092,6432,6088,225,6313,73
2021-08-09,Orange,59,3164182,274319,271036,12856,283892,5153
2021-08-09,Placer,61,380077,27551,26457,2236,28693,305
2021-08-09,Plumas,63,18699,831,803,16,819,5
2021-08-09,Riverside,65,2383286,312337,308678,15596,324274,4562
2021-08-09,Sacramento,67,1510023,124119,120812,2444,123256,1748
2021-08-09,San Benito,69,59416,6434,6359,124,6483,63
2021-08-09,San Bernardino,71,2135413,312113,308038,9676,317714,5295
2021-08-09,San Diego,73,3302833,311640,306855,0,306855,3811
2021-08-09,San Francisco,75,870044,44426,43261,1935,45196,564
2021-08-09,San Joaquin,77,732212,80605,79198,4303,83501,1469
2021-08-09,San Luis Obispo,79,281455,23164,22695,903,23598,264
2021-08-09,San Mateo,81,765935,46934,46040,777,46817,548
2021-08-09,Santa Barbara,83,443738,37103,36474,1398,37872,470
2021-08-09,Santa Clara,85,1922200,127698,125791,945,126736,2187
2021-08-09,Santa Cruz,87,273765,17381,17082,937,18019,209
2021-08-09,Shasta,89,179085,13800,13397,1921,15318,210
2021-08-09,Sierra,91,2930,81,75,14,89,0
2021-08-09,Siskiyou,93,43540,2181,2047,524,2571,32
2021-08-09,Solano,95,438530,37889,36653,839,37492,262
2021-08-09,Sonoma,97,501317,35091,33933,423,34356,333
2021-08-09,Stanislaus,99,539301,61649,60410,6810,67220,1037
2021-08-09,Sutter,101,95872,10714,10525,116,10641,129
2021-08-09,Tehama,103,63373,5473,5373,683,6056,66
2021-08-09,Trinity,105,12862,422,378,94,472,3
2021-08-09,Tulare,107,460477,51872,51274,10691,61965,854
2021-08-09,Tuolumne,109,53932,4922,4745,41,4786,64
2021-08-09,Ventura,111,848112,86561,85514,3802,89316,1047
2021-08-09,Yolo,113,214977,15904,15521,615,16136,218
2021-08-09,Yuba,115,75493,7140,6994,148,7142,50
2021-08-08,Alameda,1,1643700,101549,99135,2395,101530,1276
2021-08-08,Alpine,3,1148,91,91,0,91,0
2021-08-08,Amador,5,37829,4194,4057,37,4094,48
2021-08-08,Butte,7,227075,13996,13791,2264,16055,205
2021-08-08,Calaveras,9,45235,2497,2462,17,2479,57
2021-08-08,Colusa,11,21464,2118,2070,404,2474,16
2021-08-08,Contra Costa,13,1133247,81697,79454,1659,81113,840
2021-08-08,Del Norte,15,27424,1926,1810,11,1821,8
2021-08-08,El Dorado,17,186661,11973,11631,1018,12649,117
2021-08-08,Fresno,19,978130,108437,107078,9611,116689,1747
2021-08-08,Glenn,21,27897,2544,2527,624,3151,20
2021-08-08,Humboldt,23,135768,5871,5571,101,5672,52
2021-08-08,Imperial,25,180216,29593,29485,2924,32409,745
2021-08-08,Inyo,27,18085,1488,1481,5,1486,39
2021-08-08,Kern,29,883053,101731,100909,13235,114144,1359
2021-08-08,Kings,31,150075,24453,24095,1349,25444,250
2021-08-08,Lake,33,64148,4773,4636,29,4665,66
2021-08-08,Lassen,35,31185,5446,5391,135,5526,21
2021-08-08,Los Angeles,37,10098052,1291718,1279982,49833,1329815,24793
2021-08-08,Madera,39,155013,17643,17398,1117,18515,245
2021-08-08,Marin,41,260295,15443,15124,318,15442,239
2021-08-08,Mariposa,43,17540,566,538,12,550,5
2021-08-08,Mendocino,45,87422,4933,4702,118,4820,49
2021-08-08,Merced,47,269075,32870,32634,1095,33729,477
2021-08-08,Modoc,49,8938,422,419,147,566,5
2021-08-08,Mono,51,14174,1326,1336,14,1350,3
2021-08-08,Monterey,53,433212,44379,44171,2200,46371,527
2021-08-08,Napa,55,140530,10874,10668,62,10730,83
2021-08-08,Nevada,57,99092,6347,6009,223,6232,73
2021-08-08,Orange,59,3164182,273441,270532,12821,283353,5153
2021-08-08,Placer,61,380077,27344,26332,2193,28525,305
2021-08-08,Plumas,63,18699,823,803,16,819,5
2021-08-08,Riverside,65,2383286,311260,308042,15576,323618,4562
2021-08-08,Sacramento,67,1510023,123301,120109,2431,122540,1744
2021-08-08,San Benito,69,59416,6417,6350,123,6473,63
2021-08-08,San Bernardino,71,2135413,310976,307378,9648,317026,5295
2021-08-08,San Diego,73,3302833,310311,305983,0,305983,3811
2021-08-08,San Francisco,75,870044,44173,43098,1909,45007,564
2021-08-08,San Joaquin,77,732212,80158,79002,4288,83290,1469
2021-08-08,San Luis Obispo,79,281455,22989,22668,895,23563,263
2021-08-08,San Mateo,81,765935,46771,45927,762,46689,548
2021-08-08,Santa Barbara,83,443738,36928,36417,1391,37808,470
2021-08-08,Santa Clara,85,1922200,127252,125553,940,126493,2187
2021-08-08,Santa Cruz,87,273765,17309,17035,930,17965,209
2021-08-08,Shasta,89,179085,13715,13381,1911,15292,210
2021-08-08,Sierra,91,2930,81,74,14,88,0
2021-08-08,Siskiyou,93,43540,2165,2041,519,2560,32
2021-08-08,Solano,95,438530,37666,36551,836,37387,262
2021-08-08,Sonoma,97,501317,34845,33805,422,34227,333
2021-08-08,Stanislaus,99,539301,61308,60269,6779,67048,1037
2021-08-08,Sutter,101,95872,10654,10481,115,10596,129
2021-08-08,Tehama,103,63373,5438,5359,680,6039,66
2021-08-08,Trinity,105,12862,417,378,94,472,3
2021-08-08,Tulare,107,460477,51691,51220,10642,61862,854
2021-08-08,Tuolumne,109,53932,4883,4731,41,4772,64
2021-08-08,Ventura,111,848112,86270,85382,3792,89174,1047
2021-08-08,Yolo,113,214977,15812,15477,609,16086,218
2021-08-08,Yuba,115,75493,7101,6967,148,7115,50
2021-08-07,Alameda,1,1643700,101305,98812,2391,101203,1276
2021-08-07,Alpine,3,1148,91,91,0,91,0
2021-08-07,Amador,5,37829,4177,4041,37,4078,48
2021-08-07,Butte,7,227075,13949,13714,2252,15966,205
2021-08-07,Calaveras,9,45235,2487,2446,17,2463,57
2021-08-07,Colusa,11,21464,2113,2067,395,2462,16
2021-08-07,Contra Costa,13,1133247,81402,79168,1655,80823,840
2021-08-07,Del Norte,15,27424,1894,1791,11,1802,8
2021-08-07,El Dorado,17,186661,11923,11575,1008,12583,117
2021-08-07,Fresno,19,978130,108254,106861,9604,116465,1747
2021-08-07,Glenn,21,27897,2540,2515,624,3139,20
2021-08-07,Humboldt,23,135768,5821,5510,98,5608,52
2021-08-07,Imperial,25,180216,29575,29470,2924,32394,745
2021-08-07,Inyo,27,18085,1486,1476,5,1481,39
2021-08-07,Kern,29,883053,101577,100693,13179,113872,1359
2021-08-07,Kings,31,150075,24392,24048,1343,25391,250
2021-08-07,Lake,33,64148,4752,4613,29,4642,66
2021-08-07,Lassen,35,31185,5442,5386,135,5521,21
2021-08-07,Los Angeles,37,10098052,1289741,1276853,49675,1326528,24786
2021-08-07,Madera,39,155013,17615,17366,1111,18477,245
2021-08-07,Marin,41,260295,15410,15085,316,15401,239
2021-08-07,Mariposa,43,17540,563,530,12,542,5
2021-08-07,Mendocino,45,87422,4896,4690,116,4806,49
2021-08-07,Merced,47,269075,32818,32569,1093,33662,477
2021-08-07,Modoc,49,8938,422,419,147,566,5
2021-08-07,Mono,51,14174,1324,1329,14,1343,3
2021-08-07,Monterey,53,433212,44331,44124,2191,46315,527
2021-08-07,Napa,55,140530,10853,10658,61,10719,83
2021-08-07,Nevada,57,99092,6298,5967,220,6187,73
2021-08-07,Orange,59,3164182,272875,269900,12801,282701,5153
2021-08-07,Placer,61,380077,27166,26244,2184,28428,305
2021-08-07,Plumas,63,18699,820,801,16,817,5
2021-08-07,Riverside,65,2383286,310595,307326,15568,322894,4562
2021-08-07,Sacramento,67,1510023,122811,119636,2426,122062,1744
2021-08-07,San Benito,69,59416,6407,6332,123,6455,63
2021-08-07,San Bernardino,71,2135413,310392,306663,9631,316294,5295
2021-08-07,San Diego,73,3302833,309573,304974,0,304974,3811
2021-08-07,San Francisco,75,870044,44012,42926,1882,44808,564
2021-08-07,San Joaquin,77,732212,79995,78769,4274,83043,1469
2021-08-07,San Luis Obispo,79,281455,22923,22579,894,23473,263
2021-08-07,San Mateo,81,765935,46656,45804,751,46555,548
2021-08-07,Santa Barbara,83,443738,36831,36303,1385,37688,470
2021-08-07,Santa Clara,85,1922200,126987,125196,935,126131,2188
2021-08-07,Santa Cruz,87,273765,17268,16994,928,17922,209
2021-08-07,Shasta,89,179085,13661,13361,1903,15264,210
2021-08-07,Sierra,91,2930,81,74,14,88,0
2021-08-07,Siskiyou,93,43540,2153,2039,517,2556,32
2021-08-07,Solano,95,438530,37550,36458,828,37286,262
2021-08-07,Sonoma,97,501317,34721,33716,422,34138,333
2021-08-07,Stanislaus,99,539301,61122,60093,6755,66848,1037
2021-08-07,Sutter,101,95872,10617,10447,115,10562,129
2021-08-07,Tehama,103,63373,5428,5343,675,6018,66
2021-08-07,Trinity,105,12862,413,377,93,470,3
2021-08-07,Tulare,107,460477,51608,51133,10604,61737,854
2021-08-07,Tuolumne,109,53932,4853,4721,41,4762,64
2021-08-07,Ventura,111,848112,86094,85232,3776,89008,1047
2021-08-07,Yolo,113,214977,15771,15423,601,16024,218
2021-08-07,Yuba,115,75493,7077,6937,146,7083,50
2021-08-06,Alameda,1,1643700,100971,98487,2384,100871,1275
2021-08-06,Alpine,3,1148,91,91,0,91,0
2021-08-06,Amador,5,37829,4156,4002,37,4039,48
2021-08-06,Butte,7,227075,13905,13626,2241,15867,205
2021-08-06,Calaveras,9,45235,2477,2419,17,2436,57
2021-08-06,Colusa,11,21464,2107,2045,389,2434,16
2021-08-06,Contra Costa,13,1133247,81110,78796,1649,80445,840
2021-08-06,Del Norte,15,27424,1869,1755,11,1766,8
2021-08-06,El Dorado,17,186661,11874,11498,996,12494,117
2021-08-06,Fresno,19,978130,107994,106542,9590,116132,1747
2021-08-06,Glenn,21,27897,2530,2504,624,3128,20
2021-08-06,Humboldt,23,135768,5770,5421,95,5516,52
2021-08-06,Imperial,25,180216,29564,29404,2920,32324,745
2021-08-06,Inyo,27,18085,1483,1471,5,1476,39
2021-08-06,Kern,29,883053,101401,100427,13094,113521,1359
2021-08-06,Kings,31,150075,24335,23974,1339,25313,250
2021-08-06,Lake,33,64148,4731,4557,29,4586,66
2021-08-06,Lassen,35,31185,5422,5368,133,5501,21
2021-08-06,Los Angeles,37,10098052,1287279,1273081,49524,1322605,24772
2021-08-06,Madera,39,155013,17578,17324,1104,18428,245
2021-08-06,Marin,41,260295,15378,15051,316,15367,239
2021-08-06,Mariposa,43,17540,554,511,12,523,5
2021-08-06,Mendocino,45,87422,4854,4649,115,4764,49
2021-08-06,Merced,47,269075,32768,32456,1090,33546,477
2021-08-06,Modoc,49,8938,422,419,147,566,5
2021-08-06,Mono,51,14174,1322,1328,14,1342,3
2021-08-06,Monterey,53,433212,44273,44058,2168,46226,527
2021-08-06,Napa,55,140530,10826,10620,61,10681,83
2021-08-06,Nevada,57,99092,6242,5874,220,6094,73
2021-08-06,Orange,59,3164182,272327,269077,12783,281860,5151
2021-08-06,Placer,61,380077,27037,26086,2161,28247,305
2021-08-06,Plumas,63,18699,814,795,16,811,5
2021-08-06,Riverside,65,2383286,309889,306304,15558,321862,4562
2021-08-06,Sacramento,67,1510023,122340,119169,2406,121575,1740
2021-08-06,San Benito,69,59416,6391,6315,123,6438,63
2021-08-06,San Bernardino,71,2135413,309696,305806,9625,315431,5286
2021-08-06,San Diego,73,3302833,308560,303691,0,303691,3810
2021-08-06,San Francisco,75,870044,43862,42659,1859,44518,565
2021-08-06,San Joaquin,77,732212,79849,78405,4263,82668,1469
2021-08-06,San Luis Obispo,79,281455,22855,22472,889,23361,263
2021-08-06,San Mateo,81,765935,46527,45665,736,46401,548
2021-08-06,Santa Barbara,83,443738,36743,36208,1380,37588,470
2021-08-06,Santa Clara,85,1922200,126701,124767,931,125698,2185
2021-08-06,Santa Cruz,87,273765,17226,16924,924,17848,207
2021-08-06,Shasta,89,179085,13596,13284,1898,15182,210
2021-08-06,Sierra,91,2930,81,73,14,87,0
2021-08-06,Siskiyou,93,43540,2143,2030,513,2543,32
2021-08-06,Solano,95,438530,37442,36351,819,37170,262
2021-08-06,Sonoma,97,501317,34634,33594,421,34015,333
2021-08-06,Stanislaus,99,539301,60970,59854,6737,66591,1037
2021-08-06,Sutter,101,95872,10575,10391,115,10506,128
2021-08-06,Tehama,103,63373,5408,5325,674,5999,66
2021-08-06,Trinity,105,12862,412,371,92,463,3
2021-08-06,Tulare,107,460477,51509,51018,10564,61582,854
2021-08-06,Tuolumne,109,53932,4826,4674,41,4715,64
2021-08-06,Ventura,111,848112,85924,85046,3765,88811,1047
2021-08-06,Yolo,113,214977,15718,15299,596,15895,218
2021-08-06,Yuba,115,75493,7054,6904,146,7050,50
2021-08-05,Alameda,1,1643700,100469,98052,2380,100432,1275
2021-08-05,Alpine,3,1148,91,91,0,91,0
2021-08-05,Amador,5,37829,4136,3992,37,4029,48
2021-08-05,Butte,7,227075,13853,13564,2220,15784,206
2021-08-05,Calaveras,9,45235,2459,2397,17,2414,57
2021-08-05,Colusa,11,21464,2095,2036,385,2421,16
2021-08-05,Contra Costa,13,1133247,80683,78514,1641,80155,840
2021-08-05,Del Norte,15,27424,1842,1731,11,1742,8
2021-08-05,El Dorado,17,186661,11789,11408,985,12393,117
2021-08-05,Fresno,19,978130,107622,106219,9563,115782,1747
2021-08-05,Glenn,21,27897,2525,2494,621,3115,20
2021-08-05,Humboldt,23,135768,5696,5328,94,5422,52
2021-08-05,Imperial,25,180216,29533,29383,2916,32299,745
2021-08-05,Inyo,27,18085,1479,1468,5,1473,38
2021-08-05,Kern,29,883053,101183,100091,13010,113101,1358
2021-08-05,Kings,31,150075,24250,23906,1335,25241,249
2021-08-05,Lake,33,64148,4692,4490,27,4517,66
2021-08-05,Lassen,35,31185,5414,5344,133,5477,21
2021-08-05,Los Angeles,37,10098052,1284092,1269445,49392,1318837,24756
2021-08-05,Madera,39,155013,17538,17301,1097,18398,245
2021-08-05,Marin,41,260295,15336,15005,312,15317,239
2021-08-05,Mariposa,43,17540,543,504,11,515,5
2021-08-05,Mendocino,45,87422,4812,4597,105,4702,49
2021-08-05,Merced,47,269075,32707,32381,1086,33467,477
2021-08-05,Modoc,49,8938,421,418,147,565,5
2021-08-05,Mono,51,14174,1312,1309,14,1323,3
2021-08-05,Monterey,53,433212,44221,43992,2148,46140,527
2021-08-05,Napa,55,140530,10790,10591,59,10650,83
2021-08-05,Nevada,57,99092,6159,5778,217,5995,73
2021-08-05,Orange,59,3164182,271588,268329,12763,281092,5149
2021-08-05,Placer,61,380077,26844,25965,2132,28097,305
2021-08-05,Plumas,63,18699,806,787,15,802,5
2021-08-05,Riverside,65,2383286,308982,305415,15536,320951,4562
2021-08-05,Sacramento,67,1510023,121629,118590,2396,120986,1739
2021-08-05,San Benito,69,59416,6373,6305,123,6428,63
2021-08-05,San Bernardino,71,2135413,308866,304956,9604,314560,5284
2021-08-05,San Diego,73,3302833,307315,302220,0,302220,3806
2021-08-05,San Francisco,75,870044,43656,42301,1846,44147,564
2021-08-05,San Joaquin,77,732212,79492,78151,4255,82406,1468
2021-08-05,San Luis Obispo,79,281455,22744,22362,884,23246,263
2021-08-05,San Mateo,81,765935,46366,45554,723,46277,548
2021-08-05,Santa Barbara,83,443738,36638,36112,1377,37489,470
2021-08-05,Santa Clara,85,1922200,126374,124490,931,125421,2185
2021-08-05,Santa Cruz,87,273765,17183,16867,921,17788,207
2021-08-05,Shasta,89,179085,13540,13217,1889,15106,210
2021-08-05,Sierra,91,2930,76,73,14,87,0
2021-08-05,Siskiyou,93,43540,2123,2024,502,2526,32
2021-08-05,Solano,95,438530,37269,36250,812,37062,262
2021-08-05,Sonoma,97,501317,34499,33455,420,33875,330
2021-08-05,Stanislaus,99,539301,60723,59692,6710,66402,1037
2021-08-05,Sutter,101,95872,10519,10349,115,10464,127
2021-08-05,Tehama,103,63373,5392,5305,671,5976,66
2021-08-05,Trinity,105,12862,406,367,92,459,3
2021-08-05,Tulare,107,460477,51395,50889,10513,61402,854
2021-08-05,Tuolumne,109,53932,4796,4619,41,4660,64
2021-08-05,Ventura,111,848112,85673,84837,3752,88589,1047
2021-08-05,Yolo,113,214977,15657,15250,591,15841,218
2021-08-05,Yuba,115,75493,7011,6872,144,7016,50
2021-08-04,Alameda,1,1643700,99996,97477,2368,99845,1274
2021-08-04,Alpine,3,1148,91,91,0,91,0
2021-08-04,Amador,5,37829,4106,3962,37,3999,48
2021-08-04,Butte,7,227075,13790,13509,2202,15711,205
2021-08-04,Calaveras,9,45235,2436,2374,17,2391,57
2021-08-04,Colusa,11,21464,2084,2025,379,2404,16
2021-08-04,Contra Costa,13,1133247,80178,77966,1635,79601,840
2021-08-04,Del Norte,15,27424,1819,1701,11,1712,8
2021-08-04,El Dorado,17,186661,11712,11319,974,12293,117
2021-08-04,Fresno,19,978130,107256,105899,9542,115441,1747
2021-08-04,Glenn,21,27897,2515,2487,621,3108,20
2021-08-04,Humboldt,23,135768,5620,5271,93,5364,52
2021-08-04,Imperial,25,180216,29485,29375,2914,32289,745
2021-08-04,Inyo,27,18085,1478,1465,5,1470,38
2021-08-04,Kern,29,883053,100933,99868,12925,112793,1358
2021-08-04,Kings,31,150075,24181,23840,1328,25168,250
2021-08-04,Lake,33,64148,4661,4423,21,4444,65
2021-08-04,Lassen,35,31185,5405,5340,133,5473,21
2021-08-04,Los Angeles,37,10098052,1280632,1265788,49229,1315017,24737
2021-08-04,Madera,39,155013,17503,17251,1090,18341,245
2021-08-04,Marin,41,260295,15289,14950,311,15261,239
2021-08-04,Mariposa,43,17540,528,497,11,508,5
2021-08-04,Mendocino,45,87422,4788,4560,101,4661,49
2021-08-04,Merced,47,269075,32575,32274,1083,33357,476
2021-08-04,Modoc,49,8938,421,416,147,563,5
2021-08-04,Mono,51,14174,1309,1307,14,1321,3
2021-08-04,Monterey,53,433212,44162,43926,2131,46057,526
2021-08-04,Napa,55,140530,10754,10544,59,10603,82
2021-08-04,Nevada,57,99092,6093,5702,216,5918,73
2021-08-04,Orange,59,3164182,270747,267199,12741,279940,5146
2021-08-04,Placer,61,380077,26634,25688,2112,27800,305
2021-08-04,Plumas,63,18699,799,784,15,799,5
2021-08-04,Riverside,65,2383286,308065,304272,15518,319790,4562
2021-08-04,Sacramento,67,1510023,120892,117882,2370,120252,1736
2021-08-04,San Benito,69,59416,6358,6300,123,6423,63
2021-08-04,San Bernardino,71,2135413,308025,304164,9586,313750,5285
2021-08-04,San Diego,73,3302833,305820,301100,0,301100,3805
2021-08-04,San Francisco,75,870044,43406,41913,1830,43743,562
2021-08-04,San Joaquin,77,732212,79142,77846,4244,82090,1466
2021-08-04,San Luis Obispo,79,281455,22637,22245,878,23123,262
2021-08-04,San Mateo,81,765935,46197,45392,715,46107,548
2021-08-04,Santa Barbara,83,443738,36511,36013,1368,37381,470
2021-08-04,Santa Clara,85,1922200,125991,124127,924,125051,2183
2021-08-04,Santa Cruz,87,273765,17120,16820,914,17734,208
2021-08-04,Shasta,89,179085,13489,13134,1878,15012,211
2021-08-04,Sierra,91,2930,76,73,14,87,0
2021-08-04,Siskiyou,93,43540,2103,2010,497,2507,32
2021-08-04,Solano,95,438530,37096,36025,803,36828,262
2021-08-04,Sonoma,97,501317,34336,33311,418,33729,330
2021-08-04,Stanislaus,99,539301,60485,59396,6681,66077,1037
2021-08-04,Sutter,101,95872,10482,10294,115,10409,127
2021-08-04,Tehama,103,63373,5367,5281,667,5948,66
2021-08-04,Trinity,105,12862,404,362,89,451,3
2021-08-04,Tulare,107,460477,51288,50797,10477,61274,855
2021-08-04,Tuolumne,109,53932,4771,4584,41,4625,64
2021-08-04,Ventura,111,848112,85414,84406,3728,88134,1047
2021-08-04,Yolo,113,214977,15583,15189,580,15769,215
2021-08-04,Yuba,115,75493,6971,6827,143,6970,50
2021-08-03,Alameda,1,1643700,99541,97275,2363,99638,1270
2021-08-03,Alpine,3,1148,91,91,0,91,0
2021-08-03,Amador,5,37829,4071,3953,37,3990,48
2021-08-03,Butte,7,227075,13728,13468,2186,15654,205
2021-08-03,Calaveras,9,45235,2412,2356,17,2373,57
2021-08-03,Colusa,11,21464,2071,2023,373,2396,16
2021-08-03,Contra Costa,13,1133247,79695,77739,1629,79368,836
2021-08-03,Del Norte,15,27424,1788,1691,10,1701,8
2021-08-03,El Dorado,17,186661,11623,11255,965,12220,117
2021-08-03,Fresno,19,978130,106904,105732,9523,115255,1746
2021-08-03,Glenn,21,27897,2509,2481,618,3099,20
2021-08-03,Humboldt,23,135768,5553,5199,88,5287,52
2021-08-03,Imperial,25,180216,29462,29333,2907,32240,745
2021-08-03,Inyo,27,18085,1475,1459,5,1464,38
2021-08-03,Kern,29,883053,100674,99708,12846,112554,1358
2021-08-03,Kings,31,150075,24093,23780,1322,25102,249
2021-08-03,Lake,33,64148,4604,4408,17,4425,66
2021-08-03,Lassen,35,31185,5395,5341,133,5474,21
2021-08-03,Los Angeles,37,10098052,1276922,1262678,49052,1311730,24721
2021-08-03,Madera,39,155013,17465,17220,1076,18296,245
2021-08-03,Marin,41,260295,15240,14906,308,15214,243
2021-08-03,Mariposa,43,17540,517,495,11,506,5
2021-08-03,Mendocino,45,87422,4738,4546,99,4645,49
2021-08-03,Merced,47,269075,32498,32197,1081,33278,476
2021-08-03,Modoc,49,8938,421,416,147,563,5
2021-08-03,Mono,51,14174,1303,1303,14,1317,3
2021-08-03,Monterey,53,433212,44100,43872,2115,45987,525
2021-08-03,Napa,55,140530,10711,10527,58,10585,82
2021-08-03,Nevada,57,99092,6012,5685,215,5900,73
2021-08-03,Orange,59,3164182,270026,266649,12714,279363,5146
2021-08-03,Placer,61,380077,26437,25624,2088,27712,305
2021-08-03,Plumas,63,18699,794,779,15,794,5
2021-08-03,Riverside,65,2383286,307142,303499,15492,318991,4562
2021-08-03,Sacramento,67,1510023,120177,117591,2349,119940,1732
2021-08-03,San Benito,69,59416,6343,6284,122,6406,63
2021-08-03,San Bernardino,71,2135413,307110,303386,9566,312952,5265
2021-08-03,San Diego,73,3302833,304402,300189,0,300189,3803
2021-08-03,San Francisco,75,870044,43127,41758,1805,43563,562
2021-08-03,San Joaquin,77,732212,78797,77615,4224,81839,1461
2021-08-03,San Luis Obispo,79,281455,22502,22166,872,23038,264
2021-08-03,San Mateo,81,765935,46018,45255,695,45950,548
2021-08-03,Santa Barbara,83,443738,36392,35912,1361,37273,469
2021-08-03,Santa Clara,85,1922200,125571,123914,918,124832,2183
2021-08-03,Santa Cruz,87,273765,17054,16778,911,17689,207
2021-08-03,Shasta,89,179085,13415,13091,1868,14959,211
2021-08-03,Sierra,91,2930,76,72,14,86,0
2021-08-03,Siskiyou,93,43540,2092,1998,492,2490,32
2021-08-03,Solano,95,438530,36887,35953,790,36743,261
2021-08-03,Sonoma,97,501317,34153,33243,417,33660,330
2021-08-03,Stanislaus,99,539301,60254,59282,6662,65944,1037
2021-08-03,Sutter,101,95872,10442,10263,115,10378,127
2021-08-03,Tehama,103,63373,5342,5269,662,5931,66
2021-08-03,Trinity,105,12862,400,361,86,447,3
2021-08-03,Tulare,107,460477,51192,50729,10437,61166,854
2021-08-03,Tuolumne,109,53932,4736,4563,41,4604,64
2021-08-03,Ventura,111,848112,85180,84270,3705,87975,1046
2021-08-03,Yolo,113,214977,15496,15149,567,15716,215
2021-08-03,Yuba,115,75493,6935,6781,143,6924,50
2021-08-02,Alameda,1,1643700,98999,96954,2359,99313,1270
2021-08-02,Alpine,3,1148,91,91,0,91,0
2021-08-02,Amador,5,37829,4051,3927,37,3964,48
2021-08-02,Butte,7,227075,13653,13442,2167,15609,205
2021-08-02,Calaveras,9,45235,2382,2347,17,2364,57
2021-08-02,Colusa,11,21464,2059,2019,370,2389,16
2021-08-02,Contra Costa,13,1133247,79188,77516,1614,79130,836
2021-08-02,Del Norte,15,27424,1760,1653,10,1663,8
2021-08-02,El Dorado,17,186661,11518,11226,951,12177,116
2021-08-02,Fresno,19,978130,106582,105471,9494,114965,1744
2021-08-02,Glenn,21,27897,2497,2477,615,3092,20
2021-08-02,Humboldt,23,135768,5469,5161,86,5247,52
2021-08-02,Imperial,25,180216,29428,29302,2904,32206,743
2021-08-02,Inyo,27,18085,1469,1455,5,1460,38
2021-08-02,Kern,29,883053,100419,99556,12752,112308,1357
2021-08-02,Kings,31,150075,24024,23722,1315,25037,249
2021-08-02,Lake,33,64148,4562,4375,17,4392,66
2021-08-02,Lassen,35,31185,5373,5338,131,5469,21
2021-08-02,Los Angeles,37,10098052,1273231,1260807,48841,1309648,24705
2021-08-02,Madera,39,155013,17424,17158,1063,18221,245
2021-08-02,Marin,41,260295,15197,14859,306,15165,239
2021-08-02,Mariposa,43,17540,508,490,11,501,5
2021-08-02,Mendocino,45,87422,4698,4512,96,4608,49
2021-08-02,Merced,47,269075,32399,32163,1077,33240,474
2021-08-02,Modoc,49,8938,421,415,147,562,5
2021-08-02,Mono,51,14174,1299,1296,14,1310,3
2021-08-02,Monterey,53,433212,44042,43842,2105,45947,525
2021-08-02,Napa,55,140530,10668,10490,55,10545,82
2021-08-02,Nevada,57,99092,5941,5611,214,5825,73
2021-08-02,Orange,59,3164182,269137,266050,12676,278726,5146
2021-08-02,Placer,61,380077,26291,25516,2052,27568,306
2021-08-02,Plumas,63,18699,788,762,15,777,5
2021-08-02,Riverside,65,2383286,306206,302756,15476,318232,4562
2021-08-02,Sacramento,67,1510023,119470,117183,2332,119515,1728
2021-08-02,San Benito,69,59416,6324,6276,121,6397,63
2021-08-02,San Bernardino,71,2135413,306239,303000,9535,312535,5253
2021-08-02,San Diego,73,3302833,302932,299021,0,299021,3798
2021-08-02,San Francisco,75,870044,42838,41553,1775,43328,562
2021-08-02,San Joaquin,77,732212,78461,77447,4193,81640,1461
2021-08-02,San Luis Obispo,79,281455,22409,22093,867,22960,261
2021-08-02,San Mateo,81,765935,45848,45154,672,45826,548
2021-08-02,Santa Barbara,83,443738,36259,35851,1355,37206,469
2021-08-02,Santa Clara,85,1922200,125104,123655,910,124565,2183
2021-08-02,Santa Cruz,87,273765,16997,16746,907,17653,207
2021-08-02,Shasta,89,179085,13352,13049,1854,14903,212
2021-08-02,Sierra,91,2930,76,71,14,85,0
2021-08-02,Siskiyou,93,43540,2081,1992,478,2470,31
2021-08-02,Solano,95,438530,36644,35852,781,36633,260
2021-08-02,Sonoma,97,501317,33925,33132,412,33544,330
2021-08-02,Stanislaus,99,539301,60021,59160,6647,65807,1037
2021-08-02,Sutter,101,95872,10396,10220,115,10335,127
2021-08-02,Tehama,103,63373,5319,5260,658,5918,66
2021-08-02,Trinity,105,12862,395,359,85,444,3
2021-08-02,Tulare,107,460477,51090,50640,10368,61008,854
2021-08-02,Tuolumne,109,53932,4670,4524,41,4565,64
2021-08-02,Ventura,111,848112,84998,84143,3682,87825,1044
2021-08-02,Yolo,113,214977,15398,15072,548,15620,215
2021-08-02,Yuba,115,75493,6893,6743,143,6886,50
2021-08-01,Alameda,1,1643700,98472,96775,2354,99129,1270
2021-08-01,Alpine,3,1148,91,91,0,91,0
2021-08-01,Amador,5,37829,4014,3923,36,3959,48
2021-08-01,Butte,7,227075,13575,13406,2150,15556,205
2021-08-01,Calaveras,9,45235,2357,2341,17,2358,57
2021-08-01,Colusa,11,21464,2049,2014,368,2382,16
2021-08-01,Contra Costa,13,1133247,78754,77360,1606,78966,836
2021-08-01,Del Norte,15,27424,1730,1642,10,1652,8
2021-08-01,El Dorado,17,186661,11417,11189,941,12130,116
2021-08-01,Fresno,19,978130,106269,105339,9470,114809,1744
2021-08-01,Glenn,21,27897,2494,2476,613,3089,20
2021-08-01,Humboldt,23,135768,5394,5118,82,5200,52
2021-08-01,Imperial,25,180216,29393,29297,2900,32197,743
2021-08-01,Inyo,27,18085,1467,1454,5,1459,38
2021-08-01,Kern,29,883053,100145,99396,12676,112072,1357
2021-08-01,Kings,31,150075,23936,23700,1309,25009,249
2021-08-01,Lake,33,64148,4483,4356,17,4373,66
2021-08-01,Lassen,35,31185,5361,5336,129,5465,21
2021-08-01,Los Angeles,37,10098052,1269567,1258461,48611,1307072,24700
2021-08-01,Madera,39,155013,17368,17146,1058,18204,245
2021-08-01,Marin,41,260295,15125,14844,305,15149,239
2021-08-01,Mariposa,43,17540,501,482,11,493,5
2021-08-01,Mendocino,45,87422,4652,4476,92,4568,49
2021-08-01,Merced,47,269075,32313,32144,1073,33217,474
2021-08-01,Modoc,49,8938,420,413,147,560,5
2021-08-01,Mono,51,14174,1296,1294,14,1308,3
2021-08-01,Monterey,53,433212,43996,43808,2092,45900,525
2021-08-01,Napa,55,140530,10622,10473,53,10526,82
2021-08-01,Nevada,57,99092,5859,5561,213,5774,73
2021-08-01,Orange,59,3164182,268357,265467,12635,278102,5146
2021-08-01,Placer,61,380077,26079,25464,2022,27486,306
2021-08-01,Plumas,63,18699,782,761,15,776,5
2021-08-01,Riverside,65,2383286,305278,302256,15457,317713,4562
2021-08-01,Sacramento,67,1510023,118753,116923,2316,119239,1727
2021-08-01,San Benito,69,59416,6307,6271,121,6392,63
2021-08-01,San Bernardino,71,2135413,305317,302542,9523,312065,5248
2021-08-01,San Diego,73,3302833,301762,298002,0,298002,3798
2021-08-01,San Francisco,75,870044,42504,41432,1761,43193,562
2021-08-01,San Joaquin,77,732212,78097,77338,4166,81504,1461
2021-08-01,San Luis Obispo,79,281455,22306,22083,862,22945,261
2021-08-01,San Mateo,81,765935,45690,45036,656,45692,548
2021-08-01,Santa Barbara,83,443738,36140,35809,1351,37160,469
2021-08-01,Santa Clara,85,1922200,124699,123511,902,124413,2183
2021-08-01,Santa Cruz,87,273765,16922,16709,897,17606,207
2021-08-01,Shasta,89,179085,13282,13036,1845,14881,212
2021-08-01,Sierra,91,2930,74,71,14,85,0
2021-08-01,Siskiyou,93,43540,2075,1989,472,2461,31
2021-08-01,Solano,95,438530,36426,35800,774,36574,260
2021-08-01,Sonoma,97,501317,33734,33076,408,33484,330
2021-08-01,Stanislaus,99,539301,59781,59078,6627,65705,1037
2021-08-01,Sutter,101,95872,10341,10198,112,10310,127
2021-08-01,Tehama,103,63373,5304,5252,653,5905,66
2021-08-01,Trinity,105,12862,392,359,84,443,3
2021-08-01,Tulare,107,460477,50936,50600,10309,60909,854
2021-08-01,Tuolumne,109,53932,4632,4489,41,4530,64
2021-08-01,Ventura,111,848112,84777,84040,3666,87706,1044
2021-08-01,Yolo,113,214977,15328,15042,539,15581,215
2021-08-01,Yuba,115,75493,6855,6721,143,6864,50
2021-07-31,Alameda,1,1643700,98164,95279,2348,97627,1265
2021-07-31,Alpine,3,1148,91,89,0,89,0
2021-07-31,Amador,5,37829,3994,3877,36,3913,48
2021-07-31,Butte,7,227075,13542,13235,2129,15364,205
2021-07-31,Calaveras,9,45235,2350,2294,17,2311,57
2021-07-31,Colusa,11,21464,2043,2006,366,2372,16
2021-07-31,Contra Costa,13,1133247,78474,75866,1604,77470,832
2021-07-31,Del Norte,15,27424,1707,1576,10,1586,8
2021-07-31,El Dorado,17,186661,11364,11017,935,11952,116
2021-07-31,Fresno,19,978130,106133,104639,9465,114104,1744
2021-07-31,Glenn,21,27897,2488,2465,610,3075,20
2021-07-31,Humboldt,23,135768,5340,4978,81,5059,52
2021-07-31,Imperial,25,180216,29377,29164,2897,32061,743
2021-07-31,Inyo,27,18085,1464,1442,5,1447,38
2021-07-31,Kern,29,883053,99985,98903,12615,111518,1357
2021-07-31,Kings,31,150075,23885,23548,1304,24852,248
2021-07-31,Lake,33,64148,4459,4238,16,4254,66
2021-07-31,Lassen,35,31185,5355,5320,129,5449,21
2021-07-31,Los Angeles,37,10098052,1267394,1248545,48463,1297008,24691
2021-07-31,Madera,39,155013,17335,17058,1053,18111,245
2021-07-31,Marin,41,260295,15081,14701,304,15005,239
2021-07-31,Mariposa,43,17540,492,470,11,481,5
2021-07-31,Mendocino,45,87422,4626,4400,89,4489,49
2021-07-31,Merced,47,269075,32270,31959,1067,33026,474
2021-07-31,Modoc,49,8938,420,413,147,560,5
2021-07-31,Mono,51,14174,1295,1287,14,1301,3
2021-07-31,Monterey,53,433212,43959,43720,2083,45803,525
2021-07-31,Napa,55,140530,10603,10401,52,10453,82
2021-07-31,Nevada,57,99092,5820,5373,212,5585,72
2021-07-31,Orange,59,3164182,267797,263446,12616,276062,5144
2021-07-31,Placer,61,380077,25947,25104,2015,27119,306
2021-07-31,Plumas,63,18699,779,743,15,758,5
2021-07-31,Riverside,65,2383286,304665,300315,15447,315762,4554
2021-07-31,Sacramento,67,1510023,118354,115259,2312,117571,1720
2021-07-31,San Benito,69,59416,6296,6251,121,6372,63
2021-07-31,San Bernardino,71,2135413,304754,300726,9520,310246,5240
2021-07-31,San Diego,73,3302833,301091,295054,0,295054,3798
2021-07-31,San Francisco,75,870044,42289,40412,1735,42147,562
2021-07-31,San Joaquin,77,732212,77931,76575,4154,80729,1443
2021-07-31,San Luis Obispo,79,281455,22251,21922,860,22782,260
2021-07-31,San Mateo,81,765935,45551,44622,644,45266,548
2021-07-31,Santa Barbara,83,443738,36060,35531,1349,36880,467
2021-07-31,Santa Clara,85,1922200,124444,122614,900,123514,2099
2021-07-31,Santa Cruz,87,273765,16883,16576,896,17472,207
2021-07-31,Shasta,89,179085,13248,12918,1837,14755,212
2021-07-31,Sierra,91,2930,74,68,14,82,0
2021-07-31,Siskiyou,93,43540,2066,1976,466,2442,31
2021-07-31,Solano,95,438530,36332,35340,768,36108,263
2021-07-31,Sonoma,97,501317,33608,32601,408,33009,329
2021-07-31,Stanislaus,99,539301,59623,58586,6606,65192,1035
2021-07-31,Sutter,101,95872,10305,10068,111,10179,127
2021-07-31,Tehama,103,63373,5290,5216,650,5866,66
2021-07-31,Trinity,105,12862,391,354,83,437,3
2021-07-31,Tulare,107,460477,50855,50409,10257,60666,854
2021-07-31,Tuolumne,109,53932,4592,4362,41,4403,64
2021-07-31,Ventura,111,848112,84622,83509,3649,87158,1044
2021-07-31,Yolo,113,214977,15281,14863,529,15392,215
2021-07-31,Yuba,115,75493,6832,6615,142,6757,50
2021-07-30,Alameda,1,1643700,97834,95279,2343,97622,1265
2021-07-30,Alpine,3,1148,91,89,0,89,0
2021-07-30,Amador,5,37829,3971,3877,36,3913,48
2021-07-30,Butte,7,227075,13488,13235,2116,15351,205
2021-07-30,Calaveras,9,45235,2345,2294,17,2311,57
2021-07-30,Colusa,11,21464,2039,2006,364,2370,16
2021-07-30,Contra Costa,13,1133247,78232,75866,1600,77466,832
2021-07-30,Del Norte,15,27424,1689,1576,10,1586,8
2021-07-30,El Dorado,17,186661,11332,11017,928,11945,116
2021-07-30,Fresno,19,978130,105945,104639,9460,114099,1744
2021-07-30,Glenn,21,27897,2486,2465,610,3075,20
2021-07-30,Humboldt,23,135768,5277,4978,78,5056,52
2021-07-30,Imperial,25,180216,29363,29164,2895,32059,743
2021-07-30,Inyo,27,18085,1463,1442,5,1447,38
2021-07-30,Kern,29,883053,99859,98903,12566,111469,1357
2021-07-30,Kings,31,150075,23844,23548,1300,24848,248
2021-07-30,Lake,33,64148,4431,4238,16,4254,66
2021-07-30,Lassen,35,31185,5351,5320,129,5449,21
2021-07-30,Los Angeles,37,10098052,1265088,1248545,48306,1296851,24691
2021-07-30,Madera,39,155013,17295,17058,1049,18107,245
2021-07-30,Marin,41,260295,15047,14701,304,15005,239
2021-07-30,Mariposa,43,17540,489,470,11,481,5
2021-07-30,Mendocino,45,87422,4597,4400,88,4488,49
2021-07-30,Merced,47,269075,32233,31959,1062,33021,474
2021-07-30,Modoc,49,8938,418,413,147,560,5
2021-07-30,Mono,51,14174,1289,1287,14,1301,3
2021-07-30,Monterey,53,433212,43927,43720,2073,45793,525
2021-07-30,Napa,55,140530,10581,10401,51,10452,82
2021-07-30,Nevada,57,99092,5762,5373,212,5585,72
2021-07-30,Orange,59,3164182,267178,263446,12588,276034,5144
2021-07-30,Placer,61,380077,25859,25104,1997,27101,306
2021-07-30,Plumas,63,18699,774,743,15,758,5
2021-07-30,Riverside,65,2383286,304028,300315,15438,315753,4554
2021-07-30,Sacramento,67,1510023,117915,115259,2307,117566,1720
2021-07-30,San Benito,69,59416,6289,6251,121,6372,63
2021-07-30,San Bernardino,71,2135413,304249,300726,9515,310241,5240
2021-07-30,San Diego,73,3302833,300328,295054,0,295054,3798
2021-07-30,San Francisco,75,870044,42076,40412,1719,42131,562
2021-07-30,San Joaquin,77,732212,77779,76575,4151,80726,1443
2021-07-30,San Luis Obispo,79,281455,22216,21922,856,22778,260
2021-07-30,San Mateo,81,765935,45434,44622,627,45249,548
2021-07-30,Santa Barbara,83,443738,35991,35531,1344,36875,467
2021-07-30,Santa Clara,85,1922200,124222,122614,897,123511,2099
2021-07-30,Santa Cruz,87,273765,16857,16576,894,17470,207
2021-07-30,Shasta,89,179085,13201,12918,1837,14755,212
2021-07-30,Sierra,91,2930,73,68,14,82,0
2021-07-30,Siskiyou,93,43540,2057,1976,465,2441,31
2021-07-30,Solano,95,438530,36242,35340,752,36092,263
2021-07-30,Sonoma,97,501317,33514,32601,408,33009,329
2021-07-30,Stanislaus,99,539301,59478,58586,6586,65172,1035
2021-07-30,Sutter,101,95872,10269,10068,111,10179,127
2021-07-30,Tehama,103,63373,5279,5216,650,5866,66
2021-07-30,Trinity,105,12862,391,354,83,437,3
2021-07-30,Tulare,107,460477,50812,50409,10223,60632,854
2021-07-30,Tuolumne,109,53932,4574,4362,41,4403,64
2021-07-30,Ventura,111,848112,84462,83509,3631,87140,1044
2021-07-30,Yolo,113,214977,15220,14863,525,15388,215
2021-07-30,Yuba,115,75493,6796,6615,141,6756,50
2021-07-29,Alameda,1,1643700,97411,95279,2338,97617,1265
2021-07-29,Alpine,3,1148,91,89,0,89,0
2021-07-29,Amador,5,37829,3952,3877,36,3913,48
2021-07-29,Butte,7,227075,13441,13235,2108,15343,205
2021-07-29,Calaveras,9,45235,2325,2294,17,2311,57
2021-07-29,Colusa,11,21464,2032,2006,364,2370,16
2021-07-29,Contra Costa,13,1133247,77794,75866,1596,77462,832
2021-07-29,Del Norte,15,27424,1665,1576,10,1586,8
2021-07-29,El Dorado,17,186661,11267,11017,916,11933,116
2021-07-29,Fresno,19,978130,105687,104639,9441,114080,1744
2021-07-29,Glenn,21,27897,2480,2465,610,3075,20
2021-07-29,Humboldt,23,135768,5217,4978,76,5054,52
2021-07-29,Imperial,25,180216,29316,29164,2893,32057,743
2021-07-29,Inyo,27,18085,1459,1442,5,1447,38
2021-07-29,Kern,29,883053,99652,98903,12488,111391,1357
2021-07-29,Kings,31,150075,23801,23548,1294,24842,248
2021-07-29,Lake,33,64148,4396,4238,16,4254,66
2021-07-29,Lassen,35,31185,5343,5320,126,5446,21
2021-07-29,Los Angeles,37,10098052,1262030,1248545,48111,1296656,24691
2021-07-29,Madera,39,155013,17251,17058,1044,18102,245
2021-07-29,Marin,41,260295,15003,14701,304,15005,239
2021-07-29,Mariposa,43,17540,485,470,11,481,5
2021-07-29,Mendocino,45,87422,4574,4400,86,4486,49
2021-07-29,Merced,47,269075,32180,31959,1062,33021,474
2021-07-29,Modoc,49,8938,418,413,147,560,5
2021-07-29,Mono,51,14174,1286,1287,14,1301,3
2021-07-29,Monterey,53,433212,43879,43720,2062,45782,525
2021-07-29,Napa,55,140530,10549,10401,49,10450,82
2021-07-29,Nevada,57,99092,5709,5373,212,5585,72
2021-07-29,Orange,59,3164182,266488,263446,12558,276004,5144
2021-07-29,Placer,61,380077,25738,25104,1981,27085,306
2021-07-29,Plumas,63,18699,766,743,15,758,5
2021-07-29,Riverside,65,2383286,303324,300315,15417,315732,4554
2021-07-29,Sacramento,67,1510023,117366,115259,2295,117554,1720
2021-07-29,San Benito,69,59416,6278,6251,121,6372,63
2021-07-29,San Bernardino,71,2135413,303628,300726,9505,310231,5240
2021-07-29,San Diego,73,3302833,299277,295054,0,295054,3798
2021-07-29,San Francisco,75,870044,41832,40412,1695,42107,562
2021-07-29,San Joaquin,77,732212,77523,76575,4145,80720,1443
2021-07-29,San Luis Obispo,79,281455,22161,21922,854,22776,260
2021-07-29,San Mateo,81,765935,45309,44622,617,45239,548
2021-07-29,Santa Barbara,83,443738,35906,35531,1342,36873,467
2021-07-29,Santa Clara,85,1922200,123927,122614,894,123508,2099
2021-07-29,Santa Cruz,87,273765,16805,16576,891,17467,207
2021-07-29,Shasta,89,179085,13149,12918,1828,14746,212
2021-07-29,Sierra,91,2930,73,68,14,82,0
2021-07-29,Siskiyou,93,43540,2052,1976,463,2439,31
2021-07-29,Solano,95,438530,36089,35340,742,36082,263
2021-07-29,Sonoma,97,501317,33340,32601,406,33007,329
2021-07-29,Stanislaus,99,539301,59304,58586,6568,65154,1035
2021-07-29,Sutter,101,95872,10223,10068,110,10178,127
2021-07-29,Tehama,103,63373,5268,5216,644,5860,66
2021-07-29,Trinity,105,12862,389,354,82,436,3
2021-07-29,Tulare,107,460477,50727,50409,10183,60592,854
2021-07-29,Tuolumne,109,53932,4538,4362,40,4402,64
2021-07-29,Ventura,111,848112,84296,83509,3624,87133,1044
2021-07-29,Yolo,113,214977,15153,14863,512,15375,215
2021-07-29,Yuba,115,75493,6748,6615,140,6755,50
2021-07-28,Alameda,1,1643700,96938,94965,2330,97295,1262
2021-07-28,Alpine,3,1148,91,89,0,89,0
2021-07-28,Amador,5,37829,3938,3870,36,3906,48
2021-07-28,Butte,7,227075,13387,13184,2095,15279,205
2021-07-28,Calaveras,9,45235,2311,2289,17,2306,57
2021-07-28,Colusa,11,21464,2028,2001,363,2364,16
2021-07-28,Contra Costa,13,1133247,77310,75487,1588,77075,832
2021-07-28,Del Norte,15,27424,1634,1545,10,1555,8
2021-07-28,El Dorado,17,186661,11218,10967,906,11873,116
2021-07-28,Fresno,19,978130,105453,104458,9423,113881,1744
2021-07-28,Glenn,21,27897,2476,2464,607,3071,20
2021-07-28,Humboldt,23,135768,5163,4946,75,5021,52
2021-07-28,Imperial,25,180216,29269,29096,2893,31989,743
2021-07-28,Inyo,27,18085,1453,1439,4,1443,38
2021-07-28,Kern,29,883053,99498,98781,12437,111218,1352
2021-07-28,Kings,31,150075,23736,23503,1284,24787,248
2021-07-28,Lake,33,64148,4349,4191,14,4205,65
2021-07-28,Lassen,35,31185,5335,5318,126,5444,21
2021-07-28,Los Angeles,37,10098052,1258894,1245485,47937,1293422,24673
2021-07-28,Madera,39,155013,17210,17024,1038,18062,245
2021-07-28,Marin,41,260295,14949,14652,304,14956,239
2021-07-28,Mariposa,43,17540,478,469,11,480,5
2021-07-28,Mendocino,45,87422,4546,4377,86,4463,49
2021-07-28,Merced,47,269075,32116,31886,1058,32944,474
2021-07-28,Modoc,49,8938,416,413,147,560,5
2021-07-28,Mono,51,14174,1286,1286,14,1300,3
2021-07-28,Monterey,53,433212,43831,43668,2052,45720,524
2021-07-28,Napa,55,140530,10509,10376,47,10423,82
2021-07-28,Nevada,57,99092,5655,5320,212,5532,72
2021-07-28,Orange,59,3164182,265724,262735,12535,275270,5143
2021-07-28,Placer,61,380077,25595,24978,1966,26944,306
2021-07-28,Plumas,63,18699,761,754,15,769,5
2021-07-28,Riverside,65,2383286,302559,299611,15396,315007,4554
2021-07-28,Sacramento,67,1510023,116722,114665,2274,116939,1714
2021-07-28,San Benito,69,59416,6267,6236,121,6357,63
2021-07-28,San Bernardino,71,2135413,302996,300121,9494,309615,5236
2021-07-28,San Diego,73,3302833,298010,294176,0,294176,3798
2021-07-28,San Francisco,75,870044,41498,40144,1668,41812,561
2021-07-28,San Joaquin,77,732212,77276,76312,4114,80426,1443
2021-07-28,San Luis Obispo,79,281455,22101,21865,853,22718,260
2021-07-28,San Mateo,81,765935,45163,44477,607,45084,547
2021-07-28,Santa Barbara,83,443738,35831,35431,1337,36768,467
2021-07-28,Santa Clara,85,1922200,123667,122345,892,123237,2099
2021-07-28,Santa Cruz,87,273765,16766,16551,890,17441,207
2021-07-28,Shasta,89,179085,13104,12882,1817,14699,212
2021-07-28,Sierra,91,2930,69,67,14,81,0
2021-07-28,Siskiyou,93,43540,2043,1971,460,2431,31
2021-07-28,Solano,95,438530,35920,35204,734,35938,262
2021-07-28,Sonoma,97,501317,33196,32434,403,32837,328
2021-07-28,Stanislaus,99,539301,59107,58427,6554,64981,1035
2021-07-28,Sutter,101,95872,10191,10033,109,10142,126
2021-07-28,Tehama,103,63373,5256,5209,641,5850,66
2021-07-28,Trinity,105,12862,388,352,82,434,3
2021-07-28,Tulare,107,460477,50640,50363,10143,60506,854
2021-07-28,Tuolumne,109,53932,4500,4313,40,4353,64
2021-07-28,Ventura,111,848112,84107,83360,3608,86968,1043
2021-07-28,Yolo,113,214977,15084,14801,505,15306,215
2021-07-28,Yuba,115,75493,6715,6591,140,6731,51
2021-07-27,Alameda,1,1643700,96526,94682,2320,97002,1256
2021-07-27,Alpine,3,1148,91,89,0,89,0
2021-07-27,Amador,5,37829,3922,3861,36,3897,48
2021-07-27,Butte,7,227075,13341,13127,2084,15211,205
2021-07-27,Calaveras,9,45235,2300,2280,17,2297,57
2021-07-27,Colusa,11,21464,2020,1999,362,2361,16
2021-07-27,Contra Costa,13,1133247,76821,75227,1584,76811,830
2021-07-27,Del Norte,15,27424,1614,1538,10,1548,8
2021-07-27,El Dorado,17,186661,11158,10941,896,11837,116
2021-07-27,Fresno,19,978130,105163,104288,9403,113691,1746
2021-07-27,Glenn,21,27897,2471,2460,605,3065,20
2021-07-27,Humboldt,23,135768,5109,4925,74,4999,52
2021-07-27,Imperial,25,180216,29224,29048,2892,31940,743
2021-07-27,Inyo,27,18085,1451,1430,4,1434,38
2021-07-27,Kern,29,883053,99332,98724,12379,111103,1352
2021-07-27,Kings,31,150075,23681,23463,1273,24736,248
2021-07-27,Lake,33,64148,4311,4157,14,4171,65
2021-07-27,Lassen,35,31185,5329,5315,126,5441,21
2021-07-27,Los Angeles,37,10098052,1255480,1243336,47759,1291095,24658
2021-07-27,Madera,39,155013,17159,16998,1033,18031,245
2021-07-27,Marin,41,260295,14903,14631,301,14932,239
2021-07-27,Mariposa,43,17540,475,468,11,479,5
2021-07-27,Mendocino,45,87422,4522,4371,86,4457,49
2021-07-27,Merced,47,269075,32054,31825,1054,32879,473
2021-07-27,Modoc,49,8938,415,413,147,560,5
2021-07-27,Mono,51,14174,1282,1288,14,1302,3
2021-07-27,Monterey,53,433212,43791,43646,2044,45690,523
2021-07-27,Napa,55,140530,10479,10354,47,10401,82
2021-07-27,Nevada,57,99092,5578,5305,210,5515,72
2021-07-27,Orange,59,3164182,265001,262193,12512,274705,5143
2021-07-27,Placer,61,380077,25435,24916,1940,26856,306
2021-07-27,Plumas,63,18699,758,752,15,767,5
2021-07-27,Riverside,65,2383286,301826,299160,15379,314539,4554
2021-07-27,Sacramento,67,1510023,116125,114413,2265,116678,1710
2021-07-27,San Benito,69,59416,6258,6229,121,6350,63
2021-07-27,San Bernardino,71,2135413,302295,299593,9470,309063,5236
2021-07-27,San Diego,73,3302833,296925,293408,0,293408,3798
2021-07-27,San Francisco,75,870044,41141,39939,1648,41587,561
2021-07-27,San Joaquin,77,732212,77016,76166,4094,80260,1442
2021-07-27,San Luis Obispo,79,281455,22047,21803,843,22646,260
2021-07-27,San Mateo,81,765935,45011,44378,602,44980,547
2021-07-27,Santa Barbara,83,443738,35732,35355,1335,36690,467
2021-07-27,Santa Clara,85,1922200,123377,122154,890,123044,2099
2021-07-27,Santa Cruz,87,273765,16721,16523,889,17412,207
2021-07-27,Shasta,89,179085,13056,12846,1804,14650,212
2021-07-27,Sierra,91,2930,69,65,14,79,0
2021-07-27,Siskiyou,93,43540,2038,1964,457,2421,31
2021-07-27,Solano,95,438530,35795,35093,724,35817,261
2021-07-27,Sonoma,97,501317,33052,32367,401,32768,328
2021-07-27,Stanislaus,99,539301,58936,58333,6539,64872,1033
2021-07-27,Sutter,101,95872,10150,9998,109,10107,115
2021-07-27,Tehama,103,63373,5235,5192,639,5831,66
2021-07-27,Trinity,105,12862,387,351,82,433,3
2021-07-27,Tulare,107,460477,50574,50324,10111,60435,854
2021-07-27,Tuolumne,109,53932,4448,4282,40,4322,64
2021-07-27,Ventura,111,848112,83898,83189,3595,86784,1043
2021-07-27,Yolo,113,214977,15011,14759,499,15258,215
2021-07-27,Yuba,115,75493,6693,6564,138,6702,51
2021-07-26,Alameda,1,1643700,96070,94436,2313,96749,1259
2021-07-26,Alpine,3,1148,91,89,0,89,0
2021-07-26,Amador,5,37829,3912,3854,36,3890,48
2021-07-26,Butte,7,227075,13288,13082,2071,15153,203
2021-07-26,Calaveras,9,45235,2295,2276,17,2293,57
2021-07-26,Colusa,11,21464,2013,1996,360,2356,16
2021-07-26,Contra Costa,13,1133247,76321,74854,1577,76431,830
2021-07-26,Del Norte,15,27424,1594,1530,10,1540,8
2021-07-26,El Dorado,17,186661,11096,10899,893,11792,116
2021-07-26,Fresno,19,978130,104966,104143,9387,113530,1742
2021-07-26,Glenn,21,27897,2470,2461,603,3064,20
2021-07-26,Humboldt,23,135768,5070,4906,72,4978,52
2021-07-26,Imperial,25,180216,29184,29034,2892,31926,743
2021-07-26,Inyo,27,18085,1446,1429,4,1433,38
2021-07-26,Kern,29,883053,99169,98633,12313,110946,1351
2021-07-26,Kings,31,150075,23632,23426,1269,24695,247
2021-07-26,Lake,33,64148,4290,4133,14,4147,65
2021-07-26,Lassen,35,31185,5324,5314,126,5440,21
2021-07-26,Los Angeles,37,10098052,1252175,1241527,47590,1289117,24647
2021-07-26,Madera,39,155013,17132,16971,1025,17996,245
2021-07-26,Marin,41,260295,14845,14579,300,14879,239
2021-07-26,Mariposa,43,17540,474,467,11,478,5
2021-07-26,Mendocino,45,87422,4502,4354,86,4440,49
2021-07-26,Merced,47,269075,31971,31774,1052,32826,473
2021-07-26,Modoc,49,8938,415,413,147,560,5
2021-07-26,Mono,51,14174,1281,1286,14,1300,3
2021-07-26,Monterey,53,433212,43748,43595,2030,45625,521
2021-07-26,Napa,55,140530,10456,10332,47,10379,82
2021-07-26,Nevada,57,99092,5491,5280,210,5490,72
2021-07-26,Orange,59,3164182,264378,261803,12491,274294,5142
2021-07-26,Placer,61,380077,25304,24842,1919,26761,304
2021-07-26,Plumas,63,18699,754,750,15,765,5
2021-07-26,Riverside,65,2383286,301136,298626,15364,313990,4553
2021-07-26,Sacramento,67,1510023,115541,113986,2247,116233,1705
2021-07-26,San Benito,69,59416,6252,6222,121,6343,63
2021-07-26,San Bernardino,71,2135413,301686,299238,9457,308695,5237
2021-07-26,San Diego,73,3302833,295819,292688,0,292688,3793
2021-07-26,San Francisco,75,870044,40788,39800,1618,41418,561
2021-07-26,San Joaquin,77,732212,76783,76033,4090,80123,1440
2021-07-26,San Luis Obispo,79,281455,21998,21752,840,22592,260
2021-07-26,San Mateo,81,765935,44862,44297,591,44888,547
2021-07-26,Santa Barbara,83,443738,35660,35311,1323,36634,467
2021-07-26,Santa Clara,85,1922200,123066,121978,881,122859,2099
2021-07-26,Santa Cruz,87,273765,16682,16493,885,17378,207
2021-07-26,Shasta,89,179085,13007,12819,1791,14610,211
2021-07-26,Sierra,91,2930,68,65,14,79,0
2021-07-26,Siskiyou,93,43540,2035,1962,455,2417,31
2021-07-26,Solano,95,438530,35647,34990,716,35706,259
2021-07-26,Sonoma,97,501317,32917,32283,399,32682,328
2021-07-26,Stanislaus,99,539301,58791,58219,6523,64742,1033
2021-07-26,Sutter,101,95872,10110,9963,106,10069,115
2021-07-26,Tehama,103,63373,5225,5183,635,5818,66
2021-07-26,Trinity,105,12862,387,351,81,432,3
2021-07-26,Tulare,107,460477,50510,50265,10077,60342,854
2021-07-26,Tuolumne,109,53932,4416,4271,40,4311,64
2021-07-26,Ventura,111,848112,83726,83072,3579,86651,1041
2021-07-26,Yolo,113,214977,14952,14727,486,15213,215
2021-07-26,Yuba,115,75493,6659,6538,137,6675,51
2021-07-25,Alameda,1,1643700,95582,94146,2307,96453,1259
2021-07-25,Alpine,3,1148,89,89,0,89,0
2021-07-25,Amador,5,37829,3896,3848,36,3884,48
2021-07-25,Butte,7,227075,13249,13074,2061,15135,203
2021-07-25,Calaveras,9,45235,2284,2275,17,2292,57
2021-07-25,Colusa,11,21464,2004,1996,356,2352,16
2021-07-25,Contra Costa,13,1133247,75836,74634,1563,76197,830
2021-07-25,Del Norte,15,27424,1574,1526,10,1536,8
2021-07-25,El Dorado,17,186661,11039,10878,890,11768,116
2021-07-25,Fresno,19,978130,104727,104019,9375,113394,1742
2021-07-25,Glenn,21,27897,2463,2461,601,3062,20
2021-07-25,Humboldt,23,135768,5011,4892,70,4962,52
2021-07-25,Imperial,25,180216,29148,29037,2892,31929,743
2021-07-25,Inyo,27,18085,1441,1427,4,1431,38
2021-07-25,Kern,29,883053,98998,98503,12240,110743,1351
2021-07-25,Kings,31,150075,23579,23396,1265,24661,247
2021-07-25,Lake,33,64148,4236,4109,13,4122,65
2021-07-25,Lassen,35,31185,5320,5314,126,5440,21
2021-07-25,Los Angeles,37,10098052,1248791,1239596,47410,1287006,24643
2021-07-25,Madera,39,155013,17098,16947,1018,17965,245
2021-07-25,Marin,41,260295,14794,14558,297,14855,239
2021-07-25,Mariposa,43,17540,471,465,11,476,5
2021-07-25,Mendocino,45,87422,4472,4335,84,4419,49
2021-07-25,Merced,47,269075,31898,31760,1051,32811,473
2021-07-25,Modoc,49,8938,415,413,147,560,5
2021-07-25,Mono,51,14174,1279,1286,14,1300,3
2021-07-25,Monterey,53,433212,43709,43590,2022,45612,521
2021-07-25,Napa,55,140530,10419,10316,46,10362,82
2021-07-25,Nevada,57,99092,5426,5256,207,5463,72
2021-07-25,Orange,59,3164182,263687,261351,12467,273818,5142
2021-07-25,Placer,61,380077,25189,24755,1897,26652,304
2021-07-25,Plumas,63,18699,752,750,15,765,5
2021-07-25,Riverside,65,2383286,300369,298181,15351,313532,4553
2021-07-25,Sacramento,67,1510023,115000,113611,2229,115840,1704
2021-07-25,San Benito,69,59416,6245,6217,121,6338,63
2021-07-25,San Bernardino,71,2135413,301037,298982,9451,308433,5237
2021-07-25,San Diego,73,3302833,294751,290626,0,290626,3793
2021-07-25,San Francisco,75,870044,40450,39663,1591,41254,561
2021-07-25,San Joaquin,77,732212,76531,75926,4071,79997,1440
2021-07-25,San Luis Obispo,79,281455,21927,21741,837,22578,260
2021-07-25,San Mateo,81,765935,44704,44189,585,44774,547
2021-07-25,Santa Barbara,83,443738,35583,35261,1320,36581,467
2021-07-25,Santa Clara,85,1922200,122738,121800,875,122675,2099
2021-07-25,Santa Cruz,87,273765,16635,16474,884,17358,207
2021-07-25,Shasta,89,179085,12960,12815,1786,14601,211
2021-07-25,Sierra,91,2930,68,65,14,79,0
2021-07-25,Siskiyou,93,43540,2027,1963,452,2415,31
2021-07-25,Solano,95,438530,35462,34863,713,35576,259
2021-07-25,Sonoma,97,501317,32791,32202,396,32598,328
2021-07-25,Stanislaus,99,539301,58624,58154,6518,64672,1033
2021-07-25,Sutter,101,95872,10056,9937,104,10041,115
2021-07-25,Tehama,103,63373,5209,5181,634,5815,66
2021-07-25,Trinity,105,12862,385,351,79,430,3
2021-07-25,Tulare,107,460477,50436,50221,10036,60257,854
2021-07-25,Tuolumne,109,53932,4364,4267,40,4307,64
2021-07-25,Ventura,111,848112,83517,82986,3557,86543,1041
2021-07-25,Yolo,113,214977,14894,14693,470,15163,215
2021-07-25,Yuba,115,75493,6627,6519,137,6656,51
2021-07-24,Alameda,1,1643700,95313,93170,2302,95472,1259
2021-07-24,Alpine,3,1148,89,89,0,89,0
2021-07-24,Amador,5,37829,3887,3816,36,3852,48
2021-07-24,Butte,7,227075,13219,12982,2059,15041,203
2021-07-24,Calaveras,9,45235,2280,2267,17,2284,57
2021-07-24,Colusa,11,21464,2003,1992,354,2346,16
2021-07-24,Contra Costa,13,1133247,75611,73682,1560,75242,830
2021-07-24,Del Norte,15,27424,1563,1497,10,1507,8
2021-07-24,El Dorado,17,186661,11006,10773,886,11659,116
2021-07-24,Fresno,19,978130,104611,103637,9366,113003,1736
2021-07-24,Glenn,21,27897,2462,2457,601,3058,20
2021-07-24,Humboldt,23,135768,4978,4780,69,4849,52
2021-07-24,Imperial,25,180216,29128,28996,2892,31888,742
2021-07-24,Inyo,27,18085,1438,1424,4,1428,38
2021-07-24,Kern,29,883053,98919,98261,12217,110478,1350
2021-07-24,Kings,31,150075,23548,23304,1262,24566,246
2021-07-24,Lake,33,64148,4213,3963,13,3976,64
2021-07-24,Lassen,35,31185,5319,5311,126,5437,21
2021-07-24,Los Angeles,37,10098052,1247037,1232164,47288,1279452,24623
2021-07-24,Madera,39,155013,17074,16885,1016,17901,245
2021-07-24,Marin,41,260295,14756,14454,297,14751,238
2021-07-24,Mariposa,43,17540,471,453,11,464,5
2021-07-24,Mendocino,45,87422,4447,4293,84,4377,49
2021-07-24,Merced,47,269075,31876,31661,1050,32711,473
2021-07-24,Modoc,49,8938,415,413,147,560,5
2021-07-24,Mono,51,14174,1277,1284,14,1298,3
2021-07-24,Monterey,53,433212,43684,43525,2015,45540,521
2021-07-24,Napa,55,140530,10403,10230,46,10276,81
2021-07-24,Nevada,57,99092,5393,5183,207,5390,72
2021-07-24,Orange,59,3164182,263227,259973,12454,272427,5141
2021-07-24,Placer,61,380077,25106,24530,1892,26422,303
2021-07-24,Plumas,63,18699,751,737,15,752,4
2021-07-24,Riverside,65,2383286,299901,296912,15341,312253,4552
2021-07-24,Sacramento,67,1510023,114689,112438,2225,114663,1698
2021-07-24,San Benito,69,59416,6241,6200,120,6320,63
2021-07-24,San Bernardino,71,2135413,300646,297899,9443,307342,5236
2021-07-24,San Diego,73,3302833,294288,289368,0,289368,3788
2021-07-24,San Francisco,75,870044,40286,38954,1574,40528,561
2021-07-24,San Joaquin,77,732212,76404,75461,4060,79521,1436
2021-07-24,San Luis Obispo,79,281455,21898,21616,835,22451,260
2021-07-24,San Mateo,81,765935,44588,43880,579,44459,542
2021-07-24,Santa Barbara,83,443738,35526,35071,1315,36386,465
2021-07-24,Santa Clara,85,1922200,122526,121092,874,121966,2099
2021-07-24,Santa Cruz,87,273765,16613,16416,884,17300,207
2021-07-24,Shasta,89,179085,12932,12759,1783,14542,211
2021-07-24,Sierra,91,2930,67,64,14,78,0
2021-07-24,Siskiyou,93,43540,2027,1951,452,2403,31
2021-07-24,Solano,95,438530,35370,34499,704,35203,259
2021-07-24,Sonoma,97,501317,32668,31928,394,32322,327
2021-07-24,Stanislaus,99,539301,58532,57879,6505,64384,1030
2021-07-24,Sutter,101,95872,10029,9890,104,9994,115
2021-07-24,Tehama,103,63373,5202,5166,632,5798,65
2021-07-24,Trinity,105,12862,385,345,79,424,3
2021-07-24,Tulare,107,460477,50393,50104,10018,60122,854
2021-07-24,Tuolumne,109,53932,4338,4216,40,4256,64
2021-07-24,Ventura,111,848112,83397,82687,3540,86227,1041
2021-07-24,Yolo,113,214977,14859,14557,467,15024,214
2021-07-24,Yuba,115,75493,6608,6449,137,6586,51
2021-07-23,Alameda,1,1643700,95063,93170,2297,95467,1259
2021-07-23,Alpine,3,1148,89,89,0,89,0
2021-07-23,Amador,5,37829,3880,3816,36,3852,48
2021-07-23,Butte,7,227075,13190,12982,2051,15033,203
2021-07-23,Calaveras,9,45235,2278,2267,17,2284,57
2021-07-23,Colusa,11,21464,2002,1992,354,2346,16
2021-07-23,Contra Costa,13,1133247,75353,73682,1550,75232,830
2021-07-23,Del Norte,15,27424,1555,1497,10,1507,8
2021-07-23,El Dorado,17,186661,10978,10773,882,11655,116
2021-07-23,Fresno,19,978130,104483,103637,9358,112995,1736
2021-07-23,Glenn,21,27897,2461,2457,598,3055,20
2021-07-23,Humboldt,23,135768,4958,4780,67,4847,52
2021-07-23,Imperial,25,180216,29116,28996,2892,31888,742
2021-07-23,Inyo,27,18085,1435,1424,4,1428,38
2021-07-23,Kern,29,883053,98836,98261,12191,110452,1350
2021-07-23,Kings,31,150075,23517,23304,1259,24563,246
2021-07-23,Lake,33,64148,4183,3963,13,3976,64
2021-07-23,Lassen,35,31185,5317,5311,126,5437,21
2021-07-23,Los Angeles,37,10098052,1245119,1232164,47199,1279363,24623
2021-07-23,Madera,39,155013,17045,16885,1012,17897,245
2021-07-23,Marin,41,260295,14719,14454,295,14749,238
2021-07-23,Mariposa,43,17540,468,453,11,464,5
2021-07-23,Mendocino,45,87422,4434,4293,84,4377,49
2021-07-23,Merced,47,269075,31850,31661,1050,32711,473
2021-07-23,Modoc,49,8938,415,413,147,560,5
2021-07-23,Mono,51,14174,1276,1284,14,1298,3
2021-07-23,Monterey,53,433212,43659,43525,2015,45540,521
2021-07-23,Napa,55,140530,10382,10230,46,10276,81
2021-07-23,Nevada,57,99092,5348,5183,207,5390,72
2021-07-23,Orange,59,3164182,262778,259973,12432,272405,5141
2021-07-23,Placer,61,380077,25024,24530,1878,26408,303
2021-07-23,Plumas,63,18699,749,737,15,752,4
2021-07-23,Riverside,65,2383286,299436,296912,15329,312241,4552
2021-07-23,Sacramento,67,1510023,114342,112438,2222,114660,1698
2021-07-23,San Benito,69,59416,6235,6200,120,6320,63
2021-07-23,San Bernardino,71,2135413,300271,297899,9434,307333,5236
2021-07-23,San Diego,73,3302833,293693,289368,0,289368,3788
2021-07-23,San Francisco,75,870044,40107,38954,1559,40513,561
2021-07-23,San Joaquin,77,732212,76304,75461,4045,79506,1436
2021-07-23,San Luis Obispo,79,281455,21860,21616,834,22450,260
2021-07-23,San Mateo,81,765935,44484,43880,574,44454,542
2021-07-23,Santa Barbara,83,443738,35462,35071,1314,36385,465
2021-07-23,Santa Clara,85,1922200,122309,121092,870,121962,2099
2021-07-23,Santa Cruz,87,273765,16589,16416,883,17299,207
2021-07-23,Shasta,89,179085,12905,12759,1780,14539,211
2021-07-23,Sierra,91,2930,67,64,14,78,0
2021-07-23,Siskiyou,93,43540,2025,1951,452,2403,31
2021-07-23,Solano,95,438530,35277,34499,700,35199,259
2021-07-23,Sonoma,97,501317,32575,31928,393,32321,327
2021-07-23,Stanislaus,99,539301,58451,57879,6495,64374,1030
2021-07-23,Sutter,101,95872,10000,9890,104,9994,115
2021-07-23,Tehama,103,63373,5193,5166,632,5798,65
2021-07-23,Trinity,105,12862,384,345,78,423,3
2021-07-23,Tulare,107,460477,50348,50104,9992,60096,854
2021-07-23,Tuolumne,109,53932,4316,4216,40,4256,64
2021-07-23,Ventura,111,848112,83240,82687,3522,86209,1041
2021-07-23,Yolo,113,214977,14820,14557,461,15018,214
2021-07-23,Yuba,115,75493,6582,6449,137,6586,51
2021-07-22,Alameda,1,1643700,94704,93170,2292,95462,1259
2021-07-22,Alpine,3,1148,89,89,0,89,0
2021-07-22,Amador,5,37829,3871,3816,36,3852,48
2021-07-22,Butte,7,227075,13156,12982,2042,15024,203
2021-07-22,Calaveras,9,45235,2275,2267,17,2284,57
2021-07-22,Colusa,11,21464,2000,1992,352,2344,16
2021-07-22,Contra Costa,13,1133247,75017,73682,1546,75228,830
2021-07-22,Del Norte,15,27424,1539,1497,10,1507,8
2021-07-22,El Dorado,17,186661,10944,10773,874,11647,116
2021-07-22,Fresno,19,978130,104353,103637,9350,112987,1736
2021-07-22,Glenn,21,27897,2458,2457,597,3054,20
2021-07-22,Humboldt,23,135768,4927,4780,64,4844,52
2021-07-22,Imperial,25,180216,29086,28996,2892,31888,742
2021-07-22,Inyo,27,18085,1433,1424,4,1428,38
2021-07-22,Kern,29,883053,98728,98261,12146,110407,1350
2021-07-22,Kings,31,150075,23477,23304,1257,24561,246
2021-07-22,Lake,33,64148,4132,3963,13,3976,64
2021-07-22,Lassen,35,31185,5314,5311,126,5437,21
2021-07-22,Los Angeles,37,10098052,1242730,1232164,47037,1279201,24623
2021-07-22,Madera,39,155013,17011,16885,1010,17895,245
2021-07-22,Marin,41,260295,14678,14454,294,14748,238
2021-07-22,Mariposa,43,17540,461,453,11,464,5
2021-07-22,Mendocino,45,87422,4421,4293,83,4376,49
2021-07-22,Merced,47,269075,31808,31661,1048,32709,473
2021-07-22,Modoc,49,8938,415,413,147,560,5
2021-07-22,Mono,51,14174,1275,1284,14,1298,3
2021-07-22,Monterey,53,433212,43630,43525,2009,45534,521
2021-07-22,Napa,55,140530,10364,10230,46,10276,81
2021-07-22,Nevada,57,99092,5322,5183,206,5389,72
2021-07-22,Orange,59,3164182,262234,259973,12424,272397,5141
2021-07-22,Placer,61,380077,24930,24530,1867,26397,303
2021-07-22,Plumas,63,18699,748,737,15,752,4
2021-07-22,Riverside,65,2383286,298927,296912,15308,312220,4552
2021-07-22,Sacramento,67,1510023,113917,112438,2212,114650,1698
2021-07-22,San Benito,69,59416,6227,6200,120,6320,63
2021-07-22,San Bernardino,71,2135413,299878,297899,9418,307317,5236
2021-07-22,San Diego,73,3302833,292980,289368,0,289368,3788
2021-07-22,San Francisco,75,870044,39896,38954,1546,40500,561
2021-07-22,San Joaquin,77,732212,76163,75461,4031,79492,1436
2021-07-22,San Luis Obispo,79,281455,21825,21616,829,22445,260
2021-07-22,San Mateo,81,765935,44370,43880,569,44449,542
2021-07-22,Santa Barbara,83,443738,35401,35071,1312,36383,465
2021-07-22,Santa Clara,85,1922200,122068,121092,867,121959,2099
2021-07-22,Santa Cruz,87,273765,16552,16416,883,17299,207
2021-07-22,Shasta,89,179085,12881,12759,1776,14535,211
2021-07-22,Sierra,91,2930,65,64,14,78,0
2021-07-22,Siskiyou,93,43540,2022,1951,452,2403,31
2021-07-22,Solano,95,438530,35130,34499,693,35192,259
2021-07-22,Sonoma,97,501317,32466,31928,391,32319,327
2021-07-22,Stanislaus,99,539301,58324,57879,6483,64362,1030
2021-07-22,Sutter,101,95872,9979,9890,104,9994,115
2021-07-22,Tehama,103,63373,5187,5166,632,5798,65
2021-07-22,Trinity,105,12862,383,345,78,423,3
2021-07-22,Tulare,107,460477,50305,50104,9964,60068,854
2021-07-22,Tuolumne,109,53932,4305,4216,40,4256,64
2021-07-22,Ventura,111,848112,83109,82687,3509,86196,1041
2021-07-22,Yolo,113,214977,14783,14557,461,15018,214
2021-07-22,Yuba,115,75493,6551,6449,137,6586,51
2021-07-21,Alameda,1,1643700,94369,92840,2286,95126,1256
2021-07-21,Alpine,3,1148,89,89,0,89,0
2021-07-21,Amador,5,37829,3858,3813,36,3849,48
2021-07-21,Butte,7,227075,13115,12939,2037,14976,203
2021-07-21,Calaveras,9,45235,2274,2257,17,2274,57
2021-07-21,Colusa,11,21464,1996,1988,351,2339,16
2021-07-21,Contra Costa,13,1133247,74750,73320,1537,74857,827
2021-07-21,Del Norte,15,27424,1529,1492,10,1502,8
2021-07-21,El Dorado,17,186661,10909,10742,870,11612,116
2021-07-21,Fresno,19,978130,104209,103504,9340,112844,1736
2021-07-21,Glenn,21,27897,2456,2455,596,3051,20
2021-07-21,Humboldt,23,135768,4897,4763,62,4825,52
2021-07-21,Imperial,25,180216,29074,28964,2890,31854,742
2021-07-21,Inyo,27,18085,1433,1423,4,1427,38
2021-07-21,Kern,29,883053,98614,98152,12103,110255,1350
2021-07-21,Kings,31,150075,23449,23270,1253,24523,246
2021-07-21,Lake,33,64148,4067,3896,13,3909,64
2021-07-21,Lassen,35,31185,5311,5310,126,5436,21
2021-07-21,Los Angeles,37,10098052,1240257,1229598,46913,1276511,24609
2021-07-21,Madera,39,155013,16992,16858,1007,17865,245
2021-07-21,Marin,41,260295,14629,14427,294,14721,238
2021-07-21,Mariposa,43,17540,457,449,11,460,5
2021-07-21,Mendocino,45,87422,4402,4274,83,4357,49
2021-07-21,Merced,47,269075,31769,31607,1043,32650,473
2021-07-21,Modoc,49,8938,415,413,147,560,5
2021-07-21,Mono,51,14174,1272,1282,14,1296,3
2021-07-21,Monterey,53,433212,43600,43502,2005,45507,515
2021-07-21,Napa,55,140530,10339,10209,46,10255,81
2021-07-21,Nevada,57,99092,5287,5152,206,5358,72
2021-07-21,Orange,59,3164182,261693,259615,12395,272010,5139
2021-07-21,Placer,61,380077,24821,24441,1856,26297,303
2021-07-21,Plumas,63,18699,748,736,15,751,4
2021-07-21,Riverside,65,2383286,298416,296419,15291,311710,4552
2021-07-21,Sacramento,67,1510023,113507,112043,2201,114244,1696
2021-07-21,San Benito,69,59416,6217,6196,120,6316,63
2021-07-21,San Bernardino,71,2135413,299435,297519,9410,306929,5230
2021-07-21,San Diego,73,3302833,292134,288682,0,288682,3787
2021-07-21,San Francisco,75,870044,39671,38699,1541,40240,559
2021-07-21,San Joaquin,77,732212,75974,75288,4019,79307,1434
2021-07-21,San Luis Obispo,79,281455,21789,21579,826,22405,260
2021-07-21,San Mateo,81,765935,44278,43755,565,44320,542
2021-07-21,Santa Barbara,83,443738,35345,34998,1294,36292,465
2021-07-21,Santa Clara,85,1922200,121860,120838,864,121702,2099
2021-07-21,Santa Cruz,87,273765,16518,16407,883,17290,207
2021-07-21,Shasta,89,179085,12849,12751,1772,14523,211
2021-07-21,Sierra,91,2930,65,64,14,78,0
2021-07-21,Siskiyou,93,43540,2020,1943,450,2393,31
2021-07-21,Solano,95,438530,34975,34374,688,35062,258
2021-07-21,Sonoma,97,501317,32350,31789,391,32180,327
2021-07-21,Stanislaus,99,539301,58222,57774,6473,64247,1028
2021-07-21,Sutter,101,95872,9955,9862,104,9966,113
2021-07-21,Tehama,103,63373,5183,5161,632,5793,65
2021-07-21,Trinity,105,12862,382,345,77,422,3
2021-07-21,Tulare,107,460477,50246,50066,9937,60003,854
2021-07-21,Tuolumne,109,53932,4268,4156,40,4196,64
2021-07-21,Ventura,111,848112,82989,82573,3497,86070,1041
2021-07-21,Yolo,113,214977,14742,14525,460,14985,213
2021-07-21,Yuba,115,75493,6524,6425,137,6562,52
2021-07-20,Alameda,1,1643700,93991,92625,2273,94898,1256
2021-07-20,Alpine,3,1148,89,89,0,89,0
2021-07-20,Amador,5,37829,3847,3807,36,3843,48
2021-07-20,Butte,7,227075,13078,12916,2031,14947,203
2021-07-20,Calaveras,9,45235,2271,2249,17,2266,57
2021-07-20,Colusa,11,21464,1996,1985,351,2336,16
2021-07-20,Contra Costa,13,1133247,74465,73143,1518,74661,825
2021-07-20,Del Norte,15,27424,1520,1490,10,1500,8
2021-07-20,El Dorado,17,186661,10868,10727,865,11592,116
2021-07-20,Fresno,19,978130,104071,103438,9329,112767,1736
2021-07-20,Glenn,21,27897,2456,2453,596,3049,20
2021-07-20,Humboldt,23,135768,4853,4735,60,4795,52
2021-07-20,Imperial,25,180216,29054,28933,2890,31823,742
2021-07-20,Inyo,27,18085,1429,1420,4,1424,36
2021-07-20,Kern,29,883053,98507,98082,12074,110156,1350
2021-07-20,Kings,31,150075,23408,23254,1249,24503,246
2021-07-20,Lake,33,64148,4043,3871,13,3884,64
2021-07-20,Lassen,35,31185,5311,5306,126,5432,21
2021-07-20,Los Angeles,37,10098052,1237495,1227404,46753,1274157,24603
2021-07-20,Madera,39,155013,16971,16856,1003,17859,245
2021-07-20,Marin,41,260295,14595,14396,291,14687,234
2021-07-20,Mariposa,43,17540,456,448,11,459,5
2021-07-20,Mendocino,45,87422,4385,4259,83,4342,49
2021-07-20,Merced,47,269075,31732,31578,1035,32613,473
2021-07-20,Modoc,49,8938,415,413,147,560,5
2021-07-20,Mono,51,14174,1268,1281,14,1295,3
2021-07-20,Monterey,53,433212,43569,43481,2002,45483,515
2021-07-20,Napa,55,140530,10316,10191,46,10237,81
2021-07-20,Nevada,57,99092,5268,5148,205,5353,72
2021-07-20,Orange,59,3164182,261157,259303,12370,271673,5139
2021-07-20,Placer,61,380077,24734,24408,1831,26239,303
2021-07-20,Plumas,63,18699,745,736,15,751,4
2021-07-20,Riverside,65,2383286,297882,296118,15278,311396,4543
2021-07-20,Sacramento,67,1510023,113069,111796,2171,113967,1695
2021-07-20,San Benito,69,59416,6210,6196,120,6316,63
2021-07-20,San Bernardino,71,2135413,299025,297222,9385,306607,5231
2021-07-20,San Diego,73,3302833,291218,288209,0,288209,3786
2021-07-20,San Francisco,75,870044,39415,38536,1530,40066,558
2021-07-20,San Joaquin,77,732212,75802,75198,4006,79204,1433
2021-07-20,San Luis Obispo,79,281455,21744,21556,825,22381,259
2021-07-20,San Mateo,81,765935,44163,43670,563,44233,542
2021-07-20,Santa Barbara,83,443738,35280,34935,1287,36222,462
2021-07-20,Santa Clara,85,1922200,121603,120704,862,121566,2098
2021-07-20,Santa Cruz,87,273765,16489,16399,883,17282,207
2021-07-20,Shasta,89,179085,12823,12734,1767,14501,211
2021-07-20,Sierra,91,2930,65,64,14,78,0
2021-07-20,Siskiyou,93,43540,2016,1931,449,2380,31
2021-07-20,Solano,95,438530,34849,34337,681,35018,258
2021-07-20,Sonoma,97,501317,32232,31763,390,32153,326
2021-07-20,Stanislaus,99,539301,58106,57706,6467,64173,1028
2021-07-20,Sutter,101,95872,9929,9854,101,9955,114
2021-07-20,Tehama,103,63373,5181,5153,632,5785,65
2021-07-20,Trinity,105,12862,380,344,76,420,3
2021-07-20,Tulare,107,460477,50205,50047,9919,59966,854
2021-07-20,Tuolumne,109,53932,4249,4156,40,4196,64
2021-07-20,Ventura,111,848112,82839,82504,3480,85984,1041
2021-07-20,Yolo,113,214977,14679,14495,457,14952,213
2021-07-20,Yuba,115,75493,6499,6393,135,6528,52
2021-07-19,Alameda,1,1643700,93616,92357,2257,94614,1256
2021-07-19,Alpine,3,1148,89,89,0,89,0
2021-07-19,Amador,5,37829,3843,3802,36,3838,48
2021-07-19,Butte,7,227075,13033,12901,2025,14926,202
2021-07-19,Calaveras,9,45235,2270,2245,17,2262,57
2021-07-19,Colusa,11,21464,1994,1981,350,2331,16
2021-07-19,Contra Costa,13,1133247,74157,72935,1497,74432,825
2021-07-19,Del Norte,15,27424,1508,1484,10,1494,8
2021-07-19,El Dorado,17,186661,10838,10703,857,11560,114
2021-07-19,Fresno,19,978130,103946,103350,9314,112664,1731
2021-07-19,Glenn,21,27897,2456,2452,595,3047,20
2021-07-19,Humboldt,23,135768,4823,4719,59,4778,52
2021-07-19,Imperial,25,180216,29028,28888,2890,31778,742
2021-07-19,Inyo,27,18085,1428,1417,4,1421,36
2021-07-19,Kern,29,883053,98396,97999,12038,110037,1349
2021-07-19,Kings,31,150075,23375,23221,1243,24464,246
2021-07-19,Lake,33,64148,4007,3848,13,3861,64
2021-07-19,Lassen,35,31185,5310,5305,126,5431,21
2021-07-19,Los Angeles,37,10098052,1234921,1225946,46564,1272510,24600
2021-07-19,Madera,39,155013,16949,16846,1000,17846,244
2021-07-19,Marin,41,260295,14560,14369,288,14657,234
2021-07-19,Mariposa,43,17540,450,447,11,458,5
2021-07-19,Mendocino,45,87422,4367,4251,83,4334,49
2021-07-19,Merced,47,269075,31668,31565,1028,32593,472
2021-07-19,Modoc,49,8938,415,413,147,560,5
2021-07-19,Mono,51,14174,1266,1280,14,1294,3
2021-07-19,Monterey,53,433212,43545,43436,2001,45437,515
2021-07-19,Napa,55,140530,10291,10180,44,10224,81
2021-07-19,Nevada,57,99092,5240,5133,204,5337,72
2021-07-19,Orange,59,3164182,260654,258927,12339,271266,5138
2021-07-19,Placer,61,380077,24636,24359,1809,26168,303
2021-07-19,Plumas,63,18699,745,730,15,745,4
2021-07-19,Riverside,65,2383286,297391,295736,15240,310976,4543
2021-07-19,Sacramento,67,1510023,112711,111470,2145,113615,1696
2021-07-19,San Benito,69,59416,6207,6193,120,6313,63
2021-07-19,San Bernardino,71,2135413,298657,296929,9366,306295,5235
2021-07-19,San Diego,73,3302833,290332,287695,0,287695,3786
2021-07-19,San Francisco,75,870044,39146,38463,1516,39979,560
2021-07-19,San Joaquin,77,732212,75636,75086,4000,79086,1431
2021-07-19,San Luis Obispo,79,281455,21699,21531,821,22352,259
2021-07-19,San Mateo,81,765935,44016,43563,555,44118,542
2021-07-19,Santa Barbara,83,443738,35210,34904,1284,36188,461
2021-07-19,Santa Clara,85,1922200,121346,120554,861,121415,2098
2021-07-19,Santa Cruz,87,273765,16473,16387,883,17270,207
2021-07-19,Shasta,89,179085,12805,12723,1765,14488,209
2021-07-19,Sierra,91,2930,64,64,14,78,0
2021-07-19,Siskiyou,93,43540,2011,1927,447,2374,31
2021-07-19,Solano,95,438530,34680,34262,670,34932,261
2021-07-19,Sonoma,97,501317,32108,31713,389,32102,325
2021-07-19,Stanislaus,99,539301,58006,57644,6456,64100,1027
2021-07-19,Sutter,101,95872,9913,9834,101,9935,114
2021-07-19,Tehama,103,63373,5174,5152,630,5782,65
2021-07-19,Trinity,105,12862,380,344,75,419,3
2021-07-19,Tulare,107,460477,50160,49994,9901,59895,855
2021-07-19,Tuolumne,109,53932,4239,4151,40,4191,64
2021-07-19,Ventura,111,848112,82743,82409,3458,85867,1041
2021-07-19,Yolo,113,214977,14648,14439,455,14894,213
2021-07-19,Yuba,115,75493,6475,6370,135,6505,52
2021-07-18,Alameda,1,1643700,93268,92162,2242,94404,1256
2021-07-18,Alpine,3,1148,89,89,0,89,0
2021-07-18,Amador,5,37829,3832,3799,36,3835,48
2021-07-18,Butte,7,227075,12993,12888,2018,14906,202
2021-07-18,Calaveras,9,45235,2269,2243,17,2260,57
2021-07-18,Colusa,11,21464,1994,1981,349,2330,16
2021-07-18,Contra Costa,13,1133247,73842,72849,1479,74328,825
2021-07-18,Del Norte,15,27424,1499,1482,10,1492,8
2021-07-18,El Dorado,17,186661,10800,10687,849,11536,114
2021-07-18,Fresno,19,978130,103794,103298,9295,112593,1731
2021-07-18,Glenn,21,27897,2455,2452,594,3046,20
2021-07-18,Humboldt,23,135768,4787,4714,59,4773,52
2021-07-18,Imperial,25,180216,28992,28877,2889,31766,742
2021-07-18,Inyo,27,18085,1424,1417,4,1421,36
2021-07-18,Kern,29,883053,98270,97963,11996,109959,1349
2021-07-18,Kings,31,150075,23354,23203,1239,24442,246
2021-07-18,Lake,33,64148,3971,3825,13,3838,64
2021-07-18,Lassen,35,31185,5310,5305,126,5431,21
2021-07-18,Los Angeles,37,10098052,1232266,1224691,46379,1271070,24598
2021-07-18,Madera,39,155013,16924,16838,997,17835,244
2021-07-18,Marin,41,260295,14524,14358,287,14645,234
2021-07-18,Mariposa,43,17540,449,447,11,458,5
2021-07-18,Mendocino,45,87422,4346,4246,83,4329,49
2021-07-18,Merced,47,269075,31637,31537,1026,32563,471
2021-07-18,Modoc,49,8938,415,413,147,560,5
2021-07-18,Mono,51,14174,1265,1280,14,1294,3
2021-07-18,Monterey,53,433212,43527,43422,1992,45414,515
2021-07-18,Napa,55,140530,10274,10174,41,10215,81
2021-07-18,Nevada,57,99092,5214,5124,204,5328,72
2021-07-18,Orange,59,3164182,260174,258724,12309,271033,5138
2021-07-18,Placer,61,380077,24573,24313,1781,26094,303
2021-07-18,Plumas,63,18699,745,730,15,745,4
2021-07-18,Riverside,65,2383286,296901,295522,15199,310721,4543
2021-07-18,Sacramento,67,1510023,112285,111255,2115,113370,1696
2021-07-18,San Benito,69,59416,6199,6191,120,6311,63
2021-07-18,San Bernardino,71,2135413,298181,296739,9353,306092,5233
2021-07-18,San Diego,73,3302833,289519,286287,0,286287,3786
2021-07-18,San Francisco,75,870044,38916,38367,1505,39872,560
2021-07-18,San Joaquin,77,732212,75463,74997,3987,78984,1431
2021-07-18,San Luis Obispo,79,281455,21663,21527,818,22345,259
2021-07-18,San Mateo,81,765935,43904,43506,549,44055,542
2021-07-18,Santa Barbara,83,443738,35146,34880,1282,36162,461
2021-07-18,Santa Clara,85,1922200,121134,120438,853,121291,2098
2021-07-18,Santa Cruz,87,273765,16441,16372,882,17254,207
2021-07-18,Shasta,89,179085,12780,12714,1761,14475,209
2021-07-18,Sierra,91,2930,64,64,14,78,0
2021-07-18,Siskiyou,93,43540,2005,1927,442,2369,31
2021-07-18,Solano,95,438530,34561,34215,666,34881,261
2021-07-18,Sonoma,97,501317,32004,31675,388,32063,325
2021-07-18,Stanislaus,99,539301,57895,57600,6434,64034,1028
2021-07-18,Sutter,101,95872,9881,9826,100,9926,114
2021-07-18,Tehama,103,63373,5171,5150,629,5779,65
2021-07-18,Trinity,105,12862,380,344,75,419,3
2021-07-18,Tulare,107,460477,50108,49985,9878,59863,855
2021-07-18,Tuolumne,109,53932,4221,4149,40,4189,64
2021-07-18,Ventura,111,848112,82635,82361,3432,85793,1041
2021-07-18,Yolo,113,214977,14592,14425,449,14874,213
2021-07-18,Yuba,115,75493,6434,6357,135,6492,52
2021-07-17,Alameda,1,1643700,93055,91346,2229,93575,1255
2021-07-17,Alpine,3,1148,89,89,0,89,0
2021-07-17,Amador,5,37829,3823,3785,36,3821,48
2021-07-17,Butte,7,227075,12980,12824,2014,14838,202
2021-07-17,Calaveras,9,45235,2263,2237,17,2254,57
2021-07-17,Colusa,11,21464,1991,1976,349,2325,16
2021-07-17,Contra Costa,13,1133247,73662,72254,1465,73719,824
2021-07-17,Del Norte,15,27424,1491,1475,10,1485,8
2021-07-17,El Dorado,17,186661,10774,10622,844,11466,114
2021-07-17,Fresno,19,978130,103722,103055,9282,112337,1730
2021-07-17,Glenn,21,27897,2454,2451,594,3045,20
2021-07-17,Humboldt,23,135768,4774,4654,58,4712,52
2021-07-17,Imperial,25,180216,28977,28840,2889,31729,742
2021-07-17,Inyo,27,18085,1424,1416,4,1420,36
2021-07-17,Kern,29,883053,98214,97796,11960,109756,1348
2021-07-17,Kings,31,150075,23333,23163,1238,24401,246
2021-07-17,Lake,33,64148,3946,3760,13,3773,64
2021-07-17,Lassen,35,31185,5310,5302,126,5428,21
2021-07-17,Los Angeles,37,10098052,1230766,1219733,46229,1265962,24582
2021-07-17,Madera,39,155013,16916,16804,997,17801,240
2021-07-17,Marin,41,260295,14506,14297,285,14582,234
2021-07-17,Mariposa,43,17540,449,445,11,456,5
2021-07-17,Mendocino,45,87422,4334,4209,83,4292,49
2021-07-17,Merced,47,269075,31616,31451,1023,32474,471
2021-07-17,Modoc,49,8938,415,412,147,559,5
2021-07-17,Mono,51,14174,1263,1277,14,1291,3
2021-07-17,Monterey,53,433212,43505,43367,1986,45353,515
2021-07-17,Napa,55,140530,10258,10129,41,10170,81
2021-07-17,Nevada,57,99092,5199,5066,204,5270,72
2021-07-17,Orange,59,3164182,259872,257805,12272,270077,5136
2021-07-17,Placer,61,380077,24506,24169,1767,25936,303
2021-07-17,Plumas,63,18699,741,721,15,736,4
2021-07-17,Riverside,65,2383286,296595,294751,15167,309918,4542
2021-07-17,Sacramento,67,1510023,112051,110432,2094,112526,1694
2021-07-17,San Benito,69,59416,6193,6181,120,6301,63
2021-07-17,San Bernardino,71,2135413,297959,296048,9336,305384,5218
2021-07-17,San Diego,73,3302833,289113,285698,0,285698,3786
2021-07-17,San Francisco,75,870044,38796,37978,1501,39479,560
2021-07-17,San Joaquin,77,732212,75378,74695,3979,78674,1430
2021-07-17,San Luis Obispo,79,281455,21637,21462,817,22279,258
2021-07-17,San Mateo,81,765935,43833,43324,547,43871,542
2021-07-17,Santa Barbara,83,443738,35106,34769,1280,36049,461
2021-07-17,Santa Clara,85,1922200,120962,119980,850,120830,2097
2021-07-17,Santa Cruz,87,273765,16434,16337,882,17219,207
2021-07-17,Shasta,89,179085,12765,12683,1756,14439,210
2021-07-17,Sierra,91,2930,64,62,14,76,0
2021-07-17,Siskiyou,93,43540,2000,1922,439,2361,29
2021-07-17,Solano,95,438530,34497,34015,658,34673,263
2021-07-17,Sonoma,97,501317,31937,31536,387,31923,322
2021-07-17,Stanislaus,99,539301,57817,57400,6421,63821,1028
2021-07-17,Sutter,101,95872,9871,9778,100,9878,114
2021-07-17,Tehama,103,63373,5168,5145,629,5774,64
2021-07-17,Trinity,105,12862,379,341,75,416,3
2021-07-17,Tulare,107,460477,50087,49937,9866,59803,854
2021-07-17,Tuolumne,109,53932,4211,4131,40,4171,64
2021-07-17,Ventura,111,848112,82568,82125,3420,85545,1041
2021-07-17,Yolo,113,214977,14563,14356,441,14797,213
2021-07-17,Yuba,115,75493,6423,6309,135,6444,52
2021-07-16,Alameda,1,1643700,92821,91346,2217,93563,1255
2021-07-16,Alpine,3,1148,89,89,0,89,0
2021-07-16,Amador,5,37829,3820,3785,36,3821,48
2021-07-16,Butte,7,227075,12955,12824,2011,14835,202
2021-07-16,Calaveras,9,45235,2263,2237,17,2254,57
2021-07-16,Colusa,11,21464,1989,1976,348,2324,16
2021-07-16,Contra Costa,13,1133247,73473,72254,1460,73714,824
2021-07-16,Del Norte,15,27424,1489,1475,10,1485,8
2021-07-16,El Dorado,17,186661,10755,10622,843,11465,114
2021-07-16,Fresno,19,978130,103670,103055,9263,112318,1730
2021-07-16,Glenn,21,27897,2454,2451,594,3045,20
2021-07-16,Humboldt,23,135768,4752,4654,58,4712,52
2021-07-16,Imperial,25,180216,28965,28840,2889,31729,742
2021-07-16,Inyo,27,18085,1422,1416,4,1420,36
2021-07-16,Kern,29,883053,98152,97796,11919,109715,1348
2021-07-16,Kings,31,150075,23310,23163,1235,24398,246
2021-07-16,Lake,33,64148,3920,3760,13,3773,64
2021-07-16,Lassen,35,31185,5309,5302,126,5428,21
2021-07-16,Los Angeles,37,10098052,1229292,1219733,46080,1265813,24582
2021-07-16,Madera,39,155013,16898,16804,997,17801,240
2021-07-16,Marin,41,260295,14482,14297,282,14579,234
2021-07-16,Mariposa,43,17540,449,445,11,456,5
2021-07-16,Mendocino,45,87422,4325,4209,82,4291,49
2021-07-16,Merced,47,269075,31594,31451,1021,32472,471
2021-07-16,Modoc,49,8938,415,412,147,559,5
2021-07-16,Mono,51,14174,1262,1277,14,1291,3
2021-07-16,Monterey,53,433212,43483,43367,1984,45351,515
2021-07-16,Napa,55,140530,10234,10129,40,10169,81
2021-07-16,Nevada,57,99092,5189,5066,204,5270,72
2021-07-16,Orange,59,3164182,259607,257805,12232,270037,5136
2021-07-16,Placer,61,380077,24454,24169,1761,25930,303
2021-07-16,Plumas,63,18699,740,721,15,736,4
2021-07-16,Riverside,65,2383286,296318,294751,15141,309892,4542
2021-07-16,Sacramento,67,1510023,111836,110432,2082,112514,1694
2021-07-16,San Benito,69,59416,6191,6181,120,6301,63
2021-07-16,San Bernardino,71,2135413,297694,296048,9319,305367,5218
2021-07-16,San Diego,73,3302833,288666,285698,0,285698,3786
2021-07-16,San Francisco,75,870044,38679,37978,1496,39474,560
2021-07-16,San Joaquin,77,732212,75285,74695,3976,78671,1430
2021-07-16,San Luis Obispo,79,281455,21619,21462,817,22279,258
2021-07-16,San Mateo,81,765935,43780,43324,545,43869,542
2021-07-16,Santa Barbara,83,443738,35068,34769,1280,36049,461
2021-07-16,Santa Clara,85,1922200,120814,119980,842,120822,2097
2021-07-16,Santa Cruz,87,273765,16421,16337,882,17219,207
2021-07-16,Shasta,89,179085,12755,12683,1755,14438,210
2021-07-16,Sierra,91,2930,64,62,14,76,0
2021-07-16,Siskiyou,93,43540,1998,1922,437,2359,29
2021-07-16,Solano,95,438530,34434,34015,650,34665,263
2021-07-16,Sonoma,97,501317,31885,31536,385,31921,322
2021-07-16,Stanislaus,99,539301,57769,57400,6410,63810,1028
2021-07-16,Sutter,101,95872,9859,9778,100,9878,114
2021-07-16,Tehama,103,63373,5166,5145,629,5774,64
2021-07-16,Trinity,105,12862,379,341,74,415,3
2021-07-16,Tulare,107,460477,50063,49937,9856,59793,854
2021-07-16,Tuolumne,109,53932,4205,4131,40,4171,64
2021-07-16,Ventura,111,848112,82506,82125,3413,85538,1041
2021-07-16,Yolo,113,214977,14537,14356,437,14793,213
2021-07-16,Yuba,115,75493,6402,6309,135,6444,52
2021-07-15,Alameda,1,1643700,92520,91346,2207,93553,1255
2021-07-15,Alpine,3,1148,89,89,0,89,0
2021-07-15,Amador,5,37829,3817,3785,36,3821,48
2021-07-15,Butte,7,227075,12929,12824,2008,14832,202
2021-07-15,Calaveras,9,45235,2261,2237,17,2254,57
2021-07-15,Colusa,11,21464,1988,1976,347,2323,16
2021-07-15,Contra Costa,13,1133247,73259,72254,1452,73706,824
2021-07-15,Del Norte,15,27424,1486,1475,10,1485,8
2021-07-15,El Dorado,17,186661,10728,10622,841,11463,114
2021-07-15,Fresno,19,978130,103574,103055,9242,112297,1730
2021-07-15,Glenn,21,27897,2454,2451,594,3045,20
2021-07-15,Humboldt,23,135768,4734,4654,57,4711,52
2021-07-15,Imperial,25,180216,28942,28840,2889,31729,742
2021-07-15,Inyo,27,18085,1422,1416,4,1420,36
2021-07-15,Kern,29,883053,98082,97796,11892,109688,1348
2021-07-15,Kings,31,150075,23273,23163,1232,24395,246
2021-07-15,Lake,33,64148,3881,3760,13,3773,64
2021-07-15,Lassen,35,31185,5308,5302,126,5428,21
2021-07-15,Los Angeles,37,10098052,1227333,1219733,45914,1265647,24582
2021-07-15,Madera,39,155013,16876,16804,993,17797,240
2021-07-15,Marin,41,260295,14458,14297,282,14579,234
2021-07-15,Mariposa,43,17540,449,445,11,456,5
2021-07-15,Mendocino,45,87422,4317,4209,81,4290,49
2021-07-15,Merced,47,269075,31564,31451,1021,32472,471
2021-07-15,Modoc,49,8938,415,412,147,559,5
2021-07-15,Mono,51,14174,1262,1277,14,1291,3
2021-07-15,Monterey,53,433212,43454,43367,1981,45348,515
2021-07-15,Napa,55,140530,10209,10129,39,10168,81
2021-07-15,Nevada,57,99092,5171,5066,203,5269,72
2021-07-15,Orange,59,3164182,259258,257805,12212,270017,5136
2021-07-15,Placer,61,380077,24395,24169,1744,25913,303
2021-07-15,Plumas,63,18699,739,721,15,736,4
2021-07-15,Riverside,65,2383286,296002,294751,15125,309876,4542
2021-07-15,Sacramento,67,1510023,111537,110432,2064,112496,1694
2021-07-15,San Benito,69,59416,6189,6181,120,6301,63
2021-07-15,San Bernardino,71,2135413,297395,296048,9305,305353,5218
2021-07-15,San Diego,73,3302833,288036,285698,0,285698,3786
2021-07-15,San Francisco,75,870044,38530,37978,1487,39465,560
2021-07-15,San Joaquin,77,732212,75171,74695,3971,78666,1430
2021-07-15,San Luis Obispo,79,281455,21586,21462,817,22279,258
2021-07-15,San Mateo,81,765935,43681,43324,541,43865,542
2021-07-15,Santa Barbara,83,443738,35015,34769,1279,36048,461
2021-07-15,Santa Clara,85,1922200,120693,119980,839,120819,2097
2021-07-15,Santa Cruz,87,273765,16408,16337,882,17219,207
2021-07-15,Shasta,89,179085,12747,12683,1750,14433,210
2021-07-15,Sierra,91,2930,64,62,14,76,0
2021-07-15,Siskiyou,93,43540,1997,1922,437,2359,29
2021-07-15,Solano,95,438530,34360,34015,644,34659,263
2021-07-15,Sonoma,97,501317,31824,31536,385,31921,322
2021-07-15,Stanislaus,99,539301,57701,57400,6397,63797,1028
2021-07-15,Sutter,101,95872,9839,9778,100,9878,114
2021-07-15,Tehama,103,63373,5160,5145,628,5773,64
2021-07-15,Trinity,105,12862,379,341,74,415,3
2021-07-15,Tulare,107,460477,50042,49937,9839,59776,854
2021-07-15,Tuolumne,109,53932,4193,4131,40,4171,64
2021-07-15,Ventura,111,848112,82427,82125,3408,85533,1041
2021-07-15,Yolo,113,214977,14511,14356,436,14792,213
2021-07-15,Yuba,115,75493,6387,6309,135,6444,52
2021-07-14,Alameda,1,1643700,92268,91092,2188,93280,1255
2021-07-14,Alpine,3,1148,89,89,0,89,0
2021-07-14,Amador,5,37829,3809,3784,36,3820,48
2021-07-14,Butte,7,227075,12902,12813,2001,14814,202
2021-07-14,Calaveras,9,45235,2253,2234,17,2251,57
2021-07-14,Colusa,11,21464,1985,1974,347,2321,16
2021-07-14,Contra Costa,13,1133247,73034,72091,1439,73530,823
2021-07-14,Del Norte,15,27424,1485,1472,10,1482,8
2021-07-14,El Dorado,17,186661,10702,10598,838,11436,114
2021-07-14,Fresno,19,978130,103496,102966,9230,112196,1728
2021-07-14,Glenn,21,27897,2454,2449,594,3043,20
2021-07-14,Humboldt,23,135768,4711,4644,55,4699,52
2021-07-14,Imperial,25,180216,28912,28822,2889,31711,742
2021-07-14,Inyo,27,18085,1421,1415,4,1419,36
2021-07-14,Kern,29,883053,98019,97736,11866,109602,1346
2021-07-14,Kings,31,150075,23261,23142,1232,24374,246
2021-07-14,Lake,33,64148,3848,3739,13,3752,63
2021-07-14,Lassen,35,31185,5307,5298,126,5424,21
2021-07-14,Los Angeles,37,10098052,1225336,1218265,45765,1264030,24578
2021-07-14,Madera,39,155013,16864,16786,991,17777,240
2021-07-14,Marin,41,260295,14424,14269,280,14549,233
2021-07-14,Mariposa,43,17540,447,445,11,456,5
2021-07-14,Mendocino,45,87422,4304,4193,81,4274,49
2021-07-14,Merced,47,269075,31527,31412,1018,32430,471
2021-07-14,Modoc,49,8938,415,412,147,559,4
2021-07-14,Mono,51,14174,1262,1278,14,1292,3
2021-07-14,Monterey,53,433212,43431,43347,1978,45325,504
2021-07-14,Napa,55,140530,10187,10121,39,10160,81
2021-07-14,Nevada,57,99092,5152,5058,203,5261,72
2021-07-14,Orange,59,3164182,258945,257558,12183,269741,5137
2021-07-14,Placer,61,380077,24344,24125,1732,25857,303
2021-07-14,Plumas,63,18699,732,719,15,734,4
2021-07-14,Riverside,65,2383286,295677,294511,15108,309619,4542
2021-07-14,Sacramento,67,1510023,111210,110193,2042,112235,1688
2021-07-14,San Benito,69,59416,6186,6177,120,6297,63
2021-07-14,San Bernardino,71,2135413,297101,295820,9292,305112,5193
2021-07-14,San Diego,73,3302833,287471,285269,0,285269,3786
2021-07-14,San Francisco,75,870044,38390,37836,1480,39316,559
2021-07-14,San Joaquin,77,732212,75080,74599,3962,78561,1416
2021-07-14,San Luis Obispo,79,281455,21564,21444,815,22259,258
2021-07-14,San Mateo,81,765935,43585,43249,537,43786,542
2021-07-14,Santa Barbara,83,443738,34975,34719,1277,35996,461
2021-07-14,Santa Clara,85,1922200,120544,119844,836,120680,2098
2021-07-14,Santa Cruz,87,273765,16394,16326,882,17208,207
2021-07-14,Shasta,89,179085,12727,12669,1747,14416,209
2021-07-14,Sierra,91,2930,64,62,14,76,0
2021-07-14,Siskiyou,93,43540,1990,1922,434,2356,29
2021-07-14,Solano,95,438530,34288,33948,644,34592,268
2021-07-14,Sonoma,97,501317,31773,31470,384,31854,322
2021-07-14,Stanislaus,99,539301,57626,57340,6385,63725,1028
2021-07-14,Sutter,101,95872,9816,9766,100,9866,114
2021-07-14,Tehama,103,63373,5158,5142,628,5770,64
2021-07-14,Trinity,105,12862,379,341,74,415,3
2021-07-14,Tulare,107,460477,50026,49908,9824,59732,853
2021-07-14,Tuolumne,109,53932,4190,4128,39,4167,64
2021-07-14,Ventura,111,848112,82334,82041,3396,85437,1040
2021-07-14,Yolo,113,214977,14478,14332,433,14765,213
2021-07-14,Yuba,115,75493,6369,6294,135,6429,52
2021-07-13,Alameda,1,1643700,92002,90874,2177,93051,1255
2021-07-13,Alpine,3,1148,89,89,0,89,0
2021-07-13,Amador,5,37829,3801,3783,36,3819,48
2021-07-13,Butte,7,227075,12889,12802,1999,14801,202
2021-07-13,Calaveras,9,45235,2249,2230,17,2247,57
2021-07-13,Colusa,11,21464,1983,1972,343,2315,16
2021-07-13,Contra Costa,13,1133247,72810,71963,1430,73393,823
2021-07-13,Del Norte,15,27424,1483,1471,10,1481,8
2021-07-13,El Dorado,17,186661,10684,10581,835,11416,114
2021-07-13,Fresno,19,978130,103420,102909,9221,112130,1727
2021-07-13,Glenn,21,27897,2452,2448,594,3042,20
2021-07-13,Humboldt,23,135768,4696,4634,55,4689,51
2021-07-13,Imperial,25,180216,28901,28792,2889,31681,741
2021-07-13,Inyo,27,18085,1420,1415,4,1419,36
2021-07-13,Kern,29,883053,97933,97698,11826,109524,1346
2021-07-13,Kings,31,150075,23243,23132,1232,24364,246
2021-07-13,Lake,33,64148,3821,3719,13,3732,63
2021-07-13,Lassen,35,31185,5305,5292,126,5418,21
2021-07-13,Los Angeles,37,10098052,1223505,1217184,45592,1262776,24569
2021-07-13,Madera,39,155013,16855,16773,987,17760,240
2021-07-13,Marin,41,260295,14395,14254,279,14533,233
2021-07-13,Mariposa,43,17540,446,443,11,454,5
2021-07-13,Mendocino,45,87422,4297,4185,81,4266,49
2021-07-13,Merced,47,269075,31506,31379,1015,32394,471
2021-07-13,Modoc,49,8938,415,411,147,558,4
2021-07-13,Mono,51,14174,1261,1277,14,1291,3
2021-07-13,Monterey,53,433212,43413,43333,1974,45307,504
2021-07-13,Napa,55,140530,10166,10118,39,10157,81
2021-07-13,Nevada,57,99092,5127,5053,203,5256,72
2021-07-13,Orange,59,3164182,258622,257339,12154,269493,5136
2021-07-13,Placer,61,380077,24297,24091,1719,25810,303
2021-07-13,Plumas,63,18699,731,716,15,731,4
2021-07-13,Riverside,65,2383286,295357,294302,15081,309383,4541
2021-07-13,Sacramento,67,1510023,110908,109990,2021,112011,1687
2021-07-13,San Benito,69,59416,6184,6173,120,6293,63
2021-07-13,San Bernardino,71,2135413,296819,295596,9270,304866,5183
2021-07-13,San Diego,73,3302833,286930,284997,0,284997,3785
2021-07-13,San Francisco,75,870044,38246,37725,1473,39198,559
2021-07-13,San Joaquin,77,732212,74963,74500,3958,78458,1417
2021-07-13,San Luis Obispo,79,281455,21538,21423,812,22235,258
2021-07-13,San Mateo,81,765935,43517,43180,536,43716,542
2021-07-13,Santa Barbara,83,443738,34926,34679,1274,35953,461
2021-07-13,Santa Clara,85,1922200,120389,119727,832,120559,2098
2021-07-13,Santa Cruz,87,273765,16385,16315,881,17196,207
2021-07-13,Shasta,89,179085,12714,12659,1740,14399,209
2021-07-13,Sierra,91,2930,64,62,14,76,0
2021-07-13,Siskiyou,93,43540,1989,1916,432,2348,29
2021-07-13,Solano,95,438530,34226,33918,638,34556,268
2021-07-13,Sonoma,97,501317,31714,31431,384,31815,322
2021-07-13,Stanislaus,99,539301,57558,57282,6371,63653,1028
2021-07-13,Sutter,101,95872,9798,9752,99,9851,114
2021-07-13,Tehama,103,63373,5151,5144,628,5772,64
2021-07-13,Trinity,105,12862,379,341,73,414,3
2021-07-13,Tulare,107,460477,50002,49891,9808,59699,853
2021-07-13,Tuolumne,109,53932,4182,4122,38,4160,64
2021-07-13,Ventura,111,848112,82253,81982,3370,85352,1040
2021-07-13,Yolo,113,214977,14450,14320,426,14746,213
2021-07-13,Yuba,115,75493,6353,6279,135,6414,52
2021-07-12,Alameda,1,1643700,91752,90720,2168,92888,1254
2021-07-12,Alpine,3,1148,89,89,0,89,0
2021-07-12,Amador,5,37829,3794,3781,36,3817,47
2021-07-12,Butte,7,227075,12869,12796,1997,14793,202
2021-07-12,Calaveras,9,45235,2246,2228,17,2245,57
2021-07-12,Colusa,11,21464,1979,1971,342,2313,16
2021-07-12,Contra Costa,13,1133247,72609,71833,1425,73258,823
2021-07-12,Del Norte,15,27424,1480,1469,10,1479,8
2021-07-12,El Dorado,17,186661,10655,10569,833,11402,114
2021-07-12,Fresno,19,978130,103327,102853,9209,112062,1728
2021-07-12,Glenn,21,27897,2452,2446,594,3040,20
2021-07-12,Humboldt,23,135768,4680,4621,55,4676,51
2021-07-12,Imperial,25,180216,28871,28789,2889,31678,741
2021-07-12,Inyo,27,18085,1420,1415,4,1419,36
2021-07-12,Kern,29,883053,97864,97660,11801,109461,1346
2021-07-12,Kings,31,150075,23223,23124,1230,24354,246
2021-07-12,Lake,33,64148,3801,3706,13,3719,63
2021-07-12,Lassen,35,31185,5304,5292,126,5418,21
2021-07-12,Los Angeles,37,10098052,1221735,1216230,45447,1261677,24559
2021-07-12,Madera,39,155013,16845,16772,987,17759,240
2021-07-12,Marin,41,260295,14370,14238,278,14516,233
2021-07-12,Mariposa,43,17540,446,442,11,453,5
2021-07-12,Mendocino,45,87422,4285,4175,81,4256,49
2021-07-12,Merced,47,269075,31475,31374,1014,32388,471
2021-07-12,Modoc,49,8938,414,411,147,558,4
2021-07-12,Mono,51,14174,1259,1275,14,1289,3
2021-07-12,Monterey,53,433212,43392,43315,1970,45285,504
2021-07-12,Napa,55,140530,10148,10104,38,10142,81
2021-07-12,Nevada,57,99092,5104,5046,203,5249,72
2021-07-12,Orange,59,3164182,258273,257171,12129,269300,5136
2021-07-12,Placer,61,380077,24248,24052,1713,25765,302
2021-07-12,Plumas,63,18699,731,716,15,731,4
2021-07-12,Riverside,65,2383286,295049,294108,15052,309160,4541
2021-07-12,Sacramento,67,1510023,110692,109849,1999,111848,1685
2021-07-12,San Benito,69,59416,6181,6166,120,6286,63
2021-07-12,San Bernardino,71,2135413,296557,295447,9256,304703,5171
2021-07-12,San Diego,73,3302833,286466,284648,0,284648,3785
2021-07-12,San Francisco,75,870044,38099,37656,1469,39125,559
2021-07-12,San Joaquin,77,732212,74869,74424,3948,78372,1415
2021-07-12,San Luis Obispo,79,281455,21519,21408,811,22219,258
2021-07-12,San Mateo,81,765935,43424,43138,529,43667,542
2021-07-12,Santa Barbara,83,443738,34884,34664,1272,35936,461
2021-07-12,Santa Clara,85,1922200,120225,119634,829,120463,2098
2021-07-12,Santa Cruz,87,273765,16360,16310,880,17190,207
2021-07-12,Shasta,89,179085,12706,12648,1737,14385,208
2021-07-12,Sierra,91,2930,64,62,14,76,0
2021-07-12,Siskiyou,93,43540,1984,1916,427,2343,29
2021-07-12,Solano,95,438530,34140,33859,629,34488,268
2021-07-12,Sonoma,97,501317,31666,31377,383,31760,322
2021-07-12,Stanislaus,99,539301,57485,57243,6364,63607,1028
2021-07-12,Sutter,101,95872,9781,9736,98,9834,114
2021-07-12,Tehama,103,63373,5146,5138,627,5765,63
2021-07-12,Trinity,105,12862,375,340,71,411,3
2021-07-12,Tulare,107,460477,49975,49882,9794,59676,853
2021-07-12,Tuolumne,109,53932,4178,4116,38,4154,64
2021-07-12,Ventura,111,848112,82156,81919,3347,85266,1040
2021-07-12,Yolo,113,214977,14421,14303,422,14725,213
2021-07-12,Yuba,115,75493,6338,6266,135,6401,52
2021-07-11,Alameda,1,1643700,91428,90597,2153,92750,1254
2021-07-11,Alpine,3,1148,89,89,0,89,0
2021-07-11,Amador,5,37829,3792,3779,36,3815,47
2021-07-11,Butte,7,227075,12849,12794,1990,14784,202
2021-07-11,Calaveras,9,45235,2238,2226,16,2242,57
2021-07-11,Colusa,11,21464,1979,1971,341,2312,16
2021-07-11,Contra Costa,13,1133247,72400,71744,1418,73162,823
2021-07-11,Del Norte,15,27424,1476,1467,9,1476,8
2021-07-11,El Dorado,17,186661,10626,10554,831,11385,114
2021-07-11,Fresno,19,978130,103232,102813,9190,112003,1728
2021-07-11,Glenn,21,27897,2451,2446,594,3040,20
2021-07-11,Humboldt,23,135768,4667,4611,54,4665,51
2021-07-11,Imperial,25,180216,28853,28787,2889,31676,741
2021-07-11,Inyo,27,18085,1418,1415,4,1419,36
2021-07-11,Kern,29,883053,97791,97637,11785,109422,1346
2021-07-11,Kings,31,150075,23192,23116,1227,24343,246
2021-07-11,Lake,33,64148,3771,3699,13,3712,63
2021-07-11,Lassen,35,31185,5301,5291,126,5417,21
2021-07-11,Los Angeles,37,10098052,1220000,1215182,45282,1260464,24558
2021-07-11,Madera,39,155013,16827,16766,986,17752,240
2021-07-11,Marin,41,260295,14345,14231,278,14509,233
2021-07-11,Mariposa,43,17540,445,442,11,453,5
2021-07-11,Mendocino,45,87422,4265,4167,81,4248,49
2021-07-11,Merced,47,269075,31451,31366,1009,32375,471
2021-07-11,Modoc,49,8938,414,411,147,558,4
2021-07-11,Mono,51,14174,1259,1275,14,1289,3
2021-07-11,Monterey,53,433212,43374,43307,1965,45272,504
2021-07-11,Napa,55,140530,10144,10100,38,10138,81
2021-07-11,Nevada,57,99092,5093,5035,202,5237,72
2021-07-11,Orange,59,3164182,257968,257009,12103,269112,5136
2021-07-11,Placer,61,380077,24192,24017,1701,25718,302
2021-07-11,Plumas,63,18699,731,716,15,731,4
2021-07-11,Riverside,65,2383286,294786,293969,15034,309003,4541
2021-07-11,Sacramento,67,1510023,110420,109696,1988,111684,1685
2021-07-11,San Benito,69,59416,6176,6163,120,6283,63
2021-07-11,San Bernardino,71,2135413,296254,295342,9231,304573,5167
2021-07-11,San Diego,73,3302833,286052,283819,0,283819,3784
2021-07-11,San Francisco,75,870044,37972,37596,1463,39059,559
2021-07-11,San Joaquin,77,732212,74754,74376,3931,78307,1415
2021-07-11,San Luis Obispo,79,281455,21485,21403,810,22213,258
2021-07-11,San Mateo,81,765935,43345,43107,522,43629,542
2021-07-11,Santa Barbara,83,443738,34838,34646,1272,35918,461
2021-07-11,Santa Clara,85,1922200,120072,119549,828,120377,2098
2021-07-11,Santa Cruz,87,273765,16344,16303,880,17183,207
2021-07-11,Shasta,89,179085,12689,12647,1735,14382,208
2021-07-11,Sierra,91,2930,64,62,14,76,0
2021-07-11,Siskiyou,93,43540,1980,1915,425,2340,29
2021-07-11,Solano,95,438530,34062,33837,625,34462,268
2021-07-11,Sonoma,97,501317,31583,31352,383,31735,322
2021-07-11,Stanislaus,99,539301,57412,57230,6352,63582,1028
2021-07-11,Sutter,101,95872,9767,9728,98,9826,114
2021-07-11,Tehama,103,63373,5143,5138,627,5765,63
2021-07-11,Trinity,105,12862,374,340,71,411,3
2021-07-11,Tulare,107,460477,49951,49877,9774,59651,853
2021-07-11,Tuolumne,109,53932,4172,4116,38,4154,64
2021-07-11,Ventura,111,848112,82082,81875,3327,85202,1040
2021-07-11,Yolo,113,214977,14397,14285,414,14699,213
2021-07-11,Yuba,115,75493,6328,6260,135,6395,52
2021-07-10,Alameda,1,1643700,91283,90090,2149,92239,1252
2021-07-10,Alpine,3,1148,89,89,0,89,0
2021-07-10,Amador,5,37829,3786,3773,36,3809,47
2021-07-10,Butte,7,227075,12838,12764,1988,14752,202
2021-07-10,Calaveras,9,45235,2237,2214,16,2230,57
2021-07-10,Colusa,11,21464,1977,1969,341,2310,16
2021-07-10,Contra Costa,13,1133247,72301,71376,1417,72793,821
2021-07-10,Del Norte,15,27424,1474,1451,9,1460,8
2021-07-10,El Dorado,17,186661,10610,10508,827,11335,114
2021-07-10,Fresno,19,978130,103199,102675,9183,111858,1730
2021-07-10,Glenn,21,27897,2448,2440,593,3033,20
2021-07-10,Humboldt,23,135768,4658,4574,54,4628,51
2021-07-10,Imperial,25,180216,28840,28729,2889,31618,741
2021-07-10,Inyo,27,18085,1417,1415,4,1419,36
2021-07-10,Kern,29,883053,97752,97538,11767,109305,1346
2021-07-10,Kings,31,150075,23185,23090,1226,24316,246
2021-07-10,Lake,33,64148,3754,3667,13,3680,63
2021-07-10,Lassen,35,31185,5301,5290,126,5416,21
2021-07-10,Los Angeles,37,10098052,1218985,1212043,45177,1257220,24542
2021-07-10,Madera,39,155013,16822,16744,983,17727,241
2021-07-10,Marin,41,260295,14331,14194,278,14472,233
2021-07-10,Mariposa,43,17540,445,442,11,453,5
2021-07-10,Mendocino,45,87422,4258,4153,80,4233,49
2021-07-10,Merced,47,269075,31438,31328,1009,32337,470
2021-07-10,Modoc,49,8938,414,410,147,557,4
2021-07-10,Mono,51,14174,1259,1275,14,1289,3
2021-07-10,Monterey,53,433212,43360,43251,1963,45214,499
2021-07-10,Napa,55,140530,10132,10077,38,10115,81
2021-07-10,Nevada,57,99092,5084,5000,202,5202,72
2021-07-10,Orange,59,3164182,257798,256438,12088,268526,5135
2021-07-10,Placer,61,380077,24161,23916,1691,25607,302
2021-07-10,Plumas,63,18699,730,717,15,732,4
2021-07-10,Riverside,65,2383286,294601,293474,15021,308495,4541
2021-07-10,Sacramento,67,1510023,110268,109091,1983,111074,1682
2021-07-10,San Benito,69,59416,6171,6141,120,6261,63
2021-07-10,San Bernardino,71,2135413,296067,294932,9219,304151,5117
2021-07-10,San Diego,73,3302833,285763,283577,0,283577,3783
2021-07-10,San Francisco,75,870044,37889,37338,1458,38796,559
2021-07-10,San Joaquin,77,732212,74696,74150,3925,78075,1412
2021-07-10,San Luis Obispo,79,281455,21474,21375,809,22184,258
2021-07-10,San Mateo,81,765935,43295,42948,520,43468,542
2021-07-10,Santa Barbara,83,443738,34813,34595,1272,35867,460
2021-07-10,Santa Clara,85,1922200,119971,119330,825,120155,2094
2021-07-10,Santa Cruz,87,273765,16337,16286,880,17166,207
2021-07-10,Shasta,89,179085,12677,12623,1730,14353,206
2021-07-10,Sierra,91,2930,64,61,14,75,0
2021-07-10,Siskiyou,93,43540,1978,1909,422,2331,29
2021-07-10,Solano,95,438530,34022,33678,619,34297,268
2021-07-10,Sonoma,97,501317,31531,31231,383,31614,317
2021-07-10,Stanislaus,99,539301,57371,57104,6342,63446,1026
2021-07-10,Sutter,101,95872,9754,9692,98,9790,114
2021-07-10,Tehama,103,63373,5140,5131,627,5758,63
2021-07-10,Trinity,105,12862,374,341,71,412,3
2021-07-10,Tulare,107,460477,49941,49850,9768,59618,853
2021-07-10,Tuolumne,109,53932,4170,4114,38,4152,64
2021-07-10,Ventura,111,848112,82037,81713,3309,85022,1039
2021-07-10,Yolo,113,214977,14376,14250,411,14661,213
2021-07-10,Yuba,115,75493,6318,6238,135,6373,52
2021-07-09,Alameda,1,1643700,91131,90090,2143,92233,1252
2021-07-09,Alpine,3,1148,89,89,0,89,0
2021-07-09,Amador,5,37829,3785,3773,36,3809,47
2021-07-09,Butte,7,227075,12827,12764,1986,14750,202
2021-07-09,Calaveras,9,45235,2235,2214,16,2230,57
2021-07-09,Colusa,11,21464,1976,1969,341,2310,16
2021-07-09,Contra Costa,13,1133247,72176,71376,1416,72792,821
2021-07-09,Del Norte,15,27424,1470,1451,9,1460,8
2021-07-09,El Dorado,17,186661,10595,10508,826,11334,114
2021-07-09,Fresno,19,978130,103143,102675,9176,111851,1730
2021-07-09,Glenn,21,27897,2447,2440,591,3031,20
2021-07-09,Humboldt,23,135768,4639,4574,54,4628,51
2021-07-09,Imperial,25,180216,28831,28729,2889,31618,741
2021-07-09,Inyo,27,18085,1416,1415,4,1419,36
2021-07-09,Kern,29,883053,97714,97538,11755,109293,1346
2021-07-09,Kings,31,150075,23175,23090,1225,24315,246
2021-07-09,Lake,33,64148,3740,3667,13,3680,63
2021-07-09,Lassen,35,31185,5299,5290,125,5415,21
2021-07-09,Los Angeles,37,10098052,1217985,1212043,45100,1257143,24542
2021-07-09,Madera,39,155013,16813,16744,982,17726,241
2021-07-09,Marin,41,260295,14311,14194,276,14470,233
2021-07-09,Mariposa,43,17540,445,442,11,453,5
2021-07-09,Mendocino,45,87422,4251,4153,80,4233,49
2021-07-09,Merced,47,269075,31423,31328,1009,32337,470
2021-07-09,Modoc,49,8938,414,410,147,557,4
2021-07-09,Mono,51,14174,1259,1275,14,1289,3
2021-07-09,Monterey,53,433212,43351,43251,1963,45214,499
2021-07-09,Napa,55,140530,10125,10077,38,10115,81
2021-07-09,Nevada,57,99092,5075,5000,202,5202,72
2021-07-09,Orange,59,3164182,257596,256438,12073,268511,5135
2021-07-09,Placer,61,380077,24139,23916,1685,25601,302
2021-07-09,Plumas,63,18699,728,717,15,732,4
2021-07-09,Riverside,65,2383286,294414,293474,15007,308481,4541
2021-07-09,Sacramento,67,1510023,110117,109091,1975,111066,1682
2021-07-09,San Benito,69,59416,6169,6141,120,6261,63
2021-07-09,San Bernardino,71,2135413,295918,294932,9212,304144,5117
2021-07-09,San Diego,73,3302833,285477,283577,0,283577,3783
2021-07-09,San Francisco,75,870044,37811,37338,1451,38789,559
2021-07-09,San Joaquin,77,732212,74624,74150,3917,78067,1412
2021-07-09,San Luis Obispo,79,281455,21462,21375,809,22184,258
2021-07-09,San Mateo,81,765935,43251,42948,515,43463,542
2021-07-09,Santa Barbara,83,443738,34796,34595,1271,35866,460
2021-07-09,Santa Clara,85,1922200,119861,119330,825,120155,2094
2021-07-09,Santa Cruz,87,273765,16334,16286,880,17166,207
2021-07-09,Shasta,89,179085,12671,12623,1725,14348,206
2021-07-09,Sierra,91,2930,64,61,14,75,0
2021-07-09,Siskiyou,93,43540,1976,1909,421,2330,29
2021-07-09,Solano,95,438530,33987,33678,615,34293,268
2021-07-09,Sonoma,97,501317,31495,31231,383,31614,317
2021-07-09,Stanislaus,99,539301,57329,57104,6340,63444,1026
2021-07-09,Sutter,101,95872,9745,9692,98,9790,114
2021-07-09,Tehama,103,63373,5138,5131,627,5758,63
2021-07-09,Trinity,105,12862,373,341,68,409,3
2021-07-09,Tulare,107,460477,49928,49850,9762,59612,853
2021-07-09,Tuolumne,109,53932,4167,4114,38,4152,64
2021-07-09,Ventura,111,848112,81983,81713,3300,85013,1039
2021-07-09,Yolo,113,214977,14361,14250,407,14657,213
2021-07-09,Yuba,115,75493,6305,6238,135,6373,52
2021-07-08,Alameda,1,1643700,90925,90090,2138,92228,1252
2021-07-08,Alpine,3,1148,89,89,0,89,0
2021-07-08,Amador,5,37829,3783,3773,36,3809,47
2021-07-08,Butte,7,227075,12814,12764,1984,14748,202
2021-07-08,Calaveras,9,45235,2229,2214,15,2229,57
2021-07-08,Colusa,11,21464,1976,1969,341,2310,16
2021-07-08,Contra Costa,13,1133247,72048,71376,1411,72787,821
2021-07-08,Del Norte,15,27424,1468,1451,9,1460,8
2021-07-08,El Dorado,17,186661,10578,10508,821,11329,114
2021-07-08,Fresno,19,978130,103083,102675,9165,111840,1730
2021-07-08,Glenn,21,27897,2447,2440,591,3031,20
2021-07-08,Humboldt,23,135768,4624,4574,53,4627,51
2021-07-08,Imperial,25,180216,28818,28729,2888,31617,741
2021-07-08,Inyo,27,18085,1416,1415,4,1419,36
2021-07-08,Kern,29,883053,97670,97538,11737,109275,1346
2021-07-08,Kings,31,150075,23166,23090,1225,24315,246
2021-07-08,Lake,33,64148,3726,3667,13,3680,63
2021-07-08,Lassen,35,31185,5296,5290,125,5415,21
2021-07-08,Los Angeles,37,10098052,1216781,1212043,45002,1257045,24542
2021-07-08,Madera,39,155013,16798,16744,982,17726,241
2021-07-08,Marin,41,260295,14296,14194,276,14470,233
2021-07-08,Mariposa,43,17540,444,442,11,453,5
2021-07-08,Mendocino,45,87422,4247,4153,80,4233,49
2021-07-08,Merced,47,269075,31409,31328,1007,32335,470
2021-07-08,Modoc,49,8938,414,410,147,557,4
2021-07-08,Mono,51,14174,1259,1275,14,1289,3
2021-07-08,Monterey,53,433212,43331,43251,1957,45208,499
2021-07-08,Napa,55,140530,10121,10077,38,10115,81
2021-07-08,Nevada,57,99092,5069,5000,202,5202,72
2021-07-08,Orange,59,3164182,257405,256438,12053,268491,5135
2021-07-08,Placer,61,380077,24101,23916,1677,25593,302
2021-07-08,Plumas,63,18699,727,717,15,732,4
2021-07-08,Riverside,65,2383286,294216,293474,14995,308469,4541
2021-07-08,Sacramento,67,1510023,109898,109091,1968,111059,1682
2021-07-08,San Benito,69,59416,6166,6141,120,6261,63
2021-07-08,San Bernardino,71,2135413,295743,294932,9203,304135,5117
2021-07-08,San Diego,73,3302833,285149,283577,0,283577,3783
2021-07-08,San Francisco,75,870044,37733,37338,1446,38784,559
2021-07-08,San Joaquin,77,732212,74536,74150,3906,78056,1412
2021-07-08,San Luis Obispo,79,281455,21450,21375,806,22181,258
2021-07-08,San Mateo,81,765935,43200,42948,514,43462,542
2021-07-08,Santa Barbara,83,443738,34771,34595,1269,35864,460
2021-07-08,Santa Clara,85,1922200,119768,119330,824,120154,2094
2021-07-08,Santa Cruz,87,273765,16328,16286,880,17166,207
2021-07-08,Shasta,89,179085,12665,12623,1721,14344,206
2021-07-08,Sierra,91,2930,64,61,14,75,0
2021-07-08,Siskiyou,93,43540,1971,1909,418,2327,29
2021-07-08,Solano,95,438530,33935,33678,607,34285,268
2021-07-08,Sonoma,97,501317,31464,31231,382,31613,317
2021-07-08,Stanislaus,99,539301,57295,57104,6335,63439,1026
2021-07-08,Sutter,101,95872,9730,9692,96,9788,114
2021-07-08,Tehama,103,63373,5135,5131,626,5757,63
2021-07-08,Trinity,105,12862,373,341,68,409,3
2021-07-08,Tulare,107,460477,49911,49850,9753,59603,853
2021-07-08,Tuolumne,109,53932,4165,4114,38,4152,64
2021-07-08,Ventura,111,848112,81919,81713,3283,84996,1039
2021-07-08,Yolo,113,214977,14343,14250,405,14655,213
2021-07-08,Yuba,115,75493,6297,6238,135,6373,52
2021-07-07,Alameda,1,1643700,90743,89995,2131,92126,1253
2021-07-07,Alpine,3,1148,89,89,0,89,0
2021-07-07,Amador,5,37829,3778,3770,36,3806,47
2021-07-07,Butte,7,227075,12801,12750,1979,14729,202
2021-07-07,Calaveras,9,45235,2225,2212,15,2227,57
2021-07-07,Colusa,11,21464,1972,1969,341,2310,16
2021-07-07,Contra Costa,13,1133247,71904,71308,1409,72717,821
2021-07-07,Del Norte,15,27424,1463,1446,9,1455,8
2021-07-07,El Dorado,17,186661,10558,10494,819,11313,114
2021-07-07,Fresno,19,978130,103033,102639,9158,111797,1729
2021-07-07,Glenn,21,27897,2447,2441,591,3032,20
2021-07-07,Humboldt,23,135768,4610,4566,53,4619,51
2021-07-07,Imperial,25,180216,28809,28701,2888,31589,740
2021-07-07,Inyo,27,18085,1415,1415,4,1419,36
2021-07-07,Kern,29,883053,97628,97507,11722,109229,1348
2021-07-07,Kings,31,150075,23153,23085,1222,24307,245
2021-07-07,Lake,33,64148,3707,3660,13,3673,63
2021-07-07,Lassen,35,31185,5296,5286,125,5411,21
2021-07-07,Los Angeles,37,10098052,1215614,1211316,44891,1256207,24531
2021-07-07,Madera,39,155013,16788,16733,980,17713,241
2021-07-07,Marin,41,260295,14276,14183,275,14458,233
2021-07-07,Mariposa,43,17540,442,442,11,453,5
2021-07-07,Mendocino,45,87422,4238,4145,80,4225,49
2021-07-07,Merced,47,269075,31394,31317,1007,32324,470
2021-07-07,Modoc,49,8938,414,410,147,557,4
2021-07-07,Mono,51,14174,1258,1274,14,1288,3
2021-07-07,Monterey,53,433212,43307,43233,1955,45188,494
2021-07-07,Napa,55,140530,10110,10078,38,10116,81
2021-07-07,Nevada,57,99092,5062,4996,202,5198,72
2021-07-07,Orange,59,3164182,257181,256301,12032,268333,5132
2021-07-07,Placer,61,380077,24063,23901,1667,25568,302
2021-07-07,Plumas,63,18699,727,710,15,725,4
2021-07-07,Riverside,65,2383286,294002,293331,14984,308315,4538
2021-07-07,Sacramento,67,1510023,109709,108954,1960,110914,1682
2021-07-07,San Benito,69,59416,6161,6137,120,6257,63
2021-07-07,San Bernardino,71,2135413,295571,294787,9196,303983,5087
2021-07-07,San Diego,73,3302833,284831,283377,0,283377,3782
2021-07-07,San Francisco,75,870044,37641,37284,1443,38727,558
2021-07-07,San Joaquin,77,732212,74461,74095,3890,77985,1410
2021-07-07,San Luis Obispo,79,281455,21441,21360,804,22164,258
2021-07-07,San Mateo,81,765935,43146,42908,511,43419,542
2021-07-07,Santa Barbara,83,443738,34745,34582,1268,35850,460
2021-07-07,Santa Clara,85,1922200,119670,119250,823,120073,2094
2021-07-07,Santa Cruz,87,273765,16319,16279,879,17158,207
2021-07-07,Shasta,89,179085,12657,12613,1718,14331,206
2021-07-07,Sierra,91,2930,64,60,14,74,0
2021-07-07,Siskiyou,93,43540,1965,1908,414,2322,29
2021-07-07,Solano,95,438530,33887,33659,600,34259,268
2021-07-07,Sonoma,97,501317,31417,31172,382,31554,316
2021-07-07,Stanislaus,99,539301,57250,57102,6330,63432,1028
2021-07-07,Sutter,101,95872,9720,9683,96,9779,114
2021-07-07,Tehama,103,63373,5134,5129,626,5755,63
2021-07-07,Trinity,105,12862,373,341,68,409,3
2021-07-07,Tulare,107,460477,49907,49835,9744,59579,853
2021-07-07,Tuolumne,109,53932,4161,4115,37,4152,64
2021-07-07,Ventura,111,848112,81875,81608,3268,84876,1036
2021-07-07,Yolo,113,214977,14333,14236,402,14638,213
2021-07-07,Yuba,115,75493,6281,6233,135,6368,51
2021-07-06,Alameda,1,1643700,90548,89918,2122,92040,1253
2021-07-06,Alpine,3,1148,89,89,0,89,0
2021-07-06,Amador,5,37829,3777,3768,35,3803,47
2021-07-06,Butte,7,227075,12788,12744,1976,14720,201
2021-07-06,Calaveras,9,45235,2225,2211,15,2226,55
2021-07-06,Colusa,11,21464,1971,1967,338,2305,16
2021-07-06,Contra Costa,13,1133247,71776,71262,1407,72669,820
2021-07-06,Del Norte,15,27424,1459,1445,9,1454,8
2021-07-06,El Dorado,17,186661,10541,10484,818,11302,113
2021-07-06,Fresno,19,978130,102982,102616,9148,111764,1727
2021-07-06,Glenn,21,27897,2446,2438,591,3029,20
2021-07-06,Humboldt,23,135768,4596,4565,52,4617,49
2021-07-06,Imperial,25,180216,28795,28693,2886,31579,739
2021-07-06,Inyo,27,18085,1415,1412,4,1416,36
2021-07-06,Kern,29,883053,97587,97491,11711,109202,1346
2021-07-06,Kings,31,150075,23145,23077,1221,24298,245
2021-07-06,Lake,33,64148,3697,3659,13,3672,63
2021-07-06,Lassen,35,31185,5295,5288,124,5412,21
2021-07-06,Los Angeles,37,10098052,1214408,1210965,44791,1255756,24525
2021-07-06,Madera,39,155013,16778,16730,980,17710,241
2021-07-06,Marin,41,260295,14262,14181,275,14456,233
2021-07-06,Mariposa,43,17540,442,442,11,453,5
2021-07-06,Mendocino,45,87422,4231,4143,80,4223,49
2021-07-06,Merced,47,269075,31377,31317,1006,32323,470
2021-07-06,Modoc,49,8938,414,411,147,558,4
2021-07-06,Mono,51,14174,1256,1274,14,1288,3
2021-07-06,Monterey,53,433212,43285,43224,1954,45178,494
2021-07-06,Napa,55,140530,10099,10081,38,10119,81
2021-07-06,Nevada,57,99092,5053,4988,202,5190,72
2021-07-06,Orange,59,3164182,256942,256227,12014,268241,5129
2021-07-06,Placer,61,380077,24022,23876,1661,25537,302
2021-07-06,Plumas,63,18699,726,708,15,723,4
2021-07-06,Riverside,65,2383286,293796,293227,14965,308192,4539
2021-07-06,Sacramento,67,1510023,109502,108850,1952,110802,1679
2021-07-06,San Benito,69,59416,6157,6137,120,6257,63
2021-07-06,San Bernardino,71,2135413,295396,294712,9183,303895,5056
2021-07-06,San Diego,73,3302833,284476,283278,0,283278,3782
2021-07-06,San Francisco,75,870044,37525,37251,1440,38691,558
2021-07-06,San Joaquin,77,732212,74392,74019,3878,77897,1410
2021-07-06,San Luis Obispo,79,281455,21424,21354,803,22157,257
2021-07-06,San Mateo,81,765935,43071,42895,511,43406,541
2021-07-06,Santa Barbara,83,443738,34728,34572,1266,35838,460
2021-07-06,Santa Clara,85,1922200,119552,119194,820,120014,2095
2021-07-06,Santa Cruz,87,273765,16314,16274,878,17152,207
2021-07-06,Shasta,89,179085,12647,12606,1716,14322,205
2021-07-06,Sierra,91,2930,63,60,14,74,0
2021-07-06,Siskiyou,93,43540,1962,1905,410,2315,29
2021-07-06,Solano,95,438530,33837,33619,597,34216,268
2021-07-06,Sonoma,97,501317,31353,31130,381,31511,316
2021-07-06,Stanislaus,99,539301,57188,57120,6318,63438,1029
2021-07-06,Sutter,101,95872,9711,9674,95,9769,114
2021-07-06,Tehama,103,63373,5131,5126,625,5751,63
2021-07-06,Trinity,105,12862,373,341,68,409,3
2021-07-06,Tulare,107,460477,49892,49826,9733,59559,853
2021-07-06,Tuolumne,109,53932,4159,4113,37,4150,64
2021-07-06,Ventura,111,848112,81836,81534,3242,84776,1033
2021-07-06,Yolo,113,214977,14312,14227,397,14624,213
2021-07-06,Yuba,115,75493,6270,6231,135,6366,51
2021-07-05,Alameda,1,1643700,90372,89892,2116,92008,1253
2021-07-05,Alpine,3,1148,89,89,0,89,0
2021-07-05,Amador,5,37829,3775,3768,35,3803,47
2021-07-05,Butte,7,227075,12780,12740,1966,14706,201
2021-07-05,Calaveras,9,45235,2223,2211,15,2226,55
2021-07-05,Colusa,11,21464,1969,1966,337,2303,16
2021-07-05,Contra Costa,13,1133247,71650,71235,1407,72642,820
2021-07-05,Del Norte,15,27424,1455,1446,9,1455,8
2021-07-05,El Dorado,17,186661,10516,10481,818,11299,113
2021-07-05,Fresno,19,978130,102926,102592,9130,111722,1727
2021-07-05,Glenn,21,27897,2443,2438,590,3028,20
2021-07-05,Humboldt,23,135768,4582,4563,52,4615,49
2021-07-05,Imperial,25,180216,28776,28689,2886,31575,739
2021-07-05,Inyo,27,18085,1415,1412,4,1416,36
2021-07-05,Kern,29,883053,97539,97479,11690,109169,1346
2021-07-05,Kings,31,150075,23137,23065,1218,24283,245
2021-07-05,Lake,33,64148,3679,3645,13,3658,63
2021-07-05,Lassen,35,31185,5292,5288,123,5411,21
2021-07-05,Los Angeles,37,10098052,1213229,1210653,44683,1255336,24522
2021-07-05,Madera,39,155013,16768,16722,979,17701,241
2021-07-05,Marin,41,260295,14240,14178,275,14453,233
2021-07-05,Mariposa,43,17540,442,441,11,452,5
2021-07-05,Mendocino,45,87422,4226,4139,80,4219,49
2021-07-05,Merced,47,269075,31357,31312,1006,32318,470
2021-07-05,Modoc,49,8938,414,410,147,557,4
2021-07-05,Mono,51,14174,1256,1273,14,1287,3
2021-07-05,Monterey,53,433212,43265,43218,1949,45167,494
2021-07-05,Napa,55,140530,10093,10074,38,10112,81
2021-07-05,Nevada,57,99092,5035,4980,201,5181,72
2021-07-05,Orange,59,3164182,256745,256173,11995,268168,5129
2021-07-05,Placer,61,380077,23976,23867,1653,25520,302
2021-07-05,Plumas,63,18699,725,708,15,723,4
2021-07-05,Riverside,65,2383286,293602,293193,14952,308145,4539
2021-07-05,Sacramento,67,1510023,109321,108758,1944,110702,1679
2021-07-05,San Benito,69,59416,6150,6137,120,6257,63
2021-07-05,San Bernardino,71,2135413,295236,294647,9176,303823,5037
2021-07-05,San Diego,73,3302833,284115,282834,0,282834,3782
2021-07-05,San Francisco,75,870044,37439,37237,1435,38672,558
2021-07-05,San Joaquin,77,732212,74322,73999,3872,77871,1410
2021-07-05,San Luis Obispo,79,281455,21411,21351,802,22153,257
2021-07-05,San Mateo,81,765935,43019,42876,508,43384,541
2021-07-05,Santa Barbara,83,443738,34708,34569,1266,35835,460
2021-07-05,Santa Clara,85,1922200,119448,119184,818,120002,2095
2021-07-05,Santa Cruz,87,273765,16304,16273,877,17150,208
2021-07-05,Shasta,89,179085,12638,12603,1714,14317,205
2021-07-05,Sierra,91,2930,63,60,14,74,0
2021-07-05,Siskiyou,93,43540,1961,1904,408,2312,29
2021-07-05,Solano,95,438530,33768,33612,591,34203,268
2021-07-05,Sonoma,97,501317,31300,31116,380,31496,316
2021-07-05,Stanislaus,99,539301,57152,57109,6308,63417,1029
2021-07-05,Sutter,101,95872,9699,9667,95,9762,114
2021-07-05,Tehama,103,63373,5130,5125,625,5750,63
2021-07-05,Trinity,105,12862,372,341,67,408,3
2021-07-05,Tulare,107,460477,49874,49818,9730,59548,853
2021-07-05,Tuolumne,109,53932,4155,4112,37,4149,64
2021-07-05,Ventura,111,848112,81787,81519,3221,84740,1033
2021-07-05,Yolo,113,214977,14295,14225,388,14613,213
2021-07-05,Yuba,115,75493,6262,6223,135,6358,51
2021-07-04,Alameda,1,1643700,90205,89683,2111,91794,1253
2021-07-04,Alpine,3,1148,89,89,0,89,0
2021-07-04,Amador,5,37829,3774,3758,35,3793,46
2021-07-04,Butte,7,227075,12770,12684,1966,14650,201
2021-07-04,Calaveras,9,45235,2223,2200,15,2215,55
2021-07-04,Colusa,11,21464,1969,1969,337,2306,15
2021-07-04,Contra Costa,13,1133247,71545,70941,1402,72343,818
2021-07-04,Del Norte,15,27424,1452,1439,9,1448,8
2021-07-04,El Dorado,17,186661,10507,10433,817,11250,113
2021-07-04,Fresno,19,978130,102882,102512,9111,111623,1727
2021-07-04,Glenn,21,27897,2441,2442,589,3031,20
2021-07-04,Humboldt,23,135768,4574,4530,52,4582,49
2021-07-04,Imperial,25,180216,28770,28661,2886,31547,739
2021-07-04,Inyo,27,18085,1415,1412,4,1416,35
2021-07-04,Kern,29,883053,97521,97421,11680,109101,1347
2021-07-04,Kings,31,150075,23129,23051,1218,24269,245
2021-07-04,Lake,33,64148,3669,3623,13,3636,62
2021-07-04,Lassen,35,31185,5291,5277,123,5400,20
2021-07-04,Los Angeles,37,10098052,1212387,1208705,44587,1253292,24506
2021-07-04,Madera,39,155013,16756,16696,977,17673,240
2021-07-04,Marin,41,260295,14226,14143,275,14418,233
2021-07-04,Mariposa,43,17540,442,441,11,452,5
2021-07-04,Mendocino,45,87422,4216,4122,80,4202,49
2021-07-04,Merced,47,269075,31346,31297,1006,32303,469
2021-07-04,Modoc,49,8938,414,410,147,557,4
2021-07-04,Mono,51,14174,1256,1275,14,1289,3
2021-07-04,Monterey,53,433212,43249,43212,1948,45160,492
2021-07-04,Napa,55,140530,10085,10045,37,10082,81
2021-07-04,Nevada,57,99092,5026,4966,201,5167,72
2021-07-04,Orange,59,3164182,256574,255823,11974,267797,5126
2021-07-04,Placer,61,380077,23939,23764,1646,25410,299
2021-07-04,Plumas,63,18699,725,707,15,722,4
2021-07-04,Riverside,65,2383286,293444,293260,14944,308204,4536
2021-07-04,Sacramento,67,1510023,109157,108257,1939,110196,1676
2021-07-04,San Benito,69,59416,6143,6108,120,6228,63
2021-07-04,San Bernardino,71,2135413,295074,294294,9169,303463,5003
2021-07-04,San Diego,73,3302833,283890,282692,0,282692,3780
2021-07-04,San Francisco,75,870044,37385,37107,1428,38535,558
2021-07-04,San Joaquin,77,732212,74255,73841,3864,77705,1409
2021-07-04,San Luis Obispo,79,281455,21405,21330,801,22131,256
2021-07-04,San Mateo,81,765935,42986,42691,508,43199,541
2021-07-04,Santa Barbara,83,443738,34687,34526,1265,35791,456
2021-07-04,Santa Clara,85,1922200,119358,118966,817,119783,2090
2021-07-04,Santa Cruz,87,273765,16293,16254,877,17131,208
2021-07-04,Shasta,89,179085,12634,12582,1713,14295,204
2021-07-04,Sierra,91,2930,62,60,14,74,0
2021-07-04,Siskiyou,93,43540,1957,1899,407,2306,29
2021-07-04,Solano,95,438530,33727,33486,589,34075,268
2021-07-04,Sonoma,97,501317,31270,31000,379,31379,316
2021-07-04,Stanislaus,99,539301,57129,57018,6302,63320,1018
2021-07-04,Sutter,101,95872,9688,9644,95,9739,114
2021-07-04,Tehama,103,63373,5126,5124,625,5749,63
2021-07-04,Trinity,105,12862,371,341,67,408,3
2021-07-04,Tulare,107,460477,49864,49789,9727,59516,853
2021-07-04,Tuolumne,109,53932,4147,4113,37,4150,64
2021-07-04,Ventura,111,848112,81733,81425,3210,84635,1033
2021-07-04,Yolo,113,214977,14276,14188,385,14573,213
2021-07-04,Yuba,115,75493,6254,6197,135,6332,51
2021-07-03,Alameda,1,1643700,90124,89683,2104,91787,1253
2021-07-03,Alpine,3,1148,89,89,0,89,0
2021-07-03,Amador,5,37829,3774,3758,35,3793,46
2021-07-03,Butte,7,227075,12766,12684,1965,14649,201
2021-07-03,Calaveras,9,45235,2222,2200,15,2215,55
2021-07-03,Colusa,11,21464,1969,1969,336,2305,15
2021-07-03,Contra Costa,13,1133247,71486,70941,1399,72340,818
2021-07-03,Del Norte,15,27424,1449,1439,9,1448,8
2021-07-03,El Dorado,17,186661,10500,10433,815,11248,113
2021-07-03,Fresno,19,978130,102857,102512,9102,111614,1727
2021-07-03,Glenn,21,27897,2441,2442,589,3031,20
2021-07-03,Humboldt,23,135768,4569,4530,52,4582,49
2021-07-03,Imperial,25,180216,28760,28661,2886,31547,739
2021-07-03,Inyo,27,18085,1415,1412,4,1416,35
2021-07-03,Kern,29,883053,97501,97421,11672,109093,1347
2021-07-03,Kings,31,150075,23129,23051,1217,24268,245
2021-07-03,Lake,33,64148,3659,3623,13,3636,62
2021-07-03,Lassen,35,31185,5290,5277,123,5400,20
2021-07-03,Los Angeles,37,10098052,1211962,1208705,44557,1253262,24506
2021-07-03,Madera,39,155013,16748,16696,974,17670,240
2021-07-03,Marin,41,260295,14222,14143,275,14418,233
2021-07-03,Mariposa,43,17540,442,441,11,452,5
2021-07-03,Mendocino,45,87422,4215,4122,80,4202,49
2021-07-03,Merced,47,269075,31333,31297,1005,32302,469
2021-07-03,Modoc,49,8938,413,410,147,557,4
2021-07-03,Mono,51,14174,1255,1275,14,1289,3
2021-07-03,Monterey,53,433212,43237,43212,1945,45157,492
2021-07-03,Napa,55,140530,10080,10045,37,10082,81
2021-07-03,Nevada,57,99092,5012,4966,201,5167,72
2021-07-03,Orange,59,3164182,256491,255823,11967,267790,5126
2021-07-03,Placer,61,380077,23920,23764,1643,25407,299
2021-07-03,Plumas,63,18699,725,707,15,722,4
2021-07-03,Riverside,65,2383286,293353,293260,14939,308199,4536
2021-07-03,Sacramento,67,1510023,109083,108257,1936,110193,1676
2021-07-03,San Benito,69,59416,6136,6108,120,6228,63
2021-07-03,San Bernardino,71,2135413,294987,294294,9166,303460,5003
2021-07-03,San Diego,73,3302833,283758,282692,0,282692,3780
2021-07-03,San Francisco,75,870044,37344,37107,1425,38532,558
2021-07-03,San Joaquin,77,732212,74220,73841,3858,77699,1409
2021-07-03,San Luis Obispo,79,281455,21393,21330,801,22131,256
2021-07-03,San Mateo,81,765935,42961,42691,507,43198,541
2021-07-03,Santa Barbara,83,443738,34678,34526,1264,35790,456
2021-07-03,Santa Clara,85,1922200,119312,118966,817,119783,2090
2021-07-03,Santa Cruz,87,273765,16286,16254,877,17131,208
2021-07-03,Shasta,89,179085,12630,12582,1711,14293,204
2021-07-03,Sierra,91,2930,62,60,14,74,0
2021-07-03,Siskiyou,93,43540,1956,1899,406,2305,29
2021-07-03,Solano,95,438530,33685,33486,589,34075,268
2021-07-03,Sonoma,97,501317,31236,31000,379,31379,316
2021-07-03,Stanislaus,99,539301,57115,57018,6294,63312,1018
2021-07-03,Sutter,101,95872,9678,9644,95,9739,114
2021-07-03,Tehama,103,63373,5124,5124,625,5749,63
2021-07-03,Trinity,105,12862,371,341,67,408,3
2021-07-03,Tulare,107,460477,49859,49789,9721,59510,853
2021-07-03,Tuolumne,109,53932,4146,4113,37,4150,64
2021-07-03,Ventura,111,848112,81702,81425,3202,84627,1033
2021-07-03,Yolo,113,214977,14266,14188,382,14570,213
2021-07-03,Yuba,115,75493,6248,6197,135,6332,51
2021-07-02,Alameda,1,1643700,90042,89683,2103,91786,1253
2021-07-02,Alpine,3,1148,89,89,0,89,0
2021-07-02,Amador,5,37829,3772,3758,35,3793,46
2021-07-02,Butte,7,227075,12759,12684,1965,14649,201
2021-07-02,Calaveras,9,45235,2221,2200,15,2215,55
2021-07-02,Colusa,11,21464,1968,1969,335,2304,15
2021-07-02,Contra Costa,13,1133247,71416,70941,1395,72336,818
2021-07-02,Del Norte,15,27424,1449,1439,9,1448,8
2021-07-02,El Dorado,17,186661,10492,10433,815,11248,113
2021-07-02,Fresno,19,978130,102827,102512,9096,111608,1727
2021-07-02,Glenn,21,27897,2440,2442,588,3030,20
2021-07-02,Humboldt,23,135768,4566,4530,51,4581,49
2021-07-02,Imperial,25,180216,28754,28661,2885,31546,739
2021-07-02,Inyo,27,18085,1415,1412,4,1416,35
2021-07-02,Kern,29,883053,97483,97421,11663,109084,1347
2021-07-02,Kings,31,150075,23119,23051,1217,24268,245
2021-07-02,Lake,33,64148,3653,3623,13,3636,62
2021-07-02,Lassen,35,31185,5290,5277,123,5400,20
2021-07-02,Los Angeles,37,10098052,1211492,1208705,44518,1253223,24506
2021-07-02,Madera,39,155013,16739,16696,973,17669,240
2021-07-02,Marin,41,260295,14217,14143,275,14418,233
2021-07-02,Mariposa,43,17540,442,441,11,452,5
2021-07-02,Mendocino,45,87422,4211,4122,79,4201,49
2021-07-02,Merced,47,269075,31324,31297,1005,32302,469
2021-07-02,Modoc,49,8938,413,410,147,557,4
2021-07-02,Mono,51,14174,1254,1275,14,1289,3
2021-07-02,Monterey,53,433212,43229,43212,1944,45156,492
2021-07-02,Napa,55,140530,10075,10045,37,10082,81
2021-07-02,Nevada,57,99092,5003,4966,201,5167,72
2021-07-02,Orange,59,3164182,256379,255823,11960,267783,5126
2021-07-02,Placer,61,380077,23903,23764,1636,25400,299
2021-07-02,Plumas,63,18699,725,707,15,722,4
2021-07-02,Riverside,65,2383286,293256,293260,14934,308194,4536
2021-07-02,Sacramento,67,1510023,109002,108257,1935,110192,1676
2021-07-02,San Benito,69,59416,6133,6108,120,6228,63
2021-07-02,San Bernardino,71,2135413,294895,294294,9164,303458,5003
2021-07-02,San Diego,73,3302833,283612,282692,0,282692,3780
2021-07-02,San Francisco,75,870044,37297,37107,1423,38530,558
2021-07-02,San Joaquin,77,732212,74188,73841,3852,77693,1409
2021-07-02,San Luis Obispo,79,281455,21387,21330,800,22130,256
2021-07-02,San Mateo,81,765935,42925,42691,507,43198,541
2021-07-02,Santa Barbara,83,443738,34669,34526,1264,35790,456
2021-07-02,Santa Clara,85,1922200,119234,118966,817,119783,2090
2021-07-02,Santa Cruz,87,273765,16282,16254,877,17131,208
2021-07-02,Shasta,89,179085,12626,12582,1711,14293,204
2021-07-02,Sierra,91,2930,61,60,14,74,0
2021-07-02,Siskiyou,93,43540,1953,1899,405,2304,29
2021-07-02,Solano,95,438530,33660,33486,589,34075,268
2021-07-02,Sonoma,97,501317,31213,31000,379,31379,316
2021-07-02,Stanislaus,99,539301,57093,57018,6293,63311,1018
2021-07-02,Sutter,101,95872,9673,9644,95,9739,114
2021-07-02,Tehama,103,63373,5122,5124,623,5747,63
2021-07-02,Trinity,105,12862,371,341,67,408,3
2021-07-02,Tulare,107,460477,49849,49789,9713,59502,853
2021-07-02,Tuolumne,109,53932,4143,4113,37,4150,64
2021-07-02,Ventura,111,848112,81660,81425,3194,84619,1033
2021-07-02,Yolo,113,214977,14251,14188,380,14568,213
2021-07-02,Yuba,115,75493,6240,6197,135,6332,51
2021-07-01,Alameda,1,1643700,89937,89683,2101,91784,1253
2021-07-01,Alpine,3,1148,89,89,0,89,0
2021-07-01,Amador,5,37829,3771,3758,35,3793,46
2021-07-01,Butte,7,227075,12747,12684,1963,14647,201
2021-07-01,Calaveras,9,45235,2219,2200,15,2215,55
2021-07-01,Colusa,11,21464,1968,1969,333,2302,15
2021-07-01,Contra Costa,13,1133247,71345,70941,1394,72335,818
2021-07-01,Del Norte,15,27424,1448,1439,9,1448,8
2021-07-01,El Dorado,17,186661,10480,10433,815,11248,113
2021-07-01,Fresno,19,978130,102788,102512,9091,111603,1727
2021-07-01,Glenn,21,27897,2440,2442,588,3030,20
2021-07-01,Humboldt,23,135768,4564,4530,51,4581,49
2021-07-01,Imperial,25,180216,28737,28661,2885,31546,739
2021-07-01,Inyo,27,18085,1415,1412,4,1416,35
2021-07-01,Kern,29,883053,97457,97421,11652,109073,1347
2021-07-01,Kings,31,150075,23105,23051,1217,24268,245
2021-07-01,Lake,33,64148,3650,3623,13,3636,62
2021-07-01,Lassen,35,31185,5288,5277,123,5400,20
2021-07-01,Los Angeles,37,10098052,1210896,1208705,44462,1253167,24506
2021-07-01,Madera,39,155013,16730,16696,972,17668,240
2021-07-01,Marin,41,260295,14213,14143,275,14418,233
2021-07-01,Mariposa,43,17540,442,441,11,452,5
2021-07-01,Mendocino,45,87422,4207,4122,78,4200,49
2021-07-01,Merced,47,269075,31318,31297,1005,32302,469
2021-07-01,Modoc,49,8938,413,410,147,557,4
2021-07-01,Mono,51,14174,1253,1275,14,1289,3
2021-07-01,Monterey,53,433212,43221,43212,1940,45152,492
2021-07-01,Napa,55,140530,10069,10045,37,10082,81
2021-07-01,Nevada,57,99092,4998,4966,201,5167,72
2021-07-01,Orange,59,3164182,256261,255823,11941,267764,5126
2021-07-01,Placer,61,380077,23885,23764,1633,25397,299
2021-07-01,Plumas,63,18699,722,707,13,720,4
2021-07-01,Riverside,65,2383286,293148,293260,14928,308188,4536
2021-07-01,Sacramento,67,1510023,108881,108257,1928,110185,1676
2021-07-01,San Benito,69,59416,6129,6108,120,6228,63
2021-07-01,San Bernardino,71,2135413,294771,294294,9158,303452,5003
2021-07-01,San Diego,73,3302833,283435,282692,0,282692,3780
2021-07-01,San Francisco,75,870044,37261,37107,1421,38528,558
2021-07-01,San Joaquin,77,732212,74137,73841,3848,77689,1409
2021-07-01,San Luis Obispo,79,281455,21372,21330,799,22129,256
2021-07-01,San Mateo,81,765935,42895,42691,506,43197,541
2021-07-01,Santa Barbara,83,443738,34659,34526,1264,35790,456
2021-07-01,Santa Clara,85,1922200,119185,118966,817,119783,2090
2021-07-01,Santa Cruz,87,273765,16278,16254,877,17131,208
2021-07-01,Shasta,89,179085,12618,12582,1710,14292,204
2021-07-01,Sierra,91,2930,61,60,14,74,0
2021-07-01,Siskiyou,93,43540,1953,1899,405,2304,29
2021-07-01,Solano,95,438530,33619,33486,588,34074,268
2021-07-01,Sonoma,97,501317,31168,31000,379,31379,316
2021-07-01,Stanislaus,99,539301,57070,57018,6289,63307,1018
2021-07-01,Sutter,101,95872,9664,9644,95,9739,114
2021-07-01,Tehama,103,63373,5122,5124,622,5746,63
2021-07-01,Trinity,105,12862,371,341,67,408,3
2021-07-01,Tulare,107,460477,49840,49789,9706,59495,853
2021-07-01,Tuolumne,109,53932,4136,4113,37,4150,64
2021-07-01,Ventura,111,848112,81629,81425,3183,84608,1033
2021-07-01,Yolo,113,214977,14236,14188,378,14566,213
2021-07-01,Yuba,115,75493,6233,6197,135,6332,51
2021-06-30,Alameda,1,1643700,89849,89597,2095,91692,1256
2021-06-30,Alpine,3,1148,89,89,0,89,0
2021-06-30,Amador,5,37829,3769,3756,35,3791,46
2021-06-30,Butte,7,227075,12740,12676,1954,14630,201
2021-06-30,Calaveras,9,45235,2215,2198,15,2213,55
2021-06-30,Colusa,11,21464,1966,1967,330,2297,15
2021-06-30,Contra Costa,13,1133247,71281,70869,1391,72260,818
2021-06-30,Del Norte,15,27424,1443,1435,9,1444,8
2021-06-30,El Dorado,17,186661,10461,10420,815,11235,113
2021-06-30,Fresno,19,978130,102752,102490,9088,111578,1727
2021-06-30,Glenn,21,27897,2438,2440,588,3028,20
2021-06-30,Humboldt,23,135768,4548,4522,49,4571,49
2021-06-30,Imperial,25,180216,28729,28651,2885,31536,739
2021-06-30,Inyo,27,18085,1415,1409,4,1413,35
2021-06-30,Kern,29,883053,97419,97267,11640,108907,1348
2021-06-30,Kings,31,150075,23100,23038,1216,24254,245
2021-06-30,Lake,33,64148,3637,3601,13,3614,56
2021-06-30,Lassen,35,31185,5283,5269,123,5392,20
2021-06-30,Los Angeles,37,10098052,1210229,1208246,44417,1252663,24499
2021-06-30,Madera,39,155013,16723,16688,970,17658,240
2021-06-30,Marin,41,260295,14205,14133,273,14406,232
2021-06-30,Mariposa,43,17540,441,441,11,452,5
2021-06-30,Mendocino,45,87422,4197,4115,78,4193,49
2021-06-30,Merced,47,269075,31308,31286,1005,32291,469
2021-06-30,Modoc,49,8938,413,410,147,557,4
2021-06-30,Mono,51,14174,1253,1275,14,1289,3
2021-06-30,Monterey,53,433212,43216,43209,1938,45147,492
2021-06-30,Napa,55,140530,10061,10039,37,10076,81
2021-06-30,Nevada,57,99092,4987,4958,201,5159,72
2021-06-30,Orange,59,3164182,256134,255764,11931,267695,5125
2021-06-30,Placer,61,380077,23860,23721,1629,25350,299
2021-06-30,Plumas,63,18699,722,705,13,718,4
2021-06-30,Riverside,65,2383286,293036,293280,14916,308196,4535
2021-06-30,Sacramento,67,1510023,108742,108137,1923,110060,1676
2021-06-30,San Benito,69,59416,6125,6105,120,6225,63
2021-06-30,San Bernardino,71,2135413,294620,294211,9153,303364,4975
2021-06-30,San Diego,73,3302833,283299,282583,0,282583,3780
2021-06-30,San Francisco,75,870044,37212,37065,1416,38481,558
2021-06-30,San Joaquin,77,732212,74077,73777,3846,77623,1409
2021-06-30,San Luis Obispo,79,281455,21359,21326,798,22124,256
2021-06-30,San Mateo,81,765935,42858,42599,505,43104,537
2021-06-30,Santa Barbara,83,443738,34643,34521,1264,35785,456
2021-06-30,Santa Clara,85,1922200,119138,118930,814,119744,2090
2021-06-30,Santa Cruz,87,273765,16273,16250,877,17127,208
2021-06-30,Shasta,89,179085,12612,12564,1710,14274,204
2021-06-30,Sierra,91,2930,61,60,14,74,0
2021-06-30,Siskiyou,93,43540,1951,1900,402,2302,29
2021-06-30,Solano,95,438530,33581,33453,586,34039,268
2021-06-30,Sonoma,97,501317,31138,30947,379,31326,316
2021-06-30,Stanislaus,99,539301,57048,56997,6288,63285,1018
2021-06-30,Sutter,101,95872,9654,9638,95,9733,114
2021-06-30,Tehama,103,63373,5120,5124,622,5746,63
2021-06-30,Trinity,105,12862,371,341,67,408,3
2021-06-30,Tulare,107,460477,49829,49764,9695,59459,853
2021-06-30,Tuolumne,109,53932,4133,4112,37,4149,64
2021-06-30,Ventura,111,848112,81588,81392,3178,84570,1032
2021-06-30,Yolo,113,214977,14232,14178,375,14553,213
2021-06-30,Yuba,115,75493,6225,6191,135,6326,51
2021-06-29,Alameda,1,1643700,89745,89519,2094,91613,1257
2021-06-29,Alpine,3,1148,89,89,0,89,0
2021-06-29,Amador,5,37829,3765,3754,35,3789,46
2021-06-29,Butte,7,227075,12732,12669,1954,14623,201
2021-06-29,Calaveras,9,45235,2210,2198,15,2213,55
2021-06-29,Colusa,11,21464,1964,1967,330,2297,15
2021-06-29,Contra Costa,13,1133247,71207,70775,1391,72166,817
2021-06-29,Del Norte,15,27424,1442,1435,9,1444,8
2021-06-29,El Dorado,17,186661,10448,10403,811,11214,113
2021-06-29,Fresno,19,978130,102718,102464,9085,111549,1725
2021-06-29,Glenn,21,27897,2437,2439,588,3027,20
2021-06-29,Humboldt,23,135768,4544,4514,48,4562,49
2021-06-29,Imperial,25,180216,28720,28645,2884,31529,737
2021-06-29,Inyo,27,18085,1415,1408,4,1412,35
2021-06-29,Kern,29,883053,97398,97173,11633,108806,1347
2021-06-29,Kings,31,150075,23092,23035,1215,24250,245
2021-06-29,Lake,33,64148,3631,3594,13,3607,56
2021-06-29,Lassen,35,31185,5276,5268,123,5391,20
2021-06-29,Los Angeles,37,10098052,1209627,1207895,44381,1252276,24498
2021-06-29,Madera,39,155013,16719,16680,969,17649,240
2021-06-29,Marin,41,260295,14193,14127,273,14400,232
2021-06-29,Mariposa,43,17540,441,441,11,452,5
2021-06-29,Mendocino,45,87422,4194,4107,77,4184,49
2021-06-29,Merced,47,269075,31296,31277,1005,32282,469
2021-06-29,Modoc,49,8938,412,408,147,555,3
2021-06-29,Mono,51,14174,1253,1275,14,1289,3
2021-06-29,Monterey,53,433212,43206,43196,1936,45132,471
2021-06-29,Napa,55,140530,10055,10033,37,10070,81
2021-06-29,Nevada,57,99092,4980,4952,201,5153,72
2021-06-29,Orange,59,3164182,256037,255686,11916,267602,5124
2021-06-29,Placer,61,380077,23841,23693,1627,25320,299
2021-06-29,Plumas,63,18699,722,704,13,717,4
2021-06-29,Riverside,65,2383286,292937,292962,14909,307871,4524
2021-06-29,Sacramento,67,1510023,108589,108067,1920,109987,1677
2021-06-29,San Benito,69,59416,6114,6099,120,6219,63
2021-06-29,San Bernardino,71,2135413,294512,294118,9151,303269,4940
2021-06-29,San Diego,73,3302833,283145,282499,0,282499,3780
2021-06-29,San Francisco,75,870044,37175,37041,1413,38454,558
2021-06-29,San Joaquin,77,732212,74029,73724,3843,77567,1409
2021-06-29,San Luis Obispo,79,281455,21350,21324,796,22120,256
2021-06-29,San Mateo,81,765935,42827,42540,503,43043,540
2021-06-29,Santa Barbara,83,443738,34633,34507,1263,35770,455
2021-06-29,Santa Clara,85,1922200,119083,118893,813,119706,2090
2021-06-29,Santa Cruz,87,273765,16268,16249,877,17126,208
2021-06-29,Shasta,89,179085,12600,12564,1709,14273,204
2021-06-29,Sierra,91,2930,61,59,14,73,0
2021-06-29,Siskiyou,93,43540,1948,1897,398,2295,29
2021-06-29,Solano,95,438530,33548,33440,584,34024,268
2021-06-29,Sonoma,97,501317,31096,30950,377,31327,316
2021-06-29,Stanislaus,99,539301,57020,56980,6281,63261,1018
2021-06-29,Sutter,101,95872,9643,9634,95,9729,114
2021-06-29,Tehama,103,63373,5120,5124,622,5746,63
2021-06-29,Trinity,105,12862,371,341,67,408,3
2021-06-29,Tulare,107,460477,49816,49751,9690,59441,852
2021-06-29,Tuolumne,109,53932,4131,4111,37,4148,64
2021-06-29,Ventura,111,848112,81555,81363,3172,84535,1032
2021-06-29,Yolo,113,214977,14220,14171,374,14545,213
2021-06-29,Yuba,115,75493,6215,6188,135,6323,51
2021-06-28,Alameda,1,1643700,89652,89638,2092,91730,1259
2021-06-28,Alpine,3,1148,89,89,0,89,0
2021-06-28,Amador,5,37829,3764,3753,35,3788,46
2021-06-28,Butte,7,227075,12723,12697,1952,14649,198
2021-06-28,Calaveras,9,45235,2207,2203,15,2218,55
2021-06-28,Colusa,11,21464,1963,1974,329,2303,15
2021-06-28,Contra Costa,13,1133247,71133,70807,1389,72196,816
2021-06-28,Del Norte,15,27424,1442,1436,9,1445,8
2021-06-28,El Dorado,17,186661,10438,10422,807,11229,115
2021-06-28,Fresno,19,978130,102687,103121,9083,112204,1727
2021-06-28,Glenn,21,27897,2437,2439,588,3027,20
2021-06-28,Humboldt,23,135768,4537,4520,47,4567,49
2021-06-28,Imperial,25,180216,28712,28981,2883,31864,741
2021-06-28,Inyo,27,18085,1412,1407,4,1411,35
2021-06-28,Kern,29,883053,97379,97252,11628,108880,1348
2021-06-28,Kings,31,150075,23086,23134,1215,24349,246
2021-06-28,Lake,33,64148,3622,3591,13,3604,56
2021-06-28,Lassen,35,31185,5274,5268,123,5391,20
2021-06-28,Los Angeles,37,10098052,1209112,1207714,44343,1252057,24496
2021-06-28,Madera,39,155013,16709,16683,968,17651,240
2021-06-28,Marin,41,260295,14178,14186,273,14459,232
2021-06-28,Mariposa,43,17540,441,440,11,451,5
2021-06-28,Mendocino,45,87422,4186,4102,76,4178,49
2021-06-28,Merced,47,269075,31284,31277,1005,32282,469
2021-06-28,Modoc,49,8938,412,411,146,557,3
2021-06-28,Mono,51,14174,1253,1276,14,1290,3
2021-06-28,Monterey,53,433212,43202,43202,1935,45137,462
2021-06-28,Napa,55,140530,10046,10050,36,10086,81
2021-06-28,Nevada,57,99092,4976,4951,201,5152,72
2021-06-28,Orange,59,3164182,255950,255755,11903,267658,5123
2021-06-28,Placer,61,380077,23820,23756,1622,25378,299
2021-06-28,Plumas,63,18699,720,704,13,717,4
2021-06-28,Riverside,65,2383286,292811,292647,14898,307545,4507
2021-06-28,Sacramento,67,1510023,108456,108342,1916,110258,1675
2021-06-28,San Benito,69,59416,6112,6101,120,6221,63
2021-06-28,San Bernardino,71,2135413,294408,294151,9146,303297,4928
2021-06-28,San Diego,73,3302833,282984,282417,0,282417,3780
2021-06-28,San Francisco,75,870044,37139,37372,1411,38783,559
2021-06-28,San Joaquin,77,732212,73980,73973,3838,77811,1411
2021-06-28,San Luis Obispo,79,281455,21346,21340,795,22135,256
2021-06-28,San Mateo,81,765935,42794,42927,502,43429,540
2021-06-28,Santa Barbara,83,443738,34626,34534,1261,35795,455
2021-06-28,Santa Clara,85,1922200,119019,120377,812,121189,2103
2021-06-28,Santa Cruz,87,273765,16263,16245,877,17122,208
2021-06-28,Shasta,89,179085,12596,12642,1707,14349,203
2021-06-28,Sierra,91,2930,61,58,14,72,0
2021-06-28,Siskiyou,93,43540,1947,1896,398,2294,29
2021-06-28,Solano,95,438530,33512,33524,582,34106,267
2021-06-28,Sonoma,97,501317,31059,31137,376,31513,315
2021-06-28,Stanislaus,99,539301,57001,57047,6277,63324,1018
2021-06-28,Sutter,101,95872,9639,9682,95,9777,114
2021-06-28,Tehama,103,63373,5118,5122,622,5744,63
2021-06-28,Trinity,105,12862,371,341,67,408,3
2021-06-28,Tulare,107,460477,49807,49751,9685,59436,850
2021-06-28,Tuolumne,109,53932,4124,4121,37,4158,64
2021-06-28,Ventura,111,848112,81497,81393,3167,84560,1032
2021-06-28,Yolo,113,214977,14211,14199,371,14570,213
2021-06-28,Yuba,115,75493,6210,6207,135,6342,51
2021-06-27,Alameda,1,1643700,89567,89611,2088,91699,1259
2021-06-27,Alpine,3,1148,89,89,0,89,0
2021-06-27,Amador,5,37829,3763,3752,35,3787,46
2021-06-27,Butte,7,227075,12714,12696,1951,14647,198
2021-06-27,Calaveras,9,45235,2206,2203,15,2218,55
2021-06-27,Colusa,11,21464,1963,1974,329,2303,15
2021-06-27,Contra Costa,13,1133247,71046,70762,1385,72147,816
2021-06-27,Del Norte,15,27424,1439,1436,9,1445,8
2021-06-27,El Dorado,17,186661,10426,10418,804,11222,115
2021-06-27,Fresno,19,978130,102658,103110,9081,112191,1727
2021-06-27,Glenn,21,27897,2436,2439,587,3026,20
2021-06-27,Humboldt,23,135768,4525,4513,44,4557,49
2021-06-27,Imperial,25,180216,28698,28987,2883,31870,741
2021-06-27,Inyo,27,18085,1412,1407,4,1411,35
2021-06-27,Kern,29,883053,97354,97249,11621,108870,1348
2021-06-27,Kings,31,150075,23076,23132,1215,24347,246
2021-06-27,Lake,33,64148,3615,3581,13,3594,56
2021-06-27,Lassen,35,31185,5273,5265,123,5388,20
2021-06-27,Los Angeles,37,10098052,1208571,1207461,44303,1251764,24493
2021-06-27,Madera,39,155013,16701,16680,968,17648,240
2021-06-27,Marin,41,260295,14169,14182,273,14455,232
2021-06-27,Mariposa,43,17540,441,440,11,451,5
2021-06-27,Mendocino,45,87422,4179,4100,76,4176,49
2021-06-27,Merced,47,269075,31272,31266,1005,32271,469
2021-06-27,Modoc,49,8938,412,411,146,557,3
2021-06-27,Mono,51,14174,1253,1279,14,1293,3
2021-06-27,Monterey,53,433212,43189,43199,1935,45134,462
2021-06-27,Napa,55,140530,10040,10046,36,10082,81
2021-06-27,Nevada,57,99092,4970,4946,201,5147,72
2021-06-27,Orange,59,3164182,255837,255710,11892,267602,5123
2021-06-27,Placer,61,380077,23787,23731,1619,25350,299
2021-06-27,Plumas,63,18699,720,704,13,717,4
2021-06-27,Riverside,65,2383286,292711,292641,14892,307533,4507
2021-06-27,Sacramento,67,1510023,108323,108279,1912,110191,1675
2021-06-27,San Benito,69,59416,6106,6101,120,6221,63
2021-06-27,San Bernardino,71,2135413,294292,294115,9145,303260,4927
2021-06-27,San Diego,73,3302833,282847,282359,0,282359,3780
2021-06-27,San Francisco,75,870044,37102,37360,1410,38770,559
2021-06-27,San Joaquin,77,732212,73944,73960,3836,77796,1411
2021-06-27,San Luis Obispo,79,281455,21339,21340,794,22134,256
2021-06-27,San Mateo,81,765935,42766,42925,499,43424,539
2021-06-27,Santa Barbara,83,443738,34612,34533,1258,35791,455
2021-06-27,Santa Clara,85,1922200,118967,120352,810,121162,2103
2021-06-27,Santa Cruz,87,273765,16254,16241,877,17118,208
2021-06-27,Shasta,89,179085,12590,12640,1706,14346,203
2021-06-27,Sierra,91,2930,61,58,14,72,0
2021-06-27,Siskiyou,93,43540,1945,1896,397,2293,29
2021-06-27,Solano,95,438530,33484,33516,582,34098,267
2021-06-27,Sonoma,97,501317,31021,31129,376,31505,315
2021-06-27,Stanislaus,99,539301,56954,57021,6274,63295,1018
2021-06-27,Sutter,101,95872,9633,9678,95,9773,114
2021-06-27,Tehama,103,63373,5114,5122,622,5744,63
2021-06-27,Trinity,105,12862,371,341,66,407,3
2021-06-27,Tulare,107,460477,49795,49749,9678,59427,850
2021-06-27,Tuolumne,109,53932,4122,4121,37,4158,64
2021-06-27,Ventura,111,848112,81463,81361,3158,84519,1032
2021-06-27,Yolo,113,214977,14196,14194,368,14562,213
2021-06-27,Yuba,115,75493,6204,6205,135,6340,51
2021-06-26,Alameda,1,1643700,89510,89560,2087,91647,1259
2021-06-26,Alpine,3,1148,89,89,0,89,0
2021-06-26,Amador,5,37829,3763,3748,35,3783,46
2021-06-26,Butte,7,227075,12710,12693,1948,14641,198
2021-06-26,Calaveras,9,45235,2204,2202,15,2217,55
2021-06-26,Colusa,11,21464,1963,1973,329,2302,15
2021-06-26,Contra Costa,13,1133247,71003,70712,1384,72096,816
2021-06-26,Del Norte,15,27424,1438,1432,9,1441,8
2021-06-26,El Dorado,17,186661,10418,10414,803,11217,115
2021-06-26,Fresno,19,978130,102638,103091,9079,112170,1727
2021-06-26,Glenn,21,27897,2434,2441,587,3028,20
2021-06-26,Humboldt,23,135768,4522,4509,44,4553,49
2021-06-26,Imperial,25,180216,28694,28970,2883,31853,741
2021-06-26,Inyo,27,18085,1412,1407,4,1411,35
2021-06-26,Kern,29,883053,97328,97239,11612,108851,1348
2021-06-26,Kings,31,150075,23072,23128,1214,24342,246
2021-06-26,Lake,33,64148,3605,3576,13,3589,56
2021-06-26,Lassen,35,31185,5270,5263,123,5386,20
2021-06-26,Los Angeles,37,10098052,1208269,1207198,44267,1251465,24490
2021-06-26,Madera,39,155013,16694,16679,967,17646,240
2021-06-26,Marin,41,260295,14160,14180,273,14453,232
2021-06-26,Mariposa,43,17540,441,440,11,451,5
2021-06-26,Mendocino,45,87422,4177,4096,76,4172,49
2021-06-26,Merced,47,269075,31266,31259,1004,32263,469
2021-06-26,Modoc,49,8938,412,411,146,557,3
2021-06-26,Mono,51,14174,1253,1279,14,1293,3
2021-06-26,Monterey,53,433212,43186,43192,1935,45127,462
2021-06-26,Napa,55,140530,10034,10043,36,10079,81
2021-06-26,Nevada,57,99092,4965,4939,201,5140,72
2021-06-26,Orange,59,3164182,255762,255640,11885,267525,5123
2021-06-26,Placer,61,380077,23773,23702,1617,25319,299
2021-06-26,Plumas,63,18699,720,704,13,717,4
2021-06-26,Riverside,65,2383286,292654,292480,14886,307366,4505
2021-06-26,Sacramento,67,1510023,108254,108179,1910,110089,1675
2021-06-26,San Benito,69,59416,6102,6100,120,6220,63
2021-06-26,San Bernardino,71,2135413,294201,294034,9140,303174,4928
2021-06-26,San Diego,73,3302833,282762,282263,0,282263,3780
2021-06-26,San Francisco,75,870044,37070,37348,1409,38757,559
2021-06-26,San Joaquin,77,732212,73916,73928,3835,77763,1411
2021-06-26,San Luis Obispo,79,281455,21338,21330,793,22123,256
2021-06-26,San Mateo,81,765935,42745,42898,499,43397,539
2021-06-26,Santa Barbara,83,443738,34603,34525,1258,35783,455
2021-06-26,Santa Clara,85,1922200,118934,120321,810,121131,2103
2021-06-26,Santa Cruz,87,273765,16251,16239,877,17116,208
2021-06-26,Shasta,89,179085,12586,12635,1702,14337,203
2021-06-26,Sierra,91,2930,61,58,14,72,0
2021-06-26,Siskiyou,93,43540,1944,1896,396,2292,29
2021-06-26,Solano,95,438530,33466,33489,580,34069,267
2021-06-26,Sonoma,97,501317,30993,31088,376,31464,315
2021-06-26,Stanislaus,99,539301,56933,57006,6272,63278,1018
2021-06-26,Sutter,101,95872,9632,9669,95,9764,114
2021-06-26,Tehama,103,63373,5114,5119,622,5741,63
2021-06-26,Trinity,105,12862,371,341,66,407,3
2021-06-26,Tulare,107,460477,49789,49745,9678,59423,850
2021-06-26,Tuolumne,109,53932,4122,4121,37,4158,64
2021-06-26,Ventura,111,848112,81439,81352,3157,84509,1032
2021-06-26,Yolo,113,214977,14187,14184,368,14552,213
2021-06-26,Yuba,115,75493,6201,6200,135,6335,51
2021-06-25,Alameda,1,1643700,89445,89453,2084,91537,1271
2021-06-25,Alpine,3,1148,89,89,0,89,0
2021-06-25,Amador,5,37829,3762,3746,35,3781,46
2021-06-25,Butte,7,227075,12705,12682,1945,14627,198
2021-06-25,Calaveras,9,45235,2203,2201,15,2216,55
2021-06-25,Colusa,11,21464,1963,1972,329,2301,15
2021-06-25,Contra Costa,13,1133247,70967,70659,1384,72043,815
2021-06-25,Del Norte,15,27424,1438,1426,9,1435,8
2021-06-25,El Dorado,17,186661,10410,10406,800,11206,115
2021-06-25,Fresno,19,978130,102621,103073,9075,112148,1727
2021-06-25,Glenn,21,27897,2434,2441,587,3028,20
2021-06-25,Humboldt,23,135768,4516,4503,42,4545,49
2021-06-25,Imperial,25,180216,28691,28968,2883,31851,740
2021-06-25,Inyo,27,18085,1411,1406,4,1410,35
2021-06-25,Kern,29,883053,97309,97182,11608,108790,1347
2021-06-25,Kings,31,150075,23066,23118,1214,24332,246
2021-06-25,Lake,33,64148,3599,3571,13,3584,56
2021-06-25,Lassen,35,31185,5269,5259,123,5382,20
2021-06-25,Los Angeles,37,10098052,1207995,1206909,44248,1251157,24483
2021-06-25,Madera,39,155013,16691,16670,967,17637,240
2021-06-25,Marin,41,260295,14157,14179,273,14452,232
2021-06-25,Mariposa,43,17540,441,440,11,451,5
2021-06-25,Mendocino,45,87422,4174,4089,76,4165,49
2021-06-25,Merced,47,269075,31258,31256,1004,32260,467
2021-06-25,Modoc,49,8938,412,411,146,557,3
2021-06-25,Mono,51,14174,1253,1279,14,1293,3
2021-06-25,Monterey,53,433212,43181,43184,1934,45118,462
2021-06-25,Napa,55,140530,10029,10037,36,10073,81
2021-06-25,Nevada,57,99092,4962,4932,201,5133,72
2021-06-25,Orange,59,3164182,255695,255574,11882,267456,5119
2021-06-25,Placer,61,380077,23754,23672,1616,25288,299
2021-06-25,Plumas,63,18699,720,702,12,714,4
2021-06-25,Riverside,65,2383286,292588,291663,14880,306543,4490
2021-06-25,Sacramento,67,1510023,108181,108034,1906,109940,1673
2021-06-25,San Benito,69,59416,6098,6098,120,6218,63
2021-06-25,San Bernardino,71,2135413,294146,293941,9138,303079,4911
2021-06-25,San Diego,73,3302833,282702,282157,0,282157,3779
2021-06-25,San Francisco,75,870044,37047,37338,1408,38746,559
2021-06-25,San Joaquin,77,732212,73883,73860,3833,77693,1410
2021-06-25,San Luis Obispo,79,281455,21335,21325,792,22117,256
2021-06-25,San Mateo,81,765935,42727,42849,499,43348,537
2021-06-25,Santa Barbara,83,443738,34595,34518,1257,35775,454
2021-06-25,Santa Clara,85,1922200,118914,120272,810,121082,2103
2021-06-25,Santa Cruz,87,273765,16248,16230,877,17107,208
2021-06-25,Shasta,89,179085,12576,12633,1701,14334,202
2021-06-25,Sierra,91,2930,61,58,14,72,0
2021-06-25,Siskiyou,93,43540,1943,1894,396,2290,29
2021-06-25,Solano,95,438530,33446,33449,580,34029,267
2021-06-25,Sonoma,97,501317,30970,31043,376,31419,314
2021-06-25,Stanislaus,99,539301,56914,56973,6265,63238,1018
2021-06-25,Sutter,101,95872,9625,9664,95,9759,114
2021-06-25,Tehama,103,63373,5113,5119,622,5741,63
2021-06-25,Trinity,105,12862,371,338,66,404,3
2021-06-25,Tulare,107,460477,49783,49731,9674,59405,850
2021-06-25,Tuolumne,109,53932,4121,4121,37,4158,64
2021-06-25,Ventura,111,848112,81410,81342,3151,84493,1032
2021-06-25,Yolo,113,214977,14181,14172,368,14540,213
2021-06-25,Yuba,115,75493,6197,6195,135,6330,51
2021-06-24,Alameda,1,1643700,89371,89358,2080,91438,1268
2021-06-24,Alpine,3,1148,89,89,0,89,0
2021-06-24,Amador,5,37829,3758,3745,35,3780,46
2021-06-24,Butte,7,227075,12699,12673,1943,14616,198
2021-06-24,Calaveras,9,45235,2199,2202,15,2217,55
2021-06-24,Colusa,11,21464,1962,1972,329,2301,15
2021-06-24,Contra Costa,13,1133247,70908,70590,1384,71974,813
2021-06-24,Del Norte,15,27424,1437,1421,9,1430,8
2021-06-24,El Dorado,17,186661,10403,10402,800,11202,115
2021-06-24,Fresno,19,978130,102602,103061,9072,112133,1727
2021-06-24,Glenn,21,27897,2433,2439,587,3026,20
2021-06-24,Humboldt,23,135768,4511,4493,42,4535,49
2021-06-24,Imperial,25,180216,28688,28981,2883,31864,740
2021-06-24,Inyo,27,18085,1410,1406,4,1410,35
2021-06-24,Kern,29,883053,97290,97129,11595,108724,1346
2021-06-24,Kings,31,150075,23062,23114,1212,24326,246
2021-06-24,Lake,33,64148,3593,3571,13,3584,56
2021-06-24,Lassen,35,31185,5268,5258,123,5381,20
2021-06-24,Los Angeles,37,10098052,1207672,1206590,44224,1250814,24480
2021-06-24,Madera,39,155013,16680,16662,967,17629,240
2021-06-24,Marin,41,260295,14153,14180,273,14453,232
2021-06-24,Mariposa,43,17540,441,440,11,451,5
2021-06-24,Mendocino,45,87422,4166,4085,76,4161,49
2021-06-24,Merced,47,269075,31247,31248,1004,32252,466
2021-06-24,Modoc,49,8938,412,411,146,557,3
2021-06-24,Mono,51,14174,1253,1276,14,1290,3
2021-06-24,Monterey,53,433212,43174,43180,1934,45114,451
2021-06-24,Napa,55,140530,10027,10036,36,10072,80
2021-06-24,Nevada,57,99092,4960,4927,201,5128,72
2021-06-24,Orange,59,3164182,255632,255520,11874,267394,5117
2021-06-24,Placer,61,380077,23729,23659,1614,25273,299
2021-06-24,Plumas,63,18699,719,702,12,714,4
2021-06-24,Riverside,65,2383286,292508,291067,14873,305940,4473
2021-06-24,Sacramento,67,1510023,108093,107965,1904,109869,1672
2021-06-24,San Benito,69,59416,6095,6098,120,6218,63
2021-06-24,San Bernardino,71,2135413,294078,293895,9132,303027,4898
2021-06-24,San Diego,73,3302833,282597,282053,0,282053,3778
2021-06-24,San Francisco,75,870044,37025,37320,1406,38726,559
2021-06-24,San Joaquin,77,732212,73835,73814,3833,77647,1408
2021-06-24,San Luis Obispo,79,281455,21329,21326,792,22118,256
2021-06-24,San Mateo,81,765935,42701,42814,498,43312,542
2021-06-24,Santa Barbara,83,443738,34589,34512,1256,35768,454
2021-06-24,Santa Clara,85,1922200,118884,120274,809,121083,2103
2021-06-24,Santa Cruz,87,273765,16247,16227,877,17104,208
2021-06-24,Shasta,89,179085,12571,12629,1697,14326,202
2021-06-24,Sierra,91,2930,61,58,14,72,0
2021-06-24,Siskiyou,93,43540,1943,1892,396,2288,28
2021-06-24,Solano,95,438530,33424,33432,578,34010,267
2021-06-24,Sonoma,97,501317,30941,31020,376,31396,314
2021-06-24,Stanislaus,99,539301,56883,56946,6264,63210,1018
2021-06-24,Sutter,101,95872,9618,9660,95,9755,113
2021-06-24,Tehama,103,63373,5110,5115,622,5737,63
2021-06-24,Trinity,105,12862,370,338,66,404,3
2021-06-24,Tulare,107,460477,49773,49730,9671,59401,850
2021-06-24,Tuolumne,109,53932,4119,4120,37,4157,64
2021-06-24,Ventura,111,848112,81382,81332,3150,84482,1032
2021-06-24,Yolo,113,214977,14173,14169,364,14533,213
2021-06-24,Yuba,115,75493,6192,6195,135,6330,51
2021-06-23,Alameda,1,1643700,89298,89338,2079,91417,1266
2021-06-23,Alpine,3,1148,89,88,0,88,0
2021-06-23,Amador,5,37829,3756,3743,35,3778,46
2021-06-23,Butte,7,227075,12692,12666,1943,14609,198
2021-06-23,Calaveras,9,45235,2198,2199,15,2214,55
2021-06-23,Colusa,11,21464,1961,1972,329,2301,15
2021-06-23,Contra Costa,13,1133247,70843,70526,1383,71909,813
2021-06-23,Del Norte,15,27424,1433,1418,9,1427,8
2021-06-23,El Dorado,17,186661,10394,10395,797,11192,115
2021-06-23,Fresno,19,978130,102572,103020,9070,112090,1724
2021-06-23,Glenn,21,27897,2433,2437,586,3023,20
2021-06-23,Humboldt,23,135768,4502,4490,42,4532,48
2021-06-23,Imperial,25,180216,28681,28908,2883,31791,740
2021-06-23,Inyo,27,18085,1410,1406,4,1410,35
2021-06-23,Kern,29,883053,97263,97078,11582,108660,1345
2021-06-23,Kings,31,150075,23055,23105,1210,24315,245
2021-06-23,Lake,33,64148,3584,3566,13,3579,53
2021-06-23,Lassen,35,31185,5265,5257,123,5380,20
2021-06-23,Los Angeles,37,10098052,1207335,1206358,44213,1250571,24472
2021-06-23,Madera,39,155013,16675,16660,967,17627,240
2021-06-23,Marin,41,260295,14147,14177,273,14450,230
2021-06-23,Mariposa,43,17540,441,439,11,450,5
2021-06-23,Mendocino,45,87422,4162,4078,76,4154,49
2021-06-23,Merced,47,269075,31238,31260,1004,32264,465
2021-06-23,Modoc,49,8938,410,407,146,553,3
2021-06-23,Mono,51,14174,1253,1279,14,1293,3
2021-06-23,Monterey,53,433212,43165,43166,1934,45100,439
2021-06-23,Napa,55,140530,10018,10032,36,10068,80
2021-06-23,Nevada,57,99092,4957,4924,201,5125,72
2021-06-23,Orange,59,3164182,255568,255479,11866,267345,5116
2021-06-23,Placer,61,380077,23701,23630,1607,25237,299
2021-06-23,Plumas,63,18699,718,701,12,713,4
2021-06-23,Riverside,65,2383286,292425,290343,14871,305214,4462
2021-06-23,Sacramento,67,1510023,107999,107868,1899,109767,1671
2021-06-23,San Benito,69,59416,6091,6097,120,6217,63
2021-06-23,San Bernardino,71,2135413,294001,293816,9128,302944,4886
2021-06-23,San Diego,73,3302833,282497,281937,0,281937,3777
2021-06-23,San Francisco,75,870044,37001,37304,1405,38709,559
2021-06-23,San Joaquin,77,732212,73796,73764,3831,77595,1405
2021-06-23,San Luis Obispo,79,281455,21325,21323,791,22114,257
2021-06-23,San Mateo,81,765935,42685,42756,497,43253,542
2021-06-23,Santa Barbara,83,443738,34579,34505,1256,35761,454
2021-06-23,Santa Clara,85,1922200,118855,120233,809,121042,2098
2021-06-23,Santa Cruz,87,273765,16243,16215,877,17092,209
2021-06-23,Shasta,89,179085,12564,12604,1695,14299,202
2021-06-23,Sierra,91,2930,61,57,14,71,0
2021-06-23,Siskiyou,93,43540,1941,1892,396,2288,28
2021-06-23,Solano,95,438530,33380,33408,578,33986,267
2021-06-23,Sonoma,97,501317,30901,30959,374,31333,314
2021-06-23,Stanislaus,99,539301,56850,56926,6263,63189,1017
2021-06-23,Sutter,101,95872,9612,9653,95,9748,113
2021-06-23,Tehama,103,63373,5110,5119,621,5740,63
2021-06-23,Trinity,105,12862,370,338,66,404,3
2021-06-23,Tulare,107,460477,49767,49711,9666,59377,850
2021-06-23,Tuolumne,109,53932,4116,4120,37,4157,64
2021-06-23,Ventura,111,848112,81360,81312,3147,84459,1032
2021-06-23,Yolo,113,214977,14163,14161,364,14525,212
2021-06-23,Yuba,115,75493,6189,6190,135,6325,51
2021-06-22,Alameda,1,1643700,89229,89308,2079,91387,1263
2021-06-22,Alpine,3,1148,89,88,0,88,0
2021-06-22,Amador,5,37829,3753,3743,35,3778,46
2021-06-22,Butte,7,227075,12688,12662,1941,14603,198
2021-06-22,Calaveras,9,45235,2197,2198,15,2213,55
2021-06-22,Colusa,11,21464,1960,1971,329,2300,15
2021-06-22,Contra Costa,13,1133247,70787,70480,1382,71862,813
2021-06-22,Del Norte,15,27424,1430,1417,9,1426,8
2021-06-22,El Dorado,17,186661,10389,10380,796,11176,113
2021-06-22,Fresno,19,978130,102554,102996,9066,112062,1724
2021-06-22,Glenn,21,27897,2432,2435,584,3019,19
2021-06-22,Humboldt,23,135768,4492,4483,42,4525,42
2021-06-22,Imperial,25,180216,28676,28880,2883,31763,740
2021-06-22,Inyo,27,18085,1410,1405,4,1409,35
2021-06-22,Kern,29,883053,97249,97013,11578,108591,1342
2021-06-22,Kings,31,150075,23047,23098,1209,24307,245
2021-06-22,Lake,33,64148,3582,3564,13,3577,45
2021-06-22,Lassen,35,31185,5260,5254,123,5377,20
2021-06-22,Los Angeles,37,10098052,1207024,1206146,44201,1250347,24461
2021-06-22,Madera,39,155013,16670,16652,967,17619,240
2021-06-22,Marin,41,260295,14145,14174,273,14447,230
2021-06-22,Mariposa,43,17540,441,439,11,450,5
2021-06-22,Mendocino,45,87422,4156,4072,76,4148,49
2021-06-22,Merced,47,269075,31227,31267,1004,32271,464
2021-06-22,Modoc,49,8938,409,405,145,550,3
2021-06-22,Mono,51,14174,1253,1277,14,1291,3
2021-06-22,Monterey,53,433212,43162,43162,1933,45095,427
2021-06-22,Napa,55,140530,10013,10029,36,10065,80
2021-06-22,Nevada,57,99092,4951,4923,201,5124,72
2021-06-22,Orange,59,3164182,255503,255452,11856,267308,5114
2021-06-22,Placer,61,380077,23680,23603,1607,25210,299
2021-06-22,Plumas,63,18699,718,697,12,709,4
2021-06-22,Riverside,65,2383286,292364,289839,14867,304706,4456
2021-06-22,Sacramento,67,1510023,107898,107801,1894,109695,1670
2021-06-22,San Benito,69,59416,6090,6098,120,6218,63
2021-06-22,San Bernardino,71,2135413,293924,293770,9122,302892,4873
2021-06-22,San Diego,73,3302833,282393,281867,0,281867,3771
2021-06-22,San Francisco,75,870044,36987,37287,1405,38692,556
2021-06-22,San Joaquin,77,732212,73766,73723,3830,77553,1405
2021-06-22,San Luis Obispo,79,281455,21322,21321,790,22111,257
2021-06-22,San Mateo,81,765935,42672,42725,491,43216,542
2021-06-22,Santa Barbara,83,443738,34568,34500,1255,35755,454
2021-06-22,Santa Clara,85,1922200,118823,120194,809,121003,2095
2021-06-22,Santa Cruz,87,273765,16238,16218,877,17095,209
2021-06-22,Shasta,89,179085,12554,12616,1691,14307,202
2021-06-22,Sierra,91,2930,60,57,14,71,0
2021-06-22,Siskiyou,93,43540,1941,1892,396,2288,28
2021-06-22,Solano,95,438530,33362,33397,577,33974,267
2021-06-22,Sonoma,97,501317,30862,30933,374,31307,314
2021-06-22,Stanislaus,99,539301,56830,56915,6261,63176,1017
2021-06-22,Sutter,101,95872,9605,9649,95,9744,113
2021-06-22,Tehama,103,63373,5108,5118,620,5738,63
2021-06-22,Trinity,105,12862,368,337,66,403,3
2021-06-22,Tulare,107,460477,49759,49706,9661,59367,850
2021-06-22,Tuolumne,109,53932,4114,4119,37,4156,64
2021-06-22,Ventura,111,848112,81347,81300,3146,84446,1032
2021-06-22,Yolo,113,214977,14158,14157,362,14519,212
2021-06-22,Yuba,115,75493,6185,6181,135,6316,51
2021-06-21,Alameda,1,1643700,89168,89281,2078,91359,1262
2021-06-21,Alpine,3,1148,89,88,0,88,0
2021-06-21,Amador,5,37829,3747,3742,35,3777,46
2021-06-21,Butte,7,227075,12682,12668,1939,14607,195
2021-06-21,Calaveras,9,45235,2196,2194,15,2209,55
2021-06-21,Colusa,11,21464,1959,1970,328,2298,15
2021-06-21,Contra Costa,13,1133247,70717,70439,1380,71819,813
2021-06-21,Del Norte,15,27424,1426,1416,9,1425,8
2021-06-21,El Dorado,17,186661,10383,10375,795,11170,113
2021-06-21,Fresno,19,978130,102535,102971,9063,112034,1724
2021-06-21,Glenn,21,27897,2431,2433,584,3017,19
2021-06-21,Humboldt,23,135768,4483,4478,41,4519,42
2021-06-21,Imperial,25,180216,28672,28855,2883,31738,740
2021-06-21,Inyo,27,18085,1409,1405,4,1409,35
2021-06-21,Kern,29,883053,97220,96995,11569,108564,1342
2021-06-21,Kings,31,150075,23041,23091,1205,24296,245
2021-06-21,Lake,33,64148,3576,3563,13,3576,45
2021-06-21,Lassen,35,31185,5258,5233,123,5356,19
2021-06-21,Los Angeles,37,10098052,1206736,1205994,44176,1250170,24459
2021-06-21,Madera,39,155013,16661,16647,966,17613,240
2021-06-21,Marin,41,260295,14141,14173,273,14446,230
2021-06-21,Mariposa,43,17540,441,439,11,450,5
2021-06-21,Mendocino,45,87422,4153,4085,76,4161,49
2021-06-21,Merced,47,269075,31217,31264,1003,32267,465
2021-06-21,Modoc,49,8938,409,405,145,550,3
2021-06-21,Mono,51,14174,1253,1277,14,1291,3
2021-06-21,Monterey,53,433212,43159,43157,1933,45090,427
2021-06-21,Napa,55,140530,10009,10028,36,10064,80
2021-06-21,Nevada,57,99092,4947,4921,201,5122,72
2021-06-21,Orange,59,3164182,255436,255400,11848,267248,5113
2021-06-21,Placer,61,380077,23655,23577,1607,25184,298
2021-06-21,Plumas,63,18699,716,697,12,709,4
2021-06-21,Riverside,65,2383286,292290,289797,14862,304659,4456
2021-06-21,Sacramento,67,1510023,107787,107757,1893,109650,1669
2021-06-21,San Benito,69,59416,6086,6098,120,6218,63
2021-06-21,San Bernardino,71,2135413,293836,293736,9117,302853,4850
2021-06-21,San Diego,73,3302833,282287,281811,0,281811,3771
2021-06-21,San Francisco,75,870044,36971,37275,1404,38679,556
2021-06-21,San Joaquin,77,732212,73725,73687,3829,77516,1405
2021-06-21,San Luis Obispo,79,281455,21313,21316,790,22106,257
2021-06-21,San Mateo,81,765935,42654,42685,490,43175,542
2021-06-21,Santa Barbara,83,443738,34563,34492,1255,35747,455
2021-06-21,Santa Clara,85,1922200,118791,120192,808,121000,2093
2021-06-21,Santa Cruz,87,273765,16236,16212,877,17089,208
2021-06-21,Shasta,89,179085,12541,12617,1688,14305,201
2021-06-21,Sierra,91,2930,60,57,14,71,0
2021-06-21,Siskiyou,93,43540,1941,1892,396,2288,27
2021-06-21,Solano,95,438530,33339,33383,575,33958,266
2021-06-21,Sonoma,97,501317,30841,30912,374,31286,314
2021-06-21,Stanislaus,99,539301,56800,56891,6256,63147,1017
2021-06-21,Sutter,101,95872,9604,9649,95,9744,113
2021-06-21,Tehama,103,63373,5108,5115,619,5734,63
2021-06-21,Trinity,105,12862,368,337,66,403,3
2021-06-21,Tulare,107,460477,49751,49689,9654,59343,849
2021-06-21,Tuolumne,109,53932,4110,4119,37,4156,63
2021-06-21,Ventura,111,848112,81319,81291,3142,84433,1031
2021-06-21,Yolo,113,214977,14152,14165,362,14527,212
2021-06-21,Yuba,115,75493,6184,6172,135,6307,51
2021-06-20,Alameda,1,1643700,89105,89255,2078,91333,1263
2021-06-20,Alpine,3,1148,89,88,0,88,0
2021-06-20,Amador,5,37829,3744,3740,35,3775,46
2021-06-20,Butte,7,227075,12675,12668,1938,14606,194
2021-06-20,Calaveras,9,45235,2194,2193,15,2208,55
2021-06-20,Colusa,11,21464,1959,1970,328,2298,15
2021-06-20,Contra Costa,13,1133247,70660,70401,1378,71779,813
2021-06-20,Del Norte,15,27424,1422,1416,9,1425,8
2021-06-20,El Dorado,17,186661,10369,10372,793,11165,113
2021-06-20,Fresno,19,978130,102495,102947,9059,112006,1724
2021-06-20,Glenn,21,27897,2431,2434,584,3018,19
2021-06-20,Humboldt,23,135768,4477,4472,41,4513,42
2021-06-20,Imperial,25,180216,28663,28855,2883,31738,740
2021-06-20,Inyo,27,18085,1408,1405,4,1409,35
2021-06-20,Kern,29,883053,97199,96985,11558,108543,1342
2021-06-20,Kings,31,150075,23036,23088,1203,24291,245
2021-06-20,Lake,33,64148,3574,3563,13,3576,45
2021-06-20,Lassen,35,31185,5255,5230,123,5353,19
2021-06-20,Los Angeles,37,10098052,1206443,1205874,44166,1250040,24456
2021-06-20,Madera,39,155013,16653,16638,965,17603,240
2021-06-20,Marin,41,260295,14138,14166,273,14439,230
2021-06-20,Mariposa,43,17540,439,439,11,450,5
2021-06-20,Mendocino,45,87422,4146,4080,76,4156,49
2021-06-20,Merced,47,269075,31205,31265,1003,32268,465
2021-06-20,Modoc,49,8938,409,405,145,550,3
2021-06-20,Mono,51,14174,1253,1275,14,1289,3
2021-06-20,Monterey,53,433212,43150,43156,1932,45088,427
2021-06-20,Napa,55,140530,10002,10026,35,10061,80
2021-06-20,Nevada,57,99092,4940,4919,201,5120,72
2021-06-20,Orange,59,3164182,255374,255377,11837,267214,5113
2021-06-20,Placer,61,380077,23622,23562,1603,25165,298
2021-06-20,Plumas,63,18699,715,697,12,709,4
2021-06-20,Riverside,65,2383286,292215,289770,14852,304622,4456
2021-06-20,Sacramento,67,1510023,107679,107700,1890,109590,1669
2021-06-20,San Benito,69,59416,6086,6098,120,6218,63
2021-06-20,San Bernardino,71,2135413,293736,293713,9114,302827,4845
2021-06-20,San Diego,73,3302833,282182,281750,0,281750,3771
2021-06-20,San Francisco,75,870044,36950,37269,1404,38673,556
2021-06-20,San Joaquin,77,732212,73682,73676,3821,77497,1405
2021-06-20,San Luis Obispo,79,281455,21311,21313,790,22103,257
2021-06-20,San Mateo,81,765935,42626,42681,490,43171,542
2021-06-20,Santa Barbara,83,443738,34554,34487,1255,35742,455
2021-06-20,Santa Clara,85,1922200,118756,120163,808,120971,2093
2021-06-20,Santa Cruz,87,273765,16229,16210,877,17087,208
2021-06-20,Shasta,89,179085,12536,12617,1686,14303,201
2021-06-20,Sierra,91,2930,60,57,14,71,0
2021-06-20,Siskiyou,93,43540,1940,1891,396,2287,27
2021-06-20,Solano,95,438530,33317,33361,573,33934,266
2021-06-20,Sonoma,97,501317,30795,30884,370,31254,314
2021-06-20,Stanislaus,99,539301,56765,56868,6255,63123,1017
2021-06-20,Sutter,101,95872,9601,9645,95,9740,113
2021-06-20,Tehama,103,63373,5104,5115,619,5734,63
2021-06-20,Trinity,105,12862,368,337,66,403,3
2021-06-20,Tulare,107,460477,49742,49685,9652,59337,849
2021-06-20,Tuolumne,109,53932,4107,4117,37,4154,63
2021-06-20,Ventura,111,848112,81303,81282,3140,84422,1031
2021-06-20,Yolo,113,214977,14145,14160,362,14522,212
2021-06-20,Yuba,115,75493,6177,6167,135,6302,51
2021-06-19,Alameda,1,1643700,89072,89202,2078,91280,1263
2021-06-19,Alpine,3,1148,89,88,0,88,0
2021-06-19,Amador,5,37829,3742,3739,35,3774,46
2021-06-19,Butte,7,227075,12671,12659,1938,14597,194
2021-06-19,Calaveras,9,45235,2194,2192,15,2207,55
2021-06-19,Colusa,11,21464,1959,1969,328,2297,15
2021-06-19,Contra Costa,13,1133247,70626,70334,1377,71711,813
2021-06-19,Del Norte,15,27424,1421,1416,9,1425,8
2021-06-19,El Dorado,17,186661,10368,10363,792,11155,113
2021-06-19,Fresno,19,978130,102482,102922,9056,111978,1724
2021-06-19,Glenn,21,27897,2430,2434,583,3017,19
2021-06-19,Humboldt,23,135768,4466,4463,41,4504,42
2021-06-19,Imperial,25,180216,28662,28813,2883,31696,740
2021-06-19,Inyo,27,18085,1408,1405,4,1409,35
2021-06-19,Kern,29,883053,97183,96966,11554,108520,1342
2021-06-19,Kings,31,150075,23033,23086,1203,24289,245
2021-06-19,Lake,33,64148,3570,3563,13,3576,45
2021-06-19,Lassen,35,31185,5254,5225,123,5348,19
2021-06-19,Los Angeles,37,10098052,1206246,1205602,44151,1249753,24454
2021-06-19,Madera,39,155013,16651,16632,965,17597,240
2021-06-19,Marin,41,260295,14130,14152,273,14425,230
2021-06-19,Mariposa,43,17540,439,439,11,450,5
2021-06-19,Mendocino,45,87422,4140,4077,76,4153,49
2021-06-19,Merced,47,269075,31203,31256,1003,32259,465
2021-06-19,Modoc,49,8938,408,402,145,547,3
2021-06-19,Mono,51,14174,1253,1275,14,1289,3
2021-06-19,Monterey,53,433212,43144,43153,1932,45085,427
2021-06-19,Napa,55,140530,9998,10025,35,10060,80
2021-06-19,Nevada,57,99092,4935,4910,201,5111,72
2021-06-19,Orange,59,3164182,255329,255329,11833,267162,5112
2021-06-19,Placer,61,380077,23605,23537,1600,25137,298
2021-06-19,Plumas,63,18699,714,697,12,709,4
2021-06-19,Riverside,65,2383286,292174,289720,14852,304572,4456
2021-06-19,Sacramento,67,1510023,107636,107631,1887,109518,1669
2021-06-19,San Benito,69,59416,6085,6098,120,6218,63
2021-06-19,San Bernardino,71,2135413,293693,293673,9111,302784,4844
2021-06-19,San Diego,73,3302833,282122,281682,0,281682,3771
2021-06-19,San Francisco,75,870044,36938,37256,1403,38659,556
2021-06-19,San Joaquin,77,732212,73666,73652,3817,77469,1405
2021-06-19,San Luis Obispo,79,281455,21309,21308,790,22098,257
2021-06-19,San Mateo,81,765935,42612,42646,488,43134,542
2021-06-19,Santa Barbara,83,443738,34552,34472,1255,35727,455
2021-06-19,Santa Clara,85,1922200,118733,120110,807,120917,2093
2021-06-19,Santa Cruz,87,273765,16225,16206,877,17083,208
2021-06-19,Shasta,89,179085,12534,12615,1685,14300,201
2021-06-19,Sierra,91,2930,60,57,14,71,0
2021-06-19,Siskiyou,93,43540,1940,1891,395,2286,27
2021-06-19,Solano,95,438530,33307,33341,572,33913,266
2021-06-19,Sonoma,97,501317,30754,30841,369,31210,314
2021-06-19,Stanislaus,99,539301,56746,56847,6252,63099,1017
2021-06-19,Sutter,101,95872,9598,9645,95,9740,113
2021-06-19,Tehama,103,63373,5103,5115,619,5734,63
2021-06-19,Trinity,105,12862,368,337,66,403,3
2021-06-19,Tulare,107,460477,49735,49681,9647,59328,849
2021-06-19,Tuolumne,109,53932,4107,4117,37,4154,63
2021-06-19,Ventura,111,848112,81290,81270,3139,84409,1031
2021-06-19,Yolo,113,214977,14141,14156,361,14517,212
2021-06-19,Yuba,115,75493,6176,6157,135,6292,51
2021-06-18,Alameda,1,1643700,89034,89123,2078,91201,1263
2021-06-18,Alpine,3,1148,89,88,0,88,0
2021-06-18,Amador,5,37829,3742,3739,35,3774,46
2021-06-18,Butte,7,227075,12668,12653,1935,14588,194
2021-06-18,Calaveras,9,45235,2194,2191,15,2206,55
2021-06-18,Colusa,11,21464,1958,1969,328,2297,15
2021-06-18,Contra Costa,13,1133247,70585,70271,1375,71646,813
2021-06-18,Del Norte,15,27424,1421,1415,9,1424,8
2021-06-18,El Dorado,17,186661,10366,10348,790,11138,113
2021-06-18,Fresno,19,978130,102466,102894,9054,111948,1722
2021-06-18,Glenn,21,27897,2429,2430,583,3013,19
2021-06-18,Humboldt,23,135768,4458,4450,41,4491,42
2021-06-18,Imperial,25,180216,28660,28809,2883,31692,740
2021-06-18,Inyo,27,18085,1408,1405,4,1409,35
2021-06-18,Kern,29,883053,97172,96948,11548,108496,1341
2021-06-18,Kings,31,150075,23028,23082,1203,24285,245
2021-06-18,Lake,33,64148,3566,3563,13,3576,45
2021-06-18,Lassen,35,31185,5253,5224,123,5347,19
2021-06-18,Los Angeles,37,10098052,1206090,1205472,44133,1249605,24451
2021-06-18,Madera,39,155013,16645,16625,965,17590,241
2021-06-18,Marin,41,260295,14127,14147,273,14420,230
2021-06-18,Mariposa,43,17540,439,439,11,450,5
2021-06-18,Mendocino,45,87422,4135,4068,76,4144,49
2021-06-18,Merced,47,269075,31201,31262,1003,32265,464
2021-06-18,Modoc,49,8938,408,402,145,547,3
2021-06-18,Mono,51,14174,1252,1275,13,1288,3
2021-06-18,Monterey,53,433212,43141,43148,1932,45080,427
2021-06-18,Napa,55,140530,9994,10021,35,10056,80
2021-06-18,Nevada,57,99092,4927,4903,201,5104,72
2021-06-18,Orange,59,3164182,255293,255274,11830,267104,5108
2021-06-18,Placer,61,380077,23596,23500,1597,25097,298
2021-06-18,Plumas,63,18699,714,697,12,709,4
2021-06-18,Riverside,65,2383286,292125,289676,14851,304527,4457
2021-06-18,Sacramento,67,1510023,107588,107570,1887,109457,1669
2021-06-18,San Benito,69,59416,6084,6097,120,6217,63
2021-06-18,San Bernardino,71,2135413,293651,293629,9106,302735,4826
2021-06-18,San Diego,73,3302833,282046,281608,0,281608,3771
2021-06-18,San Francisco,75,870044,36929,37246,1403,38649,556
2021-06-18,San Joaquin,77,732212,73648,73623,3815,77438,1403
2021-06-18,San Luis Obispo,79,281455,21305,21301,789,22090,257
2021-06-18,San Mateo,81,765935,42601,42630,487,43117,542
2021-06-18,Santa Barbara,83,443738,34542,34469,1255,35724,455
2021-06-18,Santa Clara,85,1922200,118712,120081,806,120887,2093
2021-06-18,Santa Cruz,87,273765,16221,16202,877,17079,208
2021-06-18,Shasta,89,179085,12530,12607,1683,14290,201
2021-06-18,Sierra,91,2930,59,57,14,71,0
2021-06-18,Siskiyou,93,43540,1940,1890,395,2285,27
2021-06-18,Solano,95,438530,33293,33323,572,33895,266
2021-06-18,Sonoma,97,501317,30737,30816,367,31183,313
2021-06-18,Stanislaus,99,539301,56731,56803,6250,63053,1012
2021-06-18,Sutter,101,95872,9595,9643,95,9738,113
2021-06-18,Tehama,103,63373,5101,5114,619,5733,63
2021-06-18,Trinity,105,12862,368,337,65,402,3
2021-06-18,Tulare,107,460477,49733,49664,9640,59304,849
2021-06-18,Tuolumne,109,53932,4105,4116,37,4153,63
2021-06-18,Ventura,111,848112,81280,81256,3135,84391,1031
2021-06-18,Yolo,113,214977,14138,14148,359,14507,212
2021-06-18,Yuba,115,75493,6170,6150,135,6285,51
2021-06-17,Alameda,1,1643700,88987,89087,2078,91165,1262
2021-06-17,Alpine,3,1148,89,88,0,88,0
2021-06-17,Amador,5,37829,3740,3731,35,3766,46
2021-06-17,Butte,7,227075,12658,12644,1934,14578,194
2021-06-17,Calaveras,9,45235,2193,2189,15,2204,55
2021-06-17,Colusa,11,21464,1957,1969,328,2297,15
2021-06-17,Contra Costa,13,1133247,70546,70190,1372,71562,810
2021-06-17,Del Norte,15,27424,1419,1413,9,1422,8
2021-06-17,El Dorado,17,186661,10356,10341,790,11131,113
2021-06-17,Fresno,19,978130,102440,102867,9050,111917,1722
2021-06-17,Glenn,21,27897,2429,2430,583,3013,19
2021-06-17,Humboldt,23,135768,4449,4438,41,4479,42
2021-06-17,Imperial,25,180216,28652,28801,2883,31684,741
2021-06-17,Inyo,27,18085,1408,1405,4,1409,35
2021-06-17,Kern,29,883053,97157,96840,11541,108381,1340
2021-06-17,Kings,31,150075,23024,23078,1202,24280,245
2021-06-17,Lake,33,64148,3563,3563,9,3572,45
2021-06-17,Lassen,35,31185,5249,5223,123,5346,19
2021-06-17,Los Angeles,37,10098052,1205881,1205301,44103,1249404,24444
2021-06-17,Madera,39,155013,16640,16618,965,17583,241
2021-06-17,Marin,41,260295,14127,14141,273,14414,229
2021-06-17,Mariposa,43,17540,439,439,11,450,5
2021-06-17,Mendocino,45,87422,4128,4054,76,4130,49
2021-06-17,Merced,47,269075,31196,31262,1003,32265,464
2021-06-17,Modoc,49,8938,407,401,145,546,3
2021-06-17,Mono,51,14174,1251,1275,13,1288,3
2021-06-17,Monterey,53,433212,43134,43140,1932,45072,416
2021-06-17,Napa,55,140530,9994,10014,35,10049,80
2021-06-17,Nevada,57,99092,4923,4898,201,5099,72
2021-06-17,Orange,59,3164182,255251,255240,11818,267058,5109
2021-06-17,Placer,61,380077,23580,23461,1595,25056,298
2021-06-17,Plumas,63,18699,713,697,12,709,4
2021-06-17,Riverside,65,2383286,292072,289627,14848,304475,4458
2021-06-17,Sacramento,67,1510023,107524,107492,1885,109377,1666
2021-06-17,San Benito,69,59416,6084,6097,120,6217,63
2021-06-17,San Bernardino,71,2135413,293614,293560,9106,302666,4811
2021-06-17,San Diego,73,3302833,281969,281531,0,281531,3771
2021-06-17,San Francisco,75,870044,36918,37243,1402,38645,556
2021-06-17,San Joaquin,77,732212,73625,73560,3810,77370,1403
2021-06-17,San Luis Obispo,79,281455,21303,21297,789,22086,257
2021-06-17,San Mateo,81,765935,42594,42615,487,43102,542
2021-06-17,Santa Barbara,83,443738,34536,34466,1255,35721,453
2021-06-17,Santa Clara,85,1922200,118687,120032,805,120837,2093
2021-06-17,Santa Cruz,87,273765,16217,16197,877,17074,208
2021-06-17,Shasta,89,179085,12522,12597,1683,14280,201
2021-06-17,Sierra,91,2930,59,56,14,70,0
2021-06-17,Siskiyou,93,43540,1939,1889,395,2284,27
2021-06-17,Solano,95,438530,33273,33296,570,33866,266
2021-06-17,Sonoma,97,501317,30706,30793,367,31160,323
2021-06-17,Stanislaus,99,539301,56700,56752,6244,62996,1012
2021-06-17,Sutter,101,95872,9592,9629,95,9724,113
2021-06-17,Tehama,103,63373,5100,5112,617,5729,63
2021-06-17,Trinity,105,12862,368,337,65,402,3
2021-06-17,Tulare,107,460477,49728,49649,9632,59281,849
2021-06-17,Tuolumne,109,53932,4104,4116,37,4153,63
2021-06-17,Ventura,111,848112,81271,81248,3132,84380,1030
2021-06-17,Yolo,113,214977,14130,14141,359,14500,212
2021-06-17,Yuba,115,75493,6161,6140,135,6275,51
2021-06-16,Alameda,1,1643700,88936,89045,2074,91119,1265
2021-06-16,Alpine,3,1148,89,88,0,88,0
2021-06-16,Amador,5,37829,3739,3730,35,3765,46
2021-06-16,Butte,7,227075,12656,12635,1932,14567,194
2021-06-16,Calaveras,9,45235,2191,2188,15,2203,55
2021-06-16,Colusa,11,21464,1957,1967,328,2295,15
2021-06-16,Contra Costa,13,1133247,70494,70136,1371,71507,810
2021-06-16,Del Norte,15,27424,1416,1413,9,1422,8
2021-06-16,El Dorado,17,186661,10350,10334,789,11123,113
2021-06-16,Fresno,19,978130,102410,102842,9046,111888,1722
2021-06-16,Glenn,21,27897,2429,2430,583,3013,19
2021-06-16,Humboldt,23,135768,4440,4427,40,4467,42
2021-06-16,Imperial,25,180216,28649,28796,2883,31679,741
2021-06-16,Inyo,27,18085,1407,1405,4,1409,35
2021-06-16,Kern,29,883053,97136,96789,11532,108321,1339
2021-06-16,Kings,31,150075,23023,23072,1201,24273,245
2021-06-16,Lake,33,64148,3563,3562,9,3571,45
2021-06-16,Lassen,35,31185,5246,5216,123,5339,19
2021-06-16,Los Angeles,37,10098052,1205658,1205102,44091,1249193,24439
2021-06-16,Madera,39,155013,16636,16603,965,17568,240
2021-06-16,Marin,41,260295,14125,14137,273,14410,229
2021-06-16,Mariposa,43,17540,439,437,11,448,5
2021-06-16,Mendocino,45,87422,4120,4041,76,4117,49
2021-06-16,Merced,47,269075,31188,31250,1003,32253,463
2021-06-16,Modoc,49,8938,406,383,144,527,3
2021-06-16,Mono,51,14174,1251,1275,13,1288,3
2021-06-16,Monterey,53,433212,43131,43122,1932,45054,416
2021-06-16,Napa,55,140530,9990,10011,35,10046,80
2021-06-16,Nevada,57,99092,4918,4894,201,5095,72
2021-06-16,Orange,59,3164182,255203,255188,11811,266999,5109
2021-06-16,Placer,61,380077,23570,23425,1591,25016,298
2021-06-16,Plumas,63,18699,713,697,12,709,4
2021-06-16,Riverside,65,2383286,292011,289539,14846,304385,4457
2021-06-16,Sacramento,67,1510023,107452,107422,1881,109303,1665
2021-06-16,San Benito,69,59416,6084,6090,120,6210,63
2021-06-16,San Bernardino,71,2135413,293565,293499,9104,302603,4797
2021-06-16,San Diego,73,3302833,281891,281423,0,281423,3770
2021-06-16,San Francisco,75,870044,36905,37222,1400,38622,555
2021-06-16,San Joaquin,77,732212,73588,73530,3806,77336,1399
2021-06-16,San Luis Obispo,79,281455,21298,21294,789,22083,257
2021-06-16,San Mateo,81,765935,42578,42601,487,43088,542
2021-06-16,Santa Barbara,83,443738,34530,34459,1255,35714,460
2021-06-16,Santa Clara,85,1922200,118655,119982,805,120787,2087
2021-06-16,Santa Cruz,87,273765,16214,16187,877,17064,208
2021-06-16,Shasta,89,179085,12517,12592,1682,14274,200
2021-06-16,Sierra,91,2930,59,56,14,70,0
2021-06-16,Siskiyou,93,43540,1938,1886,395,2281,26
2021-06-16,Solano,95,438530,33245,33276,570,33846,266
2021-06-16,Sonoma,97,501317,30671,30741,367,31108,323
2021-06-16,Stanislaus,99,539301,56669,56738,6242,62980,984
2021-06-16,Sutter,101,95872,9588,9620,95,9715,113
2021-06-16,Tehama,103,63373,5098,5106,617,5723,63
2021-06-16,Trinity,105,12862,367,332,65,397,3
2021-06-16,Tulare,107,460477,49723,49578,9628,59206,849
2021-06-16,Tuolumne,109,53932,4104,4110,37,4147,63
2021-06-16,Ventura,111,848112,81257,81229,3130,84359,1029
2021-06-16,Yolo,113,214977,14121,14135,358,14493,212
2021-06-16,Yuba,115,75493,6151,6134,135,6269,51
2021-06-15,Alameda,1,1643700,88892,89008,2074,91082,1262
2021-06-15,Alpine,3,1148,89,88,0,88,0
2021-06-15,Amador,5,37829,3736,3723,35,3758,46
2021-06-15,Butte,7,227075,12648,12620,1931,14551,194
2021-06-15,Calaveras,9,45235,2190,2188,15,2203,55
2021-06-15,Colusa,11,21464,1957,1967,326,2293,15
2021-06-15,Contra Costa,13,1133247,70432,70101,1371,71472,810
2021-06-15,Del Norte,15,27424,1415,1411,9,1420,8
2021-06-15,El Dorado,17,186661,10341,10330,789,11119,113
2021-06-15,Fresno,19,978130,102380,102828,9045,111873,1722
2021-06-15,Glenn,21,27897,2428,2426,583,3009,19
2021-06-15,Humboldt,23,135768,4431,4414,39,4453,42
2021-06-15,Imperial,25,180216,28643,28789,2883,31672,741
2021-06-15,Inyo,27,18085,1407,1405,4,1409,35
2021-06-15,Kern,29,883053,97108,96782,11523,108305,1338
2021-06-15,Kings,31,150075,23017,23070,1200,24270,245
2021-06-15,Lake,33,64148,3562,3559,9,3568,45
2021-06-15,Lassen,35,31185,5245,5211,123,5334,19
2021-06-15,Los Angeles,37,10098052,1205431,1204926,44082,1249008,24435
2021-06-15,Madera,39,155013,16629,16600,964,17564,240
2021-06-15,Marin,41,260295,14117,14135,273,14408,229
2021-06-15,Mariposa,43,17540,439,437,11,448,5
2021-06-15,Mendocino,45,87422,4113,4034,76,4110,49
2021-06-15,Merced,47,269075,31182,31244,1003,32247,461
2021-06-15,Modoc,49,8938,405,383,144,527,3
2021-06-15,Mono,51,14174,1251,1275,13,1288,3
2021-06-15,Monterey,53,433212,43125,43118,1932,45050,416
2021-06-15,Napa,55,140530,9988,10010,35,10045,80
2021-06-15,Nevada,57,99092,4915,4888,201,5089,72
2021-06-15,Orange,59,3164182,255166,255127,11802,266929,5105
2021-06-15,Placer,61,380077,23548,23396,1590,24986,298
2021-06-15,Plumas,63,18699,712,697,12,709,4
2021-06-15,Riverside,65,2383286,291954,289508,14842,304350,4455
2021-06-15,Sacramento,67,1510023,107378,107370,1874,109244,1662
2021-06-15,San Benito,69,59416,6083,6089,120,6209,63
2021-06-15,San Bernardino,71,2135413,293512,293463,9100,302563,4790
2021-06-15,San Diego,73,3302833,281807,281375,0,281375,3770
2021-06-15,San Francisco,75,870044,36896,37210,1399,38609,555
2021-06-15,San Joaquin,77,732212,73549,73494,3802,77296,1399
2021-06-15,San Luis Obispo,79,281455,21293,21293,788,22081,257
2021-06-15,San Mateo,81,765935,42565,42593,487,43080,543
2021-06-15,Santa Barbara,83,443738,34525,34451,1255,35706,460
2021-06-15,Santa Clara,85,1922200,118617,119963,805,120768,2086
2021-06-15,Santa Cruz,87,273765,16207,16180,877,17057,208
2021-06-15,Shasta,89,179085,12511,12583,1682,14265,201
2021-06-15,Sierra,91,2930,58,55,14,69,0
2021-06-15,Siskiyou,93,43540,1937,1887,395,2282,26
2021-06-15,Solano,95,438530,33226,33264,570,33834,266
2021-06-15,Sonoma,97,501317,30632,30707,366,31073,323
2021-06-15,Stanislaus,99,539301,56640,56724,6239,62963,979
2021-06-15,Sutter,101,95872,9579,9616,95,9711,113
2021-06-15,Tehama,103,63373,5097,5102,617,5719,63
2021-06-15,Trinity,105,12862,366,332,65,397,3
2021-06-15,Tulare,107,460477,49717,49561,9624,59185,848
2021-06-15,Tuolumne,109,53932,4104,4111,37,4148,63
2021-06-15,Ventura,111,848112,81246,81215,3127,84342,1029
2021-06-15,Yolo,113,214977,14117,14127,356,14483,212
2021-06-15,Yuba,115,75493,6140,6130,135,6265,51
2021-06-14,Alameda,1,1643700,88840,88966,2073,91039,1264
2021-06-14,Alpine,3,1148,89,88,0,88,0
2021-06-14,Amador,5,37829,3735,3722,35,3757,46
2021-06-14,Butte,7,227075,12637,12613,1927,14540,194
2021-06-14,Calaveras,9,45235,2188,2190,15,2205,55
2021-06-14,Colusa,11,21464,1956,1966,326,2292,15
2021-06-14,Contra Costa,13,1133247,70379,70069,1369,71438,810
2021-06-14,Del Norte,15,27424,1415,1411,9,1420,8
2021-06-14,El Dorado,17,186661,10332,10327,788,11115,113
2021-06-14,Fresno,19,978130,102358,102812,9044,111856,1719
2021-06-14,Glenn,21,27897,2428,2426,583,3009,19
2021-06-14,Humboldt,23,135768,4423,4407,38,4445,42
2021-06-14,Imperial,25,180216,28631,28836,2883,31719,741
2021-06-14,Inyo,27,18085,1406,1405,4,1409,35
2021-06-14,Kern,29,883053,97090,96760,11512,108272,1337
2021-06-14,Kings,31,150075,23015,23071,1198,24269,245
2021-06-14,Lake,33,64148,3561,3557,9,3566,45
2021-06-14,Lassen,35,31185,5242,5209,122,5331,19
2021-06-14,Los Angeles,37,10098052,1205205,1204748,44072,1248820,24434
2021-06-14,Madera,39,155013,16624,16597,963,17560,240
2021-06-14,Marin,41,260295,14115,14133,273,14406,229
2021-06-14,Mariposa,43,17540,438,437,11,448,5
2021-06-14,Mendocino,45,87422,4107,4028,76,4104,49
2021-06-14,Merced,47,269075,31173,31241,1002,32243,461
2021-06-14,Modoc,49,8938,396,382,142,524,3
2021-06-14,Mono,51,14174,1251,1275,13,1288,3
2021-06-14,Monterey,53,433212,43122,43110,1932,45042,415
2021-06-14,Napa,55,140530,9984,10000,35,10035,80
2021-06-14,Nevada,57,99092,4908,4885,201,5086,72
2021-06-14,Orange,59,3164182,255130,255069,11797,266866,5103
2021-06-14,Placer,61,380077,23523,23379,1589,24968,298
2021-06-14,Plumas,63,18699,712,696,12,708,4
2021-06-14,Riverside,65,2383286,291904,289476,14840,304316,4453
2021-06-14,Sacramento,67,1510023,107326,107334,1868,109202,1661
2021-06-14,San Benito,69,59416,6083,6087,120,6207,63
2021-06-14,San Bernardino,71,2135413,293458,293446,9096,302542,4790
2021-06-14,San Diego,73,3302833,281702,281314,0,281314,3770
2021-06-14,San Francisco,75,870044,36883,37206,1399,38605,555
2021-06-14,San Joaquin,77,732212,73520,73453,3802,77255,1398
2021-06-14,San Luis Obispo,79,281455,21291,21302,788,22090,256
2021-06-14,San Mateo,81,765935,42551,42619,486,43105,543
2021-06-14,Santa Barbara,83,443738,34522,34449,1255,35704,460
2021-06-14,Santa Clara,85,1922200,118586,119957,804,120761,2085
2021-06-14,Santa Cruz,87,273765,16205,16175,877,17052,208
2021-06-14,Shasta,89,179085,12501,12561,1679,14240,201
2021-06-14,Sierra,91,2930,57,55,14,69,0
2021-06-14,Siskiyou,93,43540,1937,1886,395,2281,26
2021-06-14,Solano,95,438530,33208,33243,569,33812,266
2021-06-14,Sonoma,97,501317,30600,30679,365,31044,323
2021-06-14,Stanislaus,99,539301,56603,56689,6238,62927,975
2021-06-14,Sutter,101,95872,9576,9607,95,9702,112
2021-06-14,Tehama,103,63373,5095,5102,617,5719,63
2021-06-14,Trinity,105,12862,366,332,65,397,3
2021-06-14,Tulare,107,460477,49713,49538,9620,59158,848
2021-06-14,Tuolumne,109,53932,4101,4108,37,4145,63
2021-06-14,Ventura,111,848112,81236,81209,3127,84336,1028
2021-06-14,Yolo,113,214977,14109,14123,356,14479,212
2021-06-14,Yuba,115,75493,6133,6127,135,6262,50
2021-06-13,Alameda,1,1643700,88784,88947,2071,91018,1264
2021-06-13,Alpine,3,1148,88,88,0,88,0
2021-06-13,Amador,5,37829,3731,3721,35,3756,46
2021-06-13,Butte,7,227075,12626,12586,1924,14510,194
2021-06-13,Calaveras,9,45235,2188,2189,15,2204,55
2021-06-13,Colusa,11,21464,1956,1965,325,2290,15
2021-06-13,Contra Costa,13,1133247,70325,70040,1367,71407,810
2021-06-13,Del Norte,15,27424,1413,1412,9,1421,8
2021-06-13,El Dorado,17,186661,10323,10324,788,11112,113
2021-06-13,Fresno,19,978130,102328,102795,9039,111834,1719
2021-06-13,Glenn,21,27897,2427,2425,581,3006,19
2021-06-13,Humboldt,23,135768,4410,4401,38,4439,42
2021-06-13,Imperial,25,180216,28622,28800,2883,31683,741
2021-06-13,Inyo,27,18085,1406,1405,4,1409,35
2021-06-13,Kern,29,883053,97068,96743,11499,108242,1337
2021-06-13,Kings,31,150075,23010,23069,1197,24266,245
2021-06-13,Lake,33,64148,3561,3556,9,3565,45
2021-06-13,Lassen,35,31185,5237,5209,122,5331,19
2021-06-13,Los Angeles,37,10098052,1204945,1204614,44059,1248673,24433
2021-06-13,Madera,39,155013,16610,16590,963,17553,240
2021-06-13,Marin,41,260295,14109,14126,273,14399,229
2021-06-13,Mariposa,43,17540,438,434,11,445,5
2021-06-13,Mendocino,45,87422,4100,4026,76,4102,49
2021-06-13,Merced,47,269075,31166,31240,1002,32242,461
2021-06-13,Modoc,49,8938,394,382,140,522,3
2021-06-13,Mono,51,14174,1251,1275,13,1288,3
2021-06-13,Monterey,53,433212,43114,43108,1932,45040,415
2021-06-13,Napa,55,140530,9978,9995,35,10030,80
2021-06-13,Nevada,57,99092,4903,4883,201,5084,72
2021-06-13,Orange,59,3164182,255077,255043,11795,266838,5103
2021-06-13,Placer,61,380077,23496,23365,1587,24952,295
2021-06-13,Plumas,63,18699,711,696,12,708,4
2021-06-13,Riverside,65,2383286,291836,289447,14837,304284,4453
2021-06-13,Sacramento,67,1510023,107253,107289,1865,109154,1658
2021-06-13,San Benito,69,59416,6083,6086,120,6206,63
2021-06-13,San Bernardino,71,2135413,293406,293416,9091,302507,4788
2021-06-13,San Diego,73,3302833,281626,281268,0,281268,3770
2021-06-13,San Francisco,75,870044,36872,37197,1399,38596,555
2021-06-13,San Joaquin,77,732212,73489,73438,3800,77238,1398
2021-06-13,San Luis Obispo,79,281455,21285,21298,787,22085,256
2021-06-13,San Mateo,81,765935,42537,42611,486,43097,542
2021-06-13,Santa Barbara,83,443738,34511,34449,1254,35703,460
2021-06-13,Santa Clara,85,1922200,118563,119946,804,120750,2085
2021-06-13,Santa Cruz,87,273765,16198,16172,877,17049,208
2021-06-13,Shasta,89,179085,12492,12560,1678,14238,201
2021-06-13,Sierra,91,2930,57,55,14,69,0
2021-06-13,Siskiyou,93,43540,1936,1885,395,2280,26
2021-06-13,Solano,95,438530,33186,33234,569,33803,266
2021-06-13,Sonoma,97,501317,30565,30663,363,31026,323
2021-06-13,Stanislaus,99,539301,56576,56671,6237,62908,975
2021-06-13,Sutter,101,95872,9569,9603,95,9698,112
2021-06-13,Tehama,103,63373,5093,5100,617,5717,63
2021-06-13,Trinity,105,12862,365,332,65,397,3
2021-06-13,Tulare,107,460477,49704,49537,9615,59152,848
2021-06-13,Tuolumne,109,53932,4099,4107,36,4143,63
2021-06-13,Ventura,111,848112,81222,81201,3127,84328,1028
2021-06-13,Yolo,113,214977,14102,14120,354,14474,212
2021-06-13,Yuba,115,75493,6126,6125,135,6260,50
2021-06-12,Alameda,1,1643700,88755,88901,2071,90972,1271
2021-06-12,Alpine,3,1148,88,88,0,88,0
2021-06-12,Amador,5,37829,3730,3721,35,3756,46
2021-06-12,Butte,7,227075,12622,12576,1924,14500,194
2021-06-12,Calaveras,9,45235,2188,2189,15,2204,55
2021-06-12,Colusa,11,21464,1956,1965,325,2290,15
2021-06-12,Contra Costa,13,1133247,70294,69989,1364,71353,810
2021-06-12,Del Norte,15,27424,1413,1412,9,1421,8
2021-06-12,El Dorado,17,186661,10319,10320,786,11106,113
2021-06-12,Fresno,19,978130,102318,102783,9038,111821,1720
2021-06-12,Glenn,21,27897,2425,2425,581,3006,19
2021-06-12,Humboldt,23,135768,4402,4396,38,4434,42
2021-06-12,Imperial,25,180216,28619,28799,2883,31682,741
2021-06-12,Inyo,27,18085,1406,1405,4,1409,35
2021-06-12,Kern,29,883053,97053,96731,11495,108226,1337
2021-06-12,Kings,31,150075,23008,23067,1197,24264,245
2021-06-12,Lake,33,64148,3560,3552,9,3561,45
2021-06-12,Lassen,35,31185,5237,5208,122,5330,19
2021-06-12,Los Angeles,37,10098052,1204809,1204439,44050,1248489,24434
2021-06-12,Madera,39,155013,16606,16586,963,17549,240
2021-06-12,Marin,41,260295,14106,14121,273,14394,229
2021-06-12,Mariposa,43,17540,438,434,11,445,5
2021-06-12,Mendocino,45,87422,4097,4024,76,4100,49
2021-06-12,Merced,47,269075,31163,31236,1002,32238,461
2021-06-12,Modoc,49,8938,393,382,140,522,3
2021-06-12,Mono,51,14174,1251,1275,13,1288,3
2021-06-12,Monterey,53,433212,43109,43103,1932,45035,415
2021-06-12,Napa,55,140530,9974,9986,35,10021,80
2021-06-12,Nevada,57,99092,4897,4878,201,5079,72
2021-06-12,Orange,59,3164182,255049,255004,11793,266797,5103
2021-06-12,Placer,61,380077,23478,23345,1587,24932,295
2021-06-12,Plumas,63,18699,711,696,12,708,4
2021-06-12,Riverside,65,2383286,291794,289413,14835,304248,4453
2021-06-12,Sacramento,67,1510023,107193,107199,1862,109061,1658
2021-06-12,San Benito,69,59416,6081,6083,120,6203,63
2021-06-12,San Bernardino,71,2135413,293374,293375,9089,302464,4788
2021-06-12,San Diego,73,3302833,281570,281203,0,281203,3770
2021-06-12,San Francisco,75,870044,36862,37189,1399,38588,555
2021-06-12,San Joaquin,77,732212,73470,73413,3799,77212,1398
2021-06-12,San Luis Obispo,79,281455,21282,21293,787,22080,256
2021-06-12,San Mateo,81,765935,42531,42604,486,43090,542
2021-06-12,Santa Barbara,83,443738,34507,34450,1254,35704,460
2021-06-12,Santa Clara,85,1922200,118523,119894,804,120698,2085
2021-06-12,Santa Cruz,87,273765,16190,16170,877,17047,208
2021-06-12,Shasta,89,179085,12489,12556,1677,14233,201
2021-06-12,Sierra,91,2930,57,55,14,69,0
2021-06-12,Siskiyou,93,43540,1935,1884,395,2279,25
2021-06-12,Solano,95,438530,33177,33219,569,33788,266
2021-06-12,Sonoma,97,501317,30537,30647,362,31009,323
2021-06-12,Stanislaus,99,539301,56559,56649,6236,62885,974
2021-06-12,Sutter,101,95872,9565,9603,95,9698,112
2021-06-12,Tehama,103,63373,5093,5099,616,5715,63
2021-06-12,Trinity,105,12862,365,332,65,397,3
2021-06-12,Tulare,107,460477,49699,49533,9608,59141,848
2021-06-12,Tuolumne,109,53932,4098,4105,36,4141,63
2021-06-12,Ventura,111,848112,81210,81197,3127,84324,1028
2021-06-12,Yolo,113,214977,14099,14118,352,14470,212
2021-06-12,Yuba,115,75493,6121,6120,135,6255,50
2021-06-11,Alameda,1,1643700,88726,88844,2071,90915,1278
2021-06-11,Alpine,3,1148,88,88,0,88,0
2021-06-11,Amador,5,37829,3730,3710,35,3745,46
2021-06-11,Butte,7,227075,12618,12576,1922,14498,194
2021-06-11,Calaveras,9,45235,2188,2188,15,2203,55
2021-06-11,Colusa,11,21464,1955,1964,325,2289,15
2021-06-11,Contra Costa,13,1133247,70261,69940,1362,71302,808
2021-06-11,Del Norte,15,27424,1413,1409,9,1418,8
2021-06-11,El Dorado,17,186661,10316,10316,786,11102,113
2021-06-11,Fresno,19,978130,102300,102770,9037,111807,1720
2021-06-11,Glenn,21,27897,2425,2425,581,3006,19
2021-06-11,Humboldt,23,135768,4398,4389,38,4427,42
2021-06-11,Imperial,25,180216,28614,28793,2883,31676,741
2021-06-11,Inyo,27,18085,1406,1405,4,1409,35
2021-06-11,Kern,29,883053,97041,96718,11491,108209,1340
2021-06-11,Kings,31,150075,23004,23069,1196,24265,245
2021-06-11,Lake,33,64148,3559,3550,9,3559,45
2021-06-11,Lassen,35,31185,5236,5204,122,5326,18
2021-06-11,Los Angeles,37,10098052,1204664,1204259,44036,1248295,24434
2021-06-11,Madera,39,155013,16603,16582,963,17545,240
2021-06-11,Marin,41,260295,14103,14116,273,14389,229
2021-06-11,Mariposa,43,17540,438,434,11,445,5
2021-06-11,Mendocino,45,87422,4094,4022,76,4098,49
2021-06-11,Merced,47,269075,31158,31231,1002,32233,461
2021-06-11,Modoc,49,8938,393,382,139,521,3
2021-06-11,Mono,51,14174,1251,1274,13,1287,3
2021-06-11,Monterey,53,433212,43105,43097,1932,45029,415
2021-06-11,Napa,55,140530,9971,9977,35,10012,80
2021-06-11,Nevada,57,99092,4895,4873,201,5074,72
2021-06-11,Orange,59,3164182,255024,254975,11789,266764,5101
2021-06-11,Placer,61,380077,23473,23330,1587,24917,294
2021-06-11,Plumas,63,18699,711,696,12,708,4
2021-06-11,Riverside,65,2383286,291756,289376,14833,304209,4451
2021-06-11,Sacramento,67,1510023,107133,107119,1861,108980,1659
2021-06-11,San Benito,69,59416,6080,6082,120,6202,63
2021-06-11,San Bernardino,71,2135413,293336,293335,9085,302420,4788
2021-06-11,San Diego,73,3302833,281530,281144,0,281144,3768
2021-06-11,San Francisco,75,870044,36857,37177,1399,38576,555
2021-06-11,San Joaquin,77,732212,73453,73347,3796,77143,1397
2021-06-11,San Luis Obispo,79,281455,21281,21288,787,22075,256
2021-06-11,San Mateo,81,765935,42517,42585,486,43071,542
2021-06-11,Santa Barbara,83,443738,34504,34438,1254,35692,460
2021-06-11,Santa Clara,85,1922200,118504,119860,804,120664,2083
2021-06-11,Santa Cruz,87,273765,16182,16164,877,17041,208
2021-06-11,Shasta,89,179085,12481,12550,1675,14225,201
2021-06-11,Sierra,91,2930,57,55,14,69,0
2021-06-11,Siskiyou,93,43540,1934,1882,395,2277,25
2021-06-11,Solano,95,438530,33157,33179,568,33747,266
2021-06-11,Sonoma,97,501317,30519,30624,362,30986,323
2021-06-11,Stanislaus,99,539301,56533,56617,6232,62849,974
2021-06-11,Sutter,101,95872,9562,9600,94,9694,112
2021-06-11,Tehama,103,63373,5092,5099,616,5715,63
2021-06-11,Trinity,105,12862,365,331,65,396,3
2021-06-11,Tulare,107,460477,49693,49516,9607,59123,848
2021-06-11,Tuolumne,109,53932,4095,4104,36,4140,63
2021-06-11,Ventura,111,848112,81200,81189,3127,84316,1026
2021-06-11,Yolo,113,214977,14092,14111,348,14459,212
2021-06-11,Yuba,115,75493,6117,6113,135,6248,50
2021-06-10,Alameda,1,1643700,88682,88806,2070,90876,1275
2021-06-10,Alpine,3,1148,88,88,0,88,0
2021-06-10,Amador,5,37829,3726,3709,35,3744,46
2021-06-10,Butte,7,227075,12601,12565,1922,14487,194
2021-06-10,Calaveras,9,45235,2188,2188,15,2203,55
2021-06-10,Colusa,11,21464,1953,1964,325,2289,15
2021-06-10,Contra Costa,13,1133247,70207,69876,1362,71238,807
2021-06-10,Del Norte,15,27424,1413,1405,9,1414,8
2021-06-10,El Dorado,17,186661,10309,10314,782,11096,113
2021-06-10,Fresno,19,978130,102275,102724,9036,111760,1717
2021-06-10,Glenn,21,27897,2425,2425,581,3006,19
2021-06-10,Humboldt,23,135768,4390,4384,38,4422,42
2021-06-10,Imperial,25,180216,28608,28779,2883,31662,739
2021-06-10,Inyo,27,18085,1406,1405,4,1409,35
2021-06-10,Kern,29,883053,97027,96706,11486,108192,1336
2021-06-10,Kings,31,150075,23003,23067,1196,24263,245
2021-06-10,Lake,33,64148,3554,3550,9,3559,45
2021-06-10,Lassen,35,31185,5234,5201,122,5323,18
2021-06-10,Los Angeles,37,10098052,1204504,1204110,44019,1248129,24440
2021-06-10,Madera,39,155013,16596,16581,963,17544,240
2021-06-10,Marin,41,260295,14100,14118,273,14391,229
2021-06-10,Mariposa,43,17540,436,434,11,445,5
2021-06-10,Mendocino,45,87422,4089,4016,76,4092,48
2021-06-10,Merced,47,269075,31150,31231,999,32230,461
2021-06-10,Modoc,49,8938,392,381,139,520,3
2021-06-10,Mono,51,14174,1250,1274,13,1287,3
2021-06-10,Monterey,53,433212,43099,43090,1932,45022,415
2021-06-10,Napa,55,140530,9970,9974,35,10009,80
2021-06-10,Nevada,57,99092,4890,4866,201,5067,72
2021-06-10,Orange,59,3164182,254997,254950,11782,266732,5097
2021-06-10,Placer,61,380077,23459,23296,1587,24883,293
2021-06-10,Plumas,63,18699,711,696,12,708,4
2021-06-10,Riverside,65,2383286,291715,289335,14828,304163,4450
2021-06-10,Sacramento,67,1510023,107071,107049,1861,108910,1658
2021-06-10,San Benito,69,59416,6080,6079,120,6199,63
2021-06-10,San Bernardino,71,2135413,293294,293281,9082,302363,4782
2021-06-10,San Diego,73,3302833,281473,281052,0,281052,3766
2021-06-10,San Francisco,75,870044,36847,37159,1397,38556,552
2021-06-10,San Joaquin,77,732212,73421,73276,3795,77071,1393
2021-06-10,San Luis Obispo,79,281455,21278,21280,787,22067,256
2021-06-10,San Mateo,81,765935,42511,42562,486,43048,666
2021-06-10,Santa Barbara,83,443738,34500,34434,1254,35688,460
2021-06-10,Santa Clara,85,1922200,118469,119832,803,120635,2075
2021-06-10,Santa Cruz,87,273765,16181,16159,877,17036,208
2021-06-10,Shasta,89,179085,12471,12536,1674,14210,201
2021-06-10,Sierra,91,2930,56,55,14,69,0
2021-06-10,Siskiyou,93,43540,1934,1881,395,2276,25
2021-06-10,Solano,95,438530,33140,33150,567,33717,265
2021-06-10,Sonoma,97,501317,30483,30571,360,30931,323
2021-06-10,Stanislaus,99,539301,56512,56588,6228,62816,974
2021-06-10,Sutter,101,95872,9555,9594,94,9688,112
2021-06-10,Tehama,103,63373,5092,5096,616,5712,63
2021-06-10,Trinity,105,12862,365,331,65,396,3
2021-06-10,Tulare,107,460477,49685,49503,9607,59110,848
2021-06-10,Tuolumne,109,53932,4095,4100,36,4136,63
2021-06-10,Ventura,111,848112,81189,81172,3126,84298,1026
2021-06-10,Yolo,113,214977,14089,14107,348,14455,212
2021-06-10,Yuba,115,75493,6113,6112,135,6247,50
2021-06-09,Alameda,1,1643700,88636,88762,2068,90830,1271
2021-06-09,Alpine,3,1148,88,88,0,88,0
2021-06-09,Amador,5,37829,3722,3706,35,3741,46
2021-06-09,Butte,7,227075,12595,12555,1920,14475,194
2021-06-09,Calaveras,9,45235,2186,2184,15,2199,55
2021-06-09,Colusa,11,21464,1953,1962,324,2286,15
2021-06-09,Contra Costa,13,1133247,70170,69829,1361,71190,803
2021-06-09,Del Norte,15,27424,1410,1403,9,1412,8
2021-06-09,El Dorado,17,186661,10306,10312,781,11093,113
2021-06-09,Fresno,19,978130,102257,102690,9031,111721,1717
2021-06-09,Glenn,21,27897,2424,2424,581,3005,19
2021-06-09,Humboldt,23,135768,4385,4379,37,4416,42
2021-06-09,Imperial,25,180216,28605,28754,2883,31637,739
2021-06-09,Inyo,27,18085,1406,1405,4,1409,35
2021-06-09,Kern,29,883053,97014,96697,11476,108173,1328
2021-06-09,Kings,31,150075,23001,23061,1196,24257,245
2021-06-09,Lake,33,64148,3551,3541,9,3550,45
2021-06-09,Lassen,35,31185,5233,5200,122,5322,18
2021-06-09,Los Angeles,37,10098052,1204320,1203955,44008,1247963,24432
2021-06-09,Madera,39,155013,16591,16580,963,17543,240
2021-06-09,Marin,41,260295,14095,14114,273,14387,229
2021-06-09,Mariposa,43,17540,436,434,11,445,5
2021-06-09,Mendocino,45,87422,4083,4008,76,4084,47
2021-06-09,Merced,47,269075,31146,31225,999,32224,461
2021-06-09,Modoc,49,8938,390,377,138,515,3
2021-06-09,Mono,51,14174,1250,1274,13,1287,3
2021-06-09,Monterey,53,433212,43092,43082,1932,45014,415
2021-06-09,Napa,55,140530,9964,9971,35,10006,80
2021-06-09,Nevada,57,99092,4880,4863,200,5063,72
2021-06-09,Orange,59,3164182,254953,254893,11778,266671,5080
2021-06-09,Placer,61,380077,23441,23237,1587,24824,293
2021-06-09,Plumas,63,18699,710,697,12,709,4
2021-06-09,Riverside,65,2383286,291671,289299,14826,304125,4450
2021-06-09,Sacramento,67,1510023,107008,106971,1858,108829,1657
2021-06-09,San Benito,69,59416,6076,6078,120,6198,63
2021-06-09,San Bernardino,71,2135413,293252,293222,9082,302304,4782
2021-06-09,San Diego,73,3302833,281408,280941,0,280941,3765
2021-06-09,San Francisco,75,870044,36834,37143,1396,38539,552
2021-06-09,San Joaquin,77,732212,73396,73232,3794,77026,1392
2021-06-09,San Luis Obispo,79,281455,21277,21259,787,22046,256
2021-06-09,San Mateo,81,765935,42495,42502,485,42987,666
2021-06-09,Santa Barbara,83,443738,34489,34422,1254,35676,460
2021-06-09,Santa Clara,85,1922200,118431,119793,802,120595,2068
2021-06-09,Santa Cruz,87,273765,16178,16155,877,17032,208
2021-06-09,Shasta,89,179085,12461,12521,1672,14193,201
2021-06-09,Sierra,91,2930,55,55,14,69,0
2021-06-09,Siskiyou,93,43540,1933,1871,395,2266,25
2021-06-09,Solano,95,438530,33124,33137,566,33703,264
2021-06-09,Sonoma,97,501317,30461,30540,360,30900,323
2021-06-09,Stanislaus,99,539301,56492,56560,6225,62785,974
2021-06-09,Sutter,101,95872,9546,9586,93,9679,111
2021-06-09,Tehama,103,63373,5091,5093,616,5709,63
2021-06-09,Trinity,105,12862,364,331,65,396,3
2021-06-09,Tulare,107,460477,49681,49496,9605,59101,847
2021-06-09,Tuolumne,109,53932,4092,4100,36,4136,63
2021-06-09,Ventura,111,848112,81179,81154,3125,84279,1026
2021-06-09,Yolo,113,214977,14087,14102,347,14449,212
2021-06-09,Yuba,115,75493,6109,6109,135,6244,50
2021-06-08,Alameda,1,1643700,88586,88731,2068,90799,1267
2021-06-08,Alpine,3,1148,88,88,0,88,0
2021-06-08,Amador,5,37829,3721,3704,35,3739,46
2021-06-08,Butte,7,227075,12589,12540,1917,14457,194
2021-06-08,Calaveras,9,45235,2185,2181,15,2196,55
2021-06-08,Colusa,11,21464,1953,1961,324,2285,15
2021-06-08,Contra Costa,13,1133247,70121,69762,1360,71122,803
2021-06-08,Del Norte,15,27424,1408,1402,9,1411,8
2021-06-08,El Dorado,17,186661,10301,10306,779,11085,113
2021-06-08,Fresno,19,978130,102232,102680,9029,111709,1717
2021-06-08,Glenn,21,27897,2423,2423,581,3004,19
2021-06-08,Humboldt,23,135768,4380,4363,37,4400,42
2021-06-08,Imperial,25,180216,28596,28752,2883,31635,738
2021-06-08,Inyo,27,18085,1406,1405,4,1409,35
2021-06-08,Kern,29,883053,96994,96671,11469,108140,1325
2021-06-08,Kings,31,150075,23000,23036,1196,24232,245
2021-06-08,Lake,33,64148,3550,3540,9,3549,45
2021-06-08,Lassen,35,31185,5233,5200,122,5322,18
2021-06-08,Los Angeles,37,10098052,1204126,1203794,43996,1247790,24426
2021-06-08,Madera,39,155013,16585,16579,962,17541,240
2021-06-08,Marin,41,260295,14093,14111,272,14383,229
2021-06-08,Mariposa,43,17540,436,434,11,445,5
2021-06-08,Mendocino,45,87422,4076,4002,76,4078,47
2021-06-08,Merced,47,269075,31138,31225,999,32224,461
2021-06-08,Modoc,49,8938,385,377,137,514,3
2021-06-08,Mono,51,14174,1250,1274,13,1287,3
2021-06-08,Monterey,53,433212,43086,43078,1931,45009,415
2021-06-08,Napa,55,140530,9960,9962,35,9997,80
2021-06-08,Nevada,57,99092,4875,4861,200,5061,72
2021-06-08,Orange,59,3164182,254912,254852,11772,266624,5078
2021-06-08,Placer,61,380077,23423,23209,1583,24792,293
2021-06-08,Plumas,63,18699,710,692,12,704,4
2021-06-08,Riverside,65,2383286,291637,289268,14818,304086,4452
2021-06-08,Sacramento,67,1510023,106947,106901,1856,108757,1654
2021-06-08,San Benito,69,59416,6074,6076,120,6196,63
2021-06-08,San Bernardino,71,2135413,293203,293186,9078,302264,4778
2021-06-08,San Diego,73,3302833,281346,280879,0,280879,3764
2021-06-08,San Francisco,75,870044,36819,37134,1395,38529,552
2021-06-08,San Joaquin,77,732212,73352,73186,3789,76975,1390
2021-06-08,San Luis Obispo,79,281455,21271,21251,786,22037,255
2021-06-08,San Mateo,81,765935,42482,42488,485,42973,663
2021-06-08,Santa Barbara,83,443738,34485,34418,1254,35672,459
2021-06-08,Santa Clara,85,1922200,118412,119770,801,120571,2068
2021-06-08,Santa Cruz,87,273765,16175,16160,877,17037,208
2021-06-08,Shasta,89,179085,12446,12498,1672,14170,201
2021-06-08,Sierra,91,2930,55,55,14,69,0
2021-06-08,Siskiyou,93,43540,1931,1870,393,2263,21
2021-06-08,Solano,95,438530,33103,33130,566,33696,259
2021-06-08,Sonoma,97,501317,30435,30523,358,30881,323
2021-06-08,Stanislaus,99,539301,56465,56548,6223,62771,973
2021-06-08,Sutter,101,95872,9543,9581,93,9674,111
2021-06-08,Tehama,103,63373,5088,5093,616,5709,63
2021-06-08,Trinity,105,12862,364,330,64,394,3
2021-06-08,Tulare,107,460477,49670,49485,9599,59084,847
2021-06-08,Tuolumne,109,53932,4089,4099,36,4135,63
2021-06-08,Ventura,111,848112,81163,81142,3124,84266,1026
2021-06-08,Yolo,113,214977,14082,14099,346,14445,212
2021-06-08,Yuba,115,75493,6107,6103,135,6238,50
2021-06-07,Alameda,1,1643700,88528,88688,2068,90756,1267
2021-06-07,Alpine,3,1148,88,88,0,88,0
2021-06-07,Amador,5,37829,3711,3697,35,3732,46
2021-06-07,Butte,7,227075,12582,12533,1916,14449,194
2021-06-07,Calaveras,9,45235,2184,2181,15,2196,55
2021-06-07,Colusa,11,21464,1952,1960,324,2284,15
2021-06-07,Contra Costa,13,1133247,70065,69718,1359,71077,817
2021-06-07,Del Norte,15,27424,1408,1401,9,1410,8
2021-06-07,El Dorado,17,186661,10296,10305,779,11084,113
2021-06-07,Fresno,19,978130,102204,102659,9022,111681,1717
2021-06-07,Glenn,21,27897,2423,2423,581,3004,19
2021-06-07,Humboldt,23,135768,4372,4354,37,4391,42
2021-06-07,Imperial,25,180216,28594,28754,2883,31637,738
2021-06-07,Inyo,27,18085,1406,1404,4,1408,35
2021-06-07,Kern,29,883053,96978,96645,11462,108107,1324
2021-06-07,Kings,31,150075,22996,23023,1196,24219,244
2021-06-07,Lake,33,64148,3548,3540,9,3549,45
2021-06-07,Lassen,35,31185,5228,5198,122,5320,18
2021-06-07,Los Angeles,37,10098052,1203906,1203664,43981,1247645,24413
2021-06-07,Madera,39,155013,16578,16572,962,17534,240
2021-06-07,Marin,41,260295,14089,14108,271,14379,229
2021-06-07,Mariposa,43,17540,436,434,11,445,5
2021-06-07,Mendocino,45,87422,4070,3998,76,4074,47
2021-06-07,Merced,47,269075,31126,31212,998,32210,459
2021-06-07,Modoc,49,8938,384,375,134,509,3
2021-06-07,Mono,51,14174,1250,1275,13,1288,3
2021-06-07,Monterey,53,433212,43079,43077,1931,45008,415
2021-06-07,Napa,55,140530,9951,9962,35,9997,80
2021-06-07,Nevada,57,99092,4873,4860,200,5060,72
2021-06-07,Orange,59,3164182,254872,254808,11765,266573,5073
2021-06-07,Placer,61,380077,23405,23176,1581,24757,293
2021-06-07,Plumas,63,18699,710,692,12,704,4
2021-06-07,Riverside,65,2383286,291595,289232,14815,304047,4451
2021-06-07,Sacramento,67,1510023,106868,106841,1852,108693,1655
2021-06-07,San Benito,69,59416,6073,6074,120,6194,63
2021-06-07,San Bernardino,71,2135413,293163,293129,9077,302206,4775
2021-06-07,San Diego,73,3302833,281264,280808,0,280808,3764
2021-06-07,San Francisco,75,870044,36803,37122,1395,38517,552
2021-06-07,San Joaquin,77,732212,73307,73130,3782,76912,1388
2021-06-07,San Luis Obispo,79,281455,21258,21252,786,22038,255
2021-06-07,San Mateo,81,765935,42465,42479,485,42964,664
2021-06-07,Santa Barbara,83,443738,34479,34407,1254,35661,459
2021-06-07,Santa Clara,85,1922200,118385,119743,801,120544,2066
2021-06-07,Santa Cruz,87,273765,16173,16159,877,17036,208
2021-06-07,Shasta,89,179085,12432,12483,1667,14150,200
2021-06-07,Sierra,91,2930,55,55,14,69,0
2021-06-07,Siskiyou,93,43540,1931,1869,393,2262,21
2021-06-07,Solano,95,438530,33081,33124,565,33689,258
2021-06-07,Sonoma,97,501317,30399,30504,357,30861,323
2021-06-07,Stanislaus,99,539301,56432,56521,6220,62741,972
2021-06-07,Sutter,101,95872,9539,9571,93,9664,111
2021-06-07,Tehama,103,63373,5084,5092,616,5708,63
2021-06-07,Trinity,105,12862,364,329,64,393,3
2021-06-07,Tulare,107,460477,49664,49471,9599,59070,847
2021-06-07,Tuolumne,109,53932,4088,4098,36,4134,63
2021-06-07,Ventura,111,848112,81146,81137,3123,84260,1025
2021-06-07,Yolo,113,214977,14077,14097,345,14442,211
2021-06-07,Yuba,115,75493,6105,6099,132,6231,49
2021-06-06,Alameda,1,1643700,88486,88636,2067,90703,1267
2021-06-06,Alpine,3,1148,88,88,0,88,0
2021-06-06,Amador,5,37829,3708,3696,35,3731,46
2021-06-06,Butte,7,227075,12571,12527,1915,14442,194
2021-06-06,Calaveras,9,45235,2183,2181,15,2196,55
2021-06-06,Colusa,11,21464,1950,1959,324,2283,15
2021-06-06,Contra Costa,13,1133247,70000,69659,1357,71016,817
2021-06-06,Del Norte,15,27424,1403,1401,8,1409,8
2021-06-06,El Dorado,17,186661,10289,10294,779,11073,113
2021-06-06,Fresno,19,978130,102171,102642,9019,111661,1717
2021-06-06,Glenn,21,27897,2422,2423,581,3004,19
2021-06-06,Humboldt,23,135768,4361,4353,37,4390,42
2021-06-06,Imperial,25,180216,28588,28762,2883,31645,738
2021-06-06,Inyo,27,18085,1405,1404,4,1408,35
2021-06-06,Kern,29,883053,96960,96623,11455,108078,1324
2021-06-06,Kings,31,150075,22990,23021,1196,24217,244
2021-06-06,Lake,33,64148,3548,3535,9,3544,45
2021-06-06,Lassen,35,31185,5226,5191,122,5313,18
2021-06-06,Los Angeles,37,10098052,1203710,1203539,43969,1247508,24410
2021-06-06,Madera,39,155013,16572,16567,962,17529,240
2021-06-06,Marin,41,260295,14083,14106,270,14376,229
2021-06-06,Mariposa,43,17540,435,435,11,446,5
2021-06-06,Mendocino,45,87422,4066,3993,76,4069,47
2021-06-06,Merced,47,269075,31118,31215,998,32213,459
2021-06-06,Modoc,49,8938,384,375,133,508,3
2021-06-06,Mono,51,14174,1250,1275,13,1288,3
2021-06-06,Monterey,53,433212,43074,43078,1931,45009,415
2021-06-06,Napa,55,140530,9945,9963,35,9998,80
2021-06-06,Nevada,57,99092,4866,4854,199,5053,72
2021-06-06,Orange,59,3164182,254839,254782,11760,266542,5073
2021-06-06,Placer,61,380077,23380,23156,1577,24733,293
2021-06-06,Plumas,63,18699,710,692,12,704,4
2021-06-06,Riverside,65,2383286,291561,289201,14810,304011,4451
2021-06-06,Sacramento,67,1510023,106782,106749,1851,108600,1655
2021-06-06,San Benito,69,59416,6067,6074,120,6194,63
2021-06-06,San Bernardino,71,2135413,293115,293117,9068,302185,4773
2021-06-06,San Diego,73,3302833,281184,280743,0,280743,3764
2021-06-06,San Francisco,75,870044,36791,37118,1394,38512,552
2021-06-06,San Joaquin,77,732212,73275,73105,3778,76883,1388
2021-06-06,San Luis Obispo,79,281455,21255,21246,786,22032,255
2021-06-06,San Mateo,81,765935,42447,42457,485,42942,664
2021-06-06,Santa Barbara,83,443738,34475,34403,1253,35656,459
2021-06-06,Santa Clara,85,1922200,118363,119711,801,120512,2066
2021-06-06,Santa Cruz,87,273765,16172,16158,877,17035,208
2021-06-06,Shasta,89,179085,12417,12478,1663,14141,200
2021-06-06,Sierra,91,2930,55,55,14,69,0
2021-06-06,Siskiyou,93,43540,1928,1869,393,2262,21
2021-06-06,Solano,95,438530,33054,33093,565,33658,258
2021-06-06,Sonoma,97,501317,30368,30478,356,30834,323
2021-06-06,Stanislaus,99,539301,56389,56486,6217,62703,972
2021-06-06,Sutter,101,95872,9532,9567,93,9660,111
2021-06-06,Tehama,103,63373,5080,5092,615,5707,63
2021-06-06,Trinity,105,12862,364,328,64,392,3
2021-06-06,Tulare,107,460477,49657,49466,9593,59059,847
2021-06-06,Tuolumne,109,53932,4086,4097,36,4133,63
2021-06-06,Ventura,111,848112,81135,81130,3120,84250,1025
2021-06-06,Yolo,113,214977,14069,14089,344,14433,210
2021-06-06,Yuba,115,75493,6097,6096,132,6228,49
2021-06-05,Alameda,1,1643700,88454,88612,2066,90678,1268
2021-06-05,Alpine,3,1148,88,88,0,88,0
2021-06-05,Amador,5,37829,3708,3694,35,3729,46
2021-06-05,Butte,7,227075,12565,12514,1914,14428,194
2021-06-05,Calaveras,9,45235,2183,2181,15,2196,55
2021-06-05,Colusa,11,21464,1950,1959,324,2283,15
2021-06-05,Contra Costa,13,1133247,69971,69601,1357,70958,817
2021-06-05,Del Norte,15,27424,1403,1400,8,1408,8
2021-06-05,El Dorado,17,186661,10287,10288,778,11066,113
2021-06-05,Fresno,19,978130,102162,102626,9019,111645,1717
2021-06-05,Glenn,21,27897,2421,2423,581,3004,19
2021-06-05,Humboldt,23,135768,4356,4346,37,4383,42
2021-06-05,Imperial,25,180216,28585,28764,2883,31647,738
2021-06-05,Inyo,27,18085,1405,1405,4,1409,35
2021-06-05,Kern,29,883053,96948,96597,11450,108047,1324
2021-06-05,Kings,31,150075,22987,23017,1196,24213,244
2021-06-05,Lake,33,64148,3545,3534,9,3543,45
2021-06-05,Lassen,35,31185,5225,5191,122,5313,18
2021-06-05,Los Angeles,37,10098052,1203584,1203338,43959,1247297,24411
2021-06-05,Madera,39,155013,16568,16563,962,17525,240
2021-06-05,Marin,41,260295,14081,14101,270,14371,229
2021-06-05,Mariposa,43,17540,435,435,11,446,5
2021-06-05,Mendocino,45,87422,4063,3989,76,4065,47
2021-06-05,Merced,47,269075,31116,31212,998,32210,459
2021-06-05,Modoc,49,8938,384,375,132,507,3
2021-06-05,Mono,51,14174,1250,1274,13,1287,3
2021-06-05,Monterey,53,433212,43070,43071,1930,45001,415
2021-06-05,Napa,55,140530,9940,9960,35,9995,80
2021-06-05,Nevada,57,99092,4864,4849,199,5048,72
2021-06-05,Orange,59,3164182,254815,254752,11757,266509,5069
2021-06-05,Placer,61,380077,23365,23133,1576,24709,293
2021-06-05,Plumas,63,18699,710,692,12,704,4
2021-06-05,Riverside,65,2383286,291526,289157,14806,303963,4451
2021-06-05,Sacramento,67,1510023,106731,106688,1848,108536,1655
2021-06-05,San Benito,69,59416,6065,6074,120,6194,63
2021-06-05,San Bernardino,71,2135413,293081,293081,9066,302147,4772
2021-06-05,San Diego,73,3302833,281143,280676,0,280676,3764
2021-06-05,San Francisco,75,870044,36782,37111,1394,38505,552
2021-06-05,San Joaquin,77,732212,73259,73078,3771,76849,1388
2021-06-05,San Luis Obispo,79,281455,21252,21236,786,22022,255
2021-06-05,San Mateo,81,765935,42438,42433,485,42918,664
2021-06-05,Santa Barbara,83,443738,34472,34399,1252,35651,459
2021-06-05,Santa Clara,85,1922200,118341,119676,799,120475,2066
2021-06-05,Santa Cruz,87,273765,16172,16154,877,17031,208
2021-06-05,Shasta,89,179085,12408,12472,1662,14134,200
2021-06-05,Sierra,91,2930,55,55,14,69,0
2021-06-05,Siskiyou,93,43540,1928,1867,393,2260,21
2021-06-05,Solano,95,438530,33039,33074,565,33639,257
2021-06-05,Sonoma,97,501317,30341,30450,354,30804,323
2021-06-05,Stanislaus,99,539301,56368,56463,6215,62678,973
2021-06-05,Sutter,101,95872,9529,9559,93,9652,111
2021-06-05,Tehama,103,63373,5079,5092,614,5706,63
2021-06-05,Trinity,105,12862,364,328,64,392,3
2021-06-05,Tulare,107,460477,49652,49463,9592,59055,847
2021-06-05,Tuolumne,109,53932,4084,4098,36,4134,63
2021-06-05,Ventura,111,848112,81126,81119,3118,84237,1025
2021-06-05,Yolo,113,214977,14067,14088,344,14432,210
2021-06-05,Yuba,115,75493,6096,6087,132,6219,49
2021-06-04,Alameda,1,1643700,88427,88585,2064,90649,1263
2021-06-04,Alpine,3,1148,88,88,0,88,0
2021-06-04,Amador,5,37829,3708,3690,35,3725,46
2021-06-04,Butte,7,227075,12554,12494,1911,14405,193
2021-06-04,Calaveras,9,45235,2183,2179,15,2194,55
2021-06-04,Colusa,11,21464,1950,1959,324,2283,15
2021-06-04,Contra Costa,13,1133247,69936,69540,1354,70894,816
2021-06-04,Del Norte,15,27424,1403,1398,8,1406,8
2021-06-04,El Dorado,17,186661,10283,10284,776,11060,112
2021-06-04,Fresno,19,978130,102146,102601,9019,111620,1712
2021-06-04,Glenn,21,27897,2421,2423,580,3003,19
2021-06-04,Humboldt,23,135768,4351,4327,37,4364,42
2021-06-04,Imperial,25,180216,28581,28753,2883,31636,738
2021-06-04,Inyo,27,18085,1405,1404,4,1408,35
2021-06-04,Kern,29,883053,96930,96573,11448,108021,1327
2021-06-04,Kings,31,150075,22987,23002,1196,24198,244
2021-06-04,Lake,33,64148,3543,3528,9,3537,45
2021-06-04,Lassen,35,31185,5225,5180,122,5302,18
2021-06-04,Los Angeles,37,10098052,1203465,1203106,43949,1247055,24400
2021-06-04,Madera,39,155013,16566,16557,962,17519,240
2021-06-04,Marin,41,260295,14080,14099,269,14368,229
2021-06-04,Mariposa,43,17540,435,435,11,446,5
2021-06-04,Mendocino,45,87422,4054,3983,76,4059,47
2021-06-04,Merced,47,269075,31111,31204,997,32201,459
2021-06-04,Modoc,49,8938,382,375,132,507,3
2021-06-04,Mono,51,14174,1250,1275,13,1288,3
2021-06-04,Monterey,53,433212,43066,43068,1930,44998,415
2021-06-04,Napa,55,140530,9936,9958,35,9993,80
2021-06-04,Nevada,57,99092,4860,4844,199,5043,72
2021-06-04,Orange,59,3164182,254779,254730,11754,266484,5059
2021-06-04,Placer,61,380077,23350,23110,1575,24685,293
2021-06-04,Plumas,63,18699,710,691,12,703,4
2021-06-04,Riverside,65,2383286,291500,289098,14802,303900,4452
2021-06-04,Sacramento,67,1510023,106679,106616,1846,108462,1654
2021-06-04,San Benito,69,59416,6063,6073,120,6193,63
2021-06-04,San Bernardino,71,2135413,293055,293056,9064,302120,4768
2021-06-04,San Diego,73,3302833,281101,280556,0,280556,3763
2021-06-04,San Francisco,75,870044,36777,37079,1393,38472,551
2021-06-04,San Joaquin,77,732212,73240,73039,3769,76808,1388
2021-06-04,San Luis Obispo,79,281455,21249,21234,785,22019,255
2021-06-04,San Mateo,81,765935,42426,42413,485,42898,478
2021-06-04,Santa Barbara,83,443738,34466,34402,1251,35653,459
2021-06-04,Santa Clara,85,1922200,118312,119619,799,120418,2065
2021-06-04,Santa Cruz,87,273765,16170,16150,877,17027,207
2021-06-04,Shasta,89,179085,12402,12458,1657,14115,200
2021-06-04,Sierra,91,2930,55,55,14,69,0
2021-06-04,Siskiyou,93,43540,1927,1865,393,2258,21
2021-06-04,Solano,95,438530,33028,33058,565,33623,256
2021-06-04,Sonoma,97,501317,30320,30411,354,30765,323
2021-06-04,Stanislaus,99,539301,56345,56442,6212,62654,973
2021-06-04,Sutter,101,95872,9524,9554,93,9647,111
2021-06-04,Tehama,103,63373,5074,5090,614,5704,63
2021-06-04,Trinity,105,12862,364,328,64,392,3
2021-06-04,Tulare,107,460477,49643,49452,9590,59042,847
2021-06-04,Tuolumne,109,53932,4083,4095,36,4131,63
2021-06-04,Ventura,111,848112,81119,81104,3116,84220,1023
2021-06-04,Yolo,113,214977,14065,14083,344,14427,210
2021-06-04,Yuba,115,75493,6093,6084,132,6216,49
2021-06-03,Alameda,1,1643700,88389,88555,2061,90616,1257
2021-06-03,Alpine,3,1148,88,88,0,88,0
2021-06-03,Amador,5,37829,3700,3688,35,3723,46
2021-06-03,Butte,7,227075,12550,12478,1910,14388,193
2021-06-03,Calaveras,9,45235,2183,2179,15,2194,55
2021-06-03,Colusa,11,21464,1950,1957,324,2281,15
2021-06-03,Contra Costa,13,1133247,69881,69500,1349,70849,816
2021-06-03,Del Norte,15,27424,1401,1397,8,1405,8
2021-06-03,El Dorado,17,186661,10277,10284,773,11057,112
2021-06-03,Fresno,19,978130,102130,102566,9019,111585,1709
2021-06-03,Glenn,21,27897,2421,2421,580,3001,19
2021-06-03,Humboldt,23,135768,4343,4314,37,4351,42
2021-06-03,Imperial,25,180216,28569,28737,2883,31620,738
2021-06-03,Inyo,27,18085,1405,1404,4,1408,35
2021-06-03,Kern,29,883053,96903,96507,11434,107941,1326
2021-06-03,Kings,31,150075,22983,22982,1196,24178,244
2021-06-03,Lake,33,64148,3541,3526,9,3535,45
2021-06-03,Lassen,35,31185,5216,5177,122,5299,12
2021-06-03,Los Angeles,37,10098052,1203292,1202923,43941,1246864,24386
2021-06-03,Madera,39,155013,16560,16554,962,17516,240
2021-06-03,Marin,41,260295,14075,14095,269,14364,230
2021-06-03,Mariposa,43,17540,435,435,11,446,5
2021-06-03,Mendocino,45,87422,4047,3978,76,4054,47
2021-06-03,Merced,47,269075,31107,31199,997,32196,459
2021-06-03,Modoc,49,8938,381,376,131,507,3
2021-06-03,Mono,51,14174,1250,1275,13,1288,3
2021-06-03,Monterey,53,433212,43063,43063,1930,44993,415
2021-06-03,Napa,55,140530,9929,9957,35,9992,81
2021-06-03,Nevada,57,99092,4856,4837,199,5036,72
2021-06-03,Orange,59,3164182,254751,254676,11744,266420,5056
2021-06-03,Placer,61,380077,23341,23100,1574,24674,293
2021-06-03,Plumas,63,18699,710,691,12,703,4
2021-06-03,Riverside,65,2383286,291446,289035,14800,303835,4447
2021-06-03,Sacramento,67,1510023,106600,106526,1844,108370,1654
2021-06-03,San Benito,69,59416,6063,6073,120,6193,63
2021-06-03,San Bernardino,71,2135413,293024,293021,9063,302084,4762
2021-06-03,San Diego,73,3302833,281038,280430,0,280430,3761
2021-06-03,San Francisco,75,870044,36771,37072,1393,38465,551
2021-06-03,San Joaquin,77,732212,73212,72989,3765,76754,1388
2021-06-03,San Luis Obispo,79,281455,21244,21224,785,22009,255
2021-06-03,San Mateo,81,765935,42413,42396,485,42881,467
2021-06-03,Santa Barbara,83,443738,34463,34391,1251,35642,459
2021-06-03,Santa Clara,85,1922200,118290,119592,797,120389,2058
2021-06-03,Santa Cruz,87,273765,16168,16144,877,17021,207
2021-06-03,Shasta,89,179085,12387,12441,1655,14096,199
2021-06-03,Sierra,91,2930,55,55,14,69,0
2021-06-03,Siskiyou,93,43540,1927,1862,392,2254,21
2021-06-03,Solano,95,438530,33015,33019,565,33584,256
2021-06-03,Sonoma,97,501317,30298,30383,353,30736,322
2021-06-03,Stanislaus,99,539301,56315,56401,6205,62606,973
2021-06-03,Sutter,101,95872,9515,9539,93,9632,111
2021-06-03,Tehama,103,63373,5074,5087,614,5701,63
2021-06-03,Trinity,105,12862,364,328,64,392,3
2021-06-03,Tulare,107,460477,49640,49442,9586,59028,848
2021-06-03,Tuolumne,109,53932,4081,4095,36,4131,63
2021-06-03,Ventura,111,848112,81107,81078,3114,84192,1023
2021-06-03,Yolo,113,214977,14061,14078,341,14419,210
2021-06-03,Yuba,115,75493,6086,6077,132,6209,49
2021-06-02,Alameda,1,1643700,88344,88525,2059,90584,1254
2021-06-02,Alpine,3,1148,88,88,0,88,0
2021-06-02,Amador,5,37829,3698,3687,35,3722,46
2021-06-02,Butte,7,227075,12530,12432,1908,14340,193
2021-06-02,Calaveras,9,45235,2181,2174,14,2188,55
2021-06-02,Colusa,11,21464,1949,1957,324,2281,15
2021-06-02,Contra Costa,13,1133247,69830,69455,1347,70802,814
2021-06-02,Del Norte,15,27424,1399,1395,8,1403,8
2021-06-02,El Dorado,17,186661,10273,10275,773,11048,110
2021-06-02,Fresno,19,978130,102107,102547,9016,111563,1707
2021-06-02,Glenn,21,27897,2421,2421,580,3001,19
2021-06-02,Humboldt,23,135768,4328,4302,37,4339,42
2021-06-02,Imperial,25,180216,28564,28737,2881,31618,738
2021-06-02,Inyo,27,18085,1404,1403,4,1407,35
2021-06-02,Kern,29,883053,96877,96481,11425,107906,1326
2021-06-02,Kings,31,150075,22981,22981,1196,24177,244
2021-06-02,Lake,33,64148,3536,3522,9,3531,45
2021-06-02,Lassen,35,31185,5215,5177,122,5299,6
2021-06-02,Los Angeles,37,10098052,1203090,1202760,43932,1246692,24375
2021-06-02,Madera,39,155013,16552,16550,962,17512,240
2021-06-02,Marin,41,260295,14073,14091,269,14360,229
2021-06-02,Mariposa,43,17540,435,434,11,445,5
2021-06-02,Mendocino,45,87422,4041,3970,76,4046,47
2021-06-02,Merced,47,269075,31094,31195,996,32191,458
2021-06-02,Modoc,49,8938,380,375,130,505,3
2021-06-02,Mono,51,14174,1250,1275,13,1288,3
2021-06-02,Monterey,53,433212,43061,43056,1930,44986,380
2021-06-02,Napa,55,140530,9928,9953,35,9988,82
2021-06-02,Nevada,57,99092,4853,4833,199,5032,72
2021-06-02,Orange,59,3164182,254706,254637,11740,266377,5055
2021-06-02,Placer,61,380077,23320,23058,1572,24630,293
2021-06-02,Plumas,63,18699,710,690,12,702,4
2021-06-02,Riverside,65,2383286,291391,289012,14790,303802,4445
2021-06-02,Sacramento,67,1510023,106536,106435,1837,108272,1649
2021-06-02,San Benito,69,59416,6062,6073,120,6193,63
2021-06-02,San Bernardino,71,2135413,292978,293004,9058,302062,4760
2021-06-02,San Diego,73,3302833,280958,280347,0,280347,3760
2021-06-02,San Francisco,75,870044,36751,37050,1392,38442,550
2021-06-02,San Joaquin,77,732212,73181,72893,3762,76655,1387
2021-06-02,San Luis Obispo,79,281455,21237,21214,784,21998,255
2021-06-02,San Mateo,81,765935,42403,42383,484,42867,464
2021-06-02,Santa Barbara,83,443738,34456,34381,1251,35632,456
2021-06-02,Santa Clara,85,1922200,118262,119553,796,120349,2058
2021-06-02,Santa Cruz,87,273765,16165,16144,877,17021,207
2021-06-02,Shasta,89,179085,12370,12426,1652,14078,199
2021-06-02,Sierra,91,2930,55,55,14,69,0
2021-06-02,Siskiyou,93,43540,1927,1861,390,2251,21
2021-06-02,Solano,95,438530,33003,33007,564,33571,256
2021-06-02,Sonoma,97,501317,30279,30359,348,30707,322
2021-06-02,Stanislaus,99,539301,56286,56377,6200,62577,973
2021-06-02,Sutter,101,95872,9512,9533,93,9626,111
2021-06-02,Tehama,103,63373,5071,5081,614,5695,63
2021-06-02,Trinity,105,12862,362,328,64,392,3
2021-06-02,Tulare,107,460477,49632,49434,9582,59016,846
2021-06-02,Tuolumne,109,53932,4081,4095,36,4131,63
2021-06-02,Ventura,111,848112,81082,81033,3114,84147,1020
2021-06-02,Yolo,113,214977,14058,14074,340,14414,210
2021-06-02,Yuba,115,75493,6080,6072,132,6204,48
2021-06-01,Alameda,1,1643700,88311,88472,2057,90529,1253
2021-06-01,Alpine,3,1148,88,88,0,88,0
2021-06-01,Amador,5,37829,3696,3687,35,3722,46
2021-06-01,Butte,7,227075,12516,12427,1907,14334,193
2021-06-01,Calaveras,9,45235,2179,2173,14,2187,55
2021-06-01,Colusa,11,21464,1948,1955,323,2278,15
2021-06-01,Contra Costa,13,1133247,69773,69404,1347,70751,813
2021-06-01,Del Norte,15,27424,1398,1394,8,1402,8
2021-06-01,El Dorado,17,186661,10267,10271,773,11044,110
2021-06-01,Fresno,19,978130,102086,102534,9013,111547,1706
2021-06-01,Glenn,21,27897,2421,2422,580,3002,18
2021-06-01,Humboldt,23,135768,4318,4299,37,4336,42
2021-06-01,Imperial,25,180216,28560,28722,2880,31602,736
2021-06-01,Inyo,27,18085,1404,1403,4,1407,35
2021-06-01,Kern,29,883053,96850,96477,11417,107894,1319
2021-06-01,Kings,31,150075,22977,22977,1196,24173,244
2021-06-01,Lake,33,64148,3535,3523,9,3532,45
2021-06-01,Lassen,35,31185,5208,5172,122,5294,6
2021-06-01,Los Angeles,37,10098052,1202857,1202673,43919,1246592,24367
2021-06-01,Madera,39,155013,16543,16549,961,17510,240
2021-06-01,Marin,41,260295,14071,14081,269,14350,229
2021-06-01,Mariposa,43,17540,435,431,11,442,5
2021-06-01,Mendocino,45,87422,4034,3966,76,4042,47
2021-06-01,Merced,47,269075,31085,31195,996,32191,456
2021-06-01,Modoc,49,8938,379,375,130,505,3
2021-06-01,Mono,51,14174,1250,1275,13,1288,3
2021-06-01,Monterey,53,433212,43055,43051,1930,44981,379
2021-06-01,Napa,55,140530,9926,9949,35,9984,82
2021-06-01,Nevada,57,99092,4848,4825,199,5024,72
2021-06-01,Orange,59,3164182,254672,254603,11733,266336,5051
2021-06-01,Placer,61,380077,23290,23021,1570,24591,293
2021-06-01,Plumas,63,18699,709,690,12,702,4
2021-06-01,Riverside,65,2383286,291340,288996,14784,303780,4442
2021-06-01,Sacramento,67,1510023,106464,106330,1835,108165,1644
2021-06-01,San Benito,69,59416,6061,6073,119,6192,63
2021-06-01,San Bernardino,71,2135413,292955,292990,9057,302047,4758
2021-06-01,San Diego,73,3302833,280855,280305,0,280305,3756
2021-06-01,San Francisco,75,870044,36735,37031,1392,38423,550
2021-06-01,San Joaquin,77,732212,73149,72858,3760,76618,1383
2021-06-01,San Luis Obispo,79,281455,21232,21217,784,22001,256
2021-06-01,San Mateo,81,765935,42387,42383,483,42866,462
2021-06-01,Santa Barbara,83,443738,34453,34374,1251,35625,456
2021-06-01,Santa Clara,85,1922200,118234,119528,796,120324,2057
2021-06-01,Santa Cruz,87,273765,16161,16143,876,17019,207
2021-06-01,Shasta,89,179085,12361,12409,1647,14056,199
2021-06-01,Sierra,91,2930,55,55,14,69,0
2021-06-01,Siskiyou,93,43540,1921,1860,389,2249,21
2021-06-01,Solano,95,438530,32978,32974,563,33537,256
2021-06-01,Sonoma,97,501317,30240,30324,347,30671,322
2021-06-01,Stanislaus,99,539301,56262,56348,6198,62546,973
2021-06-01,Sutter,101,95872,9505,9528,93,9621,111
2021-06-01,Tehama,103,63373,5069,5079,614,5693,63
2021-06-01,Trinity,105,12862,361,328,63,391,3
2021-06-01,Tulare,107,460477,49624,49419,9578,58997,845
2021-06-01,Tuolumne,109,53932,4081,4094,36,4130,63
2021-06-01,Ventura,111,848112,81066,81018,3113,84131,1021
2021-06-01,Yolo,113,214977,14054,14067,339,14406,210
2021-06-01,Yuba,115,75493,6076,6067,132,6199,48
2021-05-31,Alameda,1,1643700,88273,88458,2053,90511,1253
2021-05-31,Alpine,3,1148,88,88,0,88,0
2021-05-31,Amador,5,37829,3690,3687,35,3722,46
2021-05-31,Butte,7,227075,12503,12429,1907,14336,193
2021-05-31,Calaveras,9,45235,2178,2171,14,2185,55
2021-05-31,Colusa,11,21464,1948,1956,322,2278,15
2021-05-31,Contra Costa,13,1133247,69736,69390,1345,70735,813
2021-05-31,Del Norte,15,27424,1395,1394,8,1402,8
2021-05-31,El Dorado,17,186661,10261,10271,771,11042,110
2021-05-31,Fresno,19,978130,102050,102507,9012,111519,1706
2021-05-31,Glenn,21,27897,2420,2422,579,3001,18
2021-05-31,Humboldt,23,135768,4306,4295,37,4332,42
2021-05-31,Imperial,25,180216,28554,28732,2877,31609,736
2021-05-31,Inyo,27,18085,1403,1403,4,1407,35
2021-05-31,Kern,29,883053,96814,96457,11408,107865,1319
2021-05-31,Kings,31,150075,22973,22977,1196,24173,244
2021-05-31,Lake,33,64148,3530,3523,9,3532,45
2021-05-31,Lassen,35,31185,5206,5172,121,5293,6
2021-05-31,Los Angeles,37,10098052,1202617,1202567,43911,1246478,24364
2021-05-31,Madera,39,155013,16542,16543,960,17503,240
2021-05-31,Marin,41,260295,14069,14080,268,14348,229
2021-05-31,Mariposa,43,17540,435,430,11,441,5
2021-05-31,Mendocino,45,87422,4025,3961,76,4037,47
2021-05-31,Merced,47,269075,31080,31194,996,32190,456
2021-05-31,Modoc,49,8938,378,374,130,504,3
2021-05-31,Mono,51,14174,1250,1275,13,1288,3
2021-05-31,Monterey,53,433212,43051,43051,1930,44981,379
2021-05-31,Napa,55,140530,9919,9948,35,9983,82
2021-05-31,Nevada,57,99092,4838,4823,198,5021,72
2021-05-31,Orange,59,3164182,254645,254572,11726,266298,5051
2021-05-31,Placer,61,380077,23263,23019,1565,24584,293
2021-05-31,Plumas,63,18699,708,690,12,702,4
2021-05-31,Riverside,65,2383286,291284,288970,14772,303742,4442
2021-05-31,Sacramento,67,1510023,106367,106278,1830,108108,1644
2021-05-31,San Benito,69,59416,6061,6072,119,6191,63
2021-05-31,San Bernardino,71,2135413,292907,292973,9056,302029,4758
2021-05-31,San Diego,73,3302833,280751,280254,0,280254,3756
2021-05-31,San Francisco,75,870044,36720,37022,1391,38413,550
2021-05-31,San Joaquin,77,732212,73102,72856,3753,76609,1383
2021-05-31,San Luis Obispo,79,281455,21224,21215,784,21999,256
2021-05-31,San Mateo,81,765935,42371,42389,483,42872,442
2021-05-31,Santa Barbara,83,443738,34440,34369,1249,35618,456
2021-05-31,Santa Clara,85,1922200,118190,119515,796,120311,2057
2021-05-31,Santa Cruz,87,273765,16158,16139,876,17015,207
2021-05-31,Shasta,89,179085,12345,12408,1644,14052,199
2021-05-31,Sierra,91,2930,55,55,14,69,0
2021-05-31,Siskiyou,93,43540,1920,1856,388,2244,21
2021-05-31,Solano,95,438530,32927,32973,563,33536,256
2021-05-31,Sonoma,97,501317,30197,30314,347,30661,322
2021-05-31,Stanislaus,99,539301,56211,56335,6195,62530,973
2021-05-31,Sutter,101,95872,9486,9523,93,9616,111
2021-05-31,Tehama,103,63373,5067,5076,613,5689,63
2021-05-31,Trinity,105,12862,361,328,63,391,3
2021-05-31,Tulare,107,460477,49613,49404,9573,58977,845
2021-05-31,Tuolumne,109,53932,4079,4095,36,4131,63
2021-05-31,Ventura,111,848112,81051,81017,3110,84127,1021
2021-05-31,Yolo,113,214977,14050,14064,339,14403,210
2021-05-31,Yuba,115,75493,6070,6063,129,6192,48
2021-05-30,Alameda,1,1643700,88248,88429,2053,90482,1253
2021-05-30,Alpine,3,1148,88,88,0,88,0
2021-05-30,Amador,5,37829,3686,3685,35,3720,46
2021-05-30,Butte,7,227075,12493,12427,1905,14332,190
2021-05-30,Calaveras,9,45235,2174,2166,14,2180,55
2021-05-30,Colusa,11,21464,1948,1954,322,2276,15
2021-05-30,Contra Costa,13,1133247,69702,69381,1343,70724,813
2021-05-30,Del Norte,15,27424,1394,1393,8,1401,8
2021-05-30,El Dorado,17,186661,10258,10271,771,11042,110
2021-05-30,Fresno,19,978130,102033,102499,9008,111507,1706
2021-05-30,Glenn,21,27897,2420,2422,578,3000,18
2021-05-30,Humboldt,23,135768,4297,4291,37,4328,42
2021-05-30,Imperial,25,180216,28549,28732,2876,31608,736
2021-05-30,Inyo,27,18085,1403,1403,4,1407,35
2021-05-30,Kern,29,883053,96798,96443,11405,107848,1319
2021-05-30,Kings,31,150075,22972,22974,1195,24169,244
2021-05-30,Lake,33,64148,3530,3517,9,3526,45
2021-05-30,Lassen,35,31185,5204,5171,121,5292,6
2021-05-30,Los Angeles,37,10098052,1202514,1202425,43904,1246329,24360
2021-05-30,Madera,39,155013,16538,16538,960,17498,240
2021-05-30,Marin,41,260295,14065,14083,267,14350,229
2021-05-30,Mariposa,43,17540,435,430,11,441,5
2021-05-30,Mendocino,45,87422,4018,3955,76,4031,47
2021-05-30,Merced,47,269075,31076,31189,995,32184,456
2021-05-30,Modoc,49,8938,378,374,130,504,3
2021-05-30,Mono,51,14174,1250,1275,13,1288,3
2021-05-30,Monterey,53,433212,43048,43049,1930,44979,379
2021-05-30,Napa,55,140530,9918,9948,35,9983,82
2021-05-30,Nevada,57,99092,4832,4818,198,5016,72
2021-05-30,Orange,59,3164182,254621,254559,11725,266284,5051
2021-05-30,Placer,61,380077,23257,23016,1565,24581,293
2021-05-30,Plumas,63,18699,706,690,12,702,4
2021-05-30,Riverside,65,2383286,291263,288961,14770,303731,4442
2021-05-30,Sacramento,67,1510023,106322,106252,1828,108080,1644
2021-05-30,San Benito,69,59416,6061,6072,119,6191,63
2021-05-30,San Bernardino,71,2135413,292882,292981,9055,302036,4758
2021-05-30,San Diego,73,3302833,280695,280209,0,280209,3756
2021-05-30,San Francisco,75,870044,36703,37016,1390,38406,550
2021-05-30,San Joaquin,77,732212,73085,72853,3752,76605,1383
2021-05-30,San Luis Obispo,79,281455,21216,21211,783,21994,256
2021-05-30,San Mateo,81,765935,42363,42386,483,42869,439
2021-05-30,Santa Barbara,83,443738,34436,34369,1248,35617,456
2021-05-30,Santa Clara,85,1922200,118168,119510,792,120302,2057
2021-05-30,Santa Cruz,87,273765,16156,16140,876,17016,207
2021-05-30,Shasta,89,179085,12343,12408,1641,14049,199
2021-05-30,Sierra,91,2930,55,55,14,69,0
2021-05-30,Siskiyou,93,43540,1920,1856,388,2244,21
2021-05-30,Solano,95,438530,32916,32952,562,33514,256
2021-05-30,Sonoma,97,501317,30181,30310,345,30655,322
2021-05-30,Stanislaus,99,539301,56192,56323,6194,62517,973
2021-05-30,Sutter,101,95872,9485,9519,92,9611,111
2021-05-30,Tehama,103,63373,5067,5073,613,5686,63
2021-05-30,Trinity,105,12862,361,328,63,391,3
2021-05-30,Tulare,107,460477,49606,49397,9565,58962,845
2021-05-30,Tuolumne,109,53932,4079,4094,36,4130,63
2021-05-30,Ventura,111,848112,81048,81012,3108,84120,1021
2021-05-30,Yolo,113,214977,14045,14059,338,14397,210
2021-05-30,Yuba,115,75493,6063,6063,128,6191,48
2021-05-29,Alameda,1,1643700,88225,88433,2051,90484,1253
2021-05-29,Alpine,3,1148,88,88,0,88,0
2021-05-29,Amador,5,37829,3685,3683,35,3718,46
2021-05-29,Butte,7,227075,12487,12425,1905,14330,190
2021-05-29,Calaveras,9,45235,2173,2166,14,2180,55
2021-05-29,Colusa,11,21464,1945,1954,322,2276,15
2021-05-29,Contra Costa,13,1133247,69669,69351,1343,70694,813
2021-05-29,Del Norte,15,27424,1394,1391,8,1399,8
2021-05-29,El Dorado,17,186661,10257,10269,769,11038,110
2021-05-29,Fresno,19,978130,102021,102470,9005,111475,1706
2021-05-29,Glenn,21,27897,2420,2422,577,2999,18
2021-05-29,Humboldt,23,135768,4291,4283,37,4320,42
2021-05-29,Imperial,25,180216,28546,28729,2875,31604,736
2021-05-29,Inyo,27,18085,1403,1404,4,1408,35
2021-05-29,Kern,29,883053,96788,96424,11391,107815,1319
2021-05-29,Kings,31,150075,22971,22970,1194,24164,244
2021-05-29,Lake,33,64148,3530,3515,9,3524,45
2021-05-29,Lassen,35,31185,5204,5171,121,5292,6
2021-05-29,Los Angeles,37,10098052,1202390,1202264,43901,1246165,24359
2021-05-29,Madera,39,155013,16536,16535,960,17495,240
2021-05-29,Marin,41,260295,14061,14071,266,14337,229
2021-05-29,Mariposa,43,17540,434,428,11,439,5
2021-05-29,Mendocino,45,87422,4012,3952,76,4028,47
2021-05-29,Merced,47,269075,31065,31187,995,32182,456
2021-05-29,Modoc,49,8938,378,374,130,504,3
2021-05-29,Mono,51,14174,1250,1275,13,1288,3
2021-05-29,Monterey,53,433212,43046,43042,1930,44972,379
2021-05-29,Napa,55,140530,9915,9948,35,9983,82
2021-05-29,Nevada,57,99092,4831,4816,198,5014,72
2021-05-29,Orange,59,3164182,254599,254537,11715,266252,5049
2021-05-29,Placer,61,380077,23243,23009,1564,24573,293
2021-05-29,Plumas,63,18699,706,689,12,701,4
2021-05-29,Riverside,65,2383286,291243,288908,14770,303678,4442
2021-05-29,Sacramento,67,1510023,106293,106218,1826,108044,1643
2021-05-29,San Benito,69,59416,6060,6072,119,6191,63
2021-05-29,San Bernardino,71,2135413,292851,292961,9054,302015,4757
2021-05-29,San Diego,73,3302833,280636,280151,0,280151,3756
2021-05-29,San Francisco,75,870044,36694,37008,1390,38398,550
2021-05-29,San Joaquin,77,732212,73069,72827,3750,76577,1383
2021-05-29,San Luis Obispo,79,281455,21214,21201,783,21984,256
2021-05-29,San Mateo,81,765935,42355,42375,482,42857,439
2021-05-29,Santa Barbara,83,443738,34432,34367,1248,35615,456
2021-05-29,Santa Clara,85,1922200,118144,119498,791,120289,2056
2021-05-29,Santa Cruz,87,273765,16155,16137,876,17013,207
2021-05-29,Shasta,89,179085,12335,12401,1640,14041,199
2021-05-29,Sierra,91,2930,55,55,14,69,0
2021-05-29,Siskiyou,93,43540,1915,1856,388,2244,21
2021-05-29,Solano,95,438530,32907,32917,562,33479,256
2021-05-29,Sonoma,97,501317,30158,30298,344,30642,322
2021-05-29,Stanislaus,99,539301,56172,56305,6192,62497,974
2021-05-29,Sutter,101,95872,9481,9516,92,9608,111
2021-05-29,Tehama,103,63373,5066,5070,613,5683,63
2021-05-29,Trinity,105,12862,361,328,63,391,3
2021-05-29,Tulare,107,460477,49596,49392,9561,58953,845
2021-05-29,Tuolumne,109,53932,4079,4093,36,4129,63
2021-05-29,Ventura,111,848112,81040,81008,3108,84116,1021
2021-05-29,Yolo,113,214977,14044,14055,338,14393,210
2021-05-29,Yuba,115,75493,6063,6059,128,6187,48
2021-05-28,Alameda,1,1643700,88201,88391,2047,90438,1261
2021-05-28,Alpine,3,1148,88,88,0,88,0
2021-05-28,Amador,5,37829,3685,3680,35,3715,46
2021-05-28,Butte,7,227075,12484,12407,1904,14311,190
2021-05-28,Calaveras,9,45235,2172,2165,14,2179,55
2021-05-28,Colusa,11,21464,1945,1954,320,2274,15
2021-05-28,Contra Costa,13,1133247,69633,69290,1342,70632,813
2021-05-28,Del Norte,15,27424,1393,1390,8,1398,8
2021-05-28,El Dorado,17,186661,10254,10265,769,11034,110
2021-05-28,Fresno,19,978130,102007,102437,9005,111442,1705
2021-05-28,Glenn,21,27897,2420,2419,577,2996,18
2021-05-28,Humboldt,23,135768,4285,4265,37,4302,42
2021-05-28,Imperial,25,180216,28543,28722,2875,31597,736
2021-05-28,Inyo,27,18085,1403,1404,4,1408,35
2021-05-28,Kern,29,883053,96771,96396,11383,107779,1320
2021-05-28,Kings,31,150075,22969,22962,1194,24156,244
2021-05-28,Lake,33,64148,3528,3515,9,3524,45
2021-05-28,Lassen,35,31185,5204,5169,121,5290,6
2021-05-28,Los Angeles,37,10098052,1202283,1202103,43889,1245992,24357
2021-05-28,Madera,39,155013,16534,16530,960,17490,240
2021-05-28,Marin,41,260295,14060,14063,265,14328,229
2021-05-28,Mariposa,43,17540,434,428,11,439,5
2021-05-28,Mendocino,45,87422,4007,3947,76,4023,47
2021-05-28,Merced,47,269075,31062,31176,995,32171,455
2021-05-28,Modoc,49,8938,378,374,130,504,3
2021-05-28,Mono,51,14174,1250,1274,13,1287,3
2021-05-28,Monterey,53,433212,43045,43036,1930,44966,379
2021-05-28,Napa,55,140530,9915,9941,35,9976,82
2021-05-28,Nevada,57,99092,4829,4813,198,5011,71
2021-05-28,Orange,59,3164182,254581,254494,11713,266207,5047
2021-05-28,Placer,61,380077,23233,22987,1562,24549,293
2021-05-28,Plumas,63,18699,704,688,12,700,4
2021-05-28,Riverside,65,2383286,291221,288872,14768,303640,4442
2021-05-28,Sacramento,67,1510023,106235,106131,1825,107956,1642
2021-05-28,San Benito,69,59416,6060,6074,119,6193,63
2021-05-28,San Bernardino,71,2135413,292827,292905,9054,301959,4757
2021-05-28,San Diego,73,3302833,280573,280043,0,280043,3756
2021-05-28,San Francisco,75,870044,36688,36987,1390,38377,546
2021-05-28,San Joaquin,77,732212,73039,72793,3748,76541,1383
2021-05-28,San Luis Obispo,79,281455,21210,21190,781,21971,256
2021-05-28,San Mateo,81,765935,42348,42364,482,42846,439
2021-05-28,Santa Barbara,83,443738,34431,34371,1247,35618,455
2021-05-28,Santa Clara,85,1922200,118120,119462,791,120253,2056
2021-05-28,Santa Cruz,87,273765,16154,16129,876,17005,207
2021-05-28,Shasta,89,179085,12326,12383,1638,14021,198
2021-05-28,Sierra,91,2930,55,54,14,68,0
2021-05-28,Siskiyou,93,43540,1913,1850,388,2238,19
2021-05-28,Solano,95,438530,32892,32892,562,33454,256
2021-05-28,Sonoma,97,501317,30139,30270,344,30614,321
2021-05-28,Stanislaus,99,539301,56149,56278,6189,62467,974
2021-05-28,Sutter,101,95872,9477,9511,92,9603,111
2021-05-28,Tehama,103,63373,5060,5064,613,5677,63
2021-05-28,Trinity,105,12862,361,328,63,391,3
2021-05-28,Tulare,107,460477,49590,49375,9551,58926,846
2021-05-28,Tuolumne,109,53932,4079,4090,36,4126,63
2021-05-28,Ventura,111,848112,81029,80985,3107,84092,1021
2021-05-28,Yolo,113,214977,14040,14050,337,14387,210
2021-05-28,Yuba,115,75493,6061,6050,127,6177,48
2021-05-27,Alameda,1,1643700,88165,88342,2046,90388,1274
2021-05-27,Alpine,3,1148,88,88,0,88,0
2021-05-27,Amador,5,37829,3683,3680,35,3715,46
2021-05-27,Butte,7,227075,12479,12401,1903,14304,190
2021-05-27,Calaveras,9,45235,2171,2163,14,2177,55
2021-05-27,Colusa,11,21464,1942,1952,320,2272,15
2021-05-27,Contra Costa,13,1133247,69592,69245,1340,70585,813
2021-05-27,Del Norte,15,27424,1393,1388,8,1396,8
2021-05-27,El Dorado,17,186661,10253,10248,769,11017,112
2021-05-27,Fresno,19,978130,101991,102413,9002,111415,1704
2021-05-27,Glenn,21,27897,2420,2415,577,2992,18
2021-05-27,Humboldt,23,135768,4277,4260,37,4297,42
2021-05-27,Imperial,25,180216,28532,28728,2875,31603,736
2021-05-27,Inyo,27,18085,1403,1404,4,1408,35
2021-05-27,Kern,29,883053,96755,96364,11375,107739,1322
2021-05-27,Kings,31,150075,22966,22953,1194,24147,245
2021-05-27,Lake,33,64148,3523,3509,9,3518,45
2021-05-27,Lassen,35,31185,5203,5170,120,5290,6
2021-05-27,Los Angeles,37,10098052,1202123,1201927,43872,1245799,24348
2021-05-27,Madera,39,155013,16525,16527,960,17487,240
2021-05-27,Marin,41,260295,14056,14061,265,14326,229
2021-05-27,Mariposa,43,17540,432,427,11,438,5
2021-05-27,Mendocino,45,87422,4001,3945,76,4021,47
2021-05-27,Merced,47,269075,31050,31161,995,32156,455
2021-05-27,Modoc,49,8938,377,374,130,504,3
2021-05-27,Mono,51,14174,1250,1276,13,1289,3
2021-05-27,Monterey,53,433212,43039,43032,1930,44962,379
2021-05-27,Napa,55,140530,9914,9934,35,9969,82
2021-05-27,Nevada,57,99092,4825,4807,196,5003,71
2021-05-27,Orange,59,3164182,254545,254438,11708,266146,5059
2021-05-27,Placer,61,380077,23224,22966,1562,24528,293
2021-05-27,Plumas,63,18699,704,687,12,699,4
2021-05-27,Riverside,65,2383286,291186,288835,14763,303598,4443
2021-05-27,Sacramento,67,1510023,106161,106015,1823,107838,1642
2021-05-27,San Benito,69,59416,6059,6074,119,6193,63
2021-05-27,San Bernardino,71,2135413,292785,292755,9052,301807,4756
2021-05-27,San Diego,73,3302833,280499,279960,0,279960,3756
2021-05-27,San Francisco,75,870044,36683,36980,1386,38366,546
2021-05-27,San Joaquin,77,732212,73007,72714,3744,76458,1388
2021-05-27,San Luis Obispo,79,281455,21207,21171,781,21952,256
2021-05-27,San Mateo,81,765935,42339,42345,482,42827,436
2021-05-27,Santa Barbara,83,443738,34427,34355,1247,35602,456
2021-05-27,Santa Clara,85,1922200,118101,119452,791,120243,2053
2021-05-27,Santa Cruz,87,273765,16151,16134,876,17010,207
2021-05-27,Shasta,89,179085,12315,12380,1638,14018,202
2021-05-27,Sierra,91,2930,55,54,14,68,0
2021-05-27,Siskiyou,93,43540,1910,1846,388,2234,18
2021-05-27,Solano,95,438530,32851,32855,561,33416,257
2021-05-27,Sonoma,97,501317,30112,30253,340,30593,321
2021-05-27,Stanislaus,99,539301,56121,56207,6188,62395,974
2021-05-27,Sutter,101,95872,9473,9501,92,9593,111
2021-05-27,Tehama,103,63373,5057,5064,612,5676,63
2021-05-27,Trinity,105,12862,361,328,63,391,3
2021-05-27,Tulare,107,460477,49576,49366,9542,58908,840
2021-05-27,Tuolumne,109,53932,4078,4090,36,4126,66
2021-05-27,Ventura,111,848112,81016,80965,3104,84069,1023
2021-05-27,Yolo,113,214977,14037,14036,336,14372,213
2021-05-27,Yuba,115,75493,6056,6040,126,6166,48
2021-05-26,Alameda,1,1643700,88136,88297,2046,90343,1266
2021-05-26,Alpine,3,1148,88,88,0,88,0
2021-05-26,Amador,5,37829,3683,3679,35,3714,46
2021-05-26,Butte,7,227075,12470,12332,1902,14234,190
2021-05-26,Calaveras,9,45235,2169,2154,14,2168,55
2021-05-26,Colusa,11,21464,1941,1952,320,2272,15
2021-05-26,Contra Costa,13,1133247,69555,69210,1340,70550,812
2021-05-26,Del Norte,15,27424,1393,1386,7,1393,8
2021-05-26,El Dorado,17,186661,10249,10242,768,11010,112
2021-05-26,Fresno,19,978130,101959,102374,8997,111371,1702
2021-05-26,Glenn,21,27897,2419,2415,577,2992,18
2021-05-26,Humboldt,23,135768,4272,4246,37,4283,42
2021-05-26,Imperial,25,180216,28527,28712,2873,31585,734
2021-05-26,Inyo,27,18085,1403,1403,4,1407,36
2021-05-26,Kern,29,883053,96731,96343,11367,107710,1320
2021-05-26,Kings,31,150075,22962,22950,1193,24143,245
2021-05-26,Lake,33,64148,3522,3508,9,3517,45
2021-05-26,Lassen,35,31185,5202,5164,120,5284,6
2021-05-26,Los Angeles,37,10098052,1201959,1198100,43854,1241954,24221
2021-05-26,Madera,39,155013,16523,16520,960,17480,240
2021-05-26,Marin,41,260295,14053,14061,264,14325,227
2021-05-26,Mariposa,43,17540,432,427,11,438,5
2021-05-26,Mendocino,45,87422,3995,3938,76,4014,47
2021-05-26,Merced,47,269075,31041,31139,995,32134,455
2021-05-26,Modoc,49,8938,377,371,129,500,3
2021-05-26,Mono,51,14174,1250,1274,13,1287,3
2021-05-26,Monterey,53,433212,43033,43018,1929,44947,379
2021-05-26,Napa,55,140530,9907,9932,33,9965,82
2021-05-26,Nevada,57,99092,4820,4803,196,4999,70
2021-05-26,Orange,59,3164182,254510,254368,11704,266072,5058
2021-05-26,Placer,61,380077,23200,22940,1562,24502,293
2021-05-26,Plumas,63,18699,703,685,12,697,4
2021-05-26,Riverside,65,2383286,291140,288782,14756,303538,4443
2021-05-26,Sacramento,67,1510023,106075,105919,1819,107738,1637
2021-05-26,San Benito,69,59416,6059,6074,119,6193,63
2021-05-26,San Bernardino,71,2135413,292748,292662,9051,301713,4755
2021-05-26,San Diego,73,3302833,280425,279859,0,279859,3755
2021-05-26,San Francisco,75,870044,36671,36954,1386,38340,546
2021-05-26,San Joaquin,77,732212,72966,72681,3741,76422,1388
2021-05-26,San Luis Obispo,79,281455,21202,21163,781,21944,256
2021-05-26,San Mateo,81,765935,42330,42331,481,42812,436
2021-05-26,Santa Barbara,83,443738,34418,34348,1247,35595,459
2021-05-26,Santa Clara,85,1922200,118074,119421,790,120211,2031
2021-05-26,Santa Cruz,87,273765,16150,16139,876,17015,207
2021-05-26,Shasta,89,179085,12301,12357,1635,13992,202
2021-05-26,Sierra,91,2930,55,54,14,68,0
2021-05-26,Siskiyou,93,43540,1908,1847,386,2233,18
2021-05-26,Solano,95,438530,32815,32831,561,33392,257
2021-05-26,Sonoma,97,501317,30086,30230,340,30570,321
2021-05-26,Stanislaus,99,539301,56099,56193,6185,62378,974
2021-05-26,Sutter,101,95872,9468,9495,92,9587,112
2021-05-26,Tehama,103,63373,5056,5054,609,5663,63
2021-05-26,Trinity,105,12862,361,328,63,391,3
2021-05-26,Tulare,107,460477,49569,49352,9538,58890,839
2021-05-26,Tuolumne,109,53932,4074,4088,36,4124,66
2021-05-26,Ventura,111,848112,80993,80944,3102,84046,1023
2021-05-26,Yolo,113,214977,14034,14025,336,14361,213
2021-05-26,Yuba,115,75493,6051,6036,126,6162,49
2021-05-25,Alameda,1,1643700,88107,88237,2046,90283,1263
2021-05-25,Alpine,3,1148,88,88,0,88,0
2021-05-25,Amador,5,37829,3678,3676,35,3711,46
2021-05-25,Butte,7,227075,12459,12295,1901,14196,189
2021-05-25,Calaveras,9,45235,2167,2148,14,2162,55
2021-05-25,Colusa,11,21464,1940,1949,320,2269,15
2021-05-25,Contra Costa,13,1133247,69503,69167,1335,70502,809
2021-05-25,Del Norte,15,27424,1393,1385,7,1392,8
2021-05-25,El Dorado,17,186661,10242,10240,767,11007,112
2021-05-25,Fresno,19,978130,101937,102329,8997,111326,1701
2021-05-25,Glenn,21,27897,2418,2414,576,2990,17
2021-05-25,Humboldt,23,135768,4265,4231,35,4266,42
2021-05-25,Imperial,25,180216,28520,28586,2873,31459,735
2021-05-25,Inyo,27,18085,1403,1402,4,1406,36
2021-05-25,Kern,29,883053,96701,96319,11352,107671,1319
2021-05-25,Kings,31,150075,22956,22944,1192,24136,245
2021-05-25,Lake,33,64148,3521,3508,9,3517,44
2021-05-25,Lassen,35,31185,5198,5164,120,5284,6
2021-05-25,Los Angeles,37,10098052,1201784,1197940,43835,1241775,24212
2021-05-25,Madera,39,155013,16518,16519,959,17478,240
2021-05-25,Marin,41,260295,14047,14053,264,14317,227
2021-05-25,Mariposa,43,17540,431,427,11,438,5
2021-05-25,Mendocino,45,87422,3990,3928,76,4004,47
2021-05-25,Merced,47,269075,31020,31132,995,32127,455
2021-05-25,Modoc,49,8938,376,367,129,496,3
2021-05-25,Mono,51,14174,1250,1274,13,1287,3
2021-05-25,Monterey,53,433212,43029,43012,1928,44940,379
2021-05-25,Napa,55,140530,9905,9926,33,9959,82
2021-05-25,Nevada,57,99092,4814,4795,196,4991,70
2021-05-25,Orange,59,3164182,254481,254321,11703,266024,5057
2021-05-25,Placer,61,380077,23189,22920,1560,24480,292
2021-05-25,Plumas,63,18699,703,684,12,696,4
2021-05-25,Riverside,65,2383286,291101,288725,14753,303478,4443
2021-05-25,Sacramento,67,1510023,105995,105828,1815,107643,1633
2021-05-25,San Benito,69,59416,6059,6073,119,6192,63
2021-05-25,San Bernardino,71,2135413,292696,292485,9050,301535,4755
2021-05-25,San Diego,73,3302833,280346,279786,0,279786,3753
2021-05-25,San Francisco,75,870044,36648,36939,1386,38325,546
2021-05-25,San Joaquin,77,732212,72926,72628,3737,76365,1387
2021-05-25,San Luis Obispo,79,281455,21199,21153,781,21934,256
2021-05-25,San Mateo,81,765935,42320,42268,481,42749,435
2021-05-25,Santa Barbara,83,443738,34415,34337,1247,35584,459
2021-05-25,Santa Clara,85,1922200,118049,119393,789,120182,2032
2021-05-25,Santa Cruz,87,273765,16145,16141,876,17017,207
2021-05-25,Shasta,89,179085,12291,12328,1632,13960,202
2021-05-25,Sierra,91,2930,54,54,14,68,0
2021-05-25,Siskiyou,93,43540,1907,1845,385,2230,18
2021-05-25,Solano,95,438530,32797,32817,560,33377,256
2021-05-25,Sonoma,97,501317,30057,30207,339,30546,321
2021-05-25,Stanislaus,99,539301,56062,56168,6183,62351,974
2021-05-25,Sutter,101,95872,9464,9495,92,9587,112
2021-05-25,Tehama,103,63373,5054,5048,608,5656,63
2021-05-25,Trinity,105,12862,361,328,62,390,3
2021-05-25,Tulare,107,460477,49559,49326,9530,58856,838
2021-05-25,Tuolumne,109,53932,4074,4084,36,4120,66
2021-05-25,Ventura,111,848112,80975,80905,3102,84007,1022
2021-05-25,Yolo,113,214977,14027,14018,334,14352,213
2021-05-25,Yuba,115,75493,6044,6028,126,6154,49
2021-05-24,Alameda,1,1643700,88044,88182,2045,90227,1263
2021-05-24,Alpine,3,1148,88,88,0,88,0
2021-05-24,Amador,5,37829,3676,3675,35,3710,46
2021-05-24,Butte,7,227075,12446,12279,1898,14177,189
2021-05-24,Calaveras,9,45235,2166,2146,14,2160,54
2021-05-24,Colusa,11,21464,1940,1949,320,2269,15
2021-05-24,Contra Costa,13,1133247,69464,69107,1331,70438,809
2021-05-24,Del Norte,15,27424,1392,1384,7,1391,8
2021-05-24,El Dorado,17,186661,10232,10227,766,10993,112
2021-05-24,Fresno,19,978130,101897,102289,8995,111284,1698
2021-05-24,Glenn,21,27897,2418,2413,576,2989,17
2021-05-24,Humboldt,23,135768,4258,4225,35,4260,42
2021-05-24,Imperial,25,180216,28518,28575,2873,31448,735
2021-05-24,Inyo,27,18085,1403,1402,4,1406,36
2021-05-24,Kern,29,883053,96674,96296,11347,107643,1319
2021-05-24,Kings,31,150075,22952,22940,1192,24132,246
2021-05-24,Lake,33,64148,3519,3506,9,3515,43
2021-05-24,Lassen,35,31185,5194,5163,120,5283,6
2021-05-24,Los Angeles,37,10098052,1201612,1197782,43820,1241602,24201
2021-05-24,Madera,39,155013,16515,16513,958,17471,239
2021-05-24,Marin,41,260295,14045,14051,264,14315,227
2021-05-24,Mariposa,43,17540,430,427,11,438,5
2021-05-24,Mendocino,45,87422,3988,3919,76,3995,47
2021-05-24,Merced,47,269075,31010,31128,994,32122,455
2021-05-24,Modoc,49,8938,376,366,128,494,3
2021-05-24,Mono,51,14174,1250,1270,13,1283,3
2021-05-24,Monterey,53,433212,43024,43005,1927,44932,379
2021-05-24,Napa,55,140530,9905,9924,33,9957,82
2021-05-24,Nevada,57,99092,4811,4790,196,4986,70
2021-05-24,Orange,59,3164182,254447,254287,11693,265980,5056
2021-05-24,Placer,61,380077,23169,22895,1559,24454,292
2021-05-24,Plumas,63,18699,702,683,12,695,4
2021-05-24,Riverside,65,2383286,291048,288669,14742,303411,4442
2021-05-24,Sacramento,67,1510023,105880,105716,1814,107530,1632
2021-05-24,San Benito,69,59416,6059,6072,119,6191,63
2021-05-24,San Bernardino,71,2135413,292658,292343,9049,301392,4747
2021-05-24,San Diego,73,3302833,280237,279715,0,279715,3749
2021-05-24,San Francisco,75,870044,36629,36934,1385,38319,547
2021-05-24,San Joaquin,77,732212,72894,72586,3736,76322,1371
2021-05-24,San Luis Obispo,79,281455,21181,21146,780,21926,256
2021-05-24,San Mateo,81,765935,42311,42249,481,42730,433
2021-05-24,Santa Barbara,83,443738,34410,34322,1247,35569,459
2021-05-24,Santa Clara,85,1922200,118017,119358,789,120147,2030
2021-05-24,Santa Cruz,87,273765,16140,16135,876,17011,207
2021-05-24,Shasta,89,179085,12275,12315,1629,13944,201
2021-05-24,Sierra,91,2930,54,54,14,68,0
2021-05-24,Siskiyou,93,43540,1904,1840,385,2225,17
2021-05-24,Solano,95,438530,32773,32792,559,33351,254
2021-05-24,Sonoma,97,501317,30042,30187,339,30526,321
2021-05-24,Stanislaus,99,539301,56028,56128,6179,62307,974
2021-05-24,Sutter,101,95872,9458,9486,92,9578,113
2021-05-24,Tehama,103,63373,5051,5043,606,5649,63
2021-05-24,Trinity,105,12862,361,328,62,390,3
2021-05-24,Tulare,107,460477,49552,49318,9526,58844,838
2021-05-24,Tuolumne,109,53932,4074,4083,36,4119,65
2021-05-24,Ventura,111,848112,80962,80876,3100,83976,1022
2021-05-24,Yolo,113,214977,14010,14012,331,14343,213
2021-05-24,Yuba,115,75493,6035,6022,126,6148,49
2021-05-23,Alameda,1,1643700,87971,88157,2042,90199,1263
2021-05-23,Alpine,3,1148,88,88,0,88,0
2021-05-23,Amador,5,37829,3675,3673,35,3708,46
2021-05-23,Butte,7,227075,12432,12271,1897,14168,189
2021-05-23,Calaveras,9,45235,2156,2144,14,2158,54
2021-05-23,Colusa,11,21464,1940,1949,318,2267,15
2021-05-23,Contra Costa,13,1133247,69418,69075,1329,70404,809
2021-05-23,Del Norte,15,27424,1388,1383,7,1390,8
2021-05-23,El Dorado,17,186661,10226,10222,766,10988,112
2021-05-23,Fresno,19,978130,101853,102270,8990,111260,1698
2021-05-23,Glenn,21,27897,2416,2413,576,2989,17
2021-05-23,Humboldt,23,135768,4240,4216,35,4251,42
2021-05-23,Imperial,25,180216,28512,28569,2872,31441,735
2021-05-23,Inyo,27,18085,1403,1402,4,1406,36
2021-05-23,Kern,29,883053,96652,96282,11338,107620,1319
2021-05-23,Kings,31,150075,22939,22939,1190,24129,246
2021-05-23,Lake,33,64148,3516,3504,9,3513,43
2021-05-23,Lassen,35,31185,5190,5163,119,5282,6
2021-05-23,Los Angeles,37,10098052,1201431,1197633,43806,1241439,24197
2021-05-23,Madera,39,155013,16510,16504,957,17461,239
2021-05-23,Marin,41,260295,14036,14048,264,14312,227
2021-05-23,Mariposa,43,17540,430,427,11,438,5
2021-05-23,Mendocino,45,87422,3982,3913,75,3988,47
2021-05-23,Merced,47,269075,31000,31118,994,32112,455
2021-05-23,Modoc,49,8938,372,366,128,494,3
2021-05-23,Mono,51,14174,1249,1270,13,1283,3
2021-05-23,Monterey,53,433212,43014,43003,1927,44930,379
2021-05-23,Napa,55,140530,9901,9923,33,9956,82
2021-05-23,Nevada,57,99092,4801,4790,196,4986,70
2021-05-23,Orange,59,3164182,254409,254277,11686,265963,5050
2021-05-23,Placer,61,380077,23150,22888,1559,24447,292
2021-05-23,Plumas,63,18699,701,683,12,695,4
2021-05-23,Riverside,65,2383286,290981,288641,14738,303379,4442
2021-05-23,Sacramento,67,1510023,105763,105663,1812,107475,1632
2021-05-23,San Benito,69,59416,6058,6072,119,6191,63
2021-05-23,San Bernardino,71,2135413,292604,292327,9047,301374,4747
2021-05-23,San Diego,73,3302833,280147,279690,0,279690,3751
2021-05-23,San Francisco,75,870044,36618,36927,1384,38311,547
2021-05-23,San Joaquin,77,732212,72845,72571,3734,76305,1371
2021-05-23,San Luis Obispo,79,281455,21171,21141,779,21920,256
2021-05-23,San Mateo,81,765935,42294,42248,481,42729,433
2021-05-23,Santa Barbara,83,443738,34403,34319,1247,35566,459
2021-05-23,Santa Clara,85,1922200,117993,119333,789,120122,2030
2021-05-23,Santa Cruz,87,273765,16137,16130,876,17006,207
2021-05-23,Shasta,89,179085,12258,12313,1626,13939,201
2021-05-23,Sierra,91,2930,54,54,14,68,0
2021-05-23,Siskiyou,93,43540,1899,1826,378,2204,17
2021-05-23,Solano,95,438530,32755,32780,558,33338,254
2021-05-23,Sonoma,97,501317,30012,30168,338,30506,321
2021-05-23,Stanislaus,99,539301,55977,56104,6176,62280,974
2021-05-23,Sutter,101,95872,9449,9479,92,9571,113
2021-05-23,Tehama,103,63373,5044,5041,604,5645,63
2021-05-23,Trinity,105,12862,361,328,62,390,3
2021-05-23,Tulare,107,460477,49537,49310,9522,58832,838
2021-05-23,Tuolumne,109,53932,4071,4081,36,4117,65
2021-05-23,Ventura,111,848112,80932,80872,3099,83971,1022
2021-05-23,Yolo,113,214977,13998,14004,328,14332,213
2021-05-23,Yuba,115,75493,6030,6017,126,6143,49
2021-05-22,Alameda,1,1643700,87946,88101,2041,90142,1263
2021-05-22,Alpine,3,1148,88,88,0,88,0
2021-05-22,Amador,5,37829,3674,3672,35,3707,46
2021-05-22,Butte,7,227075,12420,12265,1896,14161,189
2021-05-22,Calaveras,9,45235,2154,2141,14,2155,54
2021-05-22,Colusa,11,21464,1936,1949,317,2266,15
2021-05-22,Contra Costa,13,1133247,69385,69004,1328,70332,809
2021-05-22,Del Norte,15,27424,1387,1381,7,1388,8
2021-05-22,El Dorado,17,186661,10221,10215,766,10981,112
2021-05-22,Fresno,19,978130,101839,102238,8988,111226,1698
2021-05-22,Glenn,21,27897,2416,2412,576,2988,17
2021-05-22,Humboldt,23,135768,4231,4194,34,4228,42
2021-05-22,Imperial,25,180216,28503,28574,2872,31446,735
2021-05-22,Inyo,27,18085,1403,1402,4,1406,36
2021-05-22,Kern,29,883053,96640,96260,11331,107591,1319
2021-05-22,Kings,31,150075,22939,22936,1190,24126,246
2021-05-22,Lake,33,64148,3513,3502,9,3511,43
2021-05-22,Lassen,35,31185,5190,5163,119,5282,6
2021-05-22,Los Angeles,37,10098052,1201325,1197454,43797,1241251,24192
2021-05-22,Madera,39,155013,16507,16503,957,17460,239
2021-05-22,Marin,41,260295,14033,14043,264,14307,227
2021-05-22,Mariposa,43,17540,430,427,11,438,5
2021-05-22,Mendocino,45,87422,3976,3908,75,3983,47
2021-05-22,Merced,47,269075,30990,31099,994,32093,455
2021-05-22,Modoc,49,8938,372,366,128,494,3
2021-05-22,Mono,51,14174,1247,1270,13,1283,3
2021-05-22,Monterey,53,433212,43008,42998,1927,44925,379
2021-05-22,Napa,55,140530,9899,9918,33,9951,82
2021-05-22,Nevada,57,99092,4794,4787,195,4982,70
2021-05-22,Orange,59,3164182,254388,254238,11680,265918,5048
2021-05-22,Placer,61,380077,23136,22865,1558,24423,292
2021-05-22,Plumas,63,18699,700,683,12,695,4
2021-05-22,Riverside,65,2383286,290951,288580,14737,303317,4442
2021-05-22,Sacramento,67,1510023,105690,105551,1809,107360,1632
2021-05-22,San Benito,69,59416,6058,6071,119,6190,63
2021-05-22,San Bernardino,71,2135413,292581,292292,9047,301339,4747
2021-05-22,San Diego,73,3302833,280088,279614,0,279614,3751
2021-05-22,San Francisco,75,870044,36608,36906,1382,38288,547
2021-05-22,San Joaquin,77,732212,72823,72528,3731,76259,1371
2021-05-22,San Luis Obispo,79,281455,21163,21134,778,21912,256
2021-05-22,San Mateo,81,765935,42284,42218,481,42699,433
2021-05-22,Santa Barbara,83,443738,34399,34313,1246,35559,459
2021-05-22,Santa Clara,85,1922200,117970,119292,789,120081,2030
2021-05-22,Santa Cruz,87,273765,16137,16125,876,17001,207
2021-05-22,Shasta,89,179085,12252,12307,1623,13930,201
2021-05-22,Sierra,91,2930,54,54,14,68,0
2021-05-22,Siskiyou,93,43540,1898,1824,377,2201,17
2021-05-22,Solano,95,438530,32742,32753,558,33311,254
2021-05-22,Sonoma,97,501317,29998,30154,338,30492,321
2021-05-22,Stanislaus,99,539301,55952,56069,6174,62243,974
2021-05-22,Sutter,101,95872,9444,9476,92,9568,113
2021-05-22,Tehama,103,63373,5043,5036,604,5640,63
2021-05-22,Trinity,105,12862,361,328,62,390,3
2021-05-22,Tulare,107,460477,49531,49299,9517,58816,838
2021-05-22,Tuolumne,109,53932,4071,4078,36,4114,65
2021-05-22,Ventura,111,848112,80928,80859,3099,83958,1022
2021-05-22,Yolo,113,214977,13996,13997,328,14325,213
2021-05-22,Yuba,115,75493,6027,6010,126,6136,49
2021-05-21,Alameda,1,1643700,87919,88041,2040,90081,1263
2021-05-21,Alpine,3,1148,88,88,0,88,0
2021-05-21,Amador,5,37829,3671,3672,35,3707,46
2021-05-21,Butte,7,227075,12414,12236,1894,14130,188
2021-05-21,Calaveras,9,45235,2152,2138,14,2152,54
2021-05-21,Colusa,11,21464,1936,1947,317,2264,15
2021-05-21,Contra Costa,13,1133247,69342,68965,1327,70292,810
2021-05-21,Del Norte,15,27424,1386,1376,7,1383,8
2021-05-21,El Dorado,17,186661,10217,10204,766,10970,112
2021-05-21,Fresno,19,978130,101811,102189,8986,111175,1698
2021-05-21,Glenn,21,27897,2416,2408,576,2984,17
2021-05-21,Humboldt,23,135768,4224,4175,34,4209,42
2021-05-21,Imperial,25,180216,28496,28572,2871,31443,732
2021-05-21,Inyo,27,18085,1403,1402,4,1406,36
2021-05-21,Kern,29,883053,96626,96233,11324,107557,1318
2021-05-21,Kings,31,150075,22939,22927,1190,24117,246
2021-05-21,Lake,33,64148,3511,3500,9,3509,43
2021-05-21,Lassen,35,31185,5189,5161,119,5280,6
2021-05-21,Los Angeles,37,10098052,1201216,1197263,43788,1241051,24180
2021-05-21,Madera,39,155013,16506,16500,956,17456,238
2021-05-21,Marin,41,260295,14028,14042,264,14306,227
2021-05-21,Mariposa,43,17540,429,427,11,438,5
2021-05-21,Mendocino,45,87422,3970,3897,75,3972,47
2021-05-21,Merced,47,269075,30982,31076,994,32070,455
2021-05-21,Modoc,49,8938,372,365,128,493,3
2021-05-21,Mono,51,14174,1247,1269,13,1282,3
2021-05-21,Monterey,53,433212,43006,42995,1927,44922,379
2021-05-21,Napa,55,140530,9895,9913,33,9946,82
2021-05-21,Nevada,57,99092,4793,4779,195,4974,70
2021-05-21,Orange,59,3164182,254369,254171,11678,265849,5042
2021-05-21,Placer,61,380077,23128,22853,1558,24411,292
2021-05-21,Plumas,63,18699,700,683,11,694,4
2021-05-21,Riverside,65,2383286,290924,288499,14730,303229,4442
2021-05-21,Sacramento,67,1510023,105623,105476,1806,107282,1632
2021-05-21,San Benito,69,59416,6058,6068,119,6187,63
2021-05-21,San Bernardino,71,2135413,292552,292205,9044,301249,4744
2021-05-21,San Diego,73,3302833,280017,279554,0,279554,3748
2021-05-21,San Francisco,75,870044,36602,36879,1382,38261,546
2021-05-21,San Joaquin,77,732212,72804,72467,3729,76196,1371
2021-05-21,San Luis Obispo,79,281455,21157,21128,775,21903,256
2021-05-21,San Mateo,81,765935,42271,42163,480,42643,432
2021-05-21,Santa Barbara,83,443738,34394,34302,1246,35548,459
2021-05-21,Santa Clara,85,1922200,117943,119247,789,120036,2029
2021-05-21,Santa Cruz,87,273765,16133,16120,876,16996,207
2021-05-21,Shasta,89,179085,12235,12289,1621,13910,201
2021-05-21,Sierra,91,2930,54,54,14,68,0
2021-05-21,Siskiyou,93,43540,1897,1815,377,2192,16
2021-05-21,Solano,95,438530,32727,32742,558,33300,254
2021-05-21,Sonoma,97,501317,29984,30126,338,30464,321
2021-05-21,Stanislaus,99,539301,55920,56036,6172,62208,975
2021-05-21,Sutter,101,95872,9442,9470,92,9562,113
2021-05-21,Tehama,103,63373,5037,5030,604,5634,63
2021-05-21,Trinity,105,12862,361,329,61,390,3
2021-05-21,Tulare,107,460477,49526,49271,9515,58786,838
2021-05-21,Tuolumne,109,53932,4069,4079,36,4115,65
2021-05-21,Ventura,111,848112,80920,80821,3096,83917,1021
2021-05-21,Yolo,113,214977,13989,13983,328,14311,213
2021-05-21,Yuba,115,75493,6021,6006,126,6132,49
2021-05-20,Alameda,1,1643700,87872,87975,2039,90014,1264
2021-05-20,Alpine,3,1148,88,88,0,88,0
2021-05-20,Amador,5,37829,3670,3671,35,3706,46
2021-05-20,Butte,7,227075,12407,12220,1891,14111,188
2021-05-20,Calaveras,9,45235,2148,2138,14,2152,54
2021-05-20,Colusa,11,21464,1935,1946,315,2261,15
2021-05-20,Contra Costa,13,1133247,69297,68913,1325,70238,809
2021-05-20,Del Norte,15,27424,1386,1373,7,1380,8
2021-05-20,El Dorado,17,186661,10208,10188,766,10954,112
2021-05-20,Fresno,19,978130,101791,102135,8984,111119,1696
2021-05-20,Glenn,21,27897,2413,2406,576,2982,17
2021-05-20,Humboldt,23,135768,4207,4162,34,4196,42
2021-05-20,Imperial,25,180216,28491,28551,2871,31422,732
2021-05-20,Inyo,27,18085,1403,1402,4,1406,36
2021-05-20,Kern,29,883053,96605,96204,11317,107521,1317
2021-05-20,Kings,31,150075,22937,22922,1190,24112,246
2021-05-20,Lake,33,64148,3508,3500,9,3509,43
2021-05-20,Lassen,35,31185,5187,5160,118,5278,6
2021-05-20,Los Angeles,37,10098052,1201061,1197073,43777,1240850,24168
2021-05-20,Madera,39,155013,16500,16499,954,17453,238
2021-05-20,Marin,41,260295,14024,14036,263,14299,227
2021-05-20,Mariposa,43,17540,429,426,11,437,5
2021-05-20,Mendocino,45,87422,3963,3897,75,3972,47
2021-05-20,Merced,47,269075,30969,31046,993,32039,454
2021-05-20,Modoc,49,8938,372,365,128,493,3
2021-05-20,Mono,51,14174,1246,1269,13,1282,3
2021-05-20,Monterey,53,433212,43000,42984,1926,44910,379
2021-05-20,Napa,55,140530,9892,9913,33,9946,82
2021-05-20,Nevada,57,99092,4792,4775,195,4970,70
2021-05-20,Orange,59,3164182,254328,254127,11675,265802,5038
2021-05-20,Placer,61,380077,23116,22823,1556,24379,292
2021-05-20,Plumas,63,18699,698,682,11,693,4
2021-05-20,Riverside,65,2383286,290879,288453,14725,303178,4442
2021-05-20,Sacramento,67,1510023,105528,105414,1802,107216,1629
2021-05-20,San Benito,69,59416,6057,6067,119,6186,63
2021-05-20,San Bernardino,71,2135413,292506,292153,9043,301196,4728
2021-05-20,San Diego,73,3302833,279929,279490,0,279490,3749
2021-05-20,San Francisco,75,870044,36593,36860,1382,38242,546
2021-05-20,San Joaquin,77,732212,72766,72388,3728,76116,1371
2021-05-20,San Luis Obispo,79,281455,21145,21095,773,21868,256
2021-05-20,San Mateo,81,765935,42257,42152,478,42630,432
2021-05-20,Santa Barbara,83,443738,34390,34293,1246,35539,459
2021-05-20,Santa Clara,85,1922200,117922,119222,789,120011,2029
2021-05-20,Santa Cruz,87,273765,16128,16119,876,16995,207
2021-05-20,Shasta,89,179085,12223,12266,1617,13883,200
2021-05-20,Sierra,91,2930,54,54,14,68,0
2021-05-20,Siskiyou,93,43540,1890,1811,376,2187,16
2021-05-20,Solano,95,438530,32712,32725,558,33283,253
2021-05-20,Sonoma,97,501317,29967,30107,337,30444,321
2021-05-20,Stanislaus,99,539301,55888,55979,6170,62149,970
2021-05-20,Sutter,101,95872,9438,9467,92,9559,113
2021-05-20,Tehama,103,63373,5035,5029,604,5633,63
2021-05-20,Trinity,105,12862,361,329,60,389,3
2021-05-20,Tulare,107,460477,49515,49217,9512,58729,837
2021-05-20,Tuolumne,109,53932,4068,4077,36,4113,65
2021-05-20,Ventura,111,848112,80909,80800,3096,83896,1019
2021-05-20,Yolo,113,214977,13984,13973,328,14301,211
2021-05-20,Yuba,115,75493,6012,6002,126,6128,49
2021-05-19,Alameda,1,1643700,87831,87889,2037,89926,1260
2021-05-19,Alpine,3,1148,88,88,0,88,0
2021-05-19,Amador,5,37829,3670,3669,35,3704,46
2021-05-19,Butte,7,227075,12397,12198,1891,14089,188
2021-05-19,Calaveras,9,45235,2144,2132,14,2146,54
2021-05-19,Colusa,11,21464,1935,1945,313,2258,15
2021-05-19,Contra Costa,13,1133247,69250,68836,1325,70161,808
2021-05-19,Del Norte,15,27424,1384,1371,7,1378,8
2021-05-19,El Dorado,17,186661,10203,10179,765,10944,112
2021-05-19,Fresno,19,978130,101762,102085,8980,111065,1693
2021-05-19,Glenn,21,27897,2413,2404,576,2980,17
2021-05-19,Humboldt,23,135768,4197,4143,34,4177,42
2021-05-19,Imperial,25,180216,28482,28550,2871,31421,732
2021-05-19,Inyo,27,18085,1403,1402,4,1406,36
2021-05-19,Kern,29,883053,96578,96173,11309,107482,1316
2021-05-19,Kings,31,150075,22931,22919,1190,24109,246
2021-05-19,Lake,33,64148,3508,3497,9,3506,43
2021-05-19,Lassen,35,31185,5186,5157,118,5275,6
2021-05-19,Los Angeles,37,10098052,1200870,1196856,43762,1240618,24143
2021-05-19,Madera,39,155013,16497,16496,954,17450,238
2021-05-19,Marin,41,260295,14020,14033,261,14294,227
2021-05-19,Mariposa,43,17540,429,425,11,436,5
2021-05-19,Mendocino,45,87422,3959,3886,75,3961,47
2021-05-19,Merced,47,269075,30953,31044,993,32037,452
2021-05-19,Modoc,49,8938,372,364,126,490,3
2021-05-19,Mono,51,14174,1246,1266,13,1279,3
2021-05-19,Monterey,53,433212,42995,42973,1925,44898,379
2021-05-19,Napa,55,140530,9889,9906,33,9939,82
2021-05-19,Nevada,57,99092,4790,4769,195,4964,70
2021-05-19,Orange,59,3164182,254293,254087,11666,265753,5035
2021-05-19,Placer,61,380077,23098,22784,1550,24334,291
2021-05-19,Plumas,63,18699,698,682,11,693,4
2021-05-19,Riverside,65,2383286,290834,288398,14723,303121,4442
2021-05-19,Sacramento,67,1510023,105451,105225,1801,107026,1629
2021-05-19,San Benito,69,59416,6056,6064,119,6183,63
2021-05-19,San Bernardino,71,2135413,292460,292078,9040,301118,4725
2021-05-19,San Diego,73,3302833,279845,279345,0,279345,3746
2021-05-19,San Francisco,75,870044,36580,36835,1381,38216,546
2021-05-19,San Joaquin,77,732212,72723,72338,3723,76061,1369
2021-05-19,San Luis Obispo,79,281455,21137,21085,772,21857,256
2021-05-19,San Mateo,81,765935,42250,42126,478,42604,429
2021-05-19,Santa Barbara,83,443738,34382,34292,1246,35538,459
2021-05-19,Santa Clara,85,1922200,117883,119176,788,119964,2015
2021-05-19,Santa Cruz,87,273765,16124,16121,875,16996,207
2021-05-19,Shasta,89,179085,12205,12233,1613,13846,200
2021-05-19,Sierra,91,2930,54,54,14,68,0
2021-05-19,Siskiyou,93,43540,1887,1803,375,2178,16
2021-05-19,Solano,95,438530,32685,32678,556,33234,253
2021-05-19,Sonoma,97,501317,29954,30080,337,30417,321
2021-05-19,Stanislaus,99,539301,55866,55912,6165,62077,967
2021-05-19,Sutter,101,95872,9431,9459,91,9550,113
2021-05-19,Tehama,103,63373,5027,5026,601,5627,63
2021-05-19,Trinity,105,12862,361,329,60,389,3
2021-05-19,Tulare,107,460477,49503,49163,9507,58670,837
2021-05-19,Tuolumne,109,53932,4068,4074,36,4110,64
2021-05-19,Ventura,111,848112,80893,80747,3095,83842,1019
2021-05-19,Yolo,113,214977,13979,13961,327,14288,211
2021-05-19,Yuba,115,75493,6008,5993,126,6119,49
2021-05-18,Alameda,1,1643700,87758,87816,2037,89853,1254
2021-05-18,Alpine,3,1148,88,88,0,88,0
2021-05-18,Amador,5,37829,3670,3669,35,3704,46
2021-05-18,Butte,7,227075,12385,12164,1888,14052,191
2021-05-18,Calaveras,9,45235,2140,2131,14,2145,54
2021-05-18,Colusa,11,21464,1935,1943,313,2256,14
2021-05-18,Contra Costa,13,1133247,69193,68750,1324,70074,808
2021-05-18,Del Norte,15,27424,1381,1371,7,1378,8
2021-05-18,El Dorado,17,186661,10192,10169,764,10933,112
2021-05-18,Fresno,19,978130,101726,102056,8977,111033,1690
2021-05-18,Glenn,21,27897,2407,2403,575,2978,17
2021-05-18,Humboldt,23,135768,4179,4132,34,4166,42
2021-05-18,Imperial,25,180216,28476,28538,2869,31407,730
2021-05-18,Inyo,27,18085,1403,1401,4,1405,36
2021-05-18,Kern,29,883053,96544,96128,11295,107423,1315
2021-05-18,Kings,31,150075,22925,22916,1190,24106,247
2021-05-18,Lake,33,64148,3506,3495,9,3504,43
2021-05-18,Lassen,35,31185,5185,5157,117,5274,6
2021-05-18,Los Angeles,37,10098052,1200693,1196668,43749,1240417,24133
2021-05-18,Madera,39,155013,16490,16491,954,17445,238
2021-05-18,Marin,41,260295,14017,14026,261,14287,227
2021-05-18,Mariposa,43,17540,429,424,11,435,5
2021-05-18,Mendocino,45,87422,3948,3877,75,3952,47
2021-05-18,Merced,47,269075,30935,31036,993,32029,452
2021-05-18,Modoc,49,8938,371,364,126,490,3
2021-05-18,Mono,51,14174,1245,1265,13,1278,3
2021-05-18,Monterey,53,433212,42989,43001,1925,44926,379
2021-05-18,Napa,55,140530,9889,9905,33,9938,82
2021-05-18,Nevada,57,99092,4783,4762,195,4957,70
2021-05-18,Orange,59,3164182,254252,254041,11656,265697,5031
2021-05-18,Placer,61,380077,23066,22726,1546,24272,291
2021-05-18,Plumas,63,18699,698,682,11,693,4
2021-05-18,Riverside,65,2383286,290782,288354,14716,303070,4438
2021-05-18,Sacramento,67,1510023,105353,105083,1799,106882,1629
2021-05-18,San Benito,69,59416,6055,6065,119,6184,63
2021-05-18,San Bernardino,71,2135413,292411,292014,9035,301049,4722
2021-05-18,San Diego,73,3302833,279738,279254,0,279254,3742
2021-05-18,San Francisco,75,870044,36560,36818,1381,38199,546
2021-05-18,San Joaquin,77,732212,72677,72282,3719,76001,1368
2021-05-18,San Luis Obispo,79,281455,21127,21080,770,21850,256
2021-05-18,San Mateo,81,765935,42239,42099,477,42576,428
2021-05-18,Santa Barbara,83,443738,34373,34278,1246,35524,459
2021-05-18,Santa Clara,85,1922200,117856,119171,788,119959,2014
2021-05-18,Santa Cruz,87,273765,16116,16137,875,17012,207
2021-05-18,Shasta,89,179085,12187,12197,1607,13804,200
2021-05-18,Sierra,91,2930,54,54,14,68,0
2021-05-18,Siskiyou,93,43540,1886,1799,375,2174,16
2021-05-18,Solano,95,438530,32660,32644,556,33200,253
2021-05-18,Sonoma,97,501317,29933,30054,336,30390,321
2021-05-18,Stanislaus,99,539301,55828,55860,6165,62025,959
2021-05-18,Sutter,101,95872,9423,9453,91,9544,113
2021-05-18,Tehama,103,63373,5023,5020,598,5618,63
2021-05-18,Trinity,105,12862,361,329,59,388,3
2021-05-18,Tulare,107,460477,49495,49142,9502,58644,836
2021-05-18,Tuolumne,109,53932,4066,4073,36,4109,64
2021-05-18,Ventura,111,848112,80878,80726,3092,83818,1017
2021-05-18,Yolo,113,214977,13972,13951,326,14277,211
2021-05-18,Yuba,115,75493,6004,5989,125,6114,49
2021-05-17,Alameda,1,1643700,87705,87766,2034,89800,1253
2021-05-17,Alpine,3,1148,88,88,0,88,0
2021-05-17,Amador,5,37829,3667,3668,35,3703,46
2021-05-17,Butte,7,227075,12377,12144,1888,14032,192
2021-05-17,Calaveras,9,45235,2140,2131,14,2145,53
2021-05-17,Colusa,11,21464,1935,1943,313,2256,14
2021-05-17,Contra Costa,13,1133247,69138,68720,1323,70043,805
2021-05-17,Del Norte,15,27424,1376,1369,7,1376,8
2021-05-17,El Dorado,17,186661,10175,10163,764,10927,112
2021-05-17,Fresno,19,978130,101683,102013,8970,110983,1690
2021-05-17,Glenn,21,27897,2407,2401,575,2976,17
2021-05-17,Humboldt,23,135768,4168,4112,34,4146,42
2021-05-17,Imperial,25,180216,28471,28533,2867,31400,729
2021-05-17,Inyo,27,18085,1403,1401,4,1405,36
2021-05-17,Kern,29,883053,96515,96095,11278,107373,1315
2021-05-17,Kings,31,150075,22922,22918,1190,24108,246
2021-05-17,Lake,33,64148,3501,3489,9,3498,43
2021-05-17,Lassen,35,31185,5182,5156,116,5272,6
2021-05-17,Los Angeles,37,10098052,1200521,1196556,43743,1240299,24123
2021-05-17,Madera,39,155013,16487,16486,954,17440,238
2021-05-17,Marin,41,260295,14011,14021,261,14282,227
2021-05-17,Mariposa,43,17540,428,423,11,434,5
2021-05-17,Mendocino,45,87422,3939,3868,75,3943,46
2021-05-17,Merced,47,269075,30919,31031,993,32024,450
2021-05-17,Modoc,49,8938,370,362,126,488,3
2021-05-17,Mono,51,14174,1241,1265,13,1278,3
2021-05-17,Monterey,53,433212,42982,42995,1925,44920,379
2021-05-17,Napa,55,140530,9888,9894,33,9927,82
2021-05-17,Nevada,57,99092,4779,4761,194,4955,70
2021-05-17,Orange,59,3164182,254207,253993,11649,265642,5031
2021-05-17,Placer,61,380077,23041,22706,1539,24245,289
2021-05-17,Plumas,63,18699,698,682,11,693,4
2021-05-17,Riverside,65,2383286,290717,288304,14712,303016,4433
2021-05-17,Sacramento,67,1510023,105247,105035,1797,106832,1629
2021-05-17,San Benito,69,59416,6052,6067,119,6186,63
2021-05-17,San Bernardino,71,2135413,292364,291989,9028,301017,4724
2021-05-17,San Diego,73,3302833,279606,279146,0,279146,3742
2021-05-17,San Francisco,75,870044,36548,36816,1379,38195,546
2021-05-17,San Joaquin,77,732212,72639,72234,3716,75950,1359
2021-05-17,San Luis Obispo,79,281455,21118,21079,768,21847,256
2021-05-17,San Mateo,81,765935,42211,42083,477,42560,428
2021-05-17,Santa Barbara,83,443738,34366,34275,1246,35521,459
2021-05-17,Santa Clara,85,1922200,117819,119116,786,119902,2015
2021-05-17,Santa Cruz,87,273765,16113,16151,875,17026,206
2021-05-17,Shasta,89,179085,12165,12163,1606,13769,200
2021-05-17,Sierra,91,2930,54,54,14,68,0
2021-05-17,Siskiyou,93,43540,1877,1795,372,2167,15
2021-05-17,Solano,95,438530,32642,32627,556,33183,253
2021-05-17,Sonoma,97,501317,29911,30043,336,30379,321
2021-05-17,Stanislaus,99,539301,55777,55839,6158,61997,951
2021-05-17,Sutter,101,95872,9416,9447,91,9538,113
2021-05-17,Tehama,103,63373,5020,5016,597,5613,63
2021-05-17,Trinity,105,12862,361,328,59,387,3
2021-05-17,Tulare,107,460477,49473,49107,9495,58602,836
2021-05-17,Tuolumne,109,53932,4066,4071,36,4107,64
2021-05-17,Ventura,111,848112,80858,80699,3092,83791,1017
2021-05-17,Yolo,113,214977,13966,13941,326,14267,211
2021-05-17,Yuba,115,75493,5996,5987,125,6112,49
2021-05-16,Alameda,1,1643700,87641,87743,2034,89777,1253
2021-05-16,Alpine,3,1148,88,88,0,88,0
2021-05-16,Amador,5,37829,3666,3667,35,3702,46
2021-05-16,Butte,7,227075,12363,12140,1888,14028,192
2021-05-16,Calaveras,9,45235,2138,2129,14,2143,53
2021-05-16,Colusa,11,21464,1933,1943,313,2256,14
2021-05-16,Contra Costa,13,1133247,69070,68694,1320,70014,805
2021-05-16,Del Norte,15,27424,1373,1365,7,1372,8
2021-05-16,El Dorado,17,186661,10159,10159,763,10922,112
2021-05-16,Fresno,19,978130,101639,101987,8965,110952,1690
2021-05-16,Glenn,21,27897,2407,2401,574,2975,17
2021-05-16,Humboldt,23,135768,4154,4104,34,4138,42
2021-05-16,Imperial,25,180216,28459,28516,2867,31383,729
2021-05-16,Inyo,27,18085,1403,1401,4,1405,36
2021-05-16,Kern,29,883053,96482,96083,11257,107340,1315
2021-05-16,Kings,31,150075,22918,22918,1187,24105,246
2021-05-16,Lake,33,64148,3498,3489,9,3498,43
2021-05-16,Lassen,35,31185,5181,5156,116,5272,6
2021-05-16,Los Angeles,37,10098052,1200303,1196397,43726,1240123,24120
2021-05-16,Madera,39,155013,16483,16483,951,17434,238
2021-05-16,Marin,41,260295,14008,14015,261,14276,227
2021-05-16,Mariposa,43,17540,428,423,11,434,5
2021-05-16,Mendocino,45,87422,3929,3863,75,3938,46
2021-05-16,Merced,47,269075,30896,31023,993,32016,450
2021-05-16,Modoc,49,8938,370,362,126,488,3
2021-05-16,Mono,51,14174,1241,1265,13,1278,3
2021-05-16,Monterey,53,433212,42977,42991,1925,44916,379
2021-05-16,Napa,55,140530,9885,9891,33,9924,82
2021-05-16,Nevada,57,99092,4775,4755,194,4949,70
2021-05-16,Orange,59,3164182,254175,253962,11646,265608,5031
2021-05-16,Placer,61,380077,23009,22696,1533,24229,289
2021-05-16,Plumas,63,18699,697,682,11,693,4
2021-05-16,Riverside,65,2383286,290646,288259,14702,302961,4433
2021-05-16,Sacramento,67,1510023,105132,105013,1795,106808,1628
2021-05-16,San Benito,69,59416,6051,6067,118,6185,63
2021-05-16,San Bernardino,71,2135413,292285,291940,9026,300966,4724
2021-05-16,San Diego,73,3302833,279488,279099,0,279099,3742
2021-05-16,San Francisco,75,870044,36527,36808,1378,38186,546
2021-05-16,San Joaquin,77,732212,72591,72218,3711,75929,1359
2021-05-16,San Luis Obispo,79,281455,21111,21072,767,21839,256
2021-05-16,San Mateo,81,765935,42199,42063,476,42539,428
2021-05-16,Santa Barbara,83,443738,34359,34270,1246,35516,459
2021-05-16,Santa Clara,85,1922200,117790,119098,785,119883,2015
2021-05-16,Santa Cruz,87,273765,16111,16143,875,17018,206
2021-05-16,Shasta,89,179085,12149,12156,1602,13758,200
2021-05-16,Sierra,91,2930,54,54,14,68,0
2021-05-16,Siskiyou,93,43540,1873,1790,371,2161,15
2021-05-16,Solano,95,438530,32608,32619,554,33173,253
2021-05-16,Sonoma,97,501317,29892,30033,336,30369,321
2021-05-16,Stanislaus,99,539301,55722,55814,6146,61960,951
2021-05-16,Sutter,101,95872,9409,9445,91,9536,113
2021-05-16,Tehama,103,63373,5016,5013,596,5609,63
2021-05-16,Trinity,105,12862,361,328,59,387,3
2021-05-16,Tulare,107,460477,49457,49091,9491,58582,837
2021-05-16,Tuolumne,109,53932,4062,4070,36,4106,64
2021-05-16,Ventura,111,848112,80827,80689,3092,83781,1017
2021-05-16,Yolo,113,214977,13951,13938,326,14264,211
2021-05-16,Yuba,115,75493,5993,5987,125,6112,49
2021-05-15,Alameda,1,1643700,87615,87677,2033,89710,1252
2021-05-15,Alpine,3,1148,88,88,0,88,0
2021-05-15,Amador,5,37829,3666,3666,35,3701,46
2021-05-15,Butte,7,227075,12356,12095,1887,13982,192
2021-05-15,Calaveras,9,45235,2137,2126,14,2140,53
2021-05-15,Colusa,11,21464,1933,1941,311,2252,14
2021-05-15,Contra Costa,13,1133247,69024,68658,1320,69978,805
2021-05-15,Del Norte,15,27424,1368,1359,7,1366,8
2021-05-15,El Dorado,17,186661,10147,10156,762,10918,112
2021-05-15,Fresno,19,978130,101603,101957,8962,110919,1690
2021-05-15,Glenn,21,27897,2407,2400,574,2974,17
2021-05-15,Humboldt,23,135768,4144,4080,34,4114,42
2021-05-15,Imperial,25,180216,28456,28504,2866,31370,729
2021-05-15,Inyo,27,18085,1403,1402,4,1406,36
2021-05-15,Kern,29,883053,96469,96061,11241,107302,1315
2021-05-15,Kings,31,150075,22917,22913,1187,24100,246
2021-05-15,Lake,33,64148,3497,3485,9,3494,43
2021-05-15,Lassen,35,31185,5177,5156,115,5271,6
2021-05-15,Los Angeles,37,10098052,1200182,1196255,43712,1239967,24115
2021-05-15,Madera,39,155013,16480,16482,951,17433,238
2021-05-15,Marin,41,260295,14004,14012,261,14273,227
2021-05-15,Mariposa,43,17540,428,423,11,434,5
2021-05-15,Mendocino,45,87422,3926,3861,75,3936,46
2021-05-15,Merced,47,269075,30875,31012,993,32005,450
2021-05-15,Modoc,49,8938,370,362,126,488,3
2021-05-15,Mono,51,14174,1241,1265,13,1278,3
2021-05-15,Monterey,53,433212,42973,42982,1925,44907,379
2021-05-15,Napa,55,140530,9882,9887,33,9920,82
2021-05-15,Nevada,57,99092,4774,4755,194,4949,70
2021-05-15,Orange,59,3164182,254149,253919,11639,265558,5030
2021-05-15,Placer,61,380077,22988,22688,1533,24221,289
2021-05-15,Plumas,63,18699,697,681,11,692,4
2021-05-15,Riverside,65,2383286,290604,288203,14697,302900,4433
2021-05-15,Sacramento,67,1510023,105059,104929,1792,106721,1628
2021-05-15,San Benito,69,59416,6051,6066,118,6184,63
2021-05-15,San Bernardino,71,2135413,292245,291892,9024,300916,4724
2021-05-15,San Diego,73,3302833,279417,278991,0,278991,3737
2021-05-15,San Francisco,75,870044,36511,36795,1376,38171,546
2021-05-15,San Joaquin,77,732212,72565,72197,3709,75906,1359
2021-05-15,San Luis Obispo,79,281455,21108,21061,766,21827,256
2021-05-15,San Mateo,81,765935,42183,42059,476,42535,428
2021-05-15,Santa Barbara,83,443738,34352,34259,1246,35505,459
2021-05-15,Santa Clara,85,1922200,117770,119060,785,119845,2016
2021-05-15,Santa Cruz,87,273765,16107,16137,875,17012,206
2021-05-15,Shasta,89,179085,12137,12152,1599,13751,200
2021-05-15,Sierra,91,2930,54,54,14,68,0
2021-05-15,Siskiyou,93,43540,1867,1788,369,2157,15
2021-05-15,Solano,95,438530,32598,32604,553,33157,253
2021-05-15,Sonoma,97,501317,29873,30020,336,30356,321
2021-05-15,Stanislaus,99,539301,55690,55795,6139,61934,952
2021-05-15,Sutter,101,95872,9407,9436,91,9527,113
2021-05-15,Tehama,103,63373,5012,5012,594,5606,63
2021-05-15,Trinity,105,12862,361,328,59,387,3
2021-05-15,Tulare,107,460477,49448,49080,9486,58566,837
2021-05-15,Tuolumne,109,53932,4060,4064,36,4100,63
2021-05-15,Ventura,111,848112,80816,80662,3092,83754,1017
2021-05-15,Yolo,113,214977,13944,13932,325,14257,211
2021-05-15,Yuba,115,75493,5990,5979,125,6104,49
2021-05-14,Alameda,1,1643700,87580,87621,2031,89652,1249
2021-05-14,Alpine,3,1148,88,88,0,88,0
2021-05-14,Amador,5,37829,3666,3665,35,3700,46
2021-05-14,Butte,7,227075,12347,12076,1884,13960,192
2021-05-14,Calaveras,9,45235,2133,2121,14,2135,53
2021-05-14,Colusa,11,21464,1932,1940,310,2250,14
2021-05-14,Contra Costa,13,1133247,68982,68589,1318,69907,806
2021-05-14,Del Norte,15,27424,1368,1355,7,1362,8
2021-05-14,El Dorado,17,186661,10140,10143,761,10904,113
2021-05-14,Fresno,19,978130,101574,101917,8956,110873,1688
2021-05-14,Glenn,21,27897,2406,2398,574,2972,17
2021-05-14,Humboldt,23,135768,4136,4050,34,4084,37
2021-05-14,Imperial,25,180216,28449,28485,2865,31350,728
2021-05-14,Inyo,27,18085,1403,1400,4,1404,36
2021-05-14,Kern,29,883053,96439,96033,11232,107265,1311
2021-05-14,Kings,31,150075,22916,22910,1187,24097,246
2021-05-14,Lake,33,64148,3493,3483,9,3492,43
2021-05-14,Lassen,35,31185,5177,5154,115,5269,6
2021-05-14,Los Angeles,37,10098052,1200050,1196038,43707,1239745,24101
2021-05-14,Madera,39,155013,16477,16474,951,17425,238
2021-05-14,Marin,41,260295,14000,14010,261,14271,227
2021-05-14,Mariposa,43,17540,428,422,11,433,5
2021-05-14,Mendocino,45,87422,3924,3855,75,3930,46
2021-05-14,Merced,47,269075,30865,31010,993,32003,450
2021-05-14,Modoc,49,8938,370,362,126,488,3
2021-05-14,Mono,51,14174,1240,1265,13,1278,3
2021-05-14,Monterey,53,433212,42968,42973,1925,44898,380
2021-05-14,Napa,55,140530,9879,9883,33,9916,82
2021-05-14,Nevada,57,99092,4769,4745,194,4939,70
2021-05-14,Orange,59,3164182,254115,253855,11632,265487,5028
2021-05-14,Placer,61,380077,22969,22660,1527,24187,287
2021-05-14,Plumas,63,18699,696,680,11,691,4
2021-05-14,Riverside,65,2383286,290553,288140,14694,302834,4433
2021-05-14,Sacramento,67,1510023,104971,104828,1791,106619,1627
2021-05-14,San Benito,69,59416,6051,6064,118,6182,63
2021-05-14,San Bernardino,71,2135413,292195,291834,9024,300858,4721
2021-05-14,San Diego,73,3302833,279345,278853,0,278853,3732
2021-05-14,San Francisco,75,870044,36502,36771,1372,38143,545
2021-05-14,San Joaquin,77,732212,72532,72160,3702,75862,1359
2021-05-14,San Luis Obispo,79,281455,21105,21051,765,21816,256
2021-05-14,San Mateo,81,765935,42172,42041,476,42517,428
2021-05-14,Santa Barbara,83,443738,34342,34243,1246,35489,456
2021-05-14,Santa Clara,85,1922200,117741,119006,785,119791,2014
2021-05-14,Santa Cruz,87,273765,16102,16130,875,17005,207
2021-05-14,Shasta,89,179085,12131,12130,1594,13724,200
2021-05-14,Sierra,91,2930,54,54,14,68,0
2021-05-14,Siskiyou,93,43540,1860,1779,368,2147,14
2021-05-14,Solano,95,438530,32578,32585,552,33137,252
2021-05-14,Sonoma,97,501317,29854,30007,336,30343,321
2021-05-14,Stanislaus,99,539301,55654,55752,6133,61885,950
2021-05-14,Sutter,101,95872,9398,9433,89,9522,113
2021-05-14,Tehama,103,63373,5005,5005,594,5599,63
2021-05-14,Trinity,105,12862,361,328,59,387,3
2021-05-14,Tulare,107,460477,49433,49060,9479,58539,836
2021-05-14,Tuolumne,109,53932,4060,4060,36,4096,63
2021-05-14,Ventura,111,848112,80802,80628,3092,83720,1014
2021-05-14,Yolo,113,214977,13939,13922,321,14243,210
2021-05-14,Yuba,115,75493,5986,5970,125,6095,47
2021-05-13,Alameda,1,1643700,87535,87557,2030,89587,1250
2021-05-13,Alpine,3,1148,88,88,0,88,0
2021-05-13,Amador,5,37829,3666,3662,35,3697,46
2021-05-13,Butte,7,227075,12333,12051,1883,13934,196
2021-05-13,Calaveras,9,45235,2133,2120,14,2134,53
2021-05-13,Colusa,11,21464,1931,1939,306,2245,14
2021-05-13,Contra Costa,13,1133247,68934,68522,1317,69839,806
2021-05-13,Del Norte,15,27424,1366,1354,7,1361,8
2021-05-13,El Dorado,17,186661,10138,10133,761,10894,112
2021-05-13,Fresno,19,978130,101545,101862,8955,110817,1687
2021-05-13,Glenn,21,27897,2405,2395,574,2969,17
2021-05-13,Humboldt,23,135768,4118,4027,34,4061,37
2021-05-13,Imperial,25,180216,28434,28468,2863,31331,729
2021-05-13,Inyo,27,18085,1403,1400,4,1404,36
2021-05-13,Kern,29,883053,96416,95996,11213,107209,1311
2021-05-13,Kings,31,150075,22915,22904,1187,24091,246
2021-05-13,Lake,33,64148,3492,3479,9,3488,43
2021-05-13,Lassen,35,31185,5177,5152,114,5266,6
2021-05-13,Los Angeles,37,10098052,1199861,1195504,43693,1239197,24083
2021-05-13,Madera,39,155013,16471,16467,951,17418,238
2021-05-13,Marin,41,260295,13995,14004,259,14263,227
2021-05-13,Mariposa,43,17540,428,422,11,433,5
2021-05-13,Mendocino,45,87422,3920,3846,75,3921,46
2021-05-13,Merced,47,269075,30857,30989,993,31982,450
2021-05-13,Modoc,49,8938,370,362,126,488,3
2021-05-13,Mono,51,14174,1240,1265,13,1278,3
2021-05-13,Monterey,53,433212,42954,42966,1924,44890,380
2021-05-13,Napa,55,140530,9872,9877,33,9910,82
2021-05-13,Nevada,57,99092,4765,4743,193,4936,70
2021-05-13,Orange,59,3164182,254074,253778,11630,265408,5026
2021-05-13,Placer,61,380077,22944,22668,1520,24188,288
2021-05-13,Plumas,63,18699,696,680,11,691,4
2021-05-13,Riverside,65,2383286,290493,288067,14692,302759,4433
2021-05-13,Sacramento,67,1510023,104886,104711,1788,106499,1626
2021-05-13,San Benito,69,59416,6049,6062,118,6180,63
2021-05-13,San Bernardino,71,2135413,292132,291765,9024,300789,4722
2021-05-13,San Diego,73,3302833,279232,278592,0,278592,3729
2021-05-13,San Francisco,75,870044,36478,36741,1370,38111,544
2021-05-13,San Joaquin,77,732212,72491,72096,3698,75794,1357
2021-05-13,San Luis Obispo,79,281455,21090,21043,764,21807,255
2021-05-13,San Mateo,81,765935,42153,42059,476,42535,426
2021-05-13,Santa Barbara,83,443738,34330,34242,1246,35488,456
2021-05-13,Santa Clara,85,1922200,117715,118952,785,119737,2013
2021-05-13,Santa Cruz,87,273765,16096,16129,875,17004,208
2021-05-13,Shasta,89,179085,12111,12111,1590,13701,200
2021-05-13,Sierra,91,2930,54,54,14,68,0
2021-05-13,Siskiyou,93,43540,1853,1769,365,2134,14
2021-05-13,Solano,95,438530,32565,32548,550,33098,252
2021-05-13,Sonoma,97,501317,29829,29991,336,30327,321
2021-05-13,Stanislaus,99,539301,55617,55678,6127,61805,949
2021-05-13,Sutter,101,95872,9394,9431,87,9518,112
2021-05-13,Tehama,103,63373,5000,4997,594,5591,63
2021-05-13,Trinity,105,12862,361,327,58,385,3
2021-05-13,Tulare,107,460477,49408,49032,9470,58502,837
2021-05-13,Tuolumne,109,53932,4059,4059,36,4095,63
2021-05-13,Ventura,111,848112,80772,80615,3091,83706,1012
2021-05-13,Yolo,113,214977,13930,13914,319,14233,210
2021-05-13,Yuba,115,75493,5977,5962,125,6087,47
2021-05-12,Alameda,1,1643700,87501,87482,2028,89510,1261
2021-05-12,Alpine,3,1148,88,88,0,88,0
2021-05-12,Amador,5,37829,3666,3658,35,3693,46
2021-05-12,Butte,7,227075,12323,12026,1883,13909,199
2021-05-12,Calaveras,9,45235,2130,2119,14,2133,53
2021-05-12,Colusa,11,21464,1929,1939,305,2244,14
2021-05-12,Contra Costa,13,1133247,68875,68462,1311,69773,805
2021-05-12,Del Norte,15,27424,1364,1352,7,1359,8
2021-05-12,El Dorado,17,186661,10129,10123,761,10884,112
2021-05-12,Fresno,19,978130,101498,101838,8944,110782,1688
2021-05-12,Glenn,21,27897,2402,2391,574,2965,17
2021-05-12,Humboldt,23,135768,4090,3982,34,4016,37
2021-05-12,Imperial,25,180216,28416,28443,2860,31303,726
2021-05-12,Inyo,27,18085,1403,1400,4,1404,36
2021-05-12,Kern,29,883053,96381,95955,11205,107160,1310
2021-05-12,Kings,31,150075,22913,22896,1187,24083,246
2021-05-12,Lake,33,64148,3490,3476,9,3485,43
2021-05-12,Lassen,35,31185,5175,5151,114,5265,6
2021-05-12,Los Angeles,37,10098052,1199682,1195318,43676,1238994,24067
2021-05-12,Madera,39,155013,16467,16462,950,17412,238
2021-05-12,Marin,41,260295,13990,13997,259,14256,227
2021-05-12,Mariposa,43,17540,428,422,11,433,5
2021-05-12,Mendocino,45,87422,3910,3836,75,3911,46
2021-05-12,Merced,47,269075,30841,30941,993,31934,450
2021-05-12,Modoc,49,8938,369,362,126,488,3
2021-05-12,Mono,51,14174,1240,1265,13,1278,3
2021-05-12,Monterey,53,433212,42942,42950,1923,44873,380
2021-05-12,Napa,55,140530,9866,9870,33,9903,82
2021-05-12,Nevada,57,99092,4761,4738,193,4931,70
2021-05-12,Orange,59,3164182,254024,253587,11627,265214,5024
2021-05-12,Placer,61,380077,22926,22652,1513,24165,288
2021-05-12,Plumas,63,18699,696,681,11,692,4
2021-05-12,Riverside,65,2383286,290423,287830,14687,302517,4431
2021-05-12,Sacramento,67,1510023,104790,104592,1787,106379,1621
2021-05-12,San Benito,69,59416,6049,6062,118,6180,63
2021-05-12,San Bernardino,71,2135413,292084,291505,9019,300524,4715
2021-05-12,San Diego,73,3302833,279128,278402,0,278402,3729
2021-05-12,San Francisco,75,870044,36459,36720,1369,38089,544
2021-05-12,San Joaquin,77,732212,72437,72043,3694,75737,1356
2021-05-12,San Luis Obispo,79,281455,21080,21021,764,21785,255
2021-05-12,San Mateo,81,765935,42144,42038,474,42512,426
2021-05-12,Santa Barbara,83,443738,34323,34218,1246,35464,456
2021-05-12,Santa Clara,85,1922200,117672,118897,785,119682,2005
2021-05-12,Santa Cruz,87,273765,16090,16123,875,16998,207
2021-05-12,Shasta,89,179085,12091,12092,1588,13680,200
2021-05-12,Sierra,91,2930,54,54,14,68,0
2021-05-12,Siskiyou,93,43540,1849,1760,363,2123,13
2021-05-12,Solano,95,438530,32541,32519,550,33069,252
2021-05-12,Sonoma,97,501317,29817,29976,336,30312,320
2021-05-12,Stanislaus,99,539301,55578,55632,6118,61750,919
2021-05-12,Sutter,101,95872,9391,9427,87,9514,112
2021-05-12,Tehama,103,63373,4996,4989,594,5583,62
2021-05-12,Trinity,105,12862,361,327,58,385,3
2021-05-12,Tulare,107,460477,49392,49001,9462,58463,838
2021-05-12,Tuolumne,109,53932,4058,4056,36,4092,63
2021-05-12,Ventura,111,848112,80753,80577,3091,83668,1010
2021-05-12,Yolo,113,214977,13923,13910,318,14228,210
2021-05-12,Yuba,115,75493,5974,5956,125,6081,47
2021-05-11,Alameda,1,1643700,87437,87413,2024,89437,1290
2021-05-11,Alpine,3,1148,88,88,0,88,0
2021-05-11,Amador,5,37829,3664,3657,35,3692,46
2021-05-11,Butte,7,227075,12308,12008,1880,13888,199
2021-05-11,Calaveras,9,45235,2130,2118,14,2132,52
2021-05-11,Colusa,11,21464,1928,1939,305,2244,14
2021-05-11,Contra Costa,13,1133247,68815,68406,1310,69716,806
2021-05-11,Del Norte,15,27424,1362,1347,7,1354,8
2021-05-11,El Dorado,17,186661,10123,10108,760,10868,112
2021-05-11,Fresno,19,978130,101454,101792,8938,110730,1686
2021-05-11,Glenn,21,27897,2401,2387,573,2960,17
2021-05-11,Humboldt,23,135768,4069,3964,33,3997,37
2021-05-11,Imperial,25,180216,28408,28413,2856,31269,722
2021-05-11,Inyo,27,18085,1402,1402,4,1406,36
2021-05-11,Kern,29,883053,96355,95938,11191,107129,1310
2021-05-11,Kings,31,150075,22905,22887,1187,24074,246
2021-05-11,Lake,33,64148,3490,3473,9,3482,43
2021-05-11,Lassen,35,31185,5173,5148,114,5262,6
2021-05-11,Los Angeles,37,10098052,1199450,1195100,43663,1238763,24048
2021-05-11,Madera,39,155013,16464,16459,950,17409,238
2021-05-11,Marin,41,260295,13983,13987,259,14246,227
2021-05-11,Mariposa,43,17540,428,421,11,432,5
2021-05-11,Mendocino,45,87422,3902,3821,75,3896,46
2021-05-11,Merced,47,269075,30832,30893,993,31886,449
2021-05-11,Modoc,49,8938,369,362,125,487,3
2021-05-11,Mono,51,14174,1240,1265,13,1278,3
2021-05-11,Monterey,53,433212,42934,42934,1922,44856,380
2021-05-11,Napa,55,140530,9859,9870,33,9903,81
2021-05-11,Nevada,57,99092,4757,4737,193,4930,70
2021-05-11,Orange,59,3164182,253963,253545,11619,265164,5017
2021-05-11,Placer,61,380077,22905,22615,1509,24124,287
2021-05-11,Plumas,63,18699,694,679,11,690,4
2021-05-11,Riverside,65,2383286,290364,287757,14681,302438,4429
2021-05-11,Sacramento,67,1510023,104693,104496,1784,106280,1616
2021-05-11,San Benito,69,59416,6046,6058,118,6176,63
2021-05-11,San Bernardino,71,2135413,292021,291421,9017,300438,4707
2021-05-11,San Diego,73,3302833,278993,278308,0,278308,3725
2021-05-11,San Francisco,75,870044,36439,36707,1369,38076,543
2021-05-11,San Joaquin,77,732212,72390,71999,3690,75689,1356
2021-05-11,San Luis Obispo,79,281455,21073,21008,762,21770,255
2021-05-11,San Mateo,81,765935,42125,41985,473,42458,425
2021-05-11,Santa Barbara,83,443738,34314,34207,1246,35453,456
2021-05-11,Santa Clara,85,1922200,117626,118857,784,119641,2005
2021-05-11,Santa Cruz,87,273765,16086,16113,875,16988,206
2021-05-11,Shasta,89,179085,12068,12050,1582,13632,200
2021-05-11,Sierra,91,2930,54,54,14,68,0
2021-05-11,Siskiyou,93,43540,1839,1756,361,2117,13
2021-05-11,Solano,95,438530,32524,32499,548,33047,250
2021-05-11,Sonoma,97,501317,29801,29966,336,30302,318
2021-05-11,Stanislaus,99,539301,55530,55589,6114,61703,909
2021-05-11,Sutter,101,95872,9384,9417,87,9504,112
2021-05-11,Tehama,103,63373,4992,4985,593,5578,62
2021-05-11,Trinity,105,12862,361,327,57,384,3
2021-05-11,Tulare,107,460477,49366,48974,9447,58421,837
2021-05-11,Tuolumne,109,53932,4057,4056,36,4092,63
2021-05-11,Ventura,111,848112,80729,80544,3088,83632,1008
2021-05-11,Yolo,113,214977,13910,13902,315,14217,210
2021-05-11,Yuba,115,75493,5965,5950,125,6075,46
2021-05-10,Alameda,1,1643700,87365,87366,2023,89389,1284
2021-05-10,Alpine,3,1148,88,88,0,88,0
2021-05-10,Amador,5,37829,3663,3657,35,3692,46
2021-05-10,Butte,7,227075,12293,11993,1874,13867,199
2021-05-10,Calaveras,9,45235,2124,2118,14,2132,52
2021-05-10,Colusa,11,21464,1928,1939,305,2244,14
2021-05-10,Contra Costa,13,1133247,68752,68357,1310,69667,806
2021-05-10,Del Norte,15,27424,1359,1339,7,1346,8
2021-05-10,El Dorado,17,186661,10109,10093,760,10853,113
2021-05-10,Fresno,19,978130,101423,101755,8933,110688,1682
2021-05-10,Glenn,21,27897,2400,2384,571,2955,17
2021-05-10,Humboldt,23,135768,4039,3961,33,3994,36
2021-05-10,Imperial,25,180216,28394,28397,2853,31250,722
2021-05-10,Inyo,27,18085,1402,1401,4,1405,36
2021-05-10,Kern,29,883053,96313,95920,11177,107097,1310
2021-05-10,Kings,31,150075,22894,22884,1186,24070,246
2021-05-10,Lake,33,64148,3482,3471,9,3480,43
2021-05-10,Lassen,35,31185,5170,5148,113,5261,5
2021-05-10,Los Angeles,37,10098052,1199196,1194976,43645,1238621,24030
2021-05-10,Madera,39,155013,16454,16450,950,17400,238
2021-05-10,Marin,41,260295,13980,13981,259,14240,228
2021-05-10,Mariposa,43,17540,427,420,11,431,5
2021-05-10,Mendocino,45,87422,3896,3818,75,3893,46
2021-05-10,Merced,47,269075,30822,30880,993,31873,448
2021-05-10,Modoc,49,8938,369,361,125,486,3
2021-05-10,Mono,51,14174,1240,1265,13,1278,3
2021-05-10,Monterey,53,433212,42928,42927,1917,44844,380
2021-05-10,Napa,55,140530,9857,9860,33,9893,81
2021-05-10,Nevada,57,99092,4750,4735,193,4928,70
2021-05-10,Orange,59,3164182,253913,253484,11613,265097,5008
2021-05-10,Placer,61,380077,22884,22590,1506,24096,286
2021-05-10,Plumas,63,18699,693,679,11,690,4
2021-05-10,Riverside,65,2383286,290299,287689,14675,302364,4427
2021-05-10,Sacramento,67,1510023,104580,104378,1779,106157,1613
2021-05-10,San Benito,69,59416,6045,6058,118,6176,63
2021-05-10,San Bernardino,71,2135413,291969,291360,9016,300376,4707
2021-05-10,San Diego,73,3302833,278828,278183,0,278183,3725
2021-05-10,San Francisco,75,870044,36420,36683,1369,38052,543
2021-05-10,San Joaquin,77,732212,72353,71954,3675,75629,1356
2021-05-10,San Luis Obispo,79,281455,21055,20993,761,21754,256
2021-05-10,San Mateo,81,765935,42107,41926,473,42399,424
2021-05-10,Santa Barbara,83,443738,34307,34201,1246,35447,456
2021-05-10,Santa Clara,85,1922200,117568,118822,783,119605,2003
2021-05-10,Santa Cruz,87,273765,16080,16114,875,16989,206
2021-05-10,Shasta,89,179085,12054,12036,1578,13614,200
2021-05-10,Sierra,91,2930,54,54,14,68,0
2021-05-10,Siskiyou,93,43540,1829,1752,359,2111,13
2021-05-10,Solano,95,438530,32504,32466,546,33012,250
2021-05-10,Sonoma,97,501317,29787,29955,335,30290,318
2021-05-10,Stanislaus,99,539301,55455,55541,6108,61649,898
2021-05-10,Sutter,101,95872,9378,9412,87,9499,111
2021-05-10,Tehama,103,63373,4988,4980,593,5573,62
2021-05-10,Trinity,105,12862,361,327,55,382,3
2021-05-10,Tulare,107,460477,49342,48956,9441,58397,837
2021-05-10,Tuolumne,109,53932,4053,4054,36,4090,63
2021-05-10,Ventura,111,848112,80713,80501,3086,83587,1008
2021-05-10,Yolo,113,214977,13898,13898,313,14211,209
2021-05-10,Yuba,115,75493,5963,5942,125,6067,46
2021-05-09,Alameda,1,1643700,87293,87292,2020,89312,1284
2021-05-09,Alpine,3,1148,88,88,0,88,0
2021-05-09,Amador,5,37829,3661,3655,35,3690,46
2021-05-09,Butte,7,227075,12275,11985,1870,13855,199
2021-05-09,Calaveras,9,45235,2123,2116,14,2130,52
2021-05-09,Colusa,11,21464,1927,1940,305,2245,14
2021-05-09,Contra Costa,13,1133247,68688,68302,1308,69610,806
2021-05-09,Del Norte,15,27424,1352,1338,7,1345,8
2021-05-09,El Dorado,17,186661,10095,10089,757,10846,113
2021-05-09,Fresno,19,978130,101385,101729,8925,110654,1682
2021-05-09,Glenn,21,27897,2393,2382,568,2950,17
2021-05-09,Humboldt,23,135768,4019,3950,33,3983,36
2021-05-09,Imperial,25,180216,28371,28388,2846,31234,722
2021-05-09,Inyo,27,18085,1402,1401,3,1404,36
2021-05-09,Kern,29,883053,96285,95903,11166,107069,1310
2021-05-09,Kings,31,150075,22885,22878,1186,24064,246
2021-05-09,Lake,33,64148,3478,3471,9,3480,43
2021-05-09,Lassen,35,31185,5168,5147,113,5260,5
2021-05-09,Los Angeles,37,10098052,1198940,1194820,43630,1238450,24026
2021-05-09,Madera,39,155013,16445,16444,944,17388,238
2021-05-09,Marin,41,260295,13969,13979,258,14237,228
2021-05-09,Mariposa,43,17540,424,420,11,431,5
2021-05-09,Mendocino,45,87422,3886,3814,75,3889,46
2021-05-09,Merced,47,269075,30799,30883,993,31876,448
2021-05-09,Modoc,49,8938,369,360,125,485,3
2021-05-09,Mono,51,14174,1240,1264,13,1277,3
2021-05-09,Monterey,53,433212,42911,42918,1917,44835,380
2021-05-09,Napa,55,140530,9846,9857,33,9890,81
2021-05-09,Nevada,57,99092,4743,4727,193,4920,70
2021-05-09,Orange,59,3164182,253861,253451,11605,265056,5008
2021-05-09,Placer,61,380077,22858,22566,1503,24069,286
2021-05-09,Plumas,63,18699,692,679,11,690,4
2021-05-09,Riverside,65,2383286,290220,287644,14669,302313,4427
2021-05-09,Sacramento,67,1510023,104436,104309,1772,106081,1612
2021-05-09,San Benito,69,59416,6043,6056,118,6174,63
2021-05-09,San Bernardino,71,2135413,291886,291337,9010,300347,4707
2021-05-09,San Diego,73,3302833,278663,277950,0,277950,3725
2021-05-09,San Francisco,75,870044,36394,36669,1367,38036,543
2021-05-09,San Joaquin,77,732212,72309,71927,3674,75601,1356
2021-05-09,San Luis Obispo,79,281455,21045,20999,761,21760,256
2021-05-09,San Mateo,81,765935,42078,41903,473,42376,424
2021-05-09,Santa Barbara,83,443738,34294,34196,1245,35441,456
2021-05-09,Santa Clara,85,1922200,117514,118798,782,119580,2003
2021-05-09,Santa Cruz,87,273765,16074,16094,875,16969,206
2021-05-09,Shasta,89,179085,12024,12034,1573,13607,200
2021-05-09,Sierra,91,2930,54,54,14,68,0
2021-05-09,Siskiyou,93,43540,1823,1741,356,2097,13
2021-05-09,Solano,95,438530,32464,32434,543,32977,250
2021-05-09,Sonoma,97,501317,29772,29953,334,30287,318
2021-05-09,Stanislaus,99,539301,55388,55511,6104,61615,898
2021-05-09,Sutter,101,95872,9372,9413,87,9500,111
2021-05-09,Tehama,103,63373,4983,4979,593,5572,62
2021-05-09,Trinity,105,12862,361,327,55,382,3
2021-05-09,Tulare,107,460477,49315,48948,9436,58384,837
2021-05-09,Tuolumne,109,53932,4052,4053,36,4089,63
2021-05-09,Ventura,111,848112,80698,80487,3085,83572,1008
2021-05-09,Yolo,113,214977,13887,13897,312,14209,209
2021-05-09,Yuba,115,75493,5957,5934,125,6059,46
2021-05-08,Alameda,1,1643700,87251,87213,2016,89229,1284
2021-05-08,Alpine,3,1148,88,88,0,88,0
2021-05-08,Amador,5,37829,3659,3652,35,3687,46
2021-05-08,Butte,7,227075,12263,11962,1869,13831,199
2021-05-08,Calaveras,9,45235,2122,2114,14,2128,52
2021-05-08,Colusa,11,21464,1927,1939,305,2244,14
2021-05-08,Contra Costa,13,1133247,68655,68223,1306,69529,803
2021-05-08,Del Norte,15,27424,1349,1335,7,1342,8
2021-05-08,El Dorado,17,186661,10081,10079,757,10836,113
2021-05-08,Fresno,19,978130,101350,101676,8920,110596,1682
2021-05-08,Glenn,21,27897,2391,2382,566,2948,17
2021-05-08,Humboldt,23,135768,4003,3939,33,3972,36
2021-05-08,Imperial,25,180216,28363,28373,2846,31219,721
2021-05-08,Inyo,27,18085,1402,1402,3,1405,36
2021-05-08,Kern,29,883053,96262,95880,11153,107033,1310
2021-05-08,Kings,31,150075,22882,22872,1185,24057,246
2021-05-08,Lake,33,64148,3477,3470,9,3479,43
2021-05-08,Lassen,35,31185,5167,5145,113,5258,5
2021-05-08,Los Angeles,37,10098052,1198792,1194584,43614,1238198,24022
2021-05-08,Madera,39,155013,16441,16442,944,17386,238
2021-05-08,Marin,41,260295,13966,13974,257,14231,228
2021-05-08,Mariposa,43,17540,424,420,11,431,5
2021-05-08,Mendocino,45,87422,3881,3810,74,3884,46
2021-05-08,Merced,47,269075,30790,30876,993,31869,448
2021-05-08,Modoc,49,8938,369,360,124,484,3
2021-05-08,Mono,51,14174,1240,1262,13,1275,3
2021-05-08,Monterey,53,433212,42906,42914,1916,44830,380
2021-05-08,Napa,55,140530,9839,9853,33,9886,81
2021-05-08,Nevada,57,99092,4740,4716,193,4909,70
2021-05-08,Orange,59,3164182,253825,253412,11602,265014,5006
2021-05-08,Placer,61,380077,22840,22547,1501,24048,286
2021-05-08,Plumas,63,18699,691,679,11,690,4
2021-05-08,Riverside,65,2383286,290179,287574,14667,302241,4427
2021-05-08,Sacramento,67,1510023,104352,104208,1768,105976,1610
2021-05-08,San Benito,69,59416,6042,6048,118,6166,63
2021-05-08,San Bernardino,71,2135413,291842,291296,9010,300306,4707
2021-05-08,San Diego,73,3302833,278579,277760,0,277760,3725
2021-05-08,San Francisco,75,870044,36371,36642,1367,38009,543
2021-05-08,San Joaquin,77,732212,72280,71869,3665,75534,1356
2021-05-08,San Luis Obispo,79,281455,21034,20992,761,21753,256
2021-05-08,San Mateo,81,765935,42067,41871,473,42344,424
2021-05-08,Santa Barbara,83,443738,34281,34185,1245,35430,456
2021-05-08,Santa Clara,85,1922200,117483,118751,782,119533,2003
2021-05-08,Santa Cruz,87,273765,16071,16089,875,16964,206
2021-05-08,Shasta,89,179085,12014,12030,1569,13599,200
2021-05-08,Sierra,91,2930,54,54,14,68,0
2021-05-08,Siskiyou,93,43540,1822,1741,352,2093,13
2021-05-08,Solano,95,438530,32439,32395,541,32936,249
2021-05-08,Sonoma,97,501317,29760,29942,334,30276,318
2021-05-08,Stanislaus,99,539301,55355,55467,6100,61567,898
2021-05-08,Sutter,101,95872,9369,9413,87,9500,111
2021-05-08,Tehama,103,63373,4981,4977,593,5570,62
2021-05-08,Trinity,105,12862,361,327,55,382,3
2021-05-08,Tulare,107,460477,49301,48929,9426,58355,837
2021-05-08,Tuolumne,109,53932,4051,4050,36,4086,63
2021-05-08,Ventura,111,848112,80687,80481,3082,83563,1008
2021-05-08,Yolo,113,214977,13884,13894,311,14205,209
2021-05-08,Yuba,115,75493,5949,5928,125,6053,46
2021-05-07,Alameda,1,1643700,87200,87128,2016,89144,1280
2021-05-07,Alpine,3,1148,88,88,0,88,0
2021-05-07,Amador,5,37829,3656,3651,35,3686,46
2021-05-07,Butte,7,227075,12245,11943,1864,13807,199
2021-05-07,Calaveras,9,45235,2120,2114,14,2128,52
2021-05-07,Colusa,11,21464,1927,1937,305,2242,14
2021-05-07,Contra Costa,13,1133247,68609,68156,1304,69460,804
2021-05-07,Del Norte,15,27424,1344,1329,7,1336,8
2021-05-07,El Dorado,17,186661,10068,10065,755,10820,112
2021-05-07,Fresno,19,978130,101318,101625,8919,110544,1684
2021-05-07,Glenn,21,27897,2388,2381,565,2946,17
2021-05-07,Humboldt,23,135768,3988,3919,33,3952,36
2021-05-07,Imperial,25,180216,28355,28352,2846,31198,721
2021-05-07,Inyo,27,18085,1402,1402,3,1405,36
2021-05-07,Kern,29,883053,96249,95839,11141,106980,1308
2021-05-07,Kings,31,150075,22881,22857,1184,24041,246
2021-05-07,Lake,33,64148,3475,3467,9,3476,43
2021-05-07,Lassen,35,31185,5166,5144,112,5256,5
2021-05-07,Los Angeles,37,10098052,1198622,1194294,43604,1237898,24008
2021-05-07,Madera,39,155013,16436,16439,944,17383,238
2021-05-07,Marin,41,260295,13962,13968,257,14225,228
2021-05-07,Mariposa,43,17540,423,419,11,430,5
2021-05-07,Mendocino,45,87422,3875,3805,74,3879,46
2021-05-07,Merced,47,269075,30786,30862,993,31855,446
2021-05-07,Modoc,49,8938,369,360,124,484,3
2021-05-07,Mono,51,14174,1239,1261,13,1274,3
2021-05-07,Monterey,53,433212,42900,42909,1914,44823,380
2021-05-07,Napa,55,140530,9838,9849,33,9882,81
2021-05-07,Nevada,57,99092,4736,4704,193,4897,70
2021-05-07,Orange,59,3164182,253788,253338,11592,264930,5000
2021-05-07,Placer,61,380077,22820,22524,1498,24022,286
2021-05-07,Plumas,63,18699,691,678,11,689,4
2021-05-07,Riverside,65,2383286,290122,287479,14666,302145,4426
2021-05-07,Sacramento,67,1510023,104279,104068,1763,105831,1609
2021-05-07,San Benito,69,59416,6041,6048,118,6166,63
2021-05-07,San Bernardino,71,2135413,291802,291185,9005,300190,4697
2021-05-07,San Diego,73,3302833,278495,277534,0,277534,3718
2021-05-07,San Francisco,75,870044,36358,36616,1366,37982,543
2021-05-07,San Joaquin,77,732212,72240,71804,3663,75467,1351
2021-05-07,San Luis Obispo,79,281455,21027,20979,761,21740,256
2021-05-07,San Mateo,81,765935,42051,41844,473,42317,424
2021-05-07,Santa Barbara,83,443738,34271,34166,1245,35411,453
2021-05-07,Santa Clara,85,1922200,117450,118691,781,119472,2002
2021-05-07,Santa Cruz,87,273765,16068,16074,875,16949,206
2021-05-07,Shasta,89,179085,11992,12005,1567,13572,200
2021-05-07,Sierra,91,2930,54,54,14,68,0
2021-05-07,Siskiyou,93,43540,1819,1723,352,2075,13
2021-05-07,Solano,95,438530,32412,32352,539,32891,249
2021-05-07,Sonoma,97,501317,29743,29925,332,30257,318
2021-05-07,Stanislaus,99,539301,55314,55407,6094,61501,896
2021-05-07,Sutter,101,95872,9369,9407,86,9493,111
2021-05-07,Tehama,103,63373,4974,4974,593,5567,57
2021-05-07,Trinity,105,12862,361,327,55,382,3
2021-05-07,Tulare,107,460477,49284,48913,9421,58334,837
2021-05-07,Tuolumne,109,53932,4049,4048,36,4084,63
2021-05-07,Ventura,111,848112,80663,80444,3082,83526,1008
2021-05-07,Yolo,113,214977,13879,13875,310,14185,209
2021-05-07,Yuba,115,75493,5939,5910,125,6035,46
2021-05-06,Alameda,1,1643700,87122,87028,2012,89040,1278
2021-05-06,Alpine,3,1148,88,88,0,88,0
2021-05-06,Amador,5,37829,3654,3650,35,3685,46
2021-05-06,Butte,7,227075,12225,11929,1859,13788,198
2021-05-06,Calaveras,9,45235,2119,2111,14,2125,52
2021-05-06,Colusa,11,21464,1927,1935,305,2240,14
2021-05-06,Contra Costa,13,1133247,68554,68076,1301,69377,802
2021-05-06,Del Norte,15,27424,1336,1324,7,1331,6
2021-05-06,El Dorado,17,186661,10061,10048,755,10803,112
2021-05-06,Fresno,19,978130,101277,101536,8913,110449,1680
2021-05-06,Glenn,21,27897,2387,2380,564,2944,17
2021-05-06,Humboldt,23,135768,3964,3898,32,3930,36
2021-05-06,Imperial,25,180216,28344,28311,2845,31156,720
2021-05-06,Inyo,27,18085,1402,1401,3,1404,36
2021-05-06,Kern,29,883053,96224,95801,11124,106925,1307
2021-05-06,Kings,31,150075,22874,22848,1183,24031,246
2021-05-06,Lake,33,64148,3474,3465,9,3474,43
2021-05-06,Lassen,35,31185,5165,5143,112,5255,1
2021-05-06,Los Angeles,37,10098052,1198383,1193954,43587,1237541,23991
2021-05-06,Madera,39,155013,16428,16430,944,17374,238
2021-05-06,Marin,41,260295,13958,13956,257,14213,228
2021-05-06,Mariposa,43,17540,422,419,11,430,5
2021-05-06,Mendocino,45,87422,3864,3802,74,3876,46
2021-05-06,Merced,47,269075,30772,30863,992,31855,444
2021-05-06,Modoc,49,8938,369,360,124,484,3
2021-05-06,Mono,51,14174,1237,1261,13,1274,3
2021-05-06,Monterey,53,433212,42884,42899,1914,44813,379
2021-05-06,Napa,55,140530,9832,9843,33,9876,81
2021-05-06,Nevada,57,99092,4735,4687,193,4880,70
2021-05-06,Orange,59,3164182,253723,253286,11585,264871,4991
2021-05-06,Placer,61,380077,22799,22493,1498,23991,286
2021-05-06,Plumas,63,18699,691,678,11,689,4
2021-05-06,Riverside,65,2383286,290049,287399,14661,302060,4422
2021-05-06,Sacramento,67,1510023,104163,103956,1760,105716,1609
2021-05-06,San Benito,69,59416,6040,6045,118,6163,63
2021-05-06,San Bernardino,71,2135413,291731,291085,9004,300089,4683
2021-05-06,San Diego,73,3302833,278372,277324,0,277324,3716
2021-05-06,San Francisco,75,870044,36343,36599,1366,37965,543
2021-05-06,San Joaquin,77,732212,72184,71729,3660,75389,1350
2021-05-06,San Luis Obispo,79,281455,21015,20965,759,21724,256
2021-05-06,San Mateo,81,765935,42033,41802,472,42274,424
2021-05-06,Santa Barbara,83,443738,34258,34152,1245,35397,453
2021-05-06,Santa Clara,85,1922200,117409,118591,781,119372,2001
2021-05-06,Santa Cruz,87,273765,16061,16050,875,16925,206
2021-05-06,Shasta,89,179085,11970,11983,1561,13544,199
2021-05-06,Sierra,91,2930,54,54,14,68,0
2021-05-06,Siskiyou,93,43540,1810,1711,350,2061,12
2021-05-06,Solano,95,438530,32386,32320,531,32851,249
2021-05-06,Sonoma,97,501317,29735,29911,332,30243,318
2021-05-06,Stanislaus,99,539301,55258,55323,6091,61414,834
2021-05-06,Sutter,101,95872,9363,9396,86,9482,111
2021-05-06,Tehama,103,63373,4969,4970,593,5563,53
2021-05-06,Trinity,105,12862,361,327,55,382,3
2021-05-06,Tulare,107,460477,49261,48890,9406,58296,836
2021-05-06,Tuolumne,109,53932,4045,4047,36,4083,63
2021-05-06,Ventura,111,848112,80632,80411,3079,83490,1005
2021-05-06,Yolo,113,214977,13871,13871,306,14177,209
2021-05-06,Yuba,115,75493,5927,5901,125,6026,46
2021-05-05,Alameda,1,1643700,87061,86950,2010,88960,1278
2021-05-05,Alpine,3,1148,88,88,0,88,0
2021-05-05,Amador,5,37829,3651,3650,35,3685,46
2021-05-05,Butte,7,227075,12207,11907,1856,13763,198
2021-05-05,Calaveras,9,45235,2115,2103,14,2117,52
2021-05-05,Colusa,11,21464,1926,1933,305,2238,14
2021-05-05,Contra Costa,13,1133247,68489,67997,1296,69293,803
2021-05-05,Del Norte,15,27424,1333,1317,7,1324,6
2021-05-05,El Dorado,17,186661,10050,10020,754,10774,111
2021-05-05,Fresno,19,978130,101228,101491,8904,110395,1680
2021-05-05,Glenn,21,27897,2384,2380,563,2943,17
2021-05-05,Humboldt,23,135768,3945,3886,31,3917,36
2021-05-05,Imperial,25,180216,28303,28295,2838,31133,720
2021-05-05,Inyo,27,18085,1401,1401,3,1404,36
2021-05-05,Kern,29,883053,96183,95753,11119,106872,1304
2021-05-05,Kings,31,150075,22868,22840,1182,24022,246
2021-05-05,Lake,33,64148,3471,3458,9,3467,43
2021-05-05,Lassen,35,31185,5165,5143,111,5254,1
2021-05-05,Los Angeles,37,10098052,1198121,1193608,43574,1237182,23977
2021-05-05,Madera,39,155013,16426,16423,944,17367,235
2021-05-05,Marin,41,260295,13950,13950,256,14206,228
2021-05-05,Mariposa,43,17540,422,418,11,429,5
2021-05-05,Mendocino,45,87422,3860,3799,74,3873,46
2021-05-05,Merced,47,269075,30752,30844,992,31836,444
2021-05-05,Modoc,49,8938,368,361,123,484,3
2021-05-05,Mono,51,14174,1237,1260,13,1273,3
2021-05-05,Monterey,53,433212,42871,42870,1911,44781,379
2021-05-05,Napa,55,140530,9826,9833,33,9866,81
2021-05-05,Nevada,57,99092,4732,4666,193,4859,70
2021-05-05,Orange,59,3164182,253669,253237,11580,264817,4978
2021-05-05,Placer,61,380077,22767,22362,1494,23856,287
2021-05-05,Plumas,63,18699,691,677,11,688,4
2021-05-05,Riverside,65,2383286,289960,287353,14651,302004,4414
2021-05-05,Sacramento,67,1510023,104073,103476,1755,105231,1607
2021-05-05,San Benito,69,59416,6031,6046,118,6164,63
2021-05-05,San Bernardino,71,2135413,291656,291008,9000,300008,4677
2021-05-05,San Diego,73,3302833,278235,277098,0,277098,3716
2021-05-05,San Francisco,75,870044,36328,36577,1365,37942,543
2021-05-05,San Joaquin,77,732212,72132,71638,3657,75295,1345
2021-05-05,San Luis Obispo,79,281455,21007,20958,759,21717,256
2021-05-05,San Mateo,81,765935,42003,41755,470,42225,415
2021-05-05,Santa Barbara,83,443738,34244,34139,1244,35383,453
2021-05-05,Santa Clara,85,1922200,117379,118482,777,119259,1992
2021-05-05,Santa Cruz,87,273765,16055,16013,875,16888,207
2021-05-05,Shasta,89,179085,11954,11939,1557,13496,200
2021-05-05,Sierra,91,2930,54,54,14,68,0
2021-05-05,Siskiyou,93,43540,1793,1706,342,2048,11
2021-05-05,Solano,95,438530,32351,32250,529,32779,249
2021-05-05,Sonoma,97,501317,29722,29879,332,30211,318
2021-05-05,Stanislaus,99,539301,55201,55231,6088,61319,807
2021-05-05,Sutter,101,95872,9357,9387,86,9473,111
2021-05-05,Tehama,103,63373,4966,4968,593,5561,53
2021-05-05,Trinity,105,12862,361,326,55,381,3
2021-05-05,Tulare,107,460477,49240,48875,9396,58271,835
2021-05-05,Tuolumne,109,53932,4042,4040,36,4076,63
2021-05-05,Ventura,111,848112,80603,80372,3075,83447,1005
2021-05-05,Yolo,113,214977,13867,13846,304,14150,209
2021-05-05,Yuba,115,75493,5917,5895,124,6019,44
2021-05-04,Alameda,1,1643700,86969,86894,2010,88904,1277
2021-05-04,Alpine,3,1148,88,88,0,88,0
2021-05-04,Amador,5,37829,3651,3650,35,3685,46
2021-05-04,Butte,7,227075,12183,11883,1855,13738,198
2021-05-04,Calaveras,9,45235,2110,2100,14,2114,52
2021-05-04,Colusa,11,21464,1925,1933,305,2238,14
2021-05-04,Contra Costa,13,1133247,68410,67931,1292,69223,799
2021-05-04,Del Norte,15,27424,1333,1314,7,1321,6
2021-05-04,El Dorado,17,186661,10039,10009,750,10759,110
2021-05-04,Fresno,19,978130,101174,101451,8897,110348,1677
2021-05-04,Glenn,21,27897,2381,2379,560,2939,17
2021-05-04,Humboldt,23,135768,3919,3877,31,3908,36
2021-05-04,Imperial,25,180216,28283,28276,2834,31110,720
2021-05-04,Inyo,27,18085,1401,1399,3,1402,36
2021-05-04,Kern,29,883053,96150,95720,11100,106820,1301
2021-05-04,Kings,31,150075,22853,22822,1179,24001,246
2021-05-04,Lake,33,64148,3470,3454,9,3463,43
2021-05-04,Lassen,35,31185,5164,5142,111,5253,1
2021-05-04,Los Angeles,37,10098052,1197833,1193453,43562,1237015,23957
2021-05-04,Madera,39,155013,16425,16418,944,17362,235
2021-05-04,Marin,41,260295,13943,13935,256,14191,228
2021-05-04,Mariposa,43,17540,422,418,11,429,5
2021-05-04,Mendocino,45,87422,3855,3794,74,3868,46
2021-05-04,Merced,47,269075,30735,30829,992,31821,444
2021-05-04,Modoc,49,8938,367,360,122,482,3
2021-05-04,Mono,51,14174,1237,1260,13,1273,3
2021-05-04,Monterey,53,433212,42859,42845,1910,44755,380
2021-05-04,Napa,55,140530,9817,9824,33,9857,81
2021-05-04,Nevada,57,99092,4725,4656,193,4849,70
2021-05-04,Orange,59,3164182,253602,253177,11570,264747,4977
2021-05-04,Placer,61,380077,22738,22326,1491,23817,287
2021-05-04,Plumas,63,18699,690,675,11,686,4
2021-05-04,Riverside,65,2383286,289876,287285,14644,301929,4411
2021-05-04,Sacramento,67,1510023,103944,103383,1751,105134,1604
2021-05-04,San Benito,69,59416,6030,6039,118,6157,63
2021-05-04,San Bernardino,71,2135413,291573,290934,8993,299927,4668
2021-05-04,San Diego,73,3302833,278069,276879,0,276879,3713
2021-05-04,San Francisco,75,870044,36310,36550,1365,37915,541
2021-05-04,San Joaquin,77,732212,72071,71582,3653,75235,1342
2021-05-04,San Luis Obispo,79,281455,21002,20923,757,21680,255
2021-05-04,San Mateo,81,765935,41978,41708,470,42178,415
2021-05-04,Santa Barbara,83,443738,34228,34131,1244,35375,453
2021-05-04,Santa Clara,85,1922200,117316,118431,776,119207,1988
2021-05-04,Santa Cruz,87,273765,16049,16005,875,16880,207
2021-05-04,Shasta,89,179085,11934,11923,1551,13474,198
2021-05-04,Sierra,91,2930,54,54,14,68,0
2021-05-04,Siskiyou,93,43540,1786,1694,340,2034,11
2021-05-04,Solano,95,438530,32310,32220,527,32747,249
2021-05-04,Sonoma,97,501317,29704,29867,331,30198,318
2021-05-04,Stanislaus,99,539301,55146,55165,6085,61250,807
2021-05-04,Sutter,101,95872,9352,9375,86,9461,111
2021-05-04,Tehama,103,63373,4964,4959,592,5551,53
2021-05-04,Trinity,105,12862,361,326,55,381,3
2021-05-04,Tulare,107,460477,49214,48857,9386,58243,835
2021-05-04,Tuolumne,109,53932,4040,4041,36,4077,61
2021-05-04,Ventura,111,848112,80574,80351,3073,83424,1005
2021-05-04,Yolo,113,214977,13854,13820,302,14122,208
2021-05-04,Yuba,115,75493,5911,5891,124,6015,44
2021-05-03,Alameda,1,1643700,86892,86845,2004,88849,1272
2021-05-03,Alpine,3,1148,88,88,0,88,0
2021-05-03,Amador,5,37829,3651,3651,35,3686,46
2021-05-03,Butte,7,227075,12173,11864,1852,13716,198
2021-05-03,Calaveras,9,45235,2109,2099,14,2113,50
2021-05-03,Colusa,11,21464,1924,1931,303,2234,14
2021-05-03,Contra Costa,13,1133247,68351,67895,1288,69183,799
2021-05-03,Del Norte,15,27424,1328,1306,6,1312,6
2021-05-03,El Dorado,17,186661,10021,9984,745,10729,110
2021-05-03,Fresno,19,978130,101121,101405,8887,110292,1678
2021-05-03,Glenn,21,27897,2381,2375,559,2934,17
2021-05-03,Humboldt,23,135768,3904,3865,31,3896,36
2021-05-03,Imperial,25,180216,28261,28280,2831,31111,720
2021-05-03,Inyo,27,18085,1400,1398,3,1401,36
2021-05-03,Kern,29,883053,96115,95693,11087,106780,1299
2021-05-03,Kings,31,150075,22844,22821,1179,24000,246
2021-05-03,Lake,33,64148,3468,3446,9,3455,43
2021-05-03,Lassen,35,31185,5163,5142,111,5253,1
2021-05-03,Los Angeles,37,10098052,1197570,1193261,43534,1236795,23942
2021-05-03,Madera,39,155013,16421,16414,943,17357,235
2021-05-03,Marin,41,260295,13937,13927,256,14183,228
2021-05-03,Mariposa,43,17540,422,418,11,429,5
2021-05-03,Mendocino,45,87422,3848,3792,74,3866,46
2021-05-03,Merced,47,269075,30724,30814,990,31804,444
2021-05-03,Modoc,49,8938,367,360,122,482,3
2021-05-03,Mono,51,14174,1237,1259,13,1272,3
2021-05-03,Monterey,53,433212,42849,42837,1908,44745,380
2021-05-03,Napa,55,140530,9812,9815,33,9848,81
2021-05-03,Nevada,57,99092,4717,4650,193,4843,70
2021-05-03,Orange,59,3164182,253544,253107,11562,264669,4968
2021-05-03,Placer,61,380077,22707,22289,1485,23774,287
2021-05-03,Plumas,63,18699,689,675,11,686,4
2021-05-03,Riverside,65,2383286,289804,287233,14643,301876,4412
2021-05-03,Sacramento,67,1510023,103791,103303,1743,105046,1602
2021-05-03,San Benito,69,59416,6029,6038,118,6156,63
2021-05-03,San Bernardino,71,2135413,291504,290886,8990,299876,4659
2021-05-03,San Diego,73,3302833,277906,276693,0,276693,3712
2021-05-03,San Francisco,75,870044,36284,36538,1364,37902,541
2021-05-03,San Joaquin,77,732212,72020,71504,3650,75154,1325
2021-05-03,San Luis Obispo,79,281455,20986,20915,754,21669,254
2021-05-03,San Mateo,81,765935,41955,41689,469,42158,413
2021-05-03,Santa Barbara,83,443738,34216,34119,1244,35363,453
2021-05-03,Santa Clara,85,1922200,117262,118373,775,119148,1988
2021-05-03,Santa Cruz,87,273765,16046,16000,875,16875,207
2021-05-03,Shasta,89,179085,11911,11890,1546,13436,197
2021-05-03,Sierra,91,2930,54,54,14,68,0
2021-05-03,Siskiyou,93,43540,1780,1683,334,2017,11
2021-05-03,Solano,95,438530,32269,32201,526,32727,249
2021-05-03,Sonoma,97,501317,29692,29855,328,30183,318
2021-05-03,Stanislaus,99,539301,55082,55116,6074,61190,774
2021-05-03,Sutter,101,95872,9340,9370,86,9456,111
2021-05-03,Tehama,103,63373,4955,4952,592,5544,53
2021-05-03,Trinity,105,12862,361,326,55,381,3
2021-05-03,Tulare,107,460477,49197,48844,9376,58220,835
2021-05-03,Tuolumne,109,53932,4039,4038,36,4074,61
2021-05-03,Ventura,111,848112,80552,80291,3073,83364,1005
2021-05-03,Yolo,113,214977,13841,13809,300,14109,208
2021-05-03,Yuba,115,75493,5906,5880,124,6004,44
2021-05-02,Alameda,1,1643700,86806,86784,2003,88787,1272
2021-05-02,Alpine,3,1148,88,88,0,88,0
2021-05-02,Amador,5,37829,3651,3650,35,3685,46
2021-05-02,Butte,7,227075,12149,11859,1849,13708,198
2021-05-02,Calaveras,9,45235,2105,2098,14,2112,50
2021-05-02,Colusa,11,21464,1923,1931,302,2233,14
2021-05-02,Contra Costa,13,1133247,68265,67843,1285,69128,800
2021-05-02,Del Norte,15,27424,1321,1305,6,1311,6
2021-05-02,El Dorado,17,186661,10006,9962,744,10706,110
2021-05-02,Fresno,19,978130,101050,101372,8878,110250,1678
2021-05-02,Glenn,21,27897,2380,2374,557,2931,17
2021-05-02,Humboldt,23,135768,3892,3858,30,3888,36
2021-05-02,Imperial,25,180216,28227,28275,2822,31097,721
2021-05-02,Inyo,27,18085,1398,1398,3,1401,36
2021-05-02,Kern,29,883053,96057,95668,11080,106748,1299
2021-05-02,Kings,31,150075,22826,22816,1178,23994,246
2021-05-02,Lake,33,64148,3466,3443,9,3452,43
2021-05-02,Lassen,35,31185,5162,5142,110,5252,1
2021-05-02,Los Angeles,37,10098052,1197224,1193056,43510,1236566,23943
2021-05-02,Madera,39,155013,16415,16410,943,17353,235
2021-05-02,Marin,41,260295,13927,13917,256,14173,228
2021-05-02,Mariposa,43,17540,422,419,11,430,5
2021-05-02,Mendocino,45,87422,3843,3787,74,3861,46
2021-05-02,Merced,47,269075,30702,30793,988,31781,444
2021-05-02,Modoc,49,8938,367,360,122,482,3
2021-05-02,Mono,51,14174,1236,1259,13,1272,3
2021-05-02,Monterey,53,433212,42836,42837,1906,44743,380
2021-05-02,Napa,55,140530,9808,9805,33,9838,81
2021-05-02,Nevada,57,99092,4701,4635,193,4828,70
2021-05-02,Orange,59,3164182,253473,253025,11549,264574,4968
2021-05-02,Placer,61,380077,22678,22264,1482,23746,287
2021-05-02,Plumas,63,18699,689,675,11,686,4
2021-05-02,Riverside,65,2383286,289707,287197,14633,301830,4412
2021-05-02,Sacramento,67,1510023,103656,103153,1736,104889,1602
2021-05-02,San Benito,69,59416,6024,6037,118,6155,63
2021-05-02,San Bernardino,71,2135413,291404,290859,8988,299847,4655
2021-05-02,San Diego,73,3302833,277710,276521,0,276521,3712
2021-05-02,San Francisco,75,870044,36258,36522,1364,37886,541
2021-05-02,San Joaquin,77,732212,71956,71447,3643,75090,1325
2021-05-02,San Luis Obispo,79,281455,20966,20910,753,21663,254
2021-05-02,San Mateo,81,765935,41939,41656,468,42124,412
2021-05-02,Santa Barbara,83,443738,34202,34106,1244,35350,453
2021-05-02,Santa Clara,85,1922200,117189,118321,775,119096,1988
2021-05-02,Santa Cruz,87,273765,16041,15995,874,16869,207
2021-05-02,Shasta,89,179085,11895,11885,1538,13423,197
2021-05-02,Sierra,91,2930,54,54,14,68,0
2021-05-02,Siskiyou,93,43540,1769,1661,333,1994,11
2021-05-02,Solano,95,438530,32230,32151,522,32673,249
2021-05-02,Sonoma,97,501317,29669,29842,328,30170,318
2021-05-02,Stanislaus,99,539301,55009,55057,6067,61124,774
2021-05-02,Sutter,101,95872,9333,9363,86,9449,111
2021-05-02,Tehama,103,63373,4950,4950,590,5540,53
2021-05-02,Trinity,105,12862,361,326,55,381,3
2021-05-02,Tulare,107,460477,49179,48834,9368,58202,835
2021-05-02,Tuolumne,109,53932,4036,4038,36,4074,61
2021-05-02,Ventura,111,848112,80515,80284,3072,83356,1005
2021-05-02,Yolo,113,214977,13829,13799,299,14098,208
2021-05-02,Yuba,115,75493,5896,5879,124,6003,44
2021-05-01,Alameda,1,1643700,86763,86704,2000,88704,1270
2021-05-01,Alpine,3,1148,88,88,0,88,0
2021-05-01,Amador,5,37829,3651,3650,35,3685,46
2021-05-01,Butte,7,227075,12135,11845,1844,13689,198
2021-05-01,Calaveras,9,45235,2103,2096,14,2110,50
2021-05-01,Colusa,11,21464,1922,1931,302,2233,14
2021-05-01,Contra Costa,13,1133247,68213,67779,1282,69061,800
2021-05-01,Del Norte,15,27424,1320,1292,6,1298,6
2021-05-01,El Dorado,17,186661,9992,9944,742,10686,110
2021-05-01,Fresno,19,978130,101005,101326,8872,110198,1678
2021-05-01,Glenn,21,27897,2377,2369,556,2925,17
2021-05-01,Humboldt,23,135768,3877,3845,30,3875,36
2021-05-01,Imperial,25,180216,28220,28262,2822,31084,721
2021-05-01,Inyo,27,18085,1398,1397,3,1400,36
2021-05-01,Kern,29,883053,96030,95645,11068,106713,1299
2021-05-01,Kings,31,150075,22824,22797,1176,23973,246
2021-05-01,Lake,33,64148,3464,3441,9,3450,43
2021-05-01,Lassen,35,31185,5160,5142,110,5252,1
2021-05-01,Los Angeles,37,10098052,1197057,1192781,43495,1236276,23946
2021-05-01,Madera,39,155013,16411,16408,943,17351,235
2021-05-01,Marin,41,260295,13920,13902,256,14158,228
2021-05-01,Mariposa,43,17540,422,418,11,429,5
2021-05-01,Mendocino,45,87422,3841,3782,74,3856,46
2021-05-01,Merced,47,269075,30684,30771,988,31759,444
2021-05-01,Modoc,49,8938,367,361,122,483,3
2021-05-01,Mono,51,14174,1236,1258,13,1271,3
2021-05-01,Monterey,53,433212,42830,42828,1906,44734,379
2021-05-01,Napa,55,140530,9805,9800,33,9833,81
2021-05-01,Nevada,57,99092,4696,4625,193,4818,70
2021-05-01,Orange,59,3164182,253434,252969,11538,264507,4964
2021-05-01,Placer,61,380077,22652,22240,1480,23720,287
2021-05-01,Plumas,63,18699,688,675,11,686,4
2021-05-01,Riverside,65,2383286,289668,287129,14631,301760,4412
2021-05-01,Sacramento,67,1510023,103577,103043,1735,104778,1602
2021-05-01,San Benito,69,59416,6021,6030,118,6148,63
2021-05-01,San Bernardino,71,2135413,291361,290802,8987,299789,4652
2021-05-01,San Diego,73,3302833,277586,276367,0,276367,3706
2021-05-01,San Francisco,75,870044,36243,36496,1364,37860,541
2021-05-01,San Joaquin,77,732212,71908,71389,3641,75030,1325
2021-05-01,San Luis Obispo,79,281455,20961,20896,753,21649,254
2021-05-01,San Mateo,81,765935,41910,41617,467,42084,411
2021-05-01,Santa Barbara,83,443738,34197,34085,1243,35328,453
2021-05-01,Santa Clara,85,1922200,117138,118265,773,119038,1988
2021-05-01,Santa Cruz,87,273765,16038,15984,874,16858,207
2021-05-01,Shasta,89,179085,11875,11878,1530,13408,197
2021-05-01,Sierra,91,2930,54,53,14,67,0
2021-05-01,Siskiyou,93,43540,1761,1653,332,1985,11
2021-05-01,Solano,95,438530,32200,32124,514,32638,249
2021-05-01,Sonoma,97,501317,29667,29835,328,30163,318
2021-05-01,Stanislaus,99,539301,54974,55005,6061,61066,774
2021-05-01,Sutter,101,95872,9330,9358,86,9444,110
2021-05-01,Tehama,103,63373,4949,4950,589,5539,53
2021-05-01,Trinity,105,12862,361,326,54,380,3
2021-05-01,Tulare,107,460477,49172,48818,9362,58180,835
2021-05-01,Tuolumne,109,53932,4030,4035,36,4071,61
2021-05-01,Ventura,111,848112,80497,80268,3072,83340,1005
2021-05-01,Yolo,113,214977,13822,13784,297,14081,208
2021-05-01,Yuba,115,75493,5894,5875,124,5999,44
2021-04-30,Alameda,1,1643700,86701,86602,1997,88599,1268
2021-04-30,Alpine,3,1148,88,88,0,88,0
2021-04-30,Amador,5,37829,3649,3650,35,3685,46
2021-04-30,Butte,7,227075,12116,11812,1840,13652,197
2021-04-30,Calaveras,9,45235,2102,2087,14,2101,50
2021-04-30,Colusa,11,21464,1922,1931,301,2232,14
2021-04-30,Contra Costa,13,1133247,68165,67684,1279,68963,800
2021-04-30,Del Norte,15,27424,1308,1276,6,1282,6
2021-04-30,El Dorado,17,186661,9978,9906,742,10648,110
2021-04-30,Fresno,19,978130,100959,101263,8868,110131,1670
2021-04-30,Glenn,21,27897,2376,2369,556,2925,17
2021-04-30,Humboldt,23,135768,3864,3834,30,3864,36
2021-04-30,Imperial,25,180216,28211,28244,2819,31063,721
2021-04-30,Inyo,27,18085,1398,1397,3,1400,36
2021-04-30,Kern,29,883053,96014,95605,11063,106668,1298
2021-04-30,Kings,31,150075,22821,22793,1175,23968,246
2021-04-30,Lake,33,64148,3460,3440,9,3449,43
2021-04-30,Lassen,35,31185,5159,5140,110,5250,1
2021-04-30,Los Angeles,37,10098052,1196850,1192393,43481,1235874,23919
2021-04-30,Madera,39,155013,16405,16395,943,17338,235
2021-04-30,Marin,41,260295,13912,13895,254,14149,228
2021-04-30,Mariposa,43,17540,422,417,11,428,5
2021-04-30,Mendocino,45,87422,3837,3777,74,3851,46
2021-04-30,Merced,47,269075,30671,30740,987,31727,444
2021-04-30,Modoc,49,8938,366,360,122,482,3
2021-04-30,Mono,51,14174,1236,1258,13,1271,3
2021-04-30,Monterey,53,433212,42816,42810,1905,44715,379
2021-04-30,Napa,55,140530,9801,9792,33,9825,81
2021-04-30,Nevada,57,99092,4688,4608,193,4801,70
2021-04-30,Orange,59,3164182,253379,252883,11532,264415,4956
2021-04-30,Placer,61,380077,22633,22190,1476,23666,287
2021-04-30,Plumas,63,18699,688,677,11,688,4
2021-04-30,Riverside,65,2383286,289615,287030,14624,301654,4412
2021-04-30,Sacramento,67,1510023,103476,102864,1731,104595,1596
2021-04-30,San Benito,69,59416,6017,6024,117,6141,63
2021-04-30,San Bernardino,71,2135413,291305,290704,8986,299690,4640
2021-04-30,San Diego,73,3302833,277492,276157,0,276157,3702
2021-04-30,San Francisco,75,870044,36232,36453,1363,37816,538
2021-04-30,San Joaquin,77,732212,71857,71311,3638,74949,1306
2021-04-30,San Luis Obispo,79,281455,20955,20884,753,21637,255
2021-04-30,San Mateo,81,765935,41895,41583,466,42049,380
2021-04-30,Santa Barbara,83,443738,34184,34061,1243,35304,451
2021-04-30,Santa Clara,85,1922200,117080,118170,769,118939,1988
2021-04-30,Santa Cruz,87,273765,16033,15975,874,16849,207
2021-04-30,Shasta,89,179085,11854,11848,1527,13375,197
2021-04-30,Sierra,91,2930,54,53,14,67,0
2021-04-30,Siskiyou,93,43540,1750,1628,329,1957,11
2021-04-30,Solano,95,438530,32168,32050,511,32561,249
2021-04-30,Sonoma,97,501317,29657,29816,326,30142,318
2021-04-30,Stanislaus,99,539301,54923,54938,6058,60996,774
2021-04-30,Sutter,101,95872,9328,9353,86,9439,110
2021-04-30,Tehama,103,63373,4947,4944,589,5533,53
2021-04-30,Trinity,105,12862,361,326,54,380,3
2021-04-30,Tulare,107,460477,49163,48797,9345,58142,836
2021-04-30,Tuolumne,109,53932,4029,4033,36,4069,61
2021-04-30,Ventura,111,848112,80458,80232,3067,83299,1004
2021-04-30,Yolo,113,214977,13809,13756,297,14053,208
2021-04-30,Yuba,115,75493,5886,5870,124,5994,44
2021-04-29,Alameda,1,1643700,86636,86490,1995,88485,1263
2021-04-29,Alpine,3,1148,88,88,0,88,0
2021-04-29,Amador,5,37829,3649,3649,35,3684,46
2021-04-29,Butte,7,227075,12101,11787,1838,13625,196
2021-04-29,Calaveras,9,45235,2099,2082,14,2096,50
2021-04-29,Colusa,11,21464,1922,1929,301,2230,14
2021-04-29,Contra Costa,13,1133247,68110,67606,1276,68882,795
2021-04-29,Del Norte,15,27424,1304,1271,6,1277,6
2021-04-29,El Dorado,17,186661,9959,9884,739,10623,107
2021-04-29,Fresno,19,978130,100905,101189,8857,110046,1667
2021-04-29,Glenn,21,27897,2373,2369,556,2925,17
2021-04-29,Humboldt,23,135768,3850,3815,30,3845,36
2021-04-29,Imperial,25,180216,28198,28235,2818,31053,720
2021-04-29,Inyo,27,18085,1398,1396,3,1399,36
2021-04-29,Kern,29,883053,95981,95547,11059,106606,1295
2021-04-29,Kings,31,150075,22811,22777,1170,23947,245
2021-04-29,Lake,33,64148,3452,3438,9,3447,43
2021-04-29,Lassen,35,31185,5159,5140,110,5250,1
2021-04-29,Los Angeles,37,10098052,1196576,1192068,43460,1235528,23899
2021-04-29,Madera,39,155013,16400,16383,942,17325,235
2021-04-29,Marin,41,260295,13908,13884,246,14130,228
2021-04-29,Mariposa,43,17540,421,416,11,427,5
2021-04-29,Mendocino,45,87422,3831,3774,74,3848,46
2021-04-29,Merced,47,269075,30651,30706,987,31693,444
2021-04-29,Modoc,49,8938,366,360,122,482,3
2021-04-29,Mono,51,14174,1234,1259,13,1272,3
2021-04-29,Monterey,53,433212,42800,42797,1904,44701,379
2021-04-29,Napa,55,140530,9787,9789,33,9822,81
2021-04-29,Nevada,57,99092,4677,4590,193,4783,70
2021-04-29,Orange,59,3164182,253313,252823,11517,264340,4934
2021-04-29,Placer,61,380077,22608,22161,1474,23635,286
2021-04-29,Plumas,63,18699,687,676,11,687,4
2021-04-29,Riverside,65,2383286,289549,286947,14621,301568,4409
2021-04-29,Sacramento,67,1510023,103344,102686,1722,104408,1593
2021-04-29,San Benito,69,59416,6016,6023,117,6140,63
2021-04-29,San Bernardino,71,2135413,291231,290606,8981,299587,4609
2021-04-29,San Diego,73,3302833,277343,275961,0,275961,3700
2021-04-29,San Francisco,75,870044,36206,36412,1363,37775,537
2021-04-29,San Joaquin,77,732212,71792,71225,3633,74858,1301
2021-04-29,San Luis Obispo,79,281455,20944,20876,753,21629,255
2021-04-29,San Mateo,81,765935,41866,41538,465,42003,358
2021-04-29,Santa Barbara,83,443738,34168,34039,1241,35280,448
2021-04-29,Santa Clara,85,1922200,117025,118082,767,118849,1984
2021-04-29,Santa Cruz,87,273765,16027,15961,874,16835,205
2021-04-29,Shasta,89,179085,11824,11836,1518,13354,193
2021-04-29,Sierra,91,2930,54,53,14,67,0
2021-04-29,Siskiyou,93,43540,1741,1615,326,1941,11
2021-04-29,Solano,95,438530,32128,32002,506,32508,248
2021-04-29,Sonoma,97,501317,29642,29785,323,30108,318
2021-04-29,Stanislaus,99,539301,54856,54836,6053,60889,774
2021-04-29,Sutter,101,95872,9321,9346,86,9432,110
2021-04-29,Tehama,103,63373,4939,4939,589,5528,53
2021-04-29,Trinity,105,12862,361,326,54,380,3
2021-04-29,Tulare,107,460477,49148,48785,9331,58116,832
2021-04-29,Tuolumne,109,53932,4028,4030,36,4066,58
2021-04-29,Ventura,111,848112,80424,80188,3065,83253,1002
2021-04-29,Yolo,113,214977,13789,13745,296,14041,205
2021-04-29,Yuba,115,75493,5876,5865,124,5989,44
2021-04-28,Alameda,1,1643700,86565,86390,1990,88380,1260
2021-04-28,Alpine,3,1148,88,88,0,88,0
2021-04-28,Amador,5,37829,3649,3646,35,3681,46
2021-04-28,Butte,7,227075,12081,11762,1833,13595,196
2021-04-28,Calaveras,9,45235,2095,2078,13,2091,50
2021-04-28,Colusa,11,21464,1919,1927,300,2227,14
2021-04-28,Contra Costa,13,1133247,68050,67539,1275,68814,795
2021-04-28,Del Norte,15,27424,1296,1267,6,1273,6
2021-04-28,El Dorado,17,186661,9935,9873,739,10612,107
2021-04-28,Fresno,19,978130,100859,101161,8846,110007,1666
2021-04-28,Glenn,21,27897,2370,2368,556,2924,17
2021-04-28,Humboldt,23,135768,3833,3796,30,3826,36
2021-04-28,Imperial,25,180216,28184,28177,2817,30994,720
2021-04-28,Inyo,27,18085,1398,1396,2,1398,36
2021-04-28,Kern,29,883053,95951,95494,11051,106545,1295
2021-04-28,Kings,31,150075,22800,22767,1167,23934,245
2021-04-28,Lake,33,64148,3449,3433,9,3442,43
2021-04-28,Lassen,35,31185,5159,5138,110,5248,1
2021-04-28,Los Angeles,37,10098052,1196282,1191729,43433,1235162,23858
2021-04-28,Madera,39,155013,16396,16372,942,17314,235
2021-04-28,Marin,41,260295,13897,13866,246,14112,227
2021-04-28,Mariposa,43,17540,418,415,11,426,5
2021-04-28,Mendocino,45,87422,3825,3770,72,3842,46
2021-04-28,Merced,47,269075,30632,30649,987,31636,443
2021-04-28,Modoc,49,8938,366,360,122,482,3
2021-04-28,Mono,51,14174,1234,1258,13,1271,3
2021-04-28,Monterey,53,433212,42795,42776,1904,44680,379
2021-04-28,Napa,55,140530,9776,9777,33,9810,81
2021-04-28,Nevada,57,99092,4658,4570,193,4763,70
2021-04-28,Orange,59,3164182,253236,252747,11502,264249,4931
2021-04-28,Placer,61,380077,22581,22115,1473,23588,285
2021-04-28,Plumas,63,18699,687,676,11,687,4
2021-04-28,Riverside,65,2383286,289493,286868,14616,301484,4407
2021-04-28,Sacramento,67,1510023,103221,102613,1718,104331,1591
2021-04-28,San Benito,69,59416,6014,6021,117,6138,63
2021-04-28,San Bernardino,71,2135413,291157,290548,8970,299518,4582
2021-04-28,San Diego,73,3302833,277188,275821,0,275821,3698
2021-04-28,San Francisco,75,870044,36177,36382,1362,37744,534
2021-04-28,San Joaquin,77,732212,71712,71171,3625,74796,1301
2021-04-28,San Luis Obispo,79,281455,20936,20851,753,21604,255
2021-04-28,San Mateo,81,765935,41841,41498,463,41961,358
2021-04-28,Santa Barbara,83,443738,34154,34003,1241,35244,448
2021-04-28,Santa Clara,85,1922200,116956,117997,764,118761,1969
2021-04-28,Santa Cruz,87,273765,16023,15943,873,16816,205
2021-04-28,Shasta,89,179085,11809,11815,1510,13325,192
2021-04-28,Sierra,91,2930,54,51,14,65,0
2021-04-28,Siskiyou,93,43540,1728,1603,324,1927,11
2021-04-28,Solano,95,438530,32096,31982,502,32484,248
2021-04-28,Sonoma,97,501317,29628,29773,319,30092,318
2021-04-28,Stanislaus,99,539301,54802,54745,6049,60794,774
2021-04-28,Sutter,101,95872,9316,9343,86,9429,110
2021-04-28,Tehama,103,63373,4933,4930,588,5518,53
2021-04-28,Trinity,105,12862,361,326,54,380,3
2021-04-28,Tulare,107,460477,49131,48754,9315,58069,832
2021-04-28,Tuolumne,109,53932,4025,4029,36,4065,58
2021-04-28,Ventura,111,848112,80389,80172,3063,83235,1000
2021-04-28,Yolo,113,214977,13774,13721,295,14016,205
2021-04-28,Yuba,115,75493,5870,5857,124,5981,44
2021-04-27,Alameda,1,1643700,86468,86301,1985,88286,1260
2021-04-27,Alpine,3,1148,88,88,0,88,0
2021-04-27,Amador,5,37829,3649,3645,35,3680,46
2021-04-27,Butte,7,227075,12056,11738,1827,13565,196
2021-04-27,Calaveras,9,45235,2092,2076,13,2089,50
2021-04-27,Colusa,11,21464,1918,1926,300,2226,14
2021-04-27,Contra Costa,13,1133247,67981,67470,1271,68741,791
2021-04-27,Del Norte,15,27424,1284,1266,6,1272,6
2021-04-27,El Dorado,17,186661,9906,9866,736,10602,106
2021-04-27,Fresno,19,978130,100796,101138,8834,109972,1663
2021-04-27,Glenn,21,27897,2370,2368,556,2924,17
2021-04-27,Humboldt,23,135768,3822,3780,30,3810,35
2021-04-27,Imperial,25,180216,28168,28149,2811,30960,720
2021-04-27,Inyo,27,18085,1398,1396,2,1398,36
2021-04-27,Kern,29,883053,95897,95466,11038,106504,1295
2021-04-27,Kings,31,150075,22786,22759,1164,23923,244
2021-04-27,Lake,33,64148,3448,3431,9,3440,43
2021-04-27,Lassen,35,31185,5159,5137,110,5247,1
2021-04-27,Los Angeles,37,10098052,1195964,1191504,43402,1234906,23825
2021-04-27,Madera,39,155013,16389,16365,942,17307,235
2021-04-27,Marin,41,260295,13876,13855,245,14100,227
2021-04-27,Mariposa,43,17540,417,413,11,424,5
2021-04-27,Mendocino,45,87422,3821,3765,72,3837,46
2021-04-27,Merced,47,269075,30592,30620,987,31607,443
2021-04-27,Modoc,49,8938,365,360,122,482,3
2021-04-27,Mono,51,14174,1234,1257,13,1270,3
2021-04-27,Monterey,53,433212,42777,42752,1901,44653,379
2021-04-27,Napa,55,140530,9769,9774,33,9807,81
2021-04-27,Nevada,57,99092,4643,4557,193,4750,70
2021-04-27,Orange,59,3164182,253168,252667,11496,264163,4925
2021-04-27,Placer,61,380077,22550,22050,1470,23520,285
2021-04-27,Plumas,63,18699,686,675,11,686,4
2021-04-27,Riverside,65,2383286,289420,286820,14611,301431,4405
2021-04-27,Sacramento,67,1510023,103094,102595,1708,104303,1589
2021-04-27,San Benito,69,59416,6009,6016,117,6133,63
2021-04-27,San Bernardino,71,2135413,291086,290461,8965,299426,4575
2021-04-27,San Diego,73,3302833,277032,275685,0,275685,3692
2021-04-27,San Francisco,75,870044,36149,36358,1361,37719,533
2021-04-27,San Joaquin,77,732212,71659,71104,3620,74724,1301
2021-04-27,San Luis Obispo,79,281455,20929,20841,753,21594,255
2021-04-27,San Mateo,81,765935,41808,41474,462,41936,358
2021-04-27,Santa Barbara,83,443738,34130,33973,1240,35213,448
2021-04-27,Santa Clara,85,1922200,116906,117945,763,118708,1969
2021-04-27,Santa Cruz,87,273765,16016,15905,872,16777,205
2021-04-27,Shasta,89,179085,11783,11802,1502,13304,192
2021-04-27,Sierra,91,2930,54,51,14,65,0
2021-04-27,Siskiyou,93,43540,1713,1597,323,1920,11
2021-04-27,Solano,95,438530,32048,31964,501,32465,248
2021-04-27,Sonoma,97,501317,29609,29761,318,30079,318
2021-04-27,Stanislaus,99,539301,54732,54695,6041,60736,752
2021-04-27,Sutter,101,95872,9311,9342,86,9428,110
2021-04-27,Tehama,103,63373,4930,4922,584,5506,53
2021-04-27,Trinity,105,12862,361,326,54,380,3
2021-04-27,Tulare,107,460477,49115,48744,9305,58049,832
2021-04-27,Tuolumne,109,53932,4022,4028,36,4064,58
2021-04-27,Ventura,111,848112,80360,80152,3061,83213,1000
2021-04-27,Yolo,113,214977,13761,13697,293,13990,205
2021-04-27,Yuba,115,75493,5870,5853,124,5977,44
2021-04-26,Alameda,1,1643700,86377,86230,1981,88211,1256
2021-04-26,Alpine,3,1148,88,88,0,88,0
2021-04-26,Amador,5,37829,3648,3645,35,3680,46
2021-04-26,Butte,7,227075,12032,11720,1823,13543,196
2021-04-26,Calaveras,9,45235,2083,2074,13,2087,50
2021-04-26,Colusa,11,21464,1918,1925,299,2224,14
2021-04-26,Contra Costa,13,1133247,67913,67392,1267,68659,789
2021-04-26,Del Norte,15,27424,1275,1263,6,1269,6
2021-04-26,El Dorado,17,186661,9885,9849,735,10584,106
2021-04-26,Fresno,19,978130,100741,101099,8821,109920,1662
2021-04-26,Glenn,21,27897,2368,2367,556,2923,17
2021-04-26,Humboldt,23,135768,3812,3764,29,3793,35
2021-04-26,Imperial,25,180216,28155,28148,2808,30956,720
2021-04-26,Inyo,27,18085,1397,1396,2,1398,36
2021-04-26,Kern,29,883053,95872,95429,11031,106460,1295
2021-04-26,Kings,31,150075,22783,22756,1161,23917,244
2021-04-26,Lake,33,64148,3443,3428,9,3437,43
2021-04-26,Lassen,35,31185,5159,5138,110,5248,1
2021-04-26,Los Angeles,37,10098052,1195642,1191253,43381,1234634,23802
2021-04-26,Madera,39,155013,16377,16353,941,17294,231
2021-04-26,Marin,41,260295,13861,13849,245,14094,227
2021-04-26,Mariposa,43,17540,416,410,11,421,5
2021-04-26,Mendocino,45,87422,3819,3757,72,3829,46
2021-04-26,Merced,47,269075,30575,30611,984,31595,443
2021-04-26,Modoc,49,8938,365,360,122,482,3
2021-04-26,Mono,51,14174,1234,1258,13,1271,3
2021-04-26,Monterey,53,433212,42761,42740,1900,44640,379
2021-04-26,Napa,55,140530,9757,9769,33,9802,79
2021-04-26,Nevada,57,99092,4622,4548,193,4741,70
2021-04-26,Orange,59,3164182,253084,252592,11485,264077,4919
2021-04-26,Placer,61,380077,22521,22032,1465,23497,285
2021-04-26,Plumas,63,18699,686,670,11,681,4
2021-04-26,Riverside,65,2383286,289359,286724,14602,301326,4401
2021-04-26,Sacramento,67,1510023,102922,102459,1694,104153,1587
2021-04-26,San Benito,69,59416,6007,6013,117,6130,63
2021-04-26,San Bernardino,71,2135413,291034,290394,8963,299357,4572
2021-04-26,San Diego,73,3302833,276858,275541,0,275541,3692
2021-04-26,San Francisco,75,870044,36122,36330,1359,37689,532
2021-04-26,San Joaquin,77,732212,71593,71050,3612,74662,1301
2021-04-26,San Luis Obispo,79,281455,20921,20830,752,21582,255
2021-04-26,San Mateo,81,765935,41778,41457,462,41919,357
2021-04-26,Santa Barbara,83,443738,34099,33948,1240,35188,448
2021-04-26,Santa Clara,85,1922200,116807,117874,759,118633,1968
2021-04-26,Santa Cruz,87,273765,16007,15877,872,16749,205
2021-04-26,Shasta,89,179085,11766,11787,1496,13283,192
2021-04-26,Sierra,91,2930,53,51,14,65,0
2021-04-26,Siskiyou,93,43540,1703,1592,319,1911,11
2021-04-26,Solano,95,438530,32003,31913,499,32412,247
2021-04-26,Sonoma,97,501317,29586,29755,316,30071,318
2021-04-26,Stanislaus,99,539301,54642,54638,6035,60673,744
2021-04-26,Sutter,101,95872,9306,9328,86,9414,110
2021-04-26,Tehama,103,63373,4925,4920,581,5501,53
2021-04-26,Trinity,105,12862,361,326,54,380,3
2021-04-26,Tulare,107,460477,49095,48735,9296,58031,831
2021-04-26,Tuolumne,109,53932,4021,4024,36,4060,58
2021-04-26,Ventura,111,848112,80335,80137,3058,83195,999
2021-04-26,Yolo,113,214977,13741,13684,290,13974,205
2021-04-26,Yuba,115,75493,5868,5851,124,5975,44
2021-04-25,Alameda,1,1643700,86270,86162,1974,88136,1256
2021-04-25,Alpine,3,1148,88,87,0,87,0
2021-04-25,Amador,5,37829,3647,3643,35,3678,46
2021-04-25,Butte,7,227075,12003,11709,1816,13525,196
2021-04-25,Calaveras,9,45235,2077,2072,12,2084,50
2021-04-25,Colusa,11,21464,1917,1924,299,2223,14
2021-04-25,Contra Costa,13,1133247,67821,67316,1266,68582,789
2021-04-25,Del Norte,15,27424,1269,1259,6,1265,6
2021-04-25,El Dorado,17,186661,9869,9837,733,10570,106
2021-04-25,Fresno,19,978130,100683,101061,8809,109870,1662
2021-04-25,Glenn,21,27897,2368,2366,556,2922,17
2021-04-25,Humboldt,23,135768,3799,3751,29,3780,35
2021-04-25,Imperial,25,180216,28130,28136,2804,30940,720
2021-04-25,Inyo,27,18085,1397,1396,2,1398,36
2021-04-25,Kern,29,883053,95811,95398,11017,106415,1295
2021-04-25,Kings,31,150075,22769,22755,1159,23914,244
2021-04-25,Lake,33,64148,3441,3427,9,3436,43
2021-04-25,Lassen,35,31185,5157,5138,110,5248,1
2021-04-25,Los Angeles,37,10098052,1195311,1190970,43359,1234329,23799
2021-04-25,Madera,39,155013,16365,16346,941,17287,231
2021-04-25,Marin,41,260295,13852,13852,245,14097,227
2021-04-25,Mariposa,43,17540,416,410,11,421,5
2021-04-25,Mendocino,45,87422,3812,3757,72,3829,46
2021-04-25,Merced,47,269075,30540,30586,984,31570,443
2021-04-25,Modoc,49,8938,365,360,122,482,3
2021-04-25,Mono,51,14174,1234,1257,13,1270,3
2021-04-25,Monterey,53,433212,42748,42737,1898,44635,379
2021-04-25,Napa,55,140530,9752,9762,33,9795,79
2021-04-25,Nevada,57,99092,4610,4536,193,4729,70
2021-04-25,Orange,59,3164182,253006,252531,11478,264009,4919
2021-04-25,Placer,61,380077,22474,22011,1457,23468,285
2021-04-25,Plumas,63,18699,685,670,11,681,4
2021-04-25,Riverside,65,2383286,289266,286651,14596,301247,4401
2021-04-25,Sacramento,67,1510023,102753,102319,1684,104003,1587
2021-04-25,San Benito,69,59416,6005,6014,116,6130,63
2021-04-25,San Bernardino,71,2135413,290955,290357,8955,299312,4571
2021-04-25,San Diego,73,3302833,276645,275412,0,275412,3692
2021-04-25,San Francisco,75,870044,36092,36310,1359,37669,532
2021-04-25,San Joaquin,77,732212,71498,70987,3601,74588,1301
2021-04-25,San Luis Obispo,79,281455,20902,20820,750,21570,255
2021-04-25,San Mateo,81,765935,41744,41465,461,41926,356
2021-04-25,Santa Barbara,83,443738,34073,33931,1240,35171,448
2021-04-25,Santa Clara,85,1922200,116728,117778,757,118535,1968
2021-04-25,Santa Cruz,87,273765,16001,15868,870,16738,205
2021-04-25,Shasta,89,179085,11743,11784,1491,13275,192
2021-04-25,Sierra,91,2930,53,51,14,65,0
2021-04-25,Siskiyou,93,43540,1692,1580,317,1897,11
2021-04-25,Solano,95,438530,31956,31864,491,32355,247
2021-04-25,Sonoma,97,501317,29568,29756,316,30072,318
2021-04-25,Stanislaus,99,539301,54547,54543,6026,60569,744
2021-04-25,Sutter,101,95872,9300,9326,86,9412,110
2021-04-25,Tehama,103,63373,4921,4916,579,5495,53
2021-04-25,Trinity,105,12862,361,326,54,380,3
2021-04-25,Tulare,107,460477,49080,48728,9282,58010,831
2021-04-25,Tuolumne,109,53932,4019,4022,36,4058,58
2021-04-25,Ventura,111,848112,80311,80110,3058,83168,999
2021-04-25,Yolo,113,214977,13719,13667,288,13955,205
2021-04-25,Yuba,115,75493,5865,5849,123,5972,44
2021-04-24,Alameda,1,1643700,86214,86016,1972,87988,1257
2021-04-24,Alpine,3,1148,88,86,0,86,0
2021-04-24,Amador,5,37829,3646,3640,35,3675,46
2021-04-24,Butte,7,227075,11987,11678,1814,13492,196
2021-04-24,Calaveras,9,45235,2074,2067,12,2079,50
2021-04-24,Colusa,11,21464,1916,1921,299,2220,14
2021-04-24,Contra Costa,13,1133247,67752,67222,1264,68486,789
2021-04-24,Del Norte,15,27424,1264,1255,6,1261,6
2021-04-24,El Dorado,17,186661,9858,9814,732,10546,106
2021-04-24,Fresno,19,978130,100652,100991,8803,109794,1662
2021-04-24,Glenn,21,27897,2368,2363,556,2919,17
2021-04-24,Humboldt,23,135768,3785,3722,29,3751,35
2021-04-24,Imperial,25,180216,28123,28124,2803,30927,720
2021-04-24,Inyo,27,18085,1396,1396,2,1398,36
2021-04-24,Kern,29,883053,95793,95365,11006,106371,1295
2021-04-24,Kings,31,150075,22766,22749,1159,23908,244
2021-04-24,Lake,33,64148,3440,3426,9,3435,43
2021-04-24,Lassen,35,31185,5156,5137,110,5247,1
2021-04-24,Los Angeles,37,10098052,1195089,1190603,43339,1233942,23802
2021-04-24,Madera,39,155013,16362,16338,941,17279,231
2021-04-24,Marin,41,260295,13844,13847,245,14092,227
2021-04-24,Mariposa,43,17540,416,409,11,420,5
2021-04-24,Mendocino,45,87422,3810,3754,71,3825,46
2021-04-24,Merced,47,269075,30520,30559,984,31543,443
2021-04-24,Modoc,49,8938,365,360,122,482,3
2021-04-24,Mono,51,14174,1234,1256,13,1269,3
2021-04-24,Monterey,53,433212,42736,42727,1897,44624,379
2021-04-24,Napa,55,140530,9746,9756,33,9789,79
2021-04-24,Nevada,57,99092,4603,4522,193,4715,70
2021-04-24,Orange,59,3164182,252962,252441,11473,263914,4910
2021-04-24,Placer,61,380077,22462,21983,1456,23439,285
2021-04-24,Plumas,63,18699,684,670,11,681,4
2021-04-24,Riverside,65,2383286,289198,286552,14592,301144,4400
2021-04-24,Sacramento,67,1510023,102669,102179,1677,103856,1587
2021-04-24,San Benito,69,59416,6003,6007,116,6123,63
2021-04-24,San Bernardino,71,2135413,290906,290264,8953,299217,4568
2021-04-24,San Diego,73,3302833,276541,275252,0,275252,3688
2021-04-24,San Francisco,75,870044,36063,36285,1355,37640,532
2021-04-24,San Joaquin,77,732212,71455,70911,3597,74508,1301
2021-04-24,San Luis Obispo,79,281455,20892,20797,749,21546,255
2021-04-24,San Mateo,81,765935,41731,41424,459,41883,355
2021-04-24,Santa Barbara,83,443738,34058,33911,1239,35150,448
2021-04-24,Santa Clara,85,1922200,116673,117674,755,118429,1968
2021-04-24,Santa Cruz,87,273765,15993,15840,870,16710,205
2021-04-24,Shasta,89,179085,11725,11770,1488,13258,192
2021-04-24,Sierra,91,2930,53,51,14,65,0
2021-04-24,Siskiyou,93,43540,1682,1574,316,1890,11
2021-04-24,Solano,95,438530,31933,31821,489,32310,247
2021-04-24,Sonoma,97,501317,29565,29739,316,30055,318
2021-04-24,Stanislaus,99,539301,54498,54455,6023,60478,744
2021-04-24,Sutter,101,95872,9297,9316,86,9402,110
2021-04-24,Tehama,103,63373,4916,4907,579,5486,53
2021-04-24,Trinity,105,12862,361,326,54,380,3
2021-04-24,Tulare,107,460477,49069,48705,9272,57977,830
2021-04-24,Tuolumne,109,53932,4015,4020,36,4056,58
2021-04-24,Ventura,111,848112,80298,80097,3056,83153,999
2021-04-24,Yolo,113,214977,13708,13653,288,13941,205
2021-04-24,Yuba,115,75493,5863,5837,123,5960,44
2021-04-23,Alameda,1,1643700,86143,85935,1970,87905,1256
2021-04-23,Alpine,3,1148,87,86,0,86,0
2021-04-23,Amador,5,37829,3645,3637,35,3672,46
2021-04-23,Butte,7,227075,11966,11672,1809,13481,196
2021-04-23,Calaveras,9,45235,2072,2064,12,2076,50
2021-04-23,Colusa,11,21464,1915,1921,299,2220,14
2021-04-23,Contra Costa,13,1133247,67698,67164,1260,68424,785
2021-04-23,Del Norte,15,27424,1263,1254,6,1260,6
2021-04-23,El Dorado,17,186661,9841,9788,729,10517,106
2021-04-23,Fresno,19,978130,100612,100928,8796,109724,1662
2021-04-23,Glenn,21,27897,2368,2361,555,2916,17
2021-04-23,Humboldt,23,135768,3774,3698,29,3727,35
2021-04-23,Imperial,25,180216,28108,28108,2802,30910,720
2021-04-23,Inyo,27,18085,1396,1395,2,1397,36
2021-04-23,Kern,29,883053,95768,95330,11001,106331,1295
2021-04-23,Kings,31,150075,22763,22735,1159,23894,244
2021-04-23,Lake,33,64148,3438,3425,9,3434,43
2021-04-23,Lassen,35,31185,5156,5141,110,5251,1
2021-04-23,Los Angeles,37,10098052,1194826,1190264,43313,1233577,23785
2021-04-23,Madera,39,155013,16353,16328,941,17269,231
2021-04-23,Marin,41,260295,13839,13838,245,14083,227
2021-04-23,Mariposa,43,17540,415,405,11,416,5
2021-04-23,Mendocino,45,87422,3808,3745,70,3815,46
2021-04-23,Merced,47,269075,30502,30530,984,31514,443
2021-04-23,Modoc,49,8938,365,360,122,482,3
2021-04-23,Mono,51,14174,1232,1256,13,1269,3
2021-04-23,Monterey,53,433212,42730,42722,1897,44619,377
2021-04-23,Napa,55,140530,9740,9752,33,9785,79
2021-04-23,Nevada,57,99092,4594,4510,193,4703,70
2021-04-23,Orange,59,3164182,252919,252399,11467,263866,4904
2021-04-23,Placer,61,380077,22439,21959,1455,23414,282
2021-04-23,Plumas,63,18699,683,670,11,681,4
2021-04-23,Riverside,65,2383286,289141,286456,14587,301043,4399
2021-04-23,Sacramento,67,1510023,102582,102041,1674,103715,1586
2021-04-23,San Benito,69,59416,6001,6005,116,6121,63
2021-04-23,San Bernardino,71,2135413,290856,290189,8951,299140,4568
2021-04-23,San Diego,73,3302833,276402,275097,0,275097,3684
2021-04-23,San Francisco,75,870044,36046,36252,1354,37606,532
2021-04-23,San Joaquin,77,732212,71399,70840,3594,74434,1295
2021-04-23,San Luis Obispo,79,281455,20884,20781,748,21529,255
2021-04-23,San Mateo,81,765935,41705,41386,459,41845,355
2021-04-23,Santa Barbara,83,443738,34048,33895,1237,35132,447
2021-04-23,Santa Clara,85,1922200,116612,117593,754,118347,1965
2021-04-23,Santa Cruz,87,273765,15986,15802,870,16672,205
2021-04-23,Shasta,89,179085,11718,11759,1487,13246,192
2021-04-23,Sierra,91,2930,53,51,14,65,0
2021-04-23,Siskiyou,93,43540,1670,1567,314,1881,11
2021-04-23,Solano,95,438530,31901,31784,485,32269,247
2021-04-23,Sonoma,97,501317,29551,29727,316,30043,318
2021-04-23,Stanislaus,99,539301,54435,54391,6015,60406,744
2021-04-23,Sutter,101,95872,9295,9312,86,9398,110
2021-04-23,Tehama,103,63373,4913,4906,579,5485,53
2021-04-23,Trinity,105,12862,361,326,54,380,3
2021-04-23,Tulare,107,460477,49052,48694,9264,57958,829
2021-04-23,Tuolumne,109,53932,4014,4020,36,4056,58
2021-04-23,Ventura,111,848112,80279,80095,3056,83151,996
2021-04-23,Yolo,113,214977,13697,13647,287,13934,205
2021-04-23,Yuba,115,75493,5860,5828,123,5951,44
2021-04-22,Alameda,1,1643700,86052,85829,1969,87798,1253
2021-04-22,Alpine,3,1148,87,86,0,86,0
2021-04-22,Amador,5,37829,3644,3633,35,3668,46
2021-04-22,Butte,7,227075,11952,11656,1806,13462,196
2021-04-22,Calaveras,9,45235,2070,2059,12,2071,50
2021-04-22,Colusa,11,21464,1913,1920,297,2217,14
2021-04-22,Contra Costa,13,1133247,67627,67029,1254,68283,782
2021-04-22,Del Norte,15,27424,1258,1252,6,1258,6
2021-04-22,El Dorado,17,186661,9830,9773,726,10499,106
2021-04-22,Fresno,19,978130,100568,100864,8786,109650,1657
2021-04-22,Glenn,21,27897,2367,2361,555,2916,17
2021-04-22,Humboldt,23,135768,3765,3680,29,3709,35
2021-04-22,Imperial,25,180216,28086,28096,2799,30895,720
2021-04-22,Inyo,27,18085,1395,1394,2,1396,36
2021-04-22,Kern,29,883053,95726,95292,10986,106278,1299
2021-04-22,Kings,31,150075,22753,22725,1159,23884,243
2021-04-22,Lake,33,64148,3436,3423,9,3432,43
2021-04-22,Lassen,35,31185,5156,5155,110,5265,1
2021-04-22,Los Angeles,37,10098052,1194509,1189878,43290,1233168,23762
2021-04-22,Madera,39,155013,16334,16316,941,17257,231
2021-04-22,Marin,41,260295,13831,13832,245,14077,227
2021-04-22,Mariposa,43,17540,414,403,11,414,5
2021-04-22,Mendocino,45,87422,3802,3729,70,3799,46
2021-04-22,Merced,47,269075,30468,30490,983,31473,443
2021-04-22,Modoc,49,8938,365,360,122,482,3
2021-04-22,Mono,51,14174,1232,1254,13,1267,3
2021-04-22,Monterey,53,433212,42723,42708,1895,44603,377
2021-04-22,Napa,55,140530,9730,9734,33,9767,79
2021-04-22,Nevada,57,99092,4585,4504,191,4695,70
2021-04-22,Orange,59,3164182,252848,252307,11455,263762,4898
2021-04-22,Placer,61,380077,22409,21916,1451,23367,282
2021-04-22,Plumas,63,18699,682,670,11,681,4
2021-04-22,Riverside,65,2383286,289046,286362,14578,300940,4398
2021-04-22,Sacramento,67,1510023,102433,101870,1664,103534,1585
2021-04-22,San Benito,69,59416,5997,5998,116,6114,63
2021-04-22,San Bernardino,71,2135413,290783,290125,8943,299068,4571
2021-04-22,San Diego,73,3302833,276236,275913,0,275913,3684
2021-04-22,San Francisco,75,870044,36024,36218,1351,37569,532
2021-04-22,San Joaquin,77,732212,71340,70751,3588,74339,1295
2021-04-22,San Luis Obispo,79,281455,20870,20761,748,21509,255
2021-04-22,San Mateo,81,765935,41678,41345,457,41802,355
2021-04-22,Santa Barbara,83,443738,34025,33870,1236,35106,446
2021-04-22,Santa Clara,85,1922200,116523,117457,750,118207,1954
2021-04-22,Santa Cruz,87,273765,15983,15737,869,16606,205
2021-04-22,Shasta,89,179085,11703,11738,1484,13222,192
2021-04-22,Sierra,91,2930,53,51,14,65,0
2021-04-22,Siskiyou,93,43540,1666,1564,313,1877,11
2021-04-22,Solano,95,438530,31855,31731,482,32213,247
2021-04-22,Sonoma,97,501317,29537,29705,312,30017,318
2021-04-22,Stanislaus,99,539301,54362,54313,6009,60322,744
2021-04-22,Sutter,101,95872,9291,9302,86,9388,110
2021-04-22,Tehama,103,63373,4907,4896,575,5471,53
2021-04-22,Trinity,105,12862,361,326,54,380,3
2021-04-22,Tulare,107,460477,49033,48669,9254,57923,828
2021-04-22,Tuolumne,109,53932,4010,4020,36,4056,58
2021-04-22,Ventura,111,848112,80254,80073,3054,83127,996
2021-04-22,Yolo,113,214977,13676,13616,287,13903,205
2021-04-22,Yuba,115,75493,5849,5825,123,5948,44
2021-04-21,Alameda,1,1643700,85970,85762,1967,87729,1249
2021-04-21,Alpine,3,1148,87,86,0,86,0
2021-04-21,Amador,5,37829,3641,3632,35,3667,46
2021-04-21,Butte,7,227075,11932,11643,1804,13447,196
2021-04-21,Calaveras,9,45235,2059,2057,12,2069,50
2021-04-21,Colusa,11,21464,1911,1920,296,2216,14
2021-04-21,Contra Costa,13,1133247,67561,66981,1253,68234,782
2021-04-21,Del Norte,15,27424,1254,1252,6,1258,6
2021-04-21,El Dorado,17,186661,9813,9760,724,10484,106
2021-04-21,Fresno,19,978130,100513,100838,8780,109618,1654
2021-04-21,Glenn,21,27897,2366,2361,555,2916,17
2021-04-21,Humboldt,23,135768,3745,3642,29,3671,35
2021-04-21,Imperial,25,180216,28073,28052,2798,30850,719
2021-04-21,Inyo,27,18085,1395,1392,2,1394,36
2021-04-21,Kern,29,883053,95682,95257,10976,106233,1297
2021-04-21,Kings,31,150075,22746,22713,1158,23871,243
2021-04-21,Lake,33,64148,3433,3421,9,3430,43
2021-04-21,Lassen,35,31185,5155,5156,110,5266,1
2021-04-21,Los Angeles,37,10098052,1194173,1189530,43266,1232796,23729
2021-04-21,Madera,39,155013,16329,16309,941,17250,231
2021-04-21,Marin,41,260295,13816,13822,245,14067,227
2021-04-21,Mariposa,43,17540,413,402,11,413,5
2021-04-21,Mendocino,45,87422,3800,3729,70,3799,46
2021-04-21,Merced,47,269075,30447,30471,982,31453,442
2021-04-21,Modoc,49,8938,365,360,122,482,3
2021-04-21,Mono,51,14174,1232,1254,13,1267,3
2021-04-21,Monterey,53,433212,42708,42699,1893,44592,377
2021-04-21,Napa,55,140530,9724,9727,33,9760,79
2021-04-21,Nevada,57,99092,4571,4499,191,4690,70
2021-04-21,Orange,59,3164182,252773,252243,11442,263685,4889
2021-04-21,Placer,61,380077,22380,21896,1446,23342,282
2021-04-21,Plumas,63,18699,682,670,11,681,4
2021-04-21,Riverside,65,2383286,288951,286299,14571,300870,4388
2021-04-21,Sacramento,67,1510023,102307,101803,1658,103461,1579
2021-04-21,San Benito,69,59416,5994,5998,116,6114,63
2021-04-21,San Bernardino,71,2135413,290706,290049,8941,298990,4572
2021-04-21,San Diego,73,3302833,276028,275632,0,275632,3681
2021-04-21,San Francisco,75,870044,36004,36194,1350,37544,529
2021-04-21,San Joaquin,77,732212,71286,70687,3577,74264,1295
2021-04-21,San Luis Obispo,79,281455,20855,20724,747,21471,255
2021-04-21,San Mateo,81,765935,41647,41318,456,41774,355
2021-04-21,Santa Barbara,83,443738,34006,33830,1235,35065,445
2021-04-21,Santa Clara,85,1922200,116447,117318,744,118062,1946
2021-04-21,Santa Cruz,87,273765,15974,15698,869,16567,204
2021-04-21,Shasta,89,179085,11684,11722,1482,13204,192
2021-04-21,Sierra,91,2930,53,51,14,65,0
2021-04-21,Siskiyou,93,43540,1659,1557,313,1870,11
2021-04-21,Solano,95,438530,31816,31712,481,32193,244
2021-04-21,Sonoma,97,501317,29526,29697,310,30007,318
2021-04-21,Stanislaus,99,539301,54301,54290,6003,60293,742
2021-04-21,Sutter,101,95872,9283,9297,86,9383,110
2021-04-21,Tehama,103,63373,4900,4893,574,5467,53
2021-04-21,Trinity,105,12862,361,326,54,380,3
2021-04-21,Tulare,107,460477,49018,48653,9241,57894,828
2021-04-21,Tuolumne,109,53932,4007,4019,36,4055,58
2021-04-21,Ventura,111,848112,80222,80039,3051,83090,996
2021-04-21,Yolo,113,214977,13656,13606,286,13892,200
2021-04-21,Yuba,115,75493,5842,5822,122,5944,44
2021-04-20,Alameda,1,1643700,85875,85652,1965,87617,1248
2021-04-20,Alpine,3,1148,86,85,0,85,0
2021-04-20,Amador,5,37829,3640,3631,35,3666,46
2021-04-20,Butte,7,227075,11914,11619,1802,13421,196
2021-04-20,Calaveras,9,45235,2057,2053,12,2065,50
2021-04-20,Colusa,11,21464,1911,1915,295,2210,14
2021-04-20,Contra Costa,13,1133247,67478,66889,1250,68139,782
2021-04-20,Del Norte,15,27424,1253,1250,6,1256,6
2021-04-20,El Dorado,17,186661,9785,9743,722,10465,106
2021-04-20,Fresno,19,978130,100456,100768,8770,109538,1650
2021-04-20,Glenn,21,27897,2364,2359,554,2913,17
2021-04-20,Humboldt,23,135768,3724,3612,29,3641,35
2021-04-20,Imperial,25,180216,28053,28024,2795,30819,719
2021-04-20,Inyo,27,18085,1395,1393,2,1395,36
2021-04-20,Kern,29,883053,95647,95223,10959,106182,1295
2021-04-20,Kings,31,150075,22740,22693,1155,23848,243
2021-04-20,Lake,33,64148,3431,3418,9,3427,43
2021-04-20,Lassen,35,31185,5155,5155,110,5265,1
2021-04-20,Los Angeles,37,10098052,1193832,1189256,43236,1232492,23694
2021-04-20,Madera,39,155013,16323,16301,941,17242,231
2021-04-20,Marin,41,260295,13802,13807,245,14052,227
2021-04-20,Mariposa,43,17540,412,402,11,413,5
2021-04-20,Mendocino,45,87422,3799,3726,70,3796,46
2021-04-20,Merced,47,269075,30419,30439,982,31421,441
2021-04-20,Modoc,49,8938,365,359,122,481,3
2021-04-20,Mono,51,14174,1231,1254,13,1267,3
2021-04-20,Monterey,53,433212,42697,42663,1890,44553,363
2021-04-20,Napa,55,140530,9720,9711,33,9744,79
2021-04-20,Nevada,57,99092,4554,4485,190,4675,70
2021-04-20,Orange,59,3164182,252683,252134,11431,263565,4887
2021-04-20,Placer,61,380077,22346,21846,1442,23288,282
2021-04-20,Plumas,63,18699,681,670,11,681,4
2021-04-20,Riverside,65,2383286,288858,286194,14565,300759,4388
2021-04-20,Sacramento,67,1510023,102169,101629,1650,103279,1574
2021-04-20,San Benito,69,59416,5991,5988,116,6104,63
2021-04-20,San Bernardino,71,2135413,290625,289905,8938,298843,4569
2021-04-20,San Diego,73,3302833,275798,275369,0,275369,3674
2021-04-20,San Francisco,75,870044,35985,36117,1349,37466,529
2021-04-20,San Joaquin,77,732212,71213,70590,3568,74158,1289
2021-04-20,San Luis Obispo,79,281455,20832,20691,739,21430,254
2021-04-20,San Mateo,81,765935,41616,41251,456,41707,355
2021-04-20,Santa Barbara,83,443738,33988,33803,1235,35038,445
2021-04-20,Santa Clara,85,1922200,116350,117228,739,117967,1944
2021-04-20,Santa Cruz,87,273765,15962,15647,869,16516,204
2021-04-20,Shasta,89,179085,11668,11677,1479,13156,189
2021-04-20,Sierra,91,2930,53,51,14,65,0
2021-04-20,Siskiyou,93,43540,1651,1551,312,1863,10
2021-04-20,Solano,95,438530,31761,31673,477,32150,243
2021-04-20,Sonoma,97,501317,29517,29676,308,29984,311
2021-04-20,Stanislaus,99,539301,54236,54236,5990,60226,735
2021-04-20,Sutter,101,95872,9279,9279,86,9365,109
2021-04-20,Tehama,103,63373,4895,4887,573,5460,52
2021-04-20,Trinity,105,12862,361,326,54,380,3
2021-04-20,Tulare,107,460477,48998,48650,9230,57880,831
2021-04-20,Tuolumne,109,53932,4007,4014,36,4050,58
2021-04-20,Ventura,111,848112,80194,80018,3049,83067,995
2021-04-20,Yolo,113,214977,13638,13581,284,13865,200
2021-04-20,Yuba,115,75493,5832,5814,122,5936,44
2021-04-19,Alameda,1,1643700,85753,85583,1962,87545,1247
2021-04-19,Alpine,3,1148,86,85,0,85,0
2021-04-19,Amador,5,37829,3639,3629,35,3664,46
2021-04-19,Butte,7,227075,11895,11601,1797,13398,196
2021-04-19,Calaveras,9,45235,2054,2050,12,2062,50
2021-04-19,Colusa,11,21464,1911,1913,294,2207,14
2021-04-19,Contra Costa,13,1133247,67401,66833,1247,68080,782
2021-04-19,Del Norte,15,27424,1251,1247,6,1253,6
2021-04-19,El Dorado,17,186661,9768,9726,717,10443,106
2021-04-19,Fresno,19,978130,100388,100702,8758,109460,1646
2021-04-19,Glenn,21,27897,2364,2358,553,2911,17
2021-04-19,Humboldt,23,135768,3703,3602,27,3629,35
2021-04-19,Imperial,25,180216,28033,27995,2795,30790,719
2021-04-19,Inyo,27,18085,1395,1392,2,1394,36
2021-04-19,Kern,29,883053,95619,95162,10944,106106,1290
2021-04-19,Kings,31,150075,22724,22688,1155,23843,243
2021-04-19,Lake,33,64148,3430,3416,9,3425,43
2021-04-19,Lassen,35,31185,5154,5156,110,5266,1
2021-04-19,Los Angeles,37,10098052,1193457,1188945,43209,1232154,23666
2021-04-19,Madera,39,155013,16312,16289,940,17229,231
2021-04-19,Marin,41,260295,13791,13804,244,14048,226
2021-04-19,Mariposa,43,17540,411,401,11,412,5
2021-04-19,Mendocino,45,87422,3797,3722,70,3792,46
2021-04-19,Merced,47,269075,30390,30422,981,31403,441
2021-04-19,Modoc,49,8938,365,359,122,481,3
2021-04-19,Mono,51,14174,1230,1254,13,1267,3
2021-04-19,Monterey,53,433212,42684,42642,1885,44527,356
2021-04-19,Napa,55,140530,9712,9680,33,9713,79
2021-04-19,Nevada,57,99092,4538,4477,190,4667,70
2021-04-19,Orange,59,3164182,252567,252013,11417,263430,4883
2021-04-19,Placer,61,380077,22323,21814,1438,23252,282
2021-04-19,Plumas,63,18699,681,665,11,676,4
2021-04-19,Riverside,65,2383286,288767,286087,14555,300642,4371
2021-04-19,Sacramento,67,1510023,102036,101482,1638,103120,1572
2021-04-19,San Benito,69,59416,5983,5989,116,6105,63
2021-04-19,San Bernardino,71,2135413,290540,289738,8932,298670,4561
2021-04-19,San Diego,73,3302833,275550,275113,0,275113,3674
2021-04-19,San Francisco,75,870044,35950,36094,1346,37440,529
2021-04-19,San Joaquin,77,732212,71134,70514,3560,74074,1289
2021-04-19,San Luis Obispo,79,281455,20805,20669,733,21402,254
2021-04-19,San Mateo,81,765935,41584,41226,455,41681,355
2021-04-19,Santa Barbara,83,443738,33974,33786,1235,35021,446
2021-04-19,Santa Clara,85,1922200,116240,117099,735,117834,1944
2021-04-19,Santa Cruz,87,273765,15950,15600,869,16469,204
2021-04-19,Shasta,89,179085,11653,11662,1471,13133,189
2021-04-19,Sierra,91,2930,53,51,14,65,0
2021-04-19,Siskiyou,93,43540,1641,1544,312,1856,10
2021-04-19,Solano,95,438530,31723,31643,472,32115,239
2021-04-19,Sonoma,97,501317,29498,29667,308,29975,311
2021-04-19,Stanislaus,99,539301,54160,54179,5986,60165,728
2021-04-19,Sutter,101,95872,9268,9269,86,9355,109
2021-04-19,Tehama,103,63373,4890,4878,573,5451,52
2021-04-19,Trinity,105,12862,361,326,54,380,3
2021-04-19,Tulare,107,460477,48982,48630,9217,57847,831
2021-04-19,Tuolumne,109,53932,4006,4010,36,4046,58
2021-04-19,Ventura,111,848112,80168,80000,3047,83047,996
2021-04-19,Yolo,113,214977,13626,13572,281,13853,200
2021-04-19,Yuba,115,75493,5825,5804,121,5925,44
2021-04-18,Alameda,1,1643700,85639,85481,1955,87436,1247
2021-04-18,Alpine,3,1148,86,85,0,85,0
2021-04-18,Amador,5,37829,3636,3627,35,3662,46
2021-04-18,Butte,7,227075,11877,11591,1792,13383,196
2021-04-18,Calaveras,9,45235,2050,2047,12,2059,50
2021-04-18,Colusa,11,21464,1907,1912,293,2205,14
2021-04-18,Contra Costa,13,1133247,67297,66750,1242,67992,782
2021-04-18,Del Norte,15,27424,1251,1240,6,1246,6
2021-04-18,El Dorado,17,186661,9745,9710,715,10425,106
2021-04-18,Fresno,19,978130,100331,100621,8752,109373,1646
2021-04-18,Glenn,21,27897,2359,2358,553,2911,17
2021-04-18,Humboldt,23,135768,3675,3590,27,3617,35
2021-04-18,Imperial,25,180216,28018,27991,2790,30781,719
2021-04-18,Inyo,27,18085,1394,1392,2,1394,36
2021-04-18,Kern,29,883053,95587,95129,10927,106056,1290
2021-04-18,Kings,31,150075,22715,22685,1155,23840,243
2021-04-18,Lake,33,64148,3429,3413,9,3422,43
2021-04-18,Lassen,35,31185,5151,5156,110,5266,1
2021-04-18,Los Angeles,37,10098052,1193006,1188620,43183,1231803,23648
2021-04-18,Madera,39,155013,16301,16277,939,17216,231
2021-04-18,Marin,41,260295,13784,13801,243,14044,226
2021-04-18,Mariposa,43,17540,410,400,10,410,5
2021-04-18,Mendocino,45,87422,3794,3722,70,3792,46
2021-04-18,Merced,47,269075,30354,30405,979,31384,441
2021-04-18,Modoc,49,8938,365,359,122,481,3
2021-04-18,Mono,51,14174,1230,1254,13,1267,3
2021-04-18,Monterey,53,433212,42672,42638,1884,44522,356
2021-04-18,Napa,55,140530,9696,9674,33,9707,79
2021-04-18,Nevada,57,99092,4523,4464,190,4654,70
2021-04-18,Orange,59,3164182,252454,251940,11409,263349,4883
2021-04-18,Placer,61,380077,22280,21783,1431,23214,282
2021-04-18,Plumas,63,18699,680,665,11,676,4
2021-04-18,Riverside,65,2383286,288678,286043,14550,300593,4371
2021-04-18,Sacramento,67,1510023,101860,101354,1632,102986,1572
2021-04-18,San Benito,69,59416,5981,5989,116,6105,63
2021-04-18,San Bernardino,71,2135413,290448,289691,8923,298614,4556
2021-04-18,San Diego,73,3302833,275271,274961,0,274961,3674
2021-04-18,San Francisco,75,870044,35915,36073,1342,37415,525
2021-04-18,San Joaquin,77,732212,71053,70466,3551,74017,1289
2021-04-18,San Luis Obispo,79,281455,20784,20656,726,21382,254
2021-04-18,San Mateo,81,765935,41555,41201,454,41655,352
2021-04-18,Santa Barbara,83,443738,33940,33769,1234,35003,446
2021-04-18,Santa Clara,85,1922200,116115,116996,720,117716,1944
2021-04-18,Santa Cruz,87,273765,15940,15580,868,16448,204
2021-04-18,Shasta,89,179085,11632,11658,1468,13126,189
2021-04-18,Sierra,91,2930,53,51,14,65,0
2021-04-18,Siskiyou,93,43540,1630,1538,310,1848,10
2021-04-18,Solano,95,438530,31672,31606,471,32077,239
2021-04-18,Sonoma,97,501317,29482,29660,306,29966,311
2021-04-18,Stanislaus,99,539301,54079,54132,5977,60109,728
2021-04-18,Sutter,101,95872,9254,9261,86,9347,109
2021-04-18,Tehama,103,63373,4881,4877,572,5449,52
2021-04-18,Trinity,105,12862,361,326,54,380,3
2021-04-18,Tulare,107,460477,48970,48618,9211,57829,829
2021-04-18,Tuolumne,109,53932,4005,4008,35,4043,58
2021-04-18,Ventura,111,848112,80138,79984,3043,83027,996
2021-04-18,Yolo,113,214977,13614,13562,279,13841,200
2021-04-18,Yuba,115,75493,5818,5804,121,5925,44
2021-04-17,Alameda,1,1643700,85566,85367,1951,87318,1247
2021-04-17,Alpine,3,1148,86,85,0,85,0
2021-04-17,Amador,5,37829,3634,3625,35,3660,46
2021-04-17,Butte,7,227075,11857,11573,1788,13361,196
2021-04-17,Calaveras,9,45235,2047,2045,12,2057,50
2021-04-17,Colusa,11,21464,1907,1912,293,2205,14
2021-04-17,Contra Costa,13,1133247,67249,66657,1234,67891,782
2021-04-17,Del Norte,15,27424,1251,1238,6,1244,6
2021-04-17,El Dorado,17,186661,9730,9692,712,10404,106
2021-04-17,Fresno,19,978130,100300,100562,8745,109307,1646
2021-04-17,Glenn,21,27897,2359,2357,553,2910,17
2021-04-17,Humboldt,23,135768,3652,3579,27,3606,35
2021-04-17,Imperial,25,180216,28007,27987,2789,30776,719
2021-04-17,Inyo,27,18085,1391,1392,2,1394,36
2021-04-17,Kern,29,883053,95569,95102,10924,106026,1290
2021-04-17,Kings,31,150075,22710,22678,1154,23832,243
2021-04-17,Lake,33,64148,3428,3409,9,3418,43
2021-04-17,Lassen,35,31185,5151,5154,110,5264,1
2021-04-17,Los Angeles,37,10098052,1192752,1188262,43151,1231413,23653
2021-04-17,Madera,39,155013,16297,16260,938,17198,231
2021-04-17,Marin,41,260295,13780,13797,242,14039,226
2021-04-17,Mariposa,43,17540,409,398,10,408,5
2021-04-17,Mendocino,45,87422,3791,3721,70,3791,46
2021-04-17,Merced,47,269075,30339,30392,977,31369,441
2021-04-17,Modoc,49,8938,365,357,122,479,3
2021-04-17,Mono,51,14174,1230,1253,13,1266,3
2021-04-17,Monterey,53,433212,42663,42630,1882,44512,356
2021-04-17,Napa,55,140530,9692,9666,33,9699,79
2021-04-17,Nevada,57,99092,4515,4457,190,4647,70
2021-04-17,Orange,59,3164182,252385,251873,11397,263270,4878
2021-04-17,Placer,61,380077,22258,21736,1426,23162,282
2021-04-17,Plumas,63,18699,679,666,11,677,4
2021-04-17,Riverside,65,2383286,288609,285963,14542,300505,4371
2021-04-17,Sacramento,67,1510023,101750,101172,1620,102792,1572
2021-04-17,San Benito,69,59416,5975,5986,116,6102,63
2021-04-17,San Bernardino,71,2135413,290394,289624,8920,298544,4555
2021-04-17,San Diego,73,3302833,275124,274812,0,274812,3674
2021-04-17,San Francisco,75,870044,35894,36032,1339,37371,523
2021-04-17,San Joaquin,77,732212,71013,70372,3540,73912,1288
2021-04-17,San Luis Obispo,79,281455,20774,20642,721,21363,254
2021-04-17,San Mateo,81,765935,41532,41157,454,41611,352
2021-04-17,Santa Barbara,83,443738,33909,33738,1232,34970,446
2021-04-17,Santa Clara,85,1922200,116024,116887,717,117604,1944
2021-04-17,Santa Cruz,87,273765,15934,15571,868,16439,204
2021-04-17,Shasta,89,179085,11617,11647,1467,13114,189
2021-04-17,Sierra,91,2930,53,51,14,65,0
2021-04-17,Siskiyou,93,43540,1625,1539,309,1848,10
2021-04-17,Solano,95,438530,31641,31541,468,32009,239
2021-04-17,Sonoma,97,501317,29475,29637,306,29943,311
2021-04-17,Stanislaus,99,539301,54042,54058,5972,60030,728
2021-04-17,Sutter,101,95872,9248,9252,86,9338,109
2021-04-17,Tehama,103,63373,4875,4875,571,5446,52
2021-04-17,Trinity,105,12862,361,326,54,380,3
2021-04-17,Tulare,107,460477,48958,48603,9207,57810,829
2021-04-17,Tuolumne,109,53932,4003,4005,35,4040,58
2021-04-17,Ventura,111,848112,80118,79964,3043,83007,996
2021-04-17,Yolo,113,214977,13604,13580,279,13859,200
2021-04-17,Yuba,115,75493,5813,5802,120,5922,44
2021-04-16,Alameda,1,1643700,85487,85243,1949,87192,1245
2021-04-16,Alpine,3,1148,86,85,0,85,0
2021-04-16,Amador,5,37829,3629,3621,35,3656,46
2021-04-16,Butte,7,227075,11845,11549,1786,13335,196
2021-04-16,Calaveras,9,45235,2045,2042,12,2054,50
2021-04-16,Colusa,11,21464,1905,1911,293,2204,14
2021-04-16,Contra Costa,13,1133247,67195,66569,1231,67800,782
2021-04-16,Del Norte,15,27424,1250,1237,6,1243,6
2021-04-16,El Dorado,17,186661,9710,9665,708,10373,106
2021-04-16,Fresno,19,978130,100251,100500,8738,109238,1643
2021-04-16,Glenn,21,27897,2359,2355,553,2908,17
2021-04-16,Humboldt,23,135768,3631,3570,26,3596,35
2021-04-16,Imperial,25,180216,27997,27962,2788,30750,719
2021-04-16,Inyo,27,18085,1391,1392,2,1394,36
2021-04-16,Kern,29,883053,95540,95066,10921,105987,1288
2021-04-16,Kings,31,150075,22707,22667,1152,23819,243
2021-04-16,Lake,33,64148,3422,3406,9,3415,43
2021-04-16,Lassen,35,31185,5150,5155,110,5265,1
2021-04-16,Los Angeles,37,10098052,1192454,1187818,43112,1230930,23627
2021-04-16,Madera,39,155013,16292,16250,936,17186,231
2021-04-16,Marin,41,260295,13777,13788,242,14030,226
2021-04-16,Mariposa,43,17540,408,396,9,405,5
2021-04-16,Mendocino,45,87422,3789,3719,70,3789,46
2021-04-16,Merced,47,269075,30324,30355,977,31332,438
2021-04-16,Modoc,49,8938,365,355,122,477,3
2021-04-16,Mono,51,14174,1230,1253,13,1266,3
2021-04-16,Monterey,53,433212,42652,42620,1880,44500,351
2021-04-16,Napa,55,140530,9684,9653,33,9686,79
2021-04-16,Nevada,57,99092,4506,4443,190,4633,70
2021-04-16,Orange,59,3164182,252322,251770,11388,263158,4873
2021-04-16,Placer,61,380077,22230,21680,1420,23100,282
2021-04-16,Plumas,63,18699,678,665,11,676,4
2021-04-16,Riverside,65,2383286,288533,285818,14540,300358,4369
2021-04-16,Sacramento,67,1510023,101651,100993,1615,102608,1572
2021-04-16,San Benito,69,59416,5973,5982,116,6098,63
2021-04-16,San Bernardino,71,2135413,290346,289424,8918,298342,4550
2021-04-16,San Diego,73,3302833,274970,274567,0,274567,3662
2021-04-16,San Francisco,75,870044,35869,35993,1335,37328,517
2021-04-16,San Joaquin,77,732212,70947,70280,3531,73811,1288
2021-04-16,San Luis Obispo,79,281455,20762,20623,720,21343,253
2021-04-16,San Mateo,81,765935,41502,41107,453,41560,352
2021-04-16,Santa Barbara,83,443738,33891,33703,1232,34935,446
2021-04-16,Santa Clara,85,1922200,115924,116693,714,117407,1941
2021-04-16,Santa Cruz,87,273765,15932,15539,868,16407,204
2021-04-16,Shasta,89,179085,11605,11623,1465,13088,189
2021-04-16,Sierra,91,2930,53,51,14,65,0
2021-04-16,Siskiyou,93,43540,1621,1530,307,1837,10
2021-04-16,Solano,95,438530,31602,31470,465,31935,239
2021-04-16,Sonoma,97,501317,29464,29617,306,29923,311
2021-04-16,Stanislaus,99,539301,53994,53983,5970,59953,728
2021-04-16,Sutter,101,95872,9242,9247,86,9333,109
2021-04-16,Tehama,103,63373,4874,4866,571,5437,52
2021-04-16,Trinity,105,12862,361,326,54,380,3
2021-04-16,Tulare,107,460477,48947,48583,9204,57787,830
2021-04-16,Tuolumne,109,53932,4000,4005,35,4040,58
2021-04-16,Ventura,111,848112,80093,79942,3038,82980,994
2021-04-16,Yolo,113,214977,13591,13559,277,13836,198
2021-04-16,Yuba,115,75493,5810,5795,119,5914,44
2021-04-15,Alameda,1,1643700,85380,85089,1947,87036,1246
2021-04-15,Alpine,3,1148,86,85,0,85,0
2021-04-15,Amador,5,37829,3628,3616,35,3651,46
2021-04-15,Butte,7,227075,11830,11529,1782,13311,196
2021-04-15,Calaveras,9,45235,2044,2039,12,2051,50
2021-04-15,Colusa,11,21464,1903,1909,292,2201,14
2021-04-15,Contra Costa,13,1133247,67121,66480,1227,67707,781
2021-04-15,Del Norte,15,27424,1243,1235,6,1241,6
2021-04-15,El Dorado,17,186661,9696,9639,706,10345,106
2021-04-15,Fresno,19,978130,100192,100431,8731,109162,1642
2021-04-15,Glenn,21,27897,2359,2354,553,2907,17
2021-04-15,Humboldt,23,135768,3610,3561,26,3587,35
2021-04-15,Imperial,25,180216,27969,27920,2785,30705,718
2021-04-15,Inyo,27,18085,1391,1393,2,1395,36
2021-04-15,Kern,29,883053,95510,94989,10906,105895,1289
2021-04-15,Kings,31,150075,22693,22648,1152,23800,242
2021-04-15,Lake,33,64148,3421,3399,9,3408,43
2021-04-15,Lassen,35,31185,5149,5152,110,5262,1
2021-04-15,Los Angeles,37,10098052,1192061,1187274,43072,1230346,23598
2021-04-15,Madera,39,155013,16277,16234,936,17170,231
2021-04-15,Marin,41,260295,13773,13783,241,14024,226
2021-04-15,Mariposa,43,17540,406,395,9,404,5
2021-04-15,Mendocino,45,87422,3788,3714,70,3784,46
2021-04-15,Merced,47,269075,30298,30325,976,31301,437
2021-04-15,Modoc,49,8938,365,355,122,477,3
2021-04-15,Mono,51,14174,1229,1253,13,1266,3
2021-04-15,Monterey,53,433212,42642,42604,1878,44482,347
2021-04-15,Napa,55,140530,9676,9645,33,9678,79
2021-04-15,Nevada,57,99092,4494,4434,189,4623,70
2021-04-15,Orange,59,3164182,252227,251679,11375,263054,4857
2021-04-15,Placer,61,380077,22201,21614,1413,23027,281
2021-04-15,Plumas,63,18699,676,665,11,676,4
2021-04-15,Riverside,65,2383286,288433,285698,14533,300231,4363
2021-04-15,Sacramento,67,1510023,101523,100782,1601,102383,1570
2021-04-15,San Benito,69,59416,5970,5969,115,6084,63
2021-04-15,San Bernardino,71,2135413,290254,289288,8910,298198,4544
2021-04-15,San Diego,73,3302833,274724,274250,0,274250,3653
2021-04-15,San Francisco,75,870044,35850,35947,1332,37279,510
2021-04-15,San Joaquin,77,732212,70866,70189,3523,73712,1288
2021-04-15,San Luis Obispo,79,281455,20746,20591,717,21308,253
2021-04-15,San Mateo,81,765935,41463,41050,452,41502,352
2021-04-15,Santa Barbara,83,443738,33873,33672,1228,34900,446
2021-04-15,Santa Clara,85,1922200,115818,116602,710,117312,1927
2021-04-15,Santa Cruz,87,273765,15922,15509,868,16377,203
2021-04-15,Shasta,89,179085,11591,11597,1461,13058,191
2021-04-15,Sierra,91,2930,53,51,14,65,0
2021-04-15,Siskiyou,93,43540,1615,1524,307,1831,10
2021-04-15,Solano,95,438530,31564,31394,464,31858,239
2021-04-15,Sonoma,97,501317,29450,29587,306,29893,311
2021-04-15,Stanislaus,99,539301,53940,53918,5962,59880,728
2021-04-15,Sutter,101,95872,9235,9237,86,9323,109
2021-04-15,Tehama,103,63373,4872,4854,570,5424,52
2021-04-15,Trinity,105,12862,361,326,54,380,3
2021-04-15,Tulare,107,460477,48926,48556,9204,57760,829
2021-04-15,Tuolumne,109,53932,4000,4003,35,4038,57
2021-04-15,Ventura,111,848112,80074,79917,3036,82953,989
2021-04-15,Yolo,113,214977,13572,13547,275,13822,198
2021-04-15,Yuba,115,75493,5807,5788,119,5907,44
2021-04-14,Alameda,1,1643700,85281,85009,1946,86955,1247
2021-04-14,Alpine,3,1148,86,85,0,85,0
2021-04-14,Amador,5,37829,3627,3613,35,3648,46
2021-04-14,Butte,7,227075,11817,11513,1781,13294,196
2021-04-14,Calaveras,9,45235,2042,2037,12,2049,50
2021-04-14,Colusa,11,21464,1903,1905,292,2197,14
2021-04-14,Contra Costa,13,1133247,67035,66400,1221,67621,781
2021-04-14,Del Norte,15,27424,1243,1228,6,1234,6
2021-04-14,El Dorado,17,186661,9681,9625,701,10326,106
2021-04-14,Fresno,19,978130,100135,100376,8718,109094,1640
2021-04-14,Glenn,21,27897,2359,2353,553,2906,17
2021-04-14,Humboldt,23,135768,3588,3551,25,3576,35
2021-04-14,Imperial,25,180216,27948,27907,2782,30689,718
2021-04-14,Inyo,27,18085,1391,1392,2,1394,36
2021-04-14,Kern,29,883053,95486,94947,10899,105846,1287
2021-04-14,Kings,31,150075,22685,22641,1151,23792,243
2021-04-14,Lake,33,64148,3416,3396,9,3405,43
2021-04-14,Lassen,35,31185,5148,5151,110,5261,1
2021-04-14,Los Angeles,37,10098052,1191666,1186821,43022,1229843,23579
2021-04-14,Madera,39,155013,16268,16218,936,17154,231
2021-04-14,Marin,41,260295,13771,13768,240,14008,226
2021-04-14,Mariposa,43,17540,405,394,9,403,5
2021-04-14,Mendocino,45,87422,3783,3711,70,3781,46
2021-04-14,Merced,47,269075,30280,30296,976,31272,436
2021-04-14,Modoc,49,8938,365,355,122,477,3
2021-04-14,Mono,51,14174,1229,1252,13,1265,3
2021-04-14,Monterey,53,433212,42626,42595,1874,44469,347
2021-04-14,Napa,55,140530,9665,9643,33,9676,79
2021-04-14,Nevada,57,99092,4487,4421,189,4610,70
2021-04-14,Orange,59,3164182,252121,251568,11355,262923,4849
2021-04-14,Placer,61,380077,22168,21575,1412,22987,280
2021-04-14,Plumas,63,18699,676,665,11,676,4
2021-04-14,Riverside,65,2383286,288323,285583,14527,300110,4358
2021-04-14,Sacramento,67,1510023,101350,100645,1587,102232,1570
2021-04-14,San Benito,69,59416,5968,5960,115,6075,62
2021-04-14,San Bernardino,71,2135413,290183,289078,8907,297985,4523
2021-04-14,San Diego,73,3302833,274513,273969,0,273969,3648
2021-04-14,San Francisco,75,870044,35812,35898,1331,37229,510
2021-04-14,San Joaquin,77,732212,70797,70095,3516,73611,1288
2021-04-14,San Luis Obispo,79,281455,20722,20561,707,21268,253
2021-04-14,San Mateo,81,765935,41424,40982,449,41431,352
2021-04-14,Santa Barbara,83,443738,33844,33650,1228,34878,445
2021-04-14,Santa Clara,85,1922200,115701,116488,707,117195,1922
2021-04-14,Santa Cruz,87,273765,15912,15481,868,16349,203
2021-04-14,Shasta,89,179085,11565,11581,1459,13040,190
2021-04-14,Sierra,91,2930,53,51,14,65,0
2021-04-14,Siskiyou,93,43540,1607,1518,306,1824,10
2021-04-14,Solano,95,438530,31512,31357,456,31813,239
2021-04-14,Sonoma,97,501317,29442,29572,304,29876,311
2021-04-14,Stanislaus,99,539301,53869,53836,5953,59789,727
2021-04-14,Sutter,101,95872,9227,9230,86,9316,106
2021-04-14,Tehama,103,63373,4867,4853,568,5421,52
2021-04-14,Trinity,105,12862,361,326,54,380,3
2021-04-14,Tulare,107,460477,48900,48527,9201,57728,827
2021-04-14,Tuolumne,109,53932,3999,3997,35,4032,57
2021-04-14,Ventura,111,848112,80038,79891,3034,82925,986
2021-04-14,Yolo,113,214977,13556,13530,273,13803,198
2021-04-14,Yuba,115,75493,5805,5778,119,5897,44
2021-04-13,Alameda,1,1643700,85175,84921,1941,86862,1239
2021-04-13,Alpine,3,1148,86,85,0,85,0
2021-04-13,Amador,5,37829,3624,3609,35,3644,46
2021-04-13,Butte,7,227075,11799,11497,1778,13275,196
2021-04-13,Calaveras,9,45235,2039,2035,12,2047,50
2021-04-13,Colusa,11,21464,1901,1905,290,2195,14
2021-04-13,Contra Costa,13,1133247,66946,66304,1221,67525,778
2021-04-13,Del Norte,15,27424,1238,1221,6,1227,6
2021-04-13,El Dorado,17,186661,9655,9609,699,10308,106
2021-04-13,Fresno,19,978130,100055,100357,8713,109070,1636
2021-04-13,Glenn,21,27897,2358,2351,553,2904,17
2021-04-13,Humboldt,23,135768,3571,3540,25,3565,35
2021-04-13,Imperial,25,180216,27930,27887,2775,30662,718
2021-04-13,Inyo,27,18085,1391,1391,2,1393,36
2021-04-13,Kern,29,883053,95444,94908,10887,105795,1285
2021-04-13,Kings,31,150075,22669,22636,1150,23786,243
2021-04-13,Lake,33,64148,3413,3390,9,3399,43
2021-04-13,Lassen,35,31185,5147,5147,110,5257,1
2021-04-13,Los Angeles,37,10098052,1191216,1186482,42976,1229458,23526
2021-04-13,Madera,39,155013,16258,16207,934,17141,231
2021-04-13,Marin,41,260295,13763,13760,239,13999,224
2021-04-13,Mariposa,43,17540,404,394,6,400,5
2021-04-13,Mendocino,45,87422,3777,3702,70,3772,46
2021-04-13,Merced,47,269075,30249,30276,974,31250,435
2021-04-13,Modoc,49,8938,365,355,122,477,3
2021-04-13,Mono,51,14174,1229,1251,13,1264,3
2021-04-13,Monterey,53,433212,42615,42577,1874,44451,347
2021-04-13,Napa,55,140530,9655,9627,33,9660,79
2021-04-13,Nevada,57,99092,4475,4415,189,4604,69
2021-04-13,Orange,59,3164182,252025,251491,11337,262828,4836
2021-04-13,Placer,61,380077,22131,21534,1409,22943,280
2021-04-13,Plumas,63,18699,675,665,11,676,4
2021-04-13,Riverside,65,2383286,288206,285505,14520,300025,4348
2021-04-13,Sacramento,67,1510023,101175,100551,1581,102132,1569
2021-04-13,San Benito,69,59416,5965,5946,115,6061,62
2021-04-13,San Bernardino,71,2135413,290063,288929,8901,297830,4521
2021-04-13,San Diego,73,3302833,274259,273709,0,273709,3623
2021-04-13,San Francisco,75,870044,35776,35869,1327,37196,506
2021-04-13,San Joaquin,77,732212,70689,70034,3508,73542,1288
2021-04-13,San Luis Obispo,79,281455,20695,20536,697,21233,253
2021-04-13,San Mateo,81,765935,41379,40955,449,41404,353
2021-04-13,Santa Barbara,83,443738,33822,33613,1225,34838,444
2021-04-13,Santa Clara,85,1922200,115573,116363,705,117068,1923
2021-04-13,Santa Cruz,87,273765,15905,15449,868,16317,203
2021-04-13,Shasta,89,179085,11545,11536,1456,12992,189
2021-04-13,Sierra,91,2930,53,51,14,65,0
2021-04-13,Siskiyou,93,43540,1599,1511,302,1813,10
2021-04-13,Solano,95,438530,31465,31335,452,31787,239
2021-04-13,Sonoma,97,501317,29435,29544,303,29847,311
2021-04-13,Stanislaus,99,539301,53797,53797,5943,59740,722
2021-04-13,Sutter,101,95872,9223,9226,86,9312,106
2021-04-13,Tehama,103,63373,4860,4850,565,5415,52
2021-04-13,Trinity,105,12862,361,326,54,380,3
2021-04-13,Tulare,107,460477,48888,48511,9197,57708,825
2021-04-13,Tuolumne,109,53932,3997,3995,35,4030,57
2021-04-13,Ventura,111,848112,80006,79854,3032,82886,986
2021-04-13,Yolo,113,214977,13544,13516,272,13788,198
2021-04-13,Yuba,115,75493,5796,5776,119,5895,44
2021-04-12,Alameda,1,1643700,85072,84817,1940,86757,1238
2021-04-12,Alpine,3,1148,86,85,0,85,0
2021-04-12,Amador,5,37829,3623,3607,35,3642,46
2021-04-12,Butte,7,227075,11784,11488,1774,13262,193
2021-04-12,Calaveras,9,45235,2037,2033,12,2045,50
2021-04-12,Colusa,11,21464,1899,1904,288,2192,14
2021-04-12,Contra Costa,13,1133247,66866,66176,1221,67397,777
2021-04-12,Del Norte,15,27424,1235,1216,6,1222,6
2021-04-12,El Dorado,17,186661,9638,9588,697,10285,106
2021-04-12,Fresno,19,978130,99994,100277,8689,108966,1633
2021-04-12,Glenn,21,27897,2357,2349,553,2902,17
2021-04-12,Humboldt,23,135768,3557,3533,24,3557,35
2021-04-12,Imperial,25,180216,27901,27851,2772,30623,717
2021-04-12,Inyo,27,18085,1391,1390,2,1392,36
2021-04-12,Kern,29,883053,95412,94861,10875,105736,1283
2021-04-12,Kings,31,150075,22661,22621,1149,23770,241
2021-04-12,Lake,33,64148,3409,3380,9,3389,43
2021-04-12,Lassen,35,31185,5146,5147,110,5257,1
2021-04-12,Los Angeles,37,10098052,1190721,1186145,42934,1229079,23505
2021-04-12,Madera,39,155013,16247,16174,932,17106,231
2021-04-12,Marin,41,260295,13751,13751,236,13987,224
2021-04-12,Mariposa,43,17540,403,394,6,400,5
2021-04-12,Mendocino,45,87422,3776,3699,70,3769,46
2021-04-12,Merced,47,269075,30217,30261,972,31233,435
2021-04-12,Modoc,49,8938,363,352,122,474,3
2021-04-12,Mono,51,14174,1229,1251,13,1264,3
2021-04-12,Monterey,53,433212,42601,42555,1872,44427,346
2021-04-12,Napa,55,140530,9641,9603,33,9636,80
2021-04-12,Nevada,57,99092,4464,4408,189,4597,69
2021-04-12,Orange,59,3164182,251939,251350,11316,262666,4826
2021-04-12,Placer,61,380077,22083,21475,1403,22878,278
2021-04-12,Plumas,63,18699,673,666,11,677,4
2021-04-12,Riverside,65,2383286,288099,285361,14514,299875,4336
2021-04-12,Sacramento,67,1510023,101002,100394,1576,101970,1566
2021-04-12,San Benito,69,59416,5957,5942,114,6056,62
2021-04-12,San Bernardino,71,2135413,289951,288736,8889,297625,4493
2021-04-12,San Diego,73,3302833,274000,273431,0,273431,3621
2021-04-12,San Francisco,75,870044,35744,35841,1325,37166,506
2021-04-12,San Joaquin,77,732212,70618,69968,3499,73467,1288
2021-04-12,San Luis Obispo,79,281455,20651,20515,683,21198,253
2021-04-12,San Mateo,81,765935,41337,40920,445,41365,353
2021-04-12,Santa Barbara,83,443738,33791,33606,1225,34831,444
2021-04-12,Santa Clara,85,1922200,115445,116252,703,116955,1923
2021-04-12,Santa Cruz,87,273765,15886,15406,868,16274,203
2021-04-12,Shasta,89,179085,11528,11509,1452,12961,189
2021-04-12,Sierra,91,2930,53,51,14,65,0
2021-04-12,Siskiyou,93,43540,1588,1511,300,1811,7
2021-04-12,Solano,95,438530,31424,31305,449,31754,238
2021-04-12,Sonoma,97,501317,29407,29500,303,29803,310
2021-04-12,Stanislaus,99,539301,53732,53722,5936,59658,707
2021-04-12,Sutter,101,95872,9212,9221,86,9307,106
2021-04-12,Tehama,103,63373,4851,4834,561,5395,52
2021-04-12,Trinity,105,12862,361,324,54,378,3
2021-04-12,Tulare,107,460477,48869,48495,9187,57682,824
2021-04-12,Tuolumne,109,53932,3993,3993,35,4028,57
2021-04-12,Ventura,111,848112,79973,79818,3030,82848,985
2021-04-12,Yolo,113,214977,13530,13510,271,13781,198
2021-04-12,Yuba,115,75493,5790,5773,119,5892,43
2021-04-11,Alameda,1,1643700,84935,84756,1935,86691,1238
2021-04-11,Alpine,3,1148,86,85,0,85,0
2021-04-11,Amador,5,37829,3621,3605,35,3640,46
2021-04-11,Butte,7,227075,11749,11487,1771,13258,193
2021-04-11,Calaveras,9,45235,2032,2036,12,2048,50
2021-04-11,Colusa,11,21464,1898,1904,287,2191,14
2021-04-11,Contra Costa,13,1133247,66757,66107,1218,67325,777
2021-04-11,Del Norte,15,27424,1229,1214,6,1220,6
2021-04-11,El Dorado,17,186661,9624,9575,694,10269,106
2021-04-11,Fresno,19,978130,99928,100230,8677,108907,1633
2021-04-11,Glenn,21,27897,2353,2348,552,2900,17
2021-04-11,Humboldt,23,135768,3548,3523,24,3547,35
2021-04-11,Imperial,25,180216,27877,27841,2770,30611,717
2021-04-11,Inyo,27,18085,1391,1390,2,1392,36
2021-04-11,Kern,29,883053,95355,94830,10866,105696,1283
2021-04-11,Kings,31,150075,22652,22618,1146,23764,241
2021-04-11,Lake,33,64148,3405,3377,9,3386,43
2021-04-11,Lassen,35,31185,5142,5147,110,5257,1
2021-04-11,Los Angeles,37,10098052,1190213,1185757,42890,1228647,23503
2021-04-11,Madera,39,155013,16229,16166,930,17096,231
2021-04-11,Marin,41,260295,13745,13741,234,13975,226
2021-04-11,Mariposa,43,17540,403,394,6,400,5
2021-04-11,Mendocino,45,87422,3774,3696,70,3766,46
2021-04-11,Merced,47,269075,30179,30249,971,31220,435
2021-04-11,Modoc,49,8938,362,352,120,472,3
2021-04-11,Mono,51,14174,1228,1250,13,1263,3
2021-04-11,Monterey,53,433212,42594,42547,1865,44412,346
2021-04-11,Napa,55,140530,9630,9592,33,9625,80
2021-04-11,Nevada,57,99092,4450,4394,189,4583,69
2021-04-11,Orange,59,3164182,251814,251233,11303,262536,4826
2021-04-11,Placer,61,380077,22026,21458,1398,22856,278
2021-04-11,Plumas,63,18699,673,666,11,677,4
2021-04-11,Riverside,65,2383286,287972,285269,14503,299772,4336
2021-04-11,Sacramento,67,1510023,100833,100296,1563,101859,1566
2021-04-11,San Benito,69,59416,5949,5941,113,6054,62
2021-04-11,San Bernardino,71,2135413,289839,288686,8882,297568,4492
2021-04-11,San Diego,73,3302833,273703,273287,0,273287,3621
2021-04-11,San Francisco,75,870044,35708,35815,1322,37137,498
2021-04-11,San Joaquin,77,732212,70530,69939,3488,73427,1288
2021-04-11,San Luis Obispo,79,281455,20625,20501,680,21181,253
2021-04-11,San Mateo,81,765935,41279,40901,444,41345,353
2021-04-11,Santa Barbara,83,443738,33757,33591,1224,34815,444
2021-04-11,Santa Clara,85,1922200,115311,116161,700,116861,1923
2021-04-11,Santa Cruz,87,273765,15874,15382,868,16250,203
2021-04-11,Shasta,89,179085,11484,11504,1451,12955,189
2021-04-11,Sierra,91,2930,53,51,14,65,0
2021-04-11,Siskiyou,93,43540,1582,1509,296,1805,7
2021-04-11,Solano,95,438530,31372,31268,445,31713,238
2021-04-11,Sonoma,97,501317,29381,29496,299,29795,310
2021-04-11,Stanislaus,99,539301,53650,53683,5926,59609,707
2021-04-11,Sutter,101,95872,9203,9222,86,9308,106
2021-04-11,Tehama,103,63373,4848,4832,559,5391,52
2021-04-11,Trinity,105,12862,361,324,54,378,3
2021-04-11,Tulare,107,460477,48855,48479,9180,57659,824
2021-04-11,Tuolumne,109,53932,3991,3993,35,4028,57
2021-04-11,Ventura,111,848112,79927,79800,3023,82823,985
2021-04-11,Yolo,113,214977,13509,13496,269,13765,198
2021-04-11,Yuba,115,75493,5780,5768,119,5887,43
2021-04-10,Alameda,1,1643700,84870,84626,1935,86561,1238
2021-04-10,Alpine,3,1148,86,85,0,85,0
2021-04-10,Amador,5,37829,3619,3603,35,3638,46
2021-04-10,Butte,7,227075,11738,11482,1770,13252,193
2021-04-10,Calaveras,9,45235,2032,2032,12,2044,50
2021-04-10,Colusa,11,21464,1898,1902,287,2189,14
2021-04-10,Contra Costa,13,1133247,66696,66001,1215,67216,778
2021-04-10,Del Norte,15,27424,1226,1212,6,1218,6
2021-04-10,El Dorado,17,186661,9612,9549,691,10240,106
2021-04-10,Fresno,19,978130,99895,100135,8670,108805,1633
2021-04-10,Glenn,21,27897,2353,2343,552,2895,17
2021-04-10,Humboldt,23,135768,3538,3508,24,3532,35
2021-04-10,Imperial,25,180216,27863,27816,2770,30586,717
2021-04-10,Inyo,27,18085,1391,1387,2,1389,36
2021-04-10,Kern,29,883053,95341,94802,10860,105662,1284
2021-04-10,Kings,31,150075,22648,22614,1144,23758,241
2021-04-10,Lake,33,64148,3400,3368,9,3377,43
2021-04-10,Lassen,35,31185,5142,5146,109,5255,1
2021-04-10,Los Angeles,37,10098052,1189944,1185246,42870,1228116,23493
2021-04-10,Madera,39,155013,16221,16143,929,17072,231
2021-04-10,Marin,41,260295,13740,13731,234,13965,226
2021-04-10,Mariposa,43,17540,400,393,6,399,5
2021-04-10,Mendocino,45,87422,3772,3696,70,3766,46
2021-04-10,Merced,47,269075,30158,30225,971,31196,435
2021-04-10,Modoc,49,8938,362,352,120,472,3
2021-04-10,Mono,51,14174,1228,1249,13,1262,3
2021-04-10,Monterey,53,433212,42583,42527,1864,44391,346
2021-04-10,Napa,55,140530,9623,9569,33,9602,79
2021-04-10,Nevada,57,99092,4443,4379,189,4568,69
2021-04-10,Orange,59,3164182,251721,251139,11295,262434,4818
2021-04-10,Placer,61,380077,21995,21402,1392,22794,278
2021-04-10,Plumas,63,18699,673,666,11,677,4
2021-04-10,Riverside,65,2383286,287894,285082,14495,299577,4336
2021-04-10,Sacramento,67,1510023,100731,100048,1561,101609,1566
2021-04-10,San Benito,69,59416,5938,5932,112,6044,62
2021-04-10,San Bernardino,71,2135413,289778,288590,8875,297465,4489
2021-04-10,San Diego,73,3302833,273487,273058,0,273058,3613
2021-04-10,San Francisco,75,870044,35678,35774,1318,37092,498
2021-04-10,San Joaquin,77,732212,70494,69852,3478,73330,1288
2021-04-10,San Luis Obispo,79,281455,20610,20461,678,21139,253
2021-04-10,San Mateo,81,765935,41246,40878,444,41322,350
2021-04-10,Santa Barbara,83,443738,33729,33541,1222,34763,444
2021-04-10,Santa Clara,85,1922200,115215,116015,699,116714,1923
2021-04-10,Santa Cruz,87,273765,15868,15360,868,16228,203
2021-04-10,Shasta,89,179085,11476,11492,1447,12939,189
2021-04-10,Sierra,91,2930,53,51,14,65,0
2021-04-10,Siskiyou,93,43540,1579,1512,296,1808,7
2021-04-10,Solano,95,438530,31338,31218,441,31659,238
2021-04-10,Sonoma,97,501317,29366,29469,298,29767,310
2021-04-10,Stanislaus,99,539301,53616,53596,5919,59515,707
2021-04-10,Sutter,101,95872,9201,9214,86,9300,106
2021-04-10,Tehama,103,63373,4846,4820,557,5377,52
2021-04-10,Trinity,105,12862,361,324,54,378,3
2021-04-10,Tulare,107,460477,48846,48470,9174,57644,824
2021-04-10,Tuolumne,109,53932,3988,3991,35,4026,57
2021-04-10,Ventura,111,848112,79899,79758,3021,82779,985
2021-04-10,Yolo,113,214977,13500,13494,268,13762,198
2021-04-10,Yuba,115,75493,5777,5757,118,5875,43
2021-04-09,Alameda,1,1643700,84797,84404,1927,86331,1237
2021-04-09,Alpine,3,1148,86,85,0,85,0
2021-04-09,Amador,5,37829,3618,3600,35,3635,46
2021-04-09,Butte,7,227075,11728,11454,1769,13223,193
2021-04-09,Calaveras,9,45235,2031,2028,12,2040,50
2021-04-09,Colusa,11,21464,1898,1898,287,2185,14
2021-04-09,Contra Costa,13,1133247,66603,65857,1209,67066,777
2021-04-09,Del Norte,15,27424,1225,1207,6,1213,6
2021-04-09,El Dorado,17,186661,9590,9528,686,10214,106
2021-04-09,Fresno,19,978130,99861,100027,8665,108692,1630
2021-04-09,Glenn,21,27897,2353,2337,552,2889,17
2021-04-09,Humboldt,23,135768,3528,3496,24,3520,35
2021-04-09,Imperial,25,180216,27848,27764,2768,30532,717
2021-04-09,Inyo,27,18085,1390,1386,2,1388,36
2021-04-09,Kern,29,883053,95303,94675,10858,105533,1282
2021-04-09,Kings,31,150075,22639,22595,1141,23736,242
2021-04-09,Lake,33,64148,3396,3362,9,3371,43
2021-04-09,Lassen,35,31185,5142,5140,109,5249,1
2021-04-09,Los Angeles,37,10098052,1189581,1184501,42838,1227339,23458
2021-04-09,Madera,39,155013,16218,16118,929,17047,231
2021-04-09,Marin,41,260295,13733,13721,234,13955,226
2021-04-09,Mariposa,43,17540,400,393,6,399,5
2021-04-09,Mendocino,45,87422,3770,3693,70,3763,46
2021-04-09,Merced,47,269075,30129,30179,970,31149,435
2021-04-09,Modoc,49,8938,361,352,120,472,3
2021-04-09,Mono,51,14174,1228,1247,13,1260,3
2021-04-09,Monterey,53,433212,42574,42481,1860,44341,344
2021-04-09,Napa,55,140530,9604,9574,33,9607,80
2021-04-09,Nevada,57,99092,4435,4373,189,4562,69
2021-04-09,Orange,59,3164182,251648,250852,11290,262142,4813
2021-04-09,Placer,61,380077,21964,21327,1384,22711,278
2021-04-09,Plumas,63,18699,672,666,11,677,4
2021-04-09,Riverside,65,2383286,287812,284562,14488,299050,4325
2021-04-09,Sacramento,67,1510023,100576,99722,1553,101275,1564
2021-04-09,San Benito,69,59416,5933,5925,111,6036,62
2021-04-09,San Bernardino,71,2135413,289706,288000,8872,296872,4467
2021-04-09,San Diego,73,3302833,273289,272697,0,272697,3600
2021-04-09,San Francisco,75,870044,35636,35716,1313,37029,497
2021-04-09,San Joaquin,77,732212,70431,69675,3466,73141,1281
2021-04-09,San Luis Obispo,79,281455,20597,20427,677,21104,252
2021-04-09,San Mateo,81,765935,41210,40800,443,41243,350
2021-04-09,Santa Barbara,83,443738,33706,33424,1219,34643,444
2021-04-09,Santa Clara,85,1922200,115131,115749,697,116446,1923
2021-04-09,Santa Cruz,87,273765,15863,15331,868,16199,203
2021-04-09,Shasta,89,179085,11466,11478,1444,12922,188
2021-04-09,Sierra,91,2930,53,51,14,65,0
2021-04-09,Siskiyou,93,43540,1576,1510,295,1805,7
2021-04-09,Solano,95,438530,31305,31166,436,31602,238
2021-04-09,Sonoma,97,501317,29352,29433,298,29731,310
2021-04-09,Stanislaus,99,539301,53561,53504,5910,59414,705
2021-04-09,Sutter,101,95872,9194,9201,86,9287,106
2021-04-09,Tehama,103,63373,4840,4806,557,5363,52
2021-04-09,Trinity,105,12862,360,324,54,378,3
2021-04-09,Tulare,107,460477,48842,48430,9168,57598,824
2021-04-09,Tuolumne,109,53932,3987,3986,35,4021,57
2021-04-09,Ventura,111,848112,79871,79698,3021,82719,987
2021-04-09,Yolo,113,214977,13489,13478,266,13744,198
2021-04-09,Yuba,115,75493,5770,5754,118,5872,43
2021-04-08,Alameda,1,1643700,84696,84213,1923,86136,1232
2021-04-08,Alpine,3,1148,86,85,0,85,0
2021-04-08,Amador,5,37829,3614,3595,35,3630,46
2021-04-08,Butte,7,227075,11717,11414,1768,13182,193
2021-04-08,Calaveras,9,45235,2029,2027,12,2039,50
2021-04-08,Colusa,11,21464,1897,1897,287,2184,14
2021-04-08,Contra Costa,13,1133247,66493,65706,1206,66912,775
2021-04-08,Del Norte,15,27424,1219,1201,6,1207,6
2021-04-08,El Dorado,17,186661,9574,9513,680,10193,106
2021-04-08,Fresno,19,978130,99798,99935,8658,108593,1627
2021-04-08,Glenn,21,27897,2351,2337,552,2889,17
2021-04-08,Humboldt,23,135768,3518,3486,24,3510,35
2021-04-08,Imperial,25,180216,27821,27744,2765,30509,713
2021-04-08,Inyo,27,18085,1389,1386,2,1388,36
2021-04-08,Kern,29,883053,95260,94493,10844,105337,1281
2021-04-08,Kings,31,150075,22633,22589,1138,23727,243
2021-04-08,Lake,33,64148,3390,3360,9,3369,43
2021-04-08,Lassen,35,31185,5141,5136,109,5245,1
2021-04-08,Los Angeles,37,10098052,1189084,1184443,42799,1227242,23416
2021-04-08,Madera,39,155013,16206,16103,929,17032,231
2021-04-08,Marin,41,260295,13726,13704,234,13938,226
2021-04-08,Mariposa,43,17540,399,393,6,399,5
2021-04-08,Mendocino,45,87422,3768,3690,70,3760,45
2021-04-08,Merced,47,269075,30107,30163,970,31133,430
2021-04-08,Modoc,49,8938,361,352,120,472,3
2021-04-08,Mono,51,14174,1226,1247,13,1260,3
2021-04-08,Monterey,53,433212,42553,42437,1855,44292,342
2021-04-08,Napa,55,140530,9587,9569,33,9602,80
2021-04-08,Nevada,57,99092,4424,4367,189,4556,69
2021-04-08,Orange,59,3164182,251541,250529,11274,261803,4797
2021-04-08,Placer,61,380077,21924,21258,1375,22633,277
2021-04-08,Plumas,63,18699,672,665,11,676,4
2021-04-08,Riverside,65,2383286,287701,283853,14483,298336,4296
2021-04-08,Sacramento,67,1510023,100433,99319,1541,100860,1561
2021-04-08,San Benito,69,59416,5930,5914,109,6023,62
2021-04-08,San Bernardino,71,2135413,289606,287190,8869,296059,4445
2021-04-08,San Diego,73,3302833,273060,272495,0,272495,3592
2021-04-08,San Francisco,75,870044,35613,35657,1312,36969,494
2021-04-08,San Joaquin,77,732212,70361,69479,3460,72939,1279
2021-04-08,San Luis Obispo,79,281455,20578,20402,674,21076,252
2021-04-08,San Mateo,81,765935,41171,40749,443,41192,350
2021-04-08,Santa Barbara,83,443738,33682,33309,1218,34527,444
2021-04-08,Santa Clara,85,1922200,115026,115487,696,116183,1905
2021-04-08,Santa Cruz,87,273765,15857,15296,868,16164,203
2021-04-08,Shasta,89,179085,11456,11466,1440,12906,186
2021-04-08,Sierra,91,2930,53,51,14,65,0
2021-04-08,Siskiyou,93,43540,1573,1511,295,1806,7
2021-04-08,Solano,95,438530,31256,31120,436,31556,238
2021-04-08,Sonoma,97,501317,29333,29410,297,29707,310
2021-04-08,Stanislaus,99,539301,53483,53401,5900,59301,706
2021-04-08,Sutter,101,95872,9190,9195,86,9281,106
2021-04-08,Tehama,103,63373,4836,4802,557,5359,52
2021-04-08,Trinity,105,12862,360,324,54,378,3
2021-04-08,Tulare,107,460477,48829,48409,9157,57566,821
2021-04-08,Tuolumne,109,53932,3987,3986,35,4021,57
2021-04-08,Ventura,111,848112,79834,79626,3017,82643,986
2021-04-08,Yolo,113,214977,13480,13468,265,13733,198
2021-04-08,Yuba,115,75493,5766,5743,118,5861,43
2021-04-07,Alameda,1,1643700,84612,84130,1919,86049,1224
2021-04-07,Alpine,3,1148,86,85,0,85,0
2021-04-07,Amador,5,37829,3611,3590,35,3625,46
2021-04-07,Butte,7,227075,11713,11405,1765,13170,193
2021-04-07,Calaveras,9,45235,2025,2022,12,2034,50
2021-04-07,Colusa,11,21464,1893,1894,286,2180,14
2021-04-07,Contra Costa,13,1133247,66407,65619,1205,66824,775
2021-04-07,Del Norte,15,27424,1217,1198,6,1204,6
2021-04-07,El Dorado,17,186661,9553,9500,675,10175,106
2021-04-07,Fresno,19,978130,99735,99865,8648,108513,1627
2021-04-07,Glenn,21,27897,2348,2337,551,2888,17
2021-04-07,Humboldt,23,135768,3506,3484,24,3508,35
2021-04-07,Imperial,25,180216,27797,27704,2759,30463,713
2021-04-07,Inyo,27,18085,1388,1386,2,1388,36
2021-04-07,Kern,29,883053,95226,94456,10829,105285,1275
2021-04-07,Kings,31,150075,22631,22589,1138,23727,243
2021-04-07,Lake,33,64148,3388,3358,9,3367,43
2021-04-07,Lassen,35,31185,5141,5137,109,5246,1
2021-04-07,Los Angeles,37,10098052,1188652,1183862,42774,1226636,23372
2021-04-07,Madera,39,155013,16187,16090,928,17018,231
2021-04-07,Marin,41,260295,13715,13688,232,13920,225
2021-04-07,Mariposa,43,17540,398,391,6,397,5
2021-04-07,Mendocino,45,87422,3767,3691,70,3761,45
2021-04-07,Merced,47,269075,30084,30132,965,31097,430
2021-04-07,Modoc,49,8938,361,351,120,471,3
2021-04-07,Mono,51,14174,1226,1246,13,1259,3
2021-04-07,Monterey,53,433212,42535,42427,1854,44281,341
2021-04-07,Napa,55,140530,9573,9556,33,9589,80
2021-04-07,Nevada,57,99092,4418,4364,189,4553,69
2021-04-07,Orange,59,3164182,251419,250378,11250,261628,4778
2021-04-07,Placer,61,380077,21878,21227,1367,22594,276
2021-04-07,Plumas,63,18699,672,665,11,676,4
2021-04-07,Riverside,65,2383286,287592,283749,14473,298222,4285
2021-04-07,Sacramento,67,1510023,100267,99202,1535,100737,1544
2021-04-07,San Benito,69,59416,5925,5912,108,6020,62
2021-04-07,San Bernardino,71,2135413,289488,286978,8864,295842,4433
2021-04-07,San Diego,73,3302833,272835,272195,0,272195,3588
2021-04-07,San Francisco,75,870044,35573,35618,1308,36926,493
2021-04-07,San Joaquin,77,732212,70293,69375,3455,72830,1278
2021-04-07,San Luis Obispo,79,281455,20552,20373,671,21044,252
2021-04-07,San Mateo,81,765935,41128,40693,443,41136,350
2021-04-07,Santa Barbara,83,443738,33657,33289,1215,34504,444
2021-04-07,Santa Clara,85,1922200,114896,115311,694,116005,1900
2021-04-07,Santa Cruz,87,273765,15847,15275,867,16142,203
2021-04-07,Shasta,89,179085,11444,11456,1435,12891,184
2021-04-07,Sierra,91,2930,53,51,14,65,0
2021-04-07,Siskiyou,93,43540,1567,1512,294,1806,7
2021-04-07,Solano,95,438530,31206,31097,435,31532,238
2021-04-07,Sonoma,97,501317,29314,29394,296,29690,310
2021-04-07,Stanislaus,99,539301,53415,53344,5890,59234,686
2021-04-07,Sutter,101,95872,9187,9188,86,9274,106
2021-04-07,Tehama,103,63373,4829,4802,554,5356,52
2021-04-07,Trinity,105,12862,360,322,54,376,3
2021-04-07,Tulare,107,460477,48816,48386,9145,57531,820
2021-04-07,Tuolumne,109,53932,3986,3982,35,4017,57
2021-04-07,Ventura,111,848112,79800,79595,3015,82610,986
2021-04-07,Yolo,113,214977,13464,13450,263,13713,198
2021-04-07,Yuba,115,75493,5762,5737,118,5855,43
2021-04-06,Alameda,1,1643700,84500,84091,1914,86005,1223
2021-04-06,Alpine,3,1148,86,85,0,85,0
2021-04-06,Amador,5,37829,3610,3587,35,3622,45
2021-04-06,Butte,7,227075,11698,11396,1764,13160,193
2021-04-06,Calaveras,9,45235,2022,2021,12,2033,50
2021-04-06,Colusa,11,21464,1891,1894,284,2178,14
2021-04-06,Contra Costa,13,1133247,66330,65575,1204,66779,774
2021-04-06,Del Norte,15,27424,1212,1197,6,1203,6
2021-04-06,El Dorado,17,186661,9523,9489,673,10162,106
2021-04-06,Fresno,19,978130,99671,99814,8642,108456,1626
2021-04-06,Glenn,21,27897,2347,2335,551,2886,17
2021-04-06,Humboldt,23,135768,3497,3477,24,3501,35
2021-04-06,Imperial,25,180216,27764,27661,2749,30410,713
2021-04-06,Inyo,27,18085,1388,1379,2,1381,36
2021-04-06,Kern,29,883053,95183,94422,10823,105245,1259
2021-04-06,Kings,31,150075,22625,22587,1138,23725,240
2021-04-06,Lake,33,64148,3385,3358,9,3367,43
2021-04-06,Lassen,35,31185,5139,5137,109,5246,1
2021-04-06,Los Angeles,37,10098052,1188148,1183499,42729,1226228,23323
2021-04-06,Madera,39,155013,16168,16085,923,17008,230
2021-04-06,Marin,41,260295,13706,13675,229,13904,224
2021-04-06,Mariposa,43,17540,398,390,6,396,5
2021-04-06,Mendocino,45,87422,3765,3686,70,3756,45
2021-04-06,Merced,47,269075,30055,30100,960,31060,430
2021-04-06,Modoc,49,8938,360,351,120,471,3
2021-04-06,Mono,51,14174,1226,1246,13,1259,3
2021-04-06,Monterey,53,433212,42526,42412,1853,44265,341
2021-04-06,Napa,55,140530,9554,9509,33,9542,78
2021-04-06,Nevada,57,99092,4408,4356,187,4543,69
2021-04-06,Orange,59,3164182,251311,250304,11235,261539,4771
2021-04-06,Placer,61,380077,21831,21184,1364,22548,276
2021-04-06,Plumas,63,18699,672,665,11,676,4
2021-04-06,Riverside,65,2383286,287415,283622,14462,298084,4264
2021-04-06,Sacramento,67,1510023,100059,99110,1526,100636,1537
2021-04-06,San Benito,69,59416,5916,5907,108,6015,62
2021-04-06,San Bernardino,71,2135413,289373,286792,8854,295646,4428
2021-04-06,San Diego,73,3302833,272573,271867,0,271867,3585
2021-04-06,San Francisco,75,870044,35530,35572,1308,36880,488
2021-04-06,San Joaquin,77,732212,70210,69316,3442,72758,1278
2021-04-06,San Luis Obispo,79,281455,20531,20350,667,21017,252
2021-04-06,San Mateo,81,765935,41081,40649,442,41091,350
2021-04-06,Santa Barbara,83,443738,33639,33257,1214,34471,443
2021-04-06,Santa Clara,85,1922200,114726,115184,692,115876,1900
2021-04-06,Santa Cruz,87,273765,15837,15252,867,16119,203
2021-04-06,Shasta,89,179085,11423,11443,1433,12876,184
2021-04-06,Sierra,91,2930,53,51,14,65,0
2021-04-06,Siskiyou,93,43540,1563,1510,291,1801,7
2021-04-06,Solano,95,438530,31159,31078,434,31512,237
2021-04-06,Sonoma,97,501317,29289,29386,294,29680,311
2021-04-06,Stanislaus,99,539301,53357,53304,5884,59188,686
2021-04-06,Sutter,101,95872,9177,9179,86,9265,106
2021-04-06,Tehama,103,63373,4820,4798,554,5352,52
2021-04-06,Trinity,105,12862,360,321,54,375,3
2021-04-06,Tulare,107,460477,48773,48372,9142,57514,819
2021-04-06,Tuolumne,109,53932,3986,3981,35,4016,57
2021-04-06,Ventura,111,848112,79763,79556,3013,82569,983
2021-04-06,Yolo,113,214977,13451,13443,262,13705,198
2021-04-06,Yuba,115,75493,5758,5733,117,5850,43
2021-04-05,Alameda,1,1643700,84383,84007,1909,85916,1219
2021-04-05,Alpine,3,1148,86,85,0,85,0
2021-04-05,Amador,5,37829,3607,3584,35,3619,45
2021-04-05,Butte,7,227075,11683,11384,1762,13146,193
2021-04-05,Calaveras,9,45235,2019,2019,12,2031,50
2021-04-05,Colusa,11,21464,1891,1894,283,2177,14
2021-04-05,Contra Costa,13,1133247,66263,65457,1202,66659,774
2021-04-05,Del Norte,15,27424,1210,1189,6,1195,6
2021-04-05,El Dorado,17,186661,9508,9463,673,10136,106
2021-04-05,Fresno,19,978130,99585,99755,8633,108388,1622
2021-04-05,Glenn,21,27897,2346,2335,551,2886,17
2021-04-05,Humboldt,23,135768,3488,3475,24,3499,35
2021-04-05,Imperial,25,180216,27733,27604,2743,30347,710
2021-04-05,Inyo,27,18085,1385,1377,2,1379,36
2021-04-05,Kern,29,883053,95129,94401,10797,105198,1249
2021-04-05,Kings,31,150075,22621,22580,1138,23718,239
2021-04-05,Lake,33,64148,3377,3359,9,3368,43
2021-04-05,Lassen,35,31185,5139,5138,108,5246,1
2021-04-05,Los Angeles,37,10098052,1187615,1183200,42677,1225877,23302
2021-04-05,Madera,39,155013,16154,16065,922,16987,230
2021-04-05,Marin,41,260295,13692,13666,225,13891,221
2021-04-05,Mariposa,43,17540,398,390,6,396,5
2021-04-05,Mendocino,45,87422,3763,3687,70,3757,45
2021-04-05,Merced,47,269075,30028,30068,959,31027,427
2021-04-05,Modoc,49,8938,358,346,120,466,3
2021-04-05,Mono,51,14174,1226,1246,13,1259,3
2021-04-05,Monterey,53,433212,42513,42396,1849,44245,341
2021-04-05,Napa,55,140530,9531,9492,33,9525,78
2021-04-05,Nevada,57,99092,4397,4346,187,4533,69
2021-04-05,Orange,59,3164182,251198,250177,11211,261388,4759
2021-04-05,Placer,61,380077,21785,21133,1356,22489,276
2021-04-05,Plumas,63,18699,672,666,11,677,4
2021-04-05,Riverside,65,2383286,287284,283549,14450,297999,4237
2021-04-05,Sacramento,67,1510023,99898,98908,1518,100426,1533
2021-04-05,San Benito,69,59416,5910,5904,108,6012,61
2021-04-05,San Bernardino,71,2135413,289260,286597,8851,295448,4425
2021-04-05,San Diego,73,3302833,272325,271655,0,271655,3583
2021-04-05,San Francisco,75,870044,35500,35538,1308,36846,488
2021-04-05,San Joaquin,77,732212,70123,69214,3432,72646,1268
2021-04-05,San Luis Obispo,79,281455,20494,20333,667,21000,252
2021-04-05,San Mateo,81,765935,41038,40609,441,41050,350
2021-04-05,Santa Barbara,83,443738,33607,33235,1214,34449,443
2021-04-05,Santa Clara,85,1922200,114561,115091,688,115779,1893
2021-04-05,Santa Cruz,87,273765,15830,15228,867,16095,201
2021-04-05,Shasta,89,179085,11404,11435,1428,12863,184
2021-04-05,Sierra,91,2930,53,50,14,64,0
2021-04-05,Siskiyou,93,43540,1560,1509,289,1798,7
2021-04-05,Solano,95,438530,31119,31026,432,31458,237
2021-04-05,Sonoma,97,501317,29258,29361,292,29653,311
2021-04-05,Stanislaus,99,539301,53277,53238,5881,59119,686
2021-04-05,Sutter,101,95872,9170,9169,86,9255,106
2021-04-05,Tehama,103,63373,4814,4794,554,5348,52
2021-04-05,Trinity,105,12862,359,321,54,375,3
2021-04-05,Tulare,107,460477,48761,48356,9135,57491,818
2021-04-05,Tuolumne,109,53932,3985,3980,35,4015,57
2021-04-05,Ventura,111,848112,79733,79549,3009,82558,983
2021-04-05,Yolo,113,214977,13437,13427,261,13688,198
2021-04-05,Yuba,115,75493,5753,5728,116,5844,43
2021-04-04,Alameda,1,1643700,84265,83951,1905,85856,1219
2021-04-04,Alpine,3,1148,86,85,0,85,0
2021-04-04,Amador,5,37829,3601,3582,35,3617,45
2021-04-04,Butte,7,227075,11668,11375,1761,13136,193
2021-04-04,Calaveras,9,45235,2015,2020,12,2032,50
2021-04-04,Colusa,11,21464,1890,1893,283,2176,14
2021-04-04,Contra Costa,13,1133247,66157,65408,1197,66605,774
2021-04-04,Del Norte,15,27424,1202,1186,6,1192,6
2021-04-04,El Dorado,17,186661,9489,9455,669,10124,106
2021-04-04,Fresno,19,978130,99511,99702,8620,108322,1622
2021-04-04,Glenn,21,27897,2343,2335,550,2885,17
2021-04-04,Humboldt,23,135768,3477,3472,24,3496,35
2021-04-04,Imperial,25,180216,27677,27588,2741,30329,710
2021-04-04,Inyo,27,18085,1381,1377,2,1379,36
2021-04-04,Kern,29,883053,95089,94388,10773,105161,1247
2021-04-04,Kings,31,150075,22619,22580,1137,23717,239
2021-04-04,Lake,33,64148,3371,3355,8,3363,43
2021-04-04,Lassen,35,31185,5138,5138,108,5246,1
2021-04-04,Los Angeles,37,10098052,1187074,1182872,42629,1225501,23301
2021-04-04,Madera,39,155013,16128,16052,918,16970,230
2021-04-04,Marin,41,260295,13679,13663,224,13887,221
2021-04-04,Mariposa,43,17540,398,390,6,396,5
2021-04-04,Mendocino,45,87422,3760,3684,70,3754,45
2021-04-04,Merced,47,269075,29985,30048,956,31004,427
2021-04-04,Modoc,49,8938,358,346,120,466,3
2021-04-04,Mono,51,14174,1225,1245,13,1258,3
2021-04-04,Monterey,53,433212,42496,42391,1848,44239,341
2021-04-04,Napa,55,140530,9519,9486,33,9519,78
2021-04-04,Nevada,57,99092,4385,4337,186,4523,69
2021-04-04,Orange,59,3164182,251062,250117,11196,261313,4759
2021-04-04,Placer,61,380077,21740,21104,1337,22441,276
2021-04-04,Plumas,63,18699,672,666,11,677,4
2021-04-04,Riverside,65,2383286,287159,283537,14446,297983,4237
2021-04-04,Sacramento,67,1510023,99698,98821,1510,100331,1531
2021-04-04,San Benito,69,59416,5900,5901,104,6005,61
2021-04-04,San Bernardino,71,2135413,289117,286561,8843,295404,4423
2021-04-04,San Diego,73,3302833,272014,271528,0,271528,3583
2021-04-04,San Francisco,75,870044,35446,35525,1305,36830,488
2021-04-04,San Joaquin,77,732212,70022,69147,3420,72567,1268
2021-04-04,San Luis Obispo,79,281455,20462,20328,659,20987,252
2021-04-04,San Mateo,81,765935,40995,40587,438,41025,350
2021-04-04,Santa Barbara,83,443738,33571,33213,1214,34427,443
2021-04-04,Santa Clara,85,1922200,114395,114976,681,115657,1893
2021-04-04,Santa Cruz,87,273765,15821,15219,867,16086,201
2021-04-04,Shasta,89,179085,11378,11433,1427,12860,184
2021-04-04,Sierra,91,2930,53,50,14,64,0
2021-04-04,Siskiyou,93,43540,1557,1509,285,1794,7
2021-04-04,Solano,95,438530,31072,31002,430,31432,237
2021-04-04,Sonoma,97,501317,29226,29340,290,29630,311
2021-04-04,Stanislaus,99,539301,53184,53181,5873,59054,686
2021-04-04,Sutter,101,95872,9163,9164,86,9250,106
2021-04-04,Tehama,103,63373,4803,4792,553,5345,52
2021-04-04,Trinity,105,12862,357,321,54,375,3
2021-04-04,Tulare,107,460477,48746,48343,9127,57470,818
2021-04-04,Tuolumne,109,53932,3977,3980,35,4015,57
2021-04-04,Ventura,111,848112,79690,79526,3008,82534,983
2021-04-04,Yolo,113,214977,13416,13425,260,13685,198
2021-04-04,Yuba,115,75493,5746,5722,116,5838,43
2021-04-03,Alameda,1,1643700,84197,83861,1903,85764,1218
2021-04-03,Alpine,3,1148,86,85,0,85,0
2021-04-03,Amador,5,37829,3598,3577,35,3612,45
2021-04-03,Butte,7,227075,11664,11359,1757,13116,193
2021-04-03,Calaveras,9,45235,2013,2019,12,2031,50
2021-04-03,Colusa,11,21464,1890,1891,283,2174,14
2021-04-03,Contra Costa,13,1133247,66085,65338,1197,66535,774
2021-04-03,Del Norte,15,27424,1197,1183,6,1189,6
2021-04-03,El Dorado,17,186661,9480,9448,668,10116,106
2021-04-03,Fresno,19,978130,99454,99602,8615,108217,1622
2021-04-03,Glenn,21,27897,2343,2334,549,2883,17
2021-04-03,Humboldt,23,135768,3475,3467,24,3491,35
2021-04-03,Imperial,25,180216,27662,27572,2737,30309,710
2021-04-03,Inyo,27,18085,1380,1376,2,1378,36
2021-04-03,Kern,29,883053,95066,94369,10755,105124,1243
2021-04-03,Kings,31,150075,22617,22580,1137,23717,239
2021-04-03,Lake,33,64148,3370,3350,8,3358,43
2021-04-03,Lassen,35,31185,5137,5136,108,5244,1
2021-04-03,Los Angeles,37,10098052,1186776,1182402,42610,1225012,23301
2021-04-03,Madera,39,155013,16119,16051,916,16967,230
2021-04-03,Marin,41,260295,13671,13658,223,13881,221
2021-04-03,Mariposa,43,17540,398,390,5,395,5
2021-04-03,Mendocino,45,87422,3759,3684,70,3754,45
2021-04-03,Merced,47,269075,29970,30031,956,30987,427
2021-04-03,Modoc,49,8938,358,346,120,466,3
2021-04-03,Mono,51,14174,1225,1245,13,1258,3
2021-04-03,Monterey,53,433212,42483,42376,1846,44222,341
2021-04-03,Napa,55,140530,9510,9473,33,9506,78
2021-04-03,Nevada,57,99092,4381,4323,186,4509,69
2021-04-03,Orange,59,3164182,250983,249982,11177,261159,4755
2021-04-03,Placer,61,380077,21709,21060,1333,22393,276
2021-04-03,Plumas,63,18699,672,666,11,677,4
2021-04-03,Riverside,65,2383286,287082,283423,14443,297866,4237
2021-04-03,Sacramento,67,1510023,99590,98660,1504,100164,1531
2021-04-03,San Benito,69,59416,5897,5893,103,5996,61
2021-04-03,San Bernardino,71,2135413,289051,286473,8837,295310,4422
2021-04-03,San Diego,73,3302833,271845,271335,0,271335,3571
2021-04-03,San Francisco,75,870044,35428,35488,1303,36791,489
2021-04-03,San Joaquin,77,732212,69981,69100,3404,72504,1268
2021-04-03,San Luis Obispo,79,281455,20443,20301,659,20960,252
2021-04-03,San Mateo,81,765935,40970,40560,438,40998,350
2021-04-03,Santa Barbara,83,443738,33545,33172,1213,34385,443
2021-04-03,Santa Clara,85,1922200,114287,114865,679,115544,1893
2021-04-03,Santa Cruz,87,273765,15814,15205,867,16072,201
2021-04-03,Shasta,89,179085,11370,11418,1427,12845,184
2021-04-03,Sierra,91,2930,53,50,14,64,0
2021-04-03,Siskiyou,93,43540,1556,1509,285,1794,7
2021-04-03,Solano,95,438530,31051,30970,427,31397,237
2021-04-03,Sonoma,97,501317,29210,29315,289,29604,311
2021-04-03,Stanislaus,99,539301,53149,53137,5867,59004,686
2021-04-03,Sutter,101,95872,9157,9158,86,9244,106
2021-04-03,Tehama,103,63373,4796,4788,553,5341,52
2021-04-03,Trinity,105,12862,357,321,54,375,3
2021-04-03,Tulare,107,460477,48736,48327,9123,57450,818
2021-04-03,Tuolumne,109,53932,3977,3980,35,4015,57
2021-04-03,Ventura,111,848112,79669,79489,3006,82495,983
2021-04-03,Yolo,113,214977,13410,13414,260,13674,198
2021-04-03,Yuba,115,75493,5740,5716,116,5832,43
2021-04-02,Alameda,1,1643700,84124,83776,1898,85674,1217
2021-04-02,Alpine,3,1148,86,85,0,85,0
2021-04-02,Amador,5,37829,3594,3573,34,3607,45
2021-04-02,Butte,7,227075,11655,11350,1757,13107,193
2021-04-02,Calaveras,9,45235,2013,2010,12,2022,50
2021-04-02,Colusa,11,21464,1890,1891,283,2174,14
2021-04-02,Contra Costa,13,1133247,66021,65299,1196,66495,774
2021-04-02,Del Norte,15,27424,1194,1174,6,1180,6
2021-04-02,El Dorado,17,186661,9467,9437,665,10102,106
2021-04-02,Fresno,19,978130,99400,99551,8604,108155,1620
2021-04-02,Glenn,21,27897,2343,2331,549,2880,17
2021-04-02,Humboldt,23,135768,3471,3465,24,3489,35
2021-04-02,Imperial,25,180216,27651,27553,2729,30282,710
2021-04-02,Inyo,27,18085,1380,1377,2,1379,36
2021-04-02,Kern,29,883053,95049,94348,10751,105099,1233
2021-04-02,Kings,31,150075,22617,22571,1134,23705,239
2021-04-02,Lake,33,64148,3368,3348,8,3356,43
2021-04-02,Lassen,35,31185,5137,5134,108,5242,1
2021-04-02,Los Angeles,37,10098052,1186467,1181682,42586,1224268,23264
2021-04-02,Madera,39,155013,16110,16036,915,16951,230
2021-04-02,Marin,41,260295,13663,13649,223,13872,221
2021-04-02,Mariposa,43,17540,396,390,5,395,5
2021-04-02,Mendocino,45,87422,3756,3682,70,3752,45
2021-04-02,Merced,47,269075,29946,29998,956,30954,426
2021-04-02,Modoc,49,8938,355,346,120,466,3
2021-04-02,Mono,51,14174,1225,1246,13,1259,3
2021-04-02,Monterey,53,433212,42473,42359,1843,44202,341
2021-04-02,Napa,55,140530,9495,9453,33,9486,78
2021-04-02,Nevada,57,99092,4377,4323,186,4509,69
2021-04-02,Orange,59,3164182,250887,249891,11163,261054,4748
2021-04-02,Placer,61,380077,21674,21035,1326,22361,275
2021-04-02,Plumas,63,18699,672,666,11,677,4
2021-04-02,Riverside,65,2383286,286998,283328,14435,297763,4213
2021-04-02,Sacramento,67,1510023,99483,98648,1497,100145,1527
2021-04-02,San Benito,69,59416,5895,5888,101,5989,61
2021-04-02,San Bernardino,71,2135413,288977,286308,8833,295141,4417
2021-04-02,San Diego,73,3302833,271658,271036,0,271036,3568
2021-04-02,San Francisco,75,870044,35394,35451,1300,36751,488
2021-04-02,San Joaquin,77,732212,69917,68996,3388,72384,1268
2021-04-02,San Luis Obispo,79,281455,20426,20271,658,20929,252
2021-04-02,San Mateo,81,765935,40928,40514,438,40952,350
2021-04-02,Santa Barbara,83,443738,33517,33145,1213,34358,443
2021-04-02,Santa Clara,85,1922200,114176,114777,677,115454,1882
2021-04-02,Santa Cruz,87,273765,15806,15216,867,16083,202
2021-04-02,Shasta,89,179085,11365,11377,1419,12796,181
2021-04-02,Sierra,91,2930,53,50,14,64,0
2021-04-02,Siskiyou,93,43540,1556,1508,284,1792,7
2021-04-02,Solano,95,438530,31023,30951,424,31375,237
2021-04-02,Sonoma,97,501317,29189,29288,288,29576,311
2021-04-02,Stanislaus,99,539301,53104,53073,5860,58933,687
2021-04-02,Sutter,101,95872,9149,9131,86,9217,106
2021-04-02,Tehama,103,63373,4789,4775,552,5327,52
2021-04-02,Trinity,105,12862,357,320,54,374,3
2021-04-02,Tulare,107,460477,48730,48306,9117,57423,818
2021-04-02,Tuolumne,109,53932,3974,3980,35,4015,57
2021-04-02,Ventura,111,848112,79641,79434,3004,82438,982
2021-04-02,Yolo,113,214977,13400,13381,260,13641,197
2021-04-02,Yuba,115,75493,5737,5709,116,5825,44
2021-04-01,Alameda,1,1643700,84042,83574,1894,85468,1216
2021-04-01,Alpine,3,1148,86,85,0,85,0
2021-04-01,Amador,5,37829,3590,3558,34,3592,45
2021-04-01,Butte,7,227075,11637,11328,1755,13083,193
2021-04-01,Calaveras,9,45235,2012,2006,12,2018,50
2021-04-01,Colusa,11,21464,1887,1890,283,2173,14
2021-04-01,Contra Costa,13,1133247,65961,65176,1194,66370,771
2021-04-01,Del Norte,15,27424,1189,1138,6,1144,6
2021-04-01,El Dorado,17,186661,9458,9393,661,10054,106
2021-04-01,Fresno,19,978130,99349,99317,8596,107913,1616
2021-04-01,Glenn,21,27897,2343,2322,548,2870,17
2021-04-01,Humboldt,23,135768,3467,3464,24,3488,35
2021-04-01,Imperial,25,180216,27621,27520,2723,30243,710
2021-04-01,Inyo,27,18085,1379,1374,2,1376,36
2021-04-01,Kern,29,883053,95018,94244,10737,104981,1233
2021-04-01,Kings,31,150075,22610,22560,1133,23693,239
2021-04-01,Lake,33,64148,3363,3337,8,3345,43
2021-04-01,Lassen,35,31185,5136,5132,108,5240,1
2021-04-01,Los Angeles,37,10098052,1185980,1181101,42559,1223660,23220
2021-04-01,Madera,39,155013,16094,16023,915,16938,230
2021-04-01,Marin,41,260295,13653,13635,223,13858,221
2021-04-01,Mariposa,43,17540,394,389,5,394,5
2021-04-01,Mendocino,45,87422,3756,3680,70,3750,45
2021-04-01,Merced,47,269075,29913,29820,956,30776,425
2021-04-01,Modoc,49,8938,354,346,120,466,3
2021-04-01,Mono,51,14174,1225,1245,13,1258,3
2021-04-01,Monterey,53,433212,42465,42324,1841,44165,339
2021-04-01,Napa,55,140530,9483,9410,33,9443,78
2021-04-01,Nevada,57,99092,4367,4288,185,4473,68
2021-04-01,Orange,59,3164182,250767,249617,11145,260762,4742
2021-04-01,Placer,61,380077,21638,20909,1313,22222,274
2021-04-01,Plumas,63,18699,672,664,11,675,4
2021-04-01,Riverside,65,2383286,286896,283128,14433,297561,4193
2021-04-01,Sacramento,67,1510023,99340,97952,1483,99435,1521
2021-04-01,San Benito,69,59416,5887,5878,100,5978,61
2021-04-01,San Bernardino,71,2135413,288859,286086,8825,294911,4404
2021-04-01,San Diego,73,3302833,271434,270540,0,270540,3555
2021-04-01,San Francisco,75,870044,35374,35386,1296,36682,488
2021-04-01,San Joaquin,77,732212,69834,68802,3380,72182,1262
2021-04-01,San Luis Obispo,79,281455,20398,20235,657,20892,252
2021-04-01,San Mateo,81,765935,40887,40454,438,40892,350
2021-04-01,Santa Barbara,83,443738,33472,33096,1208,34304,443
2021-04-01,Santa Clara,85,1922200,114063,114606,676,115282,1874
2021-04-01,Santa Cruz,87,273765,15791,15271,867,16138,202
2021-04-01,Shasta,89,179085,11350,11355,1413,12768,181
2021-04-01,Sierra,91,2930,53,50,14,64,0
2021-04-01,Siskiyou,93,43540,1554,1507,283,1790,7
2021-04-01,Solano,95,438530,30990,30850,421,31271,237
2021-04-01,Sonoma,97,501317,29157,29241,281,29522,311
2021-04-01,Stanislaus,99,539301,53041,52825,5854,58679,687
2021-04-01,Sutter,101,95872,9137,9105,86,9191,106
2021-04-01,Tehama,103,63373,4783,4764,549,5313,52
2021-04-01,Trinity,105,12862,357,319,54,373,3
2021-04-01,Tulare,107,460477,48707,48279,9107,57386,817
2021-04-01,Tuolumne,109,53932,3973,3978,35,4013,57
2021-04-01,Ventura,111,848112,79617,79369,3003,82372,977
2021-04-01,Yolo,113,214977,13387,13342,260,13602,197
2021-04-01,Yuba,115,75493,5732,5694,116,5810,44
2021-03-31,Alameda,1,1643700,83961,83475,1889,85364,1215
2021-03-31,Alpine,3,1148,86,85,0,85,0
2021-03-31,Amador,5,37829,3587,3556,34,3590,45
2021-03-31,Butte,7,227075,11627,11321,1752,13073,193
2021-03-31,Calaveras,9,45235,2008,2005,12,2017,50
2021-03-31,Colusa,11,21464,1887,1890,283,2173,14
2021-03-31,Contra Costa,13,1133247,65876,65109,1193,66302,769
2021-03-31,Del Norte,15,27424,1180,1129,6,1135,6
2021-03-31,El Dorado,17,186661,9441,9390,661,10051,106
2021-03-31,Fresno,19,978130,99259,99240,8580,107820,1616
2021-03-31,Glenn,21,27897,2338,2318,546,2864,17
2021-03-31,Humboldt,23,135768,3461,3460,24,3484,35
2021-03-31,Imperial,25,180216,27601,27506,2722,30228,710
2021-03-31,Inyo,27,18085,1376,1373,2,1375,35
2021-03-31,Kern,29,883053,94979,94205,10728,104933,1229
2021-03-31,Kings,31,150075,22607,22540,1133,23673,239
2021-03-31,Lake,33,64148,3359,3332,8,3340,43
2021-03-31,Lassen,35,31185,5132,5132,108,5240,1
2021-03-31,Los Angeles,37,10098052,1185521,1180538,42517,1223055,23171
2021-03-31,Madera,39,155013,16080,16015,913,16928,229
2021-03-31,Marin,41,260295,13643,13624,223,13847,221
2021-03-31,Mariposa,43,17540,394,389,5,394,5
2021-03-31,Mendocino,45,87422,3750,3675,70,3745,45
2021-03-31,Merced,47,269075,29884,29780,956,30736,423
2021-03-31,Modoc,49,8938,354,346,120,466,3
2021-03-31,Mono,51,14174,1225,1245,13,1258,3
2021-03-31,Monterey,53,433212,42448,42309,1839,44148,338
2021-03-31,Napa,55,140530,9465,9401,33,9434,78
2021-03-31,Nevada,57,99092,4361,4283,185,4468,68
2021-03-31,Orange,59,3164182,250656,249518,11130,260648,4731
2021-03-31,Placer,61,380077,21588,20885,1305,22190,271
2021-03-31,Plumas,63,18699,671,663,11,674,4
2021-03-31,Riverside,65,2383286,286797,283006,14422,297428,4171
2021-03-31,Sacramento,67,1510023,99163,97760,1475,99235,1519
2021-03-31,San Benito,69,59416,5877,5875,100,5975,61
2021-03-31,San Bernardino,71,2135413,288761,285916,8822,294738,4356
2021-03-31,San Diego,73,3302833,271203,270288,0,270288,3555
2021-03-31,San Francisco,75,870044,35330,35347,1294,36641,474
2021-03-31,San Joaquin,77,732212,69746,68685,3363,72048,1259
2021-03-31,San Luis Obispo,79,281455,20378,20215,656,20871,251
2021-03-31,San Mateo,81,765935,40857,40423,438,40861,350
2021-03-31,Santa Barbara,83,443738,33441,33052,1206,34258,443
2021-03-31,Santa Clara,85,1922200,113937,114499,676,115175,1874
2021-03-31,Santa Cruz,87,273765,15779,15295,866,16161,201
2021-03-31,Shasta,89,179085,11338,11327,1405,12732,179
2021-03-31,Sierra,91,2930,53,50,14,64,0
2021-03-31,Siskiyou,93,43540,1553,1505,283,1788,7
2021-03-31,Solano,95,438530,30944,30824,420,31244,235
2021-03-31,Sonoma,97,501317,29131,29216,281,29497,311
2021-03-31,Stanislaus,99,539301,52973,52782,5842,58624,687
2021-03-31,Sutter,101,95872,9126,9111,86,9197,106
2021-03-31,Tehama,103,63373,4778,4762,546,5308,52
2021-03-31,Trinity,105,12862,357,319,54,373,3
2021-03-31,Tulare,107,460477,48688,48261,9090,57351,816
2021-03-31,Tuolumne,109,53932,3973,3976,35,4011,57
2021-03-31,Ventura,111,848112,79585,79326,2999,82325,969
2021-03-31,Yolo,113,214977,13369,13359,259,13618,197
2021-03-31,Yuba,115,75493,5725,5686,116,5802,44
2021-03-30,Alameda,1,1643700,83861,83395,1886,85281,1211
2021-03-30,Alpine,3,1148,86,85,0,85,0
2021-03-30,Amador,5,37829,3584,3551,34,3585,45
2021-03-30,Butte,7,227075,11614,11296,1749,13045,193
2021-03-30,Calaveras,9,45235,2004,1997,12,2009,50
2021-03-30,Colusa,11,21464,1886,1890,282,2172,14
2021-03-30,Contra Costa,13,1133247,65788,65041,1191,66232,767
2021-03-30,Del Norte,15,27424,1172,1118,5,1123,6
2021-03-30,El Dorado,17,186661,9422,9381,658,10039,105
2021-03-30,Fresno,19,978130,99195,99156,8568,107724,1609
2021-03-30,Glenn,21,27897,2338,2310,544,2854,17
2021-03-30,Humboldt,23,135768,3458,3461,24,3485,35
2021-03-30,Imperial,25,180216,27572,27471,2720,30191,706
2021-03-30,Inyo,27,18085,1376,1374,2,1376,35
2021-03-30,Kern,29,883053,94939,94151,10719,104870,1221
2021-03-30,Kings,31,150075,22603,22530,1131,23661,238
2021-03-30,Lake,33,64148,3353,3330,8,3338,43
2021-03-30,Lassen,35,31185,5132,5132,108,5240,1
2021-03-30,Los Angeles,37,10098052,1185032,1180044,42493,1222537,23136
2021-03-30,Madera,39,155013,16070,16003,910,16913,229
2021-03-30,Marin,41,260295,13634,13611,215,13826,221
2021-03-30,Mariposa,43,17540,394,388,5,393,5
2021-03-30,Mendocino,45,87422,3748,3670,70,3740,45
2021-03-30,Merced,47,269075,29848,29731,956,30687,423
2021-03-30,Modoc,49,8938,353,346,120,466,3
2021-03-30,Mono,51,14174,1224,1245,13,1258,3
2021-03-30,Monterey,53,433212,42422,42308,1836,44144,338
2021-03-30,Napa,55,140530,9450,9391,33,9424,78
2021-03-30,Nevada,57,99092,4349,4266,184,4450,68
2021-03-30,Orange,59,3164182,250528,249412,11102,260514,4727
2021-03-30,Placer,61,380077,21548,20866,1298,22164,271
2021-03-30,Plumas,63,18699,671,661,11,672,4
2021-03-30,Riverside,65,2383286,286678,282930,14413,297343,4154
2021-03-30,Sacramento,67,1510023,99027,97718,1471,99189,1516
2021-03-30,San Benito,69,59416,5871,5870,100,5970,61
2021-03-30,San Bernardino,71,2135413,288648,285758,8813,294571,4343
2021-03-30,San Diego,73,3302833,270966,269998,0,269998,3555
2021-03-30,San Francisco,75,870044,35280,35325,1293,36618,474
2021-03-30,San Joaquin,77,732212,69659,68613,3352,71965,1232
2021-03-30,San Luis Obispo,79,281455,20358,20194,656,20850,251
2021-03-30,San Mateo,81,765935,40812,40377,438,40815,349
2021-03-30,Santa Barbara,83,443738,33416,33016,1206,34222,441
2021-03-30,Santa Clara,85,1922200,113814,114413,675,115088,1873
2021-03-30,Santa Cruz,87,273765,15773,15278,866,16144,201
2021-03-30,Shasta,89,179085,11330,11316,1404,12720,184
2021-03-30,Sierra,91,2930,53,50,14,64,0
2021-03-30,Siskiyou,93,43540,1552,1501,283,1784,7
2021-03-30,Solano,95,438530,30915,30802,419,31221,232
2021-03-30,Sonoma,97,501317,29099,29198,281,29479,311
2021-03-30,Stanislaus,99,539301,52895,52690,5834,58524,677
2021-03-30,Sutter,101,95872,9122,9107,85,9192,106
2021-03-30,Tehama,103,63373,4769,4748,545,5293,52
2021-03-30,Trinity,105,12862,357,316,54,370,3
2021-03-30,Tulare,107,460477,48675,48249,9080,57329,815
2021-03-30,Tuolumne,109,53932,3968,3972,35,4007,57
2021-03-30,Ventura,111,848112,79541,79282,2996,82278,958
2021-03-30,Yolo,113,214977,13356,13353,259,13612,195
2021-03-30,Yuba,115,75493,5714,5679,110,5789,42
2021-03-29,Alameda,1,1643700,83759,83338,1885,85223,1211
2021-03-29,Alpine,3,1148,86,85,0,85,0
2021-03-29,Amador,5,37829,3578,3549,34,3583,45
2021-03-29,Butte,7,227075,11605,11291,1746,13037,191
2021-03-29,Calaveras,9,45235,2000,1998,12,2010,50
2021-03-29,Colusa,11,21464,1886,1889,281,2170,14
2021-03-29,Contra Costa,13,1133247,65720,64971,1190,66161,767
2021-03-29,Del Norte,15,27424,1167,1116,4,1120,6
2021-03-29,El Dorado,17,186661,9402,9374,652,10026,105
2021-03-29,Fresno,19,978130,99112,99085,8556,107641,1606
2021-03-29,Glenn,21,27897,2332,2310,544,2854,17
2021-03-29,Humboldt,23,135768,3453,3459,24,3483,34
2021-03-29,Imperial,25,180216,27552,27442,2716,30158,704
2021-03-29,Inyo,27,18085,1376,1372,2,1374,35
2021-03-29,Kern,29,883053,94894,94098,10698,104796,1220
2021-03-29,Kings,31,150075,22591,22522,1130,23652,238
2021-03-29,Lake,33,64148,3350,3325,8,3333,43
2021-03-29,Lassen,35,31185,5132,5131,108,5239,1
2021-03-29,Los Angeles,37,10098052,1184542,1179736,42451,1222187,23108
2021-03-29,Madera,39,155013,16050,15987,908,16895,210
2021-03-29,Marin,41,260295,13622,13600,211,13811,220
2021-03-29,Mariposa,43,17540,393,388,5,393,5
2021-03-29,Mendocino,45,87422,3745,3667,70,3737,45
2021-03-29,Merced,47,269075,29824,29699,956,30655,422
2021-03-29,Modoc,49,8938,352,344,120,464,3
2021-03-29,Mono,51,14174,1223,1243,13,1256,3
2021-03-29,Monterey,53,433212,42406,42305,1831,44136,337
2021-03-29,Napa,55,140530,9434,9379,33,9412,78
2021-03-29,Nevada,57,99092,4342,4258,184,4442,68
2021-03-29,Orange,59,3164182,250415,249295,11090,260385,4713
2021-03-29,Placer,61,380077,21513,20827,1291,22118,267
2021-03-29,Plumas,63,18699,670,660,11,671,4
2021-03-29,Riverside,65,2383286,286589,282867,14411,297278,4133
2021-03-29,Sacramento,67,1510023,98834,97577,1463,99040,1514
2021-03-29,San Benito,69,59416,5864,5865,100,5965,61
2021-03-29,San Bernardino,71,2135413,288547,285615,8809,294424,4335
2021-03-29,San Diego,73,3302833,270700,269771,0,269771,3547
2021-03-29,San Francisco,75,870044,35247,35291,1289,36580,474
2021-03-29,San Joaquin,77,732212,69573,68537,3338,71875,1211
2021-03-29,San Luis Obispo,79,281455,20323,20176,654,20830,250
2021-03-29,San Mateo,81,765935,40770,40357,437,40794,348
2021-03-29,Santa Barbara,83,443738,33382,32983,1205,34188,439
2021-03-29,Santa Clara,85,1922200,113708,114335,670,115005,1871
2021-03-29,Santa Cruz,87,273765,15762,15249,865,16114,201
2021-03-29,Shasta,89,179085,11312,11313,1402,12715,183
2021-03-29,Sierra,91,2930,53,50,14,64,0
2021-03-29,Siskiyou,93,43540,1551,1497,282,1779,6
2021-03-29,Solano,95,438530,30876,30762,417,31179,232
2021-03-29,Sonoma,97,501317,29075,29184,277,29461,310
2021-03-29,Stanislaus,99,539301,52811,52614,5826,58440,677
2021-03-29,Sutter,101,95872,9115,9105,85,9190,106
2021-03-29,Tehama,103,63373,4761,4742,544,5286,52
2021-03-29,Trinity,105,12862,357,314,54,368,3
2021-03-29,Tulare,107,460477,48648,48226,9069,57295,815
2021-03-29,Tuolumne,109,53932,3966,3969,35,4004,57
2021-03-29,Ventura,111,848112,79499,79252,2995,82247,956
2021-03-29,Yolo,113,214977,13338,13346,259,13605,195
2021-03-29,Yuba,115,75493,5707,5671,109,5780,42
2021-03-28,Alameda,1,1643700,83637,83239,1883,85122,1212
2021-03-28,Alpine,3,1148,86,85,0,85,0
2021-03-28,Amador,5,37829,3574,3541,34,3575,45
2021-03-28,Butte,7,227075,11592,11285,1744,13029,191
2021-03-28,Calaveras,9,45235,1997,1995,12,2007,50
2021-03-28,Colusa,11,21464,1885,1889,281,2170,14
2021-03-28,Contra Costa,13,1133247,65646,64878,1186,66064,767
2021-03-28,Del Norte,15,27424,1160,1107,2,1109,6
2021-03-28,El Dorado,17,186661,9387,9371,650,10021,105
2021-03-28,Fresno,19,978130,99030,99004,8544,107548,1606
2021-03-28,Glenn,21,27897,2329,2309,542,2851,17
2021-03-28,Humboldt,23,135768,3450,3452,23,3475,34
2021-03-28,Imperial,25,180216,27524,27426,2713,30139,704
2021-03-28,Inyo,27,18085,1375,1372,2,1374,35
2021-03-28,Kern,29,883053,94852,94084,10686,104770,1219
2021-03-28,Kings,31,150075,22587,22514,1126,23640,238
2021-03-28,Lake,33,64148,3345,3320,8,3328,43
2021-03-28,Lassen,35,31185,5132,5131,107,5238,1
2021-03-28,Los Angeles,37,10098052,1183992,1179316,42389,1221705,23101
2021-03-28,Madera,39,155013,16035,15973,907,16880,210
2021-03-28,Marin,41,260295,13609,13594,209,13803,221
2021-03-28,Mariposa,43,17540,393,388,5,393,5
2021-03-28,Mendocino,45,87422,3743,3666,70,3736,45
2021-03-28,Merced,47,269075,29767,29679,956,30635,422
2021-03-28,Modoc,49,8938,352,344,120,464,3
2021-03-28,Mono,51,14174,1222,1242,13,1255,3
2021-03-28,Monterey,53,433212,42383,42294,1827,44121,337
2021-03-28,Napa,55,140530,9420,9368,33,9401,78
2021-03-28,Nevada,57,99092,4328,4239,184,4423,68
2021-03-28,Orange,59,3164182,250262,249238,11079,260317,4713
2021-03-28,Placer,61,380077,21470,20796,1284,22080,267
2021-03-28,Plumas,63,18699,668,657,11,668,4
2021-03-28,Riverside,65,2383286,286486,282811,14403,297214,4132
2021-03-28,Sacramento,67,1510023,98660,97425,1457,98882,1514
2021-03-28,San Benito,69,59416,5859,5862,100,5962,61
2021-03-28,San Bernardino,71,2135413,288429,285570,8798,294368,4332
2021-03-28,San Diego,73,3302833,270427,269476,0,269476,3547
2021-03-28,San Francisco,75,870044,35200,35286,1285,36571,474
2021-03-28,San Joaquin,77,732212,69448,68459,3318,71777,1211
2021-03-28,San Luis Obispo,79,281455,20288,20172,651,20823,250
2021-03-28,San Mateo,81,765935,40725,40305,436,40741,348
2021-03-28,Santa Barbara,83,443738,33343,32953,1204,34157,439
2021-03-28,Santa Clara,85,1922200,113609,114232,666,114898,1871
2021-03-28,Santa Cruz,87,273765,15748,15238,864,16102,201
2021-03-28,Shasta,89,179085,11286,11308,1391,12699,183
2021-03-28,Sierra,91,2930,53,50,14,64,0
2021-03-28,Siskiyou,93,43540,1551,1497,281,1778,6
2021-03-28,Solano,95,438530,30839,30719,415,31134,232
2021-03-28,Sonoma,97,501317,29040,29161,274,29435,310
2021-03-28,Stanislaus,99,539301,52726,52567,5811,58378,678
2021-03-28,Sutter,101,95872,9106,9094,85,9179,106
2021-03-28,Tehama,103,63373,4752,4740,539,5279,52
2021-03-28,Trinity,105,12862,355,314,53,367,3
2021-03-28,Tulare,107,460477,48619,48218,9063,57281,815
2021-03-28,Tuolumne,109,53932,3964,3969,34,4003,57
2021-03-28,Ventura,111,848112,79447,79222,2990,82212,956
2021-03-28,Yolo,113,214977,13320,13325,258,13583,194
2021-03-28,Yuba,115,75493,5703,5662,109,5771,42
2021-03-27,Alameda,1,1643700,83565,83169,1879,85048,1211
2021-03-27,Alpine,3,1148,86,85,0,85,0
2021-03-27,Amador,5,37829,3569,3538,34,3572,45
2021-03-27,Butte,7,227075,11585,11278,1743,13021,191
2021-03-27,Calaveras,9,45235,1997,1992,12,2004,50
2021-03-27,Colusa,11,21464,1885,1889,281,2170,14
2021-03-27,Contra Costa,13,1133247,65577,64804,1183,65987,767
2021-03-27,Del Norte,15,27424,1150,1104,2,1106,6
2021-03-27,El Dorado,17,186661,9373,9367,650,10017,105
2021-03-27,Fresno,19,978130,98978,98901,8539,107440,1606
2021-03-27,Glenn,21,27897,2328,2308,542,2850,17
2021-03-27,Humboldt,23,135768,3445,3442,23,3465,34
2021-03-27,Imperial,25,180216,27512,27406,2710,30116,704
2021-03-27,Inyo,27,18085,1373,1372,2,1374,35
2021-03-27,Kern,29,883053,94834,94041,10672,104713,1217
2021-03-27,Kings,31,150075,22584,22502,1126,23628,238
2021-03-27,Lake,33,64148,3343,3317,8,3325,43
2021-03-27,Lassen,35,31185,5132,5129,107,5236,1
2021-03-27,Los Angeles,37,10098052,1183679,1178831,42360,1221191,23103
2021-03-27,Madera,39,155013,16028,15968,905,16873,210
2021-03-27,Marin,41,260295,13604,13579,209,13788,222
2021-03-27,Mariposa,43,17540,393,386,5,391,5
2021-03-27,Mendocino,45,87422,3742,3666,70,3736,45
2021-03-27,Merced,47,269075,29734,29647,954,30601,422
2021-03-27,Modoc,49,8938,352,344,120,464,3
2021-03-27,Mono,51,14174,1220,1241,13,1254,3
2021-03-27,Monterey,53,433212,42373,42271,1827,44098,337
2021-03-27,Napa,55,140530,9408,9360,33,9393,78
2021-03-27,Nevada,57,99092,4318,4231,184,4415,68
2021-03-27,Orange,59,3164182,250169,249160,11063,260223,4698
2021-03-27,Placer,61,380077,21450,20717,1277,21994,267
2021-03-27,Plumas,63,18699,667,655,11,666,4
2021-03-27,Riverside,65,2383286,286424,282707,14395,297102,4132
2021-03-27,Sacramento,67,1510023,98570,97247,1455,98702,1513
2021-03-27,San Benito,69,59416,5857,5862,98,5960,61
2021-03-27,San Bernardino,71,2135413,288366,285480,8796,294276,4325
2021-03-27,San Diego,73,3302833,270257,269271,0,269271,3540
2021-03-27,San Francisco,75,870044,35176,35244,1283,36527,474
2021-03-27,San Joaquin,77,732212,69388,68365,3309,71674,1211
2021-03-27,San Luis Obispo,79,281455,20277,20153,648,20801,250
2021-03-27,San Mateo,81,765935,40701,40264,436,40700,348
2021-03-27,Santa Barbara,83,443738,33320,32921,1204,34125,439
2021-03-27,Santa Clara,85,1922200,113512,114124,664,114788,1871
2021-03-27,Santa Cruz,87,273765,15742,15215,864,16079,201
2021-03-27,Shasta,89,179085,11275,11288,1389,12677,183
2021-03-27,Sierra,91,2930,53,50,14,64,0
2021-03-27,Siskiyou,93,43540,1551,1497,281,1778,6
2021-03-27,Solano,95,438530,30811,30669,414,31083,232
2021-03-27,Sonoma,97,501317,29025,29133,272,29405,310
2021-03-27,Stanislaus,99,539301,52663,52497,5802,58299,678
2021-03-27,Sutter,101,95872,9098,9093,85,9178,106
2021-03-27,Tehama,103,63373,4746,4738,537,5275,52
2021-03-27,Trinity,105,12862,355,313,53,366,3
2021-03-27,Tulare,107,460477,48603,48203,9055,57258,813
2021-03-27,Tuolumne,109,53932,3961,3968,34,4002,57
2021-03-27,Ventura,111,848112,79420,79184,2988,82172,956
2021-03-27,Yolo,113,214977,13315,13317,257,13574,194
2021-03-27,Yuba,115,75493,5701,5657,109,5766,42
2021-03-26,Alameda,1,1643700,83503,83043,1877,84920,1208
2021-03-26,Alpine,3,1148,86,85,0,85,0
2021-03-26,Amador,5,37829,3564,3532,34,3566,45
2021-03-26,Butte,7,227075,11575,11278,1743,13021,191
2021-03-26,Calaveras,9,45235,1996,1989,12,2001,50
2021-03-26,Colusa,11,21464,1885,1889,281,2170,14
2021-03-26,Contra Costa,13,1133247,65517,64699,1181,65880,761
2021-03-26,Del Norte,15,27424,1147,1101,2,1103,6
2021-03-26,El Dorado,17,186661,9368,9353,650,10003,105
2021-03-26,Fresno,19,978130,98917,98731,8527,107258,1601
2021-03-26,Glenn,21,27897,2328,2307,541,2848,17
2021-03-26,Humboldt,23,135768,3443,3431,23,3454,34
2021-03-26,Imperial,25,180216,27488,27374,2710,30084,701
2021-03-26,Inyo,27,18085,1372,1369,2,1371,35
2021-03-26,Kern,29,883053,94808,93949,10666,104615,1211
2021-03-26,Kings,31,150075,22576,22493,1124,23617,239
2021-03-26,Lake,33,64148,3342,3314,8,3322,43
2021-03-26,Lassen,35,31185,5131,5131,107,5238,1
2021-03-26,Los Angeles,37,10098052,1183344,1178213,42345,1220558,23080
2021-03-26,Madera,39,155013,16018,15952,905,16857,210
2021-03-26,Marin,41,260295,13598,13553,204,13757,221
2021-03-26,Mariposa,43,17540,393,386,5,391,5
2021-03-26,Mendocino,45,87422,3741,3664,70,3734,45
2021-03-26,Merced,47,269075,29711,29613,952,30565,419
2021-03-26,Modoc,49,8938,352,344,120,464,3
2021-03-26,Mono,51,14174,1219,1236,13,1249,3
2021-03-26,Monterey,53,433212,42360,42241,1823,44064,338
2021-03-26,Napa,55,140530,9398,9349,33,9382,78
2021-03-26,Nevada,57,99092,4298,4222,184,4406,83
2021-03-26,Orange,59,3164182,250106,248995,11049,260044,4671
2021-03-26,Placer,61,380077,21424,20679,1275,21954,259
2021-03-26,Plumas,63,18699,666,654,11,665,4
2021-03-26,Riverside,65,2383286,286346,282602,14389,296991,4109
2021-03-26,Sacramento,67,1510023,98470,97040,1450,98490,1509
2021-03-26,San Benito,69,59416,5854,5855,98,5953,61
2021-03-26,San Bernardino,71,2135413,288307,285313,8793,294106,4288
2021-03-26,San Diego,73,3302833,270079,269045,0,269045,3525
2021-03-26,San Francisco,75,870044,35151,35186,1283,36469,472
2021-03-26,San Joaquin,77,732212,69326,68249,3304,71553,1202
2021-03-26,San Luis Obispo,79,281455,20264,20118,648,20766,250
2021-03-26,San Mateo,81,765935,40666,40199,436,40635,348
2021-03-26,Santa Barbara,83,443738,33290,32895,1204,34099,439
2021-03-26,Santa Clara,85,1922200,113414,113959,663,114622,1868
2021-03-26,Santa Cruz,87,273765,15728,15199,863,16062,201
2021-03-26,Shasta,89,179085,11266,11276,1383,12659,182
2021-03-26,Sierra,91,2930,53,50,14,64,0
2021-03-26,Siskiyou,93,43540,1551,1493,280,1773,6
2021-03-26,Solano,95,438530,30786,30640,414,31054,205
2021-03-26,Sonoma,97,501317,29009,29101,269,29370,310
2021-03-26,Stanislaus,99,539301,52595,52420,5798,58218,678
2021-03-26,Sutter,101,95872,9096,9082,85,9167,104
2021-03-26,Tehama,103,63373,4745,4722,536,5258,51
2021-03-26,Trinity,105,12862,355,311,53,364,3
2021-03-26,Tulare,107,460477,48589,48179,9046,57225,813
2021-03-26,Tuolumne,109,53932,3960,3965,34,3999,57
2021-03-26,Ventura,111,848112,79387,79122,2986,82108,953
2021-03-26,Yolo,113,214977,13307,13299,255,13554,194
2021-03-26,Yuba,115,75493,5691,5653,109,5762,42
2021-03-25,Alameda,1,1643700,83403,82945,1875,84820,1206
2021-03-25,Alpine,3,1148,86,84,0,84,0
2021-03-25,Amador,5,37829,3562,3530,34,3564,45
2021-03-25,Butte,7,227075,11565,11270,1743,13013,188
2021-03-25,Calaveras,9,45235,1991,1982,12,1994,50
2021-03-25,Colusa,11,21464,1885,1888,281,2169,14
2021-03-25,Contra Costa,13,1133247,65450,64606,1177,65783,757
2021-03-25,Del Norte,15,27424,1141,1095,2,1097,6
2021-03-25,El Dorado,17,186661,9358,9331,650,9981,105
2021-03-25,Fresno,19,978130,98801,98602,8512,107114,1593
2021-03-25,Glenn,21,27897,2327,2302,540,2842,17
2021-03-25,Humboldt,23,135768,3438,3423,23,3446,34
2021-03-25,Imperial,25,180216,27472,27352,2709,30061,699
2021-03-25,Inyo,27,18085,1372,1369,2,1371,35
2021-03-25,Kern,29,883053,94776,93857,10661,104518,1206
2021-03-25,Kings,31,150075,22566,22472,1124,23596,237
2021-03-25,Lake,33,64148,3337,3312,8,3320,43
2021-03-25,Lassen,35,31185,5131,5129,107,5236,1
2021-03-25,Los Angeles,37,10098052,1182917,1177490,42307,1219797,23051
2021-03-25,Madera,39,155013,15999,15937,902,16839,210
2021-03-25,Marin,41,260295,13589,13538,201,13739,219
2021-03-25,Mariposa,43,17540,393,386,5,391,5
2021-03-25,Mendocino,45,87422,3740,3664,70,3734,45
2021-03-25,Merced,47,269075,29677,29576,943,30519,416
2021-03-25,Modoc,49,8938,352,343,120,463,3
2021-03-25,Mono,51,14174,1219,1235,13,1248,3
2021-03-25,Monterey,53,433212,42339,42220,1818,44038,336
2021-03-25,Napa,55,140530,9379,9321,33,9354,78
2021-03-25,Nevada,57,99092,4280,4202,182,4384,84
2021-03-25,Orange,59,3164182,249995,248871,11027,259898,4655
2021-03-25,Placer,61,380077,21385,20639,1268,21907,252
2021-03-25,Plumas,63,18699,666,654,11,665,4
2021-03-25,Riverside,65,2383286,286250,282492,14378,296870,4078
2021-03-25,Sacramento,67,1510023,98326,96823,1447,98270,1505
2021-03-25,San Benito,69,59416,5851,5850,98,5948,61
2021-03-25,San Bernardino,71,2135413,288220,285134,8788,293922,4222
2021-03-25,San Diego,73,3302833,269852,268623,0,268623,3520
2021-03-25,San Francisco,75,870044,35112,35154,1281,36435,468
2021-03-25,San Joaquin,77,732212,69230,68089,3255,71344,1196
2021-03-25,San Luis Obispo,79,281455,20247,20076,647,20723,250
2021-03-25,San Mateo,81,765935,40626,40147,436,40583,348
2021-03-25,Santa Barbara,83,443738,33263,32857,1203,34060,439
2021-03-25,Santa Clara,85,1922200,113312,113877,661,114538,1868
2021-03-25,Santa Cruz,87,273765,15707,15170,863,16033,201
2021-03-25,Shasta,89,179085,11249,11262,1381,12643,181
2021-03-25,Sierra,91,2930,53,50,14,64,0
2021-03-25,Siskiyou,93,43540,1549,1491,279,1770,6
2021-03-25,Solano,95,438530,30726,30583,412,30995,193
2021-03-25,Sonoma,97,501317,28975,29060,265,29325,310
2021-03-25,Stanislaus,99,539301,52529,52321,5791,58112,678
2021-03-25,Sutter,101,95872,9087,9069,85,9154,104
2021-03-25,Tehama,103,63373,4743,4719,535,5254,52
2021-03-25,Trinity,105,12862,355,310,53,363,3
2021-03-25,Tulare,107,460477,48564,48148,9033,57181,811
2021-03-25,Tuolumne,109,53932,3959,3962,34,3996,57
2021-03-25,Ventura,111,848112,79347,79045,2982,82027,952
2021-03-25,Yolo,113,214977,13300,13287,255,13542,194
2021-03-25,Yuba,115,75493,5685,5647,102,5749,42
2021-03-24,Alameda,1,1643700,83309,82871,1872,84743,1199
2021-03-24,Alpine,3,1148,86,84,0,84,0
2021-03-24,Amador,5,37829,3556,3529,34,3563,45
2021-03-24,Butte,7,227075,11555,11252,1739,12991,187
2021-03-24,Calaveras,9,45235,1987,1975,12,1987,50
2021-03-24,Colusa,11,21464,1885,1886,280,2166,14
2021-03-24,Contra Costa,13,1133247,65370,64539,1176,65715,755
2021-03-24,Del Norte,15,27424,1136,1087,2,1089,6
2021-03-24,El Dorado,17,186661,9352,9319,649,9968,105
2021-03-24,Fresno,19,978130,98712,98437,8497,106934,1585
2021-03-24,Glenn,21,27897,2326,2297,539,2836,17
2021-03-24,Humboldt,23,135768,3435,3414,23,3437,34
2021-03-24,Imperial,25,180216,27463,27325,2709,30034,699
2021-03-24,Inyo,27,18085,1372,1368,2,1370,35
2021-03-24,Kern,29,883053,94730,93800,10652,104452,1198
2021-03-24,Kings,31,150075,22552,22456,1122,23578,237
2021-03-24,Lake,33,64148,3333,3307,8,3315,43
2021-03-24,Lassen,35,31185,5129,5130,106,5236,1
2021-03-24,Los Angeles,37,10098052,1182447,1177015,42270,1219285,22993
2021-03-24,Madera,39,155013,15990,15918,901,16819,210
2021-03-24,Marin,41,260295,13576,13526,199,13725,219
2021-03-24,Mariposa,43,17540,393,384,5,389,5
2021-03-24,Mendocino,45,87422,3737,3660,70,3730,45
2021-03-24,Merced,47,269075,29636,29525,943,30468,415
2021-03-24,Modoc,49,8938,351,341,120,461,3
2021-03-24,Mono,51,14174,1218,1243,13,1256,3
2021-03-24,Monterey,53,433212,42317,42201,1815,44016,335
2021-03-24,Napa,55,140530,9359,9310,33,9343,78
2021-03-24,Nevada,57,99092,4266,4191,181,4372,85
2021-03-24,Orange,59,3164182,249878,248775,11008,259783,4638
2021-03-24,Placer,61,380077,21355,20606,1260,21866,250
2021-03-24,Plumas,63,18699,664,652,11,663,4
2021-03-24,Riverside,65,2383286,286167,282410,14376,296786,4058
2021-03-24,Sacramento,67,1510023,98152,96628,1435,98063,1500
2021-03-24,San Benito,69,59416,5850,5847,98,5945,61
2021-03-24,San Bernardino,71,2135413,288128,284983,8787,293770,4170
2021-03-24,San Diego,73,3302833,269637,268413,0,268413,3509
2021-03-24,San Francisco,75,870044,35084,35103,1278,36381,462
2021-03-24,San Joaquin,77,732212,69159,67978,3243,71221,1196
2021-03-24,San Luis Obispo,79,281455,20217,20021,646,20667,250
2021-03-24,San Mateo,81,765935,40577,40083,436,40519,348
2021-03-24,Santa Barbara,83,443738,33236,32810,1203,34013,438
2021-03-24,Santa Clara,85,1922200,113199,113757,657,114414,1851
2021-03-24,Santa Cruz,87,273765,15694,15138,861,15999,202
2021-03-24,Shasta,89,179085,11230,11243,1379,12622,181
2021-03-24,Sierra,91,2930,53,50,14,64,0
2021-03-24,Siskiyou,93,43540,1547,1490,279,1769,6
2021-03-24,Solano,95,438530,30689,30552,411,30963,178
2021-03-24,Sonoma,97,501317,28956,29034,260,29294,310
2021-03-24,Stanislaus,99,539301,52453,52259,5783,58042,677
2021-03-24,Sutter,101,95872,9071,9049,85,9134,104
2021-03-24,Tehama,103,63373,4737,4719,534,5253,49
2021-03-24,Trinity,105,12862,354,310,53,363,3
2021-03-24,Tulare,107,460477,48554,48109,9020,57129,808
2021-03-24,Tuolumne,109,53932,3958,3961,34,3995,57
2021-03-24,Ventura,111,848112,79295,78993,2975,81968,944
2021-03-24,Yolo,113,214977,13289,13269,255,13524,194
2021-03-24,Yuba,115,75493,5679,5634,99,5733,42
2021-03-23,Alameda,1,1643700,83207,82799,1868,84667,1190
2021-03-23,Alpine,3,1148,86,84,0,84,0
2021-03-23,Amador,5,37829,3550,3524,34,3558,45
2021-03-23,Butte,7,227075,11544,11227,1738,12965,187
2021-03-23,Calaveras,9,45235,1987,1971,12,1983,50
2021-03-23,Colusa,11,21464,1883,1885,279,2164,14
2021-03-23,Contra Costa,13,1133247,65271,64491,1175,65666,750
2021-03-23,Del Norte,15,27424,1131,1082,2,1084,6
2021-03-23,El Dorado,17,186661,9342,9318,647,9965,105
2021-03-23,Fresno,19,978130,98601,98362,8472,106834,1575
2021-03-23,Glenn,21,27897,2321,2293,537,2830,17
2021-03-23,Humboldt,23,135768,3426,3405,23,3428,34
2021-03-23,Imperial,25,180216,27455,27320,2709,30029,699
2021-03-23,Inyo,27,18085,1370,1364,2,1366,35
2021-03-23,Kern,29,883053,94624,93728,10645,104373,1191
2021-03-23,Kings,31,150075,22541,22439,1120,23559,237
2021-03-23,Lake,33,64148,3331,3294,8,3302,43
2021-03-23,Lassen,35,31185,5129,5130,106,5236,1
2021-03-23,Los Angeles,37,10098052,1181935,1176572,42230,1218802,22904
2021-03-23,Madera,39,155013,15974,15908,900,16808,210
2021-03-23,Marin,41,260295,13553,13514,197,13711,221
2021-03-23,Mariposa,43,17540,392,384,5,389,5
2021-03-23,Mendocino,45,87422,3735,3652,70,3722,45
2021-03-23,Merced,47,269075,29604,29485,943,30428,415
2021-03-23,Modoc,49,8938,350,342,120,462,3
2021-03-23,Mono,51,14174,1217,1263,13,1276,3
2021-03-23,Monterey,53,433212,42306,42180,1813,43993,335
2021-03-23,Napa,55,140530,9334,9299,33,9332,78
2021-03-23,Nevada,57,99092,4247,4179,180,4359,89
2021-03-23,Orange,59,3164182,249752,248661,10989,259650,4626
2021-03-23,Placer,61,380077,21320,20567,1256,21823,248
2021-03-23,Plumas,63,18699,664,652,11,663,4
2021-03-23,Riverside,65,2383286,286073,282317,14368,296685,4035
2021-03-23,Sacramento,67,1510023,97960,96521,1430,97951,1496
2021-03-23,San Benito,69,59416,5845,5845,97,5942,61
2021-03-23,San Bernardino,71,2135413,288042,284875,8779,293654,4134
2021-03-23,San Diego,73,3302833,269392,268156,0,268156,3498
2021-03-23,San Francisco,75,870044,35027,35071,1271,36342,462
2021-03-23,San Joaquin,77,732212,69063,67903,3225,71128,1182
2021-03-23,San Luis Obispo,79,281455,20176,20009,645,20654,250
2021-03-23,San Mateo,81,765935,40519,40032,435,40467,348
2021-03-23,Santa Barbara,83,443738,33198,32771,1202,33973,438
2021-03-23,Santa Clara,85,1922200,113082,113645,654,114299,1848
2021-03-23,Santa Cruz,87,273765,15679,15106,861,15967,201
2021-03-23,Shasta,89,179085,11217,11234,1378,12612,175
2021-03-23,Sierra,91,2930,53,50,14,64,0
2021-03-23,Siskiyou,93,43540,1542,1485,277,1762,6
2021-03-23,Solano,95,438530,30648,30524,410,30934,178
2021-03-23,Sonoma,97,501317,28921,29020,258,29278,310
2021-03-23,Stanislaus,99,539301,52353,52148,5775,57923,677
2021-03-23,Sutter,101,95872,9063,9039,85,9124,104
2021-03-23,Tehama,103,63373,4726,4707,533,5240,46
2021-03-23,Trinity,105,12862,354,310,53,363,3
2021-03-23,Tulare,107,460477,48527,48095,9004,57099,808
2021-03-23,Tuolumne,109,53932,3955,3957,34,3991,57
2021-03-23,Ventura,111,848112,79234,78930,2972,81902,932
2021-03-23,Yolo,113,214977,13278,13255,255,13510,194
2021-03-23,Yuba,115,75493,5674,5628,99,5727,42
2021-03-22,Alameda,1,1643700,83115,82748,1863,84611,1189
2021-03-22,Alpine,3,1148,85,83,0,83,0
2021-03-22,Amador,5,37829,3542,3522,34,3556,44
2021-03-22,Butte,7,227075,11535,11211,1736,12947,185
2021-03-22,Calaveras,9,45235,1985,1963,12,1975,49
2021-03-22,Colusa,11,21464,1882,1885,278,2163,13
2021-03-22,Contra Costa,13,1133247,65176,64432,1173,65605,740
2021-03-22,Del Norte,15,27424,1125,1082,2,1084,6
2021-03-22,El Dorado,17,186661,9326,9310,644,9954,105
2021-03-22,Fresno,19,978130,98505,98276,8458,106734,1556
2021-03-22,Glenn,21,27897,2313,2291,537,2828,17
2021-03-22,Humboldt,23,135768,3421,3403,23,3426,34
2021-03-22,Imperial,25,180216,27440,27302,2705,30007,699
2021-03-22,Inyo,27,18085,1367,1363,2,1365,35
2021-03-22,Kern,29,883053,94555,93675,10628,104303,1178
2021-03-22,Kings,31,150075,22528,22433,1115,23548,236
2021-03-22,Lake,33,64148,3330,3290,8,3298,43
2021-03-22,Lassen,35,31185,5127,5129,106,5235,1
2021-03-22,Los Angeles,37,10098052,1181432,1176205,42195,1218400,22843
2021-03-22,Madera,39,155013,15959,15904,900,16804,210
2021-03-22,Marin,41,260295,13544,13501,196,13697,221
2021-03-22,Mariposa,43,17540,391,381,5,386,5
2021-03-22,Mendocino,45,87422,3733,3653,70,3723,45
2021-03-22,Merced,47,269075,29561,29468,940,30408,413
2021-03-22,Modoc,49,8938,348,342,120,462,3
2021-03-22,Mono,51,14174,1212,1263,13,1276,3
2021-03-22,Monterey,53,433212,42289,42161,1811,43972,335
2021-03-22,Napa,55,140530,9323,9288,33,9321,77
2021-03-22,Nevada,57,99092,4237,4174,175,4349,89
2021-03-22,Orange,59,3164182,249602,248517,10954,259471,4599
2021-03-22,Placer,61,380077,21284,20543,1251,21794,242
2021-03-22,Plumas,63,18699,664,652,11,663,4
2021-03-22,Riverside,65,2383286,285981,282242,14356,296598,4009
2021-03-22,Sacramento,67,1510023,97783,96385,1420,97805,1493
2021-03-22,San Benito,69,59416,5842,5844,96,5940,61
2021-03-22,San Bernardino,71,2135413,287954,284771,8766,293537,4107
2021-03-22,San Diego,73,3302833,269181,267913,0,267913,3494
2021-03-22,San Francisco,75,870044,34985,35040,1267,36307,462
2021-03-22,San Joaquin,77,732212,68972,67815,3206,71021,1182
2021-03-22,San Luis Obispo,79,281455,20152,20000,644,20644,250
2021-03-22,San Mateo,81,765935,40469,40024,433,40457,348
2021-03-22,Santa Barbara,83,443738,33153,32756,1199,33955,437
2021-03-22,Santa Clara,85,1922200,112963,113575,654,114229,1845
2021-03-22,Santa Cruz,87,273765,15667,15077,860,15937,201
2021-03-22,Shasta,89,179085,11203,11218,1377,12595,150
2021-03-22,Sierra,91,2930,53,50,14,64,0
2021-03-22,Siskiyou,93,43540,1541,1487,276,1763,5
2021-03-22,Solano,95,438530,30609,30490,406,30896,171
2021-03-22,Sonoma,97,501317,28892,29010,254,29264,310
2021-03-22,Stanislaus,99,539301,52269,52083,5770,57853,677
2021-03-22,Sutter,101,95872,9050,9024,85,9109,104
2021-03-22,Tehama,103,63373,4718,4704,533,5237,45
2021-03-22,Trinity,105,12862,354,310,53,363,3
2021-03-22,Tulare,107,460477,48512,48074,8983,57057,807
2021-03-22,Tuolumne,109,53932,3952,3954,34,3988,57
2021-03-22,Ventura,111,848112,79186,78890,2969,81859,927
2021-03-22,Yolo,113,214977,13266,13243,254,13497,190
2021-03-22,Yuba,115,75493,5663,5627,97,5724,42
2021-03-21,Alameda,1,1643700,83026,82684,1860,84544,1187
2021-03-21,Alpine,3,1148,85,83,0,83,0
2021-03-21,Amador,5,37829,3538,3519,34,3553,44
2021-03-21,Butte,7,227075,11519,11208,1730,12938,185
2021-03-21,Calaveras,9,45235,1982,1962,12,1974,49
2021-03-21,Colusa,11,21464,1882,1885,278,2163,13
2021-03-21,Contra Costa,13,1133247,65094,64382,1169,65551,740
2021-03-21,Del Norte,15,27424,1110,1076,2,1078,6
2021-03-21,El Dorado,17,186661,9316,9302,639,9941,105
2021-03-21,Fresno,19,978130,98393,98211,8434,106645,1556
2021-03-21,Glenn,21,27897,2310,2288,536,2824,17
2021-03-21,Humboldt,23,135768,3416,3402,23,3425,34
2021-03-21,Imperial,25,180216,27423,27267,2696,29963,699
2021-03-21,Inyo,27,18085,1367,1363,2,1365,35
2021-03-21,Kern,29,883053,94491,93649,10617,104266,1170
2021-03-21,Kings,31,150075,22511,22422,1114,23536,236
2021-03-21,Lake,33,64148,3326,3286,8,3294,43
2021-03-21,Lassen,35,31185,5127,5129,106,5235,1
2021-03-21,Los Angeles,37,10098052,1180910,1175684,42143,1217827,22834
2021-03-21,Madera,39,155013,15940,15895,898,16793,210
2021-03-21,Marin,41,260295,13528,13495,195,13690,220
2021-03-21,Mariposa,43,17540,391,381,5,386,5
2021-03-21,Mendocino,45,87422,3730,3651,70,3721,45
2021-03-21,Merced,47,269075,29501,29446,934,30380,413
2021-03-21,Modoc,49,8938,348,341,120,461,3
2021-03-21,Mono,51,14174,1207,1263,13,1276,3
2021-03-21,Monterey,53,433212,42264,42153,1808,43961,335
2021-03-21,Napa,55,140530,9303,9282,33,9315,77
2021-03-21,Nevada,57,99092,4224,4169,175,4344,89
2021-03-21,Orange,59,3164182,249470,248442,10926,259368,4598
2021-03-21,Placer,61,380077,21248,20520,1243,21763,242
2021-03-21,Plumas,63,18699,664,653,11,664,4
2021-03-21,Riverside,65,2383286,285876,282187,14344,296531,4009
2021-03-21,Sacramento,67,1510023,97588,96269,1412,97681,1489
2021-03-21,San Benito,69,59416,5836,5842,96,5938,61
2021-03-21,San Bernardino,71,2135413,287858,284732,8759,293491,4094
2021-03-21,San Diego,73,3302833,268921,267724,0,267724,3494
2021-03-21,San Francisco,75,870044,34938,35012,1260,36272,460
2021-03-21,San Joaquin,77,732212,68850,67729,3188,70917,1182
2021-03-21,San Luis Obispo,79,281455,20120,19979,642,20621,250
2021-03-21,San Mateo,81,765935,40425,39988,432,40420,344
2021-03-21,Santa Barbara,83,443738,33114,32743,1197,33940,437
2021-03-21,Santa Clara,85,1922200,112834,113487,651,114138,1840
2021-03-21,Santa Cruz,87,273765,15660,15064,860,15924,199
2021-03-21,Shasta,89,179085,11183,11215,1376,12591,150
2021-03-21,Sierra,91,2930,53,50,14,64,0
2021-03-21,Siskiyou,93,43540,1541,1486,275,1761,5
2021-03-21,Solano,95,438530,30569,30474,403,30877,171
2021-03-21,Sonoma,97,501317,28864,28986,253,29239,310
2021-03-21,Stanislaus,99,539301,52179,52014,5769,57783,677
2021-03-21,Sutter,101,95872,9037,9021,85,9106,104
2021-03-21,Tehama,103,63373,4714,4701,533,5234,45
2021-03-21,Trinity,105,12862,352,310,53,363,3
2021-03-21,Tulare,107,460477,48496,48060,8971,57031,807
2021-03-21,Tuolumne,109,53932,3950,3953,34,3987,57
2021-03-21,Ventura,111,848112,79122,78863,2964,81827,927
2021-03-21,Yolo,113,214977,13245,13235,254,13489,190
2021-03-21,Yuba,115,75493,5653,5624,97,5721,42
2021-03-20,Alameda,1,1643700,82957,82614,1858,84472,1178
2021-03-20,Alpine,3,1148,85,83,0,83,0
2021-03-20,Amador,5,37829,3536,3518,34,3552,44
2021-03-20,Butte,7,227075,11513,11199,1728,12927,185
2021-03-20,Calaveras,9,45235,1978,1961,12,1973,49
2021-03-20,Colusa,11,21464,1882,1883,278,2161,12
2021-03-20,Contra Costa,13,1133247,65034,64313,1169,65482,713
2021-03-20,Del Norte,15,27424,1109,1075,2,1077,6
2021-03-20,El Dorado,17,186661,9310,9290,639,9929,105
2021-03-20,Fresno,19,978130,98333,98112,8427,106539,1532
2021-03-20,Glenn,21,27897,2309,2288,534,2822,17
2021-03-20,Humboldt,23,135768,3409,3399,23,3422,33
2021-03-20,Imperial,25,180216,27417,27239,2694,29933,695
2021-03-20,Inyo,27,18085,1367,1362,2,1364,35
2021-03-20,Kern,29,883053,94462,93606,10612,104218,1155
2021-03-20,Kings,31,150075,22504,22415,1113,23528,236
2021-03-20,Lake,33,64148,3322,3280,8,3288,43
2021-03-20,Lassen,35,31185,5127,5128,106,5234,1
2021-03-20,Los Angeles,37,10098052,1180615,1175290,42115,1217405,22810
2021-03-20,Madera,39,155013,15932,15891,897,16788,210
2021-03-20,Marin,41,260295,13516,13470,191,13661,220
2021-03-20,Mariposa,43,17540,390,381,5,386,5
2021-03-20,Mendocino,45,87422,3729,3639,70,3709,43
2021-03-20,Merced,47,269075,29470,29411,931,30342,412
2021-03-20,Modoc,49,8938,347,341,120,461,3
2021-03-20,Mono,51,14174,1207,1256,13,1269,3
2021-03-20,Monterey,53,433212,42255,42146,1807,43953,334
2021-03-20,Napa,55,140530,9295,9274,33,9307,77
2021-03-20,Nevada,57,99092,4213,4164,174,4338,89
2021-03-20,Orange,59,3164182,249388,248348,10913,259261,4522
2021-03-20,Placer,61,380077,21226,20505,1241,21746,242
2021-03-20,Plumas,63,18699,661,652,11,663,4
2021-03-20,Riverside,65,2383286,285803,282081,14340,296421,4000
2021-03-20,Sacramento,67,1510023,97478,96126,1408,97534,1488
2021-03-20,San Benito,69,59416,5832,5840,96,5936,61
2021-03-20,San Bernardino,71,2135413,287794,284690,8755,293445,3965
2021-03-20,San Diego,73,3302833,268750,267532,0,267532,3493
2021-03-20,San Francisco,75,870044,34915,34968,1253,36221,453
2021-03-20,San Joaquin,77,732212,68809,67662,3181,70843,1161
2021-03-20,San Luis Obispo,79,281455,20104,19951,636,20587,250
2021-03-20,San Mateo,81,765935,40391,39958,431,40389,344
2021-03-20,Santa Barbara,83,443738,33090,32723,1196,33919,434
2021-03-20,Santa Clara,85,1922200,112742,113384,650,114034,1799
2021-03-20,Santa Cruz,87,273765,15644,15053,860,15913,199
2021-03-20,Shasta,89,179085,11177,11211,1376,12587,147
2021-03-20,Sierra,91,2930,53,50,14,64,0
2021-03-20,Siskiyou,93,43540,1541,1483,275,1758,5
2021-03-20,Solano,95,438530,30539,30439,403,30842,170
2021-03-20,Sonoma,97,501317,28849,28962,252,29214,309
2021-03-20,Stanislaus,99,539301,52123,51925,5761,57686,673
2021-03-20,Sutter,101,95872,9029,9014,85,9099,103
2021-03-20,Tehama,103,63373,4709,4696,531,5227,33
2021-03-20,Trinity,105,12862,351,310,53,363,3
2021-03-20,Tulare,107,460477,48481,48030,8954,56984,804
2021-03-20,Tuolumne,109,53932,3947,3950,34,3984,57
2021-03-20,Ventura,111,848112,79085,78818,2962,81780,922
2021-03-20,Yolo,113,214977,13241,13226,254,13480,190
2021-03-20,Yuba,115,75493,5650,5621,96,5717,42
2021-03-19,Alameda,1,1643700,82884,82499,1856,84355,1187
2021-03-19,Alpine,3,1148,84,82,0,82,0
2021-03-19,Amador,5,37829,3533,3515,34,3549,44
2021-03-19,Butte,7,227075,11504,11191,1725,12916,185
2021-03-19,Calaveras,9,45235,1977,1957,12,1969,49
2021-03-19,Colusa,11,21464,1881,1883,278,2161,12
2021-03-19,Contra Costa,13,1133247,64975,64195,1166,65361,737
2021-03-19,Del Norte,15,27424,1103,1071,0,1071,6
2021-03-19,El Dorado,17,186661,9301,9274,639,9913,105
2021-03-19,Fresno,19,978130,98252,97969,8412,106381,1527
2021-03-19,Glenn,21,27897,2309,2282,534,2816,17
2021-03-19,Humboldt,23,135768,3400,3388,23,3411,33
2021-03-19,Imperial,25,180216,27406,27218,2689,29907,695
2021-03-19,Inyo,27,18085,1365,1356,2,1358,35
2021-03-19,Kern,29,883053,94429,93534,10599,104133,1152
2021-03-19,Kings,31,150075,22495,22369,1110,23479,235
2021-03-19,Lake,33,64148,3316,3262,8,3270,43
2021-03-19,Lassen,35,31185,5127,5126,106,5232,1
2021-03-19,Los Angeles,37,10098052,1180280,1174818,42099,1216917,22752
2021-03-19,Madera,39,155013,15925,15877,896,16773,210
2021-03-19,Marin,41,260295,13504,13441,191,13632,220
2021-03-19,Mariposa,43,17540,389,380,5,385,5
2021-03-19,Mendocino,45,87422,3728,3639,70,3709,45
2021-03-19,Merced,47,269075,29441,29376,930,30306,412
2021-03-19,Modoc,49,8938,347,341,120,461,3
2021-03-19,Mono,51,14174,1205,1244,13,1257,3
2021-03-19,Monterey,53,433212,42246,42125,1805,43930,335
2021-03-19,Napa,55,140530,9283,9256,33,9289,77
2021-03-19,Nevada,57,99092,4202,4156,174,4330,88
2021-03-19,Orange,59,3164182,249289,248146,10900,259046,4501
2021-03-19,Placer,61,380077,21208,20451,1239,21690,242
2021-03-19,Plumas,63,18699,661,650,11,661,4
2021-03-19,Riverside,65,2383286,285721,281937,14335,296272,3989
2021-03-19,Sacramento,67,1510023,97376,95934,1405,97339,1486
2021-03-19,San Benito,69,59416,5832,5845,96,5941,61
2021-03-19,San Bernardino,71,2135413,287728,284501,8753,293254,4017
2021-03-19,San Diego,73,3302833,268615,267173,0,267173,3491
2021-03-19,San Francisco,75,870044,34870,34936,1250,36186,461
2021-03-19,San Joaquin,77,732212,68739,67515,3167,70682,1180
2021-03-19,San Luis Obispo,79,281455,20084,19913,634,20547,249
2021-03-19,San Mateo,81,765935,40367,39893,431,40324,344
2021-03-19,Santa Barbara,83,443738,33061,32685,1195,33880,435
2021-03-19,Santa Clara,85,1922200,112668,113232,649,113881,1797
2021-03-19,Santa Cruz,87,273765,15637,15026,860,15886,199
2021-03-19,Shasta,89,179085,11170,11104,1374,12478,103
2021-03-19,Sierra,91,2930,52,49,14,63,0
2021-03-19,Siskiyou,93,43540,1541,1480,274,1754,5
2021-03-19,Solano,95,438530,30509,30395,401,30796,172
2021-03-19,Sonoma,97,501317,28828,28932,250,29182,292
2021-03-19,Stanislaus,99,539301,52065,51755,5758,57513,679
2021-03-19,Sutter,101,95872,9027,9005,85,9090,103
2021-03-19,Tehama,103,63373,4701,4685,531,5216,33
2021-03-19,Trinity,105,12862,351,310,53,363,3
2021-03-19,Tulare,107,460477,48458,47989,8931,56920,805
2021-03-19,Tuolumne,109,53932,3944,3946,34,3980,57
2021-03-19,Ventura,111,848112,79047,78753,2957,81710,920
2021-03-19,Yolo,113,214977,13233,13197,254,13451,189
2021-03-19,Yuba,115,75493,5647,5615,95,5710,42
2021-03-18,Alameda,1,1643700,82800,82419,1853,84272,1189
2021-03-18,Alpine,3,1148,84,82,0,82,0
2021-03-18,Amador,5,37829,3529,3513,34,3547,44
2021-03-18,Butte,7,227075,11493,11179,1723,12902,185
2021-03-18,Calaveras,9,45235,1975,1954,12,1966,49
2021-03-18,Colusa,11,21464,1881,1882,278,2160,12
2021-03-18,Contra Costa,13,1133247,64902,64103,1163,65266,739
2021-03-18,Del Norte,15,27424,1094,1059,0,1059,6
2021-03-18,El Dorado,17,186661,9288,9261,638,9899,105
2021-03-18,Fresno,19,978130,98157,97856,8397,106253,1527
2021-03-18,Glenn,21,27897,2305,2275,533,2808,17
2021-03-18,Humboldt,23,135768,3393,3381,23,3404,34
2021-03-18,Imperial,25,180216,27390,27190,2683,29873,695
2021-03-18,Inyo,27,18085,1362,1354,2,1356,35
2021-03-18,Kern,29,883053,94373,93458,10585,104043,1158
2021-03-18,Kings,31,150075,22489,22354,1109,23463,235
2021-03-18,Lake,33,64148,3313,3260,8,3268,43
2021-03-18,Lassen,35,31185,5126,5126,106,5232,1
2021-03-18,Los Angeles,37,10098052,1179852,1174205,42068,1216273,22689
2021-03-18,Madera,39,155013,15915,15860,894,16754,211
2021-03-18,Marin,41,260295,13486,13435,190,13625,219
2021-03-18,Mariposa,43,17540,387,380,5,385,5
2021-03-18,Mendocino,45,87422,3718,3630,70,3700,45
2021-03-18,Merced,47,269075,29406,29317,930,30247,410
2021-03-18,Modoc,49,8938,347,341,120,461,3
2021-03-18,Mono,51,14174,1201,1215,13,1228,3
2021-03-18,Monterey,53,433212,42232,42105,1805,43910,335
2021-03-18,Napa,55,140530,9274,9243,33,9276,77
2021-03-18,Nevada,57,99092,4195,4154,174,4328,74
2021-03-18,Orange,59,3164182,249186,248050,10887,258937,4514
2021-03-18,Placer,61,380077,21175,20421,1236,21657,243
2021-03-18,Plumas,63,18699,659,648,11,659,4
2021-03-18,Riverside,65,2383286,285642,281789,14327,296116,3957
2021-03-18,Sacramento,67,1510023,97225,95819,1401,97220,1481
2021-03-18,San Benito,69,59416,5830,5842,96,5938,61
2021-03-18,San Bernardino,71,2135413,287647,284294,8723,293017,4076
2021-03-18,San Diego,73,3302833,268463,266752,0,266752,3478
2021-03-18,San Francisco,75,870044,34832,34904,1249,36153,461
2021-03-18,San Joaquin,77,732212,68639,67301,3155,70456,1169
2021-03-18,San Luis Obispo,79,281455,20055,19894,633,20527,249
2021-03-18,San Mateo,81,765935,40326,39874,431,40305,344
2021-03-18,Santa Barbara,83,443738,33019,32640,1195,33835,434
2021-03-18,Santa Clara,85,1922200,112551,113119,645,113764,1808
2021-03-18,Santa Cruz,87,273765,15627,14998,860,15858,198
2021-03-18,Shasta,89,179085,11156,11059,1372,12431,100
2021-03-18,Sierra,91,2930,52,49,14,63,0
2021-03-18,Siskiyou,93,43540,1538,1480,273,1753,5
2021-03-18,Solano,95,438530,30467,30352,398,30750,172
2021-03-18,Sonoma,97,501317,28806,28915,248,29163,292
2021-03-18,Stanislaus,99,539301,51994,51615,5754,57369,682
2021-03-18,Sutter,101,95872,9015,8999,85,9084,103
2021-03-18,Tehama,103,63373,4695,4683,530,5213,35
2021-03-18,Trinity,105,12862,351,310,53,363,3
2021-03-18,Tulare,107,460477,48439,47964,8916,56880,805
2021-03-18,Tuolumne,109,53932,3944,3942,34,3976,57
2021-03-18,Ventura,111,848112,78991,78697,2957,81654,918
2021-03-18,Yolo,113,214977,13220,13183,254,13437,191
2021-03-18,Yuba,115,75493,5643,5612,95,5707,42
2021-03-17,Alameda,1,1643700,82725,82353,1848,84201,1185
2021-03-17,Alpine,3,1148,84,82,0,82,0
2021-03-17,Amador,5,37829,3527,3511,34,3545,44
2021-03-17,Butte,7,227075,11484,11170,1721,12891,185
2021-03-17,Calaveras,9,45235,1974,1946,12,1958,49
2021-03-17,Colusa,11,21464,1880,1882,278,2160,12
2021-03-17,Contra Costa,13,1133247,64832,64026,1162,65188,737
2021-03-17,Del Norte,15,27424,1090,1053,0,1053,6
2021-03-17,El Dorado,17,186661,9278,9252,638,9890,105
2021-03-17,Fresno,19,978130,98047,97727,8378,106105,1507
2021-03-17,Glenn,21,27897,2298,2269,532,2801,17
2021-03-17,Humboldt,23,135768,3385,3365,23,3388,33
2021-03-17,Imperial,25,180216,27373,27168,2681,29849,691
2021-03-17,Inyo,27,18085,1360,1351,2,1353,35
2021-03-17,Kern,29,883053,94317,93392,10572,103964,1149
2021-03-17,Kings,31,150075,22473,22336,1108,23444,233
2021-03-17,Lake,33,64148,3306,3251,8,3259,43
2021-03-17,Lassen,35,31185,5125,5125,106,5231,1
2021-03-17,Los Angeles,37,10098052,1179405,1173416,42034,1215450,22602
2021-03-17,Madera,39,155013,15908,15835,893,16728,214
2021-03-17,Marin,41,260295,13468,13428,189,13617,218
2021-03-17,Mariposa,43,17540,387,379,5,384,5
2021-03-17,Mendocino,45,87422,3714,3625,70,3695,44
2021-03-17,Merced,47,269075,29378,29250,926,30176,408
2021-03-17,Modoc,49,8938,347,341,120,461,3
2021-03-17,Mono,51,14174,1199,1212,13,1225,3
2021-03-17,Monterey,53,433212,42213,42061,1802,43863,334
2021-03-17,Napa,55,140530,9259,9219,33,9252,76
2021-03-17,Nevada,57,99092,4185,4145,174,4319,74
2021-03-17,Orange,59,3164182,249069,247943,10859,258802,4502
2021-03-17,Placer,61,380077,21148,20369,1234,21603,243
2021-03-17,Plumas,63,18699,658,645,11,656,4
2021-03-17,Riverside,65,2383286,285531,281649,14319,295968,3925
2021-03-17,Sacramento,67,1510023,97098,95650,1395,97045,1477
2021-03-17,San Benito,69,59416,5827,5841,96,5937,61
2021-03-17,San Bernardino,71,2135413,287529,284170,8718,292888,4049
2021-03-17,San Diego,73,3302833,268252,266313,0,266313,3470
2021-03-17,San Francisco,75,870044,34797,34873,1248,36121,457
2021-03-17,San Joaquin,77,732212,68557,67093,3139,70232,1164
2021-03-17,San Luis Obispo,79,281455,20032,19858,629,20487,249
2021-03-17,San Mateo,81,765935,40295,39838,430,40268,344
2021-03-17,Santa Barbara,83,443738,32999,32585,1194,33779,433
2021-03-17,Santa Clara,85,1922200,112458,112983,644,113627,1805
2021-03-17,Santa Cruz,87,273765,15619,14967,860,15827,199
2021-03-17,Shasta,89,179085,11151,11045,1369,12414,100
2021-03-17,Sierra,91,2930,52,49,14,63,0
2021-03-17,Siskiyou,93,43540,1537,1479,271,1750,5
2021-03-17,Solano,95,438530,30441,30320,396,30716,171
2021-03-17,Sonoma,97,501317,28782,28877,247,29124,292
2021-03-17,Stanislaus,99,539301,51921,51524,5747,57271,682
2021-03-17,Sutter,101,95872,9005,8982,85,9067,103
2021-03-17,Tehama,103,63373,4689,4670,530,5200,34
2021-03-17,Trinity,105,12862,351,308,53,361,3
2021-03-17,Tulare,107,460477,48419,47929,8906,56835,805
2021-03-17,Tuolumne,109,53932,3941,3938,34,3972,57
2021-03-17,Ventura,111,848112,78936,78648,2954,81602,916
2021-03-17,Yolo,113,214977,13205,13169,253,13422,190
2021-03-17,Yuba,115,75493,5640,5603,95,5698,42
2021-03-16,Alameda,1,1643700,82625,82259,1846,84105,1177
2021-03-16,Alpine,3,1148,84,82,0,82,0
2021-03-16,Amador,5,37829,3525,3510,34,3544,44
2021-03-16,Butte,7,227075,11472,11154,1720,12874,184
2021-03-16,Calaveras,9,45235,1969,1945,12,1957,49
2021-03-16,Colusa,11,21464,1879,1882,278,2160,12
2021-03-16,Contra Costa,13,1133247,64751,63951,1158,65109,736
2021-03-16,Del Norte,15,27424,1082,1048,0,1048,6
2021-03-16,El Dorado,17,186661,9261,9249,638,9887,105
2021-03-16,Fresno,19,978130,97915,97638,8354,105992,1498
2021-03-16,Glenn,21,27897,2290,2267,528,2795,17
2021-03-16,Humboldt,23,135768,3381,3351,23,3374,33
2021-03-16,Imperial,25,180216,27362,27143,2679,29822,689
2021-03-16,Inyo,27,18085,1359,1346,2,1348,35
2021-03-16,Kern,29,883053,94252,93340,10556,103896,1144
2021-03-16,Kings,31,150075,22439,22320,1107,23427,233
2021-03-16,Lake,33,64148,3298,3246,8,3254,43
2021-03-16,Lassen,35,31185,5124,5126,106,5232,1
2021-03-16,Los Angeles,37,10098052,1178886,1172676,41994,1214670,22527
2021-03-16,Madera,39,155013,15893,15822,891,16713,214
2021-03-16,Marin,41,260295,13450,13419,189,13608,218
2021-03-16,Mariposa,43,17540,384,379,5,384,5
2021-03-16,Mendocino,45,87422,3709,3623,70,3693,44
2021-03-16,Merced,47,269075,29325,29198,925,30123,407
2021-03-16,Modoc,49,8938,347,341,120,461,3
2021-03-16,Mono,51,14174,1198,1207,13,1220,3
2021-03-16,Monterey,53,433212,42194,42023,1802,43825,334
2021-03-16,Napa,55,140530,9249,9209,33,9242,75
2021-03-16,Nevada,57,99092,4176,4132,173,4305,67
2021-03-16,Orange,59,3164182,248942,247843,10839,258682,4479
2021-03-16,Placer,61,380077,21115,20339,1229,21568,240
2021-03-16,Plumas,63,18699,657,643,11,654,4
2021-03-16,Riverside,65,2383286,285430,281540,14307,295847,3893
2021-03-16,Sacramento,67,1510023,96963,95522,1392,96914,1466
2021-03-16,San Benito,69,59416,5822,5831,96,5927,61
2021-03-16,San Bernardino,71,2135413,287412,283980,8710,292690,4032
2021-03-16,San Diego,73,3302833,268023,265903,0,265903,3462
2021-03-16,San Francisco,75,870044,34768,34833,1244,36077,456
2021-03-16,San Joaquin,77,732212,68455,66856,3126,69982,1163
2021-03-16,San Luis Obispo,79,281455,20003,19832,627,20459,248
2021-03-16,San Mateo,81,765935,40261,39806,429,40235,344
2021-03-16,Santa Barbara,83,443738,32967,32556,1193,33749,433
2021-03-16,Santa Clara,85,1922200,112341,112845,641,113486,1797
2021-03-16,Santa Cruz,87,273765,15613,14926,860,15786,199
2021-03-16,Shasta,89,179085,11138,11035,1366,12401,100
2021-03-16,Sierra,91,2930,51,49,14,63,0
2021-03-16,Siskiyou,93,43540,1533,1477,271,1748,5
2021-03-16,Solano,95,438530,30407,30298,395,30693,171
2021-03-16,Sonoma,97,501317,28751,28850,245,29095,291
2021-03-16,Stanislaus,99,539301,51841,51410,5740,57150,683
2021-03-16,Sutter,101,95872,8997,8970,85,9055,102
2021-03-16,Tehama,103,63373,4685,4660,529,5189,34
2021-03-16,Trinity,105,12862,351,308,52,360,3
2021-03-16,Tulare,107,460477,48371,47895,8898,56793,803
2021-03-16,Tuolumne,109,53932,3938,3938,34,3972,57
2021-03-16,Ventura,111,848112,78869,78671,2947,81618,916
2021-03-16,Yolo,113,214977,13190,13162,253,13415,190
2021-03-16,Yuba,115,75493,5637,5596,94,5690,42
2021-03-15,Alameda,1,1643700,82538,82159,1846,84005,1167
2021-03-15,Alpine,3,1148,84,82,0,82,0
2021-03-15,Amador,5,37829,3524,3506,34,3540,44
2021-03-15,Butte,7,227075,11459,11141,1716,12857,185
2021-03-15,Calaveras,9,45235,1965,1941,12,1953,49
2021-03-15,Colusa,11,21464,1879,1883,278,2161,12
2021-03-15,Contra Costa,13,1133247,64691,63847,1157,65004,732
2021-03-15,Del Norte,15,27424,1079,1048,0,1048,6
2021-03-15,El Dorado,17,186661,9255,9235,637,9872,103
2021-03-15,Fresno,19,978130,97789,97520,8338,105858,1496
2021-03-15,Glenn,21,27897,2285,2261,525,2786,15
2021-03-15,Humboldt,23,135768,3375,3337,23,3360,32
2021-03-15,Imperial,25,180216,27341,27122,2677,29799,684
2021-03-15,Inyo,27,18085,1359,1346,2,1348,35
2021-03-15,Kern,29,883053,94192,93266,10549,103815,1141
2021-03-15,Kings,31,150075,22422,22294,1102,23396,233
2021-03-15,Lake,33,64148,3286,3237,8,3245,43
2021-03-15,Lassen,35,31185,5124,5125,106,5231,1
2021-03-15,Los Angeles,37,10098052,1178328,1172445,41953,1214398,22477
2021-03-15,Madera,39,155013,15882,15806,889,16695,214
2021-03-15,Marin,41,260295,13444,13408,188,13596,218
2021-03-15,Mariposa,43,17540,384,376,5,381,5
2021-03-15,Mendocino,45,87422,3705,3615,70,3685,44
2021-03-15,Merced,47,269075,29285,29169,924,30093,407
2021-03-15,Modoc,49,8938,347,340,120,460,3
2021-03-15,Mono,51,14174,1197,1206,13,1219,3
2021-03-15,Monterey,53,433212,42166,42011,1799,43810,333
2021-03-15,Napa,55,140530,9238,9196,33,9229,75
2021-03-15,Nevada,57,99092,4171,4123,172,4295,66
2021-03-15,Orange,59,3164182,248830,247697,10819,258516,4481
2021-03-15,Placer,61,380077,21092,20308,1229,21537,238
2021-03-15,Plumas,63,18699,657,642,11,653,4
2021-03-15,Riverside,65,2383286,285287,281367,14295,295662,3856
2021-03-15,Sacramento,67,1510023,96809,95414,1386,96800,1463
2021-03-15,San Benito,69,59416,5819,5831,96,5927,61
2021-03-15,San Bernardino,71,2135413,287316,283815,8702,292517,4004
2021-03-15,San Diego,73,3302833,267772,265646,0,265646,3452
2021-03-15,San Francisco,75,870044,34732,34820,1240,36060,456
2021-03-15,San Joaquin,77,732212,68351,66622,3113,69735,1140
2021-03-15,San Luis Obispo,79,281455,19974,19813,622,20435,247
2021-03-15,San Mateo,81,765935,40208,39765,429,40194,344
2021-03-15,Santa Barbara,83,443738,32945,32529,1190,33719,431
2021-03-15,Santa Clara,85,1922200,112240,112729,639,113368,1798
2021-03-15,Santa Cruz,87,273765,15607,14899,858,15757,200
2021-03-15,Shasta,89,179085,11122,11019,1361,12380,92
2021-03-15,Sierra,91,2930,51,49,14,63,0
2021-03-15,Siskiyou,93,43540,1533,1475,271,1746,5
2021-03-15,Solano,95,438530,30378,30258,394,30652,171
2021-03-15,Sonoma,97,501317,28733,28814,242,29056,285
2021-03-15,Stanislaus,99,539301,51764,51357,5733,57090,683
2021-03-15,Sutter,101,95872,8991,8962,85,9047,102
2021-03-15,Tehama,103,63373,4675,4650,528,5178,34
2021-03-15,Trinity,105,12862,351,308,52,360,3
2021-03-15,Tulare,107,460477,48341,47857,8883,56740,800
2021-03-15,Tuolumne,109,53932,3936,3937,33,3970,57
2021-03-15,Ventura,111,848112,78815,78626,2946,81572,910
2021-03-15,Yolo,113,214977,13171,13131,251,13382,190
2021-03-15,Yuba,115,75493,5632,5585,93,5678,42
2021-03-14,Alameda,1,1643700,82452,82116,1843,83959,1168
2021-03-14,Alpine,3,1148,84,82,0,82,0
2021-03-14,Amador,5,37829,3519,3504,34,3538,44
2021-03-14,Butte,7,227075,11446,11140,1712,12852,185
2021-03-14,Calaveras,9,45235,1961,1939,12,1951,49
2021-03-14,Colusa,11,21464,1879,1883,278,2161,12
2021-03-14,Contra Costa,13,1133247,64587,63808,1155,64963,731
2021-03-14,Del Norte,15,27424,1065,1048,0,1048,6
2021-03-14,El Dorado,17,186661,9245,9231,637,9868,103
2021-03-14,Fresno,19,978130,97682,97461,8319,105780,1496
2021-03-14,Glenn,21,27897,2280,2260,522,2782,15
2021-03-14,Humboldt,23,135768,3361,3335,23,3358,32
2021-03-14,Imperial,25,180216,27323,27122,2673,29795,685
2021-03-14,Inyo,27,18085,1355,1346,2,1348,35
2021-03-14,Kern,29,883053,94112,93252,10528,103780,1141
2021-03-14,Kings,31,150075,22404,22292,1099,23391,232
2021-03-14,Lake,33,64148,3281,3237,8,3245,43
2021-03-14,Lassen,35,31185,5122,5125,106,5231,1
2021-03-14,Los Angeles,37,10098052,1177760,1172100,41914,1214014,22476
2021-03-14,Madera,39,155013,15859,15804,889,16693,214
2021-03-14,Marin,41,260295,13428,13405,186,13591,218
2021-03-14,Mariposa,43,17540,382,376,5,381,5
2021-03-14,Mendocino,45,87422,3700,3613,70,3683,44
2021-03-14,Merced,47,269075,29217,29149,920,30069,407
2021-03-14,Modoc,49,8938,347,340,120,460,3
2021-03-14,Mono,51,14174,1191,1206,13,1219,3
2021-03-14,Monterey,53,433212,42144,42007,1795,43802,333
2021-03-14,Napa,55,140530,9220,9194,33,9227,75
2021-03-14,Nevada,57,99092,4165,4122,170,4292,66
2021-03-14,Orange,59,3164182,248695,247656,10797,258453,4460
2021-03-14,Placer,61,380077,21059,20288,1221,21509,238
2021-03-14,Plumas,63,18699,655,642,11,653,4
2021-03-14,Riverside,65,2383286,285136,281332,14285,295617,3845
2021-03-14,Sacramento,67,1510023,96633,95343,1381,96724,1462
2021-03-14,San Benito,69,59416,5810,5829,96,5925,61
2021-03-14,San Bernardino,71,2135413,287184,283791,8691,292482,3996
2021-03-14,San Diego,73,3302833,267537,265468,0,265468,3452
2021-03-14,San Francisco,75,870044,34695,34810,1236,36046,455
2021-03-14,San Joaquin,77,732212,68223,66563,3096,69659,1140
2021-03-14,San Luis Obispo,79,281455,19946,19806,620,20426,247
2021-03-14,San Mateo,81,765935,40169,39744,429,40173,342
2021-03-14,Santa Barbara,83,443738,32901,32514,1188,33702,431
2021-03-14,Santa Clara,85,1922200,112113,112648,638,113286,1796
2021-03-14,Santa Cruz,87,273765,15590,14887,856,15743,200
2021-03-14,Shasta,89,179085,11106,11019,1354,12373,92
2021-03-14,Sierra,91,2930,51,49,14,63,0
2021-03-14,Siskiyou,93,43540,1529,1473,270,1743,5
2021-03-14,Solano,95,438530,30346,30230,389,30619,171
2021-03-14,Sonoma,97,501317,28699,28798,238,29036,284
2021-03-14,Stanislaus,99,539301,51645,51306,5724,57030,690
2021-03-14,Sutter,101,95872,8975,8958,85,9043,102
2021-03-14,Tehama,103,63373,4663,4650,527,5177,34
2021-03-14,Trinity,105,12862,350,308,51,359,3
2021-03-14,Tulare,107,460477,48308,47845,8862,56707,800
2021-03-14,Tuolumne,109,53932,3934,3937,33,3970,57
2021-03-14,Ventura,111,848112,78762,78611,2940,81551,910
2021-03-14,Yolo,113,214977,13149,13128,247,13375,189
2021-03-14,Yuba,115,75493,5622,5583,93,5676,42
2021-03-13,Alameda,1,1643700,82392,82010,1843,83853,1168
2021-03-13,Alpine,3,1148,84,82,0,82,0
2021-03-13,Amador,5,37829,3516,3504,34,3538,44
2021-03-13,Butte,7,227075,11436,11131,1711,12842,185
2021-03-13,Calaveras,9,45235,1957,1939,12,1951,49
2021-03-13,Colusa,11,21464,1879,1882,278,2160,12
2021-03-13,Contra Costa,13,1133247,64527,63689,1155,64844,731
2021-03-13,Del Norte,15,27424,1061,1041,0,1041,6
2021-03-13,El Dorado,17,186661,9237,9221,637,9858,103
2021-03-13,Fresno,19,978130,97623,97324,8299,105623,1495
2021-03-13,Glenn,21,27897,2279,2260,521,2781,15
2021-03-13,Humboldt,23,135768,3354,3325,23,3348,32
2021-03-13,Imperial,25,180216,27318,27099,2668,29767,677
2021-03-13,Inyo,27,18085,1354,1344,2,1346,35
2021-03-13,Kern,29,883053,94073,93197,10521,103718,1140
2021-03-13,Kings,31,150075,22388,22265,1098,23363,232
2021-03-13,Lake,33,64148,3274,3234,7,3241,43
2021-03-13,Lassen,35,31185,5122,5125,106,5231,1
2021-03-13,Los Angeles,37,10098052,1177445,1171505,41870,1213375,22451
2021-03-13,Madera,39,155013,15847,15780,889,16669,214
2021-03-13,Marin,41,260295,13422,13391,184,13575,218
2021-03-13,Mariposa,43,17540,381,376,5,381,5
2021-03-13,Mendocino,45,87422,3696,3611,70,3681,44
2021-03-13,Merced,47,269075,29186,29106,920,30026,406
2021-03-13,Modoc,49,8938,347,340,119,459,3
2021-03-13,Mono,51,14174,1191,1207,13,1220,3
2021-03-13,Monterey,53,433212,42134,41989,1793,43782,332
2021-03-13,Napa,55,140530,9214,9190,33,9223,75
2021-03-13,Nevada,57,99092,4158,4111,169,4280,66
2021-03-13,Orange,59,3164182,248615,247514,10781,258295,4423
2021-03-13,Placer,61,380077,21039,20238,1218,21456,239
2021-03-13,Plumas,63,18699,653,642,11,653,4
2021-03-13,Riverside,65,2383286,285049,281191,14277,295468,3848
2021-03-13,Sacramento,67,1510023,96547,95192,1379,96571,1461
2021-03-13,San Benito,69,59416,5807,5823,96,5919,61
2021-03-13,San Bernardino,71,2135413,287133,283727,8685,292412,3972
2021-03-13,San Diego,73,3302833,267382,265270,0,265270,3444
2021-03-13,San Francisco,75,870044,34678,34784,1227,36011,455
2021-03-13,San Joaquin,77,732212,68167,66480,3073,69553,1141
2021-03-13,San Luis Obispo,79,281455,19927,19789,619,20408,247
2021-03-13,San Mateo,81,765935,40142,39689,428,40117,341
2021-03-13,Santa Barbara,83,443738,32876,32486,1187,33673,431
2021-03-13,Santa Clara,85,1922200,112028,112531,637,113168,1790
2021-03-13,Santa Cruz,87,273765,15583,14875,856,15731,199
2021-03-13,Shasta,89,179085,11098,11021,1351,12372,108
2021-03-13,Sierra,91,2930,50,49,14,63,0
2021-03-13,Siskiyou,93,43540,1528,1470,270,1740,5
2021-03-13,Solano,95,438530,30329,30198,389,30587,171
2021-03-13,Sonoma,97,501317,28679,28762,234,28996,285
2021-03-13,Stanislaus,99,539301,51595,51257,5719,56976,695
2021-03-13,Sutter,101,95872,8968,8948,85,9033,102
2021-03-13,Tehama,103,63373,4661,4647,527,5174,33
2021-03-13,Trinity,105,12862,350,306,51,357,3
2021-03-13,Tulare,107,460477,48283,47818,8853,56671,798
2021-03-13,Tuolumne,109,53932,3931,3937,33,3970,57
2021-03-13,Ventura,111,848112,78713,78693,2940,81633,906
2021-03-13,Yolo,113,214977,13141,13087,246,13333,189
2021-03-13,Yuba,115,75493,5621,5577,93,5670,42
2021-03-12,Alameda,1,1643700,82314,81898,1842,83740,1164
2021-03-12,Alpine,3,1148,84,82,0,82,0
2021-03-12,Amador,5,37829,3513,3503,34,3537,44
2021-03-12,Butte,7,227075,11426,11126,1709,12835,184
2021-03-12,Calaveras,9,45235,1955,1916,12,1928,49
2021-03-12,Colusa,11,21464,1879,1883,278,2161,12
2021-03-12,Contra Costa,13,1133247,64452,63583,1154,64737,728
2021-03-12,Del Norte,15,27424,1055,1033,0,1033,6
2021-03-12,El Dorado,17,186661,9228,9219,637,9856,103
2021-03-12,Fresno,19,978130,97529,97185,8287,105472,1489
2021-03-12,Glenn,21,27897,2278,2258,520,2778,15
2021-03-12,Humboldt,23,135768,3349,3315,23,3338,32
2021-03-12,Imperial,25,180216,27307,27071,2666,29737,677
2021-03-12,Inyo,27,18085,1352,1339,2,1341,35
2021-03-12,Kern,29,883053,94038,93142,10505,103647,1132
2021-03-12,Kings,31,150075,22369,22233,1098,23331,232
2021-03-12,Lake,33,64148,3268,3226,6,3232,43
2021-03-12,Lassen,35,31185,5122,5125,105,5230,1
2021-03-12,Los Angeles,37,10098052,1177050,1170860,41853,1212713,22409
2021-03-12,Madera,39,155013,15835,15761,886,16647,214
2021-03-12,Marin,41,260295,13415,13375,184,13559,218
2021-03-12,Mariposa,43,17540,379,376,5,381,5
2021-03-12,Mendocino,45,87422,3693,3605,70,3675,43
2021-03-12,Merced,47,269075,29155,29064,920,29984,403
2021-03-12,Modoc,49,8938,347,340,119,459,3
2021-03-12,Mono,51,14174,1190,1206,13,1219,3
2021-03-12,Monterey,53,433212,42120,41964,1788,43752,329
2021-03-12,Napa,55,140530,9205,9180,33,9213,75
2021-03-12,Nevada,57,99092,4147,4101,169,4270,66
2021-03-12,Orange,59,3164182,248524,247388,10770,258158,4401
2021-03-12,Placer,61,380077,21006,20210,1213,21423,239
2021-03-12,Plumas,63,18699,652,641,11,652,4
2021-03-12,Riverside,65,2383286,284951,281037,14269,295306,3854
2021-03-12,Sacramento,67,1510023,96424,95061,1372,96433,1460
2021-03-12,San Benito,69,59416,5804,5817,96,5913,61
2021-03-12,San Bernardino,71,2135413,287079,283558,8680,292238,3917
2021-03-12,San Diego,73,3302833,267219,264886,0,264886,3434
2021-03-12,San Francisco,75,870044,34657,34758,1224,35982,452
2021-03-12,San Joaquin,77,732212,68097,66482,3063,69545,1144
2021-03-12,San Luis Obispo,79,281455,19913,19769,617,20386,247
2021-03-12,San Mateo,81,765935,40106,39638,426,40064,341
2021-03-12,Santa Barbara,83,443738,32853,32457,1184,33641,429
2021-03-12,Santa Clara,85,1922200,111934,112396,636,113032,1766
2021-03-12,Santa Cruz,87,273765,15571,14846,854,15700,195
2021-03-12,Shasta,89,179085,11090,11143,1349,12492,153
2021-03-12,Sierra,91,2930,50,49,14,63,0
2021-03-12,Siskiyou,93,43540,1528,1468,269,1737,5
2021-03-12,Solano,95,438530,30310,30180,388,30568,171
2021-03-12,Sonoma,97,501317,28652,28714,234,28948,285
2021-03-12,Stanislaus,99,539301,51536,51146,5712,56858,701
2021-03-12,Sutter,101,95872,8962,8940,85,9025,101
2021-03-12,Tehama,103,63373,4657,4638,526,5164,33
2021-03-12,Trinity,105,12862,349,306,50,356,3
2021-03-12,Tulare,107,460477,48259,47772,8846,56618,798
2021-03-12,Tuolumne,109,53932,3930,3936,33,3969,57
2021-03-12,Ventura,111,848112,78671,78698,2936,81634,899
2021-03-12,Yolo,113,214977,13131,13061,239,13300,189
2021-03-12,Yuba,115,75493,5614,5563,92,5655,42
2021-03-11,Alameda,1,1643700,82221,81809,1837,83646,1164
2021-03-11,Alpine,3,1148,84,78,0,78,0
2021-03-11,Amador,5,37829,3512,3498,34,3532,42
2021-03-11,Butte,7,227075,11415,11110,1707,12817,185
2021-03-11,Calaveras,9,45235,1952,1915,12,1927,49
2021-03-11,Colusa,11,21464,1879,1883,278,2161,12
2021-03-11,Contra Costa,13,1133247,64379,63469,1152,64621,728
2021-03-11,Del Norte,15,27424,1050,1027,0,1027,6
2021-03-11,El Dorado,17,186661,9214,9211,637,9848,101
2021-03-11,Fresno,19,978130,97414,97026,8259,105285,1481
2021-03-11,Glenn,21,27897,2275,2255,520,2775,15
2021-03-11,Humboldt,23,135768,3332,3302,23,3325,32
2021-03-11,Imperial,25,180216,27300,27045,2662,29707,675
2021-03-11,Inyo,27,18085,1347,1335,2,1337,35
2021-03-11,Kern,29,883053,93983,93052,10466,103518,1121
2021-03-11,Kings,31,150075,22354,22183,1095,23278,230
2021-03-11,Lake,33,64148,3264,3214,6,3220,42
2021-03-11,Lassen,35,31185,5121,5124,105,5229,1
2021-03-11,Los Angeles,37,10098052,1176521,1170111,41819,1211930,22316
2021-03-11,Madera,39,155013,15824,15725,885,16610,214
2021-03-11,Marin,41,260295,13403,13356,183,13539,217
2021-03-11,Mariposa,43,17540,379,376,5,381,5
2021-03-11,Mendocino,45,87422,3686,3604,70,3674,42
2021-03-11,Merced,47,269075,29106,29001,919,29920,401
2021-03-11,Modoc,49,8938,347,340,119,459,3
2021-03-11,Mono,51,14174,1189,1206,13,1219,3
2021-03-11,Monterey,53,433212,42097,41936,1782,43718,329
2021-03-11,Napa,55,140530,9192,9173,33,9206,75
2021-03-11,Nevada,57,99092,4135,4085,167,4252,66
2021-03-11,Orange,59,3164182,248386,247217,10754,257971,4373
2021-03-11,Placer,61,380077,20962,20178,1209,21387,239
2021-03-11,Plumas,63,18699,651,640,11,651,4
2021-03-11,Riverside,65,2383286,284787,280881,14256,295137,3842
2021-03-11,Sacramento,67,1510023,96284,94912,1369,96281,1455
2021-03-11,San Benito,69,59416,5802,5816,95,5911,61
2021-03-11,San Bernardino,71,2135413,286984,283312,8674,291986,3869
2021-03-11,San Diego,73,3302833,267055,264524,0,264524,3422
2021-03-11,San Francisco,75,870044,34621,34722,1217,35939,452
2021-03-11,San Joaquin,77,732212,67986,66522,3054,69576,1157
2021-03-11,San Luis Obispo,79,281455,19888,19748,616,20364,247
2021-03-11,San Mateo,81,765935,40068,39590,425,40015,341
2021-03-11,Santa Barbara,83,443738,32827,32408,1181,33589,430
2021-03-11,Santa Clara,85,1922200,111805,112246,633,112879,1765
2021-03-11,Santa Cruz,87,273765,15559,14812,853,15665,193
2021-03-11,Shasta,89,179085,11080,11139,1344,12483,158
2021-03-11,Sierra,91,2930,50,48,14,62,0
2021-03-11,Siskiyou,93,43540,1525,1466,269,1735,5
2021-03-11,Solano,95,438530,30283,30138,387,30525,171
2021-03-11,Sonoma,97,501317,28622,28677,234,28911,285
2021-03-11,Stanislaus,99,539301,51452,51038,5704,56742,707
2021-03-11,Sutter,101,95872,8956,8933,85,9018,101
2021-03-11,Tehama,103,63373,4648,4632,525,5157,33
2021-03-11,Trinity,105,12862,348,304,49,353,3
2021-03-11,Tulare,107,460477,48223,47709,8834,56543,797
2021-03-11,Tuolumne,109,53932,3928,3934,33,3967,57
2021-03-11,Ventura,111,848112,78621,78697,2932,81629,889
2021-03-11,Yolo,113,214977,13113,13041,237,13278,190
2021-03-11,Yuba,115,75493,5610,5553,92,5645,42
2021-03-10,Alameda,1,1643700,82112,81701,1831,83532,1160
2021-03-10,Alpine,3,1148,83,78,0,78,0
2021-03-10,Amador,5,37829,3510,3496,34,3530,42
2021-03-10,Butte,7,227075,11405,11096,1707,12803,185
2021-03-10,Calaveras,9,45235,1948,1913,12,1925,48
2021-03-10,Colusa,11,21464,1879,1882,278,2160,12
2021-03-10,Contra Costa,13,1133247,64281,63372,1148,64520,725
2021-03-10,Del Norte,15,27424,1048,1020,0,1020,5
2021-03-10,El Dorado,17,186661,9202,9203,637,9840,100
2021-03-10,Fresno,19,978130,97309,96866,8242,105108,1471
2021-03-10,Glenn,21,27897,2272,2253,518,2771,15
2021-03-10,Humboldt,23,135768,3322,3296,22,3318,32
2021-03-10,Imperial,25,180216,27285,27051,2662,29713,675
2021-03-10,Inyo,27,18085,1347,1328,2,1330,35
2021-03-10,Kern,29,883053,93917,92965,10443,103408,1102
2021-03-10,Kings,31,150075,22335,22166,1093,23259,226
2021-03-10,Lake,33,64148,3254,3207,6,3213,42
2021-03-10,Lassen,35,31185,5121,5120,105,5225,1
2021-03-10,Los Angeles,37,10098052,1175977,1169079,41789,1210868,22199
2021-03-10,Madera,39,155013,15803,15705,882,16587,212
2021-03-10,Marin,41,260295,13393,13348,182,13530,216
2021-03-10,Mariposa,43,17540,379,376,5,381,5
2021-03-10,Mendocino,45,87422,3681,3602,70,3672,42
2021-03-10,Merced,47,269075,29069,28927,917,29844,401
2021-03-10,Modoc,49,8938,346,338,119,457,3
2021-03-10,Mono,51,14174,1186,1204,13,1217,3
2021-03-10,Monterey,53,433212,42075,41920,1778,43698,329
2021-03-10,Napa,55,140530,9183,9165,33,9198,75
2021-03-10,Nevada,57,99092,4131,4074,167,4241,66
2021-03-10,Orange,59,3164182,248241,247075,10734,257809,4342
2021-03-10,Placer,61,380077,20927,20144,1203,21347,239
2021-03-10,Plumas,63,18699,650,639,11,650,4
2021-03-10,Riverside,65,2383286,284651,280708,14242,294950,3822
2021-03-10,Sacramento,67,1510023,96154,94796,1363,96159,1452
2021-03-10,San Benito,69,59416,5793,5811,95,5906,61
2021-03-10,San Bernardino,71,2135413,286884,283140,8667,291807,3841
2021-03-10,San Diego,73,3302833,266834,264094,0,264094,3413
2021-03-10,San Francisco,75,870044,34588,34688,1208,35896,450
2021-03-10,San Joaquin,77,732212,67885,66483,3036,69519,1156
2021-03-10,San Luis Obispo,79,281455,19864,19710,612,20322,247
2021-03-10,San Mateo,81,765935,40043,39571,425,39996,338
2021-03-10,Santa Barbara,83,443738,32800,32356,1178,33534,429
2021-03-10,Santa Clara,85,1922200,111699,112103,629,112732,1759
2021-03-10,Santa Cruz,87,273765,15544,14790,852,15642,192
2021-03-10,Shasta,89,179085,11070,11125,1341,12466,155
2021-03-10,Sierra,91,2930,50,48,14,62,0
2021-03-10,Siskiyou,93,43540,1523,1458,269,1727,5
2021-03-10,Solano,95,438530,30253,30111,386,30497,170
2021-03-10,Sonoma,97,501317,28587,28638,233,28871,286
2021-03-10,Stanislaus,99,539301,51363,50968,5690,56658,706
2021-03-10,Sutter,101,95872,8945,8918,85,9003,101
2021-03-10,Tehama,103,63373,4638,4623,525,5148,33
2021-03-10,Trinity,105,12862,348,304,49,353,3
2021-03-10,Tulare,107,460477,48175,47659,8815,56474,793
2021-03-10,Tuolumne,109,53932,3927,3931,33,3964,57
2021-03-10,Ventura,111,848112,78544,78609,2930,81539,878
2021-03-10,Yolo,113,214977,13090,13021,236,13257,189
2021-03-10,Yuba,115,75493,5596,5545,91,5636,42
2021-03-09,Alameda,1,1643700,82026,81618,1831,83449,1151
2021-03-09,Alpine,3,1148,83,78,0,78,0
2021-03-09,Amador,5,37829,3508,3494,34,3528,42
2021-03-09,Butte,7,227075,11392,11092,1705,12797,185
2021-03-09,Calaveras,9,45235,1946,1913,12,1925,48
2021-03-09,Colusa,11,21464,1879,1880,278,2158,11
2021-03-09,Contra Costa,13,1133247,64188,63314,1146,64460,723
2021-03-09,Del Norte,15,27424,1040,1017,0,1017,5
2021-03-09,El Dorado,17,186661,9195,9198,637,9835,98
2021-03-09,Fresno,19,978130,97190,96744,8216,104960,1463
2021-03-09,Glenn,21,27897,2268,2251,516,2767,15
2021-03-09,Humboldt,23,135768,3311,3288,21,3309,32
2021-03-09,Imperial,25,180216,27276,27045,2658,29703,675
2021-03-09,Inyo,27,18085,1345,1324,2,1326,35
2021-03-09,Kern,29,883053,93838,92924,10425,103349,1088
2021-03-09,Kings,31,150075,22310,22143,1091,23234,226
2021-03-09,Lake,33,64148,3248,3202,6,3208,42
2021-03-09,Lassen,35,31185,5121,5120,105,5225,1
2021-03-09,Los Angeles,37,10098052,1175383,1167967,41753,1209720,22080
2021-03-09,Madera,39,155013,15792,15701,879,16580,211
2021-03-09,Marin,41,260295,13375,13335,180,13515,214
2021-03-09,Mariposa,43,17540,379,376,5,381,5
2021-03-09,Mendocino,45,87422,3677,3595,70,3665,42
2021-03-09,Merced,47,269075,29008,28876,916,29792,399
2021-03-09,Modoc,49,8938,346,338,118,456,3
2021-03-09,Mono,51,14174,1185,1203,13,1216,3
2021-03-09,Monterey,53,433212,42058,41894,1769,43663,329
2021-03-09,Napa,55,140530,9169,9155,33,9188,75
2021-03-09,Nevada,57,99092,4123,4062,167,4229,66
2021-03-09,Orange,59,3164182,248100,246989,10713,257702,4310
2021-03-09,Placer,61,380077,20884,20122,1199,21321,239
2021-03-09,Plumas,63,18699,647,639,11,650,4
2021-03-09,Riverside,65,2383286,284523,280562,14236,294798,3821
2021-03-09,Sacramento,67,1510023,95986,94720,1357,96077,1442
2021-03-09,San Benito,69,59416,5789,5800,95,5895,61
2021-03-09,San Bernardino,71,2135413,286764,282971,8660,291631,3823
2021-03-09,San Diego,73,3302833,266601,263745,0,263745,3405
2021-03-09,San Francisco,75,870044,34558,34654,1204,35858,450
2021-03-09,San Joaquin,77,732212,67757,66383,3026,69409,1150
2021-03-09,San Luis Obispo,79,281455,19846,19672,605,20277,245
2021-03-09,San Mateo,81,765935,39995,39535,423,39958,336
2021-03-09,Santa Barbara,83,443738,32759,32314,1176,33490,428
2021-03-09,Santa Clara,85,1922200,111588,111963,624,112587,1756
2021-03-09,Santa Cruz,87,273765,15524,14764,849,15613,188
2021-03-09,Shasta,89,179085,11064,11113,1335,12448,155
2021-03-09,Sierra,91,2930,50,48,14,62,0
2021-03-09,Siskiyou,93,43540,1519,1447,267,1714,5
2021-03-09,Solano,95,438530,30217,30090,384,30474,169
2021-03-09,Sonoma,97,501317,28537,28601,230,28831,284
2021-03-09,Stanislaus,99,539301,51269,50884,5681,56565,703
2021-03-09,Sutter,101,95872,8932,8914,85,8999,101
2021-03-09,Tehama,103,63373,4630,4620,524,5144,33
2021-03-09,Trinity,105,12862,348,304,49,353,3
2021-03-09,Tulare,107,460477,48149,47637,8792,56429,792
2021-03-09,Tuolumne,109,53932,3925,3929,33,3962,56
2021-03-09,Ventura,111,848112,78475,78526,2928,81454,863
2021-03-09,Yolo,113,214977,13079,13015,235,13250,189
2021-03-09,Yuba,115,75493,5589,5539,91,5630,42
2021-03-08,Alameda,1,1643700,81912,81543,1830,83373,1142
2021-03-08,Alpine,3,1148,83,78,0,78,0
2021-03-08,Amador,5,37829,3505,3490,34,3524,42
2021-03-08,Butte,7,227075,11377,11082,1704,12786,185
2021-03-08,Calaveras,9,45235,1945,1909,12,1921,48
2021-03-08,Colusa,11,21464,1879,1877,278,2155,11
2021-03-08,Contra Costa,13,1133247,64095,63240,1146,64386,719
2021-03-08,Del Norte,15,27424,1035,1012,0,1012,5
2021-03-08,El Dorado,17,186661,9192,9188,636,9824,97
2021-03-08,Fresno,19,978130,97095,96665,8192,104857,1442
2021-03-08,Glenn,21,27897,2267,2249,516,2765,15
2021-03-08,Humboldt,23,135768,3297,3278,21,3299,31
2021-03-08,Imperial,25,180216,27269,27033,2655,29688,663
2021-03-08,Inyo,27,18085,1343,1320,2,1322,35
2021-03-08,Kern,29,883053,93771,92857,10404,103261,1087
2021-03-08,Kings,31,150075,22290,22130,1088,23218,226
2021-03-08,Lake,33,64148,3236,3195,6,3201,42
2021-03-08,Lassen,35,31185,5121,5119,105,5224,1
2021-03-08,Los Angeles,37,10098052,1174772,1163409,41719,1205128,21868
2021-03-08,Madera,39,155013,15782,15691,877,16568,211
2021-03-08,Marin,41,260295,13355,13328,178,13506,214
2021-03-08,Mariposa,43,17540,379,376,5,381,5
2021-03-08,Mendocino,45,87422,3675,3590,69,3659,42
2021-03-08,Merced,47,269075,28947,28841,915,29756,398
2021-03-08,Modoc,49,8938,346,338,118,456,3
2021-03-08,Mono,51,14174,1184,1200,13,1213,3
2021-03-08,Monterey,53,433212,42037,41863,1768,43631,328
2021-03-08,Napa,55,140530,9166,9146,33,9179,75
2021-03-08,Nevada,57,99092,4115,4059,167,4226,66
2021-03-08,Orange,59,3164182,247929,246900,10681,257581,4243
2021-03-08,Placer,61,380077,20851,20102,1188,21290,239
2021-03-08,Plumas,63,18699,646,635,11,646,4
2021-03-08,Riverside,65,2383286,284385,280463,14227,294690,3783
2021-03-08,Sacramento,67,1510023,95814,94654,1352,96006,1438
2021-03-08,San Benito,69,59416,5786,5797,95,5892,61
2021-03-08,San Bernardino,71,2135413,286658,282894,8652,291546,3811
2021-03-08,San Diego,73,3302833,266360,263272,0,263272,3390
2021-03-08,San Francisco,75,870044,34531,34634,1200,35834,446
2021-03-08,San Joaquin,77,732212,67642,66307,3017,69324,1139
2021-03-08,San Luis Obispo,79,281455,19806,19656,601,20257,245
2021-03-08,San Mateo,81,765935,39948,39492,421,39913,335
2021-03-08,Santa Barbara,83,443738,32727,32293,1176,33469,427
2021-03-08,Santa Clara,85,1922200,111462,111882,622,112504,1756
2021-03-08,Santa Cruz,87,273765,15504,14729,849,15578,188
2021-03-08,Shasta,89,179085,11056,11088,1330,12418,155
2021-03-08,Sierra,91,2930,50,48,14,62,0
2021-03-08,Siskiyou,93,43540,1518,1440,267,1707,5
2021-03-08,Solano,95,438530,30177,30068,382,30450,169
2021-03-08,Sonoma,97,501317,28493,28571,229,28800,284
2021-03-08,Stanislaus,99,539301,51189,50825,5676,56501,690
2021-03-08,Sutter,101,95872,8929,8905,85,8990,100
2021-03-08,Tehama,103,63373,4627,4615,523,5138,33
2021-03-08,Trinity,105,12862,347,302,49,351,3
2021-03-08,Tulare,107,460477,48111,47587,8765,56352,791
2021-03-08,Tuolumne,109,53932,3924,3921,33,3954,56
2021-03-08,Ventura,111,848112,78404,78526,2920,81446,852
2021-03-08,Yolo,113,214977,13056,13000,234,13234,189
2021-03-08,Yuba,115,75493,5579,5530,91,5621,42
2021-03-07,Alameda,1,1643700,81793,81413,1829,83242,1145
2021-03-07,Alpine,3,1148,83,78,0,78,0
2021-03-07,Amador,5,37829,3502,3489,34,3523,42
2021-03-07,Butte,7,227075,11362,11075,1703,12778,185
2021-03-07,Calaveras,9,45235,1944,1906,12,1918,48
2021-03-07,Colusa,11,21464,1878,1876,278,2154,11
2021-03-07,Contra Costa,13,1133247,63998,63148,1143,64291,719
2021-03-07,Del Norte,15,27424,1030,1010,0,1010,5
2021-03-07,El Dorado,17,186661,9190,9184,635,9819,97
2021-03-07,Fresno,19,978130,96920,96549,8167,104716,1442
2021-03-07,Glenn,21,27897,2265,2244,516,2760,15
2021-03-07,Humboldt,23,135768,3287,3274,21,3295,31
2021-03-07,Imperial,25,180216,27260,27019,2653,29672,658
2021-03-07,Inyo,27,18085,1340,1320,2,1322,35
2021-03-07,Kern,29,883053,93685,92746,10372,103118,1086
2021-03-07,Kings,31,150075,22270,22103,1086,23189,224
2021-03-07,Lake,33,64148,3230,3192,6,3198,42
2021-03-07,Lassen,35,31185,5120,5119,105,5224,1
2021-03-07,Los Angeles,37,10098052,1174051,1162749,41679,1204428,21857
2021-03-07,Madera,39,155013,15763,15675,877,16552,211
2021-03-07,Marin,41,260295,13347,13313,176,13489,214
2021-03-07,Mariposa,43,17540,378,376,5,381,5
2021-03-07,Mendocino,45,87422,3672,3581,69,3650,42
2021-03-07,Merced,47,269075,28875,28829,911,29740,399
2021-03-07,Modoc,49,8938,346,338,118,456,3
2021-03-07,Mono,51,14174,1182,1199,13,1212,3
2021-03-07,Monterey,53,433212,42016,41858,1765,43623,328
2021-03-07,Napa,55,140530,9156,9137,33,9170,75
2021-03-07,Nevada,57,99092,4101,4052,166,4218,66
2021-03-07,Orange,59,3164182,247740,246771,10654,257425,4218
2021-03-07,Placer,61,380077,20813,20070,1184,21254,239
2021-03-07,Plumas,63,18699,645,635,11,646,4
2021-03-07,Riverside,65,2383286,284242,280379,14216,294595,3779
2021-03-07,Sacramento,67,1510023,95637,94513,1344,95857,1437
2021-03-07,San Benito,69,59416,5779,5795,95,5890,61
2021-03-07,San Bernardino,71,2135413,286492,282860,8646,291506,3810
2021-03-07,San Diego,73,3302833,266078,262965,0,262965,3390
2021-03-07,San Francisco,75,870044,34497,34594,1195,35789,445
2021-03-07,San Joaquin,77,732212,67508,66252,3003,69255,1139
2021-03-07,San Luis Obispo,79,281455,19768,19614,599,20213,245
2021-03-07,San Mateo,81,765935,39909,39436,418,39854,329
2021-03-07,Santa Barbara,83,443738,32680,32218,1175,33393,425
2021-03-07,Santa Clara,85,1922200,111315,111745,618,112363,1752
2021-03-07,Santa Cruz,87,273765,15482,14715,848,15563,189
2021-03-07,Shasta,89,179085,11043,11083,1322,12405,156
2021-03-07,Sierra,91,2930,49,48,14,62,0
2021-03-07,Siskiyou,93,43540,1515,1435,263,1698,5
2021-03-07,Solano,95,438530,30141,30027,382,30409,169
2021-03-07,Sonoma,97,501317,28442,28533,227,28760,284
2021-03-07,Stanislaus,99,539301,51057,50783,5658,56441,699
2021-03-07,Sutter,101,95872,8919,8900,85,8985,100
2021-03-07,Tehama,103,63373,4617,4614,520,5134,33
2021-03-07,Trinity,105,12862,347,302,49,351,3
2021-03-07,Tulare,107,460477,48054,47569,8732,56301,790
2021-03-07,Tuolumne,109,53932,3923,3922,33,3955,56
2021-03-07,Ventura,111,848112,78306,78487,2916,81403,851
2021-03-07,Yolo,113,214977,13037,12988,234,13222,189
2021-03-07,Yuba,115,75493,5575,5516,91,5607,42
2021-03-06,Alameda,1,1643700,81740,81310,1828,83138,1143
2021-03-06,Alpine,3,1148,83,78,0,78,0
2021-03-06,Amador,5,37829,3498,3487,34,3521,42
2021-03-06,Butte,7,227075,11358,11065,1702,12767,185
2021-03-06,Calaveras,9,45235,1940,1904,12,1916,48
2021-03-06,Colusa,11,21464,1876,1874,278,2152,11
2021-03-06,Contra Costa,13,1133247,63938,63040,1139,64179,719
2021-03-06,Del Norte,15,27424,1025,1000,0,1000,5
2021-03-06,El Dorado,17,186661,9186,9166,635,9801,97
2021-03-06,Fresno,19,978130,96829,96366,8152,104518,1440
2021-03-06,Glenn,21,27897,2265,2241,516,2757,15
2021-03-06,Humboldt,23,135768,3277,3260,21,3281,31
2021-03-06,Imperial,25,180216,27256,27009,2648,29657,658
2021-03-06,Inyo,27,18085,1337,1312,2,1314,35
2021-03-06,Kern,29,883053,93639,92684,10351,103035,1082
2021-03-06,Kings,31,150075,22253,22094,1086,23180,224
2021-03-06,Lake,33,64148,3228,3189,6,3195,42
2021-03-06,Lassen,35,31185,5120,5119,105,5224,1
2021-03-06,Los Angeles,37,10098052,1173619,1161745,41647,1203392,21843
2021-03-06,Madera,39,155013,15754,15646,875,16521,211
2021-03-06,Marin,41,260295,13338,13289,176,13465,213
2021-03-06,Mariposa,43,17540,378,376,5,381,5
2021-03-06,Mendocino,45,87422,3670,3579,69,3648,42
2021-03-06,Merced,47,269075,28833,28771,911,29682,399
2021-03-06,Modoc,49,8938,345,338,118,456,3
2021-03-06,Mono,51,14174,1181,1198,13,1211,3
2021-03-06,Monterey,53,433212,42011,41838,1762,43600,327
2021-03-06,Napa,55,140530,9148,9129,33,9162,75
2021-03-06,Nevada,57,99092,4095,4044,166,4210,66
2021-03-06,Orange,59,3164182,247649,246634,10640,257274,4165
2021-03-06,Placer,61,380077,20790,20030,1182,21212,239
2021-03-06,Plumas,63,18699,645,634,11,645,4
2021-03-06,Riverside,65,2383286,284151,280225,14207,294432,3781
2021-03-06,Sacramento,67,1510023,95549,94332,1335,95667,1436
2021-03-06,San Benito,69,59416,5774,5793,95,5888,61
2021-03-06,San Bernardino,71,2135413,286419,282737,8644,291381,3791
2021-03-06,San Diego,73,3302833,265891,262778,0,262778,3385
2021-03-06,San Francisco,75,870044,34467,34560,1190,35750,435
2021-03-06,San Joaquin,77,732212,67434,66162,2992,69154,1138
2021-03-06,San Luis Obispo,79,281455,19750,19592,596,20188,245
2021-03-06,San Mateo,81,765935,39886,39384,418,39802,329
2021-03-06,Santa Barbara,83,443738,32649,32176,1174,33350,424
2021-03-06,Santa Clara,85,1922200,111220,111570,616,112186,1749
2021-03-06,Santa Cruz,87,273765,15471,14701,848,15549,188
2021-03-06,Shasta,89,179085,11034,11076,1320,12396,158
2021-03-06,Sierra,91,2930,49,48,14,62,0
2021-03-06,Siskiyou,93,43540,1513,1432,263,1695,5
2021-03-06,Solano,95,438530,30112,30000,381,30381,169
2021-03-06,Sonoma,97,501317,28420,28484,225,28709,284
2021-03-06,Stanislaus,99,539301,50988,50691,5651,56342,711
2021-03-06,Sutter,101,95872,8913,8887,85,8972,100
2021-03-06,Tehama,103,63373,4617,4610,518,5128,33
2021-03-06,Trinity,105,12862,347,302,49,351,3
2021-03-06,Tulare,107,460477,48023,47515,8702,56217,789
2021-03-06,Tuolumne,109,53932,3921,3920,33,3953,56
2021-03-06,Ventura,111,848112,78252,78439,2914,81353,848
2021-03-06,Yolo,113,214977,13031,12951,234,13185,189
2021-03-06,Yuba,115,75493,5566,5504,91,5595,42
2021-03-05,Alameda,1,1643700,81654,81215,1826,83041,1141
2021-03-05,Alpine,3,1148,83,78,0,78,0
2021-03-05,Amador,5,37829,3497,3484,34,3518,42
2021-03-05,Butte,7,227075,11347,11050,1701,12751,185
2021-03-05,Calaveras,9,45235,1936,1902,12,1914,48
2021-03-05,Colusa,11,21464,1876,1874,278,2152,11
2021-03-05,Contra Costa,13,1133247,63858,62886,1136,64022,711
2021-03-05,Del Norte,15,27424,1021,995,0,995,5
2021-03-05,El Dorado,17,186661,9181,9150,634,9784,97
2021-03-05,Fresno,19,978130,96723,96184,8131,104315,1432
2021-03-05,Glenn,21,27897,2260,2241,516,2757,15
2021-03-05,Humboldt,23,135768,3270,3234,21,3255,31
2021-03-05,Imperial,25,180216,27246,26970,2639,29609,651
2021-03-05,Inyo,27,18085,1333,1309,2,1311,35
2021-03-05,Kern,29,883053,93601,92601,10337,102938,1076
2021-03-05,Kings,31,150075,22236,22063,1084,23147,224
2021-03-05,Lake,33,64148,3226,3185,6,3191,42
2021-03-05,Lassen,35,31185,5120,5117,103,5220,1
2021-03-05,Los Angeles,37,10098052,1173136,1160688,41612,1202300,21745
2021-03-05,Madera,39,155013,15744,15624,873,16497,211
2021-03-05,Marin,41,260295,13325,13275,175,13450,215
2021-03-05,Mariposa,43,17540,378,375,5,380,4
2021-03-05,Mendocino,45,87422,3667,3577,69,3646,42
2021-03-05,Merced,47,269075,28799,28734,910,29644,399
2021-03-05,Modoc,49,8938,345,337,118,455,3
2021-03-05,Mono,51,14174,1180,1197,13,1210,3
2021-03-05,Monterey,53,433212,41998,41802,1762,43564,325
2021-03-05,Napa,55,140530,9140,9109,33,9142,75
2021-03-05,Nevada,57,99092,4091,4033,166,4199,66
2021-03-05,Orange,59,3164182,247535,246489,10627,257116,4108
2021-03-05,Placer,61,380077,20764,19973,1178,21151,239
2021-03-05,Plumas,63,18699,645,635,11,646,4
2021-03-05,Riverside,65,2383286,284041,280075,14201,294276,3781
2021-03-05,Sacramento,67,1510023,95450,94182,1328,95510,1430
2021-03-05,San Benito,69,59416,5771,5790,95,5885,61
2021-03-05,San Bernardino,71,2135413,286325,282640,8640,291280,3774
2021-03-05,San Diego,73,3302833,265659,262357,0,262357,3371
2021-03-05,San Francisco,75,870044,34427,34526,1186,35712,430
2021-03-05,San Joaquin,77,732212,67356,66041,2981,69022,1133
2021-03-05,San Luis Obispo,79,281455,19728,19557,594,20151,244
2021-03-05,San Mateo,81,765935,39854,39305,418,39723,326
2021-03-05,Santa Barbara,83,443738,32614,32139,1169,33308,424
2021-03-05,Santa Clara,85,1922200,111124,111384,616,112000,1745
2021-03-05,Santa Cruz,87,273765,15460,14694,848,15542,188
2021-03-05,Shasta,89,179085,11022,11062,1314,12376,148
2021-03-05,Sierra,91,2930,49,48,14,62,0
2021-03-05,Siskiyou,93,43540,1509,1429,262,1691,5
2021-03-05,Solano,95,438530,30095,29951,379,30330,168
2021-03-05,Sonoma,97,501317,28393,28417,225,28642,279
2021-03-05,Stanislaus,99,539301,50937,50606,5641,56247,721
2021-03-05,Sutter,101,95872,8906,8876,85,8961,100
2021-03-05,Tehama,103,63373,4608,4606,518,5124,33
2021-03-05,Trinity,105,12862,347,302,49,351,3
2021-03-05,Tulare,107,460477,47996,47469,8681,56150,789
2021-03-05,Tuolumne,109,53932,3919,3917,33,3950,56
2021-03-05,Ventura,111,848112,78185,78368,2912,81280,839
2021-03-05,Yolo,113,214977,13019,12920,233,13153,188
2021-03-05,Yuba,115,75493,5554,5496,91,5587,42
2021-03-04,Alameda,1,1643700,81542,81115,1826,82941,1136
2021-03-04,Alpine,3,1148,83,78,0,78,0
2021-03-04,Amador,5,37829,3496,3480,34,3514,42
2021-03-04,Butte,7,227075,11340,11033,1700,12733,185
2021-03-04,Calaveras,9,45235,1935,1896,12,1908,48
2021-03-04,Colusa,11,21464,1874,1873,273,2146,11
2021-03-04,Contra Costa,13,1133247,63760,62789,1133,63922,708
2021-03-04,Del Norte,15,27424,1013,989,0,989,5
2021-03-04,El Dorado,17,186661,9166,9133,634,9767,97
2021-03-04,Fresno,19,978130,96561,96023,8113,104136,1422
2021-03-04,Glenn,21,27897,2256,2236,513,2749,15
2021-03-04,Humboldt,23,135768,3257,3212,21,3233,31
2021-03-04,Imperial,25,180216,27235,26946,2635,29581,646
2021-03-04,Inyo,27,18085,1330,1300,2,1302,35
2021-03-04,Kern,29,883053,93514,92525,10317,102842,1070
2021-03-04,Kings,31,150075,22211,22025,1081,23106,224
2021-03-04,Lake,33,64148,3218,3181,6,3187,42
2021-03-04,Lassen,35,31185,5120,5116,103,5219,1
2021-03-04,Los Angeles,37,10098052,1172527,1159405,41561,1200966,21610
2021-03-04,Madera,39,155013,15710,15596,869,16465,208
2021-03-04,Marin,41,260295,13308,13240,172,13412,215
2021-03-04,Mariposa,43,17540,378,376,5,381,4
2021-03-04,Mendocino,45,87422,3664,3569,69,3638,42
2021-03-04,Merced,47,269075,28749,28671,908,29579,396
2021-03-04,Modoc,49,8938,344,336,118,454,3
2021-03-04,Mono,51,14174,1180,1197,13,1210,3
2021-03-04,Monterey,53,433212,41978,41771,1759,43530,325
2021-03-04,Napa,55,140530,9132,9094,33,9127,74
2021-03-04,Nevada,57,99092,4081,4020,166,4186,66
2021-03-04,Orange,59,3164182,247383,246354,10608,256962,4096
2021-03-04,Placer,61,380077,20732,19900,1172,21072,239
2021-03-04,Plumas,63,18699,645,634,11,645,4
2021-03-04,Riverside,65,2383286,283916,279871,14188,294059,3766
2021-03-04,Sacramento,67,1510023,95317,93982,1325,95307,1426
2021-03-04,San Benito,69,59416,5771,5781,95,5876,61
2021-03-04,San Bernardino,71,2135413,286191,282407,8636,291043,3757
2021-03-04,San Diego,73,3302833,265400,261858,0,261858,3359
2021-03-04,San Francisco,75,870044,34393,34480,1183,35663,426
2021-03-04,San Joaquin,77,732212,67264,65931,2971,68902,1129
2021-03-04,San Luis Obispo,79,281455,19690,19520,592,20112,243
2021-03-04,San Mateo,81,765935,39810,39225,417,39642,322
2021-03-04,Santa Barbara,83,443738,32577,32090,1168,33258,423
2021-03-04,Santa Clara,85,1922200,110991,111194,613,111807,1723
2021-03-04,Santa Cruz,87,273765,15441,14669,848,15517,186
2021-03-04,Shasta,89,179085,11019,11050,1305,12355,150
2021-03-04,Sierra,91,2930,49,48,14,62,0
2021-03-04,Siskiyou,93,43540,1503,1427,262,1689,5
2021-03-04,Solano,95,438530,30068,29905,378,30283,168
2021-03-04,Sonoma,97,501317,28338,28379,224,28603,279
2021-03-04,Stanislaus,99,539301,50849,50521,5632,56153,731
2021-03-04,Sutter,101,95872,8894,8849,85,8934,100
2021-03-04,Tehama,103,63373,4602,4604,518,5122,33
2021-03-04,Trinity,105,12862,347,302,49,351,3
2021-03-04,Tulare,107,460477,47952,47398,8655,56053,784
2021-03-04,Tuolumne,109,53932,3913,3916,33,3949,56
2021-03-04,Ventura,111,848112,78098,78184,2910,81094,831
2021-03-04,Yolo,113,214977,12999,12895,233,13128,189
2021-03-04,Yuba,115,75493,5542,5483,91,5574,41
2021-03-03,Alameda,1,1643700,81419,80972,1824,82796,1127
2021-03-03,Alpine,3,1148,83,77,0,77,0
2021-03-03,Amador,5,37829,3494,3478,33,3511,42
2021-03-03,Butte,7,227075,11333,11014,1699,12713,184
2021-03-03,Calaveras,9,45235,1932,1893,12,1905,48
2021-03-03,Colusa,11,21464,1873,1873,273,2146,11
2021-03-03,Contra Costa,13,1133247,63662,62668,1130,63798,708
2021-03-03,Del Norte,15,27424,1010,988,0,988,5
2021-03-03,El Dorado,17,186661,9156,9121,634,9755,97
2021-03-03,Fresno,19,978130,96420,95893,8095,103988,1415
2021-03-03,Glenn,21,27897,2256,2233,513,2746,15
2021-03-03,Humboldt,23,135768,3245,3196,21,3217,30
2021-03-03,Imperial,25,180216,27217,26939,2630,29569,640
2021-03-03,Inyo,27,18085,1322,1294,2,1296,35
2021-03-03,Kern,29,883053,93441,92434,10299,102733,1063
2021-03-03,Kings,31,150075,22195,22009,1080,23089,223
2021-03-03,Lake,33,64148,3211,3175,6,3181,40
2021-03-03,Lassen,35,31185,5120,5115,102,5217,1
2021-03-03,Los Angeles,37,10098052,1171892,1157911,41518,1199429,21500
2021-03-03,Madera,39,155013,15691,15553,863,16416,203
2021-03-03,Marin,41,260295,13295,13216,172,13388,214
2021-03-03,Mariposa,43,17540,377,376,5,381,4
2021-03-03,Mendocino,45,87422,3656,3564,69,3633,42
2021-03-03,Merced,47,269075,28696,28625,908,29533,393
2021-03-03,Modoc,49,8938,344,333,117,450,3
2021-03-03,Mono,51,14174,1180,1191,13,1204,3
2021-03-03,Monterey,53,433212,41945,41731,1756,43487,325
2021-03-03,Napa,55,140530,9124,9090,33,9123,72
2021-03-03,Nevada,57,99092,4071,4009,166,4175,66
2021-03-03,Orange,59,3164182,247239,246120,10592,256712,4072
2021-03-03,Placer,61,380077,20706,19851,1169,21020,239
2021-03-03,Plumas,63,18699,644,631,11,642,4
2021-03-03,Riverside,65,2383286,283787,279626,14183,293809,3735
2021-03-03,Sacramento,67,1510023,95158,93819,1316,95135,1419
2021-03-03,San Benito,69,59416,5770,5774,95,5869,61
2021-03-03,San Bernardino,71,2135413,286052,282138,8629,290767,3664
2021-03-03,San Diego,73,3302833,265138,261350,0,261350,3342
2021-03-03,San Francisco,75,870044,34362,34443,1180,35623,426
2021-03-03,San Joaquin,77,732212,67153,65855,2964,68819,1115
2021-03-03,San Luis Obispo,79,281455,19664,19479,588,20067,241
2021-03-03,San Mateo,81,765935,39763,39189,416,39605,319
2021-03-03,Santa Barbara,83,443738,32540,32027,1168,33195,421
2021-03-03,Santa Clara,85,1922200,110835,110991,611,111602,1720
2021-03-03,Santa Cruz,87,273765,15430,14645,848,15493,185
2021-03-03,Shasta,89,179085,11009,11023,1298,12321,150
2021-03-03,Sierra,91,2930,49,48,14,62,0
2021-03-03,Siskiyou,93,43540,1501,1424,262,1686,5
2021-03-03,Solano,95,438530,30032,29866,377,30243,167
2021-03-03,Sonoma,97,501317,28298,28307,223,28530,279
2021-03-03,Stanislaus,99,539301,50772,50438,5624,56062,730
2021-03-03,Sutter,101,95872,8885,8840,85,8925,99
2021-03-03,Tehama,103,63373,4599,4601,518,5119,32
2021-03-03,Trinity,105,12862,347,302,49,351,3
2021-03-03,Tulare,107,460477,47902,47348,8624,55972,778
2021-03-03,Tuolumne,109,53932,3911,3914,32,3946,56
2021-03-03,Ventura,111,848112,78015,78057,2904,80961,822
2021-03-03,Yolo,113,214977,12986,12890,233,13123,189
2021-03-03,Yuba,115,75493,5529,5479,91,5570,41
2021-03-02,Alameda,1,1643700,81302,80904,1822,82726,1116
2021-03-02,Alpine,3,1148,83,77,0,77,0
2021-03-02,Amador,5,37829,3492,3474,33,3507,42
2021-03-02,Butte,7,227075,11323,11007,1697,12704,182
2021-03-02,Calaveras,9,45235,1926,1890,12,1902,48
2021-03-02,Colusa,11,21464,1873,1872,272,2144,11
2021-03-02,Contra Costa,13,1133247,63551,62557,1125,63682,694
2021-03-02,Del Norte,15,27424,1003,983,0,983,5
2021-03-02,El Dorado,17,186661,9148,9116,634,9750,98
2021-03-02,Fresno,19,978130,96276,95785,8067,103852,1410
2021-03-02,Glenn,21,27897,2250,2232,512,2744,15
2021-03-02,Humboldt,23,135768,3226,3184,21,3205,30
2021-03-02,Imperial,25,180216,27207,26926,2628,29554,637
2021-03-02,Inyo,27,18085,1318,1292,2,1294,35
2021-03-02,Kern,29,883053,93336,92313,10270,102583,1046
2021-03-02,Kings,31,150075,22143,21999,1078,23077,217
2021-03-02,Lake,33,64148,3205,3169,6,3175,40
2021-03-02,Lassen,35,31185,5115,5115,101,5216,1
2021-03-02,Los Angeles,37,10098052,1171253,1156826,41471,1198297,21395
2021-03-02,Madera,39,155013,15672,15523,860,16383,194
2021-03-02,Marin,41,260295,13272,13186,171,13357,214
2021-03-02,Mariposa,43,17540,377,376,5,381,4
2021-03-02,Mendocino,45,87422,3653,3562,68,3630,41
2021-03-02,Merced,47,269075,28639,28598,908,29506,389
2021-03-02,Modoc,49,8938,344,332,117,449,3
2021-03-02,Mono,51,14174,1179,1191,13,1204,3
2021-03-02,Monterey,53,433212,41918,41716,1754,43470,325
2021-03-02,Napa,55,140530,9112,9080,33,9113,71
2021-03-02,Nevada,57,99092,4062,3983,164,4147,66
2021-03-02,Orange,59,3164182,247093,246004,10576,256580,4037
2021-03-02,Placer,61,380077,20651,19828,1166,20994,239
2021-03-02,Plumas,63,18699,642,628,11,639,4
2021-03-02,Riverside,65,2383286,283621,279486,14175,293661,3721
2021-03-02,Sacramento,67,1510023,94991,93690,1315,95005,1411
2021-03-02,San Benito,69,59416,5763,5770,95,5865,60
2021-03-02,San Bernardino,71,2135413,285917,281919,8622,290541,3604
2021-03-02,San Diego,73,3302833,264895,260998,0,260998,3317
2021-03-02,San Francisco,75,870044,34321,34387,1176,35563,424
2021-03-02,San Joaquin,77,732212,67047,65769,2944,68713,1111
2021-03-02,San Luis Obispo,79,281455,19632,19452,587,20039,241
2021-03-02,San Mateo,81,765935,39712,39148,415,39563,317
2021-03-02,Santa Barbara,83,443738,32492,31964,1164,33128,416
2021-03-02,Santa Clara,85,1922200,110657,110832,609,111441,1706
2021-03-02,Santa Cruz,87,273765,15416,14611,846,15457,185
2021-03-02,Shasta,89,179085,10995,11012,1287,12299,149
2021-03-02,Sierra,91,2930,49,48,14,62,0
2021-03-02,Siskiyou,93,43540,1497,1412,260,1672,5
2021-03-02,Solano,95,438530,29999,29827,375,30202,167
2021-03-02,Sonoma,97,501317,28244,28261,223,28484,279
2021-03-02,Stanislaus,99,539301,50685,50359,5610,55969,724
2021-03-02,Sutter,101,95872,8876,8832,85,8917,99
2021-03-02,Tehama,103,63373,4597,4597,518,5115,32
2021-03-02,Trinity,105,12862,347,301,49,350,3
2021-03-02,Tulare,107,460477,47845,47326,8599,55925,783
2021-03-02,Tuolumne,109,53932,3907,3908,32,3940,53
2021-03-02,Ventura,111,848112,77924,77952,2900,80852,780
2021-03-02,Yolo,113,214977,12969,12867,233,13100,189
2021-03-02,Yuba,115,75493,5521,5475,91,5566,41
2021-03-01,Alameda,1,1643700,81176,80805,1820,82625,1105
2021-03-01,Alpine,3,1148,81,77,0,77,0
2021-03-01,Amador,5,37829,3489,3469,33,3502,42
2021-03-01,Butte,7,227075,11307,10981,1692,12673,180
2021-03-01,Calaveras,9,45235,1920,1885,12,1897,46
2021-03-01,Colusa,11,21464,1872,1871,272,2143,11
2021-03-01,Contra Costa,13,1133247,63444,62458,1124,63582,694
2021-03-01,Del Norte,15,27424,998,982,0,982,5
2021-03-01,El Dorado,17,186661,9124,9085,634,9719,98
2021-03-01,Fresno,19,978130,96139,95677,8043,103720,1405
2021-03-01,Glenn,21,27897,2245,2232,511,2743,15
2021-03-01,Humboldt,23,135768,3208,3179,21,3200,30
2021-03-01,Imperial,25,180216,27197,26913,2620,29533,636
2021-03-01,Inyo,27,18085,1315,1285,2,1287,35
2021-03-01,Kern,29,883053,93249,92219,10243,102462,1041
2021-03-01,Kings,31,150075,22126,21988,1072,23060,217
2021-03-01,Lake,33,64148,3200,3164,6,3170,40
2021-03-01,Lassen,35,31185,5113,5111,101,5212,1
2021-03-01,Los Angeles,37,10098052,1170607,1155984,41426,1197410,21293
2021-03-01,Madera,39,155013,15643,15505,849,16354,194
2021-03-01,Marin,41,260295,13246,13161,170,13331,214
2021-03-01,Mariposa,43,17540,377,375,5,380,4
2021-03-01,Mendocino,45,87422,3646,3561,68,3629,41
2021-03-01,Merced,47,269075,28594,28575,904,29479,385
2021-03-01,Modoc,49,8938,341,331,116,447,3
2021-03-01,Mono,51,14174,1178,1192,13,1205,3
2021-03-01,Monterey,53,433212,41893,41697,1752,43449,324
2021-03-01,Napa,55,140530,9103,9056,33,9089,70
2021-03-01,Nevada,57,99092,4043,3979,164,4143,66
2021-03-01,Orange,59,3164182,246901,245852,10562,256414,3976
2021-03-01,Placer,61,380077,20613,19803,1163,20966,239
2021-03-01,Plumas,63,18699,642,628,11,639,4
2021-03-01,Riverside,65,2383286,283406,279323,14167,293490,3680
2021-03-01,Sacramento,67,1510023,94846,93546,1313,94859,1401
2021-03-01,San Benito,69,59416,5758,5772,95,5867,57
2021-03-01,San Bernardino,71,2135413,285769,281685,8618,290303,3603
2021-03-01,San Diego,73,3302833,264580,260622,0,260622,3303
2021-03-01,San Francisco,75,870044,34277,34318,1168,35486,424
2021-03-01,San Joaquin,77,732212,66940,65699,2932,68631,1097
2021-03-01,San Luis Obispo,79,281455,19610,19429,585,20014,239
2021-03-01,San Mateo,81,765935,39662,39096,414,39510,314
2021-03-01,Santa Barbara,83,443738,32450,31909,1163,33072,413
2021-03-01,Santa Clara,85,1922200,110499,110684,606,111290,1704
2021-03-01,Santa Cruz,87,273765,15397,14575,845,15420,185
2021-03-01,Shasta,89,179085,10983,10990,1284,12274,149
2021-03-01,Sierra,91,2930,49,48,14,62,0
2021-03-01,Siskiyou,93,43540,1493,1408,258,1666,5
2021-03-01,Solano,95,438530,29956,29779,374,30153,166
2021-03-01,Sonoma,97,501317,28197,28222,221,28443,278
2021-03-01,Stanislaus,99,539301,50611,50293,5603,55896,722
2021-03-01,Sutter,101,95872,8864,8825,85,8910,99
2021-03-01,Tehama,103,63373,4593,4595,518,5113,32
2021-03-01,Trinity,105,12862,347,298,48,346,3
2021-03-01,Tulare,107,460477,47808,47275,8564,55839,781
2021-03-01,Tuolumne,109,53932,3904,3907,32,3939,53
2021-03-01,Ventura,111,848112,77842,77849,2899,80748,775
2021-03-01,Yolo,113,214977,12952,12854,231,13085,188
2021-03-01,Yuba,115,75493,5509,5466,91,5557,41
2021-02-28,Alameda,1,1643700,81053,80727,1818,82545,1105
2021-02-28,Alpine,3,1148,81,77,0,77,0
2021-02-28,Amador,5,37829,3484,3466,32,3498,42
2021-02-28,Butte,7,227075,11292,10970,1692,12662,180
2021-02-28,Calaveras,9,45235,1914,1881,12,1893,46
2021-02-28,Colusa,11,21464,1872,1871,271,2142,11
2021-02-28,Contra Costa,13,1133247,63317,62386,1119,63505,694
2021-02-28,Del Norte,15,27424,996,981,0,981,5
2021-02-28,El Dorado,17,186661,9113,9082,634,9716,98
2021-02-28,Fresno,19,978130,95961,95548,8008,103556,1405
2021-02-28,Glenn,21,27897,2243,2230,509,2739,15
2021-02-28,Humboldt,23,135768,3185,3179,21,3200,30
2021-02-28,Imperial,25,180216,27171,26909,2613,29522,636
2021-02-28,Inyo,27,18085,1310,1282,2,1284,35
2021-02-28,Kern,29,883053,93135,92169,10221,102390,1012
2021-02-28,Kings,31,150075,22105,21967,1071,23038,217
2021-02-28,Lake,33,64148,3195,3164,6,3170,40
2021-02-28,Lassen,35,31185,5112,5106,101,5207,1
2021-02-28,Los Angeles,37,10098052,1169832,1155141,41362,1196503,21261
2021-02-28,Madera,39,155013,15600,15496,846,16342,199
2021-02-28,Marin,41,260295,13223,13152,168,13320,214
2021-02-28,Mariposa,43,17540,377,374,5,379,4
2021-02-28,Mendocino,45,87422,3640,3558,68,3626,41
2021-02-28,Merced,47,269075,28532,28546,903,29449,384
2021-02-28,Modoc,49,8938,341,331,116,447,3
2021-02-28,Mono,51,14174,1175,1192,13,1205,3
2021-02-28,Monterey,53,433212,41861,41683,1751,43434,323
2021-02-28,Napa,55,140530,9084,9053,33,9086,70
2021-02-28,Nevada,57,99092,4030,3972,164,4136,66
2021-02-28,Orange,59,3164182,246701,245706,10554,256260,3970
2021-02-28,Placer,61,380077,20567,19775,1161,20936,239
2021-02-28,Plumas,63,18699,642,628,11,639,4
2021-02-28,Riverside,65,2383286,283187,279214,14156,293370,3661
2021-02-28,Sacramento,67,1510023,94662,93463,1308,94771,1398
2021-02-28,San Benito,69,59416,5747,5772,95,5867,57
2021-02-28,San Bernardino,71,2135413,285637,281620,8605,290225,3595
2021-02-28,San Diego,73,3302833,264284,260353,0,260353,3303
2021-02-28,San Francisco,75,870044,34236,34291,1161,35452,417
2021-02-28,San Joaquin,77,732212,66832,65662,2923,68585,1097
2021-02-28,San Luis Obispo,79,281455,19575,19422,582,20004,237
2021-02-28,San Mateo,81,765935,39608,39059,413,39472,314
2021-02-28,Santa Barbara,83,443738,32399,31877,1162,33039,413
2021-02-28,Santa Clara,85,1922200,110301,110556,603,111159,1704
2021-02-28,Santa Cruz,87,273765,15368,14571,842,15413,185
2021-02-28,Shasta,89,179085,10962,10990,1280,12270,149
2021-02-28,Sierra,91,2930,49,48,14,62,0
2021-02-28,Siskiyou,93,43540,1485,1408,257,1665,5
2021-02-28,Solano,95,438530,29900,29758,369,30127,166
2021-02-28,Sonoma,97,501317,28135,28193,220,28413,279
2021-02-28,Stanislaus,99,539301,50521,50228,5589,55817,728
2021-02-28,Sutter,101,95872,8849,8825,85,8910,99
2021-02-28,Tehama,103,63373,4586,4590,518,5108,32
2021-02-28,Trinity,105,12862,347,298,48,346,3
2021-02-28,Tulare,107,460477,47746,47258,8533,55791,780
2021-02-28,Tuolumne,109,53932,3899,3905,32,3937,53
2021-02-28,Ventura,111,848112,77731,77749,2896,80645,775
2021-02-28,Yolo,113,214977,12930,12851,231,13082,188
2021-02-28,Yuba,115,75493,5499,5461,91,5552,41
2021-02-27,Alameda,1,1643700,80979,80565,1816,82381,1108
2021-02-27,Alpine,3,1148,81,77,0,77,0
2021-02-27,Amador,5,37829,3482,3463,32,3495,42
2021-02-27,Butte,7,227075,11280,10962,1692,12654,180
2021-02-27,Calaveras,9,45235,1912,1875,12,1887,46
2021-02-27,Colusa,11,21464,1871,1869,271,2140,11
2021-02-27,Contra Costa,13,1133247,63246,62248,1116,63364,693
2021-02-27,Del Norte,15,27424,994,978,0,978,5
2021-02-27,El Dorado,17,186661,9109,9072,634,9706,98
2021-02-27,Fresno,19,978130,95888,95393,7994,103387,1400
2021-02-27,Glenn,21,27897,2243,2225,508,2733,15
2021-02-27,Humboldt,23,135768,3179,3167,21,3188,30
2021-02-27,Imperial,25,180216,27163,26903,2612,29515,633
2021-02-27,Inyo,27,18085,1307,1275,2,1277,35
2021-02-27,Kern,29,883053,93075,92053,10206,102259,996
2021-02-27,Kings,31,150075,22095,21955,1068,23023,216
2021-02-27,Lake,33,64148,3192,3156,6,3162,40
2021-02-27,Lassen,35,31185,5112,5106,101,5207,1
2021-02-27,Los Angeles,37,10098052,1169342,1154275,41332,1195607,21158
2021-02-27,Madera,39,155013,15583,15467,845,16312,199
2021-02-27,Marin,41,260295,13199,13134,168,13302,214
2021-02-27,Mariposa,43,17540,377,374,5,379,4
2021-02-27,Mendocino,45,87422,3637,3555,68,3623,41
2021-02-27,Merced,47,269075,28491,28501,894,29395,384
2021-02-27,Modoc,49,8938,341,331,115,446,3
2021-02-27,Mono,51,14174,1173,1191,13,1204,3
2021-02-27,Monterey,53,433212,41852,41665,1751,43416,322
2021-02-27,Napa,55,140530,9073,9038,33,9071,71
2021-02-27,Nevada,57,99092,4024,3960,164,4124,66
2021-02-27,Orange,59,3164182,246575,245542,10542,256084,3960
2021-02-27,Placer,61,380077,20531,19726,1158,20884,239
2021-02-27,Plumas,63,18699,642,628,11,639,4
2021-02-27,Riverside,65,2383286,283078,279048,14146,293194,3663
2021-02-27,Sacramento,67,1510023,94580,93281,1297,94578,1396
2021-02-27,San Benito,69,59416,5746,5767,94,5861,57
2021-02-27,San Bernardino,71,2135413,285566,281471,8598,290069,3527
2021-02-27,San Diego,73,3302833,264095,260091,0,260091,3284
2021-02-27,San Francisco,75,870044,34204,34260,1158,35418,413
2021-02-27,San Joaquin,77,732212,66786,65578,2921,68499,1100
2021-02-27,San Luis Obispo,79,281455,19554,19411,581,19992,237
2021-02-27,San Mateo,81,765935,39565,38998,412,39410,313
2021-02-27,Santa Barbara,83,443738,32365,31805,1161,32966,411
2021-02-27,Santa Clara,85,1922200,110154,110361,601,110962,1703
2021-02-27,Santa Cruz,87,273765,15359,14552,841,15393,185
2021-02-27,Shasta,89,179085,10956,10985,1276,12261,149
2021-02-27,Sierra,91,2930,49,48,14,62,0
2021-02-27,Siskiyou,93,43540,1483,1407,256,1663,5
2021-02-27,Solano,95,438530,29872,29718,368,30086,165
2021-02-27,Sonoma,97,501317,28091,28141,214,28355,281
2021-02-27,Stanislaus,99,539301,50467,50147,5579,55726,733
2021-02-27,Sutter,101,95872,8844,8820,85,8905,99
2021-02-27,Tehama,103,63373,4583,4584,518,5102,32
2021-02-27,Trinity,105,12862,347,298,48,346,3
2021-02-27,Tulare,107,460477,47710,47209,8506,55715,770
2021-02-27,Tuolumne,109,53932,3896,3899,32,3931,53
2021-02-27,Ventura,111,848112,77659,77623,2893,80516,771
2021-02-27,Yolo,113,214977,12918,12834,231,13065,188
2021-02-27,Yuba,115,75493,5496,5450,91,5541,39
2021-02-26,Alameda,1,1643700,80883,80387,1811,82198,1106
2021-02-26,Alpine,3,1148,81,77,0,77,0
2021-02-26,Amador,5,37829,3476,3457,32,3489,42
2021-02-26,Butte,7,227075,11270,10941,1691,12632,180
2021-02-26,Calaveras,9,45235,1911,1873,12,1885,46
2021-02-26,Colusa,11,21464,1871,1865,271,2136,11
2021-02-26,Contra Costa,13,1133247,63164,62114,1116,63230,685
2021-02-26,Del Norte,15,27424,990,968,0,968,5
2021-02-26,El Dorado,17,186661,9103,9038,632,9670,98
2021-02-26,Fresno,19,978130,95785,95202,7986,103188,1391
2021-02-26,Glenn,21,27897,2240,2220,508,2728,15
2021-02-26,Humboldt,23,135768,3173,3152,21,3173,30
2021-02-26,Imperial,25,180216,27155,26888,2610,29498,631
2021-02-26,Inyo,27,18085,1305,1271,2,1273,34
2021-02-26,Kern,29,883053,92996,91884,10190,102074,997
2021-02-26,Kings,31,150075,22079,21917,1065,22982,216
2021-02-26,Lake,33,64148,3187,3153,6,3159,40
2021-02-26,Lassen,35,31185,5112,5102,101,5203,1
2021-02-26,Los Angeles,37,10098052,1168774,1153131,41269,1194400,21070
2021-02-26,Madera,39,155013,15567,15436,843,16279,199
2021-02-26,Marin,41,260295,13185,13091,168,13259,214
2021-02-26,Mariposa,43,17540,377,375,5,380,4
2021-02-26,Mendocino,45,87422,3632,3549,68,3617,41
2021-02-26,Merced,47,269075,28459,28455,893,29348,382
2021-02-26,Modoc,49,8938,340,330,115,445,3
2021-02-26,Mono,51,14174,1171,1191,13,1204,3
2021-02-26,Monterey,53,433212,41826,41607,1751,43358,322
2021-02-26,Napa,55,140530,9067,9014,33,9047,70
2021-02-26,Nevada,57,99092,4013,3952,164,4116,66
2021-02-26,Orange,59,3164182,246437,245278,10532,255810,3918
2021-02-26,Placer,61,380077,20505,19712,1152,20864,239
2021-02-26,Plumas,63,18699,642,628,11,639,4
2021-02-26,Riverside,65,2383286,282934,278772,14140,292912,3653
2021-02-26,Sacramento,67,1510023,94457,93180,1294,94474,1390
2021-02-26,San Benito,69,59416,5745,5759,94,5853,57
2021-02-26,San Bernardino,71,2135413,285458,281132,8596,289728,3461
2021-02-26,San Diego,73,3302833,263868,259641,0,259641,3271
2021-02-26,San Francisco,75,870044,34174,34213,1153,35366,413
2021-02-26,San Joaquin,77,732212,66705,65492,2915,68407,1070
2021-02-26,San Luis Obispo,79,281455,19538,19359,579,19938,234
2021-02-26,San Mateo,81,765935,39519,38922,412,39334,313
2021-02-26,Santa Barbara,83,443738,32322,31724,1160,32884,410
2021-02-26,Santa Clara,85,1922200,110025,110168,599,110767,1700
2021-02-26,Santa Cruz,87,273765,15347,14528,840,15368,185
2021-02-26,Shasta,89,179085,10950,10972,1266,12238,149
2021-02-26,Sierra,91,2930,49,47,14,61,0
2021-02-26,Siskiyou,93,43540,1483,1401,256,1657,5
2021-02-26,Solano,95,438530,29838,29651,367,30018,165
2021-02-26,Sonoma,97,501317,28063,28063,213,28276,280
2021-02-26,Stanislaus,99,539301,50411,50054,5571,55625,737
2021-02-26,Sutter,101,95872,8835,8806,85,8891,99
2021-02-26,Tehama,103,63373,4581,4581,518,5099,32
2021-02-26,Trinity,105,12862,346,298,48,346,3
2021-02-26,Tulare,107,460477,47675,47135,8475,55610,770
2021-02-26,Tuolumne,109,53932,3895,3896,32,3928,53
2021-02-26,Ventura,111,848112,77559,77534,2891,80425,765
2021-02-26,Yolo,113,214977,12911,12816,231,13047,188
2021-02-26,Yuba,115,75493,5491,5438,91,5529,39
2021-02-25,Alameda,1,1643700,80761,80181,1810,81991,1093
2021-02-25,Alpine,3,1148,81,77,0,77,0
2021-02-25,Amador,5,37829,3473,3448,32,3480,41
2021-02-25,Butte,7,227075,11249,10922,1686,12608,178
2021-02-25,Calaveras,9,45235,1903,1868,12,1880,46
2021-02-25,Colusa,11,21464,1868,1863,270,2133,11
2021-02-25,Contra Costa,13,1133247,63062,61910,1116,63026,686
2021-02-25,Del Norte,15,27424,980,966,0,966,5
2021-02-25,El Dorado,17,186661,9087,9012,632,9644,98
2021-02-25,Fresno,19,978130,95643,95015,7965,102980,1377
2021-02-25,Glenn,21,27897,2237,2219,507,2726,15
2021-02-25,Humboldt,23,135768,3166,3129,20,3149,30
2021-02-25,Imperial,25,180216,27149,26855,2606,29461,628
2021-02-25,Inyo,27,18085,1299,1264,2,1266,33
2021-02-25,Kern,29,883053,92882,91735,10164,101899,992
2021-02-25,Kings,31,150075,22070,21900,1062,22962,216
2021-02-25,Lake,33,64148,3178,3141,6,3147,40
2021-02-25,Lassen,35,31185,5111,5097,99,5196,1
2021-02-25,Los Angeles,37,10098052,1168037,1151846,41209,1193055,20931
2021-02-25,Madera,39,155013,15532,15414,839,16253,194
2021-02-25,Marin,41,260295,13161,13067,168,13235,214
2021-02-25,Mariposa,43,17540,377,375,5,380,4
2021-02-25,Mendocino,45,87422,3627,3542,68,3610,41
2021-02-25,Merced,47,269075,28409,28383,892,29275,382
2021-02-25,Modoc,49,8938,340,329,115,444,3
2021-02-25,Mono,51,14174,1170,1190,13,1203,3
2021-02-25,Monterey,53,433212,41801,41564,1746,43310,321
2021-02-25,Napa,55,140530,9041,8998,33,9031,70
2021-02-25,Nevada,57,99092,3996,3940,163,4103,66
2021-02-25,Orange,59,3164182,246263,245000,10522,255522,3882
2021-02-25,Placer,61,380077,20464,19661,1150,20811,239
2021-02-25,Plumas,63,18699,642,626,11,637,4
2021-02-25,Riverside,65,2383286,282749,278544,14116,292660,3646
2021-02-25,Sacramento,67,1510023,94298,92961,1281,94242,1386
2021-02-25,San Benito,69,59416,5740,5752,94,5846,58
2021-02-25,San Bernardino,71,2135413,285310,280946,8587,289533,3409
2021-02-25,San Diego,73,3302833,263573,258979,0,258979,3260
2021-02-25,San Francisco,75,870044,34132,34138,1150,35288,408
2021-02-25,San Joaquin,77,732212,66622,65389,2903,68292,1047
2021-02-25,San Luis Obispo,79,281455,19517,19335,577,19912,234
2021-02-25,San Mateo,81,765935,39474,38872,412,39284,300
2021-02-25,Santa Barbara,83,443738,32246,31631,1159,32790,408
2021-02-25,Santa Clara,85,1922200,109861,109923,598,110521,1677
2021-02-25,Santa Cruz,87,273765,15329,14492,838,15330,185
2021-02-25,Shasta,89,179085,10938,10947,1261,12208,148
2021-02-25,Sierra,91,2930,49,47,14,61,0
2021-02-25,Siskiyou,93,43540,1479,1390,253,1643,4
2021-02-25,Solano,95,438530,29806,29616,367,29983,161
2021-02-25,Sonoma,97,501317,28008,28004,210,28214,278
2021-02-25,Stanislaus,99,539301,50322,49964,5560,55524,738
2021-02-25,Sutter,101,95872,8821,8789,84,8873,99
2021-02-25,Tehama,103,63373,4577,4578,516,5094,32
2021-02-25,Trinity,105,12862,346,297,48,345,3
2021-02-25,Tulare,107,460477,47627,47052,8447,55499,765
2021-02-25,Tuolumne,109,53932,3892,3894,32,3926,53
2021-02-25,Ventura,111,848112,77454,77395,2885,80280,751
2021-02-25,Yolo,113,214977,12894,12787,231,13018,188
2021-02-25,Yuba,115,75493,5483,5429,91,5520,39
2021-02-24,Alameda,1,1643700,80638,80070,1806,81876,1082
2021-02-24,Alpine,3,1148,80,77,0,77,0
2021-02-24,Amador,5,37829,3468,3444,32,3476,41
2021-02-24,Butte,7,227075,11237,10915,1682,12597,178
2021-02-24,Calaveras,9,45235,1900,1864,12,1876,31
2021-02-24,Colusa,11,21464,1866,1863,270,2133,11
2021-02-24,Contra Costa,13,1133247,62954,61776,1116,62892,663
2021-02-24,Del Norte,15,27424,979,960,0,960,5
2021-02-24,El Dorado,17,186661,9075,8993,632,9625,98
2021-02-24,Fresno,19,978130,95497,94794,7949,102743,1369
2021-02-24,Glenn,21,27897,2235,2210,507,2717,14
2021-02-24,Humboldt,23,135768,3154,3123,20,3143,29
2021-02-24,Imperial,25,180216,27134,26843,2602,29445,596
2021-02-24,Inyo,27,18085,1294,1253,2,1255,32
2021-02-24,Kern,29,883053,92749,91525,10148,101673,992
2021-02-24,Kings,31,150075,22047,21871,1058,22929,216
2021-02-24,Lake,33,64148,3171,3134,6,3140,40
2021-02-24,Lassen,35,31185,5107,5095,98,5193,1
2021-02-24,Los Angeles,37,10098052,1167283,1150322,41159,1191481,20817
2021-02-24,Madera,39,155013,15505,15390,839,16229,194
2021-02-24,Marin,41,260295,13138,13044,167,13211,214
2021-02-24,Mariposa,43,17540,377,374,5,379,4
2021-02-24,Mendocino,45,87422,3620,3540,68,3608,41
2021-02-24,Merced,47,269075,28370,28295,889,29184,383
2021-02-24,Modoc,49,8938,339,329,115,444,3
2021-02-24,Mono,51,14174,1168,1189,13,1202,3
2021-02-24,Monterey,53,433212,41775,41495,1744,43239,320
2021-02-24,Napa,55,140530,9024,8976,32,9008,70
2021-02-24,Nevada,57,99092,3986,3927,163,4090,66
2021-02-24,Orange,59,3164182,246046,244743,10508,255251,3835
2021-02-24,Placer,61,380077,20426,19648,1144,20792,239
2021-02-24,Plumas,63,18699,640,626,11,637,4
2021-02-24,Riverside,65,2383286,282527,278293,14106,292399,3603
2021-02-24,Sacramento,67,1510023,94145,92742,1276,94018,1375
2021-02-24,San Benito,69,59416,5739,5743,94,5837,57
2021-02-24,San Bernardino,71,2135413,285165,280583,8583,289166,3360
2021-02-24,San Diego,73,3302833,263280,258460,0,258460,3230
2021-02-24,San Francisco,75,870044,34087,34061,1146,35207,406
2021-02-24,San Joaquin,77,732212,66512,65274,2900,68174,1019
2021-02-24,San Luis Obispo,79,281455,19494,19309,575,19884,233
2021-02-24,San Mateo,81,765935,39437,38763,411,39174,300
2021-02-24,Santa Barbara,83,443738,32195,31563,1156,32719,405
2021-02-24,Santa Clara,85,1922200,109708,109671,597,110268,1674
2021-02-24,Santa Cruz,87,273765,15308,14458,838,15296,185
2021-02-24,Shasta,89,179085,10923,10922,1258,12180,148
2021-02-24,Sierra,91,2930,49,47,14,61,0
2021-02-24,Siskiyou,93,43540,1472,1385,249,1634,4
2021-02-24,Solano,95,438530,29767,29577,364,29941,158
2021-02-24,Sonoma,97,501317,27943,27954,206,28160,278
2021-02-24,Stanislaus,99,539301,50254,49851,5551,55402,732
2021-02-24,Sutter,101,95872,8811,8778,84,8862,99
2021-02-24,Tehama,103,63373,4573,4566,516,5082,31
2021-02-24,Trinity,105,12862,346,294,47,341,3
2021-02-24,Tulare,107,460477,47573,46976,8417,55393,759
2021-02-24,Tuolumne,109,53932,3889,3887,32,3919,53
2021-02-24,Ventura,111,848112,77348,77238,2883,80121,718
2021-02-24,Yolo,113,214977,12882,12760,226,12986,188
2021-02-24,Yuba,115,75493,5472,5425,89,5514,39
2021-02-23,Alameda,1,1643700,80500,79948,1802,81750,1070
2021-02-23,Alpine,3,1148,79,77,0,77,0
2021-02-23,Amador,5,37829,3466,3440,32,3472,41
2021-02-23,Butte,7,227075,11222,10887,1678,12565,176
2021-02-23,Calaveras,9,45235,1899,1863,12,1875,21
2021-02-23,Colusa,11,21464,1863,1862,270,2132,11
2021-02-23,Contra Costa,13,1133247,62821,61613,1114,62727,661
2021-02-23,Del Norte,15,27424,977,953,0,953,3
2021-02-23,El Dorado,17,186661,9062,8969,632,9601,96
2021-02-23,Fresno,19,978130,95336,94741,7935,102676,1356
2021-02-23,Glenn,21,27897,2233,2209,507,2716,14
2021-02-23,Humboldt,23,135768,3136,3108,20,3128,29
2021-02-23,Imperial,25,180216,27114,26816,2597,29413,591
2021-02-23,Inyo,27,18085,1290,1250,2,1252,32
2021-02-23,Kern,29,883053,92613,91390,10119,101509,982
2021-02-23,Kings,31,150075,22032,21839,1054,22893,216
2021-02-23,Lake,33,64148,3163,3121,6,3127,40
2021-02-23,Lassen,35,31185,5104,5092,98,5190,1
2021-02-23,Los Angeles,37,10098052,1166422,1148965,41102,1190067,19887
2021-02-23,Madera,39,155013,15491,15352,833,16185,193
2021-02-23,Marin,41,260295,13118,13015,166,13181,214
2021-02-23,Mariposa,43,17540,377,374,5,379,4
2021-02-23,Mendocino,45,87422,3618,3540,67,3607,41
2021-02-23,Merced,47,269075,28282,28209,888,29097,381
2021-02-23,Modoc,49,8938,338,328,114,442,3
2021-02-23,Mono,51,14174,1168,1189,13,1202,3
2021-02-23,Monterey,53,433212,41734,41439,1738,43177,317
2021-02-23,Napa,55,140530,9013,8967,32,8999,70
2021-02-23,Nevada,57,99092,3978,3912,163,4075,66
2021-02-23,Orange,59,3164182,245850,244566,10491,255057,3843
2021-02-23,Placer,61,380077,20400,19608,1140,20748,238
2021-02-23,Plumas,63,18699,639,626,11,637,4
2021-02-23,Riverside,65,2383286,282295,278075,14093,292168,3599
2021-02-23,Sacramento,67,1510023,93988,92632,1270,93902,1370
2021-02-23,San Benito,69,59416,5733,5731,93,5824,57
2021-02-23,San Bernardino,71,2135413,284973,280279,8576,288855,3283
2021-02-23,San Diego,73,3302833,262905,257802,0,257802,3218
2021-02-23,San Francisco,75,870044,34038,33994,1145,35139,405
2021-02-23,San Joaquin,77,732212,66414,65141,2892,68033,1004
2021-02-23,San Luis Obispo,79,281455,19465,19233,574,19807,230
2021-02-23,San Mateo,81,765935,39376,38662,411,39073,299
2021-02-23,Santa Barbara,83,443738,32142,31483,1154,32637,402
2021-02-23,Santa Clara,85,1922200,109512,109449,594,110043,1661
2021-02-23,Santa Cruz,87,273765,15281,14435,834,15269,178
2021-02-23,Shasta,89,179085,10911,10903,1254,12157,146
2021-02-23,Sierra,91,2930,49,47,14,61,0
2021-02-23,Siskiyou,93,43540,1467,1380,247,1627,4
2021-02-23,Solano,95,438530,29727,29545,361,29906,154
2021-02-23,Sonoma,97,501317,27900,27882,203,28085,278
2021-02-23,Stanislaus,99,539301,50178,49749,5533,55282,722
2021-02-23,Sutter,101,95872,8798,8766,84,8850,98
2021-02-23,Tehama,103,63373,4569,4556,515,5071,30
2021-02-23,Trinity,105,12862,346,292,46,338,3
2021-02-23,Tulare,107,460477,47494,46937,8381,55318,757
2021-02-23,Tuolumne,109,53932,3885,3864,32,3896,53
2021-02-23,Ventura,111,848112,77233,77093,2874,79967,689
2021-02-23,Yolo,113,214977,12853,12729,226,12955,188
2021-02-23,Yuba,115,75493,5459,5417,88,5505,38
2021-02-22,Alameda,1,1643700,80348,79796,1799,81595,1062
2021-02-22,Alpine,3,1148,79,77,0,77,0
2021-02-22,Amador,5,37829,3461,3438,32,3470,39
2021-02-22,Butte,7,227075,11210,10855,1672,12527,176
2021-02-22,Calaveras,9,45235,1896,1862,12,1874,21
2021-02-22,Colusa,11,21464,1863,1860,270,2130,11
2021-02-22,Contra Costa,13,1133247,62686,61478,1112,62590,661
2021-02-22,Del Norte,15,27424,976,948,0,948,3
2021-02-22,El Dorado,17,186661,9045,8940,632,9572,96
2021-02-22,Fresno,19,978130,95172,94584,7916,102500,1351
2021-02-22,Glenn,21,27897,2227,2207,505,2712,14
2021-02-22,Humboldt,23,135768,3124,3095,20,3115,29
2021-02-22,Imperial,25,180216,27090,26778,2589,29367,590
2021-02-22,Inyo,27,18085,1285,1248,2,1250,32
2021-02-22,Kern,29,883053,92499,91201,10096,101297,982
2021-02-22,Kings,31,150075,22011,21801,1051,22852,214
2021-02-22,Lake,33,64148,3157,3107,6,3113,40
2021-02-22,Lassen,35,31185,5104,5088,97,5185,1
2021-02-22,Los Angeles,37,10098052,1165553,1147541,41044,1188585,19730
2021-02-22,Madera,39,155013,15466,15325,829,16154,193
2021-02-22,Marin,41,260295,13094,12991,163,13154,213
2021-02-22,Mariposa,43,17540,376,374,5,379,4
2021-02-22,Mendocino,45,87422,3612,3535,67,3602,41
2021-02-22,Merced,47,269075,28214,28166,886,29052,379
2021-02-22,Modoc,49,8938,338,329,114,443,3
2021-02-22,Mono,51,14174,1164,1189,13,1202,3
2021-02-22,Monterey,53,433212,41683,41397,1731,43128,311
2021-02-22,Napa,55,140530,8986,8950,32,8982,69
2021-02-22,Nevada,57,99092,3969,3900,161,4061,66
2021-02-22,Orange,59,3164182,245613,244118,10474,254592,3843
2021-02-22,Placer,61,380077,20363,19587,1132,20719,238
2021-02-22,Plumas,63,18699,639,625,11,636,4
2021-02-22,Riverside,65,2383286,282036,277730,14084,291814,3567
2021-02-22,Sacramento,67,1510023,93822,92476,1260,93736,1359
2021-02-22,San Benito,69,59416,5731,5723,93,5816,57
2021-02-22,San Bernardino,71,2135413,284789,279984,8563,288547,3259
2021-02-22,San Diego,73,3302833,262496,257348,0,257348,3189
2021-02-22,San Francisco,75,870044,33979,33947,1139,35086,405
2021-02-22,San Joaquin,77,732212,66313,65060,2879,67939,1001
2021-02-22,San Luis Obispo,79,281455,19428,19198,572,19770,229
2021-02-22,San Mateo,81,765935,39319,38542,408,38950,282
2021-02-22,Santa Barbara,83,443738,32077,31421,1151,32572,399
2021-02-22,Santa Clara,85,1922200,109301,109213,582,109795,1655
2021-02-22,Santa Cruz,87,273765,15256,14417,833,15250,176
2021-02-22,Shasta,89,179085,10896,10872,1249,12121,145
2021-02-22,Sierra,91,2930,49,47,14,61,0
2021-02-22,Siskiyou,93,43540,1461,1373,246,1619,4
2021-02-22,Solano,95,438530,29688,29508,360,29868,150
2021-02-22,Sonoma,97,501317,27855,27845,202,28047,278
2021-02-22,Stanislaus,99,539301,50074,49630,5512,55142,722
2021-02-22,Sutter,101,95872,8790,8698,84,8782,98
2021-02-22,Tehama,103,63373,4560,4550,515,5065,30
2021-02-22,Trinity,105,12862,346,287,45,332,3
2021-02-22,Tulare,107,460477,47433,46879,8348,55227,751
2021-02-22,Tuolumne,109,53932,3881,3856,32,3888,53
2021-02-22,Ventura,111,848112,77106,76947,2868,79815,677
2021-02-22,Yolo,113,214977,12827,12689,225,12914,183
2021-02-22,Yuba,115,75493,5456,5404,87,5491,38
2021-02-21,Alameda,1,1643700,80150,79649,1794,81443,1061
2021-02-21,Alpine,3,1148,79,77,0,77,0
2021-02-21,Amador,5,37829,3453,3435,32,3467,39
2021-02-21,Butte,7,227075,11187,10855,1670,12525,176
2021-02-21,Calaveras,9,45235,1895,1860,12,1872,21
2021-02-21,Colusa,11,21464,1862,1860,266,2126,11
2021-02-21,Contra Costa,13,1133247,62522,61364,1109,62473,661
2021-02-21,Del Norte,15,27424,970,942,0,942,3
2021-02-21,El Dorado,17,186661,9027,8927,631,9558,96
2021-02-21,Fresno,19,978130,95026,94374,7897,102271,1349
2021-02-21,Glenn,21,27897,2225,2201,503,2704,14
2021-02-21,Humboldt,23,135768,3112,3096,20,3116,29
2021-02-21,Imperial,25,180216,27071,26779,2585,29364,590
2021-02-21,Inyo,27,18085,1279,1232,2,1234,32
2021-02-21,Kern,29,883053,92374,91141,10057,101198,980
2021-02-21,Kings,31,150075,21977,21784,1048,22832,213
2021-02-21,Lake,33,64148,3149,3100,6,3106,40
2021-02-21,Lassen,35,31185,5096,5077,97,5174,1
2021-02-21,Los Angeles,37,10098052,1164522,1146756,40989,1187745,19711
2021-02-21,Madera,39,155013,15435,15298,826,16124,192
2021-02-21,Marin,41,260295,13064,12968,163,13131,212
2021-02-21,Mariposa,43,17540,376,373,5,378,4
2021-02-21,Mendocino,45,87422,3607,3535,67,3602,41
2021-02-21,Merced,47,269075,28125,28106,874,28980,379
2021-02-21,Modoc,49,8938,335,329,114,443,3
2021-02-21,Mono,51,14174,1164,1189,13,1202,3
2021-02-21,Monterey,53,433212,41628,41373,1720,43093,309
2021-02-21,Napa,55,140530,8971,8929,32,8961,69
2021-02-21,Nevada,57,99092,3956,3895,161,4056,66
2021-02-21,Orange,59,3164182,245310,243985,10454,254439,3801
2021-02-21,Placer,61,380077,20326,19553,1128,20681,238
2021-02-21,Plumas,63,18699,639,625,11,636,4
2021-02-21,Riverside,65,2383286,281805,277555,14071,291626,3564
2021-02-21,Sacramento,67,1510023,93610,92288,1247,93535,1354
2021-02-21,San Benito,69,59416,5721,5716,90,5806,57
2021-02-21,San Bernardino,71,2135413,284544,279870,8549,288419,3247
2021-02-21,San Diego,73,3302833,262062,257027,0,257027,3190
2021-02-21,San Francisco,75,870044,33914,33891,1135,35026,405
2021-02-21,San Joaquin,77,732212,66164,64997,2866,67863,1001
2021-02-21,San Luis Obispo,79,281455,19396,19178,570,19748,229
2021-02-21,San Mateo,81,765935,39258,38448,405,38853,282
2021-02-21,Santa Barbara,83,443738,32015,31374,1148,32522,399
2021-02-21,Santa Clara,85,1922200,109076,108992,572,109564,1654
2021-02-21,Santa Cruz,87,273765,15232,14401,832,15233,176
2021-02-21,Shasta,89,179085,10881,10867,1244,12111,145
2021-02-21,Sierra,91,2930,49,47,14,61,0
2021-02-21,Siskiyou,93,43540,1455,1371,246,1617,4
2021-02-21,Solano,95,438530,29631,29471,359,29830,150
2021-02-21,Sonoma,97,501317,27789,27793,194,27987,278
2021-02-21,Stanislaus,99,539301,49949,49527,5495,55022,726
2021-02-21,Sutter,101,95872,8772,8687,83,8770,97
2021-02-21,Tehama,103,63373,4548,4547,515,5062,30
2021-02-21,Trinity,105,12862,344,286,45,331,3
2021-02-21,Tulare,107,460477,47366,46830,8311,55141,749
2021-02-21,Tuolumne,109,53932,3867,3828,32,3860,53
2021-02-21,Ventura,111,848112,76960,76862,2854,79716,677
2021-02-21,Yolo,113,214977,12796,12670,225,12895,183
2021-02-21,Yuba,115,75493,5448,5396,86,5482,38
2021-02-20,Alameda,1,1643700,80056,79496,1790,81286,1055
2021-02-20,Alpine,3,1148,79,77,0,77,0
2021-02-20,Amador,5,37829,3451,3432,32,3464,39
2021-02-20,Butte,7,227075,11179,10838,1668,12506,176
2021-02-20,Calaveras,9,45235,1894,1858,12,1870,21
2021-02-20,Colusa,11,21464,1861,1858,266,2124,11
2021-02-20,Contra Costa,13,1133247,62433,61205,1107,62312,663
2021-02-20,Del Norte,15,27424,966,937,0,937,3
2021-02-20,El Dorado,17,186661,9016,8911,631,9542,96
2021-02-20,Fresno,19,978130,94939,94234,7878,102112,1341
2021-02-20,Glenn,21,27897,2222,2199,502,2701,14
2021-02-20,Humboldt,23,135768,3104,3073,20,3093,29
2021-02-20,Imperial,25,180216,27063,26771,2585,29356,590
2021-02-20,Inyo,27,18085,1275,1226,2,1228,32
2021-02-20,Kern,29,883053,92303,91025,10023,101048,968
2021-02-20,Kings,31,150075,21959,21773,1047,22820,212
2021-02-20,Lake,33,64148,3142,3089,6,3095,40
2021-02-20,Lassen,35,31185,5094,5067,97,5164,1
2021-02-20,Los Angeles,37,10098052,1163960,1145594,40945,1186539,19630
2021-02-20,Madera,39,155013,15415,15274,825,16099,191
2021-02-20,Marin,41,260295,13043,12945,161,13106,211
2021-02-20,Mariposa,43,17540,376,372,5,377,4
2021-02-20,Mendocino,45,87422,3605,3533,67,3600,40
2021-02-20,Merced,47,269075,28080,28066,872,28938,379
2021-02-20,Modoc,49,8938,335,328,114,442,3
2021-02-20,Mono,51,14174,1163,1187,13,1200,3
2021-02-20,Monterey,53,433212,41608,41313,1718,43031,309
2021-02-20,Napa,55,140530,8962,8910,32,8942,69
2021-02-20,Nevada,57,99092,3946,3887,160,4047,66
2021-02-20,Orange,59,3164182,245147,243761,10438,254199,3755
2021-02-20,Placer,61,380077,20285,19509,1124,20633,236
2021-02-20,Plumas,63,18699,639,626,11,637,4
2021-02-20,Riverside,65,2383286,281654,277267,14059,291326,3559
2021-02-20,Sacramento,67,1510023,93485,92057,1245,93302,1352
2021-02-20,San Benito,69,59416,5709,5709,90,5799,57
2021-02-20,San Bernardino,71,2135413,284448,279608,8544,288152,3203
2021-02-20,San Diego,73,3302833,261820,256510,0,256510,3188
2021-02-20,San Francisco,75,870044,33872,33820,1126,34946,399
2021-02-20,San Joaquin,77,732212,66092,64916,2861,67777,1001
2021-02-20,San Luis Obispo,79,281455,19373,19138,568,19706,229
2021-02-20,San Mateo,81,765935,39216,38371,404,38775,282
2021-02-20,Santa Barbara,83,443738,31981,31289,1146,32435,396
2021-02-20,Santa Clara,85,1922200,108900,108728,569,109297,1649
2021-02-20,Santa Cruz,87,273765,15221,14378,830,15208,176
2021-02-20,Shasta,89,179085,10867,10850,1239,12089,146
2021-02-20,Sierra,91,2930,49,47,14,61,0
2021-02-20,Siskiyou,93,43540,1452,1366,246,1612,4
2021-02-20,Solano,95,438530,29616,29440,357,29797,150
2021-02-20,Sonoma,97,501317,27760,27703,191,27894,278
2021-02-20,Stanislaus,99,539301,49894,49445,5482,54927,733
2021-02-20,Sutter,101,95872,8766,8681,83,8764,97
2021-02-20,Tehama,103,63373,4547,4545,515,5060,30
2021-02-20,Trinity,105,12862,343,285,44,329,3
2021-02-20,Tulare,107,460477,47333,46769,8286,55055,739
2021-02-20,Tuolumne,109,53932,3862,3823,32,3855,53
2021-02-20,Ventura,111,848112,76864,76757,2851,79608,671
2021-02-20,Yolo,113,214977,12782,12639,224,12863,183
2021-02-20,Yuba,115,75493,5445,5386,86,5472,38
2021-02-19,Alameda,1,1643700,79948,79318,1786,81104,1047
2021-02-19,Alpine,3,1148,79,77,0,77,0
2021-02-19,Amador,5,37829,3447,3427,32,3459,39
2021-02-19,Butte,7,227075,11169,10823,1663,12486,176
2021-02-19,Calaveras,9,45235,1893,1856,12,1868,21
2021-02-19,Colusa,11,21464,1861,1858,266,2124,11
2021-02-19,Contra Costa,13,1133247,62326,61017,1105,62122,651
2021-02-19,Del Norte,15,27424,961,932,0,932,2
2021-02-19,El Dorado,17,186661,9007,8882,630,9512,96
2021-02-19,Fresno,19,978130,94809,93973,7859,101832,1330
2021-02-19,Glenn,21,27897,2217,2199,501,2700,14
2021-02-19,Humboldt,23,135768,3091,3037,20,3057,29
2021-02-19,Imperial,25,180216,27058,26751,2582,29333,589
2021-02-19,Inyo,27,18085,1270,1212,2,1214,32
2021-02-19,Kern,29,883053,92234,90807,9981,100788,963
2021-02-19,Kings,31,150075,21945,21724,1044,22768,211
2021-02-19,Lake,33,64148,3136,3078,6,3084,40
2021-02-19,Lassen,35,31185,5093,5057,97,5154,1
2021-02-19,Los Angeles,37,10098052,1163209,1143828,40901,1184729,19498
2021-02-19,Madera,39,155013,15398,15222,823,16045,188
2021-02-19,Marin,41,260295,13019,12919,159,13078,210
2021-02-19,Mariposa,43,17540,376,371,5,376,4
2021-02-19,Mendocino,45,87422,3603,3526,67,3593,39
2021-02-19,Merced,47,269075,28049,27985,868,28853,376
2021-02-19,Modoc,49,8938,335,328,114,442,3
2021-02-19,Mono,51,14174,1163,1186,13,1199,3
2021-02-19,Monterey,53,433212,41579,41209,1714,42923,309
2021-02-19,Napa,55,140530,8951,8899,32,8931,69
2021-02-19,Nevada,57,99092,3940,3863,160,4023,66
2021-02-19,Orange,59,3164182,244968,243397,10423,253820,3715
2021-02-19,Placer,61,380077,20264,19457,1124,20581,236
2021-02-19,Plumas,63,18699,637,624,11,635,4
2021-02-19,Riverside,65,2383286,281483,276941,14042,290983,3541
2021-02-19,Sacramento,67,1510023,93364,91815,1240,93055,1351
2021-02-19,San Benito,69,59416,5704,5699,90,5789,57
2021-02-19,San Bernardino,71,2135413,284330,279209,8538,287747,3117
2021-02-19,San Diego,73,3302833,261530,255799,0,255799,3169
2021-02-19,San Francisco,75,870044,33824,33746,1120,34866,387
2021-02-19,San Joaquin,77,732212,66021,64774,2852,67626,988
2021-02-19,San Luis Obispo,79,281455,19343,19061,566,19627,230
2021-02-19,San Mateo,81,765935,39158,38256,402,38658,282
2021-02-19,Santa Barbara,83,443738,31917,31204,1145,32349,392
2021-02-19,Santa Clara,85,1922200,108687,108400,567,108967,1634
2021-02-19,Santa Cruz,87,273765,15206,14354,830,15184,176
2021-02-19,Shasta,89,179085,10855,10833,1236,12069,140
2021-02-19,Sierra,91,2930,49,47,14,61,0
2021-02-19,Siskiyou,93,43540,1448,1363,244,1607,4
2021-02-19,Solano,95,438530,29585,29383,356,29739,150
2021-02-19,Sonoma,97,501317,27713,27595,189,27784,280
2021-02-19,Stanislaus,99,539301,49833,49282,5466,54748,739
2021-02-19,Sutter,101,95872,8756,8665,83,8748,96
2021-02-19,Tehama,103,63373,4545,4535,515,5050,30
2021-02-19,Trinity,105,12862,342,282,41,323,3
2021-02-19,Tulare,107,460477,47289,46662,8258,54920,736
2021-02-19,Tuolumne,109,53932,3856,3817,31,3848,52
2021-02-19,Ventura,111,848112,76784,76582,2848,79430,667
2021-02-19,Yolo,113,214977,12766,12606,224,12830,183
2021-02-19,Yuba,115,75493,5435,5376,86,5462,38
2021-02-18,Alameda,1,1643700,79800,79111,1779,80890,1012
2021-02-18,Alpine,3,1148,79,77,0,77,0
2021-02-18,Amador,5,37829,3443,3417,31,3448,38
2021-02-18,Butte,7,227075,11150,10791,1660,12451,175
2021-02-18,Calaveras,9,45235,1888,1873,12,1885,21
2021-02-18,Colusa,11,21464,1859,1856,264,2120,11
2021-02-18,Contra Costa,13,1133247,62215,60868,1104,61972,640
2021-02-18,Del Norte,15,27424,956,929,0,929,2
2021-02-18,El Dorado,17,186661,8993,8850,629,9479,94
2021-02-18,Fresno,19,978130,94641,93734,7831,101565,1323
2021-02-18,Glenn,21,27897,2211,2195,501,2696,14
2021-02-18,Humboldt,23,135768,3079,3023,20,3043,29
2021-02-18,Imperial,25,180216,27032,26731,2577,29308,591
2021-02-18,Inyo,27,18085,1266,1213,1,1214,32
2021-02-18,Kern,29,883053,92078,90655,9951,100606,961
2021-02-18,Kings,31,150075,21924,21648,1042,22690,211
2021-02-18,Lake,33,64148,3128,3066,6,3072,40
2021-02-18,Lassen,35,31185,5084,5052,97,5149,1
2021-02-18,Los Angeles,37,10098052,1162256,1141930,40831,1182761,19358
2021-02-18,Madera,39,155013,15377,15175,818,15993,188
2021-02-18,Marin,41,260295,13005,12895,159,13054,209
2021-02-18,Mariposa,43,17540,375,369,5,374,4
2021-02-18,Mendocino,45,87422,3600,3519,66,3585,39
2021-02-18,Merced,47,269075,27999,27870,862,28732,372
2021-02-18,Modoc,49,8938,333,327,113,440,3
2021-02-18,Mono,51,14174,1163,1182,13,1195,3
2021-02-18,Monterey,53,433212,41516,41091,1705,42796,307
2021-02-18,Napa,55,140530,8934,8877,32,8909,68
2021-02-18,Nevada,57,99092,3931,3836,159,3995,66
2021-02-18,Orange,59,3164182,244748,243098,10404,253502,3673
2021-02-18,Placer,61,380077,20238,19429,1123,20552,232
2021-02-18,Plumas,63,18699,637,624,11,635,4
2021-02-18,Riverside,65,2383286,281203,276595,14021,290616,3510
2021-02-18,Sacramento,67,1510023,93201,91476,1234,92710,1334
2021-02-18,San Benito,69,59416,5701,5697,89,5786,58
2021-02-18,San Bernardino,71,2135413,284115,278887,8524,287411,3066
2021-02-18,San Diego,73,3302833,261177,254987,0,254987,3135
2021-02-18,San Francisco,75,870044,33766,33650,1117,34767,386
2021-02-18,San Joaquin,77,732212,65936,64634,2841,67475,982
2021-02-18,San Luis Obispo,79,281455,19301,18987,563,19550,230
2021-02-18,San Mateo,81,765935,39096,38185,398,38583,282
2021-02-18,Santa Barbara,83,443738,31838,31054,1137,32191,387
2021-02-18,Santa Clara,85,1922200,108462,108210,564,108774,1605
2021-02-18,Santa Cruz,87,273765,15180,14314,830,15144,176
2021-02-18,Shasta,89,179085,10835,10811,1233,12044,139
2021-02-18,Sierra,91,2930,48,47,14,61,0
2021-02-18,Siskiyou,93,43540,1443,1359,243,1602,4
2021-02-18,Solano,95,438530,29558,29349,355,29704,150
2021-02-18,Sonoma,97,501317,27645,27512,188,27700,281
2021-02-18,Stanislaus,99,539301,49736,49150,5451,54601,738
2021-02-18,Sutter,101,95872,8748,8654,83,8737,96
2021-02-18,Tehama,103,63373,4542,4528,514,5042,30
2021-02-18,Trinity,105,12862,341,282,41,323,3
2021-02-18,Tulare,107,460477,47230,46591,8216,54807,728
2021-02-18,Tuolumne,109,53932,3819,3811,31,3842,52
2021-02-18,Ventura,111,848112,76653,76442,2838,79280,659
2021-02-18,Yolo,113,214977,12739,12549,221,12770,183
2021-02-18,Yuba,115,75493,5418,5358,86,5444,38
2021-02-17,Alameda,1,1643700,79638,78895,1777,80672,1002
2021-02-17,Alpine,3,1148,79,77,0,77,0
2021-02-17,Amador,5,37829,3439,3415,31,3446,38
2021-02-17,Butte,7,227075,11132,10770,1657,12427,174
2021-02-17,Calaveras,9,45235,1888,1876,12,1888,21
2021-02-17,Colusa,11,21464,1856,1854,264,2118,10
2021-02-17,Contra Costa,13,1133247,62076,60723,1101,61824,635
2021-02-17,Del Norte,15,27424,950,920,0,920,2
2021-02-17,El Dorado,17,186661,8982,8847,629,9476,94
2021-02-17,Fresno,19,978130,94509,93555,7805,101360,1307
2021-02-17,Glenn,21,27897,2211,2189,500,2689,14
2021-02-17,Humboldt,23,135768,3064,3006,20,3026,29
2021-02-17,Imperial,25,180216,27017,26726,2575,29301,580
2021-02-17,Inyo,27,18085,1258,1197,1,1198,32
2021-02-17,Kern,29,883053,91959,90454,9904,100358,962
2021-02-17,Kings,31,150075,21887,21617,1038,22655,211
2021-02-17,Lake,33,64148,3117,3057,2,3059,38
2021-02-17,Lassen,35,31185,5079,5052,96,5148,1
2021-02-17,Los Angeles,37,10098052,1161195,1139786,40764,1180550,19213
2021-02-17,Madera,39,155013,15351,15135,809,15944,177
2021-02-17,Marin,41,260295,12979,12881,159,13040,207
2021-02-17,Mariposa,43,17540,375,368,4,372,4
2021-02-17,Mendocino,45,87422,3598,3494,65,3559,39
2021-02-17,Merced,47,269075,27945,27824,853,28677,372
2021-02-17,Modoc,49,8938,333,327,113,440,3
2021-02-17,Mono,51,14174,1163,1180,13,1193,3
2021-02-17,Monterey,53,433212,41462,41014,1693,42707,304
2021-02-17,Napa,55,140530,8920,8865,32,8897,68
2021-02-17,Nevada,57,99092,3912,3822,156,3978,52
2021-02-17,Orange,59,3164182,244480,242716,10371,253087,3626
2021-02-17,Placer,61,380077,20205,19405,1118,20523,230
2021-02-17,Plumas,63,18699,636,623,11,634,4
2021-02-17,Riverside,65,2383286,280928,276289,13998,290287,3491
2021-02-17,Sacramento,67,1510023,93046,91309,1227,92536,1326
2021-02-17,San Benito,69,59416,5695,5661,89,5750,57
2021-02-17,San Bernardino,71,2135413,283906,278461,8504,286965,3020
2021-02-17,San Diego,73,3302833,260801,254177,0,254177,3099
2021-02-17,San Francisco,75,870044,33689,33558,1112,34670,379
2021-02-17,San Joaquin,77,732212,65835,64556,2834,67390,979
2021-02-17,San Luis Obispo,79,281455,19256,18964,563,19527,230
2021-02-17,San Mateo,81,765935,39029,38124,396,38520,282
2021-02-17,Santa Barbara,83,443738,31771,30927,1136,32063,384
2021-02-17,Santa Clara,85,1922200,108230,107949,562,108511,1592
2021-02-17,Santa Cruz,87,273765,15147,14268,827,15095,174
2021-02-17,Shasta,89,179085,10815,10770,1232,12002,139
2021-02-17,Sierra,91,2930,48,47,14,61,0
2021-02-17,Siskiyou,93,43540,1437,1352,240,1592,4
2021-02-17,Solano,95,438530,29503,29288,355,29643,149
2021-02-17,Sonoma,97,501317,27572,27408,183,27591,281
2021-02-17,Stanislaus,99,539301,49627,49050,5434,54484,730
2021-02-17,Sutter,101,95872,8738,8681,83,8764,95
2021-02-17,Tehama,103,63373,4538,4511,513,5024,30
2021-02-17,Trinity,105,12862,341,277,39,316,3
2021-02-17,Tulare,107,460477,47169,46495,8185,54680,726
2021-02-17,Tuolumne,109,53932,3810,3806,31,3837,49
2021-02-17,Ventura,111,848112,76528,76234,2831,79065,646
2021-02-17,Yolo,113,214977,12722,12506,219,12725,182
2021-02-17,Yuba,115,75493,5409,5345,86,5431,38
2021-02-16,Alameda,1,1643700,79463,78756,1773,80529,997
2021-02-16,Alpine,3,1148,79,76,0,76,0
2021-02-16,Amador,5,37829,3432,3413,31,3444,39
2021-02-16,Butte,7,227075,11106,10748,1654,12402,164
2021-02-16,Calaveras,9,45235,1886,1872,12,1884,21
2021-02-16,Colusa,11,21464,1853,1852,262,2114,10
2021-02-16,Contra Costa,13,1133247,61929,60564,1096,61660,631
2021-02-16,Del Norte,15,27424,942,913,0,913,2
2021-02-16,El Dorado,17,186661,8973,8836,628,9464,94
2021-02-16,Fresno,19,978130,94337,93363,7774,101137,1293
2021-02-16,Glenn,21,27897,2202,2189,495,2684,14
2021-02-16,Humboldt,23,135768,3041,2994,20,3014,29
2021-02-16,Imperial,25,180216,27004,26711,2571,29282,580
2021-02-16,Inyo,27,18085,1250,1191,1,1192,32
2021-02-16,Kern,29,883053,91828,90267,9871,100138,959
2021-02-16,Kings,31,150075,21841,21583,1034,22617,206
2021-02-16,Lake,33,64148,3108,3041,2,3043,38
2021-02-16,Lassen,35,31185,5067,5047,96,5143,1
2021-02-16,Los Angeles,37,10098052,1159943,1138262,40700,1178962,19044
2021-02-16,Madera,39,155013,15312,15120,805,15925,172
2021-02-16,Marin,41,260295,12955,12832,159,12991,205
2021-02-16,Mariposa,43,17540,375,367,4,371,4
2021-02-16,Mendocino,45,87422,3594,3489,65,3554,39
2021-02-16,Merced,47,269075,27873,27724,846,28570,368
2021-02-16,Modoc,49,8938,333,326,113,439,3
2021-02-16,Mono,51,14174,1163,1180,13,1193,3
2021-02-16,Monterey,53,433212,41388,40962,1684,42646,303
2021-02-16,Napa,55,140530,8907,8854,32,8886,66
2021-02-16,Nevada,57,99092,3899,3774,155,3929,47
2021-02-16,Orange,59,3164182,244157,242382,10356,252738,3612
2021-02-16,Placer,61,380077,20173,19367,1115,20482,230
2021-02-16,Plumas,63,18699,636,619,11,630,4
2021-02-16,Riverside,65,2383286,280627,275954,13975,289929,3471
2021-02-16,Sacramento,67,1510023,92791,91246,1220,92466,1305
2021-02-16,San Benito,69,59416,5687,5659,88,5747,56
2021-02-16,San Bernardino,71,2135413,283688,277947,8493,286440,2978
2021-02-16,San Diego,73,3302833,260339,253638,0,253638,3042
2021-02-16,San Francisco,75,870044,33619,33491,1107,34598,373
2021-02-16,San Joaquin,77,732212,65715,64448,2830,67278,979
2021-02-16,San Luis Obispo,79,281455,19211,18925,560,19485,229
2021-02-16,San Mateo,81,765935,38970,38041,394,38435,277
2021-02-16,Santa Barbara,83,443738,31698,30865,1132,31997,378
2021-02-16,Santa Clara,85,1922200,107977,107754,559,108313,1591
2021-02-16,Santa Cruz,87,273765,15128,14256,825,15081,174
2021-02-16,Shasta,89,179085,10799,10736,1230,11966,139
2021-02-16,Sierra,91,2930,48,47,14,61,0
2021-02-16,Siskiyou,93,43540,1433,1351,240,1591,4
2021-02-16,Solano,95,438530,29463,29246,354,29600,148
2021-02-16,Sonoma,97,501317,27509,27380,177,27557,279
2021-02-16,Stanislaus,99,539301,49511,48927,5417,54344,716
2021-02-16,Sutter,101,95872,8715,8671,83,8754,95
2021-02-16,Tehama,103,63373,4529,4501,512,5013,30
2021-02-16,Trinity,105,12862,337,275,39,314,3
2021-02-16,Tulare,107,460477,47105,46444,8139,54583,716
2021-02-16,Tuolumne,109,53932,3808,3796,31,3827,49
2021-02-16,Ventura,111,848112,76384,76043,2827,78870,631
2021-02-16,Yolo,113,214977,12691,12457,219,12676,175
2021-02-16,Yuba,115,75493,5402,5332,85,5417,38
2021-02-15,Alameda,1,1643700,79262,78647,1762,80409,996
2021-02-15,Alpine,3,1148,79,76,0,76,0
2021-02-15,Amador,5,37829,3428,3409,31,3440,39
2021-02-15,Butte,7,227075,11088,10723,1650,12373,155
2021-02-15,Calaveras,9,45235,1883,1871,12,1883,21
2021-02-15,Colusa,11,21464,1853,1849,258,2107,10
2021-02-15,Contra Costa,13,1133247,61754,60444,1089,61533,631
2021-02-15,Del Norte,15,27424,938,913,0,913,2
2021-02-15,El Dorado,17,186661,8957,8816,628,9444,94
2021-02-15,Fresno,19,978130,94138,93231,7736,100967,1288
2021-02-15,Glenn,21,27897,2199,2185,492,2677,14
2021-02-15,Humboldt,23,135768,3033,2997,20,3017,29
2021-02-15,Imperial,25,180216,26985,26700,2567,29267,580
2021-02-15,Inyo,27,18085,1231,1184,1,1185,32
2021-02-15,Kern,29,883053,91685,90181,9838,100019,959
2021-02-15,Kings,31,150075,21796,21574,1030,22604,205
2021-02-15,Lake,33,64148,3094,3030,1,3031,38
2021-02-15,Lassen,35,31185,5065,5047,95,5142,1
2021-02-15,Los Angeles,37,10098052,1158553,1137164,40637,1177801,18925
2021-02-15,Madera,39,155013,15281,15108,804,15912,106
2021-02-15,Marin,41,260295,12935,12810,156,12966,203
2021-02-15,Mariposa,43,17540,373,367,4,371,4
2021-02-15,Mendocino,45,87422,3582,3481,65,3546,39
2021-02-15,Merced,47,269075,27798,27656,840,28496,368
2021-02-15,Modoc,49,8938,333,326,113,439,3
2021-02-15,Mono,51,14174,1160,1178,13,1191,3
2021-02-15,Monterey,53,433212,41326,40911,1670,42581,302
2021-02-15,Napa,55,140530,8893,8837,32,8869,57
2021-02-15,Nevada,57,99092,3882,3767,154,3921,47
2021-02-15,Orange,59,3164182,243838,242176,10329,252505,3586
2021-02-15,Placer,61,380077,20146,19361,1114,20475,230
2021-02-15,Plumas,63,18699,636,620,11,631,4
2021-02-15,Riverside,65,2383286,280281,275771,13960,289731,3468
2021-02-15,Sacramento,67,1510023,92464,91091,1215,92306,1304
2021-02-15,San Benito,69,59416,5678,5649,88,5737,56
2021-02-15,San Bernardino,71,2135413,283426,277869,8485,286354,2945
2021-02-15,San Diego,73,3302833,259827,252940,0,252940,3037
2021-02-15,San Francisco,75,870044,33547,33454,1099,34553,373
2021-02-15,San Joaquin,77,732212,65550,64382,2823,67205,979
2021-02-15,San Luis Obispo,79,281455,19158,18891,558,19449,227
2021-02-15,San Mateo,81,765935,38890,37969,391,38360,277
2021-02-15,Santa Barbara,83,443738,31598,30810,1129,31939,378
2021-02-15,Santa Clara,85,1922200,107743,107630,557,108187,1588
2021-02-15,Santa Cruz,87,273765,15096,14239,822,15061,175
2021-02-15,Shasta,89,179085,10779,10730,1225,11955,139
2021-02-15,Sierra,91,2930,48,47,14,61,0
2021-02-15,Siskiyou,93,43540,1425,1345,239,1584,4
2021-02-15,Solano,95,438530,29408,29225,354,29579,148
2021-02-15,Sonoma,97,501317,27422,27359,173,27532,276
2021-02-15,Stanislaus,99,539301,49387,48808,5403,54211,716
2021-02-15,Sutter,101,95872,8700,8652,83,8735,95
2021-02-15,Tehama,103,63373,4518,4492,510,5002,30
2021-02-15,Trinity,105,12862,336,274,39,313,3
2021-02-15,Tulare,107,460477,47033,46344,8098,54442,715
2021-02-15,Tuolumne,109,53932,3798,3794,31,3825,49
2021-02-15,Ventura,111,848112,76228,75889,2824,78713,629
2021-02-15,Yolo,113,214977,12656,12412,212,12624,175
2021-02-15,Yuba,115,75493,5385,5320,84,5404,38
2021-02-14,Alameda,1,1643700,79105,78442,1761,80203,995
2021-02-14,Alpine,3,1148,79,76,0,76,0
2021-02-14,Amador,5,37829,3423,3398,31,3429,39
2021-02-14,Butte,7,227075,11064,10717,1645,12362,155
2021-02-14,Calaveras,9,45235,1880,1866,12,1878,21
2021-02-14,Colusa,11,21464,1849,1845,255,2100,10
2021-02-14,Contra Costa,13,1133247,61606,60272,1086,61358,631
2021-02-14,Del Norte,15,27424,934,911,0,911,2
2021-02-14,El Dorado,17,186661,8929,8790,626,9416,94
2021-02-14,Fresno,19,978130,93974,93065,7711,100776,1287
2021-02-14,Glenn,21,27897,2197,2184,492,2676,14
2021-02-14,Humboldt,23,135768,3020,2992,20,3012,29
2021-02-14,Imperial,25,180216,26977,26696,2566,29262,580
2021-02-14,Inyo,27,18085,1225,1177,1,1178,32
2021-02-14,Kern,29,883053,91528,90038,9783,99821,959
2021-02-14,Kings,31,150075,21771,21538,1027,22565,205
2021-02-14,Lake,33,64148,3085,3030,1,3031,38
2021-02-14,Lassen,35,31185,5061,5037,95,5132,1
2021-02-14,Los Angeles,37,10098052,1157216,1135450,40549,1175999,18898
2021-02-14,Madera,39,155013,15250,15089,800,15889,106
2021-02-14,Marin,41,260295,12911,12784,156,12940,201
2021-02-14,Mariposa,43,17540,373,365,4,369,4
2021-02-14,Mendocino,45,87422,3577,3475,65,3540,39
2021-02-14,Merced,47,269075,27721,27601,834,28435,368
2021-02-14,Modoc,49,8938,333,326,113,439,3
2021-02-14,Mono,51,14174,1159,1180,13,1193,3
2021-02-14,Monterey,53,433212,41277,40842,1666,42508,302
2021-02-14,Napa,55,140530,8873,8826,32,8858,57
2021-02-14,Nevada,57,99092,3866,3761,154,3915,47
2021-02-14,Orange,59,3164182,243529,241859,10308,252167,3564
2021-02-14,Placer,61,380077,20108,19313,1109,20422,230
2021-02-14,Plumas,63,18699,635,620,11,631,4
2021-02-14,Riverside,65,2383286,279967,275518,13939,289457,3471
2021-02-14,Sacramento,67,1510023,92257,90856,1211,92067,1304
2021-02-14,San Benito,69,59416,5670,5641,87,5728,56
2021-02-14,San Bernardino,71,2135413,283109,277664,8466,286130,2929
2021-02-14,San Diego,73,3302833,259335,252247,0,252247,3037
2021-02-14,San Francisco,75,870044,33475,33374,1089,34463,372
2021-02-14,San Joaquin,77,732212,65451,64243,2809,67052,979
2021-02-14,San Luis Obispo,79,281455,19120,18868,555,19423,225
2021-02-14,San Mateo,81,765935,38808,37859,391,38250,277
2021-02-14,Santa Barbara,83,443738,31506,30744,1125,31869,377
2021-02-14,Santa Clara,85,1922200,107543,107412,553,107965,1582
2021-02-14,Santa Cruz,87,273765,15068,14225,817,15042,175
2021-02-14,Shasta,89,179085,10749,10720,1219,11939,139
2021-02-14,Sierra,91,2930,48,47,14,61,0
2021-02-14,Siskiyou,93,43540,1421,1340,239,1579,4
2021-02-14,Solano,95,438530,29370,29150,350,29500,148
2021-02-14,Sonoma,97,501317,27345,27266,171,27437,276
2021-02-14,Stanislaus,99,539301,49282,48672,5386,54058,716
2021-02-14,Sutter,101,95872,8677,8642,83,8725,95
2021-02-14,Tehama,103,63373,4510,4490,508,4998,30
2021-02-14,Trinity,105,12862,336,272,39,311,3
2021-02-14,Tulare,107,460477,46958,46263,8043,54306,715
2021-02-14,Tuolumne,109,53932,3797,3764,31,3795,49
2021-02-14,Ventura,111,848112,76054,75742,2813,78555,629
2021-02-14,Yolo,113,214977,12626,12399,211,12610,175
2021-02-14,Yuba,115,75493,5375,5314,84,5398,38
2021-02-13,Alameda,1,1643700,78986,78246,1758,80004,995
2021-02-13,Alpine,3,1148,79,76,0,76,0
2021-02-13,Amador,5,37829,3420,3387,31,3418,38
2021-02-13,Butte,7,227075,11048,10699,1644,12343,155
2021-02-13,Calaveras,9,45235,1876,1863,12,1875,21
2021-02-13,Colusa,11,21464,1849,1837,255,2092,10
2021-02-13,Contra Costa,13,1133247,61486,60100,1086,61186,629
2021-02-13,Del Norte,15,27424,932,908,0,908,2
2021-02-13,El Dorado,17,186661,8918,8758,625,9383,93
2021-02-13,Fresno,19,978130,93867,92807,7687,100494,1287
2021-02-13,Glenn,21,27897,2196,2182,492,2674,14
2021-02-13,Humboldt,23,135768,3007,2974,19,2993,29
2021-02-13,Imperial,25,180216,26970,26680,2564,29244,580
2021-02-13,Inyo,27,18085,1221,1168,1,1169,32
2021-02-13,Kern,29,883053,91440,89915,9757,99672,957
2021-02-13,Kings,31,150075,21756,21513,1025,22538,205
2021-02-13,Lake,33,64148,3079,3025,1,3026,37
2021-02-13,Lassen,35,31185,5058,5028,95,5123,1
2021-02-13,Los Angeles,37,10098052,1156358,1133752,40499,1174251,18822
2021-02-13,Madera,39,155013,15241,15053,795,15848,106
2021-02-13,Marin,41,260295,12890,12757,156,12913,201
2021-02-13,Mariposa,43,17540,373,365,4,369,4
2021-02-13,Mendocino,45,87422,3567,3466,65,3531,38
2021-02-13,Merced,47,269075,27677,27541,831,28372,368
2021-02-13,Modoc,49,8938,333,325,113,438,3
2021-02-13,Mono,51,14174,1159,1176,13,1189,3
2021-02-13,Monterey,53,433212,41246,40731,1664,42395,301
2021-02-13,Napa,55,140530,8864,8809,32,8841,57
2021-02-13,Nevada,57,99092,3857,3742,153,3895,47
2021-02-13,Orange,59,3164182,243328,241545,10287,251832,3520
2021-02-13,Placer,61,380077,20087,19214,1109,20323,230
2021-02-13,Plumas,63,18699,635,616,11,627,4
2021-02-13,Riverside,65,2383286,279739,275276,13929,289205,3462
2021-02-13,Sacramento,67,1510023,92088,90401,1208,91609,1302
2021-02-13,San Benito,69,59416,5656,5633,87,5720,56
2021-02-13,San Bernardino,71,2135413,282966,277405,8454,285859,2899
2021-02-13,San Diego,73,3302833,259005,251679,0,251679,3009
2021-02-13,San Francisco,75,870044,33426,33291,1078,34369,364
2021-02-13,San Joaquin,77,732212,65383,64105,2799,66904,977
2021-02-13,San Luis Obispo,79,281455,19092,18803,549,19352,225
2021-02-13,San Mateo,81,765935,38755,37745,391,38136,277
2021-02-13,Santa Barbara,83,443738,31455,30594,1123,31717,374
2021-02-13,Santa Clara,85,1922200,107359,107125,549,107674,1570
2021-02-13,Santa Cruz,87,273765,15041,14198,816,15014,173
2021-02-13,Shasta,89,179085,10737,10713,1214,11927,139
2021-02-13,Sierra,91,2930,48,47,14,61,0
2021-02-13,Siskiyou,93,43540,1418,1336,239,1575,4
2021-02-13,Solano,95,438530,29334,29084,350,29434,148
2021-02-13,Sonoma,97,501317,27299,27157,169,27326,276
2021-02-13,Stanislaus,99,539301,49213,48568,5380,53948,697
2021-02-13,Sutter,101,95872,8665,8626,83,8709,94
2021-02-13,Tehama,103,63373,4501,4484,507,4991,30
2021-02-13,Trinity,105,12862,335,272,38,310,3
2021-02-13,Tulare,107,460477,46914,46162,8006,54168,709
2021-02-13,Tuolumne,109,53932,3796,3752,31,3783,49
2021-02-13,Ventura,111,848112,75917,75481,2807,78288,618
2021-02-13,Yolo,113,214977,12614,12374,210,12584,175
2021-02-13,Yuba,115,75493,5367,5289,84,5373,38
2021-02-12,Alameda,1,1643700,78852,77958,1752,79710,974
2021-02-12,Alpine,3,1148,79,76,0,76,0
2021-02-12,Amador,5,37829,3416,3381,31,3412,38
2021-02-12,Butte,7,227075,11033,10655,1637,12292,155
2021-02-12,Calaveras,9,45235,1873,1860,12,1872,21
2021-02-12,Colusa,11,21464,1849,1836,255,2091,10
2021-02-12,Contra Costa,13,1133247,61336,59878,1082,60960,620
2021-02-12,Del Norte,15,27424,922,901,0,901,2
2021-02-12,El Dorado,17,186661,8902,8725,622,9347,92
2021-02-12,Fresno,19,978130,93720,92520,7666,100186,1273
2021-02-12,Glenn,21,27897,2193,2175,492,2667,14
2021-02-12,Humboldt,23,135768,2998,2961,19,2980,29
2021-02-12,Imperial,25,180216,26962,26646,2562,29208,585
2021-02-12,Inyo,27,18085,1215,1156,1,1157,32
2021-02-12,Kern,29,883053,91331,89532,9720,99252,949
2021-02-12,Kings,31,150075,21725,21462,1019,22481,202
2021-02-12,Lake,33,64148,3075,3012,1,3013,36
2021-02-12,Lassen,35,31185,5056,5015,95,5110,1
2021-02-12,Los Angeles,37,10098052,1155155,1131185,40428,1171613,18637
2021-02-12,Madera,39,155013,15214,15022,792,15814,106
2021-02-12,Marin,41,260295,12864,12720,156,12876,200
2021-02-12,Mariposa,43,17540,372,365,4,369,4
2021-02-12,Mendocino,45,87422,3565,3447,65,3512,38
2021-02-12,Merced,47,269075,27626,27453,828,28281,367
2021-02-12,Modoc,49,8938,333,324,113,437,3
2021-02-12,Mono,51,14174,1158,1172,13,1185,3
2021-02-12,Monterey,53,433212,41199,40633,1655,42288,297
2021-02-12,Napa,55,140530,8852,8785,32,8817,55
2021-02-12,Nevada,57,99092,3852,3728,153,3881,47
2021-02-12,Orange,59,3164182,243091,241075,10271,251346,3505
2021-02-12,Placer,61,380077,20047,19174,1104,20278,230
2021-02-12,Plumas,63,18699,634,614,11,625,4
2021-02-12,Riverside,65,2383286,279465,274792,13911,288703,3438
2021-02-12,Sacramento,67,1510023,91883,90252,1207,91459,1295
2021-02-12,San Benito,69,59416,5640,5622,86,5708,56
2021-02-12,San Bernardino,71,2135413,282778,276890,8442,285332,2827
2021-02-12,San Diego,73,3302833,258623,250788,0,250788,2979
2021-02-12,San Francisco,75,870044,33366,33179,1074,34253,359
2021-02-12,San Joaquin,77,732212,65289,63966,2791,66757,975
2021-02-12,San Luis Obispo,79,281455,19051,18687,548,19235,224
2021-02-12,San Mateo,81,765935,38683,37560,391,37951,254
2021-02-12,Santa Barbara,83,443738,31384,30454,1118,31572,372
2021-02-12,Santa Clara,85,1922200,107190,106759,545,107304,1543
2021-02-12,Santa Cruz,87,273765,15021,14147,816,14963,170
2021-02-12,Shasta,89,179085,10719,10693,1204,11897,142
2021-02-12,Sierra,91,2930,47,45,14,59,0
2021-02-12,Siskiyou,93,43540,1414,1324,236,1560,4
2021-02-12,Solano,95,438530,29302,28996,347,29343,147
2021-02-12,Sonoma,97,501317,27243,27064,165,27229,275
2021-02-12,Stanislaus,99,539301,49130,48418,5355,53773,697
2021-02-12,Sutter,101,95872,8651,8609,83,8692,93
2021-02-12,Tehama,103,63373,4493,4470,506,4976,27
2021-02-12,Trinity,105,12862,335,269,38,307,3
2021-02-12,Tulare,107,460477,46836,46016,7979,53995,710
2021-02-12,Tuolumne,109,53932,3794,3736,30,3766,49
2021-02-12,Ventura,111,848112,75750,75210,2799,78009,605
2021-02-12,Yolo,113,214977,12594,12340,210,12550,175
2021-02-12,Yuba,115,75493,5359,5274,84,5358,38
2021-02-11,Alameda,1,1643700,78625,77564,1747,79311,960
2021-02-11,Alpine,3,1148,78,76,0,76,0
2021-02-11,Amador,5,37829,3412,3368,31,3399,35
2021-02-11,Butte,7,227075,11009,10624,1635,12259,155
2021-02-11,Calaveras,9,45235,1871,1856,12,1868,21
2021-02-11,Colusa,11,21464,1844,1823,253,2076,10
2021-02-11,Contra Costa,13,1133247,61169,59633,1079,60712,605
2021-02-11,Del Norte,15,27424,917,894,0,894,2
2021-02-11,El Dorado,17,186661,8881,8698,622,9320,92
2021-02-11,Fresno,19,978130,93568,92168,7639,99807,1255
2021-02-11,Glenn,21,27897,2191,2166,490,2656,14
2021-02-11,Humboldt,23,135768,2986,2954,18,2972,29
2021-02-11,Imperial,25,180216,26939,26545,2560,29105,578
2021-02-11,Inyo,27,18085,1206,1144,1,1145,32
2021-02-11,Kern,29,883053,91144,89224,9673,98897,941
2021-02-11,Kings,31,150075,21695,21373,1016,22389,202
2021-02-11,Lake,33,64148,3065,3002,1,3003,36
2021-02-11,Lassen,35,31185,5045,5004,92,5096,1
2021-02-11,Los Angeles,37,10098052,1153527,1128437,40356,1168793,18500
2021-02-11,Madera,39,155013,15193,14984,790,15774,106
2021-02-11,Marin,41,260295,12827,12682,156,12838,200
2021-02-11,Mariposa,43,17540,372,361,4,365,4
2021-02-11,Mendocino,45,87422,3558,3420,65,3485,38
2021-02-11,Merced,47,269075,27561,27325,824,28149,363
2021-02-11,Modoc,49,8938,332,317,113,430,3
2021-02-11,Mono,51,14174,1154,1173,13,1186,3
2021-02-11,Monterey,53,433212,41091,40469,1648,42117,295
2021-02-11,Napa,55,140530,8831,8777,32,8809,55
2021-02-11,Nevada,57,99092,3836,3720,153,3873,47
2021-02-11,Orange,59,3164182,242724,240590,10247,250837,3476
2021-02-11,Placer,61,380077,20007,19118,1103,20221,224
2021-02-11,Plumas,63,18699,633,592,11,603,4
2021-02-11,Riverside,65,2383286,279100,274313,13896,288209,3394
2021-02-11,Sacramento,67,1510023,91637,89988,1201,91189,1286
2021-02-11,San Benito,69,59416,5631,5609,86,5695,56
2021-02-11,San Bernardino,71,2135413,282461,276349,8428,284777,2774
2021-02-11,San Diego,73,3302833,258072,249971,0,249971,2955
2021-02-11,San Francisco,75,870044,33283,33076,1062,34138,356
2021-02-11,San Joaquin,77,732212,65119,63719,2780,66499,971
2021-02-11,San Luis Obispo,79,281455,18986,18615,544,19159,219
2021-02-11,San Mateo,81,765935,38590,37439,388,37827,253
2021-02-11,Santa Barbara,83,443738,31291,30375,1113,31488,370
2021-02-11,Santa Clara,85,1922200,106934,106392,539,106931,1507
2021-02-11,Santa Cruz,87,273765,14999,14088,810,14898,165
2021-02-11,Shasta,89,179085,10695,10672,1200,11872,140
2021-02-11,Sierra,91,2930,47,45,14,59,0
2021-02-11,Siskiyou,93,43540,1399,1320,236,1556,4
2021-02-11,Solano,95,438530,29250,28885,347,29232,138
2021-02-11,Sonoma,97,501317,27160,26971,162,27133,272
2021-02-11,Stanislaus,99,539301,48988,48205,5344,53549,697
2021-02-11,Sutter,101,95872,8637,8590,82,8672,93
2021-02-11,Tehama,103,63373,4487,4463,506,4969,26
2021-02-11,Trinity,105,12862,335,269,38,307,3
2021-02-11,Tulare,107,460477,46744,45897,7934,53831,706
2021-02-11,Tuolumne,109,53932,3757,3716,30,3746,48
2021-02-11,Ventura,111,848112,75549,74959,2790,77749,590
2021-02-11,Yolo,113,214977,12571,12303,208,12511,173
2021-02-11,Yuba,115,75493,5345,5261,82,5343,38
2021-02-10,Alameda,1,1643700,78421,77344,1745,79089,944
2021-02-10,Alpine,3,1148,78,76,0,76,0
2021-02-10,Amador,5,37829,3400,3348,31,3379,35
2021-02-10,Butte,7,227075,10983,10594,1634,12228,155
2021-02-10,Calaveras,9,45235,1869,1850,12,1862,21
2021-02-10,Colusa,11,21464,1837,1815,251,2066,10
2021-02-10,Contra Costa,13,1133247,60997,59488,1077,60565,590
2021-02-10,Del Norte,15,27424,911,888,0,888,2
2021-02-10,El Dorado,17,186661,8851,8682,618,9300,87
2021-02-10,Fresno,19,978130,93396,91876,7613,99489,1247
2021-02-10,Glenn,21,27897,2189,2160,488,2648,14
2021-02-10,Humboldt,23,135768,2978,2924,18,2942,29
2021-02-10,Imperial,25,180216,26899,26522,2558,29080,578
2021-02-10,Inyo,27,18085,1194,1138,1,1139,30
2021-02-10,Kern,29,883053,90941,88933,9616,98549,926
2021-02-10,Kings,31,150075,21653,21294,1012,22306,197
2021-02-10,Lake,33,64148,3052,2975,1,2976,36
2021-02-10,Lassen,35,31185,5041,4993,92,5085,1
2021-02-10,Los Angeles,37,10098052,1151790,1125437,40222,1165659,18338
2021-02-10,Madera,39,155013,15155,14925,788,15713,105
2021-02-10,Marin,41,260295,12790,12651,156,12807,199
2021-02-10,Mariposa,43,17540,370,360,4,364,4
2021-02-10,Mendocino,45,87422,3543,3395,65,3460,38
2021-02-10,Merced,47,269075,27478,27246,813,28059,359
2021-02-10,Modoc,49,8938,331,315,111,426,3
2021-02-10,Mono,51,14174,1150,1170,13,1183,3
2021-02-10,Monterey,53,433212,41012,40366,1634,42000,288
2021-02-10,Napa,55,140530,8812,8769,32,8801,55
2021-02-10,Nevada,57,99092,3821,3693,151,3844,47
2021-02-10,Orange,59,3164182,242306,239974,10214,250188,3439
2021-02-10,Placer,61,380077,19967,19062,1098,20160,220
2021-02-10,Plumas,63,18699,630,589,11,600,2
2021-02-10,Riverside,65,2383286,278689,273721,13885,287606,3374
2021-02-10,Sacramento,67,1510023,91390,89653,1196,90849,1275
2021-02-10,San Benito,69,59416,5617,5591,86,5677,55
2021-02-10,San Bernardino,71,2135413,282102,275616,8410,284026,2696
2021-02-10,San Diego,73,3302833,257491,248858,0,248858,2904
2021-02-10,San Francisco,75,870044,33201,32955,1059,34014,351
2021-02-10,San Joaquin,77,732212,64978,63484,2766,66250,954
2021-02-10,San Luis Obispo,79,281455,18907,18549,542,19091,216
2021-02-10,San Mateo,81,765935,38499,37323,388,37711,245
2021-02-10,Santa Barbara,83,443738,31202,30216,1108,31324,359
2021-02-10,Santa Clara,85,1922200,106696,106048,536,106584,1489
2021-02-10,Santa Cruz,87,273765,14964,14007,807,14814,165
2021-02-10,Shasta,89,179085,10671,10645,1197,11842,142
2021-02-10,Sierra,91,2930,47,45,14,59,0
2021-02-10,Siskiyou,93,43540,1394,1314,235,1549,4
2021-02-10,Solano,95,438530,29175,28835,345,29180,137
2021-02-10,Sonoma,97,501317,27069,26881,160,27041,271
2021-02-10,Stanislaus,99,539301,48874,48016,5326,53342,696
2021-02-10,Sutter,101,95872,8620,8571,82,8653,93
2021-02-10,Tehama,103,63373,4479,4445,506,4951,23
2021-02-10,Trinity,105,12862,333,268,38,306,3
2021-02-10,Tulare,107,460477,46629,45782,7894,53676,696
2021-02-10,Tuolumne,109,53932,3749,3691,30,3721,48
2021-02-10,Ventura,111,848112,75323,74651,2772,77423,580
2021-02-10,Yolo,113,214977,12545,12276,207,12483,174
2021-02-10,Yuba,115,75493,5327,5241,82,5323,38
2021-02-09,Alameda,1,1643700,78155,77018,1742,78760,936
2021-02-09,Alpine,3,1148,78,76,0,76,0
2021-02-09,Amador,5,37829,3392,3347,31,3378,35
2021-02-09,Butte,7,227075,10956,10563,1632,12195,153
2021-02-09,Calaveras,9,45235,1862,1847,12,1859,21
2021-02-09,Colusa,11,21464,1828,1812,246,2058,10
2021-02-09,Contra Costa,13,1133247,60809,59307,1071,60378,583
2021-02-09,Del Norte,15,27424,905,886,0,886,2
2021-02-09,El Dorado,17,186661,8826,8663,617,9280,87
2021-02-09,Fresno,19,978130,93161,91730,7579,99309,1211
2021-02-09,Glenn,21,27897,2185,2156,487,2643,14
2021-02-09,Humboldt,23,135768,2970,2904,18,2922,29
2021-02-09,Imperial,25,180216,26871,26509,2555,29064,568
2021-02-09,Inyo,27,18085,1186,1137,1,1138,30
2021-02-09,Kern,29,883053,90694,88684,9568,98252,920
2021-02-09,Kings,31,150075,21612,21275,1010,22285,196
2021-02-09,Lake,33,64148,3040,2955,1,2956,36
2021-02-09,Lassen,35,31185,5034,4983,92,5075,1
2021-02-09,Los Angeles,37,10098052,1149830,1122745,40131,1162876,18198
2021-02-09,Madera,39,155013,15135,14912,785,15697,105
2021-02-09,Marin,41,260295,12758,12623,155,12778,197
2021-02-09,Mariposa,43,17540,368,355,4,359,4
2021-02-09,Mendocino,45,87422,3525,3369,65,3434,38
2021-02-09,Merced,47,269075,27380,27166,808,27974,354
2021-02-09,Modoc,49,8938,330,316,111,427,3
2021-02-09,Mono,51,14174,1149,1167,13,1180,3
2021-02-09,Monterey,53,433212,40903,40279,1623,41902,285
2021-02-09,Napa,55,140530,8799,8749,32,8781,55
2021-02-09,Nevada,57,99092,3805,3687,151,3838,44
2021-02-09,Orange,59,3164182,241889,239169,10181,249350,3406
2021-02-09,Placer,61,380077,19904,19008,1090,20098,220
2021-02-09,Plumas,63,18699,630,584,11,595,2
2021-02-09,Riverside,65,2383286,278203,273465,13870,287335,3334
2021-02-09,Sacramento,67,1510023,91080,89378,1193,90571,1265
2021-02-09,San Benito,69,59416,5605,5566,85,5651,54
2021-02-09,San Bernardino,71,2135413,281732,274998,8396,283394,2613
2021-02-09,San Diego,73,3302833,256835,248048,0,248048,2853
2021-02-09,San Francisco,75,870044,33122,32782,1049,33831,349
2021-02-09,San Joaquin,77,732212,64804,63341,2761,66102,937
2021-02-09,San Luis Obispo,79,281455,18848,18489,541,19030,216
2021-02-09,San Mateo,81,765935,38369,37227,387,37614,235
2021-02-09,Santa Barbara,83,443738,31092,30118,1101,31219,351
2021-02-09,Santa Clara,85,1922200,106389,105762,533,106295,1463
2021-02-09,Santa Cruz,87,273765,14914,13958,802,14760,162
2021-02-09,Shasta,89,179085,10645,10595,1195,11790,139
2021-02-09,Sierra,91,2930,47,44,14,58,0
2021-02-09,Siskiyou,93,43540,1387,1306,232,1538,4
2021-02-09,Solano,95,438530,29099,28769,341,29110,131
2021-02-09,Sonoma,97,501317,26977,26826,158,26984,267
2021-02-09,Stanislaus,99,539301,48713,47906,5309,53215,679
2021-02-09,Sutter,101,95872,8603,8541,82,8623,92
2021-02-09,Tehama,103,63373,4472,4416,504,4920,22
2021-02-09,Trinity,105,12862,333,266,38,304,3
2021-02-09,Tulare,107,460477,46499,45704,7835,53539,686
2021-02-09,Tuolumne,109,53932,3729,3673,30,3703,48
2021-02-09,Ventura,111,848112,75074,74333,2764,77097,567
2021-02-09,Yolo,113,214977,12502,12220,206,12426,174
2021-02-09,Yuba,115,75493,5318,5235,82,5317,35
2021-02-08,Alameda,1,1643700,77888,76735,1737,78472,924
2021-02-08,Alpine,3,1148,78,73,0,73,0
2021-02-08,Amador,5,37829,3385,3344,30,3374,33
2021-02-08,Butte,7,227075,10933,10524,1629,12153,152
2021-02-08,Calaveras,9,45235,1857,1840,12,1852,21
2021-02-08,Colusa,11,21464,1820,1802,242,2044,10
2021-02-08,Contra Costa,13,1133247,60601,59039,1069,60108,567
2021-02-08,Del Norte,15,27424,902,885,0,885,2
2021-02-08,El Dorado,17,186661,8795,8627,615,9242,86
2021-02-08,Fresno,19,978130,92949,91430,7552,98982,1207
2021-02-08,Glenn,21,27897,2178,2148,485,2633,14
2021-02-08,Humboldt,23,135768,2962,2902,18,2920,29
2021-02-08,Imperial,25,180216,26852,26526,2553,29079,567
2021-02-08,Inyo,27,18085,1173,1126,1,1127,30
2021-02-08,Kern,29,883053,90479,88380,9509,97889,920
2021-02-08,Kings,31,150075,21550,21232,1007,22239,195
2021-02-08,Lake,33,64148,3021,2949,1,2950,36
2021-02-08,Lassen,35,31185,5021,4976,92,5068,1
2021-02-08,Los Angeles,37,10098052,1147743,1120179,40008,1160187,17977
2021-02-08,Madera,39,155013,15099,14887,778,15665,93
2021-02-08,Marin,41,260295,12729,12591,155,12746,194
2021-02-08,Mariposa,43,17540,368,355,4,359,4
2021-02-08,Mendocino,45,87422,3511,3355,65,3420,38
2021-02-08,Merced,47,269075,27294,27082,803,27885,346
2021-02-08,Modoc,49,8938,328,318,111,429,3
2021-02-08,Mono,51,14174,1149,1165,13,1178,3
2021-02-08,Monterey,53,433212,40780,40186,1604,41790,283
2021-02-08,Napa,55,140530,8784,8719,32,8751,55
2021-02-08,Nevada,57,99092,3793,3671,151,3822,44
2021-02-08,Orange,59,3164182,241422,238715,10156,248871,3361
2021-02-08,Placer,61,380077,19861,18944,1083,20027,211
2021-02-08,Plumas,63,18699,629,584,11,595,2
2021-02-08,Riverside,65,2383286,277644,272904,13846,286750,3301
2021-02-08,Sacramento,67,1510023,90791,89267,1190,90457,1247
2021-02-08,San Benito,69,59416,5600,5553,84,5637,52
2021-02-08,San Bernardino,71,2135413,281332,274661,8390,283051,2587
2021-02-08,San Diego,73,3302833,256093,247259,0,247259,2821
2021-02-08,San Francisco,75,870044,33027,32679,1041,33720,348
2021-02-08,San Joaquin,77,732212,64643,63148,2751,65899,929
2021-02-08,San Luis Obispo,79,281455,18791,18421,536,18957,214
2021-02-08,San Mateo,81,765935,38264,37084,387,37471,232
2021-02-08,Santa Barbara,83,443738,30979,29978,1094,31072,340
2021-02-08,Santa Clara,85,1922200,106064,105413,526,105939,1456
2021-02-08,Santa Cruz,87,273765,14875,13921,795,14716,161
2021-02-08,Shasta,89,179085,10619,10574,1189,11763,137
2021-02-08,Sierra,91,2930,47,44,14,58,0
2021-02-08,Siskiyou,93,43540,1384,1303,232,1535,4
2021-02-08,Solano,95,438530,29036,28644,339,28983,130
2021-02-08,Sonoma,97,501317,26889,26760,157,26917,259
2021-02-08,Stanislaus,99,539301,48562,47704,5280,52984,679
2021-02-08,Sutter,101,95872,8584,8526,82,8608,92
2021-02-08,Tehama,103,63373,4457,4403,502,4905,22
2021-02-08,Trinity,105,12862,331,266,38,304,3
2021-02-08,Tulare,107,460477,46393,45617,7794,53411,673
2021-02-08,Tuolumne,109,53932,3721,3647,30,3677,48
2021-02-08,Ventura,111,848112,74817,74068,2758,76826,565
2021-02-08,Yolo,113,214977,12470,12169,206,12375,162
2021-02-08,Yuba,115,75493,5302,5215,82,5297,35
2021-02-07,Alameda,1,1643700,77586,76500,1728,78228,924
2021-02-07,Alpine,3,1148,75,72,0,72,0
2021-02-07,Amador,5,37829,3364,3343,30,3373,33
2021-02-07,Butte,7,227075,10900,10513,1619,12132,152
2021-02-07,Calaveras,9,45235,1849,1837,12,1849,21
2021-02-07,Colusa,11,21464,1809,1795,240,2035,10
2021-02-07,Contra Costa,13,1133247,60365,58836,1063,59899,566
2021-02-07,Del Norte,15,27424,898,881,0,881,2
2021-02-07,El Dorado,17,186661,8766,8596,613,9209,86
2021-02-07,Fresno,19,978130,92725,91184,7512,98696,1207
2021-02-07,Glenn,21,27897,2174,2141,481,2622,14
2021-02-07,Humboldt,23,135768,2942,2895,18,2913,28
2021-02-07,Imperial,25,180216,26826,26518,2546,29064,567
2021-02-07,Inyo,27,18085,1162,1124,1,1125,27
2021-02-07,Kern,29,883053,90236,88146,9452,97598,920
2021-02-07,Kings,31,150075,21490,21180,1004,22184,192
2021-02-07,Lake,33,64148,3005,2940,1,2941,36
2021-02-07,Lassen,35,31185,5010,4973,92,5065,1
2021-02-07,Los Angeles,37,10098052,1145001,1117551,39875,1157426,17889
2021-02-07,Madera,39,155013,15065,14850,774,15624,93
2021-02-07,Marin,41,260295,12695,12571,153,12724,194
2021-02-07,Mariposa,43,17540,367,355,4,359,4
2021-02-07,Mendocino,45,87422,3494,3348,65,3413,38
2021-02-07,Merced,47,269075,27183,26977,791,27768,346
2021-02-07,Modoc,49,8938,328,317,107,424,3
2021-02-07,Mono,51,14174,1146,1165,13,1178,3
2021-02-07,Monterey,53,433212,40644,40113,1583,41696,283
2021-02-07,Napa,55,140530,8761,8701,32,8733,55
2021-02-07,Nevada,57,99092,3782,3643,151,3794,44
2021-02-07,Orange,59,3164182,240826,238155,10124,248279,3336
2021-02-07,Placer,61,380077,19814,18903,1070,19973,211
2021-02-07,Plumas,63,18699,629,584,11,595,2
2021-02-07,Riverside,65,2383286,277132,272301,13824,286125,3267
2021-02-07,Sacramento,67,1510023,90457,88919,1181,90100,1246
2021-02-07,San Benito,69,59416,5581,5548,83,5631,52
2021-02-07,San Bernardino,71,2135413,280751,274316,8367,282683,2587
2021-02-07,San Diego,73,3302833,255307,246561,0,246561,2821
2021-02-07,San Francisco,75,870044,32907,32609,1029,33638,348
2021-02-07,San Joaquin,77,732212,64372,63051,2735,65786,929
2021-02-07,San Luis Obispo,79,281455,18719,18349,529,18878,214
2021-02-07,San Mateo,81,765935,38130,36984,385,37369,232
2021-02-07,Santa Barbara,83,443738,30843,29815,1083,30898,340
2021-02-07,Santa Clara,85,1922200,105724,105118,516,105634,1450
2021-02-07,Santa Cruz,87,273765,14822,13887,791,14678,161
2021-02-07,Shasta,89,179085,10599,10570,1181,11751,137
2021-02-07,Sierra,91,2930,47,43,14,57,0
2021-02-07,Siskiyou,93,43540,1377,1295,230,1525,4
2021-02-07,Solano,95,438530,28926,28567,338,28905,130
2021-02-07,Sonoma,97,501317,26784,26684,153,26837,257
2021-02-07,Stanislaus,99,539301,48372,47551,5248,52799,679
2021-02-07,Sutter,101,95872,8557,8515,82,8597,92
2021-02-07,Tehama,103,63373,4443,4396,500,4896,22
2021-02-07,Trinity,105,12862,328,264,36,300,3
2021-02-07,Tulare,107,460477,46272,45520,7714,53234,671
2021-02-07,Tuolumne,109,53932,3697,3619,29,3648,48
2021-02-07,Ventura,111,848112,74509,73759,2745,76504,561
2021-02-07,Yolo,113,214977,12425,12135,206,12341,162
2021-02-07,Yuba,115,75493,5287,5198,80,5278,35
2021-02-06,Alameda,1,1643700,77427,76170,1717,77887,922
2021-02-06,Alpine,3,1148,75,72,0,72,0
2021-02-06,Amador,5,37829,3358,3306,30,3336,33
2021-02-06,Butte,7,227075,10883,10480,1615,12095,150
2021-02-06,Calaveras,9,45235,1847,1832,12,1844,21
2021-02-06,Colusa,11,21464,1807,1791,239,2030,10
2021-02-06,Contra Costa,13,1133247,60219,58567,1057,59624,566
2021-02-06,Del Norte,15,27424,894,879,0,879,2
2021-02-06,El Dorado,17,186661,8759,8575,609,9184,86
2021-02-06,Fresno,19,978130,92615,90944,7490,98434,1207
2021-02-06,Glenn,21,27897,2173,2136,479,2615,14
2021-02-06,Humboldt,23,135768,2931,2880,18,2898,28
2021-02-06,Imperial,25,180216,26816,26514,2545,29059,567
2021-02-06,Inyo,27,18085,1159,1113,1,1114,27
2021-02-06,Kern,29,883053,90086,87919,9405,97324,912
2021-02-06,Kings,31,150075,21460,21156,1004,22160,190
2021-02-06,Lake,33,64148,3000,2920,1,2921,34
2021-02-06,Lassen,35,31185,5006,4964,91,5055,1
2021-02-06,Los Angeles,37,10098052,1143650,1114718,39774,1154492,17793
2021-02-06,Madera,39,155013,15044,14807,772,15579,93
2021-02-06,Marin,41,260295,12676,12531,152,12683,194
2021-02-06,Mariposa,43,17540,366,355,3,358,4
2021-02-06,Mendocino,45,87422,3476,3316,64,3380,38
2021-02-06,Merced,47,269075,27099,26881,783,27664,346
2021-02-06,Modoc,49,8938,328,313,107,420,3
2021-02-06,Mono,51,14174,1145,1159,13,1172,3
2021-02-06,Monterey,53,433212,40588,39995,1575,41570,282
2021-02-06,Napa,55,140530,8748,8639,32,8671,55
2021-02-06,Nevada,57,99092,3770,3624,151,3775,43
2021-02-06,Orange,59,3164182,240468,237391,10088,247479,3293
2021-02-06,Placer,61,380077,19777,18836,1067,19903,211
2021-02-06,Plumas,63,18699,629,584,11,595,2
2021-02-06,Riverside,65,2383286,276773,271741,13805,285546,3243
2021-02-06,Sacramento,67,1510023,90239,88532,1172,89704,1237
2021-02-06,San Benito,69,59416,5563,5516,83,5599,52
2021-02-06,San Bernardino,71,2135413,280448,273718,8344,282062,2564
2021-02-06,San Diego,73,3302833,254811,245331,0,245331,2812
2021-02-06,San Francisco,75,870044,32836,32437,1018,33455,346
2021-02-06,San Joaquin,77,732212,64295,62840,2722,65562,906
2021-02-06,San Luis Obispo,79,281455,18677,18284,525,18809,214
2021-02-06,San Mateo,81,765935,38062,36824,382,37206,232
2021-02-06,Santa Barbara,83,443738,30769,29645,1081,30726,337
2021-02-06,Santa Clara,85,1922200,105504,104639,511,105150,1439
2021-02-06,Santa Cruz,87,273765,14791,13845,787,14632,161
2021-02-06,Shasta,89,179085,10588,10561,1179,11740,137
2021-02-06,Sierra,91,2930,47,43,14,57,0
2021-02-06,Siskiyou,93,43540,1374,1289,229,1518,4
2021-02-06,Solano,95,438530,28890,28446,337,28783,129
2021-02-06,Sonoma,97,501317,26748,26564,151,26715,257
2021-02-06,Stanislaus,99,539301,48274,47325,5232,52557,679
2021-02-06,Sutter,101,95872,8549,8485,82,8567,92
2021-02-06,Tehama,103,63373,4436,4380,498,4878,22
2021-02-06,Trinity,105,12862,328,263,36,299,3
2021-02-06,Tulare,107,460477,46207,45349,7664,53013,664
2021-02-06,Tuolumne,109,53932,3690,3612,29,3641,48
2021-02-06,Ventura,111,848112,74329,73431,2739,76170,552
2021-02-06,Yolo,113,214977,12402,12061,206,12267,161
2021-02-06,Yuba,115,75493,5279,5177,79,5256,35
2021-02-05,Alameda,1,1643700,77200,75716,1714,77430,916
2021-02-05,Alpine,3,1148,75,72,0,72,0
2021-02-05,Amador,5,37829,3353,3299,29,3328,33
2021-02-05,Butte,7,227075,10865,10421,1609,12030,150
2021-02-05,Calaveras,9,45235,1842,1818,12,1830,21
2021-02-05,Colusa,11,21464,1803,1785,239,2024,10
2021-02-05,Contra Costa,13,1133247,60058,58195,1055,59250,560
2021-02-05,Del Norte,15,27424,893,874,0,874,2
2021-02-05,El Dorado,17,186661,8739,8527,607,9134,86
2021-02-05,Fresno,19,978130,92412,90513,7469,97982,1194
2021-02-05,Glenn,21,27897,2167,2122,474,2596,14
2021-02-05,Humboldt,23,135768,2921,2857,18,2875,28
2021-02-05,Imperial,25,180216,26797,26474,2545,29019,557
2021-02-05,Inyo,27,18085,1155,1104,1,1105,27
2021-02-05,Kern,29,883053,89919,87470,9337,96807,906
2021-02-05,Kings,31,150075,21423,21021,1000,22021,190
2021-02-05,Lake,33,64148,2988,2906,1,2907,33
2021-02-05,Lassen,35,31185,5002,4936,91,5027,1
2021-02-05,Los Angeles,37,10098052,1141560,1110384,39632,1150016,17608
2021-02-05,Madera,39,155013,15010,14752,767,15519,95
2021-02-05,Marin,41,260295,12641,12479,152,12631,193
2021-02-05,Mariposa,43,17540,366,352,3,355,4
2021-02-05,Mendocino,45,87422,3462,3272,64,3336,38
2021-02-05,Merced,47,269075,27040,26760,782,27542,345
2021-02-05,Modoc,49,8938,328,312,107,419,3
2021-02-05,Mono,51,14174,1144,1157,13,1170,3
2021-02-05,Monterey,53,433212,40524,39840,1564,41404,281
2021-02-05,Napa,55,140530,8734,8598,32,8630,55
2021-02-05,Nevada,57,99092,3767,3607,151,3758,43
2021-02-05,Orange,59,3164182,240048,236335,10059,246394,3260
2021-02-05,Placer,61,380077,19742,18756,1065,19821,211
2021-02-05,Plumas,63,18699,627,578,11,589,2
2021-02-05,Riverside,65,2383286,276367,270666,13786,284452,3235
2021-02-05,Sacramento,67,1510023,90060,87992,1165,89157,1231
2021-02-05,San Benito,69,59416,5552,5502,83,5585,51
2021-02-05,San Bernardino,71,2135413,280112,272938,8326,281264,2495
2021-02-05,San Diego,73,3302833,254235,244066,0,244066,2777
2021-02-05,San Francisco,75,870044,32747,32229,1006,33235,337
2021-02-05,San Joaquin,77,732212,64147,62565,2714,65279,902
2021-02-05,San Luis Obispo,79,281455,18616,18152,521,18673,213
2021-02-05,San Mateo,81,765935,37978,36582,381,36963,227
2021-02-05,Santa Barbara,83,443738,30676,29455,1066,30521,334
2021-02-05,Santa Clara,85,1922200,105254,104112,509,104621,1421
2021-02-05,Santa Cruz,87,273765,14770,13776,785,14561,161
2021-02-05,Shasta,89,179085,10572,10507,1172,11679,136
2021-02-05,Sierra,91,2930,47,42,14,56,0
2021-02-05,Siskiyou,93,43540,1367,1276,227,1503,4
2021-02-05,Solano,95,438530,28840,28283,337,28620,127
2021-02-05,Sonoma,97,501317,26680,26423,148,26571,252
2021-02-05,Stanislaus,99,539301,48132,47024,5214,52238,678
2021-02-05,Sutter,101,95872,8529,8443,82,8525,92
2021-02-05,Tehama,103,63373,4428,4355,498,4853,22
2021-02-05,Trinity,105,12862,327,260,36,296,3
2021-02-05,Tulare,107,460477,46131,45138,7613,52751,663
2021-02-05,Tuolumne,109,53932,3664,3595,29,3624,45
2021-02-05,Ventura,111,848112,74085,72953,2728,75681,546
2021-02-05,Yolo,113,214977,12383,12025,201,12226,162
2021-02-05,Yuba,115,75493,5262,5145,79,5224,35
2021-02-04,Alameda,1,1643700,76915,75422,1708,77130,899
2021-02-04,Alpine,3,1148,74,72,0,72,0
2021-02-04,Amador,5,37829,3350,3288,29,3317,33
2021-02-04,Butte,7,227075,10833,10386,1599,11985,147
2021-02-04,Calaveras,9,45235,1842,1808,12,1820,21
2021-02-04,Colusa,11,21464,1799,1777,237,2014,10
2021-02-04,Contra Costa,13,1133247,59868,57991,1051,59042,550
2021-02-04,Del Norte,15,27424,887,870,0,870,2
2021-02-04,El Dorado,17,186661,8713,8490,604,9094,86
2021-02-04,Fresno,19,978130,92199,90126,7441,97567,1114
2021-02-04,Glenn,21,27897,2163,2102,474,2576,14
2021-02-04,Humboldt,23,135768,2911,2827,18,2845,28
2021-02-04,Imperial,25,180216,26751,26411,2542,28953,556
2021-02-04,Inyo,27,18085,1143,1084,1,1085,27
2021-02-04,Kern,29,883053,89648,87156,9258,96414,898
2021-02-04,Kings,31,150075,21373,20918,992,21910,187
2021-02-04,Lake,33,64148,2976,2882,1,2883,34
2021-02-04,Lassen,35,31185,4999,4927,91,5018,1
2021-02-04,Los Angeles,37,10098052,1138774,1106323,39500,1145823,17396
2021-02-04,Madera,39,155013,14981,14706,763,15469,95
2021-02-04,Marin,41,260295,12606,12431,152,12583,192
2021-02-04,Mariposa,43,17540,366,348,3,351,4
2021-02-04,Mendocino,45,87422,3444,3240,62,3302,38
2021-02-04,Merced,47,269075,26947,26629,779,27408,345
2021-02-04,Modoc,49,8938,328,309,107,416,3
2021-02-04,Mono,51,14174,1142,1153,13,1166,3
2021-02-04,Monterey,53,433212,40416,39619,1546,41165,279
2021-02-04,Napa,55,140530,8705,8573,32,8605,55
2021-02-04,Nevada,57,99092,3747,3590,150,3740,37
2021-02-04,Orange,59,3164182,239406,235677,10018,245695,3238
2021-02-04,Placer,61,380077,19682,18711,1056,19767,210
2021-02-04,Plumas,63,18699,624,562,11,573,2
2021-02-04,Riverside,65,2383286,275628,269851,13746,283597,3230
2021-02-04,Sacramento,67,1510023,89757,87658,1153,88811,1222
2021-02-04,San Benito,69,59416,5538,5488,82,5570,51
2021-02-04,San Bernardino,71,2135413,279567,272223,8306,280529,2409
2021-02-04,San Diego,73,3302833,253447,242613,0,242613,2738
2021-02-04,San Francisco,75,870044,32634,32116,996,33112,326
2021-02-04,San Joaquin,77,732212,63921,62374,2706,65080,883
2021-02-04,San Luis Obispo,79,281455,18550,18058,518,18576,211
2021-02-04,San Mateo,81,765935,37856,36437,378,36815,226
2021-02-04,Santa Barbara,83,443738,30544,29344,1047,30391,322
2021-02-04,Santa Clara,85,1922200,104906,103781,506,104287,1404
2021-02-04,Santa Cruz,87,273765,14737,13713,777,14490,156
2021-02-04,Shasta,89,179085,10545,10466,1167,11633,131
2021-02-04,Sierra,91,2930,47,42,14,56,0
2021-02-04,Siskiyou,93,43540,1358,1273,227,1500,4
2021-02-04,Solano,95,438530,28737,28192,336,28528,120
2021-02-04,Sonoma,97,501317,26598,26276,144,26420,249
2021-02-04,Stanislaus,99,539301,47972,46822,5192,52014,678
2021-02-04,Sutter,101,95872,8509,8401,82,8483,92
2021-02-04,Tehama,103,63373,4412,4327,498,4825,21
2021-02-04,Trinity,105,12862,326,260,35,295,3
2021-02-04,Tulare,107,460477,46007,44983,7546,52529,656
2021-02-04,Tuolumne,109,53932,3624,3585,29,3614,45
2021-02-04,Ventura,111,848112,73753,72595,2715,75310,537
2021-02-04,Yolo,113,214977,12349,11982,200,12182,161
2021-02-04,Yuba,115,75493,5236,5135,79,5214,34
2021-02-03,Alameda,1,1643700,76579,74968,1704,76672,880
2021-02-03,Alpine,3,1148,74,72,0,72,0
2021-02-03,Amador,5,37829,3346,3281,29,3310,33
2021-02-03,Butte,7,227075,10797,10355,1592,11947,144
2021-02-03,Calaveras,9,45235,1832,1799,11,1810,21
2021-02-03,Colusa,11,21464,1794,1773,236,2009,10
2021-02-03,Contra Costa,13,1133247,59629,57762,1039,58801,537
2021-02-03,Del Norte,15,27424,882,869,0,869,2
2021-02-03,El Dorado,17,186661,8693,8428,603,9031,86
2021-02-03,Fresno,19,978130,91982,89748,7401,97149,1015
2021-02-03,Glenn,21,27897,2154,2098,472,2570,14
2021-02-03,Humboldt,23,135768,2901,2800,18,2818,27
2021-02-03,Imperial,25,180216,26717,26363,2536,28899,547
2021-02-03,Inyo,27,18085,1133,1071,1,1072,27
2021-02-03,Kern,29,883053,89407,86771,9217,95988,877
2021-02-03,Kings,31,150075,21314,20831,988,21819,172
2021-02-03,Lake,33,64148,2960,2869,1,2870,33
2021-02-03,Lassen,35,31185,4988,4910,91,5001,1
2021-02-03,Los Angeles,37,10098052,1135711,1101890,39367,1141257,17163
2021-02-03,Madera,39,155013,14943,14605,761,15366,94
2021-02-03,Marin,41,260295,12572,12406,152,12558,190
2021-02-03,Mariposa,43,17540,365,347,3,350,4
2021-02-03,Mendocino,45,87422,3418,3236,61,3297,38
2021-02-03,Merced,47,269075,26832,26520,774,27294,343
2021-02-03,Modoc,49,8938,327,308,107,415,3
2021-02-03,Mono,51,14174,1135,1146,13,1159,3
2021-02-03,Monterey,53,433212,40289,39500,1528,41028,279
2021-02-03,Napa,55,140530,8670,8534,32,8566,54
2021-02-03,Nevada,57,99092,3733,3572,150,3722,35
2021-02-03,Orange,59,3164182,238660,234738,9986,244724,3189
2021-02-03,Placer,61,380077,19626,18646,1054,19700,210
2021-02-03,Plumas,63,18699,624,559,11,570,2
2021-02-03,Riverside,65,2383286,274903,269019,13714,282733,3195
2021-02-03,Sacramento,67,1510023,89434,87415,1148,88563,1212
2021-02-03,San Benito,69,59416,5520,5463,79,5542,51
2021-02-03,San Bernardino,71,2135413,279086,271477,8281,279758,2308
2021-02-03,San Diego,73,3302833,252546,241015,0,241015,2683
2021-02-03,San Francisco,75,870044,32505,31983,991,32974,325
2021-02-03,San Joaquin,77,732212,63696,61976,2695,64671,880
2021-02-03,San Luis Obispo,79,281455,18473,17922,515,18437,206
2021-02-03,San Mateo,81,765935,37717,36227,374,36601,225
2021-02-03,Santa Barbara,83,443738,30398,29121,1037,30158,315
2021-02-03,Santa Clara,85,1922200,104591,103278,502,103780,1364
2021-02-03,Santa Cruz,87,273765,14683,13611,769,14380,154
2021-02-03,Shasta,89,179085,10502,10422,1162,11584,130
2021-02-03,Sierra,91,2930,47,42,14,56,0
2021-02-03,Siskiyou,93,43540,1347,1268,226,1494,4
2021-02-03,Solano,95,438530,28615,28057,336,28393,119
2021-02-03,Sonoma,97,501317,26515,26155,143,26298,248
2021-02-03,Stanislaus,99,539301,47798,46598,5172,51770,662
2021-02-03,Sutter,101,95872,8484,8379,82,8461,90
2021-02-03,Tehama,103,63373,4390,4309,495,4804,21
2021-02-03,Trinity,105,12862,326,260,34,294,3
2021-02-03,Tulare,107,460477,45840,44838,7485,52323,640
2021-02-03,Tuolumne,109,53932,3613,3568,29,3597,45
2021-02-03,Ventura,111,848112,73418,72124,2703,74827,526
2021-02-03,Yolo,113,214977,12325,11933,199,12132,161
2021-02-03,Yuba,115,75493,5218,5124,79,5203,34
2021-02-02,Alameda,1,1643700,76232,74642,1690,76332,869
2021-02-02,Alpine,3,1148,74,72,0,72,0
2021-02-02,Amador,5,37829,3315,3275,29,3304,33
2021-02-02,Butte,7,227075,10770,10307,1584,11891,141
2021-02-02,Calaveras,9,45235,1824,1786,11,1797,21
2021-02-02,Colusa,11,21464,1786,1769,231,2000,9
2021-02-02,Contra Costa,13,1133247,59349,57551,1034,58585,536
2021-02-02,Del Norte,15,27424,876,868,0,868,2
2021-02-02,El Dorado,17,186661,8653,8405,603,9008,84
2021-02-02,Fresno,19,978130,91681,89542,7366,96908,1009
2021-02-02,Glenn,21,27897,2143,2090,468,2558,14
2021-02-02,Humboldt,23,135768,2890,2784,18,2802,25
2021-02-02,Imperial,25,180216,26666,26317,2531,28848,535
2021-02-02,Inyo,27,18085,1130,1074,1,1075,27
2021-02-02,Kern,29,883053,89105,86485,9140,95625,867
2021-02-02,Kings,31,150075,21237,20785,979,21764,172
2021-02-02,Lake,33,64148,2940,2857,1,2858,33
2021-02-02,Lassen,35,31185,4981,4908,91,4999,1
2021-02-02,Los Angeles,37,10098052,1132346,1097573,39196,1136769,16913
2021-02-02,Madera,39,155013,14893,14595,756,15351,94
2021-02-02,Marin,41,260295,12543,12367,152,12519,189
2021-02-02,Mariposa,43,17540,362,345,3,348,4
2021-02-02,Mendocino,45,87422,3385,3210,61,3271,38
2021-02-02,Merced,47,269075,26735,26427,766,27193,340
2021-02-02,Modoc,49,8938,322,306,107,413,3
2021-02-02,Mono,51,14174,1133,1147,13,1160,3
2021-02-02,Monterey,53,433212,40153,39371,1514,40885,278
2021-02-02,Napa,55,140530,8641,8505,32,8537,53
2021-02-02,Nevada,57,99092,3718,3548,150,3698,20
2021-02-02,Orange,59,3164182,237862,233783,9950,243733,3152
2021-02-02,Placer,61,380077,19567,18615,1050,19665,205
2021-02-02,Plumas,63,18699,624,560,11,571,2
2021-02-02,Riverside,65,2383286,274070,267901,13680,281581,3169
2021-02-02,Sacramento,67,1510023,89142,87107,1137,88244,1202
2021-02-02,San Benito,69,59416,5507,5444,78,5522,50
2021-02-02,San Bernardino,71,2135413,278415,270486,8249,278735,2244
2021-02-02,San Diego,73,3302833,251509,240047,0,240047,2629
2021-02-02,San Francisco,75,870044,32349,31788,980,32768,324
2021-02-02,San Joaquin,77,732212,63478,61708,2680,64388,878
2021-02-02,San Luis Obispo,79,281455,18379,17811,513,18324,201
2021-02-02,San Mateo,81,765935,37550,36004,368,36372,225
2021-02-02,Santa Barbara,83,443738,30229,28951,1030,29981,304
2021-02-02,Santa Clara,85,1922200,104128,102872,497,103369,1349
2021-02-02,Santa Cruz,87,273765,14624,13572,765,14337,150
2021-02-02,Shasta,89,179085,10477,10371,1150,11521,128
2021-02-02,Sierra,91,2930,47,42,14,56,0
2021-02-02,Siskiyou,93,43540,1340,1252,223,1475,4
2021-02-02,Solano,95,438530,28519,27963,332,28295,118
2021-02-02,Sonoma,97,501317,26398,26054,143,26197,247
2021-02-02,Stanislaus,99,539301,47581,46306,5139,51445,641
2021-02-02,Sutter,101,95872,8461,8340,82,8422,89
2021-02-02,Tehama,103,63373,4377,4289,493,4782,21
2021-02-02,Trinity,105,12862,326,260,34,294,3
2021-02-02,Tulare,107,460477,45686,44720,7417,52137,625
2021-02-02,Tuolumne,109,53932,3601,3548,29,3577,39
2021-02-02,Ventura,111,848112,73000,71557,2693,74250,514
2021-02-02,Yolo,113,214977,12278,11886,192,12078,158
2021-02-02,Yuba,115,75493,5200,5111,79,5190,34
2021-02-01,Alameda,1,1643700,75876,74374,1684,76058,858
2021-02-01,Alpine,3,1148,74,72,0,72,0
2021-02-01,Amador,5,37829,3304,3234,29,3263,32
2021-02-01,Butte,7,227075,10728,10263,1580,11843,141
2021-02-01,Calaveras,9,45235,1805,1785,11,1796,21
2021-02-01,Colusa,11,21464,1781,1763,222,1985,9
2021-02-01,Contra Costa,13,1133247,59104,57324,1033,58357,531
2021-02-01,Del Norte,15,27424,872,865,0,865,2
2021-02-01,El Dorado,17,186661,8614,8337,603,8940,83
2021-02-01,Fresno,19,978130,91352,89272,7328,96600,994
2021-02-01,Glenn,21,27897,2128,2086,460,2546,14
2021-02-01,Humboldt,23,135768,2869,2773,17,2790,25
2021-02-01,Imperial,25,180216,26623,26224,2529,28753,530
2021-02-01,Inyo,27,18085,1120,1072,1,1073,27
2021-02-01,Kern,29,883053,88711,86170,9069,95239,862
2021-02-01,Kings,31,150075,21148,20746,970,21716,172
2021-02-01,Lake,33,64148,2924,2843,1,2844,33
2021-02-01,Lassen,35,31185,4961,4907,91,4998,1
2021-02-01,Los Angeles,37,10098052,1128539,1094341,39018,1133359,16695
2021-02-01,Madera,39,155013,14858,14572,753,15325,94
2021-02-01,Marin,41,260295,12505,12341,151,12492,188
2021-02-01,Mariposa,43,17540,360,344,3,347,4
2021-02-01,Mendocino,45,87422,3352,3192,61,3253,37
2021-02-01,Merced,47,269075,26609,26282,758,27040,337
2021-02-01,Modoc,49,8938,316,303,103,406,1
2021-02-01,Mono,51,14174,1130,1145,13,1158,3
2021-02-01,Monterey,53,433212,39973,39196,1492,40688,278
2021-02-01,Napa,55,140530,8609,8449,32,8481,52
2021-02-01,Nevada,57,99092,3701,3535,149,3684,20
2021-02-01,Orange,59,3164182,236953,233155,9904,243059,3100
2021-02-01,Placer,61,380077,19500,18574,1043,19617,204
2021-02-01,Plumas,63,18699,622,554,11,565,2
2021-02-01,Riverside,65,2383286,273164,267025,13641,280666,3092
2021-02-01,Sacramento,67,1510023,88745,86856,1125,87981,1193
2021-02-01,San Benito,69,59416,5489,5432,78,5510,48
2021-02-01,San Bernardino,71,2135413,277726,270012,8206,278218,2172
2021-02-01,San Diego,73,3302833,250287,239121,0,239121,2619
2021-02-01,San Francisco,75,870044,32217,31703,967,32670,324
2021-02-01,San Joaquin,77,732212,63274,61542,2669,64211,877
2021-02-01,San Luis Obispo,79,281455,18261,17690,505,18195,199
2021-02-01,San Mateo,81,765935,37402,35843,368,36211,220
2021-02-01,Santa Barbara,83,443738,30059,28837,1022,29859,297
2021-02-01,Santa Clara,85,1922200,103713,102462,497,102959,1343
2021-02-01,Santa Cruz,87,273765,14570,13524,763,14287,149
2021-02-01,Shasta,89,179085,10452,10329,1144,11473,112
2021-02-01,Sierra,91,2930,47,42,14,56,0
2021-02-01,Siskiyou,93,43540,1333,1238,220,1458,4
2021-02-01,Solano,95,438530,28414,27844,331,28175,117
2021-02-01,Sonoma,97,501317,26309,26011,142,26153,243
2021-02-01,Stanislaus,99,539301,47323,46112,5111,51223,642
2021-02-01,Sutter,101,95872,8421,8313,82,8395,89
2021-02-01,Tehama,103,63373,4353,4263,493,4756,21
2021-02-01,Trinity,105,12862,324,260,34,294,3
2021-02-01,Tulare,107,460477,45542,44569,7335,51904,618
2021-02-01,Tuolumne,109,53932,3593,3534,29,3563,39
2021-02-01,Ventura,111,848112,72593,71104,2677,73781,502
2021-02-01,Yolo,113,214977,12234,11824,184,12008,151
2021-02-01,Yuba,115,75493,5187,5084,78,5162,33
2021-01-31,Alameda,1,1643700,75447,73979,1676,75655,857
2021-01-31,Alpine,3,1148,74,72,0,72,0
2021-01-31,Amador,5,37829,3294,3212,27,3239,32
2021-01-31,Butte,7,227075,10687,10215,1568,11783,140
2021-01-31,Calaveras,9,45235,1784,1778,11,1789,21
2021-01-31,Colusa,11,21464,1774,1754,217,1971,9
2021-01-31,Contra Costa,13,1133247,58773,57079,1033,58112,531
2021-01-31,Del Norte,15,27424,870,865,0,865,2
2021-01-31,El Dorado,17,186661,8578,8317,600,8917,83
2021-01-31,Fresno,19,978130,91038,88852,7276,96128,994
2021-01-31,Glenn,21,27897,2117,2083,459,2542,14
2021-01-31,Humboldt,23,135768,2853,2767,17,2784,25
2021-01-31,Imperial,25,180216,26552,26206,2520,28726,530
2021-01-31,Inyo,27,18085,1107,1072,1,1073,27
2021-01-31,Kern,29,883053,88217,85872,8980,94852,861
2021-01-31,Kings,31,150075,21066,20709,957,21666,172
2021-01-31,Lake,33,64148,2903,2826,1,2827,33
2021-01-31,Lassen,35,31185,4945,4900,91,4991,1
2021-01-31,Los Angeles,37,10098052,1123940,1090304,38804,1129108,16609
2021-01-31,Madera,39,155013,14804,14496,745,15241,94
2021-01-31,Marin,41,260295,12458,12297,147,12444,185
2021-01-31,Mariposa,43,17540,358,344,3,347,4
2021-01-31,Mendocino,45,87422,3329,3181,60,3241,37
2021-01-31,Merced,47,269075,26466,26222,753,26975,337
2021-01-31,Modoc,49,8938,313,304,101,405,1
2021-01-31,Mono,51,14174,1127,1146,13,1159,3
2021-01-31,Monterey,53,433212,39794,39035,1464,40499,278
2021-01-31,Napa,55,140530,8567,8404,32,8436,52
2021-01-31,Nevada,57,99092,3679,3518,147,3665,20
2021-01-31,Orange,59,3164182,235944,232347,9863,242210,3053
2021-01-31,Placer,61,380077,19426,18506,1031,19537,204
2021-01-31,Plumas,63,18699,621,554,11,565,2
2021-01-31,Riverside,65,2383286,272194,266145,13593,279738,3074
2021-01-31,Sacramento,67,1510023,88304,86560,1110,87670,1186
2021-01-31,San Benito,69,59416,5467,5425,76,5501,48
2021-01-31,San Bernardino,71,2135413,276688,269533,8173,277706,2156
2021-01-31,San Diego,73,3302833,248973,238039,0,238039,2619
2021-01-31,San Francisco,75,870044,32030,31563,955,32518,323
2021-01-31,San Joaquin,77,732212,62870,61379,2659,64038,877
2021-01-31,San Luis Obispo,79,281455,18128,17615,500,18115,199
2021-01-31,San Mateo,81,765935,37211,35659,365,36024,219
2021-01-31,Santa Barbara,83,443738,29820,28570,1013,29583,297
2021-01-31,Santa Clara,85,1922200,103164,101986,488,102474,1330
2021-01-31,Santa Cruz,87,273765,14476,13469,749,14218,149
2021-01-31,Shasta,89,179085,10407,10313,1135,11448,112
2021-01-31,Sierra,91,2930,46,43,14,57,0
2021-01-31,Siskiyou,93,43540,1323,1238,220,1458,4
2021-01-31,Solano,95,438530,28284,27678,331,28009,118
2021-01-31,Sonoma,97,501317,26208,25925,141,26066,243
2021-01-31,Stanislaus,99,539301,47040,45971,5070,51041,642
2021-01-31,Sutter,101,95872,8376,8289,82,8371,89
2021-01-31,Tehama,103,63373,4333,4256,492,4748,21
2021-01-31,Trinity,105,12862,322,260,34,294,3
2021-01-31,Tulare,107,460477,45375,44440,7253,51693,618
2021-01-31,Tuolumne,109,53932,3554,3519,29,3548,39
2021-01-31,Ventura,111,848112,72000,70635,2664,73299,502
2021-01-31,Yolo,113,214977,12173,11771,178,11949,151
2021-01-31,Yuba,115,75493,5167,5071,77,5148,33
2021-01-30,Alameda,1,1643700,75244,73622,1671,75293,850
2021-01-30,Alpine,3,1148,74,72,0,72,0
2021-01-30,Amador,5,37829,3290,3181,27,3208,32
2021-01-30,Butte,7,227075,10652,10177,1559,11736,139
2021-01-30,Calaveras,9,45235,1772,1763,11,1774,21
2021-01-30,Colusa,11,21464,1772,1748,217,1965,9
2021-01-30,Contra Costa,13,1133247,58588,56763,1029,57792,531
2021-01-30,Del Norte,15,27424,869,865,0,865,2
2021-01-30,El Dorado,17,186661,8558,8299,599,8898,83
2021-01-30,Fresno,19,978130,90861,88476,7256,95732,964
2021-01-30,Glenn,21,27897,2114,2074,457,2531,14
2021-01-30,Humboldt,23,135768,2842,2742,17,2759,24
2021-01-30,Imperial,25,180216,26531,26160,2519,28679,530
2021-01-30,Inyo,27,18085,1103,1068,1,1069,27
2021-01-30,Kern,29,883053,88016,85572,8914,94486,848
2021-01-30,Kings,31,150075,20996,20605,951,21556,169
2021-01-30,Lake,33,64148,2897,2809,1,2810,33
2021-01-30,Lassen,35,31185,4942,4890,91,4981,1
2021-01-30,Los Angeles,37,10098052,1121578,1084763,38657,1123420,16484
2021-01-30,Madera,39,155013,14762,14443,740,15183,94
2021-01-30,Marin,41,260295,12430,12225,146,12371,185
2021-01-30,Mariposa,43,17540,356,344,3,347,4
2021-01-30,Mendocino,45,87422,3315,3153,59,3212,36
2021-01-30,Merced,47,269075,26391,26078,752,26830,335
2021-01-30,Modoc,49,8938,313,303,101,404,1
2021-01-30,Mono,51,14174,1127,1143,13,1156,3
2021-01-30,Monterey,53,433212,39733,38847,1461,40308,277
2021-01-30,Napa,55,140530,8551,8342,32,8374,52
2021-01-30,Nevada,57,99092,3660,3499,147,3646,20
2021-01-30,Orange,59,3164182,235401,231358,9824,241182,3013
2021-01-30,Placer,61,380077,19375,18430,1025,19455,205
2021-01-30,Plumas,63,18699,619,554,11,565,2
2021-01-30,Riverside,65,2383286,271604,265137,13560,278697,3061
2021-01-30,Sacramento,67,1510023,88110,86388,1104,87492,1184
2021-01-30,San Benito,69,59416,5449,5401,75,5476,48
2021-01-30,San Bernardino,71,2135413,276275,268660,8154,276814,2122
2021-01-30,San Diego,73,3302833,248215,236765,0,236765,2603
2021-01-30,San Francisco,75,870044,31930,31427,951,32378,316
2021-01-30,San Joaquin,77,732212,62736,61120,2649,63769,864
2021-01-30,San Luis Obispo,79,281455,18050,17522,497,18019,198
2021-01-30,San Mateo,81,765935,37073,35451,364,35815,219
2021-01-30,Santa Barbara,83,443738,29679,28342,1009,29351,296
2021-01-30,Santa Clara,85,1922200,102814,101471,485,101956,1307
2021-01-30,Santa Cruz,87,273765,14436,13383,748,14131,149
2021-01-30,Shasta,89,179085,10389,10283,1131,11414,112
2021-01-30,Sierra,91,2930,46,43,14,57,0
2021-01-30,Siskiyou,93,43540,1321,1236,218,1454,4
2021-01-30,Solano,95,438530,28201,27511,329,27840,118
2021-01-30,Sonoma,97,501317,26158,25810,138,25948,243
2021-01-30,Stanislaus,99,539301,46911,45697,5046,50743,642
2021-01-30,Sutter,101,95872,8360,8226,82,8308,87
2021-01-30,Tehama,103,63373,4319,4229,491,4720,21
2021-01-30,Trinity,105,12862,322,259,34,293,3
2021-01-30,Tulare,107,460477,45241,44203,7215,51418,615
2021-01-30,Tuolumne,109,53932,3550,3508,29,3537,36
2021-01-30,Ventura,111,848112,71689,69931,2647,72578,493
2021-01-30,Yolo,113,214977,12160,11698,176,11874,151
2021-01-30,Yuba,115,75493,5157,5042,76,5118,33
2021-01-29,Alameda,1,1643700,74965,73210,1664,74874,841
2021-01-29,Alpine,3,1148,74,72,0,72,0
2021-01-29,Amador,5,37829,3278,3134,26,3160,32
2021-01-29,Butte,7,227075,10621,10122,1549,11671,138
2021-01-29,Calaveras,9,45235,1768,1757,11,1768,21
2021-01-29,Colusa,11,21464,1768,1734,216,1950,8
2021-01-29,Contra Costa,13,1133247,58414,56318,1027,57345,529
2021-01-29,Del Norte,15,27424,868,865,0,865,2
2021-01-29,El Dorado,17,186661,8541,8231,598,8829,83
2021-01-29,Fresno,19,978130,90650,87936,7217,95153,962
2021-01-29,Glenn,21,27897,2109,2061,456,2517,14
2021-01-29,Humboldt,23,135768,2829,2707,17,2724,24
2021-01-29,Imperial,25,180216,26516,26045,2516,28561,521
2021-01-29,Inyo,27,18085,1091,1048,1,1049,27
2021-01-29,Kern,29,883053,87791,85044,8861,93905,836
2021-01-29,Kings,31,150075,20957,20466,946,21412,169
2021-01-29,Lake,33,64148,2888,2792,1,2793,32
2021-01-29,Lassen,35,31185,4939,4874,91,4965,1
2021-01-29,Los Angeles,37,10098052,1118113,1078329,38500,1116829,16190
2021-01-29,Madera,39,155013,14711,14377,740,15117,94
2021-01-29,Marin,41,260295,12386,12145,145,12290,185
2021-01-29,Mariposa,43,17540,355,342,3,345,4
2021-01-29,Mendocino,45,87422,3306,3131,58,3189,36
2021-01-29,Merced,47,269075,26316,25865,748,26613,334
2021-01-29,Modoc,49,8938,312,297,101,398,1
2021-01-29,Mono,51,14174,1125,1139,13,1152,3
2021-01-29,Monterey,53,433212,39612,38539,1452,39991,277
2021-01-29,Napa,55,140530,8519,8276,32,8308,52
2021-01-29,Nevada,57,99092,3651,3487,146,3633,20
2021-01-29,Orange,59,3164182,234710,229917,9785,239702,2967
2021-01-29,Placer,61,380077,19319,18367,1021,19388,203
2021-01-29,Plumas,63,18699,618,548,11,559,2
2021-01-29,Riverside,65,2383286,270813,263504,13525,277029,3008
2021-01-29,Sacramento,67,1510023,87856,86320,1100,87420,1169
2021-01-29,San Benito,69,59416,5441,5386,75,5461,48
2021-01-29,San Bernardino,71,2135413,275762,267490,8112,275602,2095
2021-01-29,San Diego,73,3302833,247274,234637,0,234637,2571
2021-01-29,San Francisco,75,870044,31790,31294,942,32236,307
2021-01-29,San Joaquin,77,732212,62588,60899,2634,63533,858
2021-01-29,San Luis Obispo,79,281455,17989,17440,492,17932,193
2021-01-29,San Mateo,81,765935,36940,35223,361,35584,218
2021-01-29,Santa Barbara,83,443738,29549,28105,1003,29108,291
2021-01-29,Santa Clara,85,1922200,102447,101010,483,101493,1273
2021-01-29,Santa Cruz,87,273765,14382,13311,745,14056,148
2021-01-29,Shasta,89,179085,10372,10220,1127,11347,112
2021-01-29,Sierra,91,2930,46,43,14,57,0
2021-01-29,Siskiyou,93,43540,1320,1227,218,1445,4
2021-01-29,Solano,95,438530,28115,27352,326,27678,116
2021-01-29,Sonoma,97,501317,26095,25710,137,25847,243
2021-01-29,Stanislaus,99,539301,46762,45466,5026,50492,642
2021-01-29,Sutter,101,95872,8341,8181,82,8263,87
2021-01-29,Tehama,103,63373,4306,4191,489,4680,20
2021-01-29,Trinity,105,12862,322,260,34,294,3
2021-01-29,Tulare,107,460477,45136,43925,7173,51098,606
2021-01-29,Tuolumne,109,53932,3540,3483,29,3512,36
2021-01-29,Ventura,111,848112,71265,69511,2633,72144,484
2021-01-29,Yolo,113,214977,12124,11612,175,11787,151
2021-01-29,Yuba,115,75493,5141,5018,76,5094,32
2021-01-28,Alameda,1,1643700,74528,72758,1656,74414,833
2021-01-28,Alpine,3,1148,74,72,0,72,0
2021-01-28,Amador,5,37829,3241,3124,26,3150,31
2021-01-28,Butte,7,227075,10580,10037,1538,11575,138
2021-01-28,Calaveras,9,45235,1759,1747,10,1757,21
2021-01-28,Colusa,11,21464,1761,1731,212,1943,8
2021-01-28,Contra Costa,13,1133247,58170,55999,1017,57016,525
2021-01-28,Del Norte,15,27424,867,862,0,862,2
2021-01-28,El Dorado,17,186661,8528,8198,593,8791,79
2021-01-28,Fresno,19,978130,90364,87401,7167,94568,949
2021-01-28,Glenn,21,27897,2104,2043,447,2490,14
2021-01-28,Humboldt,23,135768,2812,2686,17,2703,24
2021-01-28,Imperial,25,180216,26472,25984,2509,28493,517
2021-01-28,Inyo,27,18085,1086,1039,1,1040,27
2021-01-28,Kern,29,883053,87464,84708,8774,93482,817
2021-01-28,Kings,31,150075,20898,20328,941,21269,167
2021-01-28,Lake,33,64148,2873,2772,1,2773,32
2021-01-28,Lassen,35,31185,4933,4865,91,4956,1
2021-01-28,Los Angeles,37,10098052,1114230,1072412,38297,1110709,15967
2021-01-28,Madera,39,155013,14655,14301,736,15037,94
2021-01-28,Marin,41,260295,12333,12079,144,12223,183
2021-01-28,Mariposa,43,17540,355,334,3,337,4
2021-01-28,Mendocino,45,87422,3289,3110,58,3168,36
2021-01-28,Merced,47,269075,26192,25620,739,26359,328
2021-01-28,Modoc,49,8938,311,297,101,398,0
2021-01-28,Mono,51,14174,1123,1131,13,1144,3
2021-01-28,Monterey,53,433212,39409,38312,1434,39746,274
2021-01-28,Napa,55,140530,8471,8233,32,8265,50
2021-01-28,Nevada,57,99092,3636,3452,145,3597,19
2021-01-28,Orange,59,3164182,233728,228636,9753,238389,2860
2021-01-28,Placer,61,380077,19250,18246,1018,19264,198
2021-01-28,Plumas,63,18699,617,547,11,558,2
2021-01-28,Riverside,65,2383286,270050,262342,13475,275817,2981
2021-01-28,Sacramento,67,1510023,87490,85698,1089,86787,1149
2021-01-28,San Benito,69,59416,5423,5344,74,5418,47
2021-01-28,San Bernardino,71,2135413,275069,266456,8090,274546,2057
2021-01-28,San Diego,73,3302833,246125,232967,0,232967,2534
2021-01-28,San Francisco,75,870044,31652,31193,926,32119,290
2021-01-28,San Joaquin,77,732212,62324,60627,2618,63245,854
2021-01-28,San Luis Obispo,79,281455,17890,17279,490,17769,189
2021-01-28,San Mateo,81,765935,36771,34931,345,35276,218
2021-01-28,Santa Barbara,83,443738,29330,27674,990,28664,284
2021-01-28,Santa Clara,85,1922200,101982,100470,480,100950,1219
2021-01-28,Santa Cruz,87,273765,14293,13188,739,13927,145
2021-01-28,Shasta,89,179085,10338,10176,1119,11295,110
2021-01-28,Sierra,91,2930,46,43,14,57,0
2021-01-28,Siskiyou,93,43540,1313,1218,216,1434,4
2021-01-28,Solano,95,438530,27954,27163,325,27488,114
2021-01-28,Sonoma,97,501317,26002,25564,137,25701,236
2021-01-28,Stanislaus,99,539301,46544,45162,5001,50163,640
2021-01-28,Sutter,101,95872,8293,8136,82,8218,85
2021-01-28,Tehama,103,63373,4287,4163,486,4649,20
2021-01-28,Trinity,105,12862,320,260,34,294,3
2021-01-28,Tulare,107,460477,44980,43742,7092,50834,595
2021-01-28,Tuolumne,109,53932,3526,3472,29,3501,32
2021-01-28,Ventura,111,848112,70756,68896,2614,71510,475
2021-01-28,Yolo,113,214977,12082,11500,170,11670,151
2021-01-28,Yuba,115,75493,5125,4994,75,5069,32
2021-01-27,Alameda,1,1643700,74096,72188,1647,73835,815
2021-01-27,Alpine,3,1148,74,72,0,72,0
2021-01-27,Amador,5,37829,3225,3116,26,3142,31
2021-01-27,Butte,7,227075,10541,9988,1526,11514,138
2021-01-27,Calaveras,9,45235,1751,1737,10,1747,21
2021-01-27,Colusa,11,21464,1755,1724,210,1934,8
2021-01-27,Contra Costa,13,1133247,57871,55578,1014,56592,507
2021-01-27,Del Norte,15,27424,866,859,0,859,2
2021-01-27,El Dorado,17,186661,8503,8141,592,8733,76
2021-01-27,Fresno,19,978130,90069,86886,7125,94011,938
2021-01-27,Glenn,21,27897,2101,2042,445,2487,14
2021-01-27,Humboldt,23,135768,2790,2630,17,2647,24
2021-01-27,Imperial,25,180216,26418,25861,2496,28357,504
2021-01-27,Inyo,27,18085,1082,1023,1,1024,27
2021-01-27,Kern,29,883053,87152,84244,8704,92948,809
2021-01-27,Kings,31,150075,20792,20211,933,21144,167
2021-01-27,Lake,33,64148,2853,2750,1,2751,32
2021-01-27,Lassen,35,31185,4927,4851,91,4942,1
2021-01-27,Los Angeles,37,10098052,1109471,1066569,38080,1104649,15757
2021-01-27,Madera,39,155013,14615,14194,731,14925,86
2021-01-27,Marin,41,260295,12296,12028,143,12171,180
2021-01-27,Mariposa,43,17540,355,333,3,336,4
2021-01-27,Mendocino,45,87422,3269,3095,58,3153,36
2021-01-27,Merced,47,269075,26033,25439,728,26167,315
2021-01-27,Modoc,49,8938,311,297,98,395,0
2021-01-27,Mono,51,14174,1121,1131,13,1144,3
2021-01-27,Monterey,53,433212,39207,38139,1415,39554,268
2021-01-27,Napa,55,140530,8400,8187,32,8219,46
2021-01-27,Nevada,57,99092,3615,3431,145,3576,18
2021-01-27,Orange,59,3164182,232609,227110,9698,236808,2832
2021-01-27,Placer,61,380077,19179,18106,1007,19113,198
2021-01-27,Plumas,63,18699,617,544,11,555,2
2021-01-27,Riverside,65,2383286,268879,260796,13422,274218,2931
2021-01-27,Sacramento,67,1510023,87123,85428,1078,86506,1142
2021-01-27,San Benito,69,59416,5408,5284,74,5358,47
2021-01-27,San Bernardino,71,2135413,274220,265153,8061,273214,2019
2021-01-27,San Diego,73,3302833,244796,231478,0,231478,2465
2021-01-27,San Francisco,75,870044,31510,31082,919,32001,287
2021-01-27,San Joaquin,77,732212,62055,60131,2594,62725,853
2021-01-27,San Luis Obispo,79,281455,17783,17119,486,17605,188
2021-01-27,San Mateo,81,765935,36616,34619,341,34960,216
2021-01-27,Santa Barbara,83,443738,29156,27435,984,28419,282
2021-01-27,Santa Clara,85,1922200,101579,99732,476,100208,1184
2021-01-27,Santa Cruz,87,273765,14223,13111,736,13847,143
2021-01-27,Shasta,89,179085,10304,10106,1113,11219,105
2021-01-27,Sierra,91,2930,46,44,14,58,0
2021-01-27,Siskiyou,93,43540,1307,1214,213,1427,4
2021-01-27,Solano,95,438530,27778,26982,318,27300,112
2021-01-27,Sonoma,97,501317,25904,25361,137,25498,237
2021-01-27,Stanislaus,99,539301,46360,44874,4973,49847,624
2021-01-27,Sutter,101,95872,8250,8093,82,8175,83
2021-01-27,Tehama,103,63373,4262,4133,482,4615,20
2021-01-27,Trinity,105,12862,320,260,34,294,3
2021-01-27,Tulare,107,460477,44795,43462,7017,50479,583
2021-01-27,Tuolumne,109,53932,3516,3464,29,3493,32
2021-01-27,Ventura,111,848112,70283,68291,2589,70880,468
2021-01-27,Yolo,113,214977,12035,11427,166,11593,151
2021-01-27,Yuba,115,75493,5109,4968,75,5043,32
2021-01-26,Alameda,1,1643700,73716,71851,1629,73480,789
2021-01-26,Alpine,3,1148,74,72,0,72,0
2021-01-26,Amador,5,37829,3214,3113,26,3139,31
2021-01-26,Butte,7,227075,10499,9943,1520,11463,136
2021-01-26,Calaveras,9,45235,1740,1723,10,1733,21
2021-01-26,Colusa,11,21464,1748,1719,207,1926,8
2021-01-26,Contra Costa,13,1133247,57591,55337,1006,56343,491
2021-01-26,Del Norte,15,27424,865,856,0,856,2
2021-01-26,El Dorado,17,186661,8477,8115,589,8704,71
2021-01-26,Fresno,19,978130,89715,86673,7080,93753,923
2021-01-26,Glenn,21,27897,2091,2034,441,2475,13
2021-01-26,Humboldt,23,135768,2768,2612,16,2628,24
2021-01-26,Imperial,25,180216,26348,25812,2481,28293,498
2021-01-26,Inyo,27,18085,1075,1018,1,1019,27
2021-01-26,Kern,29,883053,86727,83868,8625,92493,790
2021-01-26,Kings,31,150075,20734,20156,928,21084,159
2021-01-26,Lake,33,64148,2844,2748,1,2749,32
2021-01-26,Lassen,35,31185,4921,4844,91,4935,1
2021-01-26,Los Angeles,37,10098052,1104224,1060492,37862,1098354,15458
2021-01-26,Madera,39,155013,14558,14130,725,14855,86
2021-01-26,Marin,41,260295,12250,11993,141,12134,179
2021-01-26,Mariposa,43,17540,353,332,3,335,3
2021-01-26,Mendocino,45,87422,3243,3076,57,3133,36
2021-01-26,Merced,47,269075,25893,25359,721,26080,309
2021-01-26,Modoc,49,8938,304,291,97,388,0
2021-01-26,Mono,51,14174,1120,1120,13,1133,3
2021-01-26,Monterey,53,433212,39009,37963,1394,39357,255
2021-01-26,Napa,55,140530,8343,8145,32,8177,43
2021-01-26,Nevada,57,99092,3608,3410,144,3554,18
2021-01-26,Orange,59,3164182,231478,225987,9654,235641,2760
2021-01-26,Placer,61,380077,19105,18016,1005,19021,193
2021-01-26,Plumas,63,18699,615,536,11,547,2
2021-01-26,Riverside,65,2383286,267547,259399,13360,272759,2898
2021-01-26,Sacramento,67,1510023,86769,85062,1071,86133,1127
2021-01-26,San Benito,69,59416,5394,5251,73,5324,45
2021-01-26,San Bernardino,71,2135413,273231,263736,8016,271752,1970
2021-01-26,San Diego,73,3302833,243306,230063,0,230063,2421
2021-01-26,San Francisco,75,870044,31380,30874,898,31772,286
2021-01-26,San Joaquin,77,732212,61801,59889,2577,62466,847
2021-01-26,San Luis Obispo,79,281455,17702,17016,483,17499,186
2021-01-26,San Mateo,81,765935,36424,34441,330,34771,213
2021-01-26,Santa Barbara,83,443738,28985,27321,972,28293,273
2021-01-26,Santa Clara,85,1922200,101103,99215,471,99686,1171
2021-01-26,Santa Cruz,87,273765,14158,13045,730,13775,134
2021-01-26,Shasta,89,179085,10269,10036,1105,11141,103
2021-01-26,Sierra,91,2930,46,43,14,57,0
2021-01-26,Siskiyou,93,43540,1293,1208,211,1419,4
2021-01-26,Solano,95,438530,27622,26858,312,27170,110
2021-01-26,Sonoma,97,501317,25783,25273,135,25408,236
2021-01-26,Stanislaus,99,539301,46177,44703,4930,49633,599
2021-01-26,Sutter,101,95872,8208,8067,82,8149,83
2021-01-26,Tehama,103,63373,4231,4115,482,4597,20
2021-01-26,Trinity,105,12862,320,260,34,294,3
2021-01-26,Tulare,107,460477,44594,43394,6945,50339,579
2021-01-26,Tuolumne,109,53932,3506,3451,29,3480,30
2021-01-26,Ventura,111,848112,69753,67526,2562,70088,448
2021-01-26,Yolo,113,214977,11990,11361,163,11524,148
2021-01-26,Yuba,115,75493,5084,4944,73,5017,31
2021-01-25,Alameda,1,1643700,73275,71255,1619,72874,780
2021-01-25,Alpine,3,1148,74,72,0,72,0
2021-01-25,Amador,5,37829,3174,3074,26,3100,30
2021-01-25,Butte,7,227075,10434,9865,1512,11377,133
2021-01-25,Calaveras,9,45235,1723,1713,10,1723,21
2021-01-25,Colusa,11,21464,1736,1709,203,1912,8
2021-01-25,Contra Costa,13,1133247,57229,54989,999,55988,488
2021-01-25,Del Norte,15,27424,864,855,0,855,2
2021-01-25,El Dorado,17,186661,8453,8060,589,8649,66
2021-01-25,Fresno,19,978130,89347,86336,7047,93383,913
2021-01-25,Glenn,21,27897,2080,2028,441,2469,13
2021-01-25,Humboldt,23,135768,2734,2587,16,2603,24
2021-01-25,Imperial,25,180216,26298,25745,2472,28217,491
2021-01-25,Inyo,27,18085,1069,1015,1,1016,27
2021-01-25,Kern,29,883053,86338,83401,8532,91933,787
2021-01-25,Kings,31,150075,20614,20067,924,20991,159
2021-01-25,Lake,33,64148,2825,2729,1,2730,32
2021-01-25,Lassen,35,31185,4896,4835,91,4926,1
2021-01-25,Los Angeles,37,10098052,1098303,1055181,37627,1092808,15163
2021-01-25,Madera,39,155013,14504,14068,721,14789,86
2021-01-25,Marin,41,260295,12197,11923,137,12060,177
2021-01-25,Mariposa,43,17540,350,331,3,334,3
2021-01-25,Mendocino,45,87422,3232,3054,57,3111,35
2021-01-25,Merced,47,269075,25754,25181,712,25893,305
2021-01-25,Modoc,49,8938,303,288,93,381,0
2021-01-25,Mono,51,14174,1117,1114,12,1126,3
2021-01-25,Monterey,53,433212,38752,37726,1373,39099,255
2021-01-25,Napa,55,140530,8310,8057,31,8088,43
2021-01-25,Nevada,57,99092,3594,3365,144,3509,18
2021-01-25,Orange,59,3164182,230276,225105,9613,234718,2696
2021-01-25,Placer,61,380077,19012,17936,990,18926,193
2021-01-25,Plumas,63,18699,612,533,11,544,2
2021-01-25,Riverside,65,2383286,265867,258082,13305,271387,2789
2021-01-25,Sacramento,67,1510023,86317,84653,1062,85715,1118
2021-01-25,San Benito,69,59416,5357,5238,72,5310,43
2021-01-25,San Bernardino,71,2135413,272281,263174,7978,271152,1947
2021-01-25,San Diego,73,3302833,241697,228630,0,228630,2375
2021-01-25,San Francisco,75,870044,31232,30734,875,31609,288
2021-01-25,San Joaquin,77,732212,61508,59291,2547,61838,838
2021-01-25,San Luis Obispo,79,281455,17568,16868,478,17346,179
2021-01-25,San Mateo,81,765935,36192,34187,323,34510,213
2021-01-25,Santa Barbara,83,443738,28755,27065,961,28026,269
2021-01-25,Santa Clara,85,1922200,100533,98647,463,99110,1143
2021-01-25,Santa Cruz,87,273765,14072,12973,724,13697,133
2021-01-25,Shasta,89,179085,10228,9991,1094,11085,103
2021-01-25,Sierra,91,2930,46,42,14,56,0
2021-01-25,Siskiyou,93,43540,1285,1205,208,1413,4
2021-01-25,Solano,95,438530,27453,26648,311,26959,109
2021-01-25,Sonoma,97,501317,25673,25160,133,25293,233
2021-01-25,Stanislaus,99,539301,45934,44293,4887,49180,599
2021-01-25,Sutter,101,95872,8165,8023,82,8105,83
2021-01-25,Tehama,103,63373,4203,4082,478,4560,20
2021-01-25,Trinity,105,12862,320,262,34,296,3
2021-01-25,Tulare,107,460477,44380,43124,6838,49962,578
2021-01-25,Tuolumne,109,53932,3497,3422,29,3451,29
2021-01-25,Ventura,111,848112,69110,66910,2544,69454,439
2021-01-25,Yolo,113,214977,11904,11276,161,11437,140
2021-01-25,Yuba,115,75493,5060,4900,71,4971,31
2021-01-24,Alameda,1,1643700,72767,70823,1607,72430,780
2021-01-24,Alpine,3,1148,74,72,0,72,0
2021-01-24,Amador,5,37829,3141,3054,26,3080,30
2021-01-24,Butte,7,227075,10350,9820,1493,11313,133
2021-01-24,Calaveras,9,45235,1707,1704,10,1714,21
2021-01-24,Colusa,11,21464,1725,1689,197,1886,8
2021-01-24,Contra Costa,13,1133247,56840,54694,986,55680,488
2021-01-24,Del Norte,15,27424,859,855,0,855,2
2021-01-24,El Dorado,17,186661,8419,8003,585,8588,66
2021-01-24,Fresno,19,978130,88910,85808,7008,92816,911
2021-01-24,Glenn,21,27897,2073,2026,439,2465,13
2021-01-24,Humboldt,23,135768,2695,2562,16,2578,24
2021-01-24,Imperial,25,180216,26204,25707,2443,28150,488
2021-01-24,Inyo,27,18085,1053,1007,1,1008,27
2021-01-24,Kern,29,883053,85899,83125,8419,91544,785
2021-01-24,Kings,31,150075,20488,19988,906,20894,159
2021-01-24,Lake,33,64148,2807,2724,0,2724,32
2021-01-24,Lassen,35,31185,4885,4828,88,4916,1
2021-01-24,Los Angeles,37,10098052,1091951,1048757,37306,1086063,15119
2021-01-24,Madera,39,155013,14412,14000,715,14715,86
2021-01-24,Marin,41,260295,12131,11872,135,12007,177
2021-01-24,Mariposa,43,17540,346,322,3,325,3
2021-01-24,Mendocino,45,87422,3211,3037,56,3093,33
2021-01-24,Merced,47,269075,25541,25047,704,25751,305
2021-01-24,Modoc,49,8938,303,285,93,378,0
2021-01-24,Mono,51,14174,1110,1113,12,1125,3
2021-01-24,Monterey,53,433212,38480,37527,1340,38867,254
2021-01-24,Napa,55,140530,8268,8005,31,8036,43
2021-01-24,Nevada,57,99092,3552,3349,142,3491,18
2021-01-24,Orange,59,3164182,228850,223853,9547,233400,2632
2021-01-24,Placer,61,380077,18901,17839,970,18809,193
2021-01-24,Plumas,63,18699,609,532,11,543,2
2021-01-24,Riverside,65,2383286,264270,256767,13224,269991,2761
2021-01-24,Sacramento,67,1510023,85745,84110,1055,85165,1112
2021-01-24,San Benito,69,59416,5315,5223,69,5292,43
2021-01-24,San Bernardino,71,2135413,270962,262370,7921,270291,1935
2021-01-24,San Diego,73,3302833,240007,227193,0,227193,2375
2021-01-24,San Francisco,75,870044,31044,30559,852,31411,275
2021-01-24,San Joaquin,77,732212,61084,59021,2531,61552,838
2021-01-24,San Luis Obispo,79,281455,17446,16758,475,17233,179
2021-01-24,San Mateo,81,765935,35949,33956,318,34274,213
2021-01-24,Santa Barbara,83,443738,28442,26735,951,27686,269
2021-01-24,Santa Clara,85,1922200,99882,98103,459,98562,1109
2021-01-24,Santa Cruz,87,273765,13987,12905,715,13620,133
2021-01-24,Shasta,89,179085,10158,9978,1085,11063,103
2021-01-24,Sierra,91,2930,45,42,14,56,0
2021-01-24,Siskiyou,93,43540,1278,1195,208,1403,4
2021-01-24,Solano,95,438530,27265,26515,307,26822,109
2021-01-24,Sonoma,97,501317,25483,25045,132,25177,233
2021-01-24,Stanislaus,99,539301,45624,44031,4828,48859,599
2021-01-24,Sutter,101,95872,8097,7980,81,8061,83
2021-01-24,Tehama,103,63373,4163,4062,470,4532,20
2021-01-24,Trinity,105,12862,320,262,34,296,3
2021-01-24,Tulare,107,460477,44168,43006,6739,49745,577
2021-01-24,Tuolumne,109,53932,3487,3416,29,3445,29
2021-01-24,Ventura,111,848112,68396,66347,2519,68866,439
2021-01-24,Yolo,113,214977,11819,11210,157,11367,140
2021-01-24,Yuba,115,75493,5020,4875,70,4945,31
2021-01-23,Alameda,1,1643700,72525,70080,1598,71678,780
2021-01-23,Alpine,3,1148,74,72,0,72,0
2021-01-23,Amador,5,37829,3138,3049,26,3075,30
2021-01-23,Butte,7,227075,10320,9757,1488,11245,133
2021-01-23,Calaveras,9,45235,1701,1695,10,1705,21
2021-01-23,Colusa,11,21464,1721,1672,196,1868,8
2021-01-23,Contra Costa,13,1133247,56629,54162,978,55140,487
2021-01-23,Del Norte,15,27424,858,855,0,855,2
2021-01-23,El Dorado,17,186661,8403,7984,583,8567,66
2021-01-23,Fresno,19,978130,88727,85274,6977,92251,910
2021-01-23,Glenn,21,27897,2070,2015,435,2450,13
2021-01-23,Humboldt,23,135768,2676,2493,15,2508,23
2021-01-23,Imperial,25,180216,26173,25581,2434,28015,487
2021-01-23,Inyo,27,18085,1044,987,1,988,27
2021-01-23,Kern,29,883053,85658,82602,8343,90945,783
2021-01-23,Kings,31,150075,20444,19904,904,20808,159
2021-01-23,Lake,33,64148,2799,2673,0,2673,32
2021-01-23,Lassen,35,31185,4884,4816,85,4901,1
2021-01-23,Los Angeles,37,10098052,1088757,1040961,37137,1078098,15034
2021-01-23,Madera,39,155013,14376,13858,713,14571,86
2021-01-23,Marin,41,260295,12075,11796,133,11929,177
2021-01-23,Mariposa,43,17540,346,323,3,326,3
2021-01-23,Mendocino,45,87422,3197,2991,56,3047,32
2021-01-23,Merced,47,269075,25449,24787,690,25477,303
2021-01-23,Modoc,49,8938,303,285,93,378,0
2021-01-23,Mono,51,14174,1108,1111,12,1123,3
2021-01-23,Monterey,53,433212,38398,37165,1335,38500,253
2021-01-23,Napa,55,140530,8243,7893,31,7924,43
2021-01-23,Nevada,57,99092,3541,3332,141,3473,18
2021-01-23,Orange,59,3164182,228083,221722,9504,231226,2618
2021-01-23,Placer,61,380077,18852,17617,965,18582,193
2021-01-23,Plumas,63,18699,608,528,11,539,2
2021-01-23,Riverside,65,2383286,263398,253636,13168,266804,2733
2021-01-23,Sacramento,67,1510023,85518,83408,1052,84460,1108
2021-01-23,San Benito,69,59416,5291,5166,68,5234,43
2021-01-23,San Bernardino,71,2135413,270416,260381,7887,268268,1922
2021-01-23,San Diego,73,3302833,238949,225556,0,225556,2344
2021-01-23,San Francisco,75,870044,30939,30308,822,31130,268
2021-01-23,San Joaquin,77,732212,60962,58164,2519,60683,836
2021-01-23,San Luis Obispo,79,281455,17383,16652,472,17124,176
2021-01-23,San Mateo,81,765935,35773,33696,307,34003,213
2021-01-23,Santa Barbara,83,443738,28261,26234,942,27176,264
2021-01-23,Santa Clara,85,1922200,99527,97189,458,97647,1086
2021-01-23,Santa Cruz,87,273765,13929,12771,712,13483,127
2021-01-23,Shasta,89,179085,10128,9951,1084,11035,103
2021-01-23,Sierra,91,2930,45,41,14,55,0
2021-01-23,Siskiyou,93,43540,1268,1190,207,1397,4
2021-01-23,Solano,95,438530,27171,26261,305,26566,107
2021-01-23,Sonoma,97,501317,25407,24790,132,24922,232
2021-01-23,Stanislaus,99,539301,45463,43723,4798,48521,599
2021-01-23,Sutter,101,95872,8079,7943,80,8023,80
2021-01-23,Tehama,103,63373,4144,4006,469,4475,20
2021-01-23,Trinity,105,12862,320,262,34,296,3
2021-01-23,Tulare,107,460477,44021,42661,6673,49334,575
2021-01-23,Tuolumne,109,53932,3480,3407,29,3436,29
2021-01-23,Ventura,111,848112,67950,65581,2494,68075,438
2021-01-23,Yolo,113,214977,11776,11087,153,11240,141
2021-01-23,Yuba,115,75493,5009,4831,68,4899,30
2021-01-22,Alameda,1,1643700,72199,69693,1592,71285,751
2021-01-22,Alpine,3,1148,74,71,0,71,0
2021-01-22,Amador,5,37829,3133,3042,26,3068,30
2021-01-22,Butte,7,227075,10272,9711,1474,11185,133
2021-01-22,Calaveras,9,45235,1692,1672,10,1682,21
2021-01-22,Colusa,11,21464,1719,1668,196,1864,7
2021-01-22,Contra Costa,13,1133247,56389,53887,972,54859,485
2021-01-22,Del Norte,15,27424,857,852,0,852,2
2021-01-22,El Dorado,17,186661,8370,7877,580,8457,64
2021-01-22,Fresno,19,978130,88392,84744,6946,91690,892
2021-01-22,Glenn,21,27897,2066,1985,430,2415,13
2021-01-22,Humboldt,23,135768,2652,2452,15,2467,23
2021-01-22,Imperial,25,180216,26138,25562,2419,27981,474
2021-01-22,Inyo,27,18085,1033,961,1,962,26
2021-01-22,Kern,29,883053,85363,82101,8268,90369,771
2021-01-22,Kings,31,150075,20368,19760,900,20660,159
2021-01-22,Lake,33,64148,2787,2681,0,2681,32
2021-01-22,Lassen,35,31185,4876,4765,84,4849,1
2021-01-22,Los Angeles,37,10098052,1084325,1031177,36936,1068113,14777
2021-01-22,Madera,39,155013,14315,13781,712,14493,86
2021-01-22,Marin,41,260295,12038,11769,131,11900,177
2021-01-22,Mariposa,43,17540,346,323,3,326,3
2021-01-22,Mendocino,45,87422,3172,2994,55,3049,32
2021-01-22,Merced,47,269075,25326,24616,682,25298,290
2021-01-22,Modoc,49,8938,303,285,93,378,0
2021-01-22,Mono,51,14174,1108,1108,12,1120,3
2021-01-22,Monterey,53,433212,38244,36909,1329,38238,253
2021-01-22,Napa,55,140530,8197,7828,31,7859,40
2021-01-22,Nevada,57,99092,3516,3296,140,3436,18
2021-01-22,Orange,59,3164182,227136,220384,9455,229839,2542
2021-01-22,Placer,61,380077,18798,17636,950,18586,193
2021-01-22,Plumas,63,18699,606,522,11,533,2
2021-01-22,Riverside,65,2383286,262274,252440,13099,265539,2710
2021-01-22,Sacramento,67,1510023,85188,82861,1044,83905,1094
2021-01-22,San Benito,69,59416,5266,5143,68,5211,43
2021-01-22,San Bernardino,71,2135413,269592,259121,7852,266973,1849
2021-01-22,San Diego,73,3302833,237710,222576,0,222576,2301
2021-01-22,San Francisco,75,870044,30828,30027,801,30828,266
2021-01-22,San Joaquin,77,732212,60780,58485,2506,60991,812
2021-01-22,San Luis Obispo,79,281455,17294,16336,469,16805,172
2021-01-22,San Mateo,81,765935,35550,33401,304,33705,211
2021-01-22,Santa Barbara,83,443738,28061,25989,931,26920,256
2021-01-22,Santa Clara,85,1922200,99086,96435,455,96890,1062
2021-01-22,Santa Cruz,87,273765,13872,12687,707,13394,123
2021-01-22,Shasta,89,179085,10109,9866,1082,10948,103
2021-01-22,Sierra,91,2930,45,40,14,54,0
2021-01-22,Siskiyou,93,43540,1264,1182,205,1387,4
2021-01-22,Solano,95,438530,27082,26048,303,26351,107
2021-01-22,Sonoma,97,501317,25328,24659,132,24791,232
2021-01-22,Stanislaus,99,539301,45309,43489,4760,48249,599
2021-01-22,Sutter,101,95872,8053,7878,80,7958,80
2021-01-22,Tehama,103,63373,4125,3993,468,4461,19
2021-01-22,Trinity,105,12862,319,263,34,297,3
2021-01-22,Tulare,107,460477,43844,42307,6600,48907,573
2021-01-22,Tuolumne,109,53932,3451,3379,29,3408,29
2021-01-22,Ventura,111,848112,67443,64404,2477,66881,426
2021-01-22,Yolo,113,214977,11743,11014,145,11159,141
2021-01-22,Yuba,115,75493,4985,4789,66,4855,29
2021-01-21,Alameda,1,1643700,71756,69314,1575,70889,739
2021-01-21,Alpine,3,1148,74,71,0,71,0
2021-01-21,Amador,5,37829,3111,3038,26,3064,29
2021-01-21,Butte,7,227075,10201,9643,1467,11110,130
2021-01-21,Calaveras,9,45235,1685,1647,10,1657,21
2021-01-21,Colusa,11,21464,1712,1662,193,1855,7
2021-01-21,Contra Costa,13,1133247,55974,53595,958,54553,478
2021-01-21,Del Norte,15,27424,855,850,0,850,2
2021-01-21,El Dorado,17,186661,8321,7823,577,8400,58
2021-01-21,Fresno,19,978130,87989,84137,6905,91042,889
2021-01-21,Glenn,21,27897,2057,1964,426,2390,13
2021-01-21,Humboldt,23,135768,2629,2423,15,2438,23
2021-01-21,Imperial,25,180216,26047,25509,2401,27910,463
2021-01-21,Inyo,27,18085,1024,946,1,947,26
2021-01-21,Kern,29,883053,84953,81328,8147,89475,769
2021-01-21,Kings,31,150075,20298,19633,881,20514,158
2021-01-21,Lake,33,64148,2771,2669,0,2669,32
2021-01-21,Lassen,35,31185,4870,4763,84,4847,1
2021-01-21,Los Angeles,37,10098052,1077696,1023055,36596,1059651,14537
2021-01-21,Madera,39,155013,14249,13664,704,14368,86
2021-01-21,Marin,41,260295,11981,11732,129,11861,173
2021-01-21,Mariposa,43,17540,342,322,3,325,3
2021-01-21,Mendocino,45,87422,3149,2967,53,3020,32
2021-01-21,Merced,47,269075,25172,24426,676,25102,245
2021-01-21,Modoc,49,8938,300,284,92,376,0
2021-01-21,Mono,51,14174,1103,1104,12,1116,3
2021-01-21,Monterey,53,433212,37964,36149,1318,37467,253
2021-01-21,Napa,55,140530,8133,7774,31,7805,40
2021-01-21,Nevada,57,99092,3487,3274,139,3413,18
2021-01-21,Orange,59,3164182,225760,218867,9397,228264,2540
2021-01-21,Placer,61,380077,18714,17553,946,18499,190
2021-01-21,Plumas,63,18699,602,518,11,529,2
2021-01-21,Riverside,65,2383286,260561,251007,13016,264023,2676
2021-01-21,Sacramento,67,1510023,84709,82303,1024,83327,1084
2021-01-21,San Benito,69,59416,5233,5100,62,5162,43
2021-01-21,San Bernardino,71,2135413,268247,257754,7784,265538,1832
2021-01-21,San Diego,73,3302833,235937,219729,0,219729,2222
2021-01-21,San Francisco,75,870044,30651,29801,767,30568,266
2021-01-21,San Joaquin,77,732212,60472,58270,2485,60755,806
2021-01-21,San Luis Obispo,79,281455,17208,16153,461,16614,169
2021-01-21,San Mateo,81,765935,35306,33156,290,33446,210
2021-01-21,Santa Barbara,83,443738,27778,25654,917,26571,253
2021-01-21,Santa Clara,85,1922200,98465,96028,447,96475,1062
2021-01-21,Santa Cruz,87,273765,13788,12548,697,13245,119
2021-01-21,Shasta,89,179085,10067,9795,1064,10859,98
2021-01-21,Sierra,91,2930,45,40,14,54,0
2021-01-21,Siskiyou,93,43540,1261,1178,201,1379,4
2021-01-21,Solano,95,438530,26901,25885,299,26184,106
2021-01-21,Sonoma,97,501317,25186,24440,130,24570,230
2021-01-21,Stanislaus,99,539301,45007,43223,4714,47937,599
2021-01-21,Sutter,101,95872,8019,7822,80,7902,80
2021-01-21,Tehama,103,63373,4089,3938,468,4406,19
2021-01-21,Trinity,105,12862,319,261,34,295,3
2021-01-21,Tulare,107,460477,43639,42082,6518,48600,569
2021-01-21,Tuolumne,109,53932,3441,3365,29,3394,29
2021-01-21,Ventura,111,848112,66753,63995,2455,66450,420
2021-01-21,Yolo,113,214977,11651,10940,137,11077,141
2021-01-21,Yuba,115,75493,4953,4757,65,4822,29
2021-01-20,Alameda,1,1643700,71237,68785,1560,70345,702
2021-01-20,Alpine,3,1148,74,71,0,71,0
2021-01-20,Amador,5,37829,3080,3036,26,3062,29
2021-01-20,Butte,7,227075,10144,9582,1456,11038,130
2021-01-20,Calaveras,9,45235,1663,1637,9,1646,21
2021-01-20,Colusa,11,21464,1696,1630,188,1818,7
2021-01-20,Contra Costa,13,1133247,55520,53108,952,54060,461
2021-01-20,Del Norte,15,27424,854,848,0,848,2
2021-01-20,El Dorado,17,186661,8275,7785,573,8358,53
2021-01-20,Fresno,19,978130,87568,83591,6852,90443,872
2021-01-20,Glenn,21,27897,2039,1955,423,2378,13
2021-01-20,Humboldt,23,135768,2587,2390,15,2405,22
2021-01-20,Imperial,25,180216,25979,25380,2365,27745,461
2021-01-20,Inyo,27,18085,1014,901,1,902,26
2021-01-20,Kern,29,883053,84504,80701,8040,88741,754
2021-01-20,Kings,31,150075,20209,19522,872,20394,146
2021-01-20,Lake,33,64148,2748,2646,0,2646,31
2021-01-20,Lassen,35,31185,4862,4758,82,4840,1
2021-01-20,Los Angeles,37,10098052,1070229,1015608,36301,1051909,14299
2021-01-20,Madera,39,155013,14184,13585,699,14284,86
2021-01-20,Marin,41,260295,11928,11684,127,11811,171
2021-01-20,Mariposa,43,17540,340,322,3,325,3
2021-01-20,Mendocino,45,87422,3134,2957,53,3010,32
2021-01-20,Merced,47,269075,24998,24220,655,24875,243
2021-01-20,Modoc,49,8938,299,282,92,374,0
2021-01-20,Mono,51,14174,1096,1105,11,1116,3
2021-01-20,Monterey,53,433212,37648,35960,1295,37255,249
2021-01-20,Napa,55,140530,8064,7731,30,7761,40
2021-01-20,Nevada,57,99092,3455,3238,139,3377,18
2021-01-20,Orange,59,3164182,224221,216893,9331,226224,2500
2021-01-20,Placer,61,380077,18611,17455,927,18382,186
2021-01-20,Plumas,63,18699,600,512,11,523,2
2021-01-20,Riverside,65,2383286,258554,248686,12928,261614,2615
2021-01-20,Sacramento,67,1510023,84144,81687,1013,82700,1072
2021-01-20,San Benito,69,59416,5203,5036,61,5097,35
2021-01-20,San Bernardino,71,2135413,266887,255921,7731,263652,1801
2021-01-20,San Diego,73,3302833,234084,218553,0,218553,2174
2021-01-20,San Francisco,75,870044,30455,29665,747,30412,262
2021-01-20,San Joaquin,77,732212,60069,58025,2476,60501,783
2021-01-20,San Luis Obispo,79,281455,17026,15936,452,16388,164
2021-01-20,San Mateo,81,765935,35082,32929,289,33218,210
2021-01-20,Santa Barbara,83,443738,27465,25312,904,26216,248
2021-01-20,Santa Clara,85,1922200,97786,94995,446,95441,1040
2021-01-20,Santa Cruz,87,273765,13682,12460,683,13143,107
2021-01-20,Shasta,89,179085,10015,9697,1053,10750,98
2021-01-20,Sierra,91,2930,45,40,14,54,0
2021-01-20,Siskiyou,93,43540,1255,1163,200,1363,4
2021-01-20,Solano,95,438530,26707,25659,295,25954,106
2021-01-20,Sonoma,97,501317,25039,24262,128,24390,223
2021-01-20,Stanislaus,99,539301,44717,42955,4667,47622,585
2021-01-20,Sutter,101,95872,7968,7772,78,7850,80
2021-01-20,Tehama,103,63373,4064,3892,467,4359,19
2021-01-20,Trinity,105,12862,319,260,34,294,3
2021-01-20,Tulare,107,460477,43389,41799,6418,48217,559
2021-01-20,Tuolumne,109,53932,3427,3355,28,3383,29
2021-01-20,Ventura,111,848112,65798,63413,2426,65839,395
2021-01-20,Yolo,113,214977,11579,10852,134,10986,141
2021-01-20,Yuba,115,75493,4926,4729,65,4794,29
2021-01-19,Alameda,1,1643700,70570,68434,1550,69984,680
2021-01-19,Alpine,3,1148,74,71,0,71,0
2021-01-19,Amador,5,37829,3071,3024,26,3050,28
2021-01-19,Butte,7,227075,10079,9528,1442,10970,129
2021-01-19,Calaveras,9,45235,1648,1621,8,1629,21
2021-01-19,Colusa,11,21464,1674,1617,180,1797,7
2021-01-19,Contra Costa,13,1133247,55024,52730,941,53671,448
2021-01-19,Del Norte,15,27424,853,843,0,843,2
2021-01-19,El Dorado,17,186661,8214,7743,565,8308,47
2021-01-19,Fresno,19,978130,87053,83200,6800,90000,857
2021-01-19,Glenn,21,27897,2028,1948,417,2365,13
2021-01-19,Humboldt,23,135768,2563,2359,12,2371,22
2021-01-19,Imperial,25,180216,25900,25333,2348,27681,452
2021-01-19,Inyo,27,18085,1007,891,1,892,26
2021-01-19,Kern,29,883053,83918,80272,7933,88205,742
2021-01-19,Kings,31,150075,20070,19375,860,20235,143
2021-01-19,Lake,33,64148,2734,2625,0,2625,31
2021-01-19,Lassen,35,31185,4855,4753,82,4835,1
2021-01-19,Los Angeles,37,10098052,1061586,1010375,36014,1046389,14014
2021-01-19,Madera,39,155013,14067,13528,692,14220,86
2021-01-19,Marin,41,260295,11870,11654,123,11777,169
2021-01-19,Mariposa,43,17540,340,322,3,325,3
2021-01-19,Mendocino,45,87422,3117,2930,53,2983,32
2021-01-19,Merced,47,269075,24784,24108,649,24757,242
2021-01-19,Modoc,49,8938,298,281,92,373,0
2021-01-19,Mono,51,14174,1095,1106,11,1117,3
2021-01-19,Monterey,53,433212,37322,35840,1271,37111,248
2021-01-19,Napa,55,140530,8005,7672,30,7702,38
2021-01-19,Nevada,57,99092,3437,3216,137,3353,18
2021-01-19,Orange,59,3164182,222470,215244,9263,224507,2468
2021-01-19,Placer,61,380077,18511,17348,917,18265,182
2021-01-19,Plumas,63,18699,593,509,11,520,2
2021-01-19,Riverside,65,2383286,256496,246248,12849,259097,2585
2021-01-19,Sacramento,67,1510023,83612,81183,993,82176,1053
2021-01-19,San Benito,69,59416,5157,4988,60,5048,35
2021-01-19,San Bernardino,71,2135413,265122,253651,7671,261322,1777
2021-01-19,San Diego,73,3302833,231665,216833,0,216833,2109
2021-01-19,San Francisco,75,870044,30239,29502,715,30217,261
2021-01-19,San Joaquin,77,732212,59687,57655,2461,60116,782
2021-01-19,San Luis Obispo,79,281455,16762,15855,449,16304,161
2021-01-19,San Mateo,81,765935,34797,32730,277,33007,208
2021-01-19,Santa Barbara,83,443738,27085,24991,885,25876,236
2021-01-19,Santa Clara,85,1922200,97001,94483,444,94927,1010
2021-01-19,Santa Cruz,87,273765,13567,12410,673,13083,106
2021-01-19,Shasta,89,179085,9979,9614,1043,10657,93
2021-01-19,Sierra,91,2930,45,40,12,52,0
2021-01-19,Siskiyou,93,43540,1247,1149,199,1348,4
2021-01-19,Solano,95,438530,26460,25520,295,25815,106
2021-01-19,Sonoma,97,501317,24861,24133,126,24259,223
2021-01-19,Stanislaus,99,539301,44367,42723,4611,47334,561
2021-01-19,Sutter,101,95872,7917,7709,72,7781,80
2021-01-19,Tehama,103,63373,4030,3876,465,4341,19
2021-01-19,Trinity,105,12862,318,260,34,294,3
2021-01-19,Tulare,107,460477,43117,41559,6315,47874,549
2021-01-19,Tuolumne,109,53932,3400,3328,28,3356,29
2021-01-19,Ventura,111,848112,65122,62656,2399,65055,383
2021-01-19,Yolo,113,214977,11499,10789,134,10923,134
2021-01-19,Yuba,115,75493,4892,4695,64,4759,29
2021-01-18,Alameda,1,1643700,69889,67938,1533,69471,680
2021-01-18,Alpine,3,1148,74,71,0,71,0
2021-01-18,Amador,5,37829,3057,3016,26,3042,28
2021-01-18,Butte,7,227075,9992,9474,1429,10903,129
2021-01-18,Calaveras,9,45235,1630,1617,7,1624,21
2021-01-18,Colusa,11,21464,1657,1608,175,1783,7
2021-01-18,Contra Costa,13,1133247,54504,52323,933,53256,448
2021-01-18,Del Norte,15,27424,852,840,0,840,2
2021-01-18,El Dorado,17,186661,8145,7707,563,8270,47
2021-01-18,Fresno,19,978130,86444,82485,6730,89215,857
2021-01-18,Glenn,21,27897,2011,1935,413,2348,13
2021-01-18,Humboldt,23,135768,2525,2343,12,2355,22
2021-01-18,Imperial,25,180216,25833,25317,2320,27637,452
2021-01-18,Inyo,27,18085,995,872,1,873,26
2021-01-18,Kern,29,883053,83280,79930,7840,87770,740
2021-01-18,Kings,31,150075,19902,19267,847,20114,141
2021-01-18,Lake,33,64148,2717,2591,0,2591,30
2021-01-18,Lassen,35,31185,4819,4749,81,4830,1
2021-01-18,Los Angeles,37,10098052,1052107,1002614,35713,1038327,13828
2021-01-18,Madera,39,155013,13953,13443,684,14127,85
2021-01-18,Marin,41,260295,11820,11607,121,11728,165
2021-01-18,Mariposa,43,17540,337,320,2,322,3
2021-01-18,Mendocino,45,87422,3094,2919,53,2972,31
2021-01-18,Merced,47,269075,24539,23927,632,24559,242
2021-01-18,Modoc,49,8938,295,281,89,370,0
2021-01-18,Mono,51,14174,1092,1101,11,1112,3
2021-01-18,Monterey,53,433212,36849,35549,1253,36802,247
2021-01-18,Napa,55,140530,7931,7601,30,7631,38
2021-01-18,Nevada,57,99092,3399,3199,136,3335,17
2021-01-18,Orange,59,3164182,220543,213866,9202,223068,2405
2021-01-18,Placer,61,380077,18394,17263,907,18170,182
2021-01-18,Plumas,63,18699,589,506,11,517,2
2021-01-18,Riverside,65,2383286,254220,244151,12757,256908,2568
2021-01-18,Sacramento,67,1510023,82935,80546,977,81523,1046
2021-01-18,San Benito,69,59416,5106,4963,58,5021,35
2021-01-18,San Bernardino,71,2135413,263329,252808,7613,260421,1775
2021-01-18,San Diego,73,3302833,229023,214335,0,214335,2103
2021-01-18,San Francisco,75,870044,30033,29321,691,30012,259
2021-01-18,San Joaquin,77,732212,59164,57405,2438,59843,782
2021-01-18,San Luis Obispo,79,281455,16575,15742,439,16181,158
2021-01-18,San Mateo,81,765935,34487,32515,258,32773,208
2021-01-18,Santa Barbara,83,443738,26712,24638,871,25509,235
2021-01-18,Santa Clara,85,1922200,96101,93688,440,94128,992
2021-01-18,Santa Cruz,87,273765,13435,12298,660,12958,106
2021-01-18,Shasta,89,179085,9941,9600,1031,10631,92
2021-01-18,Sierra,91,2930,44,40,12,52,0
2021-01-18,Siskiyou,93,43540,1235,1144,197,1341,4
2021-01-18,Solano,95,438530,26175,25344,290,25634,105
2021-01-18,Sonoma,97,501317,24586,24068,125,24193,223
2021-01-18,Stanislaus,99,539301,44010,42413,4561,46974,562
2021-01-18,Sutter,101,95872,7860,7680,69,7749,78
2021-01-18,Tehama,103,63373,3983,3854,458,4312,19
2021-01-18,Trinity,105,12862,318,260,34,294,3
2021-01-18,Tulare,107,460477,42832,41196,6196,47392,549
2021-01-18,Tuolumne,109,53932,3377,3318,27,3345,28
2021-01-18,Ventura,111,848112,64694,61859,2376,64235,379
2021-01-18,Yolo,113,214977,11366,10620,131,10751,134
2021-01-18,Yuba,115,75493,4864,4671,62,4733,29
2021-01-17,Alameda,1,1643700,69314,67375,1513,68888,676
2021-01-17,Alpine,3,1148,74,71,0,71,0
2021-01-17,Amador,5,37829,3050,3001,26,3027,28
2021-01-17,Butte,7,227075,9920,9411,1407,10818,129
2021-01-17,Calaveras,9,45235,1618,1608,7,1615,21
2021-01-17,Colusa,11,21464,1644,1588,169,1757,7
2021-01-17,Contra Costa,13,1133247,54009,51932,926,52858,447
2021-01-17,Del Norte,15,27424,852,838,0,838,2
2021-01-17,El Dorado,17,186661,8089,7659,550,8209,47
2021-01-17,Fresno,19,978130,85890,82039,6653,88692,857
2021-01-17,Glenn,21,27897,1999,1924,408,2332,9
2021-01-17,Humboldt,23,135768,2487,2322,10,2332,22
2021-01-17,Imperial,25,180216,25762,25253,2275,27528,451
2021-01-17,Inyo,27,18085,989,864,1,865,26
2021-01-17,Kern,29,883053,82732,79489,7754,87243,738
2021-01-17,Kings,31,150075,19766,19201,833,20034,131
2021-01-17,Lake,33,64148,2699,2572,0,2572,30
2021-01-17,Lassen,35,31185,4811,4740,80,4820,1
2021-01-17,Los Angeles,37,10098052,1045509,993028,35284,1028312,13741
2021-01-17,Madera,39,155013,13861,13328,678,14006,85
2021-01-17,Marin,41,260295,11768,11552,119,11671,164
2021-01-17,Mariposa,43,17540,337,319,2,321,3
2021-01-17,Mendocino,45,87422,3066,2912,52,2964,31
2021-01-17,Merced,47,269075,24325,23800,618,24418,242
2021-01-17,Modoc,49,8938,294,279,89,368,0
2021-01-17,Mono,51,14174,1086,1091,10,1101,3
2021-01-17,Monterey,53,433212,36617,35340,1228,36568,244
2021-01-17,Napa,55,140530,7875,7521,30,7551,38
2021-01-17,Nevada,57,99092,3374,3176,134,3310,17
2021-01-17,Orange,59,3164182,218530,212389,9122,221511,2359
2021-01-17,Placer,61,380077,18274,17194,891,18085,181
2021-01-17,Plumas,63,18699,588,505,10,515,2
2021-01-17,Riverside,65,2383286,252133,242206,12632,254838,2534
2021-01-17,Sacramento,67,1510023,82341,80154,963,81117,1045
2021-01-17,San Benito,69,59416,5068,4941,58,4999,35
2021-01-17,San Bernardino,71,2135413,261196,251487,7523,259010,1775
2021-01-17,San Diego,73,3302833,226830,211785,0,211785,2103
2021-01-17,San Francisco,75,870044,29846,29139,651,29790,255
2021-01-17,San Joaquin,77,732212,58798,57094,2422,59516,780
2021-01-17,San Luis Obispo,79,281455,16452,15658,430,16088,157
2021-01-17,San Mateo,81,765935,34235,32186,233,32419,208
2021-01-17,Santa Barbara,83,443738,26265,24401,855,25256,235
2021-01-17,Santa Clara,85,1922200,95342,92752,438,93190,976
2021-01-17,Santa Cruz,87,273765,13323,12196,657,12853,106
2021-01-17,Shasta,89,179085,9883,9588,1023,10611,92
2021-01-17,Sierra,91,2930,44,38,11,49,0
2021-01-17,Siskiyou,93,43540,1228,1136,194,1330,4
2021-01-17,Solano,95,438530,25944,25216,288,25504,105
2021-01-17,Sonoma,97,501317,24412,23871,125,23996,223
2021-01-17,Stanislaus,99,539301,43693,42221,4509,46730,562
2021-01-17,Sutter,101,95872,7797,7604,67,7671,77
2021-01-17,Tehama,103,63373,3954,3837,453,4290,18
2021-01-17,Trinity,105,12862,318,261,34,295,3
2021-01-17,Tulare,107,460477,42547,41016,6067,47083,549
2021-01-17,Tuolumne,109,53932,3360,3287,27,3314,27
2021-01-17,Ventura,111,848112,63853,61257,2328,63585,376
2021-01-17,Yolo,113,214977,11264,10519,130,10649,134
2021-01-17,Yuba,115,75493,4813,4640,60,4700,28
2021-01-16,Alameda,1,1643700,69007,66583,1499,68082,673
2021-01-16,Alpine,3,1148,74,71,0,71,0
2021-01-16,Amador,5,37829,3047,2986,26,3012,28
2021-01-16,Butte,7,227075,9890,9359,1387,10746,129
2021-01-16,Calaveras,9,45235,1607,1596,7,1603,21
2021-01-16,Colusa,11,21464,1632,1578,169,1747,7
2021-01-16,Contra Costa,13,1133247,53752,51363,917,52280,443
2021-01-16,Del Norte,15,27424,847,833,0,833,2
2021-01-16,El Dorado,17,186661,8067,7575,549,8124,47
2021-01-16,Fresno,19,978130,85619,81294,6599,87893,846
2021-01-16,Glenn,21,27897,1995,1894,404,2298,9
2021-01-16,Humboldt,23,135768,2467,2294,8,2302,22
2021-01-16,Imperial,25,180216,25729,25140,2268,27408,451
2021-01-16,Inyo,27,18085,985,845,1,846,25
2021-01-16,Kern,29,883053,82369,78865,7698,86563,733
2021-01-16,Kings,31,150075,19710,19072,830,19902,131
2021-01-16,Lake,33,64148,2690,2504,0,2504,30
2021-01-16,Lassen,35,31185,4801,4719,80,4799,1
2021-01-16,Los Angeles,37,10098052,1041444,982684,35034,1017718,13654
2021-01-16,Madera,39,155013,13797,13193,674,13867,85
2021-01-16,Marin,41,260295,11724,11482,119,11601,164
2021-01-16,Mariposa,43,17540,336,317,2,319,3
2021-01-16,Mendocino,45,87422,3052,2890,50,2940,31
2021-01-16,Merced,47,269075,24236,23478,606,24084,242
2021-01-16,Modoc,49,8938,294,278,89,367,0
2021-01-16,Mono,51,14174,1085,1079,10,1089,3
2021-01-16,Monterey,53,433212,36520,34972,1210,36182,243
2021-01-16,Napa,55,140530,7836,7356,30,7386,39
2021-01-16,Nevada,57,99092,3341,3144,134,3278,17
2021-01-16,Orange,59,3164182,217495,210111,9063,219174,2312
2021-01-16,Placer,61,380077,18215,16995,889,17884,177
2021-01-16,Plumas,63,18699,586,502,10,512,2
2021-01-16,Riverside,65,2383286,250783,239412,12510,251922,2506
2021-01-16,Sacramento,67,1510023,81969,79122,945,80067,1033
2021-01-16,San Benito,69,59416,5032,4875,58,4933,35
2021-01-16,San Bernardino,71,2135413,260433,249401,7457,256858,1755
2021-01-16,San Diego,73,3302833,225534,209895,0,209895,2065
2021-01-16,San Francisco,75,870044,29719,28853,619,29472,244
2021-01-16,San Joaquin,77,732212,58557,56642,2389,59031,776
2021-01-16,San Luis Obispo,79,281455,16353,15466,428,15894,152
2021-01-16,San Mateo,81,765935,34067,31805,227,32032,208
2021-01-16,Santa Barbara,83,443738,26071,24088,847,24935,229
2021-01-16,Santa Clara,85,1922200,94881,91584,431,92015,954
2021-01-16,Santa Cruz,87,273765,13264,12026,655,12681,106
2021-01-16,Shasta,89,179085,9850,9547,1019,10566,92
2021-01-16,Sierra,91,2930,43,38,11,49,0
2021-01-16,Siskiyou,93,43540,1224,1124,194,1318,4
2021-01-16,Solano,95,438530,25839,24732,281,25013,103
2021-01-16,Sonoma,97,501317,24328,23607,124,23731,223
2021-01-16,Stanislaus,99,539301,43504,41809,4459,46268,562
2021-01-16,Sutter,101,95872,7765,7560,67,7627,76
2021-01-16,Tehama,103,63373,3941,3783,453,4236,18
2021-01-16,Trinity,105,12862,318,261,34,295,3
2021-01-16,Tulare,107,460477,42361,40655,5991,46646,542
2021-01-16,Tuolumne,109,53932,3353,3269,27,3296,27
2021-01-16,Ventura,111,848112,63300,60368,2298,62666,369
2021-01-16,Yolo,113,214977,11214,10406,129,10535,134
2021-01-16,Yuba,115,75493,4782,4602,60,4662,27
2021-01-15,Alameda,1,1643700,68584,65416,1488,66904,672
2021-01-15,Alpine,3,1148,74,71,0,71,0
2021-01-15,Amador,5,37829,3040,2953,26,2979,28
2021-01-15,Butte,7,227075,9852,9233,1369,10602,129
2021-01-15,Calaveras,9,45235,1600,1538,7,1545,21
2021-01-15,Colusa,11,21464,1621,1541,165,1706,7
2021-01-15,Contra Costa,13,1133247,53427,50408,910,51318,428
2021-01-15,Del Norte,15,27424,843,828,0,828,2
2021-01-15,El Dorado,17,186661,8019,7439,540,7979,47
2021-01-15,Fresno,19,978130,85081,79950,6565,86515,832
2021-01-15,Glenn,21,27897,1990,1824,402,2226,9
2021-01-15,Humboldt,23,135768,2440,2218,7,2225,22
2021-01-15,Imperial,25,180216,25695,24944,2264,27208,446
2021-01-15,Inyo,27,18085,967,814,1,815,25
2021-01-15,Kern,29,883053,81960,77873,7633,85506,719
2021-01-15,Kings,31,150075,19603,18661,822,19483,131
2021-01-15,Lake,33,64148,2662,2434,0,2434,28
2021-01-15,Lassen,35,31185,4790,4693,78,4771,1
2021-01-15,Los Angeles,37,10098052,1034425,968979,34731,1003710,13404
2021-01-15,Madera,39,155013,13708,12883,671,13554,85
2021-01-15,Marin,41,260295,11674,11310,119,11429,160
2021-01-15,Mariposa,43,17540,334,307,2,309,3
2021-01-15,Mendocino,45,87422,3041,2835,50,2885,31
2021-01-15,Merced,47,269075,24123,23060,602,23662,239
2021-01-15,Modoc,49,8938,294,278,87,365,0
2021-01-15,Mono,51,14174,1082,1057,10,1067,3
2021-01-15,Monterey,53,433212,36311,34460,1150,35610,243
2021-01-15,Napa,55,140530,7774,7231,30,7261,38
2021-01-15,Nevada,57,99092,3328,3099,130,3229,17
2021-01-15,Orange,59,3164182,216131,207129,9011,216140,2254
2021-01-15,Placer,61,380077,18114,16712,879,17591,173
2021-01-15,Plumas,63,18699,583,499,10,509,2
2021-01-15,Riverside,65,2383286,248952,235235,12431,247666,2458
2021-01-15,Sacramento,67,1510023,81551,80279,937,81216,1023
2021-01-15,San Benito,69,59416,4988,4766,56,4822,35
2021-01-15,San Bernardino,71,2135413,259284,246182,7399,253581,1726
2021-01-15,San Diego,73,3302833,223786,206868,0,206868,2037
2021-01-15,San Francisco,75,870044,29549,28574,597,29171,242
2021-01-15,San Joaquin,77,732212,58327,55885,2374,58259,748
2021-01-15,San Luis Obispo,79,281455,16221,15129,422,15551,148
2021-01-15,San Mateo,81,765935,33823,31291,223,31514,208
2021-01-15,Santa Barbara,83,443738,25796,23487,835,24322,226
2021-01-15,Santa Clara,85,1922200,94232,90103,426,90529,942
2021-01-15,Santa Cruz,87,273765,13155,11776,640,12416,105
2021-01-15,Shasta,89,179085,9811,9459,1011,10470,91
2021-01-15,Sierra,91,2930,42,36,10,46,0
2021-01-15,Siskiyou,93,43540,1220,1119,193,1312,4
2021-01-15,Solano,95,438530,25690,24222,278,24500,103
2021-01-15,Sonoma,97,501317,24198,23204,123,23327,222
2021-01-15,Stanislaus,99,539301,43261,41178,4421,45599,562
2021-01-15,Sutter,101,95872,7718,7484,66,7550,75
2021-01-15,Tehama,103,63373,3920,3714,452,4166,17
2021-01-15,Trinity,105,12862,318,262,34,296,3
2021-01-15,Tulare,107,460477,42112,39951,5906,45857,535
2021-01-15,Tuolumne,109,53932,3337,3231,27,3258,27
2021-01-15,Ventura,111,848112,62556,59061,2264,61325,353
2021-01-15,Yolo,113,214977,11156,10240,128,10368,134
2021-01-15,Yuba,115,75493,4761,4549,60,4609,27
2021-01-14,Alameda,1,1643700,67945,64364,1473,65837,686
2021-01-14,Alpine,3,1148,74,71,0,71,0
2021-01-14,Amador,5,37829,3034,2940,26,2966,28
2021-01-14,Butte,7,227075,9768,9127,1347,10474,129
2021-01-14,Calaveras,9,45235,1583,1513,7,1520,21
2021-01-14,Colusa,11,21464,1606,1535,162,1697,7
2021-01-14,Contra Costa,13,1133247,52873,49545,893,50438,415
2021-01-14,Del Norte,15,27424,837,821,0,821,2
2021-01-14,El Dorado,17,186661,7946,7321,531,7852,45
2021-01-14,Fresno,19,978130,84449,79033,6491,85524,814
2021-01-14,Glenn,21,27897,1977,1798,397,2195,9
2021-01-14,Humboldt,23,135768,2397,2169,7,2176,22
2021-01-14,Imperial,25,180216,25588,24882,2228,27110,447
2021-01-14,Inyo,27,18085,960,790,1,791,25
2021-01-14,Kern,29,883053,81297,77070,7529,84599,705
2021-01-14,Kings,31,150075,19474,18405,816,19221,108
2021-01-14,Lake,33,64148,2619,2378,0,2378,27
2021-01-14,Lassen,35,31185,4780,4673,76,4749,1
2021-01-14,Los Angeles,37,10098052,1024395,954652,34331,988983,13147
2021-01-14,Madera,39,155013,13592,12742,659,13401,85
2021-01-14,Marin,41,260295,11599,11155,118,11273,159
2021-01-14,Mariposa,43,17540,331,302,2,304,3
2021-01-14,Mendocino,45,87422,3027,2801,48,2849,31
2021-01-14,Merced,47,269075,23895,22780,592,23372,239
2021-01-14,Modoc,49,8938,294,273,87,360,0
2021-01-14,Mono,51,14174,1074,1020,10,1030,3
2021-01-14,Monterey,53,433212,35904,34105,1132,35237,242
2021-01-14,Napa,55,140530,7689,7117,30,7147,38
2021-01-14,Nevada,57,99092,3301,3075,128,3203,17
2021-01-14,Orange,59,3164182,214203,204442,8918,213360,2162
2021-01-14,Placer,61,380077,17953,16488,871,17359,169
2021-01-14,Plumas,63,18699,575,496,10,506,2
2021-01-14,Riverside,65,2383286,246335,231684,12327,244011,2357
2021-01-14,Sacramento,67,1510023,80914,79137,912,80049,1007
2021-01-14,San Benito,69,59416,4950,4678,55,4733,35
2021-01-14,San Bernardino,71,2135413,257326,243379,7323,250702,1750
2021-01-14,San Diego,73,3302833,221396,204173,0,204173,2005
2021-01-14,San Francisco,75,870044,29306,28200,544,28744,238
2021-01-14,San Joaquin,77,732212,57815,55058,2359,57417,739
2021-01-14,San Luis Obispo,79,281455,16062,14851,412,15263,146
2021-01-14,San Mateo,81,765935,33458,30694,214,30908,208
2021-01-14,Santa Barbara,83,443738,25388,23126,808,23934,219
2021-01-14,Santa Clara,85,1922200,93341,88505,419,88924,910
2021-01-14,Santa Cruz,87,273765,13008,11583,624,12207,109
2021-01-14,Shasta,89,179085,9763,9334,994,10328,90
2021-01-14,Sierra,91,2930,42,35,9,44,0
2021-01-14,Siskiyou,93,43540,1209,1108,189,1297,3
2021-01-14,Solano,95,438530,25429,23782,274,24056,103
2021-01-14,Sonoma,97,501317,23946,22910,123,23033,202
2021-01-14,Stanislaus,99,539301,42942,40597,4379,44976,574
2021-01-14,Sutter,101,95872,7659,7416,63,7479,74
2021-01-14,Tehama,103,63373,3890,3664,448,4112,17
2021-01-14,Trinity,105,12862,318,261,33,294,3
2021-01-14,Tulare,107,460477,41732,39565,5793,45358,533
2021-01-14,Tuolumne,109,53932,3317,3215,27,3242,28
2021-01-14,Ventura,111,848112,61685,57941,2226,60167,347
2021-01-14,Yolo,113,214977,11045,10097,122,10219,135
2021-01-14,Yuba,115,75493,4729,4496,60,4556,27
2021-01-13,Alameda,1,1643700,67197,63568,1454,65022,690
2021-01-13,Alpine,3,1148,74,71,0,71,0
2021-01-13,Amador,5,37829,3020,2914,26,2940,26
2021-01-13,Butte,7,227075,9689,9013,1332,10345,126
2021-01-13,Calaveras,9,45235,1562,1493,7,1500,21
2021-01-13,Colusa,11,21464,1594,1524,157,1681,7
2021-01-13,Contra Costa,13,1133247,52298,48877,880,49757,403
2021-01-13,Del Norte,15,27424,833,820,0,820,2
2021-01-13,El Dorado,17,186661,7853,7247,523,7770,43
2021-01-13,Fresno,19,978130,83742,78278,6438,84716,804
2021-01-13,Glenn,21,27897,1963,1792,389,2181,9
2021-01-13,Humboldt,23,135768,2365,2114,7,2121,22
2021-01-13,Imperial,25,180216,25460,24717,2196,26913,463
2021-01-13,Inyo,27,18085,948,785,1,786,25
2021-01-13,Kern,29,883053,80633,76049,7438,83487,704
2021-01-13,Kings,31,150075,19309,18121,790,18911,108
2021-01-13,Lake,33,64148,2575,2305,0,2305,27
2021-01-13,Lassen,35,31185,4773,4663,75,4738,1
2021-01-13,Los Angeles,37,10098052,1013760,937985,33898,971883,12873
2021-01-13,Madera,39,155013,13468,12570,653,13223,85
2021-01-13,Marin,41,260295,11542,11039,118,11157,161
2021-01-13,Mariposa,43,17540,329,304,2,306,3
2021-01-13,Mendocino,45,87422,3007,2790,48,2838,31
2021-01-13,Merced,47,269075,23656,22497,580,23077,241
2021-01-13,Modoc,49,8938,293,274,84,358,0
2021-01-13,Mono,51,14174,1070,1017,10,1027,3
2021-01-13,Monterey,53,433212,35488,33748,1107,34855,241
2021-01-13,Napa,55,140530,7575,7028,30,7058,36
2021-01-13,Nevada,57,99092,3278,3037,124,3161,17
2021-01-13,Orange,59,3164182,212125,201158,8849,210007,2172
2021-01-13,Placer,61,380077,17827,16272,857,17129,172
2021-01-13,Plumas,63,18699,573,490,10,500,2
2021-01-13,Riverside,65,2383286,243240,228192,12202,240394,2278
2021-01-13,Sacramento,67,1510023,80261,78268,905,79173,996
2021-01-13,San Benito,69,59416,4896,4583,54,4637,35
2021-01-13,San Bernardino,71,2135413,254960,240191,7247,247438,1759
2021-01-13,San Diego,73,3302833,218783,201578,0,201578,1952
2021-01-13,San Francisco,75,870044,29068,27863,520,28383,238
2021-01-13,San Joaquin,77,732212,57190,54373,2327,56700,738
2021-01-13,San Luis Obispo,79,281455,15910,14625,401,15026,140
2021-01-13,San Mateo,81,765935,33115,30195,212,30407,207
2021-01-13,Santa Barbara,83,443738,24959,22714,782,23496,216
2021-01-13,Santa Clara,85,1922200,92366,87187,416,87603,911
2021-01-13,Santa Cruz,87,273765,12836,11423,610,12033,110
2021-01-13,Shasta,89,179085,9700,9180,979,10159,93
2021-01-13,Sierra,91,2930,42,33,9,42,0
2021-01-13,Siskiyou,93,43540,1203,1102,185,1287,3
2021-01-13,Solano,95,438530,25150,23503,273,23776,105
2021-01-13,Sonoma,97,501317,23695,22610,122,22732,206
2021-01-13,Stanislaus,99,539301,42545,40167,4323,44490,574
2021-01-13,Sutter,101,95872,7613,7350,62,7412,73
2021-01-13,Tehama,103,63373,3841,3589,443,4032,17
2021-01-13,Trinity,105,12862,318,260,33,293,3
2021-01-13,Tulare,107,460477,41330,39129,5682,44811,522
2021-01-13,Tuolumne,109,53932,3303,3196,27,3223,28
2021-01-13,Ventura,111,848112,60676,56453,2187,58640,338
2021-01-13,Yolo,113,214977,10943,9933,118,10051,135
2021-01-13,Yuba,115,75493,4687,4448,57,4505,27
2021-01-12,Alameda,1,1643700,66391,62642,1434,64076,677
2021-01-12,Alpine,3,1148,74,71,0,71,0
2021-01-12,Amador,5,37829,3003,2897,26,2923,26
2021-01-12,Butte,7,227075,9606,8883,1311,10194,124
2021-01-12,Calaveras,9,45235,1525,1475,7,1482,21
2021-01-12,Colusa,11,21464,1582,1510,153,1663,7
2021-01-12,Contra Costa,13,1133247,51653,48242,864,49106,399
2021-01-12,Del Norte,15,27424,829,816,0,816,2
2021-01-12,El Dorado,17,186661,7770,7156,512,7668,41
2021-01-12,Fresno,19,978130,82879,77651,6368,84019,796
2021-01-12,Glenn,21,27897,1935,1781,383,2164,9
2021-01-12,Humboldt,23,135768,2311,2077,6,2083,22
2021-01-12,Imperial,25,180216,25373,24566,2154,26720,457
2021-01-12,Inyo,27,18085,931,773,1,774,25
2021-01-12,Kern,29,883053,79933,75320,7335,82655,689
2021-01-12,Kings,31,150075,19103,18072,776,18848,108
2021-01-12,Lake,33,64148,2527,2260,0,2260,27
2021-01-12,Lassen,35,31185,4751,4659,73,4732,1
2021-01-12,Los Angeles,37,10098052,1002147,926295,33472,959767,12610
2021-01-12,Madera,39,155013,13327,12485,645,13130,85
2021-01-12,Marin,41,260295,11433,10960,118,11078,157
2021-01-12,Mariposa,43,17540,327,302,2,304,3
2021-01-12,Mendocino,45,87422,2987,2762,44,2806,31
2021-01-12,Merced,47,269075,23406,22172,557,22729,239
2021-01-12,Modoc,49,8938,291,274,84,358,0
2021-01-12,Mono,51,14174,1061,1008,10,1018,3
2021-01-12,Monterey,53,433212,34989,33381,1085,34466,240
2021-01-12,Napa,55,140530,7492,6936,30,6966,36
2021-01-12,Nevada,57,99092,3250,3014,122,3136,17
2021-01-12,Orange,59,3164182,209800,198260,8762,207022,2142
2021-01-12,Placer,61,380077,17646,16087,851,16938,163
2021-01-12,Plumas,63,18699,567,483,10,493,2
2021-01-12,Riverside,65,2383286,240127,225580,12057,237637,2266
2021-01-12,Sacramento,67,1510023,79516,77201,896,78097,985
2021-01-12,San Benito,69,59416,4829,4515,54,4569,35
2021-01-12,San Bernardino,71,2135413,252392,237008,7172,244180,1739
2021-01-12,San Diego,73,3302833,215873,198317,0,198317,1898
2021-01-12,San Francisco,75,870044,28792,27531,484,28015,238
2021-01-12,San Joaquin,77,732212,56540,53630,2296,55926,725
2021-01-12,San Luis Obispo,79,281455,15664,14367,393,14760,132
2021-01-12,San Mateo,81,765935,32727,29747,200,29947,206
2021-01-12,Santa Barbara,83,443738,24551,22182,752,22934,209
2021-01-12,Santa Clara,85,1922200,91306,86075,407,86482,904
2021-01-12,Santa Cruz,87,273765,12621,11267,593,11860,110
2021-01-12,Shasta,89,179085,9627,9086,966,10052,84
2021-01-12,Sierra,91,2930,40,33,8,41,0
2021-01-12,Siskiyou,93,43540,1193,1091,179,1270,3
2021-01-12,Solano,95,438530,24846,23160,268,23428,102
2021-01-12,Sonoma,97,501317,23391,22403,122,22525,205
2021-01-12,Stanislaus,99,539301,42094,39615,4287,43902,571
2021-01-12,Sutter,101,95872,7550,7276,61,7337,73
2021-01-12,Tehama,103,63373,3806,3567,439,4006,17
2021-01-12,Trinity,105,12862,318,258,33,291,3
2021-01-12,Tulare,107,460477,40881,38797,5560,44357,509
2021-01-12,Tuolumne,109,53932,3269,3178,27,3205,28
2021-01-12,Ventura,111,848112,59709,55342,2154,57496,324
2021-01-12,Yolo,113,214977,10805,9857,107,9964,133
2021-01-12,Yuba,115,75493,4647,4389,57,4446,27
2021-01-11,Alameda,1,1643700,65542,61949,1416,63365,652
2021-01-11,Alpine,3,1148,74,70,0,70,0
2021-01-11,Amador,5,37829,2989,2867,26,2893,24
2021-01-11,Butte,7,227075,9494,8757,1293,10050,119
2021-01-11,Calaveras,9,45235,1507,1460,7,1467,21
2021-01-11,Colusa,11,21464,1564,1494,149,1643,7
2021-01-11,Contra Costa,13,1133247,50980,47728,854,48582,398
2021-01-11,Del Norte,15,27424,825,810,0,810,2
2021-01-11,El Dorado,17,186661,7678,6987,502,7489,36
2021-01-11,Fresno,19,978130,82003,76581,6288,82869,775
2021-01-11,Glenn,21,27897,1906,1763,374,2137,9
2021-01-11,Humboldt,23,135768,2271,2069,6,2075,22
2021-01-11,Imperial,25,180216,25260,24418,2118,26536,453
2021-01-11,Inyo,27,18085,913,763,1,764,25
2021-01-11,Kern,29,883053,79081,74489,7231,81720,682
2021-01-11,Kings,31,150075,18839,17909,768,18677,108
2021-01-11,Lake,33,64148,2477,2205,0,2205,26
2021-01-11,Lassen,35,31185,4728,4647,72,4719,1
2021-01-11,Los Angeles,37,10098052,988998,914434,32979,947413,12304
2021-01-11,Madera,39,155013,13194,12366,634,13000,85
2021-01-11,Marin,41,260295,11337,10814,115,10929,156
2021-01-11,Mariposa,43,17540,320,296,2,298,3
2021-01-11,Mendocino,45,87422,2960,2728,44,2772,31
2021-01-11,Merced,47,269075,23082,21884,543,22427,238
2021-01-11,Modoc,49,8938,290,271,83,354,0
2021-01-11,Mono,51,14174,1055,1006,10,1016,3
2021-01-11,Monterey,53,433212,34454,32858,1022,33880,239
2021-01-11,Napa,55,140530,7389,6822,30,6852,36
2021-01-11,Nevada,57,99092,3223,2980,122,3102,17
2021-01-11,Orange,59,3164182,207239,196340,8661,205001,2113
2021-01-11,Placer,61,380077,17467,15919,838,16757,163
2021-01-11,Plumas,63,18699,563,477,10,487,2
2021-01-11,Riverside,65,2383286,236634,222907,11900,234807,2222
2021-01-11,Sacramento,67,1510023,78598,76009,879,76888,974
2021-01-11,San Benito,69,59416,4752,4482,47,4529,34
2021-01-11,San Bernardino,71,2135413,249569,235543,7070,242613,1739
2021-01-11,San Diego,73,3302833,212610,194793,0,194793,1857
2021-01-11,San Francisco,75,870044,28522,27264,460,27724,238
2021-01-11,San Joaquin,77,732212,55927,53002,2266,55268,725
2021-01-11,San Luis Obispo,79,281455,15294,14213,385,14598,126
2021-01-11,San Mateo,81,765935,32280,29355,187,29542,206
2021-01-11,Santa Barbara,83,443738,24114,21740,735,22475,200
2021-01-11,Santa Clara,85,1922200,90109,84851,398,85249,877
2021-01-11,Santa Cruz,87,273765,12444,11093,566,11659,106
2021-01-11,Shasta,89,179085,9529,8977,952,9929,81
2021-01-11,Sierra,91,2930,39,33,8,41,0
2021-01-11,Siskiyou,93,43540,1185,1087,176,1263,3
2021-01-11,Solano,95,438530,24526,22893,263,23156,101
2021-01-11,Sonoma,97,501317,23145,22191,122,22313,205
2021-01-11,Stanislaus,99,539301,41605,39149,4233,43382,571
2021-01-11,Sutter,101,95872,7492,7204,60,7264,71
2021-01-11,Tehama,103,63373,3742,3524,416,3940,17
2021-01-11,Trinity,105,12862,318,256,33,289,2
2021-01-11,Tulare,107,460477,40485,38380,5467,43847,497
2021-01-11,Tuolumne,109,53932,3258,3165,27,3192,27
2021-01-11,Ventura,111,848112,58576,54202,2127,56329,320
2021-01-11,Yolo,113,214977,10590,9699,105,9804,129
2021-01-11,Yuba,115,75493,4608,4349,50,4399,27
2021-01-10,Alameda,1,1643700,64565,61111,1387,62498,650
2021-01-10,Alpine,3,1148,74,70,0,70,0
2021-01-10,Amador,5,37829,2965,2861,26,2887,24
2021-01-10,Butte,7,227075,9378,8665,1266,9931,119
2021-01-10,Calaveras,9,45235,1481,1449,7,1456,21
2021-01-10,Colusa,11,21464,1540,1478,147,1625,7
2021-01-10,Contra Costa,13,1133247,50194,47109,836,47945,398
2021-01-10,Del Norte,15,27424,822,809,0,809,2
2021-01-10,El Dorado,17,186661,7591,6904,484,7388,36
2021-01-10,Fresno,19,978130,81193,75621,6166,81787,775
2021-01-10,Glenn,21,27897,1882,1746,366,2112,9
2021-01-10,Humboldt,23,135768,2210,2049,6,2055,22
2021-01-10,Imperial,25,180216,25100,24233,2063,26296,453
2021-01-10,Inyo,27,18085,885,748,1,749,25
2021-01-10,Kern,29,883053,78258,73712,7095,80807,679
2021-01-10,Kings,31,150075,18620,17812,760,18572,108
2021-01-10,Lake,33,64148,2425,2174,0,2174,26
2021-01-10,Lassen,35,31185,4706,4642,71,4713,1
2021-01-10,Los Angeles,37,10098052,974463,901783,32318,934101,12170
2021-01-10,Madera,39,155013,13007,12179,619,12798,85
2021-01-10,Marin,41,260295,11218,10737,113,10850,155
2021-01-10,Mariposa,43,17540,320,291,2,293,3
2021-01-10,Mendocino,45,87422,2929,2706,41,2747,31
2021-01-10,Merced,47,269075,22807,21691,533,22224,238
2021-01-10,Modoc,49,8938,290,271,81,352,0
2021-01-10,Mono,51,14174,1038,965,10,975,3
2021-01-10,Monterey,53,433212,34014,32571,990,33561,237
2021-01-10,Napa,55,140530,7287,6687,28,6715,36
2021-01-10,Nevada,57,99092,3204,2959,118,3077,17
2021-01-10,Orange,59,3164182,204493,193766,8537,202303,2104
2021-01-10,Placer,61,380077,17291,15779,816,16595,163
2021-01-10,Plumas,63,18699,553,477,10,487,2
2021-01-10,Riverside,65,2383286,233299,219486,11707,231193,2216
2021-01-10,Sacramento,67,1510023,77644,75394,851,76245,965
2021-01-10,San Benito,69,59416,4658,4434,46,4480,34
2021-01-10,San Bernardino,71,2135413,245962,232171,6966,239137,1736
2021-01-10,San Diego,73,3302833,208956,191886,0,191886,1857
2021-01-10,San Francisco,75,870044,28141,27054,424,27478,238
2021-01-10,San Joaquin,77,732212,55067,52535,2232,54767,725
2021-01-10,San Luis Obispo,79,281455,14966,13968,371,14339,122
2021-01-10,San Mateo,81,765935,31793,28972,172,29144,206
2021-01-10,Santa Barbara,83,443738,23571,21290,710,22000,200
2021-01-10,Santa Clara,85,1922200,88933,83779,387,84166,858
2021-01-10,Santa Cruz,87,273765,12233,10951,542,11493,106
2021-01-10,Shasta,89,179085,9419,8936,935,9871,81
2021-01-10,Sierra,91,2930,38,32,8,40,0
2021-01-10,Siskiyou,93,43540,1179,1075,173,1248,3
2021-01-10,Solano,95,438530,24125,22621,260,22881,101
2021-01-10,Sonoma,97,501317,22874,21925,122,22047,204
2021-01-10,Stanislaus,99,539301,41046,38809,4150,42959,571
2021-01-10,Sutter,101,95872,7431,7133,57,7190,71
2021-01-10,Tehama,103,63373,3670,3504,403,3907,17
2021-01-10,Trinity,105,12862,318,253,32,285,2
2021-01-10,Tulare,107,460477,40074,38012,5330,43342,497
2021-01-10,Tuolumne,109,53932,3224,3143,26,3169,27
2021-01-10,Ventura,111,848112,57308,53095,2081,55176,319
2021-01-10,Yolo,113,214977,10442,9610,104,9714,129
2021-01-10,Yuba,115,75493,4556,4300,47,4347,27
2021-01-09,Alameda,1,1643700,64057,60125,1369,61494,649
2021-01-09,Alpine,3,1148,74,70,0,70,0
2021-01-09,Amador,5,37829,2958,2809,26,2835,24
2021-01-09,Butte,7,227075,9297,8552,1242,9794,118
2021-01-09,Calaveras,9,45235,1471,1425,7,1432,21
2021-01-09,Colusa,11,21464,1534,1468,146,1614,7
2021-01-09,Contra Costa,13,1133247,49848,46406,822,47228,393
2021-01-09,Del Norte,15,27424,820,802,0,802,2
2021-01-09,El Dorado,17,186661,7559,6800,481,7281,36
2021-01-09,Fresno,19,978130,80785,74816,6124,80940,773
2021-01-09,Glenn,21,27897,1867,1707,361,2068,9
2021-01-09,Humboldt,23,135768,2192,2026,6,2032,22
2021-01-09,Imperial,25,180216,25033,24028,2048,26076,448
2021-01-09,Inyo,27,18085,875,734,1,735,25
2021-01-09,Kern,29,883053,77801,73015,7014,80029,677
2021-01-09,Kings,31,150075,18524,17679,756,18435,108
2021-01-09,Lake,33,64148,2392,2144,0,2144,26
2021-01-09,Lassen,35,31185,4694,4613,70,4683,1
2021-01-09,Los Angeles,37,10098052,968937,887949,31857,919806,12011
2021-01-09,Madera,39,155013,12922,12063,614,12677,85
2021-01-09,Marin,41,260295,11154,10634,112,10746,154
2021-01-09,Mariposa,43,17540,317,287,2,289,3
2021-01-09,Mendocino,45,87422,2911,2664,41,2705,31
2021-01-09,Merced,47,269075,22666,21357,523,21880,237
2021-01-09,Modoc,49,8938,290,271,80,351,0
2021-01-09,Mono,51,14174,1033,964,10,974,3
2021-01-09,Monterey,53,433212,33871,31948,981,32929,235
2021-01-09,Napa,55,140530,7217,6594,25,6619,36
2021-01-09,Nevada,57,99092,3182,2932,115,3047,17
2021-01-09,Orange,59,3164182,202999,191004,8445,199449,2034
2021-01-09,Placer,61,380077,17190,15609,814,16423,162
2021-01-09,Plumas,63,18699,551,477,10,487,2
2021-01-09,Riverside,65,2383286,231596,216076,11559,227635,2201
2021-01-09,Sacramento,67,1510023,77120,74482,846,75328,953
2021-01-09,San Benito,69,59416,4610,4335,46,4381,34
2021-01-09,San Bernardino,71,2135413,244786,228857,6896,235753,1714
2021-01-09,San Diego,73,3302833,207265,188598,0,188598,1824
2021-01-09,San Francisco,75,870044,27966,26708,379,27087,235
2021-01-09,San Joaquin,77,732212,54722,51927,2211,54138,724
2021-01-09,San Luis Obispo,79,281455,14843,13647,360,14007,121
2021-01-09,San Mateo,81,765935,31493,28512,165,28677,205
2021-01-09,Santa Barbara,83,443738,23362,20971,701,21672,197
2021-01-09,Santa Clara,85,1922200,88093,82269,375,82644,808
2021-01-09,Santa Cruz,87,273765,12136,10717,537,11254,107
2021-01-09,Shasta,89,179085,9386,8893,931,9824,81
2021-01-09,Sierra,91,2930,36,32,8,40,0
2021-01-09,Siskiyou,93,43540,1176,1062,169,1231,3
2021-01-09,Solano,95,438530,23970,22226,259,22485,101
2021-01-09,Sonoma,97,501317,22764,21393,122,21515,202
2021-01-09,Stanislaus,99,539301,40754,38403,4108,42511,567
2021-01-09,Sutter,101,95872,7395,7072,56,7128,69
2021-01-09,Tehama,103,63373,3641,3451,391,3842,15
2021-01-09,Trinity,105,12862,318,252,32,284,2
2021-01-09,Tulare,107,460477,39832,37684,5256,42940,496
2021-01-09,Tuolumne,109,53932,3216,3117,25,3142,26
2021-01-09,Ventura,111,848112,56482,51988,2054,54042,306
2021-01-09,Yolo,113,214977,10372,9524,101,9625,129
2021-01-09,Yuba,115,75493,4528,4265,47,4312,27
2021-01-08,Alameda,1,1643700,63490,59172,1358,60530,646
2021-01-08,Alpine,3,1148,74,70,0,70,0
2021-01-08,Amador,5,37829,2951,2792,26,2818,24
2021-01-08,Butte,7,227075,9238,8430,1226,9656,115
2021-01-08,Calaveras,9,45235,1458,1385,7,1392,21
2021-01-08,Colusa,11,21464,1521,1448,145,1593,7
2021-01-08,Contra Costa,13,1133247,49322,45667,818,46485,381
2021-01-08,Del Norte,15,27424,818,795,0,795,2
2021-01-08,El Dorado,17,186661,7489,6690,469,7159,36
2021-01-08,Fresno,19,978130,79972,73689,6059,79748,771
2021-01-08,Glenn,21,27897,1851,1680,357,2037,9
2021-01-08,Humboldt,23,135768,2169,1988,6,1994,22
2021-01-08,Imperial,25,180216,24965,23751,2033,25784,446
2021-01-08,Inyo,27,18085,861,682,1,683,24
2021-01-08,Kern,29,883053,77241,71978,6941,78919,674
2021-01-08,Kings,31,150075,18396,17441,751,18192,108
2021-01-08,Lake,33,64148,2365,2098,0,2098,26
2021-01-08,Lassen,35,31185,4686,4598,68,4666,1
2021-01-08,Los Angeles,37,10098052,958178,871188,31401,902589,11796
2021-01-08,Madera,39,155013,12770,11846,605,12451,85
2021-01-08,Marin,41,260295,11059,10531,111,10642,153
2021-01-08,Mariposa,43,17540,316,273,2,275,3
2021-01-08,Mendocino,45,87422,2892,2634,38,2672,31
2021-01-08,Merced,47,269075,22471,20862,518,21380,236
2021-01-08,Modoc,49,8938,290,266,80,346,0
2021-01-08,Mono,51,14174,1023,951,10,961,3
2021-01-08,Monterey,53,433212,33605,31543,968,32511,224
2021-01-08,Napa,55,140530,7147,6544,25,6569,32
2021-01-08,Nevada,57,99092,3160,2888,115,3003,17
2021-01-08,Orange,59,3164182,201012,186608,8357,194965,1991
2021-01-08,Placer,61,380077,17064,15401,807,16208,161
2021-01-08,Plumas,63,18699,545,465,10,475,2
2021-01-08,Riverside,65,2383286,229238,212122,11421,223543,2184
2021-01-08,Sacramento,67,1510023,76543,73245,840,74085,939
2021-01-08,San Benito,69,59416,4574,4225,45,4270,33
2021-01-08,San Bernardino,71,2135413,242899,224267,6823,231090,1703
2021-01-08,San Diego,73,3302833,204731,185060,0,185060,1771
2021-01-08,San Francisco,75,870044,27719,26378,354,26732,207
2021-01-08,San Joaquin,77,732212,54384,50990,2180,53170,710
2021-01-08,San Luis Obispo,79,281455,14710,13286,346,13632,119
2021-01-08,San Mateo,81,765935,31144,28072,162,28234,204
2021-01-08,Santa Barbara,83,443738,23084,20461,692,21153,189
2021-01-08,Santa Clara,85,1922200,87067,80561,372,80933,789
2021-01-08,Santa Cruz,87,273765,11998,10486,526,11012,106
2021-01-08,Shasta,89,179085,9336,8772,916,9688,81
2021-01-08,Sierra,91,2930,36,31,8,39,0
2021-01-08,Siskiyou,93,43540,1173,1027,168,1195,3
2021-01-08,Solano,95,438530,23802,21832,259,22091,100
2021-01-08,Sonoma,97,501317,22626,21178,122,21300,201
2021-01-08,Stanislaus,99,539301,40453,37858,4071,41929,566
2021-01-08,Sutter,101,95872,7345,6982,56,7038,68
2021-01-08,Tehama,103,63373,3618,3406,386,3792,15
2021-01-08,Trinity,105,12862,318,247,32,279,2
2021-01-08,Tulare,107,460477,39568,36946,5139,42085,491
2021-01-08,Tuolumne,109,53932,3207,3099,25,3124,19
2021-01-08,Ventura,111,848112,55619,50553,2029,52582,294
2021-01-08,Yolo,113,214977,10284,9391,97,9488,129
2021-01-08,Yuba,115,75493,4486,4195,46,4241,26
2021-01-07,Alameda,1,1643700,62519,57921,1330,59251,632
2021-01-07,Alpine,3,1148,72,70,0,70,0
2021-01-07,Amador,5,37829,2938,2740,25,2765,24
2021-01-07,Butte,7,227075,9142,8278,1197,9475,112
2021-01-07,Calaveras,9,45235,1441,1342,6,1348,21
2021-01-07,Colusa,11,21464,1509,1420,138,1558,7
2021-01-07,Contra Costa,13,1133247,48545,44756,801,45557,376
2021-01-07,Del Norte,15,27424,816,791,0,791,2
2021-01-07,El Dorado,17,186661,7390,6545,455,7000,36
2021-01-07,Fresno,19,978130,79021,72557,5955,78512,765
2021-01-07,Glenn,21,27897,1835,1639,348,1987,9
2021-01-07,Humboldt,23,135768,2142,1954,6,1960,22
2021-01-07,Imperial,25,180216,24771,23608,1981,25589,431
2021-01-07,Inyo,27,18085,848,656,1,657,20
2021-01-07,Kern,29,883053,76390,70953,6788,77741,660
2021-01-07,Kings,31,150075,18268,17238,742,17980,108
2021-01-07,Lake,33,64148,2310,2054,0,2054,26
2021-01-07,Lassen,35,31185,4681,4581,66,4647,1
2021-01-07,Los Angeles,37,10098052,943323,853187,30837,884024,11480
2021-01-07,Madera,39,155013,12614,11644,593,12237,76
2021-01-07,Marin,41,260295,10967,10364,109,10473,153
2021-01-07,Mariposa,43,17540,314,264,2,266,3
2021-01-07,Mendocino,45,87422,2837,2585,34,2619,30
2021-01-07,Merced,47,269075,22150,20510,503,21013,234
2021-01-07,Modoc,49,8938,290,265,80,345,0
2021-01-07,Mono,51,14174,1012,905,10,915,3
2021-01-07,Monterey,53,433212,33077,30903,945,31848,222
2021-01-07,Napa,55,140530,7037,6408,25,6433,32
2021-01-07,Nevada,57,99092,3126,2847,110,2957,17
2021-01-07,Orange,59,3164182,198157,181922,8253,190175,1974
2021-01-07,Placer,61,380077,16881,15155,777,15932,144
2021-01-07,Plumas,63,18699,543,454,10,464,2
2021-01-07,Riverside,65,2383286,225904,208177,11231,219408,2156
2021-01-07,Sacramento,67,1510023,75638,72342,821,73163,919
2021-01-07,San Benito,69,59416,4512,4112,41,4153,33
2021-01-07,San Bernardino,71,2135413,239367,219691,6738,226429,1666
2021-01-07,San Diego,73,3302833,201427,180510,0,180510,1738
2021-01-07,San Francisco,75,870044,27384,25885,337,26222,202
2021-01-07,San Joaquin,77,732212,53701,50156,2147,52303,689
2021-01-07,San Luis Obispo,79,281455,14472,12810,332,13142,118
2021-01-07,San Mateo,81,765935,30635,27494,158,27652,201
2021-01-07,Santa Barbara,83,443738,22666,19931,678,20609,187
2021-01-07,Santa Clara,85,1922200,85847,78808,368,79176,775
2021-01-07,Santa Cruz,87,273765,11789,10228,519,10747,104
2021-01-07,Shasta,89,179085,9249,8612,908,9520,81
2021-01-07,Sierra,91,2930,36,31,8,39,0
2021-01-07,Siskiyou,93,43540,1168,1010,166,1176,3
2021-01-07,Solano,95,438530,23407,21384,255,21639,100
2021-01-07,Sonoma,97,501317,22362,20857,121,20978,200
2021-01-07,Stanislaus,99,539301,40028,37296,4019,41315,553
2021-01-07,Sutter,101,95872,7286,6890,55,6945,65
2021-01-07,Tehama,103,63373,3594,3330,379,3709,15
2021-01-07,Trinity,105,12862,318,247,32,279,2
2021-01-07,Tulare,107,460477,39163,36397,4995,41392,482
2021-01-07,Tuolumne,109,53932,3187,3068,24,3092,14
2021-01-07,Ventura,111,848112,54458,49083,2000,51083,288
2021-01-07,Yolo,113,214977,10148,9207,95,9302,128
2021-01-07,Yuba,115,75493,4444,4128,46,4174,25
2021-01-06,Alameda,1,1643700,61634,57081,1300,58381,616
2021-01-06,Alpine,3,1148,72,70,0,70,0
2021-01-06,Amador,5,37829,2917,2717,24,2741,24
2021-01-06,Butte,7,227075,9031,8147,1178,9325,110
2021-01-06,Calaveras,9,45235,1416,1321,6,1327,21
2021-01-06,Colusa,11,21464,1489,1385,132,1517,7
2021-01-06,Contra Costa,13,1133247,47743,44054,783,44837,358
2021-01-06,Del Norte,15,27424,810,780,0,780,2
2021-01-06,El Dorado,17,186661,7278,6397,442,6839,35
2021-01-06,Fresno,19,978130,78179,71404,5852,77256,752
2021-01-06,Glenn,21,27897,1811,1622,342,1964,9
2021-01-06,Humboldt,23,135768,2116,1912,6,1918,22
2021-01-06,Imperial,25,180216,24519,23400,1939,25339,431
2021-01-06,Inyo,27,18085,832,630,1,631,20
2021-01-06,Kern,29,883053,75451,69893,6650,76543,646
2021-01-06,Kings,31,150075,18074,17019,719,17738,108
2021-01-06,Lake,33,64148,2273,2033,0,2033,26
2021-01-06,Lassen,35,31185,4669,4560,62,4622,1
2021-01-06,Los Angeles,37,10098052,927439,835052,30111,865163,11285
2021-01-06,Madera,39,155013,12480,11407,587,11994,67
2021-01-06,Marin,41,260295,10840,10282,108,10390,153
2021-01-06,Mariposa,43,17540,311,259,2,261,3
2021-01-06,Mendocino,45,87422,2807,2561,34,2595,30
2021-01-06,Merced,47,269075,21807,20258,487,20745,232
2021-01-06,Modoc,49,8938,290,263,80,343,0
2021-01-06,Mono,51,14174,981,905,10,915,3
2021-01-06,Monterey,53,433212,32488,30387,908,31295,222
2021-01-06,Napa,55,140530,6907,6342,25,6367,32
2021-01-06,Nevada,57,99092,3106,2805,110,2915,15
2021-01-06,Orange,59,3164182,194676,177686,8108,185794,1935
2021-01-06,Placer,61,380077,16695,14940,758,15698,134
2021-01-06,Plumas,63,18699,535,445,10,455,2
2021-01-06,Riverside,65,2383286,221897,203714,11012,214726,2121
2021-01-06,Sacramento,67,1510023,74620,71572,803,72375,909
2021-01-06,San Benito,69,59416,4436,4031,40,4071,32
2021-01-06,San Bernardino,71,2135413,235663,215286,6623,221909,1634
2021-01-06,San Diego,73,3302833,197932,176660,0,176660,1691
2021-01-06,San Francisco,75,870044,27013,25424,327,25751,199
2021-01-06,San Joaquin,77,732212,52939,49286,2104,51390,673
2021-01-06,San Luis Obispo,79,281455,14075,12305,325,12630,115
2021-01-06,San Mateo,81,765935,30212,27050,155,27205,200
2021-01-06,Santa Barbara,83,443738,22186,19453,666,20119,177
2021-01-06,Santa Clara,85,1922200,84445,77485,362,77847,746
2021-01-06,Santa Cruz,87,273765,11571,9954,499,10453,97
2021-01-06,Shasta,89,179085,9178,8482,901,9383,78
2021-01-06,Sierra,91,2930,35,31,8,39,0
2021-01-06,Siskiyou,93,43540,1156,998,162,1160,3
2021-01-06,Solano,95,438530,23019,21102,252,21354,99
2021-01-06,Sonoma,97,501317,22049,20558,121,20679,196
2021-01-06,Stanislaus,99,539301,39433,36751,3956,40707,553
2021-01-06,Sutter,101,95872,7204,6839,54,6893,59
2021-01-06,Tehama,103,63373,3567,3306,373,3679,15
2021-01-06,Trinity,105,12862,318,246,32,278,2
2021-01-06,Tulare,107,460477,38601,35882,4884,40766,465
2021-01-06,Tuolumne,109,53932,3167,3008,24,3032,14
2021-01-06,Ventura,111,848112,53216,47428,1975,49403,280
2021-01-06,Yolo,113,214977,9987,9083,92,9175,127
2021-01-06,Yuba,115,75493,4397,4097,46,4143,25
2021-01-05,Alameda,1,1643700,60486,56432,1263,57695,602
2021-01-05,Alpine,3,1148,72,70,0,70,0
2021-01-05,Amador,5,37829,2877,2695,24,2719,24
2021-01-05,Butte,7,227075,8892,8008,1151,9159,107
2021-01-05,Calaveras,9,45235,1367,1292,6,1298,21
2021-01-05,Colusa,11,21464,1464,1376,126,1502,7
2021-01-05,Contra Costa,13,1133247,46863,43442,772,44214,353
2021-01-05,Del Norte,15,27424,803,770,0,770,2
2021-01-05,El Dorado,17,186661,7160,6270,421,6691,32
2021-01-05,Fresno,19,978130,76950,70971,5756,76727,741
2021-01-05,Glenn,21,27897,1786,1608,330,1938,9
2021-01-05,Humboldt,23,135768,2079,1884,6,1890,22
2021-01-05,Imperial,25,180216,24356,23165,1890,25055,421
2021-01-05,Inyo,27,18085,818,627,1,628,20
2021-01-05,Kern,29,883053,74380,68257,6504,74761,624
2021-01-05,Kings,31,150075,17876,16860,695,17555,108
2021-01-05,Lake,33,64148,2225,2015,0,2015,25
2021-01-05,Lassen,35,31185,4655,4554,58,4612,1
2021-01-05,Los Angeles,37,10098052,908777,823783,29420,853203,11028
2021-01-05,Madera,39,155013,12304,11359,574,11933,67
2021-01-05,Marin,41,260295,10690,10214,106,10320,151
2021-01-05,Mariposa,43,17540,305,257,2,259,3
2021-01-05,Mendocino,45,87422,2772,2501,34,2535,30
2021-01-05,Merced,47,269075,21457,20051,474,20525,230
2021-01-05,Modoc,49,8938,290,254,80,334,0
2021-01-05,Mono,51,14174,975,896,10,906,3
2021-01-05,Monterey,53,433212,31916,30045,870,30915,213
2021-01-05,Napa,55,140530,6820,6264,25,6289,29
2021-01-05,Nevada,57,99092,3078,2781,109,2890,15
2021-01-05,Orange,59,3164182,190995,174869,7908,182777,1918
2021-01-05,Placer,61,380077,16464,14723,734,15457,133
2021-01-05,Plumas,63,18699,528,428,10,438,2
2021-01-05,Riverside,65,2383286,217789,200439,10808,211247,2069
2021-01-05,Sacramento,67,1510023,73691,70677,775,71452,888
2021-01-05,San Benito,69,59416,4333,3961,38,3999,28
2021-01-05,San Bernardino,71,2135413,231736,212522,6505,219027,1615
2021-01-05,San Diego,73,3302833,193796,172845,0,172845,1654
2021-01-05,San Francisco,75,870044,26645,24989,308,25297,196
2021-01-05,San Joaquin,77,732212,52069,48969,2061,51030,663
2021-01-05,San Luis Obispo,79,281455,13677,12027,315,12342,106
2021-01-05,San Mateo,81,765935,29722,26486,153,26639,198
2021-01-05,Santa Barbara,83,443738,21753,19063,655,19718,172
2021-01-05,Santa Clara,85,1922200,82912,76355,348,76703,729
2021-01-05,Santa Cruz,87,273765,11300,9753,473,10226,93
2021-01-05,Shasta,89,179085,9073,8345,880,9225,73
2021-01-05,Sierra,91,2930,35,31,8,39,0
2021-01-05,Siskiyou,93,43540,1144,985,160,1145,3
2021-01-05,Solano,95,438530,22613,20860,247,21107,97
2021-01-05,Sonoma,97,501317,21683,20247,120,20367,194
2021-01-05,Stanislaus,99,539301,38890,36363,3908,40271,553
2021-01-05,Sutter,101,95872,7105,6769,53,6822,59
2021-01-05,Tehama,103,63373,3510,3255,368,3623,9
2021-01-05,Trinity,105,12862,318,246,32,278,2
2021-01-05,Tulare,107,460477,37984,35585,4742,40327,455
2021-01-05,Tuolumne,109,53932,3143,2996,19,3015,13
2021-01-05,Ventura,111,848112,51970,46456,1952,48408,264
2021-01-05,Yolo,113,214977,9814,8980,91,9071,127
2021-01-05,Yuba,115,75493,4339,4053,45,4098,21
2021-01-04,Alameda,1,1643700,59262,55899,1229,57128,583
2021-01-04,Alpine,3,1148,72,68,0,68,0
2021-01-04,Amador,5,37829,2837,2596,24,2620,24
2021-01-04,Butte,7,227075,8733,7893,1127,9020,105
2021-01-04,Calaveras,9,45235,1327,1276,5,1281,21
2021-01-04,Colusa,11,21464,1439,1368,112,1480,7
2021-01-04,Contra Costa,13,1133247,46009,43019,746,43765,353
2021-01-04,Del Norte,15,27424,794,770,0,770,2
2021-01-04,El Dorado,17,186661,7027,6152,405,6557,27
2021-01-04,Fresno,19,978130,75692,69871,5654,75525,726
2021-01-04,Glenn,21,27897,1755,1590,322,1912,9
2021-01-04,Humboldt,23,135768,2042,1845,6,1851,22
2021-01-04,Imperial,25,180216,24205,23035,1837,24872,420
2021-01-04,Inyo,27,18085,791,623,1,624,20
2021-01-04,Kern,29,883053,73305,67418,6298,73716,623
2021-01-04,Kings,31,150075,17605,16801,668,17469,108
2021-01-04,Lake,33,64148,2183,1984,0,1984,25
2021-01-04,Lassen,35,31185,4632,4550,57,4607,1
2021-01-04,Los Angeles,37,10098052,888765,813022,28502,841524,10790
2021-01-04,Madera,39,155013,12083,11204,552,11756,67
2021-01-04,Marin,41,260295,10556,10115,103,10218,151
2021-01-04,Mariposa,43,17540,299,253,2,255,3
2021-01-04,Mendocino,45,87422,2732,2460,30,2490,28
2021-01-04,Merced,47,269075,21043,19804,455,20259,230
2021-01-04,Modoc,49,8938,274,250,78,328,0
2021-01-04,Mono,51,14174,965,895,10,905,3
2021-01-04,Monterey,53,433212,31263,29659,847,30506,212
2021-01-04,Napa,55,140530,6679,6187,25,6212,29
2021-01-04,Nevada,57,99092,3041,2765,104,2869,15
2021-01-04,Orange,59,3164182,187082,172458,7776,180234,1918
2021-01-04,Placer,61,380077,16189,14622,720,15342,133
2021-01-04,Plumas,63,18699,518,419,10,429,1
2021-01-04,Riverside,65,2383286,213316,196809,10593,207402,2066
2021-01-04,Sacramento,67,1510023,72631,70164,765,70929,870
2021-01-04,San Benito,69,59416,4220,3914,38,3952,28
2021-01-04,San Bernardino,71,2135413,227528,210868,6340,217208,1615
2021-01-04,San Diego,73,3302833,189228,171031,0,171031,1598
2021-01-04,San Francisco,75,870044,26260,24753,301,25054,191
2021-01-04,San Joaquin,77,732212,51170,48644,2019,50663,661
2021-01-04,San Luis Obispo,79,281455,13191,11945,307,12252,96
2021-01-04,San Mateo,81,765935,29164,26150,148,26298,198
2021-01-04,Santa Barbara,83,443738,21238,18735,622,19357,165
2021-01-04,Santa Clara,85,1922200,81160,75297,341,75638,727
2021-01-04,Santa Cruz,87,273765,11013,9680,456,10136,85
2021-01-04,Shasta,89,179085,8967,8224,864,9088,72
2021-01-04,Sierra,91,2930,34,30,8,38,0
2021-01-04,Siskiyou,93,43540,1128,980,155,1135,3
2021-01-04,Solano,95,438530,22108,20588,240,20828,97
2021-01-04,Sonoma,97,501317,21345,20210,119,20329,194
2021-01-04,Stanislaus,99,539301,38330,36141,3849,39990,553
2021-01-04,Sutter,101,95872,7007,6712,52,6764,56
2021-01-04,Tehama,103,63373,3437,3190,362,3552,9
2021-01-04,Trinity,105,12862,315,245,32,277,2
2021-01-04,Tulare,107,460477,37423,35060,4634,39694,455
2021-01-04,Tuolumne,109,53932,3118,2987,19,3006,13
2021-01-04,Ventura,111,848112,50468,45014,1933,46947,255
2021-01-04,Yolo,113,214977,9619,8834,85,8919,121
2021-01-04,Yuba,115,75493,4280,4023,45,4068,21
2021-01-03,Alameda,1,1643700,58043,55082,1198,56280,580
2021-01-03,Alpine,3,1148,70,68,0,68,0
2021-01-03,Amador,5,37829,2773,2565,24,2589,24
2021-01-03,Butte,7,227075,8543,7837,1072,8909,105
2021-01-03,Calaveras,9,45235,1292,1249,3,1252,21
2021-01-03,Colusa,11,21464,1410,1337,106,1443,7
2021-01-03,Contra Costa,13,1133247,45117,42432,721,43153,352
2021-01-03,Del Norte,15,27424,782,768,0,768,2
2021-01-03,El Dorado,17,186661,6899,6034,388,6422,27
2021-01-03,Fresno,19,978130,74547,69326,5529,74855,719
2021-01-03,Glenn,21,27897,1730,1581,311,1892,9
2021-01-03,Humboldt,23,135768,2005,1833,6,1839,21
2021-01-03,Imperial,25,180216,23953,22951,1751,24702,419
2021-01-03,Inyo,27,18085,774,615,1,616,20
2021-01-03,Kern,29,883053,72056,66895,6114,73009,609
2021-01-03,Kings,31,150075,17338,16593,634,17227,108
2021-01-03,Lake,33,64148,2130,1976,0,1976,24
2021-01-03,Lassen,35,31185,4599,4531,56,4587,1
2021-01-03,Los Angeles,37,10098052,866866,792168,27395,819563,10633
2021-01-03,Madera,39,155013,11858,11152,528,11680,67
2021-01-03,Marin,41,260295,10407,10034,98,10132,150
2021-01-03,Mariposa,43,17540,292,248,2,250,3
2021-01-03,Mendocino,45,87422,2692,2445,29,2474,24
2021-01-03,Merced,47,269075,20573,19600,428,20028,230
2021-01-03,Modoc,49,8938,270,245,77,322,0
2021-01-03,Mono,51,14174,940,893,10,903,3
2021-01-03,Monterey,53,433212,30674,29357,810,30167,191
2021-01-03,Napa,55,140530,6578,6094,25,6119,29
2021-01-03,Nevada,57,99092,2982,2742,101,2843,15
2021-01-03,Orange,59,3164182,182923,169881,7580,177461,1919
2021-01-03,Placer,61,380077,15943,14319,695,15014,133
2021-01-03,Plumas,63,18699,505,416,10,426,1
2021-01-03,Riverside,65,2383286,208542,195048,10315,205363,2005
2021-01-03,Sacramento,67,1510023,71428,68558,744,69302,859
2021-01-03,San Benito,69,59416,4121,3882,37,3919,28
2021-01-03,San Bernardino,71,2135413,222242,208294,6160,214454,1592
2021-01-03,San Diego,73,3302833,183974,168018,0,168018,1592
2021-01-03,San Francisco,75,870044,25761,24588,283,24871,193
2021-01-03,San Joaquin,77,732212,50069,47899,1956,49855,661
2021-01-03,San Luis Obispo,79,281455,12723,11636,297,11933,95
2021-01-03,San Mateo,81,765935,28576,25770,142,25912,196
2021-01-03,Santa Barbara,83,443738,20521,18267,605,18872,164
2021-01-03,Santa Clara,85,1922200,79608,74534,335,74869,720
2021-01-03,Santa Cruz,87,273765,10713,9528,437,9965,84
2021-01-03,Shasta,89,179085,8840,8192,822,9014,72
2021-01-03,Sierra,91,2930,34,30,8,38,0
2021-01-03,Siskiyou,93,43540,1096,976,145,1121,3
2021-01-03,Solano,95,438530,21575,20105,235,20340,97
2021-01-03,Sonoma,97,501317,20963,19982,115,20097,193
2021-01-03,Stanislaus,99,539301,37643,35762,3765,39527,553
2021-01-03,Sutter,101,95872,6909,6664,51,6715,53
2021-01-03,Tehama,103,63373,3377,3176,353,3529,9
2021-01-03,Trinity,105,12862,312,243,31,274,2
2021-01-03,Tulare,107,460477,36872,34747,4488,39235,455
2021-01-03,Tuolumne,109,53932,3056,2978,16,2994,13
2021-01-03,Ventura,111,848112,48644,43748,1915,45663,254
2021-01-03,Yolo,113,214977,9457,8674,81,8755,121
2021-01-03,Yuba,115,75493,4226,3966,44,4010,20
2021-01-02,Alameda,1,1643700,57453,54518,1168,55686,581
2021-01-02,Alpine,3,1148,70,68,0,68,0
2021-01-02,Amador,5,37829,2754,2540,24,2564,24
2021-01-02,Butte,7,227075,8436,7750,1051,8801,105
2021-01-02,Calaveras,9,45235,1273,1230,3,1233,21
2021-01-02,Colusa,11,21464,1400,1332,105,1437,7
2021-01-02,Contra Costa,13,1133247,44594,41993,709,42702,352
2021-01-02,Del Norte,15,27424,780,764,0,764,2
2021-01-02,El Dorado,17,186661,6844,5959,384,6343,27
2021-01-02,Fresno,19,978130,74016,68740,5414,74154,717
2021-01-02,Glenn,21,27897,1715,1546,310,1856,9
2021-01-02,Humboldt,23,135768,1981,1815,6,1821,21
2021-01-02,Imperial,25,180216,23875,22867,1711,24578,420
2021-01-02,Inyo,27,18085,761,609,1,610,20
2021-01-02,Kern,29,883053,71342,66457,6004,72461,610
2021-01-02,Kings,31,150075,17246,16515,630,17145,108
2021-01-02,Lake,33,64148,2094,1925,0,1925,24
2021-01-02,Lassen,35,31185,4588,4457,55,4512,1
2021-01-02,Los Angeles,37,10098052,858597,791892,26656,818548,10633
2021-01-02,Madera,39,155013,11749,11039,516,11555,67
2021-01-02,Marin,41,260295,10362,9924,95,10019,151
2021-01-02,Mariposa,43,17540,285,243,2,245,3
2021-01-02,Mendocino,45,87422,2650,2428,28,2456,24
2021-01-02,Merced,47,269075,20432,19395,411,19806,230
2021-01-02,Modoc,49,8938,269,245,77,322,0
2021-01-02,Mono,51,14174,930,884,10,894,3
2021-01-02,Monterey,53,433212,30467,28991,799,29790,191
2021-01-02,Napa,55,140530,6519,5994,25,6019,29
2021-01-02,Nevada,57,99092,2955,2706,97,2803,15
2021-01-02,Orange,59,3164182,180767,168457,7421,175878,1918
2021-01-02,Placer,61,380077,15770,14182,685,14867,133
2021-01-02,Plumas,63,18699,502,413,10,423,1
2021-01-02,Riverside,65,2383286,205990,192069,10067,202136,2008
2021-01-02,Sacramento,67,1510023,70786,67810,729,68539,858
2021-01-02,San Benito,69,59416,4041,3829,37,3866,28
2021-01-02,San Bernardino,71,2135413,220629,206939,6026,212965,1597
2021-01-02,San Diego,73,3302833,181382,164498,0,164498,1592
2021-01-02,San Francisco,75,870044,25501,24414,276,24690,194
2021-01-02,San Joaquin,77,732212,49707,47310,1924,49234,662
2021-01-02,San Luis Obispo,79,281455,12589,11467,292,11759,95
2021-01-02,San Mateo,81,765935,28239,25483,134,25617,196
2021-01-02,Santa Barbara,83,443738,20237,18135,601,18736,164
2021-01-02,Santa Clara,85,1922200,78440,73662,328,73990,720
2021-01-02,Santa Cruz,87,273765,10562,9340,428,9768,85
2021-01-02,Shasta,89,179085,8774,8154,810,8964,72
2021-01-02,Sierra,91,2930,34,28,8,36,0
2021-01-02,Siskiyou,93,43540,1085,949,143,1092,3
2021-01-02,Solano,95,438530,21379,19805,225,20030,97
2021-01-02,Sonoma,97,501317,20808,19761,115,19876,194
2021-01-02,Stanislaus,99,539301,37331,35431,3696,39127,553
2021-01-02,Sutter,101,95872,6854,6621,51,6672,53
2021-01-02,Tehama,103,63373,3352,3146,348,3494,9
2021-01-02,Trinity,105,12862,309,243,31,274,2
2021-01-02,Tulare,107,460477,36556,34479,4418,38897,455
2021-01-02,Tuolumne,109,53932,3042,2942,14,2956,13
2021-01-02,Ventura,111,848112,47494,43397,1880,45277,254
2021-01-02,Yolo,113,214977,9365,8571,79,8650,122
2021-01-02,Yuba,115,75493,4188,3930,43,3973,21
2021-01-01,Alameda,1,1643700,56820,53518,1151,54669,579
2021-01-01,Alpine,3,1148,70,68,0,68,0
2021-01-01,Amador,5,37829,2728,2513,22,2535,24
2021-01-01,Butte,7,227075,8335,7589,1026,8615,105
2021-01-01,Calaveras,9,45235,1258,1186,3,1189,21
2021-01-01,Colusa,11,21464,1391,1314,103,1417,7
2021-01-01,Contra Costa,13,1133247,44120,41412,687,42099,351
2021-01-01,Del Norte,15,27424,774,758,0,758,2
2021-01-01,El Dorado,17,186661,6755,5832,373,6205,27
2021-01-01,Fresno,19,978130,72951,67484,5325,72809,717
2021-01-01,Glenn,21,27897,1699,1520,307,1827,9
2021-01-01,Humboldt,23,135768,1943,1783,6,1789,21
2021-01-01,Imperial,25,180216,23790,22715,1660,24375,418
2021-01-01,Inyo,27,18085,737,606,1,607,20
2021-01-01,Kern,29,883053,70521,65571,5891,71462,609
2021-01-01,Kings,31,150075,17063,16358,624,16982,108
2021-01-01,Lake,33,64148,2064,1888,0,1888,24
2021-01-01,Lassen,35,31185,4582,4377,55,4432,1
2021-01-01,Los Angeles,37,10098052,844471,775578,25926,801504,10515
2021-01-01,Madera,39,155013,11589,10752,507,11259,66
2021-01-01,Marin,41,260295,10256,9821,95,9916,148
2021-01-01,Mariposa,43,17540,277,236,2,238,3
2021-01-01,Mendocino,45,87422,2596,2400,28,2428,24
2021-01-01,Merced,47,269075,20249,19118,395,19513,229
2021-01-01,Modoc,49,8938,269,241,77,318,0
2021-01-01,Mono,51,14174,912,884,10,894,3
2021-01-01,Monterey,53,433212,30237,28465,791,29256,191
2021-01-01,Napa,55,140530,6433,5899,25,5924,28
2021-01-01,Nevada,57,99092,2931,2663,97,2760,15
2021-01-01,Orange,59,3164182,177999,165440,7270,172710,1893
2021-01-01,Placer,61,380077,15605,13987,667,14654,133
2021-01-01,Plumas,63,18699,497,412,10,422,1
2021-01-01,Riverside,65,2383286,202766,188674,9784,198458,1990
2021-01-01,Sacramento,67,1510023,70186,66956,711,67667,848
2021-01-01,San Benito,69,59416,4005,3773,37,3810,28
2021-01-01,San Bernardino,71,2135413,217805,203651,5887,209538,1590
2021-01-01,San Diego,73,3302833,178322,160071,0,160071,1592
2021-01-01,San Francisco,75,870044,25226,24145,264,24409,187
2021-01-01,San Joaquin,77,732212,49426,46640,1876,48516,657
2021-01-01,San Luis Obispo,79,281455,12367,11160,284,11444,94
2021-01-01,San Mateo,81,765935,27790,25041,130,25171,194
2021-01-01,Santa Barbara,83,443738,19918,17759,591,18350,164
2021-01-01,Santa Clara,85,1922200,77172,71904,323,72227,680
2021-01-01,Santa Cruz,87,273765,10385,9146,416,9562,84
2021-01-01,Shasta,89,179085,8693,8102,792,8894,72
2021-01-01,Sierra,91,2930,34,26,8,34,0
2021-01-01,Siskiyou,93,43540,1071,944,138,1082,3
2021-01-01,Solano,95,438530,21167,19393,223,19616,97
2021-01-01,Sonoma,97,501317,20625,19513,115,19628,189
2021-01-01,Stanislaus,99,539301,37055,34978,3628,38606,553
2021-01-01,Sutter,101,95872,6798,6553,50,6603,52
2021-01-01,Tehama,103,63373,3296,3079,339,3418,9
2021-01-01,Trinity,105,12862,309,243,31,274,2
2021-01-01,Tulare,107,460477,36151,33994,4316,38310,454
2021-01-01,Tuolumne,109,53932,3026,2909,14,2923,13
2021-01-01,Ventura,111,848112,46003,42026,1852,43878,253
2021-01-01,Yolo,113,214977,9252,8461,77,8538,120
2021-01-01,Yuba,115,75493,4129,3845,42,3887,19
2020-12-31,Alameda,1,1643700,56318,52475,1119,53594,579
2020-12-31,Alpine,3,1148,70,66,0,66,0
2020-12-31,Amador,5,37829,2714,2493,22,2515,24
2020-12-31,Butte,7,227075,8262,7405,1007,8412,105
2020-12-31,Calaveras,9,45235,1247,1161,3,1164,21
2020-12-31,Colusa,11,21464,1383,1301,100,1401,7
2020-12-31,Contra Costa,13,1133247,43748,40512,673,41185,336
2020-12-31,Del Norte,15,27424,773,748,0,748,2
2020-12-31,El Dorado,17,186661,6703,5662,364,6026,26
2020-12-31,Fresno,19,978130,72534,66442,5261,71703,711
2020-12-31,Glenn,21,27897,1679,1484,302,1786,9
2020-12-31,Humboldt,23,135768,1926,1713,6,1719,21
2020-12-31,Imperial,25,180216,23727,22494,1645,24139,417
2020-12-31,Inyo,27,18085,729,591,1,592,20
2020-12-31,Kern,29,883053,70056,64904,5796,70700,609
2020-12-31,Kings,31,150075,16988,16077,616,16693,108
2020-12-31,Lake,33,64148,2052,1848,0,1848,23
2020-12-31,Lassen,35,31185,4576,4340,54,4394,1
2020-12-31,Los Angeles,37,10098052,839203,755844,25430,781274,10320
2020-12-31,Madera,39,155013,11522,10609,496,11105,64
2020-12-31,Marin,41,260295,10215,9731,94,9825,148
2020-12-31,Mariposa,43,17540,275,217,2,219,3
2020-12-31,Mendocino,45,87422,2581,2367,24,2391,24
2020-12-31,Merced,47,269075,20162,18808,385,19193,226
2020-12-31,Modoc,49,8938,269,238,77,315,0
2020-12-31,Mono,51,14174,905,868,10,878,3
2020-12-31,Monterey,53,433212,30049,27720,779,28499,188
2020-12-31,Napa,55,140530,6370,5801,25,5826,28
2020-12-31,Nevada,57,99092,2908,2619,95,2714,15
2020-12-31,Orange,59,3164182,176167,161586,7137,168723,1866
2020-12-31,Placer,61,380077,15455,13708,664,14372,126
2020-12-31,Plumas,63,18699,492,401,9,410,1
2020-12-31,Riverside,65,2383286,201270,184193,9618,193811,1958
2020-12-31,Sacramento,67,1510023,69669,65817,699,66516,830
2020-12-31,San Benito,69,59416,3983,3673,37,3710,28
2020-12-31,San Bernardino,71,2135413,216251,199115,5814,204929,1586
2020-12-31,San Diego,73,3302833,176560,155593,0,155593,1534
2020-12-31,San Francisco,75,870044,25001,23740,256,23996,183
2020-12-31,San Joaquin,77,732212,49123,45764,1835,47599,646
2020-12-31,San Luis Obispo,79,281455,12256,10846,284,11130,89
2020-12-31,San Mateo,81,765935,27466,24570,125,24695,192
2020-12-31,Santa Barbara,83,443738,19676,17434,584,18018,161
2020-12-31,Santa Clara,85,1922200,76409,70032,318,70350,665
2020-12-31,Santa Cruz,87,273765,10267,8909,403,9312,84
2020-12-31,Shasta,89,179085,8628,7996,782,8778,69
2020-12-31,Sierra,91,2930,34,26,8,34,0
2020-12-31,Siskiyou,93,43540,1055,940,135,1075,3
2020-12-31,Solano,95,438530,20940,18942,222,19164,97
2020-12-31,Sonoma,97,501317,20511,19129,114,19243,188
2020-12-31,Stanislaus,99,539301,36761,34398,3572,37970,552
2020-12-31,Sutter,101,95872,6768,6432,49,6481,51
2020-12-31,Tehama,103,63373,3267,3036,338,3374,9
2020-12-31,Trinity,105,12862,308,241,31,272,2
2020-12-31,Tulare,107,460477,35992,33412,4262,37674,446
2020-12-31,Tuolumne,109,53932,3018,2902,14,2916,12
2020-12-31,Ventura,111,848112,45497,40854,1834,42688,251
2020-12-31,Yolo,113,214977,9169,8295,76,8371,117
2020-12-31,Yuba,115,75493,4090,3799,41,3840,18
2020-12-30,Alameda,1,1643700,55557,50158,1068,51226,573
2020-12-30,Alpine,3,1148,70,66,0,66,0
2020-12-30,Amador,5,37829,2694,2418,21,2439,24
2020-12-30,Butte,7,227075,8102,7140,990,8130,103
2020-12-30,Calaveras,9,45235,1222,1135,3,1138,21
2020-12-30,Colusa,11,21464,1367,1289,94,1383,7
2020-12-30,Contra Costa,13,1133247,43166,39601,661,40262,337
2020-12-30,Del Norte,15,27424,768,726,0,726,2
2020-12-30,El Dorado,17,186661,6604,5595,352,5947,27
2020-12-30,Fresno,19,978130,71695,65566,5096,70662,711
2020-12-30,Glenn,21,27897,1650,1471,289,1760,9
2020-12-30,Humboldt,23,135768,1893,1654,6,1660,22
2020-12-30,Imperial,25,180216,23561,22098,1568,23666,412
2020-12-30,Inyo,27,18085,722,572,1,573,20
2020-12-30,Kern,29,883053,69336,63292,5644,68936,604
2020-12-30,Kings,31,150075,16869,15862,608,16470,108
2020-12-30,Lake,33,64148,2029,1731,0,1731,23
2020-12-30,Lassen,35,31185,4567,4300,54,4354,1
2020-12-30,Los Angeles,37,10098052,828367,741907,24701,766608,10046
2020-12-30,Madera,39,155013,11412,10249,485,10734,65
2020-12-30,Marin,41,260295,10127,9569,87,9656,148
2020-12-30,Mariposa,43,17540,271,214,2,216,3
2020-12-30,Mendocino,45,87422,2563,2291,22,2313,24
2020-12-30,Merced,47,269075,19869,18519,375,18894,225
2020-12-30,Modoc,49,8938,266,234,77,311,0
2020-12-30,Mono,51,14174,902,868,10,878,3
2020-12-30,Monterey,53,433212,29442,26977,756,27733,186
2020-12-30,Napa,55,140530,6265,5754,25,5779,28
2020-12-30,Nevada,57,99092,2873,2595,93,2688,15
2020-12-30,Orange,59,3164182,173509,153951,6941,160892,1863
2020-12-30,Placer,61,380077,15203,13540,652,14192,127
2020-12-30,Plumas,63,18699,487,397,9,406,1
2020-12-30,Riverside,65,2383286,198330,176402,9427,185829,1919
2020-12-30,Sacramento,67,1510023,68798,64119,681,64800,847
2020-12-30,San Benito,69,59416,3902,3464,33,3497,29
2020-12-30,San Bernardino,71,2135413,213677,192648,5725,198373,1591
2020-12-30,San Diego,73,3302833,172931,152510,0,152510,1472
2020-12-30,San Francisco,75,870044,24710,23099,250,23349,182
2020-12-30,San Joaquin,77,732212,48436,44465,1792,46257,634
2020-12-30,San Luis Obispo,79,281455,11990,10542,276,10818,89
2020-12-30,San Mateo,81,765935,27034,24150,121,24271,190
2020-12-30,Santa Barbara,83,443738,19285,16895,560,17455,161
2020-12-30,Santa Clara,85,1922200,75144,67218,314,67532,661
2020-12-30,Santa Cruz,87,273765,10074,8787,393,9180,86
2020-12-30,Shasta,89,179085,8516,7818,768,8586,69
2020-12-30,Sierra,91,2930,34,25,8,33,0
2020-12-30,Siskiyou,93,43540,1048,913,125,1038,3
2020-12-30,Solano,95,438530,20544,18300,219,18519,96
2020-12-30,Sonoma,97,501317,20252,18947,114,19061,191
2020-12-30,Stanislaus,99,539301,36282,33730,3497,37227,526
2020-12-30,Sutter,101,95872,6707,6328,48,6376,51
2020-12-30,Tehama,103,63373,3223,2969,334,3303,9
2020-12-30,Trinity,105,12862,307,231,31,262,2
2020-12-30,Tulare,107,460477,35439,32413,4195,36608,430
2020-12-30,Tuolumne,109,53932,3005,2772,12,2784,12
2020-12-30,Ventura,111,848112,44209,39039,1809,40848,251
2020-12-30,Yolo,113,214977,9063,8067,73,8140,117
2020-12-30,Yuba,115,75493,4022,3612,41,3653,18
2020-12-29,Alameda,1,1643700,54502,50946,1031,51977,552
2020-12-29,Alpine,3,1148,70,65,0,65,0
2020-12-29,Amador,5,37829,2642,2388,20,2408,23
2020-12-29,Butte,7,227075,7931,7178,966,8144,98
2020-12-29,Calaveras,9,45235,1176,1111,2,1113,21
2020-12-29,Colusa,11,21464,1346,1272,89,1361,7
2020-12-29,Contra Costa,13,1133247,42364,39225,630,39855,325
2020-12-29,Del Norte,15,27424,761,724,0,724,2
2020-12-29,El Dorado,17,186661,6476,5551,337,5888,22
2020-12-29,Fresno,19,978130,70326,65149,4934,70083,688
2020-12-29,Glenn,21,27897,1616,1454,282,1736,9
2020-12-29,Humboldt,23,135768,1845,1616,6,1622,19
2020-12-29,Imperial,25,180216,23352,22105,1477,23582,407
2020-12-29,Inyo,27,18085,705,571,1,572,19
2020-12-29,Kern,29,883053,68181,63096,5466,68562,589
2020-12-29,Kings,31,150075,16701,15777,596,16373,108
2020-12-29,Lake,33,64148,1997,1805,0,1805,22
2020-12-29,Lassen,35,31185,4552,4288,54,4342,1
2020-12-29,Los Angeles,37,10098052,808244,731907,23796,755703,9786
2020-12-29,Madera,39,155013,11098,10251,469,10720,64
2020-12-29,Marin,41,260295,9976,9595,84,9679,146
2020-12-29,Mariposa,43,17540,263,212,2,214,3
2020-12-29,Mendocino,45,87422,2520,2249,21,2270,24
2020-12-29,Merced,47,269075,19519,18464,360,18824,221
2020-12-29,Modoc,49,8938,263,232,77,309,0
2020-12-29,Mono,51,14174,893,868,10,878,3
2020-12-29,Monterey,53,433212,28807,26894,728,27622,185
2020-12-29,Napa,55,140530,6145,5663,25,5688,28
2020-12-29,Nevada,57,99092,2825,2550,92,2642,15
2020-12-29,Orange,59,3164182,169674,154411,6766,161177,1839
2020-12-29,Placer,61,380077,14965,13392,629,14021,126
2020-12-29,Plumas,63,18699,478,395,9,404,1
2020-12-29,Riverside,65,2383286,193733,177624,9161,186785,1904
2020-12-29,Sacramento,67,1510023,67762,65078,666,65744,820
2020-12-29,San Benito,69,59416,3783,3474,32,3506,25
2020-12-29,San Bernardino,71,2135413,208852,190476,5584,196060,1557
2020-12-29,San Diego,73,3302833,168710,150062,0,150062,1435
2020-12-29,San Francisco,75,870044,24375,22996,241,23237,178
2020-12-29,San Joaquin,77,732212,47522,44699,1735,46434,622
2020-12-29,San Luis Obispo,79,281455,11695,10387,268,10655,80
2020-12-29,San Mateo,81,765935,26496,23773,112,23885,189
2020-12-29,Santa Barbara,83,443738,18822,16797,534,17331,155
2020-12-29,Santa Clara,85,1922200,73603,67581,311,67892,621
2020-12-29,Santa Cruz,87,273765,9804,8492,384,8876,84
2020-12-29,Shasta,89,179085,8411,7782,753,8535,65
2020-12-29,Sierra,91,2930,31,24,7,31,0
2020-12-29,Siskiyou,93,43540,1033,926,123,1049,3
2020-12-29,Solano,95,438530,20162,18412,214,18626,96
2020-12-29,Sonoma,97,501317,19917,18790,112,18902,187
2020-12-29,Stanislaus,99,539301,35784,33775,3433,37208,508
2020-12-29,Sutter,101,95872,6639,6302,48,6350,50
2020-12-29,Tehama,103,63373,3156,2962,319,3281,9
2020-12-29,Trinity,105,12862,306,241,31,272,2
2020-12-29,Tulare,107,460477,34781,32545,4063,36608,419
2020-12-29,Tuolumne,109,53932,2963,2797,12,2809,12
2020-12-29,Ventura,111,848112,42961,38669,1781,40450,235
2020-12-29,Yolo,113,214977,8933,8124,71,8195,111
2020-12-29,Yuba,115,75493,3942,3723,41,3764,18
2020-12-28,Alameda,1,1643700,53470,50405,1008,51413,551
2020-12-28,Alpine,3,1148,69,65,0,65,0
2020-12-28,Amador,5,37829,2572,2255,20,2275,23
2020-12-28,Butte,7,227075,7765,7053,936,7989,86
2020-12-28,Calaveras,9,45235,1154,1102,2,1104,21
2020-12-28,Colusa,11,21464,1322,1255,74,1329,7
2020-12-28,Contra Costa,13,1133247,41433,38872,603,39475,324
2020-12-28,Del Norte,15,27424,751,718,0,718,2
2020-12-28,El Dorado,17,186661,6320,5441,324,5765,18
2020-12-28,Fresno,19,978130,69060,64274,4777,69051,679
2020-12-28,Glenn,21,27897,1582,1435,270,1705,9
2020-12-28,Humboldt,23,135768,1810,1579,6,1585,19
2020-12-28,Imperial,25,180216,23090,22003,1400,23403,405
2020-12-28,Inyo,27,18085,698,569,1,570,19
2020-12-28,Kern,29,883053,67123,62392,5257,67649,579
2020-12-28,Kings,31,150075,16485,15733,578,16311,108
2020-12-28,Lake,33,64148,1955,1785,0,1785,22
2020-12-28,Lassen,35,31185,4445,4284,53,4337,1
2020-12-28,Los Angeles,37,10098052,785955,720699,22944,743643,9544
2020-12-28,Madera,39,155013,10924,10123,446,10569,64
2020-12-28,Marin,41,260295,9867,9546,77,9623,145
2020-12-28,Mariposa,43,17540,239,211,2,213,3
2020-12-28,Mendocino,45,87422,2485,2214,21,2235,23
2020-12-28,Merced,47,269075,19198,18245,342,18587,213
2020-12-28,Modoc,49,8938,258,220,76,296,0
2020-12-28,Mono,51,14174,889,848,10,858,3
2020-12-28,Monterey,53,433212,27976,26529,715,27244,182
2020-12-28,Napa,55,140530,6036,5576,25,5601,26
2020-12-28,Nevada,57,99092,2778,2532,87,2619,15
2020-12-28,Orange,59,3164182,165547,152089,6586,158675,1839
2020-12-28,Placer,61,380077,14624,13234,601,13835,126
2020-12-28,Plumas,63,18699,474,391,9,400,0
2020-12-28,Riverside,65,2383286,188903,174029,8852,182881,1855
2020-12-28,Sacramento,67,1510023,66535,64322,641,64963,813
2020-12-28,San Benito,69,59416,3712,3429,31,3460,24
2020-12-28,San Bernardino,71,2135413,203759,188919,5461,194380,1552
2020-12-28,San Diego,73,3302833,163972,147528,0,147528,1404
2020-12-28,San Francisco,75,870044,24014,22726,235,22961,178
2020-12-28,San Joaquin,77,732212,46587,44172,1704,45876,618
2020-12-28,San Luis Obispo,79,281455,11344,10260,263,10523,76
2020-12-28,San Mateo,81,765935,26027,23467,109,23576,189
2020-12-28,Santa Barbara,83,443738,18365,16579,520,17099,155
2020-12-28,Santa Clara,85,1922200,72113,66418,304,66722,619
2020-12-28,Santa Cruz,87,273765,9538,8310,374,8684,81
2020-12-28,Shasta,89,179085,8293,7688,739,8427,65
2020-12-28,Sierra,91,2930,29,24,7,31,0
2020-12-28,Siskiyou,93,43540,1018,915,117,1032,3
2020-12-28,Solano,95,438530,19587,18171,208,18379,96
2020-12-28,Sonoma,97,501317,19573,18667,110,18777,185
2020-12-28,Stanislaus,99,539301,35239,33473,3367,36840,507
2020-12-28,Sutter,101,95872,6556,6253,48,6301,49
2020-12-28,Tehama,103,63373,3103,2934,310,3244,9
2020-12-28,Trinity,105,12862,304,240,31,271,2
2020-12-28,Tulare,107,460477,34099,32010,3951,35961,404
2020-12-28,Tuolumne,109,53932,2947,2777,12,2789,12
2020-12-28,Ventura,111,848112,41295,37151,1731,38882,230
2020-12-28,Yolo,113,214977,8778,8031,70,8101,111
2020-12-28,Yuba,115,75493,3880,3679,40,3719,18
2020-12-27,Alameda,1,1643700,52235,49764,979,50743,551
2020-12-27,Alpine,3,1148,67,65,0,65,0
2020-12-27,Amador,5,37829,2451,2218,20,2238,23
2020-12-27,Butte,7,227075,7611,7016,899,7915,86
2020-12-27,Calaveras,9,45235,1109,1097,2,1099,21
2020-12-27,Colusa,11,21464,1297,1253,71,1324,7
2020-12-27,Contra Costa,13,1133247,40514,38428,573,39001,324
2020-12-27,Del Norte,15,27424,728,712,0,712,2
2020-12-27,El Dorado,17,186661,6107,5388,298,5686,18
2020-12-27,Fresno,19,978130,67822,63811,4561,68372,679
2020-12-27,Glenn,21,27897,1556,1434,255,1689,9
2020-12-27,Humboldt,23,135768,1767,1575,6,1581,17
2020-12-27,Imperial,25,180216,22804,21934,1281,23215,405
2020-12-27,Inyo,27,18085,676,565,1,566,18
2020-12-27,Kern,29,883053,65852,61914,5084,66998,568
2020-12-27,Kings,31,150075,16250,15593,542,16135,108
2020-12-27,Lake,33,64148,1901,1769,0,1769,22
2020-12-27,Lassen,35,31185,4368,4230,46,4276,1
2020-12-27,Los Angeles,37,10098052,764567,707260,21997,729257,9476
2020-12-27,Madera,39,155013,10666,10005,436,10441,64
2020-12-27,Marin,41,260295,9744,9477,71,9548,144
2020-12-27,Mariposa,43,17540,232,208,2,210,3
2020-12-27,Mendocino,45,87422,2437,2209,21,2230,23
2020-12-27,Merced,47,269075,18830,18075,326,18401,213
2020-12-27,Modoc,49,8938,249,221,72,293,0
2020-12-27,Mono,51,14174,870,849,10,859,3
2020-12-27,Monterey,53,433212,27435,26322,698,27020,181
2020-12-27,Napa,55,140530,5901,5496,25,5521,26
2020-12-27,Nevada,57,99092,2742,2519,87,2606,15
2020-12-27,Orange,59,3164182,161157,149276,6393,155669,1839
2020-12-27,Placer,61,380077,14335,13017,568,13585,126
2020-12-27,Plumas,63,18699,468,390,9,399,0
2020-12-27,Riverside,65,2383286,184093,171995,8535,180530,1836
2020-12-27,Sacramento,67,1510023,65335,63416,615,64031,811
2020-12-27,San Benito,69,59416,3626,3394,31,3425,24
2020-12-27,San Bernardino,71,2135413,198704,186776,5313,192089,1551
2020-12-27,San Diego,73,3302833,159567,145777,0,145777,1402
2020-12-27,San Francisco,75,870044,23665,22514,226,22740,178
2020-12-27,San Joaquin,77,732212,45550,43529,1651,45180,618
2020-12-27,San Luis Obispo,79,281455,10937,10154,258,10412,76
2020-12-27,San Mateo,81,765935,25462,23136,105,23241,187
2020-12-27,Santa Barbara,83,443738,17848,16364,491,16855,155
2020-12-27,Santa Clara,85,1922200,70492,65288,298,65586,619
2020-12-27,Santa Cruz,87,273765,9271,8234,365,8599,81
2020-12-27,Shasta,89,179085,8169,7671,715,8386,65
2020-12-27,Sierra,91,2930,29,24,6,30,0
2020-12-27,Siskiyou,93,43540,1007,914,112,1026,3
2020-12-27,Solano,95,438530,19095,17840,202,18042,96
2020-12-27,Sonoma,97,501317,19287,18487,109,18596,185
2020-12-27,Stanislaus,99,539301,34639,33076,3271,36347,506
2020-12-27,Sutter,101,95872,6474,6218,46,6264,48
2020-12-27,Tehama,103,63373,3032,2922,292,3214,9
2020-12-27,Trinity,105,12862,300,240,29,269,2
2020-12-27,Tulare,107,460477,33508,31864,3831,35695,400
2020-12-27,Tuolumne,109,53932,2840,2750,10,2760,12
2020-12-27,Ventura,111,848112,40235,36661,1676,38337,230
2020-12-27,Yolo,113,214977,8587,7919,63,7982,111
2020-12-27,Yuba,115,75493,3818,3665,38,3703,18
2020-12-26,Alameda,1,1643700,51628,49084,966,50050,551
2020-12-26,Alpine,3,1148,67,65,0,65,0
2020-12-26,Amador,5,37829,2437,2189,20,2209,23
2020-12-26,Butte,7,227075,7517,6968,877,7845,86
2020-12-26,Calaveras,9,45235,1103,1084,2,1086,21
2020-12-26,Colusa,11,21464,1287,1240,71,1311,7
2020-12-26,Contra Costa,13,1133247,40054,38008,559,38567,324
2020-12-26,Del Norte,15,27424,722,709,0,709,2
2020-12-26,El Dorado,17,186661,6052,5279,293,5572,18
2020-12-26,Fresno,19,978130,67355,63080,4496,67576,679
2020-12-26,Glenn,21,27897,1535,1413,249,1662,9
2020-12-26,Humboldt,23,135768,1729,1545,6,1551,17
2020-12-26,Imperial,25,180216,22715,21734,1229,22963,405
2020-12-26,Inyo,27,18085,663,554,1,555,18
2020-12-26,Kern,29,883053,65190,61174,4924,66098,564
2020-12-26,Kings,31,150075,16132,15517,537,16054,108
2020-12-26,Lake,33,64148,1858,1710,0,1710,22
2020-12-26,Lassen,35,31185,4347,3981,46,4027,1
2020-12-26,Los Angeles,37,10098052,756063,694149,21457,715606,9424
2020-12-26,Madera,39,155013,10592,9908,422,10330,64
2020-12-26,Marin,41,260295,9709,9413,70,9483,143
2020-12-26,Mariposa,43,17540,231,206,2,208,3
2020-12-26,Mendocino,45,87422,2391,2194,21,2215,23
2020-12-26,Merced,47,269075,18673,17890,321,18211,213
2020-12-26,Modoc,49,8938,246,222,72,294,0
2020-12-26,Mono,51,14174,864,850,10,860,3
2020-12-26,Monterey,53,433212,27302,26010,689,26699,182
2020-12-26,Napa,55,140530,5843,5427,25,5452,26
2020-12-26,Nevada,57,99092,2714,2480,87,2567,15
2020-12-26,Orange,59,3164182,158992,147304,6294,153598,1838
2020-12-26,Placer,61,380077,14170,12816,552,13368,122
2020-12-26,Plumas,63,18699,465,381,9,390,0
2020-12-26,Riverside,65,2383286,181664,169360,8370,177730,1834
2020-12-26,Sacramento,67,1510023,64713,62435,605,63040,807
2020-12-26,San Benito,69,59416,3553,3330,31,3361,24
2020-12-26,San Bernardino,71,2135413,197060,185111,5225,190336,1551
2020-12-26,San Diego,73,3302833,157046,142644,0,142644,1402
2020-12-26,San Francisco,75,870044,23432,22319,225,22544,177
2020-12-26,San Joaquin,77,732212,45164,42887,1602,44489,618
2020-12-26,San Luis Obispo,79,281455,10851,9945,252,10197,76
2020-12-26,San Mateo,81,765935,25124,22908,99,23007,187
2020-12-26,Santa Barbara,83,443738,17611,16159,485,16644,155
2020-12-26,Santa Clara,85,1922200,69431,64185,295,64480,618
2020-12-26,Santa Cruz,87,273765,9147,8113,355,8468,81
2020-12-26,Shasta,89,179085,8110,7641,702,8343,65
2020-12-26,Sierra,91,2930,29,24,6,30,0
2020-12-26,Siskiyou,93,43540,1001,909,107,1016,2
2020-12-26,Solano,95,438530,18855,17528,202,17730,96
2020-12-26,Sonoma,97,501317,19088,18261,107,18368,184
2020-12-26,Stanislaus,99,539301,34349,32678,3220,35898,505
2020-12-26,Sutter,101,95872,6415,6121,46,6167,48
2020-12-26,Tehama,103,63373,3005,2884,286,3170,9
2020-12-26,Trinity,105,12862,300,237,28,265,2
2020-12-26,Tulare,107,460477,33211,31665,3777,35442,398
2020-12-26,Tuolumne,109,53932,2829,2703,10,2713,12
2020-12-26,Ventura,111,848112,39273,36064,1641,37705,230
2020-12-26,Yolo,113,214977,8484,7785,61,7846,111
2020-12-26,Yuba,115,75493,3791,3599,38,3637,18
2020-12-25,Alameda,1,1643700,51069,48365,951,49316,542
2020-12-25,Alpine,3,1148,67,64,0,64,0
2020-12-25,Amador,5,37829,2394,2172,20,2192,23
2020-12-25,Butte,7,227075,7420,6873,856,7729,85
2020-12-25,Calaveras,9,45235,1100,1062,2,1064,21
2020-12-25,Colusa,11,21464,1275,1219,70,1289,7
2020-12-25,Contra Costa,13,1133247,39582,37480,533,38013,324
2020-12-25,Del Norte,15,27424,719,692,0,692,2
2020-12-25,El Dorado,17,186661,5988,5170,278,5448,16
2020-12-25,Fresno,19,978130,66497,62251,4408,66659,679
2020-12-25,Glenn,21,27897,1520,1390,241,1631,9
2020-12-25,Humboldt,23,135768,1691,1532,6,1538,16
2020-12-25,Imperial,25,180216,22625,21646,1217,22863,405
2020-12-25,Inyo,27,18085,654,546,1,547,18
2020-12-25,Kern,29,883053,64468,60417,4772,65189,562
2020-12-25,Kings,31,150075,16022,15460,532,15992,108
2020-12-25,Lake,33,64148,1838,1669,0,1669,20
2020-12-25,Lassen,35,31185,4332,3926,46,3972,1
2020-12-25,Los Angeles,37,10098052,742450,665600,20746,686346,9292
2020-12-25,Madera,39,155013,10422,9770,414,10184,64
2020-12-25,Marin,41,260295,9661,9375,67,9442,143
2020-12-25,Mariposa,43,17540,225,203,2,205,3
2020-12-25,Mendocino,45,87422,2349,2176,21,2197,23
2020-12-25,Merced,47,269075,18513,17726,314,18040,213
2020-12-25,Modoc,49,8938,245,221,72,293,0
2020-12-25,Mono,51,14174,862,843,10,853,3
2020-12-25,Monterey,53,433212,27031,25788,680,26468,182
2020-12-25,Napa,55,140530,5763,5351,25,5376,26
2020-12-25,Nevada,57,99092,2688,2458,85,2543,15
2020-12-25,Orange,59,3164182,156345,144542,6091,150633,1814
2020-12-25,Placer,61,380077,13988,12660,529,13189,122
2020-12-25,Plumas,63,18699,458,381,9,390,0
2020-12-25,Riverside,65,2383286,178420,166690,8041,174731,1825
2020-12-25,Sacramento,67,1510023,64019,61630,578,62208,796
2020-12-25,San Benito,69,59416,3515,3281,29,3310,24
2020-12-25,San Bernardino,71,2135413,194423,181812,5104,186916,1546
2020-12-25,San Diego,73,3302833,154566,139958,0,139958,1402
2020-12-25,San Francisco,75,870044,23156,22130,220,22350,175
2020-12-25,San Joaquin,77,732212,44860,42089,1543,43632,614
2020-12-25,San Luis Obispo,79,281455,10668,9749,245,9994,76
2020-12-25,San Mateo,81,765935,24801,22568,96,22664,187
2020-12-25,Santa Barbara,83,443738,17388,15936,476,16412,155
2020-12-25,Santa Clara,85,1922200,68315,63173,286,63459,612
2020-12-25,Santa Cruz,87,273765,9007,8018,331,8349,81
2020-12-25,Shasta,89,179085,8037,7612,679,8291,65
2020-12-25,Sierra,91,2930,29,24,5,29,0
2020-12-25,Siskiyou,93,43540,995,905,104,1009,2
2020-12-25,Solano,95,438530,18684,17280,200,17480,96
2020-12-25,Sonoma,97,501317,18912,18035,105,18140,184
2020-12-25,Stanislaus,99,539301,34059,32290,3171,35461,498
2020-12-25,Sutter,101,95872,6356,6051,45,6096,47
2020-12-25,Tehama,103,63373,2961,2839,271,3110,9
2020-12-25,Trinity,105,12862,297,236,28,264,2
2020-12-25,Tulare,107,460477,32834,31323,3709,35032,398
2020-12-25,Tuolumne,109,53932,2810,2674,10,2684,12
2020-12-25,Ventura,111,848112,38120,35514,1590,37104,230
2020-12-25,Yolo,113,214977,8384,7700,59,7759,111
2020-12-25,Yuba,115,75493,3756,3549,37,3586,17
2020-12-24,Alameda,1,1643700,50741,47527,930,48457,541
2020-12-24,Alpine,3,1148,67,64,0,64,0
2020-12-24,Amador,5,37829,2382,2145,20,2165,23
2020-12-24,Butte,7,227075,7382,6716,841,7557,84
2020-12-24,Calaveras,9,45235,1096,1032,2,1034,21
2020-12-24,Colusa,11,21464,1270,1188,69,1257,7
2020-12-24,Contra Costa,13,1133247,39337,36623,521,37144,311
2020-12-24,Del Norte,15,27424,719,678,0,678,2
2020-12-24,El Dorado,17,186661,5962,5042,270,5312,16
2020-12-24,Fresno,19,978130,66274,61435,4394,65829,663
2020-12-24,Glenn,21,27897,1509,1363,233,1596,9
2020-12-24,Humboldt,23,135768,1668,1516,6,1522,16
2020-12-24,Imperial,25,180216,22576,21545,1208,22753,402
2020-12-24,Inyo,27,18085,652,532,1,533,17
2020-12-24,Kern,29,883053,64182,59601,4759,64360,556
2020-12-24,Kings,31,150075,15982,15211,531,15742,108
2020-12-24,Lake,33,64148,1824,1629,0,1629,20
2020-12-24,Lassen,35,31185,4319,3894,46,3940,1
2020-12-24,Los Angeles,37,10098052,738306,664840,20475,685315,9288
2020-12-24,Madera,39,155013,10384,9547,407,9954,63
2020-12-24,Marin,41,260295,9628,9287,67,9354,143
2020-12-24,Mariposa,43,17540,221,197,2,199,3
2020-12-24,Mendocino,45,87422,2339,2150,21,2171,23
2020-12-24,Merced,47,269075,18443,17485,310,17795,212
2020-12-24,Modoc,49,8938,245,220,71,291,0
2020-12-24,Mono,51,14174,860,817,10,827,3
2020-12-24,Monterey,53,433212,26927,25131,673,25804,180
2020-12-24,Napa,55,140530,5709,5265,25,5290,26
2020-12-24,Nevada,57,99092,2664,2429,85,2514,15
2020-12-24,Orange,59,3164182,154894,141205,6041,147246,1775
2020-12-24,Placer,61,380077,13910,12457,522,12979,121
2020-12-24,Plumas,63,18699,455,376,9,385,0
2020-12-24,Riverside,65,2383286,177516,162435,8002,170437,1816
2020-12-24,Sacramento,67,1510023,63744,60596,576,61172,788
2020-12-24,San Benito,69,59416,3485,3183,29,3212,24
2020-12-24,San Bernardino,71,2135413,193417,176866,5069,181935,1533
2020-12-24,San Diego,73,3302833,153484,136952,0,136952,1382
2020-12-24,San Francisco,75,870044,22992,21830,217,22047,175
2020-12-24,San Joaquin,77,732212,44699,41324,1524,42848,611
2020-12-24,San Luis Obispo,79,281455,10599,9504,243,9747,77
2020-12-24,San Mateo,81,765935,24603,22093,96,22189,186
2020-12-24,Santa Barbara,83,443738,17284,15644,468,16112,153
2020-12-24,Santa Clara,85,1922200,67713,61742,279,62021,591
2020-12-24,Santa Cruz,87,273765,8937,7856,318,8174,82
2020-12-24,Shasta,89,179085,7997,7540,661,8201,65
2020-12-24,Sierra,91,2930,27,23,2,25,0
2020-12-24,Siskiyou,93,43540,991,900,97,997,2
2020-12-24,Solano,95,438530,18543,16872,195,17067,96
2020-12-24,Sonoma,97,501317,18814,17710,105,17815,183
2020-12-24,Stanislaus,99,539301,33865,31848,3146,34994,498
2020-12-24,Sutter,101,95872,6315,5960,44,6004,47
2020-12-24,Tehama,103,63373,2945,2779,271,3050,9
2020-12-24,Trinity,105,12862,296,235,28,263,2
2020-12-24,Tulare,107,460477,32720,30827,3682,34509,390
2020-12-24,Tuolumne,109,53932,2802,2653,10,2663,12
2020-12-24,Ventura,111,848112,37842,34400,1583,35983,224
2020-12-24,Yolo,113,214977,8345,7566,59,7625,113
2020-12-24,Yuba,115,75493,3731,3483,37,3520,16
2020-12-23,Alameda,1,1643700,50176,46753,902,47655,537
2020-12-23,Alpine,3,1148,67,64,0,64,0
2020-12-23,Amador,5,37829,2314,2108,19,2127,23
2020-12-23,Butte,7,227075,7296,6588,813,7401,84
2020-12-23,Calaveras,9,45235,1089,1002,1,1003,21
2020-12-23,Colusa,11,21464,1259,1167,69,1236,7
2020-12-23,Contra Costa,13,1133247,38939,36190,507,36697,311
2020-12-23,Del Norte,15,27424,712,670,0,670,2
2020-12-23,El Dorado,17,186661,5888,4967,261,5228,14
2020-12-23,Fresno,19,978130,65668,60488,4325,64813,654
2020-12-23,Glenn,21,27897,1495,1349,229,1578,9
2020-12-23,Humboldt,23,135768,1643,1458,6,1464,16
2020-12-23,Imperial,25,180216,22482,21323,1178,22501,399
2020-12-23,Inyo,27,18085,640,517,1,518,17
2020-12-23,Kern,29,883053,63670,58656,4660,63316,549
2020-12-23,Kings,31,150075,15904,14923,528,15451,105
2020-12-23,Lake,33,64148,1808,1595,0,1595,20
2020-12-23,Lassen,35,31185,4309,3865,43,3908,1
2020-12-23,Los Angeles,37,10098052,729300,651958,19902,671860,9146
2020-12-23,Madera,39,155013,10228,9371,392,9763,63
2020-12-23,Marin,41,260295,9570,9199,64,9263,142
2020-12-23,Mariposa,43,17540,219,194,2,196,3
2020-12-23,Mendocino,45,87422,2327,2121,21,2142,23
2020-12-23,Merced,47,269075,18287,17250,303,17553,203
2020-12-23,Modoc,49,8938,241,197,70,267,0
2020-12-23,Mono,51,14174,858,814,10,824,3
2020-12-23,Monterey,53,433212,26629,24856,667,25523,176
2020-12-23,Napa,55,140530,5641,5172,25,5197,25
2020-12-23,Nevada,57,99092,2619,2406,84,2490,15
2020-12-23,Orange,59,3164182,152458,138050,5867,143917,1771
2020-12-23,Placer,61,380077,13704,12213,514,12727,111
2020-12-23,Plumas,63,18699,448,369,9,378,0
2020-12-23,Riverside,65,2383286,175292,158110,7834,165944,1790
2020-12-23,Sacramento,67,1510023,63099,59661,561,60222,779
2020-12-23,San Benito,69,59416,3430,3073,27,3100,24
2020-12-23,San Bernardino,71,2135413,191387,172888,5000,177888,1509
2020-12-23,San Diego,73,3302833,151063,134695,0,134695,1350
2020-12-23,San Francisco,75,870044,22769,21498,214,21712,174
2020-12-23,San Joaquin,77,732212,44176,35664,1482,37146,602
2020-12-23,San Luis Obispo,79,281455,10458,9267,237,9504,74
2020-12-23,San Mateo,81,765935,24299,21780,94,21874,186
2020-12-23,Santa Barbara,83,443738,17077,15399,438,15837,152
2020-12-23,Santa Clara,85,1922200,66806,60455,274,60729,579
2020-12-23,Santa Cruz,87,273765,8777,7637,300,7937,75
2020-12-23,Shasta,89,179085,7924,7487,654,8141,66
2020-12-23,Sierra,91,2930,27,23,0,23,0
2020-12-23,Siskiyou,93,43540,971,891,94,985,2
2020-12-23,Solano,95,438530,18336,16626,190,16816,95
2020-12-23,Sonoma,97,501317,18610,17397,105,17502,182
2020-12-23,Stanislaus,99,539301,33524,31492,3089,34581,499
2020-12-23,Sutter,101,95872,6250,5871,44,5915,46
2020-12-23,Tehama,103,63373,2924,2737,267,3004,9
2020-12-23,Trinity,105,12862,296,234,28,262,2
2020-12-23,Tulare,107,460477,32426,30315,3640,33955,385
2020-12-23,Tuolumne,109,53932,2762,2540,10,2550,12
2020-12-23,Ventura,111,848112,37453,33377,1549,34926,216
2020-12-23,Yolo,113,214977,8265,7508,57,7565,112
2020-12-23,Yuba,115,75493,3680,3438,36,3474,14
2020-12-22,Alameda,1,1643700,49292,45751,869,46620,534
2020-12-22,Alpine,3,1148,67,64,0,64,0
2020-12-22,Amador,5,37829,2303,1839,19,1858,23
2020-12-22,Butte,7,227075,7169,6467,796,7263,85
2020-12-22,Calaveras,9,45235,1062,988,0,988,21
2020-12-22,Colusa,11,21464,1236,1150,65,1215,7
2020-12-22,Contra Costa,13,1133247,38316,35681,494,36175,301
2020-12-22,Del Norte,15,27424,706,666,0,666,2
2020-12-22,El Dorado,17,186661,5767,4885,247,5132,12
2020-12-22,Fresno,19,978130,64639,59640,4212,63852,640
2020-12-22,Glenn,21,27897,1472,1337,218,1555,9
2020-12-22,Humboldt,23,135768,1609,1440,6,1446,16
2020-12-22,Imperial,25,180216,22295,21128,1135,22263,398
2020-12-22,Inyo,27,18085,619,506,1,507,17
2020-12-22,Kern,29,883053,62729,57816,4512,62328,547
2020-12-22,Kings,31,150075,15765,14855,521,15376,102
2020-12-22,Lake,33,64148,1784,1569,0,1569,20
2020-12-22,Lassen,35,31185,4167,3848,41,3889,1
2020-12-22,Los Angeles,37,10098052,712098,635931,19170,655101,9013
2020-12-22,Madera,39,155013,10110,9187,376,9563,63
2020-12-22,Marin,41,260295,9507,9115,63,9178,142
2020-12-22,Mariposa,43,17540,216,194,2,196,3
2020-12-22,Mendocino,45,87422,2294,2092,21,2113,23
2020-12-22,Merced,47,269075,18042,17012,299,17311,201
2020-12-22,Modoc,49,8938,233,182,69,251,0
2020-12-22,Mono,51,14174,848,786,10,796,3
2020-12-22,Monterey,53,433212,25967,24152,647,24799,176
2020-12-22,Napa,55,140530,5554,5059,25,5084,23
2020-12-22,Nevada,57,99092,2592,2367,83,2450,14
2020-12-22,Orange,59,3164182,149087,134850,5693,140543,1774
2020-12-22,Placer,61,380077,13474,11943,493,12436,105
2020-12-22,Plumas,63,18699,442,360,9,369,0
2020-12-22,Riverside,65,2383286,171525,155059,7551,162610,1777
2020-12-22,Sacramento,67,1510023,62174,57966,541,58507,772
2020-12-22,San Benito,69,59416,3353,2998,27,3025,24
2020-12-22,San Bernardino,71,2135413,186818,169266,4847,174113,1500
2020-12-22,San Diego,73,3302833,147710,132097,0,132097,1311
2020-12-22,San Francisco,75,870044,22500,21232,210,21442,174
2020-12-22,San Joaquin,77,732212,43423,39423,1434,40857,592
2020-12-22,San Luis Obispo,79,281455,10115,9174,232,9406,69
2020-12-22,San Mateo,81,765935,23971,21382,78,21460,186
2020-12-22,Santa Barbara,83,443738,16816,15189,428,15617,150
2020-12-22,Santa Clara,85,1922200,65642,59192,267,59459,569
2020-12-22,Santa Cruz,87,273765,8599,7471,273,7744,72
2020-12-22,Shasta,89,179085,7845,7371,637,8008,64
2020-12-22,Sierra,91,2930,27,23,0,23,0
2020-12-22,Siskiyou,93,43540,966,880,91,971,2
2020-12-22,Solano,95,438530,17932,16229,187,16416,95
2020-12-22,Sonoma,97,501317,18292,17216,105,17321,180
2020-12-22,Stanislaus,99,539301,33148,30914,3014,33928,499
2020-12-22,Sutter,101,95872,6189,5791,43,5834,46
2020-12-22,Tehama,103,63373,2877,2688,259,2947,9
2020-12-22,Trinity,105,12862,296,231,28,259,2
2020-12-22,Tulare,107,460477,31964,30025,3568,33593,377
2020-12-22,Tuolumne,109,53932,2707,2526,10,2536,12
2020-12-22,Ventura,111,848112,36694,32488,1500,33988,213
2020-12-22,Yolo,113,214977,8152,7388,56,7444,113
2020-12-22,Yuba,115,75493,3630,3379,36,3415,14
2020-12-21,Alameda,1,1643700,48394,44756,840,45596,518
2020-12-21,Alpine,3,1148,66,64,0,64,0
2020-12-21,Amador,5,37829,2226,1815,19,1834,23
2020-12-21,Butte,7,227075,7014,6335,772,7107,81
2020-12-21,Calaveras,9,45235,1032,963,0,963,21
2020-12-21,Colusa,11,21464,1209,1135,60,1195,7
2020-12-21,Contra Costa,13,1133247,37569,35207,457,35664,300
2020-12-21,Del Norte,15,27424,695,660,0,660,2
2020-12-21,El Dorado,17,186661,5621,4805,233,5038,10
2020-12-21,Fresno,19,978130,63493,58568,4060,62628,634
2020-12-21,Glenn,21,27897,1440,1323,210,1533,9
2020-12-21,Humboldt,23,135768,1585,1419,6,1425,16
2020-12-21,Imperial,25,180216,22024,20994,1092,22086,395
2020-12-21,Inyo,27,18085,598,482,1,483,17
2020-12-21,Kern,29,883053,61839,56836,4371,61207,541
2020-12-21,Kings,31,150075,15515,14760,505,15265,100
2020-12-21,Lake,33,64148,1730,1538,0,1538,20
2020-12-21,Lassen,35,31185,4007,3798,39,3837,1
2020-12-21,Los Angeles,37,10098052,693101,624129,18449,642578,8918
2020-12-21,Madera,39,155013,9918,9069,356,9425,63
2020-12-21,Marin,41,260295,9438,9035,63,9098,142
2020-12-21,Mariposa,43,17540,211,186,2,188,3
2020-12-21,Mendocino,45,87422,2264,2066,20,2086,23
2020-12-21,Merced,47,269075,17794,16710,282,16992,198
2020-12-21,Modoc,49,8938,219,181,68,249,0
2020-12-21,Mono,51,14174,836,781,10,791,3
2020-12-21,Monterey,53,433212,25435,23673,633,24306,174
2020-12-21,Napa,55,140530,5466,4952,25,4977,23
2020-12-21,Nevada,57,99092,2559,2337,83,2420,13
2020-12-21,Orange,59,3164182,145686,130444,5535,135979,1772
2020-12-21,Placer,61,380077,13249,11715,473,12188,105
2020-12-21,Plumas,63,18699,438,353,9,362,0
2020-12-21,Riverside,65,2383286,167333,151713,7206,158919,1743
2020-12-21,Sacramento,67,1510023,61158,57064,524,57588,759
2020-12-21,San Benito,69,59416,3284,2921,27,2948,22
2020-12-21,San Bernardino,71,2135413,182052,165086,4671,169757,1476
2020-12-21,San Diego,73,3302833,144264,129716,0,129716,1284
2020-12-21,San Francisco,75,870044,22218,21086,206,21292,174
2020-12-21,San Joaquin,77,732212,42628,38811,1381,40192,586
2020-12-21,San Luis Obispo,79,281455,9927,9006,227,9233,64
2020-12-21,San Mateo,81,765935,23566,21035,74,21109,185
2020-12-21,Santa Barbara,83,443738,16545,14988,423,15411,149
2020-12-21,Santa Clara,85,1922200,64450,57699,255,57954,570
2020-12-21,Santa Cruz,87,273765,8386,7315,259,7574,69
2020-12-21,Shasta,89,179085,7780,7299,627,7926,64
2020-12-21,Sierra,91,2930,24,23,0,23,0
2020-12-21,Siskiyou,93,43540,958,878,90,968,2
2020-12-21,Solano,95,438530,17462,15878,182,16060,95
2020-12-21,Sonoma,97,501317,18017,17075,101,17176,176
2020-12-21,Stanislaus,99,539301,32694,30437,2938,33375,499
2020-12-21,Sutter,101,95872,6094,5708,43,5751,46
2020-12-21,Tehama,103,63373,2811,2656,251,2907,9
2020-12-21,Trinity,105,12862,294,226,28,254,2
2020-12-21,Tulare,107,460477,31478,29482,3473,32955,373
2020-12-21,Tuolumne,109,53932,2682,2423,8,2431,12
2020-12-21,Ventura,111,848112,35613,31759,1463,33222,212
2020-12-21,Yolo,113,214977,8008,7266,52,7318,109
2020-12-21,Yuba,115,75493,3571,3329,36,3365,14
2020-12-20,Alameda,1,1643700,47510,44004,818,44822,516
2020-12-20,Alpine,3,1148,66,64,0,64,0
2020-12-20,Amador,5,37829,2168,1771,18,1789,23
2020-12-20,Butte,7,227075,6867,6228,734,6962,81
2020-12-20,Calaveras,9,45235,1008,926,0,926,21
2020-12-20,Colusa,11,21464,1182,1121,52,1173,7
2020-12-20,Contra Costa,13,1133247,36983,34798,438,35236,301
2020-12-20,Del Norte,15,27424,673,652,0,652,2
2020-12-20,El Dorado,17,186661,5493,4697,224,4921,10
2020-12-20,Fresno,19,978130,62511,57616,3917,61533,634
2020-12-20,Glenn,21,27897,1431,1295,203,1498,9
2020-12-20,Humboldt,23,135768,1548,1386,5,1391,15
2020-12-20,Imperial,25,180216,21782,20882,986,21868,395
2020-12-20,Inyo,27,18085,584,476,1,477,17
2020-12-20,Kern,29,883053,60745,55983,4211,60194,540
2020-12-20,Kings,31,150075,15297,14629,485,15114,100
2020-12-20,Lake,33,64148,1684,1463,0,1463,20
2020-12-20,Lassen,35,31185,3952,3669,37,3706,1
2020-12-20,Los Angeles,37,10098052,675103,612975,17671,630646,8862
2020-12-20,Madera,39,155013,9708,8871,346,9217,63
2020-12-20,Marin,41,260295,9341,8948,59,9007,142
2020-12-20,Mariposa,43,17540,210,179,2,181,3
2020-12-20,Mendocino,45,87422,2239,2033,20,2053,23
2020-12-20,Merced,47,269075,17478,16435,275,16710,198
2020-12-20,Modoc,49,8938,219,181,66,247,0
2020-12-20,Mono,51,14174,815,774,10,784,3
2020-12-20,Monterey,53,433212,24961,23250,589,23839,173
2020-12-20,Napa,55,140530,5344,4865,23,4888,23
2020-12-20,Nevada,57,99092,2513,2289,77,2366,13
2020-12-20,Orange,59,3164182,142207,128780,5380,134160,1763
2020-12-20,Placer,61,380077,13017,11496,454,11950,105
2020-12-20,Plumas,63,18699,430,347,9,356,0
2020-12-20,Riverside,65,2383286,163156,148714,6905,155619,1742
2020-12-20,Sacramento,67,1510023,60165,56017,505,56522,755
2020-12-20,San Benito,69,59416,3212,2885,26,2911,21
2020-12-20,San Bernardino,71,2135413,177094,162810,4508,167318,1458
2020-12-20,San Diego,73,3302833,140551,126465,0,126465,1280
2020-12-20,San Francisco,75,870044,21903,20937,202,21139,174
2020-12-20,San Joaquin,77,732212,41792,38268,1316,39584,587
2020-12-20,San Luis Obispo,79,281455,9634,8881,220,9101,63
2020-12-20,San Mateo,81,765935,23131,20764,70,20834,185
2020-12-20,Santa Barbara,83,443738,16231,14817,402,15219,148
2020-12-20,Santa Clara,85,1922200,63048,56860,249,57109,566
2020-12-20,Santa Cruz,87,273765,8181,7178,246,7424,69
2020-12-20,Shasta,89,179085,7666,7256,612,7868,64
2020-12-20,Sierra,91,2930,24,22,0,22,0
2020-12-20,Siskiyou,93,43540,948,870,89,959,2
2020-12-20,Solano,95,438530,17084,15533,171,15704,95
2020-12-20,Sonoma,97,501317,17742,16802,100,16902,175
2020-12-20,Stanislaus,99,539301,32173,29995,2834,32829,498
2020-12-20,Sutter,101,95872,6007,5601,43,5644,43
2020-12-20,Tehama,103,63373,2764,2602,231,2833,9
2020-12-20,Trinity,105,12862,289,221,27,248,2
2020-12-20,Tulare,107,460477,30964,29078,3373,32451,373
2020-12-20,Tuolumne,109,53932,2570,2152,7,2159,12
2020-12-20,Ventura,111,848112,34912,31335,1428,32763,210
2020-12-20,Yolo,113,214977,7854,7121,49,7170,109
2020-12-20,Yuba,115,75493,3523,3254,34,3288,12
2020-12-19,Alameda,1,1643700,47070,43109,811,43920,516
2020-12-19,Alpine,3,1148,66,64,0,64,0
2020-12-19,Amador,5,37829,2144,1754,18,1772,23
2020-12-19,Butte,7,227075,6767,6118,710,6828,81
2020-12-19,Calaveras,9,45235,990,900,0,900,21
2020-12-19,Colusa,11,21464,1174,1096,50,1146,7
2020-12-19,Contra Costa,13,1133247,36673,34321,422,34743,301
2020-12-19,Del Norte,15,27424,671,641,0,641,2
2020-12-19,El Dorado,17,186661,5427,4588,215,4803,10
2020-12-19,Fresno,19,978130,62190,55428,3847,59275,634
2020-12-19,Glenn,21,27897,1396,1286,202,1488,9
2020-12-19,Humboldt,23,135768,1531,1357,5,1362,15
2020-12-19,Imperial,25,180216,21695,20711,935,21646,395
2020-12-19,Inyo,27,18085,577,475,1,476,17
2020-12-19,Kern,29,883053,60265,55118,4099,59217,540
2020-12-19,Kings,31,150075,15218,14474,483,14957,100
2020-12-19,Lake,33,64148,1650,1438,0,1438,20
2020-12-19,Lassen,35,31185,3924,3595,37,3632,1
2020-12-19,Los Angeles,37,10098052,668072,599888,17113,617001,8804
2020-12-19,Madera,39,155013,9617,8717,335,9052,63
2020-12-19,Marin,41,260295,9302,8864,59,8923,142
2020-12-19,Mariposa,43,17540,208,177,2,179,3
2020-12-19,Mendocino,45,87422,2214,2008,20,2028,23
2020-12-19,Merced,47,269075,17340,16230,266,16496,198
2020-12-19,Modoc,49,8938,216,181,66,247,0
2020-12-19,Mono,51,14174,811,766,10,776,3
2020-12-19,Monterey,53,433212,24850,22799,583,23382,172
2020-12-19,Napa,55,140530,5282,4772,23,4795,23
2020-12-19,Nevada,57,99092,2491,2260,77,2337,13
2020-12-19,Orange,59,3164182,140318,125574,5222,130796,1733
2020-12-19,Placer,61,380077,12864,11246,448,11694,105
2020-12-19,Plumas,63,18699,427,343,9,352,0
2020-12-19,Riverside,65,2383286,161194,146703,6662,153365,1737
2020-12-19,Sacramento,67,1510023,59634,55169,490,55659,746
2020-12-19,San Benito,69,59416,3166,2820,25,2845,21
2020-12-19,San Bernardino,71,2135413,175555,159883,4395,164278,1433
2020-12-19,San Diego,73,3302833,138785,122972,0,122972,1280
2020-12-19,San Francisco,75,870044,21753,20643,201,20844,174
2020-12-19,San Joaquin,77,732212,41393,37340,1260,38600,586
2020-12-19,San Luis Obispo,79,281455,9564,8788,217,9005,63
2020-12-19,San Mateo,81,765935,22921,20393,63,20456,182
2020-12-19,Santa Barbara,83,443738,16076,14667,394,15061,148
2020-12-19,Santa Clara,85,1922200,62240,55540,244,55784,558
2020-12-19,Santa Cruz,87,273765,8079,7054,240,7294,68
2020-12-19,Shasta,89,179085,7613,7221,600,7821,63
2020-12-19,Sierra,91,2930,24,23,0,23,0
2020-12-19,Siskiyou,93,43540,945,853,88,941,2
2020-12-19,Solano,95,438530,16918,15204,167,15371,95
2020-12-19,Sonoma,97,501317,17635,16553,100,16653,175
2020-12-19,Stanislaus,99,539301,31855,29555,2760,32315,498
2020-12-19,Sutter,101,95872,5949,5506,43,5549,41
2020-12-19,Tehama,103,63373,2713,2574,228,2802,9
2020-12-19,Trinity,105,12862,289,219,27,246,2
2020-12-19,Tulare,107,460477,30747,28734,3304,32038,375
2020-12-19,Tuolumne,109,53932,2557,2107,7,2114,12
2020-12-19,Ventura,111,848112,34632,30843,1398,32241,209
2020-12-19,Yolo,113,214977,7785,7025,48,7073,109
2020-12-19,Yuba,115,75493,3491,3168,34,3202,11
2020-12-18,Alameda,1,1643700,46534,42196,794,42990,515
2020-12-18,Alpine,3,1148,66,64,0,64,0
2020-12-18,Amador,5,37829,2127,1727,16,1743,20
2020-12-18,Butte,7,227075,6683,5891,683,6574,81
2020-12-18,Calaveras,9,45235,981,870,0,870,21
2020-12-18,Colusa,11,21464,1165,1068,50,1118,7
2020-12-18,Contra Costa,13,1133247,36392,33610,408,34018,300
2020-12-18,Del Norte,15,27424,666,627,0,627,2
2020-12-18,El Dorado,17,186661,5366,4494,204,4698,10
2020-12-18,Fresno,19,978130,61363,52643,3783,56426,613
2020-12-18,Glenn,21,27897,1380,1264,196,1460,9
2020-12-18,Humboldt,23,135768,1516,1331,5,1336,15
2020-12-18,Imperial,25,180216,21617,20430,888,21318,393
2020-12-18,Inyo,27,18085,557,454,1,455,17
2020-12-18,Kern,29,883053,59609,54220,4013,58233,533
2020-12-18,Kings,31,150075,15093,14284,477,14761,98
2020-12-18,Lake,33,64148,1640,1397,0,1397,20
2020-12-18,Lassen,35,31185,3916,3486,37,3523,1
2020-12-18,Los Angeles,37,10098052,656006,586413,16590,603003,8744
2020-12-18,Madera,39,155013,9515,8609,330,8939,63
2020-12-18,Marin,41,260295,9219,8799,59,8858,142
2020-12-18,Mariposa,43,17540,205,176,2,178,3
2020-12-18,Mendocino,45,87422,2196,1977,20,1997,24
2020-12-18,Merced,47,269075,17259,15956,263,16219,195
2020-12-18,Modoc,49,8938,216,179,66,245,0
2020-12-18,Mono,51,14174,805,731,10,741,3
2020-12-18,Monterey,53,433212,24558,22336,577,22913,165
2020-12-18,Napa,55,140530,5234,4688,23,4711,23
2020-12-18,Nevada,57,99092,2474,2220,76,2296,13
2020-12-18,Orange,59,3164182,137896,121681,5062,126743,1725
2020-12-18,Placer,61,380077,12700,10995,439,11434,104
2020-12-18,Plumas,63,18699,421,336,9,345,0
2020-12-18,Riverside,65,2383286,158377,142375,6387,148762,1733
2020-12-18,Sacramento,67,1510023,59006,53980,472,54452,736
2020-12-18,San Benito,69,59416,3118,2744,25,2769,21
2020-12-18,San Bernardino,71,2135413,173268,154272,4260,158532,1430
2020-12-18,San Diego,73,3302833,136611,120463,0,120463,1253
2020-12-18,San Francisco,75,870044,21587,20315,195,20510,173
2020-12-18,San Joaquin,77,732212,41037,36484,1224,37708,559
2020-12-18,San Luis Obispo,79,281455,9465,8598,212,8810,62
2020-12-18,San Mateo,81,765935,22606,19971,59,20030,182
2020-12-18,Santa Barbara,83,443738,15936,14361,381,14742,148
2020-12-18,Santa Clara,85,1922200,61372,53992,231,54223,539
2020-12-18,Santa Cruz,87,273765,7964,6838,232,7070,68
2020-12-18,Shasta,89,179085,7577,7114,588,7702,62
2020-12-18,Sierra,91,2930,24,23,0,23,0
2020-12-18,Siskiyou,93,43540,943,840,88,928,2
2020-12-18,Solano,95,438530,16766,14667,163,14830,95
2020-12-18,Sonoma,97,501317,17515,16261,100,16361,173
2020-12-18,Stanislaus,99,539301,31586,28967,2721,31688,490
2020-12-18,Sutter,101,95872,5865,5399,43,5442,39
2020-12-18,Tehama,103,63373,2696,2523,219,2742,9
2020-12-18,Trinity,105,12862,288,215,27,242,2
2020-12-18,Tulare,107,460477,30481,28322,3218,31540,370
2020-12-18,Tuolumne,109,53932,2546,2067,7,2074,12
2020-12-18,Ventura,111,848112,34131,29907,1354,31261,209
2020-12-18,Yolo,113,214977,7717,6901,47,6948,109
2020-12-18,Yuba,115,75493,3433,3097,34,3131,11
2020-12-17,Alameda,1,1643700,45732,41548,761,42309,508
2020-12-17,Alpine,3,1148,66,64,0,64,0
2020-12-17,Amador,5,37829,2079,1703,14,1717,19
2020-12-17,Butte,7,227075,6559,5746,663,6409,78
2020-12-17,Calaveras,9,45235,958,848,0,848,21
2020-12-17,Colusa,11,21464,1154,1053,48,1101,7
2020-12-17,Contra Costa,13,1133247,35871,33006,373,33379,293
2020-12-17,Del Norte,15,27424,661,583,0,583,1
2020-12-17,El Dorado,17,186661,5224,4327,191,4518,9
2020-12-17,Fresno,19,978130,60506,49918,3653,53571,597
2020-12-17,Glenn,21,27897,1356,1244,189,1433,9
2020-12-17,Humboldt,23,135768,1483,1322,5,1327,14
2020-12-17,Imperial,25,180216,21459,20208,811,21019,391
2020-12-17,Inyo,27,18085,539,450,1,451,16
2020-12-17,Kern,29,883053,58662,53683,3871,57554,526
2020-12-17,Kings,31,150075,14994,14057,461,14518,98
2020-12-17,Lake,33,64148,1615,1374,0,1374,20
2020-12-17,Lassen,35,31185,3880,3417,37,3454,1
2020-12-17,Los Angeles,37,10098052,640442,571093,16001,587094,8657
2020-12-17,Madera,39,155013,9399,8465,325,8790,62
2020-12-17,Marin,41,260295,9162,8721,56,8777,142
2020-12-17,Mariposa,43,17540,201,172,2,174,3
2020-12-17,Mendocino,45,87422,2162,1942,20,1962,23
2020-12-17,Merced,47,269075,16996,15648,255,15903,192
2020-12-17,Modoc,49,8938,213,179,66,245,0
2020-12-17,Mono,51,14174,796,718,10,728,3
2020-12-17,Monterey,53,433212,24039,21951,562,22513,163
2020-12-17,Napa,55,140530,5122,4612,23,4635,23
2020-12-17,Nevada,57,99092,2433,2173,73,2246,13
2020-12-17,Orange,59,3164182,134523,118367,4926,123293,1725
2020-12-17,Placer,61,380077,12432,10756,425,11181,99
2020-12-17,Plumas,63,18699,412,324,9,333,0
2020-12-17,Riverside,65,2383286,154536,139325,6163,145488,1696
2020-12-17,Sacramento,67,1510023,58104,53189,449,53638,721
2020-12-17,San Benito,69,59416,3048,2645,24,2669,20
2020-12-17,San Bernardino,71,2135413,169348,149838,4135,153973,1425
2020-12-17,San Diego,73,3302833,133817,116852,0,116852,1239
2020-12-17,San Francisco,75,870044,21298,19939,190,20129,170
2020-12-17,San Joaquin,77,732212,40309,35894,1187,37081,554
2020-12-17,San Luis Obispo,79,281455,9345,8365,210,8575,59
2020-12-17,San Mateo,81,765935,22234,19647,59,19706,181
2020-12-17,Santa Barbara,83,443738,15703,14207,374,14581,147
2020-12-17,Santa Clara,85,1922200,60204,52559,224,52783,527
2020-12-17,Santa Cruz,87,273765,7809,6687,217,6904,64
2020-12-17,Shasta,89,179085,7501,7000,569,7569,62
2020-12-17,Sierra,91,2930,23,23,0,23,0
2020-12-17,Siskiyou,93,43540,936,827,87,914,2
2020-12-17,Solano,95,438530,16458,14361,161,14522,96
2020-12-17,Sonoma,97,501317,17243,15993,99,16092,171
2020-12-17,Stanislaus,99,539301,31162,28582,2660,31242,489
2020-12-17,Sutter,101,95872,5766,5309,42,5351,39
2020-12-17,Tehama,103,63373,2648,2480,213,2693,9
2020-12-17,Trinity,105,12862,284,213,27,240,2
2020-12-17,Tulare,107,460477,30089,27852,3136,30988,358
2020-12-17,Tuolumne,109,53932,2235,1992,7,1999,11
2020-12-17,Ventura,111,848112,33524,29404,1316,30720,208
2020-12-17,Yolo,113,214977,7590,6800,46,6846,105
2020-12-17,Yuba,115,75493,3374,3035,32,3067,12
2020-12-16,Alameda,1,1643700,44877,40751,733,41484,497
2020-12-16,Alpine,3,1148,66,64,0,64,0
2020-12-16,Amador,5,37829,2032,1693,13,1706,19
2020-12-16,Butte,7,227075,6368,5659,633,6292,76
2020-12-16,Calaveras,9,45235,923,821,0,821,21
2020-12-16,Colusa,11,21464,1141,1038,43,1081,7
2020-12-16,Contra Costa,13,1133247,35317,32429,350,32779,293
2020-12-16,Del Norte,15,27424,659,575,0,575,1
2020-12-16,El Dorado,17,186661,5103,4237,180,4417,9
2020-12-16,Fresno,19,978130,59553,49173,3549,52722,584
2020-12-16,Glenn,21,27897,1338,1236,178,1414,9
2020-12-16,Humboldt,23,135768,1451,1308,4,1312,12
2020-12-16,Imperial,25,180216,21279,19980,743,20723,388
2020-12-16,Inyo,27,18085,526,444,1,445,16
2020-12-16,Kern,29,883053,57792,52896,3734,56630,522
2020-12-16,Kings,31,150075,14815,13734,443,14177,99
2020-12-16,Lake,33,64148,1575,1363,0,1363,20
2020-12-16,Lassen,35,31185,3847,3396,36,3432,1
2020-12-16,Los Angeles,37,10098052,623985,557907,15294,573201,8561
2020-12-16,Madera,39,155013,9274,8278,317,8595,62
2020-12-16,Marin,41,260295,9092,8641,56,8697,142
2020-12-16,Mariposa,43,17540,198,175,2,177,3
2020-12-16,Mendocino,45,87422,2126,1929,20,1949,23
2020-12-16,Merced,47,269075,16709,15443,251,15694,190
2020-12-16,Modoc,49,8938,210,178,66,244,0
2020-12-16,Mono,51,14174,779,702,10,712,3
2020-12-16,Monterey,53,433212,23482,21107,551,21658,163
2020-12-16,Napa,55,140530,5024,4544,23,4567,23
2020-12-16,Nevada,57,99092,2397,2149,71,2220,13
2020-12-16,Orange,59,3164182,131074,115260,4746,120006,1712
2020-12-16,Placer,61,380077,12201,10554,403,10957,96
2020-12-16,Plumas,63,18699,403,319,9,328,0
2020-12-16,Riverside,65,2383286,150427,135751,5904,141655,1664
2020-12-16,Sacramento,67,1510023,57133,52166,422,52588,715
2020-12-16,San Benito,69,59416,2958,2582,24,2606,20
2020-12-16,San Bernardino,71,2135413,164746,143565,3995,147560,1403
2020-12-16,San Diego,73,3302833,130717,114248,0,114248,1217
2020-12-16,San Francisco,75,870044,21040,19624,189,19813,170
2020-12-16,San Joaquin,77,732212,39485,35010,1145,36155,547
2020-12-16,San Luis Obispo,79,281455,9150,8252,201,8453,58
2020-12-16,San Mateo,81,765935,21908,19292,55,19347,179
2020-12-16,Santa Barbara,83,443738,15461,13966,361,14327,144
2020-12-16,Santa Clara,85,1922200,58965,51502,221,51723,523
2020-12-16,Santa Cruz,87,273765,7624,6536,205,6741,63
2020-12-16,Shasta,89,179085,7429,6914,547,7461,62
2020-12-16,Sierra,91,2930,23,23,0,23,0
2020-12-16,Siskiyou,93,43540,928,818,87,905,2
2020-12-16,Solano,95,438530,15993,14157,156,14313,96
2020-12-16,Sonoma,97,501317,16987,15768,99,15867,170
2020-12-16,Stanislaus,99,539301,30659,28279,2586,30865,489
2020-12-16,Sutter,101,95872,5686,5223,42,5265,39
2020-12-16,Tehama,103,63373,2617,2441,187,2628,9
2020-12-16,Trinity,105,12862,279,212,27,239,2
2020-12-16,Tulare,107,460477,29677,27500,3029,30529,352
2020-12-16,Tuolumne,109,53932,2189,1941,7,1948,11
2020-12-16,Ventura,111,848112,32752,28566,1271,29837,203
2020-12-16,Yolo,113,214977,7461,6649,45,6694,103
2020-12-16,Yuba,115,75493,3288,2980,31,3011,11
2020-12-15,Alameda,1,1643700,44023,40026,709,40735,492
2020-12-15,Alpine,3,1148,66,64,0,64,0
2020-12-15,Amador,5,37829,1919,1669,11,1680,19
2020-12-15,Butte,7,227075,6232,5565,601,6166,75
2020-12-15,Calaveras,9,45235,891,799,0,799,21
2020-12-15,Colusa,11,21464,1128,1026,41,1067,7
2020-12-15,Contra Costa,13,1133247,34664,31423,334,31757,281
2020-12-15,Del Norte,15,27424,648,564,0,564,1
2020-12-15,El Dorado,17,186661,4998,4113,164,4277,9
2020-12-15,Fresno,19,978130,58187,47316,3410,50726,574
2020-12-15,Glenn,21,27897,1325,1207,161,1368,9
2020-12-15,Humboldt,23,135768,1431,1276,4,1280,12
2020-12-15,Imperial,25,180216,21062,19756,661,20417,380
2020-12-15,Inyo,27,18085,513,394,1,395,16
2020-12-15,Kern,29,883053,56780,52002,3629,55631,511
2020-12-15,Kings,31,150075,14651,13652,424,14076,97
2020-12-15,Lake,33,64148,1550,1341,0,1341,21
2020-12-15,Lassen,35,31185,3675,3378,35,3413,1
2020-12-15,Los Angeles,37,10098052,607680,536258,14618,550876,8429
2020-12-15,Madera,39,155013,9118,8118,308,8426,60
2020-12-15,Marin,41,260295,8985,8528,54,8582,141
2020-12-15,Mariposa,43,17540,194,171,2,173,3
2020-12-15,Mendocino,45,87422,2099,1883,20,1903,24
2020-12-15,Merced,47,269075,16406,15120,247,15367,190
2020-12-15,Modoc,49,8938,208,179,66,245,0
2020-12-15,Mono,51,14174,763,702,10,712,3
2020-12-15,Monterey,53,433212,22883,19905,488,20393,161
2020-12-15,Napa,55,140530,4920,4440,23,4463,23
2020-12-15,Nevada,57,99092,2364,2117,69,2186,11
2020-12-15,Orange,59,3164182,127421,112893,4590,117483,1689
2020-12-15,Placer,61,380077,11972,10301,381,10682,95
2020-12-15,Plumas,63,18699,398,313,9,322,0
2020-12-15,Riverside,65,2383286,146391,131822,5617,137439,1624
2020-12-15,Sacramento,67,1510023,56118,51076,409,51485,703
2020-12-15,San Benito,69,59416,2878,2520,23,2543,19
2020-12-15,San Bernardino,71,2135413,160306,137548,3830,141378,1351
2020-12-15,San Diego,73,3302833,127157,111441,0,111441,1194
2020-12-15,San Francisco,75,870044,20731,19283,186,19469,171
2020-12-15,San Joaquin,77,732212,38561,33849,1108,34957,537
2020-12-15,San Luis Obispo,79,281455,9041,8074,198,8272,55
2020-12-15,San Mateo,81,765935,21499,18907,53,18960,178
2020-12-15,Santa Barbara,83,443738,15243,13782,352,14134,144
2020-12-15,Santa Clara,85,1922200,57531,50311,217,50528,505
2020-12-15,Santa Cruz,87,273765,7442,6361,189,6550,59
2020-12-15,Shasta,89,179085,7372,6794,521,7315,54
2020-12-15,Sierra,91,2930,23,23,0,23,0
2020-12-15,Siskiyou,93,43540,919,812,86,898,2
2020-12-15,Solano,95,438530,15646,13796,156,13952,95
2020-12-15,Sonoma,97,501317,16765,15406,99,15505,167
2020-12-15,Stanislaus,99,539301,30152,27823,2498,30321,485
2020-12-15,Sutter,101,95872,5589,5080,41,5121,36
2020-12-15,Tehama,103,63373,2580,2392,182,2574,9
2020-12-15,Trinity,105,12862,274,213,25,238,1
2020-12-15,Tulare,107,460477,29181,27026,2938,29964,342
2020-12-15,Tuolumne,109,53932,2158,1874,7,1881,8
2020-12-15,Ventura,111,848112,32131,27936,1223,29159,201
2020-12-15,Yolo,113,214977,7339,6531,43,6574,104
2020-12-15,Yuba,115,75493,3194,2891,30,2921,11
2020-12-14,Alameda,1,1643700,43130,39252,689,39941,487
2020-12-14,Alpine,3,1148,66,63,0,63,0
2020-12-14,Amador,5,37829,1847,1609,11,1620,19
2020-12-14,Butte,7,227075,6065,5202,583,5785,75
2020-12-14,Calaveras,9,45235,853,718,0,718,21
2020-12-14,Colusa,11,21464,1104,949,40,989,7
2020-12-14,Contra Costa,13,1133247,33965,30594,319,30913,281
2020-12-14,Del Norte,15,27424,642,560,0,560,1
2020-12-14,El Dorado,17,186661,4843,4018,147,4165,9
2020-12-14,Fresno,19,978130,57169,44726,3223,47949,560
2020-12-14,Glenn,21,27897,1299,1186,153,1339,9
2020-12-14,Humboldt,23,135768,1418,1256,4,1260,9
2020-12-14,Imperial,25,180216,20824,19608,579,20187,379
2020-12-14,Inyo,27,18085,499,382,1,383,16
2020-12-14,Kern,29,883053,55749,50538,3502,54040,510
2020-12-14,Kings,31,150075,14468,13491,395,13886,97
2020-12-14,Lake,33,64148,1499,1301,0,1301,21
2020-12-14,Lassen,35,31185,3576,2905,32,2937,1
2020-12-14,Los Angeles,37,10098052,590121,524668,13953,538621,8340
2020-12-14,Madera,39,155013,8845,8011,299,8310,60
2020-12-14,Marin,41,260295,8900,8475,52,8527,141
2020-12-14,Mariposa,43,17540,193,171,2,173,3
2020-12-14,Mendocino,45,87422,2078,1845,20,1865,24
2020-12-14,Merced,47,269075,16005,14572,233,14805,189
2020-12-14,Modoc,49,8938,203,180,64,244,0
2020-12-14,Mono,51,14174,755,685,10,695,3
2020-12-14,Monterey,53,433212,22365,19154,481,19635,155
2020-12-14,Napa,55,140530,4827,4289,23,4312,22
2020-12-14,Nevada,57,99092,2325,2070,66,2136,11
2020-12-14,Orange,59,3164182,123557,108602,4450,113052,1688
2020-12-14,Placer,61,380077,11679,9551,370,9921,95
2020-12-14,Plumas,63,18699,386,309,9,318,0
2020-12-14,Riverside,65,2383286,142280,123715,5347,129062,1588
2020-12-14,Sacramento,67,1510023,55010,50304,383,50687,691
2020-12-14,San Benito,69,59416,2811,2467,22,2489,19
2020-12-14,San Bernardino,71,2135413,155880,129151,3692,132843,1347
2020-12-14,San Diego,73,3302833,123426,109578,0,109578,1162
2020-12-14,San Francisco,75,870044,20357,18904,184,19088,171
2020-12-14,San Joaquin,77,732212,37721,32522,1059,33581,534
2020-12-14,San Luis Obispo,79,281455,8795,7791,192,7983,52
2020-12-14,San Mateo,81,765935,20999,18361,51,18412,178
2020-12-14,Santa Barbara,83,443738,14974,13587,345,13932,144
2020-12-14,Santa Clara,85,1922200,55972,49180,205,49385,502
2020-12-14,Santa Cruz,87,273765,7256,6049,173,6222,54
2020-12-14,Shasta,89,179085,7283,6665,503,7168,54
2020-12-14,Sierra,91,2930,23,21,0,21,0
2020-12-14,Siskiyou,93,43540,896,764,80,844,2
2020-12-14,Solano,95,438530,15282,13352,154,13506,93
2020-12-14,Sonoma,97,501317,16459,14807,98,14905,167
2020-12-14,Stanislaus,99,539301,29622,27311,2447,29758,485
2020-12-14,Sutter,101,95872,5481,5001,34,5035,35
2020-12-14,Tehama,103,63373,2533,2344,179,2523,9
2020-12-14,Trinity,105,12862,271,205,23,228,1
2020-12-14,Tulare,107,460477,28709,25735,2839,28574,341
2020-12-14,Tuolumne,109,53932,2101,1647,7,1654,8
2020-12-14,Ventura,111,848112,31211,27436,1160,28596,202
2020-12-14,Yolo,113,214977,7179,6389,42,6431,95
2020-12-14,Yuba,115,75493,3132,2851,30,2881,11
2020-12-13,Alameda,1,1643700,41938,38064,662,38726,486
2020-12-13,Alpine,3,1148,66,63,0,63,0
2020-12-13,Amador,5,37829,1791,1457,10,1467,19
2020-12-13,Butte,7,227075,5916,5103,538,5641,75
2020-12-13,Calaveras,9,45235,817,710,0,710,21
2020-12-13,Colusa,11,21464,1088,945,36,981,7
2020-12-13,Contra Costa,13,1133247,33238,29667,311,29978,281
2020-12-13,Del Norte,15,27424,589,542,0,542,1
2020-12-13,El Dorado,17,186661,4745,3770,135,3905,9
2020-12-13,Fresno,19,978130,56067,44114,3055,47169,559
2020-12-13,Glenn,21,27897,1286,1171,142,1313,9
2020-12-13,Humboldt,23,135768,1395,1238,3,1241,9
2020-12-13,Imperial,25,180216,20540,19472,444,19916,379
2020-12-13,Inyo,27,18085,478,380,1,381,16
2020-12-13,Kern,29,883053,54730,49051,3340,52391,510
2020-12-13,Kings,31,150075,14191,13357,374,13731,97
2020-12-13,Lake,33,64148,1456,1271,0,1271,21
2020-12-13,Lassen,35,31185,3469,2867,27,2894,1
2020-12-13,Los Angeles,37,10098052,572623,517472,13203,530675,8294
2020-12-13,Madera,39,155013,8661,7909,284,8193,60
2020-12-13,Marin,41,260295,8778,8409,52,8461,141
2020-12-13,Mariposa,43,17540,189,167,2,169,3
2020-12-13,Mendocino,45,87422,2044,1793,20,1813,24
2020-12-13,Merced,47,269075,15654,14384,230,14614,189
2020-12-13,Modoc,49,8938,191,179,58,237,0
2020-12-13,Mono,51,14174,737,675,10,685,3
2020-12-13,Monterey,53,433212,21943,18913,465,19378,153
2020-12-13,Napa,55,140530,4721,4194,23,4217,22
2020-12-13,Nevada,57,99092,2274,2030,64,2094,11
2020-12-13,Orange,59,3164182,119657,104768,4262,109030,1688
2020-12-13,Placer,61,380077,11367,9405,352,9757,95
2020-12-13,Plumas,63,18699,380,291,9,300,0
2020-12-13,Riverside,65,2383286,138177,119691,5068,124759,1581
2020-12-13,Sacramento,67,1510023,53748,49480,352,49832,682
2020-12-13,San Benito,69,59416,2739,2408,21,2429,19
2020-12-13,San Bernardino,71,2135413,150997,126718,3523,130241,1333
2020-12-13,San Diego,73,3302833,119831,107372,0,107372,1162
2020-12-13,San Francisco,75,870044,20015,18686,174,18860,167
2020-12-13,San Joaquin,77,732212,36921,32170,1016,33186,534
2020-12-13,San Luis Obispo,79,281455,8603,7625,184,7809,52
2020-12-13,San Mateo,81,765935,20508,18090,45,18135,177
2020-12-13,Santa Barbara,83,443738,14710,13249,328,13577,144
2020-12-13,Santa Clara,85,1922200,54545,47920,196,48116,499
2020-12-13,Santa Cruz,87,273765,7008,5986,162,6148,54
2020-12-13,Shasta,89,179085,7209,6647,477,7124,54
2020-12-13,Sierra,91,2930,23,21,0,21,0
2020-12-13,Siskiyou,93,43540,885,762,74,836,2
2020-12-13,Solano,95,438530,14843,13276,151,13427,93
2020-12-13,Sonoma,97,501317,16144,14495,97,14592,167
2020-12-13,Stanislaus,99,539301,29063,26569,2379,28948,485
2020-12-13,Sutter,101,95872,5354,4798,29,4827,34
2020-12-13,Tehama,103,63373,2489,2325,162,2487,9
2020-12-13,Trinity,105,12862,267,204,22,226,1
2020-12-13,Tulare,107,460477,28217,25496,2744,28240,340
2020-12-13,Tuolumne,109,53932,2038,1611,7,1618,8
2020-12-13,Ventura,111,848112,30212,26588,1094,27682,202
2020-12-13,Yolo,113,214977,6999,6265,35,6300,95
2020-12-13,Yuba,115,75493,3067,2754,27,2781,11
2020-12-12,Alameda,1,1643700,41503,37027,641,37668,486
2020-12-12,Alpine,3,1148,66,63,0,63,0
2020-12-12,Amador,5,37829,1763,1236,9,1245,19
2020-12-12,Butte,7,227075,5844,4972,524,5496,73
2020-12-12,Calaveras,9,45235,807,708,0,708,21
2020-12-12,Colusa,11,21464,1068,945,34,979,7
2020-12-12,Contra Costa,13,1133247,32895,29506,301,29807,281
2020-12-12,Del Norte,15,27424,581,529,0,529,1
2020-12-12,El Dorado,17,186661,4670,3706,117,3823,9
2020-12-12,Fresno,19,978130,55717,43756,2994,46750,559
2020-12-12,Glenn,21,27897,1278,1143,138,1281,8
2020-12-12,Humboldt,23,135768,1376,1208,3,1211,9
2020-12-12,Imperial,25,180216,20459,18947,383,19330,379
2020-12-12,Inyo,27,18085,474,380,1,381,16
2020-12-12,Kern,29,883053,54215,48194,3248,51442,507
2020-12-12,Kings,31,150075,14104,13205,369,13574,96
2020-12-12,Lake,33,64148,1439,1232,0,1232,21
2020-12-12,Lassen,35,31185,3447,2866,23,2889,1
2020-12-12,Los Angeles,37,10098052,565882,504317,12664,516981,8269
2020-12-12,Madera,39,155013,8538,7765,281,8046,59
2020-12-12,Marin,41,260295,8722,8363,51,8414,141
2020-12-12,Mariposa,43,17540,188,164,2,166,3
2020-12-12,Mendocino,45,87422,2008,1771,20,1791,24
2020-12-12,Merced,47,269075,15564,14181,226,14407,188
2020-12-12,Modoc,49,8938,190,169,55,224,0
2020-12-12,Mono,51,14174,728,640,10,650,3
2020-12-12,Monterey,53,433212,21832,18596,436,19032,151
2020-12-12,Napa,55,140530,4677,4113,23,4136,22
2020-12-12,Nevada,57,99092,2256,1981,62,2043,10
2020-12-12,Orange,59,3164182,117814,100468,4103,104571,1674
2020-12-12,Placer,61,380077,11209,9390,346,9736,95
2020-12-12,Plumas,63,18699,374,291,9,300,0
2020-12-12,Riverside,65,2383286,136131,118335,4850,123185,1579
2020-12-12,Sacramento,67,1510023,53166,48319,337,48656,673
2020-12-12,San Benito,69,59416,2683,2355,20,2375,19
2020-12-12,San Bernardino,71,2135413,149381,125741,3411,129152,1321
2020-12-12,San Diego,73,3302833,118211,104958,0,104958,1151
2020-12-12,San Francisco,75,870044,19827,18413,169,18582,167
2020-12-12,San Joaquin,77,732212,36596,32200,983,33183,534
2020-12-12,San Luis Obispo,79,281455,8508,7462,175,7637,50
2020-12-12,San Mateo,81,765935,20288,17574,44,17618,177
2020-12-12,Santa Barbara,83,443738,14558,13174,320,13494,144
2020-12-12,Santa Clara,85,1922200,53591,45892,193,46085,498
2020-12-12,Santa Cruz,87,273765,6909,5905,152,6057,54
2020-12-12,Shasta,89,179085,7174,6551,459,7010,54
2020-12-12,Sierra,91,2930,23,21,0,21,0
2020-12-12,Siskiyou,93,43540,883,762,71,833,2
2020-12-12,Solano,95,438530,14646,12748,144,12892,93
2020-12-12,Sonoma,97,501317,16025,14466,97,14563,166
2020-12-12,Stanislaus,99,539301,28762,26246,2322,28568,483
2020-12-12,Sutter,101,95872,5292,4717,29,4746,32
2020-12-12,Tehama,103,63373,2473,2252,156,2408,9
2020-12-12,Trinity,105,12862,266,204,20,224,1
2020-12-12,Tulare,107,460477,27955,25333,2685,28018,341
2020-12-12,Tuolumne,109,53932,1995,1536,7,1543,8
2020-12-12,Ventura,111,848112,29769,25955,1061,27016,202
2020-12-12,Yolo,113,214977,6917,6116,33,6149,95
2020-12-12,Yuba,115,75493,3040,2692,26,2718,10
2020-12-11,Alameda,1,1643700,40935,36281,629,36910,482
2020-12-11,Alpine,3,1148,66,63,0,63,0
2020-12-11,Amador,5,37829,1748,1213,8,1221,19
2020-12-11,Butte,7,227075,5773,4941,503,5444,73
2020-12-11,Calaveras,9,45235,791,697,0,697,21
2020-12-11,Colusa,11,21464,1058,923,32,955,7
2020-12-11,Contra Costa,13,1133247,32466,29036,297,29333,282
2020-12-11,Del Norte,15,27424,575,505,0,505,1
2020-12-11,El Dorado,17,186661,4588,3669,102,3771,9
2020-12-11,Fresno,19,978130,54709,43071,2927,45998,550
2020-12-11,Glenn,21,27897,1262,1135,133,1268,8
2020-12-11,Humboldt,23,135768,1359,1190,3,1193,9
2020-12-11,Imperial,25,180216,20371,18599,335,18934,377
2020-12-11,Inyo,27,18085,462,372,1,373,16
2020-12-11,Kern,29,883053,53543,47664,3181,50845,502
2020-12-11,Kings,31,150075,13962,13118,363,13481,94
2020-12-11,Lake,33,64148,1427,1205,0,1205,21
2020-12-11,Lassen,35,31185,3436,2790,21,2811,1
2020-12-11,Los Angeles,37,10098052,554131,493592,12233,505825,8198
2020-12-11,Madera,39,155013,8448,7648,271,7919,59
2020-12-11,Marin,41,260295,8627,8317,50,8367,141
2020-12-11,Mariposa,43,17540,187,164,2,166,3
2020-12-11,Mendocino,45,87422,1985,1769,20,1789,24
2020-12-11,Merced,47,269075,15446,14038,218,14256,186
2020-12-11,Modoc,49,8938,190,168,54,222,0
2020-12-11,Mono,51,14174,719,631,10,641,3
2020-12-11,Monterey,53,433212,21531,18421,431,18852,150
2020-12-11,Napa,55,140530,4621,4054,23,4077,22
2020-12-11,Nevada,57,99092,2239,1959,59,2018,10
2020-12-11,Orange,59,3164182,115513,98357,4000,102357,1656
2020-12-11,Placer,61,380077,11053,8904,330,9234,93
2020-12-11,Plumas,63,18699,366,286,9,295,0
2020-12-11,Riverside,65,2383286,133081,115329,4618,119947,1573
2020-12-11,Sacramento,67,1510023,52501,47468,328,47796,669
2020-12-11,San Benito,69,59416,2632,2319,20,2339,19
2020-12-11,San Bernardino,71,2135413,146704,123092,3285,126377,1313
2020-12-11,San Diego,73,3302833,116254,102468,0,102468,1137
2020-12-11,San Francisco,75,870044,19597,18246,168,18414,165
2020-12-11,San Joaquin,77,732212,36253,32044,954,32998,534
2020-12-11,San Luis Obispo,79,281455,8348,7415,172,7587,49
2020-12-11,San Mateo,81,765935,20016,17240,33,17273,177
2020-12-11,Santa Barbara,83,443738,14416,12997,312,13309,144
2020-12-11,Santa Clara,85,1922200,52584,45101,183,45284,494
2020-12-11,Santa Cruz,87,273765,6797,5764,141,5905,50
2020-12-11,Shasta,89,179085,7128,6459,452,6911,54
2020-12-11,Sierra,91,2930,23,19,0,19,0
2020-12-11,Siskiyou,93,43540,876,753,68,821,2
2020-12-11,Solano,95,438530,14459,12554,140,12694,92
2020-12-11,Sonoma,97,501317,15860,14298,94,14392,166
2020-12-11,Stanislaus,99,539301,28496,25928,2276,28204,464
2020-12-11,Sutter,101,95872,5228,4600,28,4628,30
2020-12-11,Tehama,103,63373,2444,2232,152,2384,9
2020-12-11,Trinity,105,12862,264,204,19,223,1
2020-12-11,Tulare,107,460477,27600,24953,2635,27588,338
2020-12-11,Tuolumne,109,53932,1980,1510,7,1517,8
2020-12-11,Ventura,111,848112,29163,24999,1038,26037,202
2020-12-11,Yolo,113,214977,6812,6006,31,6037,95
2020-12-11,Yuba,115,75493,2979,2649,25,2674,10
2020-12-10,Alameda,1,1643700,40167,35686,607,36293,477
2020-12-10,Alpine,3,1148,66,63,0,63,0
2020-12-10,Amador,5,37829,1691,1191,8,1199,18
2020-12-10,Butte,7,227075,5657,4863,476,5339,72
2020-12-10,Calaveras,9,45235,772,684,0,684,21
2020-12-10,Colusa,11,21464,1035,909,27,936,7
2020-12-10,Contra Costa,13,1133247,31784,28413,291,28704,276
2020-12-10,Del Norte,15,27424,566,501,0,501,1
2020-12-10,El Dorado,17,186661,4470,3557,97,3654,9
2020-12-10,Fresno,19,978130,53731,42461,2780,45241,540
2020-12-10,Glenn,21,27897,1242,1126,124,1250,8
2020-12-10,Humboldt,23,135768,1339,1140,3,1143,9
2020-12-10,Imperial,25,180216,20157,18333,253,18586,370
2020-12-10,Inyo,27,18085,441,365,1,366,15
2020-12-10,Kern,29,883053,52564,47176,3011,50187,499
2020-12-10,Kings,31,150075,13811,12993,357,13350,92
2020-12-10,Lake,33,64148,1386,1167,0,1167,21
2020-12-10,Lassen,35,31185,3414,2764,17,2781,0
2020-12-10,Los Angeles,37,10098052,540222,480354,11677,492031,8149
2020-12-10,Madera,39,155013,8343,7445,256,7701,59
2020-12-10,Marin,41,260295,8581,8245,49,8294,140
2020-12-10,Mariposa,43,17540,186,160,2,162,3
2020-12-10,Mendocino,45,87422,1959,1748,17,1765,24
2020-12-10,Merced,47,269075,15200,13756,215,13971,186
2020-12-10,Modoc,49,8938,185,165,52,217,0
2020-12-10,Mono,51,14174,713,601,10,611,3
2020-12-10,Monterey,53,433212,21053,18266,421,18687,145
2020-12-10,Napa,55,140530,4535,3974,22,3996,22
2020-12-10,Nevada,57,99092,2202,1919,59,1978,10
2020-12-10,Orange,59,3164182,112423,95297,3827,99124,1651
2020-12-10,Placer,61,380077,10802,8906,311,9217,90
2020-12-10,Plumas,63,18699,355,281,9,290,0
2020-12-10,Riverside,65,2383286,129410,112794,4339,117133,1552
2020-12-10,Sacramento,67,1510023,51609,46471,307,46778,664
2020-12-10,San Benito,69,59416,2573,2268,19,2287,19
2020-12-10,San Bernardino,71,2135413,142495,120186,3096,123282,1306
2020-12-10,San Diego,73,3302833,113729,99601,0,99601,1114
2020-12-10,San Francisco,75,870044,19283,17945,160,18105,164
2020-12-10,San Joaquin,77,732212,35621,31228,923,32151,534
2020-12-10,San Luis Obispo,79,281455,8184,7245,161,7406,49
2020-12-10,San Mateo,81,765935,19574,16701,23,16724,177
2020-12-10,Santa Barbara,83,443738,14240,12788,302,13090,143
2020-12-10,Santa Clara,85,1922200,51448,43939,167,44106,491
2020-12-10,Santa Cruz,87,273765,6624,5645,127,5772,48
2020-12-10,Shasta,89,179085,7059,6312,426,6738,53
2020-12-10,Sierra,91,2930,23,18,0,18,0
2020-12-10,Siskiyou,93,43540,866,712,67,779,2
2020-12-10,Solano,95,438530,14093,12017,134,12151,90
2020-12-10,Sonoma,97,501317,15605,14282,93,14375,167
2020-12-10,Stanislaus,99,539301,28028,25582,2206,27788,464
2020-12-10,Sutter,101,95872,5097,4528,25,4553,27
2020-12-10,Tehama,103,63373,2396,2190,141,2331,9
2020-12-10,Trinity,105,12862,261,202,18,220,1
2020-12-10,Tulare,107,460477,27153,24506,2570,27076,337
2020-12-10,Tuolumne,109,53932,1721,1451,7,1458,8
2020-12-10,Ventura,111,848112,28311,24075,994,25069,202
2020-12-10,Yolo,113,214977,6691,5896,30,5926,95
2020-12-10,Yuba,115,75493,2915,2604,24,2628,10
2020-12-09,Alameda,1,1643700,39323,35047,585,35632,470
2020-12-09,Alpine,3,1148,66,58,0,58,0
2020-12-09,Amador,5,37829,1648,1121,8,1129,19
2020-12-09,Butte,7,227075,5516,4733,453,5186,70
2020-12-09,Calaveras,9,45235,744,670,0,670,21
2020-12-09,Colusa,11,21464,1020,896,26,922,7
2020-12-09,Contra Costa,13,1133247,31080,28308,280,28588,273
2020-12-09,Del Norte,15,27424,552,481,0,481,2
2020-12-09,El Dorado,17,186661,4334,3449,89,3538,8
2020-12-09,Fresno,19,978130,52735,41954,2621,44575,533
2020-12-09,Glenn,21,27897,1228,1107,118,1225,8
2020-12-09,Humboldt,23,135768,1307,1086,3,1089,10
2020-12-09,Imperial,25,180216,19899,17757,214,17971,368
2020-12-09,Inyo,27,18085,427,356,1,357,15
2020-12-09,Kern,29,883053,51411,46379,2863,49242,494
2020-12-09,Kings,31,150075,13667,12716,347,13063,92
2020-12-09,Lake,33,64148,1359,1158,0,1158,20
2020-12-09,Lassen,35,31185,3345,2331,15,2346,0
2020-12-09,Los Angeles,37,10098052,526810,467971,11102,479073,8075
2020-12-09,Madera,39,155013,8231,7216,251,7467,59
2020-12-09,Marin,41,260295,8521,8182,48,8230,138
2020-12-09,Mariposa,43,17540,184,154,2,156,3
2020-12-09,Mendocino,45,87422,1933,1703,16,1719,24
2020-12-09,Merced,47,269075,14961,13588,207,13795,183
2020-12-09,Modoc,49,8938,181,146,43,189,0
2020-12-09,Mono,51,14174,697,601,10,611,3
2020-12-09,Monterey,53,433212,20658,17891,412,18303,143
2020-12-09,Napa,55,140530,4450,3858,21,3879,21
2020-12-09,Nevada,57,99092,2149,1864,59,1923,10
2020-12-09,Orange,59,3164182,109330,93763,3656,97419,1629
2020-12-09,Placer,61,380077,10534,8588,297,8885,85
2020-12-09,Plumas,63,18699,347,271,9,280,0
2020-12-09,Riverside,65,2383286,125726,110376,4127,114503,1543
2020-12-09,Sacramento,67,1510023,50548,45284,280,45564,659
2020-12-09,San Benito,69,59416,2494,2217,16,2233,19
2020-12-09,San Bernardino,71,2135413,138229,114516,2889,117405,1305
2020-12-09,San Diego,73,3302833,110754,97551,0,97551,1103
2020-12-09,San Francisco,75,870044,18982,17628,159,17787,163
2020-12-09,San Joaquin,77,732212,34799,30539,897,31436,531
2020-12-09,San Luis Obispo,79,281455,7965,7105,153,7258,47
2020-12-09,San Mateo,81,765935,19124,16422,22,16444,175
2020-12-09,Santa Barbara,83,443738,14039,12630,293,12923,142
2020-12-09,Santa Clara,85,1922200,50306,42912,151,43063,489
2020-12-09,Santa Cruz,87,273765,6466,5527,113,5640,47
2020-12-09,Shasta,89,179085,6994,6105,412,6517,52
2020-12-09,Sierra,91,2930,23,18,0,18,0
2020-12-09,Siskiyou,93,43540,855,713,66,779,2
2020-12-09,Solano,95,438530,13747,11862,125,11987,90
2020-12-09,Sonoma,97,501317,15349,13994,90,14084,164
2020-12-09,Stanislaus,99,539301,27531,25157,2144,27301,463
2020-12-09,Sutter,101,95872,4988,4418,21,4439,24
2020-12-09,Tehama,103,63373,2361,2102,138,2240,9
2020-12-09,Trinity,105,12862,253,199,17,216,0
2020-12-09,Tulare,107,460477,26557,24124,2489,26613,334
2020-12-09,Tuolumne,109,53932,1680,1319,7,1326,8
2020-12-09,Ventura,111,848112,27453,23830,949,24779,201
2020-12-09,Yolo,113,214977,6565,5760,28,5788,95
2020-12-09,Yuba,115,75493,2847,2513,23,2536,10
2020-12-08,Alameda,1,1643700,38427,34373,568,34941,469
2020-12-08,Alpine,3,1148,65,53,0,53,0
2020-12-08,Amador,5,37829,1360,1043,8,1051,17
2020-12-08,Butte,7,227075,5360,4651,409,5060,70
2020-12-08,Calaveras,9,45235,720,657,0,657,21
2020-12-08,Colusa,11,21464,1003,875,25,900,6
2020-12-08,Contra Costa,13,1133247,30378,27926,264,28190,270
2020-12-08,Del Norte,15,27424,537,465,0,465,2
2020-12-08,El Dorado,17,186661,4210,3296,77,3373,8
2020-12-08,Fresno,19,978130,51480,41574,2450,44024,529
2020-12-08,Glenn,21,27897,1208,1094,110,1204,8
2020-12-08,Humboldt,23,135768,1281,1059,3,1062,10
2020-12-08,Imperial,25,180216,19380,17568,205,17773,363
2020-12-08,Inyo,27,18085,404,333,1,334,15
2020-12-08,Kern,29,883053,50121,45116,2704,47820,487
2020-12-08,Kings,31,150075,13515,12623,336,12959,90
2020-12-08,Lake,33,64148,1319,1127,0,1127,20
2020-12-08,Lassen,35,31185,3189,2165,15,2180,0
2020-12-08,Los Angeles,37,10098052,514166,459738,10602,470340,8004
2020-12-08,Madera,39,155013,8099,7082,238,7320,59
2020-12-08,Marin,41,260295,8438,8099,47,8146,137
2020-12-08,Mariposa,43,17540,180,150,2,152,2
2020-12-08,Mendocino,45,87422,1891,1666,16,1682,23
2020-12-08,Merced,47,269075,14654,13380,206,13586,181
2020-12-08,Modoc,49,8938,173,138,40,178,0
2020-12-08,Mono,51,14174,678,597,10,607,3
2020-12-08,Monterey,53,433212,20090,17752,405,18157,134
2020-12-08,Napa,55,140530,4362,3778,20,3798,22
2020-12-08,Nevada,57,99092,2095,1809,56,1865,11
2020-12-08,Orange,59,3164182,106135,91406,3485,94891,1629
2020-12-08,Placer,61,380077,10265,8224,291,8515,82
2020-12-08,Plumas,63,18699,337,258,9,267,0
2020-12-08,Riverside,65,2383286,122393,107620,3939,111559,1514
2020-12-08,Sacramento,67,1510023,49480,44635,262,44897,649
2020-12-08,San Benito,69,59416,2438,2180,16,2196,18
2020-12-08,San Bernardino,71,2135413,133888,110676,2759,113435,1301
2020-12-08,San Diego,73,3302833,107384,95447,0,95447,1088
2020-12-08,San Francisco,75,870044,18674,17384,155,17539,162
2020-12-08,San Joaquin,77,732212,33907,30225,863,31088,530
2020-12-08,San Luis Obispo,79,281455,7836,6903,142,7045,45
2020-12-08,San Mateo,81,765935,18726,16305,22,16327,175
2020-12-08,Santa Barbara,83,443738,13855,12516,283,12799,141
2020-12-08,Santa Clara,85,1922200,49004,41309,140,41449,484
2020-12-08,Santa Cruz,87,273765,6289,5374,110,5484,45
2020-12-08,Shasta,89,179085,6885,5946,404,6350,50
2020-12-08,Sierra,91,2930,22,18,0,18,0
2020-12-08,Siskiyou,93,43540,841,704,64,768,2
2020-12-08,Solano,95,438530,13344,11669,123,11792,89
2020-12-08,Sonoma,97,501317,15088,13601,89,13690,164
2020-12-08,Stanislaus,99,539301,27047,24793,2079,26872,461
2020-12-08,Sutter,101,95872,4891,4342,20,4362,24
2020-12-08,Tehama,103,63373,2278,2057,128,2185,9
2020-12-08,Trinity,105,12862,248,198,16,214,0
2020-12-08,Tulare,107,460477,25961,23607,2423,26030,330
2020-12-08,Tuolumne,109,53932,1651,1264,7,1271,7
2020-12-08,Ventura,111,848112,26791,23665,905,24570,195
2020-12-08,Yolo,113,214977,6431,5560,28,5588,90
2020-12-08,Yuba,115,75493,2771,2477,23,2500,10
2020-12-07,Alameda,1,1643700,37563,33887,532,34419,466
2020-12-07,Alpine,3,1148,64,53,0,53,0
2020-12-07,Amador,5,37829,1285,993,7,1000,17
2020-12-07,Butte,7,227075,5224,4604,387,4991,67
2020-12-07,Calaveras,9,45235,688,606,0,606,21
2020-12-07,Colusa,11,21464,978,825,23,848,6
2020-12-07,Contra Costa,13,1133247,29765,27307,251,27558,270
2020-12-07,Del Norte,15,27424,525,424,0,424,2
2020-12-07,El Dorado,17,186661,4030,3275,70,3345,8
2020-12-07,Fresno,19,978130,50015,41098,2322,43420,526
2020-12-07,Glenn,21,27897,1189,1085,104,1189,8
2020-12-07,Humboldt,23,135768,1246,1023,3,1026,9
2020-12-07,Imperial,25,180216,18961,17234,195,17429,364
2020-12-07,Inyo,27,18085,389,333,1,334,15
2020-12-07,Kern,29,883053,49102,44409,2559,46968,486
2020-12-07,Kings,31,150075,13375,12412,323,12735,90
2020-12-07,Lake,33,64148,1290,1090,0,1090,20
2020-12-07,Lassen,35,31185,3091,2167,15,2182,0
2020-12-07,Los Angeles,37,10098052,500550,451052,10136,461188,7937
2020-12-07,Madera,39,155013,7835,6935,232,7167,59
2020-12-07,Marin,41,260295,8381,8049,46,8095,136
2020-12-07,Mariposa,43,17540,177,146,2,148,2
2020-12-07,Mendocino,45,87422,1856,1638,14,1652,23
2020-12-07,Merced,47,269075,14296,13250,196,13446,179
2020-12-07,Modoc,49,8938,166,128,37,165,0
2020-12-07,Mono,51,14174,667,590,10,600,3
2020-12-07,Monterey,53,433212,19609,17746,393,18139,132
2020-12-07,Napa,55,140530,4271,3684,20,3704,21
2020-12-07,Nevada,57,99092,2046,1777,55,1832,11
2020-12-07,Orange,59,3164182,102888,89793,3367,93160,1628
2020-12-07,Placer,61,380077,9940,7911,277,8188,82
2020-12-07,Plumas,63,18699,326,256,5,261,0
2020-12-07,Riverside,65,2383286,119211,102363,3746,106109,1491
2020-12-07,Sacramento,67,1510023,48388,43419,244,43663,638
2020-12-07,San Benito,69,59416,2387,2165,16,2181,18
2020-12-07,San Bernardino,71,2135413,129945,108161,2631,110792,1295
2020-12-07,San Diego,73,3302833,104595,94171,0,94171,1062
2020-12-07,San Francisco,75,870044,18384,17220,147,17367,161
2020-12-07,San Joaquin,77,732212,33032,28188,836,29024,530
2020-12-07,San Luis Obispo,79,281455,7655,6782,135,6917,45
2020-12-07,San Mateo,81,765935,18287,16029,21,16050,175
2020-12-07,Santa Barbara,83,443738,13614,12362,272,12634,141
2020-12-07,Santa Clara,85,1922200,47622,40621,129,40750,484
2020-12-07,Santa Cruz,87,273765,6125,5152,104,5256,41
2020-12-07,Shasta,89,179085,6762,5742,389,6131,50
2020-12-07,Sierra,91,2930,20,18,0,18,0
2020-12-07,Siskiyou,93,43540,815,652,63,715,2
2020-12-07,Solano,95,438530,13005,11354,119,11473,89
2020-12-07,Sonoma,97,501317,14801,13376,89,13465,164
2020-12-07,Stanislaus,99,539301,26494,24479,2025,26504,454
2020-12-07,Sutter,101,95872,4757,4106,20,4126,24
2020-12-07,Tehama,103,63373,2226,2030,122,2152,9
2020-12-07,Trinity,105,12862,245,194,16,210,0
2020-12-07,Tulare,107,460477,25439,22760,2361,25121,328
2020-12-07,Tuolumne,109,53932,1567,1256,6,1262,7
2020-12-07,Ventura,111,848112,26207,23354,868,24222,191
2020-12-07,Yolo,113,214977,6269,5537,27,5564,90
2020-12-07,Yuba,115,75493,2702,2428,21,2449,10
2020-12-06,Alameda,1,1643700,36597,33477,509,33986,465
2020-12-06,Alpine,3,1148,60,53,0,53,0
2020-12-06,Amador,5,37829,1223,952,6,958,17
2020-12-06,Butte,7,227075,5074,4527,353,4880,67
2020-12-06,Calaveras,9,45235,669,606,0,606,21
2020-12-06,Colusa,11,21464,961,824,20,844,6
2020-12-06,Contra Costa,13,1133247,29159,26566,243,26809,270
2020-12-06,Del Norte,15,27424,488,414,0,414,2
2020-12-06,El Dorado,17,186661,3892,3086,65,3151,8
2020-12-06,Fresno,19,978130,49066,40869,2201,43070,526
2020-12-06,Glenn,21,27897,1179,1067,100,1167,8
2020-12-06,Humboldt,23,135768,1221,1004,3,1007,9
2020-12-06,Imperial,25,180216,18648,16922,185,17107,364
2020-12-06,Inyo,27,18085,376,333,1,334,15
2020-12-06,Kern,29,883053,48118,43899,2380,46279,486
2020-12-06,Kings,31,150075,13106,12056,305,12361,90
2020-12-06,Lake,33,64148,1251,1075,0,1075,20
2020-12-06,Lassen,35,31185,2987,2168,13,2181,0
2020-12-06,Los Angeles,37,10098052,487025,443230,9663,452893,7910
2020-12-06,Madera,39,155013,7664,6826,224,7050,59
2020-12-06,Marin,41,260295,8303,8013,44,8057,136
2020-12-06,Mariposa,43,17540,176,144,2,146,2
2020-12-06,Mendocino,45,87422,1815,1614,14,1628,23
2020-12-06,Merced,47,269075,13961,12928,187,13115,179
2020-12-06,Modoc,49,8938,153,125,29,154,0
2020-12-06,Mono,51,14174,642,586,9,595,3
2020-12-06,Monterey,53,433212,18991,17426,383,17809,130
2020-12-06,Napa,55,140530,4159,3644,20,3664,21
2020-12-06,Nevada,57,99092,1988,1710,52,1762,10
2020-12-06,Orange,59,3164182,99849,87737,3232,90969,1627
2020-12-06,Placer,61,380077,9666,7837,255,8092,82
2020-12-06,Plumas,63,18699,313,254,4,258,0
2020-12-06,Riverside,65,2383286,116136,100088,3510,103598,1482
2020-12-06,Sacramento,67,1510023,47146,42808,229,43037,638
2020-12-06,San Benito,69,59416,2349,2135,16,2151,18
2020-12-06,San Bernardino,71,2135413,125813,106927,2468,109395,1286
2020-12-06,San Diego,73,3302833,101565,92173,0,92173,1062
2020-12-06,San Francisco,75,870044,18063,17107,140,17247,161
2020-12-06,San Joaquin,77,732212,32202,28188,808,28996,530
2020-12-06,San Luis Obispo,79,281455,7488,6723,132,6855,45
2020-12-06,San Mateo,81,765935,17784,15855,18,15873,175
2020-12-06,Santa Barbara,83,443738,13384,12252,264,12516,141
2020-12-06,Santa Clara,85,1922200,46250,39112,123,39235,482
2020-12-06,Santa Cruz,87,273765,5953,5069,98,5167,40
2020-12-06,Shasta,89,179085,6621,5743,367,6110,49
2020-12-06,Sierra,91,2930,20,17,0,17,0
2020-12-06,Siskiyou,93,43540,797,652,61,713,2
2020-12-06,Solano,95,438530,12717,11354,109,11463,88
2020-12-06,Sonoma,97,501317,14511,13238,88,13326,164
2020-12-06,Stanislaus,99,539301,25943,24036,1959,25995,454
2020-12-06,Sutter,101,95872,4643,4009,20,4029,21
2020-12-06,Tehama,103,63373,2170,1982,111,2093,9
2020-12-06,Trinity,105,12862,239,181,15,196,0
2020-12-06,Tulare,107,460477,24923,22756,2289,25045,327
2020-12-06,Tuolumne,109,53932,1470,1210,6,1216,7
2020-12-06,Ventura,111,848112,25664,23035,841,23876,191
2020-12-06,Yolo,113,214977,6109,5465,22,5487,90
2020-12-06,Yuba,115,75493,2658,2340,20,2360,10
2020-12-05,Alameda,1,1643700,36238,32781,498,33279,465
2020-12-05,Alpine,3,1148,59,53,0,53,0
2020-12-05,Amador,5,37829,1199,847,6,853,17
2020-12-05,Butte,7,227075,5005,4455,334,4789,66
2020-12-05,Calaveras,9,45235,658,606,0,606,21
2020-12-05,Colusa,11,21464,944,825,17,842,6
2020-12-05,Contra Costa,13,1133247,28865,26217,236,26453,270
2020-12-05,Del Norte,15,27424,482,408,0,408,2
2020-12-05,El Dorado,17,186661,3828,3061,60,3121,8
2020-12-05,Fresno,19,978130,48746,40568,2145,42713,525
2020-12-05,Glenn,21,27897,1166,1056,94,1150,8
2020-12-05,Humboldt,23,135768,1188,979,3,982,9
2020-12-05,Imperial,25,180216,18486,16544,183,16727,362
2020-12-05,Inyo,27,18085,371,332,1,333,15
2020-12-05,Kern,29,883053,47659,43332,2289,45621,484
2020-12-05,Kings,31,150075,13027,11898,302,12200,90
2020-12-05,Lake,33,64148,1226,1069,0,1069,20
2020-12-05,Lassen,35,31185,2796,2168,11,2179,0
2020-12-05,Los Angeles,37,10098052,481256,433120,9320,442440,7888
2020-12-05,Madera,39,155013,7576,6619,217,6836,59
2020-12-05,Marin,41,260295,8277,7961,44,8005,136
2020-12-05,Mariposa,43,17540,171,143,2,145,2
2020-12-05,Mendocino,45,87422,1776,1585,14,1599,23
2020-12-05,Merced,47,269075,13855,12747,176,12923,180
2020-12-05,Modoc,49,8938,153,118,28,146,0
2020-12-05,Mono,51,14174,639,554,9,563,3
2020-12-05,Monterey,53,433212,18845,17077,379,17456,127
2020-12-05,Napa,55,140530,4089,3565,20,3585,21
2020-12-05,Nevada,57,99092,1974,1642,50,1692,10
2020-12-05,Orange,59,3164182,98412,85735,3136,88871,1612
2020-12-05,Placer,61,380077,9548,7811,246,8057,78
2020-12-05,Plumas,63,18699,306,246,1,247,0
2020-12-05,Riverside,65,2383286,114539,98612,3321,101933,1477
2020-12-05,Sacramento,67,1510023,46482,41878,214,42092,625
2020-12-05,San Benito,69,59416,2308,2073,16,2089,18
2020-12-05,San Bernardino,71,2135413,124296,105382,2330,107712,1283
2020-12-05,San Diego,73,3302833,100217,90470,0,90470,1055
2020-12-05,San Francisco,75,870044,17879,16786,136,16922,161
2020-12-05,San Joaquin,77,732212,31943,28105,773,28878,523
2020-12-05,San Luis Obispo,79,281455,7421,6623,129,6752,44
2020-12-05,San Mateo,81,765935,17527,15512,18,15530,175
2020-12-05,Santa Barbara,83,443738,13285,12107,258,12365,141
2020-12-05,Santa Clara,85,1922200,45515,38339,118,38457,474
2020-12-05,Santa Cruz,87,273765,5880,4997,95,5092,40
2020-12-05,Shasta,89,179085,6560,5653,356,6009,49
2020-12-05,Sierra,91,2930,20,17,0,17,0
2020-12-05,Siskiyou,93,43540,789,649,60,709,2
2020-12-05,Solano,95,438530,12548,11351,107,11458,87
2020-12-05,Sonoma,97,501317,14415,13137,88,13225,164
2020-12-05,Stanislaus,99,539301,25638,23662,1923,25585,454
2020-12-05,Sutter,101,95872,4576,3937,20,3957,20
2020-12-05,Tehama,103,63373,2156,1926,109,2035,9
2020-12-05,Trinity,105,12862,238,177,15,192,0
2020-12-05,Tulare,107,460477,24714,22660,2227,24887,324
2020-12-05,Tuolumne,109,53932,1415,1180,6,1186,7
2020-12-05,Ventura,111,848112,25297,22710,825,23535,191
2020-12-05,Yolo,113,214977,6032,5351,21,5372,90
2020-12-05,Yuba,115,75493,2622,2275,20,2295,10
2020-12-04,Alameda,1,1643700,35690,31871,485,32356,465
2020-12-04,Alpine,3,1148,59,53,0,53,0
2020-12-04,Amador,5,37829,1185,766,3,769,16
2020-12-04,Butte,7,227075,4934,4336,312,4648,65
2020-12-04,Calaveras,9,45235,654,585,0,585,21
2020-12-04,Colusa,11,21464,930,790,16,806,6
2020-12-04,Contra Costa,13,1133247,28525,25705,224,25929,264
2020-12-04,Del Norte,15,27424,471,401,0,401,2
2020-12-04,El Dorado,17,186661,3741,2933,57,2990,7
2020-12-04,Fresno,19,978130,48038,40108,2076,42184,522
2020-12-04,Glenn,21,27897,1160,1017,86,1103,8
2020-12-04,Humboldt,23,135768,1170,960,3,963,9
2020-12-04,Imperial,25,180216,18243,16484,183,16667,362
2020-12-04,Inyo,27,18085,363,324,1,325,15
2020-12-04,Kern,29,883053,47113,42497,2183,44680,485
2020-12-04,Kings,31,150075,12934,11767,296,12063,88
2020-12-04,Lake,33,64148,1198,1018,0,1018,20
2020-12-04,Lassen,35,31185,2789,2167,9,2176,0
2020-12-04,Los Angeles,37,10098052,472669,424164,9010,433174,7845
2020-12-04,Madera,39,155013,7487,6479,214,6693,58
2020-12-04,Marin,41,260295,8227,7896,42,7938,136
2020-12-04,Mariposa,43,17540,171,136,2,138,2
2020-12-04,Mendocino,45,87422,1757,1563,13,1576,23
2020-12-04,Merced,47,269075,13740,12474,168,12642,177
2020-12-04,Modoc,49,8938,153,115,28,143,0
2020-12-04,Mono,51,14174,637,549,9,558,3
2020-12-04,Monterey,53,433212,18640,16737,370,17107,127
2020-12-04,Napa,55,140530,4036,3432,20,3452,19
2020-12-04,Nevada,57,99092,1949,1560,47,1607,10
2020-12-04,Orange,59,3164182,96512,83738,3067,86805,1597
2020-12-04,Placer,61,380077,9422,7461,232,7693,76
2020-12-04,Plumas,63,18699,299,232,0,232,0
2020-12-04,Riverside,65,2383286,112352,95255,3158,98413,1475
2020-12-04,Sacramento,67,1510023,45721,41061,197,41258,618
2020-12-04,San Benito,69,59416,2280,2006,16,2022,17
2020-12-04,San Bernardino,71,2135413,122031,102418,2219,104637,1290
2020-12-04,San Diego,73,3302833,98735,88183,0,88183,1047
2020-12-04,San Francisco,75,870044,17690,16499,135,16634,161
2020-12-04,San Joaquin,77,732212,31507,27806,735,28541,522
2020-12-04,San Luis Obispo,79,281455,7336,6473,126,6599,42
2020-12-04,San Mateo,81,765935,17239,15112,17,15129,173
2020-12-04,Santa Barbara,83,443738,13179,11947,250,12197,141
2020-12-04,Santa Clara,85,1922200,44597,37465,112,37577,468
2020-12-04,Santa Cruz,87,273765,5795,4985,93,5078,32
2020-12-04,Shasta,89,179085,6473,5439,345,5784,49
2020-12-04,Sierra,91,2930,19,17,0,17,0
2020-12-04,Siskiyou,93,43540,782,639,57,696,2
2020-12-04,Solano,95,438530,12402,11037,104,11141,87
2020-12-04,Sonoma,97,501317,14267,12962,87,13049,164
2020-12-04,Stanislaus,99,539301,25373,23206,1877,25083,448
2020-12-04,Sutter,101,95872,4504,3791,15,3806,20
2020-12-04,Tehama,103,63373,2117,1876,103,1979,9
2020-12-04,Trinity,105,12862,236,172,15,187,0
2020-12-04,Tulare,107,460477,24434,22273,2152,24425,322
2020-12-04,Tuolumne,109,53932,1384,1134,6,1140,7
2020-12-04,Ventura,111,848112,24923,22024,806,22830,189
2020-12-04,Yolo,113,214977,5958,5294,20,5314,87
2020-12-04,Yuba,115,75493,2579,2225,19,2244,10
2020-12-03,Alameda,1,1643700,34934,31184,466,31650,465
2020-12-03,Alpine,3,1148,58,53,0,53,0
2020-12-03,Amador,5,37829,1134,653,3,656,16
2020-12-03,Butte,7,227075,4840,4305,291,4596,65
2020-12-03,Calaveras,9,45235,635,572,0,572,21
2020-12-03,Colusa,11,21464,917,774,16,790,6
2020-12-03,Contra Costa,13,1133247,28027,25464,216,25680,265
2020-12-03,Del Norte,15,27424,467,388,0,388,2
2020-12-03,El Dorado,17,186661,3615,2740,55,2795,6
2020-12-03,Fresno,19,978130,47292,39680,2001,41681,516
2020-12-03,Glenn,21,27897,1143,997,77,1074,8
2020-12-03,Humboldt,23,135768,1140,923,3,926,9
2020-12-03,Imperial,25,180216,18038,16436,173,16609,359
2020-12-03,Inyo,27,18085,360,321,1,322,15
2020-12-03,Kern,29,883053,46274,42062,2076,44138,483
2020-12-03,Kings,31,150075,12835,11658,283,11941,87
2020-12-03,Lake,33,64148,1184,991,0,991,20
2020-12-03,Lassen,35,31185,2749,2128,8,2136,0
2020-12-03,Los Angeles,37,10098052,462592,415805,8629,424434,7787
2020-12-03,Madera,39,155013,7366,6398,210,6608,58
2020-12-03,Marin,41,260295,8168,7861,38,7899,136
2020-12-03,Mariposa,43,17540,167,132,2,134,2
2020-12-03,Mendocino,45,87422,1741,1547,9,1556,23
2020-12-03,Merced,47,269075,13493,12310,160,12470,177
2020-12-03,Modoc,49,8938,151,114,28,142,0
2020-12-03,Mono,51,14174,617,527,9,536,3
2020-12-03,Monterey,53,433212,18178,16218,359,16577,125
2020-12-03,Napa,55,140530,3923,3360,20,3380,19
2020-12-03,Nevada,57,99092,1872,1472,46,1518,10
2020-12-03,Orange,59,3164182,94011,82187,2994,85181,1591
2020-12-03,Placer,61,380077,9216,7270,216,7486,73
2020-12-03,Plumas,63,18699,285,223,0,223,0
2020-12-03,Riverside,65,2383286,109608,92489,2984,95473,1461
2020-12-03,Sacramento,67,1510023,44673,40280,184,40464,614
2020-12-03,San Benito,69,59416,2236,1967,16,1983,16
2020-12-03,San Bernardino,71,2135413,118712,100787,2130,102917,1283
2020-12-03,San Diego,73,3302833,96927,86144,0,86144,1040
2020-12-03,San Francisco,75,870044,17468,16236,134,16370,161
2020-12-03,San Joaquin,77,732212,30787,27239,686,27925,522
2020-12-03,San Luis Obispo,79,281455,7168,6388,125,6513,42
2020-12-03,San Mateo,81,765935,16888,14909,16,14925,173
2020-12-03,Santa Barbara,83,443738,13051,11829,244,12073,141
2020-12-03,Santa Clara,85,1922200,43402,36621,106,36727,465
2020-12-03,Santa Cruz,87,273765,5653,4850,89,4939,28
2020-12-03,Shasta,89,179085,6364,5330,338,5668,48
2020-12-03,Sierra,91,2930,19,17,0,17,0
2020-12-03,Siskiyou,93,43540,767,629,54,683,2
2020-12-03,Solano,95,438530,12191,10857,101,10958,87
2020-12-03,Sonoma,97,501317,14023,12772,86,12858,164
2020-12-03,Stanislaus,99,539301,24968,22821,1824,24645,447
2020-12-03,Sutter,101,95872,4421,3727,14,3741,20
2020-12-03,Tehama,103,63373,2066,1832,94,1926,9
2020-12-03,Trinity,105,12862,234,166,15,181,0
2020-12-03,Tulare,107,460477,24039,21993,2056,24049,321
2020-12-03,Tuolumne,109,53932,1343,1105,6,1111,7
2020-12-03,Ventura,111,848112,24220,21555,791,22346,187
2020-12-03,Yolo,113,214977,5821,5069,20,5089,87
2020-12-03,Yuba,115,75493,2510,2182,17,2199,10
2020-12-02,Alameda,1,1643700,34314,30697,454,31151,463
2020-12-02,Alpine,3,1148,57,52,0,52,0
2020-12-02,Amador,5,37829,1062,585,3,588,16
2020-12-02,Butte,7,227075,4718,4243,281,4524,65
2020-12-02,Calaveras,9,45235,618,553,0,553,21
2020-12-02,Colusa,11,21464,901,756,15,771,6
2020-12-02,Contra Costa,13,1133247,27570,25147,203,25350,264
2020-12-02,Del Norte,15,27424,453,384,0,384,2
2020-12-02,El Dorado,17,186661,3515,2638,49,2687,5
2020-12-02,Fresno,19,978130,46547,39324,1891,41215,507
2020-12-02,Glenn,21,27897,1126,995,69,1064,7
2020-12-02,Humboldt,23,135768,1114,899,3,902,9
2020-12-02,Imperial,25,180216,17614,16360,165,16525,356
2020-12-02,Inyo,27,18085,353,314,1,315,15
2020-12-02,Kern,29,883053,45384,41660,1971,43631,479
2020-12-02,Kings,31,150075,12482,11531,269,11800,86
2020-12-02,Lake,33,64148,1155,971,0,971,20
2020-12-02,Lassen,35,31185,2690,2115,8,2123,0
2020-12-02,Los Angeles,37,10098052,452591,408289,8270,416559,7739
2020-12-02,Madera,39,155013,7243,6370,202,6572,57
2020-12-02,Marin,41,260295,8122,7819,36,7855,136
2020-12-02,Mariposa,43,17540,164,131,2,133,2
2020-12-02,Mendocino,45,87422,1708,1524,9,1533,23
2020-12-02,Merced,47,269075,13251,12168,153,12321,173
2020-12-02,Modoc,49,8938,148,113,28,141,0
2020-12-02,Mono,51,14174,608,520,9,529,3
2020-12-02,Monterey,53,433212,17704,16064,320,16384,121
2020-12-02,Napa,55,140530,3820,3298,19,3317,19
2020-12-02,Nevada,57,99092,1810,1430,45,1475,9
2020-12-02,Orange,59,3164182,91829,81046,2913,83959,1569
2020-12-02,Placer,61,380077,8984,6941,201,7142,73
2020-12-02,Plumas,63,18699,272,218,0,218,0
2020-12-02,Riverside,65,2383286,106899,90089,2794,92883,1451
2020-12-02,Sacramento,67,1510023,43643,39334,173,39507,597
2020-12-02,San Benito,69,59416,2172,1921,16,1937,16
2020-12-02,San Bernardino,71,2135413,115153,98567,2012,100579,1240
2020-12-02,San Diego,73,3302833,95013,84640,0,84640,1035
2020-12-02,San Francisco,75,870044,17230,16058,132,16190,157
2020-12-02,San Joaquin,77,732212,30167,26740,662,27402,519
2020-12-02,San Luis Obispo,79,281455,7070,6324,122,6446,42
2020-12-02,San Mateo,81,765935,16526,14757,15,14772,170
2020-12-02,Santa Barbara,83,443738,12900,11705,231,11936,140
2020-12-02,Santa Clara,85,1922200,42285,35878,105,35983,458
2020-12-02,Santa Cruz,87,273765,5521,4766,86,4852,27
2020-12-02,Shasta,89,179085,6240,5188,321,5509,47
2020-12-02,Sierra,91,2930,19,17,0,17,0
2020-12-02,Siskiyou,93,43540,751,624,52,676,1
2020-12-02,Solano,95,438530,11946,10701,96,10797,87
2020-12-02,Sonoma,97,501317,13784,12635,85,12720,163
2020-12-02,Stanislaus,99,539301,24473,22615,1764,24379,448
2020-12-02,Sutter,101,95872,4268,3604,14,3618,18
2020-12-02,Tehama,103,63373,2023,1800,78,1878,9
2020-12-02,Trinity,105,12862,227,165,15,180,0
2020-12-02,Tulare,107,460477,23663,21789,1969,23758,321
2020-12-02,Tuolumne,109,53932,1303,1076,6,1082,7
2020-12-02,Ventura,111,848112,23812,21208,772,21980,186
2020-12-02,Yolo,113,214977,5710,5053,19,5072,87
2020-12-02,Yuba,115,75493,2433,2119,16,2135,10
2020-12-01,Alameda,1,1643700,33628,30252,442,30694,460
2020-12-01,Alpine,3,1148,57,41,0,41,0
2020-12-01,Amador,5,37829,915,575,2,577,16
2020-12-01,Butte,7,227075,4614,4177,265,4442,65
2020-12-01,Calaveras,9,45235,600,544,0,544,21
2020-12-01,Colusa,11,21464,884,747,15,762,6
2020-12-01,Contra Costa,13,1133247,26997,24788,195,24983,264
2020-12-01,Del Norte,15,27424,425,357,0,357,2
2020-12-01,El Dorado,17,186661,3370,2542,44,2586,4
2020-12-01,Fresno,19,978130,45651,39004,1807,40811,505
2020-12-01,Glenn,21,27897,1105,989,65,1054,7
2020-12-01,Humboldt,23,135768,1083,886,3,889,9
2020-12-01,Imperial,25,180216,17301,16278,162,16440,356
2020-12-01,Inyo,27,18085,346,304,1,305,15
2020-12-01,Kern,29,883053,44584,41345,1835,43180,478
2020-12-01,Kings,31,150075,12169,11415,253,11668,86
2020-12-01,Lake,33,64148,1137,969,0,969,19
2020-12-01,Lassen,35,31185,2524,2047,7,2054,0
2020-12-01,Los Angeles,37,10098052,442258,403266,7928,411194,7704
2020-12-01,Madera,39,155013,7127,6270,193,6463,57
2020-12-01,Marin,41,260295,8052,7787,35,7822,136
2020-12-01,Mariposa,43,17540,159,128,2,130,2
2020-12-01,Mendocino,45,87422,1674,1497,9,1506,23
2020-12-01,Merced,47,269075,13009,12032,144,12176,172
2020-12-01,Modoc,49,8938,143,113,24,137,0
2020-12-01,Mono,51,14174,599,520,9,529,3
2020-12-01,Monterey,53,433212,17198,15835,310,16145,121
2020-12-01,Napa,55,140530,3736,3124,18,3142,19
2020-12-01,Nevada,57,99092,1748,1411,44,1455,9
2020-12-01,Orange,59,3164182,89743,79468,2822,82290,1567
2020-12-01,Placer,61,380077,8657,6794,194,6988,72
2020-12-01,Plumas,63,18699,260,201,0,201,0
2020-12-01,Riverside,65,2383286,104105,88530,2626,91156,1448
2020-12-01,Sacramento,67,1510023,42596,38966,168,39134,589
2020-12-01,San Benito,69,59416,2117,1888,16,1904,15
2020-12-01,San Bernardino,71,2135413,111685,95854,1881,97735,1220
2020-12-01,San Diego,73,3302833,92757,83423,0,83423,1019
2020-12-01,San Francisco,75,870044,16950,15797,128,15925,157
2020-12-01,San Joaquin,77,732212,29365,26432,640,27072,514
2020-12-01,San Luis Obispo,79,281455,6930,6264,117,6381,40
2020-12-01,San Mateo,81,765935,16201,14495,15,14510,170
2020-12-01,Santa Barbara,83,443738,12760,11611,221,11832,140
2020-12-01,Santa Clara,85,1922200,41031,35397,100,35497,452
2020-12-01,Santa Cruz,87,273765,5365,4638,78,4716,27
2020-12-01,Shasta,89,179085,6112,5077,299,5376,47
2020-12-01,Sierra,91,2930,19,17,0,17,0
2020-12-01,Siskiyou,93,43540,737,608,48,656,1
2020-12-01,Solano,95,438530,11688,10604,90,10694,87
2020-12-01,Sonoma,97,501317,13579,12491,82,12573,163
2020-12-01,Stanislaus,99,539301,24018,22351,1706,24057,447
2020-12-01,Sutter,101,95872,4127,3538,14,3552,17
2020-12-01,Tehama,103,63373,1964,1773,69,1842,9
2020-12-01,Trinity,105,12862,218,165,14,179,0
2020-12-01,Tulare,107,460477,23211,21645,1894,23539,319
2020-12-01,Tuolumne,109,53932,1267,1052,3,1055,7
2020-12-01,Ventura,111,848112,23199,20604,750,21354,186
2020-12-01,Yolo,113,214977,5573,4928,19,4947,86
2020-12-01,Yuba,115,75493,2367,2088,15,2103,10
2020-11-30,Alameda,1,1643700,32814,29972,424,30396,457
2020-11-30,Alpine,3,1148,55,41,0,41,0
2020-11-30,Amador,5,37829,874,559,2,561,16
2020-11-30,Butte,7,227075,4497,4148,248,4396,65
2020-11-30,Calaveras,9,45235,578,478,0,478,21
2020-11-30,Colusa,11,21464,857,737,11,748,6
2020-11-30,Contra Costa,13,1133247,26421,24365,191,24556,264
2020-11-30,Del Norte,15,27424,402,339,0,339,2
2020-11-30,El Dorado,17,186661,3196,2488,39,2527,4
2020-11-30,Fresno,19,978130,44547,38712,1686,40398,500
2020-11-30,Glenn,21,27897,1082,954,60,1014,5
2020-11-30,Humboldt,23,135768,1036,870,3,873,9
2020-11-30,Imperial,25,180216,17048,16212,138,16350,356
2020-11-30,Inyo,27,18085,341,304,1,305,15
2020-11-30,Kern,29,883053,43830,40941,1691,42632,473
2020-11-30,Kings,31,150075,12023,11346,236,11582,85
2020-11-30,Lake,33,64148,1106,939,0,939,18
2020-11-30,Lassen,35,31185,2431,1793,7,1800,0
2020-11-30,Los Angeles,37,10098052,431608,396202,7580,403782,7658
2020-11-30,Madera,39,155013,6959,6210,179,6389,57
2020-11-30,Marin,41,260295,8010,7764,34,7798,136
2020-11-30,Mariposa,43,17540,152,123,2,125,2
2020-11-30,Mendocino,45,87422,1647,1482,9,1491,23
2020-11-30,Merced,47,269075,12735,11913,133,12046,172
2020-11-30,Modoc,49,8938,133,113,24,137,0
2020-11-30,Mono,51,14174,577,519,9,528,3
2020-11-30,Monterey,53,433212,16769,15837,302,16139,119
2020-11-30,Napa,55,140530,3637,3091,17,3108,18
2020-11-30,Nevada,57,99092,1661,1347,41,1388,9
2020-11-30,Orange,59,3164182,87650,78711,2724,81435,1568
2020-11-30,Placer,61,380077,8361,6575,181,6756,72
2020-11-30,Plumas,63,18699,249,192,0,192,0
2020-11-30,Riverside,65,2383286,101119,87722,2471,90193,1446
2020-11-30,Sacramento,67,1510023,41519,37834,160,37994,586
2020-11-30,San Benito,69,59416,2068,1875,15,1890,15
2020-11-30,San Bernardino,71,2135413,107952,92704,1762,94466,1220
2020-11-30,San Diego,73,3302833,90397,82045,0,82045,997
2020-11-30,San Francisco,75,870044,16652,15638,125,15763,157
2020-11-30,San Joaquin,77,732212,28661,25742,613,26355,509
2020-11-30,San Luis Obispo,79,281455,6795,6224,115,6339,36
2020-11-30,San Mateo,81,765935,15840,14276,15,14291,170
2020-11-30,Santa Barbara,83,443738,12582,11572,214,11786,140
2020-11-30,Santa Clara,85,1922200,39824,35019,99,35118,451
2020-11-30,Santa Cruz,87,273765,5226,4558,74,4632,26
2020-11-30,Shasta,89,179085,5971,4933,265,5198,44
2020-11-30,Sierra,91,2930,19,16,0,16,0
2020-11-30,Siskiyou,93,43540,728,605,44,649,1
2020-11-30,Solano,95,438530,11427,10392,85,10477,87
2020-11-30,Sonoma,97,501317,13333,12232,78,12310,163
2020-11-30,Stanislaus,99,539301,23562,22110,1660,23770,446
2020-11-30,Sutter,101,95872,3973,3430,13,3443,16
2020-11-30,Tehama,103,63373,1916,1724,63,1787,9
2020-11-30,Trinity,105,12862,212,162,14,176,0
2020-11-30,Tulare,107,460477,22827,20833,1797,22630,319
2020-11-30,Tuolumne,109,53932,1222,1027,3,1030,7
2020-11-30,Ventura,111,848112,22440,20308,734,21042,180
2020-11-30,Yolo,113,214977,5461,4894,19,4913,81
2020-11-30,Yuba,115,75493,2307,2028,13,2041,10
2020-11-29,Alameda,1,1643700,32030,29918,402,30320,457
2020-11-29,Alpine,3,1148,52,41,0,41,0
2020-11-29,Amador,5,37829,723,548,2,550,16
2020-11-29,Butte,7,227075,4398,4008,226,4234,65
2020-11-29,Calaveras,9,45235,546,478,0,478,21
2020-11-29,Colusa,11,21464,828,723,7,730,6
2020-11-29,Contra Costa,13,1133247,25918,24165,185,24350,264
2020-11-29,Del Norte,15,27424,396,339,0,339,2
2020-11-29,El Dorado,17,186661,3067,2447,38,2485,4
2020-11-29,Fresno,19,978130,43602,38568,1609,40177,500
2020-11-29,Glenn,21,27897,1059,951,58,1009,4
2020-11-29,Humboldt,23,135768,1007,856,3,859,9
2020-11-29,Imperial,25,180216,16821,16138,109,16247,356
2020-11-29,Inyo,27,18085,326,289,1,290,15
2020-11-29,Kern,29,883053,43073,40596,1540,42136,473
2020-11-29,Kings,31,150075,11875,11247,216,11463,85
2020-11-29,Lake,33,64148,1082,927,0,927,18
2020-11-29,Lassen,35,31185,2328,1793,7,1800,0
2020-11-29,Los Angeles,37,10098052,421238,391162,7261,398423,7642
2020-11-29,Madera,39,155013,6816,6184,173,6357,57
2020-11-29,Marin,41,260295,7944,7739,32,7771,135
2020-11-29,Mariposa,43,17540,148,123,2,125,2
2020-11-29,Mendocino,45,87422,1612,1473,9,1482,23
2020-11-29,Merced,47,269075,12498,11773,124,11897,172
2020-11-29,Modoc,49,8938,129,105,22,127,0
2020-11-29,Mono,51,14174,556,515,9,524,3
2020-11-29,Monterey,53,433212,16458,15621,295,15916,119
2020-11-29,Napa,55,140530,3532,3090,16,3106,18
2020-11-29,Nevada,57,99092,1580,1311,39,1350,9
2020-11-29,Orange,59,3164182,85631,78057,2675,80732,1567
2020-11-29,Placer,61,380077,8073,6535,167,6702,72
2020-11-29,Plumas,63,18699,244,191,0,191,0
2020-11-29,Riverside,65,2383286,98739,87383,2315,89698,1442
2020-11-29,Sacramento,67,1510023,40445,37415,152,37567,585
2020-11-29,San Benito,69,59416,2024,1860,15,1875,15
2020-11-29,San Bernardino,71,2135413,104611,92052,1657,93709,1223
2020-11-29,San Diego,73,3302833,87986,81086,0,81086,997
2020-11-29,San Francisco,75,870044,16372,15571,118,15689,153
2020-11-29,San Joaquin,77,732212,27919,25740,607,26347,509
2020-11-29,San Luis Obispo,79,281455,6673,6145,115,6260,36
2020-11-29,San Mateo,81,765935,15507,14177,15,14192,169
2020-11-29,Santa Barbara,83,443738,12428,11520,210,11730,140
2020-11-29,Santa Clara,85,1922200,38619,34234,93,34327,451
2020-11-29,Santa Cruz,87,273765,5067,4490,72,4562,26
2020-11-29,Shasta,89,179085,5800,4935,233,5168,43
2020-11-29,Sierra,91,2930,19,16,0,16,0
2020-11-29,Siskiyou,93,43540,705,590,42,632,1
2020-11-29,Solano,95,438530,11195,10393,81,10474,87
2020-11-29,Sonoma,97,501317,13081,12052,74,12126,163
2020-11-29,Stanislaus,99,539301,23071,21701,1620,23321,446
2020-11-29,Sutter,101,95872,3856,3297,13,3310,16
2020-11-29,Tehama,103,63373,1865,1710,47,1757,9
2020-11-29,Trinity,105,12862,209,159,14,173,0
2020-11-29,Tulare,107,460477,22469,20793,1712,22505,319
2020-11-29,Tuolumne,109,53932,1186,988,3,991,7
2020-11-29,Ventura,111,848112,21756,19952,721,20673,179
2020-11-29,Yolo,113,214977,5323,4830,18,4848,80
2020-11-29,Yuba,115,75493,2252,1959,13,1972,10
2020-11-28,Alameda,1,1643700,31720,29368,397,29765,456
2020-11-28,Alpine,3,1148,52,41,0,41,0
2020-11-28,Amador,5,37829,646,536,2,538,16
2020-11-28,Butte,7,227075,4340,3894,222,4116,65
2020-11-28,Calaveras,9,45235,542,478,0,478,21
2020-11-28,Colusa,11,21464,819,711,5,716,6
2020-11-28,Contra Costa,13,1133247,25584,23798,181,23979,264
2020-11-28,Del Norte,15,27424,386,328,0,328,2
2020-11-28,El Dorado,17,186661,2999,2415,32,2447,4
2020-11-28,Fresno,19,978130,43258,38288,1568,39856,500
2020-11-28,Glenn,21,27897,1048,925,54,979,4
2020-11-28,Humboldt,23,135768,973,844,3,847,9
2020-11-28,Imperial,25,180216,16757,16019,107,16126,356
2020-11-28,Inyo,27,18085,318,289,1,290,15
2020-11-28,Kern,29,883053,42712,40255,1451,41706,473
2020-11-28,Kings,31,150075,11811,11070,207,11277,85
2020-11-28,Lake,33,64148,1067,920,0,920,18
2020-11-28,Lassen,35,31185,2262,1714,7,1721,0
2020-11-28,Los Angeles,37,10098052,416328,386194,7099,393293,7625
2020-11-28,Madera,39,155013,6714,6119,166,6285,57
2020-11-28,Marin,41,260295,7915,7696,28,7724,135
2020-11-28,Mariposa,43,17540,145,120,2,122,2
2020-11-28,Mendocino,45,87422,1581,1458,9,1467,22
2020-11-28,Merced,47,269075,12401,11688,117,11805,172
2020-11-28,Modoc,49,8938,126,103,22,125,0
2020-11-28,Mono,51,14174,550,505,9,514,3
2020-11-28,Monterey,53,433212,16292,15328,291,15619,118
2020-11-28,Napa,55,140530,3481,3033,15,3048,18
2020-11-28,Nevada,57,99092,1552,1272,37,1309,9
2020-11-28,Orange,59,3164182,84538,76882,2627,79509,1568
2020-11-28,Placer,61,380077,7919,6497,164,6661,70
2020-11-28,Plumas,63,18699,237,188,0,188,0
2020-11-28,Riverside,65,2383286,97338,86854,2209,89063,1440
2020-11-28,Sacramento,67,1510023,39864,36905,148,37053,580
2020-11-28,San Benito,69,59416,1979,1835,15,1850,15
2020-11-28,San Bernardino,71,2135413,103215,91183,1553,92736,1224
2020-11-28,San Diego,73,3302833,86732,80020,0,80020,997
2020-11-28,San Francisco,75,870044,16195,15450,110,15560,153
2020-11-28,San Joaquin,77,732212,27724,25742,592,26334,509
2020-11-28,San Luis Obispo,79,281455,6603,6106,111,6217,36
2020-11-28,San Mateo,81,765935,15317,14040,15,14055,169
2020-11-28,Santa Barbara,83,443738,12326,11481,205,11686,140
2020-11-28,Santa Clara,85,1922200,37873,33701,91,33792,449
2020-11-28,Santa Cruz,87,273765,4990,4426,72,4498,26
2020-11-28,Shasta,89,179085,5722,4882,226,5108,43
2020-11-28,Sierra,91,2930,19,16,0,16,0
2020-11-28,Siskiyou,93,43540,695,558,39,597,1
2020-11-28,Solano,95,438530,11076,10252,79,10331,87
2020-11-28,Sonoma,97,501317,12978,12008,64,12072,162
2020-11-28,Stanislaus,99,539301,22837,21574,1582,23156,446
2020-11-28,Sutter,101,95872,3772,3244,13,3257,15
2020-11-28,Tehama,103,63373,1849,1678,43,1721,9
2020-11-28,Trinity,105,12862,207,157,12,169,0
2020-11-28,Tulare,107,460477,22280,20701,1664,22365,319
2020-11-28,Tuolumne,109,53932,1164,976,3,979,7
2020-11-28,Ventura,111,848112,21458,19510,711,20221,179
2020-11-28,Yolo,113,214977,5249,4739,16,4755,80
2020-11-28,Yuba,115,75493,2198,1912,13,1925,10
2020-11-27,Alameda,1,1643700,31282,29064,386,29450,450
2020-11-27,Alpine,3,1148,52,41,0,41,0
2020-11-27,Amador,5,37829,599,498,1,499,16
2020-11-27,Butte,7,227075,4299,3894,216,4110,65
2020-11-27,Calaveras,9,45235,534,478,0,478,21
2020-11-27,Colusa,11,21464,802,694,3,697,6
2020-11-27,Contra Costa,13,1133247,25325,23463,175,23638,264
2020-11-27,Del Norte,15,27424,380,307,0,307,2
2020-11-27,El Dorado,17,186661,2927,2238,29,2267,4
2020-11-27,Fresno,19,978130,42852,37994,1508,39502,500
2020-11-27,Glenn,21,27897,1035,891,49,940,4
2020-11-27,Humboldt,23,135768,954,795,2,797,9
2020-11-27,Imperial,25,180216,16690,15960,97,16057,356
2020-11-27,Inyo,27,18085,312,289,1,290,15
2020-11-27,Kern,29,883053,42294,39707,1375,41082,473
2020-11-27,Kings,31,150075,11725,10667,189,10856,85
2020-11-27,Lake,33,64148,1031,909,0,909,18
2020-11-27,Lassen,35,31185,2250,1714,7,1721,0
2020-11-27,Los Angeles,37,10098052,409830,382740,6931,389671,7606
2020-11-27,Madera,39,155013,6642,6050,160,6210,57
2020-11-27,Marin,41,260295,7872,7660,28,7688,135
2020-11-27,Mariposa,43,17540,143,118,2,120,2
2020-11-27,Mendocino,45,87422,1566,1387,8,1395,22
2020-11-27,Merced,47,269075,12295,11550,110,11660,172
2020-11-27,Modoc,49,8938,125,100,22,122,0
2020-11-27,Mono,51,14174,546,498,9,507,3
2020-11-27,Monterey,53,433212,16125,14753,291,15044,113
2020-11-27,Napa,55,140530,3441,2988,15,3003,18
2020-11-27,Nevada,57,99092,1522,1184,35,1219,9
2020-11-27,Orange,59,3164182,83257,75151,2587,77738,1568
2020-11-27,Placer,61,380077,7759,6283,154,6437,68
2020-11-27,Plumas,63,18699,234,188,0,188,0
2020-11-27,Riverside,65,2383286,95740,85769,2046,87815,1440
2020-11-27,Sacramento,67,1510023,39243,36579,144,36723,579
2020-11-27,San Benito,69,59416,1945,1805,14,1819,15
2020-11-27,San Bernardino,71,2135413,101712,90254,1468,91722,1224
2020-11-27,San Diego,73,3302833,85540,78161,0,78161,996
2020-11-27,San Francisco,75,870044,16040,15377,108,15485,153
2020-11-27,San Joaquin,77,732212,27505,25741,571,26312,509
2020-11-27,San Luis Obispo,79,281455,6520,6039,108,6147,36
2020-11-27,San Mateo,81,765935,15114,13872,14,13886,169
2020-11-27,Santa Barbara,83,443738,12233,11340,202,11542,140
2020-11-27,Santa Clara,85,1922200,37197,32935,84,33019,449
2020-11-27,Santa Cruz,87,273765,4919,4358,70,4428,26
2020-11-27,Shasta,89,179085,5645,4710,213,4923,43
2020-11-27,Sierra,91,2930,18,16,0,16,0
2020-11-27,Siskiyou,93,43540,680,554,36,590,1
2020-11-27,Solano,95,438530,10957,10044,76,10120,87
2020-11-27,Sonoma,97,501317,12846,11924,62,11986,162
2020-11-27,Stanislaus,99,539301,22611,21185,1551,22736,446
2020-11-27,Sutter,101,95872,3706,3101,12,3113,15
2020-11-27,Tehama,103,63373,1821,1649,39,1688,9
2020-11-27,Trinity,105,12862,203,151,12,163,0
2020-11-27,Tulare,107,460477,22094,20634,1605,22239,319
2020-11-27,Tuolumne,109,53932,1133,881,3,884,7
2020-11-27,Ventura,111,848112,21136,19379,689,20068,179
2020-11-27,Yolo,113,214977,5200,4737,16,4753,79
2020-11-27,Yuba,115,75493,2169,1864,12,1876,10
2020-11-26,Alameda,1,1643700,30870,28797,367,29164,447
2020-11-26,Alpine,3,1148,52,41,0,41,0
2020-11-26,Amador,5,37829,591,488,1,489,16
2020-11-26,Butte,7,227075,4236,3894,210,4104,65
2020-11-26,Calaveras,9,45235,506,478,0,478,21
2020-11-26,Colusa,11,21464,788,694,3,697,6
2020-11-26,Contra Costa,13,1133247,24991,23468,169,23637,264
2020-11-26,Del Norte,15,27424,369,307,0,307,2
2020-11-26,El Dorado,17,186661,2846,2217,27,2244,4
2020-11-26,Fresno,19,978130,42452,37724,1461,39185,500
2020-11-26,Glenn,21,27897,1020,892,46,938,4
2020-11-26,Humboldt,23,135768,931,795,1,796,9
2020-11-26,Imperial,25,180216,16582,15722,92,15814,355
2020-11-26,Inyo,27,18085,311,289,1,290,15
2020-11-26,Kern,29,883053,41857,39123,1303,40426,471
2020-11-26,Kings,31,150075,11670,10475,176,10651,85
2020-11-26,Lake,33,64148,1018,890,0,890,18
2020-11-26,Lassen,35,31185,2235,1714,7,1721,0
2020-11-26,Los Angeles,37,10098052,404698,378340,6681,385021,7581
2020-11-26,Madera,39,155013,6568,6003,154,6157,57
2020-11-26,Marin,41,260295,7835,7610,28,7638,135
2020-11-26,Mariposa,43,17540,138,116,2,118,2
2020-11-26,Mendocino,45,87422,1552,1387,6,1393,22
2020-11-26,Merced,47,269075,12148,11440,108,11548,172
2020-11-26,Modoc,49,8938,123,100,22,122,0
2020-11-26,Mono,51,14174,538,485,8,493,2
2020-11-26,Monterey,53,433212,15888,14750,283,15033,113
2020-11-26,Napa,55,140530,3376,2988,15,3003,18
2020-11-26,Nevada,57,99092,1476,1184,35,1219,9
2020-11-26,Orange,59,3164182,81899,74264,2520,76784,1563
2020-11-26,Placer,61,380077,7599,6278,145,6423,68
2020-11-26,Plumas,63,18699,226,188,0,188,0
2020-11-26,Riverside,65,2383286,94152,85774,1912,87686,1440
2020-11-26,Sacramento,67,1510023,38599,35854,136,35990,580
2020-11-26,San Benito,69,59416,1918,1769,14,1783,15
2020-11-26,San Bernardino,71,2135413,100071,89727,1372,91099,1223
2020-11-26,San Diego,73,3302833,83931,76359,0,76359,996
2020-11-26,San Francisco,75,870044,15903,15156,105,15261,153
2020-11-26,San Joaquin,77,732212,27252,25738,556,26294,509
2020-11-26,San Luis Obispo,79,281455,6427,5964,105,6069,36
2020-11-26,San Mateo,81,765935,14927,13715,12,13727,169
2020-11-26,Santa Barbara,83,443738,12152,11277,201,11478,139
2020-11-26,Santa Clara,85,1922200,36557,32411,75,32486,446
2020-11-26,Santa Cruz,87,273765,4789,4269,64,4333,26
2020-11-26,Shasta,89,179085,5564,4712,201,4913,43
2020-11-26,Sierra,91,2930,18,15,0,15,0
2020-11-26,Siskiyou,93,43540,670,526,35,561,1
2020-11-26,Solano,95,438530,10814,9941,74,10015,87
2020-11-26,Sonoma,97,501317,12698,11922,60,11982,162
2020-11-26,Stanislaus,99,539301,22383,21186,1507,22693,445
2020-11-26,Sutter,101,95872,3612,3101,11,3112,15
2020-11-26,Tehama,103,63373,1780,1612,35,1647,9
2020-11-26,Trinity,105,12862,200,139,12,151,0
2020-11-26,Tulare,107,460477,21860,20649,1536,22185,319
2020-11-26,Tuolumne,109,53932,1105,871,3,874,7
2020-11-26,Ventura,111,848112,20640,19058,674,19732,179
2020-11-26,Yolo,113,214977,5112,4566,16,4582,76
2020-11-26,Yuba,115,75493,2111,1865,10,1875,10
2020-11-25,Alameda,1,1643700,30654,28378,359,28737,447
2020-11-25,Alpine,3,1148,52,41,0,41,0
2020-11-25,Amador,5,37829,581,484,1,485,16
2020-11-25,Butte,7,227075,4206,3848,207,4055,64
2020-11-25,Calaveras,9,45235,503,475,0,475,21
2020-11-25,Colusa,11,21464,771,693,3,696,6
2020-11-25,Contra Costa,13,1133247,24836,23307,168,23475,263
2020-11-25,Del Norte,15,27424,368,304,0,304,2
2020-11-25,El Dorado,17,186661,2810,2154,27,2181,4
2020-11-25,Fresno,19,978130,42220,37349,1439,38788,494
2020-11-25,Glenn,21,27897,1003,891,44,935,4
2020-11-25,Humboldt,23,135768,923,777,1,778,9
2020-11-25,Imperial,25,180216,16512,15640,90,15730,355
2020-11-25,Inyo,27,18085,309,289,1,290,15
2020-11-25,Kern,29,883053,41703,38878,1284,40162,467
2020-11-25,Kings,31,150075,11635,10417,172,10589,85
2020-11-25,Lake,33,64148,1001,878,0,878,18
2020-11-25,Lassen,35,31185,2193,1701,7,1708,0
2020-11-25,Los Angeles,37,10098052,401680,373919,6569,380488,7545
2020-11-25,Madera,39,155013,6546,5989,151,6140,57
2020-11-25,Marin,41,260295,7808,7601,27,7628,135
2020-11-25,Mariposa,43,17540,137,114,2,116,2
2020-11-25,Mendocino,45,87422,1533,1373,6,1379,22
2020-11-25,Merced,47,269075,12090,11346,108,11454,172
2020-11-25,Modoc,49,8938,123,96,22,118,0
2020-11-25,Mono,51,14174,533,487,8,495,2
2020-11-25,Monterey,53,433212,15771,14695,281,14976,113
2020-11-25,Napa,55,140530,3343,2945,15,2960,17
2020-11-25,Nevada,57,99092,1458,1170,33,1203,9
2020-11-25,Orange,59,3164182,81155,73014,2500,75514,1551
2020-11-25,Placer,61,380077,7525,6221,144,6365,68
2020-11-25,Plumas,63,18699,221,183,0,183,0
2020-11-25,Riverside,65,2383286,93616,85077,1890,86967,1438
2020-11-25,Sacramento,67,1510023,38259,35687,133,35820,574
2020-11-25,San Benito,69,59416,1896,1764,14,1778,15
2020-11-25,San Bernardino,71,2135413,99234,88469,1342,89811,1225
2020-11-25,San Diego,73,3302833,83278,75307,0,75307,988
2020-11-25,San Francisco,75,870044,15798,15053,103,15156,153
2020-11-25,San Joaquin,77,732212,27127,25556,544,26100,515
2020-11-25,San Luis Obispo,79,281455,6384,5913,104,6017,34
2020-11-25,San Mateo,81,765935,14812,13614,12,13626,170
2020-11-25,Santa Barbara,83,443738,12102,11183,201,11384,138
2020-11-25,Santa Clara,85,1922200,36110,32032,74,32106,442
2020-11-25,Santa Cruz,87,273765,4738,4202,62,4264,25
2020-11-25,Shasta,89,179085,5518,4588,194,4782,43
2020-11-25,Sierra,91,2930,18,15,0,15,0
2020-11-25,Siskiyou,93,43540,663,499,35,534,1
2020-11-25,Solano,95,438530,10709,9832,73,9905,87
2020-11-25,Sonoma,97,501317,12635,11775,59,11834,162
2020-11-25,Stanislaus,99,539301,22254,21022,1478,22500,445
2020-11-25,Sutter,101,95872,3568,3064,11,3075,14
2020-11-25,Tehama,103,63373,1768,1587,31,1618,9
2020-11-25,Trinity,105,12862,198,135,12,147,0
2020-11-25,Tulare,107,460477,21770,20528,1504,22032,318
2020-11-25,Tuolumne,109,53932,1088,842,3,845,7
2020-11-25,Ventura,111,848112,20547,18914,668,19582,179
2020-11-25,Yolo,113,214977,5076,4527,16,4543,76
2020-11-25,Yuba,115,75493,2085,1840,10,1850,10
2020-11-24,Alameda,1,1643700,30176,28030,348,28378,444
2020-11-24,Alpine,3,1148,52,41,0,41,0
2020-11-24,Amador,5,37829,556,470,1,471,16
2020-11-24,Butte,7,227075,4120,3798,199,3997,63
2020-11-24,Calaveras,9,45235,496,466,0,466,21
2020-11-24,Colusa,11,21464,753,682,3,685,6
2020-11-24,Contra Costa,13,1133247,24482,23072,162,23234,259
2020-11-24,Del Norte,15,27424,358,298,0,298,2
2020-11-24,El Dorado,17,186661,2705,2005,26,2031,4
2020-11-24,Fresno,19,978130,41819,37021,1360,38381,493
2020-11-24,Glenn,21,27897,985,883,40,923,4
2020-11-24,Humboldt,23,135768,904,774,1,775,9
2020-11-24,Imperial,25,180216,16412,15600,83,15683,355
2020-11-24,Inyo,27,18085,308,282,1,283,15
2020-11-24,Kern,29,883053,41233,38551,1205,39756,465
2020-11-24,Kings,31,150075,11368,10338,159,10497,85
2020-11-24,Lake,33,64148,986,872,0,872,18
2020-11-24,Lassen,35,31185,2171,1657,7,1664,0
2020-11-24,Los Angeles,37,10098052,395384,370008,6328,376336,7501
2020-11-24,Madera,39,155013,6463,5881,144,6025,57
2020-11-24,Marin,41,260295,7761,7591,27,7618,135
2020-11-24,Mariposa,43,17540,127,114,1,115,2
2020-11-24,Mendocino,45,87422,1511,1346,5,1351,22
2020-11-24,Merced,47,269075,11901,11268,103,11371,171
2020-11-24,Modoc,49,8938,119,91,22,113,0
2020-11-24,Mono,51,14174,529,483,8,491,2
2020-11-24,Monterey,53,433212,15513,14354,269,14623,113
2020-11-24,Napa,55,140530,3277,2904,15,2919,17
2020-11-24,Nevada,57,99092,1395,1156,30,1186,9
2020-11-24,Orange,59,3164182,79720,71975,2415,74390,1547
2020-11-24,Placer,61,380077,7345,6147,137,6284,67
2020-11-24,Plumas,63,18699,218,180,0,180,0
2020-11-24,Riverside,65,2383286,91866,83685,1756,85441,1420
2020-11-24,Sacramento,67,1510023,37580,35097,125,35222,568
2020-11-24,San Benito,69,59416,1865,1740,13,1753,15
2020-11-24,San Bernardino,71,2135413,96902,86645,1235,87880,1226
2020-11-24,San Diego,73,3302833,81872,74363,0,74363,984
2020-11-24,San Francisco,75,870044,15603,14874,100,14974,153
2020-11-24,San Joaquin,77,732212,26813,25318,513,25831,517
2020-11-24,San Luis Obispo,79,281455,6321,5805,103,5908,34
2020-11-24,San Mateo,81,765935,14603,13558,11,13569,170
2020-11-24,Santa Barbara,83,443738,11996,11154,199,11353,138
2020-11-24,Santa Clara,85,1922200,35324,31564,70,31634,438
2020-11-24,Santa Cruz,87,273765,4626,4132,61,4193,25
2020-11-24,Shasta,89,179085,5418,4410,175,4585,43
2020-11-24,Sierra,91,2930,18,15,0,15,0
2020-11-24,Siskiyou,93,43540,645,473,32,505,1
2020-11-24,Solano,95,438530,10538,9716,72,9788,86
2020-11-24,Sonoma,97,501317,12455,11644,56,11700,162
2020-11-24,Stanislaus,99,539301,22014,20830,1434,22264,438
2020-11-24,Sutter,101,95872,3463,2974,11,2985,14
2020-11-24,Tehama,103,63373,1718,1565,26,1591,9
2020-11-24,Trinity,105,12862,192,129,12,141,0
2020-11-24,Tulare,107,460477,21524,20319,1438,21757,315
2020-11-24,Tuolumne,109,53932,1060,832,3,835,7
2020-11-24,Ventura,111,848112,20166,18637,656,19293,179
2020-11-24,Yolo,113,214977,4992,4420,16,4436,76
2020-11-24,Yuba,115,75493,2034,1804,8,1812,10
2020-11-23,Alameda,1,1643700,29762,27718,335,28053,444
2020-11-23,Alpine,3,1148,50,41,0,41,0
2020-11-23,Amador,5,37829,515,457,1,458,16
2020-11-23,Butte,7,227075,4056,3765,193,3958,61
2020-11-23,Calaveras,9,45235,478,434,0,434,21
2020-11-23,Colusa,11,21464,739,662,3,665,6
2020-11-23,Contra Costa,13,1133247,24211,22674,156,22830,260
2020-11-23,Del Norte,15,27424,336,296,0,296,2
2020-11-23,El Dorado,17,186661,2584,2005,25,2030,4
2020-11-23,Fresno,19,978130,41373,36688,1298,37986,488
2020-11-23,Glenn,21,27897,959,853,40,893,4
2020-11-23,Humboldt,23,135768,891,746,1,747,9
2020-11-23,Imperial,25,180216,16242,15104,78,15182,355
2020-11-23,Inyo,27,18085,301,279,1,280,15
2020-11-23,Kern,29,883053,40722,38245,1140,39385,463
2020-11-23,Kings,31,150075,10949,10204,151,10355,85
2020-11-23,Lake,33,64148,962,840,0,840,18
2020-11-23,Lassen,35,31185,2091,1271,6,1277,0
2020-11-23,Los Angeles,37,10098052,389299,366374,6069,372443,7447
2020-11-23,Madera,39,155013,6338,5787,140,5927,56
2020-11-23,Marin,41,260295,7719,7543,27,7570,135
2020-11-23,Mariposa,43,17540,126,97,1,98,2
2020-11-23,Mendocino,45,87422,1481,1330,5,1335,22
2020-11-23,Merced,47,269075,11714,11148,100,11248,169
2020-11-23,Modoc,49,8938,105,91,21,112,0
2020-11-23,Mono,51,14174,517,480,8,488,2
2020-11-23,Monterey,53,433212,15235,14265,262,14527,112
2020-11-23,Napa,55,140530,3211,2811,14,2825,17
2020-11-23,Nevada,57,99092,1306,1087,30,1117,9
2020-11-23,Orange,59,3164182,78327,71074,2367,73441,1546
2020-11-23,Placer,61,380077,7140,5999,136,6135,66
2020-11-23,Plumas,63,18699,214,172,0,172,0
2020-11-23,Riverside,65,2383286,90088,82175,1694,83869,1415
2020-11-23,Sacramento,67,1510023,37021,34141,116,34257,556
2020-11-23,San Benito,69,59416,1836,1729,12,1741,15
2020-11-23,San Bernardino,71,2135413,94795,84387,1171,85558,1224
2020-11-23,San Diego,73,3302833,80411,72817,0,72817,968
2020-11-23,San Francisco,75,870044,15445,14646,98,14744,153
2020-11-23,San Joaquin,77,732212,26464,24622,509,25131,517
2020-11-23,San Luis Obispo,79,281455,6238,5772,101,5873,34
2020-11-23,San Mateo,81,765935,14411,13364,11,13375,170
2020-11-23,Santa Barbara,83,443738,11888,10944,195,11139,137
2020-11-23,Santa Clara,85,1922200,34675,31064,66,31130,435
2020-11-23,Santa Cruz,87,273765,4517,4003,56,4059,25
2020-11-23,Shasta,89,179085,5301,4100,162,4262,43
2020-11-23,Sierra,91,2930,17,15,0,15,0
2020-11-23,Siskiyou,93,43540,618,460,31,491,0
2020-11-23,Solano,95,438530,10381,9394,69,9463,86
2020-11-23,Sonoma,97,501317,12282,11507,52,11559,160
2020-11-23,Stanislaus,99,539301,21722,20487,1401,21888,436
2020-11-23,Sutter,101,95872,3325,2840,10,2850,14
2020-11-23,Tehama,103,63373,1670,1526,23,1549,9
2020-11-23,Trinity,105,12862,186,120,10,130,0
2020-11-23,Tulare,107,460477,21238,19818,1364,21182,315
2020-11-23,Tuolumne,109,53932,1020,774,3,777,7
2020-11-23,Ventura,111,848112,19792,18480,644,19124,179
2020-11-23,Yolo,113,214977,4912,4265,15,4280,75
2020-11-23,Yuba,115,75493,1967,1702,8,1710,10
2020-11-22,Alameda,1,1643700,29329,27472,323,27795,444
2020-11-22,Alpine,3,1148,47,41,0,41,0
2020-11-22,Amador,5,37829,503,450,1,451,16
2020-11-22,Butte,7,227075,4007,3712,183,3895,61
2020-11-22,Calaveras,9,45235,466,434,0,434,21
2020-11-22,Colusa,11,21464,721,642,2,644,6
2020-11-22,Contra Costa,13,1133247,23906,22407,151,22558,260
2020-11-22,Del Norte,15,27424,312,271,0,271,2
2020-11-22,El Dorado,17,186661,2473,1917,22,1939,4
2020-11-22,Fresno,19,978130,40893,36315,1239,37554,488
2020-11-22,Glenn,21,27897,939,832,34,866,4
2020-11-22,Humboldt,23,135768,875,729,1,730,9
2020-11-22,Imperial,25,180216,16038,15109,32,15141,355
2020-11-22,Inyo,27,18085,294,279,1,280,15
2020-11-22,Kern,29,883053,40146,37904,1103,39007,463
2020-11-22,Kings,31,150075,10848,10035,142,10177,85
2020-11-22,Lake,33,64148,940,834,0,834,18
2020-11-22,Lassen,35,31185,1926,1211,5,1216,0
2020-11-22,Los Angeles,37,10098052,383030,360341,5807,366148,7438
2020-11-22,Madera,39,155013,6258,5745,129,5874,56
2020-11-22,Marin,41,260295,7684,7506,26,7532,135
2020-11-22,Mariposa,43,17540,125,95,1,96,2
2020-11-22,Mendocino,45,87422,1457,1285,3,1288,22
2020-11-22,Merced,47,269075,11565,10939,100,11039,169
2020-11-22,Modoc,49,8938,104,87,19,106,0
2020-11-22,Mono,51,14174,498,481,8,489,2
2020-11-22,Monterey,53,433212,14994,13887,256,14143,111
2020-11-22,Napa,55,140530,3131,2778,14,2792,17
2020-11-22,Nevada,57,99092,1248,1052,30,1082,9
2020-11-22,Orange,59,3164182,76915,69913,2327,72240,1546
2020-11-22,Placer,61,380077,6925,5880,125,6005,66
2020-11-22,Plumas,63,18699,201,172,0,172,0
2020-11-22,Riverside,65,2383286,88501,81565,1631,83196,1409
2020-11-22,Sacramento,67,1510023,36290,33421,103,33524,555
2020-11-22,San Benito,69,59416,1807,1704,12,1716,15
2020-11-22,San Bernardino,71,2135413,92454,83505,1096,84601,1224
2020-11-22,San Diego,73,3302833,78676,71649,0,71649,968
2020-11-22,San Francisco,75,870044,15274,14515,97,14612,153
2020-11-22,San Joaquin,77,732212,26168,24619,496,25115,517
2020-11-22,San Luis Obispo,79,281455,6136,5664,100,5764,34
2020-11-22,San Mateo,81,765935,14207,13228,11,13239,170
2020-11-22,Santa Barbara,83,443738,11753,10946,189,11135,137
2020-11-22,Santa Clara,85,1922200,33999,30633,64,30697,434
2020-11-22,Santa Cruz,87,273765,4435,3896,49,3945,25
2020-11-22,Shasta,89,179085,5144,4100,143,4243,43
2020-11-22,Sierra,91,2930,17,13,0,13,0
2020-11-22,Siskiyou,93,43540,586,411,31,442,0
2020-11-22,Solano,95,438530,10211,9363,65,9428,86
2020-11-22,Sonoma,97,501317,12124,11415,50,11465,159
2020-11-22,Stanislaus,99,539301,21398,20223,1367,21590,436
2020-11-22,Sutter,101,95872,3207,2677,10,2687,13
2020-11-22,Tehama,103,63373,1636,1457,18,1475,9
2020-11-22,Trinity,105,12862,182,114,10,124,0
2020-11-22,Tulare,107,460477,20990,19818,1291,21109,314
2020-11-22,Tuolumne,109,53932,994,689,3,692,7
2020-11-22,Ventura,111,848112,19431,18105,632,18737,179
2020-11-22,Yolo,113,214977,4812,4206,15,4221,75
2020-11-22,Yuba,115,75493,1914,1672,8,1680,10
2020-11-21,Alameda,1,1643700,29146,27424,321,27745,444
2020-11-21,Alpine,3,1148,47,41,0,41,0
2020-11-21,Amador,5,37829,489,450,1,451,16
2020-11-21,Butte,7,227075,3959,3664,180,3844,61
2020-11-21,Calaveras,9,45235,460,434,0,434,21
2020-11-21,Colusa,11,21464,712,642,2,644,6
2020-11-21,Contra Costa,13,1133247,23752,22338,149,22487,260
2020-11-21,Del Norte,15,27424,307,271,0,271,2
2020-11-21,El Dorado,17,186661,2424,1900,21,1921,4
2020-11-21,Fresno,19,978130,40638,35973,1206,37179,482
2020-11-21,Glenn,21,27897,934,829,32,861,4
2020-11-21,Humboldt,23,135768,865,728,1,729,9
2020-11-21,Imperial,25,180216,15960,15053,32,15085,355
2020-11-21,Inyo,27,18085,292,283,1,284,15
2020-11-21,Kern,29,883053,39896,37403,1065,38468,463
2020-11-21,Kings,31,150075,10800,10019,138,10157,85
2020-11-21,Lake,33,64148,927,832,0,832,18
2020-11-21,Lassen,35,31185,1858,1211,5,1216,0
2020-11-21,Los Angeles,37,10098052,379865,357754,5652,363406,7428
2020-11-21,Madera,39,155013,6221,5706,129,5835,56
2020-11-21,Marin,41,260295,7661,7488,25,7513,134
2020-11-21,Mariposa,43,17540,125,92,1,93,2
2020-11-21,Mendocino,45,87422,1426,1282,3,1285,22
2020-11-21,Merced,47,269075,11504,10849,99,10948,169
2020-11-21,Modoc,49,8938,100,87,18,105,0
2020-11-21,Mono,51,14174,493,469,8,477,2
2020-11-21,Monterey,53,433212,14896,13886,250,14136,110
2020-11-21,Napa,55,140530,3097,2757,14,2771,17
2020-11-21,Nevada,57,99092,1236,1018,29,1047,9
2020-11-21,Orange,59,3164182,76111,69021,2296,71317,1543
2020-11-21,Placer,61,380077,6813,5778,122,5900,65
2020-11-21,Plumas,63,18699,196,172,0,172,0
2020-11-21,Riverside,65,2383286,87730,80676,1581,82257,1407
2020-11-21,Sacramento,67,1510023,35898,33133,95,33228,548
2020-11-21,San Benito,69,59416,1788,1691,12,1703,15
2020-11-21,San Bernardino,71,2135413,91581,83206,1015,84221,1222
2020-11-21,San Diego,73,3302833,77897,70711,0,70711,966
2020-11-21,San Francisco,75,870044,15171,14445,96,14541,153
2020-11-21,San Joaquin,77,732212,26036,24620,480,25100,517
2020-11-21,San Luis Obispo,79,281455,6084,5618,97,5715,34
2020-11-21,San Mateo,81,765935,14105,13138,11,13149,170
2020-11-21,Santa Barbara,83,443738,11702,10922,186,11108,137
2020-11-21,Santa Clara,85,1922200,33618,30377,61,30438,433
2020-11-21,Santa Cruz,87,273765,4379,3898,48,3946,25
2020-11-21,Shasta,89,179085,5071,4095,140,4235,42
2020-11-21,Sierra,91,2930,17,13,0,13,0
2020-11-21,Siskiyou,93,43540,570,403,31,434,0
2020-11-21,Solano,95,438530,10122,9290,61,9351,86
2020-11-21,Sonoma,97,501317,12049,11394,48,11442,158
2020-11-21,Stanislaus,99,539301,21255,20111,1342,21453,435
2020-11-21,Sutter,101,95872,3147,2615,9,2624,13
2020-11-21,Tehama,103,63373,1616,1435,17,1452,9
2020-11-21,Trinity,105,12862,179,110,9,119,0
2020-11-21,Tulare,107,460477,20865,19752,1257,21009,313
2020-11-21,Tuolumne,109,53932,975,690,3,693,7
2020-11-21,Ventura,111,848112,19268,18040,622,18662,177
2020-11-21,Yolo,113,214977,4736,4147,14,4161,75
2020-11-21,Yuba,115,75493,1882,1643,8,1651,10
2020-11-20,Alameda,1,1643700,28936,27221,313,27534,444
2020-11-20,Alpine,3,1148,47,20,0,20,0
2020-11-20,Amador,5,37829,485,446,1,447,16
2020-11-20,Butte,7,227075,3927,3618,176,3794,60
2020-11-20,Calaveras,9,45235,448,424,0,424,21
2020-11-20,Colusa,11,21464,704,631,1,632,6
2020-11-20,Contra Costa,13,1133247,23566,22116,144,22260,260
2020-11-20,Del Norte,15,27424,303,264,0,264,2
2020-11-20,El Dorado,17,186661,2329,1868,19,1887,4
2020-11-20,Fresno,19,978130,40347,35635,1173,36808,480
2020-11-20,Glenn,21,27897,922,826,30,856,4
2020-11-20,Humboldt,23,135768,856,714,0,714,9
2020-11-20,Imperial,25,180216,15898,14864,28,14892,353
2020-11-20,Inyo,27,18085,290,262,1,263,15
2020-11-20,Kern,29,883053,39604,37143,1039,38182,462
2020-11-20,Kings,31,150075,10753,9903,136,10039,85
2020-11-20,Lake,33,64148,918,820,0,820,18
2020-11-20,Lassen,35,31185,1773,1212,4,1216,0
2020-11-20,Los Angeles,37,10098052,375990,353554,5485,359039,7398
2020-11-20,Madera,39,155013,6129,5635,127,5762,54
2020-11-20,Marin,41,260295,7637,7467,24,7491,134
2020-11-20,Mariposa,43,17540,117,89,1,90,2
2020-11-20,Mendocino,45,87422,1406,1269,3,1272,22
2020-11-20,Merced,47,269075,11418,10729,99,10828,167
2020-11-20,Modoc,49,8938,100,83,18,101,0
2020-11-20,Mono,51,14174,492,469,8,477,2
2020-11-20,Monterey,53,433212,14771,13738,241,13979,110
2020-11-20,Napa,55,140530,3067,2718,14,2732,17
2020-11-20,Nevada,57,99092,1218,990,28,1018,9
2020-11-20,Orange,59,3164182,75283,68212,2255,70467,1532
2020-11-20,Placer,61,380077,6683,5687,106,5793,66
2020-11-20,Plumas,63,18699,193,163,0,163,0
2020-11-20,Riverside,65,2383286,86724,79613,1513,81126,1405
2020-11-20,Sacramento,67,1510023,35518,32832,85,32917,549
2020-11-20,San Benito,69,59416,1776,1668,12,1680,15
2020-11-20,San Bernardino,71,2135413,90213,81203,931,82134,1220
2020-11-20,San Diego,73,3302833,76899,69233,0,69233,960
2020-11-20,San Francisco,75,870044,15067,14327,95,14422,153
2020-11-20,San Joaquin,77,732212,25884,24460,466,24926,515
2020-11-20,San Luis Obispo,79,281455,6030,5524,94,5618,34
2020-11-20,San Mateo,81,765935,13972,12980,10,12990,169
2020-11-20,Santa Barbara,83,443738,11645,10825,180,11005,136
2020-11-20,Santa Clara,85,1922200,33197,30002,55,30057,431
2020-11-20,Santa Cruz,87,273765,4313,3815,48,3863,25
2020-11-20,Shasta,89,179085,4997,3861,135,3996,42
2020-11-20,Sierra,91,2930,17,12,0,12,0
2020-11-20,Siskiyou,93,43540,557,387,29,416,0
2020-11-20,Solano,95,438530,10031,9216,58,9274,85
2020-11-20,Sonoma,97,501317,11965,11316,47,11363,158
2020-11-20,Stanislaus,99,539301,21102,19889,1314,21203,433
2020-11-20,Sutter,101,95872,3098,2580,9,2589,13
2020-11-20,Tehama,103,63373,1602,1410,13,1423,9
2020-11-20,Trinity,105,12862,178,102,9,111,0
2020-11-20,Tulare,107,460477,20734,19568,1216,20784,311
2020-11-20,Tuolumne,109,53932,936,662,3,665,7
2020-11-20,Ventura,111,848112,19101,17741,594,18335,175
2020-11-20,Yolo,113,214977,4658,4081,13,4094,74
2020-11-20,Yuba,115,75493,1854,1611,8,1619,10
2020-11-19,Alameda,1,1643700,28593,26971,304,27275,441
2020-11-19,Alpine,3,1148,44,20,0,20,0
2020-11-19,Amador,5,37829,481,436,1,437,16
2020-11-19,Butte,7,227075,3878,3576,169,3745,60
2020-11-19,Calaveras,9,45235,439,417,0,417,21
2020-11-19,Colusa,11,21464,686,621,1,622,6
2020-11-19,Contra Costa,13,1133247,23296,21886,141,22027,259
2020-11-19,Del Norte,15,27424,295,251,0,251,2
2020-11-19,El Dorado,17,186661,2255,1825,18,1843,4
2020-11-19,Fresno,19,978130,39903,35278,1113,36391,478
2020-11-19,Glenn,21,27897,900,806,29,835,4
2020-11-19,Humboldt,23,135768,836,693,0,693,9
2020-11-19,Imperial,25,180216,15688,14507,28,14535,349
2020-11-19,Inyo,27,18085,288,262,1,263,15
2020-11-19,Kern,29,883053,39185,36779,995,37774,459
2020-11-19,Kings,31,150075,10606,9763,128,9891,85
2020-11-19,Lake,33,64148,904,809,0,809,18
2020-11-19,Lassen,35,31185,1656,1201,2,1203,0
2020-11-19,Los Angeles,37,10098052,370921,349493,5307,354800,7365
2020-11-19,Madera,39,155013,6057,5540,120,5660,54
2020-11-19,Marin,41,260295,7606,7451,24,7475,134
2020-11-19,Mariposa,43,17540,110,88,0,88,2
2020-11-19,Mendocino,45,87422,1385,1237,3,1240,23
2020-11-19,Merced,47,269075,11277,10634,93,10727,167
2020-11-19,Modoc,49,8938,97,82,18,100,0
2020-11-19,Mono,51,14174,486,468,8,476,2
2020-11-19,Monterey,53,433212,14556,13369,230,13599,108
2020-11-19,Napa,55,140530,3013,2641,14,2655,17
2020-11-19,Nevada,57,99092,1177,945,27,972,9
2020-11-19,Orange,59,3164182,74015,66998,2208,69206,1530
2020-11-19,Placer,61,380077,6493,5612,105,5717,65
2020-11-19,Plumas,63,18699,188,158,0,158,0
2020-11-19,Riverside,65,2383286,85254,78535,1441,79976,1402
2020-11-19,Sacramento,67,1510023,35001,32367,83,32450,546
2020-11-19,San Benito,69,59416,1753,1643,12,1655,15
2020-11-19,San Bernardino,71,2135413,88321,79244,847,80091,1215
2020-11-19,San Diego,73,3302833,75651,68142,0,68142,952
2020-11-19,San Francisco,75,870044,14912,14178,89,14267,153
2020-11-19,San Joaquin,77,732212,25565,24270,454,24724,516
2020-11-19,San Luis Obispo,79,281455,5954,5410,91,5501,34
2020-11-19,San Mateo,81,765935,13834,12714,10,12724,169
2020-11-19,Santa Barbara,83,443738,11565,10741,176,10917,136
2020-11-19,Santa Clara,85,1922200,32639,29630,54,29684,424
2020-11-19,Santa Cruz,87,273765,4222,3679,46,3725,25
2020-11-19,Shasta,89,179085,4860,3685,124,3809,42
2020-11-19,Sierra,91,2930,17,11,0,11,0
2020-11-19,Siskiyou,93,43540,532,360,28,388,0
2020-11-19,Solano,95,438530,9894,9093,54,9147,84
2020-11-19,Sonoma,97,501317,11795,11205,45,11250,156
2020-11-19,Stanislaus,99,539301,20860,19736,1272,21008,433
2020-11-19,Sutter,101,95872,3001,2509,9,2518,13
2020-11-19,Tehama,103,63373,1569,1373,10,1383,9
2020-11-19,Trinity,105,12862,172,97,9,106,0
2020-11-19,Tulare,107,460477,20512,19384,1149,20533,304
2020-11-19,Tuolumne,109,53932,904,602,3,605,7
2020-11-19,Ventura,111,848112,18748,17300,581,17881,174
2020-11-19,Yolo,113,214977,4563,3973,13,3986,72
2020-11-19,Yuba,115,75493,1814,1568,8,1576,10
2020-11-18,Alameda,1,1643700,28331,26610,299,26909,440
2020-11-18,Alpine,3,1148,43,16,0,16,0
2020-11-18,Amador,5,37829,476,430,1,431,16
2020-11-18,Butte,7,227075,3825,3537,156,3693,59
2020-11-18,Calaveras,9,45235,433,409,0,409,21
2020-11-18,Colusa,11,21464,673,611,1,612,6
2020-11-18,Contra Costa,13,1133247,23029,21685,137,21822,258
2020-11-18,Del Norte,15,27424,281,240,0,240,2
2020-11-18,El Dorado,17,186661,2168,1799,17,1816,4
2020-11-18,Fresno,19,978130,39466,34997,1059,36056,474
2020-11-18,Glenn,21,27897,884,803,27,830,4
2020-11-18,Humboldt,23,135768,822,690,0,690,9
2020-11-18,Imperial,25,180216,15465,14428,27,14455,348
2020-11-18,Inyo,27,18085,286,262,1,263,15
2020-11-18,Kern,29,883053,38799,36537,942,37479,456
2020-11-18,Kings,31,150075,10458,9696,125,9821,85
2020-11-18,Lake,33,64148,891,802,0,802,18
2020-11-18,Lassen,35,31185,1556,1124,2,1126,0
2020-11-18,Los Angeles,37,10098052,366206,344675,5114,349789,7338
2020-11-18,Madera,39,155013,5970,5519,108,5627,54
2020-11-18,Marin,41,260295,7582,7435,24,7459,134
2020-11-18,Mariposa,43,17540,107,88,0,88,2
2020-11-18,Mendocino,45,87422,1365,1237,3,1240,23
2020-11-18,Merced,47,269075,11162,10536,91,10627,166
2020-11-18,Modoc,49,8938,94,77,18,95,0
2020-11-18,Mono,51,14174,480,468,8,476,2
2020-11-18,Monterey,53,433212,14364,13340,215,13555,108
2020-11-18,Napa,55,140530,2966,2607,14,2621,17
2020-11-18,Nevada,57,99092,1138,933,25,958,9
2020-11-18,Orange,59,3164182,72923,66381,2185,68566,1521
2020-11-18,Placer,61,380077,6316,5543,100,5643,64
2020-11-18,Plumas,63,18699,183,143,0,143,0
2020-11-18,Riverside,65,2383286,83833,77739,1339,79078,1387
2020-11-18,Sacramento,67,1510023,34377,31816,75,31891,541
2020-11-18,San Benito,69,59416,1728,1632,11,1643,15
2020-11-18,San Bernardino,71,2135413,86567,77400,764,78164,1206
2020-11-18,San Diego,73,3302833,74361,67243,0,67243,945
2020-11-18,San Francisco,75,870044,14768,14057,87,14144,153
2020-11-18,San Joaquin,77,732212,25299,24146,439,24585,517
2020-11-18,San Luis Obispo,79,281455,5879,5322,90,5412,34
2020-11-18,San Mateo,81,765935,13682,12631,9,12640,169
2020-11-18,Santa Barbara,83,443738,11486,10684,169,10853,136
2020-11-18,Santa Clara,85,1922200,32174,29285,49,29334,421
2020-11-18,Santa Cruz,87,273765,4130,3618,44,3662,25
2020-11-18,Shasta,89,179085,4724,3547,120,3667,42
2020-11-18,Sierra,91,2930,17,11,0,11,0
2020-11-18,Siskiyou,93,43540,500,351,27,378,0
2020-11-18,Solano,95,438530,9762,8994,52,9046,84
2020-11-18,Sonoma,97,501317,11688,11129,42,11171,155
2020-11-18,Stanislaus,99,539301,20618,19609,1247,20856,431
2020-11-18,Sutter,101,95872,2885,2442,9,2451,13
2020-11-18,Tehama,103,63373,1530,1338,10,1348,8
2020-11-18,Trinity,105,12862,162,95,9,104,0
2020-11-18,Tulare,107,460477,20306,19286,1094,20380,306
2020-11-18,Tuolumne,109,53932,868,590,3,593,7
2020-11-18,Ventura,111,848112,18422,17169,567,17736,173
2020-11-18,Yolo,113,214977,4489,3929,13,3942,71
2020-11-18,Yuba,115,75493,1761,1540,8,1548,10
2020-11-17,Alameda,1,1643700,28008,26425,289,26714,439
2020-11-17,Alpine,3,1148,41,12,0,12,0
2020-11-17,Amador,5,37829,465,423,1,424,16
2020-11-17,Butte,7,227075,3783,3500,146,3646,59
2020-11-17,Calaveras,9,45235,418,405,0,405,21
2020-11-17,Colusa,11,21464,662,606,0,606,6
2020-11-17,Contra Costa,13,1133247,22756,21557,132,21689,256
2020-11-17,Del Norte,15,27424,276,233,0,233,2
2020-11-17,El Dorado,17,186661,2109,1758,17,1775,4
2020-11-17,Fresno,19,978130,38872,34765,999,35764,472
2020-11-17,Glenn,21,27897,873,795,26,821,4
2020-11-17,Humboldt,23,135768,800,685,0,685,9
2020-11-17,Imperial,25,180216,15230,14204,26,14230,346
2020-11-17,Inyo,27,18085,285,263,1,264,15
2020-11-17,Kern,29,883053,38349,36164,888,37052,455
2020-11-17,Kings,31,150075,10385,9653,118,9771,85
2020-11-17,Lake,33,64148,871,792,0,792,18
2020-11-17,Lassen,35,31185,1477,1124,2,1126,0
2020-11-17,Los Angeles,37,10098052,361268,340933,4945,345878,7302
2020-11-17,Madera,39,155013,5881,5485,101,5586,54
2020-11-17,Marin,41,260295,7550,7404,23,7427,134
2020-11-17,Mariposa,43,17540,104,87,0,87,2
2020-11-17,Mendocino,45,87422,1344,1216,3,1219,23
2020-11-17,Merced,47,269075,11018,10457,85,10542,162
2020-11-17,Modoc,49,8938,88,71,17,88,0
2020-11-17,Mono,51,14174,478,459,8,467,2
2020-11-17,Monterey,53,433212,14136,13220,205,13425,108
2020-11-17,Napa,55,140530,2912,2568,14,2582,17
2020-11-17,Nevada,57,99092,1097,918,24,942,9
2020-11-17,Orange,59,3164182,71776,65757,2154,67911,1519
2020-11-17,Placer,61,380077,6159,5435,94,5529,63
2020-11-17,Plumas,63,18699,175,142,0,142,0
2020-11-17,Riverside,65,2383286,82457,77079,1246,78325,1379
2020-11-17,Sacramento,67,1510023,33784,31341,71,31412,538
2020-11-17,San Benito,69,59416,1713,1611,4,1615,15
2020-11-17,San Bernardino,71,2135413,84755,76134,672,76806,1188
2020-11-17,San Diego,73,3302833,73110,66321,0,66321,933
2020-11-17,San Francisco,75,870044,14602,13952,86,14038,153
2020-11-17,San Joaquin,77,732212,25026,23997,420,24417,516
2020-11-17,San Luis Obispo,79,281455,5785,5235,90,5325,34
2020-11-17,San Mateo,81,765935,13520,12491,8,12499,169
2020-11-17,Santa Barbara,83,443738,11399,10597,163,10760,136
2020-11-17,Santa Clara,85,1922200,31625,29013,48,29061,419
2020-11-17,Santa Cruz,87,273765,4046,3548,41,3589,25
2020-11-17,Shasta,89,179085,4564,3457,107,3564,40
2020-11-17,Sierra,91,2930,15,11,0,11,0
2020-11-17,Siskiyou,93,43540,452,333,26,359,0
2020-11-17,Solano,95,438530,9617,8905,51,8956,84
2020-11-17,Sonoma,97,501317,11554,11084,40,11124,155
2020-11-17,Stanislaus,99,539301,20395,19466,1218,20684,425
2020-11-17,Sutter,101,95872,2802,2370,8,2378,12
2020-11-17,Tehama,103,63373,1480,1290,10,1300,7
2020-11-17,Trinity,105,12862,150,83,9,92,0
2020-11-17,Tulare,107,460477,20089,19176,1029,20205,305
2020-11-17,Tuolumne,109,53932,830,568,3,571,7
2020-11-17,Ventura,111,848112,18149,16797,548,17345,173
2020-11-17,Yolo,113,214977,4312,3887,12,3899,70
2020-11-17,Yuba,115,75493,1713,1519,8,1527,10
2020-11-16,Alameda,1,1643700,27661,26063,284,26347,436
2020-11-16,Alpine,3,1148,38,12,0,12,0
2020-11-16,Amador,5,37829,457,414,1,415,16
2020-11-16,Butte,7,227075,3744,3490,137,3627,58
2020-11-16,Calaveras,9,45235,411,402,0,402,21
2020-11-16,Colusa,11,21464,653,601,0,601,6
2020-11-16,Contra Costa,13,1133247,22489,21386,127,21513,256
2020-11-16,Del Norte,15,27424,269,225,0,225,2
2020-11-16,El Dorado,17,186661,2048,1694,15,1709,4
2020-11-16,Fresno,19,978130,38388,34593,941,35534,471
2020-11-16,Glenn,21,27897,861,786,25,811,4
2020-11-16,Humboldt,23,135768,782,660,0,660,9
2020-11-16,Imperial,25,180216,14983,14111,26,14137,346
2020-11-16,Inyo,27,18085,282,263,1,264,15
2020-11-16,Kern,29,883053,37958,36049,844,36893,455
2020-11-16,Kings,31,150075,10119,9569,114,9683,85
2020-11-16,Lake,33,64148,859,784,0,784,18
2020-11-16,Lassen,35,31185,1296,1124,2,1126,0
2020-11-16,Los Angeles,37,10098052,356540,338778,4755,343533,7277
2020-11-16,Madera,39,155013,5795,5433,94,5527,54
2020-11-16,Marin,41,260295,7521,7359,23,7382,134
2020-11-16,Mariposa,43,17540,101,86,0,86,2
2020-11-16,Mendocino,45,87422,1319,1209,3,1212,23
2020-11-16,Merced,47,269075,10881,10399,82,10481,162
2020-11-16,Modoc,49,8938,86,71,17,88,0
2020-11-16,Mono,51,14174,476,453,8,461,2
2020-11-16,Monterey,53,433212,13893,13089,192,13281,107
2020-11-16,Napa,55,140530,2836,2536,14,2550,17
2020-11-16,Nevada,57,99092,1054,889,22,911,9
2020-11-16,Orange,59,3164182,70681,65396,2139,67535,1519
2020-11-16,Placer,61,380077,6040,5387,86,5473,63
2020-11-16,Plumas,63,18699,168,127,0,127,0
2020-11-16,Riverside,65,2383286,81090,76449,1178,77627,1379
2020-11-16,Sacramento,67,1510023,33144,30954,64,31018,534
2020-11-16,San Benito,69,59416,1695,1603,3,1606,15
2020-11-16,San Bernardino,71,2135413,82930,74401,600,75001,1186
2020-11-16,San Diego,73,3302833,71802,65603,0,65603,926
2020-11-16,San Francisco,75,870044,14444,13847,83,13930,153
2020-11-16,San Joaquin,77,732212,24739,23515,410,23925,513
2020-11-16,San Luis Obispo,79,281455,5681,5161,85,5246,34
2020-11-16,San Mateo,81,765935,13361,12398,8,12406,169
2020-11-16,Santa Barbara,83,443738,11335,10565,159,10724,135
2020-11-16,Santa Clara,85,1922200,31058,28673,46,28719,419
2020-11-16,Santa Cruz,87,273765,3973,3520,41,3561,25
2020-11-16,Shasta,89,179085,4414,3284,102,3386,37
2020-11-16,Sierra,91,2930,15,11,0,11,0
2020-11-16,Siskiyou,93,43540,425,294,26,320,0
2020-11-16,Solano,95,438530,9419,8827,51,8878,84
2020-11-16,Sonoma,97,501317,11463,10961,39,11000,155
2020-11-16,Stanislaus,99,539301,20159,19333,1190,20523,425
2020-11-16,Sutter,101,95872,2695,2322,8,2330,12
2020-11-16,Tehama,103,63373,1435,1261,6,1267,7
2020-11-16,Trinity,105,12862,142,67,9,76,0
2020-11-16,Tulare,107,460477,19915,18891,972,19863,305
2020-11-16,Tuolumne,109,53932,794,543,3,546,7
2020-11-16,Ventura,111,848112,17812,16691,540,17231,172
2020-11-16,Yolo,113,214977,4215,3858,12,3870,70
2020-11-16,Yuba,115,75493,1677,1500,7,1507,10
2020-11-15,Alameda,1,1643700,27343,25879,278,26157,436
2020-11-15,Alpine,3,1148,36,12,0,12,0
2020-11-15,Amador,5,37829,445,409,1,410,16
2020-11-15,Butte,7,227075,3691,3452,128,3580,58
2020-11-15,Calaveras,9,45235,398,386,0,386,21
2020-11-15,Colusa,11,21464,644,601,0,601,6
2020-11-15,Contra Costa,13,1133247,22190,21179,126,21305,256
2020-11-15,Del Norte,15,27424,253,224,0,224,2
2020-11-15,El Dorado,17,186661,1986,1683,14,1697,4
2020-11-15,Fresno,19,978130,37880,34297,901,35198,471
2020-11-15,Glenn,21,27897,849,783,24,807,4
2020-11-15,Humboldt,23,135768,754,653,0,653,9
2020-11-15,Imperial,25,180216,14746,13940,26,13966,346
2020-11-15,Inyo,27,18085,272,263,1,264,15
2020-11-15,Kern,29,883053,37555,35911,807,36718,455
2020-11-15,Kings,31,150075,9926,9533,110,9643,85
2020-11-15,Lake,33,64148,850,777,0,777,17
2020-11-15,Lassen,35,31185,1249,1124,2,1126,0
2020-11-15,Los Angeles,37,10098052,351512,336035,4573,340608,7271
2020-11-15,Madera,39,155013,5698,5391,88,5479,54
2020-11-15,Marin,41,260295,7495,7347,23,7370,133
2020-11-15,Mariposa,43,17540,98,86,0,86,2
2020-11-15,Mendocino,45,87422,1300,1197,3,1200,22
2020-11-15,Merced,47,269075,10748,10350,82,10432,162
2020-11-15,Modoc,49,8938,85,68,17,85,0
2020-11-15,Mono,51,14174,474,453,8,461,2
2020-11-15,Monterey,53,433212,13696,12999,179,13178,107
2020-11-15,Napa,55,140530,2777,2509,12,2521,17
2020-11-15,Nevada,57,99092,999,859,22,881,9
2020-11-15,Orange,59,3164182,69647,65008,2120,67128,1519
2020-11-15,Placer,61,380077,5886,5330,78,5408,63
2020-11-15,Plumas,63,18699,162,127,0,127,0
2020-11-15,Riverside,65,2383286,79772,75531,1117,76648,1374
2020-11-15,Sacramento,67,1510023,32520,30601,60,30661,534
2020-11-15,San Benito,69,59416,1670,1589,2,1591,15
2020-11-15,San Bernardino,71,2135413,80788,73769,516,74285,1185
2020-11-15,San Diego,73,3302833,70304,64770,0,64770,926
2020-11-15,San Francisco,75,870044,14266,13757,82,13839,153
2020-11-15,San Joaquin,77,732212,24530,23516,394,23910,513
2020-11-15,San Luis Obispo,79,281455,5558,5120,82,5202,34
2020-11-15,San Mateo,81,765935,13184,12348,8,12356,169
2020-11-15,Santa Barbara,83,443738,11240,10516,157,10673,135
2020-11-15,Santa Clara,85,1922200,30604,28289,45,28334,418
2020-11-15,Santa Cruz,87,273765,3835,3439,40,3479,25
2020-11-15,Shasta,89,179085,4240,3290,93,3383,37
2020-11-15,Sierra,91,2930,15,11,0,11,0
2020-11-15,Siskiyou,93,43540,406,294,26,320,0
2020-11-15,Solano,95,438530,9258,8713,48,8761,84
2020-11-15,Sonoma,97,501317,11343,10833,38,10871,154
2020-11-15,Stanislaus,99,539301,19889,19228,1163,20391,425
2020-11-15,Sutter,101,95872,2606,2230,8,2238,12
2020-11-15,Tehama,103,63373,1384,1222,5,1227,7
2020-11-15,Trinity,105,12862,134,67,8,75,0
2020-11-15,Tulare,107,460477,19700,18891,917,19808,305
2020-11-15,Tuolumne,109,53932,753,486,3,489,7
2020-11-15,Ventura,111,848112,17539,16564,532,17096,172
2020-11-15,Yolo,113,214977,4112,3819,11,3830,67
2020-11-15,Yuba,115,75493,1636,1470,6,1476,10
2020-11-14,Alameda,1,1643700,27077,25714,275,25989,435
2020-11-14,Alpine,3,1148,36,12,0,12,0
2020-11-14,Amador,5,37829,436,404,0,404,16
2020-11-14,Butte,7,227075,3655,3434,114,3548,58
2020-11-14,Calaveras,9,45235,397,386,0,386,21
2020-11-14,Colusa,11,21464,632,601,0,601,6
2020-11-14,Contra Costa,13,1133247,22051,20975,119,21094,256
2020-11-14,Del Norte,15,27424,247,219,0,219,2
2020-11-14,El Dorado,17,186661,1942,1648,14,1662,4
2020-11-14,Fresno,19,978130,37630,33969,866,34835,471
2020-11-14,Glenn,21,27897,840,772,21,793,3
2020-11-14,Humboldt,23,135768,739,643,0,643,9
2020-11-14,Imperial,25,180216,14653,13932,25,13957,346
2020-11-14,Inyo,27,18085,271,263,1,264,15
2020-11-14,Kern,29,883053,37345,35626,788,36414,454
2020-11-14,Kings,31,150075,9891,9490,107,9597,85
2020-11-14,Lake,33,64148,841,773,0,773,17
2020-11-14,Lassen,35,31185,1235,833,2,835,0
2020-11-14,Los Angeles,37,10098052,348813,333021,4458,337479,7269
2020-11-14,Madera,39,155013,5668,5371,86,5457,54
2020-11-14,Marin,41,260295,7479,7325,23,7348,133
2020-11-14,Mariposa,43,17540,97,86,0,86,2
2020-11-14,Mendocino,45,87422,1284,1181,3,1184,22
2020-11-14,Merced,47,269075,10692,10286,80,10366,161
2020-11-14,Modoc,49,8938,84,64,16,80,0
2020-11-14,Mono,51,14174,474,453,8,461,2
2020-11-14,Monterey,53,433212,13600,12854,169,13023,105
2020-11-14,Napa,55,140530,2743,2473,12,2485,17
2020-11-14,Nevada,57,99092,983,835,22,857,9
2020-11-14,Orange,59,3164182,69031,64340,2107,66447,1517
2020-11-14,Placer,61,380077,5810,5215,72,5287,63
2020-11-14,Plumas,63,18699,157,128,0,128,0
2020-11-14,Riverside,65,2383286,79034,74910,1076,75986,1373
2020-11-14,Sacramento,67,1510023,32194,30298,59,30357,532
2020-11-14,San Benito,69,59416,1655,1573,2,1575,15
2020-11-14,San Bernardino,71,2135413,79854,72868,483,73351,1184
2020-11-14,San Diego,73,3302833,69539,63715,0,63715,926
2020-11-14,San Francisco,75,870044,14179,13661,81,13742,153
2020-11-14,San Joaquin,77,732212,24439,23516,386,23902,511
2020-11-14,San Luis Obispo,79,281455,5495,5073,76,5149,34
2020-11-14,San Mateo,81,765935,13076,12293,8,12301,169
2020-11-14,Santa Barbara,83,443738,11186,10482,155,10637,135
2020-11-14,Santa Clara,85,1922200,30320,27962,43,28005,416
2020-11-14,Santa Cruz,87,273765,3780,3402,40,3442,25
2020-11-14,Shasta,89,179085,4155,3195,91,3286,37
2020-11-14,Sierra,91,2930,15,11,0,11,0
2020-11-14,Siskiyou,93,43540,393,292,26,318,0
2020-11-14,Solano,95,438530,9178,8655,47,8702,84
2020-11-14,Sonoma,97,501317,11290,10769,38,10807,154
2020-11-14,Stanislaus,99,539301,19747,19068,1141,20209,424
2020-11-14,Sutter,101,95872,2563,2182,8,2190,12
2020-11-14,Tehama,103,63373,1363,1206,4,1210,7
2020-11-14,Trinity,105,12862,129,67,8,75,0
2020-11-14,Tulare,107,460477,19606,18853,888,19741,305
2020-11-14,Tuolumne,109,53932,725,448,3,451,7
2020-11-14,Ventura,111,848112,17394,16297,520,16817,172
2020-11-14,Yolo,113,214977,4070,3765,9,3774,65
2020-11-14,Yuba,115,75493,1607,1453,6,1459,10
2020-11-13,Alameda,1,1643700,26861,25515,270,25785,434
2020-11-13,Alpine,3,1148,36,12,0,12,0
2020-11-13,Amador,5,37829,433,397,0,397,16
2020-11-13,Butte,7,227075,3631,3402,105,3507,58
2020-11-13,Calaveras,9,45235,393,378,0,378,21
2020-11-13,Colusa,11,21464,624,598,0,598,6
2020-11-13,Contra Costa,13,1133247,21879,20799,119,20918,256
2020-11-13,Del Norte,15,27424,245,208,0,208,2
2020-11-13,El Dorado,17,186661,1897,1611,13,1624,4
2020-11-13,Fresno,19,978130,37383,33693,852,34545,470
2020-11-13,Glenn,21,27897,826,755,17,772,3
2020-11-13,Humboldt,23,135768,724,638,0,638,9
2020-11-13,Imperial,25,180216,14583,13790,24,13814,341
2020-11-13,Inyo,27,18085,270,262,1,263,15
2020-11-13,Kern,29,883053,37144,35431,771,36202,453
2020-11-13,Kings,31,150075,9832,9428,106,9534,85
2020-11-13,Lake,33,64148,835,770,0,770,17
2020-11-13,Lassen,35,31185,1226,832,2,834,0
2020-11-13,Los Angeles,37,10098052,345693,329364,4344,333708,7248
2020-11-13,Madera,39,155013,5628,5340,85,5425,54
2020-11-13,Marin,41,260295,7466,7307,22,7329,133
2020-11-13,Mariposa,43,17540,95,86,0,86,2
2020-11-13,Mendocino,45,87422,1272,1173,3,1176,22
2020-11-13,Merced,47,269075,10637,10185,77,10262,159
2020-11-13,Modoc,49,8938,84,63,14,77,0
2020-11-13,Mono,51,14174,474,448,7,455,2
2020-11-13,Monterey,53,433212,13405,12681,157,12838,104
2020-11-13,Napa,55,140530,2704,2440,12,2452,17
2020-11-13,Nevada,57,99092,964,798,22,820,9
2020-11-13,Orange,59,3164182,68430,63804,2088,65892,1514
2020-11-13,Placer,61,380077,5706,5122,66,5188,63
2020-11-13,Plumas,63,18699,151,125,0,125,0
2020-11-13,Riverside,65,2383286,78296,74138,1048,75186,1372
2020-11-13,Sacramento,67,1510023,31877,29787,54,29841,524
2020-11-13,San Benito,69,59416,1643,1553,1,1554,15
2020-11-13,San Bernardino,71,2135413,78806,71895,461,72356,1184
2020-11-13,San Diego,73,3302833,68692,62978,0,62978,921
2020-11-13,San Francisco,75,870044,14086,13516,79,13595,146
2020-11-13,San Joaquin,77,732212,24344,23314,379,23693,510
2020-11-13,San Luis Obispo,79,281455,5428,4960,72,5032,34
2020-11-13,San Mateo,81,765935,12983,12182,8,12190,169
2020-11-13,Santa Barbara,83,443738,11134,10405,153,10558,134
2020-11-13,Santa Clara,85,1922200,29995,27609,41,27650,415
2020-11-13,Santa Cruz,87,273765,3707,3343,40,3383,25
2020-11-13,Shasta,89,179085,4070,2983,87,3070,37
2020-11-13,Sierra,91,2930,15,11,0,11,0
2020-11-13,Siskiyou,93,43540,388,280,25,305,0
2020-11-13,Solano,95,438530,9087,8525,47,8572,84
2020-11-13,Sonoma,97,501317,11230,10685,36,10721,151
2020-11-13,Stanislaus,99,539301,19624,18936,1111,20047,422
2020-11-13,Sutter,101,95872,2517,2121,7,2128,12
2020-11-13,Tehama,103,63373,1335,1167,4,1171,7
2020-11-13,Trinity,105,12862,127,64,8,72,0
2020-11-13,Tulare,107,460477,19484,18714,845,19559,305
2020-11-13,Tuolumne,109,53932,692,427,3,430,7
2020-11-13,Ventura,111,848112,17250,16172,504,16676,171
2020-11-13,Yolo,113,214977,4019,3716,9,3725,65
2020-11-13,Yuba,115,75493,1580,1435,6,1441,10
2020-11-12,Alameda,1,1643700,26594,25345,270,25615,432
2020-11-12,Alpine,3,1148,35,12,0,12,0
2020-11-12,Amador,5,37829,432,392,0,392,16
2020-11-12,Butte,7,227075,3582,3347,102,3449,58
2020-11-12,Calaveras,9,45235,388,373,0,373,21
2020-11-12,Colusa,11,21464,619,591,0,591,6
2020-11-12,Contra Costa,13,1133247,21671,20619,117,20736,255
2020-11-12,Del Norte,15,27424,238,203,0,203,2
2020-11-12,El Dorado,17,186661,1851,1573,9,1582,4
2020-11-12,Fresno,19,978130,37039,33459,809,34268,468
2020-11-12,Glenn,21,27897,807,727,17,744,3
2020-11-12,Humboldt,23,135768,711,625,0,625,9
2020-11-12,Imperial,25,180216,14418,13619,24,13643,341
2020-11-12,Inyo,27,18085,269,255,1,256,15
2020-11-12,Kern,29,883053,36880,35207,754,35961,451
2020-11-12,Kings,31,150075,9767,9335,103,9438,85
2020-11-12,Lake,33,64148,826,764,0,764,17
2020-11-12,Lassen,35,31185,1157,832,1,833,0
2020-11-12,Los Angeles,37,10098052,341954,327001,4241,331242,7223
2020-11-12,Madera,39,155013,5594,5273,80,5353,54
2020-11-12,Marin,41,260295,7437,7268,22,7290,133
2020-11-12,Mariposa,43,17540,93,84,0,84,2
2020-11-12,Mendocino,45,87422,1253,1142,3,1145,22
2020-11-12,Merced,47,269075,10523,10107,74,10181,158
2020-11-12,Modoc,49,8938,84,63,14,77,0
2020-11-12,Mono,51,14174,473,442,7,449,2
2020-11-12,Monterey,53,433212,13285,12489,142,12631,100
2020-11-12,Napa,55,140530,2642,2398,12,2410,16
2020-11-12,Nevada,57,99092,941,780,21,801,9
2020-11-12,Orange,59,3164182,67687,63232,2067,65299,1514
2020-11-12,Placer,61,380077,5597,5044,56,5100,62
2020-11-12,Plumas,63,18699,147,121,0,121,0
2020-11-12,Riverside,65,2383286,77371,73381,1002,74383,1362
2020-11-12,Sacramento,67,1510023,31388,29459,47,29506,520
2020-11-12,San Benito,69,59416,1623,1525,1,1526,15
2020-11-12,San Bernardino,71,2135413,77439,70758,422,71180,1183
2020-11-12,San Diego,73,3302833,67713,62336,0,62336,918
2020-11-12,San Francisco,75,870044,13987,13289,78,13367,146
2020-11-12,San Joaquin,77,732212,24151,23002,357,23359,509
2020-11-12,San Luis Obispo,79,281455,5364,4898,71,4969,33
2020-11-12,San Mateo,81,765935,12860,12086,7,12093,169
2020-11-12,Santa Barbara,83,443738,11072,10325,147,10472,134
2020-11-12,Santa Clara,85,1922200,29620,27261,40,27301,414
2020-11-12,Santa Cruz,87,273765,3624,3317,38,3355,25
2020-11-12,Shasta,89,179085,3932,2825,76,2901,37
2020-11-12,Sierra,91,2930,15,11,0,11,0
2020-11-12,Siskiyou,93,43540,371,275,20,295,0
2020-11-12,Solano,95,438530,8987,8417,46,8463,85
2020-11-12,Sonoma,97,501317,11128,10602,35,10637,151
2020-11-12,Stanislaus,99,539301,19461,18787,1079,19866,422
2020-11-12,Sutter,101,95872,2433,2075,7,2082,12
2020-11-12,Tehama,103,63373,1308,1117,4,1121,7
2020-11-12,Trinity,105,12862,120,62,8,70,0
2020-11-12,Tulare,107,460477,19372,18545,808,19353,305
2020-11-12,Tuolumne,109,53932,653,353,3,356,7
2020-11-12,Ventura,111,848112,17001,16013,497,16510,158
2020-11-12,Yolo,113,214977,3975,3646,9,3655,63
2020-11-12,Yuba,115,75493,1545,1410,6,1416,10
2020-11-11,Alameda,1,1643700,26352,25140,268,25408,429
2020-11-11,Alpine,3,1148,30,12,0,12,0
2020-11-11,Amador,5,37829,425,389,0,389,16
2020-11-11,Butte,7,227075,3557,3348,88,3436,58
2020-11-11,Calaveras,9,45235,378,373,0,373,21
2020-11-11,Colusa,11,21464,613,591,0,591,6
2020-11-11,Contra Costa,13,1133247,21452,20452,115,20567,255
2020-11-11,Del Norte,15,27424,231,203,0,203,2
2020-11-11,El Dorado,17,186661,1805,1564,8,1572,4
2020-11-11,Fresno,19,978130,36720,33287,775,34062,468
2020-11-11,Glenn,21,27897,791,722,16,738,3
2020-11-11,Humboldt,23,135768,697,623,0,623,9
2020-11-11,Imperial,25,180216,14247,13623,22,13645,340
2020-11-11,Inyo,27,18085,267,255,1,256,15
2020-11-11,Kern,29,883053,36607,35014,736,35750,449
2020-11-11,Kings,31,150075,9661,9263,100,9363,85
2020-11-11,Lake,33,64148,816,763,0,763,17
2020-11-11,Lassen,35,31185,1132,831,1,832,0
2020-11-11,Los Angeles,37,10098052,338601,324567,4147,328714,7220
2020-11-11,Madera,39,155013,5560,5248,77,5325,54
2020-11-11,Marin,41,260295,7414,7268,22,7290,133
2020-11-11,Mariposa,43,17540,93,84,0,84,2
2020-11-11,Mendocino,45,87422,1241,1142,3,1145,22
2020-11-11,Merced,47,269075,10452,10074,72,10146,157
2020-11-11,Modoc,49,8938,80,62,13,75,0
2020-11-11,Mono,51,14174,471,443,7,450,2
2020-11-11,Monterey,53,433212,13143,12417,138,12555,100
2020-11-11,Napa,55,140530,2593,2365,9,2374,15
2020-11-11,Nevada,57,99092,899,741,21,762,9
2020-11-11,Orange,59,3164182,67050,62929,2044,64973,1506
2020-11-11,Placer,61,380077,5514,4981,48,5029,60
2020-11-11,Plumas,63,18699,145,111,0,111,0
2020-11-11,Riverside,65,2383286,76470,72953,955,73908,1361
2020-11-11,Sacramento,67,1510023,30934,28968,45,29013,520
2020-11-11,San Benito,69,59416,1609,1512,1,1513,15
2020-11-11,San Bernardino,71,2135413,76156,70374,393,70767,1182
2020-11-11,San Diego,73,3302833,66778,61746,0,61746,918
2020-11-11,San Francisco,75,870044,13879,13287,76,13363,146
2020-11-11,San Joaquin,77,732212,23992,23001,351,23352,509
2020-11-11,San Luis Obispo,79,281455,5289,4832,68,4900,33
2020-11-11,San Mateo,81,765935,12744,12008,7,12015,169
2020-11-11,Santa Barbara,83,443738,11007,10278,147,10425,134
2020-11-11,Santa Clara,85,1922200,29267,27075,38,27113,413
2020-11-11,Santa Cruz,87,273765,3556,3247,38,3285,25
2020-11-11,Shasta,89,179085,3809,2766,66,2832,36
2020-11-11,Sierra,91,2930,13,11,0,11,0
2020-11-11,Siskiyou,93,43540,340,261,17,278,0
2020-11-11,Solano,95,438530,8870,8353,43,8396,85
2020-11-11,Sonoma,97,501317,11054,10498,35,10533,150
2020-11-11,Stanislaus,99,539301,19323,18671,1047,19718,422
2020-11-11,Sutter,101,95872,2386,2049,6,2055,12
2020-11-11,Tehama,103,63373,1266,1105,3,1108,7
2020-11-11,Trinity,105,12862,111,62,8,70,0
2020-11-11,Tulare,107,460477,19244,18500,776,19276,305
2020-11-11,Tuolumne,109,53932,597,354,3,357,7
2020-11-11,Ventura,111,848112,16786,15801,483,16284,158
2020-11-11,Yolo,113,214977,3924,3606,9,3615,63
2020-11-11,Yuba,115,75493,1530,1400,6,1406,10
2020-11-10,Alameda,1,1643700,26122,25008,265,25273,424
2020-11-10,Alpine,3,1148,30,9,0,9,0
2020-11-10,Amador,5,37829,419,384,0,384,16
2020-11-10,Butte,7,227075,3521,3327,84,3411,58
2020-11-10,Calaveras,9,45235,373,367,0,367,21
2020-11-10,Colusa,11,21464,606,590,0,590,6
2020-11-10,Contra Costa,13,1133247,21246,20326,112,20438,255
2020-11-10,Del Norte,15,27424,225,196,0,196,2
2020-11-10,El Dorado,17,186661,1744,1551,8,1559,4
2020-11-10,Fresno,19,978130,36453,33024,737,33761,465
2020-11-10,Glenn,21,27897,783,719,12,731,3
2020-11-10,Humboldt,23,135768,680,610,0,610,9
2020-11-10,Imperial,25,180216,14117,13570,22,13592,338
2020-11-10,Inyo,27,18085,266,252,1,253,14
2020-11-10,Kern,29,883053,36330,34858,717,35575,448
2020-11-10,Kings,31,150075,9614,9236,93,9329,85
2020-11-10,Lake,33,64148,806,762,0,762,16
2020-11-10,Lassen,35,31185,1118,830,1,831,0
2020-11-10,Los Angeles,37,10098052,335357,322569,4028,326597,7205
2020-11-10,Madera,39,155013,5518,5229,71,5300,54
2020-11-10,Marin,41,260295,7395,7259,22,7281,133
2020-11-10,Mariposa,43,17540,91,84,0,84,2
2020-11-10,Mendocino,45,87422,1233,1137,3,1140,22
2020-11-10,Merced,47,269075,10391,9992,66,10058,157
2020-11-10,Modoc,49,8938,78,61,13,74,0
2020-11-10,Mono,51,14174,469,443,7,450,2
2020-11-10,Monterey,53,433212,13005,12335,130,12465,100
2020-11-10,Napa,55,140530,2555,2341,7,2348,15
2020-11-10,Nevada,57,99092,883,734,21,755,9
2020-11-10,Orange,59,3164182,66499,62597,2033,64630,1504
2020-11-10,Placer,61,380077,5434,4902,47,4949,60
2020-11-10,Plumas,63,18699,141,108,0,108,0
2020-11-10,Riverside,65,2383286,75829,72316,929,73245,1359
2020-11-10,Sacramento,67,1510023,30524,28677,42,28719,519
2020-11-10,San Benito,69,59416,1594,1508,1,1509,15
2020-11-10,San Bernardino,71,2135413,74988,69666,358,70024,1182
2020-11-10,San Diego,73,3302833,65889,61085,0,61085,915
2020-11-10,San Francisco,75,870044,13762,13210,76,13286,146
2020-11-10,San Joaquin,77,732212,23828,22865,344,23209,508
2020-11-10,San Luis Obispo,79,281455,5227,4780,64,4844,33
2020-11-10,San Mateo,81,765935,12644,11939,7,11946,169
2020-11-10,Santa Barbara,83,443738,10940,10252,143,10395,134
2020-11-10,Santa Clara,85,1922200,28926,26917,36,26953,409
2020-11-10,Santa Cruz,87,273765,3492,3221,38,3259,25
2020-11-10,Shasta,89,179085,3668,2686,58,2744,36
2020-11-10,Sierra,91,2930,12,10,0,10,0
2020-11-10,Siskiyou,93,43540,324,263,16,279,0
2020-11-10,Solano,95,438530,8772,8299,43,8342,85
2020-11-10,Sonoma,97,501317,10968,10414,35,10449,150
2020-11-10,Stanislaus,99,539301,19190,18592,1023,19615,420
2020-11-10,Sutter,101,95872,2291,2035,5,2040,12
2020-11-10,Tehama,103,63373,1240,1099,2,1101,7
2020-11-10,Trinity,105,12862,102,62,7,69,0
2020-11-10,Tulare,107,460477,19130,18430,752,19182,305
2020-11-10,Tuolumne,109,53932,550,353,2,355,7
2020-11-10,Ventura,111,848112,16603,15625,481,16106,158
2020-11-10,Yolo,113,214977,3862,3573,9,3582,63
2020-11-10,Yuba,115,75493,1507,1392,6,1398,10
2020-11-09,Alameda,1,1643700,25873,24899,261,25160,424
2020-11-09,Alpine,3,1148,28,6,0,6,0
2020-11-09,Amador,5,37829,410,380,0,380,16
2020-11-09,Butte,7,227075,3476,3301,75,3376,57
2020-11-09,Calaveras,9,45235,369,360,0,360,21
2020-11-09,Colusa,11,21464,600,583,0,583,6
2020-11-09,Contra Costa,13,1133247,21073,20193,110,20303,255
2020-11-09,Del Norte,15,27424,219,195,0,195,2
2020-11-09,El Dorado,17,186661,1703,1515,8,1523,4
2020-11-09,Fresno,19,978130,36145,32755,692,33447,465
2020-11-09,Glenn,21,27897,777,714,9,723,3
2020-11-09,Humboldt,23,135768,667,607,0,607,9
2020-11-09,Imperial,25,180216,14000,13508,21,13529,338
2020-11-09,Inyo,27,18085,266,252,1,253,14
2020-11-09,Kern,29,883053,36102,34764,678,35442,448
2020-11-09,Kings,31,150075,9544,9141,91,9232,84
2020-11-09,Lake,33,64148,797,755,0,755,16
2020-11-09,Lassen,35,31185,1023,799,1,800,0
2020-11-09,Los Angeles,37,10098052,332268,320370,3947,324317,7180
2020-11-09,Madera,39,155013,5472,5209,68,5277,54
2020-11-09,Marin,41,260295,7369,7237,21,7258,131
2020-11-09,Mariposa,43,17540,91,84,0,84,2
2020-11-09,Mendocino,45,87422,1221,1132,3,1135,22
2020-11-09,Merced,47,269075,10288,9922,63,9985,157
2020-11-09,Modoc,49,8938,74,54,12,66,0
2020-11-09,Mono,51,14174,466,352,7,359,2
2020-11-09,Monterey,53,433212,12859,12148,122,12270,98
2020-11-09,Napa,55,140530,2512,2309,7,2316,15
2020-11-09,Nevada,57,99092,846,729,20,749,9
2020-11-09,Orange,59,3164182,65857,62335,2021,64356,1501
2020-11-09,Placer,61,380077,5350,4843,36,4879,60
2020-11-09,Plumas,63,18699,134,102,0,102,0
2020-11-09,Riverside,65,2383286,75048,72059,895,72954,1346
2020-11-09,Sacramento,67,1510023,30053,28200,42,28242,516
2020-11-09,San Benito,69,59416,1585,1506,1,1507,15
2020-11-09,San Bernardino,71,2135413,73935,69015,317,69332,1182
2020-11-09,San Diego,73,3302833,65034,60572,0,60572,908
2020-11-09,San Francisco,75,870044,13643,12984,73,13057,146
2020-11-09,San Joaquin,77,732212,23663,22512,339,22851,505
2020-11-09,San Luis Obispo,79,281455,5145,4746,61,4807,32
2020-11-09,San Mateo,81,765935,12537,11857,7,11864,169
2020-11-09,Santa Barbara,83,443738,10883,10214,137,10351,134
2020-11-09,Santa Clara,85,1922200,28531,26693,36,26729,409
2020-11-09,Santa Cruz,87,273765,3434,3194,38,3232,25
2020-11-09,Shasta,89,179085,3511,2581,49,2630,36
2020-11-09,Sierra,91,2930,10,10,0,10,0
2020-11-09,Siskiyou,93,43540,313,257,14,271,0
2020-11-09,Solano,95,438530,8656,8254,42,8296,85
2020-11-09,Sonoma,97,501317,10860,10310,35,10345,150
2020-11-09,Stanislaus,99,539301,19040,18482,1004,19486,418
2020-11-09,Sutter,101,95872,2223,2010,4,2014,12
2020-11-09,Tehama,103,63373,1204,1071,1,1072,7
2020-11-09,Trinity,105,12862,98,46,7,53,0
2020-11-09,Tulare,107,460477,19010,18272,720,18992,304
2020-11-09,Tuolumne,109,53932,496,346,2,348,7
2020-11-09,Ventura,111,848112,16401,15568,478,16046,156
2020-11-09,Yolo,113,214977,3801,3522,9,3531,62
2020-11-09,Yuba,115,75493,1474,1380,6,1386,10
2020-11-08,Alameda,1,1643700,25645,24731,261,24992,424
2020-11-08,Alpine,3,1148,25,6,0,6,0
2020-11-08,Amador,5,37829,403,376,0,376,16
2020-11-08,Butte,7,227075,3438,3285,69,3354,57
2020-11-08,Calaveras,9,45235,367,360,0,360,21
2020-11-08,Colusa,11,21464,597,583,0,583,6
2020-11-08,Contra Costa,13,1133247,20903,20031,108,20139,254
2020-11-08,Del Norte,15,27424,210,195,0,195,2
2020-11-08,El Dorado,17,186661,1665,1502,8,1510,4
2020-11-08,Fresno,19,978130,35813,32619,654,33273,465
2020-11-08,Glenn,21,27897,771,707,8,715,3
2020-11-08,Humboldt,23,135768,651,605,0,605,9
2020-11-08,Imperial,25,180216,13884,13428,21,13449,338
2020-11-08,Inyo,27,18085,262,252,1,253,14
2020-11-08,Kern,29,883053,35884,34644,660,35304,448
2020-11-08,Kings,31,150075,9411,9026,88,9114,84
2020-11-08,Lake,33,64148,789,754,0,754,16
2020-11-08,Lassen,35,31185,875,799,1,800,0
2020-11-08,Los Angeles,37,10098052,329147,318960,3873,322833,7176
2020-11-08,Madera,39,155013,5404,5196,65,5261,54
2020-11-08,Marin,41,260295,7349,7227,21,7248,131
2020-11-08,Mariposa,43,17540,91,83,0,83,2
2020-11-08,Mendocino,45,87422,1212,1129,3,1132,22
2020-11-08,Merced,47,269075,10213,9885,61,9946,157
2020-11-08,Modoc,49,8938,70,54,12,66,0
2020-11-08,Mono,51,14174,460,352,7,359,2
2020-11-08,Monterey,53,433212,12715,12122,110,12232,98
2020-11-08,Napa,55,140530,2472,2274,7,2281,15
2020-11-08,Nevada,57,99092,830,715,20,735,9
2020-11-08,Orange,59,3164182,65273,62034,2007,64041,1501
2020-11-08,Placer,61,380077,5248,4800,31,4831,60
2020-11-08,Plumas,63,18699,129,102,0,102,0
2020-11-08,Riverside,65,2383286,74397,71442,851,72293,1345
2020-11-08,Sacramento,67,1510023,29493,28059,38,28097,515
2020-11-08,San Benito,69,59416,1570,1496,1,1497,15
2020-11-08,San Bernardino,71,2135413,72695,68412,278,68690,1182
2020-11-08,San Diego,73,3302833,64189,60199,0,60199,908
2020-11-08,San Francisco,75,870044,13512,12985,68,13053,146
2020-11-08,San Joaquin,77,732212,23471,22514,334,22848,505
2020-11-08,San Luis Obispo,79,281455,5079,4698,56,4754,32
2020-11-08,San Mateo,81,765935,12418,11783,7,11790,169
2020-11-08,Santa Barbara,83,443738,10813,10180,135,10315,134
2020-11-08,Santa Clara,85,1922200,28158,26442,35,26477,410
2020-11-08,Santa Cruz,87,273765,3377,3134,38,3172,25
2020-11-08,Shasta,89,179085,3375,2582,43,2625,36
2020-11-08,Sierra,91,2930,10,7,0,7,0
2020-11-08,Siskiyou,93,43540,301,246,13,259,0
2020-11-08,Solano,95,438530,8535,8132,41,8173,85
2020-11-08,Sonoma,97,501317,10753,10229,35,10264,149
2020-11-08,Stanislaus,99,539301,18868,18413,981,19394,418
2020-11-08,Sutter,101,95872,2166,1980,4,1984,12
2020-11-08,Tehama,103,63373,1180,1054,1,1055,7
2020-11-08,Trinity,105,12862,95,46,7,53,0
2020-11-08,Tulare,107,460477,18870,18272,687,18959,304
2020-11-08,Tuolumne,109,53932,469,341,2,343,7
2020-11-08,Ventura,111,848112,16207,15504,470,15974,156
2020-11-08,Yolo,113,214977,3738,3492,9,3501,61
2020-11-08,Yuba,115,75493,1453,1369,6,1375,10
2020-11-07,Alameda,1,1643700,25536,24578,259,24837,424
2020-11-07,Alpine,3,1148,25,6,0,6,0
2020-11-07,Amador,5,37829,400,375,0,375,16
2020-11-07,Butte,7,227075,3426,3277,64,3341,57
2020-11-07,Calaveras,9,45235,365,360,0,360,21
2020-11-07,Colusa,11,21464,597,583,0,583,6
2020-11-07,Contra Costa,13,1133247,20801,19943,107,20050,254
2020-11-07,Del Norte,15,27424,206,194,0,194,2
2020-11-07,El Dorado,17,186661,1640,1495,7,1502,4
2020-11-07,Fresno,19,978130,35660,32497,632,33129,465
2020-11-07,Glenn,21,27897,763,707,8,715,3
2020-11-07,Humboldt,23,135768,640,590,0,590,9
2020-11-07,Imperial,25,180216,13826,13388,20,13408,338
2020-11-07,Inyo,27,18085,260,252,1,253,14
2020-11-07,Kern,29,883053,35730,34513,649,35162,448
2020-11-07,Kings,31,150075,9378,9005,82,9087,84
2020-11-07,Lake,33,64148,785,751,0,751,16
2020-11-07,Lassen,35,31185,859,799,1,800,0
2020-11-07,Los Angeles,37,10098052,327646,316756,3797,320553,7174
2020-11-07,Madera,39,155013,5382,5177,63,5240,54
2020-11-07,Marin,41,260295,7338,7215,21,7236,131
2020-11-07,Mariposa,43,17540,91,81,0,81,2
2020-11-07,Mendocino,45,87422,1202,1118,3,1121,22
2020-11-07,Merced,47,269075,10181,9855,57,9912,157
2020-11-07,Modoc,49,8938,70,51,12,63,0
2020-11-07,Mono,51,14174,457,352,7,359,2
2020-11-07,Monterey,53,433212,12646,12030,106,12136,98
2020-11-07,Napa,55,140530,2442,2260,6,2266,15
2020-11-07,Nevada,57,99092,814,710,20,730,9
2020-11-07,Orange,59,3164182,64987,62038,2000,64038,1505
2020-11-07,Placer,61,380077,5186,4745,31,4776,60
2020-11-07,Plumas,63,18699,127,94,0,94,0
2020-11-07,Riverside,65,2383286,74004,71153,821,71974,1345
2020-11-07,Sacramento,67,1510023,29242,27773,38,27811,515
2020-11-07,San Benito,69,59416,1558,1489,1,1490,15
2020-11-07,San Bernardino,71,2135413,72181,67935,267,68202,1182
2020-11-07,San Diego,73,3302833,63677,59682,0,59682,909
2020-11-07,San Francisco,75,870044,13453,12980,67,13047,146
2020-11-07,San Joaquin,77,732212,23363,22517,327,22844,505
2020-11-07,San Luis Obispo,79,281455,5030,4668,53,4721,32
2020-11-07,San Mateo,81,765935,12355,11711,7,11718,169
2020-11-07,Santa Barbara,83,443738,10771,10157,133,10290,134
2020-11-07,Santa Clara,85,1922200,27954,26244,34,26278,410
2020-11-07,Santa Cruz,87,273765,3339,3130,38,3168,25
2020-11-07,Shasta,89,179085,3307,2547,41,2588,36
2020-11-07,Sierra,91,2930,10,7,0,7,0
2020-11-07,Siskiyou,93,43540,297,241,13,254,0
2020-11-07,Solano,95,438530,8483,8066,41,8107,85
2020-11-07,Sonoma,97,501317,10707,10200,35,10235,149
2020-11-07,Stanislaus,99,539301,18760,18386,963,19349,418
2020-11-07,Sutter,101,95872,2126,1973,4,1977,12
2020-11-07,Tehama,103,63373,1156,1043,1,1044,7
2020-11-07,Trinity,105,12862,95,42,6,48,0
2020-11-07,Tulare,107,460477,18815,18229,669,18898,304
2020-11-07,Tuolumne,109,53932,458,327,2,329,7
2020-11-07,Ventura,111,848112,16147,15364,465,15829,156
2020-11-07,Yolo,113,214977,3707,3486,9,3495,61
2020-11-07,Yuba,115,75493,1438,1349,6,1355,10
2020-11-06,Alameda,1,1643700,25404,24389,257,24646,420
2020-11-06,Alpine,3,1148,25,6,0,6,0
2020-11-06,Amador,5,37829,398,369,0,369,16
2020-11-06,Butte,7,227075,3401,3254,56,3310,57
2020-11-06,Calaveras,9,45235,364,359,0,359,21
2020-11-06,Colusa,11,21464,595,580,0,580,6
2020-11-06,Contra Costa,13,1133247,20652,19744,107,19851,252
2020-11-06,Del Norte,15,27424,203,194,0,194,2
2020-11-06,El Dorado,17,186661,1614,1475,7,1482,4
2020-11-06,Fresno,19,978130,35472,32278,615,32893,460
2020-11-06,Glenn,21,27897,757,707,7,714,3
2020-11-06,Humboldt,23,135768,637,587,0,587,9
2020-11-06,Imperial,25,180216,13773,13230,20,13250,338
2020-11-06,Inyo,27,18085,258,246,1,247,14
2020-11-06,Kern,29,883053,35567,34360,630,34990,443
2020-11-06,Kings,31,150075,9355,8883,79,8962,83
2020-11-06,Lake,33,64148,784,741,0,741,16
2020-11-06,Lassen,35,31185,851,794,1,795,0
2020-11-06,Los Angeles,37,10098052,325682,314356,3741,318097,7160
2020-11-06,Madera,39,155013,5366,5136,62,5198,54
2020-11-06,Marin,41,260295,7317,7184,21,7205,131
2020-11-06,Mariposa,43,17540,90,79,0,79,2
2020-11-06,Mendocino,45,87422,1197,1113,3,1116,22
2020-11-06,Merced,47,269075,10142,9778,53,9831,157
2020-11-06,Modoc,49,8938,70,48,12,60,0
2020-11-06,Mono,51,14174,452,308,7,315,1
2020-11-06,Monterey,53,433212,12528,11914,105,12019,96
2020-11-06,Napa,55,140530,2417,2189,6,2195,15
2020-11-06,Nevada,57,99092,801,692,19,711,9
2020-11-06,Orange,59,3164182,64685,61049,1991,63040,1494
2020-11-06,Placer,61,380077,5112,4680,31,4711,60
2020-11-06,Plumas,63,18699,122,90,0,90,0
2020-11-06,Riverside,65,2383286,73557,70409,777,71186,1341
2020-11-06,Sacramento,67,1510023,28952,27489,36,27525,514
2020-11-06,San Benito,69,59416,1549,1479,1,1480,15
2020-11-06,San Bernardino,71,2135413,71587,66740,246,66986,1179
2020-11-06,San Diego,73,3302833,63154,59143,0,59143,907
2020-11-06,San Francisco,75,870044,13384,12825,65,12890,146
2020-11-06,San Joaquin,77,732212,23277,22424,317,22741,502
2020-11-06,San Luis Obispo,79,281455,4967,4531,47,4578,32
2020-11-06,San Mateo,81,765935,12281,11587,7,11594,168
2020-11-06,Santa Barbara,83,443738,10735,10118,128,10246,133
2020-11-06,Santa Clara,85,1922200,27711,25831,34,25865,402
2020-11-06,Santa Cruz,87,273765,3302,3063,38,3101,25
2020-11-06,Shasta,89,179085,3235,2475,39,2514,35
2020-11-06,Sierra,91,2930,9,7,0,7,0
2020-11-06,Siskiyou,93,43540,284,237,12,249,0
2020-11-06,Solano,95,438530,8418,7959,41,8000,85
2020-11-06,Sonoma,97,501317,10657,10142,35,10177,149
2020-11-06,Stanislaus,99,539301,18672,18250,954,19204,417
2020-11-06,Sutter,101,95872,2099,1937,2,1939,12
2020-11-06,Tehama,103,63373,1135,1024,1,1025,6
2020-11-06,Trinity,105,12862,92,41,6,47,0
2020-11-06,Tulare,107,460477,18753,18136,642,18778,300
2020-11-06,Tuolumne,109,53932,437,316,2,318,5
2020-11-06,Ventura,111,848112,16061,15222,462,15684,154
2020-11-06,Yolo,113,214977,3678,3420,9,3429,62
2020-11-06,Yuba,115,75493,1425,1335,6,1341,10
2020-11-05,Alameda,1,1643700,25226,24270,257,24527,420
2020-11-05,Alpine,3,1148,25,6,0,6,0
2020-11-05,Amador,5,37829,395,363,0,363,16
2020-11-05,Butte,7,227075,3378,3239,50,3289,57
2020-11-05,Calaveras,9,45235,357,333,0,333,19
2020-11-05,Colusa,11,21464,591,574,0,574,6
2020-11-05,Contra Costa,13,1133247,20470,19656,105,19761,252
2020-11-05,Del Norte,15,27424,201,192,0,192,2
2020-11-05,El Dorado,17,186661,1590,1466,7,1473,4
2020-11-05,Fresno,19,978130,35237,32056,594,32650,460
2020-11-05,Glenn,21,27897,737,702,7,709,3
2020-11-05,Humboldt,23,135768,626,581,0,581,9
2020-11-05,Imperial,25,180216,13681,13178,19,13197,337
2020-11-05,Inyo,27,18085,258,247,1,248,14
2020-11-05,Kern,29,883053,35367,34232,616,34848,443
2020-11-05,Kings,31,150075,9200,8846,76,8922,83
2020-11-05,Lake,33,64148,780,739,0,739,16
2020-11-05,Lassen,35,31185,820,782,1,783,0
2020-11-05,Los Angeles,37,10098052,323330,312381,3685,316066,7146
2020-11-05,Madera,39,155013,5329,5129,59,5188,54
2020-11-05,Marin,41,260295,7295,7171,21,7192,131
2020-11-05,Mariposa,43,17540,89,79,0,79,2
2020-11-05,Mendocino,45,87422,1185,1112,3,1115,22
2020-11-05,Merced,47,269075,10083,9753,48,9801,155
2020-11-05,Modoc,49,8938,69,47,11,58,0
2020-11-05,Mono,51,14174,450,307,7,314,1
2020-11-05,Monterey,53,433212,12420,11784,101,11885,96
2020-11-05,Napa,55,140530,2390,2158,6,2164,15
2020-11-05,Nevada,57,99092,779,687,18,705,9
2020-11-05,Orange,59,3164182,64240,60740,1981,62721,1484
2020-11-05,Placer,61,380077,5045,4627,26,4653,60
2020-11-05,Plumas,63,18699,114,90,0,90,0
2020-11-05,Riverside,65,2383286,72847,70094,717,70811,1338
2020-11-05,Sacramento,67,1510023,28569,27232,35,27267,512
2020-11-05,San Benito,69,59416,1534,1477,1,1478,15
2020-11-05,San Bernardino,71,2135413,70759,66407,231,66638,1174
2020-11-05,San Diego,73,3302833,62528,58659,0,58659,904
2020-11-05,San Francisco,75,870044,13272,12726,64,12790,146
2020-11-05,San Joaquin,77,732212,23114,22318,312,22630,502
2020-11-05,San Luis Obispo,79,281455,4899,4459,45,4504,32
2020-11-05,San Mateo,81,765935,12187,11535,7,11542,168
2020-11-05,Santa Barbara,83,443738,10691,10080,123,10203,133
2020-11-05,Santa Clara,85,1922200,27443,25651,34,25685,402
2020-11-05,Santa Cruz,87,273765,3264,3023,38,3061,25
2020-11-05,Shasta,89,179085,3145,2401,38,2439,34
2020-11-05,Sierra,91,2930,9,6,0,6,0
2020-11-05,Siskiyou,93,43540,273,228,12,240,0
2020-11-05,Solano,95,438530,8335,7842,41,7883,85
2020-11-05,Sonoma,97,501317,10545,10064,34,10098,145
2020-11-05,Stanislaus,99,539301,18559,18194,941,19135,417
2020-11-05,Sutter,101,95872,2067,1925,2,1927,12
2020-11-05,Tehama,103,63373,1113,1015,1,1016,6
2020-11-05,Trinity,105,12862,78,41,6,47,0
2020-11-05,Tulare,107,460477,18669,18049,609,18658,301
2020-11-05,Tuolumne,109,53932,408,312,2,314,5
2020-11-05,Ventura,111,848112,15895,15113,451,15564,155
2020-11-05,Yolo,113,214977,3628,3391,9,3400,61
2020-11-05,Yuba,115,75493,1407,1322,6,1328,10
2020-11-04,Alameda,1,1643700,25048,24172,255,24427,418
2020-11-04,Alpine,3,1148,21,5,0,5,0
2020-11-04,Amador,5,37829,392,362,0,362,16
2020-11-04,Butte,7,227075,3352,3218,47,3265,57
2020-11-04,Calaveras,9,45235,354,290,0,290,19
2020-11-04,Colusa,11,21464,589,571,0,571,6
2020-11-04,Contra Costa,13,1133247,20305,19472,101,19573,251
2020-11-04,Del Norte,15,27424,197,188,0,188,2
2020-11-04,El Dorado,17,186661,1575,1448,4,1452,4
2020-11-04,Fresno,19,978130,35007,31952,564,32516,457
2020-11-04,Glenn,21,27897,733,701,6,707,3
2020-11-04,Humboldt,23,135768,618,571,0,571,9
2020-11-04,Imperial,25,180216,13583,13087,19,13106,335
2020-11-04,Inyo,27,18085,257,247,1,248,14
2020-11-04,Kern,29,883053,35214,34027,604,34631,439
2020-11-04,Kings,31,150075,9166,8817,74,8891,83
2020-11-04,Lake,33,64148,773,735,0,735,16
2020-11-04,Lassen,35,31185,815,781,1,782,0
2020-11-04,Los Angeles,37,10098052,321030,310456,3596,314052,7124
2020-11-04,Madera,39,155013,5309,5083,55,5138,54
2020-11-04,Marin,41,260295,7284,7157,21,7178,131
2020-11-04,Mariposa,43,17540,89,79,0,79,2
2020-11-04,Mendocino,45,87422,1167,1089,3,1092,22
2020-11-04,Merced,47,269075,10033,9717,46,9763,153
2020-11-04,Modoc,49,8938,59,47,11,58,0
2020-11-04,Mono,51,14174,447,237,6,243,1
2020-11-04,Monterey,53,433212,12216,11743,94,11837,96
2020-11-04,Napa,55,140530,2336,2133,6,2139,15
2020-11-04,Nevada,57,99092,760,675,18,693,9
2020-11-04,Orange,59,3164182,63808,60463,1957,62420,1483
2020-11-04,Placer,61,380077,4967,4526,23,4549,60
2020-11-04,Plumas,63,18699,112,88,0,88,0
2020-11-04,Riverside,65,2383286,72232,69562,656,70218,1335
2020-11-04,Sacramento,67,1510023,28222,27005,34,27039,510
2020-11-04,San Benito,69,59416,1519,1464,1,1465,15
2020-11-04,San Bernardino,71,2135413,69964,65891,206,66097,1169
2020-11-04,San Diego,73,3302833,61883,58126,0,58126,904
2020-11-04,San Francisco,75,870044,13189,12649,61,12710,146
2020-11-04,San Joaquin,77,732212,22977,22197,299,22496,500
2020-11-04,San Luis Obispo,79,281455,4832,4389,43,4432,32
2020-11-04,San Mateo,81,765935,12092,11456,7,11463,168
2020-11-04,Santa Barbara,83,443738,10653,10026,122,10148,132
2020-11-04,Santa Clara,85,1922200,27182,25487,34,25521,393
2020-11-04,Santa Cruz,87,273765,3227,2997,38,3035,25
2020-11-04,Shasta,89,179085,3014,2321,33,2354,34
2020-11-04,Sierra,91,2930,9,6,0,6,0
2020-11-04,Siskiyou,93,43540,264,222,12,234,0
2020-11-04,Solano,95,438530,8236,7733,41,7774,85
2020-11-04,Sonoma,97,501317,10451,9965,34,9999,142
2020-11-04,Stanislaus,99,539301,18443,18114,925,19039,416
2020-11-04,Sutter,101,95872,2033,1916,2,1918,12
2020-11-04,Tehama,103,63373,1089,997,1,998,6
2020-11-04,Trinity,105,12862,76,37,6,43,0
2020-11-04,Tulare,107,460477,18561,17952,581,18533,298
2020-11-04,Tuolumne,109,53932,386,310,2,312,5
2020-11-04,Ventura,111,848112,15755,14936,447,15383,155
2020-11-04,Yolo,113,214977,3587,3361,9,3370,62
2020-11-04,Yuba,115,75493,1386,1312,6,1318,10
2020-11-03,Alameda,1,1643700,24864,24055,253,24308,418
2020-11-03,Alpine,3,1148,20,4,0,4,0
2020-11-03,Amador,5,37829,387,361,0,361,16
2020-11-03,Butte,7,227075,3329,3211,41,3252,57
2020-11-03,Calaveras,9,45235,350,287,0,287,19
2020-11-03,Colusa,11,21464,584,572,0,572,6
2020-11-03,Contra Costa,13,1133247,20150,19416,101,19517,250
2020-11-03,Del Norte,15,27424,196,187,0,187,2
2020-11-03,El Dorado,17,186661,1553,1445,3,1448,4
2020-11-03,Fresno,19,978130,34744,31856,538,32394,457
2020-11-03,Glenn,21,27897,727,698,6,704,3
2020-11-03,Humboldt,23,135768,612,570,0,570,8
2020-11-03,Imperial,25,180216,13494,13044,18,13062,335
2020-11-03,Inyo,27,18085,256,244,1,245,14
2020-11-03,Kern,29,883053,35024,33957,592,34549,439
2020-11-03,Kings,31,150075,9003,8783,69,8852,83
2020-11-03,Lake,33,64148,763,732,0,732,16
2020-11-03,Lassen,35,31185,806,782,1,783,0
2020-11-03,Los Angeles,37,10098052,318580,308812,3521,312333,7104
2020-11-03,Madera,39,155013,5273,5058,54,5112,54
2020-11-03,Marin,41,260295,7264,7147,20,7167,131
2020-11-03,Mariposa,43,17540,88,79,0,79,2
2020-11-03,Mendocino,45,87422,1152,1084,3,1087,22
2020-11-03,Merced,47,269075,9981,9713,45,9758,153
2020-11-03,Modoc,49,8938,57,47,9,56,0
2020-11-03,Mono,51,14174,443,210,6,216,1
2020-11-03,Monterey,53,433212,12148,11703,87,11790,94
2020-11-03,Napa,55,140530,2300,2130,6,2136,15
2020-11-03,Nevada,57,99092,740,670,17,687,9
2020-11-03,Orange,59,3164182,63381,60283,1946,62229,1477
2020-11-03,Placer,61,380077,4893,4514,23,4537,60
2020-11-03,Plumas,63,18699,109,86,0,86,0
2020-11-03,Riverside,65,2383286,71617,69300,628,69928,1325
2020-11-03,Sacramento,67,1510023,27840,26841,33,26874,510
2020-11-03,San Benito,69,59416,1509,1463,1,1464,15
2020-11-03,San Bernardino,71,2135413,69155,65320,202,65522,1159
2020-11-03,San Diego,73,3302833,61208,57722,0,57722,901
2020-11-03,San Francisco,75,870044,13066,12585,60,12645,146
2020-11-03,San Joaquin,77,732212,22843,22109,293,22402,500
2020-11-03,San Luis Obispo,79,281455,4748,4371,41,4412,32
2020-11-03,San Mateo,81,765935,11998,11406,7,11413,162
2020-11-03,Santa Barbara,83,443738,10599,10008,116,10124,132
2020-11-03,Santa Clara,85,1922200,26907,25386,33,25419,393
2020-11-03,Santa Cruz,87,273765,3177,2980,37,3017,25
2020-11-03,Shasta,89,179085,2919,2288,27,2315,33
2020-11-03,Sierra,91,2930,7,6,0,6,0
2020-11-03,Siskiyou,93,43540,260,219,11,230,0
2020-11-03,Solano,95,438530,8153,7691,41,7732,85
2020-11-03,Sonoma,97,501317,10349,9906,34,9940,142
2020-11-03,Stanislaus,99,539301,18325,18080,912,18992,416
2020-11-03,Sutter,101,95872,2000,1914,2,1916,12
2020-11-03,Tehama,103,63373,1068,988,1,989,6
2020-11-03,Trinity,105,12862,70,36,5,41,0
2020-11-03,Tulare,107,460477,18458,17890,553,18443,297
2020-11-03,Tuolumne,109,53932,363,302,2,304,5
2020-11-03,Ventura,111,848112,15628,14816,440,15256,155
2020-11-03,Yolo,113,214977,3536,3343,9,3352,61
2020-11-03,Yuba,115,75493,1373,1295,6,1301,10
2020-11-02,Alameda,1,1643700,24668,23991,250,24241,419
2020-11-02,Alpine,3,1148,17,4,0,4,0
2020-11-02,Amador,5,37829,379,357,0,357,16
2020-11-02,Butte,7,227075,3309,3198,38,3236,57
2020-11-02,Calaveras,9,45235,350,282,0,282,18
2020-11-02,Colusa,11,21464,579,571,0,571,6
2020-11-02,Contra Costa,13,1133247,19996,19339,100,19439,250
2020-11-02,Del Norte,15,27424,193,175,0,175,2
2020-11-02,El Dorado,17,186661,1529,1405,3,1408,4
2020-11-02,Fresno,19,978130,34478,31738,521,32259,451
2020-11-02,Glenn,21,27897,721,692,5,697,3
2020-11-02,Humboldt,23,135768,603,569,0,569,8
2020-11-02,Imperial,25,180216,13414,13004,17,13021,334
2020-11-02,Inyo,27,18085,253,243,1,244,14
2020-11-02,Kern,29,883053,34868,33834,582,34416,437
2020-11-02,Kings,31,150075,8973,8654,66,8720,82
2020-11-02,Lake,33,64148,757,728,0,728,17
2020-11-02,Lassen,35,31185,798,782,1,783,0
2020-11-02,Los Angeles,37,10098052,316237,307620,3440,311060,7079
2020-11-02,Madera,39,155013,5243,5033,53,5086,54
2020-11-02,Marin,41,260295,7246,7132,19,7151,125
2020-11-02,Mariposa,43,17540,88,79,0,79,2
2020-11-02,Mendocino,45,87422,1138,1076,3,1079,21
2020-11-02,Merced,47,269075,9919,9664,39,9703,152
2020-11-02,Modoc,49,8938,54,45,5,50,0
2020-11-02,Mono,51,14174,441,211,6,217,1
2020-11-02,Monterey,53,433212,12041,11602,84,11686,93
2020-11-02,Napa,55,140530,2258,2081,6,2087,15
2020-11-02,Nevada,57,99092,724,656,17,673,9
2020-11-02,Orange,59,3164182,62978,59996,1928,61924,1474
2020-11-02,Placer,61,380077,4824,4461,21,4482,60
2020-11-02,Plumas,63,18699,101,86,0,86,0
2020-11-02,Riverside,65,2383286,70986,68833,587,69420,1321
2020-11-02,Sacramento,67,1510023,27500,26676,31,26707,508
2020-11-02,San Benito,69,59416,1497,1459,1,1460,15
2020-11-02,San Bernardino,71,2135413,68298,64629,195,64824,1157
2020-11-02,San Diego,73,3302833,60485,57429,0,57429,891
2020-11-02,San Francisco,75,870044,12969,12436,59,12495,145
2020-11-02,San Joaquin,77,732212,22704,21919,284,22203,500
2020-11-02,San Luis Obispo,79,281455,4647,4303,38,4341,31
2020-11-02,San Mateo,81,765935,11889,11328,7,11335,161
2020-11-02,Santa Barbara,83,443738,10558,9985,111,10096,130
2020-11-02,Santa Clara,85,1922200,26618,25222,33,25255,387
2020-11-02,Santa Cruz,87,273765,3135,2943,37,2980,25
2020-11-02,Shasta,89,179085,2814,2174,23,2197,33
2020-11-02,Sierra,91,2930,7,6,0,6,0
2020-11-02,Siskiyou,93,43540,250,216,11,227,0
2020-11-02,Solano,95,438530,8035,7665,41,7706,84
2020-11-02,Sonoma,97,501317,10265,9796,33,9829,140
2020-11-02,Stanislaus,99,539301,18229,18005,903,18908,412
2020-11-02,Sutter,101,95872,1976,1895,2,1897,12
2020-11-02,Tehama,103,63373,1045,971,1,972,6
2020-11-02,Trinity,105,12862,66,30,5,35,0
2020-11-02,Tulare,107,460477,18368,17774,531,18305,299
2020-11-02,Tuolumne,109,53932,343,302,2,304,5
2020-11-02,Ventura,111,848112,15493,14767,420,15187,156
2020-11-02,Yolo,113,214977,3487,3318,9,3327,61
2020-11-02,Yuba,115,75493,1360,1280,6,1286,10
2020-11-01,Alameda,1,1643700,24507,23892,248,24140,419
2020-11-01,Alpine,3,1148,11,4,0,4,0
2020-11-01,Amador,5,37829,376,352,0,352,16
2020-11-01,Butte,7,227075,3286,3185,36,3221,57
2020-11-01,Calaveras,9,45235,349,282,0,282,18
2020-11-01,Colusa,11,21464,577,567,0,567,6
2020-11-01,Contra Costa,13,1133247,19822,19246,99,19345,250
2020-11-01,Del Norte,15,27424,189,175,0,175,2
2020-11-01,El Dorado,17,186661,1513,1394,3,1397,4
2020-11-01,Fresno,19,978130,34224,31613,504,32117,451
2020-11-01,Glenn,21,27897,712,688,3,691,3
2020-11-01,Humboldt,23,135768,595,568,0,568,8
2020-11-01,Imperial,25,180216,13323,12969,15,12984,334
2020-11-01,Inyo,27,18085,251,241,1,242,14
2020-11-01,Kern,29,883053,34688,33760,469,34229,437
2020-11-01,Kings,31,150075,8935,8641,65,8706,82
2020-11-01,Lake,33,64148,751,727,0,727,17
2020-11-01,Lassen,35,31185,798,782,1,783,0
2020-11-01,Los Angeles,37,10098052,313677,306217,3341,309558,7077
2020-11-01,Madera,39,155013,5196,5019,51,5070,54
2020-11-01,Marin,41,260295,7229,7124,19,7143,125
2020-11-01,Mariposa,43,17540,84,79,0,79,2
2020-11-01,Mendocino,45,87422,1125,1074,3,1077,21
2020-11-01,Merced,47,269075,9858,9626,39,9665,152
2020-11-01,Modoc,49,8938,53,45,5,50,0
2020-11-01,Mono,51,14174,411,211,5,216,1
2020-11-01,Monterey,53,433212,11933,11587,81,11668,93
2020-11-01,Napa,55,140530,2224,2067,6,2073,15
2020-11-01,Nevada,57,99092,708,646,16,662,9
2020-11-01,Orange,59,3164182,62576,59733,1900,61633,1475
2020-11-01,Placer,61,380077,4760,4422,20,4442,58
2020-11-01,Plumas,63,18699,96,86,0,86,0
2020-11-01,Riverside,65,2383286,70358,68493,551,69044,1319
2020-11-01,Sacramento,67,1510023,27182,26442,31,26473,508
2020-11-01,San Benito,69,59416,1482,1451,1,1452,15
2020-11-01,San Bernardino,71,2135413,67458,64339,175,64514,1157
2020-11-01,San Diego,73,3302833,59798,57122,0,57122,891
2020-11-01,San Francisco,75,870044,12847,12436,54,12490,145
2020-11-01,San Joaquin,77,732212,22577,21919,277,22196,500
2020-11-01,San Luis Obispo,79,281455,4567,4303,37,4340,31
2020-11-01,San Mateo,81,765935,11809,11280,7,11287,160
2020-11-01,Santa Barbara,83,443738,10508,9969,94,10063,130
2020-11-01,Santa Clara,85,1922200,26341,25090,33,25123,386
2020-11-01,Santa Cruz,87,273765,3082,2921,37,2958,25
2020-11-01,Shasta,89,179085,2678,2172,22,2194,33
2020-11-01,Sierra,91,2930,7,6,0,6,0
2020-11-01,Siskiyou,93,43540,245,205,11,216,0
2020-11-01,Solano,95,438530,7945,7591,41,7632,84
2020-11-01,Sonoma,97,501317,10173,9688,33,9721,140
2020-11-01,Stanislaus,99,539301,18128,17961,883,18844,412
2020-11-01,Sutter,101,95872,1950,1888,1,1889,12
2020-11-01,Tehama,103,63373,1028,965,1,966,5
2020-11-01,Trinity,105,12862,64,30,5,35,0
2020-11-01,Tulare,107,460477,18256,17774,500,18274,299
2020-11-01,Tuolumne,109,53932,321,295,2,297,5
2020-11-01,Ventura,111,848112,15347,14686,385,15071,156
2020-11-01,Yolo,113,214977,3438,3303,9,3312,60
2020-11-01,Yuba,115,75493,1343,1273,6,1279,10
2020-10-31,Alameda,1,1643700,24392,23780,244,24024,416
2020-10-31,Alpine,3,1148,11,4,0,4,0
2020-10-31,Amador,5,37829,372,347,0,347,16
2020-10-31,Butte,7,227075,3273,3172,34,3206,57
2020-10-31,Calaveras,9,45235,349,280,0,280,18
2020-10-31,Colusa,11,21464,575,555,0,555,6
2020-10-31,Contra Costa,13,1133247,19716,19161,99,19260,249
2020-10-31,Del Norte,15,27424,188,175,0,175,2
2020-10-31,El Dorado,17,186661,1504,1390,3,1393,4
2020-10-31,Fresno,19,978130,34088,31558,500,32058,451
2020-10-31,Glenn,21,27897,710,678,3,681,3
2020-10-31,Humboldt,23,135768,592,561,0,561,8
2020-10-31,Imperial,25,180216,13281,12912,15,12927,334
2020-10-31,Inyo,27,18085,250,241,1,242,14
2020-10-31,Kern,29,883053,34586,33666,459,34125,437
2020-10-31,Kings,31,150075,8914,8612,63,8675,82
2020-10-31,Lake,33,64148,747,724,0,724,16
2020-10-31,Lassen,35,31185,793,782,1,783,0
2020-10-31,Los Angeles,37,10098052,312309,304704,3296,308000,7073
2020-10-31,Madera,39,155013,5179,5013,48,5061,54
2020-10-31,Marin,41,260295,7213,7112,19,7131,125
2020-10-31,Mariposa,43,17540,84,79,0,79,2
2020-10-31,Mendocino,45,87422,1117,1066,3,1069,21
2020-10-31,Merced,47,269075,9825,9597,38,9635,151
2020-10-31,Modoc,49,8938,52,34,4,38,0
2020-10-31,Mono,51,14174,262,194,4,198,1
2020-10-31,Monterey,53,433212,11865,11539,77,11616,93
2020-10-31,Napa,55,140530,2205,2040,6,2046,15
2020-10-31,Nevada,57,99092,690,644,16,660,9
2020-10-31,Orange,59,3164182,62317,59488,1882,61370,1473
2020-10-31,Placer,61,380077,4711,4374,19,4393,58
2020-10-31,Plumas,63,18699,95,85,0,85,0
2020-10-31,Riverside,65,2383286,70002,68178,528,68706,1319
2020-10-31,Sacramento,67,1510023,26982,26316,29,26345,507
2020-10-31,San Benito,69,59416,1475,1448,1,1449,15
2020-10-31,San Bernardino,71,2135413,67033,64016,165,64181,1157
2020-10-31,San Diego,73,3302833,59345,56769,0,56769,891
2020-10-31,San Francisco,75,870044,12774,12438,53,12491,145
2020-10-31,San Joaquin,77,732212,22502,21918,267,22185,500
2020-10-31,San Luis Obispo,79,281455,4498,4285,34,4319,31
2020-10-31,San Mateo,81,765935,11757,11253,7,11260,160
2020-10-31,Santa Barbara,83,443738,10480,9957,86,10043,130
2020-10-31,Santa Clara,85,1922200,26173,24957,33,24990,379
2020-10-31,Santa Cruz,87,273765,3047,2895,36,2931,25
2020-10-31,Shasta,89,179085,2628,2122,21,2143,33
2020-10-31,Sierra,91,2930,7,6,0,6,0
2020-10-31,Siskiyou,93,43540,243,200,11,211,0
2020-10-31,Solano,95,438530,7881,7545,41,7586,84
2020-10-31,Sonoma,97,501317,10120,9648,33,9681,140
2020-10-31,Stanislaus,99,539301,18066,17920,866,18786,412
2020-10-31,Sutter,101,95872,1941,1876,1,1877,12
2020-10-31,Tehama,103,63373,1018,953,1,954,5
2020-10-31,Trinity,105,12862,61,30,5,35,0
2020-10-31,Tulare,107,460477,18207,17758,492,18250,299
2020-10-31,Tuolumne,109,53932,315,290,2,292,5
2020-10-31,Ventura,111,848112,15264,14635,366,15001,155
2020-10-31,Yolo,113,214977,3403,3290,9,3299,60
2020-10-31,Yuba,115,75493,1327,1260,5,1265,10
2020-10-30,Alameda,1,1643700,24313,23676,241,23917,401
2020-10-30,Alpine,3,1148,11,4,0,4,0
2020-10-30,Amador,5,37829,372,344,0,344,16
2020-10-30,Butte,7,227075,3268,3160,34,3194,57
2020-10-30,Calaveras,9,45235,348,279,0,279,18
2020-10-30,Colusa,11,21464,573,554,0,554,6
2020-10-30,Contra Costa,13,1133247,19644,19074,99,19173,249
2020-10-30,Del Norte,15,27424,187,175,0,175,2
2020-10-30,El Dorado,17,186661,1491,1386,3,1389,4
2020-10-30,Fresno,19,978130,33968,31409,492,31901,446
2020-10-30,Glenn,21,27897,704,674,2,676,3
2020-10-30,Humboldt,23,135768,591,561,0,561,7
2020-10-30,Imperial,25,180216,13240,12853,15,12868,334
2020-10-30,Inyo,27,18085,249,241,1,242,14
2020-10-30,Kern,29,883053,34493,33583,458,34041,437
2020-10-30,Kings,31,150075,8904,8564,61,8625,82
2020-10-30,Lake,33,64148,747,720,0,720,16
2020-10-30,Lassen,35,31185,787,777,1,778,0
2020-10-30,Los Angeles,37,10098052,310876,303425,3257,306682,7060
2020-10-30,Madera,39,155013,5167,4991,45,5036,54
2020-10-30,Marin,41,260295,7193,7097,19,7116,125
2020-10-30,Mariposa,43,17540,84,78,0,78,2
2020-10-30,Mendocino,45,87422,1115,1062,3,1065,21
2020-10-30,Merced,47,269075,9793,9539,38,9577,150
2020-10-30,Modoc,49,8938,51,34,3,37,0
2020-10-30,Mono,51,14174,261,193,4,197,1
2020-10-30,Monterey,53,433212,11803,11491,71,11562,92
2020-10-30,Napa,55,140530,2187,2028,6,2034,15
2020-10-30,Nevada,57,99092,684,634,16,650,9
2020-10-30,Orange,59,3164182,62076,59334,1869,61203,1469
2020-10-30,Placer,61,380077,4664,4335,19,4354,58
2020-10-30,Plumas,63,18699,92,80,0,80,0
2020-10-30,Riverside,65,2383286,69661,67752,508,68260,1317
2020-10-30,Sacramento,67,1510023,26835,26147,29,26176,505
2020-10-30,San Benito,69,59416,1469,1440,1,1441,15
2020-10-30,San Bernardino,71,2135413,66617,63512,164,63676,1156
2020-10-30,San Diego,73,3302833,58940,56387,0,56387,888
2020-10-30,San Francisco,75,870044,12720,12384,53,12437,145
2020-10-30,San Joaquin,77,732212,22436,21849,260,22109,500
2020-10-30,San Luis Obispo,79,281455,4455,4256,34,4290,31
2020-10-30,San Mateo,81,765935,11698,11207,7,11214,159
2020-10-30,Santa Barbara,83,443738,10457,9937,86,10023,128
2020-10-30,Santa Clara,85,1922200,26024,24811,33,24844,378
2020-10-30,Santa Cruz,87,273765,3029,2874,36,2910,25
2020-10-30,Shasta,89,179085,2584,2048,20,2068,32
2020-10-30,Sierra,91,2930,7,6,0,6,0
2020-10-30,Siskiyou,93,43540,243,192,11,203,0
2020-10-30,Solano,95,438530,7820,7497,41,7538,84
2020-10-30,Sonoma,97,501317,10046,9602,32,9634,140
2020-10-30,Stanislaus,99,539301,18020,17861,849,18710,410
2020-10-30,Sutter,101,95872,1928,1860,1,1861,12
2020-10-30,Tehama,103,63373,1014,932,1,933,5
2020-10-30,Trinity,105,12862,61,29,5,34,0
2020-10-30,Tulare,107,460477,18164,17682,474,18156,299
2020-10-30,Tuolumne,109,53932,308,286,2,288,4
2020-10-30,Ventura,111,848112,15193,14578,351,14929,154
2020-10-30,Yolo,113,214977,3386,3263,9,3272,60
2020-10-30,Yuba,115,75493,1319,1256,5,1261,10
2020-10-29,Alameda,1,1643700,24150,23530,240,23770,401
2020-10-29,Alpine,3,1148,8,4,0,4,0
2020-10-29,Amador,5,37829,368,338,0,338,16
2020-10-29,Butte,7,227075,3250,3143,34,3177,57
2020-10-29,Calaveras,9,45235,346,278,0,278,13
2020-10-29,Colusa,11,21464,569,552,0,552,6
2020-10-29,Contra Costa,13,1133247,19545,18933,98,19031,249
2020-10-29,Del Norte,15,27424,185,174,0,174,2
2020-10-29,El Dorado,17,186661,1469,1370,3,1373,4
2020-10-29,Fresno,19,978130,33813,31321,484,31805,445
2020-10-29,Glenn,21,27897,702,673,2,675,3
2020-10-29,Humboldt,23,135768,586,559,0,559,7
2020-10-29,Imperial,25,180216,13196,12769,15,12784,334
2020-10-29,Inyo,27,18085,247,238,1,239,14
2020-10-29,Kern,29,883053,34392,33460,453,33913,437
2020-10-29,Kings,31,150075,8750,8502,60,8562,82
2020-10-29,Lake,33,64148,744,702,0,702,16
2020-10-29,Lassen,35,31185,786,772,1,773,0
2020-10-29,Los Angeles,37,10098052,309256,302246,3204,305450,7046
2020-10-29,Madera,39,155013,5138,4970,43,5013,53
2020-10-29,Marin,41,260295,7180,7083,19,7102,125
2020-10-29,Mariposa,43,17540,82,78,0,78,2
2020-10-29,Mendocino,45,87422,1109,1058,3,1061,21
2020-10-29,Merced,47,269075,9740,9496,38,9534,150
2020-10-29,Modoc,49,8938,49,31,3,34,0
2020-10-29,Mono,51,14174,254,176,4,180,1
2020-10-29,Monterey,53,433212,11722,11425,69,11494,92
2020-10-29,Napa,55,140530,2163,2009,6,2015,15
2020-10-29,Nevada,57,99092,678,632,16,648,9
2020-10-29,Orange,59,3164182,61808,59046,1849,60895,1464
2020-10-29,Placer,61,380077,4619,4270,17,4287,58
2020-10-29,Plumas,63,18699,90,69,0,69,0
2020-10-29,Riverside,65,2383286,69286,67268,479,67747,1304
2020-10-29,Sacramento,67,1510023,26623,25978,28,26006,507
2020-10-29,San Benito,69,59416,1464,1431,1,1432,15
2020-10-29,San Bernardino,71,2135413,66049,62968,154,63122,1150
2020-10-29,San Diego,73,3302833,58476,55916,0,55916,885
2020-10-29,San Francisco,75,870044,12641,12312,53,12365,145
2020-10-29,San Joaquin,77,732212,22353,21736,247,21983,498
2020-10-29,San Luis Obispo,79,281455,4426,4223,32,4255,31
2020-10-29,San Mateo,81,765935,11652,11145,7,11152,157
2020-10-29,Santa Barbara,83,443738,10424,9902,84,9986,128
2020-10-29,Santa Clara,85,1922200,25872,24614,33,24647,377
2020-10-29,Santa Cruz,87,273765,3005,2850,36,2886,24
2020-10-29,Shasta,89,179085,2521,2008,20,2028,32
2020-10-29,Sierra,91,2930,6,6,0,6,0
2020-10-29,Siskiyou,93,43540,227,185,11,196,0
2020-10-29,Solano,95,438530,7757,7453,41,7494,78
2020-10-29,Sonoma,97,501317,9982,9533,32,9565,140
2020-10-29,Stanislaus,99,539301,17967,17790,827,18617,410
2020-10-29,Sutter,101,95872,1920,1852,1,1853,12
2020-10-29,Tehama,103,63373,996,925,1,926,5
2020-10-29,Trinity,105,12862,56,28,5,33,0
2020-10-29,Tulare,107,460477,18088,17627,454,18081,299
2020-10-29,Tuolumne,109,53932,303,279,2,281,4
2020-10-29,Ventura,111,848112,15103,14486,346,14832,154
2020-10-29,Yolo,113,214977,3357,3246,9,3255,60
2020-10-29,Yuba,115,75493,1308,1248,5,1253,10
2020-10-28,Alameda,1,1643700,24050,23468,239,23707,400
2020-10-28,Alpine,3,1148,7,4,0,4,0
2020-10-28,Amador,5,37829,365,337,0,337,16
2020-10-28,Butte,7,227075,3234,3134,31,3165,56
2020-10-28,Calaveras,9,45235,345,278,0,278,13
2020-10-28,Colusa,11,21464,566,551,0,551,6
2020-10-28,Contra Costa,13,1133247,19458,18828,97,18925,246
2020-10-28,Del Norte,15,27424,182,173,0,173,2
2020-10-28,El Dorado,17,186661,1457,1363,3,1366,4
2020-10-28,Fresno,19,978130,33694,31195,479,31674,444
2020-10-28,Glenn,21,27897,698,673,2,675,3
2020-10-28,Humboldt,23,135768,582,559,0,559,7
2020-10-28,Imperial,25,180216,13147,12730,15,12745,333
2020-10-28,Inyo,27,18085,247,238,1,239,14
2020-10-28,Kern,29,883053,34290,33424,434,33858,436
2020-10-28,Kings,31,150075,8728,8486,59,8545,82
2020-10-28,Lake,33,64148,741,700,0,700,15
2020-10-28,Lassen,35,31185,782,771,1,772,0
2020-10-28,Los Angeles,37,10098052,307797,300726,3162,303888,7031
2020-10-28,Madera,39,155013,5122,4954,42,4996,53
2020-10-28,Marin,41,260295,7169,7079,19,7098,126
2020-10-28,Mariposa,43,17540,82,78,0,78,2
2020-10-28,Mendocino,45,87422,1108,1037,3,1040,20
2020-10-28,Merced,47,269075,9714,9480,37,9517,150
2020-10-28,Modoc,49,8938,48,31,2,33,0
2020-10-28,Mono,51,14174,236,176,4,180,1
2020-10-28,Monterey,53,433212,11664,11330,67,11397,89
2020-10-28,Napa,55,140530,2137,1998,5,2003,15
2020-10-28,Nevada,57,99092,670,629,16,645,9
2020-10-28,Orange,59,3164182,61546,58801,1832,60633,1459
2020-10-28,Placer,61,380077,4563,4236,17,4253,57
2020-10-28,Plumas,63,18699,89,67,0,67,0
2020-10-28,Riverside,65,2383286,68888,67003,455,67458,1302
2020-10-28,Sacramento,67,1510023,26426,25838,27,25865,506
2020-10-28,San Benito,69,59416,1456,1429,1,1430,15
2020-10-28,San Bernardino,71,2135413,65590,62778,149,62927,1154
2020-10-28,San Diego,73,3302833,58092,55556,0,55556,881
2020-10-28,San Francisco,75,870044,12583,12261,52,12313,145
2020-10-28,San Joaquin,77,732212,22270,21707,235,21942,498
2020-10-28,San Luis Obispo,79,281455,4385,4197,29,4226,31
2020-10-28,San Mateo,81,765935,11588,11101,7,11108,157
2020-10-28,Santa Barbara,83,443738,10401,9872,82,9954,127
2020-10-28,Santa Clara,85,1922200,25728,24503,33,24536,375
2020-10-28,Santa Cruz,87,273765,2974,2836,36,2872,24
2020-10-28,Shasta,89,179085,2441,1996,19,2015,31
2020-10-28,Sierra,91,2930,6,6,0,6,0
2020-10-28,Siskiyou,93,43540,224,182,10,192,0
2020-10-28,Solano,95,438530,7698,7362,41,7403,77
2020-10-28,Sonoma,97,501317,9891,9457,27,9484,140
2020-10-28,Stanislaus,99,539301,17902,17765,818,18583,409
2020-10-28,Sutter,101,95872,1911,1840,1,1841,12
2020-10-28,Tehama,103,63373,985,921,1,922,5
2020-10-28,Trinity,105,12862,52,28,5,33,0
2020-10-28,Tulare,107,460477,18032,17569,436,18005,297
2020-10-28,Tuolumne,109,53932,300,277,2,279,4
2020-10-28,Ventura,111,848112,15030,14409,337,14746,153
2020-10-28,Yolo,113,214977,3333,3230,9,3239,60
2020-10-28,Yuba,115,75493,1296,1245,5,1250,10
2020-10-27,Alameda,1,1643700,23939,23365,236,23601,400
2020-10-27,Alpine,3,1148,7,3,0,3,0
2020-10-27,Amador,5,37829,362,335,0,335,16
2020-10-27,Butte,7,227075,3218,3107,28,3135,56
2020-10-27,Calaveras,9,45235,343,277,0,277,13
2020-10-27,Colusa,11,21464,561,549,0,549,6
2020-10-27,Contra Costa,13,1133247,19353,18766,97,18863,246
2020-10-27,Del Norte,15,27424,179,173,0,173,2
2020-10-27,El Dorado,17,186661,1444,1351,3,1354,4
2020-10-27,Fresno,19,978130,33580,31096,474,31570,442
2020-10-27,Glenn,21,27897,696,667,1,668,3
2020-10-27,Humboldt,23,135768,579,559,0,559,7
2020-10-27,Imperial,25,180216,13098,12680,15,12695,333
2020-10-27,Inyo,27,18085,247,231,1,232,14
2020-10-27,Kern,29,883053,34173,33328,430,33758,436
2020-10-27,Kings,31,150075,8697,8411,59,8470,83
2020-10-27,Lake,33,64148,738,700,0,700,15
2020-10-27,Lassen,35,31185,780,764,1,765,0
2020-10-27,Los Angeles,37,10098052,306419,299438,3131,302569,7008
2020-10-27,Madera,39,155013,5092,4942,41,4983,53
2020-10-27,Marin,41,260295,7153,7070,19,7089,126
2020-10-27,Mariposa,43,17540,81,78,0,78,2
2020-10-27,Mendocino,45,87422,1101,1033,2,1035,20
2020-10-27,Merced,47,269075,9674,9449,37,9486,150
2020-10-27,Modoc,49,8938,46,31,2,33,0
2020-10-27,Mono,51,14174,222,169,4,173,1
2020-10-27,Monterey,53,433212,11608,11261,65,11326,88
2020-10-27,Napa,55,140530,2121,1979,5,1984,15
2020-10-27,Nevada,57,99092,664,622,16,638,8
2020-10-27,Orange,59,3164182,61276,58550,1815,60365,1448
2020-10-27,Placer,61,380077,4515,4197,15,4212,57
2020-10-27,Plumas,63,18699,86,63,0,63,0
2020-10-27,Riverside,65,2383286,68535,66699,410,67109,1299
2020-10-27,Sacramento,67,1510023,26240,25701,26,25727,501
2020-10-27,San Benito,69,59416,1451,1428,1,1429,15
2020-10-27,San Bernardino,71,2135413,65130,62357,138,62495,1154
2020-10-27,San Diego,73,3302833,57619,55226,0,55226,877
2020-10-27,San Francisco,75,870044,12509,12218,51,12269,140
2020-10-27,San Joaquin,77,732212,22179,21637,226,21863,496
2020-10-27,San Luis Obispo,79,281455,4358,4148,25,4173,31
2020-10-27,San Mateo,81,765935,11539,11074,7,11081,156
2020-10-27,Santa Barbara,83,443738,10372,9874,81,9955,125
2020-10-27,Santa Clara,85,1922200,25586,24368,33,24401,367
2020-10-27,Santa Cruz,87,273765,2944,2815,35,2850,24
2020-10-27,Shasta,89,179085,2354,1962,19,1981,29
2020-10-27,Sierra,91,2930,6,6,0,6,0
2020-10-27,Siskiyou,93,43540,215,181,10,191,0
2020-10-27,Solano,95,438530,7629,7298,41,7339,77
2020-10-27,Sonoma,97,501317,9824,9389,27,9416,140
2020-10-27,Stanislaus,99,539301,17835,17720,810,18530,408
2020-10-27,Sutter,101,95872,1898,1832,1,1833,12
2020-10-27,Tehama,103,63373,971,913,1,914,5
2020-10-27,Trinity,105,12862,49,28,5,33,0
2020-10-27,Tulare,107,460477,17969,17520,413,17933,296
2020-10-27,Tuolumne,109,53932,296,275,2,277,4
2020-10-27,Ventura,111,848112,14947,14347,330,14677,153
2020-10-27,Yolo,113,214977,3319,3216,9,3225,58
2020-10-27,Yuba,115,75493,1283,1235,5,1240,10
2020-10-26,Alameda,1,1643700,23827,23284,236,23520,398
2020-10-26,Alpine,3,1148,5,3,0,3,0
2020-10-26,Amador,5,37829,358,331,0,331,16
2020-10-26,Butte,7,227075,3206,3095,26,3121,56
2020-10-26,Calaveras,9,45235,339,274,0,274,13
2020-10-26,Colusa,11,21464,559,548,0,548,6
2020-10-26,Contra Costa,13,1133247,19257,18718,96,18814,245
2020-10-26,Del Norte,15,27424,179,171,0,171,2
2020-10-26,El Dorado,17,186661,1430,1336,3,1339,4
2020-10-26,Fresno,19,978130,33468,30969,467,31436,441
2020-10-26,Glenn,21,27897,689,660,1,661,3
2020-10-26,Humboldt,23,135768,571,554,0,554,7
2020-10-26,Imperial,25,180216,13044,12654,11,12665,333
2020-10-26,Inyo,27,18085,247,226,1,227,14
2020-10-26,Kern,29,883053,34089,33233,425,33658,432
2020-10-26,Kings,31,150075,8675,8264,57,8321,82
2020-10-26,Lake,33,64148,736,697,0,697,15
2020-10-26,Lassen,35,31185,777,764,1,765,0
2020-10-26,Los Angeles,37,10098052,304993,297961,3088,301049,6979
2020-10-26,Madera,39,155013,5072,4922,40,4962,53
2020-10-26,Marin,41,260295,7147,7064,18,7082,104
2020-10-26,Mariposa,43,17540,81,77,0,77,2
2020-10-26,Mendocino,45,87422,1093,1026,2,1028,20
2020-10-26,Merced,47,269075,9627,9375,36,9411,150
2020-10-26,Modoc,49,8938,44,28,0,28,0
2020-10-26,Mono,51,14174,216,167,4,171,1
2020-10-26,Monterey,53,433212,11558,11207,61,11268,87
2020-10-26,Napa,55,140530,2089,1966,5,1971,14
2020-10-26,Nevada,57,99092,657,618,16,634,8
2020-10-26,Orange,59,3164182,61073,58377,1795,60172,1442
2020-10-26,Placer,61,380077,4472,4161,14,4175,57
2020-10-26,Plumas,63,18699,84,63,0,63,0
2020-10-26,Riverside,65,2383286,68081,66475,386,66861,1294
2020-10-26,Sacramento,67,1510023,26057,25555,24,25579,496
2020-10-26,San Benito,69,59416,1443,1424,1,1425,15
2020-10-26,San Bernardino,71,2135413,64658,61871,137,62008,1153
2020-10-26,San Diego,73,3302833,57228,54957,0,54957,870
2020-10-26,San Francisco,75,870044,12449,12072,51,12123,138
2020-10-26,San Joaquin,77,732212,22096,21459,220,21679,495
2020-10-26,San Luis Obispo,79,281455,4333,4133,25,4158,31
2020-10-26,San Mateo,81,765935,11496,11037,7,11044,156
2020-10-26,Santa Barbara,83,443738,10349,9827,81,9908,122
2020-10-26,Santa Clara,85,1922200,25396,24258,32,24290,365
2020-10-26,Santa Cruz,87,273765,2918,2808,35,2843,24
2020-10-26,Shasta,89,179085,2301,1889,19,1908,29
2020-10-26,Sierra,91,2930,6,6,0,6,0
2020-10-26,Siskiyou,93,43540,207,179,10,189,0
2020-10-26,Solano,95,438530,7549,7271,41,7312,62
2020-10-26,Sonoma,97,501317,9745,9315,27,9342,140
2020-10-26,Stanislaus,99,539301,17785,17666,800,18466,400
2020-10-26,Sutter,101,95872,1890,1817,1,1818,12
2020-10-26,Tehama,103,63373,951,892,1,893,5
2020-10-26,Trinity,105,12862,49,26,5,31,0
2020-10-26,Tulare,107,460477,17892,17432,390,17822,296
2020-10-26,Tuolumne,109,53932,287,271,2,273,4
2020-10-26,Ventura,111,848112,14877,14330,327,14657,154
2020-10-26,Yolo,113,214977,3299,3206,9,3215,58
2020-10-26,Yuba,115,75493,1267,1226,5,1231,10
2020-10-25,Alameda,1,1643700,23721,23192,236,23428,398
2020-10-25,Alpine,3,1148,4,3,0,3,0
2020-10-25,Amador,5,37829,347,330,0,330,16
2020-10-25,Butte,7,227075,3187,3087,26,3113,56
2020-10-25,Calaveras,9,45235,338,274,0,274,13
2020-10-25,Colusa,11,21464,555,548,0,548,6
2020-10-25,Contra Costa,13,1133247,19156,18640,96,18736,245
2020-10-25,Del Norte,15,27424,175,171,0,171,2
2020-10-25,El Dorado,17,186661,1415,1328,3,1331,4
2020-10-25,Fresno,19,978130,33339,30858,458,31316,441
2020-10-25,Glenn,21,27897,686,652,1,653,3
2020-10-25,Humboldt,23,135768,568,554,0,554,7
2020-10-25,Imperial,25,180216,12994,12572,11,12583,333
2020-10-25,Inyo,27,18085,244,226,1,227,14
2020-10-25,Kern,29,883053,33982,33185,421,33606,432
2020-10-25,Kings,31,150075,8642,8246,55,8301,82
2020-10-25,Lake,33,64148,719,695,0,695,15
2020-10-25,Lassen,35,31185,774,764,1,765,0
2020-10-25,Los Angeles,37,10098052,303421,297110,3048,300158,6973
2020-10-25,Madera,39,155013,5042,4909,35,4944,53
2020-10-25,Marin,41,260295,7137,7052,18,7070,102
2020-10-25,Mariposa,43,17540,81,77,0,77,2
2020-10-25,Mendocino,45,87422,1086,1024,2,1026,20
2020-10-25,Merced,47,269075,9562,9352,34,9386,150
2020-10-25,Modoc,49,8938,39,28,0,28,0
2020-10-25,Mono,51,14174,208,167,4,171,1
2020-10-25,Monterey,53,433212,11475,11182,56,11238,87
2020-10-25,Napa,55,140530,2059,1962,5,1967,14
2020-10-25,Nevada,57,99092,649,616,16,632,8
2020-10-25,Orange,59,3164182,60784,58185,1785,59970,1443
2020-10-25,Placer,61,380077,4420,4140,14,4154,57
2020-10-25,Plumas,63,18699,84,63,0,63,0
2020-10-25,Riverside,65,2383286,67629,66192,370,66562,1289
2020-10-25,Sacramento,67,1510023,25842,25445,21,25466,496
2020-10-25,San Benito,69,59416,1436,1423,1,1424,15
2020-10-25,San Bernardino,71,2135413,64119,61551,129,61680,1153
2020-10-25,San Diego,73,3302833,56765,54599,0,54599,870
2020-10-25,San Francisco,75,870044,12376,12072,51,12123,137
2020-10-25,San Joaquin,77,732212,21989,21459,211,21670,495
2020-10-25,San Luis Obispo,79,281455,4291,4126,23,4149,31
2020-10-25,San Mateo,81,765935,11451,10987,7,10994,156
2020-10-25,Santa Barbara,83,443738,10329,9814,81,9895,122
2020-10-25,Santa Clara,85,1922200,25209,24087,32,24119,365
2020-10-25,Santa Cruz,87,273765,2891,2789,35,2824,24
2020-10-25,Shasta,89,179085,2238,1889,19,1908,29
2020-10-25,Sierra,91,2930,6,6,0,6,0
2020-10-25,Siskiyou,93,43540,204,176,10,186,0
2020-10-25,Solano,95,438530,7472,7197,41,7238,60
2020-10-25,Sonoma,97,501317,9651,9235,26,9261,140
2020-10-25,Stanislaus,99,539301,17728,17641,790,18431,400
2020-10-25,Sutter,101,95872,1872,1811,1,1812,12
2020-10-25,Tehama,103,63373,934,880,1,881,5
2020-10-25,Trinity,105,12862,46,26,5,31,0
2020-10-25,Tulare,107,460477,17820,17431,380,17811,296
2020-10-25,Tuolumne,109,53932,282,271,2,273,4
2020-10-25,Ventura,111,848112,14784,14300,321,14621,154
2020-10-25,Yolo,113,214977,3278,3190,9,3199,58
2020-10-25,Yuba,115,75493,1259,1219,5,1224,10
2020-10-24,Alameda,1,1643700,23650,23099,233,23332,398
2020-10-24,Alpine,3,1148,4,3,0,3,0
2020-10-24,Amador,5,37829,346,328,0,328,16
2020-10-24,Butte,7,227075,3178,3078,26,3104,56
2020-10-24,Calaveras,9,45235,336,274,0,274,13
2020-10-24,Colusa,11,21464,550,548,0,548,6
2020-10-24,Contra Costa,13,1133247,19089,18567,96,18663,244
2020-10-24,Del Norte,15,27424,174,171,0,171,2
2020-10-24,El Dorado,17,186661,1399,1317,3,1320,4
2020-10-24,Fresno,19,978130,33278,30752,454,31206,441
2020-10-24,Glenn,21,27897,683,650,1,651,3
2020-10-24,Humboldt,23,135768,566,553,0,553,7
2020-10-24,Imperial,25,180216,12967,12469,11,12480,333
2020-10-24,Inyo,27,18085,244,226,1,227,14
2020-10-24,Kern,29,883053,33923,33105,416,33521,432
2020-10-24,Kings,31,150075,8632,8228,54,8282,82
2020-10-24,Lake,33,64148,714,696,0,696,15
2020-10-24,Lassen,35,31185,773,764,1,765,0
2020-10-24,Los Angeles,37,10098052,302604,296323,3024,299347,6969
2020-10-24,Madera,39,155013,5029,4898,34,4932,53
2020-10-24,Marin,41,260295,7127,7042,18,7060,102
2020-10-24,Mariposa,43,17540,81,77,0,77,2
2020-10-24,Mendocino,45,87422,1074,1022,2,1024,20
2020-10-24,Merced,47,269075,9538,9351,34,9385,150
2020-10-24,Modoc,49,8938,38,28,0,28,0
2020-10-24,Mono,51,14174,194,167,4,171,1
2020-10-24,Monterey,53,433212,11408,11153,55,11208,87
2020-10-24,Napa,55,140530,2042,1957,5,1962,14
2020-10-24,Nevada,57,99092,645,608,16,624,8
2020-10-24,Orange,59,3164182,60631,57928,1774,59702,1441
2020-10-24,Placer,61,380077,4390,4093,14,4107,57
2020-10-24,Plumas,63,18699,78,63,0,63,0
2020-10-24,Riverside,65,2383286,67420,65902,356,66258,1288
2020-10-24,Sacramento,67,1510023,25761,25372,21,25393,496
2020-10-24,San Benito,69,59416,1431,1417,1,1418,15
2020-10-24,San Bernardino,71,2135413,63879,61351,121,61472,1153
2020-10-24,San Diego,73,3302833,56488,54330,0,54330,868
2020-10-24,San Francisco,75,870044,12318,12073,50,12123,137
2020-10-24,San Joaquin,77,732212,21938,21458,206,21664,495
2020-10-24,San Luis Obispo,79,281455,4266,4119,22,4141,31
2020-10-24,San Mateo,81,765935,11412,10942,7,10949,155
2020-10-24,Santa Barbara,83,443738,10312,9781,81,9862,122
2020-10-24,Santa Clara,85,1922200,25122,23978,32,24010,365
2020-10-24,Santa Cruz,87,273765,2872,2775,35,2810,24
2020-10-24,Shasta,89,179085,2193,1878,19,1897,29
2020-10-24,Sierra,91,2930,6,6,0,6,0
2020-10-24,Siskiyou,93,43540,203,174,10,184,0
2020-10-24,Solano,95,438530,7419,7189,41,7230,60
2020-10-24,Sonoma,97,501317,9617,9179,26,9205,140
2020-10-24,Stanislaus,99,539301,17685,17574,773,18347,400
2020-10-24,Sutter,101,95872,1863,1804,1,1805,12
2020-10-24,Tehama,103,63373,926,872,1,873,5
2020-10-24,Trinity,105,12862,46,25,5,30,0
2020-10-24,Tulare,107,460477,17798,17406,367,17773,295
2020-10-24,Tuolumne,109,53932,279,269,2,271,4
2020-10-24,Ventura,111,848112,14731,14240,320,14560,154
2020-10-24,Yolo,113,214977,3267,3164,9,3173,57
2020-10-24,Yuba,115,75493,1256,1210,5,1215,10
2020-10-23,Alameda,1,1643700,23578,23047,231,23278,393
2020-10-23,Alpine,3,1148,4,3,0,3,0
2020-10-23,Amador,5,37829,345,324,0,324,16
2020-10-23,Butte,7,227075,3169,3059,26,3085,55
2020-10-23,Calaveras,9,45235,335,273,0,273,13
2020-10-23,Colusa,11,21464,550,547,0,547,6
2020-10-23,Contra Costa,13,1133247,19018,18483,95,18578,244
2020-10-23,Del Norte,15,27424,174,171,0,171,2
2020-10-23,El Dorado,17,186661,1390,1310,3,1313,4
2020-10-23,Fresno,19,978130,33211,30590,450,31040,441
2020-10-23,Glenn,21,27897,680,644,1,645,3
2020-10-23,Humboldt,23,135768,564,553,0,553,7
2020-10-23,Imperial,25,180216,12936,12398,11,12409,333
2020-10-23,Inyo,27,18085,243,226,1,227,14
2020-10-23,Kern,29,883053,33855,33077,411,33488,431
2020-10-23,Kings,31,150075,8623,8218,54,8272,82
2020-10-23,Lake,33,64148,712,689,0,689,15
2020-10-23,Lassen,35,31185,772,764,1,765,0
2020-10-23,Los Angeles,37,10098052,301525,294287,2993,297280,6956
2020-10-23,Madera,39,155013,5024,4888,34,4922,53
2020-10-23,Marin,41,260295,7115,7029,18,7047,102
2020-10-23,Mariposa,43,17540,81,77,0,77,2
2020-10-23,Mendocino,45,87422,1071,1019,2,1021,20
2020-10-23,Merced,47,269075,9524,9327,34,9361,149
2020-10-23,Modoc,49,8938,38,28,0,28,0
2020-10-23,Mono,51,14174,193,159,4,163,1
2020-10-23,Monterey,53,433212,11361,11099,51,11150,86
2020-10-23,Napa,55,140530,2034,1942,5,1947,14
2020-10-23,Nevada,57,99092,642,604,16,620,8
2020-10-23,Orange,59,3164182,60460,57595,1759,59354,1430
2020-10-23,Placer,61,380077,4344,4073,14,4087,57
2020-10-23,Plumas,63,18699,75,63,0,63,0
2020-10-23,Riverside,65,2383286,67181,65512,348,65860,1279
2020-10-23,Sacramento,67,1510023,25653,25224,21,25245,496
2020-10-23,San Benito,69,59416,1429,1412,1,1413,15
2020-10-23,San Bernardino,71,2135413,63595,60854,111,60965,1150
2020-10-23,San Diego,73,3302833,56182,53944,0,53944,867
2020-10-23,San Francisco,75,870044,12287,12015,50,12065,137
2020-10-23,San Joaquin,77,732212,21882,21361,200,21561,495
2020-10-23,San Luis Obispo,79,281455,4240,4102,22,4124,31
2020-10-23,San Mateo,81,765935,11363,10872,7,10879,155
2020-10-23,Santa Barbara,83,443738,10296,9751,81,9832,121
2020-10-23,Santa Clara,85,1922200,25021,23822,32,23854,364
2020-10-23,Santa Cruz,87,273765,2858,2757,35,2792,24
2020-10-23,Shasta,89,179085,2156,1846,18,1864,29
2020-10-23,Sierra,91,2930,6,6,0,6,0
2020-10-23,Siskiyou,93,43540,200,172,10,182,0
2020-10-23,Solano,95,438530,7388,7174,41,7215,59
2020-10-23,Sonoma,97,501317,9561,9112,26,9138,139
2020-10-23,Stanislaus,99,539301,17648,17496,765,18261,395
2020-10-23,Sutter,101,95872,1856,1797,1,1798,12
2020-10-23,Tehama,103,63373,917,862,1,863,5
2020-10-23,Trinity,105,12862,46,26,5,31,0
2020-10-23,Tulare,107,460477,17753,17334,355,17689,295
2020-10-23,Tuolumne,109,53932,277,254,2,256,4
2020-10-23,Ventura,111,848112,14702,14192,320,14512,155
2020-10-23,Yolo,113,214977,3254,3140,9,3149,57
2020-10-23,Yuba,115,75493,1252,1206,5,1211,10
2020-10-22,Alameda,1,1643700,23477,22915,231,23146,393
2020-10-22,Alpine,3,1148,4,3,0,3,0
2020-10-22,Amador,5,37829,341,317,0,317,16
2020-10-22,Butte,7,227075,3159,3046,24,3070,55
2020-10-22,Calaveras,9,45235,332,273,0,273,13
2020-10-22,Colusa,11,21464,550,547,0,547,6
2020-10-22,Contra Costa,13,1133247,18946,18393,95,18488,243
2020-10-22,Del Norte,15,27424,173,168,0,168,2
2020-10-22,El Dorado,17,186661,1380,1308,3,1311,4
2020-10-22,Fresno,19,978130,33103,30471,442,30913,438
2020-10-22,Glenn,21,27897,673,643,1,644,3
2020-10-22,Humboldt,23,135768,563,548,0,548,7
2020-10-22,Imperial,25,180216,12883,12311,11,12322,333
2020-10-22,Inyo,27,18085,240,220,1,221,14
2020-10-22,Kern,29,883053,33775,32991,408,33399,431
2020-10-22,Kings,31,150075,8372,8201,54,8255,82
2020-10-22,Lake,33,64148,708,678,0,678,15
2020-10-22,Lassen,35,31185,769,764,1,765,0
2020-10-22,Los Angeles,37,10098052,300152,291599,2933,294532,6935
2020-10-22,Madera,39,155013,5003,4847,34,4881,52
2020-10-22,Marin,41,260295,7109,7014,18,7032,102
2020-10-22,Mariposa,43,17540,81,77,0,77,2
2020-10-22,Mendocino,45,87422,1066,1016,2,1018,20
2020-10-22,Merced,47,269075,9496,9323,34,9357,149
2020-10-22,Modoc,49,8938,34,26,0,26,0
2020-10-22,Mono,51,14174,188,156,4,160,1
2020-10-22,Monterey,53,433212,11302,11059,48,11107,84
2020-10-22,Napa,55,140530,2020,1928,5,1933,14
2020-10-22,Nevada,57,99092,636,600,16,616,8
2020-10-22,Orange,59,3164182,60246,57418,1742,59160,1422
2020-10-22,Placer,61,380077,4294,4036,14,4050,57
2020-10-22,Plumas,63,18699,72,62,0,62,0
2020-10-22,Riverside,65,2383286,66847,65104,328,65432,1279
2020-10-22,Sacramento,67,1510023,25516,25054,21,25075,492
2020-10-22,San Benito,69,59416,1425,1403,1,1404,15
2020-10-22,San Bernardino,71,2135413,63195,60402,98,60500,1149
2020-10-22,San Diego,73,3302833,55797,53514,0,53514,866
2020-10-22,San Francisco,75,870044,12229,11991,48,12039,137
2020-10-22,San Joaquin,77,732212,21808,21282,194,21476,495
2020-10-22,San Luis Obispo,79,281455,4224,4081,22,4103,31
2020-10-22,San Mateo,81,765935,11307,10796,7,10803,155
2020-10-22,Santa Barbara,83,443738,10262,9710,79,9789,120
2020-10-22,Santa Clara,85,1922200,24866,23621,32,23653,363
2020-10-22,Santa Cruz,87,273765,2840,2738,34,2772,24
2020-10-22,Shasta,89,179085,2110,1799,18,1817,29
2020-10-22,Sierra,91,2930,6,6,0,6,0
2020-10-22,Siskiyou,93,43540,200,169,10,179,0
2020-10-22,Solano,95,438530,7342,7116,41,7157,59
2020-10-22,Sonoma,97,501317,9495,9052,25,9077,139
2020-10-22,Stanislaus,99,539301,17595,17440,752,18192,395
2020-10-22,Sutter,101,95872,1842,1794,1,1795,12
2020-10-22,Tehama,103,63373,906,852,1,853,5
2020-10-22,Trinity,105,12862,45,26,5,31,0
2020-10-22,Tulare,107,460477,17687,17265,342,17607,293
2020-10-22,Tuolumne,109,53932,275,252,2,254,4
2020-10-22,Ventura,111,848112,14655,14124,318,14442,154
2020-10-22,Yolo,113,214977,3242,3116,9,3125,58
2020-10-22,Yuba,115,75493,1245,1199,5,1204,10
2020-10-21,Alameda,1,1643700,23389,22853,229,23082,392
2020-10-21,Alpine,3,1148,4,3,0,3,0
2020-10-21,Amador,5,37829,336,313,0,313,16
2020-10-21,Butte,7,227075,3147,3041,24,3065,55
2020-10-21,Calaveras,9,45235,331,272,0,272,13
2020-10-21,Colusa,11,21464,550,546,0,546,6
2020-10-21,Contra Costa,13,1133247,18872,18299,95,18394,243
2020-10-21,Del Norte,15,27424,173,169,0,169,2
2020-10-21,El Dorado,17,186661,1368,1305,2,1307,4
2020-10-21,Fresno,19,978130,33008,30328,439,30767,433
2020-10-21,Glenn,21,27897,668,640,1,641,3
2020-10-21,Humboldt,23,135768,562,548,0,548,7
2020-10-21,Imperial,25,180216,12826,12210,11,12221,331
2020-10-21,Inyo,27,18085,236,220,1,221,14
2020-10-21,Kern,29,883053,33701,32956,406,33362,430
2020-10-21,Kings,31,150075,8345,8186,54,8240,80
2020-10-21,Lake,33,64148,707,676,0,676,15
2020-10-21,Lassen,35,31185,768,764,1,765,0
2020-10-21,Los Angeles,37,10098052,298816,288096,2890,290986,6923
2020-10-21,Madera,39,155013,4978,4831,34,4865,52
2020-10-21,Marin,41,260295,7100,7002,18,7020,102
2020-10-21,Mariposa,43,17540,81,77,0,77,2
2020-10-21,Mendocino,45,87422,1064,1011,2,1013,21
2020-10-21,Merced,47,269075,9472,9319,32,9351,149
2020-10-21,Modoc,49,8938,33,26,0,26,0
2020-10-21,Mono,51,14174,186,156,4,160,1
2020-10-21,Monterey,53,433212,11264,11005,47,11052,83
2020-10-21,Napa,55,140530,2004,1918,5,1923,13
2020-10-21,Nevada,57,99092,630,597,16,613,8
2020-10-21,Orange,59,3164182,60035,57189,1731,58920,1409
2020-10-21,Placer,61,380077,4258,4007,14,4021,56
2020-10-21,Plumas,63,18699,69,58,0,58,0
2020-10-21,Riverside,65,2383286,66554,64778,302,65080,1278
2020-10-21,Sacramento,67,1510023,25324,24908,21,24929,490
2020-10-21,San Benito,69,59416,1424,1401,1,1402,14
2020-10-21,San Bernardino,71,2135413,62789,59948,91,60039,1141
2020-10-21,San Diego,73,3302833,55446,53279,0,53279,863
2020-10-21,San Francisco,75,870044,12180,11976,47,12023,137
2020-10-21,San Joaquin,77,732212,21732,21201,188,21389,495
2020-10-21,San Luis Obispo,79,281455,4210,4055,20,4075,31
2020-10-21,San Mateo,81,765935,11258,10730,7,10737,155
2020-10-21,Santa Barbara,83,443738,10244,9681,78,9759,121
2020-10-21,Santa Clara,85,1922200,24741,23537,32,23569,361
2020-10-21,Santa Cruz,87,273765,2817,2729,34,2763,24
2020-10-21,Shasta,89,179085,2073,1777,18,1795,27
2020-10-21,Sierra,91,2930,6,6,0,6,0
2020-10-21,Siskiyou,93,43540,196,169,10,179,0
2020-10-21,Solano,95,438530,7297,7088,41,7129,59
2020-10-21,Sonoma,97,501317,9415,8987,25,9012,138
2020-10-21,Stanislaus,99,539301,17546,17419,743,18162,392
2020-10-21,Sutter,101,95872,1827,1786,1,1787,12
2020-10-21,Tehama,103,63373,890,824,1,825,5
2020-10-21,Trinity,105,12862,42,25,5,30,0
2020-10-21,Tulare,107,460477,17651,17204,328,17532,292
2020-10-21,Tuolumne,109,53932,274,251,2,253,4
2020-10-21,Ventura,111,848112,14592,14050,315,14365,153
2020-10-21,Yolo,113,214977,3223,3095,9,3104,58
2020-10-21,Yuba,115,75493,1236,1194,5,1199,10
2020-10-20,Alameda,1,1643700,23286,22750,225,22975,391
2020-10-20,Alpine,3,1148,4,3,0,3,0
2020-10-20,Amador,5,37829,335,313,0,313,16
2020-10-20,Butte,7,227075,3135,3027,24,3051,56
2020-10-20,Calaveras,9,45235,330,273,0,273,13
2020-10-20,Colusa,11,21464,547,546,0,546,6
2020-10-20,Contra Costa,13,1133247,18780,18246,95,18341,241
2020-10-20,Del Norte,15,27424,172,169,0,169,2
2020-10-20,El Dorado,17,186661,1362,1295,2,1297,4
2020-10-20,Fresno,19,978130,32906,30220,433,30653,431
2020-10-20,Glenn,21,27897,663,638,1,639,3
2020-10-20,Humboldt,23,135768,558,545,0,545,7
2020-10-20,Imperial,25,180216,12757,12114,11,12125,330
2020-10-20,Inyo,27,18085,236,218,1,219,14
2020-10-20,Kern,29,883053,33626,32889,393,33282,429
2020-10-20,Kings,31,150075,8327,8178,53,8231,80
2020-10-20,Lake,33,64148,705,675,0,675,15
2020-10-20,Lassen,35,31185,767,757,1,758,0
2020-10-20,Los Angeles,37,10098052,297328,287727,2837,290564,6891
2020-10-20,Madera,39,155013,4961,4823,34,4857,52
2020-10-20,Marin,41,260295,7085,6994,18,7012,101
2020-10-20,Mariposa,43,17540,80,77,0,77,2
2020-10-20,Mendocino,45,87422,1062,1004,2,1006,21
2020-10-20,Merced,47,269075,9450,9323,32,9355,149
2020-10-20,Modoc,49,8938,32,26,0,26,0
2020-10-20,Mono,51,14174,186,156,4,160,1
2020-10-20,Monterey,53,433212,11221,10942,44,10986,81
2020-10-20,Napa,55,140530,1985,1912,5,1917,13
2020-10-20,Nevada,57,99092,621,596,16,612,8
2020-10-20,Orange,59,3164182,59774,56914,1722,58636,1397
2020-10-20,Placer,61,380077,4220,3997,14,4011,56
2020-10-20,Plumas,63,18699,66,53,0,53,0
2020-10-20,Riverside,65,2383286,66173,64452,290,64742,1275
2020-10-20,Sacramento,67,1510023,25199,24767,20,24787,485
2020-10-20,San Benito,69,59416,1421,1398,1,1399,14
2020-10-20,San Bernardino,71,2135413,62412,59571,86,59657,1109
2020-10-20,San Diego,73,3302833,55110,53004,0,53004,857
2020-10-20,San Francisco,75,870044,12133,12013,46,12059,126
2020-10-20,San Joaquin,77,732212,21654,21173,177,21350,490
2020-10-20,San Luis Obispo,79,281455,4192,4043,19,4062,31
2020-10-20,San Mateo,81,765935,11212,10659,7,10666,155
2020-10-20,Santa Barbara,83,443738,10215,9664,76,9740,121
2020-10-20,Santa Clara,85,1922200,24605,23406,32,23438,358
2020-10-20,Santa Cruz,87,273765,2794,2710,34,2744,23
2020-10-20,Shasta,89,179085,2050,1747,18,1765,20
2020-10-20,Sierra,91,2930,6,6,0,6,0
2020-10-20,Siskiyou,93,43540,188,168,10,178,0
2020-10-20,Solano,95,438530,7248,7044,41,7085,57
2020-10-20,Sonoma,97,501317,9352,8904,23,8927,135
2020-10-20,Stanislaus,99,539301,17492,17367,739,18106,393
2020-10-20,Sutter,101,95872,1818,1783,1,1784,12
2020-10-20,Tehama,103,63373,875,813,1,814,5
2020-10-20,Trinity,105,12862,41,25,5,30,0
2020-10-20,Tulare,107,460477,17585,17156,322,17478,289
2020-10-20,Tuolumne,109,53932,272,250,2,252,4
2020-10-20,Ventura,111,848112,14528,13980,313,14293,152
2020-10-20,Yolo,113,214977,3200,3083,9,3092,56
2020-10-20,Yuba,115,75493,1226,1191,5,1196,10
2020-10-19,Alameda,1,1643700,23177,22647,224,22871,392
2020-10-19,Alpine,3,1148,4,3,0,3,0
2020-10-19,Amador,5,37829,329,313,0,313,16
2020-10-19,Butte,7,227075,3124,3026,24,3050,55
2020-10-19,Calaveras,9,45235,329,268,0,268,13
2020-10-19,Colusa,11,21464,547,544,0,544,6
2020-10-19,Contra Costa,13,1133247,18682,18173,95,18268,239
2020-10-19,Del Norte,15,27424,169,167,0,167,2
2020-10-19,El Dorado,17,186661,1341,1287,2,1289,4
2020-10-19,Fresno,19,978130,32798,30152,428,30580,431
2020-10-19,Glenn,21,27897,658,635,0,635,3
2020-10-19,Humboldt,23,135768,558,543,0,543,7
2020-10-19,Imperial,25,180216,12703,12036,10,12046,330
2020-10-19,Inyo,27,18085,235,218,1,219,14
2020-10-19,Kern,29,883053,33551,32840,390,33230,428
2020-10-19,Kings,31,150075,8309,8173,53,8226,80
2020-10-19,Lake,33,64148,702,673,0,673,15
2020-10-19,Lassen,35,31185,766,757,1,758,0
2020-10-19,Los Angeles,37,10098052,295846,287119,2797,289916,6858
2020-10-19,Madera,39,155013,4946,4787,34,4821,52
2020-10-19,Marin,41,260295,7067,6981,18,6999,100
2020-10-19,Mariposa,43,17540,80,77,0,77,2
2020-10-19,Mendocino,45,87422,1057,1001,2,1003,21
2020-10-19,Merced,47,269075,9426,9305,27,9332,148
2020-10-19,Modoc,49,8938,31,26,0,26,0
2020-10-19,Mono,51,14174,181,156,4,160,1
2020-10-19,Monterey,53,433212,11160,10907,44,10951,80
2020-10-19,Napa,55,140530,1971,1892,5,1897,12
2020-10-19,Nevada,57,99092,618,590,16,606,8
2020-10-19,Orange,59,3164182,59489,56652,1708,58360,1396
2020-10-19,Placer,61,380077,4172,3962,14,3976,49
2020-10-19,Plumas,63,18699,64,52,0,52,0
2020-10-19,Riverside,65,2383286,65745,64016,273,64289,1272
2020-10-19,Sacramento,67,1510023,25060,24542,20,24562,483
2020-10-19,San Benito,69,59416,1414,1395,1,1396,14
2020-10-19,San Bernardino,71,2135413,61963,59265,78,59343,1100
2020-10-19,San Diego,73,3302833,54724,52739,0,52739,853
2020-10-19,San Francisco,75,870044,12089,11879,46,11925,126
2020-10-19,San Joaquin,77,732212,21579,20930,169,21099,489
2020-10-19,San Luis Obispo,79,281455,4176,4016,19,4035,31
2020-10-19,San Mateo,81,765935,11165,10568,7,10575,154
2020-10-19,Santa Barbara,83,443738,10180,9632,76,9708,121
2020-10-19,Santa Clara,85,1922200,24454,23301,32,23333,352
2020-10-19,Santa Cruz,87,273765,2777,2705,34,2739,19
2020-10-19,Shasta,89,179085,2006,1709,17,1726,20
2020-10-19,Sierra,91,2930,6,6,0,6,0
2020-10-19,Siskiyou,93,43540,181,167,10,177,0
2020-10-19,Solano,95,438530,7207,7003,41,7044,57
2020-10-19,Sonoma,97,501317,9265,8830,23,8853,135
2020-10-19,Stanislaus,99,539301,17441,17342,729,18071,390
2020-10-19,Sutter,101,95872,1813,1773,1,1774,12
2020-10-19,Tehama,103,63373,872,793,1,794,5
2020-10-19,Trinity,105,12862,39,23,5,28,0
2020-10-19,Tulare,107,460477,17537,17047,314,17361,291
2020-10-19,Tuolumne,109,53932,270,247,2,249,4
2020-10-19,Ventura,111,848112,14462,13930,310,14240,152
2020-10-19,Yolo,113,214977,3187,3069,9,3078,56
2020-10-19,Yuba,115,75493,1219,1183,5,1188,10
2020-10-18,Alameda,1,1643700,23073,22546,223,22769,392
2020-10-18,Alpine,3,1148,4,3,0,3,0
2020-10-18,Amador,5,37829,317,313,0,313,16
2020-10-18,Butte,7,227075,3111,3019,24,3043,55
2020-10-18,Calaveras,9,45235,328,267,0,267,13
2020-10-18,Colusa,11,21464,545,544,0,544,6
2020-10-18,Contra Costa,13,1133247,18583,18120,95,18215,237
2020-10-18,Del Norte,15,27424,169,167,0,167,2
2020-10-18,El Dorado,17,186661,1332,1283,2,1285,4
2020-10-18,Fresno,19,978130,32674,30051,420,30471,430
2020-10-18,Glenn,21,27897,656,634,0,634,3
2020-10-18,Humboldt,23,135768,555,540,0,540,7
2020-10-18,Imperial,25,180216,12641,11987,9,11996,330
2020-10-18,Inyo,27,18085,232,215,1,216,14
2020-10-18,Kern,29,883053,33478,32799,383,33182,428
2020-10-18,Kings,31,150075,8294,8159,53,8212,80
2020-10-18,Lake,33,64148,695,670,0,670,15
2020-10-18,Lassen,35,31185,766,757,1,758,0
2020-10-18,Los Angeles,37,10098052,294143,286187,2749,288936,6857
2020-10-18,Madera,39,155013,4921,4770,33,4803,52
2020-10-18,Marin,41,260295,7046,6969,18,6987,99
2020-10-18,Mariposa,43,17540,80,77,0,77,2
2020-10-18,Mendocino,45,87422,1055,988,2,990,21
2020-10-18,Merced,47,269075,9391,9292,27,9319,148
2020-10-18,Modoc,49,8938,30,26,0,26,0
2020-10-18,Mono,51,14174,176,155,4,159,1
2020-10-18,Monterey,53,433212,11108,10872,44,10916,80
2020-10-18,Napa,55,140530,1958,1882,5,1887,12
2020-10-18,Nevada,57,99092,612,582,16,598,8
2020-10-18,Orange,59,3164182,59190,56394,1692,58086,1396
2020-10-18,Placer,61,380077,4124,3938,14,3952,49
2020-10-18,Plumas,63,18699,62,52,0,52,0
2020-10-18,Riverside,65,2383286,65435,63765,250,64015,1270
2020-10-18,Sacramento,67,1510023,24905,24425,20,24445,482
2020-10-18,San Benito,69,59416,1407,1395,1,1396,14
2020-10-18,San Bernardino,71,2135413,61463,58893,71,58964,1098
2020-10-18,San Diego,73,3302833,54335,52359,0,52359,853
2020-10-18,San Francisco,75,870044,12050,11878,46,11924,126
2020-10-18,San Joaquin,77,732212,21497,20931,156,21087,489
2020-10-18,San Luis Obispo,79,281455,4145,4009,17,4026,31
2020-10-18,San Mateo,81,765935,11107,10503,7,10510,154
2020-10-18,Santa Barbara,83,443738,10141,9608,75,9683,121
2020-10-18,Santa Clara,85,1922200,24280,23169,32,23201,352
2020-10-18,Santa Cruz,87,273765,2763,2692,34,2726,19
2020-10-18,Shasta,89,179085,1981,1708,17,1725,20
2020-10-18,Sierra,91,2930,6,6,0,6,0
2020-10-18,Siskiyou,93,43540,180,167,10,177,0
2020-10-18,Solano,95,438530,7160,6962,41,7003,57
2020-10-18,Sonoma,97,501317,9189,8781,21,8802,134
2020-10-18,Stanislaus,99,539301,17385,17290,720,18010,390
2020-10-18,Sutter,101,95872,1804,1764,1,1765,12
2020-10-18,Tehama,103,63373,840,774,1,775,5
2020-10-18,Trinity,105,12862,39,20,5,25,0
2020-10-18,Tulare,107,460477,17445,17048,304,17352,290
2020-10-18,Tuolumne,109,53932,265,245,2,247,4
2020-10-18,Ventura,111,848112,14383,13901,309,14210,151
2020-10-18,Yolo,113,214977,3148,3059,9,3068,55
2020-10-18,Yuba,115,75493,1208,1176,5,1181,10
2020-10-17,Alameda,1,1643700,23028,22394,221,22615,398
2020-10-17,Alpine,3,1148,4,3,0,3,0
2020-10-17,Amador,5,37829,315,309,0,309,16
2020-10-17,Butte,7,227075,3103,3012,22,3034,55
2020-10-17,Calaveras,9,45235,328,267,0,267,13
2020-10-17,Colusa,11,21464,544,544,0,544,6
2020-10-17,Contra Costa,13,1133247,18530,18005,95,18100,237
2020-10-17,Del Norte,15,27424,169,167,0,167,2
2020-10-17,El Dorado,17,186661,1328,1277,2,1279,4
2020-10-17,Fresno,19,978130,32620,29911,418,30329,430
2020-10-17,Glenn,21,27897,653,633,0,633,3
2020-10-17,Humboldt,23,135768,552,535,0,535,7
2020-10-17,Imperial,25,180216,12613,11962,9,11971,330
2020-10-17,Inyo,27,18085,227,212,1,213,14
2020-10-17,Kern,29,883053,33427,32710,380,33090,428
2020-10-17,Kings,31,150075,8288,8151,52,8203,80
2020-10-17,Lake,33,64148,692,663,0,663,15
2020-10-17,Lassen,35,31185,766,757,1,758,0
2020-10-17,Los Angeles,37,10098052,293392,285858,2721,288579,6844
2020-10-17,Madera,39,155013,4915,4759,33,4792,53
2020-10-17,Marin,41,260295,7043,6958,18,6976,99
2020-10-17,Mariposa,43,17540,79,77,0,77,2
2020-10-17,Mendocino,45,87422,1048,977,2,979,21
2020-10-17,Merced,47,269075,9377,9275,27,9302,148
2020-10-17,Modoc,49,8938,30,26,0,26,0
2020-10-17,Mono,51,14174,175,155,4,159,1
2020-10-17,Monterey,53,433212,11068,10807,43,10850,80
2020-10-17,Napa,55,140530,1951,1866,5,1871,12
2020-10-17,Nevada,57,99092,611,580,16,596,8
2020-10-17,Orange,59,3164182,59050,56197,1683,57880,1396
2020-10-17,Placer,61,380077,4097,3898,14,3912,49
2020-10-17,Plumas,63,18699,62,52,0,52,0
2020-10-17,Riverside,65,2383286,65238,63171,239,63410,1270
2020-10-17,Sacramento,67,1510023,24820,24304,20,24324,482
2020-10-17,San Benito,69,59416,1403,1389,1,1390,14
2020-10-17,San Bernardino,71,2135413,61193,58415,67,58482,1097
2020-10-17,San Diego,73,3302833,54110,51986,0,51986,853
2020-10-17,San Francisco,75,870044,12022,11877,45,11922,126
2020-10-17,San Joaquin,77,732212,21443,20932,150,21082,489
2020-10-17,San Luis Obispo,79,281455,4130,3979,17,3996,31
2020-10-17,San Mateo,81,765935,11079,10423,7,10430,153
2020-10-17,Santa Barbara,83,443738,10122,9588,73,9661,121
2020-10-17,Santa Clara,85,1922200,24191,22997,32,23029,349
2020-10-17,Santa Cruz,87,273765,2749,2680,34,2714,19
2020-10-17,Shasta,89,179085,1955,1679,17,1696,20
2020-10-17,Sierra,91,2930,6,6,0,6,0
2020-10-17,Siskiyou,93,43540,179,167,10,177,0
2020-10-17,Solano,95,438530,7134,6929,41,6970,57
2020-10-17,Sonoma,97,501317,9146,8725,21,8746,134
2020-10-17,Stanislaus,99,539301,17346,17232,710,17942,390
2020-10-17,Sutter,101,95872,1802,1762,1,1763,12
2020-10-17,Tehama,103,63373,824,764,1,765,5
2020-10-17,Trinity,105,12862,39,20,5,25,0
2020-10-17,Tulare,107,460477,17415,16995,295,17290,290
2020-10-17,Tuolumne,109,53932,265,241,2,243,4
2020-10-17,Ventura,111,848112,14338,13845,306,14151,151
2020-10-17,Yolo,113,214977,3133,3045,7,3052,55
2020-10-17,Yuba,115,75493,1203,1164,5,1169,10
2020-10-16,Alameda,1,1643700,22974,22315,221,22536,397
2020-10-16,Alpine,3,1148,4,3,0,3,0
2020-10-16,Amador,5,37829,315,309,0,309,16
2020-10-16,Butte,7,227075,3092,3004,22,3026,54
2020-10-16,Calaveras,9,45235,328,267,0,267,13
2020-10-16,Colusa,11,21464,543,544,0,544,6
2020-10-16,Contra Costa,13,1133247,18477,17956,95,18051,237
2020-10-16,Del Norte,15,27424,169,166,0,166,2
2020-10-16,El Dorado,17,186661,1322,1273,2,1275,4
2020-10-16,Fresno,19,978130,32545,29796,416,30212,427
2020-10-16,Glenn,21,27897,648,632,0,632,3
2020-10-16,Humboldt,23,135768,552,533,0,533,7
2020-10-16,Imperial,25,180216,12573,11885,9,11894,330
2020-10-16,Inyo,27,18085,223,212,1,213,14
2020-10-16,Kern,29,883053,33384,32660,378,33038,428
2020-10-16,Kings,31,150075,8279,8146,51,8197,80
2020-10-16,Lake,33,64148,690,644,0,644,14
2020-10-16,Lassen,35,31185,766,757,1,758,0
2020-10-16,Los Angeles,37,10098052,292333,284988,2698,287686,6835
2020-10-16,Madera,39,155013,4903,4736,32,4768,53
2020-10-16,Marin,41,260295,7033,6933,18,6951,99
2020-10-16,Mariposa,43,17540,79,76,0,76,2
2020-10-16,Mendocino,45,87422,1041,974,2,976,21
2020-10-16,Merced,47,269075,9360,9246,27,9273,148
2020-10-16,Modoc,49,8938,30,26,0,26,0
2020-10-16,Mono,51,14174,173,155,4,159,1
2020-10-16,Monterey,53,433212,11034,10727,43,10770,79
2020-10-16,Napa,55,140530,1942,1855,5,1860,12
2020-10-16,Nevada,57,99092,609,579,16,595,8
2020-10-16,Orange,59,3164182,58874,56091,1676,57767,1388
2020-10-16,Placer,61,380077,4077,3864,14,3878,49
2020-10-16,Plumas,63,18699,61,52,0,52,0
2020-10-16,Riverside,65,2383286,65013,62986,238,63224,1267
2020-10-16,Sacramento,67,1510023,24726,24144,20,24164,479
2020-10-16,San Benito,69,59416,1400,1388,1,1389,14
2020-10-16,San Bernardino,71,2135413,60925,58233,67,58300,1069
2020-10-16,San Diego,73,3302833,53869,51785,0,51785,850
2020-10-16,San Francisco,75,870044,12000,11840,44,11884,126
2020-10-16,San Joaquin,77,732212,21398,20910,149,21059,489
2020-10-16,San Luis Obispo,79,281455,4116,3952,17,3969,32
2020-10-16,San Mateo,81,765935,11053,10405,7,10412,153
2020-10-16,Santa Barbara,83,443738,10104,9549,73,9622,119
2020-10-16,Santa Clara,85,1922200,24106,22920,32,22952,345
2020-10-16,Santa Cruz,87,273765,2736,2666,34,2700,20
2020-10-16,Shasta,89,179085,1933,1660,17,1677,20
2020-10-16,Sierra,91,2930,6,6,0,6,0
2020-10-16,Siskiyou,93,43540,177,167,10,177,0
2020-10-16,Solano,95,438530,7111,6879,41,6920,55
2020-10-16,Sonoma,97,501317,9090,8652,21,8673,133
2020-10-16,Stanislaus,99,539301,17313,17201,701,17902,366
2020-10-16,Sutter,101,95872,1794,1756,1,1757,12
2020-10-16,Tehama,103,63373,823,737,1,738,3
2020-10-16,Trinity,105,12862,39,20,5,25,0
2020-10-16,Tulare,107,460477,17383,16965,287,17252,290
2020-10-16,Tuolumne,109,53932,262,237,2,239,4
2020-10-16,Ventura,111,848112,14295,13805,301,14106,152
2020-10-16,Yolo,113,214977,3124,3030,7,3037,55
2020-10-16,Yuba,115,75493,1203,1155,5,1160,10
2020-10-15,Alameda,1,1643700,22907,22267,220,22487,390
2020-10-15,Alpine,3,1148,4,3,0,3,0
2020-10-15,Amador,5,37829,315,309,0,309,16
2020-10-15,Butte,7,227075,3080,3000,21,3021,54
2020-10-15,Calaveras,9,45235,327,267,0,267,13
2020-10-15,Colusa,11,21464,542,543,0,543,6
2020-10-15,Contra Costa,13,1133247,18410,17893,94,17987,237
2020-10-15,Del Norte,15,27424,169,164,0,164,2
2020-10-15,El Dorado,17,186661,1317,1265,2,1267,4
2020-10-15,Fresno,19,978130,32452,29727,414,30141,425
2020-10-15,Glenn,21,27897,643,632,0,632,3
2020-10-15,Humboldt,23,135768,548,531,0,531,7
2020-10-15,Imperial,25,180216,12532,11820,8,11828,330
2020-10-15,Inyo,27,18085,223,210,1,211,14
2020-10-15,Kern,29,883053,33305,32593,375,32968,427
2020-10-15,Kings,31,150075,8264,8134,51,8185,80
2020-10-15,Lake,33,64148,688,642,0,642,14
2020-10-15,Lassen,35,31185,765,752,1,753,0
2020-10-15,Los Angeles,37,10098052,291057,284019,2658,286677,6807
2020-10-15,Madera,39,155013,4891,4723,31,4754,50
2020-10-15,Marin,41,260295,7025,6912,18,6930,99
2020-10-15,Mariposa,43,17540,79,76,0,76,2
2020-10-15,Mendocino,45,87422,1036,963,2,965,21
2020-10-15,Merced,47,269075,9333,9213,27,9240,147
2020-10-15,Modoc,49,8938,30,26,0,26,0
2020-10-15,Mono,51,14174,173,155,4,159,1
2020-10-15,Monterey,53,433212,10967,10677,42,10719,79
2020-10-15,Napa,55,140530,1929,1842,5,1847,12
2020-10-15,Nevada,57,99092,605,575,16,591,8
2020-10-15,Orange,59,3164182,58659,55952,1664,57616,1379
2020-10-15,Placer,61,380077,4049,3848,14,3862,48
2020-10-15,Plumas,63,18699,58,52,0,52,0
2020-10-15,Riverside,65,2383286,64682,62819,235,63054,1266
2020-10-15,Sacramento,67,1510023,24607,24068,20,24088,474
2020-10-15,San Benito,69,59416,1397,1384,1,1385,14
2020-10-15,San Bernardino,71,2135413,60588,58068,67,58135,1067
2020-10-15,San Diego,73,3302833,53585,51472,0,51472,847
2020-10-15,San Francisco,75,870044,11972,11808,41,11849,126
2020-10-15,San Joaquin,77,732212,21325,20880,143,21023,487
2020-10-15,San Luis Obispo,79,281455,4101,3934,17,3951,32
2020-10-15,San Mateo,81,765935,11013,10340,7,10347,152
2020-10-15,Santa Barbara,83,443738,10080,9526,72,9598,117
2020-10-15,Santa Clara,85,1922200,23989,22808,32,22840,343
2020-10-15,Santa Cruz,87,273765,2722,2656,34,2690,13
2020-10-15,Shasta,89,179085,1922,1635,17,1652,20
2020-10-15,Sierra,91,2930,6,6,0,6,0
2020-10-15,Siskiyou,93,43540,174,166,10,176,0
2020-10-15,Solano,95,438530,7072,6830,41,6871,55
2020-10-15,Sonoma,97,501317,8998,8571,21,8592,133
2020-10-15,Stanislaus,99,539301,17275,17151,687,17838,366
2020-10-15,Sutter,101,95872,1791,1752,1,1753,12
2020-10-15,Tehama,103,63373,796,726,1,727,3
2020-10-15,Trinity,105,12862,39,20,5,25,0
2020-10-15,Tulare,107,460477,17323,16918,271,17189,289
2020-10-15,Tuolumne,109,53932,260,236,2,238,4
2020-10-15,Ventura,111,848112,14239,13750,296,14046,152
2020-10-15,Yolo,113,214977,3104,3014,7,3021,55
2020-10-15,Yuba,115,75493,1196,1151,5,1156,10
2020-10-14,Alameda,1,1643700,22811,22227,219,22446,398
2020-10-14,Alpine,3,1148,4,3,0,3,0
2020-10-14,Amador,5,37829,313,308,0,308,16
2020-10-14,Butte,7,227075,3072,2995,21,3016,54
2020-10-14,Calaveras,9,45235,327,266,0,266,12
2020-10-14,Colusa,11,21464,542,543,0,543,6
2020-10-14,Contra Costa,13,1133247,18353,17820,92,17912,236
2020-10-14,Del Norte,15,27424,168,163,0,163,2
2020-10-14,El Dorado,17,186661,1311,1264,2,1266,4
2020-10-14,Fresno,19,978130,32340,29650,409,30059,424
2020-10-14,Glenn,21,27897,642,629,0,629,3
2020-10-14,Humboldt,23,135768,545,531,0,531,7
2020-10-14,Imperial,25,180216,12495,11765,7,11772,330
2020-10-14,Inyo,27,18085,222,209,1,210,14
2020-10-14,Kern,29,883053,33231,32528,372,32900,425
2020-10-14,Kings,31,150075,8247,8118,50,8168,80
2020-10-14,Lake,33,64148,687,642,0,642,14
2020-10-14,Lassen,35,31185,763,752,1,753,0
2020-10-14,Los Angeles,37,10098052,289746,282918,2611,285529,6786
2020-10-14,Madera,39,155013,4876,4713,30,4743,50
2020-10-14,Marin,41,260295,7019,6907,18,6925,99
2020-10-14,Mariposa,43,17540,78,76,0,76,2
2020-10-14,Mendocino,45,87422,1030,955,2,957,21
2020-10-14,Merced,47,269075,9309,9201,25,9226,147
2020-10-14,Modoc,49,8938,30,27,0,27,0
2020-10-14,Mono,51,14174,173,155,4,159,1
2020-10-14,Monterey,53,433212,10916,10616,42,10658,78
2020-10-14,Napa,55,140530,1912,1837,5,1842,12
2020-10-14,Nevada,57,99092,603,573,16,589,7
2020-10-14,Orange,59,3164182,58448,55756,1653,57409,1348
2020-10-14,Placer,61,380077,4026,3829,14,3843,48
2020-10-14,Plumas,63,18699,54,52,0,52,0
2020-10-14,Riverside,65,2383286,64399,62607,234,62841,1261
2020-10-14,Sacramento,67,1510023,24465,24013,20,24033,472
2020-10-14,San Benito,69,59416,1395,1381,0,1381,14
2020-10-14,San Bernardino,71,2135413,60263,57774,65,57839,1063
2020-10-14,San Diego,73,3302833,53267,51329,0,51329,844
2020-10-14,San Francisco,75,870044,11940,11783,40,11823,123
2020-10-14,San Joaquin,77,732212,21246,20845,129,20974,487
2020-10-14,San Luis Obispo,79,281455,4078,3901,16,3917,32
2020-10-14,San Mateo,81,765935,10962,10309,7,10316,132
2020-10-14,Santa Barbara,83,443738,10045,9509,72,9581,117
2020-10-14,Santa Clara,85,1922200,23841,22735,32,22767,343
2020-10-14,Santa Cruz,87,273765,2712,2618,34,2652,13
2020-10-14,Shasta,89,179085,1884,1553,17,1570,20
2020-10-14,Sierra,91,2930,6,6,0,6,0
2020-10-14,Siskiyou,93,43540,174,166,10,176,0
2020-10-14,Solano,95,438530,7016,6786,41,6827,55
2020-10-14,Sonoma,97,501317,8945,8514,21,8535,133
2020-10-14,Stanislaus,99,539301,17230,17105,684,17789,365
2020-10-14,Sutter,101,95872,1782,1747,1,1748,12
2020-10-14,Tehama,103,63373,785,721,1,722,3
2020-10-14,Trinity,105,12862,38,20,5,25,0
2020-10-14,Tulare,107,460477,17261,16863,258,17121,287
2020-10-14,Tuolumne,109,53932,259,236,2,238,4
2020-10-14,Ventura,111,848112,14186,13697,292,13989,152
2020-10-14,Yolo,113,214977,3086,3007,7,3014,55
2020-10-14,Yuba,115,75493,1188,1147,5,1152,10
2020-10-13,Alameda,1,1643700,22707,22185,217,22402,389
2020-10-13,Alpine,3,1148,4,3,0,3,0
2020-10-13,Amador,5,37829,311,306,0,306,16
2020-10-13,Butte,7,227075,3063,2992,21,3013,54
2020-10-13,Calaveras,9,45235,323,262,0,262,12
2020-10-13,Colusa,11,21464,542,541,0,541,6
2020-10-13,Contra Costa,13,1133247,18295,17783,92,17875,234
2020-10-13,Del Norte,15,27424,168,163,0,163,2
2020-10-13,El Dorado,17,186661,1302,1262,2,1264,4
2020-10-13,Fresno,19,978130,32220,29579,405,29984,424
2020-10-13,Glenn,21,27897,641,629,0,629,3
2020-10-13,Humboldt,23,135768,543,523,0,523,7
2020-10-13,Imperial,25,180216,12460,11727,7,11734,327
2020-10-13,Inyo,27,18085,219,207,1,208,14
2020-10-13,Kern,29,883053,33156,32497,370,32867,419
2020-10-13,Kings,31,150075,8238,8111,50,8161,80
2020-10-13,Lake,33,64148,684,639,0,639,12
2020-10-13,Lassen,35,31185,761,752,1,753,0
2020-10-13,Los Angeles,37,10098052,288473,281716,2568,284284,6767
2020-10-13,Madera,39,155013,4858,4700,30,4730,50
2020-10-13,Marin,41,260295,6997,6900,18,6918,97
2020-10-13,Mariposa,43,17540,78,76,0,76,2
2020-10-13,Mendocino,45,87422,1021,950,2,952,21
2020-10-13,Merced,47,269075,9291,9181,25,9206,146
2020-10-13,Modoc,49,8938,29,28,0,28,0
2020-10-13,Mono,51,14174,173,155,3,158,1
2020-10-13,Monterey,53,433212,10855,10574,41,10615,78
2020-10-13,Napa,55,140530,1903,1825,5,1830,12
2020-10-13,Nevada,57,99092,597,572,16,588,7
2020-10-13,Orange,59,3164182,58237,55515,1639,57154,1326
2020-10-13,Placer,61,380077,3989,3825,14,3839,48
2020-10-13,Plumas,63,18699,52,51,0,51,0
2020-10-13,Riverside,65,2383286,64081,62279,232,62511,1254
2020-10-13,Sacramento,67,1510023,24387,23930,20,23950,466
2020-10-13,San Benito,69,59416,1387,1380,0,1380,14
2020-10-13,San Bernardino,71,2135413,59925,57411,64,57475,1061
2020-10-13,San Diego,73,3302833,52975,51026,0,51026,840
2020-10-13,San Francisco,75,870044,11904,11659,40,11699,122
2020-10-13,San Joaquin,77,732212,21184,20822,125,20947,481
2020-10-13,San Luis Obispo,79,281455,4067,3892,15,3907,32
2020-10-13,San Mateo,81,765935,10919,10286,7,10293,130
2020-10-13,Santa Barbara,83,443738,10014,9489,72,9561,117
2020-10-13,Santa Clara,85,1922200,23715,22678,32,22710,343
2020-10-13,Santa Cruz,87,273765,2694,2603,34,2637,13
2020-10-13,Shasta,89,179085,1860,1606,17,1623,20
2020-10-13,Sierra,91,2930,6,6,0,6,0
2020-10-13,Siskiyou,93,43540,173,163,10,173,0
2020-10-13,Solano,95,438530,6981,6761,41,6802,55
2020-10-13,Sonoma,97,501317,8862,8456,21,8477,133
2020-10-13,Stanislaus,99,539301,17185,17082,679,17761,362
2020-10-13,Sutter,101,95872,1773,1748,1,1749,12
2020-10-13,Tehama,103,63373,777,717,1,718,3
2020-10-13,Trinity,105,12862,34,19,5,24,0
2020-10-13,Tulare,107,460477,17203,16822,250,17072,286
2020-10-13,Tuolumne,109,53932,257,235,2,237,4
2020-10-13,Ventura,111,848112,14133,13645,287,13932,151
2020-10-13,Yolo,113,214977,3078,2983,6,2989,55
2020-10-13,Yuba,115,75493,1183,1143,5,1148,10
2020-10-12,Alameda,1,1643700,22629,22126,216,22342,389
2020-10-12,Alpine,3,1148,4,3,0,3,0
2020-10-12,Amador,5,37829,310,305,0,305,16
2020-10-12,Butte,7,227075,3057,2975,21,2996,54
2020-10-12,Calaveras,9,45235,323,262,0,262,12
2020-10-12,Colusa,11,21464,542,541,0,541,6
2020-10-12,Contra Costa,13,1133247,18220,17728,92,17820,233
2020-10-12,Del Norte,15,27424,168,161,0,161,2
2020-10-12,El Dorado,17,186661,1299,1254,2,1256,4
2020-10-12,Fresno,19,978130,32087,29523,401,29924,421
2020-10-12,Glenn,21,27897,640,626,0,626,3
2020-10-12,Humboldt,23,135768,540,522,0,522,7
2020-10-12,Imperial,25,180216,12421,11689,7,11696,328
2020-10-12,Inyo,27,18085,216,201,1,202,14
2020-10-12,Kern,29,883053,33063,32425,367,32792,419
2020-10-12,Kings,31,150075,8232,8106,49,8155,80
2020-10-12,Lake,33,64148,678,633,0,633,12
2020-10-12,Lassen,35,31185,761,752,1,753,0
2020-10-12,Los Angeles,37,10098052,287260,280961,2537,283498,6747
2020-10-12,Madera,39,155013,4839,4689,30,4719,50
2020-10-12,Marin,41,260295,6980,6886,18,6904,97
2020-10-12,Mariposa,43,17540,78,76,0,76,2
2020-10-12,Mendocino,45,87422,1015,947,2,949,21
2020-10-12,Merced,47,269075,9270,9141,25,9166,146
2020-10-12,Modoc,49,8938,29,27,0,27,0
2020-10-12,Mono,51,14174,173,154,3,157,1
2020-10-12,Monterey,53,433212,10789,10473,41,10514,77
2020-10-12,Napa,55,140530,1895,1819,5,1824,11
2020-10-12,Nevada,57,99092,593,570,16,586,7
2020-10-12,Orange,59,3164182,58008,55373,1629,57002,1326
2020-10-12,Placer,61,380077,3956,3808,13,3821,48
2020-10-12,Plumas,63,18699,52,51,0,51,0
2020-10-12,Riverside,65,2383286,63769,62279,229,62508,1254
2020-10-12,Sacramento,67,1510023,24281,23807,20,23827,466
2020-10-12,San Benito,69,59416,1384,1376,0,1376,13
2020-10-12,San Bernardino,71,2135413,59555,57235,64,57299,1061
2020-10-12,San Diego,73,3302833,52685,50748,0,50748,826
2020-10-12,San Francisco,75,870044,11871,11659,40,11699,122
2020-10-12,San Joaquin,77,732212,21121,20701,119,20820,480
2020-10-12,San Luis Obispo,79,281455,4043,3874,15,3889,32
2020-10-12,San Mateo,81,765935,10871,10262,7,10269,130
2020-10-12,Santa Barbara,83,443738,9978,9462,72,9534,117
2020-10-12,Santa Clara,85,1922200,23601,22578,32,22610,343
2020-10-12,Santa Cruz,87,273765,2677,2590,34,2624,13
2020-10-12,Shasta,89,179085,1835,1515,17,1532,20
2020-10-12,Sierra,91,2930,6,6,0,6,0
2020-10-12,Siskiyou,93,43540,172,162,10,172,0
2020-10-12,Solano,95,438530,6942,6742,41,6783,55
2020-10-12,Sonoma,97,501317,8791,8377,21,8398,133
2020-10-12,Stanislaus,99,539301,17136,17051,670,17721,361
2020-10-12,Sutter,101,95872,1765,1741,1,1742,12
2020-10-12,Tehama,103,63373,761,708,1,709,3
2020-10-12,Trinity,105,12862,33,19,5,24,0
2020-10-12,Tulare,107,460477,17151,16742,243,16985,286
2020-10-12,Tuolumne,109,53932,252,234,2,236,4
2020-10-12,Ventura,111,848112,14071,13617,283,13900,151
2020-10-12,Yolo,113,214977,3063,2964,6,2970,55
2020-10-12,Yuba,115,75493,1172,1141,5,1146,10
2020-10-11,Alameda,1,1643700,22540,22057,212,22269,392
2020-10-11,Alpine,3,1148,4,3,0,3,0
2020-10-11,Amador,5,37829,308,305,0,305,16
2020-10-11,Butte,7,227075,3049,2967,20,2987,54
2020-10-11,Calaveras,9,45235,321,262,0,262,12
2020-10-11,Colusa,11,21464,540,541,0,541,6
2020-10-11,Contra Costa,13,1133247,18138,17678,92,17770,233
2020-10-11,Del Norte,15,27424,166,161,0,161,2
2020-10-11,El Dorado,17,186661,1290,1242,2,1244,4
2020-10-11,Fresno,19,978130,31950,29419,394,29813,421
2020-10-11,Glenn,21,27897,638,625,0,625,3
2020-10-11,Humboldt,23,135768,539,521,0,521,7
2020-10-11,Imperial,25,180216,12361,11614,7,11621,328
2020-10-11,Inyo,27,18085,212,201,1,202,14
2020-10-11,Kern,29,883053,32976,32399,360,32759,418
2020-10-11,Kings,31,150075,8215,8094,48,8142,80
2020-10-11,Lake,33,64148,665,631,0,631,12
2020-10-11,Lassen,35,31185,760,752,1,753,0
2020-10-11,Los Angeles,37,10098052,285824,280190,2495,282685,6745
2020-10-11,Madera,39,155013,4812,4680,29,4709,50
2020-10-11,Marin,41,260295,6971,6870,18,6888,97
2020-10-11,Mariposa,43,17540,78,76,0,76,2
2020-10-11,Mendocino,45,87422,1008,944,2,946,21
2020-10-11,Merced,47,269075,9252,9124,25,9149,146
2020-10-11,Modoc,49,8938,29,27,0,27,0
2020-10-11,Mono,51,14174,173,154,3,157,1
2020-10-11,Monterey,53,433212,10738,10445,39,10484,77
2020-10-11,Napa,55,140530,1879,1811,5,1816,11
2020-10-11,Nevada,57,99092,591,569,16,585,7
2020-10-11,Orange,59,3164182,57778,55202,1623,56825,1326
2020-10-11,Placer,61,380077,3935,3787,13,3800,48
2020-10-11,Plumas,63,18699,52,51,0,51,0
2020-10-11,Riverside,65,2383286,63480,62112,225,62337,1254
2020-10-11,Sacramento,67,1510023,24141,23778,20,23798,466
2020-10-11,San Benito,69,59416,1383,1374,0,1374,13
2020-10-11,San Bernardino,71,2135413,59102,56997,64,57061,1061
2020-10-11,San Diego,73,3302833,52336,50553,0,50553,826
2020-10-11,San Francisco,75,870044,11828,11659,40,11699,122
2020-10-11,San Joaquin,77,732212,21046,20700,109,20809,480
2020-10-11,San Luis Obispo,79,281455,4026,3874,14,3888,32
2020-10-11,San Mateo,81,765935,10840,10240,7,10247,130
2020-10-11,Santa Barbara,83,443738,9948,9440,71,9511,117
2020-10-11,Santa Clara,85,1922200,23459,22487,31,22518,336
2020-10-11,Santa Cruz,87,273765,2663,2578,34,2612,13
2020-10-11,Shasta,89,179085,1805,1515,16,1531,20
2020-10-11,Sierra,91,2930,6,6,0,6,0
2020-10-11,Siskiyou,93,43540,171,162,10,172,0
2020-10-11,Solano,95,438530,6888,6685,41,6726,53
2020-10-11,Sonoma,97,501317,8734,8319,21,8340,133
2020-10-11,Stanislaus,99,539301,17073,17007,653,17660,360
2020-10-11,Sutter,101,95872,1762,1742,1,1743,12
2020-10-11,Tehama,103,63373,737,702,1,703,3
2020-10-11,Trinity,105,12862,33,19,5,24,0
2020-10-11,Tulare,107,460477,17088,16741,235,16976,286
2020-10-11,Tuolumne,109,53932,248,234,2,236,4
2020-10-11,Ventura,111,848112,14011,13604,278,13882,151
2020-10-11,Yolo,113,214977,3033,2952,6,2958,55
2020-10-11,Yuba,115,75493,1160,1137,5,1142,10
2020-10-10,Alameda,1,1643700,22490,21979,211,22190,398
2020-10-10,Alpine,3,1148,4,3,0,3,0
2020-10-10,Amador,5,37829,307,304,0,304,16
2020-10-10,Butte,7,227075,3044,2962,19,2981,54
2020-10-10,Calaveras,9,45235,320,262,0,262,12
2020-10-10,Colusa,11,21464,540,541,0,541,6
2020-10-10,Contra Costa,13,1133247,18102,17566,91,17657,233
2020-10-10,Del Norte,15,27424,166,161,0,161,2
2020-10-10,El Dorado,17,186661,1288,1240,2,1242,4
2020-10-10,Fresno,19,978130,31887,29286,392,29678,421
2020-10-10,Glenn,21,27897,638,623,0,623,3
2020-10-10,Humboldt,23,135768,536,518,0,518,7
2020-10-10,Imperial,25,180216,12346,11591,7,11598,327
2020-10-10,Inyo,27,18085,209,201,1,202,14
2020-10-10,Kern,29,883053,32939,32338,360,32698,418
2020-10-10,Kings,31,150075,8211,8078,48,8126,80
2020-10-10,Lake,33,64148,664,630,0,630,11
2020-10-10,Lassen,35,31185,760,752,1,753,0
2020-10-10,Los Angeles,37,10098052,285105,279213,2461,281674,6743
2020-10-10,Madera,39,155013,4799,4662,29,4691,50
2020-10-10,Marin,41,260295,6962,6852,18,6870,97
2020-10-10,Mariposa,43,17540,78,76,0,76,2
2020-10-10,Mendocino,45,87422,1001,935,2,937,21
2020-10-10,Merced,47,269075,9246,9105,24,9129,146
2020-10-10,Modoc,49,8938,29,27,0,27,0
2020-10-10,Mono,51,14174,173,154,3,157,1
2020-10-10,Monterey,53,433212,10705,10410,39,10449,75
2020-10-10,Napa,55,140530,1872,1804,5,1809,11
2020-10-10,Nevada,57,99092,588,564,16,580,6
2020-10-10,Orange,59,3164182,57657,54965,1618,56583,1324
2020-10-10,Placer,61,380077,3918,3757,13,3770,48
2020-10-10,Plumas,63,18699,52,51,0,51,0
2020-10-10,Riverside,65,2383286,63278,61845,222,62067,1254
2020-10-10,Sacramento,67,1510023,24075,23689,20,23709,466
2020-10-10,San Benito,69,59416,1381,1370,0,1370,13
2020-10-10,San Bernardino,71,2135413,58940,56683,64,56747,1061
2020-10-10,San Diego,73,3302833,52106,50145,0,50145,825
2020-10-10,San Francisco,75,870044,11807,11663,40,11703,122
2020-10-10,San Joaquin,77,732212,21018,20700,105,20805,481
2020-10-10,San Luis Obispo,79,281455,4006,3832,14,3846,32
2020-10-10,San Mateo,81,765935,10803,10218,7,10225,130
2020-10-10,Santa Barbara,83,443738,9937,9417,71,9488,116
2020-10-10,Santa Clara,85,1922200,23367,22354,31,22385,330
2020-10-10,Santa Cruz,87,273765,2649,2572,34,2606,13
2020-10-10,Shasta,89,179085,1788,1473,16,1489,20
2020-10-10,Sierra,91,2930,6,6,0,6,0
2020-10-10,Siskiyou,93,43540,171,161,10,171,0
2020-10-10,Solano,95,438530,6862,6655,41,6696,53
2020-10-10,Sonoma,97,501317,8714,8235,21,8256,133
2020-10-10,Stanislaus,99,539301,17038,16960,645,17605,360
2020-10-10,Sutter,101,95872,1759,1735,1,1736,12
2020-10-10,Tehama,103,63373,730,693,1,694,3
2020-10-10,Trinity,105,12862,33,19,5,24,0
2020-10-10,Tulare,107,460477,17054,16709,230,16939,286
2020-10-10,Tuolumne,109,53932,248,233,2,235,4
2020-10-10,Ventura,111,848112,13987,13520,278,13798,151
2020-10-10,Yolo,113,214977,3024,2939,6,2945,55
2020-10-10,Yuba,115,75493,1158,1134,5,1139,10
2020-10-09,Alameda,1,1643700,22442,21924,211,22135,399
2020-10-09,Alpine,3,1148,4,3,0,3,0
2020-10-09,Amador,5,37829,307,303,0,303,16
2020-10-09,Butte,7,227075,3041,2956,19,2975,51
2020-10-09,Calaveras,9,45235,318,262,0,262,11
2020-10-09,Colusa,11,21464,540,541,0,541,6
2020-10-09,Contra Costa,13,1133247,18052,17487,91,17578,229
2020-10-09,Del Norte,15,27424,165,161,0,161,2
2020-10-09,El Dorado,17,186661,1284,1234,2,1236,4
2020-10-09,Fresno,19,978130,31814,29208,390,29598,417
2020-10-09,Glenn,21,27897,633,617,0,617,3
2020-10-09,Humboldt,23,135768,534,516,0,516,7
2020-10-09,Imperial,25,180216,12319,11516,7,11523,330
2020-10-09,Inyo,27,18085,206,200,1,201,14
2020-10-09,Kern,29,883053,32897,32237,358,32595,417
2020-10-09,Kings,31,150075,8204,7993,46,8039,80
2020-10-09,Lake,33,64148,654,610,0,610,11
2020-10-09,Lassen,35,31185,760,751,1,752,0
2020-10-09,Los Angeles,37,10098052,283973,278039,2436,280475,6715
2020-10-09,Madera,39,155013,4789,4646,29,4675,50
2020-10-09,Marin,41,260295,6948,6838,18,6856,96
2020-10-09,Mariposa,43,17540,78,76,0,76,2
2020-10-09,Mendocino,45,87422,991,933,2,935,20
2020-10-09,Merced,47,269075,9232,9095,24,9119,145
2020-10-09,Modoc,49,8938,29,27,0,27,0
2020-10-09,Mono,51,14174,173,154,3,157,1
2020-10-09,Monterey,53,433212,10671,10369,39,10408,75
2020-10-09,Napa,55,140530,1862,1795,5,1800,11
2020-10-09,Nevada,57,99092,583,561,16,577,6
2020-10-09,Orange,59,3164182,57490,54746,1612,56358,1305
2020-10-09,Placer,61,380077,3905,3737,13,3750,48
2020-10-09,Plumas,63,18699,52,50,0,50,0
2020-10-09,Riverside,65,2383286,63042,61529,221,61750,1252
2020-10-09,Sacramento,67,1510023,24005,23606,20,23626,457
2020-10-09,San Benito,69,59416,1376,1367,0,1367,13
2020-10-09,San Bernardino,71,2135413,58701,56434,64,56498,1057
2020-10-09,San Diego,73,3302833,51830,49825,0,49825,821
2020-10-09,San Francisco,75,870044,11777,11620,40,11660,120
2020-10-09,San Joaquin,77,732212,20989,20648,95,20743,481
2020-10-09,San Luis Obispo,79,281455,3987,3810,14,3824,32
2020-10-09,San Mateo,81,765935,10775,10140,7,10147,130
2020-10-09,Santa Barbara,83,443738,9909,9396,71,9467,116
2020-10-09,Santa Clara,85,1922200,23265,22251,30,22281,328
2020-10-09,Santa Cruz,87,273765,2640,2555,34,2589,13
2020-10-09,Shasta,89,179085,1761,1353,15,1368,20
2020-10-09,Sierra,91,2930,6,6,0,6,0
2020-10-09,Siskiyou,93,43540,169,156,10,166,0
2020-10-09,Solano,95,438530,6823,6614,41,6655,53
2020-10-09,Sonoma,97,501317,8660,8133,21,8154,133
2020-10-09,Stanislaus,99,539301,17015,16904,636,17540,362
2020-10-09,Sutter,101,95872,1755,1732,1,1733,12
2020-10-09,Tehama,103,63373,724,682,1,683,3
2020-10-09,Trinity,105,12862,33,25,5,30,0
2020-10-09,Tulare,107,460477,17014,16644,221,16865,286
2020-10-09,Tuolumne,109,53932,245,230,2,232,4
2020-10-09,Ventura,111,848112,13951,13469,275,13744,151
2020-10-09,Yolo,113,214977,3017,2928,6,2934,55
2020-10-09,Yuba,115,75493,1157,1129,5,1134,10
2020-10-08,Alameda,1,1643700,22362,21826,210,22036,395
2020-10-08,Alpine,3,1148,4,3,0,3,0
2020-10-08,Amador,5,37829,306,302,0,302,16
2020-10-08,Butte,7,227075,3031,2935,19,2954,51
2020-10-08,Calaveras,9,45235,317,262,0,262,11
2020-10-08,Colusa,11,21464,540,539,0,539,6
2020-10-08,Contra Costa,13,1133247,17992,17418,90,17508,228
2020-10-08,Del Norte,15,27424,165,151,0,151,2
2020-10-08,El Dorado,17,186661,1283,1230,2,1232,4
2020-10-08,Fresno,19,978130,31709,29111,390,29501,416
2020-10-08,Glenn,21,27897,630,616,0,616,3
2020-10-08,Humboldt,23,135768,530,515,0,515,7
2020-10-08,Imperial,25,180216,12280,11405,7,11412,330
2020-10-08,Inyo,27,18085,203,199,1,200,14
2020-10-08,Kern,29,883053,32839,32169,353,32522,411
2020-10-08,Kings,31,150075,8198,7968,46,8014,80
2020-10-08,Lake,33,64148,649,604,0,604,11
2020-10-08,Lassen,35,31185,755,751,1,752,0
2020-10-08,Los Angeles,37,10098052,282776,276763,2395,279158,6699
2020-10-08,Madera,39,155013,4770,4637,29,4666,50
2020-10-08,Marin,41,260295,6934,6810,18,6828,96
2020-10-08,Mariposa,43,17540,78,76,0,76,2
2020-10-08,Mendocino,45,87422,986,930,2,932,20
2020-10-08,Merced,47,269075,9212,9069,24,9093,144
2020-10-08,Modoc,49,8938,29,27,0,27,0
2020-10-08,Mono,51,14174,173,153,3,156,1
2020-10-08,Monterey,53,433212,10604,10343,39,10382,75
2020-10-08,Napa,55,140530,1847,1779,5,1784,11
2020-10-08,Nevada,57,99092,580,556,16,572,6
2020-10-08,Orange,59,3164182,57297,54523,1600,56123,1293
2020-10-08,Placer,61,380077,3887,3715,13,3728,48
2020-10-08,Plumas,63,18699,52,50,0,50,0
2020-10-08,Riverside,65,2383286,62774,61105,219,61324,1244
2020-10-08,Sacramento,67,1510023,23897,23482,20,23502,454
2020-10-08,San Benito,69,59416,1371,1367,0,1367,13
2020-10-08,San Bernardino,71,2135413,58338,56152,64,56216,1048
2020-10-08,San Diego,73,3302833,51550,49468,0,49468,819
2020-10-08,San Francisco,75,870044,11740,11608,40,11648,115
2020-10-08,San Joaquin,77,732212,20939,20576,90,20666,478
2020-10-08,San Luis Obispo,79,281455,3971,3785,14,3799,32
2020-10-08,San Mateo,81,765935,10743,10044,7,10051,130
2020-10-08,Santa Barbara,83,443738,9879,9374,71,9445,116
2020-10-08,Santa Clara,85,1922200,23163,22095,30,22125,323
2020-10-08,Santa Cruz,87,273765,2629,2535,34,2569,13
2020-10-08,Shasta,89,179085,1727,1305,15,1320,20
2020-10-08,Sierra,91,2930,6,6,0,6,0
2020-10-08,Siskiyou,93,43540,169,156,10,166,0
2020-10-08,Solano,95,438530,6799,6556,41,6597,53
2020-10-08,Sonoma,97,501317,8594,8063,21,8084,132
2020-10-08,Stanislaus,99,539301,16970,16821,628,17449,360
2020-10-08,Sutter,101,95872,1755,1725,1,1726,12
2020-10-08,Tehama,103,63373,715,676,1,677,3
2020-10-08,Trinity,105,12862,33,25,5,30,0
2020-10-08,Tulare,107,460477,16953,16573,212,16785,283
2020-10-08,Tuolumne,109,53932,244,230,2,232,4
2020-10-08,Ventura,111,848112,13904,13399,272,13671,151
2020-10-08,Yolo,113,214977,3000,2914,6,2920,55
2020-10-08,Yuba,115,75493,1152,1126,5,1131,10
2020-10-07,Alameda,1,1643700,22286,21736,210,21946,395
2020-10-07,Alpine,3,1148,4,3,0,3,0
2020-10-07,Amador,5,37829,306,302,0,302,16
2020-10-07,Butte,7,227075,3019,2927,19,2946,47
2020-10-07,Calaveras,9,45235,315,262,0,262,11
2020-10-07,Colusa,11,21464,539,539,0,539,6
2020-10-07,Contra Costa,13,1133247,17922,17346,89,17435,225
2020-10-07,Del Norte,15,27424,164,149,0,149,2
2020-10-07,El Dorado,17,186661,1275,1219,2,1221,4
2020-10-07,Fresno,19,978130,31587,29069,385,29454,413
2020-10-07,Glenn,21,27897,630,615,0,615,3
2020-10-07,Humboldt,23,135768,527,512,0,512,7
2020-10-07,Imperial,25,180216,12244,11289,7,11296,330
2020-10-07,Inyo,27,18085,203,199,1,200,14
2020-10-07,Kern,29,883053,32767,32068,352,32420,410
2020-10-07,Kings,31,150075,8183,7948,46,7994,80
2020-10-07,Lake,33,64148,648,599,0,599,11
2020-10-07,Lassen,35,31185,755,751,1,752,0
2020-10-07,Los Angeles,37,10098052,281604,275559,2357,277916,6681
2020-10-07,Madera,39,155013,4750,4618,29,4647,50
2020-10-07,Marin,41,260295,6907,6790,18,6808,95
2020-10-07,Mariposa,43,17540,78,75,0,75,2
2020-10-07,Mendocino,45,87422,980,927,2,929,19
2020-10-07,Merced,47,269075,9175,9045,23,9068,144
2020-10-07,Modoc,49,8938,29,27,0,27,0
2020-10-07,Mono,51,14174,172,153,2,155,1
2020-10-07,Monterey,53,433212,10545,10272,39,10311,75
2020-10-07,Napa,55,140530,1834,1774,5,1779,11
2020-10-07,Nevada,57,99092,576,552,16,568,6
2020-10-07,Orange,59,3164182,57078,54332,1590,55922,1277
2020-10-07,Placer,61,380077,3871,3693,13,3706,48
2020-10-07,Plumas,63,18699,52,50,0,50,0
2020-10-07,Riverside,65,2383286,62427,60857,215,61072,1241
2020-10-07,Sacramento,67,1510023,23801,23380,20,23400,452
2020-10-07,San Benito,69,59416,1368,1363,0,1363,13
2020-10-07,San Bernardino,71,2135413,57990,55738,63,55801,1043
2020-10-07,San Diego,73,3302833,51234,49177,0,49177,813
2020-10-07,San Francisco,75,870044,11705,11551,40,11591,115
2020-10-07,San Joaquin,77,732212,20887,20527,82,20609,478
2020-10-07,San Luis Obispo,79,281455,3941,3749,14,3763,32
2020-10-07,San Mateo,81,765935,10701,9980,7,9987,130
2020-10-07,Santa Barbara,83,443738,9851,9350,70,9420,116
2020-10-07,Santa Clara,85,1922200,23036,21993,30,22023,320
2020-10-07,Santa Cruz,87,273765,2617,2518,34,2552,14
2020-10-07,Shasta,89,179085,1684,1268,15,1283,20
2020-10-07,Sierra,91,2930,6,6,0,6,0
2020-10-07,Siskiyou,93,43540,167,154,10,164,0
2020-10-07,Solano,95,438530,6764,6526,41,6567,53
2020-10-07,Sonoma,97,501317,8517,7993,21,8014,130
2020-10-07,Stanislaus,99,539301,16937,16786,622,17408,357
2020-10-07,Sutter,101,95872,1751,1723,1,1724,12
2020-10-07,Tehama,103,63373,706,666,1,667,3
2020-10-07,Trinity,105,12862,31,25,5,30,0
2020-10-07,Tulare,107,460477,16912,16483,203,16686,282
2020-10-07,Tuolumne,109,53932,244,227,2,229,3
2020-10-07,Ventura,111,848112,13854,13333,266,13599,150
2020-10-07,Yolo,113,214977,2974,2904,6,2910,55
2020-10-07,Yuba,115,75493,1146,1120,5,1125,10
2020-10-06,Alameda,1,1643700,22196,21698,208,21906,385
2020-10-06,Alpine,3,1148,4,3,0,3,0
2020-10-06,Amador,5,37829,304,301,0,301,16
2020-10-06,Butte,7,227075,3012,2925,19,2944,47
2020-10-06,Calaveras,9,45235,315,261,0,261,11
2020-10-06,Colusa,11,21464,538,538,0,538,6
2020-10-06,Contra Costa,13,1133247,17843,17295,89,17384,219
2020-10-06,Del Norte,15,27424,164,144,0,144,2
2020-10-06,El Dorado,17,186661,1271,1211,2,1213,4
2020-10-06,Fresno,19,978130,31445,29022,382,29404,412
2020-10-06,Glenn,21,27897,627,604,0,604,3
2020-10-06,Humboldt,23,135768,524,508,0,508,7
2020-10-06,Imperial,25,180216,12206,11196,7,11203,327
2020-10-06,Inyo,27,18085,201,198,1,199,14
2020-10-06,Kern,29,883053,32690,32006,350,32356,407
2020-10-06,Kings,31,150075,8167,7943,46,7989,81
2020-10-06,Lake,33,64148,642,596,0,596,11
2020-10-06,Lassen,35,31185,755,743,1,744,0
2020-10-06,Los Angeles,37,10098052,280372,274115,2304,276419,6657
2020-10-06,Madera,39,155013,4738,4608,29,4637,50
2020-10-06,Marin,41,260295,6893,6766,18,6784,91
2020-10-06,Mariposa,43,17540,78,75,0,75,2
2020-10-06,Mendocino,45,87422,973,920,2,922,19
2020-10-06,Merced,47,269075,9139,9034,22,9056,143
2020-10-06,Modoc,49,8938,29,26,0,26,0
2020-10-06,Mono,51,14174,172,153,2,155,1
2020-10-06,Monterey,53,433212,10489,10235,38,10273,72
2020-10-06,Napa,55,140530,1828,1770,5,1775,11
2020-10-06,Nevada,57,99092,574,551,16,567,6
2020-10-06,Orange,59,3164182,56863,54203,1582,55785,1273
2020-10-06,Placer,61,380077,3849,3680,13,3693,48
2020-10-06,Plumas,63,18699,52,49,0,49,0
2020-10-06,Riverside,65,2383286,62163,60593,212,60805,1238
2020-10-06,Sacramento,67,1510023,23714,23322,20,23342,442
2020-10-06,San Benito,69,59416,1367,1358,0,1358,12
2020-10-06,San Bernardino,71,2135413,57675,55416,62,55478,1040
2020-10-06,San Diego,73,3302833,50897,48823,0,48823,806
2020-10-06,San Francisco,75,870044,11679,11513,39,11552,115
2020-10-06,San Joaquin,77,732212,20847,20481,79,20560,477
2020-10-06,San Luis Obispo,79,281455,3907,3723,14,3737,32
2020-10-06,San Mateo,81,765935,10668,9934,7,9941,129
2020-10-06,Santa Barbara,83,443738,9822,9331,69,9400,116
2020-10-06,Santa Clara,85,1922200,22941,21914,30,21944,320
2020-10-06,Santa Cruz,87,273765,2595,2510,34,2544,12
2020-10-06,Shasta,89,179085,1644,1242,15,1257,18
2020-10-06,Sierra,91,2930,6,6,0,6,0
2020-10-06,Siskiyou,93,43540,167,154,10,164,0
2020-10-06,Solano,95,438530,6718,6506,41,6547,52
2020-10-06,Sonoma,97,501317,8425,7895,21,7916,130
2020-10-06,Stanislaus,99,539301,16892,16759,616,17375,354
2020-10-06,Sutter,101,95872,1749,1722,1,1723,12
2020-10-06,Tehama,103,63373,697,660,1,661,3
2020-10-06,Trinity,105,12862,31,25,5,30,0
2020-10-06,Tulare,107,460477,16870,16456,195,16651,280
2020-10-06,Tuolumne,109,53932,243,227,2,229,2
2020-10-06,Ventura,111,848112,13787,13242,261,13503,150
2020-10-06,Yolo,113,214977,2960,2899,6,2905,56
2020-10-06,Yuba,115,75493,1145,1114,5,1119,10
2020-10-05,Alameda,1,1643700,22109,21637,205,21842,383
2020-10-05,Alpine,3,1148,4,2,0,2,0
2020-10-05,Amador,5,37829,304,299,0,299,16
2020-10-05,Butte,7,227075,3002,2910,19,2929,46
2020-10-05,Calaveras,9,45235,315,259,0,259,11
2020-10-05,Colusa,11,21464,538,537,0,537,6
2020-10-05,Contra Costa,13,1133247,17766,17250,89,17339,216
2020-10-05,Del Norte,15,27424,161,142,0,142,2
2020-10-05,El Dorado,17,186661,1267,1202,2,1204,4
2020-10-05,Fresno,19,978130,31328,29136,382,29518,408
2020-10-05,Glenn,21,27897,625,603,0,603,3
2020-10-05,Humboldt,23,135768,523,506,0,506,6
2020-10-05,Imperial,25,180216,12167,11169,7,11176,327
2020-10-05,Inyo,27,18085,201,197,1,198,14
2020-10-05,Kern,29,883053,32612,31933,346,32279,404
2020-10-05,Kings,31,150075,8070,7932,46,7978,80
2020-10-05,Lake,33,64148,638,592,0,592,10
2020-10-05,Lassen,35,31185,754,743,1,744,0
2020-10-05,Los Angeles,37,10098052,279293,273200,2260,275460,6632
2020-10-05,Madera,39,155013,4730,4598,27,4625,50
2020-10-05,Marin,41,260295,6877,6751,18,6769,91
2020-10-05,Mariposa,43,17540,78,75,0,75,2
2020-10-05,Mendocino,45,87422,965,913,2,915,19
2020-10-05,Merced,47,269075,9120,9021,21,9042,143
2020-10-05,Modoc,49,8938,29,26,0,26,0
2020-10-05,Mono,51,14174,172,152,2,154,1
2020-10-05,Monterey,53,433212,10442,10187,38,10225,72
2020-10-05,Napa,55,140530,1818,1760,5,1765,11
2020-10-05,Nevada,57,99092,571,550,15,565,6
2020-10-05,Orange,59,3164182,56649,54103,1567,55670,1271
2020-10-05,Placer,61,380077,3823,3670,13,3683,46
2020-10-05,Plumas,63,18699,51,49,0,49,0
2020-10-05,Riverside,65,2383286,61844,60454,208,60662,1232
2020-10-05,Sacramento,67,1510023,23612,23207,20,23227,438
2020-10-05,San Benito,69,59416,1364,1356,0,1356,12
2020-10-05,San Bernardino,71,2135413,57369,55100,62,55162,1031
2020-10-05,San Diego,73,3302833,50561,48662,0,48662,803
2020-10-05,San Francisco,75,870044,11640,11476,36,11512,110
2020-10-05,San Joaquin,77,732212,20776,20319,76,20395,476
2020-10-05,San Luis Obispo,79,281455,3881,3710,14,3724,32
2020-10-05,San Mateo,81,765935,10641,9896,7,9903,128
2020-10-05,Santa Barbara,83,443738,9800,9309,69,9378,116
2020-10-05,Santa Clara,85,1922200,22826,21861,30,21891,319
2020-10-05,Santa Cruz,87,273765,2583,2492,34,2526,9
2020-10-05,Shasta,89,179085,1611,1158,15,1173,18
2020-10-05,Sierra,91,2930,6,6,0,6,0
2020-10-05,Siskiyou,93,43540,167,153,10,163,0
2020-10-05,Solano,95,438530,6679,6475,41,6516,52
2020-10-05,Sonoma,97,501317,8333,7817,21,7838,130
2020-10-05,Stanislaus,99,539301,16857,16730,609,17339,351
2020-10-05,Sutter,101,95872,1741,1719,1,1720,12
2020-10-05,Tehama,103,63373,689,642,1,643,3
2020-10-05,Trinity,105,12862,31,22,5,27,0
2020-10-05,Tulare,107,460477,16812,16343,191,16534,278
2020-10-05,Tuolumne,109,53932,240,226,2,228,2
2020-10-05,Ventura,111,848112,13720,13224,239,13463,149
2020-10-05,Yolo,113,214977,2941,2889,6,2895,56
2020-10-05,Yuba,115,75493,1132,1108,5,1113,9
2020-10-04,Alameda,1,1643700,22014,21597,205,21802,383
2020-10-04,Alpine,3,1148,4,2,0,2,0
2020-10-04,Amador,5,37829,302,297,0,297,16
2020-10-04,Butte,7,227075,2988,2903,19,2922,46
2020-10-04,Calaveras,9,45235,315,259,0,259,11
2020-10-04,Colusa,11,21464,537,537,0,537,6
2020-10-04,Contra Costa,13,1133247,17701,17192,89,17281,214
2020-10-04,Del Norte,15,27424,157,142,0,142,2
2020-10-04,El Dorado,17,186661,1263,1196,2,1198,4
2020-10-04,Fresno,19,978130,31205,29065,382,29447,408
2020-10-04,Glenn,21,27897,623,601,0,601,3
2020-10-04,Humboldt,23,135768,522,506,0,506,6
2020-10-04,Imperial,25,180216,12127,11127,7,11134,327
2020-10-04,Inyo,27,18085,198,195,1,196,14
2020-10-04,Kern,29,883053,32538,31906,344,32250,404
2020-10-04,Kings,31,150075,8055,7919,46,7965,80
2020-10-04,Lake,33,64148,624,589,0,589,10
2020-10-04,Lassen,35,31185,754,743,1,744,0
2020-10-04,Los Angeles,37,10098052,277912,272822,2209,275031,6625
2020-10-04,Madera,39,155013,4714,4587,27,4614,50
2020-10-04,Marin,41,260295,6857,6741,18,6759,91
2020-10-04,Mariposa,43,17540,78,75,0,75,2
2020-10-04,Mendocino,45,87422,952,905,2,907,18
2020-10-04,Merced,47,269075,9095,9006,21,9027,140
2020-10-04,Modoc,49,8938,29,26,0,26,0
2020-10-04,Mono,51,14174,171,152,1,153,1
2020-10-04,Monterey,53,433212,10401,10141,37,10178,72
2020-10-04,Napa,55,140530,1806,1759,5,1764,11
2020-10-04,Nevada,57,99092,567,547,14,561,6
2020-10-04,Orange,59,3164182,56413,53966,1558,55524,1270
2020-10-04,Placer,61,380077,3802,3664,13,3677,46
2020-10-04,Plumas,63,18699,51,49,0,49,0
2020-10-04,Riverside,65,2383286,61558,60251,203,60454,1226
2020-10-04,Sacramento,67,1510023,23499,23162,20,23182,438
2020-10-04,San Benito,69,59416,1364,1355,0,1355,12
2020-10-04,San Bernardino,71,2135413,56925,55100,62,55162,1031
2020-10-04,San Diego,73,3302833,50195,48438,0,48438,803
2020-10-04,San Francisco,75,870044,11608,11474,34,11508,110
2020-10-04,San Joaquin,77,732212,20699,20320,70,20390,476
2020-10-04,San Luis Obispo,79,281455,3856,3688,14,3702,31
2020-10-04,San Mateo,81,765935,10580,9858,7,9865,128
2020-10-04,Santa Barbara,83,443738,9774,9276,67,9343,116
2020-10-04,Santa Clara,85,1922200,22690,21780,30,21810,316
2020-10-04,Santa Cruz,87,273765,2567,2483,34,2517,9
2020-10-04,Shasta,89,179085,1513,1158,14,1172,18
2020-10-04,Sierra,91,2930,6,6,0,6,0
2020-10-04,Siskiyou,93,43540,167,153,10,163,0
2020-10-04,Solano,95,438530,6628,6445,41,6486,52
2020-10-04,Sonoma,97,501317,8245,7794,21,7815,129
2020-10-04,Stanislaus,99,539301,16807,16711,600,17311,351
2020-10-04,Sutter,101,95872,1736,1711,1,1712,11
2020-10-04,Tehama,103,63373,674,637,1,638,3
2020-10-04,Trinity,105,12862,31,21,5,26,0
2020-10-04,Tulare,107,460477,16738,16343,179,16522,278
2020-10-04,Tuolumne,109,53932,238,226,2,228,2
2020-10-04,Ventura,111,848112,13638,13197,222,13419,149
2020-10-04,Yolo,113,214977,2930,2875,6,2881,56
2020-10-04,Yuba,115,75493,1128,1103,5,1108,9
2020-10-03,Alameda,1,1643700,21970,21510,204,21714,386
2020-10-03,Alpine,3,1148,4,2,0,2,0
2020-10-03,Amador,5,37829,301,296,0,296,16
2020-10-03,Butte,7,227075,2982,2894,19,2913,46
2020-10-03,Calaveras,9,45235,315,259,0,259,11
2020-10-03,Colusa,11,21464,536,537,0,537,6
2020-10-03,Contra Costa,13,1133247,17651,17087,87,17174,213
2020-10-03,Del Norte,15,27424,153,142,0,142,2
2020-10-03,El Dorado,17,186661,1256,1188,2,1190,4
2020-10-03,Fresno,19,978130,31146,28975,381,29356,408
2020-10-03,Glenn,21,27897,621,601,0,601,3
2020-10-03,Humboldt,23,135768,521,504,0,504,6
2020-10-03,Imperial,25,180216,12104,11090,7,11097,327
2020-10-03,Inyo,27,18085,198,194,1,195,14
2020-10-03,Kern,29,883053,32489,31864,341,32205,403
2020-10-03,Kings,31,150075,8051,7887,46,7933,80
2020-10-03,Lake,33,64148,614,588,0,588,10
2020-10-03,Lassen,35,31185,754,743,1,744,0
2020-10-03,Los Angeles,37,10098052,277208,271869,2179,274048,6620
2020-10-03,Madera,39,155013,4697,4565,27,4592,50
2020-10-03,Marin,41,260295,6851,6728,18,6746,91
2020-10-03,Mariposa,43,17540,78,75,0,75,2
2020-10-03,Mendocino,45,87422,950,898,2,900,18
2020-10-03,Merced,47,269075,9082,8986,21,9007,139
2020-10-03,Modoc,49,8938,29,26,0,26,0
2020-10-03,Mono,51,14174,171,152,1,153,1
2020-10-03,Monterey,53,433212,10367,10092,34,10126,72
2020-10-03,Napa,55,140530,1802,1752,5,1757,11
2020-10-03,Nevada,57,99092,565,544,14,558,6
2020-10-03,Orange,59,3164182,56297,53573,1553,55126,1268
2020-10-03,Placer,61,380077,3791,3648,13,3661,47
2020-10-03,Plumas,63,18699,51,48,0,48,0
2020-10-03,Riverside,65,2383286,61403,59991,202,60193,1226
2020-10-03,Sacramento,67,1510023,23448,23076,20,23096,437
2020-10-03,San Benito,69,59416,1364,1351,0,1351,12
2020-10-03,San Bernardino,71,2135413,56753,55004,62,55066,1031
2020-10-03,San Diego,73,3302833,49964,48202,0,48202,798
2020-10-03,San Francisco,75,870044,11583,11475,32,11507,110
2020-10-03,San Joaquin,77,732212,20673,20322,70,20392,476
2020-10-03,San Luis Obispo,79,281455,3832,3670,14,3684,31
2020-10-03,San Mateo,81,765935,10554,9822,6,9828,128
2020-10-03,Santa Barbara,83,443738,9761,9256,67,9323,116
2020-10-03,Santa Clara,85,1922200,22610,21672,30,21702,309
2020-10-03,Santa Cruz,87,273765,2559,2476,34,2510,9
2020-10-03,Shasta,89,179085,1485,1117,13,1130,18
2020-10-03,Sierra,91,2930,6,6,0,6,0
2020-10-03,Siskiyou,93,43540,167,152,10,162,0
2020-10-03,Solano,95,438530,6602,6419,41,6460,52
2020-10-03,Sonoma,97,501317,8202,7747,21,7768,129
2020-10-03,Stanislaus,99,539301,16774,16645,596,17241,351
2020-10-03,Sutter,101,95872,1732,1705,1,1706,11
2020-10-03,Tehama,103,63373,668,630,1,631,3
2020-10-03,Trinity,105,12862,31,15,5,20,0
2020-10-03,Tulare,107,460477,16696,16322,174,16496,278
2020-10-03,Tuolumne,109,53932,237,224,2,226,2
2020-10-03,Ventura,111,848112,13599,13150,218,13368,148
2020-10-03,Yolo,113,214977,2923,2863,6,2869,56
2020-10-03,Yuba,115,75493,1120,1097,5,1102,8
2020-10-02,Alameda,1,1643700,21916,21404,203,21607,382
2020-10-02,Alpine,3,1148,4,2,0,2,0
2020-10-02,Amador,5,37829,300,296,0,296,16
2020-10-02,Butte,7,227075,2972,2879,19,2898,46
2020-10-02,Calaveras,9,45235,314,259,0,259,11
2020-10-02,Colusa,11,21464,535,537,0,537,6
2020-10-02,Contra Costa,13,1133247,17608,17002,87,17089,213
2020-10-02,Del Norte,15,27424,152,141,0,141,2
2020-10-02,El Dorado,17,186661,1249,1168,2,1170,4
2020-10-02,Fresno,19,978130,31063,28855,381,29236,403
2020-10-02,Glenn,21,27897,616,594,0,594,3
2020-10-02,Humboldt,23,135768,520,503,0,503,6
2020-10-02,Imperial,25,180216,12082,11024,7,11031,327
2020-10-02,Inyo,27,18085,196,191,1,192,14
2020-10-02,Kern,29,883053,32437,31790,339,32129,399
2020-10-02,Kings,31,150075,8042,7716,46,7762,79
2020-10-02,Lake,33,64148,608,579,0,579,10
2020-10-02,Lassen,35,31185,754,742,1,743,0
2020-10-02,Los Angeles,37,10098052,276307,270935,2150,273085,6602
2020-10-02,Madera,39,155013,4688,4537,27,4564,49
2020-10-02,Marin,41,260295,6834,6717,18,6735,91
2020-10-02,Mariposa,43,17540,78,75,0,75,2
2020-10-02,Mendocino,45,87422,946,883,2,885,18
2020-10-02,Merced,47,269075,9072,8961,21,8982,139
2020-10-02,Modoc,49,8938,29,26,0,26,0
2020-10-02,Mono,51,14174,171,150,1,151,1
2020-10-02,Monterey,53,433212,10333,9997,34,10031,71
2020-10-02,Napa,55,140530,1796,1737,5,1742,11
2020-10-02,Nevada,57,99092,562,543,14,557,6
2020-10-02,Orange,59,3164182,56166,53299,1546,54845,1262
2020-10-02,Placer,61,380077,3771,3612,13,3625,46
2020-10-02,Plumas,63,18699,51,48,0,48,0
2020-10-02,Riverside,65,2383286,61182,59673,199,59872,1223
2020-10-02,Sacramento,67,1510023,23385,22818,20,22838,436
2020-10-02,San Benito,69,59416,1360,1347,0,1347,12
2020-10-02,San Bernardino,71,2135413,56566,54613,62,54675,1028
2020-10-02,San Diego,73,3302833,49712,47793,0,47793,794
2020-10-02,San Francisco,75,870044,11560,11398,32,11430,110
2020-10-02,San Joaquin,77,732212,20640,20235,68,20303,474
2020-10-02,San Luis Obispo,79,281455,3809,3654,14,3668,31
2020-10-02,San Mateo,81,765935,10513,9745,6,9751,128
2020-10-02,Santa Barbara,83,443738,9739,9234,67,9301,116
2020-10-02,Santa Clara,85,1922200,22529,21545,30,21575,305
2020-10-02,Santa Cruz,87,273765,2542,2463,34,2497,9
2020-10-02,Shasta,89,179085,1450,1046,13,1059,18
2020-10-02,Sierra,91,2930,6,6,0,6,0
2020-10-02,Siskiyou,93,43540,167,151,10,161,0
2020-10-02,Solano,95,438530,6572,6385,41,6426,52
2020-10-02,Sonoma,97,501317,8145,7662,21,7683,125
2020-10-02,Stanislaus,99,539301,16734,16609,587,17196,349
2020-10-02,Sutter,101,95872,1731,1693,1,1694,11
2020-10-02,Tehama,103,63373,663,619,1,620,3
2020-10-02,Trinity,105,12862,31,15,5,20,0
2020-10-02,Tulare,107,460477,16656,16245,167,16412,278
2020-10-02,Tuolumne,109,53932,235,225,2,227,2
2020-10-02,Ventura,111,848112,13562,13120,212,13332,146
2020-10-02,Yolo,113,214977,2918,2845,6,2851,55
2020-10-02,Yuba,115,75493,1118,1090,5,1095,8
2020-10-01,Alameda,1,1643700,21856,21349,200,21549,383
2020-10-01,Alpine,3,1148,4,2,0,2,0
2020-10-01,Amador,5,37829,300,294,0,294,16
2020-10-01,Butte,7,227075,2964,2865,19,2884,45
2020-10-01,Calaveras,9,45235,314,257,0,257,11
2020-10-01,Colusa,11,21464,535,536,0,536,6
2020-10-01,Contra Costa,13,1133247,17546,16898,87,16985,211
2020-10-01,Del Norte,15,27424,147,140,0,140,2
2020-10-01,El Dorado,17,186661,1245,1162,1,1163,4
2020-10-01,Fresno,19,978130,30983,28796,379,29175,397
2020-10-01,Glenn,21,27897,612,593,0,593,3
2020-10-01,Humboldt,23,135768,520,499,0,499,6
2020-10-01,Imperial,25,180216,12039,10928,7,10935,325
2020-10-01,Inyo,27,18085,196,191,1,192,14
2020-10-01,Kern,29,883053,32374,31678,336,32014,399
2020-10-01,Kings,31,150075,8031,7688,43,7731,79
2020-10-01,Lake,33,64148,602,572,0,572,11
2020-10-01,Lassen,35,31185,751,742,1,743,0
2020-10-01,Los Angeles,37,10098052,275268,271513,2113,273626,6621
2020-10-01,Madera,39,155013,4665,4508,27,4535,48
2020-10-01,Marin,41,260295,6820,6710,18,6728,92
2020-10-01,Mariposa,43,17540,78,76,0,76,2
2020-10-01,Mendocino,45,87422,941,874,2,876,19
2020-10-01,Merced,47,269075,9044,8942,21,8963,138
2020-10-01,Modoc,49,8938,29,26,0,26,0
2020-10-01,Mono,51,14174,169,150,1,151,1
2020-10-01,Monterey,53,433212,10257,9958,34,9992,71
2020-10-01,Napa,55,140530,1788,1729,5,1734,11
2020-10-01,Nevada,57,99092,561,543,14,557,6
2020-10-01,Orange,59,3164182,56001,53088,1533,54621,1257
2020-10-01,Placer,61,380077,3743,3599,13,3612,45
2020-10-01,Plumas,63,18699,51,48,0,48,0
2020-10-01,Riverside,65,2383286,60932,59293,192,59485,1223
2020-10-01,Sacramento,67,1510023,23274,22714,19,22733,433
2020-10-01,San Benito,69,59416,1358,1346,0,1346,12
2020-10-01,San Bernardino,71,2135413,56272,54350,60,54410,1021
2020-10-01,San Diego,73,3302833,49430,47487,0,47487,792
2020-10-01,San Francisco,75,870044,11529,11284,30,11314,110
2020-10-01,San Joaquin,77,732212,20593,20204,65,20269,471
2020-10-01,San Luis Obispo,79,281455,3782,3625,14,3639,31
2020-10-01,San Mateo,81,765935,10468,9681,6,9687,128
2020-10-01,Santa Barbara,83,443738,9697,9215,67,9282,118
2020-10-01,Santa Clara,85,1922200,22429,21398,30,21428,305
2020-10-01,Santa Cruz,87,273765,2527,2418,34,2452,10
2020-10-01,Shasta,89,179085,1399,991,13,1004,18
2020-10-01,Sierra,91,2930,6,6,0,6,0
2020-10-01,Siskiyou,93,43540,164,150,10,160,0
2020-10-01,Solano,95,438530,6534,6352,41,6393,52
2020-10-01,Sonoma,97,501317,8078,7569,21,7590,125
2020-10-01,Stanislaus,99,539301,16701,16555,581,17136,346
2020-10-01,Sutter,101,95872,1726,1684,1,1685,11
2020-10-01,Tehama,103,63373,653,606,1,607,3
2020-10-01,Trinity,105,12862,31,15,5,20,0
2020-10-01,Tulare,107,460477,16583,16182,164,16346,275
2020-10-01,Tuolumne,109,53932,235,223,2,225,2
2020-10-01,Ventura,111,848112,13513,13057,196,13253,146
2020-10-01,Yolo,113,214977,2900,2833,6,2839,55
2020-10-01,Yuba,115,75493,1114,1082,5,1087,8
2020-09-30,Alameda,1,1643700,21779,21271,196,21467,380
2020-09-30,Alpine,3,1148,4,2,0,2,0
2020-09-30,Amador,5,37829,300,294,0,294,16
2020-09-30,Butte,7,227075,2956,2858,19,2877,44
2020-09-30,Calaveras,9,45235,313,258,0,258,11
2020-09-30,Colusa,11,21464,534,534,0,534,6
2020-09-30,Contra Costa,13,1133247,17477,16819,87,16906,211
2020-09-30,Del Norte,15,27424,146,140,0,140,2
2020-09-30,El Dorado,17,186661,1233,1157,1,1158,4
2020-09-30,Fresno,19,978130,30892,28706,376,29082,395
2020-09-30,Glenn,21,27897,607,592,0,592,3
2020-09-30,Humboldt,23,135768,518,497,0,497,6
2020-09-30,Imperial,25,180216,12014,10868,7,10875,287
2020-09-30,Inyo,27,18085,196,189,0,189,14
2020-09-30,Kern,29,883053,32301,31601,335,31936,398
2020-09-30,Kings,31,150075,8002,7685,43,7728,79
2020-09-30,Lake,33,64148,596,567,0,567,10
2020-09-30,Lassen,35,31185,748,742,1,743,0
2020-09-30,Los Angeles,37,10098052,274031,270260,2079,272339,6568
2020-09-30,Madera,39,155013,4656,4477,27,4504,47
2020-09-30,Marin,41,260295,6796,6700,17,6717,91
2020-09-30,Mariposa,43,17540,78,76,0,76,2
2020-09-30,Mendocino,45,87422,935,867,2,869,17
2020-09-30,Merced,47,269075,9024,8926,21,8947,136
2020-09-30,Modoc,49,8938,29,26,0,26,0
2020-09-30,Mono,51,14174,169,150,1,151,1
2020-09-30,Monterey,53,433212,10207,9898,33,9931,70
2020-09-30,Napa,55,140530,1774,1728,5,1733,11
2020-09-30,Nevada,57,99092,559,540,14,554,6
2020-09-30,Orange,59,3164182,55810,52916,1517,54433,1251
2020-09-30,Placer,61,380077,3722,3585,13,3598,43
2020-09-30,Plumas,63,18699,51,48,0,48,0
2020-09-30,Riverside,65,2383286,60580,59074,187,59261,1220
2020-09-30,Sacramento,67,1510023,23172,22613,19,22632,429
2020-09-30,San Benito,69,59416,1355,1342,0,1342,12
2020-09-30,San Bernardino,71,2135413,55996,53988,60,54048,1018
2020-09-30,San Diego,73,3302833,49128,47182,0,47182,783
2020-09-30,San Francisco,75,870044,11499,11247,30,11277,106
2020-09-30,San Joaquin,77,732212,20510,20150,63,20213,461
2020-09-30,San Luis Obispo,79,281455,3757,3597,14,3611,31
2020-09-30,San Mateo,81,765935,10426,9634,6,9640,128
2020-09-30,Santa Barbara,83,443738,9672,9186,67,9253,115
2020-09-30,Santa Clara,85,1922200,22324,21318,30,21348,302
2020-09-30,Santa Cruz,87,273765,2514,2405,34,2439,10
2020-09-30,Shasta,89,179085,1343,976,13,989,17
2020-09-30,Sierra,91,2930,6,6,0,6,0
2020-09-30,Siskiyou,93,43540,162,150,10,160,0
2020-09-30,Solano,95,438530,6492,6315,41,6356,51
2020-09-30,Sonoma,97,501317,7990,7494,21,7515,125
2020-09-30,Stanislaus,99,539301,16654,16531,575,17106,343
2020-09-30,Sutter,101,95872,1710,1680,1,1681,10
2020-09-30,Tehama,103,63373,647,594,1,595,3
2020-09-30,Trinity,105,12862,28,15,5,20,0
2020-09-30,Tulare,107,460477,16517,16117,157,16274,274
2020-09-30,Tuolumne,109,53932,233,224,2,226,2
2020-09-30,Ventura,111,848112,13478,12968,180,13148,145
2020-09-30,Yolo,113,214977,2887,2822,6,2828,55
2020-09-30,Yuba,115,75493,1111,1075,5,1080,8
2020-09-29,Alameda,1,1643700,21703,21241,192,21433,374
2020-09-29,Alpine,3,1148,4,2,0,2,0
2020-09-29,Amador,5,37829,298,294,0,294,16
2020-09-29,Butte,7,227075,2942,2848,19,2867,44
2020-09-29,Calaveras,9,45235,311,261,0,261,11
2020-09-29,Colusa,11,21464,534,534,0,534,6
2020-09-29,Contra Costa,13,1133247,17422,16716,85,16801,209
2020-09-29,Del Norte,15,27424,142,142,0,142,2
2020-09-29,El Dorado,17,186661,1224,1151,1,1152,4
2020-09-29,Fresno,19,978130,30798,28621,375,28996,394
2020-09-29,Glenn,21,27897,603,589,0,589,3
2020-09-29,Humboldt,23,135768,516,497,0,497,6
2020-09-29,Imperial,25,180216,11980,10811,7,10818,283
2020-09-29,Inyo,27,18085,195,188,0,188,14
2020-09-29,Kern,29,883053,32246,31534,334,31868,397
2020-09-29,Kings,31,150075,7946,7681,42,7723,78
2020-09-29,Lake,33,64148,594,566,0,566,11
2020-09-29,Lassen,35,31185,748,741,1,742,0
2020-09-29,Los Angeles,37,10098052,272813,269246,2049,271295,6545
2020-09-29,Madera,39,155013,4632,4453,27,4480,47
2020-09-29,Marin,41,260295,6775,6692,17,6709,91
2020-09-29,Mariposa,43,17540,78,74,0,74,2
2020-09-29,Mendocino,45,87422,925,854,2,856,17
2020-09-29,Merced,47,269075,9011,8892,19,8911,136
2020-09-29,Modoc,49,8938,29,26,0,26,0
2020-09-29,Mono,51,14174,169,149,1,150,1
2020-09-29,Monterey,53,433212,10152,9826,31,9857,70
2020-09-29,Napa,55,140530,1771,1727,5,1732,11
2020-09-29,Nevada,57,99092,554,539,14,553,6
2020-09-29,Orange,59,3164182,55624,52755,1506,54261,1231
2020-09-29,Placer,61,380077,3701,3570,13,3583,42
2020-09-29,Plumas,63,18699,51,48,0,48,0
2020-09-29,Riverside,65,2383286,60251,58863,178,59041,1208
2020-09-29,Sacramento,67,1510023,23051,22547,19,22566,425
2020-09-29,San Benito,69,59416,1350,1341,0,1341,12
2020-09-29,San Bernardino,71,2135413,55689,53753,60,53813,1012
2020-09-29,San Diego,73,3302833,48853,46987,0,46987,781
2020-09-29,San Francisco,75,870044,11463,11142,30,11172,104
2020-09-29,San Joaquin,77,732212,20445,20094,61,20155,454
2020-09-29,San Luis Obispo,79,281455,3737,3581,14,3595,31
2020-09-29,San Mateo,81,765935,10380,9619,6,9625,127
2020-09-29,Santa Barbara,83,443738,9652,9149,66,9215,114
2020-09-29,Santa Clara,85,1922200,22191,21233,29,21262,302
2020-09-29,Santa Cruz,87,273765,2499,2383,33,2416,10
2020-09-29,Shasta,89,179085,1282,943,13,956,17
2020-09-29,Sierra,91,2930,6,6,0,6,0
2020-09-29,Siskiyou,93,43540,156,150,10,160,0
2020-09-29,Solano,95,438530,6458,6303,41,6344,51
2020-09-29,Sonoma,97,501317,7918,7426,21,7447,125
2020-09-29,Stanislaus,99,539301,16624,16505,569,17074,341
2020-09-29,Sutter,101,95872,1704,1677,1,1678,10
2020-09-29,Tehama,103,63373,629,585,1,586,2
2020-09-29,Trinity,105,12862,28,16,5,21,0
2020-09-29,Tulare,107,460477,16454,16055,148,16203,270
2020-09-29,Tuolumne,109,53932,233,224,2,226,2
2020-09-29,Ventura,111,848112,13423,12875,177,13052,145
2020-09-29,Yolo,113,214977,2874,2818,6,2824,55
2020-09-29,Yuba,115,75493,1109,1071,5,1076,8
2020-09-28,Alameda,1,1643700,21618,21133,192,21325,370
2020-09-28,Alpine,3,1148,4,2,0,2,0
2020-09-28,Amador,5,37829,296,294,0,294,16
2020-09-28,Butte,7,227075,2927,2837,19,2856,44
2020-09-28,Calaveras,9,45235,311,257,0,257,11
2020-09-28,Colusa,11,21464,533,531,0,531,6
2020-09-28,Contra Costa,13,1133247,17357,16653,85,16738,195
2020-09-28,Del Norte,15,27424,142,138,0,138,2
2020-09-28,El Dorado,17,186661,1217,1144,1,1145,4
2020-09-28,Fresno,19,978130,30716,28517,368,28885,389
2020-09-28,Glenn,21,27897,601,585,0,585,3
2020-09-28,Humboldt,23,135768,510,495,0,495,6
2020-09-28,Imperial,25,180216,11946,10777,7,10784,283
2020-09-28,Inyo,27,18085,194,188,0,188,14
2020-09-28,Kern,29,883053,32181,31481,331,31812,395
2020-09-28,Kings,31,150075,7805,7661,40,7701,78
2020-09-28,Lake,33,64148,590,559,0,559,10
2020-09-28,Lassen,35,31185,747,737,1,738,0
2020-09-28,Los Angeles,37,10098052,271699,268404,2018,270422,6508
2020-09-28,Madera,39,155013,4611,4438,27,4465,47
2020-09-28,Marin,41,260295,6759,6676,17,6693,91
2020-09-28,Mariposa,43,17540,78,74,0,74,2
2020-09-28,Mendocino,45,87422,910,850,2,852,17
2020-09-28,Merced,47,269075,8983,8869,19,8888,136
2020-09-28,Modoc,49,8938,29,26,0,26,0
2020-09-28,Mono,51,14174,169,148,1,149,1
2020-09-28,Monterey,53,433212,10088,9780,29,9809,69
2020-09-28,Napa,55,140530,1759,1705,5,1710,11
2020-09-28,Nevada,57,99092,546,538,14,552,6
2020-09-28,Orange,59,3164182,55419,52633,1497,54130,1196
2020-09-28,Placer,61,380077,3681,3572,13,3585,42
2020-09-28,Plumas,63,18699,50,48,0,48,0
2020-09-28,Riverside,65,2383286,59952,58570,169,58739,1198
2020-09-28,Sacramento,67,1510023,22903,22392,19,22411,423
2020-09-28,San Benito,69,59416,1347,1336,0,1336,11
2020-09-28,San Bernardino,71,2135413,55347,53501,60,53561,988
2020-09-28,San Diego,73,3302833,48535,46736,0,46736,776
2020-09-28,San Francisco,75,870044,11429,11114,30,11144,100
2020-09-28,San Joaquin,77,732212,20396,19982,60,20042,448
2020-09-28,San Luis Obispo,79,281455,3716,3567,14,3581,31
2020-09-28,San Mateo,81,765935,10330,9582,6,9588,127
2020-09-28,Santa Barbara,83,443738,9635,9121,66,9187,114
2020-09-28,Santa Clara,85,1922200,22075,21180,29,21209,271
2020-09-28,Santa Cruz,87,273765,2489,2359,33,2392,9
2020-09-28,Shasta,89,179085,1228,883,10,893,17
2020-09-28,Sierra,91,2930,6,6,0,6,0
2020-09-28,Siskiyou,93,43540,156,149,10,159,0
2020-09-28,Solano,95,438530,6422,6254,41,6295,51
2020-09-28,Sonoma,97,501317,7842,7369,21,7390,125
2020-09-28,Stanislaus,99,539301,16584,16467,562,17029,336
2020-09-28,Sutter,101,95872,1697,1676,1,1677,10
2020-09-28,Tehama,103,63373,621,579,1,580,2
2020-09-28,Trinity,105,12862,28,16,5,21,0
2020-09-28,Tulare,107,460477,16402,15918,142,16060,270
2020-09-28,Tuolumne,109,53932,233,225,2,227,2
2020-09-28,Ventura,111,848112,13347,12812,170,12982,139
2020-09-28,Yolo,113,214977,2857,2809,6,2815,55
2020-09-28,Yuba,115,75493,1106,1062,5,1067,7
2020-09-27,Alameda,1,1643700,21538,21077,187,21264,370
2020-09-27,Alpine,3,1148,4,2,0,2,0
2020-09-27,Amador,5,37829,296,291,0,291,16
2020-09-27,Butte,7,227075,2916,2833,18,2851,44
2020-09-27,Calaveras,9,45235,310,257,0,257,11
2020-09-27,Colusa,11,21464,532,531,0,531,6
2020-09-27,Contra Costa,13,1133247,17255,16596,84,16680,195
2020-09-27,Del Norte,15,27424,142,138,0,138,2
2020-09-27,El Dorado,17,186661,1202,1130,1,1131,4
2020-09-27,Fresno,19,978130,30611,28441,367,28808,389
2020-09-27,Glenn,21,27897,597,576,0,576,3
2020-09-27,Humboldt,23,135768,508,492,0,492,6
2020-09-27,Imperial,25,180216,11912,10743,7,10750,283
2020-09-27,Inyo,27,18085,192,188,0,188,14
2020-09-27,Kern,29,883053,32062,31462,328,31790,395
2020-09-27,Kings,31,150075,7785,7641,40,7681,78
2020-09-27,Lake,33,64148,586,555,0,555,10
2020-09-27,Lassen,35,31185,747,737,1,738,0
2020-09-27,Los Angeles,37,10098052,270525,267754,1996,269750,6507
2020-09-27,Madera,39,155013,4582,4416,27,4443,47
2020-09-27,Marin,41,260295,6749,6663,17,6680,91
2020-09-27,Mariposa,43,17540,78,74,0,74,2
2020-09-27,Mendocino,45,87422,904,846,2,848,17
2020-09-27,Merced,47,269075,8949,8853,19,8872,136
2020-09-27,Modoc,49,8938,29,26,0,26,0
2020-09-27,Mono,51,14174,169,148,1,149,1
2020-09-27,Monterey,53,433212,10028,9724,28,9752,69
2020-09-27,Napa,55,140530,1754,1690,5,1695,11
2020-09-27,Nevada,57,99092,545,537,14,551,6
2020-09-27,Orange,59,3164182,55147,52458,1487,53945,1195
2020-09-27,Placer,61,380077,3668,3562,13,3575,42
2020-09-27,Plumas,63,18699,50,48,0,48,0
2020-09-27,Riverside,65,2383286,59656,58509,161,58670,1191
2020-09-27,Sacramento,67,1510023,22807,22356,18,22374,422
2020-09-27,San Benito,69,59416,1347,1331,0,1331,11
2020-09-27,San Bernardino,71,2135413,54911,53127,60,53187,988
2020-09-27,San Diego,73,3302833,48191,46612,0,46612,776
2020-09-27,San Francisco,75,870044,11373,11114,30,11144,100
2020-09-27,San Joaquin,77,732212,20336,19981,60,20041,448
2020-09-27,San Luis Obispo,79,281455,3695,3562,14,3576,31
2020-09-27,San Mateo,81,765935,10262,9566,6,9572,127
2020-09-27,Santa Barbara,83,443738,9614,9090,65,9155,114
2020-09-27,Santa Clara,85,1922200,21966,21091,29,21120,271
2020-09-27,Santa Cruz,87,273765,2467,2359,33,2392,9
2020-09-27,Shasta,89,179085,1185,883,9,892,17
2020-09-27,Sierra,91,2930,6,6,0,6,0
2020-09-27,Siskiyou,93,43540,155,149,10,159,0
2020-09-27,Solano,95,438530,6387,6211,41,6252,51
2020-09-27,Sonoma,97,501317,7761,7336,21,7357,124
2020-09-27,Stanislaus,99,539301,16534,16448,555,17003,336
2020-09-27,Sutter,101,95872,1690,1672,1,1673,10
2020-09-27,Tehama,103,63373,604,573,1,574,2
2020-09-27,Trinity,105,12862,28,16,5,21,0
2020-09-27,Tulare,107,460477,16326,15918,132,16050,270
2020-09-27,Tuolumne,109,53932,232,224,2,226,2
2020-09-27,Ventura,111,848112,13262,12775,161,12936,139
2020-09-27,Yolo,113,214977,2843,2796,6,2802,55
2020-09-27,Yuba,115,75493,1096,1059,5,1064,7
2020-09-26,Alameda,1,1643700,21481,21019,186,21205,370
2020-09-26,Alpine,3,1148,4,2,0,2,0
2020-09-26,Amador,5,37829,295,291,0,291,16
2020-09-26,Butte,7,227075,2908,2827,18,2845,44
2020-09-26,Calaveras,9,45235,310,257,0,257,11
2020-09-26,Colusa,11,21464,532,529,0,529,6
2020-09-26,Contra Costa,13,1133247,17213,16508,84,16592,194
2020-09-26,Del Norte,15,27424,142,138,0,138,2
2020-09-26,El Dorado,17,186661,1197,1127,1,1128,4
2020-09-26,Fresno,19,978130,30544,28336,367,28703,389
2020-09-26,Glenn,21,27897,597,576,0,576,3
2020-09-26,Humboldt,23,135768,508,491,0,491,6
2020-09-26,Imperial,25,180216,11895,10721,7,10728,283
2020-09-26,Inyo,27,18085,191,187,0,187,14
2020-09-26,Kern,29,883053,32011,31410,328,31738,394
2020-09-26,Kings,31,150075,7773,7537,40,7577,78
2020-09-26,Lake,33,64148,583,549,0,549,10
2020-09-26,Lassen,35,31185,747,737,1,738,0
2020-09-26,Los Angeles,37,10098052,269890,266931,1979,268910,6497
2020-09-26,Madera,39,155013,4566,4410,27,4437,47
2020-09-26,Marin,41,260295,6736,6641,17,6658,91
2020-09-26,Mariposa,43,17540,77,74,0,74,2
2020-09-26,Mendocino,45,87422,899,836,2,838,17
2020-09-26,Merced,47,269075,8937,8841,18,8859,136
2020-09-26,Modoc,49,8938,29,26,0,26,0
2020-09-26,Mono,51,14174,169,148,1,149,1
2020-09-26,Monterey,53,433212,10001,9651,28,9679,68
2020-09-26,Napa,55,140530,1752,1681,5,1686,11
2020-09-26,Nevada,57,99092,545,534,14,548,6
2020-09-26,Orange,59,3164182,55007,52203,1481,53684,1194
2020-09-26,Placer,61,380077,3655,3551,13,3564,42
2020-09-26,Plumas,63,18699,49,48,0,48,0
2020-09-26,Riverside,65,2383286,59521,58076,159,58235,1190
2020-09-26,Sacramento,67,1510023,22750,22269,18,22287,421
2020-09-26,San Benito,69,59416,1345,1325,0,1325,11
2020-09-26,San Bernardino,71,2135413,54778,53122,60,53182,988
2020-09-26,San Diego,73,3302833,47986,46333,0,46333,775
2020-09-26,San Francisco,75,870044,11345,11113,30,11143,100
2020-09-26,San Joaquin,77,732212,20300,19982,58,20040,449
2020-09-26,San Luis Obispo,79,281455,3678,3546,14,3560,31
2020-09-26,San Mateo,81,765935,10228,9509,6,9515,127
2020-09-26,Santa Barbara,83,443738,9603,9061,65,9126,114
2020-09-26,Santa Clara,85,1922200,21895,20967,28,20995,270
2020-09-26,Santa Cruz,87,273765,2459,2336,33,2369,9
2020-09-26,Shasta,89,179085,1135,856,8,864,17
2020-09-26,Sierra,91,2930,6,6,0,6,0
2020-09-26,Siskiyou,93,43540,154,149,10,159,0
2020-09-26,Solano,95,438530,6368,6209,41,6250,51
2020-09-26,Sonoma,97,501317,7736,7285,20,7305,124
2020-09-26,Stanislaus,99,539301,16509,16421,546,16967,336
2020-09-26,Sutter,101,95872,1685,1662,1,1663,10
2020-09-26,Tehama,103,63373,592,560,1,561,2
2020-09-26,Trinity,105,12862,26,16,5,21,0
2020-09-26,Tulare,107,460477,16302,15881,130,16011,270
2020-09-26,Tuolumne,109,53932,232,223,2,225,2
2020-09-26,Ventura,111,848112,13230,12729,159,12888,137
2020-09-26,Yolo,113,214977,2841,2789,6,2795,55
2020-09-26,Yuba,115,75493,1092,1056,5,1061,7
2020-09-25,Alameda,1,1643700,21427,20911,186,21097,367
2020-09-25,Alpine,3,1148,4,2,0,2,0
2020-09-25,Amador,5,37829,295,289,0,289,16
2020-09-25,Butte,7,227075,2903,2819,18,2837,43
2020-09-25,Calaveras,9,45235,310,257,0,257,11
2020-09-25,Colusa,11,21464,532,528,0,528,6
2020-09-25,Contra Costa,13,1133247,17154,16401,84,16485,194
2020-09-25,Del Norte,15,27424,142,138,0,138,2
2020-09-25,El Dorado,17,186661,1193,1104,1,1105,4
2020-09-25,Fresno,19,978130,30486,28199,366,28565,385
2020-09-25,Glenn,21,27897,595,570,0,570,3
2020-09-25,Humboldt,23,135768,507,489,0,489,5
2020-09-25,Imperial,25,180216,11877,10681,7,10688,283
2020-09-25,Inyo,27,18085,189,187,0,187,14
2020-09-25,Kern,29,883053,31959,31333,326,31659,393
2020-09-25,Kings,31,150075,7768,7450,40,7490,77
2020-09-25,Lake,33,64148,582,539,0,539,9
2020-09-25,Lassen,35,31185,747,737,1,738,0
2020-09-25,Los Angeles,37,10098052,269102,265713,1965,267678,6483
2020-09-25,Madera,39,155013,4547,4369,27,4396,48
2020-09-25,Marin,41,260295,6733,6622,17,6639,90
2020-09-25,Mariposa,43,17540,77,74,0,74,2
2020-09-25,Mendocino,45,87422,884,819,2,821,17
2020-09-25,Merced,47,269075,8921,8830,18,8848,135
2020-09-25,Modoc,49,8938,29,26,0,26,0
2020-09-25,Mono,51,14174,169,149,1,150,1
2020-09-25,Monterey,53,433212,9949,9581,28,9609,68
2020-09-25,Napa,55,140530,1750,1669,5,1674,11
2020-09-25,Nevada,57,99092,543,529,14,543,6
2020-09-25,Orange,59,3164182,54880,52031,1472,53503,1184
2020-09-25,Placer,61,380077,3644,3527,13,3540,41
2020-09-25,Plumas,63,18699,49,48,0,48,0
2020-09-25,Riverside,65,2383286,59345,57783,154,57937,1183
2020-09-25,Sacramento,67,1510023,22672,22132,18,22150,418
2020-09-25,San Benito,69,59416,1344,1318,0,1318,11
2020-09-25,San Bernardino,71,2135413,54624,52814,60,52874,987
2020-09-25,San Diego,73,3302833,47784,46003,0,46003,775
2020-09-25,San Francisco,75,870044,11310,11066,28,11094,100
2020-09-25,San Joaquin,77,732212,20248,19909,58,19967,449
2020-09-25,San Luis Obispo,79,281455,3668,3512,14,3526,31
2020-09-25,San Mateo,81,765935,10192,9447,6,9453,127
2020-09-25,Santa Barbara,83,443738,9579,9026,65,9091,114
2020-09-25,Santa Clara,85,1922200,21832,20812,27,20839,265
2020-09-25,Santa Cruz,87,273765,2447,2309,32,2341,9
2020-09-25,Shasta,89,179085,1101,806,8,814,16
2020-09-25,Sierra,91,2930,6,6,0,6,0
2020-09-25,Siskiyou,93,43540,154,149,10,159,0
2020-09-25,Solano,95,438530,6352,6179,41,6220,50
2020-09-25,Sonoma,97,501317,7696,7202,20,7222,124
2020-09-25,Stanislaus,99,539301,16491,16381,544,16925,326
2020-09-25,Sutter,101,95872,1682,1655,1,1656,10
2020-09-25,Tehama,103,63373,584,546,1,547,2
2020-09-25,Trinity,105,12862,26,15,5,20,0
2020-09-25,Tulare,107,460477,16263,15815,127,15942,267
2020-09-25,Tuolumne,109,53932,232,223,2,225,2
2020-09-25,Ventura,111,848112,13188,12664,156,12820,137
2020-09-25,Yolo,113,214977,2833,2784,6,2790,55
2020-09-25,Yuba,115,75493,1087,1049,5,1054,5
2020-09-24,Alameda,1,1643700,21352,20838,183,21021,364
2020-09-24,Alpine,3,1148,4,2,0,2,0
2020-09-24,Amador,5,37829,295,288,0,288,16
2020-09-24,Butte,7,227075,2892,2803,18,2821,43
2020-09-24,Calaveras,9,45235,310,258,0,258,11
2020-09-24,Colusa,11,21464,532,523,0,523,6
2020-09-24,Contra Costa,13,1133247,17072,16252,84,16336,192
2020-09-24,Del Norte,15,27424,138,137,0,137,2
2020-09-24,El Dorado,17,186661,1184,1093,1,1094,4
2020-09-24,Fresno,19,978130,30382,28106,362,28468,375
2020-09-24,Glenn,21,27897,591,567,0,567,3
2020-09-24,Humboldt,23,135768,504,482,0,482,5
2020-09-24,Imperial,25,180216,11853,10622,7,10629,283
2020-09-24,Inyo,27,18085,189,187,0,187,13
2020-09-24,Kern,29,883053,31896,31273,324,31597,388
2020-09-24,Kings,31,150075,7752,7428,40,7468,76
2020-09-24,Lake,33,64148,573,531,0,531,9
2020-09-24,Lassen,35,31185,746,737,1,738,0
2020-09-24,Los Angeles,37,10098052,268057,264374,1946,266320,6452
2020-09-24,Madera,39,155013,4528,4344,27,4371,48
2020-09-24,Marin,41,260295,6705,6588,17,6605,85
2020-09-24,Mariposa,43,17540,77,74,0,74,2
2020-09-24,Mendocino,45,87422,880,810,2,812,17
2020-09-24,Merced,47,269075,8892,8813,17,8830,135
2020-09-24,Modoc,49,8938,29,24,0,24,0
2020-09-24,Mono,51,14174,169,149,1,150,1
2020-09-24,Monterey,53,433212,9883,9544,25,9569,67
2020-09-24,Napa,55,140530,1738,1661,5,1666,11
2020-09-24,Nevada,57,99092,542,527,14,541,6
2020-09-24,Orange,59,3164182,54672,51749,1454,53203,1164
2020-09-24,Placer,61,380077,3629,3514,13,3527,41
2020-09-24,Plumas,63,18699,49,48,0,48,0
2020-09-24,Riverside,65,2383286,59077,57491,148,57639,1172
2020-09-24,Sacramento,67,1510023,22546,21985,18,22003,417
2020-09-24,San Benito,69,59416,1342,1308,0,1308,11
2020-09-24,San Bernardino,71,2135413,54289,52455,60,52515,988
2020-09-24,San Diego,73,3302833,47515,45598,0,45598,773
2020-09-24,San Francisco,75,870044,11263,10992,28,11020,99
2020-09-24,San Joaquin,77,732212,20211,19851,57,19908,444
2020-09-24,San Luis Obispo,79,281455,3652,3480,14,3494,31
2020-09-24,San Mateo,81,765935,10144,9376,6,9382,127
2020-09-24,Santa Barbara,83,443738,9528,8988,64,9052,114
2020-09-24,Santa Clara,85,1922200,21744,20689,27,20716,262
2020-09-24,Santa Cruz,87,273765,2427,2300,30,2330,9
2020-09-24,Shasta,89,179085,1064,773,5,778,14
2020-09-24,Sierra,91,2930,6,6,0,6,0
2020-09-24,Siskiyou,93,43540,154,149,10,159,0
2020-09-24,Solano,95,438530,6319,6137,41,6178,49
2020-09-24,Sonoma,97,501317,7615,7163,20,7183,122
2020-09-24,Stanislaus,99,539301,16454,16326,539,16865,326
2020-09-24,Sutter,101,95872,1679,1646,1,1647,10
2020-09-24,Tehama,103,63373,581,540,1,541,2
2020-09-24,Trinity,105,12862,26,15,5,20,0
2020-09-24,Tulare,107,460477,16198,15754,126,15880,267
2020-09-24,Tuolumne,109,53932,232,224,2,226,2
2020-09-24,Ventura,111,848112,13106,12617,155,12772,138
2020-09-24,Yolo,113,214977,2826,2776,6,2782,55
2020-09-24,Yuba,115,75493,1082,1042,5,1047,5
2020-09-23,Alameda,1,1643700,21284,20718,181,20899,361
2020-09-23,Alpine,3,1148,4,2,0,2,0
2020-09-23,Amador,5,37829,294,288,0,288,16
2020-09-23,Butte,7,227075,2884,2790,18,2808,43
2020-09-23,Calaveras,9,45235,309,258,0,258,11
2020-09-23,Colusa,11,21464,531,521,0,521,6
2020-09-23,Contra Costa,13,1133247,17008,16167,83,16250,192
2020-09-23,Del Norte,15,27424,136,137,0,137,2
2020-09-23,El Dorado,17,186661,1170,1088,1,1089,4
2020-09-23,Fresno,19,978130,30288,28019,359,28378,371
2020-09-23,Glenn,21,27897,584,561,0,561,3
2020-09-23,Humboldt,23,135768,499,477,0,477,5
2020-09-23,Imperial,25,180216,11827,10587,7,10594,284
2020-09-23,Inyo,27,18085,188,177,0,177,13
2020-09-23,Kern,29,883053,31852,31172,323,31495,387
2020-09-23,Kings,31,150075,7730,7406,40,7446,76
2020-09-23,Lake,33,64148,568,519,0,519,9
2020-09-23,Lassen,35,31185,746,736,1,737,0
2020-09-23,Los Angeles,37,10098052,267010,263318,1916,265234,6421
2020-09-23,Madera,39,155013,4513,4311,27,4338,48
2020-09-23,Marin,41,260295,6686,6567,17,6584,85
2020-09-23,Mariposa,43,17540,77,74,0,74,2
2020-09-23,Mendocino,45,87422,879,801,1,802,17
2020-09-23,Merced,47,269075,8871,8785,16,8801,134
2020-09-23,Modoc,49,8938,29,24,0,24,0
2020-09-23,Mono,51,14174,169,149,1,150,1
2020-09-23,Monterey,53,433212,9814,9452,25,9477,67
2020-09-23,Napa,55,140530,1729,1653,5,1658,11
2020-09-23,Nevada,57,99092,541,523,14,537,6
2020-09-23,Orange,59,3164182,54444,51658,1447,53105,1155
2020-09-23,Placer,61,380077,3617,3506,13,3519,41
2020-09-23,Plumas,63,18699,49,48,0,48,0
2020-09-23,Riverside,65,2383286,58774,57257,145,57402,1165
2020-09-23,Sacramento,67,1510023,22469,21821,18,21839,415
2020-09-23,San Benito,69,59416,1336,1305,0,1305,10
2020-09-23,San Bernardino,71,2135413,53995,52132,59,52191,973
2020-09-23,San Diego,73,3302833,47239,45427,0,45427,767
2020-09-23,San Francisco,75,870044,11214,10926,28,10954,95
2020-09-23,San Joaquin,77,732212,20158,19785,57,19842,439
2020-09-23,San Luis Obispo,79,281455,3634,3447,14,3461,31
2020-09-23,San Mateo,81,765935,10104,9351,6,9357,127
2020-09-23,Santa Barbara,83,443738,9500,8952,64,9016,112
2020-09-23,Santa Clara,85,1922200,21634,20575,24,20599,260
2020-09-23,Santa Cruz,87,273765,2408,2283,30,2313,9
2020-09-23,Shasta,89,179085,1025,756,4,760,14
2020-09-23,Sierra,91,2930,6,6,0,6,0
2020-09-23,Siskiyou,93,43540,154,149,10,159,0
2020-09-23,Solano,95,438530,6294,6123,41,6164,50
2020-09-23,Sonoma,97,501317,7539,7091,20,7111,122
2020-09-23,Stanislaus,99,539301,16424,16271,536,16807,317
2020-09-23,Sutter,101,95872,1675,1646,1,1647,10
2020-09-23,Tehama,103,63373,575,533,1,534,2
2020-09-23,Trinity,105,12862,26,15,5,20,0
2020-09-23,Tulare,107,460477,16134,15664,124,15788,266
2020-09-23,Tuolumne,109,53932,232,223,2,225,2
2020-09-23,Ventura,111,848112,13051,12591,152,12743,137
2020-09-23,Yolo,113,214977,2808,2766,6,2772,55
2020-09-23,Yuba,115,75493,1080,1038,5,1043,5
2020-09-22,Alameda,1,1643700,21205,20607,179,20786,355
2020-09-22,Alpine,3,1148,3,2,0,2,0
2020-09-22,Amador,5,37829,293,287,0,287,16
2020-09-22,Butte,7,227075,2879,2776,18,2794,43
2020-09-22,Calaveras,9,45235,309,258,0,258,11
2020-09-22,Colusa,11,21464,529,518,0,518,6
2020-09-22,Contra Costa,13,1133247,16918,16090,83,16173,190
2020-09-22,Del Norte,15,27424,136,137,0,137,2
2020-09-22,El Dorado,17,186661,1151,1076,1,1077,4
2020-09-22,Fresno,19,978130,30194,27944,356,28300,369
2020-09-22,Glenn,21,27897,581,560,0,560,3
2020-09-22,Humboldt,23,135768,498,476,0,476,5
2020-09-22,Imperial,25,180216,11798,10529,7,10536,284
2020-09-22,Inyo,27,18085,188,177,0,177,13
2020-09-22,Kern,29,883053,31784,31110,316,31426,383
2020-09-22,Kings,31,150075,7673,7395,39,7434,76
2020-09-22,Lake,33,64148,560,516,0,516,9
2020-09-22,Lassen,35,31185,745,736,1,737,0
2020-09-22,Los Angeles,37,10098052,265932,262117,1887,264004,6394
2020-09-22,Madera,39,155013,4497,4303,27,4330,47
2020-09-22,Marin,41,260295,6672,6561,17,6578,84
2020-09-22,Mariposa,43,17540,77,74,0,74,2
2020-09-22,Mendocino,45,87422,859,794,1,795,18
2020-09-22,Merced,47,269075,8841,8769,16,8785,132
2020-09-22,Modoc,49,8938,29,24,0,24,0
2020-09-22,Mono,51,14174,168,149,1,150,1
2020-09-22,Monterey,53,433212,9756,9393,25,9418,67
2020-09-22,Napa,55,140530,1712,1652,5,1657,11
2020-09-22,Nevada,57,99092,541,523,14,537,6
2020-09-22,Orange,59,3164182,54194,51528,1439,52967,1132
2020-09-22,Placer,61,380077,3604,3492,13,3505,40
2020-09-22,Plumas,63,18699,49,48,0,48,0
2020-09-22,Riverside,65,2383286,58290,57066,141,57207,1162
2020-09-22,Sacramento,67,1510023,22350,21745,18,21763,410
2020-09-22,San Benito,69,59416,1331,1305,0,1305,10
2020-09-22,San Bernardino,71,2135413,53722,51899,59,51958,971
2020-09-22,San Diego,73,3302833,46932,45149,0,45149,765
2020-09-22,San Francisco,75,870044,11170,10893,27,10920,95
2020-09-22,San Joaquin,77,732212,20112,19755,55,19810,426
2020-09-22,San Luis Obispo,79,281455,3617,3420,14,3434,31
2020-09-22,San Mateo,81,765935,10066,9291,6,9297,127
2020-09-22,Santa Barbara,83,443738,9470,8927,63,8990,111
2020-09-22,Santa Clara,85,1922200,21517,20514,24,20538,253
2020-09-22,Santa Cruz,87,273765,2385,2264,30,2294,8
2020-09-22,Shasta,89,179085,990,723,4,727,14
2020-09-22,Sierra,91,2930,6,6,0,6,0
2020-09-22,Siskiyou,93,43540,154,149,10,159,0
2020-09-22,Solano,95,438530,6263,6107,41,6148,48
2020-09-22,Sonoma,97,501317,7460,7068,19,7087,117
2020-09-22,Stanislaus,99,539301,16402,16231,528,16759,316
2020-09-22,Sutter,101,95872,1669,1638,1,1639,10
2020-09-22,Tehama,103,63373,567,529,1,530,2
2020-09-22,Trinity,105,12862,26,15,5,20,0
2020-09-22,Tulare,107,460477,16068,15616,120,15736,263
2020-09-22,Tuolumne,109,53932,231,224,2,226,1
2020-09-22,Ventura,111,848112,13000,12507,148,12655,136
2020-09-22,Yolo,113,214977,2801,2763,6,2769,54
2020-09-22,Yuba,115,75493,1071,1035,5,1040,5
2020-09-21,Alameda,1,1643700,21126,20501,178,20679,343
2020-09-21,Alpine,3,1148,3,2,0,2,0
2020-09-21,Amador,5,37829,291,286,0,286,16
2020-09-21,Butte,7,227075,2866,2769,18,2787,41
2020-09-21,Calaveras,9,45235,307,256,0,256,10
2020-09-21,Colusa,11,21464,528,517,0,517,6
2020-09-21,Contra Costa,13,1133247,16830,16008,83,16091,189
2020-09-21,Del Norte,15,27424,136,132,0,132,2
2020-09-21,El Dorado,17,186661,1142,1074,1,1075,4
2020-09-21,Fresno,19,978130,30093,27843,349,28192,362
2020-09-21,Glenn,21,27897,577,556,0,556,3
2020-09-21,Humboldt,23,135768,494,473,0,473,5
2020-09-21,Imperial,25,180216,11767,10521,7,10528,284
2020-09-21,Inyo,27,18085,187,177,0,177,12
2020-09-21,Kern,29,883053,31713,31031,314,31345,379
2020-09-21,Kings,31,150075,7561,7297,37,7334,76
2020-09-21,Lake,33,64148,555,508,0,508,8
2020-09-21,Lassen,35,31185,743,735,1,736,0
2020-09-21,Los Angeles,37,10098052,264846,261418,1841,263259,6360
2020-09-21,Madera,39,155013,4486,4275,26,4301,47
2020-09-21,Marin,41,260295,6659,6538,16,6554,84
2020-09-21,Mariposa,43,17540,76,74,0,74,2
2020-09-21,Mendocino,45,87422,844,778,0,778,18
2020-09-21,Merced,47,269075,8822,8749,14,8763,128
2020-09-21,Modoc,49,8938,29,22,0,22,0
2020-09-21,Mono,51,14174,168,147,1,148,1
2020-09-21,Monterey,53,433212,9692,9331,22,9353,66
2020-09-21,Napa,55,140530,1701,1641,5,1646,11
2020-09-21,Nevada,57,99092,539,515,14,529,6
2020-09-21,Orange,59,3164182,53975,51363,1432,52795,1110
2020-09-21,Placer,61,380077,3594,3473,13,3486,40
2020-09-21,Plumas,63,18699,49,47,0,47,0
2020-09-21,Riverside,65,2383286,58017,57001,133,57134,1153
2020-09-21,Sacramento,67,1510023,22168,21568,18,21586,404
2020-09-21,San Benito,69,59416,1329,1298,0,1298,10
2020-09-21,San Bernardino,71,2135413,53437,51654,59,51713,970
2020-09-21,San Diego,73,3302833,46649,44927,0,44927,760
2020-09-21,San Francisco,75,870044,11122,10743,27,10770,95
2020-09-21,San Joaquin,77,732212,20054,19579,55,19634,423
2020-09-21,San Luis Obispo,79,281455,3590,3406,14,3420,27
2020-09-21,San Mateo,81,765935,10014,9239,6,9245,127
2020-09-21,Santa Barbara,83,443738,9442,8911,63,8974,110
2020-09-21,Santa Clara,85,1922200,21417,20432,24,20456,252
2020-09-21,Santa Cruz,87,273765,2368,2257,28,2285,8
2020-09-21,Shasta,89,179085,940,696,4,700,14
2020-09-21,Sierra,91,2930,6,6,0,6,0
2020-09-21,Siskiyou,93,43540,154,146,10,156,0
2020-09-21,Solano,95,438530,6239,6019,41,6060,46
2020-09-21,Sonoma,97,501317,7384,7017,19,7036,117
2020-09-21,Stanislaus,99,539301,16372,16186,528,16714,310
2020-09-21,Sutter,101,95872,1662,1634,1,1635,10
2020-09-21,Tehama,103,63373,548,513,1,514,2
2020-09-21,Trinity,105,12862,26,15,5,20,0
2020-09-21,Tulare,107,460477,15994,15528,111,15639,260
2020-09-21,Tuolumne,109,53932,231,221,2,223,1
2020-09-21,Ventura,111,848112,12918,12477,142,12619,133
2020-09-21,Yolo,113,214977,2795,2752,6,2758,54
2020-09-21,Yuba,115,75493,1067,1033,5,1038,1
2020-09-20,Alameda,1,1643700,21026,20425,175,20600,343
2020-09-20,Alpine,3,1148,3,2,0,2,0
2020-09-20,Amador,5,37829,290,286,0,286,16
2020-09-20,Butte,7,227075,2854,2764,18,2782,39
2020-09-20,Calaveras,9,45235,303,256,0,256,10
2020-09-20,Colusa,11,21464,526,510,0,510,6
2020-09-20,Contra Costa,13,1133247,16696,15917,82,15999,189
2020-09-20,Del Norte,15,27424,134,132,0,132,2
2020-09-20,El Dorado,17,186661,1127,1073,1,1074,4
2020-09-20,Fresno,19,978130,29979,27769,343,28112,362
2020-09-20,Glenn,21,27897,573,550,0,550,3
2020-09-20,Humboldt,23,135768,494,472,0,472,5
2020-09-20,Imperial,25,180216,11740,10496,6,10502,284
2020-09-20,Inyo,27,18085,187,177,0,177,12
2020-09-20,Kern,29,883053,31630,30992,311,31303,379
2020-09-20,Kings,31,150075,7514,7159,36,7195,76
2020-09-20,Lake,33,64148,543,492,0,492,8
2020-09-20,Lassen,35,31185,743,735,1,736,0
2020-09-20,Los Angeles,37,10098052,263614,260770,1812,262582,6347
2020-09-20,Madera,39,155013,4467,4257,26,4283,47
2020-09-20,Marin,41,260295,6634,6533,16,6549,83
2020-09-20,Mariposa,43,17540,76,74,0,74,2
2020-09-20,Mendocino,45,87422,832,765,0,765,18
2020-09-20,Merced,47,269075,8795,8745,14,8759,128
2020-09-20,Modoc,49,8938,27,22,0,22,0
2020-09-20,Mono,51,14174,167,147,1,148,1
2020-09-20,Monterey,53,433212,9614,9312,22,9334,65
2020-09-20,Napa,55,140530,1692,1626,5,1631,11
2020-09-20,Nevada,57,99092,536,511,14,525,6
2020-09-20,Orange,59,3164182,53737,51233,1420,52653,1110
2020-09-20,Placer,61,380077,3579,3452,13,3465,40
2020-09-20,Plumas,63,18699,49,47,0,47,0
2020-09-20,Riverside,65,2383286,57823,56783,127,56910,1147
2020-09-20,Sacramento,67,1510023,21981,21394,17,21411,401
2020-09-20,San Benito,69,59416,1318,1291,0,1291,9
2020-09-20,San Bernardino,71,2135413,53117,51559,57,51616,970
2020-09-20,San Diego,73,3302833,46276,44579,0,44579,760
2020-09-20,San Francisco,75,870044,11068,10743,27,10770,95
2020-09-20,San Joaquin,77,732212,19990,19578,47,19625,423
2020-09-20,San Luis Obispo,79,281455,3562,3393,14,3407,27
2020-09-20,San Mateo,81,765935,9947,9198,6,9204,127
2020-09-20,Santa Barbara,83,443738,9408,8880,62,8942,110
2020-09-20,Santa Clara,85,1922200,21297,20330,23,20353,252
2020-09-20,Santa Cruz,87,273765,2348,2199,28,2227,8
2020-09-20,Shasta,89,179085,899,696,3,699,14
2020-09-20,Sierra,91,2930,6,6,0,6,0
2020-09-20,Siskiyou,93,43540,154,146,10,156,0
2020-09-20,Solano,95,438530,6195,6020,41,6061,46
2020-09-20,Sonoma,97,501317,7280,6954,19,6973,117
2020-09-20,Stanislaus,99,539301,16341,16159,521,16680,310
2020-09-20,Sutter,101,95872,1656,1624,1,1625,10
2020-09-20,Tehama,103,63373,535,509,1,510,2
2020-09-20,Trinity,105,12862,26,15,5,20,0
2020-09-20,Tulare,107,460477,15911,15528,105,15633,260
2020-09-20,Tuolumne,109,53932,231,221,2,223,1
2020-09-20,Ventura,111,848112,12855,12406,138,12544,133
2020-09-20,Yolo,113,214977,2787,2745,6,2751,54
2020-09-20,Yuba,115,75493,1060,1029,5,1034,1
2020-09-19,Alameda,1,1643700,20975,20349,172,20521,343
2020-09-19,Alpine,3,1148,3,2,0,2,0
2020-09-19,Amador,5,37829,290,285,0,285,16
2020-09-19,Butte,7,227075,2848,2748,18,2766,38
2020-09-19,Calaveras,9,45235,303,256,0,256,10
2020-09-19,Colusa,11,21464,526,507,0,507,6
2020-09-19,Contra Costa,13,1133247,16633,15783,82,15865,186
2020-09-19,Del Norte,15,27424,133,132,0,132,2
2020-09-19,El Dorado,17,186661,1121,1068,0,1068,4
2020-09-19,Fresno,19,978130,29906,27668,343,28011,362
2020-09-19,Glenn,21,27897,570,547,0,547,3
2020-09-19,Humboldt,23,135768,493,471,0,471,5
2020-09-19,Imperial,25,180216,11725,10496,6,10502,284
2020-09-19,Inyo,27,18085,187,177,0,177,12
2020-09-19,Kern,29,883053,31576,30886,308,31194,379
2020-09-19,Kings,31,150075,7508,7130,36,7166,76
2020-09-19,Lake,33,64148,543,465,0,465,8
2020-09-19,Lassen,35,31185,743,731,1,732,0
2020-09-19,Los Angeles,37,10098052,262991,259801,1796,261597,6325
2020-09-19,Madera,39,155013,4444,4237,26,4263,47
2020-09-19,Marin,41,260295,6627,6513,15,6528,81
2020-09-19,Mariposa,43,17540,76,74,0,74,2
2020-09-19,Mendocino,45,87422,829,750,0,750,18
2020-09-19,Merced,47,269075,8784,8717,13,8730,128
2020-09-19,Modoc,49,8938,27,22,0,22,0
2020-09-19,Mono,51,14174,167,147,1,148,1
2020-09-19,Monterey,53,433212,9572,9237,22,9259,65
2020-09-19,Napa,55,140530,1684,1614,5,1619,11
2020-09-19,Nevada,57,99092,534,505,14,519,6
2020-09-19,Orange,59,3164182,53608,50999,1413,52412,1105
2020-09-19,Placer,61,380077,3571,3412,13,3425,40
2020-09-19,Plumas,63,18699,49,47,0,47,0
2020-09-19,Riverside,65,2383286,57702,56562,126,56688,1147
2020-09-19,Sacramento,67,1510023,21927,21297,17,21314,396
2020-09-19,San Benito,69,59416,1314,1276,0,1276,9
2020-09-19,San Bernardino,71,2135413,52961,51353,55,51408,971
2020-09-19,San Diego,73,3302833,46049,44295,0,44295,773
2020-09-19,San Francisco,75,870044,11035,10741,27,10768,95
2020-09-19,San Joaquin,77,732212,19953,19580,47,19627,424
2020-09-19,San Luis Obispo,79,281455,3541,3369,14,3383,27
2020-09-19,San Mateo,81,765935,9916,9158,6,9164,127
2020-09-19,Santa Barbara,83,443738,9387,8862,62,8924,106
2020-09-19,Santa Clara,85,1922200,21208,20170,23,20193,251
2020-09-19,Santa Cruz,87,273765,2334,2198,28,2226,8
2020-09-19,Shasta,89,179085,871,687,3,690,14
2020-09-19,Sierra,91,2930,6,6,0,6,0
2020-09-19,Siskiyou,93,43540,154,146,10,156,0
2020-09-19,Solano,95,438530,6179,5998,41,6039,46
2020-09-19,Sonoma,97,501317,7246,6905,19,6924,117
2020-09-19,Stanislaus,99,539301,16301,16109,514,16623,313
2020-09-19,Sutter,101,95872,1655,1602,1,1603,10
2020-09-19,Tehama,103,63373,530,498,1,499,2
2020-09-19,Trinity,105,12862,26,15,5,20,0
2020-09-19,Tulare,107,460477,15862,15485,102,15587,260
2020-09-19,Tuolumne,109,53932,231,217,2,219,1
2020-09-19,Ventura,111,848112,12823,12328,138,12466,133
2020-09-19,Yolo,113,214977,2779,2739,6,2745,54
2020-09-19,Yuba,115,75493,1053,1023,5,1028,1
2020-09-18,Alameda,1,1643700,20910,20222,166,20388,341
2020-09-18,Alpine,3,1148,3,2,0,2,0
2020-09-18,Amador,5,37829,290,285,0,285,16
2020-09-18,Butte,7,227075,2846,2738,18,2756,37
2020-09-18,Calaveras,9,45235,303,255,0,255,9
2020-09-18,Colusa,11,21464,526,504,0,504,6
2020-09-18,Contra Costa,13,1133247,16548,15667,82,15749,185
2020-09-18,Del Norte,15,27424,133,131,0,131,2
2020-09-18,El Dorado,17,186661,1108,1063,0,1063,4
2020-09-18,Fresno,19,978130,29842,27560,343,27903,359
2020-09-18,Glenn,21,27897,567,541,0,541,3
2020-09-18,Humboldt,23,135768,490,470,0,470,5
2020-09-18,Imperial,25,180216,11710,10460,6,10466,283
2020-09-18,Inyo,27,18085,187,177,0,177,12
2020-09-18,Kern,29,883053,31518,30742,305,31047,373
2020-09-18,Kings,31,150075,7498,7062,36,7098,74
2020-09-18,Lake,33,64148,537,458,0,458,8
2020-09-18,Lassen,35,31185,742,731,1,732,0
2020-09-18,Los Angeles,37,10098052,262217,258488,1776,260264,6324
2020-09-18,Madera,39,155013,4432,4211,26,4237,45
2020-09-18,Marin,41,260295,6612,6475,15,6490,81
2020-09-18,Mariposa,43,17540,76,74,0,74,2
2020-09-18,Mendocino,45,87422,821,739,0,739,18
2020-09-18,Merced,47,269075,8772,8691,12,8703,127
2020-09-18,Modoc,49,8938,27,22,0,22,0
2020-09-18,Mono,51,14174,165,147,1,148,1
2020-09-18,Monterey,53,433212,9532,9183,22,9205,64
2020-09-18,Napa,55,140530,1678,1604,5,1609,11
2020-09-18,Nevada,57,99092,531,504,14,518,6
2020-09-18,Orange,59,3164182,53461,50733,1401,52134,1107
2020-09-18,Placer,61,380077,3560,3389,13,3402,40
2020-09-18,Plumas,63,18699,49,45,0,45,0
2020-09-18,Riverside,65,2383286,57582,56248,122,56370,1143
2020-09-18,Sacramento,67,1510023,21842,21105,17,21122,391
2020-09-18,San Benito,69,59416,1306,1257,0,1257,8
2020-09-18,San Bernardino,71,2135413,52818,51106,54,51160,970
2020-09-18,San Diego,73,3302833,45799,44009,0,44009,757
2020-09-18,San Francisco,75,870044,10997,10644,26,10670,95
2020-09-18,San Joaquin,77,732212,19910,19531,45,19576,423
2020-09-18,San Luis Obispo,79,281455,3517,3328,14,3342,27
2020-09-18,San Mateo,81,765935,9876,9062,6,9068,127
2020-09-18,Santa Barbara,83,443738,9365,8824,62,8886,107
2020-09-18,Santa Clara,85,1922200,21111,20058,23,20081,252
2020-09-18,Santa Cruz,87,273765,2313,2180,27,2207,8
2020-09-18,Shasta,89,179085,836,668,3,671,14
2020-09-18,Sierra,91,2930,6,6,0,6,0
2020-09-18,Siskiyou,93,43540,153,146,10,156,0
2020-09-18,Solano,95,438530,6163,5961,41,6002,46
2020-09-18,Sonoma,97,501317,7199,6856,19,6875,114
2020-09-18,Stanislaus,99,539301,16273,16042,508,16550,277
2020-09-18,Sutter,101,95872,1647,1586,1,1587,10
2020-09-18,Tehama,103,63373,530,490,1,491,2
2020-09-18,Trinity,105,12862,26,15,4,19,0
2020-09-18,Tulare,107,460477,15829,15435,98,15533,259
2020-09-18,Tuolumne,109,53932,230,216,2,218,1
2020-09-18,Ventura,111,848112,12762,12236,134,12370,133
2020-09-18,Yolo,113,214977,2773,2732,6,2738,54
2020-09-18,Yuba,115,75493,1049,1020,5,1025,1
2020-09-17,Alameda,1,1643700,20812,20146,166,20312,339
2020-09-17,Alpine,3,1148,3,2,0,2,0
2020-09-17,Amador,5,37829,288,284,0,284,16
2020-09-17,Butte,7,227075,2828,2720,18,2738,38
2020-09-17,Calaveras,9,45235,303,254,0,254,9
2020-09-17,Colusa,11,21464,524,499,0,499,6
2020-09-17,Contra Costa,13,1133247,16458,15576,82,15658,184
2020-09-17,Del Norte,15,27424,133,131,0,131,2
2020-09-17,El Dorado,17,186661,1099,1057,0,1057,4
2020-09-17,Fresno,19,978130,29733,27487,338,27825,355
2020-09-17,Glenn,21,27897,566,541,0,541,3
2020-09-17,Humboldt,23,135768,484,466,0,466,5
2020-09-17,Imperial,25,180216,11693,10436,6,10442,281
2020-09-17,Inyo,27,18085,187,176,0,176,12
2020-09-17,Kern,29,883053,31457,30627,298,30925,372
2020-09-17,Kings,31,150075,7427,7015,36,7051,72
2020-09-17,Lake,33,64148,527,433,0,433,8
2020-09-17,Lassen,35,31185,740,731,1,732,0
2020-09-17,Los Angeles,37,10098052,261276,257246,1761,259007,6318
2020-09-17,Madera,39,155013,4398,4152,26,4178,45
2020-09-17,Marin,41,260295,6591,6457,15,6472,81
2020-09-17,Mariposa,43,17540,75,74,0,74,2
2020-09-17,Mendocino,45,87422,810,737,0,737,18
2020-09-17,Merced,47,269075,8753,8671,12,8683,119
2020-09-17,Modoc,49,8938,27,22,0,22,0
2020-09-17,Mono,51,14174,165,147,1,148,1
2020-09-17,Monterey,53,433212,9470,9113,21,9134,62
2020-09-17,Napa,55,140530,1667,1592,5,1597,11
2020-09-17,Nevada,57,99092,529,494,14,508,6
2020-09-17,Orange,59,3164182,53282,50537,1387,51924,1098
2020-09-17,Placer,61,380077,3540,3368,13,3381,40
2020-09-17,Plumas,63,18699,49,45,0,45,0
2020-09-17,Riverside,65,2383286,57358,56007,119,56126,1134
2020-09-17,Sacramento,67,1510023,21610,20895,17,20912,385
2020-09-17,San Benito,69,59416,1303,1252,0,1252,8
2020-09-17,San Bernardino,71,2135413,52617,50770,54,50824,904
2020-09-17,San Diego,73,3302833,45521,43621,0,43621,754
2020-09-17,San Francisco,75,870044,10903,10564,26,10590,95
2020-09-17,San Joaquin,77,732212,19851,19439,45,19484,416
2020-09-17,San Luis Obispo,79,281455,3490,3299,14,3313,27
2020-09-17,San Mateo,81,765935,9834,8984,6,8990,127
2020-09-17,Santa Barbara,83,443738,9341,8779,62,8841,107
2020-09-17,Santa Clara,85,1922200,20996,19825,23,19848,254
2020-09-17,Santa Cruz,87,273765,2297,2155,27,2182,7
2020-09-17,Shasta,89,179085,797,660,3,663,12
2020-09-17,Sierra,91,2930,6,6,0,6,0
2020-09-17,Siskiyou,93,43540,153,146,10,156,0
2020-09-17,Solano,95,438530,6140,5915,41,5956,44
2020-09-17,Sonoma,97,501317,7135,6754,19,6773,114
2020-09-17,Stanislaus,99,539301,16240,15984,504,16488,277
2020-09-17,Sutter,101,95872,1642,1572,1,1573,10
2020-09-17,Tehama,103,63373,516,487,1,488,2
2020-09-17,Trinity,105,12862,26,15,4,19,0
2020-09-17,Tulare,107,460477,15776,15344,96,15440,258
2020-09-17,Tuolumne,109,53932,229,214,2,216,1
2020-09-17,Ventura,111,848112,12677,12167,130,12297,130
2020-09-17,Yolo,113,214977,2764,2724,6,2730,53
2020-09-17,Yuba,115,75493,1045,1015,5,1020,1
2020-09-16,Alameda,1,1643700,20716,20009,164,20173,333
2020-09-16,Alpine,3,1148,3,2,0,2,0
2020-09-16,Amador,5,37829,288,284,0,284,16
2020-09-16,Butte,7,227075,2818,2704,18,2722,38
2020-09-16,Calaveras,9,45235,303,254,0,254,9
2020-09-16,Colusa,11,21464,522,497,0,497,6
2020-09-16,Contra Costa,13,1133247,16372,15473,82,15555,183
2020-09-16,Del Norte,15,27424,133,131,0,131,2
2020-09-16,El Dorado,17,186661,1091,1049,0,1049,4
2020-09-16,Fresno,19,978130,29628,27381,336,27717,343
2020-09-16,Glenn,21,27897,564,539,0,539,3
2020-09-16,Humboldt,23,135768,483,455,0,455,4
2020-09-16,Imperial,25,180216,11670,10401,6,10407,277
2020-09-16,Inyo,27,18085,186,176,0,176,12
2020-09-16,Kern,29,883053,31398,30570,297,30867,371
2020-09-16,Kings,31,150075,7402,7002,34,7036,71
2020-09-16,Lake,33,64148,516,417,0,417,6
2020-09-16,Lassen,35,31185,739,730,1,731,0
2020-09-16,Los Angeles,37,10098052,260279,256101,1742,257843,6299
2020-09-16,Madera,39,155013,4375,4138,26,4164,45
2020-09-16,Marin,41,260295,6564,6430,15,6445,77
2020-09-16,Mariposa,43,17540,75,74,0,74,2
2020-09-16,Mendocino,45,87422,801,727,0,727,18
2020-09-16,Merced,47,269075,8732,8646,12,8658,118
2020-09-16,Modoc,49,8938,27,22,0,22,0
2020-09-16,Mono,51,14174,165,147,1,148,1
2020-09-16,Monterey,53,433212,9416,8997,21,9018,62
2020-09-16,Napa,55,140530,1653,1587,5,1592,11
2020-09-16,Nevada,57,99092,524,495,13,508,6
2020-09-16,Orange,59,3164182,53082,50414,1378,51792,1096
2020-09-16,Placer,61,380077,3522,3351,13,3364,39
2020-09-16,Plumas,63,18699,49,45,0,45,0
2020-09-16,Riverside,65,2383286,57165,55811,111,55922,1127
2020-09-16,Sacramento,67,1510023,21515,20610,17,20627,377
2020-09-16,San Benito,69,59416,1295,1244,0,1244,8
2020-09-16,San Bernardino,71,2135413,52392,50509,54,50563,907
2020-09-16,San Diego,73,3302833,45231,43447,0,43447,748
2020-09-16,San Francisco,75,870044,10856,10502,26,10528,90
2020-09-16,San Joaquin,77,732212,19797,19377,44,19421,409
2020-09-16,San Luis Obispo,79,281455,3461,3285,14,3299,28
2020-09-16,San Mateo,81,765935,9769,8944,6,8950,127
2020-09-16,Santa Barbara,83,443738,9309,8764,62,8826,107
2020-09-16,Santa Clara,85,1922200,20877,19684,23,19707,253
2020-09-16,Santa Cruz,87,273765,2256,2089,26,2115,7
2020-09-16,Shasta,89,179085,771,635,3,638,11
2020-09-16,Sierra,91,2930,6,6,0,6,0
2020-09-16,Siskiyou,93,43540,152,145,10,155,0
2020-09-16,Solano,95,438530,6111,5899,41,5940,44
2020-09-16,Sonoma,97,501317,7074,6731,19,6750,104
2020-09-16,Stanislaus,99,539301,16193,15897,496,16393,263
2020-09-16,Sutter,101,95872,1629,1567,1,1568,10
2020-09-16,Tehama,103,63373,508,485,1,486,2
2020-09-16,Trinity,105,12862,26,15,4,19,0
2020-09-16,Tulare,107,460477,15734,15314,88,15402,258
2020-09-16,Tuolumne,109,53932,228,210,2,212,1
2020-09-16,Ventura,111,848112,12609,12073,129,12202,130
2020-09-16,Yolo,113,214977,2757,2709,6,2715,53
2020-09-16,Yuba,115,75493,1043,1000,5,1005,1
2020-09-15,Alameda,1,1643700,20609,19931,161,20092,327
2020-09-15,Alpine,3,1148,3,2,0,2,0
2020-09-15,Amador,5,37829,287,282,0,282,16
2020-09-15,Butte,7,227075,2805,2695,16,2711,38
2020-09-15,Calaveras,9,45235,303,248,0,248,5
2020-09-15,Colusa,11,21464,516,497,0,497,6
2020-09-15,Contra Costa,13,1133247,16269,15423,81,15504,180
2020-09-15,Del Norte,15,27424,133,129,0,129,2
2020-09-15,El Dorado,17,186661,1086,1046,0,1046,4
2020-09-15,Fresno,19,978130,29522,27312,331,27643,343
2020-09-15,Glenn,21,27897,563,531,0,531,3
2020-09-15,Humboldt,23,135768,481,456,0,456,4
2020-09-15,Imperial,25,180216,11645,10376,6,10382,277
2020-09-15,Inyo,27,18085,186,176,0,176,12
2020-09-15,Kern,29,883053,31286,30429,294,30723,368
2020-09-15,Kings,31,150075,7244,6977,34,7011,70
2020-09-15,Lake,33,64148,502,416,0,416,4
2020-09-15,Lassen,35,31185,735,719,1,720,0
2020-09-15,Los Angeles,37,10098052,259165,255048,1717,256765,6269
2020-09-15,Madera,39,155013,4356,4122,26,4148,45
2020-09-15,Marin,41,260295,6533,6423,15,6438,77
2020-09-15,Mariposa,43,17540,75,74,0,74,2
2020-09-15,Mendocino,45,87422,783,724,0,724,18
2020-09-15,Merced,47,269075,8702,8633,12,8645,114
2020-09-15,Modoc,49,8938,26,21,0,21,0
2020-09-15,Mono,51,14174,165,147,1,148,1
2020-09-15,Monterey,53,433212,9367,8943,21,8964,62
2020-09-15,Napa,55,140530,1639,1580,5,1585,11
2020-09-15,Nevada,57,99092,519,494,13,507,6
2020-09-15,Orange,59,3164182,52900,50294,1363,51657,1088
2020-09-15,Placer,61,380077,3498,3331,13,3344,38
2020-09-15,Plumas,63,18699,49,44,0,44,0
2020-09-15,Riverside,65,2383286,56874,55569,101,55670,1118
2020-09-15,Sacramento,67,1510023,21372,20487,17,20504,372
2020-09-15,San Benito,69,59416,1288,1237,0,1237,7
2020-09-15,San Bernardino,71,2135413,52177,50333,53,50386,904
2020-09-15,San Diego,73,3302833,44913,43183,0,43183,742
2020-09-15,San Francisco,75,870044,10798,10414,26,10440,90
2020-09-15,San Joaquin,77,732212,19745,19313,44,19357,401
2020-09-15,San Luis Obispo,79,281455,3440,3262,14,3276,28
2020-09-15,San Mateo,81,765935,9699,8895,6,8901,127
2020-09-15,Santa Barbara,83,443738,9284,8724,61,8785,104
2020-09-15,Santa Clara,85,1922200,20741,19610,23,19633,252
2020-09-15,Santa Cruz,87,273765,2230,2079,25,2104,7
2020-09-15,Shasta,89,179085,759,627,3,630,11
2020-09-15,Sierra,91,2930,6,6,0,6,0
2020-09-15,Siskiyou,93,43540,152,143,10,153,0
2020-09-15,Solano,95,438530,6077,5878,41,5919,45
2020-09-15,Sonoma,97,501317,7035,6701,19,6720,104
2020-09-15,Stanislaus,99,539301,16145,15880,494,16374,260
2020-09-15,Sutter,101,95872,1617,1556,1,1557,10
2020-09-15,Tehama,103,63373,496,484,1,485,2
2020-09-15,Trinity,105,12862,26,15,4,19,0
2020-09-15,Tulare,107,460477,15657,15203,86,15289,254
2020-09-15,Tuolumne,109,53932,228,209,2,211,1
2020-09-15,Ventura,111,848112,12557,11932,128,12060,128
2020-09-15,Yolo,113,214977,2753,2708,6,2714,53
2020-09-15,Yuba,115,75493,1037,991,4,995,1
2020-09-14,Alameda,1,1643700,20482,19851,160,20011,306
2020-09-14,Alpine,3,1148,3,2,0,2,0
2020-09-14,Amador,5,37829,285,281,0,281,16
2020-09-14,Butte,7,227075,2788,2642,16,2658,37
2020-09-14,Calaveras,9,45235,303,244,0,244,3
2020-09-14,Colusa,11,21464,515,486,0,486,6
2020-09-14,Contra Costa,13,1133247,16144,15354,80,15434,174
2020-09-14,Del Norte,15,27424,130,116,0,116,2
2020-09-14,El Dorado,17,186661,1082,1039,0,1039,3
2020-09-14,Fresno,19,978130,29437,27232,328,27560,344
2020-09-14,Glenn,21,27897,555,521,0,521,3
2020-09-14,Humboldt,23,135768,478,437,0,437,4
2020-09-14,Imperial,25,180216,11625,10340,6,10346,273
2020-09-14,Inyo,27,18085,186,176,0,176,12
2020-09-14,Kern,29,883053,31200,30344,291,30635,368
2020-09-14,Kings,31,150075,7162,6950,34,6984,70
2020-09-14,Lake,33,64148,482,407,0,407,4
2020-09-14,Lassen,35,31185,735,719,1,720,0
2020-09-14,Los Angeles,37,10098052,258134,254622,1688,256310,6226
2020-09-14,Madera,39,155013,4342,4104,26,4130,45
2020-09-14,Marin,41,260295,6512,6409,15,6424,70
2020-09-14,Mariposa,43,17540,75,74,0,74,2
2020-09-14,Mendocino,45,87422,766,710,0,710,17
2020-09-14,Merced,47,269075,8683,8593,12,8605,112
2020-09-14,Modoc,49,8938,26,21,0,21,0
2020-09-14,Mono,51,14174,165,147,1,148,1
2020-09-14,Monterey,53,433212,9296,8845,20,8865,61
2020-09-14,Napa,55,140530,1622,1576,5,1581,11
2020-09-14,Nevada,57,99092,514,489,13,502,6
2020-09-14,Orange,59,3164182,52741,50149,1347,51496,1079
2020-09-14,Placer,61,380077,3477,3302,13,3315,38
2020-09-14,Plumas,63,18699,48,42,0,42,0
2020-09-14,Riverside,65,2383286,56655,55488,95,55583,1113
2020-09-14,Sacramento,67,1510023,21179,20377,16,20393,367
2020-09-14,San Benito,69,59416,1273,1233,0,1233,7
2020-09-14,San Bernardino,71,2135413,51955,50163,52,50215,895
2020-09-14,San Diego,73,3302833,44602,42889,0,42889,734
2020-09-14,San Francisco,75,870044,10732,10255,24,10279,90
2020-09-14,San Joaquin,77,732212,19671,19111,43,19154,397
2020-09-14,San Luis Obispo,79,281455,3415,3248,14,3262,25
2020-09-14,San Mateo,81,765935,9637,8847,6,8853,127
2020-09-14,Santa Barbara,83,443738,9258,8692,61,8753,104
2020-09-14,Santa Clara,85,1922200,20554,19545,23,19568,247
2020-09-14,Santa Cruz,87,273765,2210,2016,22,2038,7
2020-09-14,Shasta,89,179085,737,584,3,587,10
2020-09-14,Sierra,91,2930,6,6,0,6,0
2020-09-14,Siskiyou,93,43540,151,143,10,153,0
2020-09-14,Solano,95,438530,6042,5834,41,5875,44
2020-09-14,Sonoma,97,501317,6972,6630,19,6649,102
2020-09-14,Stanislaus,99,539301,16100,15812,491,16303,253
2020-09-14,Sutter,101,95872,1606,1549,1,1550,10
2020-09-14,Tehama,103,63373,493,475,1,476,1
2020-09-14,Trinity,105,12862,25,14,4,18,0
2020-09-14,Tulare,107,460477,15588,15096,80,15176,254
2020-09-14,Tuolumne,109,53932,227,208,2,210,1
2020-09-14,Ventura,111,848112,12456,11903,125,12028,125
2020-09-14,Yolo,113,214977,2742,2687,6,2693,53
2020-09-14,Yuba,115,75493,1029,977,4,981,1
2020-09-13,Alameda,1,1643700,20376,19815,157,19972,306
2020-09-13,Alpine,3,1148,3,2,0,2,0
2020-09-13,Amador,5,37829,282,279,0,279,16
2020-09-13,Butte,7,227075,2766,2640,16,2656,37
2020-09-13,Calaveras,9,45235,302,246,0,246,3
2020-09-13,Colusa,11,21464,511,486,0,486,6
2020-09-13,Contra Costa,13,1133247,16039,15284,79,15363,172
2020-09-13,Del Norte,15,27424,127,116,0,116,1
2020-09-13,El Dorado,17,186661,1077,1035,0,1035,2
2020-09-13,Fresno,19,978130,29330,27196,320,27516,345
2020-09-13,Glenn,21,27897,551,517,0,517,3
2020-09-13,Humboldt,23,135768,478,434,0,434,4
2020-09-13,Imperial,25,180216,11588,10304,6,10310,273
2020-09-13,Inyo,27,18085,186,176,0,176,12
2020-09-13,Kern,29,883053,31107,30277,285,30562,368
2020-09-13,Kings,31,150075,7143,6937,34,6971,70
2020-09-13,Lake,33,64148,463,397,0,397,4
2020-09-13,Lassen,35,31185,732,719,1,720,0
2020-09-13,Los Angeles,37,10098052,256987,253950,1671,255621,6203
2020-09-13,Madera,39,155013,4285,4090,26,4116,45
2020-09-13,Marin,41,260295,6491,6395,15,6410,70
2020-09-13,Mariposa,43,17540,75,74,0,74,2
2020-09-13,Mendocino,45,87422,759,707,0,707,17
2020-09-13,Merced,47,269075,8650,8575,12,8587,112
2020-09-13,Modoc,49,8938,26,21,0,21,0
2020-09-13,Mono,51,14174,165,147,1,148,1
2020-09-13,Monterey,53,433212,9214,8826,19,8845,61
2020-09-13,Napa,55,140530,1615,1563,5,1568,11
2020-09-13,Nevada,57,99092,506,486,13,499,6
2020-09-13,Orange,59,3164182,52528,50061,1340,51401,1075
2020-09-13,Placer,61,380077,3447,3291,13,3304,38
2020-09-13,Plumas,63,18699,48,42,0,42,0
2020-09-13,Riverside,65,2383286,56448,55235,84,55319,1108
2020-09-13,Sacramento,67,1510023,20832,20279,16,20295,367
2020-09-13,San Benito,69,59416,1265,1217,0,1217,7
2020-09-13,San Bernardino,71,2135413,51669,49968,52,50020,895
2020-09-13,San Diego,73,3302833,44278,42681,0,42681,734
2020-09-13,San Francisco,75,870044,10654,10254,24,10278,90
2020-09-13,San Joaquin,77,732212,19599,19110,42,19152,396
2020-09-13,San Luis Obispo,79,281455,3379,3240,14,3254,24
2020-09-13,San Mateo,81,765935,9576,8811,6,8817,127
2020-09-13,Santa Barbara,83,443738,9221,8690,61,8751,104
2020-09-13,Santa Clara,85,1922200,20419,19456,22,19478,245
2020-09-13,Santa Cruz,87,273765,2177,2016,20,2036,7
2020-09-13,Shasta,89,179085,725,583,3,586,10
2020-09-13,Sierra,91,2930,6,6,0,6,0
2020-09-13,Siskiyou,93,43540,151,143,9,152,0
2020-09-13,Solano,95,438530,5996,5810,41,5851,43
2020-09-13,Sonoma,97,501317,6908,6592,19,6611,95
2020-09-13,Stanislaus,99,539301,16037,15759,479,16238,253
2020-09-13,Sutter,101,95872,1594,1539,1,1540,10
2020-09-13,Tehama,103,63373,489,476,1,477,1
2020-09-13,Trinity,105,12862,25,14,4,18,0
2020-09-13,Tulare,107,460477,15516,15098,79,15177,254
2020-09-13,Tuolumne,109,53932,224,208,2,210,1
2020-09-13,Ventura,111,848112,12351,11855,124,11979,123
2020-09-13,Yolo,113,214977,2730,2675,6,2681,53
2020-09-13,Yuba,115,75493,1024,967,4,971,1
2020-09-12,Alameda,1,1643700,20317,19758,157,19915,307
2020-09-12,Alpine,3,1148,3,2,0,2,0
2020-09-12,Amador,5,37829,281,278,0,278,16
2020-09-12,Butte,7,227075,2759,2629,15,2644,37
2020-09-12,Calaveras,9,45235,300,246,0,246,3
2020-09-12,Colusa,11,21464,507,486,0,486,6
2020-09-12,Contra Costa,13,1133247,15966,15135,78,15213,174
2020-09-12,Del Norte,15,27424,126,116,0,116,1
2020-09-12,El Dorado,17,186661,1070,1034,0,1034,2
2020-09-12,Fresno,19,978130,29261,27076,319,27395,345
2020-09-12,Glenn,21,27897,550,517,0,517,3
2020-09-12,Humboldt,23,135768,477,430,0,430,4
2020-09-12,Imperial,25,180216,11576,10305,6,10311,273
2020-09-12,Inyo,27,18085,186,177,0,177,12
2020-09-12,Kern,29,883053,31041,30202,285,30487,368
2020-09-12,Kings,31,150075,7133,6895,34,6929,70
2020-09-12,Lake,33,64148,457,393,0,393,4
2020-09-12,Lassen,35,31185,732,719,1,720,0
2020-09-12,Los Angeles,37,10098052,256428,253156,1650,254806,6193
2020-09-12,Madera,39,155013,4274,4058,26,4084,43
2020-09-12,Marin,41,260295,6482,6393,15,6408,69
2020-09-12,Mariposa,43,17540,75,72,0,72,2
2020-09-12,Mendocino,45,87422,756,700,0,700,17
2020-09-12,Merced,47,269075,8641,8533,12,8545,112
2020-09-12,Modoc,49,8938,25,21,0,21,0
2020-09-12,Mono,51,14174,165,147,1,148,1
2020-09-12,Monterey,53,433212,9178,8743,19,8762,61
2020-09-12,Napa,55,140530,1612,1556,5,1561,11
2020-09-12,Nevada,57,99092,505,482,13,495,6
2020-09-12,Orange,59,3164182,52415,49895,1336,51231,1078
2020-09-12,Placer,61,380077,3430,3280,13,3293,38
2020-09-12,Plumas,63,18699,48,42,0,42,0
2020-09-12,Riverside,65,2383286,56321,55058,79,55137,1108
2020-09-12,Sacramento,67,1510023,20764,20184,16,20200,367
2020-09-12,San Benito,69,59416,1262,1208,0,1208,7
2020-09-12,San Bernardino,71,2135413,51578,49945,51,49996,896
2020-09-12,San Diego,73,3302833,44084,42416,0,42416,747
2020-09-12,San Francisco,75,870044,10609,10257,24,10281,90
2020-09-12,San Joaquin,77,732212,19571,19108,42,19150,396
2020-09-12,San Luis Obispo,79,281455,3353,3220,14,3234,24
2020-09-12,San Mateo,81,765935,9531,8759,6,8765,127
2020-09-12,Santa Barbara,83,443738,9206,8642,61,8703,104
2020-09-12,Santa Clara,85,1922200,20335,19330,22,19352,237
2020-09-12,Santa Cruz,87,273765,2165,2016,20,2036,7
2020-09-12,Shasta,89,179085,713,569,3,572,10
2020-09-12,Sierra,91,2930,6,6,0,6,0
2020-09-12,Siskiyou,93,43540,151,141,9,150,0
2020-09-12,Solano,95,438530,5972,5772,41,5813,43
2020-09-12,Sonoma,97,501317,6884,6531,19,6550,95
2020-09-12,Stanislaus,99,539301,16005,15675,476,16151,253
2020-09-12,Sutter,101,95872,1588,1529,1,1530,10
2020-09-12,Tehama,103,63373,486,471,1,472,1
2020-09-12,Trinity,105,12862,25,15,4,19,0
2020-09-12,Tulare,107,460477,15471,15018,78,15096,254
2020-09-12,Tuolumne,109,53932,224,208,2,210,1
2020-09-12,Ventura,111,848112,12300,11759,122,11881,123
2020-09-12,Yolo,113,214977,2723,2646,6,2652,53
2020-09-12,Yuba,115,75493,1020,963,4,967,1
2020-09-11,Alameda,1,1643700,20261,19625,156,19781,298
2020-09-11,Alpine,3,1148,3,2,0,2,0
2020-09-11,Amador,5,37829,281,277,0,277,16
2020-09-11,Butte,7,227075,2748,2605,15,2620,37
2020-09-11,Calaveras,9,45235,299,242,0,242,1
2020-09-11,Colusa,11,21464,506,484,0,484,6
2020-09-11,Contra Costa,13,1133247,15913,15001,75,15076,173
2020-09-11,Del Norte,15,27424,126,115,0,115,1
2020-09-11,El Dorado,17,186661,1067,1024,0,1024,2
2020-09-11,Fresno,19,978130,29181,26917,318,27235,344
2020-09-11,Glenn,21,27897,545,515,0,515,3
2020-09-11,Humboldt,23,135768,475,426,0,426,4
2020-09-11,Imperial,25,180216,11558,10286,6,10292,273
2020-09-11,Inyo,27,18085,186,176,0,176,12
2020-09-11,Kern,29,883053,30974,30059,284,30343,365
2020-09-11,Kings,31,150075,7116,6770,34,6804,70
2020-09-11,Lake,33,64148,450,382,0,382,4
2020-09-11,Lassen,35,31185,732,719,1,720,0
2020-09-11,Los Angeles,37,10098052,255747,252057,1639,253696,6172
2020-09-11,Madera,39,155013,4255,4018,26,4044,43
2020-09-11,Marin,41,260295,6479,6364,15,6379,69
2020-09-11,Mariposa,43,17540,75,72,0,72,2
2020-09-11,Mendocino,45,87422,745,700,0,700,17
2020-09-11,Merced,47,269075,8620,8489,12,8501,109
2020-09-11,Modoc,49,8938,25,21,0,21,0
2020-09-11,Mono,51,14174,165,145,1,146,1
2020-09-11,Monterey,53,433212,9130,8595,19,8614,61
2020-09-11,Napa,55,140530,1601,1543,5,1548,11
2020-09-11,Nevada,57,99092,498,483,13,496,6
2020-09-11,Orange,59,3164182,52288,49755,1323,51078,1068
2020-09-11,Placer,61,380077,3415,3254,13,3267,37
2020-09-11,Plumas,63,18699,48,42,0,42,0
2020-09-11,Riverside,65,2383286,56188,54717,76,54793,1099
2020-09-11,Sacramento,67,1510023,20677,20012,16,20028,358
2020-09-11,San Benito,69,59416,1252,1202,0,1202,7
2020-09-11,San Bernardino,71,2135413,51478,49682,51,49733,871
2020-09-11,San Diego,73,3302833,43864,41971,0,41971,730
2020-09-11,San Francisco,75,870044,10560,10133,23,10156,89
2020-09-11,San Joaquin,77,732212,19524,19019,42,19061,391
2020-09-11,San Luis Obispo,79,281455,3335,3190,14,3204,24
2020-09-11,San Mateo,81,765935,9489,8611,6,8617,127
2020-09-11,Santa Barbara,83,443738,9172,8592,60,8652,103
2020-09-11,Santa Clara,85,1922200,20245,19065,22,19087,234
2020-09-11,Santa Cruz,87,273765,2148,1997,20,2017,7
2020-09-11,Shasta,89,179085,703,568,3,571,10
2020-09-11,Sierra,91,2930,6,6,0,6,0
2020-09-11,Siskiyou,93,43540,150,139,9,148,0
2020-09-11,Solano,95,438530,5955,5742,41,5783,42
2020-09-11,Sonoma,97,501317,6839,6469,19,6488,91
2020-09-11,Stanislaus,99,539301,15967,15613,473,16086,253
2020-09-11,Sutter,101,95872,1578,1505,1,1506,11
2020-09-11,Tehama,103,63373,483,466,1,467,1
2020-09-11,Trinity,105,12862,25,16,4,20,0
2020-09-11,Tulare,107,460477,15440,14932,76,15008,251
2020-09-11,Tuolumne,109,53932,224,208,2,210,1
2020-09-11,Ventura,111,848112,12246,11700,120,11820,123
2020-09-11,Yolo,113,214977,2712,2632,6,2638,53
2020-09-11,Yuba,115,75493,1012,946,4,950,1
2020-09-10,Alameda,1,1643700,20187,19509,156,19665,292
2020-09-10,Alpine,3,1148,3,2,0,2,0
2020-09-10,Amador,5,37829,280,277,0,277,16
2020-09-10,Butte,7,227075,2731,2590,15,2605,37
2020-09-10,Calaveras,9,45235,299,244,0,244,1
2020-09-10,Colusa,11,21464,504,482,0,482,6
2020-09-10,Contra Costa,13,1133247,15843,14909,75,14984,172
2020-09-10,Del Norte,15,27424,125,112,0,112,1
2020-09-10,El Dorado,17,186661,1064,1020,0,1020,2
2020-09-10,Fresno,19,978130,29060,26783,318,27101,338
2020-09-10,Glenn,21,27897,535,511,0,511,3
2020-09-10,Humboldt,23,135768,464,422,0,422,4
2020-09-10,Imperial,25,180216,11542,10251,6,10257,270
2020-09-10,Inyo,27,18085,185,176,0,176,11
2020-09-10,Kern,29,883053,30893,29988,280,30268,363
2020-09-10,Kings,31,150075,7087,6739,34,6773,70
2020-09-10,Lake,33,64148,443,377,0,377,4
2020-09-10,Lassen,35,31185,731,716,1,717,0
2020-09-10,Los Angeles,37,10098052,254766,251003,1617,252620,6132
2020-09-10,Madera,39,155013,4237,3979,26,4005,43
2020-09-10,Marin,41,260295,6468,6344,15,6359,68
2020-09-10,Mariposa,43,17540,75,72,0,72,2
2020-09-10,Mendocino,45,87422,735,697,0,697,16
2020-09-10,Merced,47,269075,8574,8461,12,8473,109
2020-09-10,Modoc,49,8938,25,21,0,21,0
2020-09-10,Mono,51,14174,165,145,1,146,1
2020-09-10,Monterey,53,433212,9060,8570,19,8589,59
2020-09-10,Napa,55,140530,1595,1536,5,1541,11
2020-09-10,Nevada,57,99092,494,478,13,491,6
2020-09-10,Orange,59,3164182,52125,49617,1316,50933,1057
2020-09-10,Placer,61,380077,3396,3233,13,3246,37
2020-09-10,Plumas,63,18699,48,42,0,42,0
2020-09-10,Riverside,65,2383286,55870,54417,73,54490,1091
2020-09-10,Sacramento,67,1510023,20557,19618,14,19632,354
2020-09-10,San Benito,69,59416,1246,1201,0,1201,5
2020-09-10,San Bernardino,71,2135413,51289,49467,50,49517,867
2020-09-10,San Diego,73,3302833,43598,41610,0,41610,725
2020-09-10,San Francisco,75,870044,10483,10082,23,10105,89
2020-09-10,San Joaquin,77,732212,19471,18854,42,18896,389
2020-09-10,San Luis Obispo,79,281455,3322,3161,14,3175,24
2020-09-10,San Mateo,81,765935,9443,8529,6,8535,125
2020-09-10,Santa Barbara,83,443738,9128,8552,60,8612,100
2020-09-10,Santa Clara,85,1922200,20131,18870,22,18892,231
2020-09-10,Santa Cruz,87,273765,2133,1986,18,2004,7
2020-09-10,Shasta,89,179085,692,566,3,569,10
2020-09-10,Sierra,91,2930,6,6,0,6,0
2020-09-10,Siskiyou,93,43540,150,137,9,146,0
2020-09-10,Solano,95,438530,5915,5696,41,5737,42
2020-09-10,Sonoma,97,501317,6790,6424,19,6443,91
2020-09-10,Stanislaus,99,539301,15913,15509,468,15977,243
2020-09-10,Sutter,101,95872,1566,1494,1,1495,11
2020-09-10,Tehama,103,63373,476,466,1,467,1
2020-09-10,Trinity,105,12862,25,15,4,19,0
2020-09-10,Tulare,107,460477,15385,14860,73,14933,250
2020-09-10,Tuolumne,109,53932,223,205,2,207,1
2020-09-10,Ventura,111,848112,12154,11600,113,11713,122
2020-09-10,Yolo,113,214977,2707,2612,6,2618,53
2020-09-10,Yuba,115,75493,1006,941,4,945,1
2020-09-09,Alameda,1,1643700,20109,19399,155,19554,289
2020-09-09,Alpine,3,1148,3,2,0,2,0
2020-09-09,Amador,5,37829,279,276,0,276,16
2020-09-09,Butte,7,227075,2714,2561,15,2576,37
2020-09-09,Calaveras,9,45235,299,242,0,242,1
2020-09-09,Colusa,11,21464,499,479,0,479,6
2020-09-09,Contra Costa,13,1133247,15757,14816,75,14891,171
2020-09-09,Del Norte,15,27424,121,109,0,109,1
2020-09-09,El Dorado,17,186661,1063,1020,0,1020,2
2020-09-09,Fresno,19,978130,28957,26724,313,27037,329
2020-09-09,Glenn,21,27897,532,508,0,508,3
2020-09-09,Humboldt,23,135768,462,420,0,420,4
2020-09-09,Imperial,25,180216,11521,10233,6,10239,268
2020-09-09,Inyo,27,18085,184,173,0,173,2
2020-09-09,Kern,29,883053,30796,29925,277,30202,355
2020-09-09,Kings,31,150075,7069,6721,34,6755,72
2020-09-09,Lake,33,64148,435,371,0,371,4
2020-09-09,Lassen,35,31185,730,714,1,715,0
2020-09-09,Los Angeles,37,10098052,253884,249876,1598,251474,6091
2020-09-09,Madera,39,155013,4212,3926,26,3952,43
2020-09-09,Marin,41,260295,6449,6321,15,6336,68
2020-09-09,Mariposa,43,17540,74,72,0,72,2
2020-09-09,Mendocino,45,87422,727,695,0,695,16
2020-09-09,Merced,47,269075,8548,8441,12,8453,107
2020-09-09,Modoc,49,8938,24,20,0,20,0
2020-09-09,Mono,51,14174,165,145,1,146,1
2020-09-09,Monterey,53,433212,8988,8527,19,8546,59
2020-09-09,Napa,55,140530,1585,1531,5,1536,11
2020-09-09,Nevada,57,99092,490,476,13,489,6
2020-09-09,Orange,59,3164182,51946,49394,1308,50702,1054
2020-09-09,Placer,61,380077,3377,3222,13,3235,36
2020-09-09,Plumas,63,18699,46,42,0,42,0
2020-09-09,Riverside,65,2383286,55640,54320,70,54390,1081
2020-09-09,Sacramento,67,1510023,20451,19474,14,19488,347
2020-09-09,San Benito,69,59416,1242,1199,0,1199,5
2020-09-09,San Bernardino,71,2135413,51091,49264,50,49314,866
2020-09-09,San Diego,73,3302833,43309,41326,0,41326,721
2020-09-09,San Francisco,75,870044,10433,9996,22,10018,86
2020-09-09,San Joaquin,77,732212,19407,18799,41,18840,388
2020-09-09,San Luis Obispo,79,281455,3304,3131,14,3145,24
2020-09-09,San Mateo,81,765935,9382,8478,6,8484,125
2020-09-09,Santa Barbara,83,443738,9085,8528,60,8588,97
2020-09-09,Santa Clara,85,1922200,20000,18759,22,18781,228
2020-09-09,Santa Cruz,87,273765,2110,1967,18,1985,7
2020-09-09,Shasta,89,179085,680,562,3,565,10
2020-09-09,Sierra,91,2930,6,6,0,6,0
2020-09-09,Siskiyou,93,43540,148,137,9,146,0
2020-09-09,Solano,95,438530,5883,5680,41,5721,36
2020-09-09,Sonoma,97,501317,6723,6397,19,6416,92
2020-09-09,Stanislaus,99,539301,15875,15469,455,15924,243
2020-09-09,Sutter,101,95872,1558,1487,1,1488,11
2020-09-09,Tehama,103,63373,473,462,1,463,1
2020-09-09,Trinity,105,12862,25,14,4,18,0
2020-09-09,Tulare,107,460477,15335,14787,68,14855,249
2020-09-09,Tuolumne,109,53932,222,204,2,206,1
2020-09-09,Ventura,111,848112,12066,11497,110,11607,121
2020-09-09,Yolo,113,214977,2696,2604,6,2610,53
2020-09-09,Yuba,115,75493,1001,936,4,940,1
2020-09-08,Alameda,1,1643700,20002,19293,155,19448,288
2020-09-08,Alpine,3,1148,3,2,0,2,0
2020-09-08,Amador,5,37829,279,276,0,276,16
2020-09-08,Butte,7,227075,2696,2453,15,2468,36
2020-09-08,Calaveras,9,45235,297,233,0,233,1
2020-09-08,Colusa,11,21464,497,475,0,475,6
2020-09-08,Contra Costa,13,1133247,15629,14740,72,14812,171
2020-09-08,Del Norte,15,27424,121,109,0,109,2
2020-09-08,El Dorado,17,186661,1060,1011,0,1011,2
2020-09-08,Fresno,19,978130,28838,26640,309,26949,329
2020-09-08,Glenn,21,27897,528,492,0,492,3
2020-09-08,Humboldt,23,135768,460,420,0,420,4
2020-09-08,Imperial,25,180216,11505,10198,6,10204,267
2020-09-08,Inyo,27,18085,184,169,0,169,2
2020-09-08,Kern,29,883053,30711,29850,275,30125,351
2020-09-08,Kings,31,150075,7031,6658,34,6692,72
2020-09-08,Lake,33,64148,425,370,0,370,4
2020-09-08,Lassen,35,31185,730,710,1,711,0
2020-09-08,Los Angeles,37,10098052,252949,249217,1570,250787,6034
2020-09-08,Madera,39,155013,4188,3904,26,3930,43
2020-09-08,Marin,41,260295,6418,6313,15,6328,68
2020-09-08,Mariposa,43,17540,74,72,0,72,2
2020-09-08,Mendocino,45,87422,720,690,0,690,16
2020-09-08,Merced,47,269075,8525,8381,12,8393,104
2020-09-08,Modoc,49,8938,24,20,0,20,0
2020-09-08,Mono,51,14174,165,145,1,146,1
2020-09-08,Monterey,53,433212,8903,8491,19,8510,59
2020-09-08,Napa,55,140530,1581,1518,5,1523,11
2020-09-08,Nevada,57,99092,490,470,13,483,6
2020-09-08,Orange,59,3164182,51805,49214,1304,50518,1044
2020-09-08,Placer,61,380077,3363,3205,13,3218,36
2020-09-08,Plumas,63,18699,46,42,0,42,0
2020-09-08,Riverside,65,2383286,55428,54168,67,54235,1069
2020-09-08,Sacramento,67,1510023,20216,19411,14,19425,347
2020-09-08,San Benito,69,59416,1235,1188,0,1188,5
2020-09-08,San Bernardino,71,2135413,50902,49034,49,49083,856
2020-09-08,San Diego,73,3302833,42993,41079,0,41079,709
2020-09-08,San Francisco,75,870044,10360,9821,22,9843,86
2020-09-08,San Joaquin,77,732212,19329,18550,41,18591,388
2020-09-08,San Luis Obispo,79,281455,3290,3120,14,3134,23
2020-09-08,San Mateo,81,765935,9306,8460,6,8466,125
2020-09-08,Santa Barbara,83,443738,9051,8488,59,8547,96
2020-09-08,Santa Clara,85,1922200,19824,18645,22,18667,228
2020-09-08,Santa Cruz,87,273765,2082,1903,18,1921,7
2020-09-08,Shasta,89,179085,672,556,3,559,10
2020-09-08,Sierra,91,2930,6,6,0,6,0
2020-09-08,Siskiyou,93,43540,146,136,9,145,0
2020-09-08,Solano,95,438530,5846,5654,41,5695,36
2020-09-08,Sonoma,97,501317,6654,6356,19,6375,92
2020-09-08,Stanislaus,99,539301,15811,15415,443,15858,238
2020-09-08,Sutter,101,95872,1544,1473,1,1474,11
2020-09-08,Tehama,103,63373,469,458,1,459,1
2020-09-08,Trinity,105,12862,24,13,4,17,0
2020-09-08,Tulare,107,460477,15255,14635,67,14702,249
2020-09-08,Tuolumne,109,53932,221,197,2,199,1
2020-09-08,Ventura,111,848112,11998,11475,108,11583,118
2020-09-08,Yolo,113,214977,2686,2580,6,2586,53
2020-09-08,Yuba,115,75493,989,923,4,927,1
2020-09-07,Alameda,1,1643700,19880,19188,150,19338,281
2020-09-07,Alpine,3,1148,3,2,0,2,0
2020-09-07,Amador,5,37829,279,276,0,276,16
2020-09-07,Butte,7,227075,2663,2450,14,2464,30
2020-09-07,Calaveras,9,45235,287,234,0,234,1
2020-09-07,Colusa,11,21464,496,475,0,475,6
2020-09-07,Contra Costa,13,1133247,15516,14637,69,14706,172
2020-09-07,Del Norte,15,27424,121,109,0,109,2
2020-09-07,El Dorado,17,186661,1049,1011,0,1011,2
2020-09-07,Fresno,19,978130,28745,26565,305,26870,329
2020-09-07,Glenn,21,27897,523,488,0,488,3
2020-09-07,Humboldt,23,135768,451,416,0,416,4
2020-09-07,Imperial,25,180216,11474,10199,6,10205,267
2020-09-07,Inyo,27,18085,184,169,0,169,2
2020-09-07,Kern,29,883053,30590,29790,271,30061,348
2020-09-07,Kings,31,150075,6907,6630,34,6664,72
2020-09-07,Lake,33,64148,402,367,0,367,2
2020-09-07,Lassen,35,31185,729,709,1,710,0
2020-09-07,Los Angeles,37,10098052,251904,248804,1547,250351,6030
2020-09-07,Madera,39,155013,4157,3889,26,3915,43
2020-09-07,Marin,41,260295,6388,6296,15,6311,67
2020-09-07,Mariposa,43,17540,74,72,0,72,2
2020-09-07,Mendocino,45,87422,712,687,0,687,16
2020-09-07,Merced,47,269075,8478,8381,12,8393,104
2020-09-07,Modoc,49,8938,23,20,0,20,0
2020-09-07,Mono,51,14174,165,145,1,146,1
2020-09-07,Monterey,53,433212,8823,8463,19,8482,57
2020-09-07,Napa,55,140530,1569,1514,5,1519,11
2020-09-07,Nevada,57,99092,488,469,13,482,6
2020-09-07,Orange,59,3164182,51635,49132,1300,50432,1042
2020-09-07,Placer,61,380077,3332,3188,12,3200,36
2020-09-07,Plumas,63,18699,45,42,0,42,0
2020-09-07,Riverside,65,2383286,55153,54178,61,54239,1069
2020-09-07,Sacramento,67,1510023,19974,19292,14,19306,345
2020-09-07,San Benito,69,59416,1229,1180,0,1180,4
2020-09-07,San Bernardino,71,2135413,50678,49043,49,49092,821
2020-09-07,San Diego,73,3302833,42593,40868,0,40868,708
2020-09-07,San Francisco,75,870044,10309,9813,21,9834,85
2020-09-07,San Joaquin,77,732212,19248,18552,39,18591,386
2020-09-07,San Luis Obispo,79,281455,3253,3116,14,3130,23
2020-09-07,San Mateo,81,765935,9224,8409,6,8415,125
2020-09-07,Santa Barbara,83,443738,9009,8479,59,8538,95
2020-09-07,Santa Clara,85,1922200,19666,18596,21,18617,226
2020-09-07,Santa Cruz,87,273765,2054,1902,18,1920,7
2020-09-07,Shasta,89,179085,662,556,3,559,10
2020-09-07,Sierra,91,2930,6,6,0,6,0
2020-09-07,Siskiyou,93,43540,145,133,9,142,0
2020-09-07,Solano,95,438530,5781,5640,41,5681,36
2020-09-07,Sonoma,97,501317,6587,6268,19,6287,85
2020-09-07,Stanislaus,99,539301,15746,15343,430,15773,236
2020-09-07,Sutter,101,95872,1527,1468,1,1469,11
2020-09-07,Tehama,103,63373,466,453,1,454,1
2020-09-07,Trinity,105,12862,24,13,4,17,0
2020-09-07,Tulare,107,460477,15149,14637,65,14702,249
2020-09-07,Tuolumne,109,53932,220,196,2,198,1
2020-09-07,Ventura,111,848112,11905,11463,106,11569,118
2020-09-07,Yolo,113,214977,2669,2565,5,2570,53
2020-09-07,Yuba,115,75493,973,923,3,926,1
2020-09-06,Alameda,1,1643700,19822,19029,148,19177,281
2020-09-06,Alpine,3,1148,3,2,0,2,0
2020-09-06,Amador,5,37829,277,275,0,275,16
2020-09-06,Butte,7,227075,2654,2446,14,2460,30
2020-09-06,Calaveras,9,45235,287,235,0,235,1
2020-09-06,Colusa,11,21464,492,475,0,475,6
2020-09-06,Contra Costa,13,1133247,15436,14565,68,14633,171
2020-09-06,Del Norte,15,27424,121,109,0,109,2
2020-09-06,El Dorado,17,186661,1047,1008,0,1008,2
2020-09-06,Fresno,19,978130,28681,26471,305,26776,329
2020-09-06,Glenn,21,27897,517,474,0,474,3
2020-09-06,Humboldt,23,135768,448,404,0,404,4
2020-09-06,Imperial,25,180216,11457,10152,6,10158,267
2020-09-06,Inyo,27,18085,184,169,0,169,2
2020-09-06,Kern,29,883053,30535,29699,267,29966,348
2020-09-06,Kings,31,150075,6887,6561,33,6594,72
2020-09-06,Lake,33,64148,399,362,0,362,2
2020-09-06,Lassen,35,31185,729,709,1,710,0
2020-09-06,Los Angeles,37,10098052,251276,248316,1531,249847,6004
2020-09-06,Madera,39,155013,4113,3867,26,3893,42
2020-09-06,Marin,41,260295,6376,6276,15,6291,67
2020-09-06,Mariposa,43,17540,74,72,0,72,2
2020-09-06,Mendocino,45,87422,711,672,0,672,16
2020-09-06,Merced,47,269075,8459,8327,12,8339,104
2020-09-06,Modoc,49,8938,23,20,0,20,0
2020-09-06,Mono,51,14174,164,145,1,146,1
2020-09-06,Monterey,53,433212,8784,8403,18,8421,56
2020-09-06,Napa,55,140530,1565,1501,3,1504,11
2020-09-06,Nevada,57,99092,488,467,13,480,6
2020-09-06,Orange,59,3164182,51523,48931,1295,50226,1042
2020-09-06,Placer,61,380077,3315,3169,12,3181,36
2020-09-06,Plumas,63,18699,44,42,0,42,0
2020-09-06,Riverside,65,2383286,55036,53970,59,54029,1069
2020-09-06,Sacramento,67,1510023,19879,19128,14,19142,340
2020-09-06,San Benito,69,59416,1227,1178,0,1178,4
2020-09-06,San Bernardino,71,2135413,50569,48923,49,48972,823
2020-09-06,San Diego,73,3302833,42345,40652,0,40652,707
2020-09-06,San Francisco,75,870044,10234,9813,21,9834,85
2020-09-06,San Joaquin,77,732212,19199,18558,39,18597,386
2020-09-06,San Luis Obispo,79,281455,3242,3101,14,3115,23
2020-09-06,San Mateo,81,765935,9171,8387,6,8393,125
2020-09-06,Santa Barbara,83,443738,8980,8434,59,8493,95
2020-09-06,Santa Clara,85,1922200,19565,18495,21,18516,207
2020-09-06,Santa Cruz,87,273765,2047,1902,18,1920,7
2020-09-06,Shasta,89,179085,656,550,3,553,10
2020-09-06,Sierra,91,2930,6,6,0,6,0
2020-09-06,Siskiyou,93,43540,145,132,9,141,0
2020-09-06,Solano,95,438530,5755,5619,41,5660,37
2020-09-06,Sonoma,97,501317,6558,6212,19,6231,85
2020-09-06,Stanislaus,99,539301,15703,15288,425,15713,236
2020-09-06,Sutter,101,95872,1514,1451,1,1452,11
2020-09-06,Tehama,103,63373,465,455,1,456,1
2020-09-06,Trinity,105,12862,23,13,4,17,0
2020-09-06,Tulare,107,460477,15106,14636,64,14700,249
2020-09-06,Tuolumne,109,53932,217,194,2,196,1
2020-09-06,Ventura,111,848112,11863,11315,105,11420,118
2020-09-06,Yolo,113,214977,2656,2556,5,2561,53
2020-09-06,Yuba,115,75493,965,913,3,916,1
2020-09-05,Alameda,1,1643700,19775,18973,146,19119,279
2020-09-05,Alpine,3,1148,3,2,0,2,0
2020-09-05,Amador,5,37829,277,274,0,274,16
2020-09-05,Butte,7,227075,2638,2406,13,2419,30
2020-09-05,Calaveras,9,45235,287,237,0,237,1
2020-09-05,Colusa,11,21464,488,472,0,472,6
2020-09-05,Contra Costa,13,1133247,15360,14456,66,14522,173
2020-09-05,Del Norte,15,27424,121,109,0,109,2
2020-09-05,El Dorado,17,186661,1047,1007,0,1007,2
2020-09-05,Fresno,19,978130,28613,26325,305,26630,331
2020-09-05,Glenn,21,27897,516,474,0,474,3
2020-09-05,Humboldt,23,135768,446,402,0,402,4
2020-09-05,Imperial,25,180216,11440,10151,6,10157,268
2020-09-05,Inyo,27,18085,184,169,0,169,2
2020-09-05,Kern,29,883053,30475,29645,263,29908,347
2020-09-05,Kings,31,150075,6878,6518,33,6551,66
2020-09-05,Lake,33,64148,396,359,0,359,2
2020-09-05,Lassen,35,31185,729,709,1,710,0
2020-09-05,Los Angeles,37,10098052,250742,247572,1518,249090,6001
2020-09-05,Madera,39,155013,4072,3851,26,3877,42
2020-09-05,Marin,41,260295,6369,6259,15,6274,66
2020-09-05,Mariposa,43,17540,74,72,0,72,2
2020-09-05,Mendocino,45,87422,710,658,0,658,16
2020-09-05,Merced,47,269075,8427,8297,10,8307,104
2020-09-05,Modoc,49,8938,23,19,0,19,0
2020-09-05,Mono,51,14174,164,145,1,146,1
2020-09-05,Monterey,53,433212,8754,8301,18,8319,56
2020-09-05,Napa,55,140530,1559,1484,3,1487,11
2020-09-05,Nevada,57,99092,485,461,13,474,6
2020-09-05,Orange,59,3164182,51420,48726,1290,50016,1039
2020-09-05,Placer,61,380077,3305,3141,12,3153,35
2020-09-05,Plumas,63,18699,44,42,0,42,0
2020-09-05,Riverside,65,2383286,54930,53780,59,53839,1066
2020-09-05,Sacramento,67,1510023,19790,18955,14,18969,339
2020-09-05,San Benito,69,59416,1225,1153,0,1153,4
2020-09-05,San Bernardino,71,2135413,50494,48800,48,48848,825
2020-09-05,San Diego,73,3302833,42153,40344,0,40344,717
2020-09-05,San Francisco,75,870044,10201,9812,20,9832,85
2020-09-05,San Joaquin,77,732212,19171,18557,39,18596,386
2020-09-05,San Luis Obispo,79,281455,3232,3083,14,3097,23
2020-09-05,San Mateo,81,765935,9126,8352,6,8358,124
2020-09-05,Santa Barbara,83,443738,8963,8404,59,8463,96
2020-09-05,Santa Clara,85,1922200,19481,18311,21,18332,207
2020-09-05,Santa Cruz,87,273765,2039,1904,18,1922,7
2020-09-05,Shasta,89,179085,655,544,3,547,10
2020-09-05,Sierra,91,2930,6,6,0,6,0
2020-09-05,Siskiyou,93,43540,144,131,9,140,0
2020-09-05,Solano,95,438530,5743,5579,41,5620,37
2020-09-05,Sonoma,97,501317,6525,6149,19,6168,85
2020-09-05,Stanislaus,99,539301,15655,15198,421,15619,236
2020-09-05,Sutter,101,95872,1507,1445,1,1446,11
2020-09-05,Tehama,103,63373,464,447,1,448,1
2020-09-05,Trinity,105,12862,23,13,4,17,0
2020-09-05,Tulare,107,460477,15050,14576,62,14638,249
2020-09-05,Tuolumne,109,53932,217,194,2,196,1
2020-09-05,Ventura,111,848112,11822,11254,105,11359,118
2020-09-05,Yolo,113,214977,2646,2534,5,2539,53
2020-09-05,Yuba,115,75493,959,902,3,905,1
2020-09-04,Alameda,1,1643700,19707,18843,144,18987,276
2020-09-04,Alpine,3,1148,3,2,0,2,0
2020-09-04,Amador,5,37829,276,274,0,274,16
2020-09-04,Butte,7,227075,2615,2325,13,2338,28
2020-09-04,Calaveras,9,45235,285,237,0,237,1
2020-09-04,Colusa,11,21464,486,467,0,467,6
2020-09-04,Contra Costa,13,1133247,15280,14355,65,14420,164
2020-09-04,Del Norte,15,27424,121,109,0,109,2
2020-09-04,El Dorado,17,186661,1043,992,0,992,2
2020-09-04,Fresno,19,978130,28508,26147,304,26451,321
2020-09-04,Glenn,21,27897,508,463,0,463,3
2020-09-04,Humboldt,23,135768,441,390,0,390,4
2020-09-04,Imperial,25,180216,11431,10136,6,10142,267
2020-09-04,Inyo,27,18085,184,169,0,169,2
2020-09-04,Kern,29,883053,30407,29526,260,29786,345
2020-09-04,Kings,31,150075,6865,6259,33,6292,66
2020-09-04,Lake,33,64148,396,347,0,347,2
2020-09-04,Lassen,35,31185,729,708,1,709,0
2020-09-04,Los Angeles,37,10098052,250171,246396,1497,247893,5977
2020-09-04,Madera,39,155013,4059,3838,26,3864,42
2020-09-04,Marin,41,260295,6357,6251,15,6266,66
2020-09-04,Mariposa,43,17540,74,72,0,72,2
2020-09-04,Mendocino,45,87422,708,646,0,646,16
2020-09-04,Merced,47,269075,8407,8214,10,8224,104
2020-09-04,Modoc,49,8938,23,15,0,15,0
2020-09-04,Mono,51,14174,164,145,1,146,1
2020-09-04,Monterey,53,433212,8709,8208,18,8226,56
2020-09-04,Napa,55,140530,1550,1475,3,1478,11
2020-09-04,Nevada,57,99092,482,455,13,468,6
2020-09-04,Orange,59,3164182,51296,48488,1283,49771,1031
2020-09-04,Placer,61,380077,3293,3101,12,3113,35
2020-09-04,Plumas,63,18699,44,42,0,42,0
2020-09-04,Riverside,65,2383286,54817,53606,54,53660,1066
2020-09-04,Sacramento,67,1510023,19701,18765,14,18779,337
2020-09-04,San Benito,69,59416,1216,1137,0,1137,4
2020-09-04,San Bernardino,71,2135413,50402,48497,48,48545,800
2020-09-04,San Diego,73,3302833,41923,39901,0,39901,701
2020-09-04,San Francisco,75,870044,10161,9694,19,9713,85
2020-09-04,San Joaquin,77,732212,19117,18438,39,18477,376
2020-09-04,San Luis Obispo,79,281455,3217,3049,13,3062,21
2020-09-04,San Mateo,81,765935,9082,8275,6,8281,122
2020-09-04,Santa Barbara,83,443738,8932,8340,59,8399,96
2020-09-04,Santa Clara,85,1922200,19373,18074,21,18095,209
2020-09-04,Santa Cruz,87,273765,2022,1896,17,1913,7
2020-09-04,Shasta,89,179085,652,536,3,539,10
2020-09-04,Sierra,91,2930,6,6,0,6,0
2020-09-04,Siskiyou,93,43540,144,129,9,138,0
2020-09-04,Solano,95,438530,5730,5552,41,5593,37
2020-09-04,Sonoma,97,501317,6460,6050,19,6069,85
2020-09-04,Stanislaus,99,539301,15620,15074,412,15486,233
2020-09-04,Sutter,101,95872,1491,1425,1,1426,11
2020-09-04,Tehama,103,63373,460,442,1,443,1
2020-09-04,Trinity,105,12862,23,13,4,17,0
2020-09-04,Tulare,107,460477,15022,14501,58,14559,247
2020-09-04,Tuolumne,109,53932,217,193,2,195,1
2020-09-04,Ventura,111,848112,11780,11171,105,11276,114
2020-09-04,Yolo,113,214977,2631,2495,5,2500,53
2020-09-04,Yuba,115,75493,954,884,3,887,1
2020-09-03,Alameda,1,1643700,19604,18687,144,18831,275
2020-09-03,Alpine,3,1148,3,2,0,2,0
2020-09-03,Amador,5,37829,276,274,0,274,16
2020-09-03,Butte,7,227075,2570,2274,13,2287,27
2020-09-03,Calaveras,9,45235,284,238,0,238,1
2020-09-03,Colusa,11,21464,484,464,0,464,6
2020-09-03,Contra Costa,13,1133247,15173,14206,62,14268,159
2020-09-03,Del Norte,15,27424,118,109,0,109,2
2020-09-03,El Dorado,17,186661,1039,983,0,983,2
2020-09-03,Fresno,19,978130,28390,25978,298,26276,313
2020-09-03,Glenn,21,27897,504,460,0,460,3
2020-09-03,Humboldt,23,135768,436,390,0,390,4
2020-09-03,Imperial,25,180216,11411,10083,6,10089,255
2020-09-03,Inyo,27,18085,182,171,0,171,3
2020-09-03,Kern,29,883053,30315,29426,245,29671,340
2020-09-03,Kings,31,150075,6785,6200,33,6233,64
2020-09-03,Lake,33,64148,387,347,0,347,2
2020-09-03,Lassen,35,31185,729,707,1,708,0
2020-09-03,Los Angeles,37,10098052,249294,245026,1475,246501,5931
2020-09-03,Madera,39,155013,4040,3780,26,3806,43
2020-09-03,Marin,41,260295,6338,6175,15,6190,66
2020-09-03,Mariposa,43,17540,74,71,0,71,2
2020-09-03,Mendocino,45,87422,699,638,0,638,16
2020-09-03,Merced,47,269075,8365,8136,10,8146,105
2020-09-03,Modoc,49,8938,23,14,0,14,0
2020-09-03,Mono,51,14174,163,144,1,145,1
2020-09-03,Monterey,53,433212,8655,8128,18,8146,56
2020-09-03,Napa,55,140530,1543,1466,3,1469,10
2020-09-03,Nevada,57,99092,479,453,13,466,6
2020-09-03,Orange,59,3164182,51110,48226,1267,49493,1009
2020-09-03,Placer,61,380077,3275,3069,12,3081,34
2020-09-03,Plumas,63,18699,44,39,0,39,0
2020-09-03,Riverside,65,2383286,54638,53341,49,53390,1052
2020-09-03,Sacramento,67,1510023,19573,18553,13,18566,328
2020-09-03,San Benito,69,59416,1205,1121,0,1121,4
2020-09-03,San Bernardino,71,2135413,50238,48165,48,48213,800
2020-09-03,San Diego,73,3302833,41609,39448,0,39448,700
2020-09-03,San Francisco,75,870044,10095,9636,17,9653,84
2020-09-03,San Joaquin,77,732212,19040,18331,39,18370,371
2020-09-03,San Luis Obispo,79,281455,3200,3023,13,3036,21
2020-09-03,San Mateo,81,765935,9008,8211,6,8217,122
2020-09-03,Santa Barbara,83,443738,8885,8277,59,8336,96
2020-09-03,Santa Clara,85,1922200,19193,17879,21,17900,208
2020-09-03,Santa Cruz,87,273765,2007,1870,17,1887,7
2020-09-03,Shasta,89,179085,647,535,3,538,10
2020-09-03,Sierra,91,2930,6,6,0,6,0
2020-09-03,Siskiyou,93,43540,144,128,9,137,0
2020-09-03,Solano,95,438530,5710,5499,40,5539,36
2020-09-03,Sonoma,97,501317,6398,5997,19,6016,62
2020-09-03,Stanislaus,99,539301,15568,14985,408,15393,217
2020-09-03,Sutter,101,95872,1481,1412,1,1413,11
2020-09-03,Tehama,103,63373,456,436,1,437,1
2020-09-03,Trinity,105,12862,22,13,4,17,0
2020-09-03,Tulare,107,460477,14956,14408,57,14465,244
2020-09-03,Tuolumne,109,53932,217,193,2,195,1
2020-09-03,Ventura,111,848112,11664,11109,102,11211,112
2020-09-03,Yolo,113,214977,2615,2475,5,2480,53
2020-09-03,Yuba,115,75493,947,867,3,870,1
2020-09-02,Alameda,1,1643700,19486,18522,141,18663,260
2020-09-02,Alpine,3,1148,3,2,0,2,0
2020-09-02,Amador,5,37829,276,245,0,245,14
2020-09-02,Butte,7,227075,2524,2241,13,2254,27
2020-09-02,Calaveras,9,45235,283,235,0,235,1
2020-09-02,Colusa,11,21464,480,460,0,460,6
2020-09-02,Contra Costa,13,1133247,15085,14097,59,14156,159
2020-09-02,Del Norte,15,27424,117,109,0,109,2
2020-09-02,El Dorado,17,186661,1035,975,0,975,2
2020-09-02,Fresno,19,978130,28243,25785,295,26080,292
2020-09-02,Glenn,21,27897,499,457,0,457,3
2020-09-02,Humboldt,23,135768,433,381,0,381,4
2020-09-02,Imperial,25,180216,11395,9832,6,9838,255
2020-09-02,Inyo,27,18085,182,171,0,171,3
2020-09-02,Kern,29,883053,30223,29288,239,29527,335
2020-09-02,Kings,31,150075,6700,6142,33,6175,64
2020-09-02,Lake,33,64148,383,342,0,342,2
2020-09-02,Lassen,35,31185,727,706,1,707,0
2020-09-02,Los Angeles,37,10098052,248349,243999,1448,245447,5887
2020-09-02,Madera,39,155013,4020,3735,26,3761,41
2020-09-02,Marin,41,260295,6323,6131,15,6146,66
2020-09-02,Mariposa,43,17540,74,71,0,71,2
2020-09-02,Mendocino,45,87422,689,636,0,636,15
2020-09-02,Merced,47,269075,8334,8097,9,8106,103
2020-09-02,Modoc,49,8938,22,11,0,11,0
2020-09-02,Mono,51,14174,163,145,1,146,1
2020-09-02,Monterey,53,433212,8591,8070,18,8088,56
2020-09-02,Napa,55,140530,1531,1454,3,1457,10
2020-09-02,Nevada,57,99092,473,452,12,464,6
2020-09-02,Orange,59,3164182,50928,47871,1258,49129,994
2020-09-02,Placer,61,380077,3250,3047,11,3058,33
2020-09-02,Plumas,63,18699,44,39,0,39,0
2020-09-02,Riverside,65,2383286,54436,52923,46,52969,1032
2020-09-02,Sacramento,67,1510023,19339,18355,13,18368,316
2020-09-02,San Benito,69,59416,1192,1107,0,1107,4
2020-09-02,San Bernardino,71,2135413,50075,47766,47,47813,794
2020-09-02,San Diego,73,3302833,41289,39123,0,39123,695
2020-09-02,San Francisco,75,870044,10026,9587,17,9604,84
2020-09-02,San Joaquin,77,732212,18959,18194,38,18232,352
2020-09-02,San Luis Obispo,79,281455,3174,3002,12,3014,21
2020-09-02,San Mateo,81,765935,8951,8148,6,8154,122
2020-09-02,Santa Barbara,83,443738,8830,8206,58,8264,94
2020-09-02,Santa Clara,85,1922200,19040,17673,21,17694,206
2020-09-02,Santa Cruz,87,273765,1984,1850,17,1867,7
2020-09-02,Shasta,89,179085,646,531,3,534,10
2020-09-02,Sierra,91,2930,6,6,0,6,0
2020-09-02,Siskiyou,93,43540,143,127,9,136,0
2020-09-02,Solano,95,438530,5682,5463,40,5503,36
2020-09-02,Sonoma,97,501317,6336,5846,19,5865,62
2020-09-02,Stanislaus,99,539301,15498,14854,401,15255,220
2020-09-02,Sutter,101,95872,1466,1401,1,1402,10
2020-09-02,Tehama,103,63373,453,429,1,430,1
2020-09-02,Trinity,105,12862,22,13,4,17,0
2020-09-02,Tulare,107,460477,14890,14298,56,14354,244
2020-09-02,Tuolumne,109,53932,217,190,2,192,1
2020-09-02,Ventura,111,848112,11577,11031,101,11132,111
2020-09-02,Yolo,113,214977,2594,2449,5,2454,54
2020-09-02,Yuba,115,75493,940,856,3,859,1
2020-09-01,Alameda,1,1643700,19347,18382,138,18520,248
2020-09-01,Alpine,3,1148,3,2,0,2,0
2020-09-01,Amador,5,37829,275,244,0,244,13
2020-09-01,Butte,7,227075,2468,2146,13,2159,26
2020-09-01,Calaveras,9,45235,275,228,0,228,1
2020-09-01,Colusa,11,21464,476,454,0,454,6
2020-09-01,Contra Costa,13,1133247,14991,13998,57,14055,158
2020-09-01,Del Norte,15,27424,116,108,0,108,2
2020-09-01,El Dorado,17,186661,1027,972,0,972,2
2020-09-01,Fresno,19,978130,28098,25542,292,25834,290
2020-09-01,Glenn,21,27897,492,449,0,449,3
2020-09-01,Humboldt,23,135768,427,378,0,378,4
2020-09-01,Imperial,25,180216,11369,9782,6,9788,250
2020-09-01,Inyo,27,18085,182,171,0,171,3
2020-09-01,Kern,29,883053,30133,29162,234,29396,332
2020-09-01,Kings,31,150075,6669,6088,33,6121,62
2020-09-01,Lake,33,64148,380,341,0,341,2
2020-09-01,Lassen,35,31185,724,706,1,707,0
2020-09-01,Los Angeles,37,10098052,247246,242633,1421,244054,5832
2020-09-01,Madera,39,155013,3991,3703,25,3728,41
2020-09-01,Marin,41,260295,6308,6102,15,6117,67
2020-09-01,Mariposa,43,17540,73,72,0,72,2
2020-09-01,Mendocino,45,87422,674,626,0,626,15
2020-09-01,Merced,47,269075,8281,8046,8,8054,103
2020-09-01,Modoc,49,8938,20,10,0,10,0
2020-09-01,Mono,51,14174,163,145,1,146,1
2020-09-01,Monterey,53,433212,8483,7926,18,7944,56
2020-09-01,Napa,55,140530,1516,1446,3,1449,10
2020-09-01,Nevada,57,99092,467,450,12,462,6
2020-09-01,Orange,59,3164182,50763,47671,1239,48910,976
2020-09-01,Placer,61,380077,3228,3013,11,3024,33
2020-09-01,Plumas,63,18699,44,39,0,39,0
2020-09-01,Riverside,65,2383286,54217,52785,45,52830,1027
2020-09-01,Sacramento,67,1510023,19155,18217,12,18229,305
2020-09-01,San Benito,69,59416,1180,1089,0,1089,4
2020-09-01,San Bernardino,71,2135413,49868,47371,47,47418,786
2020-09-01,San Diego,73,3302833,40930,38873,0,38873,688
2020-09-01,San Francisco,75,870044,9957,9492,17,9509,83
2020-09-01,San Joaquin,77,732212,18877,17915,37,17952,341
2020-09-01,San Luis Obispo,79,281455,3148,2970,12,2982,21
2020-09-01,San Mateo,81,765935,8872,8132,6,8138,122
2020-09-01,Santa Barbara,83,443738,8780,8142,57,8199,93
2020-09-01,Santa Clara,85,1922200,18862,17319,21,17340,204
2020-09-01,Santa Cruz,87,273765,1960,1752,17,1769,7
2020-09-01,Shasta,89,179085,638,527,3,530,9
2020-09-01,Sierra,91,2930,6,6,0,6,0
2020-09-01,Siskiyou,93,43540,140,128,8,136,0
2020-09-01,Solano,95,438530,5656,5438,40,5478,34
2020-09-01,Sonoma,97,501317,6246,5733,19,5752,60
2020-09-01,Stanislaus,99,539301,15424,14784,391,15175,212
2020-09-01,Sutter,101,95872,1455,1389,1,1390,10
2020-09-01,Tehama,103,63373,449,422,1,423,1
2020-09-01,Trinity,105,12862,22,13,4,17,0
2020-09-01,Tulare,107,460477,14808,14156,56,14212,241
2020-09-01,Tuolumne,109,53932,211,183,2,185,1
2020-09-01,Ventura,111,848112,11503,10899,95,10994,108
2020-09-01,Yolo,113,214977,2577,2440,5,2445,51
2020-09-01,Yuba,115,75493,931,841,3,844,1
2020-08-31,Alameda,1,1643700,19203,18148,138,18286,248
2020-08-31,Alpine,3,1148,3,2,0,2,0
2020-08-31,Amador,5,37829,275,243,0,243,13
2020-08-31,Butte,7,227075,2405,2069,13,2082,26
2020-08-31,Calaveras,9,45235,270,212,0,212,1
2020-08-31,Colusa,11,21464,475,443,0,443,6
2020-08-31,Contra Costa,13,1133247,14864,13902,54,13956,153
2020-08-31,Del Norte,15,27424,116,108,0,108,2
2020-08-31,El Dorado,17,186661,1020,965,0,965,2
2020-08-31,Fresno,19,978130,27880,25185,286,25471,290
2020-08-31,Glenn,21,27897,480,437,0,437,3
2020-08-31,Humboldt,23,135768,425,374,0,374,4
2020-08-31,Imperial,25,180216,11338,9759,6,9765,250
2020-08-31,Inyo,27,18085,181,160,0,160,3
2020-08-31,Kern,29,883053,30035,29067,233,29300,318
2020-08-31,Kings,31,150075,6401,6037,33,6070,62
2020-08-31,Lake,33,64148,364,341,0,341,2
2020-08-31,Lassen,35,31185,721,706,1,707,0
2020-08-31,Los Angeles,37,10098052,246129,241793,1393,243186,5787
2020-08-31,Madera,39,155013,3968,3662,24,3686,35
2020-08-31,Marin,41,260295,6271,6074,15,6089,67
2020-08-31,Mariposa,43,17540,73,69,0,69,2
2020-08-31,Mendocino,45,87422,662,618,0,618,15
2020-08-31,Merced,47,269075,8220,7991,8,7999,79
2020-08-31,Modoc,49,8938,18,10,0,10,0
2020-08-31,Mono,51,14174,163,145,1,146,1
2020-08-31,Monterey,53,433212,8376,7839,18,7857,56
2020-08-31,Napa,55,140530,1508,1434,3,1437,10
2020-08-31,Nevada,57,99092,465,447,12,459,6
2020-08-31,Orange,59,3164182,50565,47392,1210,48602,965
2020-08-31,Placer,61,380077,3177,2989,11,3000,33
2020-08-31,Plumas,63,18699,43,39,0,39,0
2020-08-31,Riverside,65,2383286,53997,52508,43,52551,1020
2020-08-31,Sacramento,67,1510023,18920,17999,12,18011,303
2020-08-31,San Benito,69,59416,1164,1080,0,1080,4
2020-08-31,San Bernardino,71,2135413,49659,47370,46,47416,755
2020-08-31,San Diego,73,3302833,40563,38606,0,38606,682
2020-08-31,San Francisco,75,870044,9878,9293,14,9307,83
2020-08-31,San Joaquin,77,732212,18790,17807,36,17843,338
2020-08-31,San Luis Obispo,79,281455,3125,2951,11,2962,21
2020-08-31,San Mateo,81,765935,8802,8065,6,8071,122
2020-08-31,Santa Barbara,83,443738,8733,8124,57,8181,94
2020-08-31,Santa Clara,85,1922200,18673,17211,21,17232,202
2020-08-31,Santa Cruz,87,273765,1935,1742,17,1759,7
2020-08-31,Shasta,89,179085,633,528,3,531,9
2020-08-31,Sierra,91,2930,6,6,0,6,0
2020-08-31,Siskiyou,93,43540,139,127,8,135,0
2020-08-31,Solano,95,438530,5624,5302,39,5341,34
2020-08-31,Sonoma,97,501317,6171,5650,19,5669,60
2020-08-31,Stanislaus,99,539301,15351,14685,381,15066,213
2020-08-31,Sutter,101,95872,1440,1365,1,1366,10
2020-08-31,Tehama,103,63373,446,421,1,422,1
2020-08-31,Trinity,105,12862,22,13,4,17,0
2020-08-31,Tulare,107,460477,14721,13985,55,14040,237
2020-08-31,Tuolumne,109,53932,211,178,2,180,1
2020-08-31,Ventura,111,848112,11420,10866,94,10960,108
2020-08-31,Yolo,113,214977,2559,2423,5,2428,51
2020-08-31,Yuba,115,75493,917,830,3,833,1
2020-08-30,Alameda,1,1643700,19079,18099,135,18234,248
2020-08-30,Alpine,3,1148,3,2,0,2,0
2020-08-30,Amador,5,37829,274,240,0,240,13
2020-08-30,Butte,7,227075,2325,1988,13,2001,26
2020-08-30,Calaveras,9,45235,261,211,0,211,1
2020-08-30,Colusa,11,21464,474,440,0,440,6
2020-08-30,Contra Costa,13,1133247,14725,13780,54,13834,150
2020-08-30,Del Norte,15,27424,115,108,0,108,2
2020-08-30,El Dorado,17,186661,1010,962,0,962,2
2020-08-30,Fresno,19,978130,27756,24963,285,25248,291
2020-08-30,Glenn,21,27897,473,437,0,437,3
2020-08-30,Humboldt,23,135768,414,362,0,362,4
2020-08-30,Imperial,25,180216,11319,9703,6,9709,250
2020-08-30,Inyo,27,18085,181,160,0,160,3
2020-08-30,Kern,29,883053,29942,28987,233,29220,317
2020-08-30,Kings,31,150075,6355,6000,33,6033,62
2020-08-30,Lake,33,64148,359,334,0,334,2
2020-08-30,Lassen,35,31185,719,706,1,707,0
2020-08-30,Los Angeles,37,10098052,244977,240775,1359,242134,5772
2020-08-30,Madera,39,155013,3939,3626,24,3650,33
2020-08-30,Marin,41,260295,6241,6060,15,6075,66
2020-08-30,Mariposa,43,17540,73,69,0,69,2
2020-08-30,Mendocino,45,87422,656,611,0,611,13
2020-08-30,Merced,47,269075,8145,7960,8,7968,79
2020-08-30,Modoc,49,8938,13,10,0,10,0
2020-08-30,Mono,51,14174,163,145,1,146,1
2020-08-30,Monterey,53,433212,8293,7816,18,7834,54
2020-08-30,Napa,55,140530,1496,1423,3,1426,10
2020-08-30,Nevada,57,99092,462,445,12,457,6
2020-08-30,Orange,59,3164182,50371,47283,1194,48477,965
2020-08-30,Placer,61,380077,3144,2961,11,2972,32
2020-08-30,Plumas,63,18699,42,39,0,39,0
2020-08-30,Riverside,65,2383286,53818,52227,41,52268,1017
2020-08-30,Sacramento,67,1510023,18740,17751,12,17763,300
2020-08-30,San Benito,69,59416,1154,1071,0,1071,4
2020-08-30,San Bernardino,71,2135413,49403,47201,46,47247,755
2020-08-30,San Diego,73,3302833,40165,38302,0,38302,682
2020-08-30,San Francisco,75,870044,9780,9294,11,9305,83
2020-08-30,San Joaquin,77,732212,18673,17637,35,17672,338
2020-08-30,San Luis Obispo,79,281455,3101,2934,11,2945,21
2020-08-30,San Mateo,81,765935,8725,8013,5,8018,122
2020-08-30,Santa Barbara,83,443738,8673,8088,57,8145,93
2020-08-30,Santa Clara,85,1922200,18497,17045,21,17066,202
2020-08-30,Santa Cruz,87,273765,1909,1743,17,1760,7
2020-08-30,Shasta,89,179085,630,525,3,528,9
2020-08-30,Sierra,91,2930,6,6,0,6,0
2020-08-30,Siskiyou,93,43540,137,125,8,133,0
2020-08-30,Solano,95,438530,5580,5303,39,5342,34
2020-08-30,Sonoma,97,501317,6113,5590,19,5609,60
2020-08-30,Stanislaus,99,539301,15280,14580,372,14952,209
2020-08-30,Sutter,101,95872,1418,1351,1,1352,10
2020-08-30,Tehama,103,63373,437,419,1,420,1
2020-08-30,Trinity,105,12862,22,13,4,17,0
2020-08-30,Tulare,107,460477,14626,13985,54,14039,236
2020-08-30,Tuolumne,109,53932,207,178,2,180,1
2020-08-30,Ventura,111,848112,11308,10775,89,10864,108
2020-08-30,Yolo,113,214977,2531,2391,4,2395,51
2020-08-30,Yuba,115,75493,903,832,3,835,1
2020-08-29,Alameda,1,1643700,19013,17888,135,18023,250
2020-08-29,Alpine,3,1148,3,2,0,2,0
2020-08-29,Amador,5,37829,274,239,0,239,13
2020-08-29,Butte,7,227075,2294,1948,13,1961,26
2020-08-29,Calaveras,9,45235,257,211,0,211,1
2020-08-29,Colusa,11,21464,471,440,0,440,6
2020-08-29,Contra Costa,13,1133247,14652,13663,53,13716,159
2020-08-29,Del Norte,15,27424,115,108,0,108,1
2020-08-29,El Dorado,17,186661,1007,958,0,958,2
2020-08-29,Fresno,19,978130,27701,24821,285,25106,291
2020-08-29,Glenn,21,27897,467,437,0,437,3
2020-08-29,Humboldt,23,135768,411,363,0,363,4
2020-08-29,Imperial,25,180216,11304,9698,6,9704,250
2020-08-29,Inyo,27,18085,181,160,0,160,3
2020-08-29,Kern,29,883053,29901,28947,232,29179,317
2020-08-29,Kings,31,150075,6340,5906,33,5939,62
2020-08-29,Lake,33,64148,358,329,0,329,2
2020-08-29,Lassen,35,31185,719,706,1,707,0
2020-08-29,Los Angeles,37,10098052,244319,239815,1346,241161,5762
2020-08-29,Madera,39,155013,3930,3605,23,3628,33
2020-08-29,Marin,41,260295,6229,6007,15,6022,64
2020-08-29,Mariposa,43,17540,73,69,0,69,2
2020-08-29,Mendocino,45,87422,651,596,0,596,13
2020-08-29,Merced,47,269075,8115,7867,8,7875,79
2020-08-29,Modoc,49,8938,13,9,0,9,0
2020-08-29,Mono,51,14174,163,145,1,146,1
2020-08-29,Monterey,53,433212,8247,7680,18,7698,53
2020-08-29,Napa,55,140530,1493,1413,3,1416,10
2020-08-29,Nevada,57,99092,462,442,12,454,5
2020-08-29,Orange,59,3164182,50266,47007,1183,48190,960
2020-08-29,Placer,61,380077,3128,2935,11,2946,32
2020-08-29,Plumas,63,18699,41,39,0,39,0
2020-08-29,Riverside,65,2383286,53707,51918,39,51957,1016
2020-08-29,Sacramento,67,1510023,18669,17588,12,17600,291
2020-08-29,San Benito,69,59416,1145,1045,0,1045,4
2020-08-29,San Bernardino,71,2135413,49289,46849,46,46895,755
2020-08-29,San Diego,73,3302833,39899,38049,0,38049,694
2020-08-29,San Francisco,75,870044,9752,9291,10,9301,83
2020-08-29,San Joaquin,77,732212,18629,17493,35,17528,335
2020-08-29,San Luis Obispo,79,281455,3077,2917,11,2928,21
2020-08-29,San Mateo,81,765935,8683,7928,5,7933,122
2020-08-29,Santa Barbara,83,443738,8647,8052,56,8108,93
2020-08-29,Santa Clara,85,1922200,18400,16898,20,16918,202
2020-08-29,Santa Cruz,87,273765,1897,1746,17,1763,7
2020-08-29,Shasta,89,179085,622,522,3,525,9
2020-08-29,Sierra,91,2930,6,6,0,6,0
2020-08-29,Siskiyou,93,43540,137,121,8,129,0
2020-08-29,Solano,95,438530,5559,5303,39,5342,34
2020-08-29,Sonoma,97,501317,6079,5537,19,5556,60
2020-08-29,Stanislaus,99,539301,15231,14479,362,14841,208
2020-08-29,Sutter,101,95872,1413,1333,1,1334,9
2020-08-29,Tehama,103,63373,436,417,1,418,1
2020-08-29,Trinity,105,12862,22,11,4,15,0
2020-08-29,Tulare,107,460477,14588,13890,53,13943,236
2020-08-29,Tuolumne,109,53932,207,178,2,180,1
2020-08-29,Ventura,111,848112,11268,10705,89,10794,108
2020-08-29,Yolo,113,214977,2513,2357,4,2361,51
2020-08-29,Yuba,115,75493,894,822,3,825,1
2020-08-28,Alameda,1,1643700,18929,17729,134,17863,237
2020-08-28,Alpine,3,1148,3,2,0,2,0
2020-08-28,Amador,5,37829,274,234,0,234,13
2020-08-28,Butte,7,227075,2264,1886,13,1899,25
2020-08-28,Calaveras,9,45235,255,207,0,207,1
2020-08-28,Colusa,11,21464,470,441,0,441,6
2020-08-28,Contra Costa,13,1133247,14581,13522,52,13574,158
2020-08-28,Del Norte,15,27424,115,107,0,107,1
2020-08-28,El Dorado,17,186661,1001,949,0,949,2
2020-08-28,Fresno,19,978130,27567,24612,285,24897,282
2020-08-28,Glenn,21,27897,460,429,0,429,3
2020-08-28,Humboldt,23,135768,407,362,0,362,4
2020-08-28,Imperial,25,180216,11290,9656,6,9662,241
2020-08-28,Inyo,27,18085,180,160,0,160,2
2020-08-28,Kern,29,883053,29854,28744,232,28976,306
2020-08-28,Kings,31,150075,6333,5829,32,5861,62
2020-08-28,Lake,33,64148,353,320,0,320,2
2020-08-28,Lassen,35,31185,719,704,1,705,0
2020-08-28,Los Angeles,37,10098052,243510,238544,1321,239865,5740
2020-08-28,Madera,39,155013,3911,3552,23,3575,33
2020-08-28,Marin,41,260295,6207,5991,15,6006,63
2020-08-28,Mariposa,43,17540,73,67,0,67,2
2020-08-28,Mendocino,45,87422,646,588,0,588,11
2020-08-28,Merced,47,269075,8085,7803,8,7811,77
2020-08-28,Modoc,49,8938,13,6,0,6,0
2020-08-28,Mono,51,14174,163,145,1,146,1
2020-08-28,Monterey,53,433212,8190,7591,18,7609,53
2020-08-28,Napa,55,140530,1485,1403,3,1406,10
2020-08-28,Nevada,57,99092,461,438,12,450,5
2020-08-28,Orange,59,3164182,50166,46696,1168,47864,942
2020-08-28,Placer,61,380077,3117,2891,11,2902,32
2020-08-28,Plumas,63,18699,41,39,0,39,0
2020-08-28,Riverside,65,2383286,53576,51510,36,51546,1008
2020-08-28,Sacramento,67,1510023,18571,17119,12,17131,283
2020-08-28,San Benito,69,59416,1129,1016,0,1016,3
2020-08-28,San Bernardino,71,2135413,49174,46553,46,46599,754
2020-08-28,San Diego,73,3302833,39669,37786,0,37786,676
2020-08-28,San Francisco,75,870044,9698,9135,10,9145,83
2020-08-28,San Joaquin,77,732212,18576,17114,34,17148,314
2020-08-28,San Luis Obispo,79,281455,3060,2849,11,2860,20
2020-08-28,San Mateo,81,765935,8636,7783,5,7788,121
2020-08-28,Santa Barbara,83,443738,8613,8001,56,8057,92
2020-08-28,Santa Clara,85,1922200,18269,16696,20,16716,201
2020-08-28,Santa Cruz,87,273765,1885,1747,17,1764,7
2020-08-28,Shasta,89,179085,618,516,3,519,9
2020-08-28,Sierra,91,2930,6,6,0,6,0
2020-08-28,Siskiyou,93,43540,135,119,8,127,0
2020-08-28,Solano,95,438530,5540,5219,39,5258,34
2020-08-28,Sonoma,97,501317,6044,5425,18,5443,58
2020-08-28,Stanislaus,99,539301,15189,14176,358,14534,190
2020-08-28,Sutter,101,95872,1403,1308,1,1309,9
2020-08-28,Tehama,103,63373,431,410,1,411,1
2020-08-28,Trinity,105,12862,22,11,4,15,0
2020-08-28,Tulare,107,460477,14542,13776,53,13829,236
2020-08-28,Tuolumne,109,53932,207,176,2,178,1
2020-08-28,Ventura,111,848112,11232,10606,87,10693,103
2020-08-28,Yolo,113,214977,2504,2323,4,2327,51
2020-08-28,Yuba,115,75493,885,810,3,813,1
2020-08-27,Alameda,1,1643700,18785,17584,131,17715,234
2020-08-27,Alpine,3,1148,3,2,0,2,0
2020-08-27,Amador,5,37829,273,233,0,233,13
2020-08-27,Butte,7,227075,2198,1803,12,1815,25
2020-08-27,Calaveras,9,45235,249,204,0,204,1
2020-08-27,Colusa,11,21464,468,438,0,438,6
2020-08-27,Contra Costa,13,1133247,14481,13379,51,13430,158
2020-08-27,Del Norte,15,27424,115,107,0,107,1
2020-08-27,El Dorado,17,186661,997,942,0,942,2
2020-08-27,Fresno,19,978130,27388,24367,280,24647,272
2020-08-27,Glenn,21,27897,452,429,0,429,3
2020-08-27,Humboldt,23,135768,399,358,0,358,4
2020-08-27,Imperial,25,180216,11263,9608,6,9614,235
2020-08-27,Inyo,27,18085,180,157,0,157,2
2020-08-27,Kern,29,883053,29782,28635,223,28858,294
2020-08-27,Kings,31,150075,6311,5759,32,5791,62
2020-08-27,Lake,33,64148,351,314,0,314,2
2020-08-27,Lassen,35,31185,719,703,1,704,0
2020-08-27,Los Angeles,37,10098052,242499,237103,1303,238406,5704
2020-08-27,Madera,39,155013,3885,3465,23,3488,33
2020-08-27,Marin,41,260295,6183,5929,15,5944,62
2020-08-27,Mariposa,43,17540,73,67,0,67,2
2020-08-27,Mendocino,45,87422,637,581,0,581,10
2020-08-27,Merced,47,269075,8041,7765,8,7773,75
2020-08-27,Modoc,49,8938,11,5,0,5,0
2020-08-27,Mono,51,14174,163,145,1,146,1
2020-08-27,Monterey,53,433212,8096,7501,18,7519,52
2020-08-27,Napa,55,140530,1479,1397,3,1400,10
2020-08-27,Nevada,57,99092,458,435,12,447,5
2020-08-27,Orange,59,3164182,50009,46449,1157,47606,935
2020-08-27,Placer,61,380077,3086,2869,11,2880,32
2020-08-27,Plumas,63,18699,40,39,0,39,0
2020-08-27,Riverside,65,2383286,53370,51306,33,51339,999
2020-08-27,Sacramento,67,1510023,18372,16875,12,16887,281
2020-08-27,San Benito,69,59416,1113,987,0,987,3
2020-08-27,San Bernardino,71,2135413,48948,46345,46,46391,751
2020-08-27,San Diego,73,3302833,39398,37501,0,37501,673
2020-08-27,San Francisco,75,870044,9632,9014,10,9024,83
2020-08-27,San Joaquin,77,732212,18496,16989,34,17023,314
2020-08-27,San Luis Obispo,79,281455,3035,2808,11,2819,20
2020-08-27,San Mateo,81,765935,8528,7728,5,7733,121
2020-08-27,Santa Barbara,83,443738,8575,7934,56,7990,92
2020-08-27,Santa Clara,85,1922200,18086,16495,20,16515,199
2020-08-27,Santa Cruz,87,273765,1868,1734,17,1751,7
2020-08-27,Shasta,89,179085,612,512,3,515,9
2020-08-27,Sierra,91,2930,6,6,0,6,0
2020-08-27,Siskiyou,93,43540,135,118,8,126,0
2020-08-27,Solano,95,438530,5502,5167,39,5206,34
2020-08-27,Sonoma,97,501317,5932,5357,18,5375,58
2020-08-27,Stanislaus,99,539301,15109,14080,354,14434,186
2020-08-27,Sutter,101,95872,1383,1296,1,1297,9
2020-08-27,Tehama,103,63373,426,398,1,399,1
2020-08-27,Trinity,105,12862,22,11,4,15,0
2020-08-27,Tulare,107,460477,14450,13666,52,13718,231
2020-08-27,Tuolumne,109,53932,202,174,2,176,1
2020-08-27,Ventura,111,848112,11169,10483,83,10566,102
2020-08-27,Yolo,113,214977,2480,2293,4,2297,51
2020-08-27,Yuba,115,75493,874,807,3,810,1
2020-08-26,Alameda,1,1643700,18624,17373,131,17504,233
2020-08-26,Alpine,3,1148,3,2,0,2,0
2020-08-26,Amador,5,37829,273,229,0,229,13
2020-08-26,Butte,7,227075,2131,1765,10,1775,25
2020-08-26,Calaveras,9,45235,241,201,0,201,1
2020-08-26,Colusa,11,21464,462,433,0,433,5
2020-08-26,Contra Costa,13,1133247,14343,13248,51,13299,157
2020-08-26,Del Norte,15,27424,114,86,0,86,1
2020-08-26,El Dorado,17,186661,995,938,0,938,2
2020-08-26,Fresno,19,978130,27240,24071,278,24349,255
2020-08-26,Glenn,21,27897,450,429,0,429,3
2020-08-26,Humboldt,23,135768,387,357,0,357,4
2020-08-26,Imperial,25,180216,11241,9453,6,9459,227
2020-08-26,Inyo,27,18085,177,157,0,157,2
2020-08-26,Kern,29,883053,29645,28507,219,28726,286
2020-08-26,Kings,31,150075,6291,5720,32,5752,62
2020-08-26,Lake,33,64148,347,308,0,308,2
2020-08-26,Lassen,35,31185,719,702,1,703,0
2020-08-26,Los Angeles,37,10098052,241464,235499,1270,236769,5665
2020-08-26,Madera,39,155013,3856,3458,23,3481,32
2020-08-26,Marin,41,260295,6166,5887,15,5902,56
2020-08-26,Mariposa,43,17540,73,68,0,68,2
2020-08-26,Mendocino,45,87422,626,581,0,581,10
2020-08-26,Merced,47,269075,8008,7720,8,7728,74
2020-08-26,Modoc,49,8938,8,5,0,5,0
2020-08-26,Mono,51,14174,163,141,1,142,1
2020-08-26,Monterey,53,433212,8003,7439,18,7457,51
2020-08-26,Napa,55,140530,1466,1382,3,1385,10
2020-08-26,Nevada,57,99092,455,432,12,444,2
2020-08-26,Orange,59,3164182,49825,46157,1142,47299,905
2020-08-26,Placer,61,380077,3064,2846,9,2855,32
2020-08-26,Plumas,63,18699,39,39,0,39,0
2020-08-26,Riverside,65,2383286,53128,51138,33,51171,987
2020-08-26,Sacramento,67,1510023,18209,16708,12,16720,271
2020-08-26,San Benito,69,59416,1098,978,0,978,3
2020-08-26,San Bernardino,71,2135413,48739,45840,46,45886,743
2020-08-26,San Diego,73,3302833,39060,37224,0,37224,668
2020-08-26,San Francisco,75,870044,9557,8938,10,8948,81
2020-08-26,San Joaquin,77,732212,18407,16845,33,16878,309
2020-08-26,San Luis Obispo,79,281455,3007,2761,11,2772,20
2020-08-26,San Mateo,81,765935,8461,7655,5,7660,121
2020-08-26,Santa Barbara,83,443738,8542,7904,56,7960,90
2020-08-26,Santa Clara,85,1922200,17910,16283,20,16303,198
2020-08-26,Santa Cruz,87,273765,1857,1726,17,1743,7
2020-08-26,Shasta,89,179085,607,511,3,514,9
2020-08-26,Sierra,91,2930,6,6,0,6,0
2020-08-26,Siskiyou,93,43540,132,109,8,117,0
2020-08-26,Solano,95,438530,5478,5131,38,5169,34
2020-08-26,Sonoma,97,501317,5858,5283,18,5301,58
2020-08-26,Stanislaus,99,539301,15032,13964,348,14312,186
2020-08-26,Sutter,101,95872,1365,1275,1,1276,9
2020-08-26,Tehama,103,63373,423,396,1,397,1
2020-08-26,Trinity,105,12862,22,10,4,14,0
2020-08-26,Tulare,107,460477,14383,13568,52,13620,232
2020-08-26,Tuolumne,109,53932,201,172,2,174,1
2020-08-26,Ventura,111,848112,11098,10412,76,10488,100
2020-08-26,Yolo,113,214977,2458,2279,4,2283,49
2020-08-26,Yuba,115,75493,859,779,3,782,1
2020-08-25,Alameda,1,1643700,18466,17278,131,17409,232
2020-08-25,Alpine,3,1148,3,2,0,2,0
2020-08-25,Amador,5,37829,273,227,0,227,13
2020-08-25,Butte,7,227075,2064,1718,10,1728,24
2020-08-25,Calaveras,9,45235,239,196,0,196,1
2020-08-25,Colusa,11,21464,455,430,0,430,5
2020-08-25,Contra Costa,13,1133247,14205,13181,50,13231,156
2020-08-25,Del Norte,15,27424,113,83,0,83,1
2020-08-25,El Dorado,17,186661,992,928,0,928,2
2020-08-25,Fresno,19,978130,27053,23932,277,24209,250
2020-08-25,Glenn,21,27897,447,429,0,429,3
2020-08-25,Humboldt,23,135768,382,342,0,342,4
2020-08-25,Imperial,25,180216,11213,9381,6,9387,217
2020-08-25,Inyo,27,18085,175,144,0,144,1
2020-08-25,Kern,29,883053,29508,28416,219,28635,285
2020-08-25,Kings,31,150075,6134,5702,32,5734,59
2020-08-25,Lake,33,64148,342,304,0,304,2
2020-08-25,Lassen,35,31185,718,692,1,693,0
2020-08-25,Los Angeles,37,10098052,240142,233961,1223,235184,5612
2020-08-25,Madera,39,155013,3841,3446,22,3468,32
2020-08-25,Marin,41,260295,6128,5860,15,5875,56
2020-08-25,Mariposa,43,17540,73,67,0,67,2
2020-08-25,Mendocino,45,87422,618,571,0,571,10
2020-08-25,Merced,47,269075,7941,7693,7,7700,69
2020-08-25,Modoc,49,8938,8,5,0,5,0
2020-08-25,Mono,51,14174,163,129,1,130,1
2020-08-25,Monterey,53,433212,7923,7333,18,7351,51
2020-08-25,Napa,55,140530,1459,1374,3,1377,10
2020-08-25,Nevada,57,99092,452,430,12,442,2
2020-08-25,Orange,59,3164182,49632,45737,1125,46862,902
2020-08-25,Placer,61,380077,3045,2829,6,2835,31
2020-08-25,Plumas,63,18699,39,39,0,39,0
2020-08-25,Riverside,65,2383286,52898,50889,33,50922,981
2020-08-25,Sacramento,67,1510023,18057,16601,12,16613,265
2020-08-25,San Benito,69,59416,1082,973,0,973,3
2020-08-25,San Bernardino,71,2135413,48504,45544,46,45590,727
2020-08-25,San Diego,73,3302833,38781,36996,0,36996,665
2020-08-25,San Francisco,75,870044,9480,8848,10,8858,81
2020-08-25,San Joaquin,77,732212,18279,16795,33,16828,306
2020-08-25,San Luis Obispo,79,281455,2949,2731,9,2740,20
2020-08-25,San Mateo,81,765935,8401,7636,5,7641,120
2020-08-25,Santa Barbara,83,443738,8490,7854,56,7910,90
2020-08-25,Santa Clara,85,1922200,17737,16199,20,16219,194
2020-08-25,Santa Cruz,87,273765,1838,1708,17,1725,7
2020-08-25,Shasta,89,179085,603,511,3,514,9
2020-08-25,Sierra,91,2930,6,6,0,6,0
2020-08-25,Siskiyou,93,43540,131,109,8,117,0
2020-08-25,Solano,95,438530,5417,5114,38,5152,34
2020-08-25,Sonoma,97,501317,5773,5148,18,5166,56
2020-08-25,Stanislaus,99,539301,14924,13886,337,14223,182
2020-08-25,Sutter,101,95872,1348,1259,1,1260,9
2020-08-25,Tehama,103,63373,420,394,1,395,1
2020-08-25,Trinity,105,12862,20,10,4,14,0
2020-08-25,Tulare,107,460477,14280,13514,51,13565,224
2020-08-25,Tuolumne,109,53932,199,172,2,174,1
2020-08-25,Ventura,111,848112,11013,10313,71,10384,99
2020-08-25,Yolo,113,214977,2445,2254,4,2258,50
2020-08-25,Yuba,115,75493,849,775,3,778,1
2020-08-24,Alameda,1,1643700,18274,16913,130,17043,231
2020-08-24,Alpine,3,1148,3,2,0,2,0
2020-08-24,Amador,5,37829,271,227,0,227,13
2020-08-24,Butte,7,227075,1980,1649,10,1659,23
2020-08-24,Calaveras,9,45235,229,187,0,187,1
2020-08-24,Colusa,11,21464,451,425,0,425,5
2020-08-24,Contra Costa,13,1133247,14089,12906,48,12954,153
2020-08-24,Del Norte,15,27424,113,80,0,80,1
2020-08-24,El Dorado,17,186661,984,908,0,908,2
2020-08-24,Fresno,19,978130,26868,23618,270,23888,235
2020-08-24,Glenn,21,27897,445,421,0,421,2
2020-08-24,Humboldt,23,135768,378,340,0,340,4
2020-08-24,Imperial,25,180216,11179,9323,6,9329,210
2020-08-24,Inyo,27,18085,171,144,0,144,2
2020-08-24,Kern,29,883053,29411,28157,213,28370,277
2020-08-24,Kings,31,150075,6046,5652,32,5684,60
2020-08-24,Lake,33,64148,328,302,0,302,2
2020-08-24,Lassen,35,31185,718,693,1,694,0
2020-08-24,Los Angeles,37,10098052,238777,233036,1201,234237,5562
2020-08-24,Madera,39,155013,3814,3418,22,3440,32
2020-08-24,Marin,41,260295,6065,5834,15,5849,56
2020-08-24,Mariposa,43,17540,71,66,0,66,2
2020-08-24,Mendocino,45,87422,603,550,0,550,10
2020-08-24,Merced,47,269075,7863,7605,7,7612,69
2020-08-24,Modoc,49,8938,8,5,0,5,0
2020-08-24,Mono,51,14174,163,129,1,130,1
2020-08-24,Monterey,53,433212,7814,7212,17,7229,50
2020-08-24,Napa,55,140530,1446,1358,3,1361,10
2020-08-24,Nevada,57,99092,447,423,12,435,2
2020-08-24,Orange,59,3164182,49441,45536,1114,46650,887
2020-08-24,Placer,61,380077,2999,2793,6,2799,31
2020-08-24,Plumas,63,18699,39,37,0,37,0
2020-08-24,Riverside,65,2383286,52621,50496,33,50529,975
2020-08-24,Sacramento,67,1510023,17859,16318,12,16330,249
2020-08-24,San Benito,69,59416,1061,961,0,961,3
2020-08-24,San Bernardino,71,2135413,48243,45199,45,45244,720
2020-08-24,San Diego,73,3302833,38494,36729,0,36729,660
2020-08-24,San Francisco,75,870044,9397,8621,10,8631,81
2020-08-24,San Joaquin,77,732212,18138,16565,32,16597,305
2020-08-24,San Luis Obispo,79,281455,2921,2705,9,2714,20
2020-08-24,San Mateo,81,765935,8335,7502,5,7507,120
2020-08-24,Santa Barbara,83,443738,8449,7784,56,7840,90
2020-08-24,Santa Clara,85,1922200,17534,16049,20,16069,192
2020-08-24,Santa Cruz,87,273765,1818,1627,16,1643,6
2020-08-24,Shasta,89,179085,601,505,3,508,9
2020-08-24,Sierra,91,2930,6,6,0,6,0
2020-08-24,Siskiyou,93,43540,127,107,8,115,0
2020-08-24,Solano,95,438530,5368,4979,36,5015,32
2020-08-24,Sonoma,97,501317,5671,5071,18,5089,56
2020-08-24,Stanislaus,99,539301,14826,13521,322,13843,171
2020-08-24,Sutter,101,95872,1329,1219,1,1220,9
2020-08-24,Tehama,103,63373,415,388,1,389,1
2020-08-24,Trinity,105,12862,20,10,4,14,0
2020-08-24,Tulare,107,460477,14173,13360,49,13409,223
2020-08-24,Tuolumne,109,53932,198,170,2,172,1
2020-08-24,Ventura,111,848112,10933,10261,68,10329,99
2020-08-24,Yolo,113,214977,2410,2239,4,2243,47
2020-08-24,Yuba,115,75493,832,750,3,753,1
2020-08-23,Alameda,1,1643700,18051,16786,130,16916,231
2020-08-23,Alpine,3,1148,3,2,0,2,0
2020-08-23,Amador,5,37829,268,227,0,227,13
2020-08-23,Butte,7,227075,1866,1637,10,1647,23
2020-08-23,Calaveras,9,45235,219,187,0,187,1
2020-08-23,Colusa,11,21464,444,424,0,424,5
2020-08-23,Contra Costa,13,1133247,13929,12642,48,12690,153
2020-08-23,Del Norte,15,27424,113,80,0,80,1
2020-08-23,El Dorado,17,186661,971,901,0,901,2
2020-08-23,Fresno,19,978130,26666,23414,265,23679,235
2020-08-23,Glenn,21,27897,438,421,0,421,2
2020-08-23,Humboldt,23,135768,376,341,0,341,4
2020-08-23,Imperial,25,180216,11151,9243,6,9249,210
2020-08-23,Inyo,27,18085,168,144,0,144,2
2020-08-23,Kern,29,883053,29263,28028,207,28235,277
2020-08-23,Kings,31,150075,6004,5628,32,5660,60
2020-08-23,Lake,33,64148,324,299,0,299,2
2020-08-23,Lassen,35,31185,717,693,1,694,0
2020-08-23,Los Angeles,37,10098052,237180,231833,1124,232957,5549
2020-08-23,Madera,39,155013,3782,3401,21,3422,32
2020-08-23,Marin,41,260295,6025,5807,14,5821,50
2020-08-23,Mariposa,43,17540,71,66,0,66,2
2020-08-23,Mendocino,45,87422,599,550,0,550,10
2020-08-23,Merced,47,269075,7794,7574,6,7580,69
2020-08-23,Modoc,49,8938,7,5,0,5,0
2020-08-23,Mono,51,14174,163,129,1,130,1
2020-08-23,Monterey,53,433212,7724,7173,17,7190,50
2020-08-23,Napa,55,140530,1434,1348,3,1351,10
2020-08-23,Nevada,57,99092,442,421,12,433,2
2020-08-23,Orange,59,3164182,49205,45267,1101,46368,887
2020-08-23,Placer,61,380077,2960,2772,6,2778,31
2020-08-23,Plumas,63,18699,39,37,0,37,0
2020-08-23,Riverside,65,2383286,52352,50293,31,50324,955
2020-08-23,Sacramento,67,1510023,17635,16084,11,16095,243
2020-08-23,San Benito,69,59416,1048,938,0,938,3
2020-08-23,San Bernardino,71,2135413,47974,45010,45,45055,719
2020-08-23,San Diego,73,3302833,38173,36542,0,36542,660
2020-08-23,San Francisco,75,870044,9302,8564,9,8573,80
2020-08-23,San Joaquin,77,732212,18006,16069,31,16100,305
2020-08-23,San Luis Obispo,79,281455,2879,2679,9,2688,20
2020-08-23,San Mateo,81,765935,8240,7450,5,7455,120
2020-08-23,Santa Barbara,83,443738,8381,7725,56,7781,90
2020-08-23,Santa Clara,85,1922200,17341,15912,18,15930,191
2020-08-23,Santa Cruz,87,273765,1792,1627,16,1643,6
2020-08-23,Shasta,89,179085,596,501,3,504,9
2020-08-23,Sierra,91,2930,6,6,0,6,0
2020-08-23,Siskiyou,93,43540,122,107,8,115,0
2020-08-23,Solano,95,438530,5310,4977,34,5011,32
2020-08-23,Sonoma,97,501317,5583,5018,18,5036,56
2020-08-23,Stanislaus,99,539301,14692,13483,298,13781,171
2020-08-23,Sutter,101,95872,1307,1203,1,1204,9
2020-08-23,Tehama,103,63373,405,381,1,382,1
2020-08-23,Trinity,105,12862,20,10,4,14,0
2020-08-23,Tulare,107,460477,14042,13303,45,13348,223
2020-08-23,Tuolumne,109,53932,194,164,2,166,1
2020-08-23,Ventura,111,848112,10833,10126,63,10189,99
2020-08-23,Yolo,113,214977,2382,2210,4,2214,47
2020-08-23,Yuba,115,75493,811,750,3,753,1
2020-08-22,Alameda,1,1643700,17957,16648,129,16777,231
2020-08-22,Alpine,3,1148,3,2,0,2,0
2020-08-22,Amador,5,37829,267,224,0,224,13
2020-08-22,Butte,7,227075,1816,1618,10,1628,22
2020-08-22,Calaveras,9,45235,216,187,0,187,1
2020-08-22,Colusa,11,21464,440,419,0,419,5
2020-08-22,Contra Costa,13,1133247,13842,12522,48,12570,153
2020-08-22,Del Norte,15,27424,112,80,0,80,1
2020-08-22,El Dorado,17,186661,969,900,0,900,2
2020-08-22,Fresno,19,978130,26568,23197,264,23461,235
2020-08-22,Glenn,21,27897,437,421,0,421,2
2020-08-22,Humboldt,23,135768,366,334,0,334,4
2020-08-22,Imperial,25,180216,11143,9244,6,9250,210
2020-08-22,Inyo,27,18085,168,144,0,144,1
2020-08-22,Kern,29,883053,29209,27807,207,28014,277
2020-08-22,Kings,31,150075,5995,5447,32,5479,60
2020-08-22,Lake,33,64148,322,291,0,291,2
2020-08-22,Lassen,35,31185,717,693,1,694,0
2020-08-22,Los Angeles,37,10098052,236524,230858,1105,231963,5540
2020-08-22,Madera,39,155013,3763,3330,21,3351,32
2020-08-22,Marin,41,260295,6013,5789,14,5803,49
2020-08-22,Mariposa,43,17540,71,66,0,66,2
2020-08-22,Mendocino,45,87422,596,529,0,529,10
2020-08-22,Merced,47,269075,7766,7493,6,7499,69
2020-08-22,Modoc,49,8938,7,5,0,5,0
2020-08-22,Mono,51,14174,163,129,1,130,1
2020-08-22,Monterey,53,433212,7676,7081,17,7098,50
2020-08-22,Napa,55,140530,1429,1328,3,1331,11
2020-08-22,Nevada,57,99092,442,411,12,423,2
2020-08-22,Orange,59,3164182,49063,45131,1095,46226,885
2020-08-22,Placer,61,380077,2946,2734,6,2740,30
2020-08-22,Plumas,63,18699,39,37,0,37,0
2020-08-22,Riverside,65,2383286,52204,49944,30,49974,953
2020-08-22,Sacramento,67,1510023,17524,15516,11,15527,239
2020-08-22,San Benito,69,59416,1032,912,0,912,3
2020-08-22,San Bernardino,71,2135413,47845,44803,44,44847,719
2020-08-22,San Diego,73,3302833,37991,36205,0,36205,673
2020-08-22,San Francisco,75,870044,9242,8568,9,8577,80
2020-08-22,San Joaquin,77,732212,17950,16068,31,16099,305
2020-08-22,San Luis Obispo,79,281455,2854,2660,9,2669,20
2020-08-22,San Mateo,81,765935,8193,7361,5,7366,120
2020-08-22,Santa Barbara,83,443738,8355,7685,56,7741,90
2020-08-22,Santa Clara,85,1922200,17234,15590,18,15608,190
2020-08-22,Santa Cruz,87,273765,1776,1628,15,1643,6
2020-08-22,Shasta,89,179085,594,493,3,496,9
2020-08-22,Sierra,91,2930,6,6,0,6,0
2020-08-22,Siskiyou,93,43540,122,106,8,114,0
2020-08-22,Solano,95,438530,5280,4944,33,4977,32
2020-08-22,Sonoma,97,501317,5537,4891,18,4909,57
2020-08-22,Stanislaus,99,539301,14644,13380,279,13659,170
2020-08-22,Sutter,101,95872,1300,1189,1,1190,8
2020-08-22,Tehama,103,63373,404,368,1,369,1
2020-08-22,Trinity,105,12862,20,8,4,12,0
2020-08-22,Tulare,107,460477,13975,13196,45,13241,222
2020-08-22,Tuolumne,109,53932,192,162,2,164,1
2020-08-22,Ventura,111,848112,10778,9959,61,10020,99
2020-08-22,Yolo,113,214977,2366,2188,4,2192,47
2020-08-22,Yuba,115,75493,799,738,3,741,1
2020-08-21,Alameda,1,1643700,17866,16413,129,16542,232
2020-08-21,Alpine,3,1148,3,2,0,2,0
2020-08-21,Amador,5,37829,266,223,0,223,11
2020-08-21,Butte,7,227075,1777,1582,10,1592,19
2020-08-21,Calaveras,9,45235,216,182,0,182,1
2020-08-21,Colusa,11,21464,438,418,0,418,5
2020-08-21,Contra Costa,13,1133247,13752,12333,47,12380,149
2020-08-21,Del Norte,15,27424,112,78,0,78,1
2020-08-21,El Dorado,17,186661,965,885,0,885,2
2020-08-21,Fresno,19,978130,26398,22840,263,23103,232
2020-08-21,Glenn,21,27897,433,418,0,418,2
2020-08-21,Humboldt,23,135768,363,331,0,331,4
2020-08-21,Imperial,25,180216,11127,9166,6,9172,204
2020-08-21,Inyo,27,18085,168,144,0,144,1
2020-08-21,Kern,29,883053,29150,27567,205,27772,269
2020-08-21,Kings,31,150075,5973,5391,32,5423,60
2020-08-21,Lake,33,64148,320,281,0,281,2
2020-08-21,Lassen,35,31185,717,693,1,694,0
2020-08-21,Los Angeles,37,10098052,235648,229235,1083,230318,5494
2020-08-21,Madera,39,155013,3733,3271,21,3292,31
2020-08-21,Marin,41,260295,5993,5762,14,5776,49
2020-08-21,Mariposa,43,17540,71,66,0,66,2
2020-08-21,Mendocino,45,87422,586,505,0,505,10
2020-08-21,Merced,47,269075,7737,7357,6,7363,69
2020-08-21,Modoc,49,8938,7,5,0,5,0
2020-08-21,Mono,51,14174,163,128,1,129,1
2020-08-21,Monterey,53,433212,7604,6974,17,6991,49
2020-08-21,Napa,55,140530,1420,1317,3,1320,10
2020-08-21,Nevada,57,99092,441,406,12,418,2
2020-08-21,Orange,59,3164182,48922,44625,1087,45712,875
2020-08-21,Placer,61,380077,2930,2698,5,2703,30
2020-08-21,Plumas,63,18699,39,36,0,36,0
2020-08-21,Riverside,65,2383286,52011,49409,30,49439,932
2020-08-21,Sacramento,67,1510023,17401,15247,11,15258,237
2020-08-21,San Benito,69,59416,1022,891,0,891,3
2020-08-21,San Bernardino,71,2135413,47725,44249,44,44293,668
2020-08-21,San Diego,73,3302833,37787,35914,0,35914,652
2020-08-21,San Francisco,75,870044,9192,8375,9,8384,80
2020-08-21,San Joaquin,77,732212,17867,15888,29,15917,301
2020-08-21,San Luis Obispo,79,281455,2831,2640,9,2649,19
2020-08-21,San Mateo,81,765935,8135,7253,5,7258,120
2020-08-21,Santa Barbara,83,443738,8314,7645,56,7701,86
2020-08-21,Santa Clara,85,1922200,17082,15399,18,15417,190
2020-08-21,Santa Cruz,87,273765,1764,1617,15,1632,6
2020-08-21,Shasta,89,179085,594,486,3,489,9
2020-08-21,Sierra,91,2930,6,6,0,6,0
2020-08-21,Siskiyou,93,43540,122,103,6,109,0
2020-08-21,Solano,95,438530,5257,4891,32,4923,32
2020-08-21,Sonoma,97,501317,5467,4816,18,4834,57
2020-08-21,Stanislaus,99,539301,14575,13282,264,13546,161
2020-08-21,Sutter,101,95872,1287,1173,1,1174,8
2020-08-21,Tehama,103,63373,402,357,1,358,1
2020-08-21,Trinity,105,12862,20,8,4,12,0
2020-08-21,Tulare,107,460477,13903,13002,44,13046,217
2020-08-21,Tuolumne,109,53932,184,161,2,163,1
2020-08-21,Ventura,111,848112,10714,9865,59,9924,98
2020-08-21,Yolo,113,214977,2351,2164,4,2168,46
2020-08-21,Yuba,115,75493,795,717,3,720,1
2020-08-20,Alameda,1,1643700,17707,16174,129,16303,229
2020-08-20,Alpine,3,1148,3,2,0,2,0
2020-08-20,Amador,5,37829,264,222,0,222,11
2020-08-20,Butte,7,227075,1726,1549,10,1559,18
2020-08-20,Calaveras,9,45235,213,179,0,179,1
2020-08-20,Colusa,11,21464,436,415,0,415,5
2020-08-20,Contra Costa,13,1133247,13624,12108,46,12154,144
2020-08-20,Del Norte,15,27424,112,78,0,78,1
2020-08-20,El Dorado,17,186661,961,881,0,881,2
2020-08-20,Fresno,19,978130,26216,22535,258,22793,228
2020-08-20,Glenn,21,27897,428,414,0,414,2
2020-08-20,Humboldt,23,135768,358,318,0,318,4
2020-08-20,Imperial,25,180216,11108,9086,6,9092,196
2020-08-20,Inyo,27,18085,167,144,0,144,1
2020-08-20,Kern,29,883053,28983,27337,194,27531,267
2020-08-20,Kings,31,150075,5933,5347,31,5378,59
2020-08-20,Lake,33,64148,315,280,0,280,2
2020-08-20,Lassen,35,31185,716,693,1,694,0
2020-08-20,Los Angeles,37,10098052,234411,227492,1064,228556,5445
2020-08-20,Madera,39,155013,3707,3197,21,3218,31
2020-08-20,Marin,41,260295,5975,5745,14,5759,47
2020-08-20,Mariposa,43,17540,71,67,0,67,2
2020-08-20,Mendocino,45,87422,575,497,0,497,10
2020-08-20,Merced,47,269075,7662,7173,6,7179,68
2020-08-20,Modoc,49,8938,7,5,0,5,0
2020-08-20,Mono,51,14174,163,128,1,129,1
2020-08-20,Monterey,53,433212,7533,6892,17,6909,47
2020-08-20,Napa,55,140530,1412,1306,3,1309,10
2020-08-20,Nevada,57,99092,440,401,12,413,2
2020-08-20,Orange,59,3164182,48695,44299,1076,45375,849
2020-08-20,Placer,61,380077,2914,2681,5,2686,30
2020-08-20,Plumas,63,18699,39,36,0,36,0
2020-08-20,Riverside,65,2383286,51794,48953,29,48982,927
2020-08-20,Sacramento,67,1510023,17158,14992,11,15003,231
2020-08-20,San Benito,69,59416,1009,866,0,866,3
2020-08-20,San Bernardino,71,2135413,47468,43627,44,43671,665
2020-08-20,San Diego,73,3302833,37567,35610,0,35610,644
2020-08-20,San Francisco,75,870044,9106,8262,9,8271,72
2020-08-20,San Joaquin,77,732212,17774,15778,29,15807,297
2020-08-20,San Luis Obispo,79,281455,2811,2590,9,2599,19
2020-08-20,San Mateo,81,765935,8069,7188,5,7193,120
2020-08-20,Santa Barbara,83,443738,8276,7571,56,7627,81
2020-08-20,Santa Clara,85,1922200,16911,15162,18,15180,190
2020-08-20,Santa Cruz,87,273765,1751,1581,15,1596,6
2020-08-20,Shasta,89,179085,593,478,3,481,9
2020-08-20,Sierra,91,2930,6,6,0,6,0
2020-08-20,Siskiyou,93,43540,121,102,1,103,0
2020-08-20,Solano,95,438530,5213,4843,32,4875,31
2020-08-20,Sonoma,97,501317,5395,4737,18,4755,54
2020-08-20,Stanislaus,99,539301,14479,13120,255,13375,161
2020-08-20,Sutter,101,95872,1263,1158,1,1159,8
2020-08-20,Tehama,103,63373,396,350,1,351,1
2020-08-20,Trinity,105,12862,20,8,4,12,0
2020-08-20,Tulare,107,460477,13795,12907,43,12950,217
2020-08-20,Tuolumne,109,53932,180,159,2,161,1
2020-08-20,Ventura,111,848112,10601,9744,58,9802,93
2020-08-20,Yolo,113,214977,2329,2150,4,2154,47
2020-08-20,Yuba,115,75493,778,709,3,712,1
2020-08-19,Alameda,1,1643700,17548,15874,128,16002,226
2020-08-19,Alpine,3,1148,3,2,0,2,0
2020-08-19,Amador,5,37829,263,219,0,219,9
2020-08-19,Butte,7,227075,1683,1517,10,1527,16
2020-08-19,Calaveras,9,45235,210,177,0,177,1
2020-08-19,Colusa,11,21464,435,415,0,415,5
2020-08-19,Contra Costa,13,1133247,13512,11895,44,11939,142
2020-08-19,Del Norte,15,27424,112,78,0,78,1
2020-08-19,El Dorado,17,186661,955,870,0,870,2
2020-08-19,Fresno,19,978130,26026,22167,251,22418,221
2020-08-19,Glenn,21,27897,426,414,0,414,2
2020-08-19,Humboldt,23,135768,355,316,0,316,4
2020-08-19,Imperial,25,180216,11080,9041,6,9047,192
2020-08-19,Inyo,27,18085,165,140,0,140,1
2020-08-19,Kern,29,883053,28867,27142,190,27332,263
2020-08-19,Kings,31,150075,5761,5301,31,5332,59
2020-08-19,Lake,33,64148,312,277,0,277,2
2020-08-19,Lassen,35,31185,708,693,1,694,0
2020-08-19,Los Angeles,37,10098052,233129,226006,1024,227030,5399
2020-08-19,Madera,39,155013,3673,3158,19,3177,30
2020-08-19,Marin,41,260295,5951,5723,13,5736,46
2020-08-19,Mariposa,43,17540,71,64,0,64,2
2020-08-19,Mendocino,45,87422,559,495,0,495,8
2020-08-19,Merced,47,269075,7535,7082,3,7085,66
2020-08-19,Modoc,49,8938,7,5,0,5,0
2020-08-19,Mono,51,14174,163,128,1,129,1
2020-08-19,Monterey,53,433212,7431,6693,17,6710,45
2020-08-19,Napa,55,140530,1407,1293,3,1296,10
2020-08-19,Nevada,57,99092,433,398,12,410,2
2020-08-19,Orange,59,3164182,48491,43938,1071,45009,829
2020-08-19,Placer,61,380077,2891,2659,5,2664,28
2020-08-19,Plumas,63,18699,39,36,0,36,0
2020-08-19,Riverside,65,2383286,51546,48741,28,48769,922
2020-08-19,Sacramento,67,1510023,16975,14764,11,14775,229
2020-08-19,San Benito,69,59416,992,853,0,853,3
2020-08-19,San Bernardino,71,2135413,47170,43224,43,43267,661
2020-08-19,San Diego,73,3302833,37318,35378,0,35378,638
2020-08-19,San Francisco,75,870044,9041,8236,9,8245,72
2020-08-19,San Joaquin,77,732212,17647,15677,28,15705,296
2020-08-19,San Luis Obispo,79,281455,2772,2553,9,2562,19
2020-08-19,San Mateo,81,765935,8002,7146,5,7151,119
2020-08-19,Santa Barbara,83,443738,8227,7499,56,7555,80
2020-08-19,Santa Clara,85,1922200,16766,14994,18,15012,189
2020-08-19,Santa Cruz,87,273765,1725,1554,15,1569,6
2020-08-19,Shasta,89,179085,589,475,3,478,9
2020-08-19,Sierra,91,2930,6,6,0,6,0
2020-08-19,Siskiyou,93,43540,120,103,1,104,0
2020-08-19,Solano,95,438530,5172,4807,32,4839,31
2020-08-19,Sonoma,97,501317,5316,4614,18,4632,54
2020-08-19,Stanislaus,99,539301,14377,13084,233,13317,160
2020-08-19,Sutter,101,95872,1229,1146,1,1147,8
2020-08-19,Tehama,103,63373,390,342,1,343,1
2020-08-19,Trinity,105,12862,19,8,4,12,0
2020-08-19,Tulare,107,460477,13697,12756,43,12799,217
2020-08-19,Tuolumne,109,53932,177,159,2,161,1
2020-08-19,Ventura,111,848112,10509,9587,56,9643,91
2020-08-19,Yolo,113,214977,2306,2126,4,2130,47
2020-08-19,Yuba,115,75493,766,701,3,704,1
2020-08-18,Alameda,1,1643700,17372,15627,125,15752,223
2020-08-18,Alpine,3,1148,3,2,0,2,0
2020-08-18,Amador,5,37829,262,215,0,215,9
2020-08-18,Butte,7,227075,1650,1491,10,1501,16
2020-08-18,Calaveras,9,45235,206,174,0,174,1
2020-08-18,Colusa,11,21464,434,415,0,415,5
2020-08-18,Contra Costa,13,1133247,13392,11689,42,11731,141
2020-08-18,Del Norte,15,27424,111,78,0,78,0
2020-08-18,El Dorado,17,186661,950,866,0,866,2
2020-08-18,Fresno,19,978130,25807,21798,245,22043,212
2020-08-18,Glenn,21,27897,426,407,0,407,2
2020-08-18,Humboldt,23,135768,353,315,0,315,4
2020-08-18,Imperial,25,180216,11046,8968,6,8974,189
2020-08-18,Inyo,27,18085,164,140,0,140,1
2020-08-18,Kern,29,883053,28715,26978,185,27163,263
2020-08-18,Kings,31,150075,5735,5269,30,5299,58
2020-08-18,Lake,33,64148,309,274,0,274,2
2020-08-18,Lassen,35,31185,708,693,1,694,0
2020-08-18,Los Angeles,37,10098052,231848,224218,985,225203,5339
2020-08-18,Madera,39,155013,3645,3125,19,3144,28
2020-08-18,Marin,41,260295,5921,5708,13,5721,47
2020-08-18,Mariposa,43,17540,71,61,0,61,2
2020-08-18,Mendocino,45,87422,550,468,0,468,8
2020-08-18,Merced,47,269075,7487,6940,3,6943,66
2020-08-18,Modoc,49,8938,7,5,0,5,0
2020-08-18,Mono,51,14174,162,129,1,130,1
2020-08-18,Monterey,53,433212,7340,6691,16,6707,44
2020-08-18,Napa,55,140530,1404,1274,3,1277,10
2020-08-18,Nevada,57,99092,426,389,12,401,2
2020-08-18,Orange,59,3164182,48265,43659,1055,44714,809
2020-08-18,Placer,61,380077,2865,2644,4,2648,28
2020-08-18,Plumas,63,18699,39,34,0,34,0
2020-08-18,Riverside,65,2383286,51217,48447,28,48475,917
2020-08-18,Sacramento,67,1510023,16747,14610,10,14620,222
2020-08-18,San Benito,69,59416,972,836,0,836,3
2020-08-18,San Bernardino,71,2135413,46889,42827,42,42869,648
2020-08-18,San Diego,73,3302833,37026,35164,0,35164,633
2020-08-18,San Francisco,75,870044,8956,8016,9,8025,72
2020-08-18,San Joaquin,77,732212,17530,15509,27,15536,290
2020-08-18,San Luis Obispo,79,281455,2748,2535,8,2543,18
2020-08-18,San Mateo,81,765935,7940,7074,5,7079,119
2020-08-18,Santa Barbara,83,443738,8185,7472,56,7528,81
2020-08-18,Santa Clara,85,1922200,16593,14786,18,14804,184
2020-08-18,Santa Cruz,87,273765,1712,1509,15,1524,6
2020-08-18,Shasta,89,179085,585,468,3,471,9
2020-08-18,Sierra,91,2930,6,6,0,6,0
2020-08-18,Siskiyou,93,43540,119,103,1,104,0
2020-08-18,Solano,95,438530,5145,4700,32,4732,31
2020-08-18,Sonoma,97,501317,5247,4506,18,4524,48
2020-08-18,Stanislaus,99,539301,14279,12935,217,13152,149
2020-08-18,Sutter,101,95872,1210,1126,1,1127,8
2020-08-18,Tehama,103,63373,380,333,1,334,1
2020-08-18,Trinity,105,12862,18,8,4,12,0
2020-08-18,Tulare,107,460477,13565,12637,40,12677,212
2020-08-18,Tuolumne,109,53932,174,159,2,161,1
2020-08-18,Ventura,111,848112,10419,9536,51,9587,89
2020-08-18,Yolo,113,214977,2283,2102,4,2106,47
2020-08-18,Yuba,115,75493,758,679,3,682,1
2020-08-17,Alameda,1,1643700,17182,15454,123,15577,221
2020-08-17,Alpine,3,1148,3,2,0,2,0
2020-08-17,Amador,5,37829,262,215,0,215,9
2020-08-17,Butte,7,227075,1605,1463,10,1473,15
2020-08-17,Calaveras,9,45235,202,167,0,167,1
2020-08-17,Colusa,11,21464,431,408,0,408,5
2020-08-17,Contra Costa,13,1133247,13254,11442,42,11484,141
2020-08-17,Del Norte,15,27424,107,77,0,77,0
2020-08-17,El Dorado,17,186661,947,846,0,846,2
2020-08-17,Fresno,19,978130,25602,21316,238,21554,211
2020-08-17,Glenn,21,27897,425,402,0,402,2
2020-08-17,Humboldt,23,135768,349,302,0,302,4
2020-08-17,Imperial,25,180216,11005,8897,6,8903,188
2020-08-17,Inyo,27,18085,156,124,0,124,1
2020-08-17,Kern,29,883053,28567,26773,174,26947,249
2020-08-17,Kings,31,150075,5698,5249,30,5279,58
2020-08-17,Lake,33,64148,304,270,0,270,2
2020-08-17,Lassen,35,31185,708,666,1,667,0
2020-08-17,Los Angeles,37,10098052,230334,223418,933,224351,5282
2020-08-17,Madera,39,155013,3602,3050,18,3068,26
2020-08-17,Marin,41,260295,5898,5683,12,5695,46
2020-08-17,Mariposa,43,17540,71,61,0,61,2
2020-08-17,Mendocino,45,87422,532,454,0,454,8
2020-08-17,Merced,47,269075,7391,6814,3,6817,66
2020-08-17,Modoc,49,8938,7,5,0,5,0
2020-08-17,Mono,51,14174,162,126,1,127,1
2020-08-17,Monterey,53,433212,7241,6553,16,6569,44
2020-08-17,Napa,55,140530,1383,1255,3,1258,10
2020-08-17,Nevada,57,99092,421,383,12,395,2
2020-08-17,Orange,59,3164182,48055,43621,1044,44665,804
2020-08-17,Placer,61,380077,2840,2609,4,2613,28
2020-08-17,Plumas,63,18699,39,33,0,33,0
2020-08-17,Riverside,65,2383286,50888,48062,26,48088,916
2020-08-17,Sacramento,67,1510023,16524,14333,10,14343,219
2020-08-17,San Benito,69,59416,957,822,0,822,2
2020-08-17,San Bernardino,71,2135413,46547,42005,42,42047,604
2020-08-17,San Diego,73,3302833,36760,34962,0,34962,626
2020-08-17,San Francisco,75,870044,8884,7600,9,7609,72
2020-08-17,San Joaquin,77,732212,17366,15323,26,15349,280
2020-08-17,San Luis Obispo,79,281455,2715,2527,8,2535,18
2020-08-17,San Mateo,81,765935,7883,6987,4,6991,118
2020-08-17,Santa Barbara,83,443738,8143,7438,56,7494,80
2020-08-17,Santa Clara,85,1922200,16373,14546,18,14564,183
2020-08-17,Santa Cruz,87,273765,1696,1453,14,1467,6
2020-08-17,Shasta,89,179085,579,467,3,470,9
2020-08-17,Sierra,91,2930,6,6,0,6,0
2020-08-17,Siskiyou,93,43540,118,103,0,103,0
2020-08-17,Solano,95,438530,5088,4479,32,4511,31
2020-08-17,Sonoma,97,501317,5158,4402,16,4418,48
2020-08-17,Stanislaus,99,539301,14154,12745,210,12955,148
2020-08-17,Sutter,101,95872,1194,1071,1,1072,8
2020-08-17,Tehama,103,63373,371,324,1,325,1
2020-08-17,Trinity,105,12862,18,8,4,12,0
2020-08-17,Tulare,107,460477,13452,12487,39,12526,210
2020-08-17,Tuolumne,109,53932,171,157,2,159,1
2020-08-17,Ventura,111,848112,10297,9490,46,9536,89
2020-08-17,Yolo,113,214977,2256,2083,4,2087,47
2020-08-17,Yuba,115,75493,743,647,3,650,1
2020-08-16,Alameda,1,1643700,16894,15338,123,15461,221
2020-08-16,Alpine,3,1148,3,2,0,2,0
2020-08-16,Amador,5,37829,259,215,0,215,9
2020-08-16,Butte,7,227075,1567,1432,10,1442,15
2020-08-16,Calaveras,9,45235,195,167,0,167,1
2020-08-16,Colusa,11,21464,429,407,0,407,5
2020-08-16,Contra Costa,13,1133247,13068,11255,42,11297,140
2020-08-16,Del Norte,15,27424,103,77,0,77,0
2020-08-16,El Dorado,17,186661,935,843,0,843,2
2020-08-16,Fresno,19,978130,25384,21010,233,21243,211
2020-08-16,Glenn,21,27897,423,400,0,400,2
2020-08-16,Humboldt,23,135768,347,301,0,301,4
2020-08-16,Imperial,25,180216,10961,8883,6,8889,188
2020-08-16,Inyo,27,18085,149,125,0,125,1
2020-08-16,Kern,29,883053,28368,26520,166,26686,249
2020-08-16,Kings,31,150075,5667,5146,30,5176,58
2020-08-16,Lake,33,64148,300,269,0,269,2
2020-08-16,Lassen,35,31185,708,666,1,667,0
2020-08-16,Los Angeles,37,10098052,228767,222236,902,223138,5263
2020-08-16,Madera,39,155013,3557,3013,18,3031,26
2020-08-16,Marin,41,260295,5872,5664,12,5676,46
2020-08-16,Mariposa,43,17540,71,61,0,61,2
2020-08-16,Mendocino,45,87422,524,451,0,451,8
2020-08-16,Merced,47,269075,7309,6744,3,6747,66
2020-08-16,Modoc,49,8938,7,5,0,5,0
2020-08-16,Mono,51,14174,162,126,1,127,1
2020-08-16,Monterey,53,433212,7143,6516,15,6531,44
2020-08-16,Napa,55,140530,1365,1241,2,1243,10
2020-08-16,Nevada,57,99092,410,379,12,391,2
2020-08-16,Orange,59,3164182,47805,43303,1033,44336,803
2020-08-16,Placer,61,380077,2811,2583,3,2586,28
2020-08-16,Plumas,63,18699,39,33,0,33,0
2020-08-16,Riverside,65,2383286,50558,47669,26,47695,910
2020-08-16,Sacramento,67,1510023,16283,14210,10,14220,219
2020-08-16,San Benito,69,59416,928,815,0,815,2
2020-08-16,San Bernardino,71,2135413,46124,41724,41,41765,603
2020-08-16,San Diego,73,3302833,36497,34680,0,34680,626
2020-08-16,San Francisco,75,870044,8796,7602,9,7611,72
2020-08-16,San Joaquin,77,732212,17163,15288,26,15314,280
2020-08-16,San Luis Obispo,79,281455,2686,2494,8,2502,17
2020-08-16,San Mateo,81,765935,7807,6942,4,6946,118
2020-08-16,Santa Barbara,83,443738,8094,7368,56,7424,79
2020-08-16,Santa Clara,85,1922200,16175,14329,18,14347,183
2020-08-16,Santa Cruz,87,273765,1669,1449,13,1462,6
2020-08-16,Shasta,89,179085,572,465,3,468,9
2020-08-16,Sierra,91,2930,6,6,0,6,0
2020-08-16,Siskiyou,93,43540,117,102,0,102,0
2020-08-16,Solano,95,438530,5029,4479,32,4511,31
2020-08-16,Sonoma,97,501317,5054,4329,16,4345,46
2020-08-16,Stanislaus,99,539301,13999,12668,197,12865,148
2020-08-16,Sutter,101,95872,1176,1071,1,1072,8
2020-08-16,Tehama,103,63373,362,318,1,319,1
2020-08-16,Trinity,105,12862,17,8,4,12,0
2020-08-16,Tulare,107,460477,13320,12334,35,12369,211
2020-08-16,Tuolumne,109,53932,171,156,2,158,1
2020-08-16,Ventura,111,848112,10188,9408,41,9449,89
2020-08-16,Yolo,113,214977,2237,2057,4,2061,47
2020-08-16,Yuba,115,75493,734,647,2,649,1
2020-08-15,Alameda,1,1643700,16817,15165,123,15288,221
2020-08-15,Alpine,3,1148,3,2,0,2,0
2020-08-15,Amador,5,37829,259,210,0,210,9
2020-08-15,Butte,7,227075,1545,1409,10,1419,15
2020-08-15,Calaveras,9,45235,193,167,0,167,1
2020-08-15,Colusa,11,21464,428,401,0,401,5
2020-08-15,Contra Costa,13,1133247,12972,11106,42,11148,138
2020-08-15,Del Norte,15,27424,103,77,0,77,0
2020-08-15,El Dorado,17,186661,930,838,0,838,2
2020-08-15,Fresno,19,978130,25268,20603,231,20834,211
2020-08-15,Glenn,21,27897,423,398,0,398,2
2020-08-15,Humboldt,23,135768,346,301,0,301,4
2020-08-15,Imperial,25,180216,10941,8794,6,8800,188
2020-08-15,Inyo,27,18085,149,123,0,123,1
2020-08-15,Kern,29,883053,28280,26338,166,26504,249
2020-08-15,Kings,31,150075,5650,5039,30,5069,56
2020-08-15,Lake,33,64148,298,268,0,268,2
2020-08-15,Lassen,35,31185,708,666,1,667,0
2020-08-15,Los Angeles,37,10098052,228014,221043,893,221936,5252
2020-08-15,Madera,39,155013,3507,2950,18,2968,26
2020-08-15,Marin,41,260295,5865,5628,12,5640,46
2020-08-15,Mariposa,43,17540,71,61,0,61,2
2020-08-15,Mendocino,45,87422,520,444,0,444,8
2020-08-15,Merced,47,269075,7275,6656,3,6659,66
2020-08-15,Modoc,49,8938,7,5,0,5,0
2020-08-15,Mono,51,14174,162,126,1,127,1
2020-08-15,Monterey,53,433212,7098,6162,15,6177,44
2020-08-15,Napa,55,140530,1355,1232,2,1234,10
2020-08-15,Nevada,57,99092,410,376,12,388,2
2020-08-15,Orange,59,3164182,47693,42811,1022,43833,801
2020-08-15,Placer,61,380077,2789,2551,3,2554,27
2020-08-15,Plumas,63,18699,39,33,0,33,0
2020-08-15,Riverside,65,2383286,50407,46720,26,46746,910
2020-08-15,Sacramento,67,1510023,16173,14018,10,14028,219
2020-08-15,San Benito,69,59416,915,805,0,805,2
2020-08-15,San Bernardino,71,2135413,45973,41231,39,41270,602
2020-08-15,San Diego,73,3302833,36331,34346,0,34346,639
2020-08-15,San Francisco,75,870044,8732,7601,9,7610,69
2020-08-15,San Joaquin,77,732212,17091,15113,26,15139,280
2020-08-15,San Luis Obispo,79,281455,2669,2461,8,2469,17
2020-08-15,San Mateo,81,765935,7770,6860,4,6864,118
2020-08-15,Santa Barbara,83,443738,8066,7338,56,7394,79
2020-08-15,Santa Clara,85,1922200,16079,14105,18,14123,183
2020-08-15,Santa Cruz,87,273765,1648,1449,13,1462,6
2020-08-15,Shasta,89,179085,569,458,3,461,9
2020-08-15,Sierra,91,2930,6,6,0,6,0
2020-08-15,Siskiyou,93,43540,116,100,0,100,0
2020-08-15,Solano,95,438530,5007,4477,32,4509,31
2020-08-15,Sonoma,97,501317,4999,4134,16,4150,45
2020-08-15,Stanislaus,99,539301,13937,12541,195,12736,149
2020-08-15,Sutter,101,95872,1165,1046,1,1047,8
2020-08-15,Tehama,103,63373,361,312,1,313,1
2020-08-15,Trinity,105,12862,15,6,4,10,0
2020-08-15,Tulare,107,460477,13282,12262,35,12297,211
2020-08-15,Tuolumne,109,53932,171,155,2,157,1
2020-08-15,Ventura,111,848112,10130,9379,39,9418,89
2020-08-15,Yolo,113,214977,2225,2031,4,2035,46
2020-08-15,Yuba,115,75493,730,623,2,625,1
2020-08-14,Alameda,1,1643700,16678,14909,123,15032,221
2020-08-14,Alpine,3,1148,3,2,0,2,0
2020-08-14,Amador,5,37829,259,209,0,209,9
2020-08-14,Butte,7,227075,1536,1384,10,1394,15
2020-08-14,Calaveras,9,45235,189,165,0,165,1
2020-08-14,Colusa,11,21464,426,399,0,399,5
2020-08-14,Contra Costa,13,1133247,12860,10893,42,10935,137
2020-08-14,Del Norte,15,27424,103,76,0,76,0
2020-08-14,El Dorado,17,186661,922,827,0,827,2
2020-08-14,Fresno,19,978130,25134,19900,231,20131,208
2020-08-14,Glenn,21,27897,421,395,0,395,2
2020-08-14,Humboldt,23,135768,340,294,0,294,4
2020-08-14,Imperial,25,180216,10917,8756,6,8762,185
2020-08-14,Inyo,27,18085,148,115,0,115,1
2020-08-14,Kern,29,883053,28176,25893,165,26058,249
2020-08-14,Kings,31,150075,5636,4953,30,4983,56
2020-08-14,Lake,33,64148,289,267,0,267,2
2020-08-14,Lassen,35,31185,708,665,1,666,0
2020-08-14,Los Angeles,37,10098052,226850,219083,875,219958,5222
2020-08-14,Madera,39,155013,3477,2876,18,2894,26
2020-08-14,Marin,41,260295,5854,5601,12,5613,46
2020-08-14,Mariposa,43,17540,70,61,0,61,2
2020-08-14,Mendocino,45,87422,511,432,0,432,8
2020-08-14,Merced,47,269075,7246,6466,3,6469,67
2020-08-14,Modoc,49,8938,7,5,0,5,0
2020-08-14,Mono,51,14174,162,126,1,127,1
2020-08-14,Monterey,53,433212,7047,6121,15,6136,41
2020-08-14,Napa,55,140530,1345,1230,2,1232,10
2020-08-14,Nevada,57,99092,406,377,12,389,2
2020-08-14,Orange,59,3164182,47544,42399,1008,43407,798
2020-08-14,Placer,61,380077,2770,2546,3,2549,26
2020-08-14,Plumas,63,18699,38,33,0,33,0
2020-08-14,Riverside,65,2383286,50178,46456,26,46482,891
2020-08-14,Sacramento,67,1510023,16023,13645,10,13655,212
2020-08-14,San Benito,69,59416,898,783,0,783,2
2020-08-14,San Bernardino,71,2135413,45787,40442,39,40481,594
2020-08-14,San Diego,73,3302833,36137,34067,0,34067,622
2020-08-14,San Francisco,75,870044,8673,7467,9,7476,69
2020-08-14,San Joaquin,77,732212,16992,14925,26,14951,276
2020-08-14,San Luis Obispo,79,281455,2654,2422,8,2430,17
2020-08-14,San Mateo,81,765935,7711,6655,4,6659,118
2020-08-14,Santa Barbara,83,443738,8016,7302,56,7358,77
2020-08-14,Santa Clara,85,1922200,15914,13785,18,13803,183
2020-08-14,Santa Cruz,87,273765,1626,1418,12,1430,6
2020-08-14,Shasta,89,179085,564,446,3,449,9
2020-08-14,Sierra,91,2930,6,5,0,5,0
2020-08-14,Siskiyou,93,43540,116,98,0,98,0
2020-08-14,Solano,95,438530,4986,4421,32,4453,31
2020-08-14,Sonoma,97,501317,4940,4087,13,4100,45
2020-08-14,Stanislaus,99,539301,13860,12379,191,12570,140
2020-08-14,Sutter,101,95872,1157,1039,1,1040,8
2020-08-14,Tehama,103,63373,357,305,1,306,1
2020-08-14,Trinity,105,12862,15,6,4,10,0
2020-08-14,Tulare,107,460477,13205,12009,35,12044,211
2020-08-14,Tuolumne,109,53932,170,155,2,157,1
2020-08-14,Ventura,111,848112,10055,9313,39,9352,89
2020-08-14,Yolo,113,214977,2211,1991,4,1995,45
2020-08-14,Yuba,115,75493,714,606,2,608,1
2020-08-13,Alameda,1,1643700,16404,14385,123,14508,218
2020-08-13,Alpine,3,1148,3,2,0,2,0
2020-08-13,Amador,5,37829,259,198,0,198,8
2020-08-13,Butte,7,227075,1511,1345,10,1355,15
2020-08-13,Calaveras,9,45235,187,162,0,162,1
2020-08-13,Colusa,11,21464,426,395,0,395,5
2020-08-13,Contra Costa,13,1133247,12705,10545,41,10586,136
2020-08-13,Del Norte,15,27424,102,74,0,74,0
2020-08-13,El Dorado,17,186661,917,803,0,803,2
2020-08-13,Fresno,19,978130,24910,19157,224,19381,201
2020-08-13,Glenn,21,27897,417,392,0,392,1
2020-08-13,Humboldt,23,135768,332,281,0,281,4
2020-08-13,Imperial,25,180216,10886,8640,6,8646,170
2020-08-13,Inyo,27,18085,144,97,0,97,1
2020-08-13,Kern,29,883053,28010,25472,162,25634,242
2020-08-13,Kings,31,150075,5602,4824,30,4854,52
2020-08-13,Lake,33,64148,284,263,0,263,2
2020-08-13,Lassen,35,31185,708,652,1,653,0
2020-08-13,Los Angeles,37,10098052,225440,216497,855,217352,5179
2020-08-13,Madera,39,155013,3434,2675,17,2692,25
2020-08-13,Marin,41,260295,5838,5503,12,5515,44
2020-08-13,Mariposa,43,17540,69,61,0,61,2
2020-08-13,Mendocino,45,87422,506,401,0,401,8
2020-08-13,Merced,47,269075,7128,5945,3,5948,63
2020-08-13,Modoc,49,8938,7,5,0,5,0
2020-08-13,Mono,51,14174,162,124,1,125,1
2020-08-13,Monterey,53,433212,6964,5925,15,5940,38
2020-08-13,Napa,55,140530,1336,1179,2,1181,10
2020-08-13,Nevada,57,99092,402,362,12,374,1
2020-08-13,Orange,59,3164182,47305,42019,996,43015,773
2020-08-13,Placer,61,380077,2749,2460,3,2463,26
2020-08-13,Plumas,63,18699,38,32,0,32,0
2020-08-13,Riverside,65,2383286,49884,45327,26,45353,885
2020-08-13,Sacramento,67,1510023,15823,13237,10,13247,197
2020-08-13,San Benito,69,59416,869,757,0,757,2
2020-08-13,San Bernardino,71,2135413,45393,39395,38,39433,591
2020-08-13,San Diego,73,3302833,35901,33661,0,33661,627
2020-08-13,San Francisco,75,870044,8579,7277,9,7286,69
2020-08-13,San Joaquin,77,732212,16838,14537,25,14562,261
2020-08-13,San Luis Obispo,79,281455,2633,2283,8,2291,16
2020-08-13,San Mateo,81,765935,7649,6503,4,6507,117
2020-08-13,Santa Barbara,83,443738,7972,7129,55,7184,74
2020-08-13,Santa Clara,85,1922200,15691,13257,18,13275,182
2020-08-13,Santa Cruz,87,273765,1601,1383,12,1395,6
2020-08-13,Shasta,89,179085,560,428,3,431,9
2020-08-13,Sierra,91,2930,6,5,0,5,0
2020-08-13,Siskiyou,93,43540,116,95,0,95,0
2020-08-13,Solano,95,438530,4949,4305,32,4337,31
2020-08-13,Sonoma,97,501317,4866,3902,13,3915,45
2020-08-13,Stanislaus,99,539301,13730,11953,175,12128,136
2020-08-13,Sutter,101,95872,1136,992,1,993,8
2020-08-13,Tehama,103,63373,348,302,1,303,1
2020-08-13,Trinity,105,12862,15,6,4,10,0
2020-08-13,Tulare,107,460477,13062,11692,31,11723,210
2020-08-13,Tuolumne,109,53932,169,152,2,154,1
2020-08-13,Ventura,111,848112,9966,9114,39,9153,90
2020-08-13,Yolo,113,214977,2184,1938,4,1942,44
2020-08-13,Yuba,115,75493,698,568,2,570,1
2020-08-12,Alameda,1,1643700,16192,14214,123,14337,215
2020-08-12,Alpine,3,1148,3,2,0,2,0
2020-08-12,Amador,5,37829,256,197,0,197,8
2020-08-12,Butte,7,227075,1483,1317,10,1327,15
2020-08-12,Calaveras,9,45235,184,157,0,157,1
2020-08-12,Colusa,11,21464,421,394,0,394,5
2020-08-12,Contra Costa,13,1133247,12561,10304,39,10343,134
2020-08-12,Del Norte,15,27424,101,74,0,74,0
2020-08-12,El Dorado,17,186661,899,794,0,794,2
2020-08-12,Fresno,19,978130,24680,18690,218,18908,194
2020-08-12,Glenn,21,27897,414,388,0,388,1
2020-08-12,Humboldt,23,135768,325,281,0,281,4
2020-08-12,Imperial,25,180216,10864,8566,6,8572,167
2020-08-12,Inyo,27,18085,127,97,0,97,1
2020-08-12,Kern,29,883053,27820,25191,160,25351,232
2020-08-12,Kings,31,150075,5563,4736,30,4766,50
2020-08-12,Lake,33,64148,282,253,0,253,2
2020-08-12,Lassen,35,31185,707,651,1,652,0
2020-08-12,Los Angeles,37,10098052,223983,214542,839,215381,5119
2020-08-12,Madera,39,155013,3400,2681,15,2696,23
2020-08-12,Marin,41,260295,5816,5423,12,5435,44
2020-08-12,Mariposa,43,17540,69,61,0,61,2
2020-08-12,Mendocino,45,87422,487,386,0,386,9
2020-08-12,Merced,47,269075,7066,5777,3,5780,66
2020-08-12,Modoc,49,8938,7,5,0,5,0
2020-08-12,Mono,51,14174,161,124,1,125,1
2020-08-12,Monterey,53,433212,6860,5919,15,5934,38
2020-08-12,Napa,55,140530,1326,1161,2,1163,10
2020-08-12,Nevada,57,99092,397,357,12,369,1
2020-08-12,Orange,59,3164182,47054,41576,971,42547,754
2020-08-12,Placer,61,380077,2716,2417,3,2420,25
2020-08-12,Plumas,63,18699,38,31,0,31,0
2020-08-12,Riverside,65,2383286,49535,44747,26,44773,867
2020-08-12,Sacramento,67,1510023,15608,12528,10,12538,189
2020-08-12,San Benito,69,59416,856,751,0,751,2
2020-08-12,San Bernardino,71,2135413,45051,38811,37,38848,589
2020-08-12,San Diego,73,3302833,35692,33395,0,33395,608
2020-08-12,San Francisco,75,870044,8495,7194,9,7203,66
2020-08-12,San Joaquin,77,732212,16695,14154,25,14179,253
2020-08-12,San Luis Obispo,79,281455,2608,2263,8,2271,15
2020-08-12,San Mateo,81,765935,7571,6427,4,6431,117
2020-08-12,Santa Barbara,83,443738,7912,7049,53,7102,74
2020-08-12,Santa Clara,85,1922200,15515,13002,18,13020,182
2020-08-12,Santa Cruz,87,273765,1572,1382,11,1393,6
2020-08-12,Shasta,89,179085,556,417,3,420,9
2020-08-12,Sierra,91,2930,5,4,0,4,0
2020-08-12,Siskiyou,93,43540,115,90,0,90,0
2020-08-12,Solano,95,438530,4904,4258,32,4290,31
2020-08-12,Sonoma,97,501317,4792,3847,13,3860,47
2020-08-12,Stanislaus,99,539301,13592,11682,166,11848,136
2020-08-12,Sutter,101,95872,1112,987,1,988,7
2020-08-12,Tehama,103,63373,338,289,1,290,1
2020-08-12,Trinity,105,12862,14,6,4,10,0
2020-08-12,Tulare,107,460477,12934,11460,31,11491,211
2020-08-12,Tuolumne,109,53932,168,150,2,152,1
2020-08-12,Ventura,111,848112,9881,9005,38,9043,87
2020-08-12,Yolo,113,214977,2161,1921,4,1925,44
2020-08-12,Yuba,115,75493,676,549,1,550,1
2020-08-11,Alameda,1,1643700,15935,13960,120,14080,204
2020-08-11,Alpine,3,1148,3,2,0,2,0
2020-08-11,Amador,5,37829,250,187,0,187,3
2020-08-11,Butte,7,227075,1456,1296,10,1306,15
2020-08-11,Calaveras,9,45235,182,161,0,161,1
2020-08-11,Colusa,11,21464,416,390,0,390,5
2020-08-11,Contra Costa,13,1133247,12372,10012,37,10049,131
2020-08-11,Del Norte,15,27424,100,73,0,73,0
2020-08-11,El Dorado,17,186661,892,786,0,786,2
2020-08-11,Fresno,19,978130,24360,18344,215,18559,187
2020-08-11,Glenn,21,27897,412,380,0,380,1
2020-08-11,Humboldt,23,135768,320,283,0,283,4
2020-08-11,Imperial,25,180216,10808,8518,6,8524,165
2020-08-11,Inyo,27,18085,122,97,0,97,1
2020-08-11,Kern,29,883053,27486,25042,157,25199,230
2020-08-11,Kings,31,150075,5378,4696,30,4726,50
2020-08-11,Lake,33,64148,279,243,0,243,2
2020-08-11,Lassen,35,31185,701,605,1,606,0
2020-08-11,Los Angeles,37,10098052,222480,212421,814,213235,5065
2020-08-11,Madera,39,155013,3346,2673,15,2688,22
2020-08-11,Marin,41,260295,5788,5287,11,5298,44
2020-08-11,Mariposa,43,17540,68,60,0,60,2
2020-08-11,Mendocino,45,87422,477,385,0,385,9
2020-08-11,Merced,47,269075,6971,5322,2,5324,65
2020-08-11,Modoc,49,8938,7,5,0,5,0
2020-08-11,Mono,51,14174,161,124,1,125,1
2020-08-11,Monterey,53,433212,6752,5624,15,5639,36
2020-08-11,Napa,55,140530,1315,1143,1,1144,11
2020-08-11,Nevada,57,99092,394,358,12,370,1
2020-08-11,Orange,59,3164182,46834,41205,948,42153,742
2020-08-11,Placer,61,380077,2684,2393,3,2396,24
2020-08-11,Plumas,63,18699,38,31,0,31,0
2020-08-11,Riverside,65,2383286,49176,44237,26,44263,836
2020-08-11,Sacramento,67,1510023,15321,12298,10,12308,182
2020-08-11,San Benito,69,59416,844,750,0,750,2
2020-08-11,San Bernardino,71,2135413,44710,38467,36,38503,584
2020-08-11,San Diego,73,3302833,35425,33159,0,33159,602
2020-08-11,San Francisco,75,870044,8399,6988,9,6997,66
2020-08-11,San Joaquin,77,732212,16518,13997,20,14017,251
2020-08-11,San Luis Obispo,79,281455,2551,2234,8,2242,15
2020-08-11,San Mateo,81,765935,7495,6339,4,6343,117
2020-08-11,Santa Barbara,83,443738,7862,6942,53,6995,70
2020-08-11,Santa Clara,85,1922200,15294,12920,18,12938,183
2020-08-11,Santa Cruz,87,273765,1549,1352,11,1363,4
2020-08-11,Shasta,89,179085,552,416,3,419,9
2020-08-11,Sierra,91,2930,5,4,0,4,0
2020-08-11,Siskiyou,93,43540,115,90,0,90,0
2020-08-11,Solano,95,438530,4856,4206,31,4237,31
2020-08-11,Sonoma,97,501317,4698,3752,13,3765,45
2020-08-11,Stanislaus,99,539301,13488,11592,154,11746,128
2020-08-11,Sutter,101,95872,1090,964,1,965,7
2020-08-11,Tehama,103,63373,334,289,1,290,1
2020-08-11,Trinity,105,12862,14,5,4,9,0
2020-08-11,Tulare,107,460477,12808,11392,30,11422,201
2020-08-11,Tuolumne,109,53932,164,146,2,148,1
2020-08-11,Ventura,111,848112,9813,8953,37,8990,88
2020-08-11,Yolo,113,214977,2139,1912,4,1916,44
2020-08-11,Yuba,115,75493,665,540,1,541,1
2020-08-10,Alameda,1,1643700,15696,13420,119,13539,203
2020-08-10,Alpine,3,1148,3,2,0,2,0
2020-08-10,Amador,5,37829,249,172,0,172,2
2020-08-10,Butte,7,227075,1432,1174,9,1183,15
2020-08-10,Calaveras,9,45235,172,121,0,121,1
2020-08-10,Colusa,11,21464,414,387,0,387,4
2020-08-10,Contra Costa,13,1133247,12219,9454,35,9489,130
2020-08-10,Del Norte,15,27424,98,69,0,69,0
2020-08-10,El Dorado,17,186661,880,771,0,771,2
2020-08-10,Fresno,19,978130,24080,17978,214,18192,183
2020-08-10,Glenn,21,27897,409,381,0,381,1
2020-08-10,Humboldt,23,135768,314,277,0,277,4
2020-08-10,Imperial,25,180216,10764,8465,6,8471,165
2020-08-10,Inyo,27,18085,122,97,0,97,1
2020-08-10,Kern,29,883053,27261,24499,156,24655,215
2020-08-10,Kings,31,150075,5272,4588,30,4618,50
2020-08-10,Lake,33,64148,272,239,0,239,2
2020-08-10,Lassen,35,31185,701,588,1,589,0
2020-08-10,Los Angeles,37,10098052,220898,211035,795,211830,5003
2020-08-10,Madera,39,155013,3313,2365,14,2379,22
2020-08-10,Marin,41,260295,5745,5242,10,5252,44
2020-08-10,Mariposa,43,17540,68,57,0,57,2
2020-08-10,Mendocino,45,87422,453,364,0,364,1
2020-08-10,Merced,47,269075,6890,4913,2,4915,51
2020-08-10,Modoc,49,8938,7,5,0,5,0
2020-08-10,Mono,51,14174,161,123,1,124,1
2020-08-10,Monterey,53,433212,6642,5358,15,5373,34
2020-08-10,Napa,55,140530,1297,1084,1,1085,8
2020-08-10,Nevada,57,99092,386,356,12,368,1
2020-08-10,Orange,59,3164182,46566,40445,930,41375,721
2020-08-10,Placer,61,380077,2645,2298,3,2301,21
2020-08-10,Plumas,63,18699,38,27,0,27,0
2020-08-10,Riverside,65,2383286,48789,43296,25,43321,830
2020-08-10,Sacramento,67,1510023,15008,12059,10,12069,168
2020-08-10,San Benito,69,59416,831,743,0,743,2
2020-08-10,San Bernardino,71,2135413,44334,37367,34,37401,579
2020-08-10,San Diego,73,3302833,35158,32977,0,32977,594
2020-08-10,San Francisco,75,870044,8308,6816,8,6824,66
2020-08-10,San Joaquin,77,732212,16336,13308,20,13328,240
2020-08-10,San Luis Obispo,79,281455,2452,2208,8,2216,15
2020-08-10,San Mateo,81,765935,7418,6222,4,6226,117
2020-08-10,Santa Barbara,83,443738,7807,6869,53,6922,66
2020-08-10,Santa Clara,85,1922200,15034,12615,18,12633,182
2020-08-10,Santa Cruz,87,273765,1529,1239,10,1249,4
2020-08-10,Shasta,89,179085,548,384,3,387,9
2020-08-10,Sierra,91,2930,5,3,0,3,0
2020-08-10,Siskiyou,93,43540,112,88,0,88,0
2020-08-10,Solano,95,438530,4796,4101,31,4132,31
2020-08-10,Sonoma,97,501317,4529,3640,9,3649,42
2020-08-10,Stanislaus,99,539301,13307,10855,137,10992,106
2020-08-10,Sutter,101,95872,1065,865,1,866,7
2020-08-10,Tehama,103,63373,327,282,1,283,1
2020-08-10,Trinity,105,12862,12,5,4,9,0
2020-08-10,Tulare,107,460477,12635,10750,28,10778,194
2020-08-10,Tuolumne,109,53932,164,143,1,144,1
2020-08-10,Ventura,111,848112,9729,8851,36,8887,85
2020-08-10,Yolo,113,214977,2116,1840,4,1844,45
2020-08-10,Yuba,115,75493,648,527,1,528,1
2020-08-09,Alameda,1,1643700,15418,13241,117,13358,203
2020-08-09,Alpine,3,1148,3,2,0,2,0
2020-08-09,Amador,5,37829,244,153,0,153,2
2020-08-09,Butte,7,227075,1388,1155,9,1164,15
2020-08-09,Calaveras,9,45235,167,122,0,122,1
2020-08-09,Colusa,11,21464,410,371,0,371,4
2020-08-09,Contra Costa,13,1133247,11992,9214,33,9247,130
2020-08-09,Del Norte,15,27424,98,69,0,69,0
2020-08-09,El Dorado,17,186661,872,748,0,748,2
2020-08-09,Fresno,19,978130,23772,17846,210,18056,183
2020-08-09,Glenn,21,27897,407,354,0,354,1
2020-08-09,Humboldt,23,135768,308,279,0,279,4
2020-08-09,Imperial,25,180216,10720,8310,6,8316,165
2020-08-09,Inyo,27,18085,117,86,0,86,1
2020-08-09,Kern,29,883053,27005,23680,156,23836,215
2020-08-09,Kings,31,150075,5229,4446,29,4475,50
2020-08-09,Lake,33,64148,265,225,0,225,2
2020-08-09,Lassen,35,31185,695,589,1,590,0
2020-08-09,Los Angeles,37,10098052,218838,208810,772,209582,4984
2020-08-09,Madera,39,155013,3254,2322,10,2332,22
2020-08-09,Marin,41,260295,5702,5204,10,5214,44
2020-08-09,Mariposa,43,17540,66,56,0,56,2
2020-08-09,Mendocino,45,87422,443,283,0,283,1
2020-08-09,Merced,47,269075,6792,4735,1,4736,51
2020-08-09,Modoc,49,8938,7,4,0,4,0
2020-08-09,Mono,51,14174,160,113,1,114,1
2020-08-09,Monterey,53,433212,6518,5199,15,5214,34
2020-08-09,Napa,55,140530,1278,1062,1,1063,8
2020-08-09,Nevada,57,99092,378,332,12,344,1
2020-08-09,Orange,59,3164182,46268,39244,915,40159,722
2020-08-09,Placer,61,380077,2617,2211,3,2214,20
2020-08-09,Plumas,63,18699,38,27,0,27,0
2020-08-09,Riverside,65,2383286,48446,41894,24,41918,828
2020-08-09,Sacramento,67,1510023,14731,11301,10,11311,167
2020-08-09,San Benito,69,59416,812,687,0,687,2
2020-08-09,San Bernardino,71,2135413,43859,36092,34,36126,579
2020-08-09,San Diego,73,3302833,34867,32749,0,32749,594
2020-08-09,San Francisco,75,870044,8193,6820,8,6828,66
2020-08-09,San Joaquin,77,732212,16131,12933,19,12952,240
2020-08-09,San Luis Obispo,79,281455,2416,2124,8,2132,15
2020-08-09,San Mateo,81,765935,7323,6094,4,6098,117
2020-08-09,Santa Barbara,83,443738,7720,6669,53,6722,66
2020-08-09,Santa Clara,85,1922200,14764,11878,18,11896,181
2020-08-09,Santa Cruz,87,273765,1505,1246,10,1256,4
2020-08-09,Shasta,89,179085,544,361,3,364,9
2020-08-09,Sierra,91,2930,5,3,0,3,0
2020-08-09,Siskiyou,93,43540,111,74,0,74,0
2020-08-09,Solano,95,438530,4743,3954,30,3984,31
2020-08-09,Sonoma,97,501317,4393,3531,7,3538,41
2020-08-09,Stanislaus,99,539301,13098,10264,124,10388,106
2020-08-09,Sutter,101,95872,1031,857,1,858,7
2020-08-09,Tehama,103,63373,319,265,1,266,1
2020-08-09,Trinity,105,12862,12,5,4,9,0
2020-08-09,Tulare,107,460477,12443,10630,25,10655,194
2020-08-09,Tuolumne,109,53932,161,143,1,144,1
2020-08-09,Ventura,111,848112,9582,8633,35,8668,85
2020-08-09,Yolo,113,214977,2085,1765,4,1769,44
2020-08-09,Yuba,115,75493,628,442,1,443,1
2020-08-08,Alameda,1,1643700,15308,13087,117,13204,204
2020-08-08,Alpine,3,1148,3,2,0,2,0
2020-08-08,Amador,5,37829,244,139,0,139,2
2020-08-08,Butte,7,227075,1370,1140,9,1149,15
2020-08-08,Calaveras,9,45235,166,122,0,122,1
2020-08-08,Colusa,11,21464,409,368,0,368,4
2020-08-08,Contra Costa,13,1133247,11883,9104,33,9137,129
2020-08-08,Del Norte,15,27424,97,69,0,69,0
2020-08-08,El Dorado,17,186661,865,734,0,734,2
2020-08-08,Fresno,19,978130,23636,17538,208,17746,183
2020-08-08,Glenn,21,27897,407,344,0,344,1
2020-08-08,Humboldt,23,135768,305,277,0,277,4
2020-08-08,Imperial,25,180216,10705,8213,6,8219,165
2020-08-08,Inyo,27,18085,113,86,0,86,1
2020-08-08,Kern,29,883053,26891,22803,156,22959,215
2020-08-08,Kings,31,150075,5215,4367,29,4396,49
2020-08-08,Lake,33,64148,263,221,0,221,2
2020-08-08,Lassen,35,31185,695,589,1,590,0
2020-08-08,Los Angeles,37,10098052,217949,206971,761,207732,4974
2020-08-08,Madera,39,155013,3223,2275,10,2285,22
2020-08-08,Marin,41,260295,5682,5118,10,5128,44
2020-08-08,Mariposa,43,17540,65,55,0,55,2
2020-08-08,Mendocino,45,87422,441,264,0,264,1
2020-08-08,Merced,47,269075,6752,4570,1,4571,51
2020-08-08,Modoc,49,8938,7,4,0,4,0
2020-08-08,Mono,51,14174,160,113,1,114,1
2020-08-08,Monterey,53,433212,6460,5101,15,5116,33
2020-08-08,Napa,55,140530,1270,1062,1,1063,8
2020-08-08,Nevada,57,99092,376,325,12,337,1
2020-08-08,Orange,59,3164182,46143,38688,906,39594,718
2020-08-08,Placer,61,380077,2600,2153,3,2156,20
2020-08-08,Plumas,63,18699,38,27,0,27,0
2020-08-08,Riverside,65,2383286,48243,41412,24,41436,823
2020-08-08,Sacramento,67,1510023,14601,11144,10,11154,166
2020-08-08,San Benito,69,59416,804,684,0,684,2
2020-08-08,San Bernardino,71,2135413,43663,35691,33,35724,531
2020-08-08,San Diego,73,3302833,34678,32332,0,32332,593
2020-08-08,San Francisco,75,870044,8127,6820,8,6828,66
2020-08-08,San Joaquin,77,732212,16050,12559,18,12577,240
2020-08-08,San Luis Obispo,79,281455,2393,2081,8,2089,15
2020-08-08,San Mateo,81,765935,7265,6021,4,6025,117
2020-08-08,Santa Barbara,83,443738,7682,6598,53,6651,66
2020-08-08,Santa Clara,85,1922200,14613,11615,18,11633,181
2020-08-08,Santa Cruz,87,273765,1491,1247,10,1257,4
2020-08-08,Shasta,89,179085,542,343,3,346,9
2020-08-08,Sierra,91,2930,5,3,0,3,0
2020-08-08,Siskiyou,93,43540,111,73,0,73,0
2020-08-08,Solano,95,438530,4722,3889,29,3918,31
2020-08-08,Sonoma,97,501317,4361,3399,7,3406,41
2020-08-08,Stanislaus,99,539301,13023,9963,118,10081,105
2020-08-08,Sutter,101,95872,1021,830,1,831,7
2020-08-08,Tehama,103,63373,318,251,1,252,1
2020-08-08,Trinity,105,12862,12,5,4,9,0
2020-08-08,Tulare,107,460477,12367,10505,25,10530,192
2020-08-08,Tuolumne,109,53932,161,143,1,144,1
2020-08-08,Ventura,111,848112,9528,8462,34,8496,85
2020-08-08,Yolo,113,214977,2072,1725,4,1729,44
2020-08-08,Yuba,115,75493,619,430,1,431,1
2020-08-07,Alameda,1,1643700,15199,12805,117,12922,204
2020-08-07,Alpine,3,1148,3,2,0,2,0
2020-08-07,Amador,5,37829,242,125,0,125,2
2020-08-07,Butte,7,227075,1352,1092,9,1101,13
2020-08-07,Calaveras,9,45235,166,119,0,119,1
2020-08-07,Colusa,11,21464,408,358,0,358,4
2020-08-07,Contra Costa,13,1133247,11734,8810,33,8843,126
2020-08-07,Del Norte,15,27424,97,69,0,69,0
2020-08-07,El Dorado,17,186661,860,724,0,724,2
2020-08-07,Fresno,19,978130,23476,17290,208,17498,171
2020-08-07,Glenn,21,27897,406,339,0,339,1
2020-08-07,Humboldt,23,135768,301,274,0,274,4
2020-08-07,Imperial,25,180216,10680,8085,6,8091,164
2020-08-07,Inyo,27,18085,112,81,0,81,1
2020-08-07,Kern,29,883053,26765,22143,153,22296,206
2020-08-07,Kings,31,150075,5198,4315,29,4344,48
2020-08-07,Lake,33,64148,261,215,0,215,1
2020-08-07,Lassen,35,31185,694,588,1,589,0
2020-08-07,Los Angeles,37,10098052,216492,204406,749,205155,4924
2020-08-07,Madera,39,155013,3191,2245,10,2255,20
2020-08-07,Marin,41,260295,5653,5094,10,5104,43
2020-08-07,Mariposa,43,17540,65,53,0,53,2
2020-08-07,Mendocino,45,87422,427,262,0,262,1
2020-08-07,Merced,47,269075,6709,4358,1,4359,30
2020-08-07,Modoc,49,8938,7,4,0,4,0
2020-08-07,Mono,51,14174,160,112,1,113,1
2020-08-07,Monterey,53,433212,6385,5041,15,5056,33
2020-08-07,Napa,55,140530,1265,1055,1,1056,8
2020-08-07,Nevada,57,99092,373,324,12,336,1
2020-08-07,Orange,59,3164182,45931,38459,889,39348,701
2020-08-07,Placer,61,380077,2583,2078,3,2081,20
2020-08-07,Plumas,63,18699,38,25,0,25,0
2020-08-07,Riverside,65,2383286,47979,40902,23,40925,810
2020-08-07,Sacramento,67,1510023,14456,10798,10,10808,160
2020-08-07,San Benito,69,59416,798,647,0,647,2
2020-08-07,San Bernardino,71,2135413,43417,35200,32,35232,524
2020-08-07,San Diego,73,3302833,34493,31781,0,31781,586
2020-08-07,San Francisco,75,870044,8049,6765,8,6773,66
2020-08-07,San Joaquin,77,732212,15966,12392,18,12410,223
2020-08-07,San Luis Obispo,79,281455,2362,2050,8,2058,14
2020-08-07,San Mateo,81,765935,7206,5948,4,5952,117
2020-08-07,Santa Barbara,83,443738,7631,6509,53,6562,66
2020-08-07,Santa Clara,85,1922200,14414,11409,18,11427,180
2020-08-07,Santa Cruz,87,273765,1473,1234,10,1244,5
2020-08-07,Shasta,89,179085,537,342,3,345,9
2020-08-07,Sierra,91,2930,5,3,0,3,0
2020-08-07,Siskiyou,93,43540,108,73,0,73,0
2020-08-07,Solano,95,438530,4690,3844,28,3872,31
2020-08-07,Sonoma,97,501317,4297,3329,7,3336,34
2020-08-07,Stanislaus,99,539301,12902,9665,107,9772,98
2020-08-07,Sutter,101,95872,1017,807,1,808,6
2020-08-07,Tehama,103,63373,314,246,1,247,1
2020-08-07,Trinity,105,12862,11,5,4,9,0
2020-08-07,Tulare,107,460477,12290,10292,25,10317,195
2020-08-07,Tuolumne,109,53932,160,136,1,137,1
2020-08-07,Ventura,111,848112,9468,8356,32,8388,84
2020-08-07,Yolo,113,214977,2047,1689,4,1693,37
2020-08-07,Yuba,115,75493,614,413,1,414,1
2020-08-06,Alameda,1,1643700,14979,12474,116,12590,200
2020-08-06,Alpine,3,1148,3,2,0,2,0
2020-08-06,Amador,5,37829,228,125,0,125,0
2020-08-06,Butte,7,227075,1333,1060,9,1069,13
2020-08-06,Calaveras,9,45235,164,117,0,117,1
2020-08-06,Colusa,11,21464,405,358,0,358,3
2020-08-06,Contra Costa,13,1133247,11540,8583,32,8615,124
2020-08-06,Del Norte,15,27424,97,69,0,69,0
2020-08-06,El Dorado,17,186661,849,703,0,703,1
2020-08-06,Fresno,19,978130,23180,17031,200,17231,161
2020-08-06,Glenn,21,27897,401,332,0,332,1
2020-08-06,Humboldt,23,135768,296,266,0,266,4
2020-08-06,Imperial,25,180216,10636,8064,6,8070,163
2020-08-06,Inyo,27,18085,104,83,0,83,1
2020-08-06,Kern,29,883053,26529,21843,152,21995,197
2020-08-06,Kings,31,150075,5138,4264,27,4291,47
2020-08-06,Lake,33,64148,258,209,0,209,1
2020-08-06,Lassen,35,31185,692,588,1,589,0
2020-08-06,Los Angeles,37,10098052,214414,201372,732,202104,4874
2020-08-06,Madera,39,155013,3143,2240,9,2249,19
2020-08-06,Marin,41,260295,5621,5058,10,5068,43
2020-08-06,Mariposa,43,17540,64,52,0,52,2
2020-08-06,Mendocino,45,87422,413,260,0,260,1
2020-08-06,Merced,47,269075,6608,4235,1,4236,30
2020-08-06,Modoc,49,8938,7,4,0,4,0
2020-08-06,Mono,51,14174,159,111,1,112,1
2020-08-06,Monterey,53,433212,6276,5001,14,5015,33
2020-08-06,Napa,55,140530,1251,1032,1,1033,8
2020-08-06,Nevada,57,99092,368,321,12,333,1
2020-08-06,Orange,59,3164182,45639,38399,884,39283,694
2020-08-06,Placer,61,380077,2556,2045,3,2048,20
2020-08-06,Plumas,63,18699,37,25,0,25,0
2020-08-06,Riverside,65,2383286,47584,40269,23,40292,781
2020-08-06,Sacramento,67,1510023,14225,10548,10,10558,153
2020-08-06,San Benito,69,59416,790,626,0,626,2
2020-08-06,San Bernardino,71,2135413,43013,34819,32,34851,516
2020-08-06,San Diego,73,3302833,34226,31129,0,31129,583
2020-08-06,San Francisco,75,870044,7956,6737,7,6744,60
2020-08-06,San Joaquin,77,732212,15807,12269,18,12287,203
2020-08-06,San Luis Obispo,79,281455,2338,2000,8,2008,13
2020-08-06,San Mateo,81,765935,7107,5885,4,5889,117
2020-08-06,Santa Barbara,83,443738,7571,6620,53,6673,65
2020-08-06,Santa Clara,85,1922200,14185,11280,18,11298,178
2020-08-06,Santa Cruz,87,273765,1452,1215,10,1225,4
2020-08-06,Shasta,89,179085,528,343,3,346,9
2020-08-06,Sierra,91,2930,5,3,0,3,0
2020-08-06,Siskiyou,93,43540,108,73,0,73,0
2020-08-06,Solano,95,438530,4647,3784,28,3812,29
2020-08-06,Sonoma,97,501317,4233,3259,7,3266,33
2020-08-06,Stanislaus,99,539301,12753,9566,90,9656,98
2020-08-06,Sutter,101,95872,986,797,1,798,6
2020-08-06,Tehama,103,63373,311,242,1,243,1
2020-08-06,Trinity,105,12862,9,5,4,9,0
2020-08-06,Tulare,107,460477,12131,10169,25,10194,195
2020-08-06,Tuolumne,109,53932,159,136,1,137,1
2020-08-06,Ventura,111,848112,9357,8245,29,8274,80
2020-08-06,Yolo,113,214977,2023,1662,4,1666,36
2020-08-06,Yuba,115,75493,605,407,0,407,1
2020-08-05,Alameda,1,1643700,14767,12140,115,12255,193
2020-08-05,Alpine,3,1148,3,2,0,2,0
2020-08-05,Amador,5,37829,218,123,0,123,0
2020-08-05,Butte,7,227075,1300,1038,9,1047,13
2020-08-05,Calaveras,9,45235,161,116,0,116,1
2020-08-05,Colusa,11,21464,401,354,0,354,3
2020-08-05,Contra Costa,13,1133247,11376,8362,32,8394,122
2020-08-05,Del Norte,15,27424,96,69,0,69,0
2020-08-05,El Dorado,17,186661,841,692,0,692,1
2020-08-05,Fresno,19,978130,22939,16625,193,16818,159
2020-08-05,Glenn,21,27897,398,330,0,330,1
2020-08-05,Humboldt,23,135768,294,249,0,249,4
2020-08-05,Imperial,25,180216,10601,8036,6,8042,163
2020-08-05,Inyo,27,18085,102,62,0,62,1
2020-08-05,Kern,29,883053,26342,21540,147,21687,194
2020-08-05,Kings,31,150075,5093,4192,25,4217,47
2020-08-05,Lake,33,64148,251,209,0,209,1
2020-08-05,Lassen,35,31185,645,557,1,558,0
2020-08-05,Los Angeles,37,10098052,212497,198355,711,199066,4832
2020-08-05,Madera,39,155013,3101,2172,9,2181,19
2020-08-05,Marin,41,260295,5589,5036,10,5046,43
2020-08-05,Mariposa,43,17540,64,52,0,52,2
2020-08-05,Mendocino,45,87422,401,248,0,248,1
2020-08-05,Merced,47,269075,6473,4119,1,4120,30
2020-08-05,Modoc,49,8938,7,3,0,3,0
2020-08-05,Mono,51,14174,159,104,1,105,1
2020-08-05,Monterey,53,433212,6161,4936,14,4950,32
2020-08-05,Napa,55,140530,1239,1020,1,1021,8
2020-08-05,Nevada,57,99092,359,327,12,339,2
2020-08-05,Orange,59,3164182,45330,37907,877,38784,663
2020-08-05,Placer,61,380077,2515,1989,3,1992,18
2020-08-05,Plumas,63,18699,36,25,0,25,0
2020-08-05,Riverside,65,2383286,47193,39454,21,39475,761
2020-08-05,Sacramento,67,1510023,14007,10261,9,10270,151
2020-08-05,San Benito,69,59416,781,613,0,613,2
2020-08-05,San Bernardino,71,2135413,42550,34442,30,34472,504
2020-08-05,San Diego,73,3302833,34002,30866,0,30866,578
2020-08-05,San Francisco,75,870044,7863,6701,7,6708,60
2020-08-05,San Joaquin,77,732212,15644,12148,18,12166,199
2020-08-05,San Luis Obispo,79,281455,2315,1928,8,1936,13
2020-08-05,San Mateo,81,765935,7011,5695,4,5699,116
2020-08-05,Santa Barbara,83,443738,7510,6597,53,6650,63
2020-08-05,Santa Clara,85,1922200,13950,11074,18,11092,176
2020-08-05,Santa Cruz,87,273765,1432,1192,9,1201,4
2020-08-05,Shasta,89,179085,522,338,3,341,9
2020-08-05,Sierra,91,2930,5,3,0,3,0
2020-08-05,Siskiyou,93,43540,104,72,0,72,0
2020-08-05,Solano,95,438530,4596,3750,27,3777,29
2020-08-05,Sonoma,97,501317,4151,3173,7,3180,33
2020-08-05,Stanislaus,99,539301,12594,9408,85,9493,97
2020-08-05,Sutter,101,95872,975,780,1,781,6
2020-08-05,Tehama,103,63373,308,231,1,232,1
2020-08-05,Trinity,105,12862,9,5,4,9,0
2020-08-05,Tulare,107,460477,11991,9924,25,9949,192
2020-08-05,Tuolumne,109,53932,159,137,1,138,0
2020-08-05,Ventura,111,848112,9250,8162,26,8188,75
2020-08-05,Yolo,113,214977,1995,1634,4,1638,36
2020-08-05,Yuba,115,75493,588,400,0,400,1
2020-08-04,Alameda,1,1643700,14549,11983,114,12097,192
2020-08-04,Alpine,3,1148,3,2,0,2,0
2020-08-04,Amador,5,37829,203,123,0,123,0
2020-08-04,Butte,7,227075,1276,1011,9,1020,10
2020-08-04,Calaveras,9,45235,157,116,0,116,1
2020-08-04,Colusa,11,21464,396,354,0,354,3
2020-08-04,Contra Costa,13,1133247,11210,8210,32,8242,122
2020-08-04,Del Norte,15,27424,94,69,0,69,0
2020-08-04,El Dorado,17,186661,831,668,0,668,1
2020-08-04,Fresno,19,978130,22657,16272,185,16457,154
2020-08-04,Glenn,21,27897,397,325,0,325,1
2020-08-04,Humboldt,23,135768,284,241,0,241,4
2020-08-04,Imperial,25,180216,10564,7974,6,7980,163
2020-08-04,Inyo,27,18085,88,59,0,59,1
2020-08-04,Kern,29,883053,26058,21403,147,21550,190
2020-08-04,Kings,31,150075,5032,4163,25,4188,47
2020-08-04,Lake,33,64148,251,206,0,206,1
2020-08-04,Lassen,35,31185,642,556,1,557,0
2020-08-04,Los Angeles,37,10098052,210534,196014,680,196694,4764
2020-08-04,Madera,39,155013,3058,2161,4,2165,19
2020-08-04,Marin,41,260295,5558,5020,9,5029,43
2020-08-04,Mariposa,43,17540,64,51,0,51,2
2020-08-04,Mendocino,45,87422,376,248,0,248,1
2020-08-04,Merced,47,269075,6359,4085,1,4086,30
2020-08-04,Modoc,49,8938,7,3,0,3,0
2020-08-04,Mono,51,14174,158,104,0,104,1
2020-08-04,Monterey,53,433212,6047,4892,14,4906,32
2020-08-04,Napa,55,140530,1226,994,0,994,8
2020-08-04,Nevada,57,99092,358,322,12,334,2
2020-08-04,Orange,59,3164182,44957,37844,872,38716,659
2020-08-04,Placer,61,380077,2476,1964,3,1967,17
2020-08-04,Plumas,63,18699,36,25,0,25,0
2020-08-04,Riverside,65,2383286,46808,38991,20,39011,743
2020-08-04,Sacramento,67,1510023,13787,10205,9,10214,146
2020-08-04,San Benito,69,59416,765,608,0,608,2
2020-08-04,San Bernardino,71,2135413,42005,34215,29,34244,495
2020-08-04,San Diego,73,3302833,33709,30518,0,30518,568
2020-08-04,San Francisco,75,870044,7776,6568,7,6575,60
2020-08-04,San Joaquin,77,732212,15515,12087,15,12102,189
2020-08-04,San Luis Obispo,79,281455,2285,1886,8,1894,13
2020-08-04,San Mateo,81,765935,6905,5690,4,5694,116
2020-08-04,Santa Barbara,83,443738,7450,6591,53,6644,61
2020-08-04,Santa Clara,85,1922200,13650,10986,18,11004,175
2020-08-04,Santa Cruz,87,273765,1413,1202,9,1211,4
2020-08-04,Shasta,89,179085,516,335,3,338,9
2020-08-04,Sierra,91,2930,5,1,0,1,0
2020-08-04,Siskiyou,93,43540,102,71,0,71,0
2020-08-04,Solano,95,438530,4525,3690,27,3717,29
2020-08-04,Sonoma,97,501317,4084,3108,7,3115,33
2020-08-04,Stanislaus,99,539301,12425,9359,77,9436,97
2020-08-04,Sutter,101,95872,961,761,1,762,6
2020-08-04,Tehama,103,63373,301,226,1,227,1
2020-08-04,Trinity,105,12862,9,5,4,9,0
2020-08-04,Tulare,107,460477,11811,9866,25,9891,192
2020-08-04,Tuolumne,109,53932,158,127,1,128,0
2020-08-04,Ventura,111,848112,9144,8134,24,8158,75
2020-08-04,Yolo,113,214977,1968,1626,4,1630,37
2020-08-04,Yuba,115,75493,573,398,0,398,1
2020-08-03,Alameda,1,1643700,14366,11817,110,11927,189
2020-08-03,Alpine,3,1148,3,2,0,2,0
2020-08-03,Amador,5,37829,199,119,0,119,0
2020-08-03,Butte,7,227075,1230,989,8,997,9
2020-08-03,Calaveras,9,45235,154,117,0,117,1
2020-08-03,Colusa,11,21464,392,336,0,336,2
2020-08-03,Contra Costa,13,1133247,11014,8069,28,8097,120
2020-08-03,Del Norte,15,27424,90,68,0,68,0
2020-08-03,El Dorado,17,186661,820,645,0,645,1
2020-08-03,Fresno,19,978130,22362,15945,179,16124,151
2020-08-03,Glenn,21,27897,390,316,0,316,1
2020-08-03,Humboldt,23,135768,277,234,0,234,4
2020-08-03,Imperial,25,180216,10510,7953,6,7959,161
2020-08-03,Inyo,27,18085,85,57,0,57,1
2020-08-03,Kern,29,883053,25690,21285,140,21425,176
2020-08-03,Kings,31,150075,4920,4107,25,4132,47
2020-08-03,Lake,33,64148,244,201,0,201,1
2020-08-03,Lassen,35,31185,642,555,1,556,0
2020-08-03,Los Angeles,37,10098052,208486,194103,649,194752,4706
2020-08-03,Madera,39,155013,3009,2143,3,2146,18
2020-08-03,Marin,41,260295,5511,5001,9,5010,43
2020-08-03,Mariposa,43,17540,63,52,0,52,2
2020-08-03,Mendocino,45,87422,353,248,0,248,1
2020-08-03,Merced,47,269075,6237,4028,1,4029,29
2020-08-03,Modoc,49,8938,7,2,0,2,0
2020-08-03,Mono,51,14174,158,104,0,104,1
2020-08-03,Monterey,53,433212,5896,4806,11,4817,28
2020-08-03,Napa,55,140530,1211,973,0,973,8
2020-08-03,Nevada,57,99092,353,315,12,327,2
2020-08-03,Orange,59,3164182,44563,37705,863,38568,651
2020-08-03,Placer,61,380077,2421,1947,2,1949,16
2020-08-03,Plumas,63,18699,36,25,0,25,0
2020-08-03,Riverside,65,2383286,46340,38642,20,38662,740
2020-08-03,Sacramento,67,1510023,13590,10143,9,10152,142
2020-08-03,San Benito,69,59416,753,603,0,603,2
2020-08-03,San Bernardino,71,2135413,41477,33979,28,34007,444
2020-08-03,San Diego,73,3302833,33397,30228,0,30228,565
2020-08-03,San Francisco,75,870044,7682,6319,7,6326,60
2020-08-03,San Joaquin,77,732212,15316,12007,14,12021,189
2020-08-03,San Luis Obispo,79,281455,2243,1863,5,1868,14
2020-08-03,San Mateo,81,765935,6824,5661,4,5665,115
2020-08-03,Santa Barbara,83,443738,7406,6580,53,6633,59
2020-08-03,Santa Clara,85,1922200,13374,10747,18,10765,172
2020-08-03,Santa Cruz,87,273765,1393,1154,9,1163,4
2020-08-03,Shasta,89,179085,509,322,3,325,9
2020-08-03,Sierra,91,2930,5,1,0,1,0
2020-08-03,Siskiyou,93,43540,98,67,0,67,0
2020-08-03,Solano,95,438530,4456,3610,26,3636,29
2020-08-03,Sonoma,97,501317,3985,3079,6,3085,33
2020-08-03,Stanislaus,99,539301,12220,9308,69,9377,96
2020-08-03,Sutter,101,95872,937,713,1,714,6
2020-08-03,Tehama,103,63373,293,225,1,226,1
2020-08-03,Trinity,105,12862,9,5,4,9,0
2020-08-03,Tulare,107,460477,11627,9703,25,9728,188
2020-08-03,Tuolumne,109,53932,158,123,1,124,0
2020-08-03,Ventura,111,848112,9058,8084,22,8106,74
2020-08-03,Yolo,113,214977,1933,1598,3,1601,37
2020-08-03,Yuba,115,75493,549,393,0,393,1
2020-08-02,Alameda,1,1643700,14123,11696,96,11792,188
2020-08-02,Alpine,3,1148,3,2,0,2,0
2020-08-02,Amador,5,37829,194,117,0,117,0
2020-08-02,Butte,7,227075,1195,987,8,995,9
2020-08-02,Calaveras,9,45235,151,116,0,116,1
2020-08-02,Colusa,11,21464,387,335,0,335,2
2020-08-02,Contra Costa,13,1133247,10776,7995,28,8023,118
2020-08-02,Del Norte,15,27424,89,68,0,68,0
2020-08-02,El Dorado,17,186661,810,643,0,643,1
2020-08-02,Fresno,19,978130,22087,15759,172,15931,151
2020-08-02,Glenn,21,27897,389,315,0,315,1
2020-08-02,Humboldt,23,135768,272,232,0,232,4
2020-08-02,Imperial,25,180216,10447,7919,6,7925,157
2020-08-02,Inyo,27,18085,84,45,0,45,1
2020-08-02,Kern,29,883053,25392,21162,138,21300,176
2020-08-02,Kings,31,150075,4858,3964,24,3988,47
2020-08-02,Lake,33,64148,239,201,0,201,1
2020-08-02,Lassen,35,31185,642,555,1,556,0
2020-08-02,Los Angeles,37,10098052,206386,192480,631,193111,4698
2020-08-02,Madera,39,155013,2943,2123,1,2124,18
2020-08-02,Marin,41,260295,5477,4985,9,4994,43
2020-08-02,Mariposa,43,17540,61,52,0,52,2
2020-08-02,Mendocino,45,87422,343,247,0,247,1
2020-08-02,Merced,47,269075,6096,4011,1,4012,29
2020-08-02,Modoc,49,8938,7,2,0,2,0
2020-08-02,Mono,51,14174,151,104,0,104,1
2020-08-02,Monterey,53,433212,5771,4698,11,4709,28
2020-08-02,Napa,55,140530,1196,956,0,956,8
2020-08-02,Nevada,57,99092,350,314,12,326,2
2020-08-02,Orange,59,3164182,44182,37266,852,38118,651
2020-08-02,Placer,61,380077,2381,1920,2,1922,15
2020-08-02,Plumas,63,18699,36,25,0,25,0
2020-08-02,Riverside,65,2383286,45907,38507,20,38527,735
2020-08-02,Sacramento,67,1510023,13305,10099,9,10108,142
2020-08-02,San Benito,69,59416,739,599,0,599,2
2020-08-02,San Bernardino,71,2135413,40878,33643,28,33671,443
2020-08-02,San Diego,73,3302833,33058,29885,0,29885,565
2020-08-02,San Francisco,75,870044,7564,6297,7,6304,60
2020-08-02,San Joaquin,77,732212,15030,11937,12,11949,189
2020-08-02,San Luis Obispo,79,281455,2181,1821,5,1826,14
2020-08-02,San Mateo,81,765935,6709,5618,4,5622,115
2020-08-02,Santa Barbara,83,443738,7315,6532,53,6585,59
2020-08-02,Santa Clara,85,1922200,13156,10577,18,10595,172
2020-08-02,Santa Cruz,87,273765,1373,1162,9,1171,4
2020-08-02,Shasta,89,179085,505,318,3,321,9
2020-08-02,Sierra,91,2930,4,1,0,1,0
2020-08-02,Siskiyou,93,43540,98,65,0,65,0
2020-08-02,Solano,95,438530,4397,3609,26,3635,29
2020-08-02,Sonoma,97,501317,3901,3005,6,3011,33
2020-08-02,Stanislaus,99,539301,12005,9277,63,9340,96
2020-08-02,Sutter,101,95872,902,714,1,715,6
2020-08-02,Tehama,103,63373,287,222,1,223,1
2020-08-02,Trinity,105,12862,9,5,4,9,0
2020-08-02,Tulare,107,460477,11418,9593,25,9618,188
2020-08-02,Tuolumne,109,53932,155,123,1,124,0
2020-08-02,Ventura,111,848112,8916,8014,22,8036,73
2020-08-02,Yolo,113,214977,1909,1588,3,1591,37
2020-08-02,Yuba,115,75493,529,393,0,393,1
2020-08-01,Alameda,1,1643700,14012,11590,96,11686,188
2020-08-01,Alpine,3,1148,3,2,0,2,0
2020-08-01,Amador,5,37829,190,109,0,109,0
2020-08-01,Butte,7,227075,1181,976,8,984,9
2020-08-01,Calaveras,9,45235,147,116,0,116,1
2020-08-01,Colusa,11,21464,386,327,0,327,2
2020-08-01,Contra Costa,13,1133247,10643,7867,27,7894,116
2020-08-01,Del Norte,15,27424,89,68,0,68,0
2020-08-01,El Dorado,17,186661,807,637,0,637,1
2020-08-01,Fresno,19,978130,21950,15448,172,15620,149
2020-08-01,Glenn,21,27897,388,311,0,311,1
2020-08-01,Humboldt,23,135768,271,232,0,232,4
2020-08-01,Imperial,25,180216,10411,7919,6,7925,156
2020-08-01,Inyo,27,18085,82,45,0,45,1
2020-08-01,Kern,29,883053,25232,20796,134,20930,176
2020-08-01,Kings,31,150075,4832,3948,24,3972,47
2020-08-01,Lake,33,64148,237,194,0,194,1
2020-08-01,Lassen,35,31185,641,555,1,556,0
2020-08-01,Los Angeles,37,10098052,205497,191023,603,191626,4674
2020-08-01,Madera,39,155013,2905,2103,1,2104,18
2020-08-01,Marin,41,260295,5463,4945,8,4953,43
2020-08-01,Mariposa,43,17540,61,50,0,50,2
2020-08-01,Mendocino,45,87422,336,243,0,243,1
2020-08-01,Merced,47,269075,6048,3972,1,3973,29
2020-08-01,Modoc,49,8938,7,2,0,2,0
2020-08-01,Mono,51,14174,150,104,0,104,1
2020-08-01,Monterey,53,433212,5704,4611,10,4621,28
2020-08-01,Napa,55,140530,1187,923,0,923,8
2020-08-01,Nevada,57,99092,346,305,12,317,2
2020-08-01,Orange,59,3164182,43955,36703,846,37549,648
2020-08-01,Placer,61,380077,2348,1891,2,1893,14
2020-08-01,Plumas,63,18699,35,25,0,25,0
2020-08-01,Riverside,65,2383286,45696,38216,19,38235,704
2020-08-01,Sacramento,67,1510023,13148,10044,9,10053,141
2020-08-01,San Benito,69,59416,727,579,0,579,2
2020-08-01,San Bernardino,71,2135413,40643,32947,28,32975,440
2020-08-01,San Diego,73,3302833,32841,29579,0,29579,565
2020-08-01,San Francisco,75,870044,7502,6296,7,6303,60
2020-08-01,San Joaquin,77,732212,14958,11807,11,11818,189
2020-08-01,San Luis Obispo,79,281455,2155,1798,5,1803,13
2020-08-01,San Mateo,81,765935,6654,5520,4,5524,115
2020-08-01,Santa Barbara,83,443738,7275,6465,53,6518,59
2020-08-01,Santa Clara,85,1922200,13005,10281,18,10299,171
2020-08-01,Santa Cruz,87,273765,1357,1164,9,1173,4
2020-08-01,Shasta,89,179085,500,312,3,315,9
2020-08-01,Sierra,91,2930,3,1,0,1,0
2020-08-01,Siskiyou,93,43540,98,64,0,64,0
2020-08-01,Solano,95,438530,4363,3591,25,3616,29
2020-08-01,Sonoma,97,501317,3855,2890,6,2896,29
2020-08-01,Stanislaus,99,539301,11888,9221,55,9276,96
2020-08-01,Sutter,101,95872,898,714,1,715,6
2020-08-01,Tehama,103,63373,284,220,1,221,1
2020-08-01,Trinity,105,12862,9,5,4,9,0
2020-08-01,Tulare,107,460477,11350,9520,25,9545,188
2020-08-01,Tuolumne,109,53932,155,123,1,124,0
2020-08-01,Ventura,111,848112,8870,7819,22,7841,73
2020-08-01,Yolo,113,214977,1899,1557,3,1560,37
2020-08-01,Yuba,115,75493,524,387,0,387,1
2020-07-31,Alameda,1,1643700,13880,11441,96,11537,187
2020-07-31,Alpine,3,1148,3,2,0,2,0
2020-07-31,Amador,5,37829,189,98,0,98,0
2020-07-31,Butte,7,227075,1158,925,8,933,7
2020-07-31,Calaveras,9,45235,147,112,0,112,1
2020-07-31,Colusa,11,21464,376,319,0,319,2
2020-07-31,Contra Costa,13,1133247,10495,7697,26,7723,113
2020-07-31,Del Norte,15,27424,88,68,0,68,0
2020-07-31,El Dorado,17,186661,796,616,0,616,1
2020-07-31,Fresno,19,978130,21731,15083,172,15255,133
2020-07-31,Glenn,21,27897,381,304,0,304,1
2020-07-31,Humboldt,23,135768,264,229,0,229,4
2020-07-31,Imperial,25,180216,10379,7886,6,7892,155
2020-07-31,Inyo,27,18085,72,45,0,45,1
2020-07-31,Kern,29,883053,24990,20061,129,20190,173
2020-07-31,Kings,31,150075,4804,3807,24,3831,45
2020-07-31,Lake,33,64148,236,191,0,191,1
2020-07-31,Lassen,35,31185,636,544,1,545,0
2020-07-31,Los Angeles,37,10098052,203890,188688,591,189279,4628
2020-07-31,Madera,39,155013,2858,2036,1,2037,19
2020-07-31,Marin,41,260295,5419,4885,5,4890,43
2020-07-31,Mariposa,43,17540,61,49,0,49,2
2020-07-31,Mendocino,45,87422,321,232,0,232,1
2020-07-31,Merced,47,269075,5965,3789,1,3790,30
2020-07-31,Modoc,49,8938,6,0,0,0,0
2020-07-31,Mono,51,14174,149,104,0,104,1
2020-07-31,Monterey,53,433212,5612,4493,10,4503,24
2020-07-31,Napa,55,140530,1175,897,0,897,7
2020-07-31,Nevada,57,99092,344,302,12,314,2
2020-07-31,Orange,59,3164182,43655,36196,830,37026,620
2020-07-31,Placer,61,380077,2324,1853,2,1855,14
2020-07-31,Plumas,63,18699,34,25,0,25,0
2020-07-31,Riverside,65,2383286,45306,37612,19,37631,694
2020-07-31,Sacramento,67,1510023,12967,9872,9,9881,132
2020-07-31,San Benito,69,59416,719,567,0,567,2
2020-07-31,San Bernardino,71,2135413,40314,32332,27,32359,434
2020-07-31,San Diego,73,3302833,32607,29050,0,29050,561
2020-07-31,San Francisco,75,870044,7403,6126,7,6133,60
2020-07-31,San Joaquin,77,732212,14822,11561,11,11572,177
2020-07-31,San Luis Obispo,79,281455,2085,1746,5,1751,12
2020-07-31,San Mateo,81,765935,6582,5416,4,5420,115
2020-07-31,Santa Barbara,83,443738,7208,6375,53,6428,58
2020-07-31,Santa Clara,85,1922200,12784,9863,18,9881,171
2020-07-31,Santa Cruz,87,273765,1334,1118,9,1127,4
2020-07-31,Shasta,89,179085,490,305,3,308,9
2020-07-31,Sierra,91,2930,3,1,0,1,0
2020-07-31,Siskiyou,93,43540,96,61,0,61,0
2020-07-31,Solano,95,438530,4316,3510,24,3534,29
2020-07-31,Sonoma,97,501317,3797,2745,6,2751,27
2020-07-31,Stanislaus,99,539301,11781,9061,50,9111,94
2020-07-31,Sutter,101,95872,893,714,1,715,6
2020-07-31,Tehama,103,63373,281,213,1,214,1
2020-07-31,Trinity,105,12862,9,5,4,9,0
2020-07-31,Tulare,107,460477,11229,9365,25,9390,184
2020-07-31,Tuolumne,109,53932,155,120,1,121,0
2020-07-31,Ventura,111,848112,8795,7521,22,7543,71
2020-07-31,Yolo,113,214977,1873,1522,3,1525,38
2020-07-31,Yuba,115,75493,515,369,0,369,1
2020-07-30,Alameda,1,1643700,13683,11303,52,11355,185
2020-07-30,Alpine,3,1148,3,2,0,2,0
2020-07-30,Amador,5,37829,171,97,0,97,0
2020-07-30,Butte,7,227075,1142,915,8,923,7
2020-07-30,Calaveras,9,45235,143,111,0,111,1
2020-07-30,Colusa,11,21464,373,315,0,315,2
2020-07-30,Contra Costa,13,1133247,10310,7615,25,7640,112
2020-07-30,Del Norte,15,27424,88,68,0,68,0
2020-07-30,El Dorado,17,186661,789,608,0,608,1
2020-07-30,Fresno,19,978130,21395,14793,166,14959,133
2020-07-30,Glenn,21,27897,374,297,0,297,1
2020-07-30,Humboldt,23,135768,262,228,0,228,4
2020-07-30,Imperial,25,180216,10320,7849,6,7855,151
2020-07-30,Inyo,27,18085,68,44,0,44,1
2020-07-30,Kern,29,883053,24697,19552,125,19677,171
2020-07-30,Kings,31,150075,4700,3785,24,3809,43
2020-07-30,Lake,33,64148,230,181,0,181,1
2020-07-30,Lassen,35,31185,633,544,1,545,0
2020-07-30,Los Angeles,37,10098052,201854,186177,558,186735,4564
2020-07-30,Madera,39,155013,2788,2007,1,2008,18
2020-07-30,Marin,41,260295,5377,4835,4,4839,39
2020-07-30,Mariposa,43,17540,61,49,0,49,1
2020-07-30,Mendocino,45,87422,314,232,0,232,1
2020-07-30,Merced,47,269075,5801,3695,1,3696,30
2020-07-30,Modoc,49,8938,6,0,0,0,0
2020-07-30,Mono,51,14174,148,104,0,104,1
2020-07-30,Monterey,53,433212,5500,4352,10,4362,24
2020-07-30,Napa,55,140530,1158,874,0,874,7
2020-07-30,Nevada,57,99092,339,292,12,304,2
2020-07-30,Orange,59,3164182,43241,36105,805,36910,607
2020-07-30,Placer,61,380077,2270,1821,2,1823,14
2020-07-30,Plumas,63,18699,33,25,0,25,0
2020-07-30,Riverside,65,2383286,44765,37308,19,37327,685
2020-07-30,Sacramento,67,1510023,12746,9704,9,9713,126
2020-07-30,San Benito,69,59416,706,558,0,558,2
2020-07-30,San Bernardino,71,2135413,39790,32010,27,32037,427
2020-07-30,San Diego,73,3302833,32260,28670,0,28670,558
2020-07-30,San Francisco,75,870044,7303,6107,7,6114,59
2020-07-30,San Joaquin,77,732212,14627,11435,11,11446,161
2020-07-30,San Luis Obispo,79,281455,2051,1703,5,1708,12
2020-07-30,San Mateo,81,765935,6487,5369,4,5373,115
2020-07-30,Santa Barbara,83,443738,7128,6273,53,6326,52
2020-07-30,Santa Clara,85,1922200,12546,9708,17,9725,170
2020-07-30,Santa Cruz,87,273765,1307,1087,9,1096,4
2020-07-30,Shasta,89,179085,486,306,3,309,8
2020-07-30,Sierra,91,2930,3,1,0,1,0
2020-07-30,Siskiyou,93,43540,95,60,0,60,0
2020-07-30,Solano,95,438530,4265,3463,24,3487,29
2020-07-30,Sonoma,97,501317,3725,2684,6,2690,25
2020-07-30,Stanislaus,99,539301,11568,8890,42,8932,94
2020-07-30,Sutter,101,95872,874,698,1,699,6
2020-07-30,Tehama,103,63373,278,208,1,209,1
2020-07-30,Trinity,105,12862,9,4,4,8,0
2020-07-30,Tulare,107,460477,11101,9167,25,9192,177
2020-07-30,Tuolumne,109,53932,154,119,1,120,0
2020-07-30,Ventura,111,848112,8683,7304,20,7324,69
2020-07-30,Yolo,113,214977,1852,1511,3,1514,37
2020-07-30,Yuba,115,75493,502,362,0,362,1
2020-07-29,Alameda,1,1643700,13463,11177,47,11224,180
2020-07-29,Alpine,3,1148,3,2,0,2,0
2020-07-29,Amador,5,37829,163,80,0,80,0
2020-07-29,Butte,7,227075,1116,889,6,895,7
2020-07-29,Calaveras,9,45235,137,107,0,107,1
2020-07-29,Colusa,11,21464,369,302,0,302,2
2020-07-29,Contra Costa,13,1133247,10107,7520,25,7545,108
2020-07-29,Del Norte,15,27424,88,68,0,68,0
2020-07-29,El Dorado,17,186661,779,588,0,588,1
2020-07-29,Fresno,19,978130,21104,14312,166,14478,125
2020-07-29,Glenn,21,27897,367,294,0,294,1
2020-07-29,Humboldt,23,135768,259,221,0,221,4
2020-07-29,Imperial,25,180216,10272,7825,6,7831,147
2020-07-29,Inyo,27,18085,63,44,0,44,1
2020-07-29,Kern,29,883053,24359,19073,122,19195,162
2020-07-29,Kings,31,150075,4652,3755,24,3779,43
2020-07-29,Lake,33,64148,228,179,0,179,1
2020-07-29,Lassen,35,31185,618,513,1,514,0
2020-07-29,Los Angeles,37,10098052,199823,183600,541,184141,4523
2020-07-29,Madera,39,155013,2734,1941,1,1942,18
2020-07-29,Marin,41,260295,5339,4747,4,4751,34
2020-07-29,Mariposa,43,17540,60,47,0,47,1
2020-07-29,Mendocino,45,87422,306,228,0,228,0
2020-07-29,Merced,47,269075,5661,3605,1,3606,25
2020-07-29,Modoc,49,8938,5,0,0,0,0
2020-07-29,Mono,51,14174,145,102,0,102,1
2020-07-29,Monterey,53,433212,5401,4252,10,4262,24
2020-07-29,Napa,55,140530,1130,866,0,866,7
2020-07-29,Nevada,57,99092,335,288,12,300,1
2020-07-29,Orange,59,3164182,42808,35339,793,36132,589
2020-07-29,Placer,61,380077,2238,1798,2,1800,14
2020-07-29,Plumas,63,18699,33,25,0,25,0
2020-07-29,Riverside,65,2383286,44174,36968,19,36987,678
2020-07-29,Sacramento,67,1510023,12503,9538,9,9547,122
2020-07-29,San Benito,69,59416,691,537,0,537,2
2020-07-29,San Bernardino,71,2135413,39301,31168,26,31194,417
2020-07-29,San Diego,73,3302833,31935,28289,0,28289,552
2020-07-29,San Francisco,75,870044,7209,6041,7,6048,56
2020-07-29,San Joaquin,77,732212,14379,11249,8,11257,154
2020-07-29,San Luis Obispo,79,281455,2031,1673,5,1678,11
2020-07-29,San Mateo,81,765935,6399,5305,4,5309,114
2020-07-29,Santa Barbara,83,443738,7058,6215,53,6268,31
2020-07-29,Santa Clara,85,1922200,12338,9567,17,9584,165
2020-07-29,Santa Cruz,87,273765,1283,1051,9,1060,4
2020-07-29,Shasta,89,179085,474,297,3,300,8
2020-07-29,Sierra,91,2930,2,1,0,1,0
2020-07-29,Siskiyou,93,43540,93,58,0,58,0
2020-07-29,Solano,95,438530,4211,3380,24,3404,29
2020-07-29,Sonoma,97,501317,3648,2598,6,2604,26
2020-07-29,Stanislaus,99,539301,11348,8745,36,8781,94
2020-07-29,Sutter,101,95872,846,678,1,679,6
2020-07-29,Tehama,103,63373,274,206,1,207,1
2020-07-29,Trinity,105,12862,9,4,4,8,0
2020-07-29,Tulare,107,460477,10930,9028,25,9053,156
2020-07-29,Tuolumne,109,53932,154,118,1,119,0
2020-07-29,Ventura,111,848112,8578,7161,20,7181,68
2020-07-29,Yolo,113,214977,1826,1488,3,1491,36
2020-07-29,Yuba,115,75493,486,350,0,350,1
2020-07-28,Alameda,1,1643700,13239,10875,46,10921,180
2020-07-28,Alpine,3,1148,3,2,0,2,0
2020-07-28,Amador,5,37829,153,77,0,77,0
2020-07-28,Butte,7,227075,1081,857,6,863,7
2020-07-28,Calaveras,9,45235,136,105,0,105,1
2020-07-28,Colusa,11,21464,363,290,0,290,2
2020-07-28,Contra Costa,13,1133247,9885,7426,25,7451,107
2020-07-28,Del Norte,15,27424,87,68,0,68,0
2020-07-28,El Dorado,17,186661,764,558,0,558,1
2020-07-28,Fresno,19,978130,20770,13933,160,14093,125
2020-07-28,Glenn,21,27897,365,289,0,289,1
2020-07-28,Humboldt,23,135768,258,218,0,218,4
2020-07-28,Imperial,25,180216,10236,7804,6,7810,145
2020-07-28,Inyo,27,18085,61,43,0,43,1
2020-07-28,Kern,29,883053,23996,18834,116,18950,155
2020-07-28,Kings,31,150075,4606,3721,24,3745,41
2020-07-28,Lake,33,64148,224,179,0,179,1
2020-07-28,Lassen,35,31185,612,508,1,509,0
2020-07-28,Los Angeles,37,10098052,197589,179107,519,179626,4435
2020-07-28,Madera,39,155013,2668,1889,1,1890,18
2020-07-28,Marin,41,260295,5270,4698,4,4702,23
2020-07-28,Mariposa,43,17540,58,45,0,45,1
2020-07-28,Mendocino,45,87422,295,222,0,222,0
2020-07-28,Merced,47,269075,5516,3446,1,3447,23
2020-07-28,Modoc,49,8938,4,0,0,0,0
2020-07-28,Mono,51,14174,144,102,0,102,1
2020-07-28,Monterey,53,433212,5280,4047,10,4057,22
2020-07-28,Napa,55,140530,1108,824,0,824,6
2020-07-28,Nevada,57,99092,330,278,12,290,1
2020-07-28,Orange,59,3164182,42350,34832,779,35611,582
2020-07-28,Placer,61,380077,2205,1759,2,1761,14
2020-07-28,Plumas,63,18699,33,22,0,22,0
2020-07-28,Riverside,65,2383286,43575,36458,19,36477,668
2020-07-28,Sacramento,67,1510023,12252,9429,9,9438,117
2020-07-28,San Benito,69,59416,681,503,0,503,2
2020-07-28,San Bernardino,71,2135413,38780,30493,26,30519,412
2020-07-28,San Diego,73,3302833,31585,28007,0,28007,547
2020-07-28,San Francisco,75,870044,7096,5888,7,5895,56
2020-07-28,San Joaquin,77,732212,14096,10958,6,10964,141
2020-07-28,San Luis Obispo,79,281455,2000,1636,5,1641,9
2020-07-28,San Mateo,81,765935,6325,5171,4,5175,114
2020-07-28,Santa Barbara,83,443738,6995,6110,51,6161,31
2020-07-28,Santa Clara,85,1922200,12104,9307,17,9324,165
2020-07-28,Santa Cruz,87,273765,1256,1018,9,1027,4
2020-07-28,Shasta,89,179085,462,275,3,278,8
2020-07-28,Sierra,91,2930,2,1,0,1,0
2020-07-28,Siskiyou,93,43540,89,57,0,57,0
2020-07-28,Solano,95,438530,4164,3292,23,3315,29
2020-07-28,Sonoma,97,501317,3575,2553,6,2559,20
2020-07-28,Stanislaus,99,539301,11128,8492,27,8519,92
2020-07-28,Sutter,101,95872,809,653,0,653,2
2020-07-28,Tehama,103,63373,269,199,1,200,1
2020-07-28,Trinity,105,12862,9,3,4,7,0
2020-07-28,Tulare,107,460477,10743,8787,25,8812,96
2020-07-28,Tuolumne,109,53932,153,116,1,117,0
2020-07-28,Ventura,111,848112,8452,7045,19,7064,68
2020-07-28,Yolo,113,214977,1798,1459,3,1462,36
2020-07-28,Yuba,115,75493,469,333,0,333,1
2020-07-27,Alameda,1,1643700,13012,10645,43,10688,176
2020-07-27,Alpine,3,1148,3,2,0,2,0
2020-07-27,Amador,5,37829,148,72,0,72,0
2020-07-27,Butte,7,227075,1054,843,6,849,7
2020-07-27,Calaveras,9,45235,132,103,0,103,1
2020-07-27,Colusa,11,21464,356,271,0,271,2
2020-07-27,Contra Costa,13,1133247,9663,7256,25,7281,104
2020-07-27,Del Norte,15,27424,86,67,0,67,0
2020-07-27,El Dorado,17,186661,752,548,0,548,1
2020-07-27,Fresno,19,978130,20424,13485,154,13639,117
2020-07-27,Glenn,21,27897,363,277,0,277,1
2020-07-27,Humboldt,23,135768,253,218,0,218,4
2020-07-27,Imperial,25,180216,10186,7789,6,7795,144
2020-07-27,Inyo,27,18085,61,43,0,43,1
2020-07-27,Kern,29,883053,23494,17994,110,18104,148
2020-07-27,Kings,31,150075,4357,3685,24,3709,39
2020-07-27,Lake,33,64148,220,176,0,176,1
2020-07-27,Lassen,35,31185,612,503,1,504,0
2020-07-27,Los Angeles,37,10098052,195136,176351,498,176849,4379
2020-07-27,Madera,39,155013,2603,1793,1,1794,17
2020-07-27,Marin,41,260295,5183,4669,4,4673,22
2020-07-27,Mariposa,43,17540,58,43,0,43,1
2020-07-27,Mendocino,45,87422,282,209,0,209,0
2020-07-27,Merced,47,269075,5376,3292,1,3293,23
2020-07-27,Modoc,49,8938,3,0,0,0,0
2020-07-27,Mono,51,14174,140,99,0,99,1
2020-07-27,Monterey,53,433212,5090,3960,10,3970,21
2020-07-27,Napa,55,140530,1093,769,0,769,6
2020-07-27,Nevada,57,99092,326,268,12,280,1
2020-07-27,Orange,59,3164182,41910,34649,763,35412,566
2020-07-27,Placer,61,380077,2155,1679,2,1681,12
2020-07-27,Plumas,63,18699,33,22,0,22,0
2020-07-27,Riverside,65,2383286,42897,35822,19,35841,667
2020-07-27,Sacramento,67,1510023,11957,9091,9,9100,114
2020-07-27,San Benito,69,59416,666,498,0,498,2
2020-07-27,San Bernardino,71,2135413,38189,29928,26,29954,401
2020-07-27,San Diego,73,3302833,31211,27509,0,27509,533
2020-07-27,San Francisco,75,870044,7009,5825,7,5832,55
2020-07-27,San Joaquin,77,732212,13805,10728,6,10734,129
2020-07-27,San Luis Obispo,79,281455,1955,1612,5,1617,9
2020-07-27,San Mateo,81,765935,6216,5108,4,5112,113
2020-07-27,Santa Barbara,83,443738,6914,6026,49,6075,30
2020-07-27,Santa Clara,85,1922200,11837,9157,16,9173,166
2020-07-27,Santa Cruz,87,273765,1234,984,9,993,4
2020-07-27,Shasta,89,179085,455,275,3,278,8
2020-07-27,Sierra,91,2930,2,1,0,1,0
2020-07-27,Siskiyou,93,43540,87,54,0,54,0
2020-07-27,Solano,95,438530,4097,3198,22,3220,29
2020-07-27,Sonoma,97,501317,3484,2504,6,2510,20
2020-07-27,Stanislaus,99,539301,10901,8288,19,8307,84
2020-07-27,Sutter,101,95872,783,620,0,620,2
2020-07-27,Tehama,103,63373,261,192,1,193,1
2020-07-27,Trinity,105,12862,9,3,4,7,0
2020-07-27,Tulare,107,460477,10525,8462,25,8487,172
2020-07-27,Tuolumne,109,53932,150,115,1,116,0
2020-07-27,Ventura,111,848112,8324,6998,19,7017,68
2020-07-27,Yolo,113,214977,1753,1439,3,1442,33
2020-07-27,Yuba,115,75493,449,328,0,328,1
2020-07-26,Alameda,1,1643700,12774,10489,43,10532,176
2020-07-26,Alpine,3,1148,3,2,0,2,0
2020-07-26,Amador,5,37829,142,67,0,67,0
2020-07-26,Butte,7,227075,1018,822,6,828,5
2020-07-26,Calaveras,9,45235,129,103,0,103,1
2020-07-26,Colusa,11,21464,347,270,0,270,2
2020-07-26,Contra Costa,13,1133247,9426,7095,25,7120,104
2020-07-26,Del Norte,15,27424,84,67,0,67,0
2020-07-26,El Dorado,17,186661,734,539,0,539,1
2020-07-26,Fresno,19,978130,20034,13209,146,13355,117
2020-07-26,Glenn,21,27897,355,265,0,265,1
2020-07-26,Humboldt,23,135768,247,214,0,214,4
2020-07-26,Imperial,25,180216,10113,7781,6,7787,144
2020-07-26,Inyo,27,18085,56,43,0,43,1
2020-07-26,Kern,29,883053,22970,17394,107,17501,148
2020-07-26,Kings,31,150075,4298,3591,24,3615,39
2020-07-26,Lake,33,64148,212,174,0,174,1
2020-07-26,Lassen,35,31185,571,503,1,504,0
2020-07-26,Los Angeles,37,10098052,192562,174322,478,174800,4364
2020-07-26,Madera,39,155013,2516,1744,1,1745,17
2020-07-26,Marin,41,260295,5137,4595,4,4599,22
2020-07-26,Mariposa,43,17540,56,43,0,43,1
2020-07-26,Mendocino,45,87422,273,206,0,206,0
2020-07-26,Merced,47,269075,5196,3251,1,3252,23
2020-07-26,Modoc,49,8938,3,0,0,0,0
2020-07-26,Mono,51,14174,136,82,0,82,1
2020-07-26,Monterey,53,433212,4924,3901,10,3911,21
2020-07-26,Napa,55,140530,1074,769,0,769,6
2020-07-26,Nevada,57,99092,323,261,12,273,1
2020-07-26,Orange,59,3164182,41385,34352,732,35084,564
2020-07-26,Placer,61,380077,2087,1628,2,1630,12
2020-07-26,Plumas,63,18699,33,22,0,22,0
2020-07-26,Riverside,65,2383286,42338,35636,19,35655,665
2020-07-26,Sacramento,67,1510023,11654,8972,9,8981,114
2020-07-26,San Benito,69,59416,654,495,0,495,2
2020-07-26,San Bernardino,71,2135413,37552,29545,24,29569,400
2020-07-26,San Diego,73,3302833,30816,26986,0,26986,533
2020-07-26,San Francisco,75,870044,6901,5823,6,5829,55
2020-07-26,San Joaquin,77,732212,13513,10637,6,10643,129
2020-07-26,San Luis Obispo,79,281455,1912,1565,5,1570,8
2020-07-26,San Mateo,81,765935,6110,5078,4,5082,113
2020-07-26,Santa Barbara,83,443738,6812,5939,49,5988,30
2020-07-26,Santa Clara,85,1922200,11607,8986,16,9002,166
2020-07-26,Santa Cruz,87,273765,1207,970,9,979,4
2020-07-26,Shasta,89,179085,448,265,3,268,8
2020-07-26,Sierra,91,2930,2,1,0,1,0
2020-07-26,Siskiyou,93,43540,85,54,0,54,0
2020-07-26,Solano,95,438530,4017,3197,20,3217,29
2020-07-26,Sonoma,97,501317,3395,2503,5,2508,20
2020-07-26,Stanislaus,99,539301,10642,8228,17,8245,84
2020-07-26,Sutter,101,95872,769,612,0,612,2
2020-07-26,Tehama,103,63373,254,175,1,176,1
2020-07-26,Trinity,105,12862,9,3,4,7,0
2020-07-26,Tulare,107,460477,10318,8392,25,8417,172
2020-07-26,Tuolumne,109,53932,145,113,1,114,0
2020-07-26,Ventura,111,848112,8118,6844,19,6863,67
2020-07-26,Yolo,113,214977,1722,1408,3,1411,33
2020-07-26,Yuba,115,75493,430,313,0,313,1
2020-07-25,Alameda,1,1643700,12677,10361,41,10402,176
2020-07-25,Alpine,3,1148,3,2,0,2,0
2020-07-25,Amador,5,37829,139,67,0,67,0
2020-07-25,Butte,7,227075,1009,810,6,816,5
2020-07-25,Calaveras,9,45235,125,103,0,103,1
2020-07-25,Colusa,11,21464,340,265,0,265,2
2020-07-25,Contra Costa,13,1133247,9281,6920,25,6945,104
2020-07-25,Del Norte,15,27424,84,67,0,67,0
2020-07-25,El Dorado,17,186661,723,528,0,528,1
2020-07-25,Fresno,19,978130,19848,12866,146,13012,117
2020-07-25,Glenn,21,27897,353,260,0,260,1
2020-07-25,Humboldt,23,135768,244,212,0,212,4
2020-07-25,Imperial,25,180216,10087,7727,6,7733,144
2020-07-25,Inyo,27,18085,55,43,0,43,1
2020-07-25,Kern,29,883053,22752,16910,106,17016,148
2020-07-25,Kings,31,150075,4281,3516,24,3540,39
2020-07-25,Lake,33,64148,210,173,0,173,1
2020-07-25,Lassen,35,31185,571,503,1,504,0
2020-07-25,Los Angeles,37,10098052,191434,172611,470,173081,4357
2020-07-25,Madera,39,155013,2484,1724,1,1725,17
2020-07-25,Marin,41,260295,5121,4562,4,4566,22
2020-07-25,Mariposa,43,17540,55,43,0,43,1
2020-07-25,Mendocino,45,87422,267,190,0,190,0
2020-07-25,Merced,47,269075,5117,3176,1,3177,23
2020-07-25,Modoc,49,8938,3,0,0,0,0
2020-07-25,Mono,51,14174,136,82,0,82,1
2020-07-25,Monterey,53,433212,4847,3805,10,3815,21
2020-07-25,Napa,55,140530,1061,746,0,746,6
2020-07-25,Nevada,57,99092,321,257,12,269,1
2020-07-25,Orange,59,3164182,41165,33978,710,34688,561
2020-07-25,Placer,61,380077,2070,1596,2,1598,12
2020-07-25,Plumas,63,18699,33,22,0,22,0
2020-07-25,Riverside,65,2383286,42069,34921,19,34940,655
2020-07-25,Sacramento,67,1510023,11506,8674,9,8683,113
2020-07-25,San Benito,69,59416,638,492,0,492,2
2020-07-25,San Bernardino,71,2135413,37273,29265,24,29289,394
2020-07-25,San Diego,73,3302833,30555,26703,0,26703,533
2020-07-25,San Francisco,75,870044,6843,5644,6,5650,55
2020-07-25,San Joaquin,77,732212,13387,10347,6,10353,129
2020-07-25,San Luis Obispo,79,281455,1891,1530,4,1534,8
2020-07-25,San Mateo,81,765935,6047,5023,4,5027,113
2020-07-25,Santa Barbara,83,443738,6777,5880,49,5929,30
2020-07-25,Santa Clara,85,1922200,11473,8767,16,8783,166
2020-07-25,Santa Cruz,87,273765,1190,939,9,948,4
2020-07-25,Shasta,89,179085,443,263,1,264,8
2020-07-25,Sierra,91,2930,2,1,0,1,0
2020-07-25,Siskiyou,93,43540,83,54,0,54,0
2020-07-25,Solano,95,438530,3977,3107,18,3125,29
2020-07-25,Sonoma,97,501317,3356,2412,5,2417,20
2020-07-25,Stanislaus,99,539301,10539,7994,14,8008,84
2020-07-25,Sutter,101,95872,750,603,0,603,2
2020-07-25,Tehama,103,63373,253,169,1,170,1
2020-07-25,Trinity,105,12862,9,3,4,7,0
2020-07-25,Tulare,107,460477,10218,8310,25,8335,172
2020-07-25,Tuolumne,109,53932,144,99,1,100,0
2020-07-25,Ventura,111,848112,8045,6662,19,6681,62
2020-07-25,Yolo,113,214977,1707,1357,3,1360,35
2020-07-25,Yuba,115,75493,424,312,0,312,1
2020-07-24,Alameda,1,1643700,12535,10216,38,10254,176
2020-07-24,Alpine,3,1148,3,2,0,2,0
2020-07-24,Amador,5,37829,137,66,0,66,0
2020-07-24,Butte,7,227075,997,751,6,757,5
2020-07-24,Calaveras,9,45235,121,102,0,102,0
2020-07-24,Colusa,11,21464,337,255,0,255,2
2020-07-24,Contra Costa,13,1133247,9135,6814,25,6839,100
2020-07-24,Del Norte,15,27424,84,66,0,66,0
2020-07-24,El Dorado,17,186661,701,516,0,516,1
2020-07-24,Fresno,19,978130,19622,12564,146,12710,115
2020-07-24,Glenn,21,27897,350,251,0,251,1
2020-07-24,Humboldt,23,135768,241,210,0,210,4
2020-07-24,Imperial,25,180216,10065,7686,6,7692,141
2020-07-24,Inyo,27,18085,55,41,0,41,1
2020-07-24,Kern,29,883053,22511,16124,106,16230,143
2020-07-24,Kings,31,150075,4253,3471,24,3495,39
2020-07-24,Lake,33,64148,208,167,0,167,1
2020-07-24,Lassen,35,31185,571,503,1,504,0
2020-07-24,Los Angeles,37,10098052,189415,169078,457,169535,4302
2020-07-24,Madera,39,155013,2451,1679,1,1680,16
2020-07-24,Marin,41,260295,5094,4517,4,4521,22
2020-07-24,Mariposa,43,17540,55,41,0,41,1
2020-07-24,Mendocino,45,87422,260,188,0,188,0
2020-07-24,Merced,47,269075,5032,3100,1,3101,23
2020-07-24,Modoc,49,8938,3,0,0,0,0
2020-07-24,Mono,51,14174,135,82,0,82,1
2020-07-24,Monterey,53,433212,4775,3748,10,3758,21
2020-07-24,Napa,55,140530,1048,741,0,741,6
2020-07-24,Nevada,57,99092,318,255,12,267,1
2020-07-24,Orange,59,3164182,40878,33530,693,34223,557
2020-07-24,Placer,61,380077,2040,1551,2,1553,12
2020-07-24,Plumas,63,18699,33,22,0,22,0
2020-07-24,Riverside,65,2383286,41645,34513,18,34531,631
2020-07-24,Sacramento,67,1510023,11321,8570,9,8579,110
2020-07-24,San Benito,69,59416,631,485,0,485,2
2020-07-24,San Bernardino,71,2135413,36901,28990,24,29014,386
2020-07-24,San Diego,73,3302833,30255,26100,0,26100,524
2020-07-24,San Francisco,75,870044,6749,5611,6,5617,55
2020-07-24,San Joaquin,77,732212,13239,10190,6,10196,118
2020-07-24,San Luis Obispo,79,281455,1867,1476,4,1480,8
2020-07-24,San Mateo,81,765935,5984,4954,4,4958,112
2020-07-24,Santa Barbara,83,443738,6723,5776,47,5823,30
2020-07-24,Santa Clara,85,1922200,11309,8658,16,8674,165
2020-07-24,Santa Cruz,87,273765,1170,930,9,939,4
2020-07-24,Shasta,89,179085,435,262,1,263,8
2020-07-24,Sierra,91,2930,2,1,0,1,0
2020-07-24,Siskiyou,93,43540,83,53,0,53,0
2020-07-24,Solano,95,438530,3941,3062,15,3077,29
2020-07-24,Sonoma,97,501317,3303,2345,5,2350,20
2020-07-24,Stanislaus,99,539301,10369,7861,11,7872,82
2020-07-24,Sutter,101,95872,739,593,0,593,2
2020-07-24,Tehama,103,63373,245,170,1,171,1
2020-07-24,Trinity,105,12862,8,3,4,7,0
2020-07-24,Tulare,107,460477,10124,8167,23,8190,167
2020-07-24,Tuolumne,109,53932,138,99,1,100,0
2020-07-24,Ventura,111,848112,7960,6553,19,6572,60
2020-07-24,Yolo,113,214977,1693,1329,3,1332,35
2020-07-24,Yuba,115,75493,409,307,0,307,1
2020-07-23,Alameda,1,1643700,12296,9924,38,9962,171
2020-07-23,Alpine,3,1148,3,2,0,2,0
2020-07-23,Amador,5,37829,120,61,0,61,0
2020-07-23,Butte,7,227075,982,726,6,732,5
2020-07-23,Calaveras,9,45235,114,102,0,102,0
2020-07-23,Colusa,11,21464,329,242,0,242,2
2020-07-23,Contra Costa,13,1133247,8934,6619,23,6642,98
2020-07-23,Del Norte,15,27424,84,66,0,66,0
2020-07-23,El Dorado,17,186661,690,491,0,491,1
2020-07-23,Fresno,19,978130,19266,12164,143,12307,112
2020-07-23,Glenn,21,27897,345,246,0,246,1
2020-07-23,Humboldt,23,135768,240,208,0,208,4
2020-07-23,Imperial,25,180216,10015,7604,6,7610,138
2020-07-23,Inyo,27,18085,53,38,0,38,1
2020-07-23,Kern,29,883053,22104,14491,102,14593,128
2020-07-23,Kings,31,150075,4145,3371,24,3395,39
2020-07-23,Lake,33,64148,199,160,0,160,1
2020-07-23,Lassen,35,31185,568,503,1,504,0
2020-07-23,Los Angeles,37,10098052,186869,167198,431,167629,4265
2020-07-23,Madera,39,155013,2384,1659,1,1660,13
2020-07-23,Marin,41,260295,5042,4423,4,4427,22
2020-07-23,Mariposa,43,17540,55,40,0,40,1
2020-07-23,Mendocino,45,87422,250,178,0,178,0
2020-07-23,Merced,47,269075,4876,2972,1,2973,22
2020-07-23,Modoc,49,8938,3,0,0,0,0
2020-07-23,Mono,51,14174,131,82,0,82,1
2020-07-23,Monterey,53,433212,4658,3655,10,3665,21
2020-07-23,Napa,55,140530,1024,713,0,713,5
2020-07-23,Nevada,57,99092,315,247,12,259,1
2020-07-23,Orange,59,3164182,40382,32863,662,33525,544
2020-07-23,Placer,61,380077,1997,1519,2,1521,12
2020-07-23,Plumas,63,18699,32,21,0,21,0
2020-07-23,Riverside,65,2383286,41040,33833,18,33851,630
2020-07-23,Sacramento,67,1510023,11091,8222,9,8231,108
2020-07-23,San Benito,69,59416,616,478,0,478,2
2020-07-23,San Bernardino,71,2135413,36381,28121,23,28144,369
2020-07-23,San Diego,73,3302833,29881,25109,0,25109,505
2020-07-23,San Francisco,75,870044,6648,5543,6,5549,55
2020-07-23,San Joaquin,77,732212,13020,9861,6,9867,111
2020-07-23,San Luis Obispo,79,281455,1841,1438,4,1442,7
2020-07-23,San Mateo,81,765935,5879,4895,4,4899,113
2020-07-23,Santa Barbara,83,443738,6649,5628,47,5675,30
2020-07-23,Santa Clara,85,1922200,11092,8458,16,8474,165
2020-07-23,Santa Cruz,87,273765,1134,887,9,896,3
2020-07-23,Shasta,89,179085,424,254,1,255,9
2020-07-23,Sierra,91,2930,2,1,0,1,0
2020-07-23,Siskiyou,93,43540,81,53,0,53,0
2020-07-23,Solano,95,438530,3877,2962,13,2975,29
2020-07-23,Sonoma,97,501317,3227,2289,5,2294,18
2020-07-23,Stanislaus,99,539301,10128,7603,11,7614,71
2020-07-23,Sutter,101,95872,706,570,0,570,2
2020-07-23,Tehama,103,63373,239,158,1,159,1
2020-07-23,Trinity,105,12862,7,3,4,7,0
2020-07-23,Tulare,107,460477,9935,7898,23,7921,168
2020-07-23,Tuolumne,109,53932,138,93,1,94,0
2020-07-23,Ventura,111,848112,7836,6303,19,6322,56
2020-07-23,Yolo,113,214977,1675,1279,3,1282,35
2020-07-23,Yuba,115,75493,389,297,0,297,1
2020-07-22,Alameda,1,1643700,12076,9678,37,9715,169
2020-07-22,Alpine,3,1148,3,2,0,2,0
2020-07-22,Amador,5,37829,118,58,0,58,0
2020-07-22,Butte,7,227075,947,694,5,699,5
2020-07-22,Calaveras,9,45235,114,98,0,98,0
2020-07-22,Colusa,11,21464,322,236,0,236,0
2020-07-22,Contra Costa,13,1133247,8708,6401,23,6424,98
2020-07-22,Del Norte,15,27424,84,66,0,66,0
2020-07-22,El Dorado,17,186661,677,466,0,466,1
2020-07-22,Fresno,19,978130,18906,11756,137,11893,110
2020-07-22,Glenn,21,27897,339,236,0,236,1
2020-07-22,Humboldt,23,135768,238,201,0,201,4
2020-07-22,Imperial,25,180216,9956,7533,6,7539,134
2020-07-22,Inyo,27,18085,49,38,0,38,1
2020-07-22,Kern,29,883053,21672,13513,95,13608,127
2020-07-22,Kings,31,150075,4092,3271,24,3295,38
2020-07-22,Lake,33,64148,196,160,0,160,1
2020-07-22,Lassen,35,31185,565,500,1,501,0
2020-07-22,Los Angeles,37,10098052,184205,165242,407,165649,4218
2020-07-22,Madera,39,155013,2309,1578,1,1579,10
2020-07-22,Marin,41,260295,4986,4373,4,4377,23
2020-07-22,Mariposa,43,17540,55,38,0,38,1
2020-07-22,Mendocino,45,87422,243,166,0,166,0
2020-07-22,Merced,47,269075,4749,2828,1,2829,15
2020-07-22,Modoc,49,8938,3,0,0,0,0
2020-07-22,Mono,51,14174,128,82,0,82,1
2020-07-22,Monterey,53,433212,4557,3533,10,3543,20
2020-07-22,Napa,55,140530,1002,687,0,687,5
2020-07-22,Nevada,57,99092,309,239,11,250,1
2020-07-22,Orange,59,3164182,39883,32047,653,32700,522
2020-07-22,Placer,61,380077,1940,1469,2,1471,12
2020-07-22,Plumas,63,18699,31,20,0,20,0
2020-07-22,Riverside,65,2383286,40406,33093,18,33111,612
2020-07-22,Sacramento,67,1510023,10826,8028,8,8036,106
2020-07-22,San Benito,69,59416,602,465,0,465,2
2020-07-22,San Bernardino,71,2135413,35861,26820,23,26843,348
2020-07-22,San Diego,73,3302833,29493,25109,0,25109,505
2020-07-22,San Francisco,75,870044,6544,5473,5,5478,53
2020-07-22,San Joaquin,77,732212,12744,9628,6,9634,102
2020-07-22,San Luis Obispo,79,281455,1798,1373,4,1377,7
2020-07-22,San Mateo,81,765935,5790,4796,4,4800,112
2020-07-22,Santa Barbara,83,443738,6564,5508,45,5553,29
2020-07-22,Santa Clara,85,1922200,10847,8266,16,8282,166
2020-07-22,Santa Cruz,87,273765,1111,866,9,875,3
2020-07-22,Shasta,89,179085,414,246,1,247,9
2020-07-22,Sierra,91,2930,1,1,0,1,0
2020-07-22,Siskiyou,93,43540,80,52,0,52,0
2020-07-22,Solano,95,438530,3816,2839,12,2851,29
2020-07-22,Sonoma,97,501317,3150,2255,5,2260,17
2020-07-22,Stanislaus,99,539301,9957,7401,11,7412,71
2020-07-22,Sutter,101,95872,682,551,0,551,2
2020-07-22,Tehama,103,63373,231,155,1,156,1
2020-07-22,Trinity,105,12862,7,3,4,7,0
2020-07-22,Tulare,107,460477,9702,7640,23,7663,167
2020-07-22,Tuolumne,109,53932,134,91,1,92,0
2020-07-22,Ventura,111,848112,7709,6223,17,6240,56
2020-07-22,Yolo,113,214977,1632,1233,3,1236,34
2020-07-22,Yuba,115,75493,374,288,0,288,1
2020-07-21,Alameda,1,1643700,11862,9390,37,9427,166
2020-07-21,Alpine,3,1148,3,2,0,2,0
2020-07-21,Amador,5,37829,113,55,0,55,0
2020-07-21,Butte,7,227075,903,659,4,663,5
2020-07-21,Calaveras,9,45235,109,96,0,96,0
2020-07-21,Colusa,11,21464,298,227,0,227,0
2020-07-21,Contra Costa,13,1133247,8466,6210,23,6233,98
2020-07-21,Del Norte,15,27424,84,66,0,66,0
2020-07-21,El Dorado,17,186661,669,440,0,440,1
2020-07-21,Fresno,19,978130,18508,11412,131,11543,107
2020-07-21,Glenn,21,27897,332,229,0,229,1
2020-07-21,Humboldt,23,135768,236,198,0,198,4
2020-07-21,Imperial,25,180216,9907,7458,6,7464,128
2020-07-21,Inyo,27,18085,48,38,0,38,1
2020-07-21,Kern,29,883053,21250,11998,89,12087,119
2020-07-21,Kings,31,150075,4029,3187,24,3211,38
2020-07-21,Lake,33,64148,196,157,0,157,1
2020-07-21,Lassen,35,31185,563,474,1,475,0
2020-07-21,Los Angeles,37,10098052,181198,162205,385,162590,4159
2020-07-21,Madera,39,155013,2244,1508,1,1509,10
2020-07-21,Marin,41,260295,4915,4318,4,4322,21
2020-07-21,Mariposa,43,17540,54,37,0,37,1
2020-07-21,Mendocino,45,87422,232,160,0,160,0
2020-07-21,Merced,47,269075,4570,2725,1,2726,15
2020-07-21,Modoc,49,8938,3,0,0,0,0
2020-07-21,Mono,51,14174,124,79,0,79,1
2020-07-21,Monterey,53,433212,4425,3404,9,3413,20
2020-07-21,Napa,55,140530,975,660,0,660,5
2020-07-21,Nevada,57,99092,307,228,9,237,1
2020-07-21,Orange,59,3164182,39387,31356,619,31975,515
2020-07-21,Placer,61,380077,1900,1413,2,1415,11
2020-07-21,Plumas,63,18699,31,19,0,19,0
2020-07-21,Riverside,65,2383286,39705,32231,18,32249,583
2020-07-21,Sacramento,67,1510023,10554,7789,7,7796,102
2020-07-21,San Benito,69,59416,591,444,0,444,2
2020-07-21,San Bernardino,71,2135413,35215,25323,22,25345,343
2020-07-21,San Diego,73,3302833,29044,24522,0,24522,487
2020-07-21,San Francisco,75,870044,6435,5377,5,5382,53
2020-07-21,San Joaquin,77,732212,12418,9150,6,9156,99
2020-07-21,San Luis Obispo,79,281455,1750,1338,4,1342,7
2020-07-21,San Mateo,81,765935,5698,4733,4,4737,111
2020-07-21,Santa Barbara,83,443738,6482,5422,44,5466,29
2020-07-21,Santa Clara,85,1922200,10584,7989,16,8005,164
2020-07-21,Santa Cruz,87,273765,1078,835,9,844,3
2020-07-21,Shasta,89,179085,406,241,1,242,9
2020-07-21,Sierra,91,2930,1,1,0,1,0
2020-07-21,Siskiyou,93,43540,80,48,0,48,0
2020-07-21,Solano,95,438530,3743,2727,12,2739,27
2020-07-21,Sonoma,97,501317,3093,2200,5,2205,17
2020-07-21,Stanislaus,99,539301,9693,6984,11,6995,69
2020-07-21,Sutter,101,95872,666,533,0,533,2
2020-07-21,Tehama,103,63373,221,150,1,151,1
2020-07-21,Trinity,105,12862,7,2,4,6,0
2020-07-21,Tulare,107,460477,9499,7447,23,7470,167
2020-07-21,Tuolumne,109,53932,132,75,1,76,0
2020-07-21,Ventura,111,848112,7577,6131,17,6148,55
2020-07-21,Yolo,113,214977,1579,1204,3,1207,34
2020-07-21,Yuba,115,75493,368,269,0,269,1
2020-07-20,Alameda,1,1643700,11609,9244,36,9280,162
2020-07-20,Alpine,3,1148,3,2,0,2,0
2020-07-20,Amador,5,37829,110,53,0,53,0
2020-07-20,Butte,7,227075,865,586,4,590,4
2020-07-20,Calaveras,9,45235,106,90,0,90,0
2020-07-20,Colusa,11,21464,287,217,0,217,0
2020-07-20,Contra Costa,13,1133247,8258,5823,23,5846,97
2020-07-20,Del Norte,15,27424,84,61,0,61,0
2020-07-20,El Dorado,17,186661,646,407,0,407,0
2020-07-20,Fresno,19,978130,18066,10891,130,11021,106
2020-07-20,Glenn,21,27897,324,225,0,225,1
2020-07-20,Humboldt,23,135768,229,194,0,194,4
2020-07-20,Imperial,25,180216,9867,7337,6,7343,124
2020-07-20,Inyo,27,18085,46,38,0,38,1
2020-07-20,Kern,29,883053,20740,10908,85,10993,118
2020-07-20,Kings,31,150075,3981,3093,24,3117,37
2020-07-20,Lake,33,64148,193,147,0,147,1
2020-07-20,Lassen,35,31185,561,474,1,475,0
2020-07-20,Los Angeles,37,10098052,178228,159202,357,159559,4108
2020-07-20,Madera,39,155013,2169,1433,1,1434,10
2020-07-20,Marin,41,260295,4835,4255,4,4259,21
2020-07-20,Mariposa,43,17540,53,36,0,36,1
2020-07-20,Mendocino,45,87422,219,153,0,153,0
2020-07-20,Merced,47,269075,4400,2584,1,2585,15
2020-07-20,Modoc,49,8938,3,0,0,0,0
2020-07-20,Mono,51,14174,118,78,0,78,1
2020-07-20,Monterey,53,433212,4319,3205,9,3214,19
2020-07-20,Napa,55,140530,938,632,0,632,5
2020-07-20,Nevada,57,99092,299,218,9,227,1
2020-07-20,Orange,59,3164182,38780,30337,588,30925,507
2020-07-20,Placer,61,380077,1852,1364,2,1366,11
2020-07-20,Plumas,63,18699,30,17,0,17,0
2020-07-20,Riverside,65,2383286,38877,31163,18,31181,581
2020-07-20,Sacramento,67,1510023,10226,7369,7,7376,99
2020-07-20,San Benito,69,59416,573,433,0,433,2
2020-07-20,San Bernardino,71,2135413,34405,24226,21,24247,338
2020-07-20,San Diego,73,3302833,28602,24137,0,24137,478
2020-07-20,San Francisco,75,870044,6314,5090,5,5095,53
2020-07-20,San Joaquin,77,732212,12061,8583,6,8589,97
2020-07-20,San Luis Obispo,79,281455,1710,1282,4,1286,6
2020-07-20,San Mateo,81,765935,5597,4609,4,4613,111
2020-07-20,Santa Barbara,83,443738,6363,5266,42,5308,29
2020-07-20,Santa Clara,85,1922200,10356,7711,15,7726,164
2020-07-20,Santa Cruz,87,273765,1046,758,9,767,3
2020-07-20,Shasta,89,179085,391,233,1,234,9
2020-07-20,Sierra,91,2930,1,1,0,1,0
2020-07-20,Siskiyou,93,43540,76,42,0,42,0
2020-07-20,Solano,95,438530,3660,2537,12,2549,26
2020-07-20,Sonoma,97,501317,2986,2148,5,2153,17
2020-07-20,Stanislaus,99,539301,9415,6835,11,6846,58
2020-07-20,Sutter,101,95872,633,507,0,507,2
2020-07-20,Tehama,103,63373,211,146,1,147,1
2020-07-20,Trinity,105,12862,7,2,4,6,0
2020-07-20,Tulare,107,460477,9265,6974,23,6997,166
2020-07-20,Tuolumne,109,53932,131,75,1,76,0
2020-07-20,Ventura,111,848112,7444,5912,17,5929,52
2020-07-20,Yolo,113,214977,1539,1155,3,1158,30
2020-07-20,Yuba,115,75493,348,258,0,258,1
2020-07-19,Alameda,1,1643700,11372,9227,30,9257,162
2020-07-19,Alpine,3,1148,3,2,0,2,0
2020-07-19,Amador,5,37829,103,51,0,51,0
2020-07-19,Butte,7,227075,840,555,4,559,4
2020-07-19,Calaveras,9,45235,104,89,0,89,0
2020-07-19,Colusa,11,21464,279,187,0,187,0
2020-07-19,Contra Costa,13,1133247,7967,5691,21,5712,95
2020-07-19,Del Norte,15,27424,83,61,0,61,0
2020-07-19,El Dorado,17,186661,628,385,0,385,0
2020-07-19,Fresno,19,978130,17544,10639,118,10757,106
2020-07-19,Glenn,21,27897,310,215,0,215,0
2020-07-19,Humboldt,23,135768,221,195,0,195,4
2020-07-19,Imperial,25,180216,9776,7280,6,7286,124
2020-07-19,Inyo,27,18085,42,38,0,38,1
2020-07-19,Kern,29,883053,20123,10094,78,10172,115
2020-07-19,Kings,31,150075,3897,3035,24,3059,37
2020-07-19,Lake,33,64148,188,144,0,144,1
2020-07-19,Lassen,35,31185,542,474,1,475,0
2020-07-19,Los Angeles,37,10098052,174786,156039,334,156373,4100
2020-07-19,Madera,39,155013,2092,1301,1,1302,10
2020-07-19,Marin,41,260295,4780,4172,4,4176,21
2020-07-19,Mariposa,43,17540,49,35,0,35,1
2020-07-19,Mendocino,45,87422,214,137,0,137,0
2020-07-19,Merced,47,269075,4193,2460,1,2461,15
2020-07-19,Modoc,49,8938,3,0,0,0,0
2020-07-19,Mono,51,14174,107,63,0,63,1
2020-07-19,Monterey,53,433212,4199,3079,9,3088,18
2020-07-19,Napa,55,140530,909,612,0,612,5
2020-07-19,Nevada,57,99092,293,210,9,219,1
2020-07-19,Orange,59,3164182,38217,29941,575,30516,505
2020-07-19,Placer,61,380077,1803,1246,2,1248,11
2020-07-19,Plumas,63,18699,30,17,0,17,0
2020-07-19,Riverside,65,2383286,38174,30340,18,30358,581
2020-07-19,Sacramento,67,1510023,9840,6985,7,6992,97
2020-07-19,San Benito,69,59416,557,412,0,412,2
2020-07-19,San Bernardino,71,2135413,33635,23928,21,23949,337
2020-07-19,San Diego,73,3302833,28102,23684,0,23684,478
2020-07-19,San Francisco,75,870044,6167,5094,5,5099,52
2020-07-19,San Joaquin,77,732212,11656,8308,6,8314,93
2020-07-19,San Luis Obispo,79,281455,1666,1262,3,1265,6
2020-07-19,San Mateo,81,765935,5490,4522,4,4526,110
2020-07-19,Santa Barbara,83,443738,6259,5145,39,5184,29
2020-07-19,Santa Clara,85,1922200,10112,7403,15,7418,164
2020-07-19,Santa Cruz,87,273765,1002,753,9,762,3
2020-07-19,Shasta,89,179085,378,218,1,219,9
2020-07-19,Sierra,91,2930,1,1,0,1,0
2020-07-19,Siskiyou,93,43540,74,42,0,42,0
2020-07-19,Solano,95,438530,3556,2551,12,2563,26
2020-07-19,Sonoma,97,501317,2885,2074,5,2079,17
2020-07-19,Stanislaus,99,539301,9119,6508,11,6519,58
2020-07-19,Sutter,101,95872,602,480,0,480,2
2020-07-19,Tehama,103,63373,207,138,1,139,1
2020-07-19,Trinity,105,12862,7,2,4,6,0
2020-07-19,Tulare,107,460477,9016,6856,23,6879,166
2020-07-19,Tuolumne,109,53932,126,75,1,76,0
2020-07-19,Ventura,111,848112,7254,5706,17,5723,52
2020-07-19,Yolo,113,214977,1499,1127,3,1130,30
2020-07-19,Yuba,115,75493,328,240,0,240,1
2020-07-18,Alameda,1,1643700,11236,9089,28,9117,162
2020-07-18,Alpine,3,1148,3,2,0,2,0
2020-07-18,Amador,5,37829,99,49,0,49,0
2020-07-18,Butte,7,227075,831,551,4,555,4
2020-07-18,Calaveras,9,45235,100,89,0,89,0
2020-07-18,Colusa,11,21464,274,182,0,182,0
2020-07-18,Contra Costa,13,1133247,7832,5617,21,5638,95
2020-07-18,Del Norte,15,27424,83,61,0,61,0
2020-07-18,El Dorado,17,186661,625,385,0,385,0
2020-07-18,Fresno,19,978130,17295,10381,116,10497,106
2020-07-18,Glenn,21,27897,304,212,0,212,0
2020-07-18,Humboldt,23,135768,218,189,0,189,4
2020-07-18,Imperial,25,180216,9745,7268,6,7274,124
2020-07-18,Inyo,27,18085,42,38,0,38,1
2020-07-18,Kern,29,883053,19820,9250,75,9325,114
2020-07-18,Kings,31,150075,3860,2996,23,3019,37
2020-07-18,Lake,33,64148,185,142,0,142,1
2020-07-18,Lassen,35,31185,541,474,1,475,0
2020-07-18,Los Angeles,37,10098052,173340,153265,319,153584,4088
2020-07-18,Madera,39,155013,2046,1260,1,1261,9
2020-07-18,Marin,41,260295,4751,4089,4,4093,21
2020-07-18,Mariposa,43,17540,49,35,0,35,1
2020-07-18,Mendocino,45,87422,207,137,0,137,0
2020-07-18,Merced,47,269075,4074,2424,1,2425,15
2020-07-18,Modoc,49,8938,3,0,0,0,0
2020-07-18,Mono,51,14174,105,54,0,54,1
2020-07-18,Monterey,53,433212,4132,3020,9,3029,17
2020-07-18,Napa,55,140530,899,609,0,609,5
2020-07-18,Nevada,57,99092,289,204,8,212,1
2020-07-18,Orange,59,3164182,37898,29603,553,30156,493
2020-07-18,Placer,61,380077,1779,1233,2,1235,11
2020-07-18,Plumas,63,18699,30,17,0,17,0
2020-07-18,Riverside,65,2383286,37822,30245,17,30262,581
2020-07-18,Sacramento,67,1510023,9597,6739,7,6746,95
2020-07-18,San Benito,69,59416,542,407,0,407,2
2020-07-18,San Bernardino,71,2135413,33176,23680,21,23701,336
2020-07-18,San Diego,73,3302833,27799,23116,0,23116,478
2020-07-18,San Francisco,75,870044,6065,5051,5,5056,52
2020-07-18,San Joaquin,77,732212,11444,8118,6,8124,93
2020-07-18,San Luis Obispo,79,281455,1633,1234,3,1237,6
2020-07-18,San Mateo,81,765935,5430,4488,4,4492,110
2020-07-18,Santa Barbara,83,443738,6199,5110,37,5147,29
2020-07-18,Santa Clara,85,1922200,9962,7255,14,7269,164
2020-07-18,Santa Cruz,87,273765,985,751,9,760,3
2020-07-18,Shasta,89,179085,369,216,1,217,9
2020-07-18,Sierra,91,2930,1,1,0,1,0
2020-07-18,Siskiyou,93,43540,70,42,0,42,0
2020-07-18,Solano,95,438530,3515,2503,12,2515,26
2020-07-18,Sonoma,97,501317,2834,2019,5,2024,15
2020-07-18,Stanislaus,99,539301,8987,6344,11,6355,58
2020-07-18,Sutter,101,95872,596,473,0,473,2
2020-07-18,Tehama,103,63373,202,136,1,137,1
2020-07-18,Trinity,105,12862,7,2,4,6,0
2020-07-18,Tulare,107,460477,8925,6810,22,6832,167
2020-07-18,Tuolumne,109,53932,123,75,1,76,0
2020-07-18,Ventura,111,848112,7172,5630,17,5647,52
2020-07-18,Yolo,113,214977,1471,1077,3,1080,30
2020-07-18,Yuba,115,75493,317,237,0,237,1
2020-07-17,Alameda,1,1643700,11096,8893,27,8920,160
2020-07-17,Alpine,3,1148,3,1,0,1,0
2020-07-17,Amador,5,37829,97,48,0,48,0
2020-07-17,Butte,7,227075,817,497,4,501,4
2020-07-17,Calaveras,9,45235,98,86,0,86,0
2020-07-17,Colusa,11,21464,272,146,0,146,0
2020-07-17,Contra Costa,13,1133247,7684,5483,21,5504,93
2020-07-17,Del Norte,15,27424,82,60,0,60,0
2020-07-17,El Dorado,17,186661,609,368,0,368,0
2020-07-17,Fresno,19,978130,16997,9954,116,10070,104
2020-07-17,Glenn,21,27897,297,203,0,203,0
2020-07-17,Humboldt,23,135768,217,185,0,185,4
2020-07-17,Imperial,25,180216,9723,7193,6,7199,120
2020-07-17,Inyo,27,18085,42,38,0,38,1
2020-07-17,Kern,29,883053,19500,8291,73,8364,113
2020-07-17,Kings,31,150075,3822,2978,23,3001,37
2020-07-17,Lake,33,64148,183,139,0,139,1
2020-07-17,Lassen,35,31185,522,391,1,392,0
2020-07-17,Los Angeles,37,10098052,170970,150481,306,150787,4052
2020-07-17,Madera,39,155013,2002,1214,1,1215,9
2020-07-17,Marin,41,260295,4714,3839,4,3843,21
2020-07-17,Mariposa,43,17540,47,35,0,35,1
2020-07-17,Mendocino,45,87422,199,126,0,126,0
2020-07-17,Merced,47,269075,3998,2328,1,2329,12
2020-07-17,Modoc,49,8938,2,0,0,0,0
2020-07-17,Mono,51,14174,100,54,0,54,1
2020-07-17,Monterey,53,433212,4003,2922,9,2931,18
2020-07-17,Napa,55,140530,885,598,0,598,5
2020-07-17,Nevada,57,99092,282,200,8,208,1
2020-07-17,Orange,59,3164182,37436,28962,519,29481,485
2020-07-17,Placer,61,380077,1751,1207,2,1209,11
2020-07-17,Plumas,63,18699,27,16,0,16,0
2020-07-17,Riverside,65,2383286,37223,29639,17,29656,580
2020-07-17,Sacramento,67,1510023,9353,6563,7,6570,95
2020-07-17,San Benito,69,59416,527,399,0,399,2
2020-07-17,San Bernardino,71,2135413,32658,23057,21,23078,322
2020-07-17,San Diego,73,3302833,27411,22491,0,22491,472
2020-07-17,San Francisco,75,870044,5970,4967,5,4972,52
2020-07-17,San Joaquin,77,732212,11199,7925,6,7931,86
2020-07-17,San Luis Obispo,79,281455,1597,1190,3,1193,6
2020-07-17,San Mateo,81,765935,5334,4407,4,4411,110
2020-07-17,Santa Barbara,83,443738,6127,5001,36,5037,29
2020-07-17,Santa Clara,85,1922200,9745,7080,14,7094,164
2020-07-17,Santa Cruz,87,273765,963,716,9,725,3
2020-07-17,Shasta,89,179085,357,213,1,214,8
2020-07-17,Sierra,91,2930,1,1,0,1,0
2020-07-17,Siskiyou,93,43540,69,40,0,40,0
2020-07-17,Solano,95,438530,3466,2452,12,2464,26
2020-07-17,Sonoma,97,501317,2786,1982,5,1987,15
2020-07-17,Stanislaus,99,539301,8816,6220,11,6231,56
2020-07-17,Sutter,101,95872,583,458,0,458,2
2020-07-17,Tehama,103,63373,198,128,1,129,1
2020-07-17,Trinity,105,12862,7,2,4,6,0
2020-07-17,Tulare,107,460477,8789,6671,22,6693,166
2020-07-17,Tuolumne,109,53932,122,73,1,74,0
2020-07-17,Ventura,111,848112,7089,5451,17,5468,51
2020-07-17,Yolo,113,214977,1447,1055,3,1058,30
2020-07-17,Yuba,115,75493,307,231,0,231,1
2020-07-16,Alameda,1,1643700,10863,8719,21,8740,153
2020-07-16,Alpine,3,1148,3,1,0,1,0
2020-07-16,Amador,5,37829,94,46,0,46,0
2020-07-16,Butte,7,227075,780,465,4,469,4
2020-07-16,Calaveras,9,45235,96,82,0,82,0
2020-07-16,Colusa,11,21464,263,140,0,140,0
2020-07-16,Contra Costa,13,1133247,7472,5338,15,5353,91
2020-07-16,Del Norte,15,27424,82,60,0,60,0
2020-07-16,El Dorado,17,186661,592,357,0,357,0
2020-07-16,Fresno,19,978130,16486,9481,107,9588,101
2020-07-16,Glenn,21,27897,288,190,0,190,0
2020-07-16,Humboldt,23,135768,215,184,0,184,4
2020-07-16,Imperial,25,180216,9628,7148,6,7154,113
2020-07-16,Inyo,27,18085,42,38,0,38,1
2020-07-16,Kern,29,883053,18978,7435,71,7506,112
2020-07-16,Kings,31,150075,3656,2937,23,2960,37
2020-07-16,Lake,33,64148,178,128,0,128,1
2020-07-16,Lassen,35,31185,521,355,1,356,0
2020-07-16,Los Angeles,37,10098052,167698,147759,282,148041,3994
2020-07-16,Madera,39,155013,1938,1192,1,1193,8
2020-07-16,Marin,41,260295,4642,3546,4,3550,21
2020-07-16,Mariposa,43,17540,45,34,0,34,1
2020-07-16,Mendocino,45,87422,194,121,0,121,0
2020-07-16,Merced,47,269075,3836,2228,1,2229,12
2020-07-16,Modoc,49,8938,1,0,0,0,0
2020-07-16,Mono,51,14174,97,53,0,53,1
2020-07-16,Monterey,53,433212,3898,2857,8,2865,18
2020-07-16,Napa,55,140530,856,581,0,581,5
2020-07-16,Nevada,57,99092,279,191,8,199,1
2020-07-16,Orange,59,3164182,36735,28525,481,29006,471
2020-07-16,Placer,61,380077,1699,1168,2,1170,11
2020-07-16,Plumas,63,18699,25,16,0,16,0
2020-07-16,Riverside,65,2383286,36477,28904,16,28920,577
2020-07-16,Sacramento,67,1510023,9039,6440,7,6447,91
2020-07-16,San Benito,69,59416,510,389,0,389,2
2020-07-16,San Bernardino,71,2135413,31801,22355,19,22374,321
2020-07-16,San Diego,73,3302833,26924,21857,0,21857,465
2020-07-16,San Francisco,75,870044,5829,4838,5,4843,52
2020-07-16,San Joaquin,77,732212,10836,7713,6,7719,82
2020-07-16,San Luis Obispo,79,281455,1553,1146,3,1149,6
2020-07-16,San Mateo,81,765935,5230,4336,4,4340,110
2020-07-16,Santa Barbara,83,443738,6031,4872,35,4907,28
2020-07-16,Santa Clara,85,1922200,9465,6990,12,7002,164
2020-07-16,Santa Cruz,87,273765,922,698,9,707,3
2020-07-16,Shasta,89,179085,342,208,1,209,7
2020-07-16,Sierra,91,2930,1,1,0,1,0
2020-07-16,Siskiyou,93,43540,66,39,0,39,0
2020-07-16,Solano,95,438530,3372,2372,12,2384,25
2020-07-16,Sonoma,97,501317,2695,1954,5,1959,14
2020-07-16,Stanislaus,99,539301,8535,6077,10,6087,56
2020-07-16,Sutter,101,95872,567,444,0,444,2
2020-07-16,Tehama,103,63373,188,126,1,127,1
2020-07-16,Trinity,105,12862,7,2,3,5,0
2020-07-16,Tulare,107,460477,8573,6467,21,6488,163
2020-07-16,Tuolumne,109,53932,117,71,1,72,0
2020-07-16,Ventura,111,848112,6927,5231,17,5248,50
2020-07-16,Yolo,113,214977,1405,1034,3,1037,29
2020-07-16,Yuba,115,75493,289,221,0,221,1
2020-07-15,Alameda,1,1643700,10661,8615,15,8630,153
2020-07-15,Alpine,3,1148,3,1,0,1,0
2020-07-15,Amador,5,37829,73,44,0,44,0
2020-07-15,Butte,7,227075,739,420,4,424,4
2020-07-15,Calaveras,9,45235,96,75,0,75,0
2020-07-15,Colusa,11,21464,258,135,0,135,0
2020-07-15,Contra Costa,13,1133247,7241,5246,15,5261,90
2020-07-15,Del Norte,15,27424,81,60,0,60,0
2020-07-15,El Dorado,17,186661,568,339,0,339,0
2020-07-15,Fresno,19,978130,16013,9124,100,9224,101
2020-07-15,Glenn,21,27897,279,184,0,184,0
2020-07-15,Humboldt,23,135768,213,181,0,181,4
2020-07-15,Imperial,25,180216,9561,7110,6,7116,110
2020-07-15,Inyo,27,18085,42,36,0,36,1
2020-07-15,Kern,29,883053,18359,7155,68,7223,108
2020-07-15,Kings,31,150075,3595,2906,23,2929,37
2020-07-15,Lake,33,64148,176,122,0,122,1
2020-07-15,Lassen,35,31185,517,319,1,320,0
2020-07-15,Los Angeles,37,10098052,164233,143343,267,143610,3946
2020-07-15,Madera,39,155013,1869,1147,1,1148,4
2020-07-15,Marin,41,260295,4587,3458,4,3462,21
2020-07-15,Mariposa,43,17540,45,34,0,34,1
2020-07-15,Mendocino,45,87422,191,119,0,119,0
2020-07-15,Merced,47,269075,3686,2156,1,2157,12
2020-07-15,Modoc,49,8938,1,0,0,0,0
2020-07-15,Mono,51,14174,95,52,0,52,1
2020-07-15,Monterey,53,433212,3787,2780,8,2788,18
2020-07-15,Napa,55,140530,830,573,0,573,5
2020-07-15,Nevada,57,99092,275,185,6,191,1
2020-07-15,Orange,59,3164182,35933,27718,446,28164,454
2020-07-15,Placer,61,380077,1644,1145,2,1147,11
2020-07-15,Plumas,63,18699,25,16,0,16,0
2020-07-15,Riverside,65,2383286,35698,28492,14,28506,568
2020-07-15,Sacramento,67,1510023,8662,6217,7,6224,91
2020-07-15,San Benito,69,59416,501,388,0,388,2
2020-07-15,San Bernardino,71,2135413,31015,21508,19,21527,317
2020-07-15,San Diego,73,3302833,26457,21448,0,21448,448
2020-07-15,San Francisco,75,870044,5715,4757,5,4762,50
2020-07-15,San Joaquin,77,732212,10403,7381,5,7386,75
2020-07-15,San Luis Obispo,79,281455,1510,1097,3,1100,6
2020-07-15,San Mateo,81,765935,5117,4258,4,4262,109
2020-07-15,Santa Barbara,83,443738,5915,4733,35,4768,28
2020-07-15,Santa Clara,85,1922200,9162,6900,12,6912,164
2020-07-15,Santa Cruz,87,273765,886,660,8,668,3
2020-07-15,Shasta,89,179085,333,193,1,194,7
2020-07-15,Sierra,91,2930,1,1,0,1,0
2020-07-15,Siskiyou,93,43540,65,38,0,38,0
2020-07-15,Solano,95,438530,3278,2343,12,2355,25
2020-07-15,Sonoma,97,501317,2598,1920,5,1925,14
2020-07-15,Stanislaus,99,539301,8240,5777,10,5787,56
2020-07-15,Sutter,101,95872,541,433,0,433,2
2020-07-15,Tehama,103,63373,180,126,1,127,1
2020-07-15,Trinity,105,12862,6,2,3,5,0
2020-07-15,Tulare,107,460477,8360,6320,20,6340,156
2020-07-15,Tuolumne,109,53932,110,68,1,69,0
2020-07-15,Ventura,111,848112,6750,5087,17,5104,50
2020-07-15,Yolo,113,214977,1373,1002,3,1005,27
2020-07-15,Yuba,115,75493,277,221,0,221,1
2020-07-14,Alameda,1,1643700,10321,8388,9,8397,151
2020-07-14,Alpine,3,1148,3,1,0,1,0
2020-07-14,Amador,5,37829,69,44,0,44,0
2020-07-14,Butte,7,227075,694,382,4,386,4
2020-07-14,Calaveras,9,45235,94,74,0,74,0
2020-07-14,Colusa,11,21464,248,128,0,128,0
2020-07-14,Contra Costa,13,1133247,7005,5110,13,5123,90
2020-07-14,Del Norte,15,27424,80,60,0,60,0
2020-07-14,El Dorado,17,186661,553,324,0,324,0
2020-07-14,Fresno,19,978130,15593,8941,96,9037,98
2020-07-14,Glenn,21,27897,269,177,0,177,0
2020-07-14,Humboldt,23,135768,210,175,0,175,4
2020-07-14,Imperial,25,180216,9434,7095,6,7101,109
2020-07-14,Inyo,27,18085,42,35,0,35,1
2020-07-14,Kern,29,883053,17600,6979,55,7034,107
2020-07-14,Kings,31,150075,3528,2867,22,2889,37
2020-07-14,Lake,33,64148,170,120,0,120,1
2020-07-14,Lassen,35,31185,500,263,1,264,0
2020-07-14,Los Angeles,37,10098052,161097,140632,236,140868,3900
2020-07-14,Madera,39,155013,1795,1118,1,1119,4
2020-07-14,Marin,41,260295,4473,3451,4,3455,21
2020-07-14,Mariposa,43,17540,41,32,0,32,1
2020-07-14,Mendocino,45,87422,183,110,0,110,0
2020-07-14,Merced,47,269075,3507,2084,1,2085,12
2020-07-14,Modoc,49,8938,1,0,0,0,0
2020-07-14,Mono,51,14174,85,48,0,48,1
2020-07-14,Monterey,53,433212,3673,2724,8,2732,18
2020-07-14,Napa,55,140530,774,557,0,557,4
2020-07-14,Nevada,57,99092,258,180,5,185,1
2020-07-14,Orange,59,3164182,35054,26915,399,27314,432
2020-07-14,Placer,61,380077,1588,1122,2,1124,11
2020-07-14,Plumas,63,18699,24,14,0,14,0
2020-07-14,Riverside,65,2383286,34943,27850,13,27863,547
2020-07-14,Sacramento,67,1510023,8310,5978,7,5985,87
2020-07-14,San Benito,69,59416,482,360,0,360,2
2020-07-14,San Bernardino,71,2135413,30166,20489,19,20508,316
2020-07-14,San Diego,73,3302833,25838,20887,0,20887,436
2020-07-14,San Francisco,75,870044,5565,4659,4,4663,50
2020-07-14,San Joaquin,77,732212,9976,7143,5,7148,75
2020-07-14,San Luis Obispo,79,281455,1472,1060,3,1063,5
2020-07-14,San Mateo,81,765935,5024,4173,4,4177,108
2020-07-14,Santa Barbara,83,443738,5791,4641,33,4674,28
2020-07-14,Santa Clara,85,1922200,8835,6686,9,6695,164
2020-07-14,Santa Cruz,87,273765,847,639,8,647,3
2020-07-14,Shasta,89,179085,324,190,1,191,7
2020-07-14,Sierra,91,2930,1,1,0,1,0
2020-07-14,Siskiyou,93,43540,64,38,0,38,0
2020-07-14,Solano,95,438530,3178,2266,10,2276,25
2020-07-14,Sonoma,97,501317,2506,1866,5,1871,14
2020-07-14,Stanislaus,99,539301,7871,5631,9,5640,53
2020-07-14,Sutter,101,95872,522,405,0,405,2
2020-07-14,Tehama,103,63373,168,123,1,124,1
2020-07-14,Trinity,105,12862,6,2,3,5,0
2020-07-14,Tulare,107,460477,8114,6199,20,6219,156
2020-07-14,Tuolumne,109,53932,105,68,1,69,0
2020-07-14,Ventura,111,848112,6589,4950,17,4967,50
2020-07-14,Yolo,113,214977,1325,966,3,969,27
2020-07-14,Yuba,115,75493,260,210,0,210,1
2020-07-13,Alameda,1,1643700,10013,8115,9,8124,148
2020-07-13,Alpine,3,1148,3,1,0,1,0
2020-07-13,Amador,5,37829,65,42,0,42,0
2020-07-13,Butte,7,227075,659,354,4,358,4
2020-07-13,Calaveras,9,45235,86,63,0,63,0
2020-07-13,Colusa,11,21464,242,116,0,116,0
2020-07-13,Contra Costa,13,1133247,6732,4882,11,4893,88
2020-07-13,Del Norte,15,27424,74,59,0,59,0
2020-07-13,El Dorado,17,186661,522,298,0,298,0
2020-07-13,Fresno,19,978130,15168,8666,92,8758,95
2020-07-13,Glenn,21,27897,262,168,0,168,0
2020-07-13,Humboldt,23,135768,205,174,0,174,4
2020-07-13,Imperial,25,180216,9348,7052,6,7058,109
2020-07-13,Inyo,27,18085,41,35,0,35,1
2020-07-13,Kern,29,883053,16915,6808,51,6859,107
2020-07-13,Kings,31,150075,3477,2824,22,2846,37
2020-07-13,Lake,33,64148,165,118,0,118,1
2020-07-13,Lassen,35,31185,495,237,1,238,0
2020-07-13,Los Angeles,37,10098052,157859,136368,222,136590,3829
2020-07-13,Madera,39,155013,1726,1059,1,1060,4
2020-07-13,Marin,41,260295,4370,3402,4,3406,21
2020-07-13,Mariposa,43,17540,40,31,0,31,1
2020-07-13,Mendocino,45,87422,179,87,0,87,0
2020-07-13,Merced,47,269075,3358,2007,1,2008,12
2020-07-13,Modoc,49,8938,1,0,0,0,0
2020-07-13,Mono,51,14174,81,47,0,47,1
2020-07-13,Monterey,53,433212,3550,2613,5,2618,18
2020-07-13,Napa,55,140530,738,534,0,534,4
2020-07-13,Nevada,57,99092,243,172,5,177,1
2020-07-13,Orange,59,3164182,34191,25978,368,26346,423
2020-07-13,Placer,61,380077,1540,1096,2,1098,11
2020-07-13,Plumas,63,18699,22,14,0,14,0
2020-07-13,Riverside,65,2383286,34017,27136,11,27147,545
2020-07-13,Sacramento,67,1510023,8015,5747,7,5754,85
2020-07-13,San Benito,69,59416,469,343,0,343,2
2020-07-13,San Bernardino,71,2135413,29290,19610,16,19626,313
2020-07-13,San Diego,73,3302833,25271,20348,0,20348,422
2020-07-13,San Francisco,75,870044,5438,4534,3,4537,50
2020-07-13,San Joaquin,77,732212,9559,6927,5,6932,71
2020-07-13,San Luis Obispo,79,281455,1441,989,3,992,5
2020-07-13,San Mateo,81,765935,4893,4057,4,4061,108
2020-07-13,Santa Barbara,83,443738,5677,4441,32,4473,28
2020-07-13,Santa Clara,85,1922200,8511,6488,8,6496,164
2020-07-13,Santa Cruz,87,273765,808,574,8,582,3
2020-07-13,Shasta,89,179085,313,185,1,186,6
2020-07-13,Sierra,91,2930,1,1,0,1,0
2020-07-13,Siskiyou,93,43540,60,37,0,37,0
2020-07-13,Solano,95,438530,3066,2046,10,2056,23
2020-07-13,Sonoma,97,501317,2396,1818,5,1823,14
2020-07-13,Stanislaus,99,539301,7571,5324,7,5331,53
2020-07-13,Sutter,101,95872,484,379,0,379,2
2020-07-13,Tehama,103,63373,155,112,1,113,1
2020-07-13,Trinity,105,12862,6,2,3,5,0
2020-07-13,Tulare,107,460477,7853,5930,18,5948,147
2020-07-13,Tuolumne,109,53932,97,56,1,57,0
2020-07-13,Ventura,111,848112,6399,4800,14,4814,50
2020-07-13,Yolo,113,214977,1280,941,3,944,27
2020-07-13,Yuba,115,75493,245,194,0,194,1
2020-07-12,Alameda,1,1643700,9742,8056,9,8065,148
2020-07-12,Alpine,3,1148,3,1,0,1,0
2020-07-12,Amador,5,37829,55,40,0,40,0
2020-07-12,Butte,7,227075,609,341,4,345,4
2020-07-12,Calaveras,9,45235,86,62,0,62,0
2020-07-12,Colusa,11,21464,208,116,0,116,0
2020-07-12,Contra Costa,13,1133247,6460,4708,9,4717,88
2020-07-12,Del Norte,15,27424,63,59,0,59,0
2020-07-12,El Dorado,17,186661,500,290,0,290,0
2020-07-12,Fresno,19,978130,14743,8407,89,8496,95
2020-07-12,Glenn,21,27897,249,166,0,166,0
2020-07-12,Humboldt,23,135768,201,174,0,174,4
2020-07-12,Imperial,25,180216,9228,6999,6,7005,109
2020-07-12,Inyo,27,18085,39,35,0,35,1
2020-07-12,Kern,29,883053,16172,6662,48,6710,105
2020-07-12,Kings,31,150075,3415,2779,22,2801,34
2020-07-12,Lake,33,64148,156,114,0,114,1
2020-07-12,Lassen,35,31185,488,237,1,238,0
2020-07-12,Los Angeles,37,10098052,154436,133830,193,134023,3816
2020-07-12,Madera,39,155013,1671,1025,1,1026,4
2020-07-12,Marin,41,260295,4292,3358,4,3362,21
2020-07-12,Mariposa,43,17540,39,31,0,31,1
2020-07-12,Mendocino,45,87422,160,88,0,88,0
2020-07-12,Merced,47,269075,3228,1908,1,1909,12
2020-07-12,Modoc,49,8938,1,0,0,0,0
2020-07-12,Mono,51,14174,71,45,0,45,1
2020-07-12,Monterey,53,433212,3435,2521,5,2526,18
2020-07-12,Napa,55,140530,706,519,0,519,4
2020-07-12,Nevada,57,99092,233,166,5,171,1
2020-07-12,Orange,59,3164182,33317,25399,359,25758,422
2020-07-12,Placer,61,380077,1485,1058,2,1060,11
2020-07-12,Plumas,63,18699,21,14,0,14,0
2020-07-12,Riverside,65,2383286,33259,26404,11,26415,542
2020-07-12,Sacramento,67,1510023,7706,5515,6,5521,85
2020-07-12,San Benito,69,59416,454,324,0,324,2
2020-07-12,San Bernardino,71,2135413,28381,19042,11,19053,312
2020-07-12,San Diego,73,3302833,24644,19929,0,19929,422
2020-07-12,San Francisco,75,870044,5289,4535,3,4538,50
2020-07-12,San Joaquin,77,732212,9197,6703,5,6708,71
2020-07-12,San Luis Obispo,79,281455,1395,972,3,975,5
2020-07-12,San Mateo,81,765935,4775,3988,4,3992,108
2020-07-12,Santa Barbara,83,443738,5547,4353,31,4384,28
2020-07-12,Santa Clara,85,1922200,8271,6252,8,6260,164
2020-07-12,Santa Cruz,87,273765,766,573,6,579,3
2020-07-12,Shasta,89,179085,307,173,1,174,6
2020-07-12,Sierra,91,2930,1,1,0,1,0
2020-07-12,Siskiyou,93,43540,58,36,0,36,0
2020-07-12,Solano,95,438530,2941,2037,10,2047,23
2020-07-12,Sonoma,97,501317,2301,1743,5,1748,13
2020-07-12,Stanislaus,99,539301,7269,5177,7,5184,53
2020-07-12,Sutter,101,95872,466,362,0,362,2
2020-07-12,Tehama,103,63373,148,111,1,112,1
2020-07-12,Trinity,105,12862,6,2,3,5,0
2020-07-12,Tulare,107,460477,7598,5864,17,5881,146
2020-07-12,Tuolumne,109,53932,89,52,1,53,0
2020-07-12,Ventura,111,848112,6183,4724,13,4737,50
2020-07-12,Yolo,113,214977,1238,889,3,892,27
2020-07-12,Yuba,115,75493,234,188,0,188,1
2020-07-11,Alameda,1,1643700,9640,7845,9,7854,148
2020-07-11,Alpine,3,1148,3,1,0,1,0
2020-07-11,Amador,5,37829,51,37,0,37,0
2020-07-11,Butte,7,227075,593,325,4,329,4
2020-07-11,Calaveras,9,45235,83,62,0,62,0
2020-07-11,Colusa,11,21464,203,110,0,110,0
2020-07-11,Contra Costa,13,1133247,6344,4650,9,4659,87
2020-07-11,Del Norte,15,27424,63,59,0,59,0
2020-07-11,El Dorado,17,186661,489,283,0,283,0
2020-07-11,Fresno,19,978130,14485,8086,88,8174,95
2020-07-11,Glenn,21,27897,241,161,0,161,0
2020-07-11,Humboldt,23,135768,200,174,0,174,4
2020-07-11,Imperial,25,180216,9189,6884,6,6890,109
2020-07-11,Inyo,27,18085,39,35,0,35,1
2020-07-11,Kern,29,883053,15816,6509,47,6556,103
2020-07-11,Kings,31,150075,3388,2753,22,2775,33
2020-07-11,Lake,33,64148,155,110,0,110,1
2020-07-11,Lassen,35,31185,487,237,1,238,0
2020-07-11,Los Angeles,37,10098052,152719,130479,183,130662,3802
2020-07-11,Madera,39,155013,1630,988,1,989,4
2020-07-11,Marin,41,260295,4264,3191,4,3195,21
2020-07-11,Mariposa,43,17540,39,31,0,31,1
2020-07-11,Mendocino,45,87422,156,88,0,88,0
2020-07-11,Merced,47,269075,3147,1851,1,1852,12
2020-07-11,Modoc,49,8938,1,0,0,0,0
2020-07-11,Mono,51,14174,68,45,0,45,1
2020-07-11,Monterey,53,433212,3346,2376,4,2380,18
2020-07-11,Napa,55,140530,694,509,0,509,4
2020-07-11,Nevada,57,99092,224,163,4,167,1
2020-07-11,Orange,59,3164182,32940,24430,345,24775,422
2020-07-11,Placer,61,380077,1448,1029,2,1031,11
2020-07-11,Plumas,63,18699,21,12,0,12,0
2020-07-11,Riverside,65,2383286,32867,25994,11,26005,538
2020-07-11,Sacramento,67,1510023,7532,5367,6,5373,84
2020-07-11,San Benito,69,59416,439,314,0,314,2
2020-07-11,San Bernardino,71,2135413,27944,18907,11,18918,310
2020-07-11,San Diego,73,3302833,24259,19371,0,19371,422
2020-07-11,San Francisco,75,870044,5193,4430,2,4432,50
2020-07-11,San Joaquin,77,732212,9019,6518,5,6523,72
2020-07-11,San Luis Obispo,79,281455,1347,930,3,933,4
2020-07-11,San Mateo,81,765935,4707,3956,4,3960,108
2020-07-11,Santa Barbara,83,443738,5478,4283,30,4313,28
2020-07-11,Santa Clara,85,1922200,8112,5959,8,5967,164
2020-07-11,Santa Cruz,87,273765,735,571,6,577,3
2020-07-11,Shasta,89,179085,300,168,1,169,6
2020-07-11,Sierra,91,2930,1,1,0,1,0
2020-07-11,Siskiyou,93,43540,58,36,0,36,0
2020-07-11,Solano,95,438530,2900,2034,10,2044,23
2020-07-11,Sonoma,97,501317,2264,1690,5,1695,13
2020-07-11,Stanislaus,99,539301,7129,4911,7,4918,51
2020-07-11,Sutter,101,95872,450,352,0,352,2
2020-07-11,Tehama,103,63373,146,111,1,112,1
2020-07-11,Trinity,105,12862,6,2,3,5,0
2020-07-11,Tulare,107,460477,7492,5780,17,5797,149
2020-07-11,Tuolumne,109,53932,87,50,1,51,0
2020-07-11,Ventura,111,848112,6087,4545,12,4557,49
2020-07-11,Yolo,113,214977,1209,833,3,836,27
2020-07-11,Yuba,115,75493,224,175,0,175,1
2020-07-10,Alameda,1,1643700,9483,7551,9,7560,147
2020-07-10,Alpine,3,1148,3,1,0,1,0
2020-07-10,Amador,5,37829,47,37,0,37,0
2020-07-10,Butte,7,227075,582,318,4,322,4
2020-07-10,Calaveras,9,45235,83,61,0,61,0
2020-07-10,Colusa,11,21464,197,103,0,103,0
2020-07-10,Contra Costa,13,1133247,6201,4482,9,4491,86
2020-07-10,Del Norte,15,27424,63,57,0,57,0
2020-07-10,El Dorado,17,186661,471,266,0,266,0
2020-07-10,Fresno,19,978130,14153,7760,85,7845,93
2020-07-10,Glenn,21,27897,236,157,0,157,0
2020-07-10,Humboldt,23,135768,199,168,0,168,4
2020-07-10,Imperial,25,180216,9144,6878,6,6884,98
2020-07-10,Inyo,27,18085,39,35,0,35,1
2020-07-10,Kern,29,883053,15383,6344,46,6390,102
2020-07-10,Kings,31,150075,3353,2707,22,2729,33
2020-07-10,Lake,33,64148,148,104,0,104,1
2020-07-10,Lassen,35,31185,486,235,1,236,0
2020-07-10,Los Angeles,37,10098052,150301,127503,177,127680,3750
2020-07-10,Madera,39,155013,1584,914,1,915,4
2020-07-10,Marin,41,260295,4202,3101,4,3105,21
2020-07-10,Mariposa,43,17540,38,31,0,31,1
2020-07-10,Mendocino,45,87422,148,88,0,88,0
2020-07-10,Merced,47,269075,3068,1802,1,1803,12
2020-07-10,Modoc,49,8938,1,0,0,0,0
2020-07-10,Mono,51,14174,67,45,0,45,1
2020-07-10,Monterey,53,433212,3267,2285,4,2289,18
2020-07-10,Napa,55,140530,683,496,0,496,4
2020-07-10,Nevada,57,99092,219,161,4,165,1
2020-07-10,Orange,59,3164182,32354,23692,341,24033,416
2020-07-10,Placer,61,380077,1405,1002,2,1004,11
2020-07-10,Plumas,63,18699,19,12,0,12,0
2020-07-10,Riverside,65,2383286,32349,25481,11,25492,533
2020-07-10,Sacramento,67,1510023,7275,5181,6,5187,81
2020-07-10,San Benito,69,59416,430,302,0,302,2
2020-07-10,San Bernardino,71,2135413,27418,18242,11,18253,308
2020-07-10,San Diego,73,3302833,23879,18862,0,18862,420
2020-07-10,San Francisco,75,870044,5102,4305,2,4307,50
2020-07-10,San Joaquin,77,732212,8786,6225,5,6230,67
2020-07-10,San Luis Obispo,79,281455,1309,891,3,894,4
2020-07-10,San Mateo,81,765935,4642,3844,4,3848,107
2020-07-10,Santa Barbara,83,443738,5381,4177,29,4206,28
2020-07-10,Santa Clara,85,1922200,7888,5819,8,5827,164
2020-07-10,Santa Cruz,87,273765,708,540,6,546,3
2020-07-10,Shasta,89,179085,296,158,1,159,6
2020-07-10,Sierra,91,2930,1,1,0,1,0
2020-07-10,Siskiyou,93,43540,58,31,0,31,0
2020-07-10,Solano,95,438530,2853,1950,10,1960,23
2020-07-10,Sonoma,97,501317,2217,1606,4,1610,13
2020-07-10,Stanislaus,99,539301,6960,4781,7,4788,46
2020-07-10,Sutter,101,95872,443,338,0,338,2
2020-07-10,Tehama,103,63373,145,107,1,108,1
2020-07-10,Trinity,105,12862,6,2,3,5,0
2020-07-10,Tulare,107,460477,7355,5677,17,5694,150
2020-07-10,Tuolumne,109,53932,86,49,1,50,0
2020-07-10,Ventura,111,848112,5975,4416,12,4428,48
2020-07-10,Yolo,113,214977,1185,794,3,797,27
2020-07-10,Yuba,115,75493,210,164,0,164,1
2020-07-09,Alameda,1,1643700,9247,7433,9,7442,146
2020-07-09,Alpine,3,1148,3,1,0,1,0
2020-07-09,Amador,5,37829,44,36,0,36,0
2020-07-09,Butte,7,227075,551,295,4,299,4
2020-07-09,Calaveras,9,45235,82,59,0,59,0
2020-07-09,Colusa,11,21464,189,97,0,97,0
2020-07-09,Contra Costa,13,1133247,5958,4388,9,4397,86
2020-07-09,Del Norte,15,27424,63,57,0,57,0
2020-07-09,El Dorado,17,186661,447,255,0,255,0
2020-07-09,Fresno,19,978130,13697,7385,83,7468,90
2020-07-09,Glenn,21,27897,226,150,0,150,0
2020-07-09,Humboldt,23,135768,196,166,0,166,4
2020-07-09,Imperial,25,180216,9048,6778,6,6784,87
2020-07-09,Inyo,27,18085,37,35,0,35,1
2020-07-09,Kern,29,883053,14737,6100,44,6144,95
2020-07-09,Kings,31,150075,3290,2686,21,2707,33
2020-07-09,Lake,33,64148,145,99,0,99,1
2020-07-09,Lassen,35,31185,430,221,1,222,0
2020-07-09,Los Angeles,37,10098052,147034,125062,150,125212,3698
2020-07-09,Madera,39,155013,1507,850,1,851,4
2020-07-09,Marin,41,260295,4050,2975,4,2979,20
2020-07-09,Mariposa,43,17540,38,32,0,32,1
2020-07-09,Mendocino,45,87422,144,88,0,88,0
2020-07-09,Merced,47,269075,2935,1728,1,1729,11
2020-07-09,Modoc,49,8938,1,0,0,0,0
2020-07-09,Mono,51,14174,63,45,0,45,1
2020-07-09,Monterey,53,433212,3142,2223,4,2227,17
2020-07-09,Napa,55,140530,666,468,0,468,4
2020-07-09,Nevada,57,99092,213,156,4,160,1
2020-07-09,Orange,59,3164182,31385,22960,323,23283,407
2020-07-09,Placer,61,380077,1360,982,2,984,11
2020-07-09,Plumas,63,18699,19,12,0,12,0
2020-07-09,Riverside,65,2383286,31455,24980,11,24991,529
2020-07-09,Sacramento,67,1510023,6950,4950,6,4956,81
2020-07-09,San Benito,69,59416,414,295,0,295,2
2020-07-09,San Bernardino,71,2135413,26546,17339,10,17349,307
2020-07-09,San Diego,73,3302833,23287,18404,0,18404,415
2020-07-09,San Francisco,75,870044,4969,4143,2,4145,50
2020-07-09,San Joaquin,77,732212,8427,6004,5,6009,66
2020-07-09,San Luis Obispo,79,281455,1270,869,3,872,3
2020-07-09,San Mateo,81,765935,4515,3792,4,3796,106
2020-07-09,Santa Barbara,83,443738,5248,4068,29,4097,28
2020-07-09,Santa Clara,85,1922200,7631,5638,8,5646,164
2020-07-09,Santa Cruz,87,273765,681,526,6,532,3
2020-07-09,Shasta,89,179085,290,155,1,156,5
2020-07-09,Sierra,91,2930,1,1,0,1,0
2020-07-09,Siskiyou,93,43540,54,31,0,31,0
2020-07-09,Solano,95,438530,2755,1892,10,1902,23
2020-07-09,Sonoma,97,501317,2131,1584,4,1588,13
2020-07-09,Stanislaus,99,539301,6646,4633,6,4639,46
2020-07-09,Sutter,101,95872,426,321,0,321,2
2020-07-09,Tehama,103,63373,140,102,1,103,1
2020-07-09,Trinity,105,12862,6,2,3,5,0
2020-07-09,Tulare,107,460477,7138,5501,15,5516,146
2020-07-09,Tuolumne,109,53932,85,47,1,48,0
2020-07-09,Ventura,111,848112,5807,4278,12,4290,47
2020-07-09,Yolo,113,214977,1139,764,3,767,27
2020-07-09,Yuba,115,75493,193,152,0,152,1
2020-07-08,Alameda,1,1643700,8954,7335,9,7344,142
2020-07-08,Alpine,3,1148,3,1,0,1,0
2020-07-08,Amador,5,37829,41,35,0,35,0
2020-07-08,Butte,7,227075,514,281,4,285,3
2020-07-08,Calaveras,9,45235,76,58,0,58,0
2020-07-08,Colusa,11,21464,176,90,0,90,0
2020-07-08,Contra Costa,13,1133247,5712,4268,7,4275,84
2020-07-08,Del Norte,15,27424,61,57,0,57,0
2020-07-08,El Dorado,17,186661,426,248,0,248,0
2020-07-08,Fresno,19,978130,13282,7102,77,7179,86
2020-07-08,Glenn,21,27897,215,146,0,146,0
2020-07-08,Humboldt,23,135768,193,162,0,162,4
2020-07-08,Imperial,25,180216,8960,6727,6,6733,76
2020-07-08,Inyo,27,18085,37,35,0,35,1
2020-07-08,Kern,29,883053,14159,5873,43,5916,91
2020-07-08,Kings,31,150075,3230,2629,19,2648,33
2020-07-08,Lake,33,64148,138,97,0,97,1
2020-07-08,Lassen,35,31185,334,221,1,222,0
2020-07-08,Los Angeles,37,10098052,143817,123462,121,123583,3650
2020-07-08,Madera,39,155013,1437,828,1,829,4
2020-07-08,Marin,41,260295,3951,2756,4,2760,17
2020-07-08,Mariposa,43,17540,38,31,0,31,1
2020-07-08,Mendocino,45,87422,131,84,0,84,0
2020-07-08,Merced,47,269075,2816,1578,1,1579,11
2020-07-08,Modoc,49,8938,1,0,0,0,0
2020-07-08,Mono,51,14174,60,45,0,45,1
2020-07-08,Monterey,53,433212,3024,2182,3,2185,17
2020-07-08,Napa,55,140530,643,468,0,468,4
2020-07-08,Nevada,57,99092,204,156,4,160,1
2020-07-08,Orange,59,3164182,30434,22088,318,22406,378
2020-07-08,Placer,61,380077,1310,948,2,950,11
2020-07-08,Plumas,63,18699,19,12,0,12,0
2020-07-08,Riverside,65,2383286,30491,24042,10,24052,508
2020-07-08,Sacramento,67,1510023,6661,4799,6,4805,80
2020-07-08,San Benito,69,59416,398,282,0,282,2
2020-07-08,San Bernardino,71,2135413,25696,16510,9,16519,296
2020-07-08,San Diego,73,3302833,22720,17844,0,17844,406
2020-07-08,San Francisco,75,870044,4880,4093,2,4095,50
2020-07-08,San Joaquin,77,732212,8084,5759,5,5764,61
2020-07-08,San Luis Obispo,79,281455,1219,825,3,828,2
2020-07-08,San Mateo,81,765935,4394,3733,4,3737,106
2020-07-08,Santa Barbara,83,443738,5129,3985,29,4014,28
2020-07-08,Santa Clara,85,1922200,7398,5510,8,5518,164
2020-07-08,Santa Cruz,87,273765,648,509,5,514,3
2020-07-08,Shasta,89,179085,281,148,1,149,6
2020-07-08,Sierra,91,2930,1,1,0,1,0
2020-07-08,Siskiyou,93,43540,54,31,0,31,0
2020-07-08,Solano,95,438530,2639,1821,10,1831,23
2020-07-08,Sonoma,97,501317,2057,1495,4,1499,9
2020-07-08,Stanislaus,99,539301,6347,4344,6,4350,46
2020-07-08,Sutter,101,95872,401,298,0,298,2
2020-07-08,Tehama,103,63373,134,100,1,101,1
2020-07-08,Trinity,105,12862,5,2,3,5,0
2020-07-08,Tulare,107,460477,6946,5307,10,5317,138
2020-07-08,Tuolumne,109,53932,81,42,1,43,0
2020-07-08,Ventura,111,848112,5642,4139,12,4151,47
2020-07-08,Yolo,113,214977,1096,727,3,730,26
2020-07-08,Yuba,115,75493,180,145,0,145,1
2020-07-07,Alameda,1,1643700,8635,7097,9,7106,141
2020-07-07,Alpine,3,1148,3,1,0,1,0
2020-07-07,Amador,5,37829,41,33,0,33,0
2020-07-07,Butte,7,227075,470,269,4,273,3
2020-07-07,Calaveras,9,45235,74,58,0,58,0
2020-07-07,Colusa,11,21464,143,84,0,84,0
2020-07-07,Contra Costa,13,1133247,5474,4131,6,4137,84
2020-07-07,Del Norte,15,27424,61,57,0,57,0
2020-07-07,El Dorado,17,186661,406,244,0,244,0
2020-07-07,Fresno,19,978130,12830,6738,77,6815,84
2020-07-07,Glenn,21,27897,206,145,0,145,0
2020-07-07,Humboldt,23,135768,190,150,0,150,4
2020-07-07,Imperial,25,180216,8861,6678,6,6684,51
2020-07-07,Inyo,27,18085,36,32,0,32,1
2020-07-07,Kern,29,883053,13460,5645,39,5684,88
2020-07-07,Kings,31,150075,3169,2623,15,2638,33
2020-07-07,Lake,33,64148,128,94,0,94,1
2020-07-07,Lassen,35,31185,263,219,1,220,0
2020-07-07,Los Angeles,37,10098052,140249,121026,113,121139,3588
2020-07-07,Madera,39,155013,1393,794,1,795,4
2020-07-07,Marin,41,260295,3862,2627,4,2631,17
2020-07-07,Mariposa,43,17540,38,31,0,31,1
2020-07-07,Mendocino,45,87422,123,82,0,82,0
2020-07-07,Merced,47,269075,2642,1531,1,1532,10
2020-07-07,Modoc,49,8938,1,0,0,0,0
2020-07-07,Mono,51,14174,59,42,0,42,1
2020-07-07,Monterey,53,433212,2881,2166,3,2169,17
2020-07-07,Napa,55,140530,624,459,0,459,4
2020-07-07,Nevada,57,99092,198,150,4,154,1
2020-07-07,Orange,59,3164182,29423,21741,304,22045,373
2020-07-07,Placer,61,380077,1267,930,2,932,11
2020-07-07,Plumas,63,18699,17,12,0,12,0
2020-07-07,Riverside,65,2383286,29476,23279,10,23289,499
2020-07-07,Sacramento,67,1510023,6319,4592,6,4598,76
2020-07-07,San Benito,69,59416,380,274,0,274,2
2020-07-07,San Bernardino,71,2135413,24828,16004,8,16012,277
2020-07-07,San Diego,73,3302833,22006,17580,0,17580,399
2020-07-07,San Francisco,75,870044,4788,4045,1,4046,50
2020-07-07,San Joaquin,77,732212,7743,5547,5,5552,59
2020-07-07,San Luis Obispo,79,281455,1158,795,3,798,2
2020-07-07,San Mateo,81,765935,4279,3691,4,3695,106
2020-07-07,Santa Barbara,83,443738,5001,3866,28,3894,27
2020-07-07,Santa Clara,85,1922200,7128,5438,8,5446,164
2020-07-07,Santa Cruz,87,273765,614,502,4,506,2
2020-07-07,Shasta,89,179085,268,144,1,145,6
2020-07-07,Sierra,91,2930,1,1,0,1,0
2020-07-07,Siskiyou,93,43540,53,30,0,30,0
2020-07-07,Solano,95,438530,2528,1776,9,1785,22
2020-07-07,Sonoma,97,501317,1986,1473,4,1477,8
2020-07-07,Stanislaus,99,539301,6010,4101,6,4107,46
2020-07-07,Sutter,101,95872,375,273,0,273,2
2020-07-07,Tehama,103,63373,125,95,1,96,1
2020-07-07,Trinity,105,12862,5,2,3,5,0
2020-07-07,Tulare,107,460477,6768,5189,8,5197,137
2020-07-07,Tuolumne,109,53932,75,40,1,41,0
2020-07-07,Ventura,111,848112,5473,3992,10,4002,46
2020-07-07,Yolo,113,214977,1027,706,3,709,26
2020-07-07,Yuba,115,75493,160,138,0,138,1
2020-07-06,Alameda,1,1643700,8397,6970,9,6979,141
2020-07-06,Alpine,3,1148,2,1,0,1,0
2020-07-06,Amador,5,37829,39,33,0,33,0
2020-07-06,Butte,7,227075,415,257,4,261,2
2020-07-06,Calaveras,9,45235,71,45,0,45,0
2020-07-06,Colusa,11,21464,134,80,0,80,0
2020-07-06,Contra Costa,13,1133247,5244,3901,5,3906,83
2020-07-06,Del Norte,15,27424,60,57,0,57,0
2020-07-06,El Dorado,17,186661,391,232,0,232,0
2020-07-06,Fresno,19,978130,12364,6364,70,6434,82
2020-07-06,Glenn,21,27897,198,129,0,129,0
2020-07-06,Humboldt,23,135768,188,148,0,148,3
2020-07-06,Imperial,25,180216,8741,6443,6,6449,47
2020-07-06,Inyo,27,18085,36,32,0,32,1
2020-07-06,Kern,29,883053,12654,5491,37,5528,82
2020-07-06,Kings,31,150075,3120,2583,9,2592,33
2020-07-06,Lake,33,64148,121,93,0,93,1
2020-07-06,Lassen,35,31185,261,219,1,220,0
2020-07-06,Los Angeles,37,10098052,136631,116707,99,116806,3541
2020-07-06,Madera,39,155013,1323,734,1,735,4
2020-07-06,Marin,41,260295,3623,2136,4,2140,17
2020-07-06,Mariposa,43,17540,36,31,0,31,1
2020-07-06,Mendocino,45,87422,106,72,0,72,0
2020-07-06,Merced,47,269075,2491,1396,1,1397,10
2020-07-06,Modoc,49,8938,1,0,0,0,0
2020-07-06,Mono,51,14174,58,40,0,40,1
2020-07-06,Monterey,53,433212,2793,2078,3,2081,15
2020-07-06,Napa,55,140530,606,454,0,454,4
2020-07-06,Nevada,57,99092,192,146,4,150,1
2020-07-06,Orange,59,3164182,28364,20167,266,20433,372
2020-07-06,Placer,61,380077,1207,904,2,906,11
2020-07-06,Plumas,63,18699,17,11,0,11,0
2020-07-06,Riverside,65,2383286,28426,22485,10,22495,477
2020-07-06,Sacramento,67,1510023,5967,4420,6,4426,71
2020-07-06,San Benito,69,59416,365,264,0,264,2
2020-07-06,San Bernardino,71,2135413,23973,15346,8,15354,272
2020-07-06,San Diego,73,3302833,21293,17002,0,17002,387
2020-07-06,San Francisco,75,870044,4667,3861,1,3862,50
2020-07-06,San Joaquin,77,732212,7373,5104,5,5109,57
2020-07-06,San Luis Obispo,79,281455,1100,751,3,754,2
2020-07-06,San Mateo,81,765935,4187,3650,4,3654,106
2020-07-06,Santa Barbara,83,443738,4864,3763,27,3790,27
2020-07-06,Santa Clara,85,1922200,6858,5369,8,5377,165
2020-07-06,Santa Cruz,87,273765,592,466,3,469,2
2020-07-06,Shasta,89,179085,258,143,1,144,6
2020-07-06,Sierra,91,2930,1,1,0,1,0
2020-07-06,Siskiyou,93,43540,49,30,0,30,0
2020-07-06,Solano,95,438530,2395,1668,9,1677,22
2020-07-06,Sonoma,97,501317,1922,1369,4,1373,8
2020-07-06,Stanislaus,99,539301,5610,3983,6,3989,46
2020-07-06,Sutter,101,95872,348,250,0,250,2
2020-07-06,Tehama,103,63373,122,95,1,96,1
2020-07-06,Trinity,105,12862,4,2,3,5,0
2020-07-06,Tulare,107,460477,6564,5039,6,5045,136
2020-07-06,Tuolumne,109,53932,72,30,1,31,0
2020-07-06,Ventura,111,848112,5280,3912,10,3922,44
2020-07-06,Yolo,113,214977,971,685,3,688,26
2020-07-06,Yuba,115,75493,146,124,0,124,1
2020-07-05,Alameda,1,1643700,8145,6861,9,6870,141
2020-07-05,Alpine,3,1148,2,1,0,1,0
2020-07-05,Amador,5,37829,37,31,0,31,0
2020-07-05,Butte,7,227075,380,248,4,252,2
2020-07-05,Calaveras,9,45235,69,45,0,45,0
2020-07-05,Colusa,11,21464,124,79,0,79,0
2020-07-05,Contra Costa,13,1133247,5004,3665,4,3669,80
2020-07-05,Del Norte,15,27424,60,57,0,57,0
2020-07-05,El Dorado,17,186661,373,227,0,227,0
2020-07-05,Fresno,19,978130,11799,6186,67,6253,82
2020-07-05,Glenn,21,27897,195,129,0,129,0
2020-07-05,Humboldt,23,135768,184,147,0,147,3
2020-07-05,Imperial,25,180216,8607,6441,6,6447,47
2020-07-05,Inyo,27,18085,35,32,0,32,1
2020-07-05,Kern,29,883053,11943,5351,37,5388,82
2020-07-05,Kings,31,150075,3037,2546,8,2554,31
2020-07-05,Lake,33,64148,121,92,0,92,1
2020-07-05,Lassen,35,31185,255,219,1,220,0
2020-07-05,Los Angeles,37,10098052,133409,115133,93,115226,3495
2020-07-05,Madera,39,155013,1244,564,1,565,4
2020-07-05,Marin,41,260295,3439,2080,4,2084,17
2020-07-05,Mariposa,43,17540,36,31,0,31,1
2020-07-05,Mendocino,45,87422,103,72,0,72,0
2020-07-05,Merced,47,269075,2347,1340,1,1341,10
2020-07-05,Modoc,49,8938,1,0,0,0,0
2020-07-05,Mono,51,14174,54,39,0,39,1
2020-07-05,Monterey,53,433212,2690,1994,3,1997,15
2020-07-05,Napa,55,140530,576,450,0,450,4
2020-07-05,Nevada,57,99092,186,141,4,145,1
2020-07-05,Orange,59,3164182,27422,19430,251,19681,372
2020-07-05,Placer,61,380077,1154,855,2,857,11
2020-07-05,Plumas,63,18699,16,11,0,11,0
2020-07-05,Riverside,65,2383286,27567,21511,10,21521,474
2020-07-05,Sacramento,67,1510023,5650,4265,2,4267,71
2020-07-05,San Benito,69,59416,346,258,0,258,2
2020-07-05,San Bernardino,71,2135413,23095,15026,8,15034,270
2020-07-05,San Diego,73,3302833,20605,16728,0,16728,387
2020-07-05,San Francisco,75,870044,4549,3861,1,3862,50
2020-07-05,San Joaquin,77,732212,7054,5015,5,5020,57
2020-07-05,San Luis Obispo,79,281455,1020,730,3,733,2
2020-07-05,San Mateo,81,765935,4076,3575,4,3579,106
2020-07-05,Santa Barbara,83,443738,4717,3671,24,3695,27
2020-07-05,Santa Clara,85,1922200,6569,5237,8,5245,162
2020-07-05,Santa Cruz,87,273765,574,467,1,468,2
2020-07-05,Shasta,89,179085,252,138,1,139,6
2020-07-05,Sierra,91,2930,1,1,0,1,0
2020-07-05,Siskiyou,93,43540,45,30,0,30,0
2020-07-05,Solano,95,438530,2275,1547,9,1556,22
2020-07-05,Sonoma,97,501317,1841,1369,4,1373,8
2020-07-05,Stanislaus,99,539301,5280,3777,6,3783,45
2020-07-05,Sutter,101,95872,320,241,0,241,2
2020-07-05,Tehama,103,63373,120,95,1,96,1
2020-07-05,Trinity,105,12862,4,2,3,5,0
2020-07-05,Tulare,107,460477,6305,4981,4,4985,135
2020-07-05,Tuolumne,109,53932,67,30,1,31,0
2020-07-05,Ventura,111,848112,5077,3866,10,3876,44
2020-07-05,Yolo,113,214977,931,644,3,647,26
2020-07-05,Yuba,115,75493,136,115,0,115,1
2020-07-04,Alameda,1,1643700,8033,6737,9,6746,141
2020-07-04,Alpine,3,1148,2,1,0,1,0
2020-07-04,Amador,5,37829,36,31,0,31,0
2020-07-04,Butte,7,227075,362,224,4,228,2
2020-07-04,Calaveras,9,45235,69,45,0,45,0
2020-07-04,Colusa,11,21464,123,76,0,76,0
2020-07-04,Contra Costa,13,1133247,4857,3583,4,3587,80
2020-07-04,Del Norte,15,27424,60,50,0,50,0
2020-07-04,El Dorado,17,186661,353,211,0,211,0
2020-07-04,Fresno,19,978130,11483,5999,65,6064,82
2020-07-04,Glenn,21,27897,188,128,0,128,0
2020-07-04,Humboldt,23,135768,177,144,0,144,3
2020-07-04,Imperial,25,180216,8559,6441,6,6447,47
2020-07-04,Inyo,27,18085,35,32,0,32,1
2020-07-04,Kern,29,883053,11639,5231,37,5268,81
2020-07-04,Kings,31,150075,2994,2509,8,2517,31
2020-07-04,Lake,33,64148,113,86,0,86,1
2020-07-04,Lassen,35,31185,255,219,1,220,0
2020-07-04,Los Angeles,37,10098052,131593,107256,82,107338,3462
2020-07-04,Madera,39,155013,1198,568,1,569,4
2020-07-04,Marin,41,260295,3410,1962,4,1966,17
2020-07-04,Mariposa,43,17540,36,28,0,28,1
2020-07-04,Mendocino,45,87422,103,72,0,72,0
2020-07-04,Merced,47,269075,2244,1252,1,1253,10
2020-07-04,Modoc,49,8938,1,0,0,0,0
2020-07-04,Mono,51,14174,54,37,0,37,1
2020-07-04,Monterey,53,433212,2610,1878,3,1881,15
2020-07-04,Napa,55,140530,567,426,0,426,4
2020-07-04,Nevada,57,99092,183,125,4,129,1
2020-07-04,Orange,59,3164182,26990,19247,236,19483,372
2020-07-04,Placer,61,380077,1118,796,2,798,11
2020-07-04,Plumas,63,18699,16,11,0,11,0
2020-07-04,Riverside,65,2383286,27199,21508,10,21518,474
2020-07-04,Sacramento,67,1510023,5483,4039,2,4041,71
2020-07-04,San Benito,69,59416,333,255,0,255,2
2020-07-04,San Bernardino,71,2135413,22668,14636,8,14644,270
2020-07-04,San Diego,73,3302833,20145,16166,0,16166,387
2020-07-04,San Francisco,75,870044,4458,3861,1,3862,50
2020-07-04,San Joaquin,77,732212,6841,4807,5,4812,57
2020-07-04,San Luis Obispo,79,281455,980,699,3,702,2
2020-07-04,San Mateo,81,765935,4013,3532,4,3536,106
2020-07-04,Santa Barbara,83,443738,4642,3520,22,3542,27
2020-07-04,Santa Clara,85,1922200,6378,5045,8,5053,161
2020-07-04,Santa Cruz,87,273765,564,466,1,467,2
2020-07-04,Shasta,89,179085,249,135,1,136,6
2020-07-04,Sierra,91,2930,1,1,0,1,0
2020-07-04,Siskiyou,93,43540,38,30,0,30,0
2020-07-04,Solano,95,438530,2239,1548,9,1557,22
2020-07-04,Sonoma,97,501317,1815,1370,4,1374,8
2020-07-04,Stanislaus,99,539301,5123,3572,6,3578,44
2020-07-04,Sutter,101,95872,301,225,0,225,2
2020-07-04,Tehama,103,63373,117,92,1,93,1
2020-07-04,Trinity,105,12862,4,2,3,5,0
2020-07-04,Tulare,107,460477,6193,4802,3,4805,135
2020-07-04,Tuolumne,109,53932,63,30,1,31,0
2020-07-04,Ventura,111,848112,4953,3687,10,3697,44
2020-07-04,Yolo,113,214977,906,615,3,618,26
2020-07-04,Yuba,115,75493,129,102,0,102,1
2020-07-03,Alameda,1,1643700,7912,6486,9,6495,141
2020-07-03,Alpine,3,1148,2,1,0,1,0
2020-07-03,Amador,5,37829,36,25,0,25,0
2020-07-03,Butte,7,227075,350,212,4,216,2
2020-07-03,Calaveras,9,45235,69,44,0,44,0
2020-07-03,Colusa,11,21464,117,70,0,70,0
2020-07-03,Contra Costa,13,1133247,4723,3447,4,3451,78
2020-07-03,Del Norte,15,27424,60,50,0,50,0
2020-07-03,El Dorado,17,186661,341,201,0,201,0
2020-07-03,Fresno,19,978130,11179,5783,63,5846,81
2020-07-03,Glenn,21,27897,183,122,0,122,0
2020-07-03,Humboldt,23,135768,173,143,0,143,3
2020-07-03,Imperial,25,180216,8511,6345,6,6351,47
2020-07-03,Inyo,27,18085,35,32,0,32,1
2020-07-03,Kern,29,883053,11378,5213,37,5250,81
2020-07-03,Kings,31,150075,2958,2492,8,2500,31
2020-07-03,Lake,33,64148,106,83,0,83,0
2020-07-03,Lassen,35,31185,255,219,1,220,0
2020-07-03,Los Angeles,37,10098052,130077,107236,78,107314,3461
2020-07-03,Madera,39,155013,1153,565,1,566,4
2020-07-03,Marin,41,260295,3381,1776,4,1780,17
2020-07-03,Mariposa,43,17540,36,28,0,28,1
2020-07-03,Mendocino,45,87422,102,72,0,72,0
2020-07-03,Merced,47,269075,2178,1188,1,1189,10
2020-07-03,Modoc,49,8938,1,0,0,0,0
2020-07-03,Mono,51,14174,54,37,0,37,1
2020-07-03,Monterey,53,433212,2539,1804,3,1807,15
2020-07-03,Napa,55,140530,549,388,0,388,4
2020-07-03,Nevada,57,99092,182,125,4,129,1
2020-07-03,Orange,59,3164182,26599,18819,227,19046,366
2020-07-03,Placer,61,380077,1087,745,2,747,11
2020-07-03,Plumas,63,18699,16,11,0,11,0
2020-07-03,Riverside,65,2383286,26893,21171,10,21181,472
2020-07-03,Sacramento,67,1510023,5347,3711,2,3713,71
2020-07-03,San Benito,69,59416,326,243,0,243,2
2020-07-03,San Bernardino,71,2135413,22279,14040,8,14048,269
2020-07-03,San Diego,73,3302833,19689,15698,0,15698,387
2020-07-03,San Francisco,75,870044,4411,3781,1,3782,50
2020-07-03,San Joaquin,77,732212,6703,4416,4,4420,56
2020-07-03,San Luis Obispo,79,281455,945,676,3,679,2
2020-07-03,San Mateo,81,765935,3956,3439,4,3443,106
2020-07-03,Santa Barbara,83,443738,4555,3406,21,3427,27
2020-07-03,Santa Clara,85,1922200,6267,4820,8,4828,161
2020-07-03,Santa Cruz,87,273765,551,436,1,437,2
2020-07-03,Shasta,89,179085,241,113,1,114,6
2020-07-03,Sierra,91,2930,1,1,0,1,0
2020-07-03,Siskiyou,93,43540,35,30,0,30,0
2020-07-03,Solano,95,438530,2195,1496,8,1504,22
2020-07-03,Sonoma,97,501317,1767,1282,4,1286,8
2020-07-03,Stanislaus,99,539301,4998,3021,6,3027,43
2020-07-03,Sutter,101,95872,291,205,0,205,2
2020-07-03,Tehama,103,63373,115,89,1,90,1
2020-07-03,Trinity,105,12862,4,2,3,5,0
2020-07-03,Tulare,107,460477,6079,4656,3,4659,134
2020-07-03,Tuolumne,109,53932,61,27,1,28,0
2020-07-03,Ventura,111,848112,4857,3536,10,3546,44
2020-07-03,Yolo,113,214977,872,586,3,589,25
2020-07-03,Yuba,115,75493,124,96,0,96,1
2020-07-02,Alameda,1,1643700,7786,6386,9,6395,139
2020-07-02,Alpine,3,1148,2,1,0,1,0
2020-07-02,Amador,5,37829,35,23,0,23,0
2020-07-02,Butte,7,227075,333,199,4,203,2
2020-07-02,Calaveras,9,45235,65,42,0,42,0
2020-07-02,Colusa,11,21464,109,60,0,60,0
2020-07-02,Contra Costa,13,1133247,4541,3347,4,3351,77
2020-07-02,Del Norte,15,27424,59,50,0,50,0
2020-07-02,El Dorado,17,186661,330,193,0,193,0
2020-07-02,Fresno,19,978130,10722,5402,62,5464,78
2020-07-02,Glenn,21,27897,177,114,0,114,0
2020-07-02,Humboldt,23,135768,169,138,0,138,3
2020-07-02,Imperial,25,180216,8408,6236,6,6242,47
2020-07-02,Inyo,27,18085,35,29,0,29,1
2020-07-02,Kern,29,883053,10843,5036,35,5071,78
2020-07-02,Kings,31,150075,2908,2419,8,2427,31
2020-07-02,Lake,33,64148,103,81,0,81,0
2020-07-02,Lassen,35,31185,253,218,1,219,0
2020-07-02,Los Angeles,37,10098052,128058,107144,55,107199,3458
2020-07-02,Madera,39,155013,1085,548,1,549,4
2020-07-02,Marin,41,260295,3296,1706,4,1710,17
2020-07-02,Mariposa,43,17540,35,28,0,28,1
2020-07-02,Mendocino,45,87422,98,71,0,71,0
2020-07-02,Merced,47,269075,2081,1122,1,1123,10
2020-07-02,Modoc,49,8938,1,0,0,0,0
2020-07-02,Mono,51,14174,54,37,0,37,1
2020-07-02,Monterey,53,433212,2480,1796,3,1799,15
2020-07-02,Napa,55,140530,532,352,0,352,4
2020-07-02,Nevada,57,99092,176,118,4,122,1
2020-07-02,Orange,59,3164182,25837,17056,214,17270,360
2020-07-02,Placer,61,380077,1056,740,2,742,11
2020-07-02,Plumas,63,18699,15,8,0,8,0
2020-07-02,Riverside,65,2383286,26322,20253,10,20263,458
2020-07-02,Sacramento,67,1510023,5113,3587,2,3589,70
2020-07-02,San Benito,69,59416,318,236,0,236,2
2020-07-02,San Bernardino,71,2135413,21743,13185,8,13193,260
2020-07-02,San Diego,73,3302833,19227,15208,0,15208,377
2020-07-02,San Francisco,75,870044,4316,3676,1,3677,50
2020-07-02,San Joaquin,77,732212,6355,4243,4,4247,56
2020-07-02,San Luis Obispo,79,281455,900,659,3,662,2
2020-07-02,San Mateo,81,765935,3875,3390,4,3394,107
2020-07-02,Santa Barbara,83,443738,4455,3385,19,3404,27
2020-07-02,Santa Clara,85,1922200,6141,4722,8,4730,160
2020-07-02,Santa Cruz,87,273765,528,414,1,415,2
2020-07-02,Shasta,89,179085,238,110,1,111,5
2020-07-02,Sierra,91,2930,1,1,0,1,0
2020-07-02,Siskiyou,93,43540,35,30,0,30,0
2020-07-02,Solano,95,438530,2112,1429,8,1437,21
2020-07-02,Sonoma,97,501317,1710,1244,4,1248,6
2020-07-02,Stanislaus,99,539301,4829,2850,6,2856,41
2020-07-02,Sutter,101,95872,279,195,0,195,2
2020-07-02,Tehama,103,63373,113,86,1,87,1
2020-07-02,Trinity,105,12862,4,2,3,5,0
2020-07-02,Tulare,107,460477,5913,4559,2,4561,132
2020-07-02,Tuolumne,109,53932,58,23,1,24,0
2020-07-02,Ventura,111,848112,4701,3394,10,3404,42
2020-07-02,Yolo,113,214977,840,554,3,557,24
2020-07-02,Yuba,115,75493,114,93,0,93,1
2020-07-01,Alameda,1,1643700,7564,6125,9,6134,137
2020-07-01,Alpine,3,1148,2,1,0,1,0
2020-07-01,Amador,5,37829,34,22,0,22,0
2020-07-01,Butte,7,227075,308,185,4,189,2
2020-07-01,Calaveras,9,45235,63,37,0,37,0
2020-07-01,Colusa,11,21464,103,53,0,53,0
2020-07-01,Contra Costa,13,1133247,4329,3259,4,3263,76
2020-07-01,Del Norte,15,27424,59,50,0,50,0
2020-07-01,El Dorado,17,186661,303,183,0,183,0
2020-07-01,Fresno,19,978130,10289,5111,59,5170,76
2020-07-01,Glenn,21,27897,170,110,0,110,0
2020-07-01,Humboldt,23,135768,164,134,0,134,3
2020-07-01,Imperial,25,180216,8310,6150,6,6156,46
2020-07-01,Inyo,27,18085,34,30,0,30,1
2020-07-01,Kern,29,883053,10212,4853,32,4885,78
2020-07-01,Kings,31,150075,2840,2360,8,2368,30
2020-07-01,Lake,33,64148,102,75,0,75,0
2020-07-01,Lassen,35,31185,252,217,1,218,0
2020-07-01,Los Angeles,37,10098052,124857,105325,44,105369,3408
2020-07-01,Madera,39,155013,1044,519,1,520,4
2020-07-01,Marin,41,260295,3139,1636,4,1640,17
2020-07-01,Mariposa,43,17540,35,29,0,29,1
2020-07-01,Mendocino,45,87422,94,70,0,70,0
2020-07-01,Merced,47,269075,1981,1052,1,1053,10
2020-07-01,Modoc,49,8938,1,0,0,0,0
2020-07-01,Mono,51,14174,51,37,0,37,1
2020-07-01,Monterey,53,433212,2373,1703,3,1706,15
2020-07-01,Napa,55,140530,509,347,0,347,4
2020-07-01,Nevada,57,99092,166,115,4,119,1
2020-07-01,Orange,59,3164182,24954,15662,192,15854,343
2020-07-01,Placer,61,380077,1010,713,2,715,11
2020-07-01,Plumas,63,18699,13,8,0,8,0
2020-07-01,Riverside,65,2383286,25481,19537,10,19547,457
2020-07-01,Sacramento,67,1510023,4862,3425,2,3427,64
2020-07-01,San Benito,69,59416,309,219,0,219,2
2020-07-01,San Bernardino,71,2135413,20844,12712,8,12720,253
2020-07-01,San Diego,73,3302833,18669,14624,0,14624,372
2020-07-01,San Francisco,75,870044,4223,3626,1,3627,50
2020-07-01,San Joaquin,77,732212,5996,3990,4,3994,54
2020-07-01,San Luis Obispo,79,281455,874,613,3,616,1
2020-07-01,San Mateo,81,765935,3813,3326,4,3330,84
2020-07-01,Santa Barbara,83,443738,4335,3268,18,3286,27
2020-07-01,Santa Clara,85,1922200,5954,4547,7,4554,159
2020-07-01,Santa Cruz,87,273765,507,398,0,398,2
2020-07-01,Shasta,89,179085,233,104,1,105,5
2020-07-01,Sierra,91,2930,1,1,0,1,0
2020-07-01,Siskiyou,93,43540,35,28,0,28,0
2020-07-01,Solano,95,438530,2023,1350,8,1358,21
2020-07-01,Sonoma,97,501317,1614,1178,4,1182,6
2020-07-01,Stanislaus,99,539301,4550,2619,6,2625,41
2020-07-01,Sutter,101,95872,266,188,0,188,2
2020-07-01,Tehama,103,63373,106,80,1,81,1
2020-07-01,Trinity,105,12862,4,2,2,4,0
2020-07-01,Tulare,107,460477,5735,4359,2,4361,128
2020-07-01,Tuolumne,109,53932,55,17,1,18,0
2020-07-01,Ventura,111,848112,4558,3224,8,3232,41
2020-07-01,Yolo,113,214977,790,526,3,529,24
2020-07-01,Yuba,115,75493,109,57,0,57,1
2020-06-30,Alameda,1,1643700,7315,5959,7,5966,137
2020-06-30,Alpine,3,1148,2,1,0,1,0
2020-06-30,Amador,5,37829,34,21,0,21,0
2020-06-30,Butte,7,227075,291,163,4,167,2
2020-06-30,Calaveras,9,45235,58,31,0,31,0
2020-06-30,Colusa,11,21464,94,33,0,33,0
2020-06-30,Contra Costa,13,1133247,4123,3140,4,3144,75
2020-06-30,Del Norte,15,27424,59,48,0,48,0
2020-06-30,El Dorado,17,186661,290,175,0,175,0
2020-06-30,Fresno,19,978130,9842,4826,55,4881,75
2020-06-30,Glenn,21,27897,165,96,0,96,0
2020-06-30,Humboldt,23,135768,160,132,0,132,3
2020-06-30,Imperial,25,180216,8213,5968,6,5974,45
2020-06-30,Inyo,27,18085,34,30,0,30,1
2020-06-30,Kern,29,883053,9563,4721,28,4749,75
2020-06-30,Kings,31,150075,2791,2315,5,2320,30
2020-06-30,Lake,33,64148,94,56,0,56,0
2020-06-30,Lassen,35,31185,245,215,1,216,0
2020-06-30,Los Angeles,37,10098052,121268,103640,41,103681,3378
2020-06-30,Madera,39,155013,987,475,1,476,4
2020-06-30,Marin,41,260295,3068,1614,4,1618,17
2020-06-30,Mariposa,43,17540,34,27,0,27,1
2020-06-30,Mendocino,45,87422,89,65,0,65,0
2020-06-30,Merced,47,269075,1844,970,1,971,10
2020-06-30,Modoc,49,8938,1,0,0,0,0
2020-06-30,Mono,51,14174,49,36,0,36,1
2020-06-30,Monterey,53,433212,2275,1657,3,1660,15
2020-06-30,Napa,55,140530,484,342,0,342,4
2020-06-30,Nevada,57,99092,158,113,4,117,1
2020-06-30,Orange,59,3164182,24026,14354,182,14536,335
2020-06-30,Placer,61,380077,985,667,2,669,11
2020-06-30,Plumas,63,18699,12,8,0,8,0
2020-06-30,Riverside,65,2383286,24764,18656,10,18666,449
2020-06-30,Sacramento,67,1510023,4572,3246,2,3248,64
2020-06-30,San Benito,69,59416,298,200,0,200,2
2020-06-30,San Bernardino,71,2135413,19860,12375,8,12383,249
2020-06-30,San Diego,73,3302833,17966,14150,0,14150,365
2020-06-30,San Francisco,75,870044,4118,3555,1,3556,50
2020-06-30,San Joaquin,77,732212,5622,3744,4,3748,52
2020-06-30,San Luis Obispo,79,281455,838,583,3,586,1
2020-06-30,San Mateo,81,765935,3736,3268,4,3272,84
2020-06-30,Santa Barbara,83,443738,4218,3102,18,3120,25
2020-06-30,Santa Clara,85,1922200,5754,4346,7,4353,157
2020-06-30,Santa Cruz,87,273765,483,379,0,379,2
2020-06-30,Shasta,89,179085,217,100,1,101,5
2020-06-30,Sierra,91,2930,1,1,0,1,0
2020-06-30,Siskiyou,93,43540,34,26,0,26,0
2020-06-30,Solano,95,438530,1931,1256,8,1264,21
2020-06-30,Sonoma,97,501317,1549,1122,4,1126,6
2020-06-30,Stanislaus,99,539301,4254,2578,6,2584,41
2020-06-30,Sutter,101,95872,243,168,0,168,2
2020-06-30,Tehama,103,63373,104,75,1,76,1
2020-06-30,Trinity,105,12862,4,2,2,4,0
2020-06-30,Tulare,107,460477,5528,4207,2,4209,117
2020-06-30,Tuolumne,109,53932,51,16,1,17,0
2020-06-30,Ventura,111,848112,4424,3030,8,3038,40
2020-06-30,Yolo,113,214977,752,515,3,518,24
2020-06-30,Yuba,115,75493,105,55,0,55,1
2020-06-29,Alameda,1,1643700,7105,5766,7,5773,135
2020-06-29,Alpine,3,1148,2,1,0,1,0
2020-06-29,Amador,5,37829,31,20,0,20,0
2020-06-29,Butte,7,227075,270,157,4,161,2
2020-06-29,Calaveras,9,45235,56,30,0,30,0
2020-06-29,Colusa,11,21464,89,17,0,17,0
2020-06-29,Contra Costa,13,1133247,3960,2976,3,2979,75
2020-06-29,Del Norte,15,27424,59,47,0,47,0
2020-06-29,El Dorado,17,186661,276,163,0,163,0
2020-06-29,Fresno,19,978130,9495,4531,54,4585,74
2020-06-29,Glenn,21,27897,156,77,0,77,0
2020-06-29,Humboldt,23,135768,159,128,0,128,3
2020-06-29,Imperial,25,180216,8082,5512,6,5518,45
2020-06-29,Inyo,27,18085,33,29,0,29,1
2020-06-29,Kern,29,883053,8900,4613,26,4639,73
2020-06-29,Kings,31,150075,2727,2280,5,2285,20
2020-06-29,Lake,33,64148,87,53,0,53,0
2020-06-29,Lassen,35,31185,237,77,1,78,0
2020-06-29,Los Angeles,37,10098052,118221,100846,35,100881,3337
2020-06-29,Madera,39,155013,930,422,1,423,4
2020-06-29,Marin,41,260295,2992,1517,4,1521,17
2020-06-29,Mariposa,43,17540,32,25,0,25,1
2020-06-29,Mendocino,45,87422,86,63,0,63,0
2020-06-29,Merced,47,269075,1738,848,1,849,10
2020-06-29,Modoc,49,8938,1,0,0,0,0
2020-06-29,Mono,51,14174,47,35,0,35,1
2020-06-29,Monterey,53,433212,2203,1614,3,1617,14
2020-06-29,Napa,55,140530,463,317,0,317,4
2020-06-29,Nevada,57,99092,155,107,3,110,1
2020-06-29,Orange,59,3164182,23034,13682,166,13848,324
2020-06-29,Placer,61,380077,946,628,2,630,11
2020-06-29,Plumas,63,18699,12,6,0,6,0
2020-06-29,Riverside,65,2383286,23730,17683,10,17693,432
2020-06-29,Sacramento,67,1510023,4290,2985,2,2987,62
2020-06-29,San Benito,69,59416,283,193,0,193,2
2020-06-29,San Bernardino,71,2135413,18898,11643,8,11651,245
2020-06-29,San Diego,73,3302833,17390,13834,0,13834,361
2020-06-29,San Francisco,75,870044,4041,3389,1,3390,50
2020-06-29,San Joaquin,77,732212,5264,3202,4,3206,52
2020-06-29,San Luis Obispo,79,281455,804,544,3,547,1
2020-06-29,San Mateo,81,765935,3682,3170,4,3174,84
2020-06-29,Santa Barbara,83,443738,4108,2933,17,2950,25
2020-06-29,Santa Clara,85,1922200,5582,4231,7,4238,157
2020-06-29,Santa Cruz,87,273765,465,348,0,348,2
2020-06-29,Shasta,89,179085,209,94,1,95,5
2020-06-29,Sierra,91,2930,1,1,0,1,0
2020-06-29,Siskiyou,93,43540,34,25,0,25,0
2020-06-29,Solano,95,438530,1829,1077,8,1085,21
2020-06-29,Sonoma,97,501317,1477,1103,4,1107,5
2020-06-29,Stanislaus,99,539301,4048,2400,5,2405,36
2020-06-29,Sutter,101,95872,221,152,0,152,2
2020-06-29,Tehama,103,63373,100,63,1,64,1
2020-06-29,Trinity,105,12862,4,2,2,4,0
2020-06-29,Tulare,107,460477,5374,3906,2,3908,117
2020-06-29,Tuolumne,109,53932,47,16,1,17,0
2020-06-29,Ventura,111,848112,4277,2794,8,2802,40
2020-06-29,Yolo,113,214977,719,483,3,486,24
2020-06-29,Yuba,115,75493,92,55,0,55,1
2020-06-28,Alameda,1,1643700,6846,5698,7,5705,135
2020-06-28,Alpine,3,1148,2,1,0,1,0
2020-06-28,Amador,5,37829,29,20,0,20,0
2020-06-28,Butte,7,227075,251,150,4,154,2
2020-06-28,Calaveras,9,45235,51,30,0,30,0
2020-06-28,Colusa,11,21464,74,17,0,17,0
2020-06-28,Contra Costa,13,1133247,3770,2803,3,2806,73
2020-06-28,Del Norte,15,27424,58,47,0,47,0
2020-06-28,El Dorado,17,186661,264,162,0,162,0
2020-06-28,Fresno,19,978130,9134,4365,54,4419,74
2020-06-28,Glenn,21,27897,148,77,0,77,0
2020-06-28,Humboldt,23,135768,156,127,0,127,3
2020-06-28,Imperial,25,180216,7893,5513,6,5519,45
2020-06-28,Inyo,27,18085,33,29,0,29,1
2020-06-28,Kern,29,883053,8347,4541,24,4565,72
2020-06-28,Kings,31,150075,2668,2234,5,2239,18
2020-06-28,Lake,33,64148,83,53,0,53,0
2020-06-28,Lassen,35,31185,237,77,1,78,0
2020-06-28,Los Angeles,37,10098052,115017,98003,31,98034,3316
2020-06-28,Madera,39,155013,883,424,1,425,4
2020-06-28,Marin,41,260295,2646,1473,4,1477,17
2020-06-28,Mariposa,43,17540,32,24,0,24,1
2020-06-28,Mendocino,45,87422,84,63,0,63,0
2020-06-28,Merced,47,269075,1625,814,1,815,10
2020-06-28,Modoc,49,8938,1,0,0,0,0
2020-06-28,Mono,51,14174,47,35,0,35,1
2020-06-28,Monterey,53,433212,2121,1560,3,1563,13
2020-06-28,Napa,55,140530,429,307,0,307,4
2020-06-28,Nevada,57,99092,144,102,3,105,1
2020-06-28,Orange,59,3164182,22059,13213,148,13361,324
2020-06-28,Placer,61,380077,904,618,2,620,11
2020-06-28,Plumas,63,18699,11,6,0,6,0
2020-06-28,Riverside,65,2383286,22903,16848,9,16857,432
2020-06-28,Sacramento,67,1510023,4062,2803,2,2805,63
2020-06-28,San Benito,69,59416,272,190,0,190,2
2020-06-28,San Bernardino,71,2135413,18144,11344,7,11351,245
2020-06-28,San Diego,73,3302833,16845,13333,0,13333,361
2020-06-28,San Francisco,75,870044,3962,3388,1,3389,50
2020-06-28,San Joaquin,77,732212,4929,3201,4,3205,52
2020-06-28,San Luis Obispo,79,281455,765,531,3,534,1
2020-06-28,San Mateo,81,765935,3604,3124,4,3128,84
2020-06-28,Santa Barbara,83,443738,3963,2872,17,2889,25
2020-06-28,Santa Clara,85,1922200,5422,4131,7,4138,156
2020-06-28,Santa Cruz,87,273765,442,349,0,349,2
2020-06-28,Shasta,89,179085,196,89,0,89,5
2020-06-28,Sierra,91,2930,1,1,0,1,0
2020-06-28,Siskiyou,93,43540,34,25,0,25,0
2020-06-28,Solano,95,438530,1754,1077,8,1085,21
2020-06-28,Sonoma,97,501317,1423,1084,4,1088,5
2020-06-28,Stanislaus,99,539301,3842,2376,5,2381,36
2020-06-28,Sutter,101,95872,195,145,0,145,2
2020-06-28,Tehama,103,63373,93,63,1,64,1
2020-06-28,Trinity,105,12862,4,2,2,4,0
2020-06-28,Tulare,107,460477,5209,3812,2,3814,117
2020-06-28,Tuolumne,109,53932,42,14,1,15,0
2020-06-28,Ventura,111,848112,4119,2650,8,2658,40
2020-06-28,Yolo,113,214977,684,468,3,471,24
2020-06-28,Yuba,115,75493,88,39,0,39,1
2020-06-27,Alameda,1,1643700,6751,5581,7,5588,135
2020-06-27,Alpine,3,1148,2,1,0,1,0
2020-06-27,Amador,5,37829,27,20,0,20,0
2020-06-27,Butte,7,227075,243,137,4,141,2
2020-06-27,Calaveras,9,45235,49,30,0,30,0
2020-06-27,Colusa,11,21464,68,17,0,17,0
2020-06-27,Contra Costa,13,1133247,3675,2717,2,2719,72
2020-06-27,Del Norte,15,27424,58,47,0,47,0
2020-06-27,El Dorado,17,186661,258,159,0,159,0
2020-06-27,Fresno,19,978130,8888,4238,54,4292,74
2020-06-27,Glenn,21,27897,144,77,0,77,0
2020-06-27,Humboldt,23,135768,154,127,0,127,3
2020-06-27,Imperial,25,180216,7831,5513,6,5519,45
2020-06-27,Inyo,27,18085,33,29,0,29,1
2020-06-27,Kern,29,883053,8085,4411,23,4434,70
2020-06-27,Kings,31,150075,2642,2187,5,2192,18
2020-06-27,Lake,33,64148,80,42,0,42,0
2020-06-27,Lassen,35,31185,237,33,1,34,0
2020-06-27,Los Angeles,37,10098052,113276,95341,28,95369,3291
2020-06-27,Madera,39,155013,840,427,0,427,4
2020-06-27,Marin,41,260295,2601,1423,4,1427,17
2020-06-27,Mariposa,43,17540,31,22,0,22,1
2020-06-27,Mendocino,45,87422,84,63,0,63,0
2020-06-27,Merced,47,269075,1567,807,0,807,10
2020-06-27,Modoc,49,8938,1,0,0,0,0
2020-06-27,Mono,51,14174,46,35,0,35,1
2020-06-27,Monterey,53,433212,2057,1455,3,1458,12
2020-06-27,Napa,55,140530,419,282,0,282,3
2020-06-27,Nevada,57,99092,140,102,2,104,1
2020-06-27,Orange,59,3164182,21551,12951,143,13094,320
2020-06-27,Placer,61,380077,883,584,2,586,10
2020-06-27,Plumas,63,18699,11,6,0,6,0
2020-06-27,Riverside,65,2383286,22514,16209,9,16218,432
2020-06-27,Sacramento,67,1510023,3944,2685,2,2687,63
2020-06-27,San Benito,69,59416,265,182,0,182,2
2020-06-27,San Bernardino,71,2135413,17766,11238,7,11245,243
2020-06-27,San Diego,73,3302833,16480,12836,0,12836,360
2020-06-27,San Francisco,75,870044,3907,3332,1,3333,49
2020-06-27,San Joaquin,77,732212,4764,2995,4,2999,52
2020-06-27,San Luis Obispo,79,281455,741,505,3,508,1
2020-06-27,San Mateo,81,765935,3547,3083,4,3087,83
2020-06-27,Santa Barbara,83,443738,3891,2799,17,2816,25
2020-06-27,Santa Clara,85,1922200,5317,4006,7,4013,157
2020-06-27,Santa Cruz,87,273765,435,347,0,347,2
2020-06-27,Shasta,89,179085,191,87,0,87,5
2020-06-27,Sierra,91,2930,1,1,0,1,0
2020-06-27,Siskiyou,93,43540,34,25,0,25,0
2020-06-27,Solano,95,438530,1721,1076,8,1084,21
2020-06-27,Sonoma,97,501317,1392,1004,4,1008,5
2020-06-27,Stanislaus,99,539301,3743,2164,5,2169,36
2020-06-27,Sutter,101,95872,188,141,0,141,2
2020-06-27,Tehama,103,63373,90,63,1,64,1
2020-06-27,Trinity,105,12862,4,2,2,4,0
2020-06-27,Tulare,107,460477,5113,3810,2,3812,117
2020-06-27,Tuolumne,109,53932,41,13,1,14,0
2020-06-27,Ventura,111,848112,4020,2471,8,2479,40
2020-06-27,Yolo,113,214977,659,432,3,435,24
2020-06-27,Yuba,115,75493,80,39,0,39,1
2020-06-26,Alameda,1,1643700,6665,5502,6,5508,132
2020-06-26,Alpine,3,1148,2,1,0,1,0
2020-06-26,Amador,5,37829,26,20,0,20,0
2020-06-26,Butte,7,227075,229,135,4,139,2
2020-06-26,Calaveras,9,45235,47,30,0,30,0
2020-06-26,Colusa,11,21464,63,17,0,17,0
2020-06-26,Contra Costa,13,1133247,3562,2676,2,2678,72
2020-06-26,Del Norte,15,27424,57,47,0,47,0
2020-06-26,El Dorado,17,186661,250,159,0,159,0
2020-06-26,Fresno,19,978130,8663,4166,54,4220,74
2020-06-26,Glenn,21,27897,137,71,0,71,0
2020-06-26,Humboldt,23,135768,152,126,0,126,3
2020-06-26,Imperial,25,180216,7767,5400,6,5406,44
2020-06-26,Inyo,27,18085,32,29,0,29,1
2020-06-26,Kern,29,883053,7752,4366,23,4389,70
2020-06-26,Kings,31,150075,2610,2176,4,2180,18
2020-06-26,Lake,33,64148,79,42,0,42,0
2020-06-26,Lassen,35,31185,236,30,1,31,0
2020-06-26,Los Angeles,37,10098052,111111,93328,28,93356,3275
2020-06-26,Madera,39,155013,808,409,0,409,4
2020-06-26,Marin,41,260295,2565,1406,4,1410,17
2020-06-26,Mariposa,43,17540,30,21,0,21,1
2020-06-26,Mendocino,45,87422,81,63,0,63,0
2020-06-26,Merced,47,269075,1521,797,0,797,10
2020-06-26,Modoc,49,8938,1,0,0,0,0
2020-06-26,Mono,51,14174,45,35,0,35,1
2020-06-26,Monterey,53,433212,2005,1449,3,1452,12
2020-06-26,Napa,55,140530,409,277,0,277,3
2020-06-26,Nevada,57,99092,136,101,1,102,1
2020-06-26,Orange,59,3164182,20875,12659,140,12799,320
2020-06-26,Placer,61,380077,854,584,2,586,10
2020-06-26,Plumas,63,18699,11,6,0,6,0
2020-06-26,Riverside,65,2383286,22052,15858,9,15867,430
2020-06-26,Sacramento,67,1510023,3780,2687,2,2689,63
2020-06-26,San Benito,69,59416,261,176,0,176,2
2020-06-26,San Bernardino,71,2135413,17389,11111,7,11118,243
2020-06-26,San Diego,73,3302833,16115,12402,0,12402,358
2020-06-26,San Francisco,75,870044,3851,3330,1,3331,49
2020-06-26,San Joaquin,77,732212,4550,2943,4,2947,52
2020-06-26,San Luis Obispo,79,281455,726,498,3,501,1
2020-06-26,San Mateo,81,765935,3495,3055,4,3059,83
2020-06-26,Santa Barbara,83,443738,3801,2784,15,2799,25
2020-06-26,Santa Clara,85,1922200,5216,3968,7,3975,156
2020-06-26,Santa Cruz,87,273765,428,344,0,344,2
2020-06-26,Shasta,89,179085,184,86,0,86,5
2020-06-26,Sierra,91,2930,1,1,0,1,0
2020-06-26,Siskiyou,93,43540,33,24,0,24,0
2020-06-26,Solano,95,438530,1679,1068,8,1076,21
2020-06-26,Sonoma,97,501317,1360,977,4,981,5
2020-06-26,Stanislaus,99,539301,3630,2157,5,2162,36
2020-06-26,Sutter,101,95872,181,138,0,138,2
2020-06-26,Tehama,103,63373,87,63,1,64,1
2020-06-26,Trinity,105,12862,4,2,2,4,0
2020-06-26,Tulare,107,460477,5024,3720,2,3722,117
2020-06-26,Tuolumne,109,53932,39,10,1,11,0
2020-06-26,Ventura,111,848112,3934,2444,8,2452,40
2020-06-26,Yolo,113,214977,635,418,3,421,24
2020-06-26,Yuba,115,75493,74,38,0,38,1
2020-06-25,Alameda,1,1643700,6474,5398,6,5404,130
2020-06-25,Alpine,3,1148,2,1,0,1,0
2020-06-25,Amador,5,37829,25,18,0,18,0
2020-06-25,Butte,7,227075,225,127,4,131,1
2020-06-25,Calaveras,9,45235,42,26,0,26,0
2020-06-25,Colusa,11,21464,53,14,0,14,0
2020-06-25,Contra Costa,13,1133247,3378,2591,2,2593,71
2020-06-25,Del Norte,15,27424,55,47,0,47,0
2020-06-25,El Dorado,17,186661,242,150,0,150,0
2020-06-25,Fresno,19,978130,8350,3938,53,3991,71
2020-06-25,Glenn,21,27897,132,59,0,59,0
2020-06-25,Humboldt,23,135768,151,121,0,121,3
2020-06-25,Imperial,25,180216,7638,5192,6,5198,44
2020-06-25,Inyo,27,18085,29,27,0,27,1
2020-06-25,Kern,29,883053,7327,4236,20,4256,69
2020-06-25,Kings,31,150075,2558,2110,4,2114,17
2020-06-25,Lake,33,64148,78,42,0,42,0
2020-06-25,Lassen,35,31185,230,13,1,14,0
2020-06-25,Los Angeles,37,10098052,108346,91524,28,91552,3239
2020-06-25,Madera,39,155013,764,380,0,380,4
2020-06-25,Marin,41,260295,2464,1321,4,1325,17
2020-06-25,Mariposa,43,17540,29,20,0,20,1
2020-06-25,Mendocino,45,87422,78,61,0,61,0
2020-06-25,Merced,47,269075,1434,747,0,747,10
2020-06-25,Modoc,49,8938,1,0,0,0,0
2020-06-25,Mono,51,14174,44,35,0,35,1
2020-06-25,Monterey,53,433212,1917,1426,2,1428,12
2020-06-25,Napa,55,140530,391,260,0,260,3
2020-06-25,Nevada,57,99092,128,92,1,93,1
2020-06-25,Orange,59,3164182,19953,12221,138,12359,311
2020-06-25,Placer,61,380077,802,574,2,576,10
2020-06-25,Plumas,63,18699,10,6,0,6,0
2020-06-25,Riverside,65,2383286,21298,15224,9,15233,427
2020-06-25,Sacramento,67,1510023,3559,2519,2,2521,62
2020-06-25,San Benito,69,59416,253,174,0,174,2
2020-06-25,San Bernardino,71,2135413,16637,10590,7,10597,242
2020-06-25,San Diego,73,3302833,15576,11963,0,11963,352
2020-06-25,San Francisco,75,870044,3786,3252,1,3253,48
2020-06-25,San Joaquin,77,732212,4278,2803,4,2807,50
2020-06-25,San Luis Obispo,79,281455,694,473,3,476,1
2020-06-25,San Mateo,81,765935,3427,2996,4,3000,82
2020-06-25,Santa Barbara,83,443738,3695,2622,14,2636,25
2020-06-25,Santa Clara,85,1922200,5068,3871,7,3878,156
2020-06-25,Santa Cruz,87,273765,416,335,0,335,2
2020-06-25,Shasta,89,179085,174,84,0,84,5
2020-06-25,Sierra,91,2930,1,1,0,1,0
2020-06-25,Siskiyou,93,43540,32,24,0,24,0
2020-06-25,Solano,95,438530,1626,1034,8,1042,21
2020-06-25,Sonoma,97,501317,1313,953,3,956,5
2020-06-25,Stanislaus,99,539301,3418,2130,5,2135,36
2020-06-25,Sutter,101,95872,169,126,0,126,2
2020-06-25,Tehama,103,63373,83,59,1,60,1
2020-06-25,Trinity,105,12862,4,2,2,4,0
2020-06-25,Tulare,107,460477,4894,3656,2,3658,117
2020-06-25,Tuolumne,109,53932,38,10,1,11,0
2020-06-25,Ventura,111,848112,3752,2346,7,2353,40
2020-06-25,Yolo,113,214977,605,397,3,400,24
2020-06-25,Yuba,115,75493,63,38,0,38,1
2020-06-24,Alameda,1,1643700,6313,5242,6,5248,123
2020-06-24,Alpine,3,1148,2,1,0,1,0
2020-06-24,Amador,5,37829,23,16,0,16,0
2020-06-24,Butte,7,227075,209,119,4,123,1
2020-06-24,Calaveras,9,45235,40,26,0,26,0
2020-06-24,Colusa,11,21464,44,11,0,11,0
2020-06-24,Contra Costa,13,1133247,3224,2520,2,2522,66
2020-06-24,Del Norte,15,27424,49,47,0,47,0
2020-06-24,El Dorado,17,186661,226,149,0,149,0
2020-06-24,Fresno,19,978130,8019,3765,53,3818,71
2020-06-24,Glenn,21,27897,124,54,0,54,0
2020-06-24,Humboldt,23,135768,151,117,0,117,3
2020-06-24,Imperial,25,180216,7520,5138,6,5144,38
2020-06-24,Inyo,27,18085,29,28,0,28,1
2020-06-24,Kern,29,883053,6934,4155,17,4172,67
2020-06-24,Kings,31,150075,2496,2063,4,2067,16
2020-06-24,Lake,33,64148,65,40,0,40,0
2020-06-24,Lassen,35,31185,229,9,1,10,0
2020-06-24,Los Angeles,37,10098052,105589,89566,28,89594,3186
2020-06-24,Madera,39,155013,743,373,0,373,4
2020-06-24,Marin,41,260295,2236,1261,4,1265,17
2020-06-24,Mariposa,43,17540,28,19,0,19,1
2020-06-24,Mendocino,45,87422,78,60,0,60,0
2020-06-24,Merced,47,269075,1348,696,0,696,8
2020-06-24,Modoc,49,8938,1,0,0,0,0
2020-06-24,Mono,51,14174,42,35,0,35,1
2020-06-24,Monterey,53,433212,1840,1407,2,1409,12
2020-06-24,Napa,55,140530,373,258,0,258,3
2020-06-24,Nevada,57,99092,122,92,1,93,1
2020-06-24,Orange,59,3164182,18960,11804,119,11923,303
2020-06-24,Placer,61,380077,765,548,2,550,10
2020-06-24,Plumas,63,18699,10,6,0,6,0
2020-06-24,Riverside,65,2383286,20452,14946,9,14955,410
2020-06-24,Sacramento,67,1510023,3355,2446,2,2448,62
2020-06-24,San Benito,69,59416,249,171,0,171,2
2020-06-24,San Bernardino,71,2135413,15825,10211,6,10217,239
2020-06-24,San Diego,73,3302833,15076,11628,0,11628,347
2020-06-24,San Francisco,75,870044,3723,3216,1,3217,48
2020-06-24,San Joaquin,77,732212,4056,2680,4,2684,49
2020-06-24,San Luis Obispo,79,281455,663,461,2,463,1
2020-06-24,San Mateo,81,765935,3370,2964,4,2968,82
2020-06-24,Santa Barbara,83,443738,3575,2569,12,2581,22
2020-06-24,Santa Clara,85,1922200,4938,3812,7,3819,155
2020-06-24,Santa Cruz,87,273765,404,329,0,329,2
2020-06-24,Shasta,89,179085,166,83,0,83,5
2020-06-24,Sierra,91,2930,1,1,0,1,0
2020-06-24,Siskiyou,93,43540,31,24,0,24,0
2020-06-24,Solano,95,438530,1536,979,7,986,21
2020-06-24,Sonoma,97,501317,1264,933,3,936,4
2020-06-24,Stanislaus,99,539301,3240,2039,5,2044,36
2020-06-24,Sutter,101,95872,156,118,0,118,2
2020-06-24,Tehama,103,63373,81,55,1,56,1
2020-06-24,Trinity,105,12862,4,2,2,4,0
2020-06-24,Tulare,107,460477,4741,3541,2,3543,116
2020-06-24,Tuolumne,109,53932,33,9,1,10,0
2020-06-24,Ventura,111,848112,3411,2314,7,2321,42
2020-06-24,Yolo,113,214977,570,376,3,379,24
2020-06-24,Yuba,115,75493,57,37,0,37,1
2020-06-23,Alameda,1,1643700,6132,5159,6,5165,121
2020-06-23,Alpine,3,1148,2,1,0,1,0
2020-06-23,Amador,5,37829,22,13,0,13,0
2020-06-23,Butte,7,227075,191,111,4,115,1
2020-06-23,Calaveras,9,45235,40,26,0,26,0
2020-06-23,Colusa,11,21464,40,7,0,7,0
2020-06-23,Contra Costa,13,1133247,3097,2453,2,2455,60
2020-06-23,Del Norte,15,27424,48,46,0,46,0
2020-06-23,El Dorado,17,186661,217,142,0,142,0
2020-06-23,Fresno,19,978130,7371,3569,51,3620,67
2020-06-23,Glenn,21,27897,120,47,0,47,0
2020-06-23,Humboldt,23,135768,151,110,0,110,3
2020-06-23,Imperial,25,180216,7357,5025,6,5031,38
2020-06-23,Inyo,27,18085,29,26,0,26,1
2020-06-23,Kern,29,883053,6568,4087,14,4101,64
2020-06-23,Kings,31,150075,2431,1727,4,1731,16
2020-06-23,Lake,33,64148,59,40,0,40,0
2020-06-23,Lassen,35,31185,225,9,1,10,0
2020-06-23,Los Angeles,37,10098052,102656,88433,26,88459,3152
2020-06-23,Madera,39,155013,704,369,0,369,4
2020-06-23,Marin,41,260295,1968,1139,4,1143,17
2020-06-23,Mariposa,43,17540,26,18,0,18,1
2020-06-23,Mendocino,45,87422,77,61,0,61,0
2020-06-23,Merced,47,269075,1251,656,0,656,8
2020-06-23,Modoc,49,8938,1,0,0,0,0
2020-06-23,Mono,51,14174,42,35,0,35,1
2020-06-23,Monterey,53,433212,1770,1346,2,1348,12
2020-06-23,Napa,55,140530,358,230,0,230,3
2020-06-23,Nevada,57,99092,116,81,1,82,1
2020-06-23,Orange,59,3164182,17990,11071,116,11187,278
2020-06-23,Placer,61,380077,739,525,2,527,10
2020-06-23,Plumas,63,18699,9,6,0,6,0
2020-06-23,Riverside,65,2383286,19432,14469,9,14478,406
2020-06-23,Sacramento,67,1510023,3178,2374,2,2376,62
2020-06-23,San Benito,69,59416,235,167,0,167,2
2020-06-23,San Bernardino,71,2135413,15041,9771,6,9777,229
2020-06-23,San Diego,73,3302833,14556,11296,0,11296,341
2020-06-23,San Francisco,75,870044,3650,3177,1,3178,48
2020-06-23,San Joaquin,77,732212,3797,2502,4,2506,48
2020-06-23,San Luis Obispo,79,281455,633,445,2,447,1
2020-06-23,San Mateo,81,765935,3304,2907,4,2911,81
2020-06-23,Santa Barbara,83,443738,3479,2498,12,2510,22
2020-06-23,Santa Clara,85,1922200,4792,3700,7,3707,155
2020-06-23,Santa Cruz,87,273765,394,313,0,313,2
2020-06-23,Shasta,89,179085,157,81,0,81,5
2020-06-23,Sierra,91,2930,1,1,0,1,0
2020-06-23,Siskiyou,93,43540,29,24,0,24,0
2020-06-23,Solano,95,438530,1479,941,6,947,21
2020-06-23,Sonoma,97,501317,1211,912,3,915,4
2020-06-23,Stanislaus,99,539301,3065,1850,5,1855,35
2020-06-23,Sutter,101,95872,146,112,0,112,2
2020-06-23,Tehama,103,63373,79,50,1,51,1
2020-06-23,Trinity,105,12862,4,2,2,4,0
2020-06-23,Tulare,107,460477,4619,3456,2,3458,111
2020-06-23,Tuolumne,109,53932,28,9,1,10,0
2020-06-23,Ventura,111,848112,3251,2209,6,2215,40
2020-06-23,Yolo,113,214977,544,350,0,350,24
2020-06-23,Yuba,115,75493,54,35,0,35,1
2020-06-22,Alameda,1,1643700,5981,4944,6,4950,121
2020-06-22,Alpine,3,1148,2,1,0,1,0
2020-06-22,Amador,5,37829,19,12,0,12,0
2020-06-22,Butte,7,227075,172,104,4,108,1
2020-06-22,Calaveras,9,45235,38,20,0,20,0
2020-06-22,Colusa,11,21464,37,7,0,7,0
2020-06-22,Contra Costa,13,1133247,2955,2363,2,2365,60
2020-06-22,Del Norte,15,27424,48,46,0,46,0
2020-06-22,El Dorado,17,186661,208,137,0,137,0
2020-06-22,Fresno,19,978130,6839,3425,51,3476,67
2020-06-22,Glenn,21,27897,111,40,0,40,0
2020-06-22,Humboldt,23,135768,148,110,0,110,3
2020-06-22,Imperial,25,180216,7201,4700,6,4706,38
2020-06-22,Inyo,27,18085,29,26,0,26,1
2020-06-22,Kern,29,883053,6216,3982,12,3994,60
2020-06-22,Kings,31,150075,2383,1513,4,1517,13
2020-06-22,Lake,33,64148,53,37,0,37,0
2020-06-22,Lassen,35,31185,115,7,1,8,0
2020-06-22,Los Angeles,37,10098052,99766,85925,25,85950,3117
2020-06-22,Madera,39,155013,679,333,0,333,4
2020-06-22,Marin,41,260295,1712,1029,4,1033,17
2020-06-22,Mariposa,43,17540,25,18,0,18,1
2020-06-22,Mendocino,45,87422,72,48,0,48,0
2020-06-22,Merced,47,269075,1162,619,0,619,8
2020-06-22,Modoc,49,8938,1,0,0,0,0
2020-06-22,Mono,51,14174,42,34,0,34,1
2020-06-22,Monterey,53,433212,1709,1293,2,1295,12
2020-06-22,Napa,55,140530,334,222,0,222,3
2020-06-22,Nevada,57,99092,111,79,1,80,1
2020-06-22,Orange,59,3164182,17061,10711,114,10825,275
2020-06-22,Placer,61,380077,709,512,2,514,9
2020-06-22,Plumas,63,18699,7,6,0,6,0
2020-06-22,Riverside,65,2383286,18459,13948,9,13957,403
2020-06-22,Sacramento,67,1510023,2964,2243,2,2245,62
2020-06-22,San Benito,69,59416,226,164,0,164,2
2020-06-22,San Bernardino,71,2135413,14265,9133,6,9139,229
2020-06-22,San Diego,73,3302833,14065,11098,0,11098,338
2020-06-22,San Francisco,75,870044,3557,3000,1,3001,47
2020-06-22,San Joaquin,77,732212,3550,2332,4,2336,48
2020-06-22,San Luis Obispo,79,281455,601,422,2,424,1
2020-06-22,San Mateo,81,765935,3232,2813,4,2817,81
2020-06-22,Santa Barbara,83,443738,3387,2447,12,2459,21
2020-06-22,Santa Clara,85,1922200,4632,3580,7,3587,155
2020-06-22,Santa Cruz,87,273765,381,290,0,290,3
2020-06-22,Shasta,89,179085,154,77,0,77,5
2020-06-22,Sierra,91,2930,1,1,0,1,0
2020-06-22,Siskiyou,93,43540,29,23,0,23,0
2020-06-22,Solano,95,438530,1401,784,5,789,21
2020-06-22,Sonoma,97,501317,1166,860,1,861,4
2020-06-22,Stanislaus,99,539301,2880,1784,5,1789,35
2020-06-22,Sutter,101,95872,137,100,0,100,2
2020-06-22,Tehama,103,63373,75,38,1,39,1
2020-06-22,Trinity,105,12862,4,2,2,4,0
2020-06-22,Tulare,107,460477,4482,3185,2,3187,111
2020-06-22,Tuolumne,109,53932,19,8,1,9,0
2020-06-22,Ventura,111,848112,3102,2065,6,2071,39
2020-06-22,Yolo,113,214977,518,333,0,333,24
2020-06-22,Yuba,115,75493,49,36,0,36,1
2020-06-21,Alameda,1,1643700,5787,4835,6,4841,121
2020-06-21,Alpine,3,1148,2,1,0,1,0
2020-06-21,Amador,5,37829,14,12,0,12,0
2020-06-21,Butte,7,227075,158,97,4,101,1
2020-06-21,Calaveras,9,45235,38,20,0,20,0
2020-06-21,Colusa,11,21464,29,7,0,7,0
2020-06-21,Contra Costa,13,1133247,2829,2282,2,2284,60
2020-06-21,Del Norte,15,27424,47,46,0,46,0
2020-06-21,El Dorado,17,186661,199,132,0,132,0
2020-06-21,Fresno,19,978130,6269,3296,50,3346,67
2020-06-21,Glenn,21,27897,102,40,0,40,0
2020-06-21,Humboldt,23,135768,143,108,0,108,3
2020-06-21,Imperial,25,180216,7017,4701,6,4707,38
2020-06-21,Inyo,27,18085,27,26,0,26,1
2020-06-21,Kern,29,883053,5925,3918,11,3929,60
2020-06-21,Kings,31,150075,2320,1334,4,1338,11
2020-06-21,Lake,33,64148,48,36,0,36,0
2020-06-21,Lassen,35,31185,22,7,1,8,0
2020-06-21,Los Angeles,37,10098052,96890,83383,25,83408,3101
2020-06-21,Madera,39,155013,645,319,0,319,4
2020-06-21,Marin,41,260295,1555,907,4,911,17
2020-06-21,Mariposa,43,17540,22,18,0,18,1
2020-06-21,Mendocino,45,87422,69,48,0,48,0
2020-06-21,Merced,47,269075,1067,577,0,577,8
2020-06-21,Modoc,49,8938,1,0,0,0,0
2020-06-21,Mono,51,14174,42,34,0,34,1
2020-06-21,Monterey,53,433212,1636,1227,2,1229,12
2020-06-21,Napa,55,140530,319,218,0,218,3
2020-06-21,Nevada,57,99092,108,79,1,80,1
2020-06-21,Orange,59,3164182,16224,10563,110,10673,275
2020-06-21,Placer,61,380077,676,498,2,500,9
2020-06-21,Plumas,63,18699,7,6,0,6,0
2020-06-21,Riverside,65,2383286,17754,13528,8,13536,402
2020-06-21,Sacramento,67,1510023,2764,2156,2,2158,62
2020-06-21,San Benito,69,59416,212,151,0,151,2
2020-06-21,San Bernardino,71,2135413,13489,8925,5,8930,229
2020-06-21,San Diego,73,3302833,13520,10796,0,10796,338
2020-06-21,San Francisco,75,870044,3451,3000,1,3001,47
2020-06-21,San Joaquin,77,732212,3314,2188,4,2192,48
2020-06-21,San Luis Obispo,79,281455,576,418,2,420,1
2020-06-21,San Mateo,81,765935,3174,2781,4,2785,81
2020-06-21,Santa Barbara,83,443738,3280,2430,11,2441,21
2020-06-21,Santa Clara,85,1922200,4494,3514,7,3521,154
2020-06-21,Santa Cruz,87,273765,371,290,0,290,3
2020-06-21,Shasta,89,179085,144,75,0,75,5
2020-06-21,Sierra,91,2930,1,1,0,1,0
2020-06-21,Siskiyou,93,43540,29,23,0,23,0
2020-06-21,Solano,95,438530,1301,783,4,787,21
2020-06-21,Sonoma,97,501317,1116,836,1,837,4
2020-06-21,Stanislaus,99,539301,2693,1688,5,1693,35
2020-06-21,Sutter,101,95872,129,96,0,96,2
2020-06-21,Tehama,103,63373,64,35,1,36,1
2020-06-21,Trinity,105,12862,4,2,2,4,0
2020-06-21,Tulare,107,460477,4314,3173,2,3175,111
2020-06-21,Tuolumne,109,53932,17,8,1,9,0
2020-06-21,Ventura,111,848112,2924,2021,6,2027,39
2020-06-21,Yolo,113,214977,486,323,0,323,24
2020-06-21,Yuba,115,75493,45,35,0,35,1
2020-06-20,Alameda,1,1643700,5725,4758,6,4764,119
2020-06-20,Alpine,3,1148,2,1,0,1,0
2020-06-20,Amador,5,37829,14,12,0,12,0
2020-06-20,Butte,7,227075,151,94,4,98,1
2020-06-20,Calaveras,9,45235,38,20,0,20,0
2020-06-20,Colusa,11,21464,26,7,0,7,0
2020-06-20,Contra Costa,13,1133247,2771,2231,2,2233,54
2020-06-20,Del Norte,15,27424,47,46,0,46,0
2020-06-20,El Dorado,17,186661,194,130,0,130,0
2020-06-20,Fresno,19,978130,6144,3222,48,3270,67
2020-06-20,Glenn,21,27897,97,40,0,40,0
2020-06-20,Humboldt,23,135768,143,108,0,108,3
2020-06-20,Imperial,25,180216,6936,4616,6,4622,37
2020-06-20,Inyo,27,18085,27,26,0,26,1
2020-06-20,Kern,29,883053,5761,3836,11,3847,59
2020-06-20,Kings,31,150075,2296,1331,4,1335,9
2020-06-20,Lake,33,64148,48,37,0,37,0
2020-06-20,Lassen,35,31185,21,7,1,8,0
2020-06-20,Los Angeles,37,10098052,95317,81604,24,81628,3093
2020-06-20,Madera,39,155013,612,321,0,321,4
2020-06-20,Marin,41,260295,1535,879,4,883,17
2020-06-20,Mariposa,43,17540,22,18,0,18,1
2020-06-20,Mendocino,45,87422,68,48,0,48,0
2020-06-20,Merced,47,269075,1027,566,0,566,8
2020-06-20,Modoc,49,8938,1,0,0,0,0
2020-06-20,Mono,51,14174,42,34,0,34,1
2020-06-20,Monterey,53,433212,1600,1181,2,1183,12
2020-06-20,Napa,55,140530,310,212,0,212,3
2020-06-20,Nevada,57,99092,105,73,1,74,1
2020-06-20,Orange,59,3164182,15877,10284,106,10390,273
2020-06-20,Placer,61,380077,654,483,2,485,9
2020-06-20,Plumas,63,18699,6,6,0,6,0
2020-06-20,Riverside,65,2383286,17455,13021,8,13029,402
2020-06-20,Sacramento,67,1510023,2695,2069,2,2071,63
2020-06-20,San Benito,69,59416,208,139,0,139,2
2020-06-20,San Bernardino,71,2135413,13128,8718,5,8723,229
2020-06-20,San Diego,73,3302833,13197,10486,0,10486,338
2020-06-20,San Francisco,75,870044,3408,2999,1,3000,47
2020-06-20,San Joaquin,77,732212,3231,2046,4,2050,48
2020-06-20,San Luis Obispo,79,281455,563,405,2,407,1
2020-06-20,San Mateo,81,765935,3126,2755,4,2759,81
2020-06-20,Santa Barbara,83,443738,3224,2358,10,2368,21
2020-06-20,Santa Clara,85,1922200,4422,3435,7,3442,154
2020-06-20,Santa Cruz,87,273765,369,287,0,287,3
2020-06-20,Shasta,89,179085,138,66,0,66,5
2020-06-20,Sierra,91,2930,1,1,0,1,0
2020-06-20,Siskiyou,93,43540,28,22,0,22,0
2020-06-20,Solano,95,438530,1277,784,4,788,21
2020-06-20,Sonoma,97,501317,1080,806,1,807,4
2020-06-20,Stanislaus,99,539301,2586,1598,5,1603,35
2020-06-20,Sutter,101,95872,127,89,0,89,2
2020-06-20,Tehama,103,63373,62,35,1,36,1
2020-06-20,Trinity,105,12862,4,2,2,4,0
2020-06-20,Tulare,107,460477,4241,3172,2,3174,111
2020-06-20,Tuolumne,109,53932,14,8,1,9,0
2020-06-20,Ventura,111,848112,2859,1946,6,1952,37
2020-06-20,Yolo,113,214977,470,309,0,309,24
2020-06-20,Yuba,115,75493,43,34,0,34,1
2020-06-19,Alameda,1,1643700,5653,4646,6,4652,119
2020-06-19,Alpine,3,1148,2,1,0,1,0
2020-06-19,Amador,5,37829,14,12,0,12,0
2020-06-19,Butte,7,227075,146,91,4,95,1
2020-06-19,Calaveras,9,45235,37,20,0,20,0
2020-06-19,Colusa,11,21464,24,7,0,7,0
2020-06-19,Contra Costa,13,1133247,2692,2106,2,2108,54
2020-06-19,Del Norte,15,27424,47,46,0,46,0
2020-06-19,El Dorado,17,186661,185,124,0,124,0
2020-06-19,Fresno,19,978130,5982,3109,46,3155,61
2020-06-19,Glenn,21,27897,91,40,0,40,0
2020-06-19,Humboldt,23,135768,141,106,0,106,3
2020-06-19,Imperial,25,180216,6845,4504,6,4510,36
2020-06-19,Inyo,27,18085,27,26,0,26,1
2020-06-19,Kern,29,883053,5538,3742,10,3752,57
2020-06-19,Kings,31,150075,2275,1285,4,1289,9
2020-06-19,Lake,33,64148,45,36,0,36,0
2020-06-19,Lassen,35,31185,20,7,1,8,0
2020-06-19,Los Angeles,37,10098052,93338,79572,24,79596,3047
2020-06-19,Madera,39,155013,592,300,0,300,4
2020-06-19,Marin,41,260295,1506,829,4,833,17
2020-06-19,Mariposa,43,17540,21,18,0,18,1
2020-06-19,Mendocino,45,87422,67,48,0,48,0
2020-06-19,Merced,47,269075,982,529,0,529,8
2020-06-19,Modoc,49,8938,1,0,0,0,0
2020-06-19,Mono,51,14174,42,34,0,34,1
2020-06-19,Monterey,53,433212,1571,1159,2,1161,12
2020-06-19,Napa,55,140530,300,209,0,209,3
2020-06-19,Nevada,57,99092,102,71,1,72,1
2020-06-19,Orange,59,3164182,15352,9972,98,10070,260
2020-06-19,Placer,61,380077,636,464,2,466,9
2020-06-19,Plumas,63,18699,6,5,0,5,0
2020-06-19,Riverside,65,2383286,17049,12710,8,12718,398
2020-06-19,Sacramento,67,1510023,2611,1976,2,1978,64
2020-06-19,San Benito,69,59416,207,136,0,136,2
2020-06-19,San Bernardino,71,2135413,12722,8454,4,8458,226
2020-06-19,San Diego,73,3302833,12834,10352,0,10352,332
2020-06-19,San Francisco,75,870044,3353,2968,1,2969,47
2020-06-19,San Joaquin,77,732212,3108,1969,4,1973,48
2020-06-19,San Luis Obispo,79,281455,548,392,2,394,1
2020-06-19,San Mateo,81,765935,3087,2713,4,2717,81
2020-06-19,Santa Barbara,83,443738,3151,2284,8,2292,21
2020-06-19,Santa Clara,85,1922200,4348,3376,7,3383,154
2020-06-19,Santa Cruz,87,273765,359,283,0,283,3
2020-06-19,Shasta,89,179085,134,58,0,58,5
2020-06-19,Sierra,91,2930,1,1,0,1,0
2020-06-19,Siskiyou,93,43540,28,21,0,21,0
2020-06-19,Solano,95,438530,1239,755,4,759,21
2020-06-19,Sonoma,97,501317,1053,803,1,804,4
2020-06-19,Stanislaus,99,539301,2477,1549,5,1554,35
2020-06-19,Sutter,101,95872,126,89,0,89,2
2020-06-19,Tehama,103,63373,61,35,1,36,1
2020-06-19,Trinity,105,12862,4,2,2,4,0
2020-06-19,Tulare,107,460477,4169,3053,2,3055,107
2020-06-19,Tuolumne,109,53932,13,8,1,9,0
2020-06-19,Ventura,111,848112,2775,1865,6,1871,37
2020-06-19,Yolo,113,214977,451,303,0,303,24
2020-06-19,Yuba,115,75493,42,33,0,33,1
2020-06-18,Alameda,1,1643700,5524,4589,6,4595,118
2020-06-18,Alpine,3,1148,2,1,0,1,0
2020-06-18,Amador,5,37829,13,12,0,12,0
2020-06-18,Butte,7,227075,141,88,4,92,1
2020-06-18,Calaveras,9,45235,37,20,0,20,0
2020-06-18,Colusa,11,21464,20,7,0,7,0
2020-06-18,Contra Costa,13,1133247,2587,2072,2,2074,53
2020-06-18,Del Norte,15,27424,47,46,0,46,0
2020-06-18,El Dorado,17,186661,181,121,0,121,0
2020-06-18,Fresno,19,978130,5715,2947,45,2992,57
2020-06-18,Glenn,21,27897,82,35,0,35,0
2020-06-18,Humboldt,23,135768,140,106,0,106,3
2020-06-18,Imperial,25,180216,6696,4366,6,4372,36
2020-06-18,Inyo,27,18085,26,25,0,25,1
2020-06-18,Kern,29,883053,5320,3634,10,3644,57
2020-06-18,Kings,31,150075,2216,1141,4,1145,8
2020-06-18,Lake,33,64148,44,36,0,36,0
2020-06-18,Lassen,35,31185,19,5,1,6,0
2020-06-18,Los Angeles,37,10098052,91077,78244,24,78268,3009
2020-06-18,Madera,39,155013,557,288,0,288,4
2020-06-18,Marin,41,260295,1443,819,4,823,17
2020-06-18,Mariposa,43,17540,19,18,0,18,1
2020-06-18,Mendocino,45,87422,63,45,0,45,0
2020-06-18,Merced,47,269075,931,486,0,486,7
2020-06-18,Modoc,49,8938,1,0,0,0,0
2020-06-18,Mono,51,14174,42,34,0,34,1
2020-06-18,Monterey,53,433212,1504,1127,2,1129,12
2020-06-18,Napa,55,140530,285,205,0,205,3
2020-06-18,Nevada,57,99092,98,68,1,69,1
2020-06-18,Orange,59,3164182,14697,9597,79,9676,255
2020-06-18,Placer,61,380077,616,457,2,459,9
2020-06-18,Plumas,63,18699,6,5,0,5,0
2020-06-18,Riverside,65,2383286,16436,12410,8,12418,392
2020-06-18,Sacramento,67,1510023,2496,1938,2,1940,63
2020-06-18,San Benito,69,59416,201,134,0,134,2
2020-06-18,San Bernardino,71,2135413,12086,8141,4,8145,226
2020-06-18,San Diego,73,3302833,12412,10094,0,10094,331
2020-06-18,San Francisco,75,870044,3304,2951,1,2952,47
2020-06-18,San Joaquin,77,732212,2955,1908,4,1912,47
2020-06-18,San Luis Obispo,79,281455,529,378,2,380,1
2020-06-18,San Mateo,81,765935,3048,2674,4,2678,78
2020-06-18,Santa Barbara,83,443738,3077,2201,8,2209,19
2020-06-18,Santa Clara,85,1922200,4248,3338,7,3345,152
2020-06-18,Santa Cruz,87,273765,342,275,0,275,3
2020-06-18,Shasta,89,179085,123,51,0,51,4
2020-06-18,Sierra,91,2930,1,1,0,1,0
2020-06-18,Siskiyou,93,43540,28,18,0,18,0
2020-06-18,Solano,95,438530,1201,735,4,739,21
2020-06-18,Sonoma,97,501317,1011,789,1,790,4
2020-06-18,Stanislaus,99,539301,2344,1495,5,1500,35
2020-06-18,Sutter,101,95872,122,85,0,85,2
2020-06-18,Tehama,103,63373,56,31,1,32,1
2020-06-18,Trinity,105,12862,4,2,2,4,0
2020-06-18,Tulare,107,460477,4049,3005,2,3007,107
2020-06-18,Tuolumne,109,53932,12,8,1,9,0
2020-06-18,Ventura,111,848112,2649,1781,6,1787,37
2020-06-18,Yolo,113,214977,418,294,0,294,24
2020-06-18,Yuba,115,75493,41,32,0,32,1
2020-06-17,Alameda,1,1643700,5401,4485,6,4491,117
2020-06-17,Alpine,3,1148,2,1,0,1,0
2020-06-17,Amador,5,37829,12,10,0,10,0
2020-06-17,Butte,7,227075,132,81,4,85,1
2020-06-17,Calaveras,9,45235,37,20,0,20,0
2020-06-17,Colusa,11,21464,19,7,0,7,0
2020-06-17,Contra Costa,13,1133247,2490,2020,2,2022,45
2020-06-17,Del Norte,15,27424,47,45,0,45,0
2020-06-17,El Dorado,17,186661,174,116,0,116,0
2020-06-17,Fresno,19,978130,5491,2801,43,2844,56
2020-06-17,Glenn,21,27897,75,31,0,31,0
2020-06-17,Humboldt,23,135768,138,105,0,105,3
2020-06-17,Imperial,25,180216,6524,4108,6,4114,36
2020-06-17,Inyo,27,18085,25,25,0,25,1
2020-06-17,Kern,29,883053,5120,3547,10,3557,56
2020-06-17,Kings,31,150075,2186,1097,4,1101,7
2020-06-17,Lake,33,64148,43,32,0,32,0
2020-06-17,Lassen,35,31185,15,5,1,6,0
2020-06-17,Los Angeles,37,10098052,88769,77166,24,77190,2973
2020-06-17,Madera,39,155013,535,258,0,258,4
2020-06-17,Marin,41,260295,1251,771,3,774,17
2020-06-17,Mariposa,43,17540,18,18,0,18,1
2020-06-17,Mendocino,45,87422,61,42,0,42,0
2020-06-17,Merced,47,269075,860,460,0,460,7
2020-06-17,Modoc,49,8938,1,0,0,0,0
2020-06-17,Mono,51,14174,42,34,0,34,1
2020-06-17,Monterey,53,433212,1452,1077,2,1079,12
2020-06-17,Napa,55,140530,270,202,0,202,3
2020-06-17,Nevada,57,99092,94,57,1,58,1
2020-06-17,Orange,59,3164182,14094,9278,74,9352,230
2020-06-17,Placer,61,380077,594,427,2,429,9
2020-06-17,Plumas,63,18699,6,5,0,5,0
2020-06-17,Riverside,65,2383286,15803,11859,8,11867,370
2020-06-17,Sacramento,67,1510023,2388,1889,2,1891,63
2020-06-17,San Benito,69,59416,196,116,0,116,2
2020-06-17,San Bernardino,71,2135413,11534,7670,4,7674,225
2020-06-17,San Diego,73,3302833,12033,9856,0,9856,327
2020-06-17,San Francisco,75,870044,3265,2906,1,2907,46
2020-06-17,San Joaquin,77,732212,2783,1825,4,1829,46
2020-06-17,San Luis Obispo,79,281455,512,362,2,364,1
2020-06-17,San Mateo,81,765935,3001,2649,4,2653,78
2020-06-17,Santa Barbara,83,443738,3004,2147,6,2153,19
2020-06-17,Santa Clara,85,1922200,4157,3264,6,3270,148
2020-06-17,Santa Cruz,87,273765,336,265,0,265,2
2020-06-17,Shasta,89,179085,121,51,0,51,4
2020-06-17,Sierra,91,2930,1,1,0,1,0
2020-06-17,Siskiyou,93,43540,27,16,0,16,0
2020-06-17,Solano,95,438530,1151,722,4,726,21
2020-06-17,Sonoma,97,501317,985,748,1,749,4
2020-06-17,Stanislaus,99,539301,2221,1387,5,1392,35
2020-06-17,Sutter,101,95872,116,79,0,79,2
2020-06-17,Tehama,103,63373,41,24,1,25,1
2020-06-17,Trinity,105,12862,4,2,2,4,0
2020-06-17,Tulare,107,460477,3940,2882,2,2884,106
2020-06-17,Tuolumne,109,53932,12,7,1,8,0
2020-06-17,Ventura,111,848112,2549,1729,6,1735,37
2020-06-17,Yolo,113,214977,398,277,0,277,24
2020-06-17,Yuba,115,75493,40,30,0,30,1
2020-06-16,Alameda,1,1643700,5285,4428,6,4434,113
2020-06-16,Alpine,3,1148,2,1,0,1,0
2020-06-16,Amador,5,37829,12,10,0,10,0
2020-06-16,Butte,7,227075,128,79,4,83,1
2020-06-16,Calaveras,9,45235,34,19,0,19,0
2020-06-16,Colusa,11,21464,16,7,0,7,0
2020-06-16,Contra Costa,13,1133247,2399,1971,1,1972,45
2020-06-16,Del Norte,15,27424,47,45,0,45,0
2020-06-16,El Dorado,17,186661,168,115,0,115,0
2020-06-16,Fresno,19,978130,5254,2731,42,2773,50
2020-06-16,Glenn,21,27897,71,30,0,30,0
2020-06-16,Humboldt,23,135768,135,105,0,105,3
2020-06-16,Imperial,25,180216,6364,3939,6,3945,36
2020-06-16,Inyo,27,18085,25,24,0,24,1
2020-06-16,Kern,29,883053,4896,3496,10,3506,55
2020-06-16,Kings,31,150075,2140,1044,4,1048,6
2020-06-16,Lake,33,64148,43,31,0,31,0
2020-06-16,Lassen,35,31185,12,5,1,6,0
2020-06-16,Los Angeles,37,10098052,86446,75051,24,75075,2942
2020-06-16,Madera,39,155013,509,239,0,239,3
2020-06-16,Marin,41,260295,1198,725,3,728,17
2020-06-16,Mariposa,43,17540,18,17,0,17,1
2020-06-16,Mendocino,45,87422,60,35,0,35,0
2020-06-16,Merced,47,269075,812,436,0,436,7
2020-06-16,Modoc,49,8938,1,0,0,0,0
2020-06-16,Mono,51,14174,42,34,0,34,1
2020-06-16,Monterey,53,433212,1404,1019,2,1021,12
2020-06-16,Napa,55,140530,255,196,0,196,3
2020-06-16,Nevada,57,99092,91,53,1,54,1
2020-06-16,Orange,59,3164182,13511,9163,72,9235,223
2020-06-16,Placer,61,380077,561,392,2,394,9
2020-06-16,Plumas,63,18699,6,5,0,5,0
2020-06-16,Riverside,65,2383286,15128,11638,8,11646,364
2020-06-16,Sacramento,67,1510023,2278,1825,2,1827,60
2020-06-16,San Benito,69,59416,188,110,0,110,2
2020-06-16,San Bernardino,71,2135413,10992,7463,4,7467,225
2020-06-16,San Diego,73,3302833,11671,9732,0,9732,323
2020-06-16,San Francisco,75,870044,3214,2893,1,2894,46
2020-06-16,San Joaquin,77,732212,2631,1718,4,1722,47
2020-06-16,San Luis Obispo,79,281455,489,343,2,345,1
2020-06-16,San Mateo,81,765935,2947,2618,4,2622,77
2020-06-16,Santa Barbara,83,443738,2937,2090,6,2096,16
2020-06-16,Santa Clara,85,1922200,4051,3228,5,3233,148
2020-06-16,Santa Cruz,87,273765,320,257,0,257,2
2020-06-16,Shasta,89,179085,112,51,0,51,4
2020-06-16,Sierra,91,2930,1,1,0,1,0
2020-06-16,Siskiyou,93,43540,26,15,0,15,0
2020-06-16,Solano,95,438530,1061,694,4,698,19
2020-06-16,Sonoma,97,501317,953,739,1,740,4
2020-06-16,Stanislaus,99,539301,2068,1278,5,1283,36
2020-06-16,Sutter,101,95872,109,73,0,73,2
2020-06-16,Tehama,103,63373,37,24,1,25,1
2020-06-16,Trinity,105,12862,4,2,2,4,0
2020-06-16,Tulare,107,460477,3823,2802,2,2804,96
2020-06-16,Tuolumne,109,53932,12,7,1,8,0
2020-06-16,Ventura,111,848112,2448,1676,6,1682,37
2020-06-16,Yolo,113,214977,374,262,0,262,24
2020-06-16,Yuba,115,75493,39,29,0,29,1
2020-06-15,Alameda,1,1643700,5160,4323,6,4329,112
2020-06-15,Alpine,3,1148,2,1,0,1,0
2020-06-15,Amador,5,37829,12,10,0,10,0
2020-06-15,Butte,7,227075,120,78,4,82,1
2020-06-15,Calaveras,9,45235,34,18,0,18,0
2020-06-15,Colusa,11,21464,14,7,0,7,0
2020-06-15,Contra Costa,13,1133247,2322,1918,1,1919,43
2020-06-15,Del Norte,15,27424,47,45,0,45,0
2020-06-15,El Dorado,17,186661,158,114,0,114,0
2020-06-15,Fresno,19,978130,5043,2616,41,2657,48
2020-06-15,Glenn,21,27897,66,21,0,21,0
2020-06-15,Humboldt,23,135768,133,105,0,105,3
2020-06-15,Imperial,25,180216,6189,3726,6,3732,36
2020-06-15,Inyo,27,18085,25,23,0,23,1
2020-06-15,Kern,29,883053,4674,3417,10,3427,55
2020-06-15,Kings,31,150075,2063,1022,4,1026,6
2020-06-15,Lake,33,64148,43,31,0,31,0
2020-06-15,Lassen,35,31185,12,5,1,6,0
2020-06-15,Los Angeles,37,10098052,84271,73705,24,73729,2908
2020-06-15,Madera,39,155013,487,203,0,203,3
2020-06-15,Marin,41,260295,1032,708,3,711,17
2020-06-15,Mariposa,43,17540,18,17,0,17,1
2020-06-15,Mendocino,45,87422,51,33,0,33,0
2020-06-15,Merced,47,269075,767,414,0,414,7
2020-06-15,Modoc,49,8938,1,0,0,0,0
2020-06-15,Mono,51,14174,42,34,0,34,1
2020-06-15,Monterey,53,433212,1338,998,2,1000,12
2020-06-15,Napa,55,140530,247,187,0,187,3
2020-06-15,Nevada,57,99092,85,52,1,53,1
2020-06-15,Orange,59,3164182,12947,8944,65,9009,212
2020-06-15,Placer,61,380077,542,386,2,388,9
2020-06-15,Plumas,63,18699,6,4,0,4,0
2020-06-15,Riverside,65,2383286,14506,11376,8,11384,364
2020-06-15,Sacramento,67,1510023,2163,1791,2,1793,60
2020-06-15,San Benito,69,59416,182,108,0,108,2
2020-06-15,San Bernardino,71,2135413,10487,7189,4,7193,224
2020-06-15,San Diego,73,3302833,11331,9612,0,9612,320
2020-06-15,San Francisco,75,870044,3170,2833,1,2834,45
2020-06-15,San Joaquin,77,732212,2495,1667,4,1671,43
2020-06-15,San Luis Obispo,79,281455,476,332,2,334,1
2020-06-15,San Mateo,81,765935,2900,2591,4,2595,75
2020-06-15,Santa Barbara,83,443738,2869,2054,6,2060,16
2020-06-15,Santa Clara,85,1922200,3951,3204,5,3209,148
2020-06-15,Santa Cruz,87,273765,309,254,0,254,2
2020-06-15,Shasta,89,179085,106,50,0,50,4
2020-06-15,Sierra,91,2930,1,1,0,1,0
2020-06-15,Siskiyou,93,43540,25,14,0,14,0
2020-06-15,Solano,95,438530,1001,638,4,642,19
2020-06-15,Sonoma,97,501317,924,726,1,727,4
2020-06-15,Stanislaus,99,539301,1951,1253,5,1258,35
2020-06-15,Sutter,101,95872,99,71,0,71,2
2020-06-15,Tehama,103,63373,37,17,1,18,1
2020-06-15,Trinity,105,12862,3,2,2,4,0
2020-06-15,Tulare,107,460477,3709,2662,2,2664,96
2020-06-15,Tuolumne,109,53932,11,7,1,8,0
2020-06-15,Ventura,111,848112,2367,1656,6,1662,37
2020-06-15,Yolo,113,214977,354,255,0,255,24
2020-06-15,Yuba,115,75493,39,28,0,28,1
2020-06-14,Alameda,1,1643700,5015,4271,6,4277,112
2020-06-14,Alpine,3,1148,2,1,0,1,0
2020-06-14,Amador,5,37829,12,10,0,10,0
2020-06-14,Butte,7,227075,114,78,4,82,1
2020-06-14,Calaveras,9,45235,33,18,0,18,0
2020-06-14,Colusa,11,21464,13,7,0,7,0
2020-06-14,Contra Costa,13,1133247,2253,1893,1,1894,43
2020-06-14,Del Norte,15,27424,47,45,0,45,0
2020-06-14,El Dorado,17,186661,154,110,0,110,0
2020-06-14,Fresno,19,978130,4859,2585,40,2625,48
2020-06-14,Glenn,21,27897,51,21,0,21,0
2020-06-14,Humboldt,23,135768,129,105,0,105,3
2020-06-14,Imperial,25,180216,5956,3730,6,3736,36
2020-06-14,Inyo,27,18085,24,23,0,23,1
2020-06-14,Kern,29,883053,4463,3328,10,3338,55
2020-06-14,Kings,31,150075,2012,1022,4,1026,6
2020-06-14,Lake,33,64148,40,31,0,31,0
2020-06-14,Lassen,35,31185,12,5,1,6,0
2020-06-14,Los Angeles,37,10098052,81946,72932,24,72956,2887
2020-06-14,Madera,39,155013,469,203,0,203,3
2020-06-14,Marin,41,260295,867,689,2,691,17
2020-06-14,Mariposa,43,17540,18,16,0,16,1
2020-06-14,Mendocino,45,87422,48,33,0,33,0
2020-06-14,Merced,47,269075,716,403,0,403,7
2020-06-14,Modoc,49,8938,1,0,0,0,0
2020-06-14,Mono,51,14174,42,34,0,34,1
2020-06-14,Monterey,53,433212,1277,949,2,951,12
2020-06-14,Napa,55,140530,225,181,0,181,3
2020-06-14,Nevada,57,99092,81,52,1,53,1
2020-06-14,Orange,59,3164182,12523,8744,62,8806,211
2020-06-14,Placer,61,380077,517,369,2,371,9
2020-06-14,Plumas,63,18699,5,4,0,4,0
2020-06-14,Riverside,65,2383286,14063,11218,8,11226,364
2020-06-14,Sacramento,67,1510023,2078,1750,2,1752,60
2020-06-14,San Benito,69,59416,171,104,0,104,2
2020-06-14,San Bernardino,71,2135413,9947,7015,4,7019,224
2020-06-14,San Diego,73,3302833,10956,9442,0,9442,319
2020-06-14,San Francisco,75,870044,3130,2834,1,2835,45
2020-06-14,San Joaquin,77,732212,2344,1603,4,1607,43
2020-06-14,San Luis Obispo,79,281455,461,330,2,332,1
2020-06-14,San Mateo,81,765935,2843,2571,4,2575,75
2020-06-14,Santa Barbara,83,443738,2792,2049,6,2055,17
2020-06-14,Santa Clara,85,1922200,3859,3178,5,3183,148
2020-06-14,Santa Cruz,87,273765,295,254,0,254,2
2020-06-14,Shasta,89,179085,100,48,0,48,4
2020-06-14,Sierra,91,2930,1,1,0,1,0
2020-06-14,Siskiyou,93,43540,24,13,0,13,0
2020-06-14,Solano,95,438530,952,638,4,642,19
2020-06-14,Sonoma,97,501317,896,724,1,725,4
2020-06-14,Stanislaus,99,539301,1803,1159,5,1164,35
2020-06-14,Sutter,101,95872,94,63,0,63,2
2020-06-14,Tehama,103,63373,34,17,1,18,1
2020-06-14,Trinity,105,12862,3,2,2,4,0
2020-06-14,Tulare,107,460477,3577,2646,2,2648,96
2020-06-14,Tuolumne,109,53932,11,7,1,8,0
2020-06-14,Ventura,111,848112,2269,1610,5,1615,37
2020-06-14,Yolo,113,214977,338,254,0,254,24
2020-06-14,Yuba,115,75493,38,28,0,28,1
2020-06-13,Alameda,1,1643700,4952,4196,6,4202,112
2020-06-13,Alpine,3,1148,2,1,0,1,0
2020-06-13,Amador,5,37829,11,10,0,10,0
2020-06-13,Butte,7,227075,105,72,4,76,1
2020-06-13,Calaveras,9,45235,31,18,0,18,0
2020-06-13,Colusa,11,21464,12,7,0,7,0
2020-06-13,Contra Costa,13,1133247,2217,1868,1,1869,43
2020-06-13,Del Norte,15,27424,47,45,0,45,0
2020-06-13,El Dorado,17,186661,150,110,0,110,0
2020-06-13,Fresno,19,978130,4761,2499,40,2539,48
2020-06-13,Glenn,21,27897,49,21,0,21,0
2020-06-13,Humboldt,23,135768,128,104,0,104,3
2020-06-13,Imperial,25,180216,5883,3646,6,3652,36
2020-06-13,Inyo,27,18085,24,23,0,23,1
2020-06-13,Kern,29,883053,4354,3239,10,3249,55
2020-06-13,Kings,31,150075,1992,1023,4,1027,6
2020-06-13,Lake,33,64148,39,29,0,29,0
2020-06-13,Lassen,35,31185,12,5,1,6,0
2020-06-13,Los Angeles,37,10098052,80906,71938,23,71961,2874
2020-06-13,Madera,39,155013,465,203,0,203,3
2020-06-13,Marin,41,260295,837,677,2,679,17
2020-06-13,Mariposa,43,17540,18,16,0,16,1
2020-06-13,Mendocino,45,87422,48,33,0,33,0
2020-06-13,Merced,47,269075,698,376,0,376,7
2020-06-13,Modoc,49,8938,1,0,0,0,0
2020-06-13,Mono,51,14174,42,35,0,35,1
2020-06-13,Monterey,53,433212,1239,900,2,902,11
2020-06-13,Napa,55,140530,222,171,0,171,3
2020-06-13,Nevada,57,99092,79,52,1,53,1
2020-06-13,Orange,59,3164182,12280,8581,58,8639,211
2020-06-13,Placer,61,380077,502,346,2,348,9
2020-06-13,Plumas,63,18699,5,4,0,4,0
2020-06-13,Riverside,65,2383286,13783,10931,8,10939,364
2020-06-13,Sacramento,67,1510023,2024,1713,2,1715,60
2020-06-13,San Benito,69,59416,164,99,0,99,2
2020-06-13,San Bernardino,71,2135413,9722,6885,4,6889,224
2020-06-13,San Diego,73,3302833,10784,9316,0,9316,319
2020-06-13,San Francisco,75,870044,3110,2834,1,2835,44
2020-06-13,San Joaquin,77,732212,2263,1461,4,1465,43
2020-06-13,San Luis Obispo,79,281455,450,326,2,328,1
2020-06-13,San Mateo,81,765935,2820,2551,4,2555,75
2020-06-13,Santa Barbara,83,443738,2734,1999,6,2005,15
2020-06-13,Santa Clara,85,1922200,3818,3141,5,3146,148
2020-06-13,Santa Cruz,87,273765,289,254,0,254,2
2020-06-13,Shasta,89,179085,98,48,0,48,4
2020-06-13,Sierra,91,2930,1,1,0,1,0
2020-06-13,Siskiyou,93,43540,24,13,0,13,0
2020-06-13,Solano,95,438530,924,637,4,641,19
2020-06-13,Sonoma,97,501317,881,711,1,712,4
2020-06-13,Stanislaus,99,539301,1746,1122,5,1127,33
2020-06-13,Sutter,101,95872,93,62,0,62,2
2020-06-13,Tehama,103,63373,33,17,1,18,1
2020-06-13,Trinity,105,12862,3,2,2,4,0
2020-06-13,Tulare,107,460477,3545,2626,2,2628,96
2020-06-13,Tuolumne,109,53932,10,7,1,8,0
2020-06-13,Ventura,111,848112,2223,1567,5,1572,37
2020-06-13,Yolo,113,214977,317,251,0,251,24
2020-06-13,Yuba,115,75493,38,28,0,28,1
2020-06-12,Alameda,1,1643700,4879,4167,6,4173,109
2020-06-12,Alpine,3,1148,2,1,0,1,0
2020-06-12,Amador,5,37829,11,10,0,10,0
2020-06-12,Butte,7,227075,101,71,4,75,1
2020-06-12,Calaveras,9,45235,28,18,0,18,0
2020-06-12,Colusa,11,21464,12,7,0,7,0
2020-06-12,Contra Costa,13,1133247,2180,1827,1,1828,43
2020-06-12,Del Norte,15,27424,47,45,0,45,0
2020-06-12,El Dorado,17,186661,150,110,0,110,0
2020-06-12,Fresno,19,978130,4625,2428,40,2468,47
2020-06-12,Glenn,21,27897,46,21,0,21,0
2020-06-12,Humboldt,23,135768,126,105,0,105,3
2020-06-12,Imperial,25,180216,5799,3543,6,3549,36
2020-06-12,Inyo,27,18085,24,23,0,23,1
2020-06-12,Kern,29,883053,4238,3152,10,3162,54
2020-06-12,Kings,31,150075,1979,987,4,991,6
2020-06-12,Lake,33,64148,38,29,0,29,0
2020-06-12,Lassen,35,31185,12,5,1,6,0
2020-06-12,Los Angeles,37,10098052,79498,70385,23,70408,2814
2020-06-12,Madera,39,155013,440,187,0,187,3
2020-06-12,Marin,41,260295,834,649,2,651,17
2020-06-12,Mariposa,43,17540,18,16,0,16,1
2020-06-12,Mendocino,45,87422,48,33,0,33,0
2020-06-12,Merced,47,269075,663,372,0,372,7
2020-06-12,Modoc,49,8938,1,0,0,0,0
2020-06-12,Mono,51,14174,39,35,0,35,1
2020-06-12,Monterey,53,433212,1198,864,2,866,11
2020-06-12,Napa,55,140530,219,162,0,162,3
2020-06-12,Nevada,57,99092,73,52,1,53,1
2020-06-12,Orange,59,3164182,11975,8440,57,8497,203
2020-06-12,Placer,61,380077,486,333,2,335,9
2020-06-12,Plumas,63,18699,5,4,0,4,0
2020-06-12,Riverside,65,2383286,13446,10616,8,10624,364
2020-06-12,Sacramento,67,1510023,1969,1702,2,1704,60
2020-06-12,San Benito,69,59416,157,96,0,96,2
2020-06-12,San Bernardino,71,2135413,9453,6707,4,6711,223
2020-06-12,San Diego,73,3302833,10614,9132,0,9132,313
2020-06-12,San Francisco,75,870044,3076,2823,1,2824,44
2020-06-12,San Joaquin,77,732212,2183,1406,4,1410,43
2020-06-12,San Luis Obispo,79,281455,434,321,2,323,1
2020-06-12,San Mateo,81,765935,2785,2533,4,2537,75
2020-06-12,Santa Barbara,83,443738,2680,1969,6,1975,14
2020-06-12,Santa Clara,85,1922200,3777,3099,5,3104,149
2020-06-12,Santa Cruz,87,273765,281,251,0,251,2
2020-06-12,Shasta,89,179085,91,48,0,48,5
2020-06-12,Sierra,91,2930,1,1,0,1,0
2020-06-12,Siskiyou,93,43540,24,13,0,13,0
2020-06-12,Solano,95,438530,910,620,4,624,19
2020-06-12,Sonoma,97,501317,862,696,1,697,4
2020-06-12,Stanislaus,99,539301,1687,1092,5,1097,33
2020-06-12,Sutter,101,95872,92,56,0,56,2
2020-06-12,Tehama,103,63373,32,13,1,14,1
2020-06-12,Trinity,105,12862,3,2,2,4,0
2020-06-12,Tulare,107,460477,3491,2552,2,2554,95
2020-06-12,Tuolumne,109,53932,10,7,1,8,0
2020-06-12,Ventura,111,848112,2171,1534,5,1539,35
2020-06-12,Yolo,113,214977,305,243,0,243,24
2020-06-12,Yuba,115,75493,36,27,0,27,1
2020-06-11,Alameda,1,1643700,4748,4073,5,4078,108
2020-06-11,Alpine,3,1148,2,1,0,1,0
2020-06-11,Amador,5,37829,10,10,0,10,0
2020-06-11,Butte,7,227075,95,72,4,76,1
2020-06-11,Calaveras,9,45235,27,16,0,16,0
2020-06-11,Colusa,11,21464,12,7,0,7,0
2020-06-11,Contra Costa,13,1133247,2126,1797,1,1798,43
2020-06-11,Del Norte,15,27424,47,45,0,45,0
2020-06-11,El Dorado,17,186661,142,109,0,109,0
2020-06-11,Fresno,19,978130,4470,2338,40,2378,45
2020-06-11,Glenn,21,27897,42,21,0,21,0
2020-06-11,Humboldt,23,135768,122,113,0,113,3
2020-06-11,Imperial,25,180216,5642,3463,6,3469,36
2020-06-11,Inyo,27,18085,22,23,0,23,1
2020-06-11,Kern,29,883053,4086,3047,8,3055,54
2020-06-11,Kings,31,150075,1945,963,4,967,6
2020-06-11,Lake,33,64148,38,28,0,28,0
2020-06-11,Lassen,35,31185,12,5,1,6,0
2020-06-11,Los Angeles,37,10098052,77830,68807,22,68829,2800
2020-06-11,Madera,39,155013,422,178,0,178,3
2020-06-11,Marin,41,260295,786,637,2,639,17
2020-06-11,Mariposa,43,17540,18,16,0,16,1
2020-06-11,Mendocino,45,87422,39,35,0,35,0
2020-06-11,Merced,47,269075,623,370,0,370,7
2020-06-11,Modoc,49,8938,1,0,0,0,0
2020-06-11,Mono,51,14174,39,35,0,35,1
2020-06-11,Monterey,53,433212,1151,813,2,815,11
2020-06-11,Napa,55,140530,210,162,0,162,3
2020-06-11,Nevada,57,99092,67,50,1,51,1
2020-06-11,Orange,59,3164182,11667,8304,56,8360,188
2020-06-11,Placer,61,380077,465,321,2,323,9
2020-06-11,Plumas,63,18699,5,4,0,4,0
2020-06-11,Riverside,65,2383286,13094,10014,8,10022,361
2020-06-11,Sacramento,67,1510023,1921,1669,2,1671,60
2020-06-11,San Benito,69,59416,151,94,0,94,2
2020-06-11,San Bernardino,71,2135413,9157,6509,4,6513,221
2020-06-11,San Diego,73,3302833,10384,9000,0,9000,308
2020-06-11,San Francisco,75,870044,3047,2766,1,2767,44
2020-06-11,San Joaquin,77,732212,2071,1351,4,1355,43
2020-06-11,San Luis Obispo,79,281455,420,307,2,309,1
2020-06-11,San Mateo,81,765935,2747,2499,4,2503,74
2020-06-11,Santa Barbara,83,443738,2615,1895,6,1901,14
2020-06-11,Santa Clara,85,1922200,3711,3049,5,3054,149
2020-06-11,Santa Cruz,87,273765,277,247,0,247,2
2020-06-11,Shasta,89,179085,84,47,0,47,5
2020-06-11,Sierra,91,2930,1,1,0,1,0
2020-06-11,Siskiyou,93,43540,24,14,0,14,0
2020-06-11,Solano,95,438530,884,616,4,620,19
2020-06-11,Sonoma,97,501317,839,682,1,683,4
2020-06-11,Stanislaus,99,539301,1596,1062,5,1067,30
2020-06-11,Sutter,101,95872,89,56,0,56,2
2020-06-11,Tehama,103,63373,27,10,1,11,1
2020-06-11,Trinity,105,12862,3,2,2,4,0
2020-06-11,Tulare,107,460477,3394,2473,2,2475,95
2020-06-11,Tuolumne,109,53932,10,7,1,8,0
2020-06-11,Ventura,111,848112,2094,1491,5,1496,34
2020-06-11,Yolo,113,214977,297,230,0,230,24
2020-06-11,Yuba,115,75493,36,27,0,27,1
2020-06-10,Alameda,1,1643700,4648,4027,4,4031,107
2020-06-10,Alpine,3,1148,2,1,0,1,0
2020-06-10,Amador,5,37829,10,10,0,10,0
2020-06-10,Butte,7,227075,92,71,4,75,1
2020-06-10,Calaveras,9,45235,27,16,0,16,0
2020-06-10,Colusa,11,21464,11,7,0,7,0
2020-06-10,Contra Costa,13,1133247,2082,1778,1,1779,43
2020-06-10,Del Norte,15,27424,47,45,0,45,0
2020-06-10,El Dorado,17,186661,139,109,0,109,0
2020-06-10,Fresno,19,978130,4294,2324,40,2364,45
2020-06-10,Glenn,21,27897,39,21,0,21,0
2020-06-10,Humboldt,23,135768,118,112,0,112,3
2020-06-10,Imperial,25,180216,5494,3454,6,3460,36
2020-06-10,Inyo,27,18085,22,23,0,23,1
2020-06-10,Kern,29,883053,3961,3000,8,3008,54
2020-06-10,Kings,31,150075,1898,952,3,955,6
2020-06-10,Lake,33,64148,38,28,0,28,0
2020-06-10,Lassen,35,31185,12,5,1,6,0
2020-06-10,Los Angeles,37,10098052,76309,67018,22,67040,2752
2020-06-10,Madera,39,155013,408,176,0,176,3
2020-06-10,Marin,41,260295,754,633,2,635,17
2020-06-10,Mariposa,43,17540,17,16,0,16,1
2020-06-10,Mendocino,45,87422,38,35,0,35,0
2020-06-10,Merced,47,269075,590,370,0,370,7
2020-06-10,Modoc,49,8938,1,0,0,0,0
2020-06-10,Mono,51,14174,39,35,0,35,1
2020-06-10,Monterey,53,433212,1097,791,2,793,11
2020-06-10,Napa,55,140530,207,159,0,159,3
2020-06-10,Nevada,57,99092,65,50,1,51,1
2020-06-10,Orange,59,3164182,11391,8222,53,8275,184
2020-06-10,Placer,61,380077,436,309,2,311,9
2020-06-10,Plumas,63,18699,5,4,0,4,0
2020-06-10,Riverside,65,2383286,12771,9857,8,9865,361
2020-06-10,Sacramento,67,1510023,1882,1643,2,1645,59
2020-06-10,San Benito,69,59416,142,94,0,94,2
2020-06-10,San Bernardino,71,2135413,8865,6438,4,6442,219
2020-06-10,San Diego,73,3302833,10220,8839,0,8839,305
2020-06-10,San Francisco,75,870044,3022,2774,1,2775,44
2020-06-10,San Joaquin,77,732212,1942,1282,4,1286,41
2020-06-10,San Luis Obispo,79,281455,401,306,2,308,1
2020-06-10,San Mateo,81,765935,2706,2492,4,2496,74
2020-06-10,Santa Barbara,83,443738,2559,1878,6,1884,13
2020-06-10,Santa Clara,85,1922200,3660,3032,5,3037,149
2020-06-10,Santa Cruz,87,273765,273,242,0,242,2
2020-06-10,Shasta,89,179085,79,45,0,45,5
2020-06-10,Sierra,91,2930,1,1,0,1,0
2020-06-10,Siskiyou,93,43540,24,14,0,14,0
2020-06-10,Solano,95,438530,848,608,4,612,19
2020-06-10,Sonoma,97,501317,821,673,1,674,4
2020-06-10,Stanislaus,99,539301,1506,1030,5,1035,29
2020-06-10,Sutter,101,95872,88,56,0,56,2
2020-06-10,Tehama,103,63373,25,10,1,11,1
2020-06-10,Trinity,105,12862,3,2,2,4,0
2020-06-10,Tulare,107,460477,3302,2455,2,2457,95
2020-06-10,Tuolumne,109,53932,10,7,1,8,0
2020-06-10,Ventura,111,848112,2048,1446,4,1450,34
2020-06-10,Yolo,113,214977,289,226,0,226,24
2020-06-10,Yuba,115,75493,35,27,0,27,1
2020-06-09,Alameda,1,1643700,4538,3963,4,3967,103
2020-06-09,Alpine,3,1148,2,1,0,1,0
2020-06-09,Amador,5,37829,10,10,0,10,0
2020-06-09,Butte,7,227075,91,70,4,74,1
2020-06-09,Calaveras,9,45235,27,16,0,16,0
2020-06-09,Colusa,11,21464,10,7,0,7,0
2020-06-09,Contra Costa,13,1133247,2042,1744,1,1745,42
2020-06-09,Del Norte,15,27424,47,45,0,45,0
2020-06-09,El Dorado,17,186661,133,108,0,108,0
2020-06-09,Fresno,19,978130,4142,2278,40,2318,43
2020-06-09,Glenn,21,27897,38,19,0,19,0
2020-06-09,Humboldt,23,135768,116,113,0,113,2
2020-06-09,Imperial,25,180216,5342,3067,6,3073,36
2020-06-09,Inyo,27,18085,22,22,0,22,1
2020-06-09,Kern,29,883053,3834,2920,8,2928,51
2020-06-09,Kings,31,150075,1866,934,3,937,6
2020-06-09,Lake,33,64148,38,28,0,28,0
2020-06-09,Lassen,35,31185,12,5,1,6,0
2020-06-09,Los Angeles,37,10098052,74650,65827,22,65849,2692
2020-06-09,Madera,39,155013,393,172,0,172,3
2020-06-09,Marin,41,260295,718,616,2,618,17
2020-06-09,Mariposa,43,17540,17,16,0,16,1
2020-06-09,Mendocino,45,87422,34,35,0,35,0
2020-06-09,Merced,47,269075,561,349,0,349,7
2020-06-09,Modoc,49,8938,1,0,0,0,0
2020-06-09,Mono,51,14174,39,35,0,35,1
2020-06-09,Monterey,53,433212,1056,772,2,774,11
2020-06-09,Napa,55,140530,197,156,0,156,3
2020-06-09,Nevada,57,99092,57,50,1,51,1
2020-06-09,Orange,59,3164182,11150,7991,51,8042,174
2020-06-09,Placer,61,380077,423,301,2,303,9
2020-06-09,Plumas,63,18699,5,4,0,4,0
2020-06-09,Riverside,65,2383286,12393,9511,8,9519,354
2020-06-09,Sacramento,67,1510023,1828,1625,2,1627,59
2020-06-09,San Benito,69,59416,136,95,0,95,2
2020-06-09,San Bernardino,71,2135413,8541,6268,3,6271,217
2020-06-09,San Diego,73,3302833,10035,8731,0,8731,301
2020-06-09,San Francisco,75,870044,2997,2749,1,2750,44
2020-06-09,San Joaquin,77,732212,1836,1240,4,1244,41
2020-06-09,San Luis Obispo,79,281455,388,301,1,302,1
2020-06-09,San Mateo,81,765935,2675,2463,4,2467,74
2020-06-09,Santa Barbara,83,443738,2497,1854,6,1860,13
2020-06-09,Santa Clara,85,1922200,3593,3006,5,3011,147
2020-06-09,Santa Cruz,87,273765,267,237,0,237,2
2020-06-09,Shasta,89,179085,75,44,0,44,4
2020-06-09,Sierra,91,2930,1,1,0,1,0
2020-06-09,Siskiyou,93,43540,19,10,0,10,0
2020-06-09,Solano,95,438530,813,596,4,600,18
2020-06-09,Sonoma,97,501317,798,661,1,662,4
2020-06-09,Stanislaus,99,539301,1405,993,5,998,25
2020-06-09,Sutter,101,95872,85,56,0,56,2
2020-06-09,Tehama,103,63373,25,9,1,10,1
2020-06-09,Trinity,105,12862,3,2,2,4,0
2020-06-09,Tulare,107,460477,3236,2393,2,2395,91
2020-06-09,Tuolumne,109,53932,10,8,1,9,0
2020-06-09,Ventura,111,848112,1982,1407,4,1411,34
2020-06-09,Yolo,113,214977,278,226,0,226,24
2020-06-09,Yuba,115,75493,34,27,0,27,1
2020-06-08,Alameda,1,1643700,4458,3937,4,3941,103
2020-06-08,Alpine,3,1148,2,1,0,1,0
2020-06-08,Amador,5,37829,10,10,0,10,0
2020-06-08,Butte,7,227075,89,68,4,72,1
2020-06-08,Calaveras,9,45235,27,16,0,16,0
2020-06-08,Colusa,11,21464,9,7,0,7,0
2020-06-08,Contra Costa,13,1133247,1999,1714,1,1715,41
2020-06-08,Del Norte,15,27424,47,45,0,45,0
2020-06-08,El Dorado,17,186661,129,107,0,107,0
2020-06-08,Fresno,19,978130,4017,2194,39,2233,42
2020-06-08,Glenn,21,27897,36,17,0,17,0
2020-06-08,Humboldt,23,135768,116,112,0,112,2
2020-06-08,Imperial,25,180216,5190,3051,6,3057,21
2020-06-08,Inyo,27,18085,22,22,0,22,1
2020-06-08,Kern,29,883053,3704,2853,8,2861,49
2020-06-08,Kings,31,150075,1790,892,3,895,6
2020-06-08,Lake,33,64148,38,28,0,28,0
2020-06-08,Lassen,35,31185,12,4,1,5,0
2020-06-08,Los Angeles,37,10098052,73191,64634,22,64656,2640
2020-06-08,Madera,39,155013,363,154,0,154,3
2020-06-08,Marin,41,260295,677,596,2,598,17
2020-06-08,Mariposa,43,17540,16,16,0,16,1
2020-06-08,Mendocino,45,87422,32,32,0,32,0
2020-06-08,Merced,47,269075,527,331,0,331,7
2020-06-08,Modoc,49,8938,1,0,0,0,0
2020-06-08,Mono,51,14174,39,35,0,35,1
2020-06-08,Monterey,53,433212,1005,751,1,752,10
2020-06-08,Napa,55,140530,181,151,0,151,3
2020-06-08,Nevada,57,99092,56,50,1,51,1
2020-06-08,Orange,59,3164182,10898,7786,50,7836,160
2020-06-08,Placer,61,380077,402,290,2,292,9
2020-06-08,Plumas,63,18699,5,4,0,4,0
2020-06-08,Riverside,65,2383286,12024,9246,8,9254,347
2020-06-08,Sacramento,67,1510023,1778,1591,2,1593,59
2020-06-08,San Benito,69,59416,129,93,0,93,2
2020-06-08,San Bernardino,71,2135413,8220,6122,3,6125,214
2020-06-08,San Diego,73,3302833,9878,8621,0,8621,296
2020-06-08,San Francisco,75,870044,2970,2715,1,2716,43
2020-06-08,San Joaquin,77,732212,1729,1198,4,1202,40
2020-06-08,San Luis Obispo,79,281455,382,300,1,301,1
2020-06-08,San Mateo,81,765935,2644,2431,3,2434,74
2020-06-08,Santa Barbara,83,443738,2436,1824,6,1830,13
2020-06-08,Santa Clara,85,1922200,3548,2971,5,2976,146
2020-06-08,Santa Cruz,87,273765,266,234,0,234,2
2020-06-08,Shasta,89,179085,71,43,0,43,4
2020-06-08,Sierra,91,2930,1,1,0,1,0
2020-06-08,Siskiyou,93,43540,19,8,0,8,0
2020-06-08,Solano,95,438530,786,560,4,564,19
2020-06-08,Sonoma,97,501317,782,654,1,655,4
2020-06-08,Stanislaus,99,539301,1323,956,5,961,28
2020-06-08,Sutter,101,95872,78,55,0,55,2
2020-06-08,Tehama,103,63373,19,8,1,9,1
2020-06-08,Trinity,105,12862,3,2,2,4,0
2020-06-08,Tulare,107,460477,3153,2301,2,2303,91
2020-06-08,Tuolumne,109,53932,9,8,1,9,0
2020-06-08,Ventura,111,848112,1924,1382,4,1386,30
2020-06-08,Yolo,113,214977,267,228,0,228,24
2020-06-08,Yuba,115,75493,32,27,0,27,1
2020-06-07,Alameda,1,1643700,4345,3866,4,3870,102
2020-06-07,Alpine,3,1148,2,1,0,1,0
2020-06-07,Amador,5,37829,10,10,0,10,0
2020-06-07,Butte,7,227075,87,64,3,67,1
2020-06-07,Calaveras,9,45235,25,16,0,16,0
2020-06-07,Colusa,11,21464,9,7,0,7,0
2020-06-07,Contra Costa,13,1133247,1948,1653,0,1653,38
2020-06-07,Del Norte,15,27424,45,45,0,45,0
2020-06-07,El Dorado,17,186661,129,104,0,104,0
2020-06-07,Fresno,19,978130,3887,2144,39,2183,41
2020-06-07,Glenn,21,27897,29,16,0,16,0
2020-06-07,Humboldt,23,135768,116,112,0,112,2
2020-06-07,Imperial,25,180216,5038,3048,6,3054,19
2020-06-07,Inyo,27,18085,22,21,0,21,1
2020-06-07,Kern,29,883053,3574,2771,8,2779,46
2020-06-07,Kings,31,150075,1742,882,3,885,6
2020-06-07,Lake,33,64148,35,28,0,28,0
2020-06-07,Lassen,35,31185,11,4,1,5,0
2020-06-07,Los Angeles,37,10098052,71482,63750,22,63772,2629
2020-06-07,Madera,39,155013,346,149,0,149,3
2020-06-07,Marin,41,260295,663,584,2,586,17
2020-06-07,Mariposa,43,17540,16,16,0,16,1
2020-06-07,Mendocino,45,87422,32,32,0,32,0
2020-06-07,Merced,47,269075,494,318,0,318,7
2020-06-07,Modoc,49,8938,1,0,0,0,0
2020-06-07,Mono,51,14174,39,35,0,35,1
2020-06-07,Monterey,53,433212,958,732,1,733,10
2020-06-07,Napa,55,140530,173,142,0,142,3
2020-06-07,Nevada,57,99092,55,50,1,51,1
2020-06-07,Orange,59,3164182,10641,7643,48,7691,158
2020-06-07,Placer,61,380077,379,273,2,275,9
2020-06-07,Plumas,63,18699,5,4,0,4,0
2020-06-07,Riverside,65,2383286,11728,9105,8,9113,344
2020-06-07,Sacramento,67,1510023,1732,1568,2,1570,59
2020-06-07,San Benito,69,59416,126,92,0,92,2
2020-06-07,San Bernardino,71,2135413,7937,6033,3,6036,214
2020-06-07,San Diego,73,3302833,9699,8478,0,8478,296
2020-06-07,San Francisco,75,870044,2926,2674,0,2674,43
2020-06-07,San Joaquin,77,732212,1628,1126,4,1130,37
2020-06-07,San Luis Obispo,79,281455,372,296,1,297,1
2020-06-07,San Mateo,81,765935,2617,2399,3,2402,73
2020-06-07,Santa Barbara,83,443738,2375,1818,6,1824,13
2020-06-07,Santa Clara,85,1922200,3497,2947,5,2952,146
2020-06-07,Santa Cruz,87,273765,258,230,0,230,2
2020-06-07,Shasta,89,179085,70,41,0,41,4
2020-06-07,Sierra,91,2930,1,1,0,1,0
2020-06-07,Siskiyou,93,43540,19,8,0,8,0
2020-06-07,Solano,95,438530,763,560,4,564,19
2020-06-07,Sonoma,97,501317,751,639,1,640,4
2020-06-07,Stanislaus,99,539301,1244,905,5,910,28
2020-06-07,Sutter,101,95872,70,55,0,55,2
2020-06-07,Tehama,103,63373,16,8,1,9,1
2020-06-07,Trinity,105,12862,2,2,2,4,0
2020-06-07,Tulare,107,460477,3031,2219,2,2221,90
2020-06-07,Tuolumne,109,53932,9,4,1,5,0
2020-06-07,Ventura,111,848112,1859,1337,4,1341,30
2020-06-07,Yolo,113,214977,257,224,0,224,24
2020-06-07,Yuba,115,75493,32,27,0,27,1
2020-06-06,Alameda,1,1643700,4300,3801,4,3805,102
2020-06-06,Alpine,3,1148,2,1,0,1,0
2020-06-06,Amador,5,37829,10,10,0,10,0
2020-06-06,Butte,7,227075,86,63,3,66,1
2020-06-06,Calaveras,9,45235,23,16,0,16,0
2020-06-06,Colusa,11,21464,9,7,0,7,0
2020-06-06,Contra Costa,13,1133247,1927,1619,0,1619,37
2020-06-06,Del Norte,15,27424,45,45,0,45,0
2020-06-06,El Dorado,17,186661,126,104,0,104,0
2020-06-06,Fresno,19,978130,3834,2117,39,2156,41
2020-06-06,Glenn,21,27897,27,16,0,16,0
2020-06-06,Humboldt,23,135768,116,112,0,112,2
2020-06-06,Imperial,25,180216,4963,3047,6,3053,19
2020-06-06,Inyo,27,18085,22,21,0,21,1
2020-06-06,Kern,29,883053,3504,2695,8,2703,46
2020-06-06,Kings,31,150075,1723,882,3,885,6
2020-06-06,Lake,33,64148,35,28,0,28,0
2020-06-06,Lassen,35,31185,11,4,1,5,0
2020-06-06,Los Angeles,37,10098052,70735,62269,22,62291,2607
2020-06-06,Madera,39,155013,337,149,0,149,3
2020-06-06,Marin,41,260295,658,556,2,558,17
2020-06-06,Mariposa,43,17540,16,16,0,16,1
2020-06-06,Mendocino,45,87422,32,32,0,32,0
2020-06-06,Merced,47,269075,492,315,0,315,7
2020-06-06,Modoc,49,8938,1,0,0,0,0
2020-06-06,Mono,51,14174,39,35,0,35,1
2020-06-06,Monterey,53,433212,934,679,1,680,10
2020-06-06,Napa,55,140530,167,136,0,136,3
2020-06-06,Nevada,57,99092,54,50,1,51,1
2020-06-06,Orange,59,3164182,10482,7576,47,7623,157
2020-06-06,Placer,61,380077,370,270,2,272,9
2020-06-06,Plumas,63,18699,5,4,0,4,0
2020-06-06,Riverside,65,2383286,11549,8935,8,8943,345
2020-06-06,Sacramento,67,1510023,1709,1533,2,1535,59
2020-06-06,San Benito,69,59416,116,92,0,92,2
2020-06-06,San Bernardino,71,2135413,7789,5946,3,5949,214
2020-06-06,San Diego,73,3302833,9578,8347,0,8347,296
2020-06-06,San Francisco,75,870044,2911,2674,0,2674,43
2020-06-06,San Joaquin,77,732212,1588,1076,4,1080,37
2020-06-06,San Luis Obispo,79,281455,366,295,1,296,1
2020-06-06,San Mateo,81,765935,2602,2342,3,2345,72
2020-06-06,Santa Barbara,83,443738,2335,1815,6,1821,13
2020-06-06,Santa Clara,85,1922200,3456,2934,5,2939,144
2020-06-06,Santa Cruz,87,273765,256,226,0,226,2
2020-06-06,Shasta,89,179085,70,40,0,40,4
2020-06-06,Sierra,91,2930,1,1,0,1,0
2020-06-06,Siskiyou,93,43540,17,8,0,8,0
2020-06-06,Solano,95,438530,748,560,4,564,19
2020-06-06,Sonoma,97,501317,739,622,1,623,4
2020-06-06,Stanislaus,99,539301,1210,858,5,863,27
2020-06-06,Sutter,101,95872,70,51,0,51,2
2020-06-06,Tehama,103,63373,15,8,1,9,1
2020-06-06,Trinity,105,12862,2,2,1,3,0
2020-06-06,Tulare,107,460477,2998,2213,2,2215,90
2020-06-06,Tuolumne,109,53932,9,4,1,5,0
2020-06-06,Ventura,111,848112,1835,1303,4,1307,30
2020-06-06,Yolo,113,214977,255,223,0,223,24
2020-06-06,Yuba,115,75493,32,27,0,27,1
2020-06-05,Alameda,1,1643700,4249,3734,4,3738,102
2020-06-05,Alpine,3,1148,2,1,0,1,0
2020-06-05,Amador,5,37829,10,10,0,10,0
2020-06-05,Butte,7,227075,83,61,3,64,1
2020-06-05,Calaveras,9,45235,22,16,0,16,0
2020-06-05,Colusa,11,21464,9,7,0,7,0
2020-06-05,Contra Costa,13,1133247,1912,1575,0,1575,37
2020-06-05,Del Norte,15,27424,45,45,0,45,0
2020-06-05,El Dorado,17,186661,125,101,0,101,0
2020-06-05,Fresno,19,978130,3770,2051,38,2089,38
2020-06-05,Glenn,21,27897,25,16,0,16,0
2020-06-05,Humboldt,23,135768,115,111,0,111,2
2020-06-05,Imperial,25,180216,4856,2778,6,2784,19
2020-06-05,Inyo,27,18085,22,21,0,21,1
2020-06-05,Kern,29,883053,3415,2624,8,2632,46
2020-06-05,Kings,31,150075,1708,865,3,868,6
2020-06-05,Lake,33,64148,35,28,0,28,0
2020-06-05,Lassen,35,31185,10,4,1,5,0
2020-06-05,Los Angeles,37,10098052,69576,60955,22,60977,2553
2020-06-05,Madera,39,155013,315,144,0,144,3
2020-06-05,Marin,41,260295,649,546,2,548,17
2020-06-05,Mariposa,43,17540,16,16,0,16,1
2020-06-05,Mendocino,45,87422,32,32,0,32,0
2020-06-05,Merced,47,269075,490,309,0,309,7
2020-06-05,Modoc,49,8938,1,0,0,0,0
2020-06-05,Mono,51,14174,39,35,0,35,1
2020-06-05,Monterey,53,433212,902,649,1,650,10
2020-06-05,Napa,55,140530,164,123,0,123,3
2020-06-05,Nevada,57,99092,54,50,1,51,1
2020-06-05,Orange,59,3164182,10287,7391,45,7436,153
2020-06-05,Placer,61,380077,360,265,2,267,9
2020-06-05,Plumas,63,18699,5,4,0,4,0
2020-06-05,Riverside,65,2383286,11289,8700,8,8708,345
2020-06-05,Sacramento,67,1510023,1687,1514,2,1516,59
2020-06-05,San Benito,69,59416,114,92,0,92,2
2020-06-05,San Bernardino,71,2135413,7607,5869,2,5871,212
2020-06-05,San Diego,73,3302833,9463,8182,0,8182,294
2020-06-05,San Francisco,75,870044,2892,2675,0,2675,43
2020-06-05,San Joaquin,77,732212,1509,1046,4,1050,36
2020-06-05,San Luis Obispo,79,281455,359,293,1,294,1
2020-06-05,San Mateo,81,765935,2577,2331,3,2334,72
2020-06-05,Santa Barbara,83,443738,2300,1795,6,1801,13
2020-06-05,Santa Clara,85,1922200,3431,2902,5,2907,144
2020-06-05,Santa Cruz,87,273765,253,222,0,222,2
2020-06-05,Shasta,89,179085,69,40,0,40,4
2020-06-05,Sierra,91,2930,1,1,0,1,0
2020-06-05,Siskiyou,93,43540,15,8,0,8,0
2020-06-05,Solano,95,438530,741,558,4,562,19
2020-06-05,Sonoma,97,501317,718,618,1,619,4
2020-06-05,Stanislaus,99,539301,1177,842,5,847,27
2020-06-05,Sutter,101,95872,70,49,0,49,2
2020-06-05,Tehama,103,63373,15,7,1,8,1
2020-06-05,Trinity,105,12862,2,1,1,2,0
2020-06-05,Tulare,107,460477,2949,2180,2,2182,90
2020-06-05,Tuolumne,109,53932,9,4,1,5,0
2020-06-05,Ventura,111,848112,1802,1274,4,1278,30
2020-06-05,Yolo,113,214977,254,216,0,216,24
2020-06-05,Yuba,115,75493,32,27,0,27,1
2020-06-04,Alameda,1,1643700,4150,3643,4,3647,99
2020-06-04,Alpine,3,1148,2,1,0,1,0
2020-06-04,Amador,5,37829,10,10,0,10,0
2020-06-04,Butte,7,227075,79,57,3,60,1
2020-06-04,Calaveras,9,45235,22,15,0,15,0
2020-06-04,Colusa,11,21464,9,7,0,7,0
2020-06-04,Contra Costa,13,1133247,1854,1551,0,1551,37
2020-06-04,Del Norte,15,27424,45,45,0,45,0
2020-06-04,El Dorado,17,186661,123,101,0,101,0
2020-06-04,Fresno,19,978130,3664,2007,38,2045,35
2020-06-04,Glenn,21,27897,22,16,0,16,0
2020-06-04,Humboldt,23,135768,115,109,0,109,2
2020-06-04,Imperial,25,180216,4673,2631,6,2637,19
2020-06-04,Inyo,27,18085,22,20,0,20,1
2020-06-04,Kern,29,883053,3301,2530,8,2538,46
2020-06-04,Kings,31,150075,1638,842,3,845,6
2020-06-04,Lake,33,64148,34,27,0,27,0
2020-06-04,Lassen,35,31185,8,4,1,5,0
2020-06-04,Los Angeles,37,10098052,68102,59596,22,59618,2515
2020-06-04,Madera,39,155013,307,127,0,127,3
2020-06-04,Marin,41,260295,627,533,2,535,14
2020-06-04,Mariposa,43,17540,16,16,0,16,1
2020-06-04,Mendocino,45,87422,32,29,0,29,0
2020-06-04,Merced,47,269075,470,304,0,304,7
2020-06-04,Modoc,49,8938,1,0,0,0,0
2020-06-04,Mono,51,14174,39,35,0,35,1
2020-06-04,Monterey,53,433212,867,621,1,622,10
2020-06-04,Napa,55,140530,160,117,0,117,3
2020-06-04,Nevada,57,99092,53,49,1,50,1
2020-06-04,Orange,59,3164182,10036,7192,44,7236,148
2020-06-04,Placer,61,380077,344,256,2,258,9
2020-06-04,Plumas,63,18699,4,4,0,4,0
2020-06-04,Riverside,65,2383286,11011,8473,8,8481,341
2020-06-04,Sacramento,67,1510023,1660,1492,2,1494,58
2020-06-04,San Benito,69,59416,112,88,0,88,2
2020-06-04,San Bernardino,71,2135413,7339,5726,2,5728,207
2020-06-04,San Diego,73,3302833,9300,7942,0,7942,288
2020-06-04,San Francisco,75,870044,2859,2636,0,2636,43
2020-06-04,San Joaquin,77,732212,1447,1016,4,1020,36
2020-06-04,San Luis Obispo,79,281455,351,288,1,289,1
2020-06-04,San Mateo,81,765935,2551,2284,3,2287,72
2020-06-04,Santa Barbara,83,443738,2261,1750,6,1756,13
2020-06-04,Santa Clara,85,1922200,3399,2871,5,2876,144
2020-06-04,Santa Cruz,87,273765,247,218,0,218,2
2020-06-04,Shasta,89,179085,63,40,0,40,4
2020-06-04,Sierra,91,2930,1,1,0,1,0
2020-06-04,Siskiyou,93,43540,14,8,0,8,0
2020-06-04,Solano,95,438530,724,551,4,555,19
2020-06-04,Sonoma,97,501317,699,591,1,592,4
2020-06-04,Stanislaus,99,539301,1101,806,5,811,28
2020-06-04,Sutter,101,95872,65,46,0,46,2
2020-06-04,Tehama,103,63373,14,6,1,7,1
2020-06-04,Trinity,105,12862,2,1,1,2,0
2020-06-04,Tulare,107,460477,2833,2086,2,2088,90
2020-06-04,Tuolumne,109,53932,8,4,1,5,0
2020-06-04,Ventura,111,848112,1759,1236,4,1240,30
2020-06-04,Yolo,113,214977,249,216,0,216,24
2020-06-04,Yuba,115,75493,31,27,0,27,1
2020-06-03,Alameda,1,1643700,4091,3589,3,3592,99
2020-06-03,Alpine,3,1148,2,1,0,1,0
2020-06-03,Amador,5,37829,10,10,0,10,0
2020-06-03,Butte,7,227075,77,53,3,56,1
2020-06-03,Calaveras,9,45235,21,15,0,15,0
2020-06-03,Colusa,11,21464,9,7,0,7,0
2020-06-03,Contra Costa,13,1133247,1806,1511,0,1511,37
2020-06-03,Del Norte,15,27424,45,39,0,39,0
2020-06-03,El Dorado,17,186661,120,90,0,90,0
2020-06-03,Fresno,19,978130,3567,1943,38,1981,35
2020-06-03,Glenn,21,27897,22,16,0,16,0
2020-06-03,Humboldt,23,135768,115,103,0,103,2
2020-06-03,Imperial,25,180216,4501,2540,6,2546,19
2020-06-03,Inyo,27,18085,22,20,0,20,1
2020-06-03,Kern,29,883053,3206,2452,8,2460,44
2020-06-03,Kings,31,150075,1573,744,3,747,6
2020-06-03,Lake,33,64148,32,26,0,26,0
2020-06-03,Lassen,35,31185,8,4,1,5,0
2020-06-03,Los Angeles,37,10098052,66490,58166,22,58188,2472
2020-06-03,Madera,39,155013,299,117,0,117,3
2020-06-03,Marin,41,260295,609,527,2,529,14
2020-06-03,Mariposa,43,17540,16,16,0,16,1
2020-06-03,Mendocino,45,87422,31,29,0,29,0
2020-06-03,Merced,47,269075,456,299,0,299,7
2020-06-03,Modoc,49,8938,1,0,0,0,0
2020-06-03,Mono,51,14174,39,35,0,35,1
2020-06-03,Monterey,53,433212,839,592,1,593,10
2020-06-03,Napa,55,140530,159,116,0,116,3
2020-06-03,Nevada,57,99092,52,43,1,44,1
2020-06-03,Orange,59,3164182,9808,6939,43,6982,145
2020-06-03,Placer,61,380077,329,243,2,245,9
2020-06-03,Plumas,63,18699,4,4,0,4,0
2020-06-03,Riverside,65,2383286,10736,8208,8,8216,335
2020-06-03,Sacramento,67,1510023,1630,1457,2,1459,58
2020-06-03,San Benito,69,59416,106,88,0,88,2
2020-06-03,San Bernardino,71,2135413,7116,5565,2,5567,203
2020-06-03,San Diego,73,3302833,9152,7800,0,7800,283
2020-06-03,San Francisco,75,870044,2828,2608,0,2608,43
2020-06-03,San Joaquin,77,732212,1382,1004,4,1008,35
2020-06-03,San Luis Obispo,79,281455,346,279,1,280,1
2020-06-03,San Mateo,81,765935,2522,2243,3,2246,71
2020-06-03,Santa Barbara,83,443738,2218,1722,6,1728,12
2020-06-03,Santa Clara,85,1922200,3360,2836,5,2841,144
2020-06-03,Santa Cruz,87,273765,241,217,0,217,2
2020-06-03,Shasta,89,179085,60,40,0,40,4
2020-06-03,Sierra,91,2930,1,1,0,1,0
2020-06-03,Siskiyou,93,43540,13,8,0,8,0
2020-06-03,Solano,95,438530,699,543,2,545,18
2020-06-03,Sonoma,97,501317,688,578,1,579,4
2020-06-03,Stanislaus,99,539301,1061,780,5,785,27
2020-06-03,Sutter,101,95872,57,45,0,45,2
2020-06-03,Tehama,103,63373,14,6,1,7,1
2020-06-03,Trinity,105,12862,2,1,1,2,0
2020-06-03,Tulare,107,460477,2764,2041,2,2043,88
2020-06-03,Tuolumne,109,53932,6,4,1,5,0
2020-06-03,Ventura,111,848112,1695,1202,4,1206,30
2020-06-03,Yolo,113,214977,245,213,0,213,24
2020-06-03,Yuba,115,75493,31,27,0,27,1
2020-06-02,Alameda,1,1643700,4015,3517,3,3520,99
2020-06-02,Alpine,3,1148,2,1,0,1,0
2020-06-02,Amador,5,37829,10,10,0,10,0
2020-06-02,Butte,7,227075,73,51,3,54,1
2020-06-02,Calaveras,9,45235,21,15,0,15,0
2020-06-02,Colusa,11,21464,9,7,0,7,0
2020-06-02,Contra Costa,13,1133247,1774,1505,0,1505,37
2020-06-02,Del Norte,15,27424,45,39,0,39,0
2020-06-02,El Dorado,17,186661,119,88,0,88,0
2020-06-02,Fresno,19,978130,3457,1917,38,1955,34
2020-06-02,Glenn,21,27897,21,16,0,16,0
2020-06-02,Humboldt,23,135768,115,101,0,101,2
2020-06-02,Imperial,25,180216,4308,2459,6,2465,19
2020-06-02,Inyo,27,18085,20,20,0,20,1
2020-06-02,Kern,29,883053,3108,2406,6,2412,41
2020-06-02,Kings,31,150075,1545,720,3,723,5
2020-06-02,Lake,33,64148,32,25,0,25,0
2020-06-02,Lassen,35,31185,7,4,1,5,0
2020-06-02,Los Angeles,37,10098052,65087,57144,22,57166,2430
2020-06-02,Madera,39,155013,278,110,0,110,2
2020-06-02,Marin,41,260295,582,509,2,511,14
2020-06-02,Mariposa,43,17540,16,16,0,16,1
2020-06-02,Mendocino,45,87422,31,29,0,29,0
2020-06-02,Merced,47,269075,440,297,0,297,6
2020-06-02,Modoc,49,8938,1,0,0,0,0
2020-06-02,Mono,51,14174,39,35,0,35,1
2020-06-02,Monterey,53,433212,809,582,1,583,10
2020-06-02,Napa,55,140530,150,116,0,116,3
2020-06-02,Nevada,57,99092,51,41,1,42,1
2020-06-02,Orange,59,3164182,9606,6790,42,6832,142
2020-06-02,Placer,61,380077,317,226,2,228,9
2020-06-02,Plumas,63,18699,4,4,0,4,0
2020-06-02,Riverside,65,2383286,10441,8091,7,8098,330
2020-06-02,Sacramento,67,1510023,1601,1428,2,1430,58
2020-06-02,San Benito,69,59416,105,86,0,86,2
2020-06-02,San Bernardino,71,2135413,6910,5438,2,5440,202
2020-06-02,San Diego,73,3302833,9006,7676,0,7676,276
2020-06-02,San Francisco,75,870044,2793,2554,0,2554,43
2020-06-02,San Joaquin,77,732212,1316,985,4,989,35
2020-06-02,San Luis Obispo,79,281455,341,275,1,276,1
2020-06-02,San Mateo,81,765935,2487,2203,3,2206,71
2020-06-02,Santa Barbara,83,443738,2173,1703,6,1709,12
2020-06-02,Santa Clara,85,1922200,3310,2819,5,2824,144
2020-06-02,Santa Cruz,87,273765,236,215,0,215,2
2020-06-02,Shasta,89,179085,59,38,0,38,4
2020-06-02,Sierra,91,2930,1,1,0,1,0
2020-06-02,Siskiyou,93,43540,12,8,0,8,0
2020-06-02,Solano,95,438530,684,537,1,538,18
2020-06-02,Sonoma,97,501317,677,571,1,572,4
2020-06-02,Stanislaus,99,539301,1002,772,5,777,27
2020-06-02,Sutter,101,95872,54,43,0,43,2
2020-06-02,Tehama,103,63373,14,6,1,7,1
2020-06-02,Trinity,105,12862,2,1,1,2,0
2020-06-02,Tulare,107,460477,2685,2012,2,2014,86
2020-06-02,Tuolumne,109,53932,6,4,1,5,0
2020-06-02,Ventura,111,848112,1645,1178,4,1182,30
2020-06-02,Yolo,113,214977,243,213,0,213,24
2020-06-02,Yuba,115,75493,31,27,0,27,1
2020-06-01,Alameda,1,1643700,3950,3460,3,3463,98
2020-06-01,Alpine,3,1148,2,1,0,1,0
2020-06-01,Amador,5,37829,10,10,0,10,0
2020-06-01,Butte,7,227075,72,50,2,52,1
2020-06-01,Calaveras,9,45235,21,15,0,15,0
2020-06-01,Colusa,11,21464,9,7,0,7,0
2020-06-01,Contra Costa,13,1133247,1738,1486,0,1486,37
2020-06-01,Del Norte,15,27424,45,38,0,38,0
2020-06-01,El Dorado,17,186661,117,88,0,88,0
2020-06-01,Fresno,19,978130,3363,1854,37,1891,33
2020-06-01,Glenn,21,27897,21,16,0,16,0
2020-06-01,Humboldt,23,135768,115,98,0,98,2
2020-06-01,Imperial,25,180216,4085,2366,6,2372,14
2020-06-01,Inyo,27,18085,20,20,0,20,1
2020-06-01,Kern,29,883053,3025,2366,6,2372,38
2020-06-01,Kings,31,150075,1277,703,3,706,4
2020-06-01,Lake,33,64148,32,22,0,22,0
2020-06-01,Lassen,35,31185,7,4,1,5,0
2020-06-01,Los Angeles,37,10098052,63622,55899,22,55921,2367
2020-06-01,Madera,39,155013,266,103,0,103,2
2020-06-01,Marin,41,260295,541,495,2,497,14
2020-06-01,Mariposa,43,17540,16,16,0,16,1
2020-06-01,Mendocino,45,87422,31,28,0,28,0
2020-06-01,Merced,47,269075,421,289,0,289,6
2020-06-01,Modoc,49,8938,1,0,0,0,0
2020-06-01,Mono,51,14174,39,35,0,35,1
2020-06-01,Monterey,53,433212,784,554,1,555,10
2020-06-01,Napa,55,140530,147,114,0,114,3
2020-06-01,Nevada,57,99092,51,41,1,42,1
2020-06-01,Orange,59,3164182,9410,6640,41,6681,135
2020-06-01,Placer,61,380077,305,218,2,220,9
2020-06-01,Plumas,63,18699,4,4,0,4,0
2020-06-01,Riverside,65,2383286,9990,7921,7,7928,322
2020-06-01,Sacramento,67,1510023,1562,1415,2,1417,58
2020-06-01,San Benito,69,59416,102,86,0,86,2
2020-06-01,San Bernardino,71,2135413,6704,5310,2,5312,202
2020-06-01,San Diego,73,3302833,8826,7556,0,7556,269
2020-06-01,San Francisco,75,870044,2756,2546,0,2546,43
2020-06-01,San Joaquin,77,732212,1251,957,4,961,35
2020-06-01,San Luis Obispo,79,281455,337,275,1,276,1
2020-06-01,San Mateo,81,765935,2457,2190,3,2193,71
2020-06-01,Santa Barbara,83,443738,2133,1671,5,1676,10
2020-06-01,Santa Clara,85,1922200,3272,2797,4,2801,142
2020-06-01,Santa Cruz,87,273765,232,215,0,215,2
2020-06-01,Shasta,89,179085,59,38,0,38,4
2020-06-01,Sierra,91,2930,1,1,0,1,0
2020-06-01,Siskiyou,93,43540,12,7,0,7,0
2020-06-01,Solano,95,438530,660,529,1,530,17
2020-06-01,Sonoma,97,501317,661,565,1,566,4
2020-06-01,Stanislaus,99,539301,965,758,5,763,27
2020-06-01,Sutter,101,95872,49,43,0,43,2
2020-06-01,Tehama,103,63373,11,5,1,6,1
2020-06-01,Trinity,105,12862,1,1,1,2,0
2020-06-01,Tulare,107,460477,2572,1976,2,1978,84
2020-06-01,Tuolumne,109,53932,5,4,1,5,0
2020-06-01,Ventura,111,848112,1595,1163,4,1167,29
2020-06-01,Yolo,113,214977,240,212,0,212,24
2020-06-01,Yuba,115,75493,30,26,0,26,1
2020-05-31,Alameda,1,1643700,3844,3362,3,3365,98
2020-05-31,Alpine,3,1148,2,1,0,1,0
2020-05-31,Amador,5,37829,10,10,0,10,0
2020-05-31,Butte,7,227075,70,51,2,53,0
2020-05-31,Calaveras,9,45235,18,15,0,15,0
2020-05-31,Colusa,11,21464,9,5,0,5,0
2020-05-31,Contra Costa,13,1133247,1704,1458,0,1458,37
2020-05-31,Del Norte,15,27424,45,37,0,37,0
2020-05-31,El Dorado,17,186661,113,88,0,88,0
2020-05-31,Fresno,19,978130,3206,1780,35,1815,31
2020-05-31,Glenn,21,27897,20,16,0,16,0
2020-05-31,Humboldt,23,135768,113,98,0,98,2
2020-05-31,Imperial,25,180216,3819,2197,6,2203,14
2020-05-31,Inyo,27,18085,20,20,0,20,1
2020-05-31,Kern,29,883053,2891,2300,6,2306,38
2020-05-31,Kings,31,150075,1240,703,3,706,3
2020-05-31,Lake,33,64148,32,19,0,19,0
2020-05-31,Lassen,35,31185,7,4,1,5,0
2020-05-31,Los Angeles,37,10098052,62335,54925,22,54947,2344
2020-05-31,Madera,39,155013,248,101,0,101,2
2020-05-31,Marin,41,260295,531,486,2,488,14
2020-05-31,Mariposa,43,17540,16,16,0,16,1
2020-05-31,Mendocino,45,87422,31,24,0,24,0
2020-05-31,Merced,47,269075,394,288,0,288,6
2020-05-31,Modoc,49,8938,0,0,0,0,0
2020-05-31,Mono,51,14174,39,34,0,34,1
2020-05-31,Monterey,53,433212,711,545,1,546,10
2020-05-31,Napa,55,140530,145,114,0,114,3
2020-05-31,Nevada,57,99092,50,41,1,42,1
2020-05-31,Orange,59,3164182,9199,6532,40,6572,135
2020-05-31,Placer,61,380077,282,215,2,217,9
2020-05-31,Plumas,63,18699,4,4,0,4,0
2020-05-31,Riverside,65,2383286,9734,7704,7,7711,321
2020-05-31,Sacramento,67,1510023,1531,1398,2,1400,57
2020-05-31,San Benito,69,59416,96,85,0,85,2
2020-05-31,San Bernardino,71,2135413,6436,5185,2,5187,198
2020-05-31,San Diego,73,3302833,8632,7483,0,7483,269
2020-05-31,San Francisco,75,870044,2720,2501,0,2501,43
2020-05-31,San Joaquin,77,732212,1186,888,4,892,34
2020-05-31,San Luis Obispo,79,281455,327,271,1,272,1
2020-05-31,San Mateo,81,765935,2411,2169,3,2172,71
2020-05-31,Santa Barbara,83,443738,2077,1662,5,1667,9
2020-05-31,Santa Clara,85,1922200,3228,2785,4,2789,142
2020-05-31,Santa Cruz,87,273765,229,210,0,210,2
2020-05-31,Shasta,89,179085,57,38,0,38,4
2020-05-31,Sierra,91,2930,1,1,0,1,0
2020-05-31,Siskiyou,93,43540,11,7,0,7,0
2020-05-31,Solano,95,438530,634,512,1,513,6
2020-05-31,Sonoma,97,501317,641,555,1,556,4
2020-05-31,Stanislaus,99,539301,911,738,5,743,27
2020-05-31,Sutter,101,95872,47,42,0,42,2
2020-05-31,Tehama,103,63373,10,4,1,5,1
2020-05-31,Trinity,105,12862,1,1,1,2,0
2020-05-31,Tulare,107,460477,2500,1884,2,1886,82
2020-05-31,Tuolumne,109,53932,5,4,1,5,0
2020-05-31,Ventura,111,848112,1540,1151,4,1155,30
2020-05-31,Yolo,113,214977,234,211,0,211,24
2020-05-31,Yuba,115,75493,30,26,0,26,1
2020-05-30,Alameda,1,1643700,3818,3304,3,3307,96
2020-05-30,Alpine,3,1148,2,1,0,1,0
2020-05-30,Amador,5,37829,10,10,0,10,0
2020-05-30,Butte,7,227075,69,44,2,46,0
2020-05-30,Calaveras,9,45235,17,15,0,15,0
2020-05-30,Colusa,11,21464,8,5,0,5,0
2020-05-30,Contra Costa,13,1133247,1689,1429,0,1429,37
2020-05-30,Del Norte,15,27424,45,37,0,37,0
2020-05-30,El Dorado,17,186661,112,86,0,86,0
2020-05-30,Fresno,19,978130,3145,1744,34,1778,31
2020-05-30,Glenn,21,27897,19,16,0,16,0
2020-05-30,Humboldt,23,135768,112,98,0,98,2
2020-05-30,Imperial,25,180216,3729,2091,6,2097,14
2020-05-30,Inyo,27,18085,20,20,0,20,1
2020-05-30,Kern,29,883053,2822,2217,6,2223,38
2020-05-30,Kings,31,150075,1226,703,3,706,3
2020-05-30,Lake,33,64148,31,18,0,18,0
2020-05-30,Lassen,35,31185,7,4,1,5,0
2020-05-30,Los Angeles,37,10098052,61798,53627,22,53649,2319
2020-05-30,Madera,39,155013,243,101,0,101,2
2020-05-30,Marin,41,260295,531,462,2,464,14
2020-05-30,Mariposa,43,17540,16,16,0,16,1
2020-05-30,Mendocino,45,87422,31,24,0,24,0
2020-05-30,Merced,47,269075,393,285,0,285,6
2020-05-30,Modoc,49,8938,0,0,0,0,0
2020-05-30,Mono,51,14174,39,34,0,34,1
2020-05-30,Monterey,53,433212,695,520,1,521,10
2020-05-30,Napa,55,140530,143,113,0,113,3
2020-05-30,Nevada,57,99092,50,41,1,42,1
2020-05-30,Orange,59,3164182,9044,6354,40,6394,134
2020-05-30,Placer,61,380077,274,199,1,200,9
2020-05-30,Plumas,63,18699,4,4,0,4,0
2020-05-30,Riverside,65,2383286,9590,7492,7,7499,316
2020-05-30,Sacramento,67,1510023,1520,1384,2,1386,57
2020-05-30,San Benito,69,59416,95,85,0,85,2
2020-05-30,San Bernardino,71,2135413,6327,5122,2,5124,198
2020-05-30,San Diego,73,3302833,8539,7387,0,7387,269
2020-05-30,San Francisco,75,870044,2695,2496,0,2496,41
2020-05-30,San Joaquin,77,732212,1148,888,4,892,34
2020-05-30,San Luis Obispo,79,281455,322,270,1,271,1
2020-05-30,San Mateo,81,765935,2387,2129,3,2132,71
2020-05-30,Santa Barbara,83,443738,2050,1660,5,1665,9
2020-05-30,Santa Clara,85,1922200,3212,2741,4,2745,141
2020-05-30,Santa Cruz,87,273765,229,206,0,206,2
2020-05-30,Shasta,89,179085,57,36,0,36,4
2020-05-30,Sierra,91,2930,1,1,0,1,0
2020-05-30,Siskiyou,93,43540,10,7,0,7,0
2020-05-30,Solano,95,438530,627,512,1,513,6
2020-05-30,Sonoma,97,501317,631,551,1,552,4
2020-05-30,Stanislaus,99,539301,894,712,5,717,27
2020-05-30,Sutter,101,95872,46,40,0,40,2
2020-05-30,Tehama,103,63373,10,4,1,5,1
2020-05-30,Trinity,105,12862,1,1,1,2,0
2020-05-30,Tulare,107,460477,2463,1879,2,1881,81
2020-05-30,Tuolumne,109,53932,5,4,1,5,0
2020-05-30,Ventura,111,848112,1523,1116,4,1120,30
2020-05-30,Yolo,113,214977,230,210,0,210,24
2020-05-30,Yuba,115,75493,30,25,0,25,1
2020-05-29,Alameda,1,1643700,3783,3209,3,3212,96
2020-05-29,Alpine,3,1148,2,1,0,1,0
2020-05-29,Amador,5,37829,10,10,0,10,0
2020-05-29,Butte,7,227075,64,41,2,43,0
2020-05-29,Calaveras,9,45235,17,15,0,15,0
2020-05-29,Colusa,11,21464,8,5,0,5,0
2020-05-29,Contra Costa,13,1133247,1673,1411,0,1411,37
2020-05-29,Del Norte,15,27424,45,37,0,37,0
2020-05-29,El Dorado,17,186661,111,85,0,85,0
2020-05-29,Fresno,19,978130,3097,1687,34,1721,31
2020-05-29,Glenn,21,27897,19,14,0,14,0
2020-05-29,Humboldt,23,135768,111,98,0,98,2
2020-05-29,Imperial,25,180216,3611,1607,6,1613,14
2020-05-29,Inyo,27,18085,20,20,0,20,1
2020-05-29,Kern,29,883053,2764,2128,6,2134,36
2020-05-29,Kings,31,150075,1215,693,3,696,3
2020-05-29,Lake,33,64148,30,17,0,17,0
2020-05-29,Lassen,35,31185,7,0,1,1,0
2020-05-29,Los Angeles,37,10098052,60838,51578,22,51600,2273
2020-05-29,Madera,39,155013,228,98,0,98,2
2020-05-29,Marin,41,260295,523,448,2,450,14
2020-05-29,Mariposa,43,17540,16,16,0,16,1
2020-05-29,Mendocino,45,87422,29,25,0,25,0
2020-05-29,Merced,47,269075,388,285,0,285,7
2020-05-29,Modoc,49,8938,0,0,0,0,0
2020-05-29,Mono,51,14174,38,34,0,34,1
2020-05-29,Monterey,53,433212,665,479,1,480,10
2020-05-29,Napa,55,140530,140,113,0,113,3
2020-05-29,Nevada,57,99092,50,41,1,42,1
2020-05-29,Orange,59,3164182,8849,6176,38,6214,133
2020-05-29,Placer,61,380077,257,199,1,200,9
2020-05-29,Plumas,63,18699,4,4,0,4,0
2020-05-29,Riverside,65,2383286,9404,7376,7,7383,313
2020-05-29,Sacramento,67,1510023,1497,1360,2,1362,57
2020-05-29,San Benito,69,59416,95,84,0,84,2
2020-05-29,San Bernardino,71,2135413,6221,4983,2,4985,196
2020-05-29,San Diego,73,3302833,8416,7242,0,7242,266
2020-05-29,San Francisco,75,870044,2671,2453,0,2453,41
2020-05-29,San Joaquin,77,732212,1111,855,4,859,34
2020-05-29,San Luis Obispo,79,281455,318,270,1,271,1
2020-05-29,San Mateo,81,765935,2371,2103,3,2106,71
2020-05-29,Santa Barbara,83,443738,2020,1656,5,1661,9
2020-05-29,Santa Clara,85,1922200,3184,2707,4,2711,141
2020-05-29,Santa Cruz,87,273765,226,203,0,203,2
2020-05-29,Shasta,89,179085,57,36,0,36,4
2020-05-29,Sierra,91,2930,1,1,0,1,0
2020-05-29,Siskiyou,93,43540,10,7,0,7,0
2020-05-29,Solano,95,438530,619,498,1,499,6
2020-05-29,Sonoma,97,501317,620,537,1,538,4
2020-05-29,Stanislaus,99,539301,864,698,5,703,27
2020-05-29,Sutter,101,95872,44,40,0,40,2
2020-05-29,Tehama,103,63373,9,4,1,5,1
2020-05-29,Trinity,105,12862,1,1,1,2,0
2020-05-29,Tulare,107,460477,2425,1852,2,1854,80
2020-05-29,Tuolumne,109,53932,5,4,1,5,0
2020-05-29,Ventura,111,848112,1500,1093,4,1097,29
2020-05-29,Yolo,113,214977,226,211,0,211,24
2020-05-29,Yuba,115,75493,29,25,0,25,1
2020-05-28,Alameda,1,1643700,3684,3083,3,3086,94
2020-05-28,Alpine,3,1148,2,1,0,1,0
2020-05-28,Amador,5,37829,10,10,0,10,0
2020-05-28,Butte,7,227075,63,40,2,42,0
2020-05-28,Calaveras,9,45235,16,15,0,15,0
2020-05-28,Colusa,11,21464,8,5,0,5,0
2020-05-28,Contra Costa,13,1133247,1634,1392,0,1392,37
2020-05-28,Del Norte,15,27424,45,37,0,37,0
2020-05-28,El Dorado,17,186661,108,82,0,82,0
2020-05-28,Fresno,19,978130,3017,1653,33,1686,31
2020-05-28,Glenn,21,27897,18,14,0,14,0
2020-05-28,Humboldt,23,135768,110,97,0,97,2
2020-05-28,Imperial,25,180216,3416,1430,6,1436,14
2020-05-28,Inyo,27,18085,20,20,0,20,1
2020-05-28,Kern,29,883053,2688,2069,6,2075,36
2020-05-28,Kings,31,150075,878,626,3,629,3
2020-05-28,Lake,33,64148,29,17,0,17,0
2020-05-28,Lassen,35,31185,7,0,1,1,0
2020-05-28,Los Angeles,37,10098052,59271,49861,22,49883,2222
2020-05-28,Madera,39,155013,210,93,0,93,2
2020-05-28,Marin,41,260295,498,443,2,445,14
2020-05-28,Mariposa,43,17540,16,16,0,16,1
2020-05-28,Mendocino,45,87422,27,24,0,24,0
2020-05-28,Merced,47,269075,379,283,0,283,7
2020-05-28,Modoc,49,8938,0,0,0,0,0
2020-05-28,Mono,51,14174,38,34,0,34,1
2020-05-28,Monterey,53,433212,632,471,1,472,10
2020-05-28,Napa,55,140530,137,113,0,113,3
2020-05-28,Nevada,57,99092,45,41,1,42,1
2020-05-28,Orange,59,3164182,8653,6045,38,6083,130
2020-05-28,Placer,61,380077,250,196,1,197,9
2020-05-28,Plumas,63,18699,4,4,0,4,0
2020-05-28,Riverside,65,2383286,9002,7240,7,7247,304
2020-05-28,Sacramento,67,1510023,1477,1339,2,1341,57
2020-05-28,San Benito,69,59416,94,82,0,82,2
2020-05-28,San Bernardino,71,2135413,6056,4831,2,4833,191
2020-05-28,San Diego,73,3302833,8259,7102,0,7102,260
2020-05-28,San Francisco,75,870044,2637,2417,0,2417,40
2020-05-28,San Joaquin,77,732212,1076,840,4,844,34
2020-05-28,San Luis Obispo,79,281455,315,267,1,268,1
2020-05-28,San Mateo,81,765935,2344,2070,3,2073,71
2020-05-28,Santa Barbara,83,443738,1976,1642,4,1646,9
2020-05-28,Santa Clara,85,1922200,3145,2698,4,2702,140
2020-05-28,Santa Cruz,87,273765,225,201,0,201,2
2020-05-28,Shasta,89,179085,55,36,0,36,4
2020-05-28,Sierra,91,2930,1,1,0,1,0
2020-05-28,Siskiyou,93,43540,8,6,0,6,0
2020-05-28,Solano,95,438530,602,489,1,490,6
2020-05-28,Sonoma,97,501317,598,529,1,530,4
2020-05-28,Stanislaus,99,539301,823,684,5,689,27
2020-05-28,Sutter,101,95872,44,40,0,40,2
2020-05-28,Tehama,103,63373,9,4,1,5,1
2020-05-28,Trinity,105,12862,1,1,1,2,0
2020-05-28,Tulare,107,460477,2389,1832,2,1834,79
2020-05-28,Tuolumne,109,53932,5,4,1,5,0
2020-05-28,Ventura,111,848112,1471,1083,4,1087,29
2020-05-28,Yolo,113,214977,223,206,0,206,22
2020-05-28,Yuba,115,75493,28,24,0,24,1
2020-05-27,Alameda,1,1643700,3603,3037,3,3040,94
2020-05-27,Alpine,3,1148,2,1,0,1,0
2020-05-27,Amador,5,37829,10,10,0,10,0
2020-05-27,Butte,7,227075,60,40,1,41,0
2020-05-27,Calaveras,9,45235,15,15,0,15,0
2020-05-27,Colusa,11,21464,8,5,0,5,0
2020-05-27,Contra Costa,13,1133247,1594,1373,0,1373,37
2020-05-27,Del Norte,15,27424,45,34,0,34,0
2020-05-27,El Dorado,17,186661,107,82,0,82,0
2020-05-27,Fresno,19,978130,2930,1620,33,1653,27
2020-05-27,Glenn,21,27897,18,14,0,14,0
2020-05-27,Humboldt,23,135768,110,86,0,86,2
2020-05-27,Imperial,25,180216,3236,1369,6,1375,14
2020-05-27,Inyo,27,18085,20,20,0,20,1
2020-05-27,Kern,29,883053,2623,1999,6,2005,37
2020-05-27,Kings,31,150075,851,586,3,589,3
2020-05-27,Lake,33,64148,29,13,0,13,0
2020-05-27,Lassen,35,31185,7,0,1,1,0
2020-05-27,Los Angeles,37,10098052,57898,48711,22,48733,2177
2020-05-27,Madera,39,155013,201,91,0,91,2
2020-05-27,Marin,41,260295,469,439,2,441,14
2020-05-27,Mariposa,43,17540,16,16,0,16,1
2020-05-27,Mendocino,45,87422,26,21,0,21,0
2020-05-27,Merced,47,269075,375,278,0,278,7
2020-05-27,Modoc,49,8938,0,0,0,0,0
2020-05-27,Mono,51,14174,38,34,0,34,1
2020-05-27,Monterey,53,433212,592,443,1,444,8
2020-05-27,Napa,55,140530,132,112,0,112,3
2020-05-27,Nevada,57,99092,44,41,1,42,1
2020-05-27,Orange,59,3164182,8497,5849,38,5887,121
2020-05-27,Placer,61,380077,231,196,1,197,9
2020-05-27,Plumas,63,18699,4,4,0,4,0
2020-05-27,Riverside,65,2383286,8623,7156,7,7163,299
2020-05-27,Sacramento,67,1510023,1449,1318,2,1320,50
2020-05-27,San Benito,69,59416,91,74,0,74,2
2020-05-27,San Bernardino,71,2135413,5872,4708,2,4710,183
2020-05-27,San Diego,73,3302833,8109,6985,0,6985,255
2020-05-27,San Francisco,75,870044,2608,2394,0,2394,40
2020-05-27,San Joaquin,77,732212,1035,825,4,829,34
2020-05-27,San Luis Obispo,79,281455,310,266,1,267,1
2020-05-27,San Mateo,81,765935,2304,2045,3,2048,71
2020-05-27,Santa Barbara,83,443738,1957,1629,4,1633,9
2020-05-27,Santa Clara,85,1922200,3113,2680,4,2684,140
2020-05-27,Santa Cruz,87,273765,221,202,0,202,2
2020-05-27,Shasta,89,179085,52,36,0,36,4
2020-05-27,Sierra,91,2930,1,1,0,1,0
2020-05-27,Siskiyou,93,43540,8,6,0,6,0
2020-05-27,Solano,95,438530,582,477,1,478,5
2020-05-27,Sonoma,97,501317,584,521,1,522,4
2020-05-27,Stanislaus,99,539301,798,675,5,680,27
2020-05-27,Sutter,101,95872,43,40,0,40,2
2020-05-27,Tehama,103,63373,9,3,1,4,1
2020-05-27,Trinity,105,12862,1,1,1,2,0
2020-05-27,Tulare,107,460477,2337,1817,2,1819,77
2020-05-27,Tuolumne,109,53932,5,4,1,5,0
2020-05-27,Ventura,111,848112,1449,1065,4,1069,28
2020-05-27,Yolo,113,214977,222,204,0,204,22
2020-05-27,Yuba,115,75493,28,24,0,24,1
2020-05-26,Alameda,1,1643700,3510,2956,3,2959,92
2020-05-26,Alpine,3,1148,2,1,0,1,0
2020-05-26,Amador,5,37829,10,10,0,10,0
2020-05-26,Butte,7,227075,58,37,1,38,0
2020-05-26,Calaveras,9,45235,15,13,0,13,0
2020-05-26,Colusa,11,21464,8,4,0,4,0
2020-05-26,Contra Costa,13,1133247,1559,1352,0,1352,37
2020-05-26,Del Norte,15,27424,44,30,0,30,0
2020-05-26,El Dorado,17,186661,103,79,0,79,0
2020-05-26,Fresno,19,978130,2846,1496,33,1529,22
2020-05-26,Glenn,21,27897,16,12,0,12,0
2020-05-26,Humboldt,23,135768,108,81,0,81,2
2020-05-26,Imperial,25,180216,3020,1369,6,1375,14
2020-05-26,Inyo,27,18085,20,20,0,20,1
2020-05-26,Kern,29,883053,2545,1890,6,1896,31
2020-05-26,Kings,31,150075,783,449,2,451,2
2020-05-26,Lake,33,64148,27,12,0,12,0
2020-05-26,Lassen,35,31185,6,0,1,1,0
2020-05-26,Los Angeles,37,10098052,56442,47760,22,47782,2121
2020-05-26,Madera,39,155013,186,83,0,83,2
2020-05-26,Marin,41,260295,457,424,2,426,14
2020-05-26,Mariposa,43,17540,16,16,0,16,1
2020-05-26,Mendocino,45,87422,24,20,0,20,0
2020-05-26,Merced,47,269075,361,266,0,266,7
2020-05-26,Modoc,49,8938,0,1,0,1,0
2020-05-26,Mono,51,14174,37,34,0,34,1
2020-05-26,Monterey,53,433212,564,424,0,424,8
2020-05-26,Napa,55,140530,127,109,0,109,3
2020-05-26,Nevada,57,99092,43,41,1,42,1
2020-05-26,Orange,59,3164182,8229,5651,37,5688,115
2020-05-26,Placer,61,380077,226,188,1,189,9
2020-05-26,Plumas,63,18699,4,4,0,4,0
2020-05-26,Riverside,65,2383286,8176,6917,7,6924,284
2020-05-26,Sacramento,67,1510023,1423,1298,2,1300,50
2020-05-26,San Benito,69,59416,86,69,0,69,2
2020-05-26,San Bernardino,71,2135413,5704,4430,2,4432,175
2020-05-26,San Diego,73,3302833,7966,6884,0,6884,249
2020-05-26,San Francisco,75,870044,2575,2363,0,2363,40
2020-05-26,San Joaquin,77,732212,988,760,4,764,33
2020-05-26,San Luis Obispo,79,281455,308,260,1,261,1
2020-05-26,San Mateo,81,765935,2266,1967,2,1969,71
2020-05-26,Santa Barbara,83,443738,1933,1590,4,1594,9
2020-05-26,Santa Clara,85,1922200,3080,2659,4,2663,139
2020-05-26,Santa Cruz,87,273765,219,197,0,197,2
2020-05-26,Shasta,89,179085,52,36,0,36,4
2020-05-26,Sierra,91,2930,1,1,0,1,0
2020-05-26,Siskiyou,93,43540,7,6,0,6,0
2020-05-26,Solano,95,438530,564,470,1,471,5
2020-05-26,Sonoma,97,501317,576,509,0,509,4
2020-05-26,Stanislaus,99,539301,777,663,5,668,27
2020-05-26,Sutter,101,95872,42,39,0,39,2
2020-05-26,Tehama,103,63373,8,2,1,3,1
2020-05-26,Trinity,105,12862,1,1,1,2,0
2020-05-26,Tulare,107,460477,2281,1768,2,1770,76
2020-05-26,Tuolumne,109,53932,5,2,1,3,0
2020-05-26,Ventura,111,848112,1415,1033,2,1035,27
2020-05-26,Yolo,113,214977,216,198,0,198,22
2020-05-26,Yuba,115,75493,27,24,0,24,1
2020-05-25,Alameda,1,1643700,3417,2900,2,2902,92
2020-05-25,Alpine,3,1148,2,1,0,1,0
2020-05-25,Amador,5,37829,10,10,0,10,0
2020-05-25,Butte,7,227075,55,37,1,38,0
2020-05-25,Calaveras,9,45235,15,13,0,13,0
2020-05-25,Colusa,11,21464,7,4,0,4,0
2020-05-25,Contra Costa,13,1133247,1527,1348,0,1348,37
2020-05-25,Del Norte,15,27424,44,20,0,20,0
2020-05-25,El Dorado,17,186661,95,78,0,78,0
2020-05-25,Fresno,19,978130,2744,1496,30,1526,22
2020-05-25,Glenn,21,27897,16,12,0,12,0
2020-05-25,Humboldt,23,135768,107,81,0,81,2
2020-05-25,Imperial,25,180216,2809,1369,6,1375,14
2020-05-25,Inyo,27,18085,19,20,0,20,1
2020-05-25,Kern,29,883053,2473,1890,6,1896,31
2020-05-25,Kings,31,150075,754,447,2,449,2
2020-05-25,Lake,33,64148,25,13,0,13,0
2020-05-25,Lassen,35,31185,6,0,1,1,0
2020-05-25,Los Angeles,37,10098052,54637,45952,22,45974,2094
2020-05-25,Madera,39,155013,175,83,0,83,2
2020-05-25,Marin,41,260295,440,415,2,417,14
2020-05-25,Mariposa,43,17540,16,15,0,15,1
2020-05-25,Mendocino,45,87422,21,19,0,19,0
2020-05-25,Merced,47,269075,354,262,0,262,6
2020-05-25,Modoc,49,8938,0,1,0,1,0
2020-05-25,Mono,51,14174,37,34,0,34,1
2020-05-25,Monterey,53,433212,534,418,0,418,8
2020-05-25,Napa,55,140530,127,107,0,107,3
2020-05-25,Nevada,57,99092,43,41,1,42,1
2020-05-25,Orange,59,3164182,8007,5601,36,5637,115
2020-05-25,Placer,61,380077,224,186,1,187,9
2020-05-25,Plumas,63,18699,4,4,0,4,0
2020-05-25,Riverside,65,2383286,7945,6900,7,6907,284
2020-05-25,Sacramento,67,1510023,1403,1290,1,1291,50
2020-05-25,San Benito,69,59416,85,70,0,70,2
2020-05-25,San Bernardino,71,2135413,5514,4393,2,4395,175
2020-05-25,San Diego,73,3302833,7790,6799,0,6799,249
2020-05-25,San Francisco,75,870044,2538,2358,0,2358,40
2020-05-25,San Joaquin,77,732212,962,760,4,764,33
2020-05-25,San Luis Obispo,79,281455,306,260,1,261,1
2020-05-25,San Mateo,81,765935,2230,1938,2,1940,71
2020-05-25,Santa Barbara,83,443738,1917,1590,4,1594,9
2020-05-25,Santa Clara,85,1922200,3048,2647,4,2651,139
2020-05-25,Santa Cruz,87,273765,217,191,0,191,2
2020-05-25,Shasta,89,179085,51,36,0,36,4
2020-05-25,Sierra,91,2930,1,1,0,1,0
2020-05-25,Siskiyou,93,43540,7,6,0,6,0
2020-05-25,Solano,95,438530,550,437,1,438,5
2020-05-25,Sonoma,97,501317,564,496,0,496,4
2020-05-25,Stanislaus,99,539301,747,651,5,656,27
2020-05-25,Sutter,101,95872,42,38,0,38,2
2020-05-25,Tehama,103,63373,7,2,1,3,1
2020-05-25,Trinity,105,12862,1,1,1,2,0
2020-05-25,Tulare,107,460477,2218,1747,2,1749,76
2020-05-25,Tuolumne,109,53932,5,2,1,3,0
2020-05-25,Ventura,111,848112,1376,1020,2,1022,27
2020-05-25,Yolo,113,214977,214,197,0,197,22
2020-05-25,Yuba,115,75493,26,24,0,24,1
2020-05-24,Alameda,1,1643700,3344,2830,2,2832,92
2020-05-24,Alpine,3,1148,2,1,0,1,0
2020-05-24,Amador,5,37829,10,9,0,9,0
2020-05-24,Butte,7,227075,53,35,1,36,0
2020-05-24,Calaveras,9,45235,15,13,0,13,0
2020-05-24,Colusa,11,21464,7,4,0,4,0
2020-05-24,Contra Costa,13,1133247,1499,1325,0,1325,37
2020-05-24,Del Norte,15,27424,43,16,0,16,0
2020-05-24,El Dorado,17,186661,94,76,0,76,0
2020-05-24,Fresno,19,978130,2678,1455,28,1483,22
2020-05-24,Glenn,21,27897,15,12,0,12,0
2020-05-24,Humboldt,23,135768,107,81,0,81,2
2020-05-24,Imperial,25,180216,2683,1369,6,1375,14
2020-05-24,Inyo,27,18085,19,20,0,20,1
2020-05-24,Kern,29,883053,2400,1861,5,1866,31
2020-05-24,Kings,31,150075,743,446,2,448,2
2020-05-24,Lake,33,64148,24,12,0,12,0
2020-05-24,Lassen,35,31185,5,0,1,1,0
2020-05-24,Los Angeles,37,10098052,53631,44954,22,44976,2085
2020-05-24,Madera,39,155013,170,83,0,83,2
2020-05-24,Marin,41,260295,438,401,2,403,14
2020-05-24,Mariposa,43,17540,16,15,0,15,1
2020-05-24,Mendocino,45,87422,20,19,0,19,0
2020-05-24,Merced,47,269075,353,258,0,258,6
2020-05-24,Modoc,49,8938,0,0,0,0,0
2020-05-24,Mono,51,14174,37,34,0,34,1
2020-05-24,Monterey,53,433212,506,405,0,405,8
2020-05-24,Napa,55,140530,125,104,0,104,3
2020-05-24,Nevada,57,99092,43,41,1,42,1
2020-05-24,Orange,59,3164182,7852,5439,35,5474,113
2020-05-24,Placer,61,380077,218,184,1,185,9
2020-05-24,Plumas,63,18699,4,4,0,4,0
2020-05-24,Riverside,65,2383286,7804,6571,7,6578,284
2020-05-24,Sacramento,67,1510023,1386,1283,1,1284,50
2020-05-24,San Benito,69,59416,84,67,0,67,2
2020-05-24,San Bernardino,71,2135413,5406,4262,2,4264,175
2020-05-24,San Diego,73,3302833,7647,6703,0,6703,249
2020-05-24,San Francisco,75,870044,2514,2318,0,2318,40
2020-05-24,San Joaquin,77,732212,943,760,4,764,33
2020-05-24,San Luis Obispo,79,281455,304,257,1,258,1
2020-05-24,San Mateo,81,765935,2195,1925,2,1927,71
2020-05-24,Santa Barbara,83,443738,1902,1573,4,1577,9
2020-05-24,Santa Clara,85,1922200,3029,2623,4,2627,139
2020-05-24,Santa Cruz,87,273765,214,185,0,185,2
2020-05-24,Shasta,89,179085,50,36,0,36,4
2020-05-24,Sierra,91,2930,1,1,0,1,0
2020-05-24,Siskiyou,93,43540,6,6,0,6,0
2020-05-24,Solano,95,438530,542,436,0,436,5
2020-05-24,Sonoma,97,501317,553,485,0,485,4
2020-05-24,Stanislaus,99,539301,727,634,5,639,27
2020-05-24,Sutter,101,95872,42,38,0,38,2
2020-05-24,Tehama,103,63373,5,2,1,3,1
2020-05-24,Trinity,105,12862,1,1,1,2,0
2020-05-24,Tulare,107,460477,2172,1684,2,1686,74
2020-05-24,Tuolumne,109,53932,5,2,0,2,0
2020-05-24,Ventura,111,848112,1364,982,2,984,27
2020-05-24,Yolo,113,214977,212,192,0,192,22
2020-05-24,Yuba,115,75493,26,24,0,24,1
2020-05-23,Alameda,1,1643700,3303,2783,2,2785,91
2020-05-23,Alpine,3,1148,2,1,0,1,0
2020-05-23,Amador,5,37829,10,9,0,9,0
2020-05-23,Butte,7,227075,52,34,1,35,0
2020-05-23,Calaveras,9,45235,15,13,0,13,0
2020-05-23,Colusa,11,21464,7,4,0,4,0
2020-05-23,Contra Costa,13,1133247,1488,1302,0,1302,36
2020-05-23,Del Norte,15,27424,43,10,0,10,0
2020-05-23,El Dorado,17,186661,94,74,0,74,0
2020-05-23,Fresno,19,978130,2658,1447,28,1475,21
2020-05-23,Glenn,21,27897,15,12,0,12,0
2020-05-23,Humboldt,23,135768,105,80,0,80,2
2020-05-23,Imperial,25,180216,2595,1283,6,1289,14
2020-05-23,Inyo,27,18085,19,20,0,20,1
2020-05-23,Kern,29,883053,2357,1806,5,1811,31
2020-05-23,Kings,31,150075,739,444,2,446,2
2020-05-23,Lake,33,64148,23,10,0,10,0
2020-05-23,Lassen,35,31185,5,0,1,1,0
2020-05-23,Los Angeles,37,10098052,53089,44029,22,44051,2069
2020-05-23,Madera,39,155013,166,83,0,83,2
2020-05-23,Marin,41,260295,438,393,1,394,14
2020-05-23,Mariposa,43,17540,16,15,0,15,1
2020-05-23,Mendocino,45,87422,20,13,0,13,0
2020-05-23,Merced,47,269075,350,247,0,247,6
2020-05-23,Modoc,49,8938,0,0,0,0,0
2020-05-23,Mono,51,14174,36,34,0,34,1
2020-05-23,Monterey,53,433212,492,397,0,397,8
2020-05-23,Napa,55,140530,121,101,0,101,3
2020-05-23,Nevada,57,99092,43,41,1,42,1
2020-05-23,Orange,59,3164182,7695,5313,34,5347,113
2020-05-23,Placer,61,380077,212,184,1,185,9
2020-05-23,Plumas,63,18699,4,4,0,4,0
2020-05-23,Riverside,65,2383286,7713,6460,7,6467,284
2020-05-23,Sacramento,67,1510023,1370,1275,1,1276,50
2020-05-23,San Benito,69,59416,79,67,0,67,2
2020-05-23,San Bernardino,71,2135413,5313,4172,2,4174,175
2020-05-23,San Diego,73,3302833,7556,6561,0,6561,249
2020-05-23,San Francisco,75,870044,2495,2312,0,2312,40
2020-05-23,San Joaquin,77,732212,928,759,4,763,33
2020-05-23,San Luis Obispo,79,281455,301,256,1,257,1
2020-05-23,San Mateo,81,765935,2167,1862,2,1864,71
2020-05-23,Santa Barbara,83,443738,1890,1566,4,1570,9
2020-05-23,Santa Clara,85,1922200,3016,2593,4,2597,139
2020-05-23,Santa Cruz,87,273765,212,177,0,177,2
2020-05-23,Shasta,89,179085,50,35,0,35,4
2020-05-23,Sierra,91,2930,1,1,0,1,0
2020-05-23,Siskiyou,93,43540,6,6,0,6,0
2020-05-23,Solano,95,438530,537,435,0,435,5
2020-05-23,Sonoma,97,501317,539,462,0,462,4
2020-05-23,Stanislaus,99,539301,719,625,5,630,27
2020-05-23,Sutter,101,95872,41,38,0,38,2
2020-05-23,Tehama,103,63373,5,2,1,3,1
2020-05-23,Trinity,105,12862,1,1,1,2,0
2020-05-23,Tulare,107,460477,2151,1682,2,1684,73
2020-05-23,Tuolumne,109,53932,5,2,0,2,0
2020-05-23,Ventura,111,848112,1344,961,2,963,27
2020-05-23,Yolo,113,214977,211,188,0,188,22
2020-05-23,Yuba,115,75493,26,24,0,24,1
2020-05-22,Alameda,1,1643700,3249,2722,2,2724,91
2020-05-22,Alpine,3,1148,2,1,0,1,0
2020-05-22,Amador,5,37829,10,9,0,9,0
2020-05-22,Butte,7,227075,50,34,1,35,0
2020-05-22,Calaveras,9,45235,15,13,0,13,0
2020-05-22,Colusa,11,21464,7,4,0,4,0
2020-05-22,Contra Costa,13,1133247,1476,1272,0,1272,36
2020-05-22,Del Norte,15,27424,41,9,0,9,0
2020-05-22,El Dorado,17,186661,91,74,0,74,0
2020-05-22,Fresno,19,978130,2600,1399,27,1426,20
2020-05-22,Glenn,21,27897,15,12,0,12,0
2020-05-22,Humboldt,23,135768,105,80,0,80,2
2020-05-22,Imperial,25,180216,2495,1214,6,1220,14
2020-05-22,Inyo,27,18085,19,20,0,20,1
2020-05-22,Kern,29,883053,2309,1749,5,1754,28
2020-05-22,Kings,31,150075,736,428,2,430,2
2020-05-22,Lake,33,64148,22,10,0,10,0
2020-05-22,Lassen,35,31185,3,0,1,1,0
2020-05-22,Los Angeles,37,10098052,52297,43025,22,43047,2027
2020-05-22,Madera,39,155013,162,82,0,82,2
2020-05-22,Marin,41,260295,434,372,1,373,14
2020-05-22,Mariposa,43,17540,16,15,0,15,1
2020-05-22,Mendocino,45,87422,19,13,0,13,0
2020-05-22,Merced,47,269075,350,233,0,233,6
2020-05-22,Modoc,49,8938,0,0,0,0,0
2020-05-22,Mono,51,14174,36,34,0,34,1
2020-05-22,Monterey,53,433212,481,372,0,372,8
2020-05-22,Napa,55,140530,119,97,0,97,3
2020-05-22,Nevada,57,99092,42,41,1,42,1
2020-05-22,Orange,59,3164182,7501,5144,32,5176,113
2020-05-22,Placer,61,380077,212,181,1,182,9
2020-05-22,Plumas,63,18699,4,4,0,4,0
2020-05-22,Riverside,65,2383286,7598,6351,7,6358,283
2020-05-22,Sacramento,67,1510023,1354,1262,1,1263,50
2020-05-22,San Benito,69,59416,78,64,0,64,2
2020-05-22,San Bernardino,71,2135413,5238,4107,2,4109,173
2020-05-22,San Diego,73,3302833,7470,6436,0,6436,242
2020-05-22,San Francisco,75,870044,2477,2251,0,2251,40
2020-05-22,San Joaquin,77,732212,915,747,4,751,33
2020-05-22,San Luis Obispo,79,281455,301,254,1,255,1
2020-05-22,San Mateo,81,765935,2148,1847,2,1849,71
2020-05-22,Santa Barbara,83,443738,1874,1554,4,1558,9
2020-05-22,Santa Clara,85,1922200,2998,2537,4,2541,139
2020-05-22,Santa Cruz,87,273765,209,171,0,171,2
2020-05-22,Shasta,89,179085,50,34,0,34,4
2020-05-22,Sierra,91,2930,1,0,0,0,0
2020-05-22,Siskiyou,93,43540,6,6,0,6,0
2020-05-22,Solano,95,438530,534,431,0,431,4
2020-05-22,Sonoma,97,501317,535,444,0,444,4
2020-05-22,Stanislaus,99,539301,709,616,5,621,27
2020-05-22,Sutter,101,95872,41,38,0,38,2
2020-05-22,Tehama,103,63373,5,2,0,2,1
2020-05-22,Trinity,105,12862,1,1,1,2,0
2020-05-22,Tulare,107,460477,2121,1662,2,1664,73
2020-05-22,Tuolumne,109,53932,5,2,0,2,0
2020-05-22,Ventura,111,848112,1326,937,2,939,27
2020-05-22,Yolo,113,214977,209,187,0,187,22
2020-05-22,Yuba,115,75493,26,24,0,24,1
2020-05-21,Alameda,1,1643700,3184,2606,2,2608,89
2020-05-21,Alpine,3,1148,2,1,0,1,0
2020-05-21,Amador,5,37829,10,9,0,9,0
2020-05-21,Butte,7,227075,49,31,1,32,0
2020-05-21,Calaveras,9,45235,14,13,0,13,0
2020-05-21,Colusa,11,21464,7,4,0,4,0
2020-05-21,Contra Costa,13,1133247,1440,1243,0,1243,36
2020-05-21,Del Norte,15,27424,38,9,0,9,0
2020-05-21,El Dorado,17,186661,90,67,0,67,0
2020-05-21,Fresno,19,978130,2510,1362,27,1389,20
2020-05-21,Glenn,21,27897,14,12,0,12,0
2020-05-21,Humboldt,23,135768,104,79,0,79,0
2020-05-21,Imperial,25,180216,2333,1096,6,1102,14
2020-05-21,Inyo,27,18085,19,20,0,20,1
2020-05-21,Kern,29,883053,2233,1684,4,1688,27
2020-05-21,Kings,31,150075,715,417,2,419,2
2020-05-21,Lake,33,64148,17,10,0,10,0
2020-05-21,Lassen,35,31185,3,0,1,1,0
2020-05-21,Los Angeles,37,10098052,51258,42063,22,42085,1996
2020-05-21,Madera,39,155013,159,82,0,82,2
2020-05-21,Marin,41,260295,423,359,1,360,14
2020-05-21,Mariposa,43,17540,16,15,0,15,1
2020-05-21,Mendocino,45,87422,19,12,0,12,0
2020-05-21,Merced,47,269075,339,226,0,226,6
2020-05-21,Modoc,49,8938,0,0,0,0,0
2020-05-21,Mono,51,14174,36,33,0,33,1
2020-05-21,Monterey,53,433212,470,363,0,363,8
2020-05-21,Napa,55,140530,117,96,0,96,3
2020-05-21,Nevada,57,99092,42,41,1,42,1
2020-05-21,Orange,59,3164182,7300,4975,32,5007,106
2020-05-21,Placer,61,380077,205,176,1,177,8
2020-05-21,Plumas,63,18699,4,4,0,4,0
2020-05-21,Riverside,65,2383286,7411,6245,7,6252,279
2020-05-21,Sacramento,67,1510023,1341,1258,1,1259,56
2020-05-21,San Benito,69,59416,75,61,0,61,2
2020-05-21,San Bernardino,71,2135413,5092,3950,2,3952,167
2020-05-21,San Diego,73,3302833,7334,6317,0,6317,241
2020-05-21,San Francisco,75,870044,2453,2248,0,2248,37
2020-05-21,San Joaquin,77,732212,879,730,4,734,33
2020-05-21,San Luis Obispo,79,281455,301,251,1,252,1
2020-05-21,San Mateo,81,765935,2111,1791,2,1793,74
2020-05-21,Santa Barbara,83,443738,1854,1541,4,1545,10
2020-05-21,Santa Clara,85,1922200,2979,2520,4,2524,138
2020-05-21,Santa Cruz,87,273765,201,164,0,164,3
2020-05-21,Shasta,89,179085,48,34,0,34,4
2020-05-21,Sierra,91,2930,1,0,0,0,0
2020-05-21,Siskiyou,93,43540,6,6,0,6,0
2020-05-21,Solano,95,438530,525,424,0,424,4
2020-05-21,Sonoma,97,501317,517,427,0,427,4
2020-05-21,Stanislaus,99,539301,698,602,5,607,27
2020-05-21,Sutter,101,95872,40,38,0,38,2
2020-05-21,Tehama,103,63373,4,2,0,2,1
2020-05-21,Trinity,105,12862,1,1,1,2,0
2020-05-21,Tulare,107,460477,2071,1606,2,1608,73
2020-05-21,Tuolumne,109,53932,3,2,0,2,0
2020-05-21,Ventura,111,848112,1279,907,2,909,30
2020-05-21,Yolo,113,214977,206,185,0,185,22
2020-05-21,Yuba,115,75493,26,24,0,24,1
2020-05-20,Alameda,1,1643700,3111,2554,2,2556,89
2020-05-20,Alpine,3,1148,2,1,0,1,0
2020-05-20,Amador,5,37829,10,9,0,9,0
2020-05-20,Butte,7,227075,46,30,1,31,0
2020-05-20,Calaveras,9,45235,14,13,0,13,0
2020-05-20,Colusa,11,21464,7,3,0,3,0
2020-05-20,Contra Costa,13,1133247,1410,1223,0,1223,33
2020-05-20,Del Norte,15,27424,31,9,0,9,0
2020-05-20,El Dorado,17,186661,89,67,0,67,0
2020-05-20,Fresno,19,978130,2438,1329,26,1355,17
2020-05-20,Glenn,21,27897,13,12,0,12,0
2020-05-20,Humboldt,23,135768,101,73,0,73,0
2020-05-20,Imperial,25,180216,2222,1047,6,1053,14
2020-05-20,Inyo,27,18085,19,20,0,20,1
2020-05-20,Kern,29,883053,2170,1639,3,1642,27
2020-05-20,Kings,31,150075,572,403,2,405,2
2020-05-20,Lake,33,64148,17,9,0,9,0
2020-05-20,Lassen,35,31185,2,0,1,1,0
2020-05-20,Los Angeles,37,10098052,50261,40932,22,40954,1955
2020-05-20,Madera,39,155013,157,82,0,82,2
2020-05-20,Marin,41,260295,396,348,1,349,14
2020-05-20,Mariposa,43,17540,16,15,0,15,1
2020-05-20,Mendocino,45,87422,19,12,0,12,0
2020-05-20,Merced,47,269075,332,225,0,225,6
2020-05-20,Modoc,49,8938,0,0,0,0,0
2020-05-20,Mono,51,14174,36,33,0,33,1
2020-05-20,Monterey,53,433212,456,356,0,356,8
2020-05-20,Napa,55,140530,110,93,0,93,3
2020-05-20,Nevada,57,99092,42,41,1,42,1
2020-05-20,Orange,59,3164182,7095,4866,31,4897,96
2020-05-20,Placer,61,380077,203,176,1,177,8
2020-05-20,Plumas,63,18699,4,4,0,4,0
2020-05-20,Riverside,65,2383286,7268,6090,7,6097,265
2020-05-20,Sacramento,67,1510023,1331,1244,1,1245,56
2020-05-20,San Benito,69,59416,74,61,0,61,2
2020-05-20,San Bernardino,71,2135413,4966,3771,2,3773,161
2020-05-20,San Diego,73,3302833,7217,6142,0,6142,230
2020-05-20,San Francisco,75,870044,2430,2199,0,2199,37
2020-05-20,San Joaquin,77,732212,843,713,4,717,33
2020-05-20,San Luis Obispo,79,281455,295,249,1,250,1
2020-05-20,San Mateo,81,765935,2058,1739,2,1741,74
2020-05-20,Santa Barbara,83,443738,1832,1524,4,1528,10
2020-05-20,Santa Clara,85,1922200,2959,2508,4,2512,138
2020-05-20,Santa Cruz,87,273765,198,163,0,163,3
2020-05-20,Shasta,89,179085,48,34,0,34,4
2020-05-20,Sierra,91,2930,1,0,0,0,0
2020-05-20,Siskiyou,93,43540,6,6,0,6,0
2020-05-20,Solano,95,438530,520,418,0,418,4
2020-05-20,Sonoma,97,501317,508,411,0,411,4
2020-05-20,Stanislaus,99,539301,682,584,4,588,25
2020-05-20,Sutter,101,95872,40,38,0,38,2
2020-05-20,Tehama,103,63373,4,2,0,2,1
2020-05-20,Trinity,105,12862,1,1,1,2,0
2020-05-20,Tulare,107,460477,2033,1585,2,1587,71
2020-05-20,Tuolumne,109,53932,3,2,0,2,0
2020-05-20,Ventura,111,848112,1247,879,2,881,29
2020-05-20,Yolo,113,214977,203,184,0,184,22
2020-05-20,Yuba,115,75493,26,23,0,23,1
2020-05-19,Alameda,1,1643700,3036,2493,0,2493,88
2020-05-19,Alpine,3,1148,2,1,0,1,0
2020-05-19,Amador,5,37829,10,9,0,9,0
2020-05-19,Butte,7,227075,44,25,1,26,0
2020-05-19,Calaveras,9,45235,14,13,0,13,0
2020-05-19,Colusa,11,21464,5,3,0,3,0
2020-05-19,Contra Costa,13,1133247,1387,1205,0,1205,33
2020-05-19,Del Norte,15,27424,28,8,0,8,0
2020-05-19,El Dorado,17,186661,86,67,0,67,0
2020-05-19,Fresno,19,978130,2334,1288,26,1314,15
2020-05-19,Glenn,21,27897,13,12,0,12,0
2020-05-19,Humboldt,23,135768,101,72,0,72,0
2020-05-19,Imperial,25,180216,2061,1012,6,1018,14
2020-05-19,Inyo,27,18085,19,20,0,20,1
2020-05-19,Kern,29,883053,2074,1601,3,1604,26
2020-05-19,Kings,31,150075,563,393,2,395,2
2020-05-19,Lake,33,64148,14,11,0,11,0
2020-05-19,Lassen,35,31185,2,0,1,1,0
2020-05-19,Los Angeles,37,10098052,49053,39670,22,39692,1906
2020-05-19,Madera,39,155013,154,80,0,80,2
2020-05-19,Marin,41,260295,372,340,1,341,14
2020-05-19,Mariposa,43,17540,16,15,0,15,1
2020-05-19,Mendocino,45,87422,19,12,0,12,0
2020-05-19,Merced,47,269075,324,222,0,222,5
2020-05-19,Modoc,49,8938,0,0,0,0,0
2020-05-19,Mono,51,14174,36,33,0,33,1
2020-05-19,Monterey,53,433212,444,350,0,350,8
2020-05-19,Napa,55,140530,109,93,0,93,3
2020-05-19,Nevada,57,99092,42,41,1,42,1
2020-05-19,Orange,59,3164182,6900,4746,31,4777,90
2020-05-19,Placer,61,380077,201,177,1,178,8
2020-05-19,Plumas,63,18699,4,5,0,5,0
2020-05-19,Riverside,65,2383286,7109,5963,7,5970,265
2020-05-19,Sacramento,67,1510023,1317,1239,1,1240,57
2020-05-19,San Benito,69,59416,72,59,0,59,2
2020-05-19,San Bernardino,71,2135413,4818,3656,2,3658,158
2020-05-19,San Diego,73,3302833,7073,6028,0,6028,222
2020-05-19,San Francisco,75,870044,2396,2186,0,2186,37
2020-05-19,San Joaquin,77,732212,821,705,4,709,33
2020-05-19,San Luis Obispo,79,281455,295,245,1,246,1
2020-05-19,San Mateo,81,765935,2017,1704,2,1706,71
2020-05-19,Santa Barbara,83,443738,1815,1521,4,1525,10
2020-05-19,Santa Clara,85,1922200,2914,2480,4,2484,138
2020-05-19,Santa Cruz,87,273765,187,161,0,161,3
2020-05-19,Shasta,89,179085,48,34,0,34,4
2020-05-19,Sierra,91,2930,0,0,0,0,0
2020-05-19,Siskiyou,93,43540,6,6,0,6,0
2020-05-19,Solano,95,438530,506,415,0,415,4
2020-05-19,Sonoma,97,501317,497,389,0,389,4
2020-05-19,Stanislaus,99,539301,668,582,4,586,25
2020-05-19,Sutter,101,95872,40,38,0,38,2
2020-05-19,Tehama,103,63373,4,2,0,2,1
2020-05-19,Trinity,105,12862,1,1,0,1,0
2020-05-19,Tulare,107,460477,1987,1551,2,1553,68
2020-05-19,Tuolumne,109,53932,3,2,0,2,0
2020-05-19,Ventura,111,848112,1210,861,2,863,28
2020-05-19,Yolo,113,214977,201,183,0,183,22
2020-05-19,Yuba,115,75493,26,23,0,23,1
2020-05-18,Alameda,1,1643700,2963,2442,0,2442,84
2020-05-18,Alpine,3,1148,1,1,0,1,0
2020-05-18,Amador,5,37829,10,8,0,8,0
2020-05-18,Butte,7,227075,42,24,1,25,0
2020-05-18,Calaveras,9,45235,14,13,0,13,0
2020-05-18,Colusa,11,21464,5,3,0,3,0
2020-05-18,Contra Costa,13,1133247,1356,1173,0,1173,33
2020-05-18,Del Norte,15,27424,23,8,0,8,0
2020-05-18,El Dorado,17,186661,84,67,0,67,0
2020-05-18,Fresno,19,978130,2263,1244,26,1270,14
2020-05-18,Glenn,21,27897,13,11,0,11,0
2020-05-18,Humboldt,23,135768,101,70,0,70,0
2020-05-18,Imperial,25,180216,1906,767,6,773,14
2020-05-18,Inyo,27,18085,19,20,0,20,1
2020-05-18,Kern,29,883053,2025,1566,3,1569,26
2020-05-18,Kings,31,150075,532,381,2,383,2
2020-05-18,Lake,33,64148,13,9,0,9,0
2020-05-18,Lassen,35,31185,2,0,1,1,0
2020-05-18,Los Angeles,37,10098052,48018,38477,22,38499,1825
2020-05-18,Madera,39,155013,149,74,0,74,2
2020-05-18,Marin,41,260295,359,329,1,330,14
2020-05-18,Mariposa,43,17540,16,15,0,15,1
2020-05-18,Mendocino,45,87422,14,12,0,12,0
2020-05-18,Merced,47,269075,315,217,0,217,5
2020-05-18,Modoc,49,8938,0,0,0,0,0
2020-05-18,Mono,51,14174,36,33,0,33,1
2020-05-18,Monterey,53,433212,433,345,0,345,8
2020-05-18,Napa,55,140530,105,92,0,92,3
2020-05-18,Nevada,57,99092,42,41,1,42,1
2020-05-18,Orange,59,3164182,6712,4558,28,4586,88
2020-05-18,Placer,61,380077,199,176,1,177,8
2020-05-18,Plumas,63,18699,4,5,0,5,0
2020-05-18,Riverside,65,2383286,6909,5873,7,5880,253
2020-05-18,Sacramento,67,1510023,1311,1233,0,1233,57
2020-05-18,San Benito,69,59416,70,59,0,59,2
2020-05-18,San Bernardino,71,2135413,4671,3558,2,3560,156
2020-05-18,San Diego,73,3302833,6940,5948,0,5948,211
2020-05-18,San Francisco,75,870044,2373,2183,0,2183,36
2020-05-18,San Joaquin,77,732212,809,697,4,701,33
2020-05-18,San Luis Obispo,79,281455,291,243,1,244,1
2020-05-18,San Mateo,81,765935,1979,1701,2,1703,68
2020-05-18,Santa Barbara,83,443738,1799,1501,4,1505,10
2020-05-18,Santa Clara,85,1922200,2883,2468,4,2472,137
2020-05-18,Santa Cruz,87,273765,185,160,0,160,3
2020-05-18,Shasta,89,179085,47,34,0,34,4
2020-05-18,Sierra,91,2930,0,0,0,0,0
2020-05-18,Siskiyou,93,43540,6,6,0,6,0
2020-05-18,Solano,95,438530,496,398,0,398,4
2020-05-18,Sonoma,97,501317,479,387,0,387,4
2020-05-18,Stanislaus,99,539301,656,572,4,576,25
2020-05-18,Sutter,101,95872,40,38,0,38,2
2020-05-18,Tehama,103,63373,4,2,0,2,1
2020-05-18,Trinity,105,12862,1,1,0,1,0
2020-05-18,Tulare,107,460477,1942,1491,2,1493,63
2020-05-18,Tuolumne,109,53932,3,2,0,2,0
2020-05-18,Ventura,111,848112,1188,850,1,851,27
2020-05-18,Yolo,113,214977,196,183,0,183,22
2020-05-18,Yuba,115,75493,26,23,0,23,1
2020-05-17,Alameda,1,1643700,2868,2389,0,2389,83
2020-05-17,Alpine,3,1148,1,1,0,1,0
2020-05-17,Amador,5,37829,10,8,0,8,0
2020-05-17,Butte,7,227075,42,23,1,24,0
2020-05-17,Calaveras,9,45235,14,13,0,13,0
2020-05-17,Colusa,11,21464,3,3,0,3,0
2020-05-17,Contra Costa,13,1133247,1318,1155,0,1155,33
2020-05-17,Del Norte,15,27424,23,7,0,7,0
2020-05-17,El Dorado,17,186661,84,65,0,65,0
2020-05-17,Fresno,19,978130,2166,1213,23,1236,14
2020-05-17,Glenn,21,27897,13,9,0,9,0
2020-05-17,Humboldt,23,135768,94,70,0,70,0
2020-05-17,Imperial,25,180216,1757,715,5,720,14
2020-05-17,Inyo,27,18085,19,20,0,20,1
2020-05-17,Kern,29,883053,1947,1546,3,1549,26
2020-05-17,Kings,31,150075,485,356,2,358,2
2020-05-17,Lake,33,64148,13,7,0,7,0
2020-05-17,Lassen,35,31185,2,0,1,1,0
2020-05-17,Los Angeles,37,10098052,46784,37996,22,38018,1807
2020-05-17,Madera,39,155013,147,69,0,69,2
2020-05-17,Marin,41,260295,348,315,1,316,14
2020-05-17,Mariposa,43,17540,15,15,0,15,1
2020-05-17,Mendocino,45,87422,13,10,0,10,0
2020-05-17,Merced,47,269075,304,214,0,214,5
2020-05-17,Modoc,49,8938,0,0,0,0,0
2020-05-17,Mono,51,14174,36,32,0,32,1
2020-05-17,Monterey,53,433212,413,342,0,342,8
2020-05-17,Napa,55,140530,102,89,0,89,3
2020-05-17,Nevada,57,99092,42,41,1,42,1
2020-05-17,Orange,59,3164182,6533,4466,28,4494,88
2020-05-17,Placer,61,380077,193,175,1,176,8
2020-05-17,Plumas,63,18699,4,4,0,4,0
2020-05-17,Riverside,65,2383286,6736,5776,7,5783,245
2020-05-17,Sacramento,67,1510023,1300,1224,0,1224,56
2020-05-17,San Benito,69,59416,69,59,0,59,2
2020-05-17,San Bernardino,71,2135413,4521,3467,2,3469,155
2020-05-17,San Diego,73,3302833,6808,5838,0,5838,209
2020-05-17,San Francisco,75,870044,2346,2132,0,2132,36
2020-05-17,San Joaquin,77,732212,779,688,4,692,32
2020-05-17,San Luis Obispo,79,281455,289,242,1,243,1
2020-05-17,San Mateo,81,765935,1942,1680,2,1682,68
2020-05-17,Santa Barbara,83,443738,1773,1457,4,1461,10
2020-05-17,Santa Clara,85,1922200,2845,2453,4,2457,135
2020-05-17,Santa Cruz,87,273765,174,155,0,155,3
2020-05-17,Shasta,89,179085,46,34,0,34,4
2020-05-17,Sierra,91,2930,0,0,0,0,0
2020-05-17,Siskiyou,93,43540,6,6,0,6,0
2020-05-17,Solano,95,438530,484,392,0,392,4
2020-05-17,Sonoma,97,501317,458,376,0,376,4
2020-05-17,Stanislaus,99,539301,645,566,4,570,25
2020-05-17,Sutter,101,95872,39,38,0,38,2
2020-05-17,Tehama,103,63373,3,2,0,2,1
2020-05-17,Trinity,105,12862,1,1,0,1,0
2020-05-17,Tulare,107,460477,1883,1430,2,1432,63
2020-05-17,Tuolumne,109,53932,3,2,0,2,0
2020-05-17,Ventura,111,848112,1146,838,1,839,27
2020-05-17,Yolo,113,214977,194,182,0,182,22
2020-05-17,Yuba,115,75493,26,21,0,21,1
2020-05-16,Alameda,1,1643700,2818,2327,0,2327,83
2020-05-16,Alpine,3,1148,1,1,0,1,0
2020-05-16,Amador,5,37829,10,8,0,8,0
2020-05-16,Butte,7,227075,37,22,1,23,0
2020-05-16,Calaveras,9,45235,14,13,0,13,0
2020-05-16,Colusa,11,21464,3,3,0,3,0
2020-05-16,Contra Costa,13,1133247,1300,1136,0,1136,33
2020-05-16,Del Norte,15,27424,19,4,0,4,0
2020-05-16,El Dorado,17,186661,84,65,0,65,0
2020-05-16,Fresno,19,978130,2111,1177,23,1200,14
2020-05-16,Glenn,21,27897,13,9,0,9,0
2020-05-16,Humboldt,23,135768,92,69,0,69,0
2020-05-16,Imperial,25,180216,1692,712,5,717,14
2020-05-16,Inyo,27,18085,19,20,0,20,1
2020-05-16,Kern,29,883053,1911,1509,3,1512,26
2020-05-16,Kings,31,150075,476,356,2,358,2
2020-05-16,Lake,33,64148,13,7,0,7,0
2020-05-16,Lassen,35,31185,1,0,1,1,0
2020-05-16,Los Angeles,37,10098052,46207,37352,22,37374,1778
2020-05-16,Madera,39,155013,145,70,0,70,2
2020-05-16,Marin,41,260295,344,297,1,298,14
2020-05-16,Mariposa,43,17540,15,15,0,15,1
2020-05-16,Mendocino,45,87422,13,10,0,10,0
2020-05-16,Merced,47,269075,302,201,0,201,5
2020-05-16,Modoc,49,8938,0,0,0,0,0
2020-05-16,Mono,51,14174,36,32,0,32,1
2020-05-16,Monterey,53,433212,398,329,0,329,8
2020-05-16,Napa,55,140530,102,86,0,86,3
2020-05-16,Nevada,57,99092,42,41,1,42,1
2020-05-16,Orange,59,3164182,6457,4396,28,4424,87
2020-05-16,Placer,61,380077,191,174,1,175,8
2020-05-16,Plumas,63,18699,4,4,0,4,0
2020-05-16,Riverside,65,2383286,6650,5633,7,5640,243
2020-05-16,Sacramento,67,1510023,1293,1209,0,1209,55
2020-05-16,San Benito,69,59416,64,58,0,58,2
2020-05-16,San Bernardino,71,2135413,4450,3362,2,3364,155
2020-05-16,San Diego,73,3302833,6722,5664,0,5664,209
2020-05-16,San Francisco,75,870044,2323,2094,0,2094,36
2020-05-16,San Joaquin,77,732212,771,668,4,672,32
2020-05-16,San Luis Obispo,79,281455,288,240,1,241,1
2020-05-16,San Mateo,81,765935,1927,1652,2,1654,68
2020-05-16,Santa Barbara,83,443738,1761,1422,3,1425,10
2020-05-16,Santa Clara,85,1922200,2830,2420,3,2423,135
2020-05-16,Santa Cruz,87,273765,171,154,0,154,3
2020-05-16,Shasta,89,179085,46,33,0,33,4
2020-05-16,Sierra,91,2930,0,0,0,0,0
2020-05-16,Siskiyou,93,43540,6,6,0,6,0
2020-05-16,Solano,95,438530,479,392,0,392,4
2020-05-16,Sonoma,97,501317,445,356,0,356,4
2020-05-16,Stanislaus,99,539301,636,546,4,550,24
2020-05-16,Sutter,101,95872,39,35,0,35,2
2020-05-16,Tehama,103,63373,3,2,0,2,1
2020-05-16,Trinity,105,12862,1,1,0,1,0
2020-05-16,Tulare,107,460477,1865,1426,2,1428,63
2020-05-16,Tuolumne,109,53932,3,2,0,2,0
2020-05-16,Ventura,111,848112,1121,813,1,814,25
2020-05-16,Yolo,113,214977,193,181,0,181,22
2020-05-16,Yuba,115,75493,26,21,0,21,1
2020-05-15,Alameda,1,1643700,2784,2289,0,2289,83
2020-05-15,Alpine,3,1148,1,1,0,1,0
2020-05-15,Amador,5,37829,10,8,0,8,0
2020-05-15,Butte,7,227075,35,22,1,23,0
2020-05-15,Calaveras,9,45235,14,13,0,13,0
2020-05-15,Colusa,11,21464,3,3,0,3,0
2020-05-15,Contra Costa,13,1133247,1282,1106,0,1106,33
2020-05-15,Del Norte,15,27424,14,4,0,4,0
2020-05-15,El Dorado,17,186661,84,64,0,64,0
2020-05-15,Fresno,19,978130,2045,1126,23,1149,14
2020-05-15,Glenn,21,27897,13,9,0,9,0
2020-05-15,Humboldt,23,135768,91,60,0,60,0
2020-05-15,Imperial,25,180216,1609,680,5,685,14
2020-05-15,Inyo,27,18085,19,20,0,20,1
2020-05-15,Kern,29,883053,1855,1472,3,1475,25
2020-05-15,Kings,31,150075,473,347,2,349,2
2020-05-15,Lake,33,64148,13,7,0,7,0
2020-05-15,Lassen,35,31185,1,0,1,1,0
2020-05-15,Los Angeles,37,10098052,45420,36317,22,36339,1734
2020-05-15,Madera,39,155013,144,71,0,71,2
2020-05-15,Marin,41,260295,336,295,1,296,14
2020-05-15,Mariposa,43,17540,15,15,0,15,1
2020-05-15,Mendocino,45,87422,13,10,0,10,0
2020-05-15,Merced,47,269075,299,191,0,191,5
2020-05-15,Modoc,49,8938,0,0,0,0,0
2020-05-15,Mono,51,14174,36,31,0,31,1
2020-05-15,Monterey,53,433212,392,321,0,321,8
2020-05-15,Napa,55,140530,102,83,0,83,3
2020-05-15,Nevada,57,99092,42,41,1,42,1
2020-05-15,Orange,59,3164182,6286,4281,28,4309,87
2020-05-15,Placer,61,380077,189,174,1,175,8
2020-05-15,Plumas,63,18699,4,4,0,4,0
2020-05-15,Riverside,65,2383286,6536,5496,7,5503,233
2020-05-15,Sacramento,67,1510023,1283,1203,0,1203,55
2020-05-15,San Benito,69,59416,61,57,0,57,2
2020-05-15,San Bernardino,71,2135413,4372,3225,2,3227,153
2020-05-15,San Diego,73,3302833,6615,5525,0,5525,208
2020-05-15,San Francisco,75,870044,2307,2062,0,2062,36
2020-05-15,San Joaquin,77,732212,765,656,4,660,32
2020-05-15,San Luis Obispo,79,281455,287,237,1,238,1
2020-05-15,San Mateo,81,765935,1905,1612,2,1614,68
2020-05-15,Santa Barbara,83,443738,1748,1409,3,1412,10
2020-05-15,Santa Clara,85,1922200,2805,2395,3,2398,135
2020-05-15,Santa Cruz,87,273765,170,146,0,146,3
2020-05-15,Shasta,89,179085,45,33,0,33,4
2020-05-15,Sierra,91,2930,0,0,0,0,0
2020-05-15,Siskiyou,93,43540,5,5,0,5,0
2020-05-15,Solano,95,438530,475,388,0,388,4
2020-05-15,Sonoma,97,501317,437,349,0,349,4
2020-05-15,Stanislaus,99,539301,629,540,4,544,23
2020-05-15,Sutter,101,95872,38,35,0,35,2
2020-05-15,Tehama,103,63373,3,1,0,1,1
2020-05-15,Trinity,105,12862,1,1,0,1,0
2020-05-15,Tulare,107,460477,1838,1356,2,1358,61
2020-05-15,Tuolumne,109,53932,3,2,0,2,0
2020-05-15,Ventura,111,848112,1104,789,0,789,25
2020-05-15,Yolo,113,214977,192,182,0,182,22
2020-05-15,Yuba,115,75493,26,21,0,21,1
2020-05-14,Alameda,1,1643700,2693,2255,0,2255,80
2020-05-14,Alpine,3,1148,1,1,0,1,0
2020-05-14,Amador,5,37829,10,8,0,8,0
2020-05-14,Butte,7,227075,33,22,1,23,0
2020-05-14,Calaveras,9,45235,14,13,0,13,0
2020-05-14,Colusa,11,21464,3,3,0,3,0
2020-05-14,Contra Costa,13,1133247,1256,1090,0,1090,32
2020-05-14,Del Norte,15,27424,14,4,0,4,0
2020-05-14,El Dorado,17,186661,75,59,0,59,0
2020-05-14,Fresno,19,978130,1993,1038,20,1058,12
2020-05-14,Glenn,21,27897,12,8,0,8,0
2020-05-14,Humboldt,23,135768,89,59,0,59,0
2020-05-14,Imperial,25,180216,1492,652,5,657,13
2020-05-14,Inyo,27,18085,19,20,0,20,1
2020-05-14,Kern,29,883053,1813,1430,3,1433,21
2020-05-14,Kings,31,150075,457,342,2,344,1
2020-05-14,Lake,33,64148,13,7,0,7,0
2020-05-14,Lassen,35,31185,1,0,1,1,0
2020-05-14,Los Angeles,37,10098052,44241,35427,22,35449,1693
2020-05-14,Madera,39,155013,135,69,0,69,2
2020-05-14,Marin,41,260295,318,283,1,284,14
2020-05-14,Mariposa,43,17540,15,15,0,15,0
2020-05-14,Mendocino,45,87422,12,10,0,10,0
2020-05-14,Merced,47,269075,289,182,0,182,3
2020-05-14,Modoc,49,8938,0,0,0,0,0
2020-05-14,Mono,51,14174,36,31,0,31,1
2020-05-14,Monterey,53,433212,382,317,0,317,7
2020-05-14,Napa,55,140530,100,83,0,83,3
2020-05-14,Nevada,57,99092,41,41,1,42,1
2020-05-14,Orange,59,3164182,6110,4163,26,4189,83
2020-05-14,Placer,61,380077,189,172,1,173,8
2020-05-14,Plumas,63,18699,4,4,0,4,0
2020-05-14,Riverside,65,2383286,6353,5339,7,5346,224
2020-05-14,Sacramento,67,1510023,1271,1181,0,1181,55
2020-05-14,San Benito,69,59416,59,56,0,56,2
2020-05-14,San Bernardino,71,2135413,4194,3149,2,3151,149
2020-05-14,San Diego,73,3302833,6481,5393,0,5393,200
2020-05-14,San Francisco,75,870044,2274,2029,0,2029,36
2020-05-14,San Joaquin,77,732212,750,643,4,647,31
2020-05-14,San Luis Obispo,79,281455,284,236,1,237,1
2020-05-14,San Mateo,81,765935,1873,1588,2,1590,67
2020-05-14,Santa Barbara,83,443738,1730,1395,3,1398,11
2020-05-14,Santa Clara,85,1922200,2784,2380,3,2383,134
2020-05-14,Santa Cruz,87,273765,168,145,0,145,3
2020-05-14,Shasta,89,179085,45,33,0,33,4
2020-05-14,Sierra,91,2930,0,0,0,0,0
2020-05-14,Siskiyou,93,43540,5,5,0,5,0
2020-05-14,Solano,95,438530,466,372,0,372,4
2020-05-14,Sonoma,97,501317,420,333,0,333,4
2020-05-14,Stanislaus,99,539301,610,533,4,537,23
2020-05-14,Sutter,101,95872,38,34,0,34,2
2020-05-14,Tehama,103,63373,3,1,0,1,1
2020-05-14,Trinity,105,12862,1,1,0,1,0
2020-05-14,Tulare,107,460477,1805,1317,2,1319,55
2020-05-14,Tuolumne,109,53932,3,2,0,2,0
2020-05-14,Ventura,111,848112,1076,760,0,760,25
2020-05-14,Yolo,113,214977,192,180,0,180,22
2020-05-14,Yuba,115,75493,26,21,0,21,1
2020-05-13,Alameda,1,1643700,2635,2181,0,2181,78
2020-05-13,Alpine,3,1148,1,1,0,1,0
2020-05-13,Amador,5,37829,10,8,0,8,0
2020-05-13,Butte,7,227075,33,21,1,22,0
2020-05-13,Calaveras,9,45235,14,13,0,13,0
2020-05-13,Colusa,11,21464,3,3,0,3,0
2020-05-13,Contra Costa,13,1133247,1234,1082,0,1082,32
2020-05-13,Del Norte,15,27424,13,4,0,4,0
2020-05-13,El Dorado,17,186661,74,58,0,58,0
2020-05-13,Fresno,19,978130,1905,993,20,1013,10
2020-05-13,Glenn,21,27897,11,6,0,6,0
2020-05-13,Humboldt,23,135768,83,58,0,58,0
2020-05-13,Imperial,25,180216,1422,610,5,615,11
2020-05-13,Inyo,27,18085,19,20,0,20,1
2020-05-13,Kern,29,883053,1769,1390,3,1393,19
2020-05-13,Kings,31,150075,444,314,2,316,1
2020-05-13,Lake,33,64148,13,7,0,7,0
2020-05-13,Lassen,35,31185,1,0,1,1,0
2020-05-13,Los Angeles,37,10098052,42927,34574,22,34596,1643
2020-05-13,Madera,39,155013,126,69,0,69,2
2020-05-13,Marin,41,260295,305,278,1,279,14
2020-05-13,Mariposa,43,17540,15,15,0,15,0
2020-05-13,Mendocino,45,87422,12,10,0,10,0
2020-05-13,Merced,47,269075,286,176,0,176,3
2020-05-13,Modoc,49,8938,0,0,0,0,0
2020-05-13,Mono,51,14174,35,31,0,31,1
2020-05-13,Monterey,53,433212,372,309,0,309,6
2020-05-13,Napa,55,140530,100,81,0,81,3
2020-05-13,Nevada,57,99092,41,41,1,42,1
2020-05-13,Orange,59,3164182,5864,4025,24,4049,79
2020-05-13,Placer,61,380077,188,170,1,171,8
2020-05-13,Plumas,63,18699,4,4,0,4,0
2020-05-13,Riverside,65,2383286,6230,5204,7,5211,216
2020-05-13,Sacramento,67,1510023,1256,1173,0,1173,53
2020-05-13,San Benito,69,59416,59,55,0,55,2
2020-05-13,San Bernardino,71,2135413,3939,3064,1,3065,140
2020-05-13,San Diego,73,3302833,6345,5280,0,5280,194
2020-05-13,San Francisco,75,870044,2246,2004,0,2004,35
2020-05-13,San Joaquin,77,732212,729,639,3,642,31
2020-05-13,San Luis Obispo,79,281455,282,231,1,232,1
2020-05-13,San Mateo,81,765935,1841,1550,2,1552,66
2020-05-13,Santa Barbara,83,443738,1714,1382,3,1385,10
2020-05-13,Santa Clara,85,1922200,2767,2370,3,2373,132
2020-05-13,Santa Cruz,87,273765,164,142,0,142,2
2020-05-13,Shasta,89,179085,45,32,0,32,4
2020-05-13,Sierra,91,2930,0,0,0,0,0
2020-05-13,Siskiyou,93,43540,5,5,0,5,0
2020-05-13,Solano,95,438530,453,368,0,368,4
2020-05-13,Sonoma,97,501317,410,330,0,330,4
2020-05-13,Stanislaus,99,539301,601,521,4,525,15
2020-05-13,Sutter,101,95872,38,33,0,33,2
2020-05-13,Tehama,103,63373,3,1,0,1,1
2020-05-13,Trinity,105,12862,1,2,0,2,0
2020-05-13,Tulare,107,460477,1772,1283,2,1285,54
2020-05-13,Tuolumne,109,53932,3,2,0,2,0
2020-05-13,Ventura,111,848112,1049,742,0,742,25
2020-05-13,Yolo,113,214977,190,178,0,178,22
2020-05-13,Yuba,115,75493,24,19,0,19,1
2020-05-12,Alameda,1,1643700,2573,2146,0,2146,74
2020-05-12,Alpine,3,1148,1,1,0,1,0
2020-05-12,Amador,5,37829,10,8,0,8,0
2020-05-12,Butte,7,227075,31,20,1,21,0
2020-05-12,Calaveras,9,45235,13,13,0,13,0
2020-05-12,Colusa,11,21464,3,3,0,3,0
2020-05-12,Contra Costa,13,1133247,1203,1067,0,1067,32
2020-05-12,Del Norte,15,27424,10,3,0,3,0
2020-05-12,El Dorado,17,186661,71,56,0,56,0
2020-05-12,Fresno,19,978130,1827,978,20,998,9
2020-05-12,Glenn,21,27897,10,6,0,6,0
2020-05-12,Humboldt,23,135768,80,58,0,58,0
2020-05-12,Imperial,25,180216,1291,602,3,605,9
2020-05-12,Inyo,27,18085,19,20,0,20,1
2020-05-12,Kern,29,883053,1728,1363,3,1366,18
2020-05-12,Kings,31,150075,423,302,2,304,1
2020-05-12,Lake,33,64148,13,7,0,7,0
2020-05-12,Lassen,35,31185,1,0,1,1,0
2020-05-12,Los Angeles,37,10098052,41931,33281,21,33302,1601
2020-05-12,Madera,39,155013,122,69,0,69,2
2020-05-12,Marin,41,260295,300,274,1,275,14
2020-05-12,Mariposa,43,17540,15,15,0,15,0
2020-05-12,Mendocino,45,87422,12,10,0,10,0
2020-05-12,Merced,47,269075,275,175,0,175,3
2020-05-12,Modoc,49,8938,0,0,0,0,0
2020-05-12,Mono,51,14174,35,31,0,31,1
2020-05-12,Monterey,53,433212,365,298,0,298,6
2020-05-12,Napa,55,140530,98,80,0,80,3
2020-05-12,Nevada,57,99092,41,41,1,42,1
2020-05-12,Orange,59,3164182,5682,3843,22,3865,78
2020-05-12,Placer,61,380077,188,170,1,171,8
2020-05-12,Plumas,63,18699,4,4,0,4,0
2020-05-12,Riverside,65,2383286,6109,5134,7,5141,210
2020-05-12,Sacramento,67,1510023,1236,1166,0,1166,52
2020-05-12,San Benito,69,59416,59,55,0,55,2
2020-05-12,San Bernardino,71,2135413,3788,2997,1,2998,131
2020-05-12,San Diego,73,3302833,6201,3,0,3,0
2020-05-12,San Francisco,75,870044,2211,1981,0,1981,35
2020-05-12,San Joaquin,77,732212,714,625,3,628,30
2020-05-12,San Luis Obispo,79,281455,279,226,1,227,1
2020-05-12,San Mateo,81,765935,1815,1533,2,1535,66
2020-05-12,Santa Barbara,83,443738,1675,1377,3,1380,10
2020-05-12,Santa Clara,85,1922200,2737,2362,3,2365,131
2020-05-12,Santa Cruz,87,273765,162,141,0,141,2
2020-05-12,Shasta,89,179085,44,33,0,33,4
2020-05-12,Sierra,91,2930,0,0,0,0,0
2020-05-12,Siskiyou,93,43540,5,5,0,5,0
2020-05-12,Solano,95,438530,445,361,0,361,4
2020-05-12,Sonoma,97,501317,387,308,0,308,4
2020-05-12,Stanislaus,99,539301,594,515,4,519,15
2020-05-12,Sutter,101,95872,38,33,0,33,2
2020-05-12,Tehama,103,63373,3,1,0,1,1
2020-05-12,Trinity,105,12862,1,1,0,1,0
2020-05-12,Tulare,107,460477,1742,1261,1,1262,52
2020-05-12,Tuolumne,109,53932,3,2,0,2,0
2020-05-12,Ventura,111,848112,1012,718,0,718,20
2020-05-12,Yolo,113,214977,189,176,0,176,22
2020-05-12,Yuba,115,75493,24,19,0,19,1
2020-05-11,Alameda,1,1643700,2523,2103,0,2103,71
2020-05-11,Alpine,3,1148,1,1,0,1,0
2020-05-11,Amador,5,37829,10,8,0,8,0
2020-05-11,Butte,7,227075,30,19,1,20,0
2020-05-11,Calaveras,9,45235,13,13,0,13,0
2020-05-11,Colusa,11,21464,3,3,0,3,0
2020-05-11,Contra Costa,13,1133247,1189,1052,0,1052,32
2020-05-11,Del Norte,15,27424,8,3,0,3,0
2020-05-11,El Dorado,17,186661,71,55,0,55,0
2020-05-11,Fresno,19,978130,1744,937,18,955,8
2020-05-11,Glenn,21,27897,10,6,0,6,0
2020-05-11,Humboldt,23,135768,77,56,0,56,0
2020-05-11,Imperial,25,180216,1185,562,1,563,9
2020-05-11,Inyo,27,18085,19,20,0,20,1
2020-05-11,Kern,29,883053,1676,1331,3,1334,17
2020-05-11,Kings,31,150075,400,289,1,290,1
2020-05-11,Lake,33,64148,12,7,0,7,0
2020-05-11,Lassen,35,31185,1,0,1,1,0
2020-05-11,Los Angeles,37,10098052,40761,32279,21,32300,1553
2020-05-11,Madera,39,155013,116,68,0,68,2
2020-05-11,Marin,41,260295,291,271,1,272,14
2020-05-11,Mariposa,43,17540,15,15,0,15,0
2020-05-11,Mendocino,45,87422,12,10,0,10,0
2020-05-11,Merced,47,269075,260,158,0,158,3
2020-05-11,Modoc,49,8938,0,0,0,0,0
2020-05-11,Mono,51,14174,35,30,0,30,1
2020-05-11,Monterey,53,433212,362,286,0,286,6
2020-05-11,Napa,55,140530,92,79,0,79,2
2020-05-11,Nevada,57,99092,41,41,1,42,1
2020-05-11,Orange,59,3164182,5476,3699,18,3717,77
2020-05-11,Placer,61,380077,188,170,1,171,8
2020-05-11,Plumas,63,18699,4,4,0,4,0
2020-05-11,Riverside,65,2383286,5952,5082,7,5089,203
2020-05-11,Sacramento,67,1510023,1221,1160,0,1160,52
2020-05-11,San Benito,69,59416,57,52,0,52,2
2020-05-11,San Bernardino,71,2135413,3678,2945,1,2946,124
2020-05-11,San Diego,73,3302833,6048,5067,0,5067,175
2020-05-11,San Francisco,75,870044,2163,1974,0,1974,35
2020-05-11,San Joaquin,77,732212,704,620,3,623,30
2020-05-11,San Luis Obispo,79,281455,277,224,1,225,1
2020-05-11,San Mateo,81,765935,1789,1499,2,1501,66
2020-05-11,Santa Barbara,83,443738,1655,1372,3,1375,10
2020-05-11,Santa Clara,85,1922200,2721,2340,3,2343,129
2020-05-11,Santa Cruz,87,273765,159,140,0,140,2
2020-05-11,Shasta,89,179085,44,31,0,31,4
2020-05-11,Sierra,91,2930,0,0,0,0,0
2020-05-11,Siskiyou,93,43540,5,5,0,5,0
2020-05-11,Solano,95,438530,440,354,0,354,4
2020-05-11,Sonoma,97,501317,377,303,0,303,3
2020-05-11,Stanislaus,99,539301,584,507,4,511,14
2020-05-11,Sutter,101,95872,37,32,0,32,2
2020-05-11,Tehama,103,63373,3,1,0,1,1
2020-05-11,Trinity,105,12862,1,1,0,1,0
2020-05-11,Tulare,107,460477,1694,1203,1,1204,49
2020-05-11,Tuolumne,109,53932,3,2,0,2,0
2020-05-11,Ventura,111,848112,968,698,0,698,19
2020-05-11,Yolo,113,214977,189,174,0,174,20
2020-05-11,Yuba,115,75493,24,18,0,18,1
2020-05-10,Alameda,1,1643700,2446,2047,0,2047,71
2020-05-10,Alpine,3,1148,1,1,0,1,0
2020-05-10,Amador,5,37829,10,8,0,8,0
2020-05-10,Butte,7,227075,26,18,1,19,0
2020-05-10,Calaveras,9,45235,13,13,0,13,0
2020-05-10,Colusa,11,21464,3,3,0,3,0
2020-05-10,Contra Costa,13,1133247,1175,1046,0,1046,31
2020-05-10,Del Norte,15,27424,7,3,0,3,0
2020-05-10,El Dorado,17,186661,71,55,0,55,0
2020-05-10,Fresno,19,978130,1666,894,18,912,8
2020-05-10,Glenn,21,27897,10,6,0,6,0
2020-05-10,Humboldt,23,135768,73,56,0,56,0
2020-05-10,Imperial,25,180216,1089,509,1,510,7
2020-05-10,Inyo,27,18085,19,20,0,20,1
2020-05-10,Kern,29,883053,1627,1300,2,1302,16
2020-05-10,Kings,31,150075,387,266,1,267,1
2020-05-10,Lake,33,64148,12,7,0,7,0
2020-05-10,Lassen,35,31185,1,0,1,1,0
2020-05-10,Los Angeles,37,10098052,39508,31711,21,31732,1514
2020-05-10,Madera,39,155013,114,65,0,65,2
2020-05-10,Marin,41,260295,283,267,1,268,14
2020-05-10,Mariposa,43,17540,15,15,0,15,0
2020-05-10,Mendocino,45,87422,11,10,0,10,0
2020-05-10,Merced,47,269075,245,154,0,154,3
2020-05-10,Modoc,49,8938,0,0,0,0,0
2020-05-10,Mono,51,14174,35,27,0,27,1
2020-05-10,Monterey,53,433212,348,282,0,282,6
2020-05-10,Napa,55,140530,86,79,0,79,2
2020-05-10,Nevada,57,99092,41,41,1,42,1
2020-05-10,Orange,59,3164182,5331,3627,18,3645,76
2020-05-10,Placer,61,380077,187,168,1,169,8
2020-05-10,Plumas,63,18699,4,4,0,4,0
2020-05-10,Riverside,65,2383286,5830,4951,7,4958,193
2020-05-10,Sacramento,67,1510023,1205,1152,0,1152,52
2020-05-10,San Benito,69,59416,57,52,0,52,2
2020-05-10,San Bernardino,71,2135413,3580,2910,1,2911,121
2020-05-10,San Diego,73,3302833,5896,4928,0,4928,175
2020-05-10,San Francisco,75,870044,2143,1953,0,1953,35
2020-05-10,San Joaquin,77,732212,689,611,3,614,29
2020-05-10,San Luis Obispo,79,281455,274,218,1,219,1
2020-05-10,San Mateo,81,765935,1767,1463,2,1465,65
2020-05-10,Santa Barbara,83,443738,1634,1323,3,1326,10
2020-05-10,Santa Clara,85,1922200,2697,2331,3,2334,129
2020-05-10,Santa Cruz,87,273765,158,139,0,139,2
2020-05-10,Shasta,89,179085,44,31,0,31,4
2020-05-10,Sierra,91,2930,0,0,0,0,0
2020-05-10,Siskiyou,93,43540,5,5,0,5,0
2020-05-10,Solano,95,438530,430,322,0,322,4
2020-05-10,Sonoma,97,501317,367,290,0,290,3
2020-05-10,Stanislaus,99,539301,577,498,4,502,14
2020-05-10,Sutter,101,95872,34,31,0,31,2
2020-05-10,Tehama,103,63373,3,1,0,1,1
2020-05-10,Trinity,105,12862,1,1,0,1,0
2020-05-10,Tulare,107,460477,1626,1143,1,1144,47
2020-05-10,Tuolumne,109,53932,3,2,0,2,0
2020-05-10,Ventura,111,848112,920,690,0,690,19
2020-05-10,Yolo,113,214977,189,173,0,173,20
2020-05-10,Yuba,115,75493,23,17,0,17,1
2020-05-09,Alameda,1,1643700,2403,2011,0,2011,71
2020-05-09,Alpine,3,1148,1,1,0,1,0
2020-05-09,Amador,5,37829,9,8,0,8,0
2020-05-09,Butte,7,227075,25,18,1,19,0
2020-05-09,Calaveras,9,45235,13,13,0,13,0
2020-05-09,Colusa,11,21464,3,3,0,3,0
2020-05-09,Contra Costa,13,1133247,1161,1039,0,1039,31
2020-05-09,Del Norte,15,27424,7,3,0,3,0
2020-05-09,El Dorado,17,186661,68,54,0,54,0
2020-05-09,Fresno,19,978130,1630,861,18,879,8
2020-05-09,Glenn,21,27897,9,6,0,6,0
2020-05-09,Humboldt,23,135768,71,55,0,55,0
2020-05-09,Imperial,25,180216,1033,474,1,475,7
2020-05-09,Inyo,27,18085,19,20,0,20,1
2020-05-09,Kern,29,883053,1591,1262,1,1263,15
2020-05-09,Kings,31,150075,382,264,1,265,1
2020-05-09,Lake,33,64148,12,7,0,7,0
2020-05-09,Lassen,35,31185,1,0,1,1,0
2020-05-09,Los Angeles,37,10098052,38883,31268,21,31289,1499
2020-05-09,Madera,39,155013,113,61,0,61,2
2020-05-09,Marin,41,260295,282,261,1,262,14
2020-05-09,Mariposa,43,17540,15,15,0,15,0
2020-05-09,Mendocino,45,87422,11,10,0,10,0
2020-05-09,Merced,47,269075,241,153,0,153,3
2020-05-09,Modoc,49,8938,0,0,0,0,0
2020-05-09,Mono,51,14174,35,27,0,27,1
2020-05-09,Monterey,53,433212,341,273,0,273,6
2020-05-09,Napa,55,140530,85,78,0,78,2
2020-05-09,Nevada,57,99092,41,41,1,42,1
2020-05-09,Orange,59,3164182,5250,3506,17,3523,75
2020-05-09,Placer,61,380077,186,168,1,169,8
2020-05-09,Plumas,63,18699,4,4,0,4,0
2020-05-09,Riverside,65,2383286,5736,4871,7,4878,183
2020-05-09,Sacramento,67,1510023,1201,1150,0,1150,52
2020-05-09,San Benito,69,59416,56,52,0,52,2
2020-05-09,San Bernardino,71,2135413,3524,2825,1,2826,121
2020-05-09,San Diego,73,3302833,5784,4778,0,4778,175
2020-05-09,San Francisco,75,870044,2128,1944,0,1944,34
2020-05-09,San Joaquin,77,732212,680,605,3,608,28
2020-05-09,San Luis Obispo,79,281455,270,213,1,214,1
2020-05-09,San Mateo,81,765935,1748,1453,2,1455,65
2020-05-09,Santa Barbara,83,443738,1621,1245,3,1248,10
2020-05-09,Santa Clara,85,1922200,2686,2317,3,2320,128
2020-05-09,Santa Cruz,87,273765,157,138,0,138,2
2020-05-09,Shasta,89,179085,44,31,0,31,4
2020-05-09,Sierra,91,2930,0,0,0,0,0
2020-05-09,Siskiyou,93,43540,5,5,0,5,0
2020-05-09,Solano,95,438530,424,321,0,321,4
2020-05-09,Sonoma,97,501317,363,288,0,288,3
2020-05-09,Stanislaus,99,539301,569,491,4,495,12
2020-05-09,Sutter,101,95872,34,31,0,31,2
2020-05-09,Tehama,103,63373,2,1,0,1,1
2020-05-09,Trinity,105,12862,1,1,0,1,0
2020-05-09,Tulare,107,460477,1598,1083,1,1084,47
2020-05-09,Tuolumne,109,53932,3,2,0,2,0
2020-05-09,Ventura,111,848112,899,679,0,679,19
2020-05-09,Yolo,113,214977,189,172,0,172,18
2020-05-09,Yuba,115,75493,23,17,0,17,1
2020-05-08,Alameda,1,1643700,2360,1955,0,1955,70
2020-05-08,Alpine,3,1148,1,1,0,1,0
2020-05-08,Amador,5,37829,9,8,0,8,0
2020-05-08,Butte,7,227075,25,18,1,19,0
2020-05-08,Calaveras,9,45235,13,13,0,13,0
2020-05-08,Colusa,11,21464,3,3,0,3,0
2020-05-08,Contra Costa,13,1133247,1149,1024,0,1024,29
2020-05-08,Del Norte,15,27424,7,3,0,3,0
2020-05-08,El Dorado,17,186661,67,54,0,54,0
2020-05-08,Fresno,19,978130,1598,838,18,856,8
2020-05-08,Glenn,21,27897,8,6,0,6,0
2020-05-08,Humboldt,23,135768,68,54,0,54,0
2020-05-08,Imperial,25,180216,987,467,1,468,7
2020-05-08,Inyo,27,18085,19,20,0,20,1
2020-05-08,Kern,29,883053,1560,1214,1,1215,13
2020-05-08,Kings,31,150075,373,236,1,237,1
2020-05-08,Lake,33,64148,12,7,0,7,0
2020-05-08,Lassen,35,31185,1,0,1,1,0
2020-05-08,Los Angeles,37,10098052,38152,30357,21,30378,1447
2020-05-08,Madera,39,155013,110,57,0,57,2
2020-05-08,Marin,41,260295,282,257,1,258,14
2020-05-08,Mariposa,43,17540,15,15,0,15,0
2020-05-08,Mendocino,45,87422,11,10,0,10,0
2020-05-08,Merced,47,269075,240,151,0,151,3
2020-05-08,Modoc,49,8938,0,0,0,0,0
2020-05-08,Mono,51,14174,32,27,0,27,1
2020-05-08,Monterey,53,433212,333,265,0,265,6
2020-05-08,Napa,55,140530,84,78,0,78,2
2020-05-08,Nevada,57,99092,41,41,1,42,1
2020-05-08,Orange,59,3164182,5108,3395,17,3412,72
2020-05-08,Placer,61,380077,184,166,1,167,8
2020-05-08,Plumas,63,18699,4,4,0,4,0
2020-05-08,Riverside,65,2383286,5637,4672,7,4679,181
2020-05-08,Sacramento,67,1510023,1196,1145,0,1145,51
2020-05-08,San Benito,69,59416,56,51,0,51,2
2020-05-08,San Bernardino,71,2135413,3476,2631,1,2632,119
2020-05-08,San Diego,73,3302833,5677,4664,0,4664,169
2020-05-08,San Francisco,75,870044,2110,1890,0,1890,33
2020-05-08,San Joaquin,77,732212,673,595,3,598,28
2020-05-08,San Luis Obispo,79,281455,267,210,1,211,1
2020-05-08,San Mateo,81,765935,1663,1423,2,1425,62
2020-05-08,Santa Barbara,83,443738,1609,1054,2,1056,8
2020-05-08,Santa Clara,85,1922200,2664,2285,3,2288,128
2020-05-08,Santa Cruz,87,273765,153,137,0,137,2
2020-05-08,Shasta,89,179085,44,31,0,31,4
2020-05-08,Sierra,91,2930,0,0,0,0,0
2020-05-08,Siskiyou,93,43540,5,5,0,5,0
2020-05-08,Solano,95,438530,419,314,0,314,4
2020-05-08,Sonoma,97,501317,358,285,0,285,3
2020-05-08,Stanislaus,99,539301,555,487,4,491,12
2020-05-08,Sutter,101,95872,34,30,0,30,2
2020-05-08,Tehama,103,63373,2,1,0,1,1
2020-05-08,Trinity,105,12862,1,0,0,0,0
2020-05-08,Tulare,107,460477,1553,1050,1,1051,43
2020-05-08,Tuolumne,109,53932,3,2,0,2,0
2020-05-08,Ventura,111,848112,882,665,0,665,19
2020-05-08,Yolo,113,214977,188,172,0,172,18
2020-05-08,Yuba,115,75493,22,16,0,16,1
2020-05-07,Alameda,1,1643700,2300,1914,0,1914,68
2020-05-07,Alpine,3,1148,1,1,0,1,0
2020-05-07,Amador,5,37829,9,8,0,8,0
2020-05-07,Butte,7,227075,25,19,1,20,0
2020-05-07,Calaveras,9,45235,13,13,0,13,0
2020-05-07,Colusa,11,21464,3,3,0,3,0
2020-05-07,Contra Costa,13,1133247,1135,1005,0,1005,29
2020-05-07,Del Norte,15,27424,6,3,0,3,0
2020-05-07,El Dorado,17,186661,66,54,0,54,0
2020-05-07,Fresno,19,978130,1519,812,17,829,8
2020-05-07,Glenn,21,27897,8,5,0,5,0
2020-05-07,Humboldt,23,135768,67,54,0,54,0
2020-05-07,Imperial,25,180216,924,442,1,443,6
2020-05-07,Inyo,27,18085,19,20,0,20,1
2020-05-07,Kern,29,883053,1518,1176,1,1177,13
2020-05-07,Kings,31,150075,351,219,1,220,1
2020-05-07,Lake,33,64148,11,7,0,7,0
2020-05-07,Lassen,35,31185,1,0,1,1,0
2020-05-07,Los Angeles,37,10098052,37031,29544,21,29565,1399
2020-05-07,Madera,39,155013,106,54,0,54,2
2020-05-07,Marin,41,260295,275,252,1,253,14
2020-05-07,Mariposa,43,17540,15,15,0,15,0
2020-05-07,Mendocino,45,87422,11,10,0,10,0
2020-05-07,Merced,47,269075,232,146,0,146,3
2020-05-07,Modoc,49,8938,0,0,0,0,0
2020-05-07,Mono,51,14174,32,26,0,26,1
2020-05-07,Monterey,53,433212,325,249,0,249,6
2020-05-07,Napa,55,140530,84,78,0,78,2
2020-05-07,Nevada,57,99092,41,41,1,42,1
2020-05-07,Orange,59,3164182,4925,3283,16,3299,69
2020-05-07,Placer,61,380077,184,165,1,166,8
2020-05-07,Plumas,63,18699,4,4,0,4,0
2020-05-07,Riverside,65,2383286,5521,4608,7,4615,170
2020-05-07,Sacramento,67,1510023,1190,1139,0,1139,50
2020-05-07,San Benito,69,59416,56,50,0,50,2
2020-05-07,San Bernardino,71,2135413,3384,2522,1,2523,115
2020-05-07,San Diego,73,3302833,5520,4431,0,4431,165
2020-05-07,San Francisco,75,870044,2078,1852,0,1852,33
2020-05-07,San Joaquin,77,732212,660,583,3,586,28
2020-05-07,San Luis Obispo,79,281455,256,209,1,210,1
2020-05-07,San Mateo,81,765935,1641,1398,2,1400,58
2020-05-07,Santa Barbara,83,443738,1579,720,2,722,8
2020-05-07,Santa Clara,85,1922200,2627,2281,3,2284,127
2020-05-07,Santa Cruz,87,273765,150,136,0,136,2
2020-05-07,Shasta,89,179085,43,31,0,31,4
2020-05-07,Sierra,91,2930,0,0,0,0,0
2020-05-07,Siskiyou,93,43540,5,5,0,5,0
2020-05-07,Solano,95,438530,413,307,0,307,4
2020-05-07,Sonoma,97,501317,346,282,0,282,3
2020-05-07,Stanislaus,99,539301,546,466,4,470,10
2020-05-07,Sutter,101,95872,34,29,0,29,2
2020-05-07,Tehama,103,63373,2,1,0,1,1
2020-05-07,Trinity,105,12862,1,0,0,0,0
2020-05-07,Tulare,107,460477,1489,1001,1,1002,41
2020-05-07,Tuolumne,109,53932,3,2,0,2,0
2020-05-07,Ventura,111,848112,860,647,0,647,19
2020-05-07,Yolo,113,214977,187,172,0,172,18
2020-05-07,Yuba,115,75493,22,16,0,16,1
2020-05-06,Alameda,1,1643700,2263,1864,0,1864,67
2020-05-06,Alpine,3,1148,1,1,0,1,0
2020-05-06,Amador,5,37829,9,8,0,8,0
2020-05-06,Butte,7,227075,24,19,1,20,0
2020-05-06,Calaveras,9,45235,13,13,0,13,0
2020-05-06,Colusa,11,21464,3,3,0,3,0
2020-05-06,Contra Costa,13,1133247,1114,990,0,990,29
2020-05-06,Del Norte,15,27424,6,3,0,3,0
2020-05-06,El Dorado,17,186661,64,53,0,53,0
2020-05-06,Fresno,19,978130,1458,773,15,788,8
2020-05-06,Glenn,21,27897,8,3,0,3,0
2020-05-06,Humboldt,23,135768,66,54,0,54,0
2020-05-06,Imperial,25,180216,856,399,1,400,6
2020-05-06,Inyo,27,18085,19,20,0,20,1
2020-05-06,Kern,29,883053,1463,1112,1,1113,12
2020-05-06,Kings,31,150075,333,208,1,209,1
2020-05-06,Lake,33,64148,11,7,0,7,0
2020-05-06,Lassen,35,31185,1,0,1,1,0
2020-05-06,Los Angeles,37,10098052,36021,28687,21,28708,1347
2020-05-06,Madera,39,155013,104,55,0,55,2
2020-05-06,Marin,41,260295,268,244,1,245,14
2020-05-06,Mariposa,43,17540,15,14,0,14,0
2020-05-06,Mendocino,45,87422,11,10,0,10,0
2020-05-06,Merced,47,269075,225,140,0,140,3
2020-05-06,Modoc,49,8938,0,0,0,0,0
2020-05-06,Mono,51,14174,32,26,0,26,1
2020-05-06,Monterey,53,433212,317,246,0,246,6
2020-05-06,Napa,55,140530,83,78,0,78,2
2020-05-06,Nevada,57,99092,41,41,1,42,1
2020-05-06,Orange,59,3164182,4740,3156,15,3171,66
2020-05-06,Placer,61,380077,181,164,1,165,8
2020-05-06,Plumas,63,18699,4,4,0,4,0
2020-05-06,Riverside,65,2383286,5376,4535,7,4542,163
2020-05-06,Sacramento,67,1510023,1183,1135,0,1135,49
2020-05-06,San Benito,69,59416,55,50,0,50,2
2020-05-06,San Bernardino,71,2135413,3262,2426,0,2426,110
2020-05-06,San Diego,73,3302833,5387,4321,0,4321,158
2020-05-06,San Francisco,75,870044,2052,1804,0,1804,32
2020-05-06,San Joaquin,77,732212,647,581,3,584,28
2020-05-06,San Luis Obispo,79,281455,253,207,1,208,1
2020-05-06,San Mateo,81,765935,1610,1348,2,1350,57
2020-05-06,Santa Barbara,83,443738,1533,565,2,567,8
2020-05-06,Santa Clara,85,1922200,2612,2270,3,2273,127
2020-05-06,Santa Cruz,87,273765,146,135,0,135,2
2020-05-06,Shasta,89,179085,43,31,0,31,4
2020-05-06,Sierra,91,2930,0,0,0,0,0
2020-05-06,Siskiyou,93,43540,5,5,0,5,0
2020-05-06,Solano,95,438530,403,300,0,300,4
2020-05-06,Sonoma,97,501317,330,269,0,269,3
2020-05-06,Stanislaus,99,539301,530,434,4,438,9
2020-05-06,Sutter,101,95872,34,29,0,29,2
2020-05-06,Tehama,103,63373,2,1,0,1,1
2020-05-06,Trinity,105,12862,1,0,0,0,0
2020-05-06,Tulare,107,460477,1441,963,1,964,40
2020-05-06,Tuolumne,109,53932,3,2,0,2,0
2020-05-06,Ventura,111,848112,835,619,0,619,19
2020-05-06,Yolo,113,214977,186,172,0,172,18
2020-05-06,Yuba,115,75493,22,15,0,15,1
2020-05-05,Alameda,1,1643700,2220,1819,0,1819,67
2020-05-05,Alpine,3,1148,1,1,0,1,0
2020-05-05,Amador,5,37829,9,8,0,8,0
2020-05-05,Butte,7,227075,23,19,1,20,0
2020-05-05,Calaveras,9,45235,13,13,0,13,0
2020-05-05,Colusa,11,21464,3,3,0,3,0
2020-05-05,Contra Costa,13,1133247,1096,976,0,976,29
2020-05-05,Del Norte,15,27424,6,3,0,3,0
2020-05-05,El Dorado,17,186661,62,54,0,54,0
2020-05-05,Fresno,19,978130,1389,726,13,739,8
2020-05-05,Glenn,21,27897,8,3,0,3,0
2020-05-05,Humboldt,23,135768,63,54,0,54,0
2020-05-05,Imperial,25,180216,801,389,1,390,6
2020-05-05,Inyo,27,18085,19,20,0,20,1
2020-05-05,Kern,29,883053,1412,1084,1,1085,11
2020-05-05,Kings,31,150075,317,187,1,188,1
2020-05-05,Lake,33,64148,10,7,0,7,0
2020-05-05,Lassen,35,31185,1,0,1,1,0
2020-05-05,Los Angeles,37,10098052,34960,27867,21,27888,1289
2020-05-05,Madera,39,155013,101,53,0,53,2
2020-05-05,Marin,41,260295,262,244,1,245,14
2020-05-05,Mariposa,43,17540,15,14,0,14,0
2020-05-05,Mendocino,45,87422,11,10,0,10,0
2020-05-05,Merced,47,269075,220,141,0,141,3
2020-05-05,Modoc,49,8938,0,0,0,0,0
2020-05-05,Mono,51,14174,32,25,0,25,1
2020-05-05,Monterey,53,433212,303,240,0,240,6
2020-05-05,Napa,55,140530,83,74,0,74,2
2020-05-05,Nevada,57,99092,41,41,1,42,1
2020-05-05,Orange,59,3164182,4617,3041,15,3056,63
2020-05-05,Placer,61,380077,181,162,1,163,8
2020-05-05,Plumas,63,18699,4,4,0,4,0
2020-05-05,Riverside,65,2383286,5266,4309,7,4316,161
2020-05-05,Sacramento,67,1510023,1176,1125,0,1125,48
2020-05-05,San Benito,69,59416,54,50,0,50,2
2020-05-05,San Bernardino,71,2135413,3169,2345,0,2345,104
2020-05-05,San Diego,73,3302833,5244,4162,0,4162,150
2020-05-05,San Francisco,75,870044,2017,1779,0,1779,31
2020-05-05,San Joaquin,77,732212,638,577,3,580,26
2020-05-05,San Luis Obispo,79,281455,252,203,1,204,1
2020-05-05,San Mateo,81,765935,1578,1335,2,1337,56
2020-05-05,Santa Barbara,83,443738,1308,541,2,543,7
2020-05-05,Santa Clara,85,1922200,2570,2249,3,2252,124
2020-05-05,Santa Cruz,87,273765,143,134,0,134,2
2020-05-05,Shasta,89,179085,42,31,0,31,4
2020-05-05,Sierra,91,2930,0,0,0,0,0
2020-05-05,Siskiyou,93,43540,5,5,0,5,0
2020-05-05,Solano,95,438530,387,299,0,299,4
2020-05-05,Sonoma,97,501317,327,263,0,263,3
2020-05-05,Stanislaus,99,539301,518,430,4,434,9
2020-05-05,Sutter,101,95872,34,29,0,29,2
2020-05-05,Tehama,103,63373,2,1,0,1,1
2020-05-05,Trinity,105,12862,1,0,0,0,0
2020-05-05,Tulare,107,460477,1352,869,1,870,40
2020-05-05,Tuolumne,109,53932,3,2,0,2,0
2020-05-05,Ventura,111,848112,812,607,0,607,19
2020-05-05,Yolo,113,214977,184,171,0,171,18
2020-05-05,Yuba,115,75493,22,15,0,15,1
2020-05-04,Alameda,1,1643700,2161,1762,0,1762,65
2020-05-04,Alpine,3,1148,1,1,0,1,0
2020-05-04,Amador,5,37829,8,8,0,8,0
2020-05-04,Butte,7,227075,23,16,1,17,0
2020-05-04,Calaveras,9,45235,13,13,0,13,0
2020-05-04,Colusa,11,21464,3,3,0,3,0
2020-05-04,Contra Costa,13,1133247,1078,949,0,949,28
2020-05-04,Del Norte,15,27424,5,3,0,3,0
2020-05-04,El Dorado,17,186661,61,51,0,51,0
2020-05-04,Fresno,19,978130,1323,680,12,692,8
2020-05-04,Glenn,21,27897,8,4,0,4,0
2020-05-04,Humboldt,23,135768,61,54,0,54,0
2020-05-04,Imperial,25,180216,748,351,1,352,6
2020-05-04,Inyo,27,18085,19,20,0,20,1
2020-05-04,Kern,29,883053,1372,1047,1,1048,8
2020-05-04,Kings,31,150075,300,153,1,154,1
2020-05-04,Lake,33,64148,9,7,0,7,0
2020-05-04,Lassen,35,31185,1,0,1,1,0
2020-05-04,Los Angeles,37,10098052,33660,26243,20,26263,1235
2020-05-04,Madera,39,155013,100,52,0,52,2
2020-05-04,Marin,41,260295,258,244,1,245,13
2020-05-04,Mariposa,43,17540,15,13,0,13,0
2020-05-04,Mendocino,45,87422,11,10,0,10,0
2020-05-04,Merced,47,269075,220,138,0,138,3
2020-05-04,Modoc,49,8938,0,0,0,0,0
2020-05-04,Mono,51,14174,32,25,0,25,1
2020-05-04,Monterey,53,433212,292,237,0,237,6
2020-05-04,Napa,55,140530,83,72,0,72,2
2020-05-04,Nevada,57,99092,41,41,1,42,1
2020-05-04,Orange,59,3164182,4481,2931,14,2945,57
2020-05-04,Placer,61,380077,179,162,1,163,8
2020-05-04,Plumas,63,18699,4,4,0,4,0
2020-05-04,Riverside,65,2383286,5173,4221,7,4228,147
2020-05-04,Sacramento,67,1510023,1166,1119,0,1119,44
2020-05-04,San Benito,69,59416,52,49,0,49,2
2020-05-04,San Bernardino,71,2135413,3027,2184,0,2184,99
2020-05-04,San Diego,73,3302833,5103,4022,0,4022,144
2020-05-04,San Francisco,75,870044,1979,1760,0,1760,31
2020-05-04,San Joaquin,77,732212,624,574,3,577,26
2020-05-04,San Luis Obispo,79,281455,249,202,1,203,1
2020-05-04,San Mateo,81,765935,1553,1313,2,1315,53
2020-05-04,Santa Barbara,83,443738,1052,524,2,526,7
2020-05-04,Santa Clara,85,1922200,2556,2238,3,2241,119
2020-05-04,Santa Cruz,87,273765,142,133,0,133,2
2020-05-04,Shasta,89,179085,40,31,0,31,4
2020-05-04,Sierra,91,2930,0,0,0,0,0
2020-05-04,Siskiyou,93,43540,5,5,0,5,0
2020-05-04,Solano,95,438530,373,293,0,293,4
2020-05-04,Sonoma,97,501317,313,256,0,256,4
2020-05-04,Stanislaus,99,539301,512,422,4,426,8
2020-05-04,Sutter,101,95872,31,28,0,28,2
2020-05-04,Tehama,103,63373,2,1,0,1,1
2020-05-04,Trinity,105,12862,0,0,0,0,0
2020-05-04,Tulare,107,460477,1274,760,1,761,40
2020-05-04,Tuolumne,109,53932,3,3,0,3,0
2020-05-04,Ventura,111,848112,792,590,0,590,19
2020-05-04,Yolo,113,214977,183,171,0,171,18
2020-05-04,Yuba,115,75493,19,16,0,16,1
2020-05-03,Alameda,1,1643700,2105,1731,0,1731,64
2020-05-03,Alpine,3,1148,1,1,0,1,0
2020-05-03,Amador,5,37829,8,8,0,8,0
2020-05-03,Butte,7,227075,23,17,1,18,0
2020-05-03,Calaveras,9,45235,13,13,0,13,0
2020-05-03,Colusa,11,21464,3,3,0,3,0
2020-05-03,Contra Costa,13,1133247,1062,945,0,945,28
2020-05-03,Del Norte,15,27424,5,3,0,3,0
2020-05-03,El Dorado,17,186661,59,49,0,49,0
2020-05-03,Fresno,19,978130,1232,646,11,657,8
2020-05-03,Glenn,21,27897,7,5,0,5,0
2020-05-03,Humboldt,23,135768,60,54,0,54,0
2020-05-03,Imperial,25,180216,691,351,1,352,6
2020-05-03,Inyo,27,18085,19,20,0,20,1
2020-05-03,Kern,29,883053,1320,1025,1,1026,8
2020-05-03,Kings,31,150075,280,137,1,138,1
2020-05-03,Lake,33,64148,9,7,0,7,0
2020-05-03,Lassen,35,31185,1,0,1,1,0
2020-05-03,Los Angeles,37,10098052,32678,25708,20,25728,1210
2020-05-03,Madera,39,155013,93,46,0,46,2
2020-05-03,Marin,41,260295,253,243,1,244,13
2020-05-03,Mariposa,43,17540,15,13,0,13,0
2020-05-03,Mendocino,45,87422,11,10,0,10,0
2020-05-03,Merced,47,269075,212,134,0,134,3
2020-05-03,Modoc,49,8938,0,0,0,0,0
2020-05-03,Mono,51,14174,32,25,0,25,1
2020-05-03,Monterey,53,433212,283,235,0,235,6
2020-05-03,Napa,55,140530,83,72,0,72,2
2020-05-03,Nevada,57,99092,41,41,1,42,1
2020-05-03,Orange,59,3164182,4310,2859,13,2872,55
2020-05-03,Placer,61,380077,179,161,1,162,8
2020-05-03,Plumas,63,18699,4,4,0,4,0
2020-05-03,Riverside,65,2383286,5068,4034,7,4041,139
2020-05-03,Sacramento,67,1510023,1157,1109,0,1109,43
2020-05-03,San Benito,69,59416,52,49,0,49,2
2020-05-03,San Bernardino,71,2135413,2966,2123,0,2123,99
2020-05-03,San Diego,73,3302833,4966,3929,0,3929,142
2020-05-03,San Francisco,75,870044,1951,1692,0,1692,30
2020-05-03,San Joaquin,77,732212,617,570,3,573,26
2020-05-03,San Luis Obispo,79,281455,246,200,1,201,1
2020-05-03,San Mateo,81,765935,1525,1277,2,1279,53
2020-05-03,Santa Barbara,83,443738,686,512,2,514,7
2020-05-03,Santa Clara,85,1922200,2529,2235,3,2238,116
2020-05-03,Santa Cruz,87,273765,142,133,0,133,2
2020-05-03,Shasta,89,179085,38,31,0,31,4
2020-05-03,Sierra,91,2930,0,0,0,0,0
2020-05-03,Siskiyou,93,43540,5,5,0,5,0
2020-05-03,Solano,95,438530,363,266,0,266,4
2020-05-03,Sonoma,97,501317,304,254,0,254,4
2020-05-03,Stanislaus,99,539301,484,411,4,415,8
2020-05-03,Sutter,101,95872,30,28,0,28,2
2020-05-03,Tehama,103,63373,2,1,0,1,1
2020-05-03,Trinity,105,12862,0,0,0,0,0
2020-05-03,Tulare,107,460477,1196,736,1,737,40
2020-05-03,Tuolumne,109,53932,3,3,0,3,0
2020-05-03,Ventura,111,848112,761,583,0,583,19
2020-05-03,Yolo,113,214977,182,171,0,171,18
2020-05-03,Yuba,115,75493,19,16,0,16,1
2020-05-02,Alameda,1,1643700,2068,1678,0,1678,63
2020-05-02,Alpine,3,1148,1,1,0,1,0
2020-05-02,Amador,5,37829,8,8,0,8,0
2020-05-02,Butte,7,227075,23,17,1,18,0
2020-05-02,Calaveras,9,45235,13,13,0,13,0
2020-05-02,Colusa,11,21464,3,3,0,3,0
2020-05-02,Contra Costa,13,1133247,1045,929,0,929,28
2020-05-02,Del Norte,15,27424,5,3,0,3,0
2020-05-02,El Dorado,17,186661,59,47,0,47,0
2020-05-02,Fresno,19,978130,1211,629,10,639,8
2020-05-02,Glenn,21,27897,7,5,0,5,0
2020-05-02,Humboldt,23,135768,60,54,0,54,0
2020-05-02,Imperial,25,180216,664,345,1,346,6
2020-05-02,Inyo,27,18085,19,20,0,20,1
2020-05-02,Kern,29,883053,1294,1007,1,1008,8
2020-05-02,Kings,31,150075,277,120,1,121,1
2020-05-02,Lake,33,64148,9,7,0,7,0
2020-05-02,Lassen,35,31185,1,0,1,1,0
2020-05-02,Los Angeles,37,10098052,32148,24955,20,24975,1192
2020-05-02,Madera,39,155013,93,46,0,46,2
2020-05-02,Marin,41,260295,252,243,1,244,13
2020-05-02,Mariposa,43,17540,15,13,0,13,0
2020-05-02,Mendocino,45,87422,11,10,0,10,0
2020-05-02,Merced,47,269075,209,131,0,131,3
2020-05-02,Modoc,49,8938,0,0,0,0,0
2020-05-02,Mono,51,14174,32,25,0,25,1
2020-05-02,Monterey,53,433212,277,225,0,225,5
2020-05-02,Napa,55,140530,83,71,0,71,2
2020-05-02,Nevada,57,99092,41,41,1,42,1
2020-05-02,Orange,59,3164182,4196,2774,13,2787,52
2020-05-02,Placer,61,380077,177,150,1,151,8
2020-05-02,Plumas,63,18699,4,4,0,4,0
2020-05-02,Riverside,65,2383286,5002,3997,7,4004,137
2020-05-02,Sacramento,67,1510023,1154,1097,0,1097,43
2020-05-02,San Benito,69,59416,52,49,0,49,2
2020-05-02,San Bernardino,71,2135413,2927,2124,0,2124,99
2020-05-02,San Diego,73,3302833,4864,3844,0,3844,138
2020-05-02,San Francisco,75,870044,1928,1632,0,1632,29
2020-05-02,San Joaquin,77,732212,609,559,3,562,25
2020-05-02,San Luis Obispo,79,281455,240,193,1,194,1
2020-05-02,San Mateo,81,765935,1509,1272,2,1274,52
2020-05-02,Santa Barbara,83,443738,674,506,2,508,7
2020-05-02,Santa Clara,85,1922200,2519,2203,3,2206,115
2020-05-02,Santa Cruz,87,273765,141,131,0,131,2
2020-05-02,Shasta,89,179085,38,31,0,31,4
2020-05-02,Sierra,91,2930,0,0,0,0,0
2020-05-02,Siskiyou,93,43540,5,5,0,5,0
2020-05-02,Solano,95,438530,356,267,0,267,4
2020-05-02,Sonoma,97,501317,301,250,0,250,3
2020-05-02,Stanislaus,99,539301,476,388,4,392,8
2020-05-02,Sutter,101,95872,30,28,0,28,2
2020-05-02,Tehama,103,63373,2,1,0,1,1
2020-05-02,Trinity,105,12862,0,0,0,0,0
2020-05-02,Tulare,107,460477,1156,711,1,712,35
2020-05-02,Tuolumne,109,53932,3,3,0,3,0
2020-05-02,Ventura,111,848112,747,564,0,564,19
2020-05-02,Yolo,113,214977,182,169,0,169,17
2020-05-02,Yuba,115,75493,19,16,0,16,1
2020-05-01,Alameda,1,1643700,2032,1630,0,1630,63
2020-05-01,Alpine,3,1148,1,1,0,1,0
2020-05-01,Amador,5,37829,8,8,0,8,0
2020-05-01,Butte,7,227075,23,17,1,18,0
2020-05-01,Calaveras,9,45235,13,13,0,13,0
2020-05-01,Colusa,11,21464,3,3,0,3,0
2020-05-01,Contra Costa,13,1133247,1031,915,0,915,28
2020-05-01,Del Norte,15,27424,5,3,0,3,0
2020-05-01,El Dorado,17,186661,59,47,0,47,0
2020-05-01,Fresno,19,978130,1181,617,10,627,7
2020-05-01,Glenn,21,27897,7,4,0,4,0
2020-05-01,Humboldt,23,135768,60,54,0,54,0
2020-05-01,Imperial,25,180216,627,337,1,338,6
2020-05-01,Inyo,27,18085,19,20,0,20,1
2020-05-01,Kern,29,883053,1267,972,1,973,8
2020-05-01,Kings,31,150075,260,112,1,113,1
2020-05-01,Lake,33,64148,9,6,0,6,0
2020-05-01,Lassen,35,31185,1,0,1,1,0
2020-05-01,Los Angeles,37,10098052,31394,24306,20,24326,1155
2020-05-01,Madera,39,155013,89,46,0,46,2
2020-05-01,Marin,41,260295,252,242,1,243,13
2020-05-01,Mariposa,43,17540,15,10,0,10,0
2020-05-01,Mendocino,45,87422,11,11,0,11,0
2020-05-01,Merced,47,269075,206,131,0,131,3
2020-05-01,Modoc,49,8938,0,0,0,0,0
2020-05-01,Mono,51,14174,32,25,0,25,1
2020-05-01,Monterey,53,433212,273,222,0,222,5
2020-05-01,Napa,55,140530,83,69,0,69,2
2020-05-01,Nevada,57,99092,41,41,1,42,1
2020-05-01,Orange,59,3164182,4118,2660,12,2672,51
2020-05-01,Placer,61,380077,176,149,1,150,8
2020-05-01,Plumas,63,18699,4,4,0,4,0
2020-05-01,Riverside,65,2383286,4939,3893,7,3900,132
2020-05-01,Sacramento,67,1510023,1149,1081,0,1081,43
2020-05-01,San Benito,69,59416,52,49,0,49,2
2020-05-01,San Bernardino,71,2135413,2872,2084,0,2084,98
2020-05-01,San Diego,73,3302833,4774,3713,0,3713,134
2020-05-01,San Francisco,75,870044,1884,1552,0,1552,29
2020-05-01,San Joaquin,77,732212,605,554,3,557,25
2020-05-01,San Luis Obispo,79,281455,237,186,1,187,1
2020-05-01,San Mateo,81,765935,1487,1222,2,1224,52
2020-05-01,Santa Barbara,83,443738,666,499,2,501,7
2020-05-01,Santa Clara,85,1922200,2509,2176,3,2179,112
2020-05-01,Santa Cruz,87,273765,141,127,0,127,2
2020-05-01,Shasta,89,179085,38,31,0,31,4
2020-05-01,Sierra,91,2930,0,0,0,0,0
2020-05-01,Siskiyou,93,43540,5,5,0,5,0
2020-05-01,Solano,95,438530,348,266,0,266,4
2020-05-01,Sonoma,97,501317,298,242,0,242,3
2020-05-01,Stanislaus,99,539301,471,384,4,388,8
2020-05-01,Sutter,101,95872,30,28,0,28,2
2020-05-01,Tehama,103,63373,2,1,0,1,1
2020-05-01,Trinity,105,12862,0,0,0,0,0
2020-05-01,Tulare,107,460477,1112,685,1,686,32
2020-05-01,Tuolumne,109,53932,3,3,0,3,0
2020-05-01,Ventura,111,848112,734,556,0,556,18
2020-05-01,Yolo,113,214977,182,165,0,165,18
2020-05-01,Yuba,115,75493,19,16,0,16,1
2020-04-30,Alameda,1,1643700,1972,1599,0,1599,60
2020-04-30,Alpine,3,1148,1,1,0,1,0
2020-04-30,Amador,5,37829,8,8,0,8,0
2020-04-30,Butte,7,227075,23,16,1,17,0
2020-04-30,Calaveras,9,45235,13,13,0,13,0
2020-04-30,Colusa,11,21464,3,3,0,3,0
2020-04-30,Contra Costa,13,1133247,1009,900,0,900,25
2020-04-30,Del Norte,15,27424,4,3,0,3,0
2020-04-30,El Dorado,17,186661,59,44,0,44,0
2020-04-30,Fresno,19,978130,1119,562,7,569,7
2020-04-30,Glenn,21,27897,7,4,0,4,0
2020-04-30,Humboldt,23,135768,60,54,0,54,0
2020-04-30,Imperial,25,180216,580,322,1,323,6
2020-04-30,Inyo,27,18085,19,20,0,20,1
2020-04-30,Kern,29,883053,1236,941,1,942,8
2020-04-30,Kings,31,150075,248,87,1,88,1
2020-04-30,Lake,33,64148,9,6,0,6,0
2020-04-30,Lassen,35,31185,1,0,1,1,0
2020-04-30,Los Angeles,37,10098052,30387,23284,20,23304,1099
2020-04-30,Madera,39,155013,78,46,0,46,2
2020-04-30,Marin,41,260295,252,240,1,241,13
2020-04-30,Mariposa,43,17540,15,3,0,3,0
2020-04-30,Mendocino,45,87422,11,11,0,11,0
2020-04-30,Merced,47,269075,199,122,0,122,3
2020-04-30,Modoc,49,8938,0,0,0,0,0
2020-04-30,Mono,51,14174,31,25,0,25,1
2020-04-30,Monterey,53,433212,263,213,0,213,5
2020-04-30,Napa,55,140530,81,69,0,69,2
2020-04-30,Nevada,57,99092,41,41,1,42,1
2020-04-30,Orange,59,3164182,3904,2591,11,2602,46
2020-04-30,Placer,61,380077,175,148,1,149,8
2020-04-30,Plumas,63,18699,4,4,0,4,0
2020-04-30,Riverside,65,2383286,4839,3820,6,3826,124
2020-04-30,Sacramento,67,1510023,1143,1071,0,1071,43
2020-04-30,San Benito,69,59416,52,48,0,48,2
2020-04-30,San Bernardino,71,2135413,2671,2020,0,2020,96
2020-04-30,San Diego,73,3302833,4603,3566,0,3566,124
2020-04-30,San Francisco,75,870044,1850,1518,0,1518,26
2020-04-30,San Joaquin,77,732212,598,548,3,551,25
2020-04-30,San Luis Obispo,79,281455,234,182,1,183,1
2020-04-30,San Mateo,81,765935,1457,1194,2,1196,52
2020-04-30,Santa Barbara,83,443738,649,490,2,492,7
2020-04-30,Santa Clara,85,1922200,2474,2172,3,2175,111
2020-04-30,Santa Cruz,87,273765,140,126,0,126,2
2020-04-30,Shasta,89,179085,37,31,0,31,4
2020-04-30,Sierra,91,2930,0,0,0,0,0
2020-04-30,Siskiyou,93,43540,5,5,0,5,0
2020-04-30,Solano,95,438530,338,262,0,262,4
2020-04-30,Sonoma,97,501317,289,233,0,233,3
2020-04-30,Stanislaus,99,539301,464,378,4,382,7
2020-04-30,Sutter,101,95872,30,28,0,28,2
2020-04-30,Tehama,103,63373,1,1,0,1,1
2020-04-30,Trinity,105,12862,0,0,0,0,0
2020-04-30,Tulare,107,460477,1048,637,1,638,31
2020-04-30,Tuolumne,109,53932,3,3,0,3,0
2020-04-30,Ventura,111,848112,706,547,0,547,18
2020-04-30,Yolo,113,214977,181,164,0,164,16
2020-04-30,Yuba,115,75493,19,15,0,15,1
2020-04-29,Alameda,1,1643700,1914,1564,0,1564,60
2020-04-29,Alpine,3,1148,1,1,0,1,0
2020-04-29,Amador,5,37829,8,8,0,8,0
2020-04-29,Butte,7,227075,23,16,1,17,0
2020-04-29,Calaveras,9,45235,13,13,0,13,0
2020-04-29,Colusa,11,21464,3,3,0,3,0
2020-04-29,Contra Costa,13,1133247,990,885,0,885,25
2020-04-29,Del Norte,15,27424,4,3,0,3,0
2020-04-29,El Dorado,17,186661,57,44,0,44,0
2020-04-29,Fresno,19,978130,1067,544,7,551,7
2020-04-29,Glenn,21,27897,7,4,0,4,0
2020-04-29,Humboldt,23,135768,60,53,0,53,0
2020-04-29,Imperial,25,180216,551,300,1,301,6
2020-04-29,Inyo,27,18085,19,20,0,20,1
2020-04-29,Kern,29,883053,1193,910,1,911,6
2020-04-29,Kings,31,150075,229,80,1,81,1
2020-04-29,Lake,33,64148,9,6,0,6,0
2020-04-29,Lassen,35,31185,1,0,1,1,0
2020-04-29,Los Angeles,37,10098052,29412,22560,20,22580,1043
2020-04-29,Madera,39,155013,77,45,0,45,2
2020-04-29,Marin,41,260295,249,234,1,235,13
2020-04-29,Mariposa,43,17540,15,1,0,1,0
2020-04-29,Mendocino,45,87422,11,11,0,11,0
2020-04-29,Merced,47,269075,192,116,0,116,3
2020-04-29,Modoc,49,8938,0,0,0,0,0
2020-04-29,Mono,51,14174,31,25,0,25,1
2020-04-29,Monterey,53,433212,255,204,0,204,5
2020-04-29,Napa,55,140530,79,68,0,68,2
2020-04-29,Nevada,57,99092,41,41,1,42,1
2020-04-29,Orange,59,3164182,3774,2421,10,2431,43
2020-04-29,Placer,61,380077,173,145,1,146,8
2020-04-29,Plumas,63,18699,4,4,0,4,0
2020-04-29,Riverside,65,2383286,4763,3700,6,3706,116
2020-04-29,Sacramento,67,1510023,1121,1055,0,1055,41
2020-04-29,San Benito,69,59416,52,48,0,48,2
2020-04-29,San Bernardino,71,2135413,2584,1975,0,1975,91
2020-04-29,San Diego,73,3302833,4462,3434,0,3434,120
2020-04-29,San Francisco,75,870044,1821,1489,0,1489,23
2020-04-29,San Joaquin,77,732212,590,540,3,543,25
2020-04-29,San Luis Obispo,79,281455,232,181,1,182,1
2020-04-29,San Mateo,81,765935,1431,1170,2,1172,50
2020-04-29,Santa Barbara,83,443738,635,477,2,479,7
2020-04-29,Santa Clara,85,1922200,2456,2147,3,2150,108
2020-04-29,Santa Cruz,87,273765,139,124,0,124,2
2020-04-29,Shasta,89,179085,37,31,0,31,4
2020-04-29,Sierra,91,2930,0,0,0,0,0
2020-04-29,Siskiyou,93,43540,5,5,0,5,0
2020-04-29,Solano,95,438530,315,252,0,252,3
2020-04-29,Sonoma,97,501317,281,230,0,230,2
2020-04-29,Stanislaus,99,539301,451,374,4,378,5
2020-04-29,Sutter,101,95872,30,28,0,28,2
2020-04-29,Tehama,103,63373,1,1,0,1,1
2020-04-29,Trinity,105,12862,0,0,0,0,0
2020-04-29,Tulare,107,460477,978,615,1,616,30
2020-04-29,Tuolumne,109,53932,3,4,0,4,0
2020-04-29,Ventura,111,848112,683,530,0,530,18
2020-04-29,Yolo,113,214977,178,161,0,161,11
2020-04-29,Yuba,115,75493,19,15,0,15,1
2020-04-28,Alameda,1,1643700,1857,1525,0,1525,55
2020-04-28,Alpine,3,1148,1,1,0,1,0
2020-04-28,Amador,5,37829,8,8,0,8,0
2020-04-28,Butte,7,227075,23,16,1,17,0
2020-04-28,Calaveras,9,45235,13,13,0,13,0
2020-04-28,Colusa,11,21464,3,3,0,3,0
2020-04-28,Contra Costa,13,1133247,983,866,0,866,25
2020-04-28,Del Norte,15,27424,4,3,0,3,0
2020-04-28,El Dorado,17,186661,56,43,0,43,0
2020-04-28,Fresno,19,978130,1017,525,6,531,7
2020-04-28,Glenn,21,27897,5,4,0,4,0
2020-04-28,Humboldt,23,135768,59,53,0,53,0
2020-04-28,Imperial,25,180216,517,295,1,296,6
2020-04-28,Inyo,27,18085,19,20,0,20,1
2020-04-28,Kern,29,883053,1151,882,1,883,5
2020-04-28,Kings,31,150075,216,57,1,58,1
2020-04-28,Lake,33,64148,9,6,0,6,0
2020-04-28,Lassen,35,31185,1,0,1,1,0
2020-04-28,Los Angeles,37,10098052,28351,21029,20,21049,984
2020-04-28,Madera,39,155013,77,44,0,44,2
2020-04-28,Marin,41,260295,248,228,1,229,12
2020-04-28,Mariposa,43,17540,15,0,0,0,0
2020-04-28,Mendocino,45,87422,11,10,0,10,0
2020-04-28,Merced,47,269075,185,108,0,108,3
2020-04-28,Modoc,49,8938,0,0,0,0,0
2020-04-28,Mono,51,14174,31,25,0,25,1
2020-04-28,Monterey,53,433212,249,191,0,191,5
2020-04-28,Napa,55,140530,78,67,0,67,2
2020-04-28,Nevada,57,99092,41,41,1,42,1
2020-04-28,Orange,59,3164182,3611,2324,9,2333,42
2020-04-28,Placer,61,380077,163,143,1,144,8
2020-04-28,Plumas,63,18699,4,4,0,4,0
2020-04-28,Riverside,65,2383286,4668,3504,6,3510,113
2020-04-28,Sacramento,67,1510023,1107,1044,0,1044,41
2020-04-28,San Benito,69,59416,51,46,0,46,2
2020-04-28,San Bernardino,71,2135413,2507,1891,0,1891,89
2020-04-28,San Diego,73,3302833,4332,3316,0,3316,118
2020-04-28,San Francisco,75,870044,1786,1471,0,1471,23
2020-04-28,San Joaquin,77,732212,584,532,3,535,25
2020-04-28,San Luis Obispo,79,281455,226,172,1,173,1
2020-04-28,San Mateo,81,765935,1418,1129,2,1131,48
2020-04-28,Santa Barbara,83,443738,629,469,2,471,7
2020-04-28,Santa Clara,85,1922200,2426,2130,3,2133,106
2020-04-28,Santa Cruz,87,273765,139,123,0,123,2
2020-04-28,Shasta,89,179085,37,29,0,29,4
2020-04-28,Sierra,91,2930,0,0,0,0,0
2020-04-28,Siskiyou,93,43540,5,5,0,5,0
2020-04-28,Solano,95,438530,296,246,0,246,3
2020-04-28,Sonoma,97,501317,278,226,0,226,1
2020-04-28,Stanislaus,99,539301,435,330,4,334,5
2020-04-28,Sutter,101,95872,30,25,0,25,2
2020-04-28,Tehama,103,63373,1,1,0,1,1
2020-04-28,Trinity,105,12862,0,0,0,0,0
2020-04-28,Tulare,107,460477,884,579,1,580,30
2020-04-28,Tuolumne,109,53932,3,4,0,4,0
2020-04-28,Ventura,111,848112,666,517,0,517,17
2020-04-28,Yolo,113,214977,178,160,0,160,10
2020-04-28,Yuba,115,75493,19,15,0,15,1
2020-04-27,Alameda,1,1643700,1797,1494,0,1494,53
2020-04-27,Alpine,3,1148,1,1,0,1,0
2020-04-27,Amador,5,37829,8,8,0,8,0
2020-04-27,Butte,7,227075,22,16,1,17,0
2020-04-27,Calaveras,9,45235,13,13,0,13,0
2020-04-27,Colusa,11,21464,3,3,0,3,0
2020-04-27,Contra Costa,13,1133247,971,843,0,843,25
2020-04-27,Del Norte,15,27424,4,3,0,3,0
2020-04-27,El Dorado,17,186661,55,43,0,43,0
2020-04-27,Fresno,19,978130,914,504,5,509,7
2020-04-27,Glenn,21,27897,5,4,0,4,0
2020-04-27,Humboldt,23,135768,59,52,0,52,0
2020-04-27,Imperial,25,180216,487,290,1,291,6
2020-04-27,Inyo,27,18085,19,20,0,20,1
2020-04-27,Kern,29,883053,1113,865,1,866,4
2020-04-27,Kings,31,150075,193,48,1,49,1
2020-04-27,Lake,33,64148,8,6,0,6,0
2020-04-27,Lassen,35,31185,1,0,1,1,0
2020-04-27,Los Angeles,37,10098052,27338,20456,20,20476,931
2020-04-27,Madera,39,155013,75,42,0,42,2
2020-04-27,Marin,41,260295,243,227,1,228,12
2020-04-27,Mariposa,43,17540,14,0,0,0,0
2020-04-27,Mendocino,45,87422,11,10,0,10,0
2020-04-27,Merced,47,269075,182,108,0,108,3
2020-04-27,Modoc,49,8938,0,0,0,0,0
2020-04-27,Mono,51,14174,31,23,0,23,1
2020-04-27,Monterey,53,433212,242,185,0,185,4
2020-04-27,Napa,55,140530,75,64,0,64,2
2020-04-27,Nevada,57,99092,41,39,1,40,1
2020-04-27,Orange,59,3164182,3443,2198,9,2207,42
2020-04-27,Placer,61,380077,163,142,1,143,8
2020-04-27,Plumas,63,18699,4,4,0,4,0
2020-04-27,Riverside,65,2383286,4545,3381,6,3387,100
2020-04-27,Sacramento,67,1510023,1092,1035,0,1035,41
2020-04-27,San Benito,69,59416,49,45,0,45,2
2020-04-27,San Bernardino,71,2135413,2393,1742,0,1742,82
2020-04-27,San Diego,73,3302833,4206,3143,0,3143,113
2020-04-27,San Francisco,75,870044,1732,1453,0,1453,23
2020-04-27,San Joaquin,77,732212,578,522,3,525,25
2020-04-27,San Luis Obispo,79,281455,219,166,1,167,1
2020-04-27,San Mateo,81,765935,1396,1092,2,1094,46
2020-04-27,Santa Barbara,83,443738,616,466,2,468,7
2020-04-27,Santa Clara,85,1922200,2406,2104,2,2106,105
2020-04-27,Santa Cruz,87,273765,139,123,0,123,2
2020-04-27,Shasta,89,179085,37,29,0,29,4
2020-04-27,Sierra,91,2930,0,0,0,0,0
2020-04-27,Siskiyou,93,43540,5,5,0,5,0
2020-04-27,Solano,95,438530,296,222,0,222,3
2020-04-27,Sonoma,97,501317,269,220,0,220,1
2020-04-27,Stanislaus,99,539301,419,316,4,320,5
2020-04-27,Sutter,101,95872,29,26,0,26,2
2020-04-27,Tehama,103,63373,1,1,0,1,1
2020-04-27,Trinity,105,12862,0,0,0,0,0
2020-04-27,Tulare,107,460477,813,535,1,536,28
2020-04-27,Tuolumne,109,53932,3,3,0,3,0
2020-04-27,Ventura,111,848112,649,513,0,513,17
2020-04-27,Yolo,113,214977,175,160,0,160,9
2020-04-27,Yuba,115,75493,19,15,0,15,1
2020-04-26,Alameda,1,1643700,1736,1449,0,1449,52
2020-04-26,Alpine,3,1148,1,1,0,1,0
2020-04-26,Amador,5,37829,8,8,0,8,0
2020-04-26,Butte,7,227075,22,16,1,17,0
2020-04-26,Calaveras,9,45235,13,13,0,13,0
2020-04-26,Colusa,11,21464,3,3,0,3,0
2020-04-26,Contra Costa,13,1133247,955,830,0,830,25
2020-04-26,Del Norte,15,27424,3,3,0,3,0
2020-04-26,El Dorado,17,186661,53,41,0,41,0
2020-04-26,Fresno,19,978130,823,476,5,481,7
2020-04-26,Glenn,21,27897,5,4,0,4,0
2020-04-26,Humboldt,23,135768,59,53,0,53,0
2020-04-26,Imperial,25,180216,453,272,1,273,6
2020-04-26,Inyo,27,18085,19,20,0,20,1
2020-04-26,Kern,29,883053,1063,831,1,832,4
2020-04-26,Kings,31,150075,168,33,1,34,1
2020-04-26,Lake,33,64148,8,6,0,6,0
2020-04-26,Lassen,35,31185,1,0,1,1,0
2020-04-26,Los Angeles,37,10098052,26191,19570,20,19590,901
2020-04-26,Madera,39,155013,74,39,0,39,2
2020-04-26,Marin,41,260295,237,225,1,226,12
2020-04-26,Mariposa,43,17540,14,0,0,0,0
2020-04-26,Mendocino,45,87422,11,5,0,5,0
2020-04-26,Merced,47,269075,166,104,0,104,3
2020-04-26,Modoc,49,8938,0,0,0,0,0
2020-04-26,Mono,51,14174,31,23,0,23,1
2020-04-26,Monterey,53,433212,235,182,0,182,4
2020-04-26,Napa,55,140530,74,62,0,62,2
2020-04-26,Nevada,57,99092,41,37,1,38,1
2020-04-26,Orange,59,3164182,3278,2124,9,2133,40
2020-04-26,Placer,61,380077,163,141,1,142,8
2020-04-26,Plumas,63,18699,4,4,0,4,0
2020-04-26,Riverside,65,2383286,4404,3301,6,3307,95
2020-04-26,Sacramento,67,1510023,1083,1027,0,1027,41
2020-04-26,San Benito,69,59416,49,45,0,45,2
2020-04-26,San Bernardino,71,2135413,2296,1681,0,1681,82
2020-04-26,San Diego,73,3302833,4064,3045,0,3045,111
2020-04-26,San Francisco,75,870044,1693,1403,0,1403,23
2020-04-26,San Joaquin,77,732212,570,514,3,517,25
2020-04-26,San Luis Obispo,79,281455,216,165,1,166,1
2020-04-26,San Mateo,81,765935,1370,1070,2,1072,46
2020-04-26,Santa Barbara,83,443738,604,464,2,466,7
2020-04-26,Santa Clara,85,1922200,2387,2097,1,2098,102
2020-04-26,Santa Cruz,87,273765,139,116,0,116,2
2020-04-26,Shasta,89,179085,34,29,0,29,4
2020-04-26,Sierra,91,2930,0,0,0,0,0
2020-04-26,Siskiyou,93,43540,5,5,0,5,0
2020-04-26,Solano,95,438530,287,205,0,205,3
2020-04-26,Sonoma,97,501317,258,216,0,216,1
2020-04-26,Stanislaus,99,539301,404,294,4,298,4
2020-04-26,Sutter,101,95872,29,26,0,26,2
2020-04-26,Tehama,103,63373,1,1,0,1,1
2020-04-26,Trinity,105,12862,0,0,0,0,0
2020-04-26,Tulare,107,460477,756,497,1,498,28
2020-04-26,Tuolumne,109,53932,3,3,0,3,0
2020-04-26,Ventura,111,848112,634,509,0,509,17
2020-04-26,Yolo,113,214977,174,158,0,158,8
2020-04-26,Yuba,115,75493,18,15,0,15,1
2020-04-25,Alameda,1,1643700,1711,1396,0,1396,52
2020-04-25,Alpine,3,1148,1,1,0,1,0
2020-04-25,Amador,5,37829,8,8,0,8,0
2020-04-25,Butte,7,227075,21,16,1,17,0
2020-04-25,Calaveras,9,45235,13,12,0,12,0
2020-04-25,Colusa,11,21464,3,3,0,3,0
2020-04-25,Contra Costa,13,1133247,941,821,0,821,24
2020-04-25,Del Norte,15,27424,2,2,0,2,0
2020-04-25,El Dorado,17,186661,52,41,0,41,0
2020-04-25,Fresno,19,978130,793,459,4,463,7
2020-04-25,Glenn,21,27897,5,4,0,4,0
2020-04-25,Humboldt,23,135768,59,53,0,53,0
2020-04-25,Imperial,25,180216,436,232,1,233,6
2020-04-25,Inyo,27,18085,19,20,0,20,1
2020-04-25,Kern,29,883053,1032,802,1,803,4
2020-04-25,Kings,31,150075,156,33,1,34,1
2020-04-25,Lake,33,64148,6,6,0,6,0
2020-04-25,Lassen,35,31185,1,0,1,1,0
2020-04-25,Los Angeles,37,10098052,25557,19144,20,19164,881
2020-04-25,Madera,39,155013,71,39,0,39,2
2020-04-25,Marin,41,260295,237,215,1,216,12
2020-04-25,Mariposa,43,17540,14,0,0,0,0
2020-04-25,Mendocino,45,87422,10,5,0,5,0
2020-04-25,Merced,47,269075,166,103,0,103,3
2020-04-25,Modoc,49,8938,0,0,0,0,0
2020-04-25,Mono,51,14174,31,23,0,23,1
2020-04-25,Monterey,53,433212,233,173,0,173,4
2020-04-25,Napa,55,140530,74,60,0,60,2
2020-04-25,Nevada,57,99092,41,37,1,38,1
2020-04-25,Orange,59,3164182,3172,2047,9,2056,40
2020-04-25,Placer,61,380077,163,137,1,138,8
2020-04-25,Plumas,63,18699,4,4,0,4,0
2020-04-25,Riverside,65,2383286,4316,3037,6,3043,93
2020-04-25,Sacramento,67,1510023,1081,1015,0,1015,41
2020-04-25,San Benito,69,59416,49,45,0,45,2
2020-04-25,San Bernardino,71,2135413,2251,1675,0,1675,82
2020-04-25,San Diego,73,3302833,3964,2945,0,2945,111
2020-04-25,San Francisco,75,870044,1668,1341,0,1341,22
2020-04-25,San Joaquin,77,732212,563,497,3,500,24
2020-04-25,San Luis Obispo,79,281455,215,159,1,160,1
2020-04-25,San Mateo,81,765935,1352,1054,2,1056,46
2020-04-25,Santa Barbara,83,443738,596,457,2,459,7
2020-04-25,Santa Clara,85,1922200,2371,2045,1,2046,99
2020-04-25,Santa Cruz,87,273765,139,112,0,112,2
2020-04-25,Shasta,89,179085,34,29,0,29,4
2020-04-25,Sierra,91,2930,0,0,0,0,0
2020-04-25,Siskiyou,93,43540,5,5,0,5,0
2020-04-25,Solano,95,438530,283,203,0,203,3
2020-04-25,Sonoma,97,501317,254,199,0,199,1
2020-04-25,Stanislaus,99,539301,396,276,4,280,4
2020-04-25,Sutter,101,95872,29,24,0,24,2
2020-04-25,Tehama,103,63373,1,1,0,1,1
2020-04-25,Trinity,105,12862,0,0,0,0,0
2020-04-25,Tulare,107,460477,723,478,1,479,28
2020-04-25,Tuolumne,109,53932,3,2,0,2,0
2020-04-25,Ventura,111,848112,620,494,0,494,16
2020-04-25,Yolo,113,214977,174,157,0,157,8
2020-04-25,Yuba,115,75493,17,15,0,15,1
2020-04-24,Alameda,1,1643700,1680,1385,0,1385,50
2020-04-24,Alpine,3,1148,1,1,0,1,0
2020-04-24,Amador,5,37829,8,8,0,8,0
2020-04-24,Butte,7,227075,21,15,1,16,0
2020-04-24,Calaveras,9,45235,13,12,0,12,0
2020-04-24,Colusa,11,21464,3,3,0,3,0
2020-04-24,Contra Costa,13,1133247,932,806,0,806,23
2020-04-24,Del Norte,15,27424,2,2,0,2,0
2020-04-24,El Dorado,17,186661,51,41,0,41,0
2020-04-24,Fresno,19,978130,774,449,4,453,7
2020-04-24,Glenn,21,27897,5,4,0,4,0
2020-04-24,Humboldt,23,135768,59,53,0,53,0
2020-04-24,Imperial,25,180216,420,232,1,233,6
2020-04-24,Inyo,27,18085,19,20,0,20,0
2020-04-24,Kern,29,883053,1008,770,1,771,4
2020-04-24,Kings,31,150075,127,30,1,31,1
2020-04-24,Lake,33,64148,6,6,0,6,0
2020-04-24,Lassen,35,31185,1,0,1,1,0
2020-04-24,Los Angeles,37,10098052,24625,18553,20,18573,836
2020-04-24,Madera,39,155013,71,39,0,39,2
2020-04-24,Marin,41,260295,237,211,1,212,11
2020-04-24,Mariposa,43,17540,8,0,0,0,0
2020-04-24,Mendocino,45,87422,10,5,0,5,0
2020-04-24,Merced,47,269075,163,102,0,102,3
2020-04-24,Modoc,49,8938,0,0,0,0,0
2020-04-24,Mono,51,14174,30,23,0,23,1
2020-04-24,Monterey,53,433212,226,167,0,167,4
2020-04-24,Napa,55,140530,73,59,0,59,2
2020-04-24,Nevada,57,99092,41,36,1,37,1
2020-04-24,Orange,59,3164182,3064,1945,9,1954,39
2020-04-24,Placer,61,380077,161,137,1,138,8
2020-04-24,Plumas,63,18699,4,4,0,4,0
2020-04-24,Riverside,65,2383286,4235,3044,6,3050,87
2020-04-24,Sacramento,67,1510023,1075,1009,0,1009,41
2020-04-24,San Benito,69,59416,49,45,0,45,2
2020-04-24,San Bernardino,71,2135413,2216,1667,0,1667,80
2020-04-24,San Diego,73,3302833,3853,2828,0,2828,102
2020-04-24,San Francisco,75,870044,1610,1345,0,1345,22
2020-04-24,San Joaquin,77,732212,556,484,3,487,24
2020-04-24,San Luis Obispo,79,281455,212,151,1,152,1
2020-04-24,San Mateo,81,765935,1329,1004,2,1006,43
2020-04-24,Santa Barbara,83,443738,589,450,2,452,6
2020-04-24,Santa Clara,85,1922200,2344,2026,1,2027,98
2020-04-24,Santa Cruz,87,273765,135,111,0,111,2
2020-04-24,Shasta,89,179085,34,28,0,28,4
2020-04-24,Sierra,91,2930,0,0,0,0,0
2020-04-24,Siskiyou,93,43540,5,5,0,5,0
2020-04-24,Solano,95,438530,281,203,0,203,3
2020-04-24,Sonoma,97,501317,250,199,0,199,1
2020-04-24,Stanislaus,99,539301,393,273,4,277,4
2020-04-24,Sutter,101,95872,28,24,0,24,2
2020-04-24,Tehama,103,63373,1,1,0,1,1
2020-04-24,Trinity,105,12862,0,0,0,0,0
2020-04-24,Tulare,107,460477,695,459,1,460,27
2020-04-24,Tuolumne,109,53932,3,2,0,2,0
2020-04-24,Ventura,111,848112,611,489,0,489,16
2020-04-24,Yolo,113,214977,173,155,0,155,8
2020-04-24,Yuba,115,75493,16,15,0,15,1
2020-04-23,Alameda,1,1643700,1642,1336,0,1336,46
2020-04-23,Alpine,3,1148,1,1,0,1,0
2020-04-23,Amador,5,37829,8,8,0,8,0
2020-04-23,Butte,7,227075,20,15,1,16,0
2020-04-23,Calaveras,9,45235,13,12,0,12,0
2020-04-23,Colusa,11,21464,3,3,0,3,0
2020-04-23,Contra Costa,13,1133247,911,786,0,786,23
2020-04-23,Del Norte,15,27424,2,2,0,2,0
2020-04-23,El Dorado,17,186661,50,39,0,39,0
2020-04-23,Fresno,19,978130,737,426,4,430,7
2020-04-23,Glenn,21,27897,5,3,0,3,0
2020-04-23,Humboldt,23,135768,59,53,0,53,0
2020-04-23,Imperial,25,180216,400,181,1,182,4
2020-04-23,Inyo,27,18085,19,19,0,19,0
2020-04-23,Kern,29,883053,960,732,1,733,4
2020-04-23,Kings,31,150075,112,28,1,29,1
2020-04-23,Lake,33,64148,6,6,0,6,0
2020-04-23,Lassen,35,31185,1,0,1,1,0
2020-04-23,Los Angeles,37,10098052,23566,17548,19,17567,784
2020-04-23,Madera,39,155013,70,37,0,37,2
2020-04-23,Marin,41,260295,224,209,1,210,11
2020-04-23,Mariposa,43,17540,7,0,0,0,0
2020-04-23,Mendocino,45,87422,8,5,0,5,0
2020-04-23,Merced,47,269075,159,98,0,98,3
2020-04-23,Modoc,49,8938,0,0,0,0,0
2020-04-23,Mono,51,14174,30,23,0,23,1
2020-04-23,Monterey,53,433212,222,161,0,161,4
2020-04-23,Napa,55,140530,66,59,0,59,2
2020-04-23,Nevada,57,99092,41,36,1,37,1
2020-04-23,Orange,59,3164182,2886,1841,8,1849,37
2020-04-23,Placer,61,380077,158,136,1,137,8
2020-04-23,Plumas,63,18699,4,4,0,4,0
2020-04-23,Riverside,65,2383286,4122,2935,6,2941,78
2020-04-23,Sacramento,67,1510023,1063,978,0,978,41
2020-04-23,San Benito,69,59416,46,43,0,43,2
2020-04-23,San Bernardino,71,2135413,2151,1604,0,1604,79
2020-04-23,San Diego,73,3302833,3692,2645,0,2645,100
2020-04-23,San Francisco,75,870044,1584,1312,0,1312,21
2020-04-23,San Joaquin,77,732212,546,479,3,482,20
2020-04-23,San Luis Obispo,79,281455,208,146,1,147,1
2020-04-23,San Mateo,81,765935,1289,970,2,972,42
2020-04-23,Santa Barbara,83,443738,579,445,2,447,6
2020-04-23,Santa Clara,85,1922200,2314,1996,1,1997,95
2020-04-23,Santa Cruz,87,273765,134,110,0,110,2
2020-04-23,Shasta,89,179085,34,27,0,27,3
2020-04-23,Sierra,91,2930,0,0,0,0,0
2020-04-23,Siskiyou,93,43540,5,5,0,5,0
2020-04-23,Solano,95,438530,267,196,0,196,3
2020-04-23,Sonoma,97,501317,238,187,0,187,1
2020-04-23,Stanislaus,99,539301,389,254,4,258,4
2020-04-23,Sutter,101,95872,28,24,0,24,2
2020-04-23,Tehama,103,63373,1,1,0,1,1
2020-04-23,Trinity,105,12862,0,0,0,0,0
2020-04-23,Tulare,107,460477,666,440,1,441,25
2020-04-23,Tuolumne,109,53932,3,2,0,2,0
2020-04-23,Ventura,111,848112,597,479,0,479,16
2020-04-23,Yolo,113,214977,170,151,0,151,8
2020-04-23,Yuba,115,75493,16,15,0,15,1
2020-04-22,Alameda,1,1643700,1593,1275,0,1275,46
2020-04-22,Alpine,3,1148,1,1,0,1,0
2020-04-22,Amador,5,37829,8,7,0,7,0
2020-04-22,Butte,7,227075,20,15,1,16,0
2020-04-22,Calaveras,9,45235,13,12,0,12,0
2020-04-22,Colusa,11,21464,3,3,0,3,0
2020-04-22,Contra Costa,13,1133247,896,772,0,772,22
2020-04-22,Del Norte,15,27424,2,2,0,2,0
2020-04-22,El Dorado,17,186661,50,39,0,39,0
2020-04-22,Fresno,19,978130,701,388,4,392,7
2020-04-22,Glenn,21,27897,5,3,0,3,0
2020-04-22,Humboldt,23,135768,59,53,0,53,0
2020-04-22,Imperial,25,180216,389,170,1,171,3
2020-04-22,Inyo,27,18085,19,18,0,18,0
2020-04-22,Kern,29,883053,938,713,1,714,4
2020-04-22,Kings,31,150075,91,28,1,29,1
2020-04-22,Lake,33,64148,6,6,0,6,0
2020-04-22,Lassen,35,31185,1,0,1,1,0
2020-04-22,Los Angeles,37,10098052,22537,16400,19,16419,715
2020-04-22,Madera,39,155013,69,37,0,37,2
2020-04-22,Marin,41,260295,222,202,1,203,11
2020-04-22,Mariposa,43,17540,6,0,0,0,0
2020-04-22,Mendocino,45,87422,5,5,0,5,0
2020-04-22,Merced,47,269075,147,92,0,92,3
2020-04-22,Modoc,49,8938,0,0,0,0,0
2020-04-22,Mono,51,14174,29,23,0,23,1
2020-04-22,Monterey,53,433212,215,154,0,154,4
2020-04-22,Napa,55,140530,65,58,0,58,2
2020-04-22,Nevada,57,99092,41,36,1,37,1
2020-04-22,Orange,59,3164182,2793,1785,8,1793,36
2020-04-22,Placer,61,380077,156,133,1,134,8
2020-04-22,Plumas,63,18699,4,4,0,4,0
2020-04-22,Riverside,65,2383286,4019,2822,6,2828,76
2020-04-22,Sacramento,67,1510023,1058,959,0,959,36
2020-04-22,San Benito,69,59416,45,43,0,43,2
2020-04-22,San Bernardino,71,2135413,2088,1564,0,1564,74
2020-04-22,San Diego,73,3302833,3564,2493,0,2493,96
2020-04-22,San Francisco,75,870044,1547,1255,0,1255,21
2020-04-22,San Joaquin,77,732212,535,462,3,465,20
2020-04-22,San Luis Obispo,79,281455,199,142,1,143,1
2020-04-22,San Mateo,81,765935,1266,945,2,947,40
2020-04-22,Santa Barbara,83,443738,571,437,2,439,6
2020-04-22,Santa Clara,85,1922200,2301,1969,1,1970,95
2020-04-22,Santa Cruz,87,273765,130,106,0,106,2
2020-04-22,Shasta,89,179085,33,26,0,26,3
2020-04-22,Sierra,91,2930,0,0,0,0,0
2020-04-22,Siskiyou,93,43540,5,5,0,5,0
2020-04-22,Solano,95,438530,248,195,0,195,3
2020-04-22,Sonoma,97,501317,235,185,0,185,1
2020-04-22,Stanislaus,99,539301,333,247,4,251,4
2020-04-22,Sutter,101,95872,28,22,0,22,2
2020-04-22,Tehama,103,63373,1,1,0,1,1
2020-04-22,Trinity,105,12862,0,0,0,0,0
2020-04-22,Tulare,107,460477,633,425,1,426,23
2020-04-22,Tuolumne,109,53932,3,2,0,2,0
2020-04-22,Ventura,111,848112,587,465,0,465,15
2020-04-22,Yolo,113,214977,170,147,0,147,8
2020-04-22,Yuba,115,75493,16,15,0,15,1
2020-04-21,Alameda,1,1643700,1563,1234,0,1234,46
2020-04-21,Alpine,3,1148,1,1,0,1,0
2020-04-21,Amador,5,37829,8,7,0,7,0
2020-04-21,Butte,7,227075,19,15,1,16,0
2020-04-21,Calaveras,9,45235,12,12,0,12,0
2020-04-21,Colusa,11,21464,3,3,0,3,0
2020-04-21,Contra Costa,13,1133247,882,766,0,766,22
2020-04-21,Del Norte,15,27424,2,2,0,2,0
2020-04-21,El Dorado,17,186661,50,36,0,36,0
2020-04-21,Fresno,19,978130,667,372,4,376,7
2020-04-21,Glenn,21,27897,5,3,0,3,0
2020-04-21,Humboldt,23,135768,58,53,0,53,0
2020-04-21,Imperial,25,180216,369,165,1,166,2
2020-04-21,Inyo,27,18085,19,18,0,18,0
2020-04-21,Kern,29,883053,896,676,1,677,4
2020-04-21,Kings,31,150075,78,28,1,29,1
2020-04-21,Lake,33,64148,6,6,0,6,0
2020-04-21,Lassen,35,31185,1,0,1,1,0
2020-04-21,Los Angeles,37,10098052,21678,15096,19,15115,650
2020-04-21,Madera,39,155013,69,37,0,37,2
2020-04-21,Marin,41,260295,216,202,1,203,10
2020-04-21,Mariposa,43,17540,5,0,0,0,0
2020-04-21,Mendocino,45,87422,5,5,0,5,0
2020-04-21,Merced,47,269075,143,89,0,89,3
2020-04-21,Modoc,49,8938,0,0,0,0,0
2020-04-21,Mono,51,14174,29,23,0,23,1
2020-04-21,Monterey,53,433212,212,151,0,151,4
2020-04-21,Napa,55,140530,64,58,0,58,2
2020-04-21,Nevada,57,99092,41,36,1,37,1
2020-04-21,Orange,59,3164182,2671,1717,7,1724,36
2020-04-21,Placer,61,380077,154,133,0,133,8
2020-04-21,Plumas,63,18699,4,4,0,4,0
2020-04-21,Riverside,65,2383286,3888,2631,6,2637,68
2020-04-21,Sacramento,67,1510023,1048,941,0,941,33
2020-04-21,San Benito,69,59416,44,43,0,43,2
2020-04-21,San Bernardino,71,2135413,2027,1499,0,1499,71
2020-04-21,San Diego,73,3302833,3408,2436,0,2436,87
2020-04-21,San Francisco,75,870044,1517,1232,0,1232,20
2020-04-21,San Joaquin,77,732212,525,447,3,450,20
2020-04-21,San Luis Obispo,79,281455,195,134,1,135,1
2020-04-21,San Mateo,81,765935,1220,933,2,935,34
2020-04-21,Santa Barbara,83,443738,560,414,1,415,5
2020-04-21,Santa Clara,85,1922200,2260,1943,1,1944,91
2020-04-21,Santa Cruz,87,273765,128,104,0,104,2
2020-04-21,Shasta,89,179085,32,26,0,26,3
2020-04-21,Sierra,91,2930,0,0,0,0,0
2020-04-21,Siskiyou,93,43540,5,5,0,5,0
2020-04-21,Solano,95,438530,240,193,0,193,3
2020-04-21,Sonoma,97,501317,225,182,0,182,1
2020-04-21,Stanislaus,99,539301,314,235,4,239,4
2020-04-21,Sutter,101,95872,28,22,0,22,2
2020-04-21,Tehama,103,63373,1,1,0,1,1
2020-04-21,Trinity,105,12862,0,0,0,0,0
2020-04-21,Tulare,107,460477,598,410,1,411,23
2020-04-21,Tuolumne,109,53932,3,2,0,2,0
2020-04-21,Ventura,111,848112,575,455,0,455,14
2020-04-21,Yolo,113,214977,168,143,0,143,8
2020-04-21,Yuba,115,75493,16,15,0,15,1
2020-04-20,Alameda,1,1643700,1530,1181,0,1181,42
2020-04-20,Alpine,3,1148,1,1,0,1,0
2020-04-20,Amador,5,37829,8,7,0,7,0
2020-04-20,Butte,7,227075,19,15,1,16,0
2020-04-20,Calaveras,9,45235,12,12,0,12,0
2020-04-20,Colusa,11,21464,3,3,0,3,0
2020-04-20,Contra Costa,13,1133247,872,753,0,753,22
2020-04-20,Del Norte,15,27424,2,2,0,2,0
2020-04-20,El Dorado,17,186661,50,36,0,36,0
2020-04-20,Fresno,19,978130,649,356,4,360,7
2020-04-20,Glenn,21,27897,4,3,0,3,0
2020-04-20,Humboldt,23,135768,58,53,0,53,0
2020-04-20,Imperial,25,180216,349,149,1,150,2
2020-04-20,Inyo,27,18085,19,17,0,17,0
2020-04-20,Kern,29,883053,864,651,1,652,3
2020-04-20,Kings,31,150075,67,19,1,20,1
2020-04-20,Lake,33,64148,6,6,0,6,0
2020-04-20,Lassen,35,31185,1,0,1,1,0
2020-04-20,Los Angeles,37,10098052,20764,13787,19,13806,608
2020-04-20,Madera,39,155013,68,35,0,35,2
2020-04-20,Marin,41,260295,212,200,1,201,10
2020-04-20,Mariposa,43,17540,5,0,0,0,0
2020-04-20,Mendocino,45,87422,5,5,0,5,0
2020-04-20,Merced,47,269075,136,88,0,88,3
2020-04-20,Modoc,49,8938,0,0,0,0,0
2020-04-20,Mono,51,14174,29,23,0,23,1
2020-04-20,Monterey,53,433212,203,147,0,147,4
2020-04-20,Napa,55,140530,64,55,0,55,2
2020-04-20,Nevada,57,99092,41,34,1,35,1
2020-04-20,Orange,59,3164182,2590,1679,7,1686,33
2020-04-20,Placer,61,380077,153,132,0,132,8
2020-04-20,Plumas,63,18699,4,4,0,4,0
2020-04-20,Riverside,65,2383286,3763,2477,6,2483,61
2020-04-20,Sacramento,67,1510023,1037,924,0,924,32
2020-04-20,San Benito,69,59416,44,43,0,43,2
2020-04-20,San Bernardino,71,2135413,1940,1344,0,1344,63
2020-04-20,San Diego,73,3302833,3267,2327,0,2327,72
2020-04-20,San Francisco,75,870044,1485,1223,0,1223,19
2020-04-20,San Joaquin,77,732212,521,422,3,425,17
2020-04-20,San Luis Obispo,79,281455,181,132,1,133,1
2020-04-20,San Mateo,81,765935,1197,890,2,892,31
2020-04-20,Santa Barbara,83,443738,549,388,1,389,4
2020-04-20,Santa Clara,85,1922200,2236,1920,1,1921,84
2020-04-20,Santa Cruz,87,273765,126,102,0,102,2
2020-04-20,Shasta,89,179085,32,26,0,26,3
2020-04-20,Sierra,91,2930,0,0,0,0,0
2020-04-20,Siskiyou,93,43540,5,5,0,5,0
2020-04-20,Solano,95,438530,237,185,0,185,2
2020-04-20,Sonoma,97,501317,217,178,0,178,1
2020-04-20,Stanislaus,99,539301,300,228,4,232,3
2020-04-20,Sutter,101,95872,27,22,0,22,2
2020-04-20,Tehama,103,63373,1,1,0,1,1
2020-04-20,Trinity,105,12862,0,0,0,0,0
2020-04-20,Tulare,107,460477,587,401,1,402,20
2020-04-20,Tuolumne,109,53932,3,2,0,2,0
2020-04-20,Ventura,111,848112,563,426,0,426,13
2020-04-20,Yolo,113,214977,167,125,0,125,5
2020-04-20,Yuba,115,75493,16,15,0,15,1
2020-04-19,Alameda,1,1643700,1480,1134,0,1134,41
2020-04-19,Alpine,3,1148,1,1,0,1,0
2020-04-19,Amador,5,37829,7,7,0,7,0
2020-04-19,Butte,7,227075,19,15,1,16,0
2020-04-19,Calaveras,9,45235,12,12,0,12,0
2020-04-19,Colusa,11,21464,3,3,0,3,0
2020-04-19,Contra Costa,13,1133247,858,731,0,731,20
2020-04-19,Del Norte,15,27424,2,2,0,2,0
2020-04-19,El Dorado,17,186661,50,36,0,36,0
2020-04-19,Fresno,19,978130,613,326,4,330,7
2020-04-19,Glenn,21,27897,4,3,0,3,0
2020-04-19,Humboldt,23,135768,58,53,0,53,0
2020-04-19,Imperial,25,180216,323,144,0,144,2
2020-04-19,Inyo,27,18085,19,17,0,17,0
2020-04-19,Kern,29,883053,839,629,1,630,3
2020-04-19,Kings,31,150075,57,17,1,18,1
2020-04-19,Lake,33,64148,6,6,0,6,0
2020-04-19,Lassen,35,31185,1,0,1,1,0
2020-04-19,Los Angeles,37,10098052,19768,12299,19,12318,589
2020-04-19,Madera,39,155013,66,34,0,34,2
2020-04-19,Marin,41,260295,211,194,1,195,10
2020-04-19,Mariposa,43,17540,2,0,0,0,0
2020-04-19,Mendocino,45,87422,5,4,0,4,0
2020-04-19,Merced,47,269075,131,85,0,85,3
2020-04-19,Modoc,49,8938,0,0,0,0,0
2020-04-19,Mono,51,14174,29,23,0,23,1
2020-04-19,Monterey,53,433212,195,140,0,140,4
2020-04-19,Napa,55,140530,62,49,0,49,2
2020-04-19,Nevada,57,99092,40,34,1,35,1
2020-04-19,Orange,59,3164182,2494,1591,6,1597,32
2020-04-19,Placer,61,380077,152,131,0,131,8
2020-04-19,Plumas,63,18699,4,4,0,4,0
2020-04-19,Riverside,65,2383286,3620,2316,6,2322,56
2020-04-19,Sacramento,67,1510023,1011,912,0,912,32
2020-04-19,San Benito,69,59416,42,40,0,40,2
2020-04-19,San Bernardino,71,2135413,1877,1262,0,1262,58
2020-04-19,San Diego,73,3302833,3100,2270,0,2270,71
2020-04-19,San Francisco,75,870044,1452,1153,0,1153,19
2020-04-19,San Joaquin,77,732212,503,404,3,407,17
2020-04-19,San Luis Obispo,79,281455,176,132,1,133,1
2020-04-19,San Mateo,81,765935,1161,845,2,847,31
2020-04-19,Santa Barbara,83,443738,540,377,1,378,3
2020-04-19,Santa Clara,85,1922200,2200,1878,1,1879,81
2020-04-19,Santa Cruz,87,273765,123,98,0,98,2
2020-04-19,Shasta,89,179085,30,26,0,26,3
2020-04-19,Sierra,91,2930,0,0,0,0,0
2020-04-19,Siskiyou,93,43540,5,5,0,5,0
2020-04-19,Solano,95,438530,229,174,0,174,2
2020-04-19,Sonoma,97,501317,211,172,0,172,1
2020-04-19,Stanislaus,99,539301,292,221,4,225,3
2020-04-19,Sutter,101,95872,26,21,0,21,2
2020-04-19,Tehama,103,63373,1,1,0,1,1
2020-04-19,Trinity,105,12862,0,0,0,0,0
2020-04-19,Tulare,107,460477,542,391,1,392,17
2020-04-19,Tuolumne,109,53932,3,2,0,2,0
2020-04-19,Ventura,111,848112,555,418,0,418,13
2020-04-19,Yolo,113,214977,167,120,0,120,5
2020-04-19,Yuba,115,75493,16,15,0,15,1
2020-04-18,Alameda,1,1643700,1455,1085,0,1085,40
2020-04-18,Alpine,3,1148,1,1,0,1,0
2020-04-18,Amador,5,37829,7,7,0,7,0
2020-04-18,Butte,7,227075,18,15,1,16,0
2020-04-18,Calaveras,9,45235,12,12,0,12,0
2020-04-18,Colusa,11,21464,3,3,0,3,0
2020-04-18,Contra Costa,13,1133247,846,721,0,721,17
2020-04-18,Del Norte,15,27424,2,2,0,2,0
2020-04-18,El Dorado,17,186661,50,36,0,36,0
2020-04-18,Fresno,19,978130,593,319,4,323,7
2020-04-18,Glenn,21,27897,4,3,0,3,0
2020-04-18,Humboldt,23,135768,58,52,0,52,0
2020-04-18,Imperial,25,180216,314,137,0,137,2
2020-04-18,Inyo,27,18085,19,17,0,17,0
2020-04-18,Kern,29,883053,817,626,1,627,3
2020-04-18,Kings,31,150075,56,17,1,18,1
2020-04-18,Lake,33,64148,6,6,0,6,0
2020-04-18,Lassen,35,31185,1,0,1,1,0
2020-04-18,Los Angeles,37,10098052,19244,11984,18,12002,566
2020-04-18,Madera,39,155013,65,34,0,34,2
2020-04-18,Marin,41,260295,209,193,1,194,10
2020-04-18,Mariposa,43,17540,2,0,0,0,0
2020-04-18,Mendocino,45,87422,5,4,0,4,0
2020-04-18,Merced,47,269075,129,82,0,82,3
2020-04-18,Modoc,49,8938,0,0,0,0,0
2020-04-18,Mono,51,14174,29,22,0,22,1
2020-04-18,Monterey,53,433212,191,135,0,135,3
2020-04-18,Napa,55,140530,62,49,0,49,2
2020-04-18,Nevada,57,99092,39,34,1,35,1
2020-04-18,Orange,59,3164182,2430,1569,5,1574,32
2020-04-18,Placer,61,380077,150,130,0,130,8
2020-04-18,Plumas,63,18699,4,4,0,4,0
2020-04-18,Riverside,65,2383286,3548,2257,6,2263,56
2020-04-18,Sacramento,67,1510023,999,901,0,901,32
2020-04-18,San Benito,69,59416,42,40,0,40,2
2020-04-18,San Bernardino,71,2135413,1832,1255,0,1255,58
2020-04-18,San Diego,73,3302833,2998,2215,0,2215,71
2020-04-18,San Francisco,75,870044,1413,1144,0,1144,19
2020-04-18,San Joaquin,77,732212,494,392,3,395,17
2020-04-18,San Luis Obispo,79,281455,172,129,1,130,1
2020-04-18,San Mateo,81,765935,1139,821,2,823,31
2020-04-18,Santa Barbara,83,443738,534,372,1,373,3
2020-04-18,Santa Clara,85,1922200,2170,1862,1,1863,79
2020-04-18,Santa Cruz,87,273765,121,96,0,96,2
2020-04-18,Shasta,89,179085,30,26,0,26,3
2020-04-18,Sierra,91,2930,0,0,0,0,0
2020-04-18,Siskiyou,93,43540,5,5,0,5,0
2020-04-18,Solano,95,438530,226,175,0,175,2
2020-04-18,Sonoma,97,501317,207,168,0,168,1
2020-04-18,Stanislaus,99,539301,284,216,4,220,3
2020-04-18,Sutter,101,95872,26,21,0,21,2
2020-04-18,Tehama,103,63373,1,1,0,1,1
2020-04-18,Trinity,105,12862,0,0,0,0,0
2020-04-18,Tulare,107,460477,533,385,1,386,17
2020-04-18,Tuolumne,109,53932,3,2,0,2,0
2020-04-18,Ventura,111,848112,547,416,0,416,13
2020-04-18,Yolo,113,214977,165,118,0,118,5
2020-04-18,Yuba,115,75493,16,14,0,14,1
2020-04-17,Alameda,1,1643700,1400,1043,0,1043,40
2020-04-17,Alpine,3,1148,1,1,0,1,0
2020-04-17,Amador,5,37829,7,7,0,7,0
2020-04-17,Butte,7,227075,18,15,1,16,0
2020-04-17,Calaveras,9,45235,12,11,0,11,0
2020-04-17,Colusa,11,21464,3,3,0,3,0
2020-04-17,Contra Costa,13,1133247,837,687,0,687,15
2020-04-17,Del Norte,15,27424,2,2,0,2,0
2020-04-17,El Dorado,17,186661,50,35,0,35,0
2020-04-17,Fresno,19,978130,571,315,4,319,7
2020-04-17,Glenn,21,27897,4,3,0,3,0
2020-04-17,Humboldt,23,135768,57,52,0,52,0
2020-04-17,Imperial,25,180216,305,135,0,135,2
2020-04-17,Inyo,27,18085,19,17,0,17,0
2020-04-17,Kern,29,883053,797,612,1,613,3
2020-04-17,Kings,31,150075,54,15,1,16,1
2020-04-17,Lake,33,64148,6,6,0,6,0
2020-04-17,Lassen,35,31185,1,0,1,1,0
2020-04-17,Los Angeles,37,10098052,18601,11354,18,11372,489
2020-04-17,Madera,39,155013,65,34,0,34,2
2020-04-17,Marin,41,260295,206,189,1,190,10
2020-04-17,Mariposa,43,17540,1,0,0,0,0
2020-04-17,Mendocino,45,87422,5,4,0,4,0
2020-04-17,Merced,47,269075,128,80,0,80,3
2020-04-17,Modoc,49,8938,0,0,0,0,0
2020-04-17,Mono,51,14174,29,22,0,22,1
2020-04-17,Monterey,53,433212,186,119,0,119,3
2020-04-17,Napa,55,140530,60,46,0,46,2
2020-04-17,Nevada,57,99092,38,34,1,35,1
2020-04-17,Orange,59,3164182,2380,1496,5,1501,31
2020-04-17,Placer,61,380077,150,130,0,130,8
2020-04-17,Plumas,63,18699,4,4,0,4,0
2020-04-17,Riverside,65,2383286,3422,2080,6,2086,50
2020-04-17,Sacramento,67,1510023,992,882,0,882,32
2020-04-17,San Benito,69,59416,42,38,0,38,2
2020-04-17,San Bernardino,71,2135413,1794,1229,0,1229,57
2020-04-17,San Diego,73,3302833,2908,2160,0,2160,70
2020-04-17,San Francisco,75,870044,1387,1090,0,1090,19
2020-04-17,San Joaquin,77,732212,483,356,3,359,17
2020-04-17,San Luis Obispo,79,281455,165,116,1,117,1
2020-04-17,San Mateo,81,765935,1123,768,2,770,31
2020-04-17,Santa Barbara,83,443738,529,349,1,350,3
2020-04-17,Santa Clara,85,1922200,2142,1834,1,1835,74
2020-04-17,Santa Cruz,87,273765,120,94,0,94,2
2020-04-17,Shasta,89,179085,30,26,0,26,3
2020-04-17,Sierra,91,2930,0,0,0,0,0
2020-04-17,Siskiyou,93,43540,5,5,0,5,0
2020-04-17,Solano,95,438530,225,173,0,173,2
2020-04-17,Sonoma,97,501317,204,167,0,167,1
2020-04-17,Stanislaus,99,539301,282,201,4,205,3
2020-04-17,Sutter,101,95872,26,20,0,20,2
2020-04-17,Tehama,103,63373,1,1,0,1,1
2020-04-17,Trinity,105,12862,0,0,0,0,0
2020-04-17,Tulare,107,460477,526,370,1,371,17
2020-04-17,Tuolumne,109,53932,3,2,0,2,0
2020-04-17,Ventura,111,848112,542,398,0,398,13
2020-04-17,Yolo,113,214977,164,117,0,117,5
2020-04-17,Yuba,115,75493,16,14,0,14,1
2020-04-16,Alameda,1,1643700,1367,981,0,981,39
2020-04-16,Alpine,3,1148,1,1,0,1,0
2020-04-16,Amador,5,37829,7,7,0,7,0
2020-04-16,Butte,7,227075,18,15,1,16,0
2020-04-16,Calaveras,9,45235,12,10,0,10,0
2020-04-16,Colusa,11,21464,3,3,0,3,0
2020-04-16,Contra Costa,13,1133247,823,675,0,675,14
2020-04-16,Del Norte,15,27424,2,2,0,2,0
2020-04-16,El Dorado,17,186661,49,34,0,34,0
2020-04-16,Fresno,19,978130,542,289,4,293,7
2020-04-16,Glenn,21,27897,4,3,0,3,0
2020-04-16,Humboldt,23,135768,57,47,0,47,0
2020-04-16,Imperial,25,180216,291,132,0,132,2
2020-04-16,Inyo,27,18085,17,17,0,17,0
2020-04-16,Kern,29,883053,772,587,1,588,3
2020-04-16,Kings,31,150075,50,12,1,13,1
2020-04-16,Lake,33,64148,6,6,0,6,0
2020-04-16,Lassen,35,31185,1,0,1,1,0
2020-04-16,Los Angeles,37,10098052,17716,10786,18,10804,447
2020-04-16,Madera,39,155013,63,34,0,34,2
2020-04-16,Marin,41,260295,202,170,1,171,10
2020-04-16,Mariposa,43,17540,1,1,0,1,0
2020-04-16,Mendocino,45,87422,5,4,0,4,0
2020-04-16,Merced,47,269075,122,76,0,76,3
2020-04-16,Modoc,49,8938,0,0,0,0,0
2020-04-16,Mono,51,14174,29,22,0,22,1
2020-04-16,Monterey,53,433212,183,116,0,116,3
2020-04-16,Napa,55,140530,57,44,0,44,2
2020-04-16,Nevada,57,99092,38,34,1,35,1
2020-04-16,Orange,59,3164182,2317,1439,4,1443,28
2020-04-16,Placer,61,380077,148,129,0,129,7
2020-04-16,Plumas,63,18699,4,4,0,4,0
2020-04-16,Riverside,65,2383286,3304,1913,6,1919,45
2020-04-16,Sacramento,67,1510023,984,865,0,865,32
2020-04-16,San Benito,69,59416,42,36,0,36,2
2020-04-16,San Bernardino,71,2135413,1711,1143,0,1143,54
2020-04-16,San Diego,73,3302833,2800,2089,0,2089,63
2020-04-16,San Francisco,75,870044,1342,1039,0,1039,16
2020-04-16,San Joaquin,77,732212,468,345,3,348,17
2020-04-16,San Luis Obispo,79,281455,161,113,1,114,1
2020-04-16,San Mateo,81,765935,1094,745,2,747,29
2020-04-16,Santa Barbara,83,443738,516,331,1,332,3
2020-04-16,Santa Clara,85,1922200,2116,1789,1,1790,70
2020-04-16,Santa Cruz,87,273765,118,90,0,90,2
2020-04-16,Shasta,89,179085,30,25,0,25,3
2020-04-16,Sierra,91,2930,0,0,0,0,0
2020-04-16,Siskiyou,93,43540,5,5,0,5,0
2020-04-16,Solano,95,438530,222,162,0,162,2
2020-04-16,Sonoma,97,501317,199,145,0,145,1
2020-04-16,Stanislaus,99,539301,279,185,4,189,3
2020-04-16,Sutter,101,95872,25,21,0,21,2
2020-04-16,Tehama,103,63373,1,1,0,1,1
2020-04-16,Trinity,105,12862,0,0,0,0,0
2020-04-16,Tulare,107,460477,510,305,1,306,16
2020-04-16,Tuolumne,109,53932,3,1,0,1,0
2020-04-16,Ventura,111,848112,530,384,0,384,13
2020-04-16,Yolo,113,214977,162,98,0,98,4
2020-04-16,Yuba,115,75493,15,14,0,14,1
2020-04-15,Alameda,1,1643700,1317,915,0,915,38
2020-04-15,Alpine,3,1148,1,1,0,1,0
2020-04-15,Amador,5,37829,7,7,0,7,0
2020-04-15,Butte,7,227075,18,14,1,15,0
2020-04-15,Calaveras,9,45235,11,9,0,9,0
2020-04-15,Colusa,11,21464,3,3,0,3,0
2020-04-15,Contra Costa,13,1133247,801,645,0,645,14
2020-04-15,Del Norte,15,27424,2,2,0,2,0
2020-04-15,El Dorado,17,186661,47,33,0,33,0
2020-04-15,Fresno,19,978130,517,264,4,268,7
2020-04-15,Glenn,21,27897,4,3,0,3,0
2020-04-15,Humboldt,23,135768,57,47,0,47,0
2020-04-15,Imperial,25,180216,265,115,0,115,2
2020-04-15,Inyo,27,18085,17,12,0,12,0
2020-04-15,Kern,29,883053,750,500,1,501,3
2020-04-15,Kings,31,150075,46,12,1,13,1
2020-04-15,Lake,33,64148,6,4,0,4,0
2020-04-15,Lassen,35,31185,1,0,1,1,0
2020-04-15,Los Angeles,37,10098052,16895,10416,18,10434,394
2020-04-15,Madera,39,155013,63,30,0,30,2
2020-04-15,Marin,41,260295,199,162,1,163,10
2020-04-15,Mariposa,43,17540,0,0,0,0,0
2020-04-15,Mendocino,45,87422,4,4,0,4,0
2020-04-15,Merced,47,269075,120,74,0,74,3
2020-04-15,Modoc,49,8938,0,0,0,0,0
2020-04-15,Mono,51,14174,29,22,0,22,1
2020-04-15,Monterey,53,433212,175,106,0,106,3
2020-04-15,Napa,55,140530,55,34,0,34,2
2020-04-15,Nevada,57,99092,37,34,1,35,1
2020-04-15,Orange,59,3164182,2215,1377,4,1381,24
2020-04-15,Placer,61,380077,147,123,0,123,6
2020-04-15,Plumas,63,18699,4,4,0,4,0
2020-04-15,Riverside,65,2383286,3109,1723,6,1729,42
2020-04-15,Sacramento,67,1510023,975,839,0,839,32
2020-04-15,San Benito,69,59416,42,34,0,34,2
2020-04-15,San Bernardino,71,2135413,1642,1063,0,1063,45
2020-04-15,San Diego,73,3302833,2712,2014,0,2014,60
2020-04-15,San Francisco,75,870044,1306,1006,0,1006,16
2020-04-15,San Joaquin,77,732212,460,329,3,332,17
2020-04-15,San Luis Obispo,79,281455,155,112,1,113,1
2020-04-15,San Mateo,81,765935,1045,707,2,709,28
2020-04-15,Santa Barbara,83,443738,497,317,1,318,2
2020-04-15,Santa Clara,85,1922200,2082,1692,1,1693,69
2020-04-15,Santa Cruz,87,273765,114,92,0,92,2
2020-04-15,Shasta,89,179085,30,25,0,25,3
2020-04-15,Sierra,91,2930,0,0,0,0,0
2020-04-15,Siskiyou,93,43540,5,5,0,5,0
2020-04-15,Solano,95,438530,217,153,0,153,2
2020-04-15,Sonoma,97,501317,197,140,0,140,1
2020-04-15,Stanislaus,99,539301,272,174,4,178,3
2020-04-15,Sutter,101,95872,25,19,0,19,2
2020-04-15,Tehama,103,63373,1,1,0,1,1
2020-04-15,Trinity,105,12862,0,0,0,0,0
2020-04-15,Tulare,107,460477,493,289,1,290,14
2020-04-15,Tuolumne,109,53932,3,1,0,1,0
2020-04-15,Ventura,111,848112,515,365,0,365,13
2020-04-15,Yolo,113,214977,158,93,0,93,3
2020-04-15,Yuba,115,75493,15,15,0,15,1
2020-04-14,Alameda,1,1643700,1272,843,0,843,30
2020-04-14,Alpine,3,1148,1,1,0,1,0
2020-04-14,Amador,5,37829,7,6,0,6,0
2020-04-14,Butte,7,227075,18,13,1,14,0
2020-04-14,Calaveras,9,45235,11,5,0,5,0
2020-04-14,Colusa,11,21464,3,3,0,3,0
2020-04-14,Contra Costa,13,1133247,789,617,0,617,12
2020-04-14,Del Norte,15,27424,2,2,0,2,0
2020-04-14,El Dorado,17,186661,47,30,0,30,0
2020-04-14,Fresno,19,978130,495,244,4,248,6
2020-04-14,Glenn,21,27897,4,3,0,3,0
2020-04-14,Humboldt,23,135768,57,44,0,44,0
2020-04-14,Imperial,25,180216,245,86,0,86,2
2020-04-14,Inyo,27,18085,17,12,0,12,0
2020-04-14,Kern,29,883053,727,453,1,454,3
2020-04-14,Kings,31,150075,45,12,1,13,1
2020-04-14,Lake,33,64148,6,3,0,3,0
2020-04-14,Lassen,35,31185,1,0,1,1,0
2020-04-14,Los Angeles,37,10098052,16001,9948,17,9965,357
2020-04-14,Madera,39,155013,62,29,0,29,2
2020-04-14,Marin,41,260295,195,147,1,148,9
2020-04-14,Mariposa,43,17540,0,0,0,0,0
2020-04-14,Mendocino,45,87422,4,4,0,4,0
2020-04-14,Merced,47,269075,113,61,0,61,3
2020-04-14,Modoc,49,8938,0,0,0,0,0
2020-04-14,Mono,51,14174,29,22,0,22,1
2020-04-14,Monterey,53,433212,170,98,0,98,3
2020-04-14,Napa,55,140530,55,33,0,33,2
2020-04-14,Nevada,57,99092,37,34,1,35,1
2020-04-14,Orange,59,3164182,2115,1362,4,1366,24
2020-04-14,Placer,61,380077,146,117,0,117,5
2020-04-14,Plumas,63,18699,4,3,0,3,0
2020-04-14,Riverside,65,2383286,2974,1467,6,1473,40
2020-04-14,Sacramento,67,1510023,966,737,0,737,29
2020-04-14,San Benito,69,59416,39,34,0,34,2
2020-04-14,San Bernardino,71,2135413,1587,933,0,933,37
2020-04-14,San Diego,73,3302833,2617,1932,0,1932,53
2020-04-14,San Francisco,75,870044,1252,968,0,968,14
2020-04-14,San Joaquin,77,732212,450,280,3,283,17
2020-04-14,San Luis Obispo,79,281455,153,109,1,110,1
2020-04-14,San Mateo,81,765935,1011,681,2,683,28
2020-04-14,Santa Barbara,83,443738,472,292,1,293,2
2020-04-14,Santa Clara,85,1922200,2049,1561,1,1562,63
2020-04-14,Santa Cruz,87,273765,106,84,0,84,2
2020-04-14,Shasta,89,179085,30,24,0,24,3
2020-04-14,Sierra,91,2930,0,0,0,0,0
2020-04-14,Siskiyou,93,43540,5,5,0,5,0
2020-04-14,Solano,95,438530,214,140,0,140,2
2020-04-14,Sonoma,97,501317,193,133,0,133,1
2020-04-14,Stanislaus,99,539301,259,136,4,140,3
2020-04-14,Sutter,101,95872,24,19,0,19,2
2020-04-14,Tehama,103,63373,1,1,0,1,1
2020-04-14,Trinity,105,12862,0,0,0,0,0
2020-04-14,Tulare,107,460477,470,228,1,229,12
2020-04-14,Tuolumne,109,53932,3,0,0,0,0
2020-04-14,Ventura,111,848112,502,328,0,328,11
2020-04-14,Yolo,113,214977,154,81,0,81,3
2020-04-14,Yuba,115,75493,14,14,0,14,1
2020-04-13,Alameda,1,1643700,1233,821,0,821,23
2020-04-13,Alpine,3,1148,1,1,0,1,0
2020-04-13,Amador,5,37829,7,6,0,6,0
2020-04-13,Butte,7,227075,18,13,1,14,0
2020-04-13,Calaveras,9,45235,10,5,0,5,0
2020-04-13,Colusa,11,21464,3,3,0,3,0
2020-04-13,Contra Costa,13,1133247,773,569,0,569,12
2020-04-13,Del Norte,15,27424,2,2,0,2,0
2020-04-13,El Dorado,17,186661,45,29,0,29,0
2020-04-13,Fresno,19,978130,473,205,3,208,4
2020-04-13,Glenn,21,27897,4,3,0,3,0
2020-04-13,Humboldt,23,135768,57,44,0,44,0
2020-04-13,Imperial,25,180216,227,82,0,82,2
2020-04-13,Inyo,27,18085,17,12,0,12,0
2020-04-13,Kern,29,883053,702,346,1,347,3
2020-04-13,Kings,31,150075,41,9,1,10,0
2020-04-13,Lake,33,64148,6,3,0,3,0
2020-04-13,Lassen,35,31185,1,0,1,1,0
2020-04-13,Los Angeles,37,10098052,15287,9367,17,9384,317
2020-04-13,Madera,39,155013,60,29,0,29,2
2020-04-13,Marin,41,260295,191,144,1,145,6
2020-04-13,Mariposa,43,17540,0,0,0,0,0
2020-04-13,Mendocino,45,87422,4,4,0,4,0
2020-04-13,Merced,47,269075,112,60,0,60,3
2020-04-13,Modoc,49,8938,0,0,0,0,0
2020-04-13,Mono,51,14174,29,21,0,21,1
2020-04-13,Monterey,53,433212,164,86,0,86,3
2020-04-13,Napa,55,140530,54,30,0,30,2
2020-04-13,Nevada,57,99092,37,24,1,25,1
2020-04-13,Orange,59,3164182,2043,1313,4,1317,21
2020-04-13,Placer,61,380077,145,116,0,116,5
2020-04-13,Plumas,63,18699,4,3,0,3,0
2020-04-13,Riverside,65,2383286,2834,1460,5,1465,35
2020-04-13,Sacramento,67,1510023,954,723,0,723,25
2020-04-13,San Benito,69,59416,38,33,0,33,2
2020-04-13,San Bernardino,71,2135413,1512,920,0,920,30
2020-04-13,San Diego,73,3302833,2534,1849,0,1849,47
2020-04-13,San Francisco,75,870044,1214,948,0,948,12
2020-04-13,San Joaquin,77,732212,436,255,3,258,16
2020-04-13,San Luis Obispo,79,281455,148,106,1,107,1
2020-04-13,San Mateo,81,765935,971,679,2,681,25
2020-04-13,Santa Barbara,83,443738,453,271,0,271,2
2020-04-13,Santa Clara,85,1922200,2009,1540,1,1541,58
2020-04-13,Santa Cruz,87,273765,100,82,0,82,1
2020-04-13,Shasta,89,179085,29,24,0,24,3
2020-04-13,Sierra,91,2930,0,0,0,0,0
2020-04-13,Siskiyou,93,43540,5,5,0,5,0
2020-04-13,Solano,95,438530,211,136,0,136,2
2020-04-13,Sonoma,97,501317,186,133,0,133,1
2020-04-13,Stanislaus,99,539301,253,130,4,134,1
2020-04-13,Sutter,101,95872,24,18,0,18,2
2020-04-13,Tehama,103,63373,1,1,0,1,0
2020-04-13,Trinity,105,12862,0,0,0,0,0
2020-04-13,Tulare,107,460477,433,185,1,186,11
2020-04-13,Tuolumne,109,53932,3,0,0,0,0
2020-04-13,Ventura,111,848112,481,309,0,309,9
2020-04-13,Yolo,113,214977,148,81,0,81,3
2020-04-13,Yuba,115,75493,14,13,0,13,1
2020-04-12,Alameda,1,1643700,1190,774,0,774,23
2020-04-12,Alpine,3,1148,1,1,0,1,0
2020-04-12,Amador,5,37829,7,6,0,6,0
2020-04-12,Butte,7,227075,18,13,1,14,0
2020-04-12,Calaveras,9,45235,10,5,0,5,0
2020-04-12,Colusa,11,21464,3,3,0,3,0
2020-04-12,Contra Costa,13,1133247,761,553,0,553,12
2020-04-12,Del Norte,15,27424,2,2,0,2,0
2020-04-12,El Dorado,17,186661,45,28,0,28,0
2020-04-12,Fresno,19,978130,444,205,3,208,4
2020-04-12,Glenn,21,27897,4,3,0,3,0
2020-04-12,Humboldt,23,135768,57,43,0,43,0
2020-04-12,Imperial,25,180216,204,78,0,78,2
2020-04-12,Inyo,27,18085,15,12,0,12,0
2020-04-12,Kern,29,883053,670,319,0,319,3
2020-04-12,Kings,31,150075,39,9,1,10,0
2020-04-12,Lake,33,64148,6,3,0,3,0
2020-04-12,Lassen,35,31185,1,0,1,1,0
2020-04-12,Los Angeles,37,10098052,14577,9133,17,9150,294
2020-04-12,Madera,39,155013,59,29,0,29,2
2020-04-12,Marin,41,260295,180,138,1,139,6
2020-04-12,Mariposa,43,17540,0,0,0,0,0
2020-04-12,Mendocino,45,87422,4,4,0,4,0
2020-04-12,Merced,47,269075,106,58,0,58,3
2020-04-12,Modoc,49,8938,0,0,0,0,0
2020-04-12,Mono,51,14174,29,20,0,20,1
2020-04-12,Monterey,53,433212,150,85,0,85,3
2020-04-12,Napa,55,140530,52,29,0,29,2
2020-04-12,Nevada,57,99092,37,24,1,25,1
2020-04-12,Orange,59,3164182,1983,1283,4,1287,21
2020-04-12,Placer,61,380077,144,114,0,114,4
2020-04-12,Plumas,63,18699,4,3,0,3,0
2020-04-12,Riverside,65,2383286,2652,1330,5,1335,34
2020-04-12,Sacramento,67,1510023,917,689,0,689,25
2020-04-12,San Benito,69,59416,36,33,0,33,2
2020-04-12,San Bernardino,71,2135413,1436,827,0,827,30
2020-04-12,San Diego,73,3302833,2444,1806,0,1806,45
2020-04-12,San Francisco,75,870044,1186,886,0,886,11
2020-04-12,San Joaquin,77,732212,418,246,3,249,15
2020-04-12,San Luis Obispo,79,281455,146,102,1,103,1
2020-04-12,San Mateo,81,765935,945,664,2,666,25
2020-04-12,Santa Barbara,83,443738,428,261,0,261,2
2020-04-12,Santa Clara,85,1922200,1985,1461,1,1462,53
2020-04-12,Santa Cruz,87,273765,99,80,0,80,1
2020-04-12,Shasta,89,179085,29,24,0,24,3
2020-04-12,Sierra,91,2930,0,0,0,0,0
2020-04-12,Siskiyou,93,43540,5,5,0,5,0
2020-04-12,Solano,95,438530,205,136,0,136,2
2020-04-12,Sonoma,97,501317,183,131,0,131,1
2020-04-12,Stanislaus,99,539301,245,117,4,121,1
2020-04-12,Sutter,101,95872,23,18,0,18,2
2020-04-12,Tehama,103,63373,1,1,0,1,0
2020-04-12,Trinity,105,12862,0,0,0,0,0
2020-04-12,Tulare,107,460477,422,166,1,167,11
2020-04-12,Tuolumne,109,53932,3,0,0,0,0
2020-04-12,Ventura,111,848112,471,306,0,306,9
2020-04-12,Yolo,113,214977,135,67,0,67,3
2020-04-12,Yuba,115,75493,14,13,0,13,1
2020-04-11,Alameda,1,1643700,1149,751,0,751,23
2020-04-11,Alpine,3,1148,1,1,0,1,0
2020-04-11,Amador,5,37829,7,6,0,6,0
2020-04-11,Butte,7,227075,18,13,1,14,0
2020-04-11,Calaveras,9,45235,10,5,0,5,0
2020-04-11,Colusa,11,21464,3,3,0,3,0
2020-04-11,Contra Costa,13,1133247,752,550,0,550,12
2020-04-11,Del Norte,15,27424,2,2,0,2,0
2020-04-11,El Dorado,17,186661,45,29,0,29,0
2020-04-11,Fresno,19,978130,434,201,3,204,4
2020-04-11,Glenn,21,27897,4,3,0,3,0
2020-04-11,Humboldt,23,135768,57,38,0,38,0
2020-04-11,Imperial,25,180216,193,78,0,78,2
2020-04-11,Inyo,27,18085,15,12,0,12,0
2020-04-11,Kern,29,883053,643,304,0,304,3
2020-04-11,Kings,31,150075,36,9,1,10,0
2020-04-11,Lake,33,64148,6,3,0,3,0
2020-04-11,Lassen,35,31185,1,0,1,1,0
2020-04-11,Los Angeles,37,10098052,14107,8823,17,8840,262
2020-04-11,Madera,39,155013,58,29,0,29,2
2020-04-11,Marin,41,260295,177,136,1,137,6
2020-04-11,Mariposa,43,17540,0,0,0,0,0
2020-04-11,Mendocino,45,87422,4,4,0,4,0
2020-04-11,Merced,47,269075,103,59,0,59,3
2020-04-11,Modoc,49,8938,0,0,0,0,0
2020-04-11,Mono,51,14174,29,20,0,20,1
2020-04-11,Monterey,53,433212,144,78,0,78,3
2020-04-11,Napa,55,140530,52,29,0,29,2
2020-04-11,Nevada,57,99092,37,24,1,25,1
2020-04-11,Orange,59,3164182,1922,1267,4,1271,21
2020-04-11,Placer,61,380077,144,113,0,113,4
2020-04-11,Plumas,63,18699,4,3,0,3,0
2020-04-11,Riverside,65,2383286,2573,1260,5,1265,33
2020-04-11,Sacramento,67,1510023,906,685,0,685,25
2020-04-11,San Benito,69,59416,36,33,0,33,2
2020-04-11,San Bernardino,71,2135413,1400,826,0,826,28
2020-04-11,San Diego,73,3302833,2378,1763,0,1763,45
2020-04-11,San Francisco,75,870044,1164,860,0,860,11
2020-04-11,San Joaquin,77,732212,413,244,3,247,15
2020-04-11,San Luis Obispo,79,281455,146,100,0,100,1
2020-04-11,San Mateo,81,765935,933,662,2,664,25
2020-04-11,Santa Barbara,83,443738,420,258,0,258,2
2020-04-11,Santa Clara,85,1922200,1944,1441,1,1442,51
2020-04-11,Santa Cruz,87,273765,99,79,0,79,1
2020-04-11,Shasta,89,179085,29,24,0,24,3
2020-04-11,Sierra,91,2930,0,0,0,0,0
2020-04-11,Siskiyou,93,43540,5,5,0,5,0
2020-04-11,Solano,95,438530,201,138,0,138,2
2020-04-11,Sonoma,97,501317,181,131,0,131,1
2020-04-11,Stanislaus,99,539301,238,119,3,122,1
2020-04-11,Sutter,101,95872,23,18,0,18,2
2020-04-11,Tehama,103,63373,1,1,0,1,0
2020-04-11,Trinity,105,12862,0,0,0,0,0
2020-04-11,Tulare,107,460477,400,168,1,169,10
2020-04-11,Tuolumne,109,53932,3,0,0,0,0
2020-04-11,Ventura,111,848112,461,304,0,304,9
2020-04-11,Yolo,113,214977,132,67,0,67,3
2020-04-11,Yuba,115,75493,14,13,0,13,1
2020-04-10,Alameda,1,1643700,1108,706,0,706,21
2020-04-10,Alpine,3,1148,1,1,0,1,0
2020-04-10,Amador,5,37829,7,5,0,5,0
2020-04-10,Butte,7,227075,18,13,1,14,0
2020-04-10,Calaveras,9,45235,10,5,0,5,0
2020-04-10,Colusa,11,21464,3,3,0,3,0
2020-04-10,Contra Costa,13,1133247,739,537,0,537,10
2020-04-10,Del Norte,15,27424,2,2,0,2,0
2020-04-10,El Dorado,17,186661,45,26,0,26,0
2020-04-10,Fresno,19,978130,427,186,3,189,3
2020-04-10,Glenn,21,27897,4,3,0,3,0
2020-04-10,Humboldt,23,135768,57,36,0,36,0
2020-04-10,Imperial,25,180216,186,70,0,70,2
2020-04-10,Inyo,27,18085,13,11,0,11,0
2020-04-10,Kern,29,883053,619,272,0,272,3
2020-04-10,Kings,31,150075,33,7,1,8,0
2020-04-10,Lake,33,64148,6,3,0,3,0
2020-04-10,Lassen,35,31185,1,0,1,1,0
2020-04-10,Los Angeles,37,10098052,13594,8384,16,8400,239
2020-04-10,Madera,39,155013,57,29,0,29,2
2020-04-10,Marin,41,260295,172,128,1,129,6
2020-04-10,Mariposa,43,17540,0,0,0,0,0
2020-04-10,Mendocino,45,87422,4,4,0,4,0
2020-04-10,Merced,47,269075,100,56,0,56,3
2020-04-10,Modoc,49,8938,0,0,0,0,0
2020-04-10,Mono,51,14174,29,20,0,20,1
2020-04-10,Monterey,53,433212,133,78,0,78,3
2020-04-10,Napa,55,140530,49,28,0,28,2
2020-04-10,Nevada,57,99092,37,23,1,24,1
2020-04-10,Orange,59,3164182,1876,1167,4,1171,21
2020-04-10,Placer,61,380077,143,112,0,112,4
2020-04-10,Plumas,63,18699,4,3,0,3,0
2020-04-10,Riverside,65,2383286,2508,1162,5,1167,30
2020-04-10,Sacramento,67,1510023,897,642,0,642,24
2020-04-10,San Benito,69,59416,36,32,0,32,2
2020-04-10,San Bernardino,71,2135413,1352,779,0,779,27
2020-04-10,San Diego,73,3302833,2318,1695,0,1695,44
2020-04-10,San Francisco,75,870044,1133,797,0,797,10
2020-04-10,San Joaquin,77,732212,401,234,3,237,14
2020-04-10,San Luis Obispo,79,281455,146,97,0,97,1
2020-04-10,San Mateo,81,765935,917,642,2,644,24
2020-04-10,Santa Barbara,83,443738,409,254,0,254,2
2020-04-10,Santa Clara,85,1922200,1895,1351,1,1352,50
2020-04-10,Santa Cruz,87,273765,98,75,0,75,1
2020-04-10,Shasta,89,179085,29,24,0,24,3
2020-04-10,Sierra,91,2930,0,0,0,0,0
2020-04-10,Siskiyou,93,43540,5,5,0,5,0
2020-04-10,Solano,95,438530,198,129,0,129,2
2020-04-10,Sonoma,97,501317,180,129,0,129,1
2020-04-10,Stanislaus,99,539301,231,101,3,104,0
2020-04-10,Sutter,101,95872,23,18,0,18,2
2020-04-10,Tehama,103,63373,1,1,0,1,0
2020-04-10,Trinity,105,12862,0,0,0,0,0
2020-04-10,Tulare,107,460477,357,163,1,164,10
2020-04-10,Tuolumne,109,53932,3,0,0,0,0
2020-04-10,Ventura,111,848112,453,290,0,290,9
2020-04-10,Yolo,113,214977,130,62,0,62,3
2020-04-10,Yuba,115,75493,14,13,0,13,1
2020-04-09,Alameda,1,1643700,1058,641,0,641,17
2020-04-09,Alpine,3,1148,1,1,0,1,0
2020-04-09,Amador,5,37829,7,2,0,2,0
2020-04-09,Butte,7,227075,18,12,1,13,0
2020-04-09,Calaveras,9,45235,10,5,0,5,0
2020-04-09,Colusa,11,21464,3,3,0,3,0
2020-04-09,Contra Costa,13,1133247,696,505,0,505,7
2020-04-09,Del Norte,15,27424,2,2,0,2,0
2020-04-09,El Dorado,17,186661,44,25,0,25,0
2020-04-09,Fresno,19,978130,405,165,3,168,3
2020-04-09,Glenn,21,27897,4,2,0,2,0
2020-04-09,Humboldt,23,135768,57,36,0,36,0
2020-04-09,Imperial,25,180216,165,67,0,67,2
2020-04-09,Inyo,27,18085,12,11,0,11,0
2020-04-09,Kern,29,883053,583,241,0,241,2
2020-04-09,Kings,31,150075,31,5,1,6,0
2020-04-09,Lake,33,64148,5,1,0,1,0
2020-04-09,Lassen,35,31185,1,0,1,1,0
2020-04-09,Los Angeles,37,10098052,12967,7919,16,7935,220
2020-04-09,Madera,39,155013,57,28,0,28,2
2020-04-09,Marin,41,260295,170,126,1,127,7
2020-04-09,Mariposa,43,17540,0,0,0,0,0
2020-04-09,Mendocino,45,87422,4,4,0,4,0
2020-04-09,Merced,47,269075,97,41,0,41,3
2020-04-09,Modoc,49,8938,0,0,0,0,0
2020-04-09,Mono,51,14174,29,19,0,19,1
2020-04-09,Monterey,53,433212,115,70,0,70,3
2020-04-09,Napa,55,140530,45,27,0,27,2
2020-04-09,Nevada,57,99092,36,23,1,24,1
2020-04-09,Orange,59,3164182,1800,1105,3,1108,19
2020-04-09,Placer,61,380077,142,107,0,107,4
2020-04-09,Plumas,63,18699,4,3,0,3,0
2020-04-09,Riverside,65,2383286,2366,1083,5,1088,29
2020-04-09,Sacramento,67,1510023,874,601,0,601,21
2020-04-09,San Benito,69,59416,36,32,0,32,2
2020-04-09,San Bernardino,71,2135413,1283,717,0,717,27
2020-04-09,San Diego,73,3302833,2222,1630,0,1630,40
2020-04-09,San Francisco,75,870044,1113,748,0,748,8
2020-04-09,San Joaquin,77,732212,380,223,3,226,14
2020-04-09,San Luis Obispo,79,281455,139,93,0,93,1
2020-04-09,San Mateo,81,765935,901,630,2,632,23
2020-04-09,Santa Barbara,83,443738,399,232,0,232,2
2020-04-09,Santa Clara,85,1922200,1827,1301,1,1302,49
2020-04-09,Santa Cruz,87,273765,98,73,0,73,1
2020-04-09,Shasta,89,179085,29,22,0,22,3
2020-04-09,Sierra,91,2930,0,0,0,0,0
2020-04-09,Siskiyou,93,43540,5,4,0,4,0
2020-04-09,Solano,95,438530,189,118,0,118,2
2020-04-09,Sonoma,97,501317,176,113,0,113,1
2020-04-09,Stanislaus,99,539301,219,93,3,96,0
2020-04-09,Sutter,101,95872,23,17,0,17,2
2020-04-09,Tehama,103,63373,1,1,0,1,0
2020-04-09,Trinity,105,12862,0,0,0,0,0
2020-04-09,Tulare,107,460477,332,147,1,148,9
2020-04-09,Tuolumne,109,53932,3,0,0,0,0
2020-04-09,Ventura,111,848112,434,273,0,273,9
2020-04-09,Yolo,113,214977,121,59,0,59,3
2020-04-09,Yuba,115,75493,14,13,0,13,0
2020-04-08,Alameda,1,1643700,1017,594,0,594,15
2020-04-08,Alpine,3,1148,1,1,0,1,0
2020-04-08,Amador,5,37829,7,2,0,2,0
2020-04-08,Butte,7,227075,17,11,1,12,0
2020-04-08,Calaveras,9,45235,10,5,0,5,0
2020-04-08,Colusa,11,21464,3,3,0,3,0
2020-04-08,Contra Costa,13,1133247,683,481,0,481,7
2020-04-08,Del Norte,15,27424,2,2,0,2,0
2020-04-08,El Dorado,17,186661,44,25,0,25,0
2020-04-08,Fresno,19,978130,386,151,3,154,3
2020-04-08,Glenn,21,27897,4,2,0,2,0
2020-04-08,Humboldt,23,135768,57,40,0,40,0
2020-04-08,Imperial,25,180216,154,59,0,59,2
2020-04-08,Inyo,27,18085,12,11,0,11,0
2020-04-08,Kern,29,883053,542,198,0,198,2
2020-04-08,Kings,31,150075,31,5,1,6,0
2020-04-08,Lake,33,64148,5,1,0,1,0
2020-04-08,Lassen,35,31185,1,0,1,1,0
2020-04-08,Los Angeles,37,10098052,12367,7505,16,7521,196
2020-04-08,Madera,39,155013,56,28,0,28,2
2020-04-08,Marin,41,260295,164,125,1,126,7
2020-04-08,Mariposa,43,17540,0,0,0,0,0
2020-04-08,Mendocino,45,87422,4,4,0,4,0
2020-04-08,Merced,47,269075,82,35,0,35,1
2020-04-08,Modoc,49,8938,0,0,0,0,0
2020-04-08,Mono,51,14174,29,19,0,19,1
2020-04-08,Monterey,53,433212,106,68,0,68,3
2020-04-08,Napa,55,140530,43,21,0,21,2
2020-04-08,Nevada,57,99092,36,21,1,22,1
2020-04-08,Orange,59,3164182,1739,1034,3,1037,19
2020-04-08,Placer,61,380077,142,102,0,102,4
2020-04-08,Plumas,63,18699,4,3,0,3,0
2020-04-08,Riverside,65,2383286,2212,974,5,979,28
2020-04-08,Sacramento,67,1510023,840,565,0,565,21
2020-04-08,San Benito,69,59416,36,31,0,31,2
2020-04-08,San Bernardino,71,2135413,1226,635,0,635,22
2020-04-08,San Diego,73,3302833,2148,1532,0,1532,36
2020-04-08,San Francisco,75,870044,1045,687,0,687,7
2020-04-08,San Joaquin,77,732212,363,211,3,214,12
2020-04-08,San Luis Obispo,79,281455,137,90,0,90,1
2020-04-08,San Mateo,81,765935,886,608,2,610,22
2020-04-08,Santa Barbara,83,443738,381,221,0,221,2
2020-04-08,Santa Clara,85,1922200,1783,1257,1,1258,47
2020-04-08,Santa Cruz,87,273765,97,69,0,69,1
2020-04-08,Shasta,89,179085,29,18,0,18,3
2020-04-08,Sierra,91,2930,0,0,0,0,0
2020-04-08,Siskiyou,93,43540,5,4,0,4,0
2020-04-08,Solano,95,438530,176,111,0,111,2
2020-04-08,Sonoma,97,501317,171,107,0,107,1
2020-04-08,Stanislaus,99,539301,203,86,3,89,0
2020-04-08,Sutter,101,95872,22,17,0,17,2
2020-04-08,Tehama,103,63373,1,1,0,1,0
2020-04-08,Trinity,105,12862,0,0,0,0,0
2020-04-08,Tulare,107,460477,303,145,1,146,6
2020-04-08,Tuolumne,109,53932,3,0,0,0,0
2020-04-08,Ventura,111,848112,425,263,0,263,7
2020-04-08,Yolo,113,214977,104,56,0,56,3
2020-04-08,Yuba,115,75493,14,10,0,10,0
2020-04-07,Alameda,1,1643700,982,560,0,560,14
2020-04-07,Alpine,3,1148,1,1,0,1,0
2020-04-07,Amador,5,37829,7,2,0,2,0
2020-04-07,Butte,7,227075,16,11,1,12,0
2020-04-07,Calaveras,9,45235,9,5,0,5,0
2020-04-07,Colusa,11,21464,3,2,0,2,0
2020-04-07,Contra Costa,13,1133247,663,471,0,471,7
2020-04-07,Del Norte,15,27424,2,2,0,2,0
2020-04-07,El Dorado,17,186661,43,22,0,22,0
2020-04-07,Fresno,19,978130,371,138,3,141,3
2020-04-07,Glenn,21,27897,4,2,0,2,0
2020-04-07,Humboldt,23,135768,56,40,0,40,0
2020-04-07,Imperial,25,180216,136,53,0,53,2
2020-04-07,Inyo,27,18085,12,11,0,11,0
2020-04-07,Kern,29,883053,499,134,0,134,2
2020-04-07,Kings,31,150075,29,5,1,6,0
2020-04-07,Lake,33,64148,4,1,0,1,0
2020-04-07,Lassen,35,31185,1,0,1,1,0
2020-04-07,Los Angeles,37,10098052,11717,6885,16,6901,170
2020-04-07,Madera,39,155013,55,28,0,28,2
2020-04-07,Marin,41,260295,162,122,1,123,7
2020-04-07,Mariposa,43,17540,0,0,0,0,0
2020-04-07,Mendocino,45,87422,4,4,0,4,0
2020-04-07,Merced,47,269075,67,27,0,27,1
2020-04-07,Modoc,49,8938,0,0,0,0,0
2020-04-07,Mono,51,14174,28,18,0,18,1
2020-04-07,Monterey,53,433212,98,63,0,63,2
2020-04-07,Napa,55,140530,41,18,0,18,2
2020-04-07,Nevada,57,99092,36,20,1,21,1
2020-04-07,Orange,59,3164182,1692,971,3,974,19
2020-04-07,Placer,61,380077,137,94,0,94,3
2020-04-07,Plumas,63,18699,4,3,0,3,0
2020-04-07,Riverside,65,2383286,2056,905,5,910,25
2020-04-07,Sacramento,67,1510023,810,513,0,513,18
2020-04-07,San Benito,69,59416,36,26,0,26,2
2020-04-07,San Bernardino,71,2135413,1159,554,0,554,19
2020-04-07,San Diego,73,3302833,2071,1456,0,1456,31
2020-04-07,San Francisco,75,870044,985,636,0,636,6
2020-04-07,San Joaquin,77,732212,345,198,3,201,12
2020-04-07,San Luis Obispo,79,281455,132,87,0,87,1
2020-04-07,San Mateo,81,765935,865,573,2,575,22
2020-04-07,Santa Barbara,83,443738,366,209,0,209,2
2020-04-07,Santa Clara,85,1922200,1715,1193,1,1194,46
2020-04-07,Santa Cruz,87,273765,97,67,0,67,1
2020-04-07,Shasta,89,179085,28,16,0,16,3
2020-04-07,Sierra,91,2930,0,0,0,0,0
2020-04-07,Siskiyou,93,43540,5,4,0,4,0
2020-04-07,Solano,95,438530,171,99,0,99,1
2020-04-07,Sonoma,97,501317,168,102,0,102,1
2020-04-07,Stanislaus,99,539301,186,83,3,86,0
2020-04-07,Sutter,101,95872,22,16,0,16,2
2020-04-07,Tehama,103,63373,1,1,0,1,0
2020-04-07,Trinity,105,12862,0,0,0,0,0
2020-04-07,Tulare,107,460477,276,144,1,145,5
2020-04-07,Tuolumne,109,53932,3,1,0,1,0
2020-04-07,Ventura,111,848112,408,247,0,247,6
2020-04-07,Yolo,113,214977,97,51,0,51,2
2020-04-07,Yuba,115,75493,14,10,0,10,0
2020-04-06,Alameda,1,1643700,952,527,0,527,13
2020-04-06,Alpine,3,1148,1,1,0,1,0
2020-04-06,Amador,5,37829,6,2,0,2,0
2020-04-06,Butte,7,227075,15,11,1,12,0
2020-04-06,Calaveras,9,45235,9,4,0,4,0
2020-04-06,Colusa,11,21464,3,1,0,1,0
2020-04-06,Contra Costa,13,1133247,638,447,0,447,7
2020-04-06,Del Norte,15,27424,2,2,0,2,0
2020-04-06,El Dorado,17,186661,41,23,0,23,0
2020-04-06,Fresno,19,978130,351,122,3,125,1
2020-04-06,Glenn,21,27897,4,2,0,2,0
2020-04-06,Humboldt,23,135768,55,37,0,37,0
2020-04-06,Imperial,25,180216,129,47,0,47,1
2020-04-06,Inyo,27,18085,11,11,0,11,0
2020-04-06,Kern,29,883053,462,117,0,117,2
2020-04-06,Kings,31,150075,29,3,1,4,0
2020-04-06,Lake,33,64148,4,1,0,1,0
2020-04-06,Lassen,35,31185,1,0,1,1,0
2020-04-06,Los Angeles,37,10098052,10985,6346,16,6362,145
2020-04-06,Madera,39,155013,53,29,0,29,2
2020-04-06,Marin,41,260295,159,119,1,120,7
2020-04-06,Mariposa,43,17540,0,0,0,0,0
2020-04-06,Mendocino,45,87422,4,4,0,4,0
2020-04-06,Merced,47,269075,60,25,0,25,1
2020-04-06,Modoc,49,8938,0,0,0,0,0
2020-04-06,Mono,51,14174,28,18,0,18,1
2020-04-06,Monterey,53,433212,93,62,0,62,2
2020-04-06,Napa,55,140530,41,18,0,18,2
2020-04-06,Nevada,57,99092,36,19,1,20,1
2020-04-06,Orange,59,3164182,1648,910,2,912,17
2020-04-06,Placer,61,380077,137,90,0,90,3
2020-04-06,Plumas,63,18699,4,2,0,2,0
2020-04-06,Riverside,65,2383286,1930,854,5,859,17
2020-04-06,Sacramento,67,1510023,780,448,0,448,15
2020-04-06,San Benito,69,59416,34,25,0,25,1
2020-04-06,San Bernardino,71,2135413,1100,550,0,550,13
2020-04-06,San Diego,73,3302833,1989,1406,0,1406,19
2020-04-06,San Francisco,75,870044,946,586,0,586,6
2020-04-06,San Joaquin,77,732212,330,191,3,194,10
2020-04-06,San Luis Obispo,79,281455,130,85,0,85,1
2020-04-06,San Mateo,81,765935,847,569,2,571,20
2020-04-06,Santa Barbara,83,443738,354,189,0,189,2
2020-04-06,Santa Clara,85,1922200,1664,1128,1,1129,43
2020-04-06,Santa Cruz,87,273765,95,65,0,65,1
2020-04-06,Shasta,89,179085,28,16,0,16,3
2020-04-06,Sierra,91,2930,0,0,0,0,0
2020-04-06,Siskiyou,93,43540,4,4,0,4,0
2020-04-06,Solano,95,438530,164,95,0,95,1
2020-04-06,Sonoma,97,501317,167,102,0,102,1
2020-04-06,Stanislaus,99,539301,170,72,3,75,0
2020-04-06,Sutter,101,95872,22,14,0,14,2
2020-04-06,Tehama,103,63373,1,1,0,1,0
2020-04-06,Trinity,105,12862,0,0,0,0,0
2020-04-06,Tulare,107,460477,264,126,1,127,5
2020-04-06,Tuolumne,109,53932,3,1,0,1,0
2020-04-06,Ventura,111,848112,390,234,0,234,6
2020-04-06,Yolo,113,214977,93,43,0,43,1
2020-04-06,Yuba,115,75493,14,8,0,8,0
2020-04-05,Alameda,1,1643700,910,475,0,475,12
2020-04-05,Alpine,3,1148,1,1,0,1,0
2020-04-05,Amador,5,37829,6,2,0,2,0
2020-04-05,Butte,7,227075,15,10,1,11,0
2020-04-05,Calaveras,9,45235,9,3,0,3,0
2020-04-05,Colusa,11,21464,3,1,0,1,0
2020-04-05,Contra Costa,13,1133247,621,415,0,415,6
2020-04-05,Del Norte,15,27424,2,1,0,1,0
2020-04-05,El Dorado,17,186661,40,19,0,19,0
2020-04-05,Fresno,19,978130,318,102,3,105,1
2020-04-05,Glenn,21,27897,4,2,0,2,0
2020-04-05,Humboldt,23,135768,55,29,0,29,0
2020-04-05,Imperial,25,180216,121,42,0,42,1
2020-04-05,Inyo,27,18085,11,10,0,10,0
2020-04-05,Kern,29,883053,408,109,0,109,2
2020-04-05,Kings,31,150075,28,4,1,5,0
2020-04-05,Lake,33,64148,4,0,0,0,0
2020-04-05,Lassen,35,31185,1,0,1,1,0
2020-04-05,Los Angeles,37,10098052,10415,5892,16,5908,130
2020-04-05,Madera,39,155013,52,27,0,27,2
2020-04-05,Marin,41,260295,159,113,1,114,6
2020-04-05,Mariposa,43,17540,0,0,0,0,0
2020-04-05,Mendocino,45,87422,4,4,0,4,0
2020-04-05,Merced,47,269075,53,16,0,16,0
2020-04-05,Modoc,49,8938,0,0,0,0,0
2020-04-05,Mono,51,14174,28,18,0,18,1
2020-04-05,Monterey,53,433212,86,61,0,61,2
2020-04-05,Napa,55,140530,39,15,0,15,2
2020-04-05,Nevada,57,99092,36,19,1,20,1
2020-04-05,Orange,59,3164182,1591,820,2,822,15
2020-04-05,Placer,61,380077,134,86,0,86,3
2020-04-05,Plumas,63,18699,3,2,0,2,0
2020-04-05,Riverside,65,2383286,1801,669,5,674,17
2020-04-05,Sacramento,67,1510023,750,393,0,393,11
2020-04-05,San Benito,69,59416,34,22,0,22,1
2020-04-05,San Bernardino,71,2135413,1026,375,0,375,13
2020-04-05,San Diego,73,3302833,1907,1328,0,1328,19
2020-04-05,San Francisco,75,870044,898,559,0,559,6
2020-04-05,San Joaquin,77,732212,315,179,3,182,10
2020-04-05,San Luis Obispo,79,281455,128,83,0,83,1
2020-04-05,San Mateo,81,765935,827,528,2,530,19
2020-04-05,Santa Barbara,83,443738,334,171,0,171,1
2020-04-05,Santa Clara,85,1922200,1620,1052,1,1053,42
2020-04-05,Santa Cruz,87,273765,95,59,0,59,1
2020-04-05,Shasta,89,179085,27,11,0,11,2
2020-04-05,Sierra,91,2930,0,0,0,0,0
2020-04-05,Siskiyou,93,43540,4,3,0,3,0
2020-04-05,Solano,95,438530,160,78,0,78,1
2020-04-05,Sonoma,97,501317,165,88,0,88,1
2020-04-05,Stanislaus,99,539301,156,51,3,54,0
2020-04-05,Sutter,101,95872,22,14,0,14,1
2020-04-05,Tehama,103,63373,1,1,0,1,0
2020-04-05,Trinity,105,12862,0,0,0,0,0
2020-04-05,Tulare,107,460477,232,81,1,82,4
2020-04-05,Tuolumne,109,53932,3,1,0,1,0
2020-04-05,Ventura,111,848112,376,196,0,196,6
2020-04-05,Yolo,113,214977,75,37,0,37,2
2020-04-05,Yuba,115,75493,14,7,0,7,0
2020-04-04,Alameda,1,1643700,887,468,0,468,12
2020-04-04,Alpine,3,1148,1,1,0,1,0
2020-04-04,Amador,5,37829,5,2,0,2,0
2020-04-04,Butte,7,227075,15,10,1,11,0
2020-04-04,Calaveras,9,45235,9,3,0,3,0
2020-04-04,Colusa,11,21464,3,1,0,1,0
2020-04-04,Contra Costa,13,1133247,613,382,0,382,5
2020-04-04,Del Norte,15,27424,2,1,0,1,0
2020-04-04,El Dorado,17,186661,40,19,0,19,0
2020-04-04,Fresno,19,978130,309,102,3,105,1
2020-04-04,Glenn,21,27897,4,2,0,2,0
2020-04-04,Humboldt,23,135768,55,29,0,29,0
2020-04-04,Imperial,25,180216,120,42,0,42,1
2020-04-04,Inyo,27,18085,11,10,0,10,0
2020-04-04,Kern,29,883053,379,103,0,103,2
2020-04-04,Kings,31,150075,28,3,1,4,0
2020-04-04,Lake,33,64148,4,0,0,0,0
2020-04-04,Lassen,35,31185,1,0,1,1,0
2020-04-04,Los Angeles,37,10098052,9799,5275,16,5291,117
2020-04-04,Madera,39,155013,50,27,0,27,2
2020-04-04,Marin,41,260295,157,111,0,111,6
2020-04-04,Mariposa,43,17540,0,0,0,0,0
2020-04-04,Mendocino,45,87422,4,4,0,4,0
2020-04-04,Merced,47,269075,49,11,0,11,0
2020-04-04,Modoc,49,8938,0,0,0,0,0
2020-04-04,Mono,51,14174,28,18,0,18,1
2020-04-04,Monterey,53,433212,83,61,0,61,2
2020-04-04,Napa,55,140530,39,15,0,15,2
2020-04-04,Nevada,57,99092,36,19,1,20,1
2020-04-04,Orange,59,3164182,1549,781,1,782,15
2020-04-04,Placer,61,380077,133,87,0,87,2
2020-04-04,Plumas,63,18699,3,2,0,2,0
2020-04-04,Riverside,65,2383286,1699,652,5,657,15
2020-04-04,Sacramento,67,1510023,732,393,0,393,11
2020-04-04,San Benito,69,59416,34,22,0,22,1
2020-04-04,San Bernardino,71,2135413,978,373,0,373,13
2020-04-04,San Diego,73,3302833,1859,1211,0,1211,18
2020-04-04,San Francisco,75,870044,860,537,0,537,6
2020-04-04,San Joaquin,77,732212,292,171,3,174,10
2020-04-04,San Luis Obispo,79,281455,128,82,0,82,0
2020-04-04,San Mateo,81,765935,815,520,2,522,17
2020-04-04,Santa Barbara,83,443738,325,167,0,167,1
2020-04-04,Santa Clara,85,1922200,1570,1045,1,1046,39
2020-04-04,Santa Cruz,87,273765,95,56,0,56,1
2020-04-04,Shasta,89,179085,26,11,0,11,2
2020-04-04,Sierra,91,2930,0,0,0,0,0
2020-04-04,Siskiyou,93,43540,4,3,0,3,0
2020-04-04,Solano,95,438530,155,79,0,79,1
2020-04-04,Sonoma,97,501317,162,88,0,88,1
2020-04-04,Stanislaus,99,539301,145,51,3,54,0
2020-04-04,Sutter,101,95872,22,14,0,14,1
2020-04-04,Tehama,103,63373,1,1,0,1,0
2020-04-04,Trinity,105,12862,0,0,0,0,0
2020-04-04,Tulare,107,460477,218,79,1,80,4
2020-04-04,Tuolumne,109,53932,3,1,0,1,0
2020-04-04,Ventura,111,848112,363,194,0,194,6
2020-04-04,Yolo,113,214977,73,40,0,40,2
2020-04-04,Yuba,115,75493,13,7,0,7,0
2020-04-03,Alameda,1,1643700,851,395,0,395,11
2020-04-03,Alpine,3,1148,1,1,0,1,0
2020-04-03,Amador,5,37829,5,2,0,2,0
2020-04-03,Butte,7,227075,15,8,1,9,0
2020-04-03,Calaveras,9,45235,9,3,0,3,0
2020-04-03,Colusa,11,21464,3,1,0,1,0
2020-04-03,Contra Costa,13,1133247,590,327,0,327,5
2020-04-03,Del Norte,15,27424,2,1,0,1,0
2020-04-03,El Dorado,17,186661,38,16,0,16,0
2020-04-03,Fresno,19,978130,297,98,3,101,1
2020-04-03,Glenn,21,27897,4,2,0,2,0
2020-04-03,Humboldt,23,135768,55,34,0,34,0
2020-04-03,Imperial,25,180216,111,35,0,35,0
2020-04-03,Inyo,27,18085,11,10,0,10,0
2020-04-03,Kern,29,883053,353,87,0,87,1
2020-04-03,Kings,31,150075,26,3,1,4,0
2020-04-03,Lake,33,64148,3,0,0,0,0
2020-04-03,Lassen,35,31185,1,0,1,1,0
2020-04-03,Los Angeles,37,10098052,9184,4566,16,4582,91
2020-04-03,Madera,39,155013,49,28,0,28,2
2020-04-03,Marin,41,260295,155,106,0,106,6
2020-04-03,Mariposa,43,17540,0,0,0,0,0
2020-04-03,Mendocino,45,87422,4,4,0,4,0
2020-04-03,Merced,47,269075,46,9,0,9,0
2020-04-03,Modoc,49,8938,0,0,0,0,0
2020-04-03,Mono,51,14174,28,18,0,18,1
2020-04-03,Monterey,53,433212,80,58,0,58,2
2020-04-03,Napa,55,140530,38,13,0,13,1
2020-04-03,Nevada,57,99092,36,19,1,20,1
2020-04-03,Orange,59,3164182,1510,713,1,714,13
2020-04-03,Placer,61,380077,129,76,0,76,2
2020-04-03,Plumas,63,18699,3,2,0,2,0
2020-04-03,Riverside,65,2383286,1620,540,5,545,14
2020-04-03,Sacramento,67,1510023,710,363,0,363,11
2020-04-03,San Benito,69,59416,34,22,0,22,1
2020-04-03,San Bernardino,71,2135413,933,356,0,356,11
2020-04-03,San Diego,73,3302833,1799,1114,0,1114,17
2020-04-03,San Francisco,75,870044,835,506,0,506,6
2020-04-03,San Joaquin,77,732212,280,162,3,165,10
2020-04-03,San Luis Obispo,79,281455,128,82,0,82,0
2020-04-03,San Mateo,81,765935,798,474,2,476,13
2020-04-03,Santa Barbara,83,443738,314,154,0,154,1
2020-04-03,Santa Clara,85,1922200,1536,983,1,984,39
2020-04-03,Santa Cruz,87,273765,95,52,0,52,1
2020-04-03,Shasta,89,179085,26,10,0,10,1
2020-04-03,Sierra,91,2930,0,0,0,0,0
2020-04-03,Siskiyou,93,43540,4,3,0,3,0
2020-04-03,Solano,95,438530,147,72,0,72,1
2020-04-03,Sonoma,97,501317,162,84,0,84,1
2020-04-03,Stanislaus,99,539301,139,48,3,51,0
2020-04-03,Sutter,101,95872,22,12,0,12,1
2020-04-03,Tehama,103,63373,1,1,0,1,0
2020-04-03,Trinity,105,12862,0,0,0,0,0
2020-04-03,Tulare,107,460477,205,73,1,74,3
2020-04-03,Tuolumne,109,53932,3,1,0,1,0
2020-04-03,Ventura,111,848112,353,186,0,186,6
2020-04-03,Yolo,113,214977,72,33,0,33,1
2020-04-03,Yuba,115,75493,13,6,0,6,0
2020-04-02,Alameda,1,1643700,800,345,0,345,10
2020-04-02,Alpine,3,1148,1,1,0,1,0
2020-04-02,Amador,5,37829,5,2,0,2,0
2020-04-02,Butte,7,227075,15,7,0,7,0
2020-04-02,Calaveras,9,45235,7,3,0,3,0
2020-04-02,Colusa,11,21464,3,1,0,1,0
2020-04-02,Contra Costa,13,1133247,560,297,0,297,3
2020-04-02,Del Norte,15,27424,2,0,0,0,0
2020-04-02,El Dorado,17,186661,36,16,0,16,0
2020-04-02,Fresno,19,978130,282,92,3,95,0
2020-04-02,Glenn,21,27897,3,2,0,2,0
2020-04-02,Humboldt,23,135768,51,23,0,23,0
2020-04-02,Imperial,25,180216,107,24,0,24,0
2020-04-02,Inyo,27,18085,10,8,0,8,0
2020-04-02,Kern,29,883053,327,74,0,74,0
2020-04-02,Kings,31,150075,26,3,1,4,0
2020-04-02,Lake,33,64148,3,0,0,0,0
2020-04-02,Lassen,35,31185,1,0,1,1,0
2020-04-02,Los Angeles,37,10098052,8352,4040,16,4056,79
2020-04-02,Madera,39,155013,47,25,0,25,1
2020-04-02,Marin,41,260295,149,102,0,102,1
2020-04-02,Mariposa,43,17540,0,0,0,0,0
2020-04-02,Mendocino,45,87422,4,4,0,4,0
2020-04-02,Merced,47,269075,41,9,0,9,0
2020-04-02,Modoc,49,8938,0,0,0,0,0
2020-04-02,Mono,51,14174,28,16,0,16,1
2020-04-02,Monterey,53,433212,79,50,0,50,2
2020-04-02,Napa,55,140530,38,13,0,13,0
2020-04-02,Nevada,57,99092,35,17,1,18,0
2020-04-02,Orange,59,3164182,1458,640,1,641,12
2020-04-02,Placer,61,380077,128,72,0,72,2
2020-04-02,Plumas,63,18699,3,1,0,1,0
2020-04-02,Riverside,65,2383286,1504,438,5,443,13
2020-04-02,Sacramento,67,1510023,692,322,0,322,9
2020-04-02,San Benito,69,59416,32,18,0,18,1
2020-04-02,San Bernardino,71,2135413,878,335,0,335,8
2020-04-02,San Diego,73,3302833,1732,968,0,968,16
2020-04-02,San Francisco,75,870044,808,473,0,473,6
2020-04-02,San Joaquin,77,732212,262,148,3,151,9
2020-04-02,San Luis Obispo,79,281455,123,79,0,79,0
2020-04-02,San Mateo,81,765935,777,423,2,425,13
2020-04-02,Santa Barbara,83,443738,301,125,0,125,1
2020-04-02,Santa Clara,85,1922200,1486,908,1,909,38
2020-04-02,Santa Cruz,87,273765,93,49,0,49,1
2020-04-02,Shasta,89,179085,25,7,0,7,1
2020-04-02,Sierra,91,2930,0,0,0,0,0
2020-04-02,Siskiyou,93,43540,4,3,0,3,0
2020-04-02,Solano,95,438530,137,65,0,65,0
2020-04-02,Sonoma,97,501317,158,76,0,76,1
2020-04-02,Stanislaus,99,539301,128,40,3,43,0
2020-04-02,Sutter,101,95872,21,10,0,10,1
2020-04-02,Tehama,103,63373,1,1,0,1,0
2020-04-02,Trinity,105,12862,0,0,0,0,0
2020-04-02,Tulare,107,460477,178,64,1,65,1
2020-04-02,Tuolumne,109,53932,3,1,0,1,0
2020-04-02,Ventura,111,848112,335,178,0,178,5
2020-04-02,Yolo,113,214977,70,29,0,29,1
2020-04-02,Yuba,115,75493,10,5,0,5,0
2020-04-01,Alameda,1,1643700,774,287,0,287,8
2020-04-01,Alpine,3,1148,1,1,0,1,0
2020-04-01,Amador,5,37829,5,1,0,1,0
2020-04-01,Butte,7,227075,15,6,0,6,0
2020-04-01,Calaveras,9,45235,6,3,0,3,0
2020-04-01,Colusa,11,21464,3,1,0,1,0
2020-04-01,Contra Costa,13,1133247,516,267,0,267,3
2020-04-01,Del Norte,15,27424,2,0,0,0,0
2020-04-01,El Dorado,17,186661,35,14,0,14,0
2020-04-01,Fresno,19,978130,262,75,2,77,0
2020-04-01,Glenn,21,27897,3,2,0,2,0
2020-04-01,Humboldt,23,135768,51,19,0,19,0
2020-04-01,Imperial,25,180216,100,25,0,25,0
2020-04-01,Inyo,27,18085,10,8,0,8,0
2020-04-01,Kern,29,883053,301,53,0,53,0
2020-04-01,Kings,31,150075,24,3,1,4,0
2020-04-01,Lake,33,64148,3,0,0,0,0
2020-04-01,Lassen,35,31185,1,0,1,1,0
2020-04-01,Los Angeles,37,10098052,7699,3502,16,3518,66
2020-04-01,Madera,39,155013,45,17,0,17,1
2020-04-01,Marin,41,260295,145,87,0,87,1
2020-04-01,Mariposa,43,17540,0,0,0,0,0
2020-04-01,Mendocino,45,87422,4,4,0,4,0
2020-04-01,Merced,47,269075,38,7,0,7,0
2020-04-01,Modoc,49,8938,0,0,0,0,0
2020-04-01,Mono,51,14174,28,12,0,12,1
2020-04-01,Monterey,53,433212,78,47,0,47,2
2020-04-01,Napa,55,140530,36,11,0,11,0
2020-04-01,Nevada,57,99092,35,15,1,16,0
2020-04-01,Orange,59,3164182,1405,579,1,580,11
2020-04-01,Placer,61,380077,127,52,0,52,2
2020-04-01,Plumas,63,18699,3,1,0,1,0
2020-04-01,Riverside,65,2383286,1336,306,5,311,11
2020-04-01,Sacramento,67,1510023,660,299,0,299,8
2020-04-01,San Benito,69,59416,29,14,0,14,1
2020-04-01,San Bernardino,71,2135413,828,245,0,245,5
2020-04-01,San Diego,73,3302833,1662,851,0,851,11
2020-04-01,San Francisco,75,870044,780,432,0,432,6
2020-04-01,San Joaquin,77,732212,251,132,3,135,8
2020-04-01,San Luis Obispo,79,281455,118,69,0,69,0
2020-04-01,San Mateo,81,765935,759,354,2,356,13
2020-04-01,Santa Barbara,83,443738,283,103,0,103,0
2020-04-01,Santa Clara,85,1922200,1446,805,1,806,33
2020-04-01,Santa Cruz,87,273765,88,44,0,44,1
2020-04-01,Shasta,89,179085,24,5,0,5,1
2020-04-01,Sierra,91,2930,0,0,0,0,0
2020-04-01,Siskiyou,93,43540,4,3,0,3,0
2020-04-01,Solano,95,438530,132,57,0,57,0
2020-04-01,Sonoma,97,501317,154,60,0,60,1
2020-04-01,Stanislaus,99,539301,117,29,3,32,0
2020-04-01,Sutter,101,95872,21,9,0,9,1
2020-04-01,Tehama,103,63373,1,0,0,0,0
2020-04-01,Trinity,105,12862,0,0,0,0,0
2020-04-01,Tulare,107,460477,143,43,1,44,1
2020-04-01,Tuolumne,109,53932,3,1,0,1,0
2020-04-01,Ventura,111,848112,322,154,0,154,5
2020-04-01,Yolo,113,214977,65,22,0,22,1
2020-04-01,Yuba,115,75493,9,5,0,5,0
2020-03-31,Alameda,1,1643700,706,269,0,269,7
2020-03-31,Alpine,3,1148,1,1,0,1,0
2020-03-31,Amador,5,37829,5,1,0,1,0
2020-03-31,Butte,7,227075,15,6,0,6,0
2020-03-31,Calaveras,9,45235,6,3,0,3,0
2020-03-31,Colusa,11,21464,3,1,0,1,0
2020-03-31,Contra Costa,13,1133247,491,246,0,246,3
2020-03-31,Del Norte,15,27424,1,0,0,0,0
2020-03-31,El Dorado,17,186661,31,14,0,14,0
2020-03-31,Fresno,19,978130,240,59,2,61,0
2020-03-31,Glenn,21,27897,3,2,0,2,0
2020-03-31,Humboldt,23,135768,51,18,0,18,0
2020-03-31,Imperial,25,180216,95,17,0,17,0
2020-03-31,Inyo,27,18085,10,8,0,8,0
2020-03-31,Kern,29,883053,278,47,0,47,0
2020-03-31,Kings,31,150075,22,2,1,3,0
2020-03-31,Lake,33,64148,1,0,0,0,0
2020-03-31,Lassen,35,31185,1,0,1,1,0
2020-03-31,Los Angeles,37,10098052,7035,3001,16,3017,53
2020-03-31,Madera,39,155013,44,17,0,17,1
2020-03-31,Marin,41,260295,136,85,0,85,1
2020-03-31,Mariposa,43,17540,0,0,0,0,0
2020-03-31,Mendocino,45,87422,4,4,0,4,0
2020-03-31,Merced,47,269075,33,6,0,6,0
2020-03-31,Modoc,49,8938,0,0,0,0,0
2020-03-31,Mono,51,14174,26,12,0,12,0
2020-03-31,Monterey,53,433212,76,43,0,43,2
2020-03-31,Napa,55,140530,35,9,0,9,0
2020-03-31,Nevada,57,99092,35,15,1,16,0
2020-03-31,Orange,59,3164182,1337,506,1,507,7
2020-03-31,Placer,61,380077,120,49,0,49,2
2020-03-31,Plumas,63,18699,1,0,0,0,0
2020-03-31,Riverside,65,2383286,1189,284,5,289,8
2020-03-31,Sacramento,67,1510023,608,271,0,271,8
2020-03-31,San Benito,69,59416,29,14,0,14,1
2020-03-31,San Bernardino,71,2135413,744,193,0,193,5
2020-03-31,San Diego,73,3302833,1580,736,0,736,9
2020-03-31,San Francisco,75,870044,745,404,0,404,5
2020-03-31,San Joaquin,77,732212,235,122,3,125,7
2020-03-31,San Luis Obispo,79,281455,115,67,0,67,0
2020-03-31,San Mateo,81,765935,740,297,2,299,12
2020-03-31,Santa Barbara,83,443738,266,89,0,89,0
2020-03-31,Santa Clara,85,1922200,1397,777,1,778,30
2020-03-31,Santa Cruz,87,273765,82,40,0,40,1
2020-03-31,Shasta,89,179085,21,5,0,5,1
2020-03-31,Sierra,91,2930,0,0,0,0,0
2020-03-31,Siskiyou,93,43540,4,3,0,3,0
2020-03-31,Solano,95,438530,118,56,0,56,0
2020-03-31,Sonoma,97,501317,149,58,0,58,1
2020-03-31,Stanislaus,99,539301,102,28,3,31,0
2020-03-31,Sutter,101,95872,21,8,0,8,0
2020-03-31,Tehama,103,63373,1,0,0,0,0
2020-03-31,Trinity,105,12862,0,0,0,0,0
2020-03-31,Tulare,107,460477,122,42,1,43,1
2020-03-31,Tuolumne,109,53932,3,1,0,1,0
2020-03-31,Ventura,111,848112,311,143,0,143,4
2020-03-31,Yolo,113,214977,58,21,0,21,1
2020-03-31,Yuba,115,75493,9,5,0,5,0
2020-03-30,Alameda,1,1643700,666,250,0,250,7
2020-03-30,Alpine,3,1148,1,1,0,1,0
2020-03-30,Amador,5,37829,5,1,0,1,0
2020-03-30,Butte,7,227075,13,5,0,5,0
2020-03-30,Calaveras,9,45235,6,3,0,3,0
2020-03-30,Colusa,11,21464,3,1,0,1,0
2020-03-30,Contra Costa,13,1133247,465,212,0,212,3
2020-03-30,Del Norte,15,27424,0,0,0,0,0
2020-03-30,El Dorado,17,186661,31,11,0,11,0
2020-03-30,Fresno,19,978130,216,46,2,48,0
2020-03-30,Glenn,21,27897,3,2,0,2,0
2020-03-30,Humboldt,23,135768,49,11,0,11,0
2020-03-30,Imperial,25,180216,91,9,0,9,0
2020-03-30,Inyo,27,18085,10,5,0,5,0
2020-03-30,Kern,29,883053,245,30,0,30,0
2020-03-30,Kings,31,150075,22,1,1,2,0
2020-03-30,Lake,33,64148,1,0,0,0,0
2020-03-30,Lassen,35,31185,1,0,0,0,0
2020-03-30,Los Angeles,37,10098052,6383,2467,16,2483,44
2020-03-30,Madera,39,155013,43,14,0,14,1
2020-03-30,Marin,41,260295,129,78,0,78,0
2020-03-30,Mariposa,43,17540,0,0,0,0,0
2020-03-30,Mendocino,45,87422,4,2,0,2,0
2020-03-30,Merced,47,269075,29,6,0,6,0
2020-03-30,Modoc,49,8938,0,0,0,0,0
2020-03-30,Mono,51,14174,26,11,0,11,0
2020-03-30,Monterey,53,433212,71,41,0,41,1
2020-03-30,Napa,55,140530,34,9,0,9,0
2020-03-30,Nevada,57,99092,34,14,1,15,0
2020-03-30,Orange,59,3164182,1273,418,1,419,5
2020-03-30,Placer,61,380077,117,44,0,44,2
2020-03-30,Plumas,63,18699,1,0,0,0,0
2020-03-30,Riverside,65,2383286,1108,204,5,209,7
2020-03-30,Sacramento,67,1510023,584,238,0,238,8
2020-03-30,San Benito,69,59416,29,11,0,11,1
2020-03-30,San Bernardino,71,2135413,700,145,0,145,4
2020-03-30,San Diego,73,3302833,1510,605,0,605,7
2020-03-30,San Francisco,75,870044,705,368,0,368,5
2020-03-30,San Joaquin,77,732212,228,112,3,115,5
2020-03-30,San Luis Obispo,79,281455,113,62,0,62,0
2020-03-30,San Mateo,81,765935,716,257,2,259,11
2020-03-30,Santa Barbara,83,443738,256,79,0,79,0
2020-03-30,Santa Clara,85,1922200,1366,745,1,746,31
2020-03-30,Santa Cruz,87,273765,79,36,0,36,1
2020-03-30,Shasta,89,179085,20,4,0,4,1
2020-03-30,Sierra,91,2930,0,0,0,0,0
2020-03-30,Siskiyou,93,43540,4,2,0,2,0
2020-03-30,Solano,95,438530,112,50,0,50,0
2020-03-30,Sonoma,97,501317,146,57,0,57,1
2020-03-30,Stanislaus,99,539301,95,28,3,31,0
2020-03-30,Sutter,101,95872,20,6,0,6,0
2020-03-30,Tehama,103,63373,1,0,0,0,0
2020-03-30,Trinity,105,12862,0,0,0,0,0
2020-03-30,Tulare,107,460477,113,40,1,41,1
2020-03-30,Tuolumne,109,53932,3,1,0,1,0
2020-03-30,Ventura,111,848112,300,118,0,118,2
2020-03-30,Yolo,113,214977,56,17,0,17,1
2020-03-30,Yuba,115,75493,8,5,0,5,0
2020-03-29,Alameda,1,1643700,632,207,0,207,6
2020-03-29,Alpine,3,1148,1,0,0,0,0
2020-03-29,Amador,5,37829,5,1,0,1,0
2020-03-29,Butte,7,227075,13,4,0,4,0
2020-03-29,Calaveras,9,45235,6,2,0,2,0
2020-03-29,Colusa,11,21464,3,1,0,1,0
2020-03-29,Contra Costa,13,1133247,435,187,0,187,3
2020-03-29,Del Norte,15,27424,0,0,0,0,0
2020-03-29,El Dorado,17,186661,30,9,0,9,0
2020-03-29,Fresno,19,978130,193,31,2,33,0
2020-03-29,Glenn,21,27897,2,1,0,1,0
2020-03-29,Humboldt,23,135768,46,9,0,9,0
2020-03-29,Imperial,25,180216,85,9,0,9,0
2020-03-29,Inyo,27,18085,9,0,0,0,0
2020-03-29,Kern,29,883053,227,20,0,20,0
2020-03-29,Kings,31,150075,19,1,1,2,0
2020-03-29,Lake,33,64148,0,0,0,0,0
2020-03-29,Lassen,35,31185,1,0,0,0,0
2020-03-29,Los Angeles,37,10098052,5739,2119,16,2135,37
2020-03-29,Madera,39,155013,38,11,0,11,1
2020-03-29,Marin,41,260295,124,60,0,60,0
2020-03-29,Mariposa,43,17540,0,0,0,0,0
2020-03-29,Mendocino,45,87422,4,2,0,2,0
2020-03-29,Merced,47,269075,28,4,0,4,0
2020-03-29,Modoc,49,8938,0,0,0,0,0
2020-03-29,Mono,51,14174,26,8,0,8,0
2020-03-29,Monterey,53,433212,66,36,0,36,1
2020-03-29,Napa,55,140530,32,5,0,5,0
2020-03-29,Nevada,57,99092,32,13,1,14,0
2020-03-29,Orange,59,3164182,1200,343,1,344,2
2020-03-29,Placer,61,380077,116,35,0,35,2
2020-03-29,Plumas,63,18699,1,0,0,0,0
2020-03-29,Riverside,65,2383286,984,122,5,127,7
2020-03-29,Sacramento,67,1510023,544,217,0,217,7
2020-03-29,San Benito,69,59416,28,10,0,10,1
2020-03-29,San Bernardino,71,2135413,648,94,0,94,2
2020-03-29,San Diego,73,3302833,1438,521,0,521,7
2020-03-29,San Francisco,75,870044,661,333,0,333,5
2020-03-29,San Joaquin,77,732212,219,86,3,89,4
2020-03-29,San Luis Obispo,79,281455,108,55,0,55,0
2020-03-29,San Mateo,81,765935,691,234,2,236,12
2020-03-29,Santa Barbara,83,443738,245,52,0,52,0
2020-03-29,Santa Clara,85,1922200,1311,591,1,592,30
2020-03-29,Santa Cruz,87,273765,79,33,0,33,1
2020-03-29,Shasta,89,179085,19,4,0,4,1
2020-03-29,Sierra,91,2930,0,0,0,0,0
2020-03-29,Siskiyou,93,43540,4,2,0,2,0
2020-03-29,Solano,95,438530,103,48,0,48,0
2020-03-29,Sonoma,97,501317,144,35,0,35,1
2020-03-29,Stanislaus,99,539301,90,19,3,22,0
2020-03-29,Sutter,101,95872,17,6,0,6,0
2020-03-29,Tehama,103,63373,1,0,0,0,0
2020-03-29,Trinity,105,12862,0,0,0,0,0
2020-03-29,Tulare,107,460477,94,24,1,25,1
2020-03-29,Tuolumne,109,53932,2,1,0,1,0
2020-03-29,Ventura,111,848112,273,92,0,92,2
2020-03-29,Yolo,113,214977,51,13,0,13,1
2020-03-29,Yuba,115,75493,8,3,0,3,0
2020-03-28,Alameda,1,1643700,605,410,0,410,12
2020-03-28,Alpine,3,1148,1,0,0,0,0
2020-03-28,Amador,5,37829,5,2,0,2,0
2020-03-28,Butte,7,227075,13,8,0,8,0
2020-03-28,Calaveras,9,45235,6,4,0,4,0
2020-03-28,Colusa,11,21464,3,2,0,2,0
2020-03-28,Contra Costa,13,1133247,412,350,0,350,4
2020-03-28,Del Norte,15,27424,0,0,0,0,0
2020-03-28,El Dorado,17,186661,29,18,0,18,0
2020-03-28,Fresno,19,978130,183,62,2,64,0
2020-03-28,Glenn,21,27897,2,2,0,2,0
2020-03-28,Humboldt,23,135768,46,18,0,18,0
2020-03-28,Imperial,25,180216,80,18,0,18,0
2020-03-28,Inyo,27,18085,9,0,0,0,0
2020-03-28,Kern,29,883053,210,40,0,40,0
2020-03-28,Kings,31,150075,18,2,1,3,0
2020-03-28,Lake,33,64148,0,0,0,0,0
2020-03-28,Lassen,35,31185,1,0,0,0,0
2020-03-28,Los Angeles,37,10098052,5354,3600,15,3615,64
2020-03-28,Madera,39,155013,38,22,0,22,2
2020-03-28,Marin,41,260295,119,116,0,116,0
2020-03-28,Mariposa,43,17540,0,0,0,0,0
2020-03-28,Mendocino,45,87422,4,4,0,4,0
2020-03-28,Merced,47,269075,27,8,0,8,0
2020-03-28,Modoc,49,8938,0,0,0,0,0
2020-03-28,Mono,51,14174,24,12,0,12,0
2020-03-28,Monterey,53,433212,65,64,0,64,2
2020-03-28,Napa,55,140530,27,10,0,10,0
2020-03-28,Nevada,57,99092,32,22,1,23,0
2020-03-28,Orange,59,3164182,1164,656,1,657,4
2020-03-28,Placer,61,380077,111,70,0,70,2
2020-03-28,Plumas,63,18699,1,0,0,0,0
2020-03-28,Riverside,65,2383286,916,242,5,247,14
2020-03-28,Sacramento,67,1510023,526,406,0,406,14
2020-03-28,San Benito,69,59416,28,20,0,20,2
2020-03-28,San Bernardino,71,2135413,600,162,0,162,4
2020-03-28,San Diego,73,3302833,1379,980,0,980,14
2020-03-28,San Francisco,75,870044,637,600,0,600,6
2020-03-28,San Joaquin,77,732212,212,166,3,169,8
2020-03-28,San Luis Obispo,79,281455,106,104,0,104,0
2020-03-28,San Mateo,81,765935,671,462,2,464,17
2020-03-28,Santa Barbara,83,443738,234,98,0,98,0
2020-03-28,Santa Clara,85,1922200,1292,1174,1,1175,54
2020-03-28,Santa Cruz,87,273765,78,62,0,62,0
2020-03-28,Shasta,89,179085,19,8,0,8,2
2020-03-28,Sierra,91,2930,0,0,0,0,0
2020-03-28,Siskiyou,93,43540,4,4,0,4,0
2020-03-28,Solano,95,438530,99,96,0,96,0
2020-03-28,Sonoma,97,501317,142,70,0,70,2
2020-03-28,Stanislaus,99,539301,85,34,3,37,0
2020-03-28,Sutter,101,95872,17,6,0,6,0
2020-03-28,Tehama,103,63373,1,0,0,0,0
2020-03-28,Trinity,105,12862,0,0,0,0,0
2020-03-28,Tulare,107,460477,88,46,1,47,0
2020-03-28,Tuolumne,109,53932,2,2,0,2,0
2020-03-28,Ventura,111,848112,269,178,0,178,4
2020-03-28,Yolo,113,214977,50,26,0,26,2
2020-03-28,Yuba,115,75493,8,6,0,6,0
2020-03-27,Alameda,1,1643700,586,185,0,185,4
2020-03-27,Alpine,3,1148,1,0,0,0,0
2020-03-27,Amador,5,37829,4,1,0,1,0
2020-03-27,Butte,7,227075,11,4,0,4,0
2020-03-27,Calaveras,9,45235,6,2,0,2,0
2020-03-27,Colusa,11,21464,3,0,0,0,0
2020-03-27,Contra Costa,13,1133247,391,161,0,161,2
2020-03-27,Del Norte,15,27424,0,0,0,0,0
2020-03-27,El Dorado,17,186661,27,9,0,9,0
2020-03-27,Fresno,19,978130,171,29,1,30,0
2020-03-27,Glenn,21,27897,2,0,0,0,0
2020-03-27,Humboldt,23,135768,42,9,0,9,0
2020-03-27,Imperial,25,180216,75,9,0,9,0
2020-03-27,Inyo,27,18085,9,0,0,0,0
2020-03-27,Kern,29,883053,197,20,0,20,0
2020-03-27,Kings,31,150075,17,0,1,1,0
2020-03-27,Lake,33,64148,0,0,0,0,0
2020-03-27,Lassen,35,31185,1,0,0,0,0
2020-03-27,Los Angeles,37,10098052,4941,1474,15,1489,26
2020-03-27,Madera,39,155013,36,10,0,10,1
2020-03-27,Marin,41,260295,114,58,0,58,0
2020-03-27,Mariposa,43,17540,0,0,0,0,0
2020-03-27,Mendocino,45,87422,4,2,0,2,0
2020-03-27,Merced,47,269075,26,3,0,3,0
2020-03-27,Modoc,49,8938,0,0,0,0,0
2020-03-27,Mono,51,14174,24,6,0,6,0
2020-03-27,Monterey,53,433212,62,26,0,26,1
2020-03-27,Napa,55,140530,27,5,0,5,0
2020-03-27,Nevada,57,99092,32,6,1,7,0
2020-03-27,Orange,59,3164182,1112,299,1,300,2
2020-03-27,Placer,61,380077,108,33,0,33,1
2020-03-27,Plumas,63,18699,0,0,0,0,0
2020-03-27,Riverside,65,2383286,860,121,5,126,7
2020-03-27,Sacramento,67,1510023,503,163,0,163,6
2020-03-27,San Benito,69,59416,27,9,0,9,1
2020-03-27,San Bernardino,71,2135413,510,77,0,77,2
2020-03-27,San Diego,73,3302833,1323,419,0,419,5
2020-03-27,San Francisco,75,870044,612,285,0,285,2
2020-03-27,San Joaquin,77,732212,201,73,3,76,3
2020-03-27,San Luis Obispo,79,281455,104,46,0,46,0
2020-03-27,San Mateo,81,765935,645,213,2,215,7
2020-03-27,Santa Barbara,83,443738,218,37,0,37,0
2020-03-27,Santa Clara,85,1922200,1255,557,1,558,25
2020-03-27,Santa Cruz,87,273765,78,31,0,31,0
2020-03-27,Shasta,89,179085,16,3,0,3,1
2020-03-27,Sierra,91,2930,0,0,0,0,0
2020-03-27,Siskiyou,93,43540,4,2,0,2,0
2020-03-27,Solano,95,438530,93,48,0,48,0
2020-03-27,Sonoma,97,501317,134,35,0,35,1
2020-03-27,Stanislaus,99,539301,83,16,3,19,0
2020-03-27,Sutter,101,95872,16,2,0,2,0
2020-03-27,Tehama,103,63373,1,0,0,0,0
2020-03-27,Trinity,105,12862,0,0,0,0,0
2020-03-27,Tulare,107,460477,80,15,1,16,0
2020-03-27,Tuolumne,109,53932,2,1,0,1,0
2020-03-27,Ventura,111,848112,260,80,0,80,2
2020-03-27,Yolo,113,214977,49,13,0,13,1
2020-03-27,Yuba,115,75493,7,3,0,3,0
2020-03-26,Alameda,1,1643700,546,172,0,172,4
2020-03-26,Alpine,3,1148,1,0,0,0,0
2020-03-26,Amador,5,37829,4,1,0,1,0
2020-03-26,Butte,7,227075,11,4,0,4,0
2020-03-26,Calaveras,9,45235,6,2,0,2,0
2020-03-26,Colusa,11,21464,3,0,0,0,0
2020-03-26,Contra Costa,13,1133247,381,147,0,147,2
2020-03-26,Del Norte,15,27424,0,0,0,0,0
2020-03-26,El Dorado,17,186661,26,7,0,7,0
2020-03-26,Fresno,19,978130,162,25,1,26,0
2020-03-26,Glenn,21,27897,2,0,0,0,0
2020-03-26,Humboldt,23,135768,38,8,0,8,0
2020-03-26,Imperial,25,180216,71,8,0,8,0
2020-03-26,Inyo,27,18085,8,0,0,0,0
2020-03-26,Kern,29,883053,181,20,0,20,0
2020-03-26,Kings,31,150075,17,0,1,1,0
2020-03-26,Lake,33,64148,0,0,0,0,0
2020-03-26,Lassen,35,31185,1,0,0,0,0
2020-03-26,Los Angeles,37,10098052,4540,1075,15,1090,19
2020-03-26,Madera,39,155013,34,8,0,8,0
2020-03-26,Marin,41,260295,105,56,0,56,0
2020-03-26,Mariposa,43,17540,0,0,0,0,0
2020-03-26,Mendocino,45,87422,3,1,0,1,0
2020-03-26,Merced,47,269075,23,1,0,1,0
2020-03-26,Modoc,49,8938,0,0,0,0,0
2020-03-26,Mono,51,14174,23,5,0,5,0
2020-03-26,Monterey,53,433212,59,25,0,25,1
2020-03-26,Napa,55,140530,26,5,0,5,0
2020-03-26,Nevada,57,99092,32,7,1,8,0
2020-03-26,Orange,59,3164182,1050,279,1,280,1
2020-03-26,Placer,61,380077,104,34,0,34,1
2020-03-26,Plumas,63,18699,0,0,0,0,0
2020-03-26,Riverside,65,2383286,790,118,5,123,7
2020-03-26,Sacramento,67,1510023,470,147,0,147,5
2020-03-26,San Benito,69,59416,27,8,0,8,1
2020-03-26,San Bernardino,71,2135413,444,57,0,57,1
2020-03-26,San Diego,73,3302833,1256,299,0,299,2
2020-03-26,San Francisco,75,870044,585,261,0,261,1
2020-03-26,San Joaquin,77,732212,190,69,3,72,3
2020-03-26,San Luis Obispo,79,281455,99,38,0,38,0
2020-03-26,San Mateo,81,765935,612,122,2,124,5
2020-03-26,Santa Barbara,83,443738,202,33,0,33,0
2020-03-26,Santa Clara,85,1922200,1212,487,1,488,20
2020-03-26,Santa Cruz,87,273765,74,30,0,30,0
2020-03-26,Shasta,89,179085,16,3,0,3,1
2020-03-26,Sierra,91,2930,0,0,0,0,0
2020-03-26,Siskiyou,93,43540,4,2,0,2,0
2020-03-26,Solano,95,438530,85,41,0,41,0
2020-03-26,Sonoma,97,501317,129,33,0,33,1
2020-03-26,Stanislaus,99,539301,81,15,3,18,0
2020-03-26,Sutter,101,95872,12,2,0,2,0
2020-03-26,Tehama,103,63373,1,0,0,0,0
2020-03-26,Trinity,105,12862,0,0,0,0,0
2020-03-26,Tulare,107,460477,73,15,1,16,0
2020-03-26,Tuolumne,109,53932,2,0,0,0,0
2020-03-26,Ventura,111,848112,244,70,0,70,1
2020-03-26,Yolo,113,214977,45,13,0,13,1
2020-03-26,Yuba,115,75493,7,3,0,3,0
2020-03-25,Alameda,1,1643700,525,134,0,134,3
2020-03-25,Alpine,3,1148,1,0,0,0,0
2020-03-25,Amador,5,37829,4,1,0,1,0
2020-03-25,Butte,7,227075,11,4,0,4,0
2020-03-25,Calaveras,9,45235,6,2,0,2,0
2020-03-25,Colusa,11,21464,2,0,0,0,0
2020-03-25,Contra Costa,13,1133247,367,131,0,131,1
2020-03-25,Del Norte,15,27424,0,0,0,0,0
2020-03-25,El Dorado,17,186661,26,5,0,5,0
2020-03-25,Fresno,19,978130,147,21,1,22,0
2020-03-25,Glenn,21,27897,2,0,0,0,0
2020-03-25,Humboldt,23,135768,35,3,0,3,0
2020-03-25,Imperial,25,180216,63,8,0,8,0
2020-03-25,Inyo,27,18085,5,0,0,0,0
2020-03-25,Kern,29,883053,161,13,0,13,0
2020-03-25,Kings,31,150075,16,0,1,1,0
2020-03-25,Lake,33,64148,0,0,0,0,0
2020-03-25,Lassen,35,31185,1,0,0,0,0
2020-03-25,Los Angeles,37,10098052,4143,725,15,740,10
2020-03-25,Madera,39,155013,32,6,0,6,0
2020-03-25,Marin,41,260295,99,47,0,47,0
2020-03-25,Mariposa,43,17540,0,0,0,0,0
2020-03-25,Mendocino,45,87422,2,1,0,1,0
2020-03-25,Merced,47,269075,19,0,0,0,0
2020-03-25,Modoc,49,8938,0,0,0,0,0
2020-03-25,Mono,51,14174,22,4,0,4,0
2020-03-25,Monterey,53,433212,56,23,0,23,1
2020-03-25,Napa,55,140530,26,5,0,5,0
2020-03-25,Nevada,57,99092,31,5,1,6,0
2020-03-25,Orange,59,3164182,992,214,1,215,1
2020-03-25,Placer,61,380077,98,30,0,30,1
2020-03-25,Plumas,63,18699,0,1,0,1,0
2020-03-25,Riverside,65,2383286,719,87,5,92,5
2020-03-25,Sacramento,67,1510023,444,114,0,114,5
2020-03-25,San Benito,69,59416,26,4,0,4,1
2020-03-25,San Bernardino,71,2135413,405,46,0,46,1
2020-03-25,San Diego,73,3302833,1194,238,0,238,2
2020-03-25,San Francisco,75,870044,544,212,0,212,1
2020-03-25,San Joaquin,77,732212,177,64,3,67,2
2020-03-25,San Luis Obispo,79,281455,96,35,0,35,0
2020-03-25,San Mateo,81,765935,577,111,2,113,5
2020-03-25,Santa Barbara,83,443738,191,25,0,25,0
2020-03-25,Santa Clara,85,1922200,1168,452,1,453,20
2020-03-25,Santa Cruz,87,273765,71,26,0,26,0
2020-03-25,Shasta,89,179085,15,3,0,3,1
2020-03-25,Sierra,91,2930,0,0,0,0,0
2020-03-25,Siskiyou,93,43540,4,2,0,2,0
2020-03-25,Solano,95,438530,80,39,0,39,0
2020-03-25,Sonoma,97,501317,124,31,0,31,1
2020-03-25,Stanislaus,99,539301,74,14,3,17,0
2020-03-25,Sutter,101,95872,9,1,0,1,0
2020-03-25,Tehama,103,63373,1,0,0,0,0
2020-03-25,Trinity,105,12862,0,0,0,0,0
2020-03-25,Tulare,107,460477,63,11,1,12,0
2020-03-25,Tuolumne,109,53932,2,0,0,0,0
2020-03-25,Ventura,111,848112,228,53,0,53,1
2020-03-25,Yolo,113,214977,43,9,0,9,1
2020-03-25,Yuba,115,75493,7,2,0,2,0
2020-03-24,Alameda,1,1643700,493,96,0,96,2
2020-03-24,Alpine,3,1148,1,0,0,0,0
2020-03-24,Amador,5,37829,2,1,0,1,0
2020-03-24,Butte,7,227075,10,3,0,3,0
2020-03-24,Calaveras,9,45235,5,2,0,2,0
2020-03-24,Colusa,11,21464,2,0,0,0,0
2020-03-24,Contra Costa,13,1133247,354,108,0,108,1
2020-03-24,Del Norte,15,27424,0,0,0,0,0
2020-03-24,El Dorado,17,186661,26,3,0,3,0
2020-03-24,Fresno,19,978130,128,18,1,19,0
2020-03-24,Glenn,21,27897,2,0,0,0,0
2020-03-24,Humboldt,23,135768,33,2,0,2,0
2020-03-24,Imperial,25,180216,60,3,0,3,0
2020-03-24,Inyo,27,18085,5,0,0,0,0
2020-03-24,Kern,29,883053,143,5,0,5,0
2020-03-24,Kings,31,150075,15,0,1,1,0
2020-03-24,Lake,33,64148,0,0,0,0,0
2020-03-24,Lassen,35,31185,1,0,0,0,0
2020-03-24,Los Angeles,37,10098052,3693,633,15,648,7
2020-03-24,Madera,39,155013,31,6,0,6,0
2020-03-24,Marin,41,260295,88,44,0,44,0
2020-03-24,Mariposa,43,17540,0,0,0,0,0
2020-03-24,Mendocino,45,87422,2,1,0,1,0
2020-03-24,Merced,47,269075,17,0,0,0,0
2020-03-24,Modoc,49,8938,0,0,0,0,0
2020-03-24,Mono,51,14174,21,1,0,1,0
2020-03-24,Monterey,53,433212,52,23,0,23,1
2020-03-24,Napa,55,140530,23,2,0,2,0
2020-03-24,Nevada,57,99092,30,4,1,5,0
2020-03-24,Orange,59,3164182,930,166,1,167,0
2020-03-24,Placer,61,380077,92,22,0,22,1
2020-03-24,Plumas,63,18699,0,1,0,1,0
2020-03-24,Riverside,65,2383286,652,56,5,61,5
2020-03-24,Sacramento,67,1510023,425,93,0,93,4
2020-03-24,San Benito,69,59416,25,4,0,4,1
2020-03-24,San Bernardino,71,2135413,361,27,0,27,0
2020-03-24,San Diego,73,3302833,1127,231,0,231,2
2020-03-24,San Francisco,75,870044,512,181,0,181,1
2020-03-24,San Joaquin,77,732212,166,52,3,55,2
2020-03-24,San Luis Obispo,79,281455,94,32,0,32,0
2020-03-24,San Mateo,81,765935,536,100,2,102,2
2020-03-24,Santa Barbara,83,443738,185,20,0,20,0
2020-03-24,Santa Clara,85,1922200,1099,389,1,390,17
2020-03-24,Santa Cruz,87,273765,66,22,0,22,0
2020-03-24,Shasta,89,179085,14,3,0,3,0
2020-03-24,Sierra,91,2930,0,0,0,0,0
2020-03-24,Siskiyou,93,43540,4,2,0,2,0
2020-03-24,Solano,95,438530,78,34,0,34,0
2020-03-24,Sonoma,97,501317,117,27,0,27,1
2020-03-24,Stanislaus,99,539301,65,13,3,16,0
2020-03-24,Sutter,101,95872,9,0,0,0,0
2020-03-24,Tehama,103,63373,1,0,0,0,0
2020-03-24,Trinity,105,12862,0,0,0,0,0
2020-03-24,Tulare,107,460477,55,10,1,11,0
2020-03-24,Tuolumne,109,53932,2,0,0,0,0
2020-03-24,Ventura,111,848112,212,44,0,44,1
2020-03-24,Yolo,113,214977,39,8,0,8,0
2020-03-24,Yuba,115,75493,7,2,0,2,0
2020-03-23,Alameda,1,1643700,461,88,0,88,1
2020-03-23,Alpine,3,1148,1,0,0,0,0
2020-03-23,Amador,5,37829,2,1,0,1,0
2020-03-23,Butte,7,227075,10,2,0,2,0
2020-03-23,Calaveras,9,45235,5,2,0,2,0
2020-03-23,Colusa,11,21464,1,0,0,0,0
2020-03-23,Contra Costa,13,1133247,334,91,0,91,2
2020-03-23,Del Norte,15,27424,0,0,0,0,0
2020-03-23,El Dorado,17,186661,25,3,0,3,0
2020-03-23,Fresno,19,978130,118,10,1,11,0
2020-03-23,Glenn,21,27897,2,0,0,0,0
2020-03-23,Humboldt,23,135768,31,2,0,2,0
2020-03-23,Imperial,25,180216,55,2,0,2,0
2020-03-23,Inyo,27,18085,3,0,0,0,0
2020-03-23,Kern,29,883053,129,5,0,5,0
2020-03-23,Kings,31,150075,15,0,1,1,0
2020-03-23,Lake,33,64148,0,0,0,0,0
2020-03-23,Lassen,35,31185,1,0,0,0,0
2020-03-23,Los Angeles,37,10098052,3389,389,15,404,4
2020-03-23,Madera,39,155013,31,4,0,4,0
2020-03-23,Marin,41,260295,83,30,0,30,0
2020-03-23,Mariposa,43,17540,0,0,0,0,0
2020-03-23,Mendocino,45,87422,2,1,0,1,0
2020-03-23,Merced,47,269075,11,0,0,0,0
2020-03-23,Modoc,49,8938,0,0,0,0,0
2020-03-23,Mono,51,14174,19,1,0,1,0
2020-03-23,Monterey,53,433212,47,14,0,14,1
2020-03-23,Napa,55,140530,21,1,0,1,0
2020-03-23,Nevada,57,99092,27,2,1,3,0
2020-03-23,Orange,59,3164182,876,138,1,139,0
2020-03-23,Placer,61,380077,89,19,0,19,1
2020-03-23,Plumas,63,18699,0,0,0,0,0
2020-03-23,Riverside,65,2383286,611,39,5,44,5
2020-03-23,Sacramento,67,1510023,392,87,0,87,4
2020-03-23,San Benito,69,59416,24,4,0,4,1
2020-03-23,San Bernardino,71,2135413,331,17,0,17,0
2020-03-23,San Diego,73,3302833,1068,178,0,178,1
2020-03-23,San Francisco,75,870044,483,152,0,152,0
2020-03-23,San Joaquin,77,732212,154,37,3,40,2
2020-03-23,San Luis Obispo,79,281455,88,23,0,23,0
2020-03-23,San Mateo,81,765935,498,88,2,90,1
2020-03-23,Santa Barbara,83,443738,164,18,0,18,0
2020-03-23,Santa Clara,85,1922200,1052,336,1,337,13
2020-03-23,Santa Cruz,87,273765,64,21,0,21,0
2020-03-23,Shasta,89,179085,12,2,0,2,0
2020-03-23,Sierra,91,2930,0,0,0,0,0
2020-03-23,Siskiyou,93,43540,4,2,0,2,0
2020-03-23,Solano,95,438530,74,33,0,33,0
2020-03-23,Sonoma,97,501317,105,19,0,19,1
2020-03-23,Stanislaus,99,539301,57,10,3,13,0
2020-03-23,Sutter,101,95872,9,0,0,0,0
2020-03-23,Tehama,103,63373,1,0,0,0,0
2020-03-23,Trinity,105,12862,0,0,0,0,0
2020-03-23,Tulare,107,460477,49,9,1,10,0
2020-03-23,Tuolumne,109,53932,2,0,0,0,0
2020-03-23,Ventura,111,848112,195,30,0,30,0
2020-03-23,Yolo,113,214977,38,8,0,8,0
2020-03-23,Yuba,115,75493,7,2,0,2,0
2020-03-22,Alameda,1,1643700,422,72,0,72,1
2020-03-22,Alpine,3,1148,1,0,0,0,0
2020-03-22,Amador,5,37829,2,1,0,1,0
2020-03-22,Butte,7,227075,7,1,0,1,0
2020-03-22,Calaveras,9,45235,4,2,0,2,0
2020-03-22,Colusa,11,21464,1,0,0,0,0
2020-03-22,Contra Costa,13,1133247,309,79,0,79,1
2020-03-22,Del Norte,15,27424,0,0,0,0,0
2020-03-22,El Dorado,17,186661,23,1,0,1,0
2020-03-22,Fresno,19,978130,100,8,1,9,0
2020-03-22,Glenn,21,27897,2,0,0,0,0
2020-03-22,Humboldt,23,135768,28,1,0,1,0
2020-03-22,Imperial,25,180216,53,2,0,2,0
2020-03-22,Inyo,27,18085,1,0,0,0,0
2020-03-22,Kern,29,883053,113,3,0,3,0
2020-03-22,Kings,31,150075,13,0,1,1,0
2020-03-22,Lake,33,64148,0,0,0,0,0
2020-03-22,Lassen,35,31185,1,0,0,0,0
2020-03-22,Los Angeles,37,10098052,3067,384,15,399,3
2020-03-22,Madera,39,155013,29,4,0,4,0
2020-03-22,Marin,41,260295,73,30,0,30,0
2020-03-22,Mariposa,43,17540,0,0,0,0,0
2020-03-22,Mendocino,45,87422,2,1,0,1,0
2020-03-22,Merced,47,269075,7,0,0,0,0
2020-03-22,Modoc,49,8938,0,0,0,0,0
2020-03-22,Mono,51,14174,14,1,0,1,0
2020-03-22,Monterey,53,433212,45,14,0,14,1
2020-03-22,Napa,55,140530,17,1,0,1,0
2020-03-22,Nevada,57,99092,23,2,1,3,0
2020-03-22,Orange,59,3164182,810,102,1,103,0
2020-03-22,Placer,61,380077,87,18,0,18,1
2020-03-22,Plumas,63,18699,0,0,0,0,0
2020-03-22,Riverside,65,2383286,534,26,3,29,5
2020-03-22,Sacramento,67,1510023,361,82,0,82,4
2020-03-22,San Benito,69,59416,19,4,0,4,1
2020-03-22,San Bernardino,71,2135413,288,16,0,16,0
2020-03-22,San Diego,73,3302833,980,161,0,161,0
2020-03-22,San Francisco,75,870044,446,134,0,134,0
2020-03-22,San Joaquin,77,732212,140,30,3,33,2
2020-03-22,San Luis Obispo,79,281455,83,19,0,19,0
2020-03-22,San Mateo,81,765935,465,82,2,84,1
2020-03-22,Santa Barbara,83,443738,148,16,0,16,0
2020-03-22,Santa Clara,85,1922200,990,284,1,285,13
2020-03-22,Santa Cruz,87,273765,63,19,0,19,0
2020-03-22,Shasta,89,179085,12,1,0,1,0
2020-03-22,Sierra,91,2930,0,0,0,0,0
2020-03-22,Siskiyou,93,43540,4,2,0,2,0
2020-03-22,Solano,95,438530,65,30,0,30,0
2020-03-22,Sonoma,97,501317,100,18,0,18,1
2020-03-22,Stanislaus,99,539301,51,8,3,11,0
2020-03-22,Sutter,101,95872,8,0,0,0,0
2020-03-22,Tehama,103,63373,0,0,0,0,0
2020-03-22,Trinity,105,12862,0,0,0,0,0
2020-03-22,Tulare,107,460477,46,5,1,6,0
2020-03-22,Tuolumne,109,53932,2,0,0,0,0
2020-03-22,Ventura,111,848112,174,26,0,26,0
2020-03-22,Yolo,113,214977,32,6,0,6,0
2020-03-22,Yuba,115,75493,7,2,0,2,0
2020-03-21,Alameda,1,1643700,399,62,0,62,0
2020-03-21,Alpine,3,1148,1,0,0,0,0
2020-03-21,Amador,5,37829,2,1,0,1,0
2020-03-21,Butte,7,227075,7,1,0,1,0
2020-03-21,Calaveras,9,45235,4,2,0,2,0
2020-03-21,Colusa,11,21464,1,0,0,0,0
2020-03-21,Contra Costa,13,1133247,298,62,0,62,1
2020-03-21,Del Norte,15,27424,0,0,0,0,0
2020-03-21,El Dorado,17,186661,20,1,0,1,0
2020-03-21,Fresno,19,978130,96,8,1,9,0
2020-03-21,Glenn,21,27897,2,0,0,0,0
2020-03-21,Humboldt,23,135768,25,1,0,1,0
2020-03-21,Imperial,25,180216,49,2,0,2,0
2020-03-21,Inyo,27,18085,1,0,0,0,0
2020-03-21,Kern,29,883053,107,3,0,3,0
2020-03-21,Kings,31,150075,13,0,1,1,0
2020-03-21,Lake,33,64148,0,0,0,0,0
2020-03-21,Lassen,35,31185,1,0,0,0,0
2020-03-21,Los Angeles,37,10098052,2795,322,15,337,2
2020-03-21,Madera,39,155013,29,4,0,4,0
2020-03-21,Marin,41,260295,68,30,0,30,0
2020-03-21,Mariposa,43,17540,0,0,0,0,0
2020-03-21,Mendocino,45,87422,2,1,0,1,0
2020-03-21,Merced,47,269075,6,0,0,0,0
2020-03-21,Modoc,49,8938,0,0,0,0,0
2020-03-21,Mono,51,14174,14,1,0,1,0
2020-03-21,Monterey,53,433212,43,8,0,8,1
2020-03-21,Napa,55,140530,17,0,0,0,0
2020-03-21,Nevada,57,99092,23,2,1,3,0
2020-03-21,Orange,59,3164182,761,85,1,86,0
2020-03-21,Placer,61,380077,77,11,0,11,1
2020-03-21,Plumas,63,18699,0,0,0,0,0
2020-03-21,Riverside,65,2383286,491,20,3,23,3
2020-03-21,Sacramento,67,1510023,333,66,0,66,3
2020-03-21,San Benito,69,59416,17,4,0,4,1
2020-03-21,San Bernardino,71,2135413,267,13,0,13,0
2020-03-21,San Diego,73,3302833,903,121,0,121,0
2020-03-21,San Francisco,75,870044,410,106,0,106,0
2020-03-21,San Joaquin,77,732212,131,26,3,29,2
2020-03-21,San Luis Obispo,79,281455,79,16,0,16,0
2020-03-21,San Mateo,81,765935,427,78,2,80,1
2020-03-21,Santa Barbara,83,443738,133,8,0,8,0
2020-03-21,Santa Clara,85,1922200,930,269,1,270,10
2020-03-21,Santa Cruz,87,273765,61,17,0,17,0
2020-03-21,Shasta,89,179085,11,1,0,1,0
2020-03-21,Sierra,91,2930,0,0,0,0,0
2020-03-21,Siskiyou,93,43540,4,0,0,0,0
2020-03-21,Solano,95,438530,63,30,0,30,0
2020-03-21,Sonoma,97,501317,99,15,0,15,1
2020-03-21,Stanislaus,99,539301,45,7,3,10,0
2020-03-21,Sutter,101,95872,7,0,0,0,0
2020-03-21,Tehama,103,63373,0,0,0,0,0
2020-03-21,Trinity,105,12862,0,0,0,0,0
2020-03-21,Tulare,107,460477,42,5,1,6,0
2020-03-21,Tuolumne,109,53932,2,0,0,0,0
2020-03-21,Ventura,111,848112,166,22,0,22,0
2020-03-21,Yolo,113,214977,32,6,0,6,0
2020-03-21,Yuba,115,75493,7,1,0,1,0
2020-03-20,Alameda,1,1643700,378,42,0,42,0
2020-03-20,Alpine,3,1148,1,0,0,0,0
2020-03-20,Amador,5,37829,1,0,0,0,0
2020-03-20,Butte,7,227075,7,0,0,0,0
2020-03-20,Calaveras,9,45235,4,2,0,2,0
2020-03-20,Colusa,11,21464,1,0,0,0,0
2020-03-20,Contra Costa,13,1133247,269,52,0,52,1
2020-03-20,Del Norte,15,27424,0,0,0,0,0
2020-03-20,El Dorado,17,186661,19,1,0,1,0
2020-03-20,Fresno,19,978130,93,7,1,8,0
2020-03-20,Glenn,21,27897,1,0,0,0,0
2020-03-20,Humboldt,23,135768,25,1,0,1,0
2020-03-20,Imperial,25,180216,48,2,0,2,0
2020-03-20,Inyo,27,18085,0,0,0,0,0
2020-03-20,Kern,29,883053,92,3,0,3,0
2020-03-20,Kings,31,150075,13,0,1,1,0
2020-03-20,Lake,33,64148,0,0,0,0,0
2020-03-20,Lassen,35,31185,1,0,0,0,0
2020-03-20,Los Angeles,37,10098052,2570,267,14,281,1
2020-03-20,Madera,39,155013,28,4,0,4,0
2020-03-20,Marin,41,260295,65,30,0,30,0
2020-03-20,Mariposa,43,17540,0,0,0,0,0
2020-03-20,Mendocino,45,87422,2,1,0,1,0
2020-03-20,Merced,47,269075,6,0,0,0,0
2020-03-20,Modoc,49,8938,0,0,0,0,0
2020-03-20,Mono,51,14174,14,0,0,0,0
2020-03-20,Monterey,53,433212,42,4,0,4,0
2020-03-20,Napa,55,140530,16,0,0,0,0
2020-03-20,Nevada,57,99092,20,2,1,3,0
2020-03-20,Orange,59,3164182,714,71,1,72,2
2020-03-20,Placer,61,380077,70,9,0,9,1
2020-03-20,Plumas,63,18699,0,0,0,0,0
2020-03-20,Riverside,65,2383286,439,19,3,22,3
2020-03-20,Sacramento,67,1510023,312,56,0,56,4
2020-03-20,San Benito,69,59416,17,4,0,4,1
2020-03-20,San Bernardino,71,2135413,240,9,0,9,0
2020-03-20,San Diego,73,3302833,851,98,0,98,0
2020-03-20,San Francisco,75,870044,378,87,0,87,0
2020-03-20,San Joaquin,77,732212,116,18,3,21,2
2020-03-20,San Luis Obispo,79,281455,76,11,0,11,0
2020-03-20,San Mateo,81,765935,397,71,2,73,1
2020-03-20,Santa Barbara,83,443738,117,7,0,7,0
2020-03-20,Santa Clara,85,1922200,894,246,1,247,8
2020-03-20,Santa Cruz,87,273765,59,13,0,13,0
2020-03-20,Shasta,89,179085,10,1,0,1,0
2020-03-20,Sierra,91,2930,0,0,0,0,0
2020-03-20,Siskiyou,93,43540,4,0,0,0,0
2020-03-20,Solano,95,438530,59,29,0,29,0
2020-03-20,Sonoma,97,501317,91,7,0,7,0
2020-03-20,Stanislaus,99,539301,39,7,3,10,0
2020-03-20,Sutter,101,95872,7,0,0,0,0
2020-03-20,Tehama,103,63373,0,0,0,0,0
2020-03-20,Trinity,105,12862,0,0,0,0,0
2020-03-20,Tulare,107,460477,38,4,1,5,0
2020-03-20,Tuolumne,109,53932,2,0,0,0,0
2020-03-20,Ventura,111,848112,156,18,0,18,0
2020-03-20,Yolo,113,214977,30,5,0,5,0
2020-03-20,Yuba,115,75493,6,0,0,0,0
2020-03-19,Alameda,1,1643700,342,36,0,36,0
2020-03-19,Alpine,3,1148,1,0,0,0,0
2020-03-19,Amador,5,37829,1,0,0,0,0
2020-03-19,Butte,7,227075,5,0,0,0,0
2020-03-19,Calaveras,9,45235,4,2,0,2,0
2020-03-19,Colusa,11,21464,0,0,0,0,0
2020-03-19,Contra Costa,13,1133247,253,46,0,46,0
2020-03-19,Del Norte,15,27424,0,0,0,0,0
2020-03-19,El Dorado,17,186661,18,0,0,0,0
2020-03-19,Fresno,19,978130,85,6,1,7,0
2020-03-19,Glenn,21,27897,1,0,0,0,0
2020-03-19,Humboldt,23,135768,23,1,0,1,0
2020-03-19,Imperial,25,180216,41,2,0,2,0
2020-03-19,Inyo,27,18085,0,0,0,0,0
2020-03-19,Kern,29,883053,80,3,0,3,0
2020-03-19,Kings,31,150075,10,0,1,1,0
2020-03-19,Lake,33,64148,0,0,0,0,0
2020-03-19,Lassen,35,31185,0,0,0,0,0
2020-03-19,Los Angeles,37,10098052,2283,233,14,247,0
2020-03-19,Madera,39,155013,27,3,0,3,0
2020-03-19,Marin,41,260295,62,19,0,19,0
2020-03-19,Mariposa,43,17540,0,0,0,0,0
2020-03-19,Mendocino,45,87422,1,1,0,1,0
2020-03-19,Merced,47,269075,5,0,0,0,0
2020-03-19,Modoc,49,8938,0,0,0,0,0
2020-03-19,Mono,51,14174,12,0,0,0,0
2020-03-19,Monterey,53,433212,34,3,0,3,0
2020-03-19,Napa,55,140530,14,0,0,0,0
2020-03-19,Nevada,57,99092,18,2,1,3,0
2020-03-19,Orange,59,3164182,632,59,1,60,0
2020-03-19,Placer,61,380077,62,8,0,8,1
2020-03-19,Plumas,63,18699,0,0,0,0,0
2020-03-19,Riverside,65,2383286,355,14,2,16,3
2020-03-19,Sacramento,67,1510023,279,52,0,52,3
2020-03-19,San Benito,69,59416,14,3,0,3,0
2020-03-19,San Bernardino,71,2135413,210,7,0,7,0
2020-03-19,San Diego,73,3302833,768,68,0,68,0
2020-03-19,San Francisco,75,870044,342,80,0,80,0
2020-03-19,San Joaquin,77,732212,102,15,3,18,2
2020-03-19,San Luis Obispo,79,281455,74,6,0,6,0
2020-03-19,San Mateo,81,765935,362,58,2,60,1
2020-03-19,Santa Barbara,83,443738,102,5,0,5,0
2020-03-19,Santa Clara,85,1922200,828,183,1,184,8
2020-03-19,Santa Cruz,87,273765,56,13,0,13,0
2020-03-19,Shasta,89,179085,9,1,0,1,0
2020-03-19,Sierra,91,2930,0,0,0,0,0
2020-03-19,Siskiyou,93,43540,3,0,0,0,0
2020-03-19,Solano,95,438530,55,26,0,26,0
2020-03-19,Sonoma,97,501317,88,8,0,8,0
2020-03-19,Stanislaus,99,539301,38,7,3,10,0
2020-03-19,Sutter,101,95872,7,0,0,0,0
2020-03-19,Tehama,103,63373,0,0,0,0,0
2020-03-19,Trinity,105,12862,0,0,0,0,0
2020-03-19,Tulare,107,460477,33,3,1,4,0
2020-03-19,Tuolumne,109,53932,2,0,0,0,0
2020-03-19,Ventura,111,848112,134,15,0,15,0
2020-03-19,Yolo,113,214977,26,5,0,5,0
2020-03-19,Yuba,115,75493,5,0,0,0,0
2020-03-18,Alameda,1,1643700,314,29,0,29,0
2020-03-18,Alpine,3,1148,1,0,0,0,0
2020-03-18,Amador,5,37829,1,0,0,0,0
2020-03-18,Butte,7,227075,4,0,0,0,0
2020-03-18,Calaveras,9,45235,4,2,0,2,0
2020-03-18,Colusa,11,21464,0,0,0,0,0
2020-03-18,Contra Costa,13,1133247,232,44,0,44,0
2020-03-18,Del Norte,15,27424,0,0,0,0,0
2020-03-18,El Dorado,17,186661,17,0,0,0,0
2020-03-18,Fresno,19,978130,76,3,1,4,0
2020-03-18,Glenn,21,27897,1,0,0,0,0
2020-03-18,Humboldt,23,135768,19,1,0,1,0
2020-03-18,Imperial,25,180216,34,2,0,2,0
2020-03-18,Inyo,27,18085,0,0,0,0,0
2020-03-18,Kern,29,883053,65,1,0,1,0
2020-03-18,Kings,31,150075,8,0,1,1,0
2020-03-18,Lake,33,64148,0,0,0,0,0
2020-03-18,Lassen,35,31185,0,0,0,0,0
2020-03-18,Los Angeles,37,10098052,2044,47,14,61,0
2020-03-18,Madera,39,155013,26,2,0,2,0
2020-03-18,Marin,41,260295,58,10,0,10,0
2020-03-18,Mariposa,43,17540,0,0,0,0,0
2020-03-18,Mendocino,45,87422,1,0,0,0,0
2020-03-18,Merced,47,269075,5,0,0,0,0
2020-03-18,Modoc,49,8938,0,0,0,0,0
2020-03-18,Mono,51,14174,11,0,0,0,0
2020-03-18,Monterey,53,433212,28,1,0,1,0
2020-03-18,Napa,55,140530,11,0,0,0,0
2020-03-18,Nevada,57,99092,16,2,1,3,0
2020-03-18,Orange,59,3164182,576,38,1,39,0
2020-03-18,Placer,61,380077,55,8,0,8,1
2020-03-18,Plumas,63,18699,0,0,0,0,0
2020-03-18,Riverside,65,2383286,303,11,2,13,2
2020-03-18,Sacramento,67,1510023,256,46,0,46,3
2020-03-18,San Benito,69,59416,13,3,0,3,0
2020-03-18,San Bernardino,71,2135413,188,3,0,3,0
2020-03-18,San Diego,73,3302833,683,40,0,40,0
2020-03-18,San Francisco,75,870044,323,65,0,65,0
2020-03-18,San Joaquin,77,732212,90,14,3,17,2
2020-03-18,San Luis Obispo,79,281455,68,5,0,5,0
2020-03-18,San Mateo,81,765935,339,57,2,59,1
2020-03-18,Santa Barbara,83,443738,89,2,0,2,0
2020-03-18,Santa Clara,85,1922200,780,151,1,152,6
2020-03-18,Santa Cruz,87,273765,54,11,0,11,0
2020-03-18,Shasta,89,179085,8,1,0,1,0
2020-03-18,Sierra,91,2930,0,0,0,0,0
2020-03-18,Siskiyou,93,43540,3,0,0,0,0
2020-03-18,Solano,95,438530,51,26,0,26,0
2020-03-18,Sonoma,97,501317,79,6,0,6,0
2020-03-18,Stanislaus,99,539301,34,5,2,7,0
2020-03-18,Sutter,101,95872,5,0,0,0,0
2020-03-18,Tehama,103,63373,0,0,0,0,0
2020-03-18,Trinity,105,12862,0,0,0,0,0
2020-03-18,Tulare,107,460477,25,3,1,4,0
2020-03-18,Tuolumne,109,53932,2,0,0,0,0
2020-03-18,Ventura,111,848112,115,11,0,11,0
2020-03-18,Yolo,113,214977,23,4,0,4,0
2020-03-18,Yuba,115,75493,4,0,0,0,0
2020-03-17,Alameda,1,1643700,283,19,0,19,0
2020-03-17,Alpine,3,1148,0,0,0,0,0
2020-03-17,Amador,5,37829,1,0,0,0,0
2020-03-17,Butte,7,227075,4,0,0,0,0
2020-03-17,Calaveras,9,45235,4,2,0,2,0
2020-03-17,Colusa,11,21464,0,0,0,0,0
2020-03-17,Contra Costa,13,1133247,210,37,0,37,0
2020-03-17,Del Norte,15,27424,0,0,0,0,0
2020-03-17,El Dorado,17,186661,16,0,0,0,0
2020-03-17,Fresno,19,978130,67,2,1,3,0
2020-03-17,Glenn,21,27897,1,0,0,0,0
2020-03-17,Humboldt,23,135768,17,1,0,1,0
2020-03-17,Imperial,25,180216,28,2,0,2,0
2020-03-17,Inyo,27,18085,0,0,0,0,0
2020-03-17,Kern,29,883053,51,0,0,0,0
2020-03-17,Kings,31,150075,7,0,1,1,0
2020-03-17,Lake,33,64148,0,0,0,0,0
2020-03-17,Lassen,35,31185,0,0,0,0,0
2020-03-17,Los Angeles,37,10098052,1843,41,14,55,0
2020-03-17,Madera,39,155013,19,2,0,2,0
2020-03-17,Marin,41,260295,51,4,0,4,0
2020-03-17,Mariposa,43,17540,0,0,0,0,0
2020-03-17,Mendocino,45,87422,1,0,0,0,0
2020-03-17,Merced,47,269075,5,0,0,0,0
2020-03-17,Modoc,49,8938,0,0,0,0,0
2020-03-17,Mono,51,14174,9,0,0,0,0
2020-03-17,Monterey,53,433212,26,0,0,0,0
2020-03-17,Napa,55,140530,8,0,0,0,0
2020-03-17,Nevada,57,99092,15,1,1,2,0
2020-03-17,Orange,59,3164182,500,24,1,25,0
2020-03-17,Placer,61,380077,47,7,0,7,1
2020-03-17,Plumas,63,18699,0,0,0,0,0
2020-03-17,Riverside,65,2383286,246,11,2,13,0
2020-03-17,Sacramento,67,1510023,236,36,0,36,1
2020-03-17,San Benito,69,59416,12,2,0,2,0
2020-03-17,San Bernardino,71,2135413,160,2,0,2,0
2020-03-17,San Diego,73,3302833,616,17,0,17,0
2020-03-17,San Francisco,75,870044,297,46,0,46,0
2020-03-17,San Joaquin,77,732212,84,11,3,14,0
2020-03-17,San Luis Obispo,79,281455,61,1,0,1,0
2020-03-17,San Mateo,81,765935,307,46,2,48,1
2020-03-17,Santa Barbara,83,443738,76,0,0,0,0
2020-03-17,Santa Clara,85,1922200,723,121,1,122,4
2020-03-17,Santa Cruz,87,273765,51,10,0,10,0
2020-03-17,Shasta,89,179085,4,1,0,1,0
2020-03-17,Sierra,91,2930,0,0,0,0,0
2020-03-17,Siskiyou,93,43540,3,0,0,0,0
2020-03-17,Solano,95,438530,48,27,0,27,0
2020-03-17,Sonoma,97,501317,71,4,0,4,0
2020-03-17,Stanislaus,99,539301,31,4,2,6,0
2020-03-17,Sutter,101,95872,5,0,0,0,0
2020-03-17,Tehama,103,63373,0,0,0,0,0
2020-03-17,Trinity,105,12862,0,0,0,0,0
2020-03-17,Tulare,107,460477,22,2,1,3,0
2020-03-17,Tuolumne,109,53932,2,0,0,0,0
2020-03-17,Ventura,111,848112,98,7,0,7,0
2020-03-17,Yolo,113,214977,19,2,0,2,0
2020-03-17,Yuba,115,75493,4,0,0,0,0
2020-03-16,Alameda,1,1643700,254,17,0,17,0
2020-03-16,Alpine,3,1148,0,0,0,0,0
2020-03-16,Amador,5,37829,1,0,0,0,0
2020-03-16,Butte,7,227075,3,0,0,0,0
2020-03-16,Calaveras,9,45235,4,2,0,2,0
2020-03-16,Colusa,11,21464,0,0,0,0,0
2020-03-16,Contra Costa,13,1133247,186,36,0,36,0
2020-03-16,Del Norte,15,27424,0,0,0,0,0
2020-03-16,El Dorado,17,186661,15,0,0,0,0
2020-03-16,Fresno,19,978130,53,2,1,3,0
2020-03-16,Glenn,21,27897,0,0,0,0,0
2020-03-16,Humboldt,23,135768,13,1,0,1,0
2020-03-16,Imperial,25,180216,23,2,0,2,0
2020-03-16,Inyo,27,18085,0,0,0,0,0
2020-03-16,Kern,29,883053,43,0,0,0,0
2020-03-16,Kings,31,150075,6,0,1,1,0
2020-03-16,Lake,33,64148,0,0,0,0,0
2020-03-16,Lassen,35,31185,0,0,0,0,0
2020-03-16,Los Angeles,37,10098052,1609,43,14,57,0
2020-03-16,Madera,39,155013,18,2,0,2,0
2020-03-16,Marin,41,260295,48,4,0,4,0
2020-03-16,Mariposa,43,17540,0,0,0,0,0
2020-03-16,Mendocino,45,87422,1,0,0,0,0
2020-03-16,Merced,47,269075,5,0,0,0,0
2020-03-16,Modoc,49,8938,0,0,0,0,0
2020-03-16,Mono,51,14174,7,0,0,0,0
2020-03-16,Monterey,53,433212,25,0,0,0,0
2020-03-16,Napa,55,140530,7,0,0,0,0
2020-03-16,Nevada,57,99092,11,1,1,2,0
2020-03-16,Orange,59,3164182,418,18,1,19,0
2020-03-16,Placer,61,380077,39,7,0,7,1
2020-03-16,Plumas,63,18699,0,0,0,0,0
2020-03-16,Riverside,65,2383286,212,10,2,12,0
2020-03-16,Sacramento,67,1510023,209,34,0,34,1
2020-03-16,San Benito,69,59416,8,2,0,2,0
2020-03-16,San Bernardino,71,2135413,140,1,0,1,0
2020-03-16,San Diego,73,3302833,525,17,0,17,0
2020-03-16,San Francisco,75,870044,261,40,0,40,0
2020-03-16,San Joaquin,77,732212,74,9,3,12,0
2020-03-16,San Luis Obispo,79,281455,54,1,0,1,0
2020-03-16,San Mateo,81,765935,269,42,2,44,1
2020-03-16,Santa Barbara,83,443738,64,0,0,0,0
2020-03-16,Santa Clara,85,1922200,648,115,1,116,2
2020-03-16,Santa Cruz,87,273765,44,9,0,9,0
2020-03-16,Shasta,89,179085,4,1,0,1,0
2020-03-16,Sierra,91,2930,0,0,0,0,0
2020-03-16,Siskiyou,93,43540,2,0,0,0,0
2020-03-16,Solano,95,438530,43,27,0,27,0
2020-03-16,Sonoma,97,501317,63,4,0,4,0
2020-03-16,Stanislaus,99,539301,27,2,2,4,0
2020-03-16,Sutter,101,95872,3,0,0,0,0
2020-03-16,Tehama,103,63373,0,0,0,0,0
2020-03-16,Trinity,105,12862,0,0,0,0,0
2020-03-16,Tulare,107,460477,19,2,1,3,0
2020-03-16,Tuolumne,109,53932,2,0,0,0,0
2020-03-16,Ventura,111,848112,88,7,0,7,0
2020-03-16,Yolo,113,214977,18,2,0,2,0
2020-03-16,Yuba,115,75493,3,0,0,0,0
2020-03-15,Alameda,1,1643700,208,17,0,17,0
2020-03-15,Alpine,3,1148,0,0,0,0,0
2020-03-15,Amador,5,37829,1,0,0,0,0
2020-03-15,Butte,7,227075,3,0,0,0,0
2020-03-15,Calaveras,9,45235,2,2,0,2,0
2020-03-15,Colusa,11,21464,0,0,0,0,0
2020-03-15,Contra Costa,13,1133247,161,34,0,34,0
2020-03-15,Del Norte,15,27424,0,0,0,0,0
2020-03-15,El Dorado,17,186661,14,0,0,0,0
2020-03-15,Fresno,19,978130,33,1,1,2,0
2020-03-15,Glenn,21,27897,0,0,0,0,0
2020-03-15,Humboldt,23,135768,11,1,0,1,0
2020-03-15,Imperial,25,180216,18,2,0,2,0
2020-03-15,Inyo,27,18085,0,0,0,0,0
2020-03-15,Kern,29,883053,37,0,0,0,0
2020-03-15,Kings,31,150075,6,0,1,1,0
2020-03-15,Lake,33,64148,0,0,0,0,0
2020-03-15,Lassen,35,31185,0,0,0,0,0
2020-03-15,Los Angeles,37,10098052,1371,41,14,55,0
2020-03-15,Madera,39,155013,17,2,0,2,0
2020-03-15,Marin,41,260295,41,3,0,3,0
2020-03-15,Mariposa,43,17540,0,0,0,0,0
2020-03-15,Mendocino,45,87422,1,0,0,0,0
2020-03-15,Merced,47,269075,3,0,0,0,0
2020-03-15,Modoc,49,8938,0,0,0,0,0
2020-03-15,Mono,51,14174,6,0,0,0,0
2020-03-15,Monterey,53,433212,19,0,0,0,0
2020-03-15,Napa,55,140530,7,0,0,0,0
2020-03-15,Nevada,57,99092,11,0,1,1,0
2020-03-15,Orange,59,3164182,349,16,0,16,0
2020-03-15,Placer,61,380077,33,7,0,7,1
2020-03-15,Plumas,63,18699,0,0,0,0,0
2020-03-15,Riverside,65,2383286,167,10,2,12,0
2020-03-15,Sacramento,67,1510023,173,30,0,30,1
2020-03-15,San Benito,69,59416,8,2,0,2,0
2020-03-15,San Bernardino,71,2135413,118,0,0,0,0
2020-03-15,San Diego,73,3302833,438,16,0,16,0
2020-03-15,San Francisco,75,870044,205,31,0,31,0
2020-03-15,San Joaquin,77,732212,63,6,3,9,0
2020-03-15,San Luis Obispo,79,281455,45,1,0,1,0
2020-03-15,San Mateo,81,765935,235,29,1,30,1
2020-03-15,Santa Barbara,83,443738,54,0,0,0,0
2020-03-15,Santa Clara,85,1922200,577,79,1,80,2
2020-03-15,Santa Cruz,87,273765,38,8,0,8,0
2020-03-15,Shasta,89,179085,4,1,0,1,0
2020-03-15,Sierra,91,2930,0,0,0,0,0
2020-03-15,Siskiyou,93,43540,2,0,0,0,0
2020-03-15,Solano,95,438530,42,26,0,26,0
2020-03-15,Sonoma,97,501317,54,4,0,4,0
2020-03-15,Stanislaus,99,539301,26,2,2,4,0
2020-03-15,Sutter,101,95872,2,0,0,0,0
2020-03-15,Tehama,103,63373,0,0,0,0,0
2020-03-15,Trinity,105,12862,0,0,0,0,0
2020-03-15,Tulare,107,460477,14,2,1,3,0
2020-03-15,Tuolumne,109,53932,1,0,0,0,0
2020-03-15,Ventura,111,848112,77,5,0,5,0
2020-03-15,Yolo,113,214977,15,2,0,2,0
2020-03-15,Yuba,115,75493,2,0,0,0,0
2020-03-14,Alameda,1,1643700,191,11,0,11,0
2020-03-14,Alpine,3,1148,0,0,0,0,0
2020-03-14,Amador,5,37829,1,0,0,0,0
2020-03-14,Butte,7,227075,2,0,0,0,0
2020-03-14,Calaveras,9,45235,2,2,0,2,0
2020-03-14,Colusa,11,21464,0,0,0,0,0
2020-03-14,Contra Costa,13,1133247,139,30,0,30,0
2020-03-14,Del Norte,15,27424,0,0,0,0,0
2020-03-14,El Dorado,17,186661,12,0,0,0,0
2020-03-14,Fresno,19,978130,25,1,1,2,0
2020-03-14,Glenn,21,27897,0,0,0,0,0
2020-03-14,Humboldt,23,135768,7,1,0,1,0
2020-03-14,Imperial,25,180216,14,2,0,2,0
2020-03-14,Inyo,27,18085,0,0,0,0,0
2020-03-14,Kern,29,883053,32,0,0,0,0
2020-03-14,Kings,31,150075,6,0,1,1,0
2020-03-14,Lake,33,64148,0,0,0,0,0
2020-03-14,Lassen,35,31185,0,0,0,0,0
2020-03-14,Los Angeles,37,10098052,1193,35,14,49,0
2020-03-14,Madera,39,155013,17,2,0,2,0
2020-03-14,Marin,41,260295,37,3,0,3,0
2020-03-14,Mariposa,43,17540,0,0,0,0,0
2020-03-14,Mendocino,45,87422,1,0,0,0,0
2020-03-14,Merced,47,269075,3,0,0,0,0
2020-03-14,Modoc,49,8938,0,0,0,0,0
2020-03-14,Mono,51,14174,5,0,0,0,0
2020-03-14,Monterey,53,433212,13,0,0,0,0
2020-03-14,Napa,55,140530,5,0,0,0,0
2020-03-14,Nevada,57,99092,8,0,1,1,0
2020-03-14,Orange,59,3164182,311,14,0,14,0
2020-03-14,Placer,61,380077,29,6,0,6,1
2020-03-14,Plumas,63,18699,0,0,0,0,0
2020-03-14,Riverside,65,2383286,147,10,2,12,0
2020-03-14,Sacramento,67,1510023,151,31,0,31,1
2020-03-14,San Benito,69,59416,8,2,0,2,0
2020-03-14,San Bernardino,71,2135413,100,0,0,0,0
2020-03-14,San Diego,73,3302833,363,10,0,10,0
2020-03-14,San Francisco,75,870044,184,29,0,29,0
2020-03-14,San Joaquin,77,732212,54,6,3,9,0
2020-03-14,San Luis Obispo,79,281455,40,0,0,0,0
2020-03-14,San Mateo,81,765935,212,27,1,28,0
2020-03-14,Santa Barbara,83,443738,42,0,0,0,0
2020-03-14,Santa Clara,85,1922200,521,62,1,63,2
2020-03-14,Santa Cruz,87,273765,33,8,0,8,0
2020-03-14,Shasta,89,179085,4,1,0,1,0
2020-03-14,Sierra,91,2930,0,0,0,0,0
2020-03-14,Siskiyou,93,43540,1,0,0,0,0
2020-03-14,Solano,95,438530,40,26,0,26,0
2020-03-14,Sonoma,97,501317,41,2,0,2,0
2020-03-14,Stanislaus,99,539301,22,2,2,4,0
2020-03-14,Sutter,101,95872,2,0,0,0,0
2020-03-14,Tehama,103,63373,0,0,0,0,0
2020-03-14,Trinity,105,12862,0,0,0,0,0
2020-03-14,Tulare,107,460477,12,2,1,3,0
2020-03-14,Tuolumne,109,53932,1,0,0,0,0
2020-03-14,Ventura,111,848112,68,5,0,5,0
2020-03-14,Yolo,113,214977,15,2,0,2,0
2020-03-14,Yuba,115,75493,1,0,0,0,0
2020-03-13,Alameda,1,1643700,173,12,0,12,0
2020-03-13,Alpine,3,1148,0,0,0,0,0
2020-03-13,Amador,5,37829,1,0,0,0,0
2020-03-13,Butte,7,227075,0,0,0,0,0
2020-03-13,Calaveras,9,45235,2,2,0,2,0
2020-03-13,Colusa,11,21464,0,0,0,0,0
2020-03-13,Contra Costa,13,1133247,125,22,0,22,0
2020-03-13,Del Norte,15,27424,0,0,0,0,0
2020-03-13,El Dorado,17,186661,11,0,0,0,0
2020-03-13,Fresno,19,978130,20,1,1,2,0
2020-03-13,Glenn,21,27897,0,0,0,0,0
2020-03-13,Humboldt,23,135768,7,1,0,1,0
2020-03-13,Imperial,25,180216,13,2,0,2,0
2020-03-13,Inyo,27,18085,0,0,0,0,0
2020-03-13,Kern,29,883053,27,0,0,0,0
2020-03-13,Kings,31,150075,5,0,1,1,0
2020-03-13,Lake,33,64148,0,0,0,0,0
2020-03-13,Lassen,35,31185,0,0,0,0,0
2020-03-13,Los Angeles,37,10098052,1040,30,13,43,0
2020-03-13,Madera,39,155013,16,1,0,1,0
2020-03-13,Marin,41,260295,34,3,0,3,0
2020-03-13,Mariposa,43,17540,0,0,0,0,0
2020-03-13,Mendocino,45,87422,1,0,0,0,0
2020-03-13,Merced,47,269075,2,0,0,0,0
2020-03-13,Modoc,49,8938,0,0,0,0,0
2020-03-13,Mono,51,14174,3,0,0,0,0
2020-03-13,Monterey,53,433212,8,0,0,0,0
2020-03-13,Napa,55,140530,3,0,0,0,0
2020-03-13,Nevada,57,99092,7,0,1,1,0
2020-03-13,Orange,59,3164182,273,10,0,10,0
2020-03-13,Placer,61,380077,26,6,0,6,1
2020-03-13,Plumas,63,18699,0,0,0,0,0
2020-03-13,Riverside,65,2383286,121,5,2,7,0
2020-03-13,Sacramento,67,1510023,129,18,0,18,1
2020-03-13,San Benito,69,59416,6,2,0,2,0
2020-03-13,San Bernardino,71,2135413,93,0,0,0,0
2020-03-13,San Diego,73,3302833,313,8,0,8,0
2020-03-13,San Francisco,75,870044,170,28,0,28,0
2020-03-13,San Joaquin,77,732212,50,6,3,9,0
2020-03-13,San Luis Obispo,79,281455,32,0,0,0,0
2020-03-13,San Mateo,81,765935,191,24,1,25,0
2020-03-13,Santa Barbara,83,443738,38,0,0,0,0
2020-03-13,Santa Clara,85,1922200,459,59,1,60,1
2020-03-13,Santa Cruz,87,273765,32,7,0,7,0
2020-03-13,Shasta,89,179085,3,1,0,1,0
2020-03-13,Sierra,91,2930,0,0,0,0,0
2020-03-13,Siskiyou,93,43540,0,0,0,0,0
2020-03-13,Solano,95,438530,39,26,0,26,0
2020-03-13,Sonoma,97,501317,40,2,0,2,0
2020-03-13,Stanislaus,99,539301,17,2,2,4,0
2020-03-13,Sutter,101,95872,2,0,0,0,0
2020-03-13,Tehama,103,63373,0,0,0,0,0
2020-03-13,Trinity,105,12862,0,0,0,0,0
2020-03-13,Tulare,107,460477,9,2,1,3,0
2020-03-13,Tuolumne,109,53932,1,0,0,0,0
2020-03-13,Ventura,111,848112,54,5,0,5,0
2020-03-13,Yolo,113,214977,15,1,0,1,0
2020-03-13,Yuba,115,75493,1,0,0,0,0
2020-03-12,Alameda,1,1643700,148,9,0,9,0
2020-03-12,Alpine,3,1148,0,0,0,0,0
2020-03-12,Amador,5,37829,1,0,0,0,0
2020-03-12,Butte,7,227075,0,0,0,0,0
2020-03-12,Calaveras,9,45235,2,2,0,2,0
2020-03-12,Colusa,11,21464,0,0,0,0,0
2020-03-12,Contra Costa,13,1133247,108,18,0,18,0
2020-03-12,Del Norte,15,27424,0,0,0,0,0
2020-03-12,El Dorado,17,186661,9,0,0,0,0
2020-03-12,Fresno,19,978130,11,1,1,2,0
2020-03-12,Glenn,21,27897,0,0,0,0,0
2020-03-12,Humboldt,23,135768,6,1,0,1,0
2020-03-12,Imperial,25,180216,12,2,0,2,0
2020-03-12,Inyo,27,18085,0,0,0,0,0
2020-03-12,Kern,29,883053,18,0,0,0,0
2020-03-12,Kings,31,150075,4,0,1,1,0
2020-03-12,Lake,33,64148,0,0,0,0,0
2020-03-12,Lassen,35,31185,0,0,0,0,0
2020-03-12,Los Angeles,37,10098052,880,30,13,43,0
2020-03-12,Madera,39,155013,13,1,0,1,0
2020-03-12,Marin,41,260295,24,1,0,1,0
2020-03-12,Mariposa,43,17540,0,0,0,0,0
2020-03-12,Mendocino,45,87422,1,0,0,0,0
2020-03-12,Merced,47,269075,2,0,0,0,0
2020-03-12,Modoc,49,8938,0,0,0,0,0
2020-03-12,Mono,51,14174,3,0,0,0,0
2020-03-12,Monterey,53,433212,6,0,0,0,0
2020-03-12,Napa,55,140530,3,0,0,0,0
2020-03-12,Nevada,57,99092,4,0,1,1,0
2020-03-12,Orange,59,3164182,237,7,0,7,0
2020-03-12,Placer,61,380077,22,6,0,6,1
2020-03-12,Plumas,63,18699,0,0,0,0,0
2020-03-12,Riverside,65,2383286,98,5,1,6,0
2020-03-12,Sacramento,67,1510023,105,17,0,17,1
2020-03-12,San Benito,69,59416,5,2,0,2,0
2020-03-12,San Bernardino,71,2135413,77,0,0,0,0
2020-03-12,San Diego,73,3302833,258,9,0,9,0
2020-03-12,San Francisco,75,870044,147,20,0,20,0
2020-03-12,San Joaquin,77,732212,44,3,3,6,1
2020-03-12,San Luis Obispo,79,281455,25,0,0,0,0
2020-03-12,San Mateo,81,765935,157,21,1,22,0
2020-03-12,Santa Barbara,83,443738,26,0,0,0,0
2020-03-12,Santa Clara,85,1922200,401,51,1,52,1
2020-03-12,Santa Cruz,87,273765,29,5,0,5,0
2020-03-12,Shasta,89,179085,2,1,0,1,0
2020-03-12,Sierra,91,2930,0,0,0,0,0
2020-03-12,Siskiyou,93,43540,0,0,0,0,0
2020-03-12,Solano,95,438530,34,26,0,26,0
2020-03-12,Sonoma,97,501317,34,2,0,2,0
2020-03-12,Stanislaus,99,539301,15,2,2,4,0
2020-03-12,Sutter,101,95872,0,0,0,0,0
2020-03-12,Tehama,103,63373,0,0,0,0,0
2020-03-12,Trinity,105,12862,0,0,0,0,0
2020-03-12,Tulare,107,460477,9,1,0,1,0
2020-03-12,Tuolumne,109,53932,1,0,0,0,0
2020-03-12,Ventura,111,848112,45,3,0,3,0
2020-03-12,Yolo,113,214977,14,1,0,1,0
2020-03-12,Yuba,115,75493,1,0,0,0,0
2020-03-11,Alameda,1,1643700,117,5,0,5,0
2020-03-11,Alpine,3,1148,0,0,0,0,0
2020-03-11,Amador,5,37829,1,0,0,0,0
2020-03-11,Butte,7,227075,0,0,0,0,0
2020-03-11,Calaveras,9,45235,2,2,0,2,0
2020-03-11,Colusa,11,21464,0,0,0,0,0
2020-03-11,Contra Costa,13,1133247,93,16,0,16,0
2020-03-11,Del Norte,15,27424,0,0,0,0,0
2020-03-11,El Dorado,17,186661,8,0,0,0,0
2020-03-11,Fresno,19,978130,8,1,1,2,0
2020-03-11,Glenn,21,27897,0,0,0,0,0
2020-03-11,Humboldt,23,135768,6,1,0,1,0
2020-03-11,Imperial,25,180216,10,0,0,0,0
2020-03-11,Inyo,27,18085,0,0,0,0,0
2020-03-11,Kern,29,883053,16,0,0,0,0
2020-03-11,Kings,31,150075,3,0,1,1,0
2020-03-11,Lake,33,64148,0,0,0,0,0
2020-03-11,Lassen,35,31185,0,0,0,0,0
2020-03-11,Los Angeles,37,10098052,712,21,13,34,0
2020-03-11,Madera,39,155013,11,1,0,1,0
2020-03-11,Marin,41,260295,17,1,0,1,0
2020-03-11,Mariposa,43,17540,0,0,0,0,0
2020-03-11,Mendocino,45,87422,0,0,0,0,0
2020-03-11,Merced,47,269075,2,0,0,0,0
2020-03-11,Modoc,49,8938,0,0,0,0,0
2020-03-11,Mono,51,14174,3,0,0,0,0
2020-03-11,Monterey,53,433212,5,0,0,0,0
2020-03-11,Napa,55,140530,2,0,0,0,0
2020-03-11,Nevada,57,99092,4,0,1,1,0
2020-03-11,Orange,59,3164182,206,6,0,6,0
2020-03-11,Placer,61,380077,18,6,0,6,1
2020-03-11,Plumas,63,18699,0,0,0,0,0
2020-03-11,Riverside,65,2383286,75,4,1,5,0
2020-03-11,Sacramento,67,1510023,87,9,0,9,1
2020-03-11,San Benito,69,59416,5,2,0,2,0
2020-03-11,San Bernardino,71,2135413,70,0,0,0,0
2020-03-11,San Diego,73,3302833,208,4,0,4,0
2020-03-11,San Francisco,75,870044,122,17,0,17,0
2020-03-11,San Joaquin,77,732212,33,1,3,4,0
2020-03-11,San Luis Obispo,79,281455,22,0,0,0,0
2020-03-11,San Mateo,81,765935,139,16,0,16,0
2020-03-11,Santa Barbara,83,443738,16,0,0,0,0
2020-03-11,Santa Clara,85,1922200,361,48,1,49,1
2020-03-11,Santa Cruz,87,273765,26,2,0,2,0
2020-03-11,Shasta,89,179085,2,1,0,1,0
2020-03-11,Sierra,91,2930,0,0,0,0,0
2020-03-11,Siskiyou,93,43540,0,0,0,0,0
2020-03-11,Solano,95,438530,29,26,0,26,0
2020-03-11,Sonoma,97,501317,30,2,0,2,0
2020-03-11,Stanislaus,99,539301,15,2,2,4,0
2020-03-11,Sutter,101,95872,0,0,0,0,0
2020-03-11,Tehama,103,63373,0,0,0,0,0
2020-03-11,Trinity,105,12862,0,0,0,0,0
2020-03-11,Tulare,107,460477,8,0,0,0,0
2020-03-11,Tuolumne,109,53932,1,0,0,0,0
2020-03-11,Ventura,111,848112,37,3,0,3,0
2020-03-11,Yolo,113,214977,10,1,0,1,0
2020-03-11,Yuba,115,75493,1,0,0,0,0
2020-03-10,Alameda,1,1643700,98,4,0,4,0
2020-03-10,Alpine,3,1148,0,0,0,0,0
2020-03-10,Amador,5,37829,1,0,0,0,0
2020-03-10,Butte,7,227075,0,0,0,0,0
2020-03-10,Calaveras,9,45235,2,2,0,2,0
2020-03-10,Colusa,11,21464,0,0,0,0,0
2020-03-10,Contra Costa,13,1133247,84,11,0,11,0
2020-03-10,Del Norte,15,27424,0,0,0,0,0
2020-03-10,El Dorado,17,186661,7,0,0,0,0
2020-03-10,Fresno,19,978130,6,1,1,2,0
2020-03-10,Glenn,21,27897,0,0,0,0,0
2020-03-10,Humboldt,23,135768,6,1,0,1,0
2020-03-10,Imperial,25,180216,9,0,0,0,0
2020-03-10,Inyo,27,18085,0,0,0,0,0
2020-03-10,Kern,29,883053,11,0,0,0,0
2020-03-10,Kings,31,150075,3,0,1,1,0
2020-03-10,Lake,33,64148,0,0,0,0,0
2020-03-10,Lassen,35,31185,0,0,0,0,0
2020-03-10,Los Angeles,37,10098052,576,20,13,33,0
2020-03-10,Madera,39,155013,7,1,0,1,0
2020-03-10,Marin,41,260295,16,1,0,1,0
2020-03-10,Mariposa,43,17540,0,0,0,0,0
2020-03-10,Mendocino,45,87422,0,0,0,0,0
2020-03-10,Merced,47,269075,2,0,0,0,0
2020-03-10,Modoc,49,8938,0,0,0,0,0
2020-03-10,Mono,51,14174,3,0,0,0,0
2020-03-10,Monterey,53,433212,3,0,0,0,0
2020-03-10,Napa,55,140530,2,0,0,0,0
2020-03-10,Nevada,57,99092,3,0,1,1,0
2020-03-10,Orange,59,3164182,186,5,0,5,1
2020-03-10,Placer,61,380077,14,7,0,7,1
2020-03-10,Plumas,63,18699,0,0,0,0,0
2020-03-10,Riverside,65,2383286,56,4,1,5,0
2020-03-10,Sacramento,67,1510023,78,8,0,8,0
2020-03-10,San Benito,69,59416,5,2,0,2,0
2020-03-10,San Bernardino,71,2135413,62,0,0,0,0
2020-03-10,San Diego,73,3302833,165,3,0,3,0
2020-03-10,San Francisco,75,870044,91,16,0,16,0
2020-03-10,San Joaquin,77,732212,30,1,3,4,0
2020-03-10,San Luis Obispo,79,281455,15,0,0,0,0
2020-03-10,San Mateo,81,765935,123,11,0,11,0
2020-03-10,Santa Barbara,83,443738,12,0,0,0,0
2020-03-10,Santa Clara,85,1922200,314,45,1,46,1
2020-03-10,Santa Cruz,87,273765,22,2,0,2,0
2020-03-10,Shasta,89,179085,2,1,0,1,0
2020-03-10,Sierra,91,2930,0,0,0,0,0
2020-03-10,Siskiyou,93,43540,0,0,0,0,0
2020-03-10,Solano,95,438530,27,26,0,26,0
2020-03-10,Sonoma,97,501317,27,2,0,2,0
2020-03-10,Stanislaus,99,539301,11,0,2,2,0
2020-03-10,Sutter,101,95872,0,0,0,0,0
2020-03-10,Tehama,103,63373,0,0,0,0,0
2020-03-10,Trinity,105,12862,0,0,0,0,0
2020-03-10,Tulare,107,460477,7,0,0,0,0
2020-03-10,Tuolumne,109,53932,1,0,0,0,0
2020-03-10,Ventura,111,848112,29,1,0,1,0
2020-03-10,Yolo,113,214977,7,2,0,2,0
2020-03-10,Yuba,115,75493,1,0,0,0,0
2020-03-09,Alameda,1,1643700,71,4,0,4,0
2020-03-09,Alpine,3,1148,0,0,0,0,0
2020-03-09,Amador,5,37829,0,0,0,0,0
2020-03-09,Butte,7,227075,0,0,0,0,0
2020-03-09,Calaveras,9,45235,2,0,0,0,0
2020-03-09,Colusa,11,21464,0,0,0,0,0
2020-03-09,Contra Costa,13,1133247,72,9,0,9,0
2020-03-09,Del Norte,15,27424,0,0,0,0,0
2020-03-09,El Dorado,17,186661,5,0,0,0,0
2020-03-09,Fresno,19,978130,6,1,1,2,0
2020-03-09,Glenn,21,27897,0,0,0,0,0
2020-03-09,Humboldt,23,135768,5,1,0,1,0
2020-03-09,Imperial,25,180216,9,0,0,0,0
2020-03-09,Inyo,27,18085,0,0,0,0,0
2020-03-09,Kern,29,883053,8,0,0,0,0
2020-03-09,Kings,31,150075,2,0,1,1,0
2020-03-09,Lake,33,64148,0,0,0,0,0
2020-03-09,Lassen,35,31185,0,0,0,0,0
2020-03-09,Los Angeles,37,10098052,475,17,12,29,0
2020-03-09,Madera,39,155013,7,1,0,1,0
2020-03-09,Marin,41,260295,15,1,0,1,0
2020-03-09,Mariposa,43,17540,0,0,0,0,0
2020-03-09,Mendocino,45,87422,0,0,0,0,0
2020-03-09,Merced,47,269075,2,0,0,0,0
2020-03-09,Modoc,49,8938,0,0,0,0,0
2020-03-09,Mono,51,14174,3,0,0,0,0
2020-03-09,Monterey,53,433212,1,0,0,0,0
2020-03-09,Napa,55,140530,2,0,0,0,0
2020-03-09,Nevada,57,99092,2,0,1,1,0
2020-03-09,Orange,59,3164182,157,4,0,4,0
2020-03-09,Placer,61,380077,12,7,0,7,1
2020-03-09,Plumas,63,18699,0,0,0,0,0
2020-03-09,Riverside,65,2383286,47,4,1,5,0
2020-03-09,Sacramento,67,1510023,74,8,0,8,0
2020-03-09,San Benito,69,59416,3,2,0,2,0
2020-03-09,San Bernardino,71,2135413,51,0,0,0,0
2020-03-09,San Diego,73,3302833,126,2,0,2,0
2020-03-09,San Francisco,75,870044,71,14,0,14,0
2020-03-09,San Joaquin,77,732212,21,0,3,3,0
2020-03-09,San Luis Obispo,79,281455,15,0,0,0,0
2020-03-09,San Mateo,81,765935,109,6,0,6,0
2020-03-09,Santa Barbara,83,443738,10,0,0,0,0
2020-03-09,Santa Clara,85,1922200,271,42,1,43,1
2020-03-09,Santa Cruz,87,273765,19,2,0,2,0
2020-03-09,Shasta,89,179085,2,1,0,1,0
2020-03-09,Sierra,91,2930,0,0,0,0,0
2020-03-09,Siskiyou,93,43540,0,0,0,0,0
2020-03-09,Solano,95,438530,25,26,0,26,0
2020-03-09,Sonoma,97,501317,22,2,0,2,0
2020-03-09,Stanislaus,99,539301,11,0,2,2,0
2020-03-09,Sutter,101,95872,0,0,0,0,0
2020-03-09,Tehama,103,63373,0,0,0,0,0
2020-03-09,Trinity,105,12862,0,0,0,0,0
2020-03-09,Tulare,107,460477,7,0,0,0,0
2020-03-09,Tuolumne,109,53932,1,0,0,0,0
2020-03-09,Ventura,111,848112,25,1,0,1,0
2020-03-09,Yolo,113,214977,6,2,0,2,0
2020-03-09,Yuba,115,75493,0,0,0,0,0
2020-03-08,Alameda,1,1643700,46,4,0,4,0
2020-03-08,Alpine,3,1148,0,0,0,0,0
2020-03-08,Amador,5,37829,0,0,0,0,0
2020-03-08,Butte,7,227075,0,0,0,0,0
2020-03-08,Calaveras,9,45235,2,0,0,0,0
2020-03-08,Colusa,11,21464,0,0,0,0,0
2020-03-08,Contra Costa,13,1133247,58,9,0,9,0
2020-03-08,Del Norte,15,27424,0,0,0,0,0
2020-03-08,El Dorado,17,186661,5,0,0,0,0
2020-03-08,Fresno,19,978130,4,1,1,2,0
2020-03-08,Glenn,21,27897,0,0,0,0,0
2020-03-08,Humboldt,23,135768,5,1,0,1,0
2020-03-08,Imperial,25,180216,9,0,0,0,0
2020-03-08,Inyo,27,18085,0,0,0,0,0
2020-03-08,Kern,29,883053,8,0,0,0,0
2020-03-08,Kings,31,150075,1,0,1,1,0
2020-03-08,Lake,33,64148,0,0,0,0,0
2020-03-08,Lassen,35,31185,0,0,0,0,0
2020-03-08,Los Angeles,37,10098052,383,14,12,26,0
2020-03-08,Madera,39,155013,7,1,0,1,0
2020-03-08,Marin,41,260295,13,1,0,1,0
2020-03-08,Mariposa,43,17540,0,0,0,0,0
2020-03-08,Mendocino,45,87422,0,0,0,0,0
2020-03-08,Merced,47,269075,2,0,0,0,0
2020-03-08,Modoc,49,8938,0,0,0,0,0
2020-03-08,Mono,51,14174,3,0,0,0,0
2020-03-08,Monterey,53,433212,1,0,0,0,0
2020-03-08,Napa,55,140530,2,0,0,0,0
2020-03-08,Nevada,57,99092,1,0,1,1,0
2020-03-08,Orange,59,3164182,132,4,0,4,0
2020-03-08,Placer,61,380077,11,7,0,7,1
2020-03-08,Plumas,63,18699,0,0,0,0,0
2020-03-08,Riverside,65,2383286,40,1,1,2,0
2020-03-08,Sacramento,67,1510023,64,5,0,5,0
2020-03-08,San Benito,69,59416,3,2,0,2,0
2020-03-08,San Bernardino,71,2135413,40,0,0,0,0
2020-03-08,San Diego,73,3302833,92,2,0,2,0
2020-03-08,San Francisco,75,870044,52,9,0,9,0
2020-03-08,San Joaquin,77,732212,18,0,3,3,0
2020-03-08,San Luis Obispo,79,281455,9,0,0,0,0
2020-03-08,San Mateo,81,765935,96,4,0,4,0
2020-03-08,Santa Barbara,83,443738,6,0,0,0,0
2020-03-08,Santa Clara,85,1922200,230,36,1,37,0
2020-03-08,Santa Cruz,87,273765,17,1,0,1,0
2020-03-08,Shasta,89,179085,2,0,0,0,0
2020-03-08,Sierra,91,2930,0,0,0,0,0
2020-03-08,Siskiyou,93,43540,0,0,0,0,0
2020-03-08,Solano,95,438530,24,26,0,26,0
2020-03-08,Sonoma,97,501317,17,2,0,2,0
2020-03-08,Stanislaus,99,539301,10,0,2,2,0
2020-03-08,Sutter,101,95872,0,0,0,0,0
2020-03-08,Tehama,103,63373,0,0,0,0,0
2020-03-08,Trinity,105,12862,0,0,0,0,0
2020-03-08,Tulare,107,460477,7,0,0,0,0
2020-03-08,Tuolumne,109,53932,1,0,0,0,0
2020-03-08,Ventura,111,848112,21,1,0,1,0
2020-03-08,Yolo,113,214977,3,2,0,2,0
2020-03-08,Yuba,115,75493,0,0,0,0,0
2020-03-07,Alameda,1,1643700,41,3,0,3,0
2020-03-07,Alpine,3,1148,0,0,0,0,0
2020-03-07,Amador,5,37829,0,0,0,0,0
2020-03-07,Butte,7,227075,0,0,0,0,0
2020-03-07,Calaveras,9,45235,2,0,0,0,0
2020-03-07,Colusa,11,21464,0,0,0,0,0
2020-03-07,Contra Costa,13,1133247,55,4,0,4,0
2020-03-07,Del Norte,15,27424,0,0,0,0,0
2020-03-07,El Dorado,17,186661,4,0,0,0,0
2020-03-07,Fresno,19,978130,3,1,1,2,0
2020-03-07,Glenn,21,27897,0,0,0,0,0
2020-03-07,Humboldt,23,135768,5,1,0,1,0
2020-03-07,Imperial,25,180216,8,0,0,0,0
2020-03-07,Inyo,27,18085,0,0,0,0,0
2020-03-07,Kern,29,883053,7,0,0,0,0
2020-03-07,Kings,31,150075,1,0,1,1,0
2020-03-07,Lake,33,64148,0,0,0,0,0
2020-03-07,Lassen,35,31185,0,0,0,0,0
2020-03-07,Los Angeles,37,10098052,333,14,12,26,0
2020-03-07,Madera,39,155013,6,1,0,1,0
2020-03-07,Marin,41,260295,11,0,0,0,0
2020-03-07,Mariposa,43,17540,0,0,0,0,0
2020-03-07,Mendocino,45,87422,0,0,0,0,0
2020-03-07,Merced,47,269075,2,0,0,0,0
2020-03-07,Modoc,49,8938,0,0,0,0,0
2020-03-07,Mono,51,14174,3,0,0,0,0
2020-03-07,Monterey,53,433212,1,0,0,0,0
2020-03-07,Napa,55,140530,1,0,0,0,0
2020-03-07,Nevada,57,99092,1,0,1,1,0
2020-03-07,Orange,59,3164182,124,4,0,4,0
2020-03-07,Placer,61,380077,10,6,0,6,1
2020-03-07,Plumas,63,18699,0,0,0,0,0
2020-03-07,Riverside,65,2383286,30,0,1,1,0
2020-03-07,Sacramento,67,1510023,51,4,0,4,0
2020-03-07,San Benito,69,59416,3,2,0,2,0
2020-03-07,San Bernardino,71,2135413,38,0,0,0,0
2020-03-07,San Diego,73,3302833,74,2,0,2,0
2020-03-07,San Francisco,75,870044,46,9,0,9,0
2020-03-07,San Joaquin,77,732212,16,0,3,3,0
2020-03-07,San Luis Obispo,79,281455,6,0,0,0,0
2020-03-07,San Mateo,81,765935,86,1,0,1,0
2020-03-07,Santa Barbara,83,443738,5,0,0,0,0
2020-03-07,Santa Clara,85,1922200,201,31,1,32,0
2020-03-07,Santa Cruz,87,273765,17,1,0,1,0
2020-03-07,Shasta,89,179085,2,0,0,0,0
2020-03-07,Sierra,91,2930,0,0,0,0,0
2020-03-07,Siskiyou,93,43540,0,0,0,0,0
2020-03-07,Solano,95,438530,23,25,0,25,0
2020-03-07,Sonoma,97,501317,13,2,0,2,0
2020-03-07,Stanislaus,99,539301,9,0,2,2,0
2020-03-07,Sutter,101,95872,0,0,0,0,0
2020-03-07,Tehama,103,63373,0,0,0,0,0
2020-03-07,Trinity,105,12862,0,0,0,0,0
2020-03-07,Tulare,107,460477,4,0,0,0,0
2020-03-07,Tuolumne,109,53932,1,0,0,0,0
2020-03-07,Ventura,111,848112,18,1,0,1,0
2020-03-07,Yolo,113,214977,3,2,0,2,0
2020-03-07,Yuba,115,75493,0,0,0,0,0
2020-03-06,Alameda,1,1643700,39,3,0,3,0
2020-03-06,Alpine,3,1148,0,0,0,0,0
2020-03-06,Amador,5,37829,0,0,0,0,0
2020-03-06,Butte,7,227075,0,0,0,0,0
2020-03-06,Calaveras,9,45235,2,0,0,0,0
2020-03-06,Colusa,11,21464,0,0,0,0,0
2020-03-06,Contra Costa,13,1133247,46,4,0,4,0
2020-03-06,Del Norte,15,27424,0,0,0,0,0
2020-03-06,El Dorado,17,186661,3,0,0,0,0
2020-03-06,Fresno,19,978130,2,0,1,1,0
2020-03-06,Glenn,21,27897,0,0,0,0,0
2020-03-06,Humboldt,23,135768,4,1,0,1,0
2020-03-06,Imperial,25,180216,7,0,0,0,0
2020-03-06,Inyo,27,18085,0,0,0,0,0
2020-03-06,Kern,29,883053,6,0,0,0,0
2020-03-06,Kings,31,150075,1,0,1,1,0
2020-03-06,Lake,33,64148,0,0,0,0,0
2020-03-06,Lassen,35,31185,0,0,0,0,0
2020-03-06,Los Angeles,37,10098052,290,13,12,25,0
2020-03-06,Madera,39,155013,5,0,0,0,0
2020-03-06,Marin,41,260295,10,0,0,0,0
2020-03-06,Mariposa,43,17540,0,0,0,0,0
2020-03-06,Mendocino,45,87422,0,0,0,0,0
2020-03-06,Merced,47,269075,2,0,0,0,0
2020-03-06,Modoc,49,8938,0,0,0,0,0
2020-03-06,Mono,51,14174,1,0,0,0,0
2020-03-06,Monterey,53,433212,1,0,0,0,0
2020-03-06,Napa,55,140530,1,0,0,0,0
2020-03-06,Nevada,57,99092,1,0,1,1,0
2020-03-06,Orange,59,3164182,98,4,0,4,0
2020-03-06,Placer,61,380077,10,5,0,5,1
2020-03-06,Plumas,63,18699,0,0,0,0,0
2020-03-06,Riverside,65,2383286,30,0,1,1,0
2020-03-06,Sacramento,67,1510023,42,2,0,2,0
2020-03-06,San Benito,69,59416,3,2,0,2,0
2020-03-06,San Bernardino,71,2135413,36,0,0,0,0
2020-03-06,San Diego,73,3302833,61,2,0,2,0
2020-03-06,San Francisco,75,870044,40,2,0,2,0
2020-03-06,San Joaquin,77,732212,13,0,3,3,0
2020-03-06,San Luis Obispo,79,281455,4,0,0,0,0
2020-03-06,San Mateo,81,765935,78,1,0,1,0
2020-03-06,Santa Barbara,83,443738,3,0,0,0,0
2020-03-06,Santa Clara,85,1922200,183,20,1,21,0
2020-03-06,Santa Cruz,87,273765,15,0,0,0,0
2020-03-06,Shasta,89,179085,2,0,0,0,0
2020-03-06,Sierra,91,2930,0,0,0,0,0
2020-03-06,Siskiyou,93,43540,0,0,0,0,0
2020-03-06,Solano,95,438530,22,25,0,25,0
2020-03-06,Sonoma,97,501317,13,2,0,2,0
2020-03-06,Stanislaus,99,539301,6,0,2,2,0
2020-03-06,Sutter,101,95872,0,0,0,0,0
2020-03-06,Tehama,103,63373,0,0,0,0,0
2020-03-06,Trinity,105,12862,0,0,0,0,0
2020-03-06,Tulare,107,460477,4,0,0,0,0
2020-03-06,Tuolumne,109,53932,1,0,0,0,0
2020-03-06,Ventura,111,848112,15,1,0,1,0
2020-03-06,Yolo,113,214977,3,1,0,1,0
2020-03-06,Yuba,115,75493,0,0,0,0,0
2020-03-05,Alameda,1,1643700,34,2,0,2,0
2020-03-05,Alpine,3,1148,0,0,0,0,0
2020-03-05,Amador,5,37829,0,0,0,0,0
2020-03-05,Butte,7,227075,0,0,0,0,0
2020-03-05,Calaveras,9,45235,2,0,0,0,0
2020-03-05,Colusa,11,21464,0,0,0,0,0
2020-03-05,Contra Costa,13,1133247,39,1,0,1,0
2020-03-05,Del Norte,15,27424,0,0,0,0,0
2020-03-05,El Dorado,17,186661,1,0,0,0,0
2020-03-05,Fresno,19,978130,2,0,1,1,0
2020-03-05,Glenn,21,27897,0,0,0,0,0
2020-03-05,Humboldt,23,135768,4,1,0,1,0
2020-03-05,Imperial,25,180216,5,0,0,0,0
2020-03-05,Inyo,27,18085,0,0,0,0,0
2020-03-05,Kern,29,883053,6,0,0,0,0
2020-03-05,Kings,31,150075,1,0,1,1,0
2020-03-05,Lake,33,64148,0,0,0,0,0
2020-03-05,Lassen,35,31185,0,0,0,0,0
2020-03-05,Los Angeles,37,10098052,243,11,12,23,0
2020-03-05,Madera,39,155013,5,0,0,0,0
2020-03-05,Marin,41,260295,10,0,0,0,0
2020-03-05,Mariposa,43,17540,0,0,0,0,0
2020-03-05,Mendocino,45,87422,0,0,0,0,0
2020-03-05,Merced,47,269075,2,0,0,0,0
2020-03-05,Modoc,49,8938,0,0,0,0,0
2020-03-05,Mono,51,14174,1,0,0,0,0
2020-03-05,Monterey,53,433212,1,0,0,0,0
2020-03-05,Napa,55,140530,1,0,0,0,0
2020-03-05,Nevada,57,99092,0,0,1,1,0
2020-03-05,Orange,59,3164182,83,3,0,3,0
2020-03-05,Placer,61,380077,10,2,0,2,1
2020-03-05,Plumas,63,18699,0,0,0,0,0
2020-03-05,Riverside,65,2383286,27,0,1,1,0
2020-03-05,Sacramento,67,1510023,36,2,0,2,0
2020-03-05,San Benito,69,59416,1,2,0,2,0
2020-03-05,San Bernardino,71,2135413,31,0,0,0,0
2020-03-05,San Diego,73,3302833,54,2,0,2,0
2020-03-05,San Francisco,75,870044,30,2,0,2,0
2020-03-05,San Joaquin,77,732212,10,0,3,3,0
2020-03-05,San Luis Obispo,79,281455,4,0,0,0,0
2020-03-05,San Mateo,81,765935,65,1,0,1,0
2020-03-05,Santa Barbara,83,443738,2,0,0,0,0
2020-03-05,Santa Clara,85,1922200,162,14,1,15,0
2020-03-05,Santa Cruz,87,273765,13,0,0,0,0
2020-03-05,Shasta,89,179085,2,0,0,0,0
2020-03-05,Sierra,91,2930,0,0,0,0,0
2020-03-05,Siskiyou,93,43540,0,0,0,0,0
2020-03-05,Solano,95,438530,22,24,0,24,0
2020-03-05,Sonoma,97,501317,12,2,0,2,0
2020-03-05,Stanislaus,99,539301,5,0,2,2,0
2020-03-05,Sutter,101,95872,0,0,0,0,0
2020-03-05,Tehama,103,63373,0,0,0,0,0
2020-03-05,Trinity,105,12862,0,0,0,0,0
2020-03-05,Tulare,107,460477,4,0,0,0,0
2020-03-05,Tuolumne,109,53932,1,0,0,0,0
2020-03-05,Ventura,111,848112,13,0,0,0,0
2020-03-05,Yolo,113,214977,3,0,0,0,0
2020-03-05,Yuba,115,75493,0,0,0,0,0
2020-03-04,Alameda,1,1643700,30,2,0,2,0
2020-03-04,Alpine,3,1148,0,0,0,0,0
2020-03-04,Amador,5,37829,0,0,0,0,0
2020-03-04,Butte,7,227075,0,0,0,0,0
2020-03-04,Calaveras,9,45235,0,0,0,0,0
2020-03-04,Colusa,11,21464,0,0,0,0,0
2020-03-04,Contra Costa,13,1133247,34,1,0,1,0
2020-03-04,Del Norte,15,27424,0,0,0,0,0
2020-03-04,El Dorado,17,186661,1,0,0,0,0
2020-03-04,Fresno,19,978130,2,0,1,1,0
2020-03-04,Glenn,21,27897,0,0,0,0,0
2020-03-04,Humboldt,23,135768,1,1,0,1,0
2020-03-04,Imperial,25,180216,5,0,0,0,0
2020-03-04,Inyo,27,18085,0,0,0,0,0
2020-03-04,Kern,29,883053,6,0,0,0,0
2020-03-04,Kings,31,150075,1,0,1,1,0
2020-03-04,Lake,33,64148,0,0,0,0,0
2020-03-04,Lassen,35,31185,0,0,0,0,0
2020-03-04,Los Angeles,37,10098052,208,7,12,19,0
2020-03-04,Madera,39,155013,5,0,0,0,0
2020-03-04,Marin,41,260295,10,0,0,0,0
2020-03-04,Mariposa,43,17540,0,0,0,0,0
2020-03-04,Mendocino,45,87422,0,0,0,0,0
2020-03-04,Merced,47,269075,2,0,0,0,0
2020-03-04,Modoc,49,8938,0,0,0,0,0
2020-03-04,Mono,51,14174,1,0,0,0,0
2020-03-04,Monterey,53,433212,1,0,0,0,0
2020-03-04,Napa,55,140530,1,0,0,0,0
2020-03-04,Nevada,57,99092,0,0,1,1,0
2020-03-04,Orange,59,3164182,80,3,0,3,0
2020-03-04,Placer,61,380077,9,2,0,2,1
2020-03-04,Plumas,63,18699,0,0,0,0,0
2020-03-04,Riverside,65,2383286,23,0,1,1,0
2020-03-04,Sacramento,67,1510023,32,1,0,1,0
2020-03-04,San Benito,69,59416,1,2,0,2,0
2020-03-04,San Bernardino,71,2135413,28,0,0,0,0
2020-03-04,San Diego,73,3302833,41,2,0,2,0
2020-03-04,San Francisco,75,870044,25,0,0,0,0
2020-03-04,San Joaquin,77,732212,9,0,3,3,0
2020-03-04,San Luis Obispo,79,281455,4,0,0,0,0
2020-03-04,San Mateo,81,765935,60,1,0,1,0
2020-03-04,Santa Barbara,83,443738,2,0,0,0,0
2020-03-04,Santa Clara,85,1922200,145,12,1,13,0
2020-03-04,Santa Cruz,87,273765,13,0,0,0,0
2020-03-04,Shasta,89,179085,2,0,0,0,0
2020-03-04,Sierra,91,2930,0,0,0,0,0
2020-03-04,Siskiyou,93,43540,0,0,0,0,0
2020-03-04,Solano,95,438530,21,24,0,24,0
2020-03-04,Sonoma,97,501317,11,2,0,2,0
2020-03-04,Stanislaus,99,539301,5,0,2,2,0
2020-03-04,Sutter,101,95872,0,0,0,0,0
2020-03-04,Tehama,103,63373,0,0,0,0,0
2020-03-04,Trinity,105,12862,0,0,0,0,0
2020-03-04,Tulare,107,460477,4,0,0,0,0
2020-03-04,Tuolumne,109,53932,0,0,0,0,0
2020-03-04,Ventura,111,848112,12,0,0,0,0
2020-03-04,Yolo,113,214977,3,0,0,0,0
2020-03-04,Yuba,115,75493,0,0,0,0,0
2020-03-03,Alameda,1,1643700,24,2,0,2,0
2020-03-03,Alpine,3,1148,0,0,0,0,0
2020-03-03,Amador,5,37829,0,0,0,0,0
2020-03-03,Butte,7,227075,0,0,0,0,0
2020-03-03,Calaveras,9,45235,0,0,0,0,0
2020-03-03,Colusa,11,21464,0,0,0,0,0
2020-03-03,Contra Costa,13,1133247,30,0,0,0,0
2020-03-03,Del Norte,15,27424,0,0,0,0,0
2020-03-03,El Dorado,17,186661,1,0,0,0,0
2020-03-03,Fresno,19,978130,1,0,1,1,0
2020-03-03,Glenn,21,27897,0,0,0,0,0
2020-03-03,Humboldt,23,135768,1,1,0,1,0
2020-03-03,Imperial,25,180216,5,0,0,0,0
2020-03-03,Inyo,27,18085,0,0,0,0,0
2020-03-03,Kern,29,883053,4,0,0,0,0
2020-03-03,Kings,31,150075,1,0,1,1,0
2020-03-03,Lake,33,64148,0,0,0,0,0
2020-03-03,Lassen,35,31185,0,0,0,0,0
2020-03-03,Los Angeles,37,10098052,189,5,12,17,0
2020-03-03,Madera,39,155013,4,0,0,0,0
2020-03-03,Marin,41,260295,6,0,0,0,0
2020-03-03,Mariposa,43,17540,0,0,0,0,0
2020-03-03,Mendocino,45,87422,0,0,0,0,0
2020-03-03,Merced,47,269075,2,0,0,0,0
2020-03-03,Modoc,49,8938,0,0,0,0,0
2020-03-03,Mono,51,14174,1,0,0,0,0
2020-03-03,Monterey,53,433212,0,0,0,0,0
2020-03-03,Napa,55,140530,1,0,0,0,0
2020-03-03,Nevada,57,99092,0,0,1,1,0
2020-03-03,Orange,59,3164182,72,1,0,1,0
2020-03-03,Placer,61,380077,8,2,0,2,0
2020-03-03,Plumas,63,18699,0,0,0,0,0
2020-03-03,Riverside,65,2383286,20,0,1,1,0
2020-03-03,Sacramento,67,1510023,31,1,0,1,0
2020-03-03,San Benito,69,59416,1,2,0,2,0
2020-03-03,San Bernardino,71,2135413,25,0,0,0,0
2020-03-03,San Diego,73,3302833,34,2,0,2,0
2020-03-03,San Francisco,75,870044,23,0,0,0,0
2020-03-03,San Joaquin,77,732212,8,0,3,3,0
2020-03-03,San Luis Obispo,79,281455,2,0,0,0,0
2020-03-03,San Mateo,81,765935,53,1,0,1,0
2020-03-03,Santa Barbara,83,443738,1,0,0,0,0
2020-03-03,Santa Clara,85,1922200,130,11,1,12,0
2020-03-03,Santa Cruz,87,273765,10,0,0,0,0
2020-03-03,Shasta,89,179085,2,0,0,0,0
2020-03-03,Sierra,91,2930,0,0,0,0,0
2020-03-03,Siskiyou,93,43540,0,0,0,0,0
2020-03-03,Solano,95,438530,20,24,0,24,0
2020-03-03,Sonoma,97,501317,11,1,0,1,0
2020-03-03,Stanislaus,99,539301,5,0,2,2,0
2020-03-03,Sutter,101,95872,0,0,0,0,0
2020-03-03,Tehama,103,63373,0,0,0,0,0
2020-03-03,Trinity,105,12862,0,0,0,0,0
2020-03-03,Tulare,107,460477,4,0,0,0,0
2020-03-03,Tuolumne,109,53932,0,0,0,0,0
2020-03-03,Ventura,111,848112,11,0,0,0,0
2020-03-03,Yolo,113,214977,2,0,0,0,0
2020-03-03,Yuba,115,75493,0,0,0,0,0
2020-03-02,Alameda,1,1643700,21,1,0,1,0
2020-03-02,Alpine,3,1148,0,0,0,0,0
2020-03-02,Amador,5,37829,0,0,0,0,0
2020-03-02,Butte,7,227075,0,0,0,0,0
2020-03-02,Calaveras,9,45235,0,0,0,0,0
2020-03-02,Colusa,11,21464,0,0,0,0,0
2020-03-02,Contra Costa,13,1133247,27,0,0,0,0
2020-03-02,Del Norte,15,27424,0,0,0,0,0
2020-03-02,El Dorado,17,186661,1,0,0,0,0
2020-03-02,Fresno,19,978130,1,0,1,1,0
2020-03-02,Glenn,21,27897,0,0,0,0,0
2020-03-02,Humboldt,23,135768,1,1,0,1,0
2020-03-02,Imperial,25,180216,5,0,0,0,0
2020-03-02,Inyo,27,18085,0,0,0,0,0
2020-03-02,Kern,29,883053,4,0,0,0,0
2020-03-02,Kings,31,150075,1,0,1,1,0
2020-03-02,Lake,33,64148,0,0,0,0,0
2020-03-02,Lassen,35,31185,0,0,0,0,0
2020-03-02,Los Angeles,37,10098052,174,1,12,13,0
2020-03-02,Madera,39,155013,4,0,0,0,0
2020-03-02,Marin,41,260295,6,0,0,0,0
2020-03-02,Mariposa,43,17540,0,0,0,0,0
2020-03-02,Mendocino,45,87422,0,0,0,0,0
2020-03-02,Merced,47,269075,1,0,0,0,0
2020-03-02,Modoc,49,8938,0,0,0,0,0
2020-03-02,Mono,51,14174,1,0,0,0,0
2020-03-02,Monterey,53,433212,0,0,0,0,0
2020-03-02,Napa,55,140530,1,0,0,0,0
2020-03-02,Nevada,57,99092,0,0,1,1,0
2020-03-02,Orange,59,3164182,67,1,0,1,0
2020-03-02,Placer,61,380077,8,1,0,1,0
2020-03-02,Plumas,63,18699,0,0,0,0,0
2020-03-02,Riverside,65,2383286,19,0,1,1,0
2020-03-02,Sacramento,67,1510023,25,1,0,1,0
2020-03-02,San Benito,69,59416,1,2,0,2,0
2020-03-02,San Bernardino,71,2135413,25,0,0,0,0
2020-03-02,San Diego,73,3302833,28,2,0,2,0
2020-03-02,San Francisco,75,870044,17,0,0,0,0
2020-03-02,San Joaquin,77,732212,7,0,3,3,0
2020-03-02,San Luis Obispo,79,281455,2,0,0,0,0
2020-03-02,San Mateo,81,765935,44,1,0,1,0
2020-03-02,Santa Barbara,83,443738,1,0,0,0,0
2020-03-02,Santa Clara,85,1922200,108,7,1,8,0
2020-03-02,Santa Cruz,87,273765,9,0,0,0,0
2020-03-02,Shasta,89,179085,2,0,0,0,0
2020-03-02,Sierra,91,2930,0,0,0,0,0
2020-03-02,Siskiyou,93,43540,0,0,0,0,0
2020-03-02,Solano,95,438530,19,24,0,24,0
2020-03-02,Sonoma,97,501317,10,1,0,1,0
2020-03-02,Stanislaus,99,539301,2,0,2,2,0
2020-03-02,Sutter,101,95872,0,0,0,0,0
2020-03-02,Tehama,103,63373,0,0,0,0,0
2020-03-02,Trinity,105,12862,0,0,0,0,0
2020-03-02,Tulare,107,460477,4,0,0,0,0
2020-03-02,Tuolumne,109,53932,0,0,0,0,0
2020-03-02,Ventura,111,848112,10,0,0,0,0
2020-03-02,Yolo,113,214977,2,0,0,0,0
2020-03-02,Yuba,115,75493,0,0,0,0,0
2020-03-01,Alameda,1,1643700,20,1,0,1,0
2020-03-01,Alpine,3,1148,0,0,0,0,0
2020-03-01,Amador,5,37829,0,0,0,0,0
2020-03-01,Butte,7,227075,0,0,0,0,0
2020-03-01,Calaveras,9,45235,0,0,0,0,0
2020-03-01,Colusa,11,21464,0,0,0,0,0
2020-03-01,Contra Costa,13,1133247,24,0,0,0,0
2020-03-01,Del Norte,15,27424,0,0,0,0,0
2020-03-01,El Dorado,17,186661,1,0,0,0,0
2020-03-01,Fresno,19,978130,0,0,1,1,0
2020-03-01,Glenn,21,27897,0,0,0,0,0
2020-03-01,Humboldt,23,135768,1,1,0,1,0
2020-03-01,Imperial,25,180216,5,0,0,0,0
2020-03-01,Inyo,27,18085,0,0,0,0,0
2020-03-01,Kern,29,883053,2,0,0,0,0
2020-03-01,Kings,31,150075,1,0,1,1,0
2020-03-01,Lake,33,64148,0,0,0,0,0
2020-03-01,Lassen,35,31185,0,0,0,0,0
2020-03-01,Los Angeles,37,10098052,155,1,12,13,0
2020-03-01,Madera,39,155013,2,0,0,0,0
2020-03-01,Marin,41,260295,5,0,0,0,0
2020-03-01,Mariposa,43,17540,0,0,0,0,0
2020-03-01,Mendocino,45,87422,0,0,0,0,0
2020-03-01,Merced,47,269075,1,0,0,0,0
2020-03-01,Modoc,49,8938,0,0,0,0,0
2020-03-01,Mono,51,14174,1,0,0,0,0
2020-03-01,Monterey,53,433212,0,0,0,0,0
2020-03-01,Napa,55,140530,1,0,0,0,0
2020-03-01,Nevada,57,99092,0,0,1,1,0
2020-03-01,Orange,59,3164182,64,1,0,1,0
2020-03-01,Placer,61,380077,8,0,0,0,0
2020-03-01,Plumas,63,18699,0,0,0,0,0
2020-03-01,Riverside,65,2383286,18,0,1,1,0
2020-03-01,Sacramento,67,1510023,21,1,0,1,0
2020-03-01,San Benito,69,59416,0,2,0,2,0
2020-03-01,San Bernardino,71,2135413,23,0,0,0,0
2020-03-01,San Diego,73,3302833,21,2,0,2,0
2020-03-01,San Francisco,75,870044,13,0,0,0,0
2020-03-01,San Joaquin,77,732212,7,0,3,3,0
2020-03-01,San Luis Obispo,79,281455,2,0,0,0,0
2020-03-01,San Mateo,81,765935,36,0,0,0,0
2020-03-01,Santa Barbara,83,443738,1,0,0,0,0
2020-03-01,Santa Clara,85,1922200,95,6,1,7,0
2020-03-01,Santa Cruz,87,273765,8,0,0,0,0
2020-03-01,Shasta,89,179085,2,0,0,0,0
2020-03-01,Sierra,91,2930,0,0,0,0,0
2020-03-01,Siskiyou,93,43540,0,0,0,0,0
2020-03-01,Solano,95,438530,19,24,0,24,0
2020-03-01,Sonoma,97,501317,9,0,0,0,0
2020-03-01,Stanislaus,99,539301,2,0,2,2,0
2020-03-01,Sutter,101,95872,0,0,0,0,0
2020-03-01,Tehama,103,63373,0,0,0,0,0
2020-03-01,Trinity,105,12862,0,0,0,0,0
2020-03-01,Tulare,107,460477,4,0,0,0,0
2020-03-01,Tuolumne,109,53932,0,0,0,0,0
2020-03-01,Ventura,111,848112,8,0,0,0,0
2020-03-01,Yolo,113,214977,2,0,0,0,0
2020-03-01,Yuba,115,75493,0,0,0,0,0
2020-02-29,Alameda,1,1643700,16,0,0,0,0
2020-02-29,Alpine,3,1148,0,0,0,0,0
2020-02-29,Amador,5,37829,0,0,0,0,0
2020-02-29,Butte,7,227075,0,0,0,0,0
2020-02-29,Calaveras,9,45235,0,0,0,0,0
2020-02-29,Colusa,11,21464,0,0,0,0,0
2020-02-29,Contra Costa,13,1133247,20,0,0,0,0
2020-02-29,Del Norte,15,27424,0,0,0,0,0
2020-02-29,El Dorado,17,186661,1,0,0,0,0
2020-02-29,Fresno,19,978130,0,0,0,0,0
2020-02-29,Glenn,21,27897,0,0,0,0,0
2020-02-29,Humboldt,23,135768,1,1,0,1,0
2020-02-29,Imperial,25,180216,3,0,0,0,0
2020-02-29,Inyo,27,18085,0,0,0,0,0
2020-02-29,Kern,29,883053,2,0,0,0,0
2020-02-29,Kings,31,150075,1,0,1,1,0
2020-02-29,Lake,33,64148,0,0,0,0,0
2020-02-29,Lassen,35,31185,0,0,0,0,0
2020-02-29,Los Angeles,37,10098052,127,1,12,13,0
2020-02-29,Madera,39,155013,2,0,0,0,0
2020-02-29,Marin,41,260295,4,0,0,0,0
2020-02-29,Mariposa,43,17540,0,0,0,0,0
2020-02-29,Mendocino,45,87422,0,0,0,0,0
2020-02-29,Merced,47,269075,1,0,0,0,0
2020-02-29,Modoc,49,8938,0,0,0,0,0
2020-02-29,Mono,51,14174,1,0,0,0,0
2020-02-29,Monterey,53,433212,0,0,0,0,0
2020-02-29,Napa,55,140530,1,0,0,0,0
2020-02-29,Nevada,57,99092,0,0,1,1,0
2020-02-29,Orange,59,3164182,59,1,0,1,0
2020-02-29,Placer,61,380077,7,0,0,0,0
2020-02-29,Plumas,63,18699,0,0,0,0,0
2020-02-29,Riverside,65,2383286,15,0,1,1,0
2020-02-29,Sacramento,67,1510023,16,1,0,1,0
2020-02-29,San Benito,69,59416,0,2,0,2,0
2020-02-29,San Bernardino,71,2135413,21,0,0,0,0
2020-02-29,San Diego,73,3302833,16,2,0,2,0
2020-02-29,San Francisco,75,870044,12,0,0,0,0
2020-02-29,San Joaquin,77,732212,6,0,3,3,0
2020-02-29,San Luis Obispo,79,281455,2,0,0,0,0
2020-02-29,San Mateo,81,765935,29,0,0,0,0
2020-02-29,Santa Barbara,83,443738,0,0,0,0,0
2020-02-29,Santa Clara,85,1922200,73,3,1,4,0
2020-02-29,Santa Cruz,87,273765,8,0,0,0,0
2020-02-29,Shasta,89,179085,2,0,0,0,0
2020-02-29,Sierra,91,2930,0,0,0,0,0
2020-02-29,Siskiyou,93,43540,0,0,0,0,0
2020-02-29,Solano,95,438530,18,23,0,23,0
2020-02-29,Sonoma,97,501317,6,0,0,0,0
2020-02-29,Stanislaus,99,539301,2,0,2,2,0
2020-02-29,Sutter,101,95872,0,0,0,0,0
2020-02-29,Tehama,103,63373,0,0,0,0,0
2020-02-29,Trinity,105,12862,0,0,0,0,0
2020-02-29,Tulare,107,460477,2,0,0,0,0
2020-02-29,Tuolumne,109,53932,0,0,0,0,0
2020-02-29,Ventura,111,848112,6,0,0,0,0
2020-02-29,Yolo,113,214977,2,0,0,0,0
2020-02-29,Yuba,115,75493,0,0,0,0,0
2020-02-28,Alameda,1,1643700,14,0,0,0,0
2020-02-28,Alpine,3,1148,0,0,0,0,0
2020-02-28,Amador,5,37829,0,0,0,0,0
2020-02-28,Butte,7,227075,0,0,0,0,0
2020-02-28,Calaveras,9,45235,0,0,0,0,0
2020-02-28,Colusa,11,21464,0,0,0,0,0
2020-02-28,Contra Costa,13,1133247,20,0,0,0,0
2020-02-28,Del Norte,15,27424,0,0,0,0,0
2020-02-28,El Dorado,17,186661,0,0,0,0,0
2020-02-28,Fresno,19,978130,0,0,0,0,0
2020-02-28,Glenn,21,27897,0,0,0,0,0
2020-02-28,Humboldt,23,135768,1,1,0,1,0
2020-02-28,Imperial,25,180216,3,0,0,0,0
2020-02-28,Inyo,27,18085,0,0,0,0,0
2020-02-28,Kern,29,883053,2,0,0,0,0
2020-02-28,Kings,31,150075,1,0,1,1,0
2020-02-28,Lake,33,64148,0,0,0,0,0
2020-02-28,Lassen,35,31185,0,0,0,0,0
2020-02-28,Los Angeles,37,10098052,118,1,12,13,0
2020-02-28,Madera,39,155013,2,0,0,0,0
2020-02-28,Marin,41,260295,2,0,0,0,0
2020-02-28,Mariposa,43,17540,0,0,0,0,0
2020-02-28,Mendocino,45,87422,0,0,0,0,0
2020-02-28,Merced,47,269075,1,0,0,0,0
2020-02-28,Modoc,49,8938,0,0,0,0,0
2020-02-28,Mono,51,14174,0,0,0,0,0
2020-02-28,Monterey,53,433212,0,0,0,0,0
2020-02-28,Napa,55,140530,1,0,0,0,0
2020-02-28,Nevada,57,99092,0,0,1,1,0
2020-02-28,Orange,59,3164182,57,1,0,1,0
2020-02-28,Placer,61,380077,7,0,0,0,0
2020-02-28,Plumas,63,18699,0,0,0,0,0
2020-02-28,Riverside,65,2383286,13,0,1,1,0
2020-02-28,Sacramento,67,1510023,10,1,0,1,0
2020-02-28,San Benito,69,59416,0,2,0,2,0
2020-02-28,San Bernardino,71,2135413,21,0,0,0,0
2020-02-28,San Diego,73,3302833,13,2,0,2,0
2020-02-28,San Francisco,75,870044,10,0,0,0,0
2020-02-28,San Joaquin,77,732212,6,0,3,3,0
2020-02-28,San Luis Obispo,79,281455,2,0,0,0,0
2020-02-28,San Mateo,81,765935,24,0,0,0,0
2020-02-28,Santa Barbara,83,443738,0,0,0,0,0
2020-02-28,Santa Clara,85,1922200,69,3,1,4,0
2020-02-28,Santa Cruz,87,273765,8,0,0,0,0
2020-02-28,Shasta,89,179085,2,0,0,0,0
2020-02-28,Sierra,91,2930,0,0,0,0,0
2020-02-28,Siskiyou,93,43540,0,0,0,0,0
2020-02-28,Solano,95,438530,17,23,0,23,0
2020-02-28,Sonoma,97,501317,6,0,0,0,0
2020-02-28,Stanislaus,99,539301,2,0,2,2,0
2020-02-28,Sutter,101,95872,0,0,0,0,0
2020-02-28,Tehama,103,63373,0,0,0,0,0
2020-02-28,Trinity,105,12862,0,0,0,0,0
2020-02-28,Tulare,107,460477,2,0,0,0,0
2020-02-28,Tuolumne,109,53932,0,0,0,0,0
2020-02-28,Ventura,111,848112,6,0,0,0,0
2020-02-28,Yolo,113,214977,2,0,0,0,0
2020-02-28,Yuba,115,75493,0,0,0,0,0
2020-02-27,Alameda,1,1643700,13,0,0,0,0
2020-02-27,Alpine,3,1148,0,0,0,0,0
2020-02-27,Amador,5,37829,0,0,0,0,0
2020-02-27,Butte,7,227075,0,0,0,0,0
2020-02-27,Calaveras,9,45235,0,0,0,0,0
2020-02-27,Colusa,11,21464,0,0,0,0,0
2020-02-27,Contra Costa,13,1133247,14,0,0,0,0
2020-02-27,Del Norte,15,27424,0,0,0,0,0
2020-02-27,El Dorado,17,186661,0,0,0,0,0
2020-02-27,Fresno,19,978130,0,0,0,0,0
2020-02-27,Glenn,21,27897,0,0,0,0,0
2020-02-27,Humboldt,23,135768,1,1,0,1,0
2020-02-27,Imperial,25,180216,3,0,0,0,0
2020-02-27,Inyo,27,18085,0,0,0,0,0
2020-02-27,Kern,29,883053,2,0,0,0,0
2020-02-27,Kings,31,150075,1,0,1,1,0
2020-02-27,Lake,33,64148,0,0,0,0,0
2020-02-27,Lassen,35,31185,0,0,0,0,0
2020-02-27,Los Angeles,37,10098052,105,1,12,13,0
2020-02-27,Madera,39,155013,2,0,0,0,0
2020-02-27,Marin,41,260295,1,0,0,0,0
2020-02-27,Mariposa,43,17540,0,0,0,0,0
2020-02-27,Mendocino,45,87422,0,0,0,0,0
2020-02-27,Merced,47,269075,1,0,0,0,0
2020-02-27,Modoc,49,8938,0,0,0,0,0
2020-02-27,Mono,51,14174,0,0,0,0,0
2020-02-27,Monterey,53,433212,0,0,0,0,0
2020-02-27,Napa,55,140530,1,0,0,0,0
2020-02-27,Nevada,57,99092,0,0,1,1,0
2020-02-27,Orange,59,3164182,51,1,0,1,0
2020-02-27,Placer,61,380077,6,0,0,0,0
2020-02-27,Plumas,63,18699,0,0,0,0,0
2020-02-27,Riverside,65,2383286,12,0,1,1,0
2020-02-27,Sacramento,67,1510023,10,1,0,1,0
2020-02-27,San Benito,69,59416,0,2,0,2,0
2020-02-27,San Bernardino,71,2135413,21,0,0,0,0
2020-02-27,San Diego,73,3302833,12,2,0,2,0
2020-02-27,San Francisco,75,870044,9,0,0,0,0
2020-02-27,San Joaquin,77,732212,5,0,3,3,0
2020-02-27,San Luis Obispo,79,281455,2,0,0,0,0
2020-02-27,San Mateo,81,765935,20,0,0,0,0
2020-02-27,Santa Barbara,83,443738,0,0,0,0,0
2020-02-27,Santa Clara,85,1922200,58,2,1,3,0
2020-02-27,Santa Cruz,87,273765,6,0,0,0,0
2020-02-27,Shasta,89,179085,0,0,0,0,0
2020-02-27,Sierra,91,2930,0,0,0,0,0
2020-02-27,Siskiyou,93,43540,0,0,0,0,0
2020-02-27,Solano,95,438530,17,23,0,23,0
2020-02-27,Sonoma,97,501317,5,0,0,0,0
2020-02-27,Stanislaus,99,539301,2,0,2,2,0
2020-02-27,Sutter,101,95872,0,0,0,0,0
2020-02-27,Tehama,103,63373,0,0,0,0,0
2020-02-27,Trinity,105,12862,0,0,0,0,0
2020-02-27,Tulare,107,460477,2,0,0,0,0
2020-02-27,Tuolumne,109,53932,0,0,0,0,0
2020-02-27,Ventura,111,848112,4,0,0,0,0
2020-02-27,Yolo,113,214977,2,0,0,0,0
2020-02-27,Yuba,115,75493,0,0,0,0,0
2020-02-26,Alameda,1,1643700,13,0,0,0,0
2020-02-26,Alpine,3,1148,0,0,0,0,0
2020-02-26,Amador,5,37829,0,0,0,0,0
2020-02-26,Butte,7,227075,0,0,0,0,0
2020-02-26,Calaveras,9,45235,0,0,0,0,0
2020-02-26,Colusa,11,21464,0,0,0,0,0
2020-02-26,Contra Costa,13,1133247,13,0,0,0,0
2020-02-26,Del Norte,15,27424,0,0,0,0,0
2020-02-26,El Dorado,17,186661,0,0,0,0,0
2020-02-26,Fresno,19,978130,0,0,0,0,0
2020-02-26,Glenn,21,27897,0,0,0,0,0
2020-02-26,Humboldt,23,135768,1,1,0,1,0
2020-02-26,Imperial,25,180216,3,0,0,0,0
2020-02-26,Inyo,27,18085,0,0,0,0,0
2020-02-26,Kern,29,883053,2,0,0,0,0
2020-02-26,Kings,31,150075,1,0,1,1,0
2020-02-26,Lake,33,64148,0,0,0,0,0
2020-02-26,Lassen,35,31185,0,0,0,0,0
2020-02-26,Los Angeles,37,10098052,99,1,12,13,0
2020-02-26,Madera,39,155013,2,0,0,0,0
2020-02-26,Marin,41,260295,1,0,0,0,0
2020-02-26,Mariposa,43,17540,0,0,0,0,0
2020-02-26,Mendocino,45,87422,0,0,0,0,0
2020-02-26,Merced,47,269075,1,0,0,0,0
2020-02-26,Modoc,49,8938,0,0,0,0,0
2020-02-26,Mono,51,14174,0,0,0,0,0
2020-02-26,Monterey,53,433212,0,0,0,0,0
2020-02-26,Napa,55,140530,0,0,0,0,0
2020-02-26,Nevada,57,99092,0,0,1,1,0
2020-02-26,Orange,59,3164182,50,1,0,1,0
2020-02-26,Placer,61,380077,5,0,0,0,0
2020-02-26,Plumas,63,18699,0,0,0,0,0
2020-02-26,Riverside,65,2383286,10,0,1,1,0
2020-02-26,Sacramento,67,1510023,10,1,0,1,0
2020-02-26,San Benito,69,59416,0,2,0,2,0
2020-02-26,San Bernardino,71,2135413,19,0,0,0,0
2020-02-26,San Diego,73,3302833,11,2,0,2,0
2020-02-26,San Francisco,75,870044,9,0,0,0,0
2020-02-26,San Joaquin,77,732212,5,0,3,3,0
2020-02-26,San Luis Obispo,79,281455,2,0,0,0,0
2020-02-26,San Mateo,81,765935,18,0,0,0,0
2020-02-26,Santa Barbara,83,443738,0,0,0,0,0
2020-02-26,Santa Clara,85,1922200,50,2,1,3,0
2020-02-26,Santa Cruz,87,273765,6,0,0,0,0
2020-02-26,Shasta,89,179085,0,0,0,0,0
2020-02-26,Sierra,91,2930,0,0,0,0,0
2020-02-26,Siskiyou,93,43540,0,0,0,0,0
2020-02-26,Solano,95,438530,17,23,0,23,0
2020-02-26,Sonoma,97,501317,5,0,0,0,0
2020-02-26,Stanislaus,99,539301,2,0,2,2,0
2020-02-26,Sutter,101,95872,0,0,0,0,0
2020-02-26,Tehama,103,63373,0,0,0,0,0
2020-02-26,Trinity,105,12862,0,0,0,0,0
2020-02-26,Tulare,107,460477,2,0,0,0,0
2020-02-26,Tuolumne,109,53932,0,0,0,0,0
2020-02-26,Ventura,111,848112,4,0,0,0,0
2020-02-26,Yolo,113,214977,2,0,0,0,0
2020-02-26,Yuba,115,75493,0,0,0,0,0
2020-02-25,Alameda,1,1643700,13,0,0,0,0
2020-02-25,Alpine,3,1148,0,0,0,0,0
2020-02-25,Amador,5,37829,0,0,0,0,0
2020-02-25,Butte,7,227075,0,0,0,0,0
2020-02-25,Calaveras,9,45235,0,0,0,0,0
2020-02-25,Colusa,11,21464,0,0,0,0,0
2020-02-25,Contra Costa,13,1133247,11,0,0,0,0
2020-02-25,Del Norte,15,27424,0,0,0,0,0
2020-02-25,El Dorado,17,186661,0,0,0,0,0
2020-02-25,Fresno,19,978130,0,0,0,0,0
2020-02-25,Glenn,21,27897,0,0,0,0,0
2020-02-25,Humboldt,23,135768,1,1,0,1,0
2020-02-25,Imperial,25,180216,3,0,0,0,0
2020-02-25,Inyo,27,18085,0,0,0,0,0
2020-02-25,Kern,29,883053,2,0,0,0,0
2020-02-25,Kings,31,150075,1,0,1,1,0
2020-02-25,Lake,33,64148,0,0,0,0,0
2020-02-25,Lassen,35,31185,0,0,0,0,0
2020-02-25,Los Angeles,37,10098052,84,1,12,13,0
2020-02-25,Madera,39,155013,2,0,0,0,0
2020-02-25,Marin,41,260295,1,0,0,0,0
2020-02-25,Mariposa,43,17540,0,0,0,0,0
2020-02-25,Mendocino,45,87422,0,0,0,0,0
2020-02-25,Merced,47,269075,0,0,0,0,0
2020-02-25,Modoc,49,8938,0,0,0,0,0
2020-02-25,Mono,51,14174,0,0,0,0,0
2020-02-25,Monterey,53,433212,0,0,0,0,0
2020-02-25,Napa,55,140530,0,0,0,0,0
2020-02-25,Nevada,57,99092,0,0,1,1,0
2020-02-25,Orange,59,3164182,49,1,0,1,0
2020-02-25,Placer,61,380077,5,0,0,0,0
2020-02-25,Plumas,63,18699,0,0,0,0,0
2020-02-25,Riverside,65,2383286,10,0,1,1,0
2020-02-25,Sacramento,67,1510023,8,1,0,1,0
2020-02-25,San Benito,69,59416,0,2,0,2,0
2020-02-25,San Bernardino,71,2135413,17,0,0,0,0
2020-02-25,San Diego,73,3302833,7,2,0,2,0
2020-02-25,San Francisco,75,870044,7,0,0,0,0
2020-02-25,San Joaquin,77,732212,5,0,2,2,0
2020-02-25,San Luis Obispo,79,281455,2,0,0,0,0
2020-02-25,San Mateo,81,765935,17,0,0,0,0
2020-02-25,Santa Barbara,83,443738,0,0,0,0,0
2020-02-25,Santa Clara,85,1922200,40,2,1,3,0
2020-02-25,Santa Cruz,87,273765,5,0,0,0,0
2020-02-25,Shasta,89,179085,0,0,0,0,0
2020-02-25,Sierra,91,2930,0,0,0,0,0
2020-02-25,Siskiyou,93,43540,0,0,0,0,0
2020-02-25,Solano,95,438530,16,21,0,21,0
2020-02-25,Sonoma,97,501317,5,0,0,0,0
2020-02-25,Stanislaus,99,539301,2,0,2,2,0
2020-02-25,Sutter,101,95872,0,0,0,0,0
2020-02-25,Tehama,103,63373,0,0,0,0,0
2020-02-25,Trinity,105,12862,0,0,0,0,0
2020-02-25,Tulare,107,460477,2,0,0,0,0
2020-02-25,Tuolumne,109,53932,0,0,0,0,0
2020-02-25,Ventura,111,848112,4,0,0,0,0
2020-02-25,Yolo,113,214977,2,0,0,0,0
2020-02-25,Yuba,115,75493,0,0,0,0,0
2020-02-24,Alameda,1,1643700,13,0,0,0,0
2020-02-24,Alpine,3,1148,0,0,0,0,0
2020-02-24,Amador,5,37829,0,0,0,0,0
2020-02-24,Butte,7,227075,0,0,0,0,0
2020-02-24,Calaveras,9,45235,0,0,0,0,0
2020-02-24,Colusa,11,21464,0,0,0,0,0
2020-02-24,Contra Costa,13,1133247,9,0,0,0,0
2020-02-24,Del Norte,15,27424,0,0,0,0,0
2020-02-24,El Dorado,17,186661,0,0,0,0,0
2020-02-24,Fresno,19,978130,0,0,0,0,0
2020-02-24,Glenn,21,27897,0,0,0,0,0
2020-02-24,Humboldt,23,135768,1,1,0,1,0
2020-02-24,Imperial,25,180216,3,0,0,0,0
2020-02-24,Inyo,27,18085,0,0,0,0,0
2020-02-24,Kern,29,883053,2,0,0,0,0
2020-02-24,Kings,31,150075,1,0,1,1,0
2020-02-24,Lake,33,64148,0,0,0,0,0
2020-02-24,Lassen,35,31185,0,0,0,0,0
2020-02-24,Los Angeles,37,10098052,78,1,12,13,0
2020-02-24,Madera,39,155013,1,0,0,0,0
2020-02-24,Marin,41,260295,1,0,0,0,0
2020-02-24,Mariposa,43,17540,0,0,0,0,0
2020-02-24,Mendocino,45,87422,0,0,0,0,0
2020-02-24,Merced,47,269075,0,0,0,0,0
2020-02-24,Modoc,49,8938,0,0,0,0,0
2020-02-24,Mono,51,14174,0,0,0,0,0
2020-02-24,Monterey,53,433212,0,0,0,0,0
2020-02-24,Napa,55,140530,0,0,0,0,0
2020-02-24,Nevada,57,99092,0,0,1,1,0
2020-02-24,Orange,59,3164182,47,1,0,1,0
2020-02-24,Placer,61,380077,3,0,0,0,0
2020-02-24,Plumas,63,18699,0,0,0,0,0
2020-02-24,Riverside,65,2383286,9,0,1,1,0
2020-02-24,Sacramento,67,1510023,7,1,0,1,0
2020-02-24,San Benito,69,59416,0,2,0,2,0
2020-02-24,San Bernardino,71,2135413,17,0,0,0,0
2020-02-24,San Diego,73,3302833,7,2,0,2,0
2020-02-24,San Francisco,75,870044,6,0,0,0,0
2020-02-24,San Joaquin,77,732212,5,0,1,1,0
2020-02-24,San Luis Obispo,79,281455,2,0,0,0,0
2020-02-24,San Mateo,81,765935,13,0,0,0,0
2020-02-24,Santa Barbara,83,443738,0,0,0,0,0
2020-02-24,Santa Clara,85,1922200,38,2,1,3,0
2020-02-24,Santa Cruz,87,273765,5,0,0,0,0
2020-02-24,Shasta,89,179085,0,0,0,0,0
2020-02-24,Sierra,91,2930,0,0,0,0,0
2020-02-24,Siskiyou,93,43540,0,0,0,0,0
2020-02-24,Solano,95,438530,13,15,0,15,0
2020-02-24,Sonoma,97,501317,5,0,0,0,0
2020-02-24,Stanislaus,99,539301,2,0,2,2,0
2020-02-24,Sutter,101,95872,0,0,0,0,0
2020-02-24,Tehama,103,63373,0,0,0,0,0
2020-02-24,Trinity,105,12862,0,0,0,0,0
2020-02-24,Tulare,107,460477,2,0,0,0,0
2020-02-24,Tuolumne,109,53932,0,0,0,0,0
2020-02-24,Ventura,111,848112,4,0,0,0,0
2020-02-24,Yolo,113,214977,2,0,0,0,0
2020-02-24,Yuba,115,75493,0,0,0,0,0
2020-02-23,Alameda,1,1643700,11,0,0,0,0
2020-02-23,Alpine,3,1148,0,0,0,0,0
2020-02-23,Amador,5,37829,0,0,0,0,0
2020-02-23,Butte,7,227075,0,0,0,0,0
2020-02-23,Calaveras,9,45235,0,0,0,0,0
2020-02-23,Colusa,11,21464,0,0,0,0,0
2020-02-23,Contra Costa,13,1133247,6,0,0,0,0
2020-02-23,Del Norte,15,27424,0,0,0,0,0
2020-02-23,El Dorado,17,186661,0,0,0,0,0
2020-02-23,Fresno,19,978130,0,0,0,0,0
2020-02-23,Glenn,21,27897,0,0,0,0,0
2020-02-23,Humboldt,23,135768,1,1,0,1,0
2020-02-23,Imperial,25,180216,3,0,0,0,0
2020-02-23,Inyo,27,18085,0,0,0,0,0
2020-02-23,Kern,29,883053,2,0,0,0,0
2020-02-23,Kings,31,150075,1,0,1,1,0
2020-02-23,Lake,33,64148,0,0,0,0,0
2020-02-23,Lassen,35,31185,0,0,0,0,0
2020-02-23,Los Angeles,37,10098052,69,1,12,13,0
2020-02-23,Madera,39,155013,1,0,0,0,0
2020-02-23,Marin,41,260295,1,0,0,0,0
2020-02-23,Mariposa,43,17540,0,0,0,0,0
2020-02-23,Mendocino,45,87422,0,0,0,0,0
2020-02-23,Merced,47,269075,0,0,0,0,0
2020-02-23,Modoc,49,8938,0,0,0,0,0
2020-02-23,Mono,51,14174,0,0,0,0,0
2020-02-23,Monterey,53,433212,0,0,0,0,0
2020-02-23,Napa,55,140530,0,0,0,0,0
2020-02-23,Nevada,57,99092,0,0,1,1,0
2020-02-23,Orange,59,3164182,47,1,0,1,0
2020-02-23,Placer,61,380077,3,0,0,0,0
2020-02-23,Plumas,63,18699,0,0,0,0,0
2020-02-23,Riverside,65,2383286,9,0,0,0,0
2020-02-23,Sacramento,67,1510023,6,1,0,1,0
2020-02-23,San Benito,69,59416,0,2,0,2,0
2020-02-23,San Bernardino,71,2135413,16,0,0,0,0
2020-02-23,San Diego,73,3302833,6,2,0,2,0
2020-02-23,San Francisco,75,870044,5,0,0,0,0
2020-02-23,San Joaquin,77,732212,4,0,1,1,0
2020-02-23,San Luis Obispo,79,281455,2,0,0,0,0
2020-02-23,San Mateo,81,765935,10,0,0,0,0
2020-02-23,Santa Barbara,83,443738,0,0,0,0,0
2020-02-23,Santa Clara,85,1922200,26,2,1,3,0
2020-02-23,Santa Cruz,87,273765,2,0,0,0,0
2020-02-23,Shasta,89,179085,0,0,0,0,0
2020-02-23,Sierra,91,2930,0,0,0,0,0
2020-02-23,Siskiyou,93,43540,0,0,0,0,0
2020-02-23,Solano,95,438530,11,15,0,15,0
2020-02-23,Sonoma,97,501317,5,0,0,0,0
2020-02-23,Stanislaus,99,539301,2,0,2,2,0
2020-02-23,Sutter,101,95872,0,0,0,0,0
2020-02-23,Tehama,103,63373,0,0,0,0,0
2020-02-23,Trinity,105,12862,0,0,0,0,0
2020-02-23,Tulare,107,460477,2,0,0,0,0
2020-02-23,Tuolumne,109,53932,0,0,0,0,0
2020-02-23,Ventura,111,848112,4,0,0,0,0
2020-02-23,Yolo,113,214977,2,0,0,0,0
2020-02-23,Yuba,115,75493,0,0,0,0,0
2020-02-22,Alameda,1,1643700,10,0,0,0,0
2020-02-22,Alpine,3,1148,0,0,0,0,0
2020-02-22,Amador,5,37829,0,0,0,0,0
2020-02-22,Butte,7,227075,0,0,0,0,0
2020-02-22,Calaveras,9,45235,0,0,0,0,0
2020-02-22,Colusa,11,21464,0,0,0,0,0
2020-02-22,Contra Costa,13,1133247,5,0,0,0,0
2020-02-22,Del Norte,15,27424,0,0,0,0,0
2020-02-22,El Dorado,17,186661,0,0,0,0,0
2020-02-22,Fresno,19,978130,0,0,0,0,0
2020-02-22,Glenn,21,27897,0,0,0,0,0
2020-02-22,Humboldt,23,135768,1,1,0,1,0
2020-02-22,Imperial,25,180216,2,0,0,0,0
2020-02-22,Inyo,27,18085,0,0,0,0,0
2020-02-22,Kern,29,883053,2,0,0,0,0
2020-02-22,Kings,31,150075,1,0,1,1,0
2020-02-22,Lake,33,64148,0,0,0,0,0
2020-02-22,Lassen,35,31185,0,0,0,0,0
2020-02-22,Los Angeles,37,10098052,67,1,12,13,0
2020-02-22,Madera,39,155013,0,0,0,0,0
2020-02-22,Marin,41,260295,1,0,0,0,0
2020-02-22,Mariposa,43,17540,0,0,0,0,0
2020-02-22,Mendocino,45,87422,0,0,0,0,0
2020-02-22,Merced,47,269075,0,0,0,0,0
2020-02-22,Modoc,49,8938,0,0,0,0,0
2020-02-22,Mono,51,14174,0,0,0,0,0
2020-02-22,Monterey,53,433212,0,0,0,0,0
2020-02-22,Napa,55,140530,0,0,0,0,0
2020-02-22,Nevada,57,99092,0,0,1,1,0
2020-02-22,Orange,59,3164182,46,1,0,1,0
2020-02-22,Placer,61,380077,3,0,0,0,0
2020-02-22,Plumas,63,18699,0,0,0,0,0
2020-02-22,Riverside,65,2383286,9,0,0,0,0
2020-02-22,Sacramento,67,1510023,6,1,0,1,0
2020-02-22,San Benito,69,59416,0,2,0,2,0
2020-02-22,San Bernardino,71,2135413,14,0,0,0,0
2020-02-22,San Diego,73,3302833,5,2,0,2,0
2020-02-22,San Francisco,75,870044,3,0,0,0,0
2020-02-22,San Joaquin,77,732212,4,0,1,1,0
2020-02-22,San Luis Obispo,79,281455,2,0,0,0,0
2020-02-22,San Mateo,81,765935,8,0,0,0,0
2020-02-22,Santa Barbara,83,443738,0,0,0,0,0
2020-02-22,Santa Clara,85,1922200,23,2,1,3,0
2020-02-22,Santa Cruz,87,273765,2,0,0,0,0
2020-02-22,Shasta,89,179085,0,0,0,0,0
2020-02-22,Sierra,91,2930,0,0,0,0,0
2020-02-22,Siskiyou,93,43540,0,0,0,0,0
2020-02-22,Solano,95,438530,11,11,0,11,0
2020-02-22,Sonoma,97,501317,4,0,0,0,0
2020-02-22,Stanislaus,99,539301,2,0,2,2,0
2020-02-22,Sutter,101,95872,0,0,0,0,0
2020-02-22,Tehama,103,63373,0,0,0,0,0
2020-02-22,Trinity,105,12862,0,0,0,0,0
2020-02-22,Tulare,107,460477,2,0,0,0,0
2020-02-22,Tuolumne,109,53932,0,0,0,0,0
2020-02-22,Ventura,111,848112,4,0,0,0,0
2020-02-22,Yolo,113,214977,1,0,0,0,0
2020-02-22,Yuba,115,75493,0,0,0,0,0
2020-02-21,Alameda,1,1643700,9,0,0,0,0
2020-02-21,Alpine,3,1148,0,0,0,0,0
2020-02-21,Amador,5,37829,0,0,0,0,0
2020-02-21,Butte,7,227075,0,0,0,0,0
2020-02-21,Calaveras,9,45235,0,0,0,0,0
2020-02-21,Colusa,11,21464,0,0,0,0,0
2020-02-21,Contra Costa,13,1133247,4,0,0,0,0
2020-02-21,Del Norte,15,27424,0,0,0,0,0
2020-02-21,El Dorado,17,186661,0,0,0,0,0
2020-02-21,Fresno,19,978130,0,0,0,0,0
2020-02-21,Glenn,21,27897,0,0,0,0,0
2020-02-21,Humboldt,23,135768,1,1,0,1,0
2020-02-21,Imperial,25,180216,2,0,0,0,0
2020-02-21,Inyo,27,18085,0,0,0,0,0
2020-02-21,Kern,29,883053,2,0,0,0,0
2020-02-21,Kings,31,150075,1,0,1,1,0
2020-02-21,Lake,33,64148,0,0,0,0,0
2020-02-21,Lassen,35,31185,0,0,0,0,0
2020-02-21,Los Angeles,37,10098052,65,1,12,13,0
2020-02-21,Madera,39,155013,0,0,0,0,0
2020-02-21,Marin,41,260295,1,0,0,0,0
2020-02-21,Mariposa,43,17540,0,0,0,0,0
2020-02-21,Mendocino,45,87422,0,0,0,0,0
2020-02-21,Merced,47,269075,0,0,0,0,0
2020-02-21,Modoc,49,8938,0,0,0,0,0
2020-02-21,Mono,51,14174,0,0,0,0,0
2020-02-21,Monterey,53,433212,0,0,0,0,0
2020-02-21,Napa,55,140530,0,0,0,0,0
2020-02-21,Nevada,57,99092,0,0,1,1,0
2020-02-21,Orange,59,3164182,44,1,0,1,0
2020-02-21,Placer,61,380077,2,0,0,0,0
2020-02-21,Plumas,63,18699,0,0,0,0,0
2020-02-21,Riverside,65,2383286,9,0,0,0,0
2020-02-21,Sacramento,67,1510023,5,1,0,1,0
2020-02-21,San Benito,69,59416,0,2,0,2,0
2020-02-21,San Bernardino,71,2135413,13,0,0,0,0
2020-02-21,San Diego,73,3302833,5,2,0,2,0
2020-02-21,San Francisco,75,870044,3,0,0,0,0
2020-02-21,San Joaquin,77,732212,2,0,1,1,0
2020-02-21,San Luis Obispo,79,281455,2,0,0,0,0
2020-02-21,San Mateo,81,765935,8,0,0,0,0
2020-02-21,Santa Barbara,83,443738,0,0,0,0,0
2020-02-21,Santa Clara,85,1922200,21,2,1,3,0
2020-02-21,Santa Cruz,87,273765,2,0,0,0,0
2020-02-21,Shasta,89,179085,0,0,0,0,0
2020-02-21,Sierra,91,2930,0,0,0,0,0
2020-02-21,Siskiyou,93,43540,0,0,0,0,0
2020-02-21,Solano,95,438530,10,11,0,11,0
2020-02-21,Sonoma,97,501317,3,0,0,0,0
2020-02-21,Stanislaus,99,539301,2,0,2,2,0
2020-02-21,Sutter,101,95872,0,0,0,0,0
2020-02-21,Tehama,103,63373,0,0,0,0,0
2020-02-21,Trinity,105,12862,0,0,0,0,0
2020-02-21,Tulare,107,460477,2,0,0,0,0
2020-02-21,Tuolumne,109,53932,0,0,0,0,0
2020-02-21,Ventura,111,848112,4,0,0,0,0
2020-02-21,Yolo,113,214977,1,0,0,0,0
2020-02-21,Yuba,115,75493,0,0,0,0,0
2020-02-20,Alameda,1,1643700,7,0,0,0,0
2020-02-20,Alpine,3,1148,0,0,0,0,0
2020-02-20,Amador,5,37829,0,0,0,0,0
2020-02-20,Butte,7,227075,0,0,0,0,0
2020-02-20,Calaveras,9,45235,0,0,0,0,0
2020-02-20,Colusa,11,21464,0,0,0,0,0
2020-02-20,Contra Costa,13,1133247,3,0,0,0,0
2020-02-20,Del Norte,15,27424,0,0,0,0,0
2020-02-20,El Dorado,17,186661,0,0,0,0,0
2020-02-20,Fresno,19,978130,0,0,0,0,0
2020-02-20,Glenn,21,27897,0,0,0,0,0
2020-02-20,Humboldt,23,135768,1,1,0,1,0
2020-02-20,Imperial,25,180216,2,0,0,0,0
2020-02-20,Inyo,27,18085,0,0,0,0,0
2020-02-20,Kern,29,883053,2,0,0,0,0
2020-02-20,Kings,31,150075,1,0,1,1,0
2020-02-20,Lake,33,64148,0,0,0,0,0
2020-02-20,Lassen,35,31185,0,0,0,0,0
2020-02-20,Los Angeles,37,10098052,63,1,10,11,0
2020-02-20,Madera,39,155013,0,0,0,0,0
2020-02-20,Marin,41,260295,0,0,0,0,0
2020-02-20,Mariposa,43,17540,0,0,0,0,0
2020-02-20,Mendocino,45,87422,0,0,0,0,0
2020-02-20,Merced,47,269075,0,0,0,0,0
2020-02-20,Modoc,49,8938,0,0,0,0,0
2020-02-20,Mono,51,14174,0,0,0,0,0
2020-02-20,Monterey,53,433212,0,0,0,0,0
2020-02-20,Napa,55,140530,0,0,0,0,0
2020-02-20,Nevada,57,99092,0,0,1,1,0
2020-02-20,Orange,59,3164182,44,1,0,1,0
2020-02-20,Placer,61,380077,2,0,0,0,0
2020-02-20,Plumas,63,18699,0,0,0,0,0
2020-02-20,Riverside,65,2383286,7,0,0,0,0
2020-02-20,Sacramento,67,1510023,2,1,0,1,0
2020-02-20,San Benito,69,59416,0,2,0,2,0
2020-02-20,San Bernardino,71,2135413,12,0,0,0,0
2020-02-20,San Diego,73,3302833,5,2,0,2,0
2020-02-20,San Francisco,75,870044,3,0,0,0,0
2020-02-20,San Joaquin,77,732212,2,0,1,1,0
2020-02-20,San Luis Obispo,79,281455,2,0,0,0,0
2020-02-20,San Mateo,81,765935,7,0,0,0,0
2020-02-20,Santa Barbara,83,443738,0,0,0,0,0
2020-02-20,Santa Clara,85,1922200,17,2,1,3,0
2020-02-20,Santa Cruz,87,273765,2,0,0,0,0
2020-02-20,Shasta,89,179085,0,0,0,0,0
2020-02-20,Sierra,91,2930,0,0,0,0,0
2020-02-20,Siskiyou,93,43540,0,0,0,0,0
2020-02-20,Solano,95,438530,8,7,0,7,0
2020-02-20,Sonoma,97,501317,2,0,0,0,0
2020-02-20,Stanislaus,99,539301,2,0,2,2,0
2020-02-20,Sutter,101,95872,0,0,0,0,0
2020-02-20,Tehama,103,63373,0,0,0,0,0
2020-02-20,Trinity,105,12862,0,0,0,0,0
2020-02-20,Tulare,107,460477,2,0,0,0,0
2020-02-20,Tuolumne,109,53932,0,0,0,0,0
2020-02-20,Ventura,111,848112,4,0,0,0,0
2020-02-20,Yolo,113,214977,1,0,0,0,0
2020-02-20,Yuba,115,75493,0,0,0,0,0
2020-02-19,Alameda,1,1643700,6,0,0,0,0
2020-02-19,Alpine,3,1148,0,0,0,0,0
2020-02-19,Amador,5,37829,0,0,0,0,0
2020-02-19,Butte,7,227075,0,0,0,0,0
2020-02-19,Calaveras,9,45235,0,0,0,0,0
2020-02-19,Colusa,11,21464,0,0,0,0,0
2020-02-19,Contra Costa,13,1133247,3,0,0,0,0
2020-02-19,Del Norte,15,27424,0,0,0,0,0
2020-02-19,El Dorado,17,186661,0,0,0,0,0
2020-02-19,Fresno,19,978130,0,0,0,0,0
2020-02-19,Glenn,21,27897,0,0,0,0,0
2020-02-19,Humboldt,23,135768,1,0,0,0,0
2020-02-19,Imperial,25,180216,2,0,0,0,0
2020-02-19,Inyo,27,18085,0,0,0,0,0
2020-02-19,Kern,29,883053,2,0,0,0,0
2020-02-19,Kings,31,150075,1,0,1,1,0
2020-02-19,Lake,33,64148,0,0,0,0,0
2020-02-19,Lassen,35,31185,0,0,0,0,0
2020-02-19,Los Angeles,37,10098052,57,1,10,11,0
2020-02-19,Madera,39,155013,0,0,0,0,0
2020-02-19,Marin,41,260295,0,0,0,0,0
2020-02-19,Mariposa,43,17540,0,0,0,0,0
2020-02-19,Mendocino,45,87422,0,0,0,0,0
2020-02-19,Merced,47,269075,0,0,0,0,0
2020-02-19,Modoc,49,8938,0,0,0,0,0
2020-02-19,Mono,51,14174,0,0,0,0,0
2020-02-19,Monterey,53,433212,0,0,0,0,0
2020-02-19,Napa,55,140530,0,0,0,0,0
2020-02-19,Nevada,57,99092,0,0,1,1,0
2020-02-19,Orange,59,3164182,43,1,0,1,0
2020-02-19,Placer,61,380077,2,0,0,0,0
2020-02-19,Plumas,63,18699,0,0,0,0,0
2020-02-19,Riverside,65,2383286,5,0,0,0,0
2020-02-19,Sacramento,67,1510023,2,0,0,0,0
2020-02-19,San Benito,69,59416,0,2,0,2,0
2020-02-19,San Bernardino,71,2135413,11,0,0,0,0
2020-02-19,San Diego,73,3302833,4,2,0,2,0
2020-02-19,San Francisco,75,870044,2,0,0,0,0
2020-02-19,San Joaquin,77,732212,2,0,1,1,0
2020-02-19,San Luis Obispo,79,281455,2,0,0,0,0
2020-02-19,San Mateo,81,765935,6,0,0,0,0
2020-02-19,Santa Barbara,83,443738,0,0,0,0,0
2020-02-19,Santa Clara,85,1922200,15,2,1,3,0
2020-02-19,Santa Cruz,87,273765,0,0,0,0,0
2020-02-19,Shasta,89,179085,0,0,0,0,0
2020-02-19,Sierra,91,2930,0,0,0,0,0
2020-02-19,Siskiyou,93,43540,0,0,0,0,0
2020-02-19,Solano,95,438530,5,7,0,7,0
2020-02-19,Sonoma,97,501317,2,0,0,0,0
2020-02-19,Stanislaus,99,539301,1,0,2,2,0
2020-02-19,Sutter,101,95872,0,0,0,0,0
2020-02-19,Tehama,103,63373,0,0,0,0,0
2020-02-19,Trinity,105,12862,0,0,0,0,0
2020-02-19,Tulare,107,460477,2,0,0,0,0
2020-02-19,Tuolumne,109,53932,0,0,0,0,0
2020-02-19,Ventura,111,848112,2,0,0,0,0
2020-02-19,Yolo,113,214977,1,0,0,0,0
2020-02-19,Yuba,115,75493,0,0,0,0,0
2020-02-18,Alameda,1,1643700,6,0,0,0,0
2020-02-18,Alpine,3,1148,0,0,0,0,0
2020-02-18,Amador,5,37829,0,0,0,0,0
2020-02-18,Butte,7,227075,0,0,0,0,0
2020-02-18,Calaveras,9,45235,0,0,0,0,0
2020-02-18,Colusa,11,21464,0,0,0,0,0
2020-02-18,Contra Costa,13,1133247,3,0,0,0,0
2020-02-18,Del Norte,15,27424,0,0,0,0,0
2020-02-18,El Dorado,17,186661,0,0,0,0,0
2020-02-18,Fresno,19,978130,0,0,0,0,0
2020-02-18,Glenn,21,27897,0,0,0,0,0
2020-02-18,Humboldt,23,135768,1,0,0,0,0
2020-02-18,Imperial,25,180216,1,0,0,0,0
2020-02-18,Inyo,27,18085,0,0,0,0,0
2020-02-18,Kern,29,883053,2,0,0,0,0
2020-02-18,Kings,31,150075,1,0,1,1,0
2020-02-18,Lake,33,64148,0,0,0,0,0
2020-02-18,Lassen,35,31185,0,0,0,0,0
2020-02-18,Los Angeles,37,10098052,54,1,9,10,0
2020-02-18,Madera,39,155013,0,0,0,0,0
2020-02-18,Marin,41,260295,0,0,0,0,0
2020-02-18,Mariposa,43,17540,0,0,0,0,0
2020-02-18,Mendocino,45,87422,0,0,0,0,0
2020-02-18,Merced,47,269075,0,0,0,0,0
2020-02-18,Modoc,49,8938,0,0,0,0,0
2020-02-18,Mono,51,14174,0,0,0,0,0
2020-02-18,Monterey,53,433212,0,0,0,0,0
2020-02-18,Napa,55,140530,0,0,0,0,0
2020-02-18,Nevada,57,99092,0,0,1,1,0
2020-02-18,Orange,59,3164182,42,1,0,1,0
2020-02-18,Placer,61,380077,0,0,0,0,0
2020-02-18,Plumas,63,18699,0,0,0,0,0
2020-02-18,Riverside,65,2383286,5,0,0,0,0
2020-02-18,Sacramento,67,1510023,2,0,0,0,0
2020-02-18,San Benito,69,59416,0,2,0,2,0
2020-02-18,San Bernardino,71,2135413,11,0,0,0,0
2020-02-18,San Diego,73,3302833,4,2,0,2,0
2020-02-18,San Francisco,75,870044,2,0,0,0,0
2020-02-18,San Joaquin,77,732212,1,0,1,1,0
2020-02-18,San Luis Obispo,79,281455,2,0,0,0,0
2020-02-18,San Mateo,81,765935,5,0,0,0,0
2020-02-18,Santa Barbara,83,443738,0,0,0,0,0
2020-02-18,Santa Clara,85,1922200,14,2,1,3,0
2020-02-18,Santa Cruz,87,273765,0,0,0,0,0
2020-02-18,Shasta,89,179085,0,0,0,0,0
2020-02-18,Sierra,91,2930,0,0,0,0,0
2020-02-18,Siskiyou,93,43540,0,0,0,0,0
2020-02-18,Solano,95,438530,5,7,0,7,0
2020-02-18,Sonoma,97,501317,1,0,0,0,0
2020-02-18,Stanislaus,99,539301,1,0,2,2,0
2020-02-18,Sutter,101,95872,0,0,0,0,0
2020-02-18,Tehama,103,63373,0,0,0,0,0
2020-02-18,Trinity,105,12862,0,0,0,0,0
2020-02-18,Tulare,107,460477,2,0,0,0,0
2020-02-18,Tuolumne,109,53932,0,0,0,0,0
2020-02-18,Ventura,111,848112,2,0,0,0,0
2020-02-18,Yolo,113,214977,1,0,0,0,0
2020-02-18,Yuba,115,75493,0,0,0,0,0
2020-02-17,Alameda,1,1643700,6,0,0,0,0
2020-02-17,Alpine,3,1148,0,0,0,0,0
2020-02-17,Amador,5,37829,0,0,0,0,0
2020-02-17,Butte,7,227075,0,0,0,0,0
2020-02-17,Calaveras,9,45235,0,0,0,0,0
2020-02-17,Colusa,11,21464,0,0,0,0,0
2020-02-17,Contra Costa,13,1133247,3,0,0,0,0
2020-02-17,Del Norte,15,27424,0,0,0,0,0
2020-02-17,El Dorado,17,186661,0,0,0,0,0
2020-02-17,Fresno,19,978130,0,0,0,0,0
2020-02-17,Glenn,21,27897,0,0,0,0,0
2020-02-17,Humboldt,23,135768,1,0,0,0,0
2020-02-17,Imperial,25,180216,1,0,0,0,0
2020-02-17,Inyo,27,18085,0,0,0,0,0
2020-02-17,Kern,29,883053,2,0,0,0,0
2020-02-17,Kings,31,150075,1,0,0,0,0
2020-02-17,Lake,33,64148,0,0,0,0,0
2020-02-17,Lassen,35,31185,0,0,0,0,0
2020-02-17,Los Angeles,37,10098052,51,1,8,9,0
2020-02-17,Madera,39,155013,0,0,0,0,0
2020-02-17,Marin,41,260295,0,0,0,0,0
2020-02-17,Mariposa,43,17540,0,0,0,0,0
2020-02-17,Mendocino,45,87422,0,0,0,0,0
2020-02-17,Merced,47,269075,0,0,0,0,0
2020-02-17,Modoc,49,8938,0,0,0,0,0
2020-02-17,Mono,51,14174,0,0,0,0,0
2020-02-17,Monterey,53,433212,0,0,0,0,0
2020-02-17,Napa,55,140530,0,0,0,0,0
2020-02-17,Nevada,57,99092,0,0,1,1,0
2020-02-17,Orange,59,3164182,42,1,0,1,0
2020-02-17,Placer,61,380077,0,0,0,0,0
2020-02-17,Plumas,63,18699,0,0,0,0,0
2020-02-17,Riverside,65,2383286,5,0,0,0,0
2020-02-17,Sacramento,67,1510023,2,0,0,0,0
2020-02-17,San Benito,69,59416,0,2,0,2,0
2020-02-17,San Bernardino,71,2135413,9,0,0,0,0
2020-02-17,San Diego,73,3302833,4,2,0,2,0
2020-02-17,San Francisco,75,870044,2,0,0,0,0
2020-02-17,San Joaquin,77,732212,1,0,1,1,0
2020-02-17,San Luis Obispo,79,281455,1,0,0,0,0
2020-02-17,San Mateo,81,765935,5,0,0,0,0
2020-02-17,Santa Barbara,83,443738,0,0,0,0,0
2020-02-17,Santa Clara,85,1922200,12,2,1,3,0
2020-02-17,Santa Cruz,87,273765,0,0,0,0,0
2020-02-17,Shasta,89,179085,0,0,0,0,0
2020-02-17,Sierra,91,2930,0,0,0,0,0
2020-02-17,Siskiyou,93,43540,0,0,0,0,0
2020-02-17,Solano,95,438530,3,5,0,5,0
2020-02-17,Sonoma,97,501317,1,0,0,0,0
2020-02-17,Stanislaus,99,539301,1,0,2,2,0
2020-02-17,Sutter,101,95872,0,0,0,0,0
2020-02-17,Tehama,103,63373,0,0,0,0,0
2020-02-17,Trinity,105,12862,0,0,0,0,0
2020-02-17,Tulare,107,460477,2,0,0,0,0
2020-02-17,Tuolumne,109,53932,0,0,0,0,0
2020-02-17,Ventura,111,848112,2,0,0,0,0
2020-02-17,Yolo,113,214977,1,0,0,0,0
2020-02-17,Yuba,115,75493,0,0,0,0,0
2020-02-16,Alameda,1,1643700,5,0,0,0,0
2020-02-16,Alpine,3,1148,0,0,0,0,0
2020-02-16,Amador,5,37829,0,0,0,0,0
2020-02-16,Butte,7,227075,0,0,0,0,0
2020-02-16,Calaveras,9,45235,0,0,0,0,0
2020-02-16,Colusa,11,21464,0,0,0,0,0
2020-02-16,Contra Costa,13,1133247,3,0,0,0,0
2020-02-16,Del Norte,15,27424,0,0,0,0,0
2020-02-16,El Dorado,17,186661,0,0,0,0,0
2020-02-16,Fresno,19,978130,0,0,0,0,0
2020-02-16,Glenn,21,27897,0,0,0,0,0
2020-02-16,Humboldt,23,135768,1,0,0,0,0
2020-02-16,Imperial,25,180216,1,0,0,0,0
2020-02-16,Inyo,27,18085,0,0,0,0,0
2020-02-16,Kern,29,883053,2,0,0,0,0
2020-02-16,Kings,31,150075,1,0,0,0,0
2020-02-16,Lake,33,64148,0,0,0,0,0
2020-02-16,Lassen,35,31185,0,0,0,0,0
2020-02-16,Los Angeles,37,10098052,44,1,8,9,0
2020-02-16,Madera,39,155013,0,0,0,0,0
2020-02-16,Marin,41,260295,0,0,0,0,0
2020-02-16,Mariposa,43,17540,0,0,0,0,0
2020-02-16,Mendocino,45,87422,0,0,0,0,0
2020-02-16,Merced,47,269075,0,0,0,0,0
2020-02-16,Modoc,49,8938,0,0,0,0,0
2020-02-16,Mono,51,14174,0,0,0,0,0
2020-02-16,Monterey,53,433212,0,0,0,0,0
2020-02-16,Napa,55,140530,0,0,0,0,0
2020-02-16,Nevada,57,99092,0,0,0,0,0
2020-02-16,Orange,59,3164182,41,1,0,1,0
2020-02-16,Placer,61,380077,0,0,0,0,0
2020-02-16,Plumas,63,18699,0,0,0,0,0
2020-02-16,Riverside,65,2383286,5,0,0,0,0
2020-02-16,Sacramento,67,1510023,2,0,0,0,0
2020-02-16,San Benito,69,59416,0,2,0,2,0
2020-02-16,San Bernardino,71,2135413,8,0,0,0,0
2020-02-16,San Diego,73,3302833,4,2,0,2,0
2020-02-16,San Francisco,75,870044,2,0,0,0,0
2020-02-16,San Joaquin,77,732212,1,0,1,1,0
2020-02-16,San Luis Obispo,79,281455,1,0,0,0,0
2020-02-16,San Mateo,81,765935,4,0,0,0,0
2020-02-16,Santa Barbara,83,443738,0,0,0,0,0
2020-02-16,Santa Clara,85,1922200,10,2,1,3,0
2020-02-16,Santa Cruz,87,273765,0,0,0,0,0
2020-02-16,Shasta,89,179085,0,0,0,0,0
2020-02-16,Sierra,91,2930,0,0,0,0,0
2020-02-16,Siskiyou,93,43540,0,0,0,0,0
2020-02-16,Solano,95,438530,1,0,0,0,0
2020-02-16,Sonoma,97,501317,1,0,0,0,0
2020-02-16,Stanislaus,99,539301,1,0,2,2,0
2020-02-16,Sutter,101,95872,0,0,0,0,0
2020-02-16,Tehama,103,63373,0,0,0,0,0
2020-02-16,Trinity,105,12862,0,0,0,0,0
2020-02-16,Tulare,107,460477,2,0,0,0,0
2020-02-16,Tuolumne,109,53932,0,0,0,0,0
2020-02-16,Ventura,111,848112,2,0,0,0,0
2020-02-16,Yolo,113,214977,1,0,0,0,0
2020-02-16,Yuba,115,75493,0,0,0,0,0
2020-02-15,Alameda,1,1643700,5,0,0,0,0
2020-02-15,Alpine,3,1148,0,0,0,0,0
2020-02-15,Amador,5,37829,0,0,0,0,0
2020-02-15,Butte,7,227075,0,0,0,0,0
2020-02-15,Calaveras,9,45235,0,0,0,0,0
2020-02-15,Colusa,11,21464,0,0,0,0,0
2020-02-15,Contra Costa,13,1133247,3,0,0,0,0
2020-02-15,Del Norte,15,27424,0,0,0,0,0
2020-02-15,El Dorado,17,186661,0,0,0,0,0
2020-02-15,Fresno,19,978130,0,0,0,0,0
2020-02-15,Glenn,21,27897,0,0,0,0,0
2020-02-15,Humboldt,23,135768,1,0,0,0,0
2020-02-15,Imperial,25,180216,1,0,0,0,0
2020-02-15,Inyo,27,18085,0,0,0,0,0
2020-02-15,Kern,29,883053,2,0,0,0,0
2020-02-15,Kings,31,150075,1,0,0,0,0
2020-02-15,Lake,33,64148,0,0,0,0,0
2020-02-15,Lassen,35,31185,0,0,0,0,0
2020-02-15,Los Angeles,37,10098052,41,1,8,9,0
2020-02-15,Madera,39,155013,0,0,0,0,0
2020-02-15,Marin,41,260295,0,0,0,0,0
2020-02-15,Mariposa,43,17540,0,0,0,0,0
2020-02-15,Mendocino,45,87422,0,0,0,0,0
2020-02-15,Merced,47,269075,0,0,0,0,0
2020-02-15,Modoc,49,8938,0,0,0,0,0
2020-02-15,Mono,51,14174,0,0,0,0,0
2020-02-15,Monterey,53,433212,0,0,0,0,0
2020-02-15,Napa,55,140530,0,0,0,0,0
2020-02-15,Nevada,57,99092,0,0,0,0,0
2020-02-15,Orange,59,3164182,40,1,0,1,0
2020-02-15,Placer,61,380077,0,0,0,0,0
2020-02-15,Plumas,63,18699,0,0,0,0,0
2020-02-15,Riverside,65,2383286,4,0,0,0,0
2020-02-15,Sacramento,67,1510023,2,0,0,0,0
2020-02-15,San Benito,69,59416,0,2,0,2,0
2020-02-15,San Bernardino,71,2135413,7,0,0,0,0
2020-02-15,San Diego,73,3302833,4,2,0,2,0
2020-02-15,San Francisco,75,870044,2,0,0,0,0
2020-02-15,San Joaquin,77,732212,1,0,1,1,0
2020-02-15,San Luis Obispo,79,281455,1,0,0,0,0
2020-02-15,San Mateo,81,765935,4,0,0,0,0
2020-02-15,Santa Barbara,83,443738,0,0,0,0,0
2020-02-15,Santa Clara,85,1922200,10,2,1,3,0
2020-02-15,Santa Cruz,87,273765,0,0,0,0,0
2020-02-15,Shasta,89,179085,0,0,0,0,0
2020-02-15,Sierra,91,2930,0,0,0,0,0
2020-02-15,Siskiyou,93,43540,0,0,0,0,0
2020-02-15,Solano,95,438530,1,0,0,0,0
2020-02-15,Sonoma,97,501317,0,0,0,0,0
2020-02-15,Stanislaus,99,539301,1,0,2,2,0
2020-02-15,Sutter,101,95872,0,0,0,0,0
2020-02-15,Tehama,103,63373,0,0,0,0,0
2020-02-15,Trinity,105,12862,0,0,0,0,0
2020-02-15,Tulare,107,460477,2,0,0,0,0
2020-02-15,Tuolumne,109,53932,0,0,0,0,0
2020-02-15,Ventura,111,848112,2,0,0,0,0
2020-02-15,Yolo,113,214977,1,0,0,0,0
2020-02-15,Yuba,115,75493,0,0,0,0,0
2020-02-14,Alameda,1,1643700,4,0,0,0,0
2020-02-14,Alpine,3,1148,0,0,0,0,0
2020-02-14,Amador,5,37829,0,0,0,0,0
2020-02-14,Butte,7,227075,0,0,0,0,0
2020-02-14,Calaveras,9,45235,0,0,0,0,0
2020-02-14,Colusa,11,21464,0,0,0,0,0
2020-02-14,Contra Costa,13,1133247,3,0,0,0,0
2020-02-14,Del Norte,15,27424,0,0,0,0,0
2020-02-14,El Dorado,17,186661,0,0,0,0,0
2020-02-14,Fresno,19,978130,0,0,0,0,0
2020-02-14,Glenn,21,27897,0,0,0,0,0
2020-02-14,Humboldt,23,135768,1,0,0,0,0
2020-02-14,Imperial,25,180216,1,0,0,0,0
2020-02-14,Inyo,27,18085,0,0,0,0,0
2020-02-14,Kern,29,883053,2,0,0,0,0
2020-02-14,Kings,31,150075,1,0,0,0,0
2020-02-14,Lake,33,64148,0,0,0,0,0
2020-02-14,Lassen,35,31185,0,0,0,0,0
2020-02-14,Los Angeles,37,10098052,36,1,8,9,0
2020-02-14,Madera,39,155013,0,0,0,0,0
2020-02-14,Marin,41,260295,0,0,0,0,0
2020-02-14,Mariposa,43,17540,0,0,0,0,0
2020-02-14,Mendocino,45,87422,0,0,0,0,0
2020-02-14,Merced,47,269075,0,0,0,0,0
2020-02-14,Modoc,49,8938,0,0,0,0,0
2020-02-14,Mono,51,14174,0,0,0,0,0
2020-02-14,Monterey,53,433212,0,0,0,0,0
2020-02-14,Napa,55,140530,0,0,0,0,0
2020-02-14,Nevada,57,99092,0,0,0,0,0
2020-02-14,Orange,59,3164182,40,1,0,1,0
2020-02-14,Placer,61,380077,0,0,0,0,0
2020-02-14,Plumas,63,18699,0,0,0,0,0
2020-02-14,Riverside,65,2383286,4,0,0,0,0
2020-02-14,Sacramento,67,1510023,1,0,0,0,0
2020-02-14,San Benito,69,59416,0,2,0,2,0
2020-02-14,San Bernardino,71,2135413,7,0,0,0,0
2020-02-14,San Diego,73,3302833,3,2,0,2,0
2020-02-14,San Francisco,75,870044,2,0,0,0,0
2020-02-14,San Joaquin,77,732212,1,0,1,1,0
2020-02-14,San Luis Obispo,79,281455,0,0,0,0,0
2020-02-14,San Mateo,81,765935,3,0,0,0,0
2020-02-14,Santa Barbara,83,443738,0,0,0,0,0
2020-02-14,Santa Clara,85,1922200,8,2,1,3,0
2020-02-14,Santa Cruz,87,273765,0,0,0,0,0
2020-02-14,Shasta,89,179085,0,0,0,0,0
2020-02-14,Sierra,91,2930,0,0,0,0,0
2020-02-14,Siskiyou,93,43540,0,0,0,0,0
2020-02-14,Solano,95,438530,1,0,0,0,0
2020-02-14,Sonoma,97,501317,0,0,0,0,0
2020-02-14,Stanislaus,99,539301,1,0,2,2,0
2020-02-14,Sutter,101,95872,0,0,0,0,0
2020-02-14,Tehama,103,63373,0,0,0,0,0
2020-02-14,Trinity,105,12862,0,0,0,0,0
2020-02-14,Tulare,107,460477,2,0,0,0,0
2020-02-14,Tuolumne,109,53932,0,0,0,0,0
2020-02-14,Ventura,111,848112,2,0,0,0,0
2020-02-14,Yolo,113,214977,1,0,0,0,0
2020-02-14,Yuba,115,75493,0,0,0,0,0
2020-02-13,Alameda,1,1643700,4,0,0,0,0
2020-02-13,Alpine,3,1148,0,0,0,0,0
2020-02-13,Amador,5,37829,0,0,0,0,0
2020-02-13,Butte,7,227075,0,0,0,0,0
2020-02-13,Calaveras,9,45235,0,0,0,0,0
2020-02-13,Colusa,11,21464,0,0,0,0,0
2020-02-13,Contra Costa,13,1133247,3,0,0,0,0
2020-02-13,Del Norte,15,27424,0,0,0,0,0
2020-02-13,El Dorado,17,186661,0,0,0,0,0
2020-02-13,Fresno,19,978130,0,0,0,0,0
2020-02-13,Glenn,21,27897,0,0,0,0,0
2020-02-13,Humboldt,23,135768,1,0,0,0,0
2020-02-13,Imperial,25,180216,1,0,0,0,0
2020-02-13,Inyo,27,18085,0,0,0,0,0
2020-02-13,Kern,29,883053,2,0,0,0,0
2020-02-13,Kings,31,150075,1,0,0,0,0
2020-02-13,Lake,33,64148,0,0,0,0,0
2020-02-13,Lassen,35,31185,0,0,0,0,0
2020-02-13,Los Angeles,37,10098052,31,1,7,8,0
2020-02-13,Madera,39,155013,0,0,0,0,0
2020-02-13,Marin,41,260295,0,0,0,0,0
2020-02-13,Mariposa,43,17540,0,0,0,0,0
2020-02-13,Mendocino,45,87422,0,0,0,0,0
2020-02-13,Merced,47,269075,0,0,0,0,0
2020-02-13,Modoc,49,8938,0,0,0,0,0
2020-02-13,Mono,51,14174,0,0,0,0,0
2020-02-13,Monterey,53,433212,0,0,0,0,0
2020-02-13,Napa,55,140530,0,0,0,0,0
2020-02-13,Nevada,57,99092,0,0,0,0,0
2020-02-13,Orange,59,3164182,39,1,0,1,0
2020-02-13,Placer,61,380077,0,0,0,0,0
2020-02-13,Plumas,63,18699,0,0,0,0,0
2020-02-13,Riverside,65,2383286,4,0,0,0,0
2020-02-13,Sacramento,67,1510023,1,0,0,0,0
2020-02-13,San Benito,69,59416,0,2,0,2,0
2020-02-13,San Bernardino,71,2135413,7,0,0,0,0
2020-02-13,San Diego,73,3302833,2,2,0,2,0
2020-02-13,San Francisco,75,870044,2,0,0,0,0
2020-02-13,San Joaquin,77,732212,1,0,1,1,0
2020-02-13,San Luis Obispo,79,281455,0,0,0,0,0
2020-02-13,San Mateo,81,765935,2,0,0,0,0
2020-02-13,Santa Barbara,83,443738,0,0,0,0,0
2020-02-13,Santa Clara,85,1922200,7,2,0,2,0
2020-02-13,Santa Cruz,87,273765,0,0,0,0,0
2020-02-13,Shasta,89,179085,0,0,0,0,0
2020-02-13,Sierra,91,2930,0,0,0,0,0
2020-02-13,Siskiyou,93,43540,0,0,0,0,0
2020-02-13,Solano,95,438530,0,0,0,0,0
2020-02-13,Sonoma,97,501317,0,0,0,0,0
2020-02-13,Stanislaus,99,539301,1,0,1,1,0
2020-02-13,Sutter,101,95872,0,0,0,0,0
2020-02-13,Tehama,103,63373,0,0,0,0,0
2020-02-13,Trinity,105,12862,0,0,0,0,0
2020-02-13,Tulare,107,460477,2,0,0,0,0
2020-02-13,Tuolumne,109,53932,0,0,0,0,0
2020-02-13,Ventura,111,848112,2,0,0,0,0
2020-02-13,Yolo,113,214977,1,0,0,0,0
2020-02-13,Yuba,115,75493,0,0,0,0,0
2020-02-12,Alameda,1,1643700,4,0,0,0,0
2020-02-12,Alpine,3,1148,0,0,0,0,0
2020-02-12,Amador,5,37829,0,0,0,0,0
2020-02-12,Butte,7,227075,0,0,0,0,0
2020-02-12,Calaveras,9,45235,0,0,0,0,0
2020-02-12,Colusa,11,21464,0,0,0,0,0
2020-02-12,Contra Costa,13,1133247,3,0,0,0,0
2020-02-12,Del Norte,15,27424,0,0,0,0,0
2020-02-12,El Dorado,17,186661,0,0,0,0,0
2020-02-12,Fresno,19,978130,0,0,0,0,0
2020-02-12,Glenn,21,27897,0,0,0,0,0
2020-02-12,Humboldt,23,135768,1,0,0,0,0
2020-02-12,Imperial,25,180216,1,0,0,0,0
2020-02-12,Inyo,27,18085,0,0,0,0,0
2020-02-12,Kern,29,883053,2,0,0,0,0
2020-02-12,Kings,31,150075,1,0,0,0,0
2020-02-12,Lake,33,64148,0,0,0,0,0
2020-02-12,Lassen,35,31185,0,0,0,0,0
2020-02-12,Los Angeles,37,10098052,29,1,7,8,0
2020-02-12,Madera,39,155013,0,0,0,0,0
2020-02-12,Marin,41,260295,0,0,0,0,0
2020-02-12,Mariposa,43,17540,0,0,0,0,0
2020-02-12,Mendocino,45,87422,0,0,0,0,0
2020-02-12,Merced,47,269075,0,0,0,0,0
2020-02-12,Modoc,49,8938,0,0,0,0,0
2020-02-12,Mono,51,14174,0,0,0,0,0
2020-02-12,Monterey,53,433212,0,0,0,0,0
2020-02-12,Napa,55,140530,0,0,0,0,0
2020-02-12,Nevada,57,99092,0,0,0,0,0
2020-02-12,Orange,59,3164182,39,1,0,1,0
2020-02-12,Placer,61,380077,0,0,0,0,0
2020-02-12,Plumas,63,18699,0,0,0,0,0
2020-02-12,Riverside,65,2383286,4,0,0,0,0
2020-02-12,Sacramento,67,1510023,1,0,0,0,0
2020-02-12,San Benito,69,59416,0,2,0,2,0
2020-02-12,San Bernardino,71,2135413,7,0,0,0,0
2020-02-12,San Diego,73,3302833,2,2,0,2,0
2020-02-12,San Francisco,75,870044,2,0,0,0,0
2020-02-12,San Joaquin,77,732212,1,0,1,1,0
2020-02-12,San Luis Obispo,79,281455,0,0,0,0,0
2020-02-12,San Mateo,81,765935,2,0,0,0,0
2020-02-12,Santa Barbara,83,443738,0,0,0,0,0
2020-02-12,Santa Clara,85,1922200,6,2,0,2,0
2020-02-12,Santa Cruz,87,273765,0,0,0,0,0
2020-02-12,Shasta,89,179085,0,0,0,0,0
2020-02-12,Sierra,91,2930,0,0,0,0,0
2020-02-12,Siskiyou,93,43540,0,0,0,0,0
2020-02-12,Solano,95,438530,0,0,0,0,0
2020-02-12,Sonoma,97,501317,0,0,0,0,0
2020-02-12,Stanislaus,99,539301,1,0,1,1,0
2020-02-12,Sutter,101,95872,0,0,0,0,0
2020-02-12,Tehama,103,63373,0,0,0,0,0
2020-02-12,Trinity,105,12862,0,0,0,0,0
2020-02-12,Tulare,107,460477,2,0,0,0,0
2020-02-12,Tuolumne,109,53932,0,0,0,0,0
2020-02-12,Ventura,111,848112,2,0,0,0,0
2020-02-12,Yolo,113,214977,1,0,0,0,0
2020-02-12,Yuba,115,75493,0,0,0,0,0
2020-02-11,Alameda,1,1643700,4,0,0,0,0
2020-02-11,Alpine,3,1148,0,0,0,0,0
2020-02-11,Amador,5,37829,0,0,0,0,0
2020-02-11,Butte,7,227075,0,0,0,0,0
2020-02-11,Calaveras,9,45235,0,0,0,0,0
2020-02-11,Colusa,11,21464,0,0,0,0,0
2020-02-11,Contra Costa,13,1133247,3,0,0,0,0
2020-02-11,Del Norte,15,27424,0,0,0,0,0
2020-02-11,El Dorado,17,186661,0,0,0,0,0
2020-02-11,Fresno,19,978130,0,0,0,0,0
2020-02-11,Glenn,21,27897,0,0,0,0,0
2020-02-11,Humboldt,23,135768,1,0,0,0,0
2020-02-11,Imperial,25,180216,1,0,0,0,0
2020-02-11,Inyo,27,18085,0,0,0,0,0
2020-02-11,Kern,29,883053,2,0,0,0,0
2020-02-11,Kings,31,150075,1,0,0,0,0
2020-02-11,Lake,33,64148,0,0,0,0,0
2020-02-11,Lassen,35,31185,0,0,0,0,0
2020-02-11,Los Angeles,37,10098052,28,1,6,7,0
2020-02-11,Madera,39,155013,0,0,0,0,0
2020-02-11,Marin,41,260295,0,0,0,0,0
2020-02-11,Mariposa,43,17540,0,0,0,0,0
2020-02-11,Mendocino,45,87422,0,0,0,0,0
2020-02-11,Merced,47,269075,0,0,0,0,0
2020-02-11,Modoc,49,8938,0,0,0,0,0
2020-02-11,Mono,51,14174,0,0,0,0,0
2020-02-11,Monterey,53,433212,0,0,0,0,0
2020-02-11,Napa,55,140530,0,0,0,0,0
2020-02-11,Nevada,57,99092,0,0,0,0,0
2020-02-11,Orange,59,3164182,38,1,0,1,0
2020-02-11,Placer,61,380077,0,0,0,0,0
2020-02-11,Plumas,63,18699,0,0,0,0,0
2020-02-11,Riverside,65,2383286,4,0,0,0,0
2020-02-11,Sacramento,67,1510023,1,0,0,0,0
2020-02-11,San Benito,69,59416,0,2,0,2,0
2020-02-11,San Bernardino,71,2135413,7,0,0,0,0
2020-02-11,San Diego,73,3302833,2,1,0,1,0
2020-02-11,San Francisco,75,870044,2,0,0,0,0
2020-02-11,San Joaquin,77,732212,0,0,1,1,0
2020-02-11,San Luis Obispo,79,281455,0,0,0,0,0
2020-02-11,San Mateo,81,765935,2,0,0,0,0
2020-02-11,Santa Barbara,83,443738,0,0,0,0,0
2020-02-11,Santa Clara,85,1922200,5,2,0,2,0
2020-02-11,Santa Cruz,87,273765,0,0,0,0,0
2020-02-11,Shasta,89,179085,0,0,0,0,0
2020-02-11,Sierra,91,2930,0,0,0,0,0
2020-02-11,Siskiyou,93,43540,0,0,0,0,0
2020-02-11,Solano,95,438530,0,0,0,0,0
2020-02-11,Sonoma,97,501317,0,0,0,0,0
2020-02-11,Stanislaus,99,539301,1,0,1,1,0
2020-02-11,Sutter,101,95872,0,0,0,0,0
2020-02-11,Tehama,103,63373,0,0,0,0,0
2020-02-11,Trinity,105,12862,0,0,0,0,0
2020-02-11,Tulare,107,460477,2,0,0,0,0
2020-02-11,Tuolumne,109,53932,0,0,0,0,0
2020-02-11,Ventura,111,848112,2,0,0,0,0
2020-02-11,Yolo,113,214977,1,0,0,0,0
2020-02-11,Yuba,115,75493,0,0,0,0,0
2020-02-10,Alameda,1,1643700,4,0,0,0,0
2020-02-10,Alpine,3,1148,0,0,0,0,0
2020-02-10,Amador,5,37829,0,0,0,0,0
2020-02-10,Butte,7,227075,0,0,0,0,0
2020-02-10,Calaveras,9,45235,0,0,0,0,0
2020-02-10,Colusa,11,21464,0,0,0,0,0
2020-02-10,Contra Costa,13,1133247,3,0,0,0,0
2020-02-10,Del Norte,15,27424,0,0,0,0,0
2020-02-10,El Dorado,17,186661,0,0,0,0,0
2020-02-10,Fresno,19,978130,0,0,0,0,0
2020-02-10,Glenn,21,27897,0,0,0,0,0
2020-02-10,Humboldt,23,135768,0,0,0,0,0
2020-02-10,Imperial,25,180216,1,0,0,0,0
2020-02-10,Inyo,27,18085,0,0,0,0,0
2020-02-10,Kern,29,883053,2,0,0,0,0
2020-02-10,Kings,31,150075,1,0,0,0,0
2020-02-10,Lake,33,64148,0,0,0,0,0
2020-02-10,Lassen,35,31185,0,0,0,0,0
2020-02-10,Los Angeles,37,10098052,26,1,6,7,0
2020-02-10,Madera,39,155013,0,0,0,0,0
2020-02-10,Marin,41,260295,0,0,0,0,0
2020-02-10,Mariposa,43,17540,0,0,0,0,0
2020-02-10,Mendocino,45,87422,0,0,0,0,0
2020-02-10,Merced,47,269075,0,0,0,0,0
2020-02-10,Modoc,49,8938,0,0,0,0,0
2020-02-10,Mono,51,14174,0,0,0,0,0
2020-02-10,Monterey,53,433212,0,0,0,0,0
2020-02-10,Napa,55,140530,0,0,0,0,0
2020-02-10,Nevada,57,99092,0,0,0,0,0
2020-02-10,Orange,59,3164182,38,1,0,1,0
2020-02-10,Placer,61,380077,0,0,0,0,0
2020-02-10,Plumas,63,18699,0,0,0,0,0
2020-02-10,Riverside,65,2383286,4,0,0,0,0
2020-02-10,Sacramento,67,1510023,1,0,0,0,0
2020-02-10,San Benito,69,59416,0,2,0,2,0
2020-02-10,San Bernardino,71,2135413,6,0,0,0,0
2020-02-10,San Diego,73,3302833,2,0,0,0,0
2020-02-10,San Francisco,75,870044,2,0,0,0,0
2020-02-10,San Joaquin,77,732212,0,0,1,1,0
2020-02-10,San Luis Obispo,79,281455,0,0,0,0,0
2020-02-10,San Mateo,81,765935,2,0,0,0,0
2020-02-10,Santa Barbara,83,443738,0,0,0,0,0
2020-02-10,Santa Clara,85,1922200,5,2,0,2,0
2020-02-10,Santa Cruz,87,273765,0,0,0,0,0
2020-02-10,Shasta,89,179085,0,0,0,0,0
2020-02-10,Sierra,91,2930,0,0,0,0,0
2020-02-10,Siskiyou,93,43540,0,0,0,0,0
2020-02-10,Solano,95,438530,0,0,0,0,0
2020-02-10,Sonoma,97,501317,0,0,0,0,0
2020-02-10,Stanislaus,99,539301,1,0,0,0,0
2020-02-10,Sutter,101,95872,0,0,0,0,0
2020-02-10,Tehama,103,63373,0,0,0,0,0
2020-02-10,Trinity,105,12862,0,0,0,0,0
2020-02-10,Tulare,107,460477,2,0,0,0,0
2020-02-10,Tuolumne,109,53932,0,0,0,0,0
2020-02-10,Ventura,111,848112,2,0,0,0,0
2020-02-10,Yolo,113,214977,1,0,0,0,0
2020-02-10,Yuba,115,75493,0,0,0,0,0
2020-02-09,Alameda,1,1643700,4,0,0,0,0
2020-02-09,Alpine,3,1148,0,0,0,0,0
2020-02-09,Amador,5,37829,0,0,0,0,0
2020-02-09,Butte,7,227075,0,0,0,0,0
2020-02-09,Calaveras,9,45235,0,0,0,0,0
2020-02-09,Colusa,11,21464,0,0,0,0,0
2020-02-09,Contra Costa,13,1133247,3,0,0,0,0
2020-02-09,Del Norte,15,27424,0,0,0,0,0
2020-02-09,El Dorado,17,186661,0,0,0,0,0
2020-02-09,Fresno,19,978130,0,0,0,0,0
2020-02-09,Glenn,21,27897,0,0,0,0,0
2020-02-09,Humboldt,23,135768,0,0,0,0,0
2020-02-09,Imperial,25,180216,1,0,0,0,0
2020-02-09,Inyo,27,18085,0,0,0,0,0
2020-02-09,Kern,29,883053,2,0,0,0,0
2020-02-09,Kings,31,150075,1,0,0,0,0
2020-02-09,Lake,33,64148,0,0,0,0,0
2020-02-09,Lassen,35,31185,0,0,0,0,0
2020-02-09,Los Angeles,37,10098052,24,1,6,7,0
2020-02-09,Madera,39,155013,0,0,0,0,0
2020-02-09,Marin,41,260295,0,0,0,0,0
2020-02-09,Mariposa,43,17540,0,0,0,0,0
2020-02-09,Mendocino,45,87422,0,0,0,0,0
2020-02-09,Merced,47,269075,0,0,0,0,0
2020-02-09,Modoc,49,8938,0,0,0,0,0
2020-02-09,Mono,51,14174,0,0,0,0,0
2020-02-09,Monterey,53,433212,0,0,0,0,0
2020-02-09,Napa,55,140530,0,0,0,0,0
2020-02-09,Nevada,57,99092,0,0,0,0,0
2020-02-09,Orange,59,3164182,37,1,0,1,0
2020-02-09,Placer,61,380077,0,0,0,0,0
2020-02-09,Plumas,63,18699,0,0,0,0,0
2020-02-09,Riverside,65,2383286,4,0,0,0,0
2020-02-09,Sacramento,67,1510023,0,0,0,0,0
2020-02-09,San Benito,69,59416,0,2,0,2,0
2020-02-09,San Bernardino,71,2135413,6,0,0,0,0
2020-02-09,San Diego,73,3302833,2,0,0,0,0
2020-02-09,San Francisco,75,870044,1,0,0,0,0
2020-02-09,San Joaquin,77,732212,0,0,1,1,0
2020-02-09,San Luis Obispo,79,281455,0,0,0,0,0
2020-02-09,San Mateo,81,765935,2,0,0,0,0
2020-02-09,Santa Barbara,83,443738,0,0,0,0,0
2020-02-09,Santa Clara,85,1922200,4,2,0,2,0
2020-02-09,Santa Cruz,87,273765,0,0,0,0,0
2020-02-09,Shasta,89,179085,0,0,0,0,0
2020-02-09,Sierra,91,2930,0,0,0,0,0
2020-02-09,Siskiyou,93,43540,0,0,0,0,0
2020-02-09,Solano,95,438530,0,0,0,0,0
2020-02-09,Sonoma,97,501317,0,0,0,0,0
2020-02-09,Stanislaus,99,539301,0,0,0,0,0
2020-02-09,Sutter,101,95872,0,0,0,0,0
2020-02-09,Tehama,103,63373,0,0,0,0,0
2020-02-09,Trinity,105,12862,0,0,0,0,0
2020-02-09,Tulare,107,460477,2,0,0,0,0
2020-02-09,Tuolumne,109,53932,0,0,0,0,0
2020-02-09,Ventura,111,848112,1,0,0,0,0
2020-02-09,Yolo,113,214977,1,0,0,0,0
2020-02-09,Yuba,115,75493,0,0,0,0,0
2020-02-08,Alameda,1,1643700,3,0,0,0,0
2020-02-08,Alpine,3,1148,0,0,0,0,0
2020-02-08,Amador,5,37829,0,0,0,0,0
2020-02-08,Butte,7,227075,0,0,0,0,0
2020-02-08,Calaveras,9,45235,0,0,0,0,0
2020-02-08,Colusa,11,21464,0,0,0,0,0
2020-02-08,Contra Costa,13,1133247,2,0,0,0,0
2020-02-08,Del Norte,15,27424,0,0,0,0,0
2020-02-08,El Dorado,17,186661,0,0,0,0,0
2020-02-08,Fresno,19,978130,0,0,0,0,0
2020-02-08,Glenn,21,27897,0,0,0,0,0
2020-02-08,Humboldt,23,135768,0,0,0,0,0
2020-02-08,Imperial,25,180216,1,0,0,0,0
2020-02-08,Inyo,27,18085,0,0,0,0,0
2020-02-08,Kern,29,883053,2,0,0,0,0
2020-02-08,Kings,31,150075,1,0,0,0,0
2020-02-08,Lake,33,64148,0,0,0,0,0
2020-02-08,Lassen,35,31185,0,0,0,0,0
2020-02-08,Los Angeles,37,10098052,21,1,3,4,0
2020-02-08,Madera,39,155013,0,0,0,0,0
2020-02-08,Marin,41,260295,0,0,0,0,0
2020-02-08,Mariposa,43,17540,0,0,0,0,0
2020-02-08,Mendocino,45,87422,0,0,0,0,0
2020-02-08,Merced,47,269075,0,0,0,0,0
2020-02-08,Modoc,49,8938,0,0,0,0,0
2020-02-08,Mono,51,14174,0,0,0,0,0
2020-02-08,Monterey,53,433212,0,0,0,0,0
2020-02-08,Napa,55,140530,0,0,0,0,0
2020-02-08,Nevada,57,99092,0,0,0,0,0
2020-02-08,Orange,59,3164182,37,1,0,1,0
2020-02-08,Placer,61,380077,0,0,0,0,0
2020-02-08,Plumas,63,18699,0,0,0,0,0
2020-02-08,Riverside,65,2383286,4,0,0,0,0
2020-02-08,Sacramento,67,1510023,0,0,0,0,0
2020-02-08,San Benito,69,59416,0,2,0,2,0
2020-02-08,San Bernardino,71,2135413,6,0,0,0,0
2020-02-08,San Diego,73,3302833,1,0,0,0,0
2020-02-08,San Francisco,75,870044,1,0,0,0,0
2020-02-08,San Joaquin,77,732212,0,0,1,1,0
2020-02-08,San Luis Obispo,79,281455,0,0,0,0,0
2020-02-08,San Mateo,81,765935,2,0,0,0,0
2020-02-08,Santa Barbara,83,443738,0,0,0,0,0
2020-02-08,Santa Clara,85,1922200,4,2,0,2,0
2020-02-08,Santa Cruz,87,273765,0,0,0,0,0
2020-02-08,Shasta,89,179085,0,0,0,0,0
2020-02-08,Sierra,91,2930,0,0,0,0,0
2020-02-08,Siskiyou,93,43540,0,0,0,0,0
2020-02-08,Solano,95,438530,0,0,0,0,0
2020-02-08,Sonoma,97,501317,0,0,0,0,0
2020-02-08,Stanislaus,99,539301,0,0,0,0,0
2020-02-08,Sutter,101,95872,0,0,0,0,0
2020-02-08,Tehama,103,63373,0,0,0,0,0
2020-02-08,Trinity,105,12862,0,0,0,0,0
2020-02-08,Tulare,107,460477,2,0,0,0,0
2020-02-08,Tuolumne,109,53932,0,0,0,0,0
2020-02-08,Ventura,111,848112,1,0,0,0,0
2020-02-08,Yolo,113,214977,1,0,0,0,0
2020-02-08,Yuba,115,75493,0,0,0,0,0
2020-02-07,Alameda,1,1643700,3,0,0,0,0
2020-02-07,Alpine,3,1148,0,0,0,0,0
2020-02-07,Amador,5,37829,0,0,0,0,0
2020-02-07,Butte,7,227075,0,0,0,0,0
2020-02-07,Calaveras,9,45235,0,0,0,0,0
2020-02-07,Colusa,11,21464,0,0,0,0,0
2020-02-07,Contra Costa,13,1133247,2,0,0,0,0
2020-02-07,Del Norte,15,27424,0,0,0,0,0
2020-02-07,El Dorado,17,186661,0,0,0,0,0
2020-02-07,Fresno,19,978130,0,0,0,0,0
2020-02-07,Glenn,21,27897,0,0,0,0,0
2020-02-07,Humboldt,23,135768,0,0,0,0,0
2020-02-07,Imperial,25,180216,1,0,0,0,0
2020-02-07,Inyo,27,18085,0,0,0,0,0
2020-02-07,Kern,29,883053,2,0,0,0,0
2020-02-07,Kings,31,150075,1,0,0,0,0
2020-02-07,Lake,33,64148,0,0,0,0,0
2020-02-07,Lassen,35,31185,0,0,0,0,0
2020-02-07,Los Angeles,37,10098052,20,1,2,3,0
2020-02-07,Madera,39,155013,0,0,0,0,0
2020-02-07,Marin,41,260295,0,0,0,0,0
2020-02-07,Mariposa,43,17540,0,0,0,0,0
2020-02-07,Mendocino,45,87422,0,0,0,0,0
2020-02-07,Merced,47,269075,0,0,0,0,0
2020-02-07,Modoc,49,8938,0,0,0,0,0
2020-02-07,Mono,51,14174,0,0,0,0,0
2020-02-07,Monterey,53,433212,0,0,0,0,0
2020-02-07,Napa,55,140530,0,0,0,0,0
2020-02-07,Nevada,57,99092,0,0,0,0,0
2020-02-07,Orange,59,3164182,35,1,0,1,0
2020-02-07,Placer,61,380077,0,0,0,0,0
2020-02-07,Plumas,63,18699,0,0,0,0,0
2020-02-07,Riverside,65,2383286,4,0,0,0,0
2020-02-07,Sacramento,67,1510023,0,0,0,0,0
2020-02-07,San Benito,69,59416,0,2,0,2,0
2020-02-07,San Bernardino,71,2135413,3,0,0,0,0
2020-02-07,San Diego,73,3302833,1,0,0,0,0
2020-02-07,San Francisco,75,870044,1,0,0,0,0
2020-02-07,San Joaquin,77,732212,0,0,1,1,0
2020-02-07,San Luis Obispo,79,281455,0,0,0,0,0
2020-02-07,San Mateo,81,765935,1,0,0,0,0
2020-02-07,Santa Barbara,83,443738,0,0,0,0,0
2020-02-07,Santa Clara,85,1922200,4,2,0,2,0
2020-02-07,Santa Cruz,87,273765,0,0,0,0,0
2020-02-07,Shasta,89,179085,0,0,0,0,0
2020-02-07,Sierra,91,2930,0,0,0,0,0
2020-02-07,Siskiyou,93,43540,0,0,0,0,0
2020-02-07,Solano,95,438530,0,0,0,0,0
2020-02-07,Sonoma,97,501317,0,0,0,0,0
2020-02-07,Stanislaus,99,539301,0,0,0,0,0
2020-02-07,Sutter,101,95872,0,0,0,0,0
2020-02-07,Tehama,103,63373,0,0,0,0,0
2020-02-07,Trinity,105,12862,0,0,0,0,0
2020-02-07,Tulare,107,460477,2,0,0,0,0
2020-02-07,Tuolumne,109,53932,0,0,0,0,0
2020-02-07,Ventura,111,848112,1,0,0,0,0
2020-02-07,Yolo,113,214977,1,0,0,0,0
2020-02-07,Yuba,115,75493,0,0,0,0,0
2020-02-06,Alameda,1,1643700,3,0,0,0,0
2020-02-06,Alpine,3,1148,0,0,0,0,0
2020-02-06,Amador,5,37829,0,0,0,0,0
2020-02-06,Butte,7,227075,0,0,0,0,0
2020-02-06,Calaveras,9,45235,0,0,0,0,0
2020-02-06,Colusa,11,21464,0,0,0,0,0
2020-02-06,Contra Costa,13,1133247,2,0,0,0,0
2020-02-06,Del Norte,15,27424,0,0,0,0,0
2020-02-06,El Dorado,17,186661,0,0,0,0,0
2020-02-06,Fresno,19,978130,0,0,0,0,0
2020-02-06,Glenn,21,27897,0,0,0,0,0
2020-02-06,Humboldt,23,135768,0,0,0,0,0
2020-02-06,Imperial,25,180216,1,0,0,0,0
2020-02-06,Inyo,27,18085,0,0,0,0,0
2020-02-06,Kern,29,883053,2,0,0,0,0
2020-02-06,Kings,31,150075,0,0,0,0,0
2020-02-06,Lake,33,64148,0,0,0,0,0
2020-02-06,Lassen,35,31185,0,0,0,0,0
2020-02-06,Los Angeles,37,10098052,18,1,2,3,0
2020-02-06,Madera,39,155013,0,0,0,0,0
2020-02-06,Marin,41,260295,0,0,0,0,0
2020-02-06,Mariposa,43,17540,0,0,0,0,0
2020-02-06,Mendocino,45,87422,0,0,0,0,0
2020-02-06,Merced,47,269075,0,0,0,0,0
2020-02-06,Modoc,49,8938,0,0,0,0,0
2020-02-06,Mono,51,14174,0,0,0,0,0
2020-02-06,Monterey,53,433212,0,0,0,0,0
2020-02-06,Napa,55,140530,0,0,0,0,0
2020-02-06,Nevada,57,99092,0,0,0,0,0
2020-02-06,Orange,59,3164182,5,1,0,1,0
2020-02-06,Placer,61,380077,0,0,0,0,0
2020-02-06,Plumas,63,18699,0,0,0,0,0
2020-02-06,Riverside,65,2383286,4,0,0,0,0
2020-02-06,Sacramento,67,1510023,0,0,0,0,0
2020-02-06,San Benito,69,59416,0,2,0,2,0
2020-02-06,San Bernardino,71,2135413,3,0,0,0,0
2020-02-06,San Diego,73,3302833,1,0,0,0,0
2020-02-06,San Francisco,75,870044,1,0,0,0,0
2020-02-06,San Joaquin,77,732212,0,0,1,1,0
2020-02-06,San Luis Obispo,79,281455,0,0,0,0,0
2020-02-06,San Mateo,81,765935,1,0,0,0,0
2020-02-06,Santa Barbara,83,443738,0,0,0,0,0
2020-02-06,Santa Clara,85,1922200,4,2,0,2,0
2020-02-06,Santa Cruz,87,273765,0,0,0,0,0
2020-02-06,Shasta,89,179085,0,0,0,0,0
2020-02-06,Sierra,91,2930,0,0,0,0,0
2020-02-06,Siskiyou,93,43540,0,0,0,0,0
2020-02-06,Solano,95,438530,0,0,0,0,0
2020-02-06,Sonoma,97,501317,0,0,0,0,0
2020-02-06,Stanislaus,99,539301,0,0,0,0,0
2020-02-06,Sutter,101,95872,0,0,0,0,0
2020-02-06,Tehama,103,63373,0,0,0,0,0
2020-02-06,Trinity,105,12862,0,0,0,0,0
2020-02-06,Tulare,107,460477,2,0,0,0,0
2020-02-06,Tuolumne,109,53932,0,0,0,0,0
2020-02-06,Ventura,111,848112,1,0,0,0,0
2020-02-06,Yolo,113,214977,1,0,0,0,0
2020-02-06,Yuba,115,75493,0,0,0,0,0
2020-02-05,Alameda,1,1643700,3,0,0,0,0
2020-02-05,Alpine,3,1148,0,0,0,0,0
2020-02-05,Amador,5,37829,0,0,0,0,0
2020-02-05,Butte,7,227075,0,0,0,0,0
2020-02-05,Calaveras,9,45235,0,0,0,0,0
2020-02-05,Colusa,11,21464,0,0,0,0,0
2020-02-05,Contra Costa,13,1133247,2,0,0,0,0
2020-02-05,Del Norte,15,27424,0,0,0,0,0
2020-02-05,El Dorado,17,186661,0,0,0,0,0
2020-02-05,Fresno,19,978130,0,0,0,0,0
2020-02-05,Glenn,21,27897,0,0,0,0,0
2020-02-05,Humboldt,23,135768,0,0,0,0,0
2020-02-05,Imperial,25,180216,1,0,0,0,0
2020-02-05,Inyo,27,18085,0,0,0,0,0
2020-02-05,Kern,29,883053,1,0,0,0,0
2020-02-05,Kings,31,150075,0,0,0,0,0
2020-02-05,Lake,33,64148,0,0,0,0,0
2020-02-05,Lassen,35,31185,0,0,0,0,0
2020-02-05,Los Angeles,37,10098052,18,1,1,2,0
2020-02-05,Madera,39,155013,0,0,0,0,0
2020-02-05,Marin,41,260295,0,0,0,0,0
2020-02-05,Mariposa,43,17540,0,0,0,0,0
2020-02-05,Mendocino,45,87422,0,0,0,0,0
2020-02-05,Merced,47,269075,0,0,0,0,0
2020-02-05,Modoc,49,8938,0,0,0,0,0
2020-02-05,Mono,51,14174,0,0,0,0,0
2020-02-05,Monterey,53,433212,0,0,0,0,0
2020-02-05,Napa,55,140530,0,0,0,0,0
2020-02-05,Nevada,57,99092,0,0,0,0,0
2020-02-05,Orange,59,3164182,4,1,0,1,0
2020-02-05,Placer,61,380077,0,0,0,0,0
2020-02-05,Plumas,63,18699,0,0,0,0,0
2020-02-05,Riverside,65,2383286,4,0,0,0,0
2020-02-05,Sacramento,67,1510023,0,0,0,0,0
2020-02-05,San Benito,69,59416,0,2,0,2,0
2020-02-05,San Bernardino,71,2135413,3,0,0,0,0
2020-02-05,San Diego,73,3302833,0,0,0,0,0
2020-02-05,San Francisco,75,870044,1,0,0,0,0
2020-02-05,San Joaquin,77,732212,0,0,1,1,0
2020-02-05,San Luis Obispo,79,281455,0,0,0,0,0
2020-02-05,San Mateo,81,765935,1,0,0,0,0
2020-02-05,Santa Barbara,83,443738,0,0,0,0,0
2020-02-05,Santa Clara,85,1922200,2,2,0,2,0
2020-02-05,Santa Cruz,87,273765,0,0,0,0,0
2020-02-05,Shasta,89,179085,0,0,0,0,0
2020-02-05,Sierra,91,2930,0,0,0,0,0
2020-02-05,Siskiyou,93,43540,0,0,0,0,0
2020-02-05,Solano,95,438530,0,0,0,0,0
2020-02-05,Sonoma,97,501317,0,0,0,0,0
2020-02-05,Stanislaus,99,539301,0,0,0,0,0
2020-02-05,Sutter,101,95872,0,0,0,0,0
2020-02-05,Tehama,103,63373,0,0,0,0,0
2020-02-05,Trinity,105,12862,0,0,0,0,0
2020-02-05,Tulare,107,460477,2,0,0,0,0
2020-02-05,Tuolumne,109,53932,0,0,0,0,0
2020-02-05,Ventura,111,848112,0,0,0,0,0
2020-02-05,Yolo,113,214977,1,0,0,0,0
2020-02-05,Yuba,115,75493,0,0,0,0,0
2020-02-04,Alameda,1,1643700,3,0,0,0,0
2020-02-04,Alpine,3,1148,0,0,0,0,0
2020-02-04,Amador,5,37829,0,0,0,0,0
2020-02-04,Butte,7,227075,0,0,0,0,0
2020-02-04,Calaveras,9,45235,0,0,0,0,0
2020-02-04,Colusa,11,21464,0,0,0,0,0
2020-02-04,Contra Costa,13,1133247,2,0,0,0,0
2020-02-04,Del Norte,15,27424,0,0,0,0,0
2020-02-04,El Dorado,17,186661,0,0,0,0,0
2020-02-04,Fresno,19,978130,0,0,0,0,0
2020-02-04,Glenn,21,27897,0,0,0,0,0
2020-02-04,Humboldt,23,135768,0,0,0,0,0
2020-02-04,Imperial,25,180216,1,0,0,0,0
2020-02-04,Inyo,27,18085,0,0,0,0,0
2020-02-04,Kern,29,883053,0,0,0,0,0
2020-02-04,Kings,31,150075,0,0,0,0,0
2020-02-04,Lake,33,64148,0,0,0,0,0
2020-02-04,Lassen,35,31185,0,0,0,0,0
2020-02-04,Los Angeles,37,10098052,17,1,1,2,0
2020-02-04,Madera,39,155013,0,0,0,0,0
2020-02-04,Marin,41,260295,0,0,0,0,0
2020-02-04,Mariposa,43,17540,0,0,0,0,0
2020-02-04,Mendocino,45,87422,0,0,0,0,0
2020-02-04,Merced,47,269075,0,0,0,0,0
2020-02-04,Modoc,49,8938,0,0,0,0,0
2020-02-04,Mono,51,14174,0,0,0,0,0
2020-02-04,Monterey,53,433212,0,0,0,0,0
2020-02-04,Napa,55,140530,0,0,0,0,0
2020-02-04,Nevada,57,99092,0,0,0,0,0
2020-02-04,Orange,59,3164182,4,1,0,1,0
2020-02-04,Placer,61,380077,0,0,0,0,0
2020-02-04,Plumas,63,18699,0,0,0,0,0
2020-02-04,Riverside,65,2383286,4,0,0,0,0
2020-02-04,Sacramento,67,1510023,0,0,0,0,0
2020-02-04,San Benito,69,59416,0,2,0,2,0
2020-02-04,San Bernardino,71,2135413,2,0,0,0,0
2020-02-04,San Diego,73,3302833,0,0,0,0,0
2020-02-04,San Francisco,75,870044,1,0,0,0,0
2020-02-04,San Joaquin,77,732212,0,0,1,1,0
2020-02-04,San Luis Obispo,79,281455,0,0,0,0,0
2020-02-04,San Mateo,81,765935,0,0,0,0,0
2020-02-04,Santa Barbara,83,443738,0,0,0,0,0
2020-02-04,Santa Clara,85,1922200,2,2,0,2,0
2020-02-04,Santa Cruz,87,273765,0,0,0,0,0
2020-02-04,Shasta,89,179085,0,0,0,0,0
2020-02-04,Sierra,91,2930,0,0,0,0,0
2020-02-04,Siskiyou,93,43540,0,0,0,0,0
2020-02-04,Solano,95,438530,0,0,0,0,0
2020-02-04,Sonoma,97,501317,0,0,0,0,0
2020-02-04,Stanislaus,99,539301,0,0,0,0,0
2020-02-04,Sutter,101,95872,0,0,0,0,0
2020-02-04,Tehama,103,63373,0,0,0,0,0
2020-02-04,Trinity,105,12862,0,0,0,0,0
2020-02-04,Tulare,107,460477,2,0,0,0,0
2020-02-04,Tuolumne,109,53932,0,0,0,0,0
2020-02-04,Ventura,111,848112,0,0,0,0,0
2020-02-04,Yolo,113,214977,1,0,0,0,0
2020-02-04,Yuba,115,75493,0,0,0,0,0
2020-02-03,Alameda,1,1643700,3,0,0,0,0
2020-02-03,Alpine,3,1148,0,0,0,0,0
2020-02-03,Amador,5,37829,0,0,0,0,0
2020-02-03,Butte,7,227075,0,0,0,0,0
2020-02-03,Calaveras,9,45235,0,0,0,0,0
2020-02-03,Colusa,11,21464,0,0,0,0,0
2020-02-03,Contra Costa,13,1133247,2,0,0,0,0
2020-02-03,Del Norte,15,27424,0,0,0,0,0
2020-02-03,El Dorado,17,186661,0,0,0,0,0
2020-02-03,Fresno,19,978130,0,0,0,0,0
2020-02-03,Glenn,21,27897,0,0,0,0,0
2020-02-03,Humboldt,23,135768,0,0,0,0,0
2020-02-03,Imperial,25,180216,1,0,0,0,0
2020-02-03,Inyo,27,18085,0,0,0,0,0
2020-02-03,Kern,29,883053,0,0,0,0,0
2020-02-03,Kings,31,150075,0,0,0,0,0
2020-02-03,Lake,33,64148,0,0,0,0,0
2020-02-03,Lassen,35,31185,0,0,0,0,0
2020-02-03,Los Angeles,37,10098052,17,1,0,1,0
2020-02-03,Madera,39,155013,0,0,0,0,0
2020-02-03,Marin,41,260295,0,0,0,0,0
2020-02-03,Mariposa,43,17540,0,0,0,0,0
2020-02-03,Mendocino,45,87422,0,0,0,0,0
2020-02-03,Merced,47,269075,0,0,0,0,0
2020-02-03,Modoc,49,8938,0,0,0,0,0
2020-02-03,Mono,51,14174,0,0,0,0,0
2020-02-03,Monterey,53,433212,0,0,0,0,0
2020-02-03,Napa,55,140530,0,0,0,0,0
2020-02-03,Nevada,57,99092,0,0,0,0,0
2020-02-03,Orange,59,3164182,3,1,0,1,0
2020-02-03,Placer,61,380077,0,0,0,0,0
2020-02-03,Plumas,63,18699,0,0,0,0,0
2020-02-03,Riverside,65,2383286,4,0,0,0,0
2020-02-03,Sacramento,67,1510023,0,0,0,0,0
2020-02-03,San Benito,69,59416,0,2,0,2,0
2020-02-03,San Bernardino,71,2135413,2,0,0,0,0
2020-02-03,San Diego,73,3302833,0,0,0,0,0
2020-02-03,San Francisco,75,870044,1,0,0,0,0
2020-02-03,San Joaquin,77,732212,0,0,1,1,0
2020-02-03,San Luis Obispo,79,281455,0,0,0,0,0
2020-02-03,San Mateo,81,765935,0,0,0,0,0
2020-02-03,Santa Barbara,83,443738,0,0,0,0,0
2020-02-03,Santa Clara,85,1922200,2,2,0,2,0
2020-02-03,Santa Cruz,87,273765,0,0,0,0,0
2020-02-03,Shasta,89,179085,0,0,0,0,0
2020-02-03,Sierra,91,2930,0,0,0,0,0
2020-02-03,Siskiyou,93,43540,0,0,0,0,0
2020-02-03,Solano,95,438530,0,0,0,0,0
2020-02-03,Sonoma,97,501317,0,0,0,0,0
2020-02-03,Stanislaus,99,539301,0,0,0,0,0
2020-02-03,Sutter,101,95872,0,0,0,0,0
2020-02-03,Tehama,103,63373,0,0,0,0,0
2020-02-03,Trinity,105,12862,0,0,0,0,0
2020-02-03,Tulare,107,460477,2,0,0,0,0
2020-02-03,Tuolumne,109,53932,0,0,0,0,0
2020-02-03,Ventura,111,848112,0,0,0,0,0
2020-02-03,Yolo,113,214977,1,0,0,0,0
2020-02-03,Yuba,115,75493,0,0,0,0,0
2020-02-02,Alameda,1,1643700,3,0,0,0,0
2020-02-02,Alpine,3,1148,0,0,0,0,0
2020-02-02,Amador,5,37829,0,0,0,0,0
2020-02-02,Butte,7,227075,0,0,0,0,0
2020-02-02,Calaveras,9,45235,0,0,0,0,0
2020-02-02,Colusa,11,21464,0,0,0,0,0
2020-02-02,Contra Costa,13,1133247,1,0,0,0,0
2020-02-02,Del Norte,15,27424,0,0,0,0,0
2020-02-02,El Dorado,17,186661,0,0,0,0,0
2020-02-02,Fresno,19,978130,0,0,0,0,0
2020-02-02,Glenn,21,27897,0,0,0,0,0
2020-02-02,Humboldt,23,135768,0,0,0,0,0
2020-02-02,Imperial,25,180216,1,0,0,0,0
2020-02-02,Inyo,27,18085,0,0,0,0,0
2020-02-02,Kern,29,883053,0,0,0,0,0
2020-02-02,Kings,31,150075,0,0,0,0,0
2020-02-02,Lake,33,64148,0,0,0,0,0
2020-02-02,Lassen,35,31185,0,0,0,0,0
2020-02-02,Los Angeles,37,10098052,15,1,0,1,0
2020-02-02,Madera,39,155013,0,0,0,0,0
2020-02-02,Marin,41,260295,0,0,0,0,0
2020-02-02,Mariposa,43,17540,0,0,0,0,0
2020-02-02,Mendocino,45,87422,0,0,0,0,0
2020-02-02,Merced,47,269075,0,0,0,0,0
2020-02-02,Modoc,49,8938,0,0,0,0,0
2020-02-02,Mono,51,14174,0,0,0,0,0
2020-02-02,Monterey,53,433212,0,0,0,0,0
2020-02-02,Napa,55,140530,0,0,0,0,0
2020-02-02,Nevada,57,99092,0,0,0,0,0
2020-02-02,Orange,59,3164182,3,1,0,1,0
2020-02-02,Placer,61,380077,0,0,0,0,0
2020-02-02,Plumas,63,18699,0,0,0,0,0
2020-02-02,Riverside,65,2383286,3,0,0,0,0
2020-02-02,Sacramento,67,1510023,0,0,0,0,0
2020-02-02,San Benito,69,59416,0,2,0,2,0
2020-02-02,San Bernardino,71,2135413,2,0,0,0,0
2020-02-02,San Diego,73,3302833,0,0,0,0,0
2020-02-02,San Francisco,75,870044,1,0,0,0,0
2020-02-02,San Joaquin,77,732212,0,0,1,1,0
2020-02-02,San Luis Obispo,79,281455,0,0,0,0,0
2020-02-02,San Mateo,81,765935,0,0,0,0,0
2020-02-02,Santa Barbara,83,443738,0,0,0,0,0
2020-02-02,Santa Clara,85,1922200,2,2,0,2,0
2020-02-02,Santa Cruz,87,273765,0,0,0,0,0
2020-02-02,Shasta,89,179085,0,0,0,0,0
2020-02-02,Sierra,91,2930,0,0,0,0,0
2020-02-02,Siskiyou,93,43540,0,0,0,0,0
2020-02-02,Solano,95,438530,0,0,0,0,0
2020-02-02,Sonoma,97,501317,0,0,0,0,0
2020-02-02,Stanislaus,99,539301,0,0,0,0,0
2020-02-02,Sutter,101,95872,0,0,0,0,0
2020-02-02,Tehama,103,63373,0,0,0,0,0
2020-02-02,Trinity,105,12862,0,0,0,0,0
2020-02-02,Tulare,107,460477,2,0,0,0,0
2020-02-02,Tuolumne,109,53932,0,0,0,0,0
2020-02-02,Ventura,111,848112,0,0,0,0,0
2020-02-02,Yolo,113,214977,1,0,0,0,0
2020-02-02,Yuba,115,75493,0,0,0,0,0
2020-02-01,Alameda,1,1643700,3,0,0,0,0
2020-02-01,Alpine,3,1148,0,0,0,0,0
2020-02-01,Amador,5,37829,0,0,0,0,0
2020-02-01,Butte,7,227075,0,0,0,0,0
2020-02-01,Calaveras,9,45235,0,0,0,0,0
2020-02-01,Colusa,11,21464,0,0,0,0,0
2020-02-01,Contra Costa,13,1133247,0,0,0,0,0
2020-02-01,Del Norte,15,27424,0,0,0,0,0
2020-02-01,El Dorado,17,186661,0,0,0,0,0
2020-02-01,Fresno,19,978130,0,0,0,0,0
2020-02-01,Glenn,21,27897,0,0,0,0,0
2020-02-01,Humboldt,23,135768,0,0,0,0,0
2020-02-01,Imperial,25,180216,0,0,0,0,0
2020-02-01,Inyo,27,18085,0,0,0,0,0
2020-02-01,Kern,29,883053,0,0,0,0,0
2020-02-01,Kings,31,150075,0,0,0,0,0
2020-02-01,Lake,33,64148,0,0,0,0,0
2020-02-01,Lassen,35,31185,0,0,0,0,0
2020-02-01,Los Angeles,37,10098052,14,1,0,1,0
2020-02-01,Madera,39,155013,0,0,0,0,0
2020-02-01,Marin,41,260295,0,0,0,0,0
2020-02-01,Mariposa,43,17540,0,0,0,0,0
2020-02-01,Mendocino,45,87422,0,0,0,0,0
2020-02-01,Merced,47,269075,0,0,0,0,0
2020-02-01,Modoc,49,8938,0,0,0,0,0
2020-02-01,Mono,51,14174,0,0,0,0,0
2020-02-01,Monterey,53,433212,0,0,0,0,0
2020-02-01,Napa,55,140530,0,0,0,0,0
2020-02-01,Nevada,57,99092,0,0,0,0,0
2020-02-01,Orange,59,3164182,3,1,0,1,0
2020-02-01,Placer,61,380077,0,0,0,0,0
2020-02-01,Plumas,63,18699,0,0,0,0,0
2020-02-01,Riverside,65,2383286,2,0,0,0,0
2020-02-01,Sacramento,67,1510023,0,0,0,0,0
2020-02-01,San Benito,69,59416,0,0,0,0,0
2020-02-01,San Bernardino,71,2135413,1,0,0,0,0
2020-02-01,San Diego,73,3302833,0,0,0,0,0
2020-02-01,San Francisco,75,870044,1,0,0,0,0
2020-02-01,San Joaquin,77,732212,0,0,1,1,0
2020-02-01,San Luis Obispo,79,281455,0,0,0,0,0
2020-02-01,San Mateo,81,765935,0,0,0,0,0
2020-02-01,Santa Barbara,83,443738,0,0,0,0,0
2020-02-01,Santa Clara,85,1922200,2,1,0,1,0
2020-02-01,Santa Cruz,87,273765,0,0,0,0,0
2020-02-01,Shasta,89,179085,0,0,0,0,0
2020-02-01,Sierra,91,2930,0,0,0,0,0
2020-02-01,Siskiyou,93,43540,0,0,0,0,0
2020-02-01,Solano,95,438530,0,0,0,0,0
2020-02-01,Sonoma,97,501317,0,0,0,0,0
2020-02-01,Stanislaus,99,539301,0,0,0,0,0
2020-02-01,Sutter,101,95872,0,0,0,0,0
2020-02-01,Tehama,103,63373,0,0,0,0,0
2020-02-01,Trinity,105,12862,0,0,0,0,0
2020-02-01,Tulare,107,460477,1,0,0,0,0
2020-02-01,Tuolumne,109,53932,0,0,0,0,0
2020-02-01,Ventura,111,848112,0,0,0,0,0
2020-02-01,Yolo,113,214977,0,0,0,0,0
2020-02-01,Yuba,115,75493,0,0,0,0,0
