date,county,fips,population,confirmed_cases,reported_cases,probable_cases,reported_and_probable_cases,reported_deaths
2021-12-27,Alameda,001,1643700,129901,129910,3283,133193,1530
2021-12-27,Alpine,003,1148,113,113,0,113,0
2021-12-27,Amador,005,37829,5889,5891,77,5968,70
2021-12-27,Butte,007,227075,22233,22234,4035,26269,335
2021-12-27,Calaveras,009,45235,4630,4630,72,4702,91
2021-12-27,Colusa,011,21464,2651,2652,707,3359,21
2021-12-27,Contra Costa,013,1133247,106690,106692,2533,109225,1071
2021-12-27,Del Norte,015,27424,3803,3802,60,3862,43
2021-12-27,El Dorado,017,186661,17360,17361,1876,19237,172
2021-12-27,Fresno,019,978130,148826,148826,13005,161831,2364
2021-12-27,Glenn,021,27897,3634,3634,1045,4679,39
2021-12-27,Humboldt,023,135768,10162,10164,780,10944,119
2021-12-27,Imperial,025,180216,37179,37180,4221,41401,800
2021-12-27,Inyo,027,18085,2662,2662,38,2700,48
2021-12-27,Kern,029,883053,135112,135119,25349,160468,1907
2021-12-27,Kings,031,150075,34125,34126,2230,36356,382
2021-12-27,Lake,033,64148,7038,7037,172,7209,116
2021-12-27,Lassen,035,31185,7080,7080,450,7530,55
2021-12-27,Los Angeles,037,10098052,1553907,1554074,61453,1615527,27300
2021-12-27,Madera,039,155013,24838,24840,2313,27153,320
2021-12-27,Marin,041,260295,19597,19601,601,20202,249
2021-12-27,Mariposa,043,17540,1495,1495,55,1550,6
2021-12-27,Mendocino,045,87422,8351,8351,696,9047,98
2021-12-27,Merced,047,269075,44381,44383,2132,46515,690
2021-12-27,Modoc,049,8938,599,599,204,803,6
2021-12-27,Mono,051,14174,2026,2026,20,2046,4
2021-12-27,Monterey,053,433212,49918,49918,4621,54539,639
2021-12-27,Napa,055,140530,14081,14083,137,14220,107
2021-12-27,Nevada,057,99092,10234,10239,369,10608,110
2021-12-27,Orange,059,3164182,329221,329222,17299,346521,5875
2021-12-27,Placer,061,380077,40262,40263,4121,44384,489
2021-12-27,Plumas,063,18699,1988,1988,60,2048,12
2021-12-27,Riverside,065,2383286,389046,389096,17716,406812,5470
2021-12-27,Sacramento,067,1510023,170856,170858,5509,176367,2422
2021-12-27,San Benito,069,59416,8132,8133,200,8333,79
2021-12-27,San Bernardino,071,2135413,380485,380526,12495,393021,6047
2021-12-27,San Diego,073,3302833,414968,414968,23360,438328,4445
2021-12-27,San Francisco,075,870044,60912,60920,3085,64005,682
2021-12-27,San Joaquin,077,732212,105407,105413,6020,111433,1876
2021-12-27,San Luis Obispo,079,281455,31658,31671,1442,33113,365
2021-12-27,San Mateo,081,765935,58391,58397,2078,60475,581
2021-12-27,Santa Barbara,083,443738,48201,48209,1816,50025,568
2021-12-27,Santa Clara,085,1922200,159889,159904,1855,161759,1961
2021-12-27,Santa Cruz,087,273765,22454,22456,1150,23606,228
2021-12-27,Shasta,089,179085,23013,23015,3846,26861,432
2021-12-27,Sierra,091,2930,206,206,23,229,0
2021-12-27,Siskiyou,093,43540,3466,3466,1442,4908,60
2021-12-27,Solano,095,438530,48161,48172,1361,49533,378
2021-12-27,Sonoma,097,501317,44983,44990,623,45613,410
2021-12-27,Stanislaus,099,539301,83814,83833,9760,93593,1331
2021-12-27,Sutter,101,95872,14637,14642,426,15068,191
2021-12-27,Tehama,103,63373,8889,8887,1602,10489,136
2021-12-27,Trinity,105,12862,827,827,208,1035,17
2021-12-27,Tulare,107,460477,71562,71562,17444,89006,1146
2021-12-27,Tuolumne,109,53932,7978,7978,111,8089,91
2021-12-27,Ventura,111,848112,105211,105212,4702,109914,1206
2021-12-27,Yolo,113,214977,21299,21300,1376,22676,270
2021-12-27,Yuba,115,75493,10757,10759,426,11185,98
2021-12-26,Alameda,001,1643700,129901,127221,3283,130504,1525
2021-12-26,Alpine,003,1148,113,113,0,113,0
2021-12-26,Amador,005,37829,5889,5861,77,5938,70
2021-12-26,Butte,007,227075,22233,22087,4035,26122,330
2021-12-26,Calaveras,009,45235,4630,4591,72,4663,91
2021-12-26,Colusa,011,21464,2651,2647,707,3354,21
2021-12-26,Contra Costa,013,1133247,106690,105022,2533,107555,1071
2021-12-26,Del Norte,015,27424,3803,3795,60,3855,43
2021-12-26,El Dorado,017,186661,17360,17188,1876,19064,172
2021-12-26,Fresno,019,978130,148826,148027,13005,161032,2358
2021-12-26,Glenn,021,27897,3634,3611,1045,4656,39
2021-12-26,Humboldt,023,135768,10162,10052,780,10832,119
2021-12-26,Imperial,025,180216,37179,36878,4221,41099,800
2021-12-26,Inyo,027,18085,2662,2636,38,2674,47
2021-12-26,Kern,029,883053,135112,134591,25349,159940,1908
2021-12-26,Kings,031,150075,34125,34009,2230,36239,379
2021-12-26,Lake,033,64148,7038,7019,172,7191,116
2021-12-26,Lassen,035,31185,7080,7072,450,7522,55
2021-12-26,Los Angeles,037,10098052,1553907,1515469,61453,1576922,27257
2021-12-26,Madera,039,155013,24838,24741,2313,27054,320
2021-12-26,Marin,041,260295,19597,19085,601,19686,249
2021-12-26,Mariposa,043,17540,1495,1480,55,1535,6
2021-12-26,Mendocino,045,87422,8351,8314,696,9010,98
2021-12-26,Merced,047,269075,44381,44208,2132,46340,690
2021-12-26,Modoc,049,8938,599,597,204,801,6
2021-12-26,Mono,051,14174,2026,2000,20,2020,4
2021-12-26,Monterey,053,433212,49918,49709,4621,54330,638
2021-12-26,Napa,055,140530,14081,13809,137,13946,107
2021-12-26,Nevada,057,99092,10234,10153,369,10522,110
2021-12-26,Orange,059,3164182,329221,322991,17299,340290,5863
2021-12-26,Placer,061,380077,40262,39852,4121,43973,489
2021-12-26,Plumas,063,18699,1988,1987,60,2047,12
2021-12-26,Riverside,065,2383286,389046,384567,17716,402283,5470
2021-12-26,Sacramento,067,1510023,170856,169144,5509,174653,2418
2021-12-26,San Benito,069,59416,8132,7991,200,8191,79
2021-12-26,San Bernardino,071,2135413,380485,376052,12495,388547,6043
2021-12-26,San Diego,073,3302833,414968,406616,23360,429976,4442
2021-12-26,San Francisco,075,870044,60912,58229,3085,61314,682
2021-12-26,San Joaquin,077,732212,105407,104590,6020,110610,1872
2021-12-26,San Luis Obispo,079,281455,31658,31290,1442,32732,365
2021-12-26,San Mateo,081,765935,58391,56973,2078,59051,581
2021-12-26,Santa Barbara,083,443738,48201,47553,1816,49369,567
2021-12-26,Santa Clara,085,1922200,159889,156872,1855,158727,1967
2021-12-26,Santa Cruz,087,273765,22454,22176,1150,23326,228
2021-12-26,Shasta,089,179085,23013,22959,3846,26805,432
2021-12-26,Sierra,091,2930,206,202,23,225,0
2021-12-26,Siskiyou,093,43540,3466,3460,1442,4902,60
2021-12-26,Solano,095,438530,48161,47646,1361,49007,377
2021-12-26,Sonoma,097,501317,44983,44358,623,44981,408
2021-12-26,Stanislaus,099,539301,83814,83368,9760,93128,1331
2021-12-26,Sutter,101,95872,14637,14533,426,14959,191
2021-12-26,Tehama,103,63373,8889,8861,1602,10463,136
2021-12-26,Trinity,105,12862,827,826,208,1034,17
2021-12-26,Tulare,107,460477,71562,71292,17444,88736,1137
2021-12-26,Tuolumne,109,53932,7978,7919,111,8030,91
2021-12-26,Ventura,111,848112,105211,103498,4702,108200,1206
2021-12-26,Yolo,113,214977,21299,21084,1376,22460,270
2021-12-26,Yuba,115,75493,10757,10694,426,11120,98
2021-12-25,Alameda,001,1643700,129827,127221,3283,130504,1525
2021-12-25,Alpine,003,1148,113,113,0,113,0
2021-12-25,Amador,005,37829,5888,5861,77,5938,70
2021-12-25,Butte,007,227075,22227,22087,4035,26122,330
2021-12-25,Calaveras,009,45235,4624,4591,72,4663,91
2021-12-25,Colusa,011,21464,2650,2647,707,3354,21
2021-12-25,Contra Costa,013,1133247,106623,105022,2533,107555,1071
2021-12-25,Del Norte,015,27424,3802,3795,60,3855,43
2021-12-25,El Dorado,017,186661,17357,17188,1876,19064,172
2021-12-25,Fresno,019,978130,148795,148027,13005,161032,2358
2021-12-25,Glenn,021,27897,3632,3611,1045,4656,39
2021-12-25,Humboldt,023,135768,10160,10052,780,10832,119
2021-12-25,Imperial,025,180216,37155,36878,4221,41099,800
2021-12-25,Inyo,027,18085,2662,2636,38,2674,47
2021-12-25,Kern,029,883053,135093,134591,25349,159940,1908
2021-12-25,Kings,031,150075,34115,34009,2230,36239,379
2021-12-25,Lake,033,64148,7036,7019,172,7191,116
2021-12-25,Lassen,035,31185,7080,7072,450,7522,55
2021-12-25,Los Angeles,037,10098052,1553514,1515469,61453,1576922,27257
2021-12-25,Madera,039,155013,24834,24741,2313,27054,320
2021-12-25,Marin,041,260295,19581,19085,601,19686,249
2021-12-25,Mariposa,043,17540,1495,1480,55,1535,6
2021-12-25,Mendocino,045,87422,8348,8314,696,9010,98
2021-12-25,Merced,047,269075,44373,44208,2132,46340,690
2021-12-25,Modoc,049,8938,599,597,204,801,6
2021-12-25,Mono,051,14174,2026,2000,20,2020,4
2021-12-25,Monterey,053,433212,49907,49709,4621,54330,638
2021-12-25,Napa,055,140530,14077,13809,137,13946,107
2021-12-25,Nevada,057,99092,10229,10153,369,10522,110
2021-12-25,Orange,059,3164182,328957,322991,17299,340290,5863
2021-12-25,Placer,061,380077,40254,39852,4121,43973,489
2021-12-25,Plumas,063,18699,1988,1987,60,2047,12
2021-12-25,Riverside,065,2383286,388897,384567,17716,402283,5470
2021-12-25,Sacramento,067,1510023,170802,169144,5509,174653,2418
2021-12-25,San Benito,069,59416,8127,7991,200,8191,79
2021-12-25,San Bernardino,071,2135413,380383,376052,12495,388547,6043
2021-12-25,San Diego,073,3302833,414862,406616,23360,429976,4442
2021-12-25,San Francisco,075,870044,60837,58229,3085,61314,682
2021-12-25,San Joaquin,077,732212,105348,104590,6020,110610,1872
2021-12-25,San Luis Obispo,079,281455,31648,31290,1442,32732,365
2021-12-25,San Mateo,081,765935,58342,56973,2078,59051,581
2021-12-25,Santa Barbara,083,443738,48160,47553,1816,49369,567
2021-12-25,Santa Clara,085,1922200,159782,156872,1855,158727,1967
2021-12-25,Santa Cruz,087,273765,22451,22176,1150,23326,228
2021-12-25,Shasta,089,179085,23013,22959,3846,26805,432
2021-12-25,Sierra,091,2930,206,202,23,225,0
2021-12-25,Siskiyou,093,43540,3466,3460,1442,4902,60
2021-12-25,Solano,095,438530,48149,47646,1361,49007,377
2021-12-25,Sonoma,097,501317,44971,44358,623,44981,408
2021-12-25,Stanislaus,099,539301,83787,83368,9760,93128,1331
2021-12-25,Sutter,101,95872,14630,14533,426,14959,191
2021-12-25,Tehama,103,63373,8889,8861,1602,10463,136
2021-12-25,Trinity,105,12862,827,826,208,1034,17
2021-12-25,Tulare,107,460477,71552,71292,17444,88736,1137
2021-12-25,Tuolumne,109,53932,7973,7919,111,8030,91
2021-12-25,Ventura,111,848112,105118,103498,4702,108200,1206
2021-12-25,Yolo,113,214977,21298,21084,1376,22460,270
2021-12-25,Yuba,115,75493,10749,10694,426,11120,98
2021-12-24,Alameda,001,1643700,129730,127221,3283,130504,1525
2021-12-24,Alpine,003,1148,113,113,0,113,0
2021-12-24,Amador,005,37829,5887,5861,77,5938,70
2021-12-24,Butte,007,227075,22221,22087,4035,26122,330
2021-12-24,Calaveras,009,45235,4623,4591,72,4663,91
2021-12-24,Colusa,011,21464,2650,2647,707,3354,21
2021-12-24,Contra Costa,013,1133247,106541,105022,2533,107555,1071
2021-12-24,Del Norte,015,27424,3801,3795,60,3855,43
2021-12-24,El Dorado,017,186661,17352,17188,1876,19064,172
2021-12-24,Fresno,019,978130,148766,148027,13005,161032,2358
2021-12-24,Glenn,021,27897,3631,3611,1045,4656,39
2021-12-24,Humboldt,023,135768,10158,10052,780,10832,119
2021-12-24,Imperial,025,180216,37131,36878,4221,41099,800
2021-12-24,Inyo,027,18085,2661,2636,38,2674,47
2021-12-24,Kern,029,883053,135076,134591,25349,159940,1908
2021-12-24,Kings,031,150075,34111,34009,2230,36239,379
2021-12-24,Lake,033,64148,7036,7019,172,7191,116
2021-12-24,Lassen,035,31185,7080,7072,450,7522,55
2021-12-24,Los Angeles,037,10098052,1552422,1515469,61453,1576922,27257
2021-12-24,Madera,039,155013,24829,24741,2313,27054,320
2021-12-24,Marin,041,260295,19558,19085,601,19686,249
2021-12-24,Mariposa,043,17540,1495,1480,55,1535,6
2021-12-24,Mendocino,045,87422,8346,8314,696,9010,98
2021-12-24,Merced,047,269075,44371,44208,2132,46340,690
2021-12-24,Modoc,049,8938,599,597,204,801,6
2021-12-24,Mono,051,14174,2025,2000,20,2020,4
2021-12-24,Monterey,053,433212,49892,49709,4621,54330,638
2021-12-24,Napa,055,140530,14070,13809,137,13946,107
2021-12-24,Nevada,057,99092,10228,10153,369,10522,110
2021-12-24,Orange,059,3164182,328644,322991,17299,340290,5863
2021-12-24,Placer,061,380077,40223,39852,4121,43973,489
2021-12-24,Plumas,063,18699,1988,1987,60,2047,12
2021-12-24,Riverside,065,2383286,388786,384567,17716,402283,5470
2021-12-24,Sacramento,067,1510023,170716,169144,5509,174653,2418
2021-12-24,San Benito,069,59416,8120,7991,200,8191,79
2021-12-24,San Bernardino,071,2135413,380223,376052,12495,388547,6043
2021-12-24,San Diego,073,3302833,414608,406616,23360,429976,4442
2021-12-24,San Francisco,075,870044,60757,58229,3085,61314,682
2021-12-24,San Joaquin,077,732212,105315,104590,6020,110610,1872
2021-12-24,San Luis Obispo,079,281455,31636,31290,1442,32732,365
2021-12-24,San Mateo,081,765935,58266,56973,2078,59051,581
2021-12-24,Santa Barbara,083,443738,48108,47553,1816,49369,567
2021-12-24,Santa Clara,085,1922200,159679,156872,1855,158727,1967
2021-12-24,Santa Cruz,087,273765,22441,22176,1150,23326,228
2021-12-24,Shasta,089,179085,23013,22959,3846,26805,432
2021-12-24,Sierra,091,2930,206,202,23,225,0
2021-12-24,Siskiyou,093,43540,3463,3460,1442,4902,60
2021-12-24,Solano,095,438530,48117,47646,1361,49007,377
2021-12-24,Sonoma,097,501317,44953,44358,623,44981,408
2021-12-24,Stanislaus,099,539301,83752,83368,9760,93128,1331
2021-12-24,Sutter,101,95872,14621,14533,426,14959,191
2021-12-24,Tehama,103,63373,8889,8861,1602,10463,136
2021-12-24,Trinity,105,12862,827,826,208,1034,17
2021-12-24,Tulare,107,460477,71540,71292,17444,88736,1137
2021-12-24,Tuolumne,109,53932,7967,7919,111,8030,91
2021-12-24,Ventura,111,848112,105062,103498,4702,108200,1206
2021-12-24,Yolo,113,214977,21292,21084,1376,22460,270
2021-12-24,Yuba,115,75493,10740,10694,426,11120,98
2021-12-23,Alameda,001,1643700,129426,127221,3283,130504,1525
2021-12-23,Alpine,003,1148,113,113,0,113,0
2021-12-23,Amador,005,37829,5883,5861,77,5938,70
2021-12-23,Butte,007,227075,22211,22087,4035,26122,330
2021-12-23,Calaveras,009,45235,4616,4591,72,4663,91
2021-12-23,Colusa,011,21464,2649,2647,707,3354,21
2021-12-23,Contra Costa,013,1133247,106329,105022,2533,107555,1071
2021-12-23,Del Norte,015,27424,3801,3795,60,3855,43
2021-12-23,El Dorado,017,186661,17333,17188,1876,19064,172
2021-12-23,Fresno,019,978130,148643,148027,13005,161032,2358
2021-12-23,Glenn,021,27897,3629,3611,1045,4656,39
2021-12-23,Humboldt,023,135768,10155,10052,780,10832,119
2021-12-23,Imperial,025,180216,37095,36878,4221,41099,800
2021-12-23,Inyo,027,18085,2654,2636,38,2674,47
2021-12-23,Kern,029,883053,135039,134591,25349,159940,1908
2021-12-23,Kings,031,150075,34094,34009,2230,36239,379
2021-12-23,Lake,033,64148,7036,7019,172,7191,116
2021-12-23,Lassen,035,31185,7080,7072,450,7522,55
2021-12-23,Los Angeles,037,10098052,1547322,1515469,61453,1576922,27257
2021-12-23,Madera,039,155013,24818,24741,2313,27054,320
2021-12-23,Marin,041,260295,19523,19085,601,19686,249
2021-12-23,Mariposa,043,17540,1495,1480,55,1535,6
2021-12-23,Mendocino,045,87422,8341,8314,696,9010,98
2021-12-23,Merced,047,269075,44356,44208,2132,46340,690
2021-12-23,Modoc,049,8938,599,597,204,801,6
2021-12-23,Mono,051,14174,2023,2000,20,2020,4
2021-12-23,Monterey,053,433212,49873,49709,4621,54330,638
2021-12-23,Napa,055,140530,14031,13809,137,13946,107
2021-12-23,Nevada,057,99092,10222,10153,369,10522,110
2021-12-23,Orange,059,3164182,327916,322991,17299,340290,5863
2021-12-23,Placer,061,380077,40182,39852,4121,43973,489
2021-12-23,Plumas,063,18699,1988,1987,60,2047,12
2021-12-23,Riverside,065,2383286,388524,384567,17716,402283,5470
2021-12-23,Sacramento,067,1510023,170502,169144,5509,174653,2418
2021-12-23,San Benito,069,59416,8105,7991,200,8191,79
2021-12-23,San Bernardino,071,2135413,379985,376052,12495,388547,6043
2021-12-23,San Diego,073,3302833,414167,406616,23360,429976,4442
2021-12-23,San Francisco,075,870044,60510,58229,3085,61314,682
2021-12-23,San Joaquin,077,732212,105238,104590,6020,110610,1872
2021-12-23,San Luis Obispo,079,281455,31610,31290,1442,32732,365
2021-12-23,San Mateo,081,765935,58069,56973,2078,59051,581
2021-12-23,Santa Barbara,083,443738,48031,47553,1816,49369,567
2021-12-23,Santa Clara,085,1922200,159250,156872,1855,158727,1967
2021-12-23,Santa Cruz,087,273765,22373,22176,1150,23326,228
2021-12-23,Shasta,089,179085,23013,22959,3846,26805,432
2021-12-23,Sierra,091,2930,206,202,23,225,0
2021-12-23,Siskiyou,093,43540,3463,3460,1442,4902,60
2021-12-23,Solano,095,438530,48016,47646,1361,49007,377
2021-12-23,Sonoma,097,501317,44860,44358,623,44981,408
2021-12-23,Stanislaus,099,539301,83701,83368,9760,93128,1331
2021-12-23,Sutter,101,95872,14593,14533,426,14959,191
2021-12-23,Tehama,103,63373,8889,8861,1602,10463,136
2021-12-23,Trinity,105,12862,827,826,208,1034,17
2021-12-23,Tulare,107,460477,71511,71292,17444,88736,1137
2021-12-23,Tuolumne,109,53932,7961,7919,111,8030,91
2021-12-23,Ventura,111,848112,104842,103498,4702,108200,1206
2021-12-23,Yolo,113,214977,21277,21084,1376,22460,270
2021-12-23,Yuba,115,75493,10734,10694,426,11120,98
2021-12-22,Alameda,001,1643700,128565,126533,3283,129816,1522
2021-12-22,Alpine,003,1148,113,112,0,112,0
2021-12-22,Amador,005,37829,5876,5850,77,5927,70
2021-12-22,Butte,007,227075,22172,22070,4035,26105,330
2021-12-22,Calaveras,009,45235,4606,4580,72,4652,91
2021-12-22,Colusa,011,21464,2649,2645,707,3352,21
2021-12-22,Contra Costa,013,1133247,105851,104559,2533,107092,1070
2021-12-22,Del Norte,015,27424,3801,3794,60,3854,43
2021-12-22,El Dorado,017,186661,17295,17140,1876,19016,172
2021-12-22,Fresno,019,978130,148416,147838,13005,160843,2349
2021-12-22,Glenn,021,27897,3623,3604,1045,4649,39
2021-12-22,Humboldt,023,135768,10125,10022,780,10802,119
2021-12-22,Imperial,025,180216,37026,36755,4221,40976,798
2021-12-22,Inyo,027,18085,2645,2632,38,2670,47
2021-12-22,Kern,029,883053,134908,134433,25349,159782,1900
2021-12-22,Kings,031,150075,34065,33953,2230,36183,376
2021-12-22,Lake,033,64148,7034,7008,172,7180,116
2021-12-22,Lassen,035,31185,7077,7069,450,7519,55
2021-12-22,Los Angeles,037,10098052,1536027,1507110,61453,1568563,27234
2021-12-22,Madera,039,155013,24782,24702,2313,27015,320
2021-12-22,Marin,041,260295,19360,18927,601,19528,249
2021-12-22,Mariposa,043,17540,1491,1480,55,1535,6
2021-12-22,Mendocino,045,87422,8332,8299,696,8995,99
2021-12-22,Merced,047,269075,44321,44137,2132,46269,689
2021-12-22,Modoc,049,8938,599,595,204,799,6
2021-12-22,Mono,051,14174,2018,1979,20,1999,4
2021-12-22,Monterey,053,433212,49804,49650,4621,54271,639
2021-12-22,Napa,055,140530,13918,13746,137,13883,107
2021-12-22,Nevada,057,99092,10206,10101,369,10470,110
2021-12-22,Orange,059,3164182,325945,321765,17299,339064,5858
2021-12-22,Placer,061,380077,40065,39758,4121,43879,489
2021-12-22,Plumas,063,18699,1987,1986,60,2046,12
2021-12-22,Riverside,065,2383286,387154,383319,17716,401035,5472
2021-12-22,Sacramento,067,1510023,170002,168695,5509,174204,2422
2021-12-22,San Benito,069,59416,8054,7971,200,8171,79
2021-12-22,San Bernardino,071,2135413,378800,375044,12495,387539,6039
2021-12-22,San Diego,073,3302833,411738,404269,23360,427629,4434
2021-12-22,San Francisco,075,870044,59579,57520,3085,60605,682
2021-12-22,San Joaquin,077,732212,105035,104385,6020,110405,1870
2021-12-22,San Luis Obispo,079,281455,31493,31175,1442,32617,365
2021-12-22,San Mateo,081,765935,57635,56604,2078,58682,581
2021-12-22,Santa Barbara,083,443738,47863,47372,1816,49188,566
2021-12-22,Santa Clara,085,1922200,158521,156258,1855,158113,1954
2021-12-22,Santa Cruz,087,273765,22320,22075,1150,23225,228
2021-12-22,Shasta,089,179085,23010,22937,3846,26783,432
2021-12-22,Sierra,091,2930,206,202,23,225,0
2021-12-22,Siskiyou,093,43540,3463,3458,1442,4900,59
2021-12-22,Solano,095,438530,47860,47531,1361,48892,375
2021-12-22,Sonoma,097,501317,44580,44201,623,44824,408
2021-12-22,Stanislaus,099,539301,83614,83245,9760,93005,1331
2021-12-22,Sutter,101,95872,14567,14513,426,14939,191
2021-12-22,Tehama,103,63373,8887,8853,1602,10455,136
2021-12-22,Trinity,105,12862,827,826,208,1034,17
2021-12-22,Tulare,107,460477,71447,71226,17444,88670,1137
2021-12-22,Tuolumne,109,53932,7954,7903,111,8014,91
2021-12-22,Ventura,111,848112,104455,103089,4702,107791,1206
2021-12-22,Yolo,113,214977,21229,21012,1376,22388,270
2021-12-22,Yuba,115,75493,10723,10681,426,11107,98
2021-12-21,Alameda,001,1643700,127704,126007,3283,129290,1518
2021-12-21,Alpine,003,1148,113,112,0,112,0
2021-12-21,Amador,005,37829,5867,5845,77,5922,70
2021-12-21,Butte,007,227075,22119,22041,4035,26076,330
2021-12-21,Calaveras,009,45235,4592,4575,72,4647,91
2021-12-21,Colusa,011,21464,2648,2643,707,3350,21
2021-12-21,Contra Costa,013,1133247,105267,104255,2533,106788,1068
2021-12-21,Del Norte,015,27424,3801,3793,60,3853,43
2021-12-21,El Dorado,017,186661,17259,17098,1876,18974,172
2021-12-21,Fresno,019,978130,148176,147707,13005,160712,2341
2021-12-21,Glenn,021,27897,3612,3602,1045,4647,39
2021-12-21,Humboldt,023,135768,10077,9989,780,10769,118
2021-12-21,Imperial,025,180216,36938,36580,4221,40801,792
2021-12-21,Inyo,027,18085,2638,2627,38,2665,47
2021-12-21,Kern,029,883053,134770,134321,25349,159670,1892
2021-12-21,Kings,031,150075,34035,33914,2230,36144,376
2021-12-21,Lake,033,64148,7027,7004,172,7176,116
2021-12-21,Lassen,035,31185,7075,7069,450,7519,55
2021-12-21,Los Angeles,037,10098052,1523446,1501169,61453,1562622,27220
2021-12-21,Madera,039,155013,24755,24688,2313,27001,320
2021-12-21,Marin,041,260295,19239,18828,601,19429,249
2021-12-21,Mariposa,043,17540,1490,1480,55,1535,6
2021-12-21,Mendocino,045,87422,8319,8282,696,8978,97
2021-12-21,Merced,047,269075,44273,44096,2132,46228,688
2021-12-21,Modoc,049,8938,596,595,204,799,6
2021-12-21,Mono,051,14174,2000,1979,20,1999,4
2021-12-21,Monterey,053,433212,49752,49586,4621,54207,638
2021-12-21,Napa,055,140530,13840,13703,137,13840,107
2021-12-21,Nevada,057,99092,10190,10095,369,10464,110
2021-12-21,Orange,059,3164182,323966,320705,17299,338004,5855
2021-12-21,Placer,061,380077,39974,39649,4121,43770,487
2021-12-21,Plumas,063,18699,1987,1975,60,2035,12
2021-12-21,Riverside,065,2383286,385820,382415,17716,400131,5465
2021-12-21,Sacramento,067,1510023,169498,168422,5509,173931,2419
2021-12-21,San Benito,069,59416,8022,7950,200,8150,79
2021-12-21,San Bernardino,071,2135413,377524,374219,12495,386714,6026
2021-12-21,San Diego,073,3302833,408869,402386,23360,425746,4424
2021-12-21,San Francisco,075,870044,58981,56950,3085,60035,681
2021-12-21,San Joaquin,077,732212,104827,104238,6020,110258,1870
2021-12-21,San Luis Obispo,079,281455,31333,31103,1442,32545,365
2021-12-21,San Mateo,081,765935,57344,56381,2078,58459,581
2021-12-21,Santa Barbara,083,443738,47706,47194,1816,49010,564
2021-12-21,Santa Clara,085,1922200,157844,155769,1855,157624,1951
2021-12-21,Santa Cruz,087,273765,22262,22028,1150,23178,228
2021-12-21,Shasta,089,179085,22993,22920,3846,26766,429
2021-12-21,Sierra,091,2930,206,201,23,224,0
2021-12-21,Siskiyou,093,43540,3463,3455,1442,4897,59
2021-12-21,Solano,095,438530,47715,47474,1361,48835,372
2021-12-21,Sonoma,097,501317,44434,44051,623,44674,408
2021-12-21,Stanislaus,099,539301,83511,83167,9760,92927,1331
2021-12-21,Sutter,101,95872,14556,14492,426,14918,190
2021-12-21,Tehama,103,63373,8882,8849,1602,10451,136
2021-12-21,Trinity,105,12862,827,826,208,1034,17
2021-12-21,Tulare,107,460477,71393,71166,17444,88610,1137
2021-12-21,Tuolumne,109,53932,7940,7893,111,8004,91
2021-12-21,Ventura,111,848112,103999,102631,4702,107333,1205
2021-12-21,Yolo,113,214977,21143,20944,1376,22320,267
2021-12-21,Yuba,115,75493,10714,10668,426,11094,98
2021-12-20,Alameda,001,1643700,127082,125762,3283,129045,1515
2021-12-20,Alpine,003,1148,113,112,0,112,0
2021-12-20,Amador,005,37829,5860,5838,77,5915,70
2021-12-20,Butte,007,227075,22093,22030,4035,26065,329
2021-12-20,Calaveras,009,45235,4589,4569,72,4641,91
2021-12-20,Colusa,011,21464,2647,2644,707,3351,21
2021-12-20,Contra Costa,013,1133247,104831,104051,2533,106584,1068
2021-12-20,Del Norte,015,27424,3801,3792,60,3852,43
2021-12-20,El Dorado,017,186661,17218,17083,1876,18959,172
2021-12-20,Fresno,019,978130,148001,147605,13005,160610,2341
2021-12-20,Glenn,021,27897,3607,3597,1045,4642,39
2021-12-20,Humboldt,023,135768,10054,9973,779,10752,118
2021-12-20,Imperial,025,180216,36843,36532,4221,40753,792
2021-12-20,Inyo,027,18085,2635,2615,38,2653,47
2021-12-20,Kern,029,883053,134635,134203,25346,159549,1883
2021-12-20,Kings,031,150075,34007,33898,2228,36126,376
2021-12-20,Lake,033,64148,7022,6999,172,7171,116
2021-12-20,Lassen,035,31185,7074,7065,450,7515,55
2021-12-20,Los Angeles,037,10098052,1512739,1495251,61351,1556602,27188
2021-12-20,Madera,039,155013,24731,24668,2313,26981,313
2021-12-20,Marin,041,260295,19080,18747,601,19348,249
2021-12-20,Mariposa,043,17540,1483,1479,55,1534,6
2021-12-20,Mendocino,045,87422,8311,8264,696,8960,96
2021-12-20,Merced,047,269075,44222,44071,2132,46203,687
2021-12-20,Modoc,049,8938,596,595,204,799,6
2021-12-20,Mono,051,14174,1980,1973,20,1993,4
2021-12-20,Monterey,053,433212,49703,49556,4620,54176,636
2021-12-20,Napa,055,140530,13792,13672,136,13808,107
2021-12-20,Nevada,057,99092,10165,10079,369,10448,109
2021-12-20,Orange,059,3164182,322554,320235,17299,337534,5852
2021-12-20,Placer,061,380077,39895,39579,4121,43700,485
2021-12-20,Plumas,063,18699,1986,1971,60,2031,12
2021-12-20,Riverside,065,2383286,384685,381841,17714,399555,5452
2021-12-20,Sacramento,067,1510023,169047,168153,5509,173662,2414
2021-12-20,San Benito,069,59416,7978,7934,200,8134,79
2021-12-20,San Bernardino,071,2135413,376354,373881,12495,386376,6023
2021-12-20,San Diego,073,3302833,406017,401483,23323,424806,4412
2021-12-20,San Francisco,075,870044,58223,56661,3084,59745,681
2021-12-20,San Joaquin,077,732212,104630,104188,6020,110208,1865
2021-12-20,San Luis Obispo,079,281455,31227,31075,1441,32516,365
2021-12-20,San Mateo,081,765935,57012,56247,2078,58325,581
2021-12-20,Santa Barbara,083,443738,47535,47131,1815,48946,562
2021-12-20,Santa Clara,085,1922200,157185,155427,1855,157282,1950
2021-12-20,Santa Cruz,087,273765,22206,21989,1150,23139,227
2021-12-20,Shasta,089,179085,22976,22888,3846,26734,429
2021-12-20,Sierra,091,2930,204,201,23,224,0
2021-12-20,Siskiyou,093,43540,3462,3453,1442,4895,59
2021-12-20,Solano,095,438530,47589,47394,1361,48755,370
2021-12-20,Sonoma,097,501317,44316,43982,622,44604,408
2021-12-20,Stanislaus,099,539301,83414,83110,9751,92861,1331
2021-12-20,Sutter,101,95872,14542,14480,426,14906,190
2021-12-20,Tehama,103,63373,8876,8840,1601,10441,136
2021-12-20,Trinity,105,12862,827,826,208,1034,17
2021-12-20,Tulare,107,460477,71321,71124,17420,88544,1129
2021-12-20,Tuolumne,109,53932,7931,7867,111,7978,91
2021-12-20,Ventura,111,848112,103576,102452,4702,107154,1203
2021-12-20,Yolo,113,214977,21079,20903,1376,22279,267
2021-12-20,Yuba,115,75493,10700,10656,426,11082,97
2021-12-19,Alameda,001,1643700,126530,125464,3263,128727,1519
2021-12-19,Alpine,003,1148,113,112,0,112,0
2021-12-19,Amador,005,37829,5850,5832,77,5909,70
2021-12-19,Butte,007,227075,22068,22022,4033,26055,329
2021-12-19,Calaveras,009,45235,4579,4563,70,4633,91
2021-12-19,Colusa,011,21464,2647,2643,707,3350,21
2021-12-19,Contra Costa,013,1133247,104462,103906,2523,106429,1068
2021-12-19,Del Norte,015,27424,3799,3797,59,3856,43
2021-12-19,El Dorado,017,186661,17171,17067,1874,18941,172
2021-12-19,Fresno,019,978130,147819,147505,12996,160501,2341
2021-12-19,Glenn,021,27897,3603,3596,1045,4641,39
2021-12-19,Humboldt,023,135768,10028,9957,778,10735,118
2021-12-19,Imperial,025,180216,36713,36501,4174,40675,792
2021-12-19,Inyo,027,18085,2628,2613,38,2651,47
2021-12-19,Kern,029,883053,134479,134136,25303,159439,1883
2021-12-19,Kings,031,150075,33958,33874,2224,36098,378
2021-12-19,Lake,033,64148,7018,6999,172,7171,116
2021-12-19,Lassen,035,31185,7070,7065,450,7515,55
2021-12-19,Los Angeles,037,10098052,1505257,1495082,61075,1556157,27189
2021-12-19,Madera,039,155013,24714,24642,2312,26954,313
2021-12-19,Marin,041,260295,18961,18707,595,19302,249
2021-12-19,Mariposa,043,17540,1481,1475,55,1530,6
2021-12-19,Mendocino,045,87422,8299,8257,694,8951,96
2021-12-19,Merced,047,269075,44138,44045,2126,46171,687
2021-12-19,Modoc,049,8938,595,595,204,799,6
2021-12-19,Mono,051,14174,1974,1968,20,1988,4
2021-12-19,Monterey,053,433212,49650,49516,4610,54126,636
2021-12-19,Napa,055,140530,13749,13659,136,13795,107
2021-12-19,Nevada,057,99092,10136,10057,369,10426,109
2021-12-19,Orange,059,3164182,321516,319615,17191,336806,5852
2021-12-19,Placer,061,380077,39806,39525,4116,43641,485
2021-12-19,Plumas,063,18699,1985,1971,60,2031,12
2021-12-19,Riverside,065,2383286,383542,381305,17692,398997,5452
2021-12-19,Sacramento,067,1510023,168651,167933,5494,173427,2415
2021-12-19,San Benito,069,59416,7953,7929,198,8127,79
2021-12-19,San Bernardino,071,2135413,375387,373480,12483,385963,6023
2021-12-19,San Diego,073,3302833,403720,398197,23261,421458,4406
2021-12-19,San Francisco,075,870044,57639,56358,3044,59402,681
2021-12-19,San Joaquin,077,732212,104420,104125,5998,110123,1865
2021-12-19,San Luis Obispo,079,281455,31121,31035,1426,32461,366
2021-12-19,San Mateo,081,765935,56712,56132,2074,58206,581
2021-12-19,Santa Barbara,083,443738,47335,47070,1812,48882,562
2021-12-19,Santa Clara,085,1922200,156509,155049,1852,156901,1950
2021-12-19,Santa Cruz,087,273765,22128,21960,1148,23108,227
2021-12-19,Shasta,089,179085,22949,22875,3843,26718,429
2021-12-19,Sierra,091,2930,202,201,23,224,0
2021-12-19,Siskiyou,093,43540,3459,3452,1440,4892,59
2021-12-19,Solano,095,438530,47485,47341,1356,48697,370
2021-12-19,Sonoma,097,501317,44200,43944,617,44561,408
2021-12-19,Stanislaus,099,539301,83299,83040,9727,92767,1331
2021-12-19,Sutter,101,95872,14512,14475,426,14901,190
2021-12-19,Tehama,103,63373,8870,8840,1600,10440,136
2021-12-19,Trinity,105,12862,826,826,208,1034,17
2021-12-19,Tulare,107,460477,71239,71085,17382,88467,1129
2021-12-19,Tuolumne,109,53932,7918,7865,110,7975,91
2021-12-19,Ventura,111,848112,103079,102170,4683,106853,1203
2021-12-19,Yolo,113,214977,21015,20887,1369,22256,267
2021-12-19,Yuba,115,75493,10687,10646,425,11071,97
2021-12-18,Alameda,001,1643700,126269,124583,3262,127845,1512
2021-12-18,Alpine,003,1148,113,110,0,110,0
2021-12-18,Amador,005,37829,5848,5821,77,5898,69
2021-12-18,Butte,007,227075,22059,21956,4032,25988,328
2021-12-18,Calaveras,009,45235,4571,4534,70,4604,91
2021-12-18,Colusa,011,21464,2647,2635,707,3342,21
2021-12-18,Contra Costa,013,1133247,104336,103380,2522,105902,1065
2021-12-18,Del Norte,015,27424,3798,3791,59,3850,43
2021-12-18,El Dorado,017,186661,17150,16968,1874,18842,171
2021-12-18,Fresno,019,978130,147750,147038,12996,160034,2335
2021-12-18,Glenn,021,27897,3600,3590,1045,4635,39
2021-12-18,Humboldt,023,135768,10015,9889,778,10667,118
2021-12-18,Imperial,025,180216,36665,36280,4169,40449,790
2021-12-18,Inyo,027,18085,2623,2607,38,2645,47
2021-12-18,Kern,029,883053,134406,133754,25276,159030,1873
2021-12-18,Kings,031,150075,33935,33783,2222,36005,374
2021-12-18,Lake,033,64148,7018,6976,172,7148,115
2021-12-18,Lassen,035,31185,7070,7061,450,7511,55
2021-12-18,Los Angeles,037,10098052,1502514,1484840,60914,1545754,27135
2021-12-18,Madera,039,155013,24709,24575,2310,26885,313
2021-12-18,Marin,041,260295,18879,18537,592,19129,249
2021-12-18,Mariposa,043,17540,1481,1468,55,1523,6
2021-12-18,Mendocino,045,87422,8293,8219,694,8913,95
2021-12-18,Merced,047,269075,44115,43929,2124,46053,686
2021-12-18,Modoc,049,8938,595,595,204,799,6
2021-12-18,Mono,051,14174,1974,1956,20,1976,4
2021-12-18,Monterey,053,433212,49628,49343,4605,53948,635
2021-12-18,Napa,055,140530,13731,13581,135,13716,107
2021-12-18,Nevada,057,99092,10118,9991,368,10359,108
2021-12-18,Orange,059,3164182,321048,318149,17118,335267,5844
2021-12-18,Placer,061,380077,39725,39336,4111,43447,485
2021-12-18,Plumas,063,18699,1985,1964,60,2024,13
2021-12-18,Riverside,065,2383286,382969,379354,17682,397036,5439
2021-12-18,Sacramento,067,1510023,168456,167046,5489,172535,2404
2021-12-18,San Benito,069,59416,7939,7894,198,8092,79
2021-12-18,San Bernardino,071,2135413,374908,371658,12472,384130,6017
2021-12-18,San Diego,073,3302833,402893,397130,23250,420380,4399
2021-12-18,San Francisco,075,870044,57284,55562,3029,58591,679
2021-12-18,San Joaquin,077,732212,104359,103698,5995,109693,1858
2021-12-18,San Luis Obispo,079,281455,31094,30873,1422,32295,365
2021-12-18,San Mateo,081,765935,56541,55730,2057,57787,580
2021-12-18,Santa Barbara,083,443738,47250,46776,1811,48587,562
2021-12-18,Santa Clara,085,1922200,156127,154243,1852,156095,1946
2021-12-18,Santa Cruz,087,273765,22090,21805,1146,22951,225
2021-12-18,Shasta,089,179085,22937,22811,3843,26654,429
2021-12-18,Sierra,091,2930,202,199,23,222,0
2021-12-18,Siskiyou,093,43540,3458,3441,1439,4880,58
2021-12-18,Solano,095,438530,47468,47174,1354,48528,369
2021-12-18,Sonoma,097,501317,44130,43658,616,44274,407
2021-12-18,Stanislaus,099,539301,83227,82736,9722,92458,1330
2021-12-18,Sutter,101,95872,14499,14435,426,14861,190
2021-12-18,Tehama,103,63373,8864,8814,1600,10414,136
2021-12-18,Trinity,105,12862,826,823,208,1031,17
2021-12-18,Tulare,107,460477,71210,70922,17366,88288,1120
2021-12-18,Tuolumne,109,53932,7906,7834,110,7944,91
2021-12-18,Ventura,111,848112,102838,101612,4680,106292,1201
2021-12-18,Yolo,113,214977,20977,20793,1365,22158,267
2021-12-18,Yuba,115,75493,10679,10599,425,11024,96
2021-12-17,Alameda,001,1643700,126024,124583,3252,127835,1512
2021-12-17,Alpine,003,1148,113,110,0,110,0
2021-12-17,Amador,005,37829,5843,5821,77,5898,69
2021-12-17,Butte,007,227075,22047,21956,4029,25985,328
2021-12-17,Calaveras,009,45235,4569,4534,70,4604,91
2021-12-17,Colusa,011,21464,2646,2635,707,3342,21
2021-12-17,Contra Costa,013,1133247,104187,103380,2520,105900,1065
2021-12-17,Del Norte,015,27424,3797,3791,59,3850,43
2021-12-17,El Dorado,017,186661,17127,16968,1874,18842,171
2021-12-17,Fresno,019,978130,147671,147038,12996,160034,2335
2021-12-17,Glenn,021,27897,3596,3590,1043,4633,39
2021-12-17,Humboldt,023,135768,10001,9889,777,10666,118
2021-12-17,Imperial,025,180216,36624,36280,4156,40436,790
2021-12-17,Inyo,027,18085,2619,2607,38,2645,47
2021-12-17,Kern,029,883053,134332,133754,25253,159007,1873
2021-12-17,Kings,031,150075,33919,33783,2222,36005,374
2021-12-17,Lake,033,64148,7015,6976,172,7148,115
2021-12-17,Lassen,035,31185,7070,7061,450,7511,55
2021-12-17,Los Angeles,037,10098052,1499439,1484840,60742,1545582,27135
2021-12-17,Madera,039,155013,24698,24575,2307,26882,313
2021-12-17,Marin,041,260295,18811,18537,587,19124,249
2021-12-17,Mariposa,043,17540,1478,1468,55,1523,6
2021-12-17,Mendocino,045,87422,8285,8219,694,8913,95
2021-12-17,Merced,047,269075,44093,43929,2124,46053,686
2021-12-17,Modoc,049,8938,595,595,204,799,6
2021-12-17,Mono,051,14174,1971,1956,20,1976,4
2021-12-17,Monterey,053,433212,49594,49343,4598,53941,635
2021-12-17,Napa,055,140530,13710,13581,135,13716,107
2021-12-17,Nevada,057,99092,10110,9991,367,10358,108
2021-12-17,Orange,059,3164182,320606,318149,17068,335217,5844
2021-12-17,Placer,061,380077,39673,39336,4106,43442,485
2021-12-17,Plumas,063,18699,1984,1964,60,2024,13
2021-12-17,Riverside,065,2383286,382398,379354,17676,397030,5439
2021-12-17,Sacramento,067,1510023,168258,167046,5485,172531,2404
2021-12-17,San Benito,069,59416,7936,7894,198,8092,79
2021-12-17,San Bernardino,071,2135413,374463,371658,12462,384120,6017
2021-12-17,San Diego,073,3302833,402011,397130,23214,420344,4399
2021-12-17,San Francisco,075,870044,57013,55562,3004,58566,679
2021-12-17,San Joaquin,077,732212,104291,103698,5985,109683,1858
2021-12-17,San Luis Obispo,079,281455,31078,30873,1418,32291,365
2021-12-17,San Mateo,081,765935,56398,55730,2041,57771,580
2021-12-17,Santa Barbara,083,443738,47183,46776,1806,48582,562
2021-12-17,Santa Clara,085,1922200,155809,154243,1849,156092,1946
2021-12-17,Santa Cruz,087,273765,22054,21805,1142,22947,225
2021-12-17,Shasta,089,179085,22926,22811,3843,26654,429
2021-12-17,Sierra,091,2930,201,199,23,222,0
2021-12-17,Siskiyou,093,43540,3455,3441,1437,4878,58
2021-12-17,Solano,095,438530,47420,47174,1354,48528,369
2021-12-17,Sonoma,097,501317,44070,43658,614,44272,407
2021-12-17,Stanislaus,099,539301,83184,82736,9719,92455,1330
2021-12-17,Sutter,101,95872,14491,14435,424,14859,190
2021-12-17,Tehama,103,63373,8858,8814,1600,10414,136
2021-12-17,Trinity,105,12862,826,823,208,1031,17
2021-12-17,Tulare,107,460477,71178,70922,17338,88260,1120
2021-12-17,Tuolumne,109,53932,7896,7834,110,7944,91
2021-12-17,Ventura,111,848112,102610,101612,4675,106287,1201
2021-12-17,Yolo,113,214977,20949,20793,1360,22153,267
2021-12-17,Yuba,115,75493,10668,10599,423,11022,96
2021-12-16,Alameda,001,1643700,125705,124583,3246,127829,1512
2021-12-16,Alpine,003,1148,111,110,0,110,0
2021-12-16,Amador,005,37829,5836,5821,77,5898,69
2021-12-16,Butte,007,227075,22031,21956,4027,25983,328
2021-12-16,Calaveras,009,45235,4564,4534,70,4604,91
2021-12-16,Colusa,011,21464,2646,2635,707,3342,21
2021-12-16,Contra Costa,013,1133247,104001,103380,2514,105894,1065
2021-12-16,Del Norte,015,27424,3795,3791,59,3850,43
2021-12-16,El Dorado,017,186661,17098,16968,1869,18837,171
2021-12-16,Fresno,019,978130,147536,147038,12989,160027,2335
2021-12-16,Glenn,021,27897,3595,3590,1043,4633,39
2021-12-16,Humboldt,023,135768,9978,9889,771,10660,118
2021-12-16,Imperial,025,180216,36561,36280,4128,40408,790
2021-12-16,Inyo,027,18085,2615,2607,37,2644,47
2021-12-16,Kern,029,883053,134214,133754,25222,158976,1873
2021-12-16,Kings,031,150075,33900,33783,2219,36002,374
2021-12-16,Lake,033,64148,7011,6976,172,7148,115
2021-12-16,Lassen,035,31185,7067,7061,450,7511,55
2021-12-16,Los Angeles,037,10098052,1495824,1484840,60536,1545376,27135
2021-12-16,Madera,039,155013,24674,24575,2303,26878,313
2021-12-16,Marin,041,260295,18764,18537,582,19119,249
2021-12-16,Mariposa,043,17540,1475,1468,55,1523,6
2021-12-16,Mendocino,045,87422,8277,8219,691,8910,95
2021-12-16,Merced,047,269075,44057,43929,2124,46053,686
2021-12-16,Modoc,049,8938,595,595,204,799,6
2021-12-16,Mono,051,14174,1962,1956,20,1976,4
2021-12-16,Monterey,053,433212,49541,49343,4569,53912,635
2021-12-16,Napa,055,140530,13684,13581,135,13716,107
2021-12-16,Nevada,057,99092,10087,9991,366,10357,108
2021-12-16,Orange,059,3164182,320081,318149,17009,335158,5844
2021-12-16,Placer,061,380077,39600,39336,4102,43438,485
2021-12-16,Plumas,063,18699,1984,1964,60,2024,13
2021-12-16,Riverside,065,2383286,381653,379354,17662,397016,5439
2021-12-16,Sacramento,067,1510023,168021,167046,5462,172508,2404
2021-12-16,San Benito,069,59416,7929,7894,198,8092,79
2021-12-16,San Bernardino,071,2135413,373913,371658,12447,384105,6017
2021-12-16,San Diego,073,3302833,400895,397130,23151,420281,4399
2021-12-16,San Francisco,075,870044,56679,55562,2990,58552,679
2021-12-16,San Joaquin,077,732212,104180,103698,5980,109678,1858
2021-12-16,San Luis Obispo,079,281455,31014,30873,1412,32285,365
2021-12-16,San Mateo,081,765935,56231,55730,2035,57765,580
2021-12-16,Santa Barbara,083,443738,47066,46776,1801,48577,562
2021-12-16,Santa Clara,085,1922200,155495,154243,1840,156083,1946
2021-12-16,Santa Cruz,087,273765,22013,21805,1142,22947,225
2021-12-16,Shasta,089,179085,22899,22811,3842,26653,429
2021-12-16,Sierra,091,2930,201,199,23,222,0
2021-12-16,Siskiyou,093,43540,3455,3441,1434,4875,58
2021-12-16,Solano,095,438530,47374,47174,1345,48519,369
2021-12-16,Sonoma,097,501317,43992,43658,611,44269,407
2021-12-16,Stanislaus,099,539301,83107,82736,9704,92440,1330
2021-12-16,Sutter,101,95872,14478,14435,424,14859,190
2021-12-16,Tehama,103,63373,8852,8814,1599,10413,136
2021-12-16,Trinity,105,12862,826,823,208,1031,17
2021-12-16,Tulare,107,460477,71139,70922,17311,88233,1120
2021-12-16,Tuolumne,109,53932,7880,7834,110,7944,91
2021-12-16,Ventura,111,848112,102358,101612,4673,106285,1201
2021-12-16,Yolo,113,214977,20905,20793,1356,22149,267
2021-12-16,Yuba,115,75493,10654,10599,423,11022,96
2021-12-15,Alameda,001,1643700,125422,124342,3240,127582,1509
2021-12-15,Alpine,003,1148,111,109,0,109,0
2021-12-15,Amador,005,37829,5831,5810,77,5887,69
2021-12-15,Butte,007,227075,22016,21922,4027,25949,327
2021-12-15,Calaveras,009,45235,4558,4523,70,4593,89
2021-12-15,Colusa,011,21464,2645,2632,706,3338,21
2021-12-15,Contra Costa,013,1133247,103810,103236,2510,105746,1064
2021-12-15,Del Norte,015,27424,3794,3789,58,3847,43
2021-12-15,El Dorado,017,186661,17069,16936,1865,18801,171
2021-12-15,Fresno,019,978130,147415,146859,12978,159837,2319
2021-12-15,Glenn,021,27897,3595,3589,1043,4632,39
2021-12-15,Humboldt,023,135768,9958,9854,769,10623,118
2021-12-15,Imperial,025,180216,36497,36187,4081,40268,789
2021-12-15,Inyo,027,18085,2612,2606,37,2643,47
2021-12-15,Kern,029,883053,134091,133590,25185,158775,1866
2021-12-15,Kings,031,150075,33873,33716,2216,35932,374
2021-12-15,Lake,033,64148,7003,6968,170,7138,115
2021-12-15,Lassen,035,31185,7067,7062,450,7512,55
2021-12-15,Los Angeles,037,10098052,1492323,1482735,60385,1543120,27116
2021-12-15,Madera,039,155013,24659,24549,2300,26849,313
2021-12-15,Marin,041,260295,18707,18514,578,19092,249
2021-12-15,Mariposa,043,17540,1472,1463,55,1518,6
2021-12-15,Mendocino,045,87422,8273,8209,689,8898,95
2021-12-15,Merced,047,269075,44019,43890,2111,46001,685
2021-12-15,Modoc,049,8938,595,595,204,799,6
2021-12-15,Mono,051,14174,1959,1955,20,1975,4
2021-12-15,Monterey,053,433212,49495,49279,4543,53822,635
2021-12-15,Napa,055,140530,13656,13557,133,13690,107
2021-12-15,Nevada,057,99092,10067,9958,366,10324,107
2021-12-15,Orange,059,3164182,319564,317808,16975,334783,5838
2021-12-15,Placer,061,380077,39551,39264,4096,43360,485
2021-12-15,Plumas,063,18699,1980,1957,60,2017,12
2021-12-15,Riverside,065,2383286,380965,378769,17649,396418,5438
2021-12-15,Sacramento,067,1510023,167741,166793,5441,172234,2401
2021-12-15,San Benito,069,59416,7917,7877,198,8075,79
2021-12-15,San Bernardino,071,2135413,373418,371122,12423,383545,6013
2021-12-15,San Diego,073,3302833,399750,396546,23080,419626,4395
2021-12-15,San Francisco,075,870044,56374,55414,2979,58393,679
2021-12-15,San Joaquin,077,732212,104047,103579,5969,109548,1853
2021-12-15,San Luis Obispo,079,281455,30969,30784,1402,32186,365
2021-12-15,San Mateo,081,765935,56120,55657,2019,57676,580
2021-12-15,Santa Barbara,083,443738,46987,46681,1800,48481,562
2021-12-15,Santa Clara,085,1922200,155194,153928,1824,155752,1944
2021-12-15,Santa Cruz,087,273765,21979,21753,1136,22889,225
2021-12-15,Shasta,089,179085,22883,22778,3839,26617,427
2021-12-15,Sierra,091,2930,201,199,23,222,0
2021-12-15,Siskiyou,093,43540,3455,3434,1433,4867,58
2021-12-15,Solano,095,438530,47316,47098,1341,48439,367
2021-12-15,Sonoma,097,501317,43914,43580,607,44187,407
2021-12-15,Stanislaus,099,539301,83010,82628,9696,92324,1298
2021-12-15,Sutter,101,95872,14459,14428,423,14851,189
2021-12-15,Tehama,103,63373,8848,8806,1599,10405,136
2021-12-15,Trinity,105,12862,826,822,208,1030,17
2021-12-15,Tulare,107,460477,71089,70846,17283,88129,1120
2021-12-15,Tuolumne,109,53932,7871,7818,109,7927,91
2021-12-15,Ventura,111,848112,102150,101447,4669,106116,1199
2021-12-15,Yolo,113,214977,20878,20749,1354,22103,267
2021-12-15,Yuba,115,75493,10644,10587,420,11007,96
2021-12-14,Alameda,001,1643700,125144,124272,3232,127504,1506
2021-12-14,Alpine,003,1148,110,109,0,109,0
2021-12-14,Amador,005,37829,5825,5808,77,5885,69
2021-12-14,Butte,007,227075,21987,21901,4027,25928,326
2021-12-14,Calaveras,009,45235,4546,4517,70,4587,89
2021-12-14,Colusa,011,21464,2643,2628,706,3334,21
2021-12-14,Contra Costa,013,1133247,103645,103135,2507,105642,1064
2021-12-14,Del Norte,015,27424,3792,3788,58,3846,43
2021-12-14,El Dorado,017,186661,17041,16915,1864,18779,170
2021-12-14,Fresno,019,978130,147252,146756,12976,159732,2316
2021-12-14,Glenn,021,27897,3593,3589,1043,4632,39
2021-12-14,Humboldt,023,135768,9946,9836,760,10596,118
2021-12-14,Imperial,025,180216,36436,36049,4050,40099,789
2021-12-14,Inyo,027,18085,2612,2601,37,2638,46
2021-12-14,Kern,029,883053,133971,133498,25137,158635,1863
2021-12-14,Kings,031,150075,33836,33693,2214,35907,373
2021-12-14,Lake,033,64148,6994,6961,170,7131,115
2021-12-14,Lassen,035,31185,7067,7061,450,7511,55
2021-12-14,Los Angeles,037,10098052,1488969,1481131,60232,1541363,27099
2021-12-14,Madera,039,155013,24636,24535,2292,26827,313
2021-12-14,Marin,041,260295,18662,18491,577,19068,249
2021-12-14,Mariposa,043,17540,1469,1463,54,1517,6
2021-12-14,Mendocino,045,87422,8247,8206,688,8894,95
2021-12-14,Merced,047,269075,43976,43870,2109,45979,684
2021-12-14,Modoc,049,8938,595,595,204,799,6
2021-12-14,Mono,051,14174,1954,1955,20,1975,4
2021-12-14,Monterey,053,433212,49430,49237,4527,53764,635
2021-12-14,Napa,055,140530,13629,13528,133,13661,107
2021-12-14,Nevada,057,99092,10042,9956,366,10322,106
2021-12-14,Orange,059,3164182,319056,317465,16944,334409,5827
2021-12-14,Placer,061,380077,39482,39221,4088,43309,482
2021-12-14,Plumas,063,18699,1976,1950,58,2008,12
2021-12-14,Riverside,065,2383286,380307,378227,17632,395859,5427
2021-12-14,Sacramento,067,1510023,167465,166605,5411,172016,2394
2021-12-14,San Benito,069,59416,7899,7871,198,8069,79
2021-12-14,San Bernardino,071,2135413,372851,370604,12397,383001,6013
2021-12-14,San Diego,073,3302833,398646,395876,23035,418911,4393
2021-12-14,San Francisco,075,870044,56077,55278,2963,58241,679
2021-12-14,San Joaquin,077,732212,103915,103488,5945,109433,1848
2021-12-14,San Luis Obispo,079,281455,30910,30753,1398,32151,363
2021-12-14,San Mateo,081,765935,55990,55601,2006,57607,580
2021-12-14,Santa Barbara,083,443738,46888,46648,1794,48442,560
2021-12-14,Santa Clara,085,1922200,154903,153814,1813,155627,1945
2021-12-14,Santa Cruz,087,273765,21914,21737,1134,22871,225
2021-12-14,Shasta,089,179085,22857,22756,3838,26594,427
2021-12-14,Sierra,091,2930,200,199,23,222,0
2021-12-14,Siskiyou,093,43540,3454,3430,1432,4862,58
2021-12-14,Solano,095,438530,47273,47065,1338,48403,367
2021-12-14,Sonoma,097,501317,43837,43538,606,44144,407
2021-12-14,Stanislaus,099,539301,82927,82581,9685,92266,1293
2021-12-14,Sutter,101,95872,14448,14421,422,14843,189
2021-12-14,Tehama,103,63373,8844,8805,1599,10404,134
2021-12-14,Trinity,105,12862,826,821,208,1029,17
2021-12-14,Tulare,107,460477,71026,70803,17257,88060,1120
2021-12-14,Tuolumne,109,53932,7858,7815,109,7924,91
2021-12-14,Ventura,111,848112,101934,101343,4661,106004,1199
2021-12-14,Yolo,113,214977,20843,20734,1343,22077,267
2021-12-14,Yuba,115,75493,10631,10574,420,10994,92
2021-12-13,Alameda,001,1643700,124878,124174,3219,127393,1501
2021-12-13,Alpine,003,1148,110,109,0,109,0
2021-12-13,Amador,005,37829,5821,5797,77,5874,69
2021-12-13,Butte,007,227075,21965,21889,4023,25912,326
2021-12-13,Calaveras,009,45235,4539,4507,69,4576,89
2021-12-13,Colusa,011,21464,2642,2627,706,3333,21
2021-12-13,Contra Costa,013,1133247,103505,103041,2497,105538,1064
2021-12-13,Del Norte,015,27424,3788,3787,58,3845,42
2021-12-13,El Dorado,017,186661,17021,16896,1863,18759,170
2021-12-13,Fresno,019,978130,147111,146641,12968,159609,2312
2021-12-13,Glenn,021,27897,3589,3589,1041,4630,37
2021-12-13,Humboldt,023,135768,9917,9821,755,10576,118
2021-12-13,Imperial,025,180216,36360,35974,4038,40012,787
2021-12-13,Inyo,027,18085,2611,2592,37,2629,46
2021-12-13,Kern,029,883053,133847,133381,25086,158467,1863
2021-12-13,Kings,031,150075,33794,33680,2209,35889,372
2021-12-13,Lake,033,64148,6992,6958,168,7126,115
2021-12-13,Lassen,035,31185,7066,7057,450,7507,55
2021-12-13,Los Angeles,037,10098052,1486401,1480195,60093,1540288,27085
2021-12-13,Madera,039,155013,24607,24527,2287,26814,311
2021-12-13,Marin,041,260295,18604,18471,573,19044,249
2021-12-13,Mariposa,043,17540,1466,1462,54,1516,6
2021-12-13,Mendocino,045,87422,8234,8196,686,8882,95
2021-12-13,Merced,047,269075,43944,43848,2104,45952,682
2021-12-13,Modoc,049,8938,595,595,204,799,6
2021-12-13,Mono,051,14174,1952,1952,20,1972,4
2021-12-13,Monterey,053,433212,49385,49222,4505,53727,631
2021-12-13,Napa,055,140530,13617,13518,133,13651,107
2021-12-13,Nevada,057,99092,10024,9946,365,10311,106
2021-12-13,Orange,059,3164182,318620,317112,16914,334026,5824
2021-12-13,Placer,061,380077,39423,39168,4079,43247,481
2021-12-13,Plumas,063,18699,1972,1943,58,2001,12
2021-12-13,Riverside,065,2383286,379754,377728,17622,395350,5414
2021-12-13,Sacramento,067,1510023,167193,166439,5373,171812,2392
2021-12-13,San Benito,069,59416,7890,7856,198,8054,79
2021-12-13,San Bernardino,071,2135413,372313,370274,12390,382664,6011
2021-12-13,San Diego,073,3302833,397873,395266,22988,418254,4389
2021-12-13,San Francisco,075,870044,55818,55245,2951,58196,678
2021-12-13,San Joaquin,077,732212,103802,103449,5934,109383,1846
2021-12-13,San Luis Obispo,079,281455,30864,30746,1396,32142,363
2021-12-13,San Mateo,081,765935,55851,55569,1997,57566,580
2021-12-13,Santa Barbara,083,443738,46804,46608,1789,48397,560
2021-12-13,Santa Clara,085,1922200,154643,153672,1802,155474,1944
2021-12-13,Santa Cruz,087,273765,21861,21698,1132,22830,225
2021-12-13,Shasta,089,179085,22837,22731,3836,26567,426
2021-12-13,Sierra,091,2930,200,199,23,222,0
2021-12-13,Siskiyou,093,43540,3450,3426,1429,4855,57
2021-12-13,Solano,095,438530,47214,47045,1333,48378,365
2021-12-13,Sonoma,097,501317,43750,43492,604,44096,407
2021-12-13,Stanislaus,099,539301,82816,82507,9666,92173,1282
2021-12-13,Sutter,101,95872,14442,14408,422,14830,188
2021-12-13,Tehama,103,63373,8832,8800,1599,10399,134
2021-12-13,Trinity,105,12862,826,820,208,1028,17
2021-12-13,Tulare,107,460477,70971,70758,17229,87987,1114
2021-12-13,Tuolumne,109,53932,7848,7804,109,7913,91
2021-12-13,Ventura,111,848112,101721,101180,4651,105831,1197
2021-12-13,Yolo,113,214977,20800,20706,1337,22043,267
2021-12-13,Yuba,115,75493,10614,10570,420,10990,92
2021-12-12,Alameda,001,1643700,124611,124075,3207,127282,1503
2021-12-12,Alpine,003,1148,110,109,0,109,0
2021-12-12,Amador,005,37829,5815,5797,76,5873,69
2021-12-12,Butte,007,227075,21940,21874,4021,25895,326
2021-12-12,Calaveras,009,45235,4529,4501,68,4569,89
2021-12-12,Colusa,011,21464,2637,2627,703,3330,21
2021-12-12,Contra Costa,013,1133247,103324,102976,2493,105469,1065
2021-12-12,Del Norte,015,27424,3786,3793,58,3851,42
2021-12-12,El Dorado,017,186661,16985,16890,1858,18748,170
2021-12-12,Fresno,019,978130,146954,146518,12955,159473,2310
2021-12-12,Glenn,021,27897,3589,3589,1040,4629,37
2021-12-12,Humboldt,023,135768,9893,9804,750,10554,118
2021-12-12,Imperial,025,180216,36226,35926,4013,39939,787
2021-12-12,Inyo,027,18085,2607,2592,37,2629,46
2021-12-12,Kern,029,883053,133688,133314,25043,158357,1861
2021-12-12,Kings,031,150075,33742,33661,2207,35868,372
2021-12-12,Lake,033,64148,6985,6955,166,7121,115
2021-12-12,Lassen,035,31185,7065,7057,450,7507,55
2021-12-12,Los Angeles,037,10098052,1483739,1479054,59924,1538978,27074
2021-12-12,Madera,039,155013,24582,24493,2283,26776,311
2021-12-12,Marin,041,260295,18550,18451,569,19020,249
2021-12-12,Mariposa,043,17540,1466,1461,54,1515,6
2021-12-12,Mendocino,045,87422,8222,8190,684,8874,95
2021-12-12,Merced,047,269075,43913,43821,2098,45919,682
2021-12-12,Modoc,049,8938,595,595,203,798,6
2021-12-12,Mono,051,14174,1951,1947,20,1967,4
2021-12-12,Monterey,053,433212,49337,49192,4472,53664,631
2021-12-12,Napa,055,140530,13576,13508,131,13639,107
2021-12-12,Nevada,057,99092,9998,9938,364,10302,106
2021-12-12,Orange,059,3164182,318144,316918,16859,333777,5825
2021-12-12,Placer,061,380077,39365,39139,4078,43217,481
2021-12-12,Plumas,063,18699,1968,1942,56,1998,12
2021-12-12,Riverside,065,2383286,379093,377467,17595,395062,5414
2021-12-12,Sacramento,067,1510023,166933,166291,5358,171649,2392
2021-12-12,San Benito,069,59416,7871,7853,197,8050,79
2021-12-12,San Bernardino,071,2135413,371712,369977,12366,382343,6011
2021-12-12,San Diego,073,3302833,396982,393307,22958,416265,4378
2021-12-12,San Francisco,075,870044,55576,55180,2936,58116,678
2021-12-12,San Joaquin,077,732212,103671,103405,5922,109327,1846
2021-12-12,San Luis Obispo,079,281455,30809,30719,1395,32114,363
2021-12-12,San Mateo,081,765935,55752,55505,1983,57488,580
2021-12-12,Santa Barbara,083,443738,46733,46586,1787,48373,560
2021-12-12,Santa Clara,085,1922200,154371,153452,1783,155235,1945
2021-12-12,Santa Cruz,087,273765,21817,21671,1132,22803,225
2021-12-12,Shasta,089,179085,22810,22732,3834,26566,426
2021-12-12,Sierra,091,2930,200,199,23,222,0
2021-12-12,Siskiyou,093,43540,3450,3424,1429,4853,57
2021-12-12,Solano,095,438530,47156,47021,1330,48351,365
2021-12-12,Sonoma,097,501317,43660,43424,601,44025,407
2021-12-12,Stanislaus,099,539301,82717,82460,9655,92115,1282
2021-12-12,Sutter,101,95872,14431,14396,422,14818,189
2021-12-12,Tehama,103,63373,8821,8796,1597,10393,134
2021-12-12,Trinity,105,12862,824,820,208,1028,17
2021-12-12,Tulare,107,460477,70898,70733,17186,87919,1115
2021-12-12,Tuolumne,109,53932,7831,7794,109,7903,91
2021-12-12,Ventura,111,848112,101528,101105,4639,105744,1197
2021-12-12,Yolo,113,214977,20754,20685,1329,22014,267
2021-12-12,Yuba,115,75493,10600,10565,417,10982,92
2021-12-11,Alameda,001,1643700,124494,123572,3204,126776,1496
2021-12-11,Alpine,003,1148,110,109,0,109,0
2021-12-11,Amador,005,37829,5811,5787,76,5863,69
2021-12-11,Butte,007,227075,21926,21819,4020,25839,326
2021-12-11,Calaveras,009,45235,4521,4469,67,4536,89
2021-12-11,Colusa,011,21464,2633,2619,702,3321,21
2021-12-11,Contra Costa,013,1133247,103241,102618,2491,105109,1061
2021-12-11,Del Norte,015,27424,3786,3778,58,3836,42
2021-12-11,El Dorado,017,186661,16964,16796,1858,18654,170
2021-12-11,Fresno,019,978130,146876,145988,12949,158937,2294
2021-12-11,Glenn,021,27897,3589,3585,1039,4624,37
2021-12-11,Humboldt,023,135768,9877,9721,747,10468,118
2021-12-11,Imperial,025,180216,36172,35635,4002,39637,782
2021-12-11,Inyo,027,18085,2603,2576,37,2613,46
2021-12-11,Kern,029,883053,133622,132852,25012,157864,1854
2021-12-11,Kings,031,150075,33727,33530,2205,35735,371
2021-12-11,Lake,033,64148,6984,6932,166,7098,114
2021-12-11,Lassen,035,31185,7064,7049,450,7499,55
2021-12-11,Los Angeles,037,10098052,1482619,1474030,59832,1533862,27031
2021-12-11,Madera,039,155013,24577,24417,2282,26699,311
2021-12-11,Marin,041,260295,18516,18339,566,18905,249
2021-12-11,Mariposa,043,17540,1465,1450,54,1504,6
2021-12-11,Mendocino,045,87422,8215,8130,684,8814,95
2021-12-11,Merced,047,269075,43895,43690,2097,45787,681
2021-12-11,Modoc,049,8938,595,594,203,797,6
2021-12-11,Mono,051,14174,1949,1926,20,1946,4
2021-12-11,Monterey,053,433212,49316,49008,4465,53473,631
2021-12-11,Napa,055,140530,13559,13459,131,13590,107
2021-12-11,Nevada,057,99092,9984,9880,364,10244,106
2021-12-11,Orange,059,3164182,317904,315759,16835,332594,5805
2021-12-11,Placer,061,380077,39309,38959,4072,43031,481
2021-12-11,Plumas,063,18699,1962,1934,56,1990,12
2021-12-11,Riverside,065,2383286,378686,375649,17580,393229,5408
2021-12-11,Sacramento,067,1510023,166807,165530,5348,170878,2386
2021-12-11,San Benito,069,59416,7857,7808,197,8005,79
2021-12-11,San Bernardino,071,2135413,371367,368145,12357,380502,6007
2021-12-11,San Diego,073,3302833,396573,392274,22920,415194,4374
2021-12-11,San Francisco,075,870044,55427,54869,2928,57797,678
2021-12-11,San Joaquin,077,732212,103612,103013,5917,108930,1842
2021-12-11,San Luis Obispo,079,281455,30787,30567,1392,31959,362
2021-12-11,San Mateo,081,765935,55680,55284,1981,57265,580
2021-12-11,Santa Barbara,083,443738,46697,46309,1787,48096,559
2021-12-11,Santa Clara,085,1922200,154184,152846,1767,154613,1941
2021-12-11,Santa Cruz,087,273765,21794,21557,1132,22689,225
2021-12-11,Shasta,089,179085,22795,22660,3830,26490,419
2021-12-11,Sierra,091,2930,200,199,23,222,0
2021-12-11,Siskiyou,093,43540,3444,3418,1427,4845,57
2021-12-11,Solano,095,438530,47127,46891,1325,48216,365
2021-12-11,Sonoma,097,501317,43612,43227,601,43828,407
2021-12-11,Stanislaus,099,539301,82666,82133,9649,91782,1264
2021-12-11,Sutter,101,95872,14422,14354,422,14776,187
2021-12-11,Tehama,103,63373,8819,8776,1595,10371,134
2021-12-11,Trinity,105,12862,824,819,208,1027,17
2021-12-11,Tulare,107,460477,70860,70523,17175,87698,1103
2021-12-11,Tuolumne,109,53932,7822,7760,109,7869,91
2021-12-11,Ventura,111,848112,101451,100711,4632,105343,1195
2021-12-11,Yolo,113,214977,20735,20608,1328,21936,267
2021-12-11,Yuba,115,75493,10588,10519,416,10935,92
2021-12-10,Alameda,001,1643700,124380,123572,3197,126769,1496
2021-12-10,Alpine,003,1148,109,109,0,109,0
2021-12-10,Amador,005,37829,5804,5787,76,5863,69
2021-12-10,Butte,007,227075,21913,21819,4018,25837,326
2021-12-10,Calaveras,009,45235,4518,4469,67,4536,89
2021-12-10,Colusa,011,21464,2632,2619,702,3321,21
2021-12-10,Contra Costa,013,1133247,103148,102618,2490,105108,1061
2021-12-10,Del Norte,015,27424,3786,3778,58,3836,42
2021-12-10,El Dorado,017,186661,16947,16796,1858,18654,170
2021-12-10,Fresno,019,978130,146794,145988,12946,158934,2294
2021-12-10,Glenn,021,27897,3589,3585,1039,4624,37
2021-12-10,Humboldt,023,135768,9861,9721,745,10466,118
2021-12-10,Imperial,025,180216,36119,35635,3988,39623,782
2021-12-10,Inyo,027,18085,2600,2576,37,2613,46
2021-12-10,Kern,029,883053,133533,132852,24986,157838,1854
2021-12-10,Kings,031,150075,33711,33530,2203,35733,371
2021-12-10,Lake,033,64148,6977,6932,166,7098,114
2021-12-10,Lassen,035,31185,7063,7049,450,7499,55
2021-12-10,Los Angeles,037,10098052,1481591,1474030,59744,1533774,27031
2021-12-10,Madera,039,155013,24561,24417,2280,26697,311
2021-12-10,Marin,041,260295,18493,18339,565,18904,249
2021-12-10,Mariposa,043,17540,1462,1450,54,1504,6
2021-12-10,Mendocino,045,87422,8210,8130,683,8813,95
2021-12-10,Merced,047,269075,43878,43690,2095,45785,681
2021-12-10,Modoc,049,8938,595,594,203,797,6
2021-12-10,Mono,051,14174,1946,1926,20,1946,4
2021-12-10,Monterey,053,433212,49286,49008,4453,53461,631
2021-12-10,Napa,055,140530,13547,13459,130,13589,107
2021-12-10,Nevada,057,99092,9976,9880,364,10244,106
2021-12-10,Orange,059,3164182,317639,315759,16806,332565,5805
2021-12-10,Placer,061,380077,39267,38959,4068,43027,481
2021-12-10,Plumas,063,18699,1960,1934,56,1990,12
2021-12-10,Riverside,065,2383286,378283,375649,17569,393218,5408
2021-12-10,Sacramento,067,1510023,166657,165530,5346,170876,2386
2021-12-10,San Benito,069,59416,7853,7808,197,8005,79
2021-12-10,San Bernardino,071,2135413,370987,368145,12339,380484,6007
2021-12-10,San Diego,073,3302833,396104,392274,22907,415181,4374
2021-12-10,San Francisco,075,870044,55339,54869,2921,57790,678
2021-12-10,San Joaquin,077,732212,103558,103013,5913,108926,1842
2021-12-10,San Luis Obispo,079,281455,30780,30567,1389,31956,362
2021-12-10,San Mateo,081,765935,55623,55284,1971,57255,580
2021-12-10,Santa Barbara,083,443738,46660,46309,1786,48095,559
2021-12-10,Santa Clara,085,1922200,153998,152846,1754,154600,1941
2021-12-10,Santa Cruz,087,273765,21773,21557,1132,22689,225
2021-12-10,Shasta,089,179085,22785,22660,3827,26487,419
2021-12-10,Sierra,091,2930,200,199,23,222,0
2021-12-10,Siskiyou,093,43540,3438,3418,1427,4845,57
2021-12-10,Solano,095,438530,47084,46891,1322,48213,365
2021-12-10,Sonoma,097,501317,43578,43227,600,43827,407
2021-12-10,Stanislaus,099,539301,82601,82133,9645,91778,1264
2021-12-10,Sutter,101,95872,14414,14354,421,14775,187
2021-12-10,Tehama,103,63373,8817,8776,1594,10370,134
2021-12-10,Trinity,105,12862,824,819,208,1027,17
2021-12-10,Tulare,107,460477,70836,70523,17147,87670,1103
2021-12-10,Tuolumne,109,53932,7817,7760,109,7869,91
2021-12-10,Ventura,111,848112,101345,100711,4629,105340,1195
2021-12-10,Yolo,113,214977,20722,20608,1327,21935,267
2021-12-10,Yuba,115,75493,10576,10519,415,10934,92
2021-12-09,Alameda,001,1643700,124252,123572,3191,126763,1496
2021-12-09,Alpine,003,1148,109,109,0,109,0
2021-12-09,Amador,005,37829,5801,5787,75,5862,69
2021-12-09,Butte,007,227075,21895,21819,4015,25834,326
2021-12-09,Calaveras,009,45235,4509,4469,67,4536,89
2021-12-09,Colusa,011,21464,2631,2619,702,3321,21
2021-12-09,Contra Costa,013,1133247,103039,102618,2484,105102,1061
2021-12-09,Del Norte,015,27424,3785,3778,58,3836,42
2021-12-09,El Dorado,017,186661,16919,16796,1853,18649,170
2021-12-09,Fresno,019,978130,146656,145988,12936,158924,2294
2021-12-09,Glenn,021,27897,3589,3585,1039,4624,37
2021-12-09,Humboldt,023,135768,9835,9721,744,10465,118
2021-12-09,Imperial,025,180216,36054,35635,3961,39596,782
2021-12-09,Inyo,027,18085,2598,2576,37,2613,46
2021-12-09,Kern,029,883053,133416,132852,24951,157803,1854
2021-12-09,Kings,031,150075,33687,33530,2200,35730,371
2021-12-09,Lake,033,64148,6970,6932,165,7097,114
2021-12-09,Lassen,035,31185,7061,7049,450,7499,55
2021-12-09,Los Angeles,037,10098052,1480136,1474030,59664,1533694,27031
2021-12-09,Madera,039,155013,24536,24417,2277,26694,311
2021-12-09,Marin,041,260295,18475,18339,563,18902,249
2021-12-09,Mariposa,043,17540,1460,1450,54,1504,6
2021-12-09,Mendocino,045,87422,8195,8130,683,8813,95
2021-12-09,Merced,047,269075,43835,43690,2083,45773,681
2021-12-09,Modoc,049,8938,595,594,203,797,6
2021-12-09,Mono,051,14174,1937,1926,20,1946,4
2021-12-09,Monterey,053,433212,49245,49008,4439,53447,631
2021-12-09,Napa,055,140530,13529,13459,126,13585,107
2021-12-09,Nevada,057,99092,9953,9880,364,10244,106
2021-12-09,Orange,059,3164182,317308,315759,16772,332531,5805
2021-12-09,Placer,061,380077,39220,38959,4056,43015,481
2021-12-09,Plumas,063,18699,1954,1934,56,1990,12
2021-12-09,Riverside,065,2383286,377733,375649,17554,393203,5408
2021-12-09,Sacramento,067,1510023,166438,165530,5330,170860,2386
2021-12-09,San Benito,069,59416,7841,7808,196,8004,79
2021-12-09,San Bernardino,071,2135413,370479,368145,12322,380467,6007
2021-12-09,San Diego,073,3302833,395465,392274,22879,415153,4374
2021-12-09,San Francisco,075,870044,55233,54869,2913,57782,678
2021-12-09,San Joaquin,077,732212,103463,103013,5904,108917,1842
2021-12-09,San Luis Obispo,079,281455,30755,30567,1389,31956,362
2021-12-09,San Mateo,081,765935,55531,55284,1963,57247,580
2021-12-09,Santa Barbara,083,443738,46584,46309,1779,48088,559
2021-12-09,Santa Clara,085,1922200,153757,152846,1742,154588,1941
2021-12-09,Santa Cruz,087,273765,21743,21557,1130,22687,225
2021-12-09,Shasta,089,179085,22768,22660,3826,26486,419
2021-12-09,Sierra,091,2930,200,199,23,222,0
2021-12-09,Siskiyou,093,43540,3434,3418,1426,4844,57
2021-12-09,Solano,095,438530,47050,46891,1320,48211,365
2021-12-09,Sonoma,097,501317,43521,43227,599,43826,407
2021-12-09,Stanislaus,099,539301,82519,82133,9630,91763,1264
2021-12-09,Sutter,101,95872,14399,14354,421,14775,187
2021-12-09,Tehama,103,63373,8811,8776,1593,10369,134
2021-12-09,Trinity,105,12862,824,819,208,1027,17
2021-12-09,Tulare,107,460477,70777,70523,17120,87643,1103
2021-12-09,Tuolumne,109,53932,7807,7760,109,7869,91
2021-12-09,Ventura,111,848112,101198,100711,4620,105331,1195
2021-12-09,Yolo,113,214977,20701,20608,1318,21926,267
2021-12-09,Yuba,115,75493,10567,10519,412,10931,92
2021-12-08,Alameda,001,1643700,124105,123438,3181,126619,1496
2021-12-08,Alpine,003,1148,109,108,0,108,0
2021-12-08,Amador,005,37829,5796,5781,75,5856,69
2021-12-08,Butte,007,227075,21883,21780,4013,25793,326
2021-12-08,Calaveras,009,45235,4503,4455,67,4522,89
2021-12-08,Colusa,011,21464,2628,2619,701,3320,21
2021-12-08,Contra Costa,013,1133247,102915,102506,2479,104985,1058
2021-12-08,Del Norte,015,27424,3784,3767,58,3825,42
2021-12-08,El Dorado,017,186661,16884,16757,1853,18610,170
2021-12-08,Fresno,019,978130,146500,145830,12920,158750,2293
2021-12-08,Glenn,021,27897,3588,3584,1037,4621,37
2021-12-08,Humboldt,023,135768,9814,9704,742,10446,117
2021-12-08,Imperial,025,180216,35979,35537,3931,39468,782
2021-12-08,Inyo,027,18085,2595,2570,37,2607,46
2021-12-08,Kern,029,883053,133299,132709,24906,157615,1846
2021-12-08,Kings,031,150075,33650,33468,2199,35667,371
2021-12-08,Lake,033,64148,6966,6927,163,7090,114
2021-12-08,Lassen,035,31185,7059,7041,448,7489,55
2021-12-08,Los Angeles,037,10098052,1478639,1472410,59570,1531980,27018
2021-12-08,Madera,039,155013,24515,24396,2270,26666,311
2021-12-08,Marin,041,260295,18452,18305,560,18865,249
2021-12-08,Mariposa,043,17540,1459,1447,54,1501,6
2021-12-08,Mendocino,045,87422,8185,8118,682,8800,95
2021-12-08,Merced,047,269075,43805,43631,2075,45706,680
2021-12-08,Modoc,049,8938,595,594,203,797,6
2021-12-08,Mono,051,14174,1936,1924,20,1944,4
2021-12-08,Monterey,053,433212,49193,48957,4414,53371,631
2021-12-08,Napa,055,140530,13516,13421,126,13547,107
2021-12-08,Nevada,057,99092,9936,9862,364,10226,106
2021-12-08,Orange,059,3164182,316935,315421,16736,332157,5795
2021-12-08,Placer,061,380077,39165,38934,4051,42985,478
2021-12-08,Plumas,063,18699,1951,1924,56,1980,12
2021-12-08,Riverside,065,2383286,377232,375099,17531,392630,5404
2021-12-08,Sacramento,067,1510023,166194,165278,5299,170577,2373
2021-12-08,San Benito,069,59416,7832,7793,196,7989,79
2021-12-08,San Bernardino,071,2135413,370026,367516,12303,379819,6006
2021-12-08,San Diego,073,3302833,394824,391676,22844,414520,4369
2021-12-08,San Francisco,075,870044,55149,54792,2904,57696,677
2021-12-08,San Joaquin,077,732212,103358,102877,5892,108769,1841
2021-12-08,San Luis Obispo,079,281455,30709,30519,1383,31902,361
2021-12-08,San Mateo,081,765935,55474,55220,1954,57174,580
2021-12-08,Santa Barbara,083,443738,46532,46250,1776,48026,558
2021-12-08,Santa Clara,085,1922200,153606,152674,1730,154404,1937
2021-12-08,Santa Cruz,087,273765,21700,21505,1128,22633,224
2021-12-08,Shasta,089,179085,22748,22616,3819,26435,419
2021-12-08,Sierra,091,2930,200,199,23,222,0
2021-12-08,Siskiyou,093,43540,3433,3415,1424,4839,57
2021-12-08,Solano,095,438530,47019,46837,1319,48156,365
2021-12-08,Sonoma,097,501317,43460,43179,598,43777,405
2021-12-08,Stanislaus,099,539301,82439,82038,9618,91656,1264
2021-12-08,Sutter,101,95872,14383,14336,419,14755,187
2021-12-08,Tehama,103,63373,8802,8768,1593,10361,133
2021-12-08,Trinity,105,12862,824,818,208,1026,17
2021-12-08,Tulare,107,460477,70717,70472,17095,87567,1102
2021-12-08,Tuolumne,109,53932,7794,7749,109,7858,91
2021-12-08,Ventura,111,848112,101068,100647,4617,105264,1194
2021-12-08,Yolo,113,214977,20673,20575,1312,21887,267
2021-12-08,Yuba,115,75493,10553,10499,409,10908,92
2021-12-07,Alameda,001,1643700,123933,123325,3173,126498,1497
2021-12-07,Alpine,003,1148,109,108,0,108,0
2021-12-07,Amador,005,37829,5794,5778,74,5852,69
2021-12-07,Butte,007,227075,21859,21761,4008,25769,324
2021-12-07,Calaveras,009,45235,4490,4445,67,4512,88
2021-12-07,Colusa,011,21464,2627,2619,701,3320,21
2021-12-07,Contra Costa,013,1133247,102794,102421,2469,104890,1058
2021-12-07,Del Norte,015,27424,3783,3766,58,3824,42
2021-12-07,El Dorado,017,186661,16862,16742,1850,18592,170
2021-12-07,Fresno,019,978130,146362,145715,12908,158623,2289
2021-12-07,Glenn,021,27897,3587,3579,1036,4615,36
2021-12-07,Humboldt,023,135768,9796,9693,737,10430,117
2021-12-07,Imperial,025,180216,35902,35502,3914,39416,778
2021-12-07,Inyo,027,18085,2591,2567,37,2604,46
2021-12-07,Kern,029,883053,133142,132564,24851,157415,1838
2021-12-07,Kings,031,150075,33619,33441,2196,35637,372
2021-12-07,Lake,033,64148,6961,6925,162,7087,113
2021-12-07,Lassen,035,31185,7058,7040,447,7487,55
2021-12-07,Los Angeles,037,10098052,1476895,1470904,59478,1530382,27007
2021-12-07,Madera,039,155013,24494,24367,2263,26630,311
2021-12-07,Marin,041,260295,18420,18284,555,18839,249
2021-12-07,Mariposa,043,17540,1457,1446,54,1500,6
2021-12-07,Mendocino,045,87422,8169,8107,682,8789,95
2021-12-07,Merced,047,269075,43762,43600,2069,45669,675
2021-12-07,Modoc,049,8938,595,594,202,796,6
2021-12-07,Mono,051,14174,1932,1921,20,1941,4
2021-12-07,Monterey,053,433212,49124,48880,4382,53262,631
2021-12-07,Napa,055,140530,13498,13409,126,13535,107
2021-12-07,Nevada,057,99092,9922,9858,363,10221,105
2021-12-07,Orange,059,3164182,316575,315138,16688,331826,5784
2021-12-07,Placer,061,380077,39094,38860,4047,42907,474
2021-12-07,Plumas,063,18699,1948,1915,56,1971,12
2021-12-07,Riverside,065,2383286,376708,374552,17513,392065,5397
2021-12-07,Sacramento,067,1510023,165968,165148,5276,170424,2375
2021-12-07,San Benito,069,59416,7816,7776,196,7972,78
2021-12-07,San Bernardino,071,2135413,369494,366981,12286,379267,6007
2021-12-07,San Diego,073,3302833,393990,391110,22803,413913,4357
2021-12-07,San Francisco,075,870044,55050,54729,2898,57627,676
2021-12-07,San Joaquin,077,732212,103245,102797,5877,108674,1839
2021-12-07,San Luis Obispo,079,281455,30673,30495,1381,31876,361
2021-12-07,San Mateo,081,765935,55396,55163,1941,57104,580
2021-12-07,Santa Barbara,083,443738,46465,46205,1774,47979,556
2021-12-07,Santa Clara,085,1922200,153428,152465,1721,154186,1941
2021-12-07,Santa Cruz,087,273765,21653,21493,1128,22621,224
2021-12-07,Shasta,089,179085,22727,22594,3816,26410,418
2021-12-07,Sierra,091,2930,200,199,23,222,0
2021-12-07,Siskiyou,093,43540,3430,3412,1424,4836,57
2021-12-07,Solano,095,438530,46984,46812,1319,48131,365
2021-12-07,Sonoma,097,501317,43387,43154,597,43751,405
2021-12-07,Stanislaus,099,539301,82365,81980,9605,91585,1258
2021-12-07,Sutter,101,95872,14375,14322,418,14740,186
2021-12-07,Tehama,103,63373,8794,8765,1592,10357,133
2021-12-07,Trinity,105,12862,824,818,208,1026,17
2021-12-07,Tulare,107,460477,70660,70411,17065,87476,1103
2021-12-07,Tuolumne,109,53932,7786,7743,109,7852,91
2021-12-07,Ventura,111,848112,100974,100569,4607,105176,1194
2021-12-07,Yolo,113,214977,20645,20560,1310,21870,263
2021-12-07,Yuba,115,75493,10537,10491,408,10899,91
2021-12-06,Alameda,001,1643700,123787,123227,3168,126395,1496
2021-12-06,Alpine,003,1148,109,108,0,108,0
2021-12-06,Amador,005,37829,5788,5769,73,5842,67
2021-12-06,Butte,007,227075,21844,21732,4005,25737,321
2021-12-06,Calaveras,009,45235,4483,4443,67,4510,88
2021-12-06,Colusa,011,21464,2626,2615,697,3312,21
2021-12-06,Contra Costa,013,1133247,102679,102327,2465,104792,1058
2021-12-06,Del Norte,015,27424,3781,3744,58,3802,42
2021-12-06,El Dorado,017,186661,16839,16726,1848,18574,168
2021-12-06,Fresno,019,978130,146173,145539,12899,158438,2285
2021-12-06,Glenn,021,27897,3585,3577,1034,4611,36
2021-12-06,Humboldt,023,135768,9777,9671,730,10401,117
2021-12-06,Imperial,025,180216,35829,35453,3895,39348,778
2021-12-06,Inyo,027,18085,2586,2562,36,2598,46
2021-12-06,Kern,029,883053,132957,132366,24796,157162,1835
2021-12-06,Kings,031,150075,33589,33399,2191,35590,368
2021-12-06,Lake,033,64148,6958,6922,162,7084,113
2021-12-06,Lassen,035,31185,7052,7032,445,7477,51
2021-12-06,Los Angeles,037,10098052,1475277,1470059,59387,1529446,26993
2021-12-06,Madera,039,155013,24467,24334,2259,26593,307
2021-12-06,Marin,041,260295,18392,18252,551,18803,249
2021-12-06,Mariposa,043,17540,1454,1443,54,1497,6
2021-12-06,Mendocino,045,87422,8155,8079,679,8758,95
2021-12-06,Merced,047,269075,43721,43549,2060,45609,672
2021-12-06,Modoc,049,8938,595,593,202,795,6
2021-12-06,Mono,051,14174,1924,1913,20,1933,4
2021-12-06,Monterey,053,433212,49057,48831,4353,53184,626
2021-12-06,Napa,055,140530,13475,13387,124,13511,107
2021-12-06,Nevada,057,99092,9900,9847,361,10208,105
2021-12-06,Orange,059,3164182,316195,314859,16648,331507,5771
2021-12-06,Placer,061,380077,39041,38785,4041,42826,473
2021-12-06,Plumas,063,18699,1940,1913,56,1969,10
2021-12-06,Riverside,065,2383286,376188,374116,17497,391613,5388
2021-12-06,Sacramento,067,1510023,165690,164926,5257,170183,2367
2021-12-06,San Benito,069,59416,7800,7755,196,7951,78
2021-12-06,San Bernardino,071,2135413,368972,366606,12261,378867,5998
2021-12-06,San Diego,073,3302833,393138,390389,22759,413148,4352
2021-12-06,San Francisco,075,870044,54954,54659,2893,57552,674
2021-12-06,San Joaquin,077,732212,103130,102728,5870,108598,1837
2021-12-06,San Luis Obispo,079,281455,30638,30464,1378,31842,361
2021-12-06,San Mateo,081,765935,55335,55112,1928,57040,580
2021-12-06,Santa Barbara,083,443738,46376,46146,1773,47919,556
2021-12-06,Santa Clara,085,1922200,153236,152310,1706,154016,1937
2021-12-06,Santa Cruz,087,273765,21624,21450,1124,22574,224
2021-12-06,Shasta,089,179085,22704,22556,3809,26365,416
2021-12-06,Sierra,091,2930,199,198,23,221,0
2021-12-06,Siskiyou,093,43540,3428,3409,1419,4828,57
2021-12-06,Solano,095,438530,46951,46748,1318,48066,360
2021-12-06,Sonoma,097,501317,43320,43114,590,43704,405
2021-12-06,Stanislaus,099,539301,82271,81889,9584,91473,1241
2021-12-06,Sutter,101,95872,14363,14319,418,14737,186
2021-12-06,Tehama,103,63373,8785,8760,1592,10352,133
2021-12-06,Trinity,105,12862,824,815,207,1022,17
2021-12-06,Tulare,107,460477,70588,70285,17027,87312,1101
2021-12-06,Tuolumne,109,53932,7773,7726,109,7835,91
2021-12-06,Ventura,111,848112,100871,100426,4599,105025,1194
2021-12-06,Yolo,113,214977,20623,20548,1309,21857,263
2021-12-06,Yuba,115,75493,10523,10480,402,10882,91
2021-12-05,Alameda,001,1643700,123617,123104,3160,126264,1496
2021-12-05,Alpine,003,1148,108,108,0,108,0
2021-12-05,Amador,005,37829,5785,5761,73,5834,67
2021-12-05,Butte,007,227075,21812,21720,4001,25721,320
2021-12-05,Calaveras,009,45235,4468,4434,67,4501,88
2021-12-05,Colusa,011,21464,2625,2615,696,3311,21
2021-12-05,Contra Costa,013,1133247,102556,102251,2454,104705,1058
2021-12-05,Del Norte,015,27424,3779,3751,58,3809,42
2021-12-05,El Dorado,017,186661,16801,16717,1843,18560,168
2021-12-05,Fresno,019,978130,146001,145452,12883,158335,2284
2021-12-05,Glenn,021,27897,3583,3577,1032,4609,36
2021-12-05,Humboldt,023,135768,9748,9662,727,10389,117
2021-12-05,Imperial,025,180216,35739,35422,3865,39287,778
2021-12-05,Inyo,027,18085,2579,2559,36,2595,46
2021-12-05,Kern,029,883053,132796,132286,24744,157030,1833
2021-12-05,Kings,031,150075,33526,33360,2191,35551,369
2021-12-05,Lake,033,64148,6954,6919,162,7081,113
2021-12-05,Lassen,035,31185,7050,7031,445,7476,51
2021-12-05,Los Angeles,037,10098052,1473465,1468937,59256,1528193,26991
2021-12-05,Madera,039,155013,24426,24311,2256,26567,307
2021-12-05,Marin,041,260295,18346,18216,543,18759,249
2021-12-05,Mariposa,043,17540,1451,1440,53,1493,6
2021-12-05,Mendocino,045,87422,8140,8069,672,8741,95
2021-12-05,Merced,047,269075,43676,43534,2051,45585,672
2021-12-05,Modoc,049,8938,595,593,202,795,6
2021-12-05,Mono,051,14174,1919,1907,20,1927,4
2021-12-05,Monterey,053,433212,48997,48813,4310,53123,626
2021-12-05,Napa,055,140530,13450,13382,121,13503,107
2021-12-05,Nevada,057,99092,9882,9827,361,10188,105
2021-12-05,Orange,059,3164182,315787,314560,16604,331164,5771
2021-12-05,Placer,061,380077,38984,38738,4032,42770,473
2021-12-05,Plumas,063,18699,1936,1913,55,1968,9
2021-12-05,Riverside,065,2383286,375542,373827,17468,391295,5388
2021-12-05,Sacramento,067,1510023,165404,164721,5240,169961,2367
2021-12-05,San Benito,069,59416,7783,7748,195,7943,78
2021-12-05,San Bernardino,071,2135413,368302,366282,12223,378505,5998
2021-12-05,San Diego,073,3302833,392347,387979,22712,410691,4351
2021-12-05,San Francisco,075,870044,54862,54603,2890,57493,674
2021-12-05,San Joaquin,077,732212,102996,102698,5865,108563,1837
2021-12-05,San Luis Obispo,079,281455,30569,30454,1375,31829,360
2021-12-05,San Mateo,081,765935,55257,55050,1911,56961,580
2021-12-05,Santa Barbara,083,443738,46295,46097,1765,47862,555
2021-12-05,Santa Clara,085,1922200,152989,152114,1687,153801,1933
2021-12-05,Santa Cruz,087,273765,21576,21424,1124,22548,224
2021-12-05,Shasta,089,179085,22646,22550,3808,26358,416
2021-12-05,Sierra,091,2930,199,198,23,221,0
2021-12-05,Siskiyou,093,43540,3426,3409,1416,4825,57
2021-12-05,Solano,095,438530,46892,46715,1316,48031,360
2021-12-05,Sonoma,097,501317,43249,43038,585,43623,405
2021-12-05,Stanislaus,099,539301,82129,81847,9575,91422,1241
2021-12-05,Sutter,101,95872,14339,14303,413,14716,186
2021-12-05,Tehama,103,63373,8779,8755,1590,10345,133
2021-12-05,Trinity,105,12862,823,815,207,1022,17
2021-12-05,Tulare,107,460477,70514,70254,16977,87231,1102
2021-12-05,Tuolumne,109,53932,7761,7718,109,7827,91
2021-12-05,Ventura,111,848112,100741,100367,4585,104952,1194
2021-12-05,Yolo,113,214977,20586,20512,1306,21818,263
2021-12-05,Yuba,115,75493,10510,10467,394,10861,91
2021-12-04,Alameda,001,1643700,123517,122508,3157,125665,1494
2021-12-04,Alpine,003,1148,108,108,0,108,0
2021-12-04,Amador,005,37829,5782,5729,73,5802,67
2021-12-04,Butte,007,227075,21793,21638,3997,25635,318
2021-12-04,Calaveras,009,45235,4460,4392,66,4458,88
2021-12-04,Colusa,011,21464,2625,2600,694,3294,21
2021-12-04,Contra Costa,013,1133247,102489,101824,2448,104272,1056
2021-12-04,Del Norte,015,27424,3776,3726,58,3784,42
2021-12-04,El Dorado,017,186661,16794,16621,1842,18463,168
2021-12-04,Fresno,019,978130,145915,144734,12878,157612,2270
2021-12-04,Glenn,021,27897,3583,3559,1032,4591,36
2021-12-04,Humboldt,023,135768,9734,9596,723,10319,117
2021-12-04,Imperial,025,180216,35685,35206,3852,39058,776
2021-12-04,Inyo,027,18085,2574,2538,36,2574,46
2021-12-04,Kern,029,883053,132723,131771,24719,156490,1817
2021-12-04,Kings,031,150075,33502,33183,2190,35373,367
2021-12-04,Lake,033,64148,6946,6903,162,7065,113
2021-12-04,Lassen,035,31185,7049,7014,443,7457,51
2021-12-04,Los Angeles,037,10098052,1472628,1463270,59177,1522447,26952
2021-12-04,Madera,039,155013,24412,24188,2251,26439,307
2021-12-04,Marin,041,260295,18325,18075,543,18618,249
2021-12-04,Mariposa,043,17540,1447,1421,53,1474,6
2021-12-04,Mendocino,045,87422,8135,7981,672,8653,91
2021-12-04,Merced,047,269075,43650,43337,2049,45386,671
2021-12-04,Modoc,049,8938,595,591,202,793,6
2021-12-04,Mono,051,14174,1919,1883,20,1903,4
2021-12-04,Monterey,053,433212,48969,48682,4298,52980,626
2021-12-04,Napa,055,140530,13440,13327,120,13447,106
2021-12-04,Nevada,057,99092,9875,9752,361,10113,105
2021-12-04,Orange,059,3164182,315582,313112,16576,329688,5748
2021-12-04,Placer,061,380077,38945,38460,4026,42486,473
2021-12-04,Plumas,063,18699,1933,1903,55,1958,7
2021-12-04,Riverside,065,2383286,375188,371768,17462,389230,5381
2021-12-04,Sacramento,067,1510023,165267,163900,5233,169133,2365
2021-12-04,San Benito,069,59416,7758,7688,195,7883,78
2021-12-04,San Bernardino,071,2135413,367944,364154,12209,376363,5983
2021-12-04,San Diego,073,3302833,391869,386710,22683,409393,4350
2021-12-04,San Francisco,075,870044,54798,54286,2886,57172,674
2021-12-04,San Joaquin,077,732212,102945,102286,5863,108149,1835
2021-12-04,San Luis Obispo,079,281455,30548,30318,1371,31689,360
2021-12-04,San Mateo,081,765935,55217,54774,1901,56675,579
2021-12-04,Santa Barbara,083,443738,46250,45774,1765,47539,555
2021-12-04,Santa Clara,085,1922200,152842,151275,1672,152947,1928
2021-12-04,Santa Cruz,087,273765,21553,21286,1123,22409,224
2021-12-04,Shasta,089,179085,22630,22418,3805,26223,414
2021-12-04,Sierra,091,2930,199,196,23,219,0
2021-12-04,Siskiyou,093,43540,3424,3398,1416,4814,57
2021-12-04,Solano,095,438530,46872,46529,1315,47844,360
2021-12-04,Sonoma,097,501317,43203,42778,582,43360,405
2021-12-04,Stanislaus,099,539301,82059,81462,9568,91030,1231
2021-12-04,Sutter,101,95872,14331,14258,412,14670,186
2021-12-04,Tehama,103,63373,8777,8742,1590,10332,131
2021-12-04,Trinity,105,12862,822,801,207,1008,17
2021-12-04,Tulare,107,460477,70479,70014,16948,86962,1100
2021-12-04,Tuolumne,109,53932,7756,7676,109,7785,91
2021-12-04,Ventura,111,848112,100655,99751,4581,104332,1192
2021-12-04,Yolo,113,214977,20568,20442,1305,21747,261
2021-12-04,Yuba,115,75493,10499,10418,393,10811,91
2021-12-03,Alameda,001,1643700,123429,122508,3146,125654,1494
2021-12-03,Alpine,003,1148,108,108,0,108,0
2021-12-03,Amador,005,37829,5777,5729,72,5801,67
2021-12-03,Butte,007,227075,21780,21638,3992,25630,318
2021-12-03,Calaveras,009,45235,4451,4392,66,4458,88
2021-12-03,Colusa,011,21464,2623,2600,694,3294,21
2021-12-03,Contra Costa,013,1133247,102418,101824,2443,104267,1056
2021-12-03,Del Norte,015,27424,3774,3726,58,3784,42
2021-12-03,El Dorado,017,186661,16775,16621,1839,18460,168
2021-12-03,Fresno,019,978130,145803,144734,12876,157610,2270
2021-12-03,Glenn,021,27897,3581,3559,1032,4591,36
2021-12-03,Humboldt,023,135768,9718,9596,721,10317,117
2021-12-03,Imperial,025,180216,35641,35206,3843,39049,776
2021-12-03,Inyo,027,18085,2567,2538,36,2574,46
2021-12-03,Kern,029,883053,132655,131771,24680,156451,1817
2021-12-03,Kings,031,150075,33473,33183,2190,35373,367
2021-12-03,Lake,033,64148,6946,6903,162,7065,113
2021-12-03,Lassen,035,31185,7047,7014,442,7456,51
2021-12-03,Los Angeles,037,10098052,1471727,1463270,59096,1522366,26952
2021-12-03,Madera,039,155013,24386,24188,2248,26436,307
2021-12-03,Marin,041,260295,18293,18075,539,18614,249
2021-12-03,Mariposa,043,17540,1445,1421,53,1474,6
2021-12-03,Mendocino,045,87422,8128,7981,672,8653,91
2021-12-03,Merced,047,269075,43635,43337,2046,45383,671
2021-12-03,Modoc,049,8938,595,591,202,793,6
2021-12-03,Mono,051,14174,1913,1883,20,1903,4
2021-12-03,Monterey,053,433212,48939,48682,4279,52961,626
2021-12-03,Napa,055,140530,13428,13327,120,13447,106
2021-12-03,Nevada,057,99092,9864,9752,361,10113,105
2021-12-03,Orange,059,3164182,315330,313112,16550,329662,5748
2021-12-03,Placer,061,380077,38908,38460,4019,42479,473
2021-12-03,Plumas,063,18699,1930,1903,55,1958,7
2021-12-03,Riverside,065,2383286,374799,371768,17457,389225,5381
2021-12-03,Sacramento,067,1510023,165091,163900,5218,169118,2365
2021-12-03,San Benito,069,59416,7751,7688,195,7883,78
2021-12-03,San Bernardino,071,2135413,367511,364154,12199,376353,5983
2021-12-03,San Diego,073,3302833,391389,386710,22658,409368,4350
2021-12-03,San Francisco,075,870044,54731,54286,2884,57170,674
2021-12-03,San Joaquin,077,732212,102892,102286,5862,108148,1835
2021-12-03,San Luis Obispo,079,281455,30523,30318,1368,31686,360
2021-12-03,San Mateo,081,765935,55160,54774,1895,56669,579
2021-12-03,Santa Barbara,083,443738,46215,45774,1765,47539,555
2021-12-03,Santa Clara,085,1922200,152668,151275,1657,152932,1928
2021-12-03,Santa Cruz,087,273765,21526,21286,1123,22409,224
2021-12-03,Shasta,089,179085,22615,22418,3805,26223,414
2021-12-03,Sierra,091,2930,199,196,23,219,0
2021-12-03,Siskiyou,093,43540,3421,3398,1414,4812,57
2021-12-03,Solano,095,438530,46832,46529,1314,47843,360
2021-12-03,Sonoma,097,501317,43167,42778,580,43358,405
2021-12-03,Stanislaus,099,539301,82008,81462,9558,91020,1231
2021-12-03,Sutter,101,95872,14318,14258,410,14668,186
2021-12-03,Tehama,103,63373,8776,8742,1589,10331,131
2021-12-03,Trinity,105,12862,822,801,207,1008,17
2021-12-03,Tulare,107,460477,70440,70014,16916,86930,1100
2021-12-03,Tuolumne,109,53932,7747,7676,109,7785,91
2021-12-03,Ventura,111,848112,100569,99751,4575,104326,1192
2021-12-03,Yolo,113,214977,20551,20442,1304,21746,261
2021-12-03,Yuba,115,75493,10491,10418,393,10811,91
2021-12-02,Alameda,001,1643700,123286,122508,3138,125646,1494
2021-12-02,Alpine,003,1148,108,108,0,108,0
2021-12-02,Amador,005,37829,5772,5729,71,5800,67
2021-12-02,Butte,007,227075,21756,21638,3991,25629,318
2021-12-02,Calaveras,009,45235,4441,4392,65,4457,88
2021-12-02,Colusa,011,21464,2622,2600,694,3294,21
2021-12-02,Contra Costa,013,1133247,102307,101824,2437,104261,1056
2021-12-02,Del Norte,015,27424,3766,3726,58,3784,42
2021-12-02,El Dorado,017,186661,16755,16621,1837,18458,168
2021-12-02,Fresno,019,978130,145638,144734,12867,157601,2270
2021-12-02,Glenn,021,27897,3581,3559,1031,4590,36
2021-12-02,Humboldt,023,135768,9699,9596,719,10315,117
2021-12-02,Imperial,025,180216,35577,35206,3820,39026,776
2021-12-02,Inyo,027,18085,2562,2538,36,2574,46
2021-12-02,Kern,029,883053,132489,131771,24627,156398,1817
2021-12-02,Kings,031,150075,33419,33183,2188,35371,367
2021-12-02,Lake,033,64148,6942,6903,162,7065,113
2021-12-02,Lassen,035,31185,7043,7014,442,7456,51
2021-12-02,Los Angeles,037,10098052,1470243,1463270,59008,1522278,26952
2021-12-02,Madera,039,155013,24353,24188,2236,26424,307
2021-12-02,Marin,041,260295,18266,18075,534,18609,249
2021-12-02,Mariposa,043,17540,1443,1421,53,1474,6
2021-12-02,Mendocino,045,87422,8112,7981,671,8652,91
2021-12-02,Merced,047,269075,43587,43337,2040,45377,671
2021-12-02,Modoc,049,8938,594,591,202,793,6
2021-12-02,Mono,051,14174,1899,1883,20,1903,4
2021-12-02,Monterey,053,433212,48880,48682,4245,52927,626
2021-12-02,Napa,055,140530,13415,13327,120,13447,106
2021-12-02,Nevada,057,99092,9846,9752,360,10112,105
2021-12-02,Orange,059,3164182,315005,313112,16515,329627,5748
2021-12-02,Placer,061,380077,38845,38460,4013,42473,473
2021-12-02,Plumas,063,18699,1928,1903,55,1958,7
2021-12-02,Riverside,065,2383286,374278,371768,17447,389215,5381
2021-12-02,Sacramento,067,1510023,164869,163900,5208,169108,2365
2021-12-02,San Benito,069,59416,7730,7688,195,7883,78
2021-12-02,San Bernardino,071,2135413,366988,364154,12180,376334,5983
2021-12-02,San Diego,073,3302833,390747,386710,22605,409315,4350
2021-12-02,San Francisco,075,870044,54638,54286,2877,57163,674
2021-12-02,San Joaquin,077,732212,102785,102286,5857,108143,1835
2021-12-02,San Luis Obispo,079,281455,30486,30318,1362,31680,360
2021-12-02,San Mateo,081,765935,55095,54774,1875,56649,579
2021-12-02,Santa Barbara,083,443738,46135,45774,1762,47536,555
2021-12-02,Santa Clara,085,1922200,152429,151275,1641,152916,1928
2021-12-02,Santa Cruz,087,273765,21477,21286,1122,22408,224
2021-12-02,Shasta,089,179085,22584,22418,3804,26222,414
2021-12-02,Sierra,091,2930,199,196,23,219,0
2021-12-02,Siskiyou,093,43540,3420,3398,1407,4805,57
2021-12-02,Solano,095,438530,46781,46529,1312,47841,360
2021-12-02,Sonoma,097,501317,43098,42778,580,43358,405
2021-12-02,Stanislaus,099,539301,81912,81462,9549,91011,1231
2021-12-02,Sutter,101,95872,14305,14258,407,14665,186
2021-12-02,Tehama,103,63373,8770,8742,1587,10329,131
2021-12-02,Trinity,105,12862,822,801,207,1008,17
2021-12-02,Tulare,107,460477,70359,70014,16865,86879,1100
2021-12-02,Tuolumne,109,53932,7733,7676,108,7784,91
2021-12-02,Ventura,111,848112,100451,99751,4573,104324,1192
2021-12-02,Yolo,113,214977,20526,20442,1300,21742,261
2021-12-02,Yuba,115,75493,10475,10418,390,10808,91
2021-12-01,Alameda,001,1643700,123141,122298,3127,125425,1492
2021-12-01,Alpine,003,1148,108,108,0,108,0
2021-12-01,Amador,005,37829,5765,5723,71,5794,67
2021-12-01,Butte,007,227075,21736,21600,3987,25587,318
2021-12-01,Calaveras,009,45235,4436,4371,65,4436,88
2021-12-01,Colusa,011,21464,2615,2595,691,3286,20
2021-12-01,Contra Costa,013,1133247,102201,101651,2426,104077,1048
2021-12-01,Del Norte,015,27424,3764,3722,58,3780,42
2021-12-01,El Dorado,017,186661,16736,16575,1835,18410,166
2021-12-01,Fresno,019,978130,145436,144507,12860,157367,2264
2021-12-01,Glenn,021,27897,3571,3556,1030,4586,36
2021-12-01,Humboldt,023,135768,9675,9573,714,10287,117
2021-12-01,Imperial,025,180216,35498,35085,3794,38879,776
2021-12-01,Inyo,027,18085,2559,2533,36,2569,46
2021-12-01,Kern,029,883053,132347,131580,24573,156153,1804
2021-12-01,Kings,031,150075,33370,33112,2187,35299,364
2021-12-01,Lake,033,64148,6934,6896,161,7057,112
2021-12-01,Lassen,035,31185,7038,7008,440,7448,51
2021-12-01,Los Angeles,037,10098052,1468701,1461394,58909,1520303,26928
2021-12-01,Madera,039,155013,24321,24134,2227,26361,307
2021-12-01,Marin,041,260295,18229,18038,528,18566,249
2021-12-01,Mariposa,043,17540,1439,1415,53,1468,6
2021-12-01,Mendocino,045,87422,8098,7966,666,8632,90
2021-12-01,Merced,047,269075,43535,43259,2020,45279,670
2021-12-01,Modoc,049,8938,594,576,202,778,5
2021-12-01,Mono,051,14174,1898,1876,20,1896,4
2021-12-01,Monterey,053,433212,48834,48611,4233,52844,626
2021-12-01,Napa,055,140530,13398,13319,118,13437,107
2021-12-01,Nevada,057,99092,9833,9706,360,10066,105
2021-12-01,Orange,059,3164182,314656,312772,16478,329250,5735
2021-12-01,Placer,061,380077,38791,38373,4007,42380,472
2021-12-01,Plumas,063,18699,1924,1893,55,1948,7
2021-12-01,Riverside,065,2383286,373760,371189,17430,388619,5369
2021-12-01,Sacramento,067,1510023,164660,163616,5189,168805,2360
2021-12-01,San Benito,069,59416,7716,7669,195,7864,78
2021-12-01,San Bernardino,071,2135413,366427,363368,12158,375526,5973
2021-12-01,San Diego,073,3302833,389956,386056,22556,408612,4346
2021-12-01,San Francisco,075,870044,54561,54199,2870,57069,672
2021-12-01,San Joaquin,077,732212,102680,102109,5856,107965,1834
2021-12-01,San Luis Obispo,079,281455,30446,30238,1358,31596,360
2021-12-01,San Mateo,081,765935,55022,54711,1866,56577,579
2021-12-01,Santa Barbara,083,443738,46065,45681,1760,47441,554
2021-12-01,Santa Clara,085,1922200,152214,150961,1622,152583,1925
2021-12-01,Santa Cruz,087,273765,21448,21191,1121,22312,224
2021-12-01,Shasta,089,179085,22553,22375,3798,26173,410
2021-12-01,Sierra,091,2930,199,195,23,218,0
2021-12-01,Siskiyou,093,43540,3418,3391,1407,4798,55
2021-12-01,Solano,095,438530,46738,46485,1312,47797,360
2021-12-01,Sonoma,097,501317,43026,42713,579,43292,405
2021-12-01,Stanislaus,099,539301,81817,81330,9537,90867,1231
2021-12-01,Sutter,101,95872,14290,14229,406,14635,186
2021-12-01,Tehama,103,63373,8761,8728,1587,10315,130
2021-12-01,Trinity,105,12862,817,801,207,1008,17
2021-12-01,Tulare,107,460477,70285,69953,16822,86775,1098
2021-12-01,Tuolumne,109,53932,7725,7655,108,7763,91
2021-12-01,Ventura,111,848112,100355,99680,4562,104242,1191
2021-12-01,Yolo,113,214977,20500,20393,1299,21692,260
2021-12-01,Yuba,115,75493,10463,10401,389,10790,89
2021-11-30,Alameda,001,1643700,122978,122196,3115,125311,1489
2021-11-30,Alpine,003,1148,108,108,0,108,0
2021-11-30,Amador,005,37829,5757,5716,71,5787,66
2021-11-30,Butte,007,227075,21708,21565,3980,25545,318
2021-11-30,Calaveras,009,45235,4420,4360,65,4425,88
2021-11-30,Colusa,011,21464,2614,2592,690,3282,21
2021-11-30,Contra Costa,013,1133247,102068,101538,2416,103954,1046
2021-11-30,Del Norte,015,27424,3758,3718,58,3776,42
2021-11-30,El Dorado,017,186661,16712,16558,1828,18386,166
2021-11-30,Fresno,019,978130,145242,144384,12854,157238,2259
2021-11-30,Glenn,021,27897,3565,3555,1029,4584,36
2021-11-30,Humboldt,023,135768,9644,9539,708,10247,116
2021-11-30,Imperial,025,180216,35387,34999,3765,38764,773
2021-11-30,Inyo,027,18085,2550,2530,36,2566,46
2021-11-30,Kern,029,883053,132180,131451,24517,155968,1799
2021-11-30,Kings,031,150075,33321,33074,2181,35255,362
2021-11-30,Lake,033,64148,6929,6892,159,7051,110
2021-11-30,Lassen,035,31185,7034,7003,439,7442,51
2021-11-30,Los Angeles,037,10098052,1466943,1460177,58804,1518981,26913
2021-11-30,Madera,039,155013,24287,24108,2222,26330,307
2021-11-30,Marin,041,260295,18185,18010,527,18537,249
2021-11-30,Mariposa,043,17540,1433,1412,53,1465,6
2021-11-30,Mendocino,045,87422,8067,7960,660,8620,89
2021-11-30,Merced,047,269075,43468,43200,2013,45213,668
2021-11-30,Modoc,049,8938,593,576,202,778,5
2021-11-30,Mono,051,14174,1893,1873,20,1893,4
2021-11-30,Monterey,053,433212,48777,48581,4216,52797,626
2021-11-30,Napa,055,140530,13379,13308,117,13425,105
2021-11-30,Nevada,057,99092,9817,9699,359,10058,105
2021-11-30,Orange,059,3164182,314250,312451,16439,328890,5724
2021-11-30,Placer,061,380077,38692,38324,4000,42324,470
2021-11-30,Plumas,063,18699,1919,1887,54,1941,7
2021-11-30,Riverside,065,2383286,373073,370739,17405,388144,5358
2021-11-30,Sacramento,067,1510023,164396,163420,5161,168581,2353
2021-11-30,San Benito,069,59416,7694,7645,194,7839,78
2021-11-30,San Bernardino,071,2135413,365783,363006,12137,375143,5967
2021-11-30,San Diego,073,3302833,389030,385405,22514,407919,4340
2021-11-30,San Francisco,075,870044,54470,54147,2860,57007,672
2021-11-30,San Joaquin,077,732212,102555,101972,5848,107820,1834
2021-11-30,San Luis Obispo,079,281455,30418,30200,1355,31555,360
2021-11-30,San Mateo,081,765935,54943,54656,1840,56496,579
2021-11-30,Santa Barbara,083,443738,45971,45628,1754,47382,553
2021-11-30,Santa Clara,085,1922200,151961,150799,1604,152403,1929
2021-11-30,Santa Cruz,087,273765,21391,21169,1117,22286,224
2021-11-30,Shasta,089,179085,22523,22347,3795,26142,401
2021-11-30,Sierra,091,2930,196,195,23,218,0
2021-11-30,Siskiyou,093,43540,3414,3385,1404,4789,55
2021-11-30,Solano,095,438530,46674,46434,1306,47740,358
2021-11-30,Sonoma,097,501317,42952,42663,578,43241,405
2021-11-30,Stanislaus,099,539301,81716,81276,9510,90786,1227
2021-11-30,Sutter,101,95872,14280,14210,403,14613,186
2021-11-30,Tehama,103,63373,8754,8727,1586,10313,130
2021-11-30,Trinity,105,12862,816,799,207,1006,17
2021-11-30,Tulare,107,460477,70198,69900,16775,86675,1099
2021-11-30,Tuolumne,109,53932,7711,7643,108,7751,91
2021-11-30,Ventura,111,848112,100206,99601,4550,104151,1191
2021-11-30,Yolo,113,214977,20462,20376,1293,21669,260
2021-11-30,Yuba,115,75493,10447,10398,383,10781,89
2021-11-29,Alameda,001,1643700,122825,122136,3104,125240,1489
2021-11-29,Alpine,003,1148,108,108,0,108,0
2021-11-29,Amador,005,37829,5750,5706,71,5777,66
2021-11-29,Butte,007,227075,21681,21544,3975,25519,314
2021-11-29,Calaveras,009,45235,4404,4353,65,4418,88
2021-11-29,Colusa,011,21464,2612,2585,687,3272,20
2021-11-29,Contra Costa,013,1133247,101924,101441,2408,103849,1046
2021-11-29,Del Norte,015,27424,3753,3704,58,3762,42
2021-11-29,El Dorado,017,186661,16694,16534,1823,18357,166
2021-11-29,Fresno,019,978130,145040,144282,12839,157121,2254
2021-11-29,Glenn,021,27897,3562,3555,1028,4583,36
2021-11-29,Humboldt,023,135768,9627,9514,701,10215,115
2021-11-29,Imperial,025,180216,35321,34960,3746,38706,773
2021-11-29,Inyo,027,18085,2545,2529,36,2565,46
2021-11-29,Kern,029,883053,131997,131362,24474,155836,1789
2021-11-29,Kings,031,150075,33269,33059,2177,35236,363
2021-11-29,Lake,033,64148,6918,6889,158,7047,110
2021-11-29,Lassen,035,31185,7032,7003,437,7440,51
2021-11-29,Los Angeles,037,10098052,1465125,1459446,58718,1518164,26889
2021-11-29,Madera,039,155013,24249,24069,2213,26282,307
2021-11-29,Marin,041,260295,18139,17980,522,18502,249
2021-11-29,Mariposa,043,17540,1425,1409,53,1462,6
2021-11-29,Mendocino,045,87422,8050,7954,656,8610,89
2021-11-29,Merced,047,269075,43393,43167,2006,45173,667
2021-11-29,Modoc,049,8938,592,569,202,771,5
2021-11-29,Mono,051,14174,1872,1859,20,1879,4
2021-11-29,Monterey,053,433212,48726,48548,4189,52737,626
2021-11-29,Napa,055,140530,13369,13304,117,13421,104
2021-11-29,Nevada,057,99092,9803,9689,359,10048,105
2021-11-29,Orange,059,3164182,313856,312203,16397,328600,5709
2021-11-29,Placer,061,380077,38627,38261,3995,42256,470
2021-11-29,Plumas,063,18699,1916,1884,54,1938,7
2021-11-29,Riverside,065,2383286,372541,370334,17394,387728,5358
2021-11-29,Sacramento,067,1510023,164144,163282,5127,168409,2342
2021-11-29,San Benito,069,59416,7675,7631,193,7824,77
2021-11-29,San Bernardino,071,2135413,365194,362694,12105,374799,5962
2021-11-29,San Diego,073,3302833,388142,384853,22483,407336,4335
2021-11-29,San Francisco,075,870044,54377,54125,2856,56981,669
2021-11-29,San Joaquin,077,732212,102422,101927,5839,107766,1834
2021-11-29,San Luis Obispo,079,281455,30385,30165,1352,31517,359
2021-11-29,San Mateo,081,765935,54854,54622,1827,56449,579
2021-11-29,Santa Barbara,083,443738,45876,45576,1750,47326,549
2021-11-29,Santa Clara,085,1922200,151690,150620,1598,152218,1925
2021-11-29,Santa Cruz,087,273765,21351,21149,1115,22264,224
2021-11-29,Shasta,089,179085,22489,22315,3791,26106,399
2021-11-29,Sierra,091,2930,196,195,23,218,0
2021-11-29,Siskiyou,093,43540,3411,3374,1397,4771,55
2021-11-29,Solano,095,438530,46627,46412,1304,47716,357
2021-11-29,Sonoma,097,501317,42879,42624,575,43199,405
2021-11-29,Stanislaus,099,539301,81638,81227,9493,90720,1223
2021-11-29,Sutter,101,95872,14264,14204,400,14604,186
2021-11-29,Tehama,103,63373,8749,8720,1581,10301,130
2021-11-29,Trinity,105,12862,811,798,207,1005,17
2021-11-29,Tulare,107,460477,70125,69850,16739,86589,1096
2021-11-29,Tuolumne,109,53932,7698,7627,107,7734,90
2021-11-29,Ventura,111,848112,100086,99520,4540,104060,1190
2021-11-29,Yolo,113,214977,20419,20344,1291,21635,257
2021-11-29,Yuba,115,75493,10431,10395,382,10777,89
2021-11-28,Alameda,001,1643700,122618,122082,3096,125178,1491
2021-11-28,Alpine,003,1148,108,108,0,108,0
2021-11-28,Amador,005,37829,5740,5703,71,5774,66
2021-11-28,Butte,007,227075,21644,21530,3973,25503,313
2021-11-28,Calaveras,009,45235,4382,4350,65,4415,88
2021-11-28,Colusa,011,21464,2608,2586,686,3272,19
2021-11-28,Contra Costa,013,1133247,101756,101355,2396,103751,1046
2021-11-28,Del Norte,015,27424,3748,3703,58,3761,42
2021-11-28,El Dorado,017,186661,16654,16527,1822,18349,166
2021-11-28,Fresno,019,978130,144796,144164,12818,156982,2252
2021-11-28,Glenn,021,27897,3559,3547,1028,4575,36
2021-11-28,Humboldt,023,135768,9595,9499,697,10196,115
2021-11-28,Imperial,025,180216,35214,34929,3722,38651,773
2021-11-28,Inyo,027,18085,2538,2531,36,2567,46
2021-11-28,Kern,029,883053,131790,131279,24417,155696,1789
2021-11-28,Kings,031,150075,33194,33057,2170,35227,364
2021-11-28,Lake,033,64148,6909,6885,156,7041,110
2021-11-28,Lassen,035,31185,7025,7002,433,7435,51
2021-11-28,Los Angeles,037,10098052,1463032,1458646,58629,1517275,26878
2021-11-28,Madera,039,155013,24202,24055,2205,26260,307
2021-11-28,Marin,041,260295,18092,17962,518,18480,249
2021-11-28,Mariposa,043,17540,1421,1406,53,1459,6
2021-11-28,Mendocino,045,87422,8020,7943,651,8594,89
2021-11-28,Merced,047,269075,43329,43166,1989,45155,667
2021-11-28,Modoc,049,8938,591,569,202,771,5
2021-11-28,Mono,051,14174,1867,1841,20,1861,4
2021-11-28,Monterey,053,433212,48670,48537,4159,52696,626
2021-11-28,Napa,055,140530,13357,13303,117,13420,104
2021-11-28,Nevada,057,99092,9774,9684,358,10042,105
2021-11-28,Orange,059,3164182,313480,312028,16358,328386,5693
2021-11-28,Placer,061,380077,38547,38240,3975,42215,470
2021-11-28,Plumas,063,18699,1910,1884,53,1937,7
2021-11-28,Riverside,065,2383286,371884,370051,17373,387424,5358
2021-11-28,Sacramento,067,1510023,163795,163170,5101,168271,2335
2021-11-28,San Benito,069,59416,7657,7623,192,7815,77
2021-11-28,San Bernardino,071,2135413,364479,362407,12081,374488,5958
2021-11-28,San Diego,073,3302833,387258,383025,22419,405444,4325
2021-11-28,San Francisco,075,870044,54306,54082,2850,56932,669
2021-11-28,San Joaquin,077,732212,102239,101895,5822,107717,1834
2021-11-28,San Luis Obispo,079,281455,30316,30152,1348,31500,358
2021-11-28,San Mateo,081,765935,54771,54567,1816,56383,579
2021-11-28,Santa Barbara,083,443738,45798,45551,1739,47290,549
2021-11-28,Santa Clara,085,1922200,151387,150436,1582,152018,1920
2021-11-28,Santa Cruz,087,273765,21281,21110,1114,22224,224
2021-11-28,Shasta,089,179085,22449,22316,3789,26105,400
2021-11-28,Sierra,091,2930,196,195,23,218,0
2021-11-28,Siskiyou,093,43540,3405,3372,1393,4765,55
2021-11-28,Solano,095,438530,46568,46385,1303,47688,356
2021-11-28,Sonoma,097,501317,42795,42583,572,43155,405
2021-11-28,Stanislaus,099,539301,81514,81181,9477,90658,1223
2021-11-28,Sutter,101,95872,14243,14192,394,14586,186
2021-11-28,Tehama,103,63373,8741,8720,1577,10297,130
2021-11-28,Trinity,105,12862,811,797,207,1004,17
2021-11-28,Tulare,107,460477,70030,69833,16684,86517,1095
2021-11-28,Tuolumne,109,53932,7678,7620,107,7727,90
2021-11-28,Ventura,111,848112,99932,99486,4531,104017,1190
2021-11-28,Yolo,113,214977,20377,20333,1290,21623,257
2021-11-28,Yuba,115,75493,10414,10391,380,10771,89
2021-11-27,Alameda,001,1643700,122526,121618,3091,124709,1477
2021-11-27,Alpine,003,1148,108,106,0,106,0
2021-11-27,Amador,005,37829,5739,5670,71,5741,66
2021-11-27,Butte,007,227075,21621,21384,3970,25354,309
2021-11-27,Calaveras,009,45235,4376,4294,65,4359,85
2021-11-27,Colusa,011,21464,2607,2568,684,3252,19
2021-11-27,Contra Costa,013,1133247,101674,100961,2394,103355,1045
2021-11-27,Del Norte,015,27424,3741,3661,58,3719,42
2021-11-27,El Dorado,017,186661,16619,16399,1821,18220,161
2021-11-27,Fresno,019,978130,144690,143386,12814,156200,2246
2021-11-27,Glenn,021,27897,3557,3532,1028,4560,36
2021-11-27,Humboldt,023,135768,9569,9399,694,10093,115
2021-11-27,Imperial,025,180216,35133,34611,3708,38319,769
2021-11-27,Inyo,027,18085,2535,2506,36,2542,45
2021-11-27,Kern,029,883053,131707,130245,24387,154632,1773
2021-11-27,Kings,031,150075,33172,32891,2168,35059,358
2021-11-27,Lake,033,64148,6907,6836,154,6990,110
2021-11-27,Lassen,035,31185,7023,6959,432,7391,47
2021-11-27,Los Angeles,037,10098052,1462059,1454495,58553,1513048,26817
2021-11-27,Madera,039,155013,24182,23880,2201,26081,296
2021-11-27,Marin,041,260295,18054,17857,513,18370,248
2021-11-27,Mariposa,043,17540,1419,1374,53,1427,6
2021-11-27,Mendocino,045,87422,8001,7871,651,8522,89
2021-11-27,Merced,047,269075,43294,42921,1986,44907,664
2021-11-27,Modoc,049,8938,589,551,202,753,5
2021-11-27,Mono,051,14174,1866,1810,20,1830,4
2021-11-27,Monterey,053,433212,48643,48400,4140,52540,625
2021-11-27,Napa,055,140530,13343,13256,117,13373,104
2021-11-27,Nevada,057,99092,9752,9584,357,9941,103
2021-11-27,Orange,059,3164182,313233,310809,16325,327134,5665
2021-11-27,Placer,061,380077,38487,38001,3968,41969,468
2021-11-27,Plumas,063,18699,1906,1860,53,1913,7
2021-11-27,Riverside,065,2383286,371526,367601,17366,384967,5306
2021-11-27,Sacramento,067,1510023,163641,162328,5097,167425,2335
2021-11-27,San Benito,069,59416,7640,7575,192,7767,77
2021-11-27,San Bernardino,071,2135413,364049,360033,12074,372107,5932
2021-11-27,San Diego,073,3302833,386760,382634,22393,405027,4319
2021-11-27,San Francisco,075,870044,54259,53830,2845,56675,669
2021-11-27,San Joaquin,077,732212,102173,101368,5820,107188,1833
2021-11-27,San Luis Obispo,079,281455,30285,29983,1347,31330,358
2021-11-27,San Mateo,081,765935,54722,54360,1807,56167,577
2021-11-27,Santa Barbara,083,443738,45744,45318,1737,47055,548
2021-11-27,Santa Clara,085,1922200,151184,149700,1576,151276,1922
2021-11-27,Santa Cruz,087,273765,21242,20929,1111,22040,222
2021-11-27,Shasta,089,179085,22427,22151,3788,25939,396
2021-11-27,Sierra,091,2930,195,194,23,217,0
2021-11-27,Siskiyou,093,43540,3402,3336,1390,4726,54
2021-11-27,Solano,095,438530,46532,46163,1300,47463,356
2021-11-27,Sonoma,097,501317,42732,42368,572,42940,405
2021-11-27,Stanislaus,099,539301,81441,80782,9458,90240,1220
2021-11-27,Sutter,101,95872,14234,14127,393,14520,181
2021-11-27,Tehama,103,63373,8739,8675,1576,10251,129
2021-11-27,Trinity,105,12862,811,789,207,996,17
2021-11-27,Tulare,107,460477,69980,69377,16666,86043,1082
2021-11-27,Tuolumne,109,53932,7665,7574,107,7681,90
2021-11-27,Ventura,111,848112,99858,99163,4523,103686,1188
2021-11-27,Yolo,113,214977,20357,20237,1281,21518,257
2021-11-27,Yuba,115,75493,10404,10335,380,10715,88
2021-11-26,Alameda,001,1643700,122423,121618,3089,124707,1477
2021-11-26,Alpine,003,1148,108,106,0,106,0
2021-11-26,Amador,005,37829,5735,5670,71,5741,66
2021-11-26,Butte,007,227075,21598,21384,3966,25350,309
2021-11-26,Calaveras,009,45235,4367,4294,65,4359,85
2021-11-26,Colusa,011,21464,2605,2568,683,3251,19
2021-11-26,Contra Costa,013,1133247,101587,100961,2390,103351,1045
2021-11-26,Del Norte,015,27424,3738,3661,58,3719,42
2021-11-26,El Dorado,017,186661,16602,16399,1817,18216,161
2021-11-26,Fresno,019,978130,144557,143386,12805,156191,2246
2021-11-26,Glenn,021,27897,3550,3532,1028,4560,36
2021-11-26,Humboldt,023,135768,9551,9399,690,10089,115
2021-11-26,Imperial,025,180216,35077,34611,3694,38305,769
2021-11-26,Inyo,027,18085,2535,2506,36,2542,45
2021-11-26,Kern,029,883053,131625,130245,24343,154588,1773
2021-11-26,Kings,031,150075,33148,32891,2166,35057,358
2021-11-26,Lake,033,64148,6904,6836,154,6990,110
2021-11-26,Lassen,035,31185,7017,6959,432,7391,47
2021-11-26,Los Angeles,037,10098052,1461230,1454495,58495,1512990,26817
2021-11-26,Madera,039,155013,24155,23880,2199,26079,296
2021-11-26,Marin,041,260295,18025,17857,513,18370,248
2021-11-26,Mariposa,043,17540,1413,1374,52,1426,6
2021-11-26,Mendocino,045,87422,7991,7871,651,8522,89
2021-11-26,Merced,047,269075,43264,42921,1981,44902,664
2021-11-26,Modoc,049,8938,587,551,202,753,5
2021-11-26,Mono,051,14174,1854,1810,20,1830,4
2021-11-26,Monterey,053,433212,48612,48400,4122,52522,625
2021-11-26,Napa,055,140530,13327,13256,117,13373,104
2021-11-26,Nevada,057,99092,9741,9584,357,9941,103
2021-11-26,Orange,059,3164182,312968,310809,16294,327103,5665
2021-11-26,Placer,061,380077,38443,38001,3960,41961,468
2021-11-26,Plumas,063,18699,1901,1860,53,1913,7
2021-11-26,Riverside,065,2383286,371125,367601,17358,384959,5306
2021-11-26,Sacramento,067,1510023,163530,162328,5092,167420,2335
2021-11-26,San Benito,069,59416,7632,7575,192,7767,77
2021-11-26,San Bernardino,071,2135413,363624,360033,12069,372102,5932
2021-11-26,San Diego,073,3302833,386202,382634,22381,405015,4319
2021-11-26,San Francisco,075,870044,54214,53830,2840,56670,669
2021-11-26,San Joaquin,077,732212,102117,101368,5818,107186,1833
2021-11-26,San Luis Obispo,079,281455,30246,29983,1344,31327,358
2021-11-26,San Mateo,081,765935,54669,54360,1800,56160,577
2021-11-26,Santa Barbara,083,443738,45698,45318,1736,47054,548
2021-11-26,Santa Clara,085,1922200,151017,149700,1567,151267,1922
2021-11-26,Santa Cruz,087,273765,21203,20929,1110,22039,222
2021-11-26,Shasta,089,179085,22408,22151,3786,25937,396
2021-11-26,Sierra,091,2930,195,194,23,217,0
2021-11-26,Siskiyou,093,43540,3399,3336,1389,4725,54
2021-11-26,Solano,095,438530,46496,46163,1299,47462,356
2021-11-26,Sonoma,097,501317,42684,42368,570,42938,405
2021-11-26,Stanislaus,099,539301,81366,80782,9448,90230,1220
2021-11-26,Sutter,101,95872,14221,14127,392,14519,181
2021-11-26,Tehama,103,63373,8737,8675,1575,10250,129
2021-11-26,Trinity,105,12862,810,789,207,996,17
2021-11-26,Tulare,107,460477,69940,69377,16632,86009,1082
2021-11-26,Tuolumne,109,53932,7656,7574,107,7681,90
2021-11-26,Ventura,111,848112,99777,99163,4520,103683,1188
2021-11-26,Yolo,113,214977,20337,20237,1275,21512,257
2021-11-26,Yuba,115,75493,10398,10335,380,10715,88
2021-11-25,Alameda,001,1643700,122317,121618,3085,124703,1477
2021-11-25,Alpine,003,1148,108,106,0,106,0
2021-11-25,Amador,005,37829,5727,5670,71,5741,66
2021-11-25,Butte,007,227075,21580,21384,3966,25350,309
2021-11-25,Calaveras,009,45235,4362,4294,65,4359,85
2021-11-25,Colusa,011,21464,2602,2568,681,3249,19
2021-11-25,Contra Costa,013,1133247,101483,100961,2386,103347,1045
2021-11-25,Del Norte,015,27424,3733,3661,58,3719,42
2021-11-25,El Dorado,017,186661,16584,16399,1816,18215,161
2021-11-25,Fresno,019,978130,144424,143386,12798,156184,2246
2021-11-25,Glenn,021,27897,3550,3532,1028,4560,36
2021-11-25,Humboldt,023,135768,9532,9399,687,10086,115
2021-11-25,Imperial,025,180216,35035,34611,3682,38293,769
2021-11-25,Inyo,027,18085,2533,2506,36,2542,45
2021-11-25,Kern,029,883053,131526,130245,24298,154543,1773
2021-11-25,Kings,031,150075,33120,32891,2165,35056,358
2021-11-25,Lake,033,64148,6897,6836,154,6990,110
2021-11-25,Lassen,035,31185,7015,6959,431,7390,47
2021-11-25,Los Angeles,037,10098052,1460280,1454495,58435,1512930,26817
2021-11-25,Madera,039,155013,24120,23880,2198,26078,296
2021-11-25,Marin,041,260295,18000,17857,507,18364,248
2021-11-25,Mariposa,043,17540,1410,1374,52,1426,6
2021-11-25,Mendocino,045,87422,7973,7871,651,8522,89
2021-11-25,Merced,047,269075,43225,42921,1976,44897,664
2021-11-25,Modoc,049,8938,586,551,202,753,5
2021-11-25,Mono,051,14174,1842,1810,20,1830,4
2021-11-25,Monterey,053,433212,48573,48400,4108,52508,625
2021-11-25,Napa,055,140530,13319,13256,117,13373,104
2021-11-25,Nevada,057,99092,9725,9584,354,9938,103
2021-11-25,Orange,059,3164182,312706,310809,16266,327075,5665
2021-11-25,Placer,061,380077,38397,38001,3953,41954,468
2021-11-25,Plumas,063,18699,1899,1860,53,1913,7
2021-11-25,Riverside,065,2383286,370714,367601,17351,384952,5306
2021-11-25,Sacramento,067,1510023,163349,162328,5086,167414,2335
2021-11-25,San Benito,069,59416,7625,7575,192,7767,77
2021-11-25,San Bernardino,071,2135413,363232,360033,12056,372089,5932
2021-11-25,San Diego,073,3302833,385756,382634,22360,404994,4319
2021-11-25,San Francisco,075,870044,54165,53830,2837,56667,669
2021-11-25,San Joaquin,077,732212,102033,101368,5814,107182,1833
2021-11-25,San Luis Obispo,079,281455,30217,29983,1341,31324,358
2021-11-25,San Mateo,081,765935,54622,54360,1795,56155,577
2021-11-25,Santa Barbara,083,443738,45661,45318,1734,47052,548
2021-11-25,Santa Clara,085,1922200,150860,149700,1562,151262,1922
2021-11-25,Santa Cruz,087,273765,21171,20929,1110,22039,222
2021-11-25,Shasta,089,179085,22382,22151,3786,25937,396
2021-11-25,Sierra,091,2930,195,194,23,217,0
2021-11-25,Siskiyou,093,43540,3396,3336,1389,4725,54
2021-11-25,Solano,095,438530,46459,46163,1298,47461,356
2021-11-25,Sonoma,097,501317,42629,42368,566,42934,405
2021-11-25,Stanislaus,099,539301,81296,80782,9434,90216,1220
2021-11-25,Sutter,101,95872,14205,14127,391,14518,181
2021-11-25,Tehama,103,63373,8729,8675,1575,10250,129
2021-11-25,Trinity,105,12862,810,789,207,996,17
2021-11-25,Tulare,107,460477,69876,69377,16604,85981,1082
2021-11-25,Tuolumne,109,53932,7645,7574,107,7681,90
2021-11-25,Ventura,111,848112,99709,99163,4517,103680,1188
2021-11-25,Yolo,113,214977,20309,20237,1271,21508,257
2021-11-25,Yuba,115,75493,10389,10335,379,10714,88
2021-11-24,Alameda,001,1643700,122253,121618,3081,124699,1477
2021-11-24,Alpine,003,1148,108,106,0,106,0
2021-11-24,Amador,005,37829,5717,5670,71,5741,66
2021-11-24,Butte,007,227075,21565,21384,3965,25349,309
2021-11-24,Calaveras,009,45235,4355,4294,65,4359,85
2021-11-24,Colusa,011,21464,2602,2568,680,3248,19
2021-11-24,Contra Costa,013,1133247,101446,100961,2383,103344,1045
2021-11-24,Del Norte,015,27424,3730,3661,58,3719,42
2021-11-24,El Dorado,017,186661,16572,16399,1815,18214,161
2021-11-24,Fresno,019,978130,144370,143386,12798,156184,2246
2021-11-24,Glenn,021,27897,3549,3532,1027,4559,36
2021-11-24,Humboldt,023,135768,9519,9399,687,10086,115
2021-11-24,Imperial,025,180216,35008,34611,3676,38287,769
2021-11-24,Inyo,027,18085,2530,2506,36,2542,45
2021-11-24,Kern,029,883053,131462,130245,24286,154531,1773
2021-11-24,Kings,031,150075,33107,32891,2163,35054,358
2021-11-24,Lake,033,64148,6893,6836,154,6990,110
2021-11-24,Lassen,035,31185,7015,6959,431,7390,47
2021-11-24,Los Angeles,037,10098052,1459804,1454495,58391,1512886,26817
2021-11-24,Madera,039,155013,24097,23880,2192,26072,296
2021-11-24,Marin,041,260295,17988,17857,505,18362,248
2021-11-24,Mariposa,043,17540,1410,1374,52,1426,6
2021-11-24,Mendocino,045,87422,7961,7871,651,8522,89
2021-11-24,Merced,047,269075,43192,42921,1973,44894,664
2021-11-24,Modoc,049,8938,586,551,202,753,5
2021-11-24,Mono,051,14174,1841,1810,20,1830,4
2021-11-24,Monterey,053,433212,48565,48400,4101,52501,625
2021-11-24,Napa,055,140530,13315,13256,117,13373,104
2021-11-24,Nevada,057,99092,9710,9584,354,9938,103
2021-11-24,Orange,059,3164182,312551,310809,16254,327063,5665
2021-11-24,Placer,061,380077,38365,38001,3951,41952,468
2021-11-24,Plumas,063,18699,1897,1860,53,1913,7
2021-11-24,Riverside,065,2383286,370537,367601,17345,384946,5306
2021-11-24,Sacramento,067,1510023,163278,162328,5086,167414,2335
2021-11-24,San Benito,069,59416,7623,7575,192,7767,77
2021-11-24,San Bernardino,071,2135413,363027,360033,12045,372078,5932
2021-11-24,San Diego,073,3302833,385507,382634,22347,404981,4319
2021-11-24,San Francisco,075,870044,54134,53830,2835,56665,669
2021-11-24,San Joaquin,077,732212,101993,101368,5811,107179,1833
2021-11-24,San Luis Obispo,079,281455,30199,29983,1341,31324,358
2021-11-24,San Mateo,081,765935,54593,54360,1794,56154,577
2021-11-24,Santa Barbara,083,443738,45635,45318,1734,47052,548
2021-11-24,Santa Clara,085,1922200,150764,149700,1562,151262,1922
2021-11-24,Santa Cruz,087,273765,21147,20929,1109,22038,222
2021-11-24,Shasta,089,179085,22371,22151,3783,25934,396
2021-11-24,Sierra,091,2930,195,194,23,217,0
2021-11-24,Siskiyou,093,43540,3394,3336,1389,4725,54
2021-11-24,Solano,095,438530,46431,46163,1296,47459,356
2021-11-24,Sonoma,097,501317,42600,42368,564,42932,405
2021-11-24,Stanislaus,099,539301,81258,80782,9429,90211,1220
2021-11-24,Sutter,101,95872,14192,14127,389,14516,181
2021-11-24,Tehama,103,63373,8726,8675,1574,10249,129
2021-11-24,Trinity,105,12862,810,789,207,996,17
2021-11-24,Tulare,107,460477,69857,69377,16584,85961,1082
2021-11-24,Tuolumne,109,53932,7641,7574,107,7681,90
2021-11-24,Ventura,111,848112,99674,99163,4513,103676,1188
2021-11-24,Yolo,113,214977,20301,20237,1270,21507,257
2021-11-24,Yuba,115,75493,10386,10335,377,10712,88
2021-11-23,Alameda,001,1643700,122143,121618,3072,124690,1477
2021-11-23,Alpine,003,1148,108,106,0,106,0
2021-11-23,Amador,005,37829,5710,5670,71,5741,66
2021-11-23,Butte,007,227075,21536,21384,3962,25346,309
2021-11-23,Calaveras,009,45235,4349,4294,64,4358,85
2021-11-23,Colusa,011,21464,2598,2568,679,3247,19
2021-11-23,Contra Costa,013,1133247,101341,100961,2380,103341,1045
2021-11-23,Del Norte,015,27424,3727,3661,58,3719,42
2021-11-23,El Dorado,017,186661,16541,16399,1812,18211,161
2021-11-23,Fresno,019,978130,144232,143386,12788,156174,2246
2021-11-23,Glenn,021,27897,3543,3532,1027,4559,36
2021-11-23,Humboldt,023,135768,9495,9399,684,10083,115
2021-11-23,Imperial,025,180216,34939,34611,3655,38266,769
2021-11-23,Inyo,027,18085,2526,2506,36,2542,45
2021-11-23,Kern,029,883053,131361,130245,24238,154483,1773
2021-11-23,Kings,031,150075,33067,32891,2162,35053,358
2021-11-23,Lake,033,64148,6888,6836,154,6990,110
2021-11-23,Lassen,035,31185,7011,6959,428,7387,47
2021-11-23,Los Angeles,037,10098052,1458805,1454495,58328,1512823,26817
2021-11-23,Madera,039,155013,24071,23880,2190,26070,296
2021-11-23,Marin,041,260295,17957,17857,501,18358,248
2021-11-23,Mariposa,043,17540,1407,1374,52,1426,6
2021-11-23,Mendocino,045,87422,7940,7871,648,8519,89
2021-11-23,Merced,047,269075,43155,42921,1972,44893,664
2021-11-23,Modoc,049,8938,584,551,202,753,5
2021-11-23,Mono,051,14174,1831,1810,19,1829,4
2021-11-23,Monterey,053,433212,48539,48400,4087,52487,625
2021-11-23,Napa,055,140530,13306,13256,117,13373,104
2021-11-23,Nevada,057,99092,9682,9584,353,9937,103
2021-11-23,Orange,059,3164182,312301,310809,16220,327029,5665
2021-11-23,Placer,061,380077,38307,38001,3934,41935,468
2021-11-23,Plumas,063,18699,1893,1860,53,1913,7
2021-11-23,Riverside,065,2383286,370155,367601,17332,384933,5306
2021-11-23,Sacramento,067,1510023,163097,162328,5073,167401,2335
2021-11-23,San Benito,069,59416,7614,7575,190,7765,77
2021-11-23,San Bernardino,071,2135413,362616,360033,12032,372065,5932
2021-11-23,San Diego,073,3302833,385023,382634,22323,404957,4319
2021-11-23,San Francisco,075,870044,54076,53830,2830,56660,669
2021-11-23,San Joaquin,077,732212,101887,101368,5801,107169,1833
2021-11-23,San Luis Obispo,079,281455,30169,29983,1338,31321,358
2021-11-23,San Mateo,081,765935,54549,54360,1786,56146,577
2021-11-23,Santa Barbara,083,443738,45586,45318,1734,47052,548
2021-11-23,Santa Clara,085,1922200,150555,149700,1550,151250,1922
2021-11-23,Santa Cruz,087,273765,21109,20929,1109,22038,222
2021-11-23,Shasta,089,179085,22336,22151,3782,25933,396
2021-11-23,Sierra,091,2930,195,194,23,217,0
2021-11-23,Siskiyou,093,43540,3389,3336,1388,4724,54
2021-11-23,Solano,095,438530,46377,46163,1292,47455,356
2021-11-23,Sonoma,097,501317,42549,42368,561,42929,405
2021-11-23,Stanislaus,099,539301,81188,80782,9416,90198,1220
2021-11-23,Sutter,101,95872,14176,14127,388,14515,181
2021-11-23,Tehama,103,63373,8713,8675,1573,10248,129
2021-11-23,Trinity,105,12862,809,789,207,996,17
2021-11-23,Tulare,107,460477,69808,69377,16554,85931,1082
2021-11-23,Tuolumne,109,53932,7630,7574,107,7681,90
2021-11-23,Ventura,111,848112,99592,99163,4508,103671,1188
2021-11-23,Yolo,113,214977,20281,20237,1262,21499,257
2021-11-23,Yuba,115,75493,10374,10335,377,10712,88
2021-11-22,Alameda,001,1643700,122032,121566,3069,124635,1475
2021-11-22,Alpine,003,1148,108,106,0,106,0
2021-11-22,Amador,005,37829,5697,5670,71,5741,66
2021-11-22,Butte,007,227075,21497,21363,3957,25320,305
2021-11-22,Calaveras,009,45235,4337,4294,64,4358,84
2021-11-22,Colusa,011,21464,2595,2565,679,3244,19
2021-11-22,Contra Costa,013,1133247,101254,100877,2375,103252,1045
2021-11-22,Del Norte,015,27424,3724,3659,58,3717,42
2021-11-22,El Dorado,017,186661,16519,16378,1809,18187,161
2021-11-22,Fresno,019,978130,144101,143290,12782,156072,2243
2021-11-22,Glenn,021,27897,3538,3530,1026,4556,36
2021-11-22,Humboldt,023,135768,9469,9389,679,10068,115
2021-11-22,Imperial,025,180216,34877,34562,3641,38203,766
2021-11-22,Inyo,027,18085,2520,2501,36,2537,44
2021-11-22,Kern,029,883053,131199,130091,24188,154279,1762
2021-11-22,Kings,031,150075,33030,32867,2157,35024,358
2021-11-22,Lake,033,64148,6883,6837,154,6991,110
2021-11-22,Lassen,035,31185,7010,6954,427,7381,47
2021-11-22,Los Angeles,037,10098052,1457752,1453945,58250,1512195,26800
2021-11-22,Madera,039,155013,24037,23872,2184,26056,296
2021-11-22,Marin,041,260295,17927,17842,499,18341,248
2021-11-22,Mariposa,043,17540,1403,1372,52,1424,6
2021-11-22,Mendocino,045,87422,7924,7859,647,8506,89
2021-11-22,Merced,047,269075,43105,42898,1960,44858,660
2021-11-22,Modoc,049,8938,583,551,202,753,5
2021-11-22,Mono,051,14174,1816,1809,19,1828,4
2021-11-22,Monterey,053,433212,48518,48374,4076,52450,611
2021-11-22,Napa,055,140530,13298,13255,116,13371,104
2021-11-22,Nevada,057,99092,9663,9575,351,9926,96
2021-11-22,Orange,059,3164182,312057,310654,16194,326848,5663
2021-11-22,Placer,061,380077,38262,37956,3926,41882,465
2021-11-22,Plumas,063,18699,1890,1858,53,1911,7
2021-11-22,Riverside,065,2383286,369721,367301,17322,384623,5283
2021-11-22,Sacramento,067,1510023,162906,162222,5064,167286,2328
2021-11-22,San Benito,069,59416,7594,7567,190,7757,77
2021-11-22,San Bernardino,071,2135413,362212,359851,12023,371874,5916
2021-11-22,San Diego,073,3302833,384533,382132,22297,404429,4317
2021-11-22,San Francisco,075,870044,53987,53778,2822,56600,669
2021-11-22,San Joaquin,077,732212,101762,101299,5796,107095,1833
2021-11-22,San Luis Obispo,079,281455,30143,29963,1337,31300,358
2021-11-22,San Mateo,081,765935,54495,54330,1781,56111,577
2021-11-22,Santa Barbara,083,443738,45519,45279,1734,47013,546
2021-11-22,Santa Clara,085,1922200,150371,149541,1540,151081,1919
2021-11-22,Santa Cruz,087,273765,21068,20891,1109,22000,222
2021-11-22,Shasta,089,179085,22323,22116,3778,25894,393
2021-11-22,Sierra,091,2930,195,193,23,216,0
2021-11-22,Siskiyou,093,43540,3383,3336,1386,4722,54
2021-11-22,Solano,095,438530,46330,46153,1290,47443,356
2021-11-22,Sonoma,097,501317,42494,42344,560,42904,404
2021-11-22,Stanislaus,099,539301,81100,80718,9407,90125,1209
2021-11-22,Sutter,101,95872,14160,14125,386,14511,181
2021-11-22,Tehama,103,63373,8707,8669,1568,10237,127
2021-11-22,Trinity,105,12862,808,785,207,992,17
2021-11-22,Tulare,107,460477,69745,69314,16519,85833,1075
2021-11-22,Tuolumne,109,53932,7615,7567,107,7674,90
2021-11-22,Ventura,111,848112,99525,99114,4505,103619,1186
2021-11-22,Yolo,113,214977,20258,20227,1260,21487,257
2021-11-22,Yuba,115,75493,10365,10332,376,10708,88
2021-11-21,Alameda,001,1643700,121912,121443,3065,124508,1475
2021-11-21,Alpine,003,1148,106,106,0,106,0
2021-11-21,Amador,005,37829,5692,5662,70,5732,66
2021-11-21,Butte,007,227075,21456,21342,3954,25296,306
2021-11-21,Calaveras,009,45235,4328,4287,64,4351,84
2021-11-21,Colusa,011,21464,2591,2562,678,3240,19
2021-11-21,Contra Costa,013,1133247,101153,100807,2369,103176,1045
2021-11-21,Del Norte,015,27424,3720,3659,58,3717,42
2021-11-21,El Dorado,017,186661,16492,16370,1803,18173,161
2021-11-21,Fresno,019,978130,143936,143203,12767,155970,2242
2021-11-21,Glenn,021,27897,3535,3529,1026,4555,36
2021-11-21,Humboldt,023,135768,9447,9378,677,10055,115
2021-11-21,Imperial,025,180216,34788,34527,3629,38156,766
2021-11-21,Inyo,027,18085,2513,2501,36,2537,44
2021-11-21,Kern,029,883053,131036,130020,24143,154163,1762
2021-11-21,Kings,031,150075,32993,32843,2153,34996,356
2021-11-21,Lake,033,64148,6877,6834,154,6988,110
2021-11-21,Lassen,035,31185,7001,6953,427,7380,47
2021-11-21,Los Angeles,037,10098052,1456689,1453181,58200,1511381,26793
2021-11-21,Madera,039,155013,24011,23856,2182,26038,296
2021-11-21,Marin,041,260295,17899,17829,496,18325,248
2021-11-21,Mariposa,043,17540,1402,1371,51,1422,6
2021-11-21,Mendocino,045,87422,7918,7846,644,8490,89
2021-11-21,Merced,047,269075,43050,42881,1956,44837,660
2021-11-21,Modoc,049,8938,579,551,202,753,5
2021-11-21,Mono,051,14174,1808,1799,19,1818,4
2021-11-21,Monterey,053,433212,48477,48358,4061,52419,611
2021-11-21,Napa,055,140530,13286,13250,116,13366,104
2021-11-21,Nevada,057,99092,9638,9556,350,9906,96
2021-11-21,Orange,059,3164182,311805,310477,16162,326639,5663
2021-11-21,Placer,061,380077,38180,37929,3925,41854,465
2021-11-21,Plumas,063,18699,1890,1858,53,1911,7
2021-11-21,Riverside,065,2383286,369232,367093,17315,384408,5283
2021-11-21,Sacramento,067,1510023,162688,162087,5052,167139,2327
2021-11-21,San Benito,069,59416,7580,7563,189,7752,77
2021-11-21,San Bernardino,071,2135413,361745,359621,11990,371611,5912
2021-11-21,San Diego,073,3302833,383996,380747,22272,403019,4317
2021-11-21,San Francisco,075,870044,53924,53741,2814,56555,669
2021-11-21,San Joaquin,077,732212,101659,101264,5783,107047,1833
2021-11-21,San Luis Obispo,079,281455,30110,29948,1337,31285,358
2021-11-21,San Mateo,081,765935,54450,54290,1775,56065,577
2021-11-21,Santa Barbara,083,443738,45459,45237,1730,46967,546
2021-11-21,Santa Clara,085,1922200,150168,149387,1520,150907,1918
2021-11-21,Santa Cruz,087,273765,21024,20866,1107,21973,222
2021-11-21,Shasta,089,179085,22294,22112,3776,25888,393
2021-11-21,Sierra,091,2930,195,193,23,216,0
2021-11-21,Siskiyou,093,43540,3380,3333,1383,4716,54
2021-11-21,Solano,095,438530,46276,46122,1283,47405,356
2021-11-21,Sonoma,097,501317,42435,42298,559,42857,404
2021-11-21,Stanislaus,099,539301,81002,80687,9394,90081,1209
2021-11-21,Sutter,101,95872,14146,14111,386,14497,181
2021-11-21,Tehama,103,63373,8701,8669,1567,10236,127
2021-11-21,Trinity,105,12862,806,784,205,989,17
2021-11-21,Tulare,107,460477,69663,69285,16480,85765,1075
2021-11-21,Tuolumne,109,53932,7607,7560,106,7666,90
2021-11-21,Ventura,111,848112,99434,99081,4501,103582,1186
2021-11-21,Yolo,113,214977,20231,20209,1257,21466,257
2021-11-21,Yuba,115,75493,10356,10326,376,10702,88
2021-11-20,Alameda,001,1643700,121822,121059,3058,124117,1473
2021-11-20,Alpine,003,1148,106,105,0,105,0
2021-11-20,Amador,005,37829,5686,5652,69,5721,66
2021-11-20,Butte,007,227075,21441,21265,3949,25214,300
2021-11-20,Calaveras,009,45235,4319,4268,64,4332,84
2021-11-20,Colusa,011,21464,2591,2549,676,3225,19
2021-11-20,Contra Costa,013,1133247,101075,100491,2365,102856,1043
2021-11-20,Del Norte,015,27424,3717,3637,58,3695,42
2021-11-20,El Dorado,017,186661,16472,16308,1800,18108,161
2021-11-20,Fresno,019,978130,143865,142579,12760,155339,2233
2021-11-20,Glenn,021,27897,3535,3526,1025,4551,35
2021-11-20,Humboldt,023,135768,9434,9302,675,9977,115
2021-11-20,Imperial,025,180216,34735,34312,3623,37935,766
2021-11-20,Inyo,027,18085,2512,2467,36,2503,44
2021-11-20,Kern,029,883053,130935,129488,24106,153594,1750
2021-11-20,Kings,031,150075,32983,32720,2153,34873,354
2021-11-20,Lake,033,64148,6874,6808,154,6962,110
2021-11-20,Lassen,035,31185,7000,6931,427,7358,47
2021-11-20,Los Angeles,037,10098052,1456076,1448963,58154,1507117,26741
2021-11-20,Madera,039,155013,23999,23720,2179,25899,296
2021-11-20,Marin,041,260295,17884,17774,496,18270,248
2021-11-20,Mariposa,043,17540,1401,1354,51,1405,6
2021-11-20,Mendocino,045,87422,7910,7773,644,8417,89
2021-11-20,Merced,047,269075,43025,42692,1956,44648,656
2021-11-20,Modoc,049,8938,578,550,202,752,5
2021-11-20,Mono,051,14174,1807,1767,19,1786,4
2021-11-20,Monterey,053,433212,48465,48260,4052,52312,609
2021-11-20,Napa,055,140530,13283,13184,116,13300,103
2021-11-20,Nevada,057,99092,9622,9480,350,9830,92
2021-11-20,Orange,059,3164182,311604,309672,16146,325818,5658
2021-11-20,Placer,061,380077,38139,37800,3920,41720,462
2021-11-20,Plumas,063,18699,1887,1841,52,1893,7
2021-11-20,Riverside,065,2383286,368962,365809,17302,383111,5265
2021-11-20,Sacramento,067,1510023,162586,161533,5048,166581,2316
2021-11-20,San Benito,069,59416,7576,7533,189,7722,77
2021-11-20,San Bernardino,071,2135413,361481,358322,11980,370302,5897
2021-11-20,San Diego,073,3302833,383667,380147,22244,402391,4311
2021-11-20,San Francisco,075,870044,53886,53525,2813,56338,669
2021-11-20,San Joaquin,077,732212,101612,100922,5777,106699,1832
2021-11-20,San Luis Obispo,079,281455,30097,29815,1336,31151,355
2021-11-20,San Mateo,081,765935,54419,54132,1771,55903,577
2021-11-20,Santa Barbara,083,443738,45427,45074,1730,46804,544
2021-11-20,Santa Clara,085,1922200,150062,148829,1519,150348,1917
2021-11-20,Santa Cruz,087,273765,21007,20756,1107,21863,222
2021-11-20,Shasta,089,179085,22270,21968,3775,25743,383
2021-11-20,Sierra,091,2930,195,191,23,214,0
2021-11-20,Siskiyou,093,43540,3377,3313,1383,4696,54
2021-11-20,Solano,095,438530,46255,46006,1283,47289,356
2021-11-20,Sonoma,097,501317,42405,42151,559,42710,403
2021-11-20,Stanislaus,099,539301,80955,80412,9389,89801,1205
2021-11-20,Sutter,101,95872,14138,14074,386,14460,181
2021-11-20,Tehama,103,63373,8696,8648,1567,10215,125
2021-11-20,Trinity,105,12862,802,771,205,976,17
2021-11-20,Tulare,107,460477,69626,69074,16459,85533,1054
2021-11-20,Tuolumne,109,53932,7598,7511,106,7617,90
2021-11-20,Ventura,111,848112,99384,98893,4494,103387,1186
2021-11-20,Yolo,113,214977,20224,20139,1253,21392,257
2021-11-20,Yuba,115,75493,10350,10290,375,10665,88
2021-11-19,Alameda,001,1643700,121751,121059,3055,124114,1473
2021-11-19,Alpine,003,1148,106,105,0,105,0
2021-11-19,Amador,005,37829,5676,5652,69,5721,66
2021-11-19,Butte,007,227075,21418,21265,3943,25208,300
2021-11-19,Calaveras,009,45235,4312,4268,64,4332,84
2021-11-19,Colusa,011,21464,2589,2549,675,3224,19
2021-11-19,Contra Costa,013,1133247,101020,100491,2360,102851,1043
2021-11-19,Del Norte,015,27424,3712,3637,58,3695,42
2021-11-19,El Dorado,017,186661,16451,16308,1798,18106,161
2021-11-19,Fresno,019,978130,143750,142579,12756,155335,2233
2021-11-19,Glenn,021,27897,3534,3526,1024,4550,35
2021-11-19,Humboldt,023,135768,9421,9302,672,9974,115
2021-11-19,Imperial,025,180216,34696,34312,3615,37927,766
2021-11-19,Inyo,027,18085,2508,2467,36,2503,44
2021-11-19,Kern,029,883053,130831,129488,24063,153551,1750
2021-11-19,Kings,031,150075,32958,32720,2151,34871,354
2021-11-19,Lake,033,64148,6871,6808,154,6962,110
2021-11-19,Lassen,035,31185,6996,6931,426,7357,47
2021-11-19,Los Angeles,037,10098052,1455403,1448963,58097,1507060,26741
2021-11-19,Madera,039,155013,23978,23720,2177,25897,296
2021-11-19,Marin,041,260295,17865,17774,494,18268,248
2021-11-19,Mariposa,043,17540,1399,1354,51,1405,6
2021-11-19,Mendocino,045,87422,7890,7773,644,8417,89
2021-11-19,Merced,047,269075,42999,42692,1955,44647,656
2021-11-19,Modoc,049,8938,577,550,202,752,5
2021-11-19,Mono,051,14174,1800,1767,19,1786,4
2021-11-19,Monterey,053,433212,48451,48260,4044,52304,609
2021-11-19,Napa,055,140530,13273,13184,115,13299,103
2021-11-19,Nevada,057,99092,9609,9480,350,9830,92
2021-11-19,Orange,059,3164182,311448,309672,16121,325793,5658
2021-11-19,Placer,061,380077,38101,37800,3916,41716,462
2021-11-19,Plumas,063,18699,1883,1841,52,1893,7
2021-11-19,Riverside,065,2383286,368691,365809,17296,383105,5265
2021-11-19,Sacramento,067,1510023,162463,161533,5044,166577,2316
2021-11-19,San Benito,069,59416,7570,7533,187,7720,77
2021-11-19,San Bernardino,071,2135413,361170,358322,11974,370296,5897
2021-11-19,San Diego,073,3302833,383266,380147,22217,402364,4311
2021-11-19,San Francisco,075,870044,53849,53525,2812,56337,669
2021-11-19,San Joaquin,077,732212,101558,100922,5773,106695,1832
2021-11-19,San Luis Obispo,079,281455,30080,29815,1334,31149,355
2021-11-19,San Mateo,081,765935,54379,54132,1760,55892,577
2021-11-19,Santa Barbara,083,443738,45391,45074,1730,46804,544
2021-11-19,Santa Clara,085,1922200,149917,148829,1515,150344,1917
2021-11-19,Santa Cruz,087,273765,20980,20756,1104,21860,222
2021-11-19,Shasta,089,179085,22258,21968,3774,25742,383
2021-11-19,Sierra,091,2930,195,191,23,214,0
2021-11-19,Siskiyou,093,43540,3374,3313,1383,4696,54
2021-11-19,Solano,095,438530,46224,46006,1281,47287,356
2021-11-19,Sonoma,097,501317,42374,42151,556,42707,403
2021-11-19,Stanislaus,099,539301,80896,80412,9379,89791,1205
2021-11-19,Sutter,101,95872,14136,14074,386,14460,181
2021-11-19,Tehama,103,63373,8693,8648,1567,10215,125
2021-11-19,Trinity,105,12862,800,771,205,976,17
2021-11-19,Tulare,107,460477,69587,69074,16430,85504,1054
2021-11-19,Tuolumne,109,53932,7587,7511,106,7617,90
2021-11-19,Ventura,111,848112,99318,98893,4490,103383,1186
2021-11-19,Yolo,113,214977,20215,20139,1250,21389,257
2021-11-19,Yuba,115,75493,10347,10290,375,10665,88
2021-11-18,Alameda,001,1643700,121632,121059,3046,124105,1473
2021-11-18,Alpine,003,1148,106,105,0,105,0
2021-11-18,Amador,005,37829,5674,5652,69,5721,66
2021-11-18,Butte,007,227075,21401,21265,3937,25202,300
2021-11-18,Calaveras,009,45235,4305,4268,63,4331,84
2021-11-18,Colusa,011,21464,2581,2549,675,3224,19
2021-11-18,Contra Costa,013,1133247,100919,100491,2351,102842,1043
2021-11-18,Del Norte,015,27424,3709,3637,58,3695,42
2021-11-18,El Dorado,017,186661,16435,16308,1795,18103,161
2021-11-18,Fresno,019,978130,143612,142579,12747,155326,2233
2021-11-18,Glenn,021,27897,3533,3526,1023,4549,35
2021-11-18,Humboldt,023,135768,9404,9302,667,9969,115
2021-11-18,Imperial,025,180216,34642,34312,3599,37911,766
2021-11-18,Inyo,027,18085,2500,2467,36,2503,44
2021-11-18,Kern,029,883053,130688,129488,24014,153502,1750
2021-11-18,Kings,031,150075,32921,32720,2148,34868,354
2021-11-18,Lake,033,64148,6866,6808,154,6962,110
2021-11-18,Lassen,035,31185,6993,6931,421,7352,47
2021-11-18,Los Angeles,037,10098052,1454426,1448963,58033,1506996,26741
2021-11-18,Madera,039,155013,23953,23720,2174,25894,296
2021-11-18,Marin,041,260295,17847,17774,490,18264,248
2021-11-18,Mariposa,043,17540,1396,1354,51,1405,6
2021-11-18,Mendocino,045,87422,7869,7773,633,8406,89
2021-11-18,Merced,047,269075,42941,42692,1953,44645,656
2021-11-18,Modoc,049,8938,566,550,202,752,5
2021-11-18,Mono,051,14174,1787,1767,19,1786,4
2021-11-18,Monterey,053,433212,48430,48260,4035,52295,609
2021-11-18,Napa,055,140530,13261,13184,114,13298,103
2021-11-18,Nevada,057,99092,9585,9480,350,9830,92
2021-11-18,Orange,059,3164182,311215,309672,16104,325776,5658
2021-11-18,Placer,061,380077,38059,37800,3905,41705,462
2021-11-18,Plumas,063,18699,1882,1841,52,1893,7
2021-11-18,Riverside,065,2383286,368320,365809,17283,383092,5265
2021-11-18,Sacramento,067,1510023,162236,161533,5027,166560,2316
2021-11-18,San Benito,069,59416,7560,7533,187,7720,77
2021-11-18,San Bernardino,071,2135413,360748,358322,11956,370278,5897
2021-11-18,San Diego,073,3302833,382760,380147,22201,402348,4311
2021-11-18,San Francisco,075,870044,53799,53525,2806,56331,669
2021-11-18,San Joaquin,077,732212,101466,100922,5764,106686,1832
2021-11-18,San Luis Obispo,079,281455,30052,29815,1331,31146,355
2021-11-18,San Mateo,081,765935,54327,54132,1751,55883,577
2021-11-18,Santa Barbara,083,443738,45347,45074,1723,46797,544
2021-11-18,Santa Clara,085,1922200,149733,148829,1507,150336,1917
2021-11-18,Santa Cruz,087,273765,20930,20756,1103,21859,222
2021-11-18,Shasta,089,179085,22222,21968,3769,25737,383
2021-11-18,Sierra,091,2930,194,191,23,214,0
2021-11-18,Siskiyou,093,43540,3374,3313,1378,4691,54
2021-11-18,Solano,095,438530,46183,46006,1279,47285,356
2021-11-18,Sonoma,097,501317,42329,42151,553,42704,403
2021-11-18,Stanislaus,099,539301,80830,80412,9372,89784,1205
2021-11-18,Sutter,101,95872,14125,14074,386,14460,181
2021-11-18,Tehama,103,63373,8688,8648,1567,10215,125
2021-11-18,Trinity,105,12862,799,771,205,976,17
2021-11-18,Tulare,107,460477,69517,69074,16382,85456,1054
2021-11-18,Tuolumne,109,53932,7579,7511,106,7617,90
2021-11-18,Ventura,111,848112,99240,98893,4486,103379,1186
2021-11-18,Yolo,113,214977,20198,20139,1246,21385,257
2021-11-18,Yuba,115,75493,10341,10290,375,10665,88
2021-11-17,Alameda,001,1643700,121516,120913,3044,123957,1472
2021-11-17,Alpine,003,1148,106,105,0,105,0
2021-11-17,Amador,005,37829,5667,5646,69,5715,66
2021-11-17,Butte,007,227075,21375,21230,3934,25164,300
2021-11-17,Calaveras,009,45235,4298,4259,63,4322,84
2021-11-17,Colusa,011,21464,2578,2546,674,3220,19
2021-11-17,Contra Costa,013,1133247,100829,100387,2345,102732,1039
2021-11-17,Del Norte,015,27424,3706,3630,58,3688,42
2021-11-17,El Dorado,017,186661,16416,16269,1794,18063,161
2021-11-17,Fresno,019,978130,143431,142366,12733,155099,2230
2021-11-17,Glenn,021,27897,3532,3527,1022,4549,34
2021-11-17,Humboldt,023,135768,9392,9270,664,9934,115
2021-11-17,Imperial,025,180216,34584,34256,3577,37833,766
2021-11-17,Inyo,027,18085,2494,2457,36,2493,44
2021-11-17,Kern,029,883053,130517,129307,23972,153279,1743
2021-11-17,Kings,031,150075,32893,32669,2144,34813,352
2021-11-17,Lake,033,64148,6862,6795,153,6948,110
2021-11-17,Lassen,035,31185,6991,6918,421,7339,47
2021-11-17,Los Angeles,037,10098052,1453332,1447947,57965,1505912,26721
2021-11-17,Madera,039,155013,23919,23673,2173,25846,287
2021-11-17,Marin,041,260295,17828,17757,488,18245,248
2021-11-17,Mariposa,043,17540,1392,1353,51,1404,6
2021-11-17,Mendocino,045,87422,7861,7735,632,8367,89
2021-11-17,Merced,047,269075,42880,42612,1950,44562,654
2021-11-17,Modoc,049,8938,562,540,202,742,5
2021-11-17,Mono,051,14174,1785,1765,19,1784,5
2021-11-17,Monterey,053,433212,48388,48221,4018,52239,609
2021-11-17,Napa,055,140530,13237,13167,114,13281,103
2021-11-17,Nevada,057,99092,9571,9447,350,9797,92
2021-11-17,Orange,059,3164182,310971,309396,16076,325472,5651
2021-11-17,Placer,061,380077,38010,37725,3896,41621,460
2021-11-17,Plumas,063,18699,1878,1833,52,1885,7
2021-11-17,Riverside,065,2383286,367911,365406,17268,382674,5229
2021-11-17,Sacramento,067,1510023,162066,161269,5019,166288,2302
2021-11-17,San Benito,069,59416,7553,7524,187,7711,77
2021-11-17,San Bernardino,071,2135413,360395,357947,11941,369888,5893
2021-11-17,San Diego,073,3302833,382264,379769,22173,401942,4301
2021-11-17,San Francisco,075,870044,53745,53469,2801,56270,667
2021-11-17,San Joaquin,077,732212,101363,100764,5759,106523,1828
2021-11-17,San Luis Obispo,079,281455,30026,29731,1328,31059,354
2021-11-17,San Mateo,081,765935,54272,54092,1736,55828,577
2021-11-17,Santa Barbara,083,443738,45310,45000,1723,46723,542
2021-11-17,Santa Clara,085,1922200,149570,148626,1499,150125,1915
2021-11-17,Santa Cruz,087,273765,20895,20700,1103,21803,222
2021-11-17,Shasta,089,179085,22189,21883,3767,25650,382
2021-11-17,Sierra,091,2930,193,189,23,212,0
2021-11-17,Siskiyou,093,43540,3370,3307,1375,4682,54
2021-11-17,Solano,095,438530,46150,45948,1278,47226,353
2021-11-17,Sonoma,097,501317,42283,42093,550,42643,403
2021-11-17,Stanislaus,099,539301,80739,80276,9361,89637,1199
2021-11-17,Sutter,101,95872,14113,14064,384,14448,181
2021-11-17,Tehama,103,63373,8679,8633,1564,10197,125
2021-11-17,Trinity,105,12862,798,765,205,970,17
2021-11-17,Tulare,107,460477,69446,68977,16355,85332,1047
2021-11-17,Tuolumne,109,53932,7563,7485,106,7591,90
2021-11-17,Ventura,111,848112,99180,98812,4480,103292,1183
2021-11-17,Yolo,113,214977,20180,20100,1243,21343,257
2021-11-17,Yuba,115,75493,10329,10275,371,10646,88
2021-11-16,Alameda,001,1643700,121410,120809,3040,123849,1467
2021-11-16,Alpine,003,1148,106,105,0,105,0
2021-11-16,Amador,005,37829,5661,5644,69,5713,66
2021-11-16,Butte,007,227075,21350,21208,3930,25138,297
2021-11-16,Calaveras,009,45235,4289,4249,63,4312,83
2021-11-16,Colusa,011,21464,2572,2538,674,3212,19
2021-11-16,Contra Costa,013,1133247,100708,100320,2342,102662,1038
2021-11-16,Del Norte,015,27424,3700,3630,58,3688,42
2021-11-16,El Dorado,017,186661,16392,16248,1792,18040,159
2021-11-16,Fresno,019,978130,143245,142200,12717,154917,2218
2021-11-16,Glenn,021,27897,3530,3527,1019,4546,34
2021-11-16,Humboldt,023,135768,9372,9252,659,9911,115
2021-11-16,Imperial,025,180216,34499,34177,3565,37742,766
2021-11-16,Inyo,027,18085,2487,2449,36,2485,42
2021-11-16,Kern,029,883053,130360,129136,23911,153047,1735
2021-11-16,Kings,031,150075,32842,32614,2138,34752,350
2021-11-16,Lake,033,64148,6857,6789,153,6942,110
2021-11-16,Lassen,035,31185,6981,6915,421,7336,47
2021-11-16,Los Angeles,037,10098052,1452170,1446815,57892,1504707,26703
2021-11-16,Madera,039,155013,23883,23642,2168,25810,287
2021-11-16,Marin,041,260295,17809,17736,487,18223,248
2021-11-16,Mariposa,043,17540,1384,1349,50,1399,6
2021-11-16,Mendocino,045,87422,7819,7723,628,8351,89
2021-11-16,Merced,047,269075,42842,42578,1943,44521,653
2021-11-16,Modoc,049,8938,561,539,201,740,5
2021-11-16,Mono,051,14174,1777,1767,19,1786,4
2021-11-16,Monterey,053,433212,48359,48195,4003,52198,609
2021-11-16,Napa,055,140530,13226,13151,114,13265,103
2021-11-16,Nevada,057,99092,9554,9435,348,9783,92
2021-11-16,Orange,059,3164182,310706,309170,16042,325212,5651
2021-11-16,Placer,061,380077,37967,37676,3890,41566,459
2021-11-16,Plumas,063,18699,1871,1832,52,1884,7
2021-11-16,Riverside,065,2383286,367490,365078,17246,382324,5208
2021-11-16,Sacramento,067,1510023,161892,161102,5005,166107,2299
2021-11-16,San Benito,069,59416,7539,7513,187,7700,77
2021-11-16,San Bernardino,071,2135413,359988,357528,11890,369418,5901
2021-11-16,San Diego,073,3302833,381709,379435,22142,401577,4287
2021-11-16,San Francisco,075,870044,53674,53415,2794,56209,667
2021-11-16,San Joaquin,077,732212,101224,100637,5743,106380,1807
2021-11-16,San Luis Obispo,079,281455,29995,29703,1325,31028,356
2021-11-16,San Mateo,081,765935,54216,54034,1728,55762,577
2021-11-16,Santa Barbara,083,443738,45242,44932,1720,46652,539
2021-11-16,Santa Clara,085,1922200,149392,148452,1487,149939,1916
2021-11-16,Santa Cruz,087,273765,20851,20684,1100,21784,222
2021-11-16,Shasta,089,179085,22149,21853,3763,25616,379
2021-11-16,Sierra,091,2930,193,189,23,212,0
2021-11-16,Siskiyou,093,43540,3367,3304,1373,4677,54
2021-11-16,Solano,095,438530,46110,45908,1277,47185,351
2021-11-16,Sonoma,097,501317,42234,42056,549,42605,401
2021-11-16,Stanislaus,099,539301,80641,80214,9339,89553,1196
2021-11-16,Sutter,101,95872,14101,14058,382,14440,181
2021-11-16,Tehama,103,63373,8672,8621,1557,10178,125
2021-11-16,Trinity,105,12862,798,762,204,966,17
2021-11-16,Tulare,107,460477,69367,68881,16320,85201,1039
2021-11-16,Tuolumne,109,53932,7554,7478,106,7584,90
2021-11-16,Ventura,111,848112,99104,98731,4477,103208,1183
2021-11-16,Yolo,113,214977,20144,20077,1240,21317,257
2021-11-16,Yuba,115,75493,10320,10262,369,10631,85
2021-11-15,Alameda,001,1643700,121257,120731,3035,123766,1464
2021-11-15,Alpine,003,1148,106,105,0,105,0
2021-11-15,Amador,005,37829,5657,5637,69,5706,66
2021-11-15,Butte,007,227075,21326,21182,3926,25108,296
2021-11-15,Calaveras,009,45235,4275,4237,63,4300,83
2021-11-15,Colusa,011,21464,2565,2535,671,3206,19
2021-11-15,Contra Costa,013,1133247,100605,100251,2338,102589,1038
2021-11-15,Del Norte,015,27424,3695,3630,57,3687,42
2021-11-15,El Dorado,017,186661,16368,16236,1788,18024,159
2021-11-15,Fresno,019,978130,143021,142015,12700,154715,2210
2021-11-15,Glenn,021,27897,3528,3526,1019,4545,34
2021-11-15,Humboldt,023,135768,9347,9230,649,9879,115
2021-11-15,Imperial,025,180216,34425,34130,3548,37678,766
2021-11-15,Inyo,027,18085,2482,2442,36,2478,42
2021-11-15,Kern,029,883053,130151,128928,23841,152769,1730
2021-11-15,Kings,031,150075,32808,32584,2134,34718,348
2021-11-15,Lake,033,64148,6853,6784,153,6937,109
2021-11-15,Lassen,035,31185,6971,6915,419,7334,47
2021-11-15,Los Angeles,037,10098052,1450985,1446114,57824,1503938,26677
2021-11-15,Madera,039,155013,23844,23605,2158,25763,287
2021-11-15,Marin,041,260295,17792,17723,486,18209,248
2021-11-15,Mariposa,043,17540,1383,1347,48,1395,6
2021-11-15,Mendocino,045,87422,7799,7694,622,8316,89
2021-11-15,Merced,047,269075,42783,42552,1933,44485,648
2021-11-15,Modoc,049,8938,560,538,201,739,5
2021-11-15,Mono,051,14174,1766,1763,19,1782,4
2021-11-15,Monterey,053,433212,48336,48154,3989,52143,609
2021-11-15,Napa,055,140530,13218,13143,114,13257,103
2021-11-15,Nevada,057,99092,9525,9420,348,9768,92
2021-11-15,Orange,059,3164182,310433,308859,16020,324879,5646
2021-11-15,Placer,061,380077,37903,37610,3886,41496,452
2021-11-15,Plumas,063,18699,1865,1829,52,1881,7
2021-11-15,Riverside,065,2383286,367044,364750,17227,381977,5199
2021-11-15,Sacramento,067,1510023,161670,160937,4992,165929,2293
2021-11-15,San Benito,069,59416,7534,7511,186,7697,77
2021-11-15,San Bernardino,071,2135413,359574,357306,11870,369176,5898
2021-11-15,San Diego,073,3302833,381159,378845,22116,400961,4284
2021-11-15,San Francisco,075,870044,53608,53374,2789,56163,667
2021-11-15,San Joaquin,077,732212,101073,100587,5732,106319,1799
2021-11-15,San Luis Obispo,079,281455,29952,29669,1313,30982,351
2021-11-15,San Mateo,081,765935,54172,54010,1716,55726,576
2021-11-15,Santa Barbara,083,443738,45186,44879,1714,46593,539
2021-11-15,Santa Clara,085,1922200,149174,148313,1480,149793,1914
2021-11-15,Santa Cruz,087,273765,20808,20630,1099,21729,223
2021-11-15,Shasta,089,179085,22103,21779,3758,25537,374
2021-11-15,Sierra,091,2930,193,189,23,212,0
2021-11-15,Siskiyou,093,43540,3360,3302,1371,4673,54
2021-11-15,Solano,095,438530,46073,45885,1274,47159,351
2021-11-15,Sonoma,097,501317,42186,42021,548,42569,401
2021-11-15,Stanislaus,099,539301,80555,80129,9325,89454,1174
2021-11-15,Sutter,101,95872,14088,14043,381,14424,181
2021-11-15,Tehama,103,63373,8666,8615,1556,10171,125
2021-11-15,Trinity,105,12862,797,757,204,961,17
2021-11-15,Tulare,107,460477,69280,68826,16275,85101,1039
2021-11-15,Tuolumne,109,53932,7544,7461,106,7567,90
2021-11-15,Ventura,111,848112,99019,98605,4473,103078,1183
2021-11-15,Yolo,113,214977,20114,20065,1235,21300,255
2021-11-15,Yuba,115,75493,10301,10254,365,10619,85
2021-11-14,Alameda,001,1643700,121089,120629,3031,123660,1461
2021-11-14,Alpine,003,1148,105,105,0,105,0
2021-11-14,Amador,005,37829,5650,5632,68,5700,66
2021-11-14,Butte,007,227075,21296,21146,3917,25063,296
2021-11-14,Calaveras,009,45235,4264,4222,63,4285,83
2021-11-14,Colusa,011,21464,2563,2532,668,3200,19
2021-11-14,Contra Costa,013,1133247,100499,100188,2336,102524,1038
2021-11-14,Del Norte,015,27424,3692,3629,57,3686,42
2021-11-14,El Dorado,017,186661,16327,16212,1784,17996,159
2021-11-14,Fresno,019,978130,142738,141869,12668,154537,2209
2021-11-14,Glenn,021,27897,3527,3521,1019,4540,34
2021-11-14,Humboldt,023,135768,9319,9215,639,9854,115
2021-11-14,Imperial,025,180216,34324,34078,3532,37610,766
2021-11-14,Inyo,027,18085,2471,2441,36,2477,42
2021-11-14,Kern,029,883053,129912,128842,23774,152616,1730
2021-11-14,Kings,031,150075,32751,32545,2127,34672,349
2021-11-14,Lake,033,64148,6845,6777,153,6930,109
2021-11-14,Lassen,035,31185,6961,6911,418,7329,47
2021-11-14,Los Angeles,037,10098052,1449631,1445284,57747,1503031,26667
2021-11-14,Madera,039,155013,23796,23566,2149,25715,287
2021-11-14,Marin,041,260295,17777,17712,486,18198,247
2021-11-14,Mariposa,043,17540,1373,1337,44,1381,6
2021-11-14,Mendocino,045,87422,7765,7684,618,8302,89
2021-11-14,Merced,047,269075,42693,42513,1927,44440,648
2021-11-14,Modoc,049,8938,558,538,201,739,5
2021-11-14,Mono,051,14174,1758,1760,19,1779,4
2021-11-14,Monterey,053,433212,48287,48135,3967,52102,609
2021-11-14,Napa,055,140530,13200,13132,114,13246,103
2021-11-14,Nevada,057,99092,9498,9408,348,9756,92
2021-11-14,Orange,059,3164182,310127,308699,16000,324699,5646
2021-11-14,Placer,061,380077,37822,37569,3876,41445,452
2021-11-14,Plumas,063,18699,1862,1829,51,1880,7
2021-11-14,Riverside,065,2383286,366549,364490,17210,381700,5199
2021-11-14,Sacramento,067,1510023,161437,160761,4975,165736,2295
2021-11-14,San Benito,069,59416,7523,7507,185,7692,77
2021-11-14,San Bernardino,071,2135413,358998,357014,11856,368870,5897
2021-11-14,San Diego,073,3302833,380557,377633,22078,399711,4280
2021-11-14,San Francisco,075,870044,53535,53338,2781,56119,667
2021-11-14,San Joaquin,077,732212,100949,100518,5727,106245,1799
2021-11-14,San Luis Obispo,079,281455,29870,29645,1309,30954,352
2021-11-14,San Mateo,081,765935,54126,53978,1708,55686,576
2021-11-14,Santa Barbara,083,443738,45108,44842,1711,46553,539
2021-11-14,Santa Clara,085,1922200,148977,148152,1470,149622,1913
2021-11-14,Santa Cruz,087,273765,20755,20609,1096,21705,223
2021-11-14,Shasta,089,179085,22052,21771,3745,25516,373
2021-11-14,Sierra,091,2930,193,189,23,212,0
2021-11-14,Siskiyou,093,43540,3351,3302,1370,4672,54
2021-11-14,Solano,095,438530,46017,45860,1267,47127,351
2021-11-14,Sonoma,097,501317,42120,41974,546,42520,401
2021-11-14,Stanislaus,099,539301,80423,80076,9312,89388,1174
2021-11-14,Sutter,101,95872,14071,14031,376,14407,181
2021-11-14,Tehama,103,63373,8656,8607,1554,10161,125
2021-11-14,Trinity,105,12862,794,754,202,956,17
2021-11-14,Tulare,107,460477,69162,68772,16216,84988,1037
2021-11-14,Tuolumne,109,53932,7526,7439,105,7544,90
2021-11-14,Ventura,111,848112,98900,98550,4471,103021,1183
2021-11-14,Yolo,113,214977,20087,20040,1229,21269,255
2021-11-14,Yuba,115,75493,10294,10238,363,10601,85
2021-11-13,Alameda,001,1643700,121020,120407,3029,123436,1454
2021-11-13,Alpine,003,1148,105,105,0,105,0
2021-11-13,Amador,005,37829,5649,5614,68,5682,66
2021-11-13,Butte,007,227075,21276,21104,3914,25018,296
2021-11-13,Calaveras,009,45235,4253,4203,63,4266,83
2021-11-13,Colusa,011,21464,2561,2522,668,3190,19
2021-11-13,Contra Costa,013,1133247,100427,100004,2331,102335,1028
2021-11-13,Del Norte,015,27424,3692,3629,57,3686,42
2021-11-13,El Dorado,017,186661,16315,16163,1781,17944,159
2021-11-13,Fresno,019,978130,142631,141452,12657,154109,2205
2021-11-13,Glenn,021,27897,3527,3514,1018,4532,34
2021-11-13,Humboldt,023,135768,9305,9177,633,9810,115
2021-11-13,Imperial,025,180216,34273,33990,3515,37505,766
2021-11-13,Inyo,027,18085,2465,2436,36,2472,42
2021-11-13,Kern,029,883053,129813,128472,23729,152201,1719
2021-11-13,Kings,031,150075,32733,32452,2126,34578,347
2021-11-13,Lake,033,64148,6840,6769,153,6922,109
2021-11-13,Lassen,035,31185,6956,6897,418,7315,47
2021-11-13,Los Angeles,037,10098052,1448981,1443088,57703,1500791,26649
2021-11-13,Madera,039,155013,23766,23462,2144,25606,287
2021-11-13,Marin,041,260295,17764,17684,484,18168,247
2021-11-13,Mariposa,043,17540,1370,1323,44,1367,6
2021-11-13,Mendocino,045,87422,7746,7652,616,8268,89
2021-11-13,Merced,047,269075,42655,42411,1924,44335,644
2021-11-13,Modoc,049,8938,557,536,201,737,5
2021-11-13,Mono,051,14174,1758,1750,19,1769,4
2021-11-13,Monterey,053,433212,48267,48087,3960,52047,609
2021-11-13,Napa,055,140530,13192,13110,114,13224,103
2021-11-13,Nevada,057,99092,9478,9369,346,9715,92
2021-11-13,Orange,059,3164182,309961,308211,15975,324186,5641
2021-11-13,Placer,061,380077,37773,37453,3872,41325,445
2021-11-13,Plumas,063,18699,1859,1828,51,1879,8
2021-11-13,Riverside,065,2383286,366245,363801,17203,381004,5187
2021-11-13,Sacramento,067,1510023,161303,160397,4962,165359,2291
2021-11-13,San Benito,069,59416,7510,7491,184,7675,77
2021-11-13,San Bernardino,071,2135413,358749,356325,11850,368175,5873
2021-11-13,San Diego,073,3302833,380220,377633,22048,399681,4280
2021-11-13,San Francisco,075,870044,53503,53195,2779,55974,667
2021-11-13,San Joaquin,077,732212,100893,100263,5717,105980,1799
2021-11-13,San Luis Obispo,079,281455,29840,29589,1307,30896,351
2021-11-13,San Mateo,081,765935,54092,53853,1704,55557,574
2021-11-13,Santa Barbara,083,443738,45075,44734,1711,46445,537
2021-11-13,Santa Clara,085,1922200,148860,147821,1464,149285,1905
2021-11-13,Santa Cruz,087,273765,20740,20565,1095,21660,223
2021-11-13,Shasta,089,179085,22021,21713,3741,25454,366
2021-11-13,Sierra,091,2930,192,188,23,211,0
2021-11-13,Siskiyou,093,43540,3342,3299,1369,4668,54
2021-11-13,Solano,095,438530,45989,45774,1263,47037,350
2021-11-13,Sonoma,097,501317,42086,41882,545,42427,399
2021-11-13,Stanislaus,099,539301,80347,79872,9297,89169,1174
2021-11-13,Sutter,101,95872,14061,14017,375,14392,181
2021-11-13,Tehama,103,63373,8650,8592,1550,10142,125
2021-11-13,Trinity,105,12862,793,749,202,951,17
2021-11-13,Tulare,107,460477,69095,68619,16193,84812,1033
2021-11-13,Tuolumne,109,53932,7510,7392,105,7497,90
2021-11-13,Ventura,111,848112,98837,98452,4469,102921,1183
2021-11-13,Yolo,113,214977,20071,20009,1224,21233,255
2021-11-13,Yuba,115,75493,10284,10218,361,10579,85
2021-11-12,Alameda,001,1643700,120939,120407,3026,123433,1454
2021-11-12,Alpine,003,1148,105,105,0,105,0
2021-11-12,Amador,005,37829,5643,5614,67,5681,66
2021-11-12,Butte,007,227075,21259,21104,3911,25015,296
2021-11-12,Calaveras,009,45235,4242,4203,63,4266,83
2021-11-12,Colusa,011,21464,2557,2522,667,3189,19
2021-11-12,Contra Costa,013,1133247,100373,100004,2330,102334,1028
2021-11-12,Del Norte,015,27424,3692,3629,57,3686,42
2021-11-12,El Dorado,017,186661,16296,16163,1780,17943,159
2021-11-12,Fresno,019,978130,142490,141452,12647,154099,2205
2021-11-12,Glenn,021,27897,3524,3514,1017,4531,34
2021-11-12,Humboldt,023,135768,9298,9177,631,9808,115
2021-11-12,Imperial,025,180216,34244,33990,3505,37495,766
2021-11-12,Inyo,027,18085,2461,2436,36,2472,42
2021-11-12,Kern,029,883053,129675,128472,23698,152170,1719
2021-11-12,Kings,031,150075,32707,32452,2125,34577,347
2021-11-12,Lake,033,64148,6836,6769,153,6922,109
2021-11-12,Lassen,035,31185,6952,6897,417,7314,47
2021-11-12,Los Angeles,037,10098052,1448262,1443088,57655,1500743,26649
2021-11-12,Madera,039,155013,23736,23462,2138,25600,287
2021-11-12,Marin,041,260295,17748,17684,483,18167,247
2021-11-12,Mariposa,043,17540,1363,1323,44,1367,6
2021-11-12,Mendocino,045,87422,7735,7652,613,8265,89
2021-11-12,Merced,047,269075,42628,42411,1922,44333,644
2021-11-12,Modoc,049,8938,556,536,201,737,5
2021-11-12,Mono,051,14174,1757,1750,19,1769,4
2021-11-12,Monterey,053,433212,48248,48087,3941,52028,609
2021-11-12,Napa,055,140530,13183,13110,114,13224,103
2021-11-12,Nevada,057,99092,9464,9369,345,9714,92
2021-11-12,Orange,059,3164182,309773,308211,15957,324168,5641
2021-11-12,Placer,061,380077,37733,37453,3869,41322,445
2021-11-12,Plumas,063,18699,1854,1828,51,1879,8
2021-11-12,Riverside,065,2383286,365978,363801,17199,381000,5187
2021-11-12,Sacramento,067,1510023,161145,160397,4957,165354,2291
2021-11-12,San Benito,069,59416,7510,7491,184,7675,77
2021-11-12,San Bernardino,071,2135413,358451,356325,11844,368169,5873
2021-11-12,San Diego,073,3302833,379846,377633,22022,399655,4280
2021-11-12,San Francisco,075,870044,53468,53195,2775,55970,667
2021-11-12,San Joaquin,077,732212,100849,100263,5711,105974,1799
2021-11-12,San Luis Obispo,079,281455,29811,29589,1306,30895,351
2021-11-12,San Mateo,081,765935,54045,53853,1699,55552,574
2021-11-12,Santa Barbara,083,443738,45021,44734,1710,46444,537
2021-11-12,Santa Clara,085,1922200,148717,147821,1459,149280,1905
2021-11-12,Santa Cruz,087,273765,20713,20565,1093,21658,223
2021-11-12,Shasta,089,179085,21989,21713,3737,25450,366
2021-11-12,Sierra,091,2930,191,188,23,211,0
2021-11-12,Siskiyou,093,43540,3341,3299,1367,4666,54
2021-11-12,Solano,095,438530,45963,45774,1260,47034,350
2021-11-12,Sonoma,097,501317,42045,41882,545,42427,399
2021-11-12,Stanislaus,099,539301,80294,79872,9289,89161,1174
2021-11-12,Sutter,101,95872,14053,14017,375,14392,181
2021-11-12,Tehama,103,63373,8646,8592,1549,10141,125
2021-11-12,Trinity,105,12862,786,749,202,951,17
2021-11-12,Tulare,107,460477,69052,68619,16158,84777,1033
2021-11-12,Tuolumne,109,53932,7498,7392,104,7496,90
2021-11-12,Ventura,111,848112,98772,98452,4468,102920,1183
2021-11-12,Yolo,113,214977,20057,20009,1218,21227,255
2021-11-12,Yuba,115,75493,10275,10218,360,10578,85
2021-11-11,Alameda,001,1643700,120823,120147,3018,123165,1453
2021-11-11,Alpine,003,1148,105,105,0,105,0
2021-11-11,Amador,005,37829,5639,5603,66,5669,66
2021-11-11,Butte,007,227075,21217,21047,3906,24953,293
2021-11-11,Calaveras,009,45235,4224,4179,63,4242,83
2021-11-11,Colusa,011,21464,2549,2518,665,3183,19
2021-11-11,Contra Costa,013,1133247,100269,99808,2324,102132,1028
2021-11-11,Del Norte,015,27424,3690,3622,57,3679,42
2021-11-11,El Dorado,017,186661,16263,16085,1777,17862,159
2021-11-11,Fresno,019,978130,142288,140833,12620,153453,2202
2021-11-11,Glenn,021,27897,3522,3503,1017,4520,34
2021-11-11,Humboldt,023,135768,9275,9125,628,9753,115
2021-11-11,Imperial,025,180216,34175,33844,3483,37327,766
2021-11-11,Inyo,027,18085,2456,2428,36,2464,42
2021-11-11,Kern,029,883053,129492,128023,23634,151657,1709
2021-11-11,Kings,031,150075,32657,32318,2122,34440,345
2021-11-11,Lake,033,64148,6830,6745,153,6898,107
2021-11-11,Lassen,035,31185,6946,6875,417,7292,47
2021-11-11,Los Angeles,037,10098052,1447178,1440436,57593,1498029,26614
2021-11-11,Madera,039,155013,23689,23316,2129,25445,287
2021-11-11,Marin,041,260295,17738,17639,483,18122,247
2021-11-11,Mariposa,043,17540,1353,1317,44,1361,6
2021-11-11,Mendocino,045,87422,7721,7612,603,8215,89
2021-11-11,Merced,047,269075,42573,42292,1920,44212,643
2021-11-11,Modoc,049,8938,554,536,201,737,5
2021-11-11,Mono,051,14174,1748,1743,19,1762,4
2021-11-11,Monterey,053,433212,48219,48008,3923,51931,609
2021-11-11,Napa,055,140530,13174,13075,114,13189,103
2021-11-11,Nevada,057,99092,9442,9308,345,9653,92
2021-11-11,Orange,059,3164182,309504,307674,15920,323594,5633
2021-11-11,Placer,061,380077,37683,37333,3860,41193,440
2021-11-11,Plumas,063,18699,1850,1814,51,1865,7
2021-11-11,Riverside,065,2383286,365547,362930,17181,380111,5175
2021-11-11,Sacramento,067,1510023,160934,159962,4937,164899,2289
2021-11-11,San Benito,069,59416,7502,7473,184,7657,76
2021-11-11,San Bernardino,071,2135413,358031,355413,11833,367246,5849
2021-11-11,San Diego,073,3302833,379333,376428,21997,398425,4272
2021-11-11,San Francisco,075,870044,53410,53063,2771,55834,666
2021-11-11,San Joaquin,077,732212,100753,99937,5695,105632,1799
2021-11-11,San Luis Obispo,079,281455,29760,29532,1304,30836,351
2021-11-11,San Mateo,081,765935,54006,53722,1683,55405,574
2021-11-11,Santa Barbara,083,443738,44964,44603,1707,46310,534
2021-11-11,Santa Clara,085,1922200,148537,147458,1452,148910,1901
2021-11-11,Santa Cruz,087,273765,20669,20479,1092,21571,222
2021-11-11,Shasta,089,179085,21942,21600,3736,25336,364
2021-11-11,Sierra,091,2930,190,186,23,209,0
2021-11-11,Siskiyou,093,43540,3335,3297,1366,4663,53
2021-11-11,Solano,095,438530,45925,45679,1259,46938,350
2021-11-11,Sonoma,097,501317,42010,41774,545,42319,395
2021-11-11,Stanislaus,099,539301,80210,79570,9275,88845,1166
2021-11-11,Sutter,101,95872,14040,13993,374,14367,181
2021-11-11,Tehama,103,63373,8634,8565,1547,10112,125
2021-11-11,Trinity,105,12862,785,748,202,950,17
2021-11-11,Tulare,107,460477,68961,68367,16119,84486,1028
2021-11-11,Tuolumne,109,53932,7485,7354,104,7458,90
2021-11-11,Ventura,111,848112,98685,98297,4462,102759,1182
2021-11-11,Yolo,113,214977,20030,19946,1216,21162,255
2021-11-11,Yuba,115,75493,10259,10191,360,10551,85
2021-11-10,Alameda,001,1643700,120715,120147,3009,123156,1453
2021-11-10,Alpine,003,1148,105,105,0,105,0
2021-11-10,Amador,005,37829,5633,5603,66,5669,66
2021-11-10,Butte,007,227075,21191,21047,3902,24949,293
2021-11-10,Calaveras,009,45235,4213,4179,63,4242,83
2021-11-10,Colusa,011,21464,2543,2518,665,3183,19
2021-11-10,Contra Costa,013,1133247,100187,99808,2320,102128,1028
2021-11-10,Del Norte,015,27424,3689,3622,57,3679,42
2021-11-10,El Dorado,017,186661,16247,16085,1776,17861,159
2021-11-10,Fresno,019,978130,142109,140833,12610,153443,2202
2021-11-10,Glenn,021,27897,3522,3503,1016,4519,34
2021-11-10,Humboldt,023,135768,9257,9125,628,9753,115
2021-11-10,Imperial,025,180216,34121,33844,3464,37308,766
2021-11-10,Inyo,027,18085,2449,2428,36,2464,42
2021-11-10,Kern,029,883053,129343,128023,23578,151601,1709
2021-11-10,Kings,031,150075,32625,32318,2120,34438,345
2021-11-10,Lake,033,64148,6820,6745,153,6898,107
2021-11-10,Lassen,035,31185,6941,6875,417,7292,47
2021-11-10,Los Angeles,037,10098052,1446235,1440436,57537,1497973,26614
2021-11-10,Madera,039,155013,23640,23316,2125,25441,287
2021-11-10,Marin,041,260295,17725,17639,481,18120,247
2021-11-10,Mariposa,043,17540,1347,1317,44,1361,6
2021-11-10,Mendocino,045,87422,7709,7612,602,8214,89
2021-11-10,Merced,047,269075,42538,42292,1918,44210,643
2021-11-10,Modoc,049,8938,553,536,200,736,5
2021-11-10,Mono,051,14174,1746,1743,19,1762,4
2021-11-10,Monterey,053,433212,48193,48008,3904,51912,609
2021-11-10,Napa,055,140530,13160,13075,113,13188,103
2021-11-10,Nevada,057,99092,9435,9308,343,9651,92
2021-11-10,Orange,059,3164182,309247,307674,15890,323564,5633
2021-11-10,Placer,061,380077,37637,37333,3853,41186,440
2021-11-10,Plumas,063,18699,1847,1814,50,1864,7
2021-11-10,Riverside,065,2383286,365168,362930,17175,380105,5175
2021-11-10,Sacramento,067,1510023,160780,159962,4927,164889,2289
2021-11-10,San Benito,069,59416,7494,7473,184,7657,76
2021-11-10,San Bernardino,071,2135413,357695,355413,11828,367241,5849
2021-11-10,San Diego,073,3302833,378920,376428,21972,398400,4272
2021-11-10,San Francisco,075,870044,53349,53063,2767,55830,666
2021-11-10,San Joaquin,077,732212,100646,99937,5689,105626,1799
2021-11-10,San Luis Obispo,079,281455,29730,29532,1303,30835,351
2021-11-10,San Mateo,081,765935,53959,53722,1678,55400,574
2021-11-10,Santa Barbara,083,443738,44926,44603,1706,46309,534
2021-11-10,Santa Clara,085,1922200,148392,147458,1445,148903,1901
2021-11-10,Santa Cruz,087,273765,20642,20479,1091,21570,222
2021-11-10,Shasta,089,179085,21906,21600,3734,25334,364
2021-11-10,Sierra,091,2930,189,186,23,209,0
2021-11-10,Siskiyou,093,43540,3333,3297,1366,4663,53
2021-11-10,Solano,095,438530,45896,45679,1257,46936,350
2021-11-10,Sonoma,097,501317,41960,41774,545,42319,395
2021-11-10,Stanislaus,099,539301,80109,79570,9258,88828,1166
2021-11-10,Sutter,101,95872,14032,13993,374,14367,181
2021-11-10,Tehama,103,63373,8623,8565,1541,10106,125
2021-11-10,Trinity,105,12862,782,748,201,949,17
2021-11-10,Tulare,107,460477,68902,68367,16079,84446,1028
2021-11-10,Tuolumne,109,53932,7461,7354,104,7458,90
2021-11-10,Ventura,111,848112,98610,98297,4462,102759,1182
2021-11-10,Yolo,113,214977,20012,19946,1216,21162,255
2021-11-10,Yuba,115,75493,10250,10191,360,10551,85
2021-11-09,Alameda,001,1643700,120579,120051,3000,123051,1450
2021-11-09,Alpine,003,1148,105,105,0,105,0
2021-11-09,Amador,005,37829,5629,5596,66,5662,66
2021-11-09,Butte,007,227075,21170,21022,3900,24922,291
2021-11-09,Calaveras,009,45235,4209,4174,63,4237,84
2021-11-09,Colusa,011,21464,2538,2517,664,3181,19
2021-11-09,Contra Costa,013,1133247,100094,99732,2313,102045,1028
2021-11-09,Del Norte,015,27424,3688,3620,57,3677,42
2021-11-09,El Dorado,017,186661,16210,16073,1771,17844,160
2021-11-09,Fresno,019,978130,141868,140666,12596,153262,2188
2021-11-09,Glenn,021,27897,3517,3499,1015,4514,34
2021-11-09,Humboldt,023,135768,9234,9112,623,9735,115
2021-11-09,Imperial,025,180216,34069,33751,3450,37201,766
2021-11-09,Inyo,027,18085,2445,2404,36,2440,42
2021-11-09,Kern,029,883053,129099,127901,23517,151418,1694
2021-11-09,Kings,031,150075,32558,32279,2116,34395,344
2021-11-09,Lake,033,64148,6811,6743,153,6896,106
2021-11-09,Lassen,035,31185,6929,6846,417,7263,47
2021-11-09,Los Angeles,037,10098052,1444997,1439125,57475,1496600,26581
2021-11-09,Madera,039,155013,23589,23285,2117,25402,287
2021-11-09,Marin,041,260295,17706,17630,479,18109,247
2021-11-09,Mariposa,043,17540,1339,1317,43,1360,5
2021-11-09,Mendocino,045,87422,7686,7598,596,8194,85
2021-11-09,Merced,047,269075,42497,42251,1913,44164,613
2021-11-09,Modoc,049,8938,552,536,198,734,5
2021-11-09,Mono,051,14174,1741,1738,19,1757,4
2021-11-09,Monterey,053,433212,48161,47975,3873,51848,609
2021-11-09,Napa,055,140530,13142,13051,113,13164,103
2021-11-09,Nevada,057,99092,9416,9288,343,9631,92
2021-11-09,Orange,059,3164182,308964,307412,15864,323276,5621
2021-11-09,Placer,061,380077,37583,37291,3836,41127,440
2021-11-09,Plumas,063,18699,1845,1802,50,1852,7
2021-11-09,Riverside,065,2383286,364703,362557,17160,379717,5160
2021-11-09,Sacramento,067,1510023,160545,159856,4914,164770,2286
2021-11-09,San Benito,069,59416,7483,7471,183,7654,76
2021-11-09,San Bernardino,071,2135413,357247,354972,11812,366784,5839
2021-11-09,San Diego,073,3302833,378419,375997,21940,397937,4272
2021-11-09,San Francisco,075,870044,53278,52996,2760,55756,666
2021-11-09,San Joaquin,077,732212,100471,99848,5676,105524,1794
2021-11-09,San Luis Obispo,079,281455,29689,29488,1302,30790,350
2021-11-09,San Mateo,081,765935,53915,53697,1664,55361,574
2021-11-09,Santa Barbara,083,443738,44859,44579,1699,46278,533
2021-11-09,Santa Clara,085,1922200,148188,147281,1438,148719,1901
2021-11-09,Santa Cruz,087,273765,20607,20463,1090,21553,222
2021-11-09,Shasta,089,179085,21851,21558,3729,25287,364
2021-11-09,Sierra,091,2930,189,186,23,209,0
2021-11-09,Siskiyou,093,43540,3331,3295,1364,4659,52
2021-11-09,Solano,095,438530,45842,45639,1256,46895,350
2021-11-09,Sonoma,097,501317,41906,41727,544,42271,395
2021-11-09,Stanislaus,099,539301,80005,79505,9242,88747,1165
2021-11-09,Sutter,101,95872,14017,13988,372,14360,180
2021-11-09,Tehama,103,63373,8603,8555,1539,10094,125
2021-11-09,Trinity,105,12862,781,746,201,947,17
2021-11-09,Tulare,107,460477,68800,68298,16038,84336,1024
2021-11-09,Tuolumne,109,53932,7442,7347,104,7451,90
2021-11-09,Ventura,111,848112,98531,98202,4457,102659,1182
2021-11-09,Yolo,113,214977,19988,19931,1212,21143,255
2021-11-09,Yuba,115,75493,10233,10175,354,10529,85
2021-11-08,Alameda,001,1643700,120440,119983,2993,122976,1447
2021-11-08,Alpine,003,1148,105,105,0,105,0
2021-11-08,Amador,005,37829,5623,5590,66,5656,66
2021-11-08,Butte,007,227075,21142,21000,3892,24892,288
2021-11-08,Calaveras,009,45235,4201,4166,63,4229,82
2021-11-08,Colusa,011,21464,2537,2514,663,3177,19
2021-11-08,Contra Costa,013,1133247,99994,99669,2308,101977,1028
2021-11-08,Del Norte,015,27424,3684,3619,57,3676,42
2021-11-08,El Dorado,017,186661,16192,16055,1766,17821,156
2021-11-08,Fresno,019,978130,141569,140466,12578,153044,2179
2021-11-08,Glenn,021,27897,3514,3496,1011,4507,34
2021-11-08,Humboldt,023,135768,9207,9095,613,9708,109
2021-11-08,Imperial,025,180216,33991,33690,3431,37121,766
2021-11-08,Inyo,027,18085,2438,2398,36,2434,41
2021-11-08,Kern,029,883053,128865,127722,23435,151157,1692
2021-11-08,Kings,031,150075,32511,32248,2115,34363,344
2021-11-08,Lake,033,64148,6805,6737,153,6890,106
2021-11-08,Lassen,035,31185,6922,6830,415,7245,46
2021-11-08,Los Angeles,037,10098052,1443661,1438322,57415,1495737,26575
2021-11-08,Madera,039,155013,23540,23253,2107,25360,287
2021-11-08,Marin,041,260295,17689,17617,476,18093,247
2021-11-08,Mariposa,043,17540,1331,1316,42,1358,5
2021-11-08,Mendocino,045,87422,7672,7581,590,8171,85
2021-11-08,Merced,047,269075,42427,42224,1904,44128,607
2021-11-08,Modoc,049,8938,551,529,198,727,5
2021-11-08,Mono,051,14174,1735,1739,19,1758,4
2021-11-08,Monterey,053,433212,48134,47942,3838,51780,602
2021-11-08,Napa,055,140530,13128,13045,113,13158,103
2021-11-08,Nevada,057,99092,9398,9278,341,9619,92
2021-11-08,Orange,059,3164182,308692,307156,15832,322988,5616
2021-11-08,Placer,061,380077,37529,37250,3833,41083,439
2021-11-08,Plumas,063,18699,1844,1788,49,1837,7
2021-11-08,Riverside,065,2383286,364250,362201,17145,379346,5152
2021-11-08,Sacramento,067,1510023,160331,159735,4893,164628,2275
2021-11-08,San Benito,069,59416,7481,7461,183,7644,75
2021-11-08,San Bernardino,071,2135413,356746,354741,11790,366531,5836
2021-11-08,San Diego,073,3302833,377834,375557,21890,397447,4259
2021-11-08,San Francisco,075,870044,53224,52942,2754,55696,666
2021-11-08,San Joaquin,077,732212,100357,99736,5674,105410,1794
2021-11-08,San Luis Obispo,079,281455,29640,29464,1299,30763,350
2021-11-08,San Mateo,081,765935,53843,53658,1656,55314,574
2021-11-08,Santa Barbara,083,443738,44805,44548,1698,46246,532
2021-11-08,Santa Clara,085,1922200,147961,147183,1432,148615,1899
2021-11-08,Santa Cruz,087,273765,20578,20435,1090,21525,222
2021-11-08,Shasta,089,179085,21804,21504,3723,25227,354
2021-11-08,Sierra,091,2930,189,183,23,206,0
2021-11-08,Siskiyou,093,43540,3327,3290,1353,4643,50
2021-11-08,Solano,095,438530,45801,45613,1254,46867,350
2021-11-08,Sonoma,097,501317,41838,41669,542,42211,395
2021-11-08,Stanislaus,099,539301,79852,79417,9228,88645,1150
2021-11-08,Sutter,101,95872,14009,13976,368,14344,180
2021-11-08,Tehama,103,63373,8593,8534,1539,10073,123
2021-11-08,Trinity,105,12862,781,743,200,943,13
2021-11-08,Tulare,107,460477,68683,68199,16000,84199,1020
2021-11-08,Tuolumne,109,53932,7423,7328,103,7431,90
2021-11-08,Ventura,111,848112,98438,98144,4454,102598,1182
2021-11-08,Yolo,113,214977,19950,19916,1207,21123,255
2021-11-08,Yuba,115,75493,10222,10172,351,10523,83
2021-11-07,Alameda,001,1643700,120287,119902,2988,122890,1444
2021-11-07,Alpine,003,1148,105,105,0,105,0
2021-11-07,Amador,005,37829,5616,5580,64,5644,66
2021-11-07,Butte,007,227075,21102,20969,3886,24855,288
2021-11-07,Calaveras,009,45235,4174,4158,62,4220,82
2021-11-07,Colusa,011,21464,2531,2511,661,3172,19
2021-11-07,Contra Costa,013,1133247,99885,99596,2301,101897,1028
2021-11-07,Del Norte,015,27424,3682,3617,57,3674,42
2021-11-07,El Dorado,017,186661,16155,16040,1763,17803,156
2021-11-07,Fresno,019,978130,141228,140263,12555,152818,2179
2021-11-07,Glenn,021,27897,3507,3493,1010,4503,34
2021-11-07,Humboldt,023,135768,9182,9074,609,9683,109
2021-11-07,Imperial,025,180216,33917,33674,3412,37086,766
2021-11-07,Inyo,027,18085,2425,2394,36,2430,41
2021-11-07,Kern,029,883053,128593,127583,23345,150928,1692
2021-11-07,Kings,031,150075,32421,32221,2109,34330,343
2021-11-07,Lake,033,64148,6789,6734,152,6886,106
2021-11-07,Lassen,035,31185,6913,6819,411,7230,46
2021-11-07,Los Angeles,037,10098052,1442181,1437314,57336,1494650,26573
2021-11-07,Madera,039,155013,23494,23225,2101,25326,287
2021-11-07,Marin,041,260295,17669,17594,475,18069,247
2021-11-07,Mariposa,043,17540,1330,1306,42,1348,5
2021-11-07,Mendocino,045,87422,7643,7567,586,8153,85
2021-11-07,Merced,047,269075,42346,42186,1874,44060,607
2021-11-07,Modoc,049,8938,548,528,197,725,5
2021-11-07,Mono,051,14174,1731,1739,19,1758,4
2021-11-07,Monterey,053,433212,48096,47924,3820,51744,602
2021-11-07,Napa,055,140530,13107,13041,113,13154,103
2021-11-07,Nevada,057,99092,9350,9254,341,9595,92
2021-11-07,Orange,059,3164182,308374,306954,15798,322752,5616
2021-11-07,Placer,061,380077,37452,37202,3818,41020,439
2021-11-07,Plumas,063,18699,1837,1787,48,1835,7
2021-11-07,Riverside,065,2383286,363717,361960,17125,379085,5152
2021-11-07,Sacramento,067,1510023,160100,159549,4875,164424,2277
2021-11-07,San Benito,069,59416,7468,7460,183,7643,75
2021-11-07,San Bernardino,071,2135413,356246,354488,11767,366255,5832
2021-11-07,San Diego,073,3302833,377252,375165,21854,397019,4250
2021-11-07,San Francisco,075,870044,53143,52868,2745,55613,666
2021-11-07,San Joaquin,077,732212,100174,99696,5668,105364,1794
2021-11-07,San Luis Obispo,079,281455,29591,29454,1295,30749,350
2021-11-07,San Mateo,081,765935,53784,53600,1654,55254,574
2021-11-07,Santa Barbara,083,443738,44742,44501,1697,46198,532
2021-11-07,Santa Clara,085,1922200,147760,147054,1419,148473,1898
2021-11-07,Santa Cruz,087,273765,20520,20397,1089,21486,222
2021-11-07,Shasta,089,179085,21757,21479,3717,25196,354
2021-11-07,Sierra,091,2930,187,183,23,206,0
2021-11-07,Siskiyou,093,43540,3322,3289,1350,4639,51
2021-11-07,Solano,095,438530,45749,45582,1249,46831,350
2021-11-07,Sonoma,097,501317,41789,41630,542,42172,395
2021-11-07,Stanislaus,099,539301,79700,79351,9207,88558,1150
2021-11-07,Sutter,101,95872,13996,13964,365,14329,180
2021-11-07,Tehama,103,63373,8570,8528,1537,10065,121
2021-11-07,Trinity,105,12862,780,742,199,941,13
2021-11-07,Tulare,107,460477,68530,68145,15956,84101,1020
2021-11-07,Tuolumne,109,53932,7405,7300,101,7401,90
2021-11-07,Ventura,111,848112,98334,98085,4452,102537,1182
2021-11-07,Yolo,113,214977,19930,19899,1202,21101,255
2021-11-07,Yuba,115,75493,10205,10162,346,10508,83
2021-11-06,Alameda,001,1643700,120229,119499,2985,122484,1436
2021-11-06,Alpine,003,1148,105,105,0,105,0
2021-11-06,Amador,005,37829,5610,5557,64,5621,66
2021-11-06,Butte,007,227075,21082,20796,3884,24680,288
2021-11-06,Calaveras,009,45235,4166,4105,62,4167,82
2021-11-06,Colusa,011,21464,2530,2501,660,3161,19
2021-11-06,Contra Costa,013,1133247,99830,99282,2299,101581,1025
2021-11-06,Del Norte,015,27424,3679,3607,57,3664,42
2021-11-06,El Dorado,017,186661,16138,15958,1763,17721,156
2021-11-06,Fresno,019,978130,141111,139249,12553,151802,2170
2021-11-06,Glenn,021,27897,3504,3479,1010,4489,33
2021-11-06,Humboldt,023,135768,9170,8972,605,9577,109
2021-11-06,Imperial,025,180216,33871,33471,3406,36877,766
2021-11-06,Inyo,027,18085,2419,2353,36,2389,41
2021-11-06,Kern,029,883053,128460,126848,23292,150140,1684
2021-11-06,Kings,031,150075,32389,32018,2104,34122,342
2021-11-06,Lake,033,64148,6787,6695,152,6847,106
2021-11-06,Lassen,035,31185,6908,6796,410,7206,46
2021-11-06,Los Angeles,037,10098052,1441408,1433081,57291,1490372,26533
2021-11-06,Madera,039,155013,23458,22994,2092,25086,287
2021-11-06,Marin,041,260295,17650,17520,472,17992,247
2021-11-06,Mariposa,043,17540,1328,1282,42,1324,5
2021-11-06,Mendocino,045,87422,7621,7486,586,8072,85
2021-11-06,Merced,047,269075,42322,41958,1866,43824,604
2021-11-06,Modoc,049,8938,547,523,197,720,5
2021-11-06,Mono,051,14174,1730,1725,19,1744,4
2021-11-06,Monterey,053,433212,48071,47830,3803,51633,602
2021-11-06,Napa,055,140530,13096,12950,113,13063,103
2021-11-06,Nevada,057,99092,9328,9169,340,9509,91
2021-11-06,Orange,059,3164182,308168,306049,15771,321820,5611
2021-11-06,Placer,061,380077,37411,36967,3815,40782,438
2021-11-06,Plumas,063,18699,1833,1755,47,1802,7
2021-11-06,Riverside,065,2383286,363398,360584,17116,377700,5138
2021-11-06,Sacramento,067,1510023,160008,158766,4870,163636,2263
2021-11-06,San Benito,069,59416,7461,7429,183,7612,75
2021-11-06,San Bernardino,071,2135413,355979,353142,11763,364905,5813
2021-11-06,San Diego,073,3302833,376906,373423,21835,395258,4246
2021-11-06,San Francisco,075,870044,53089,52556,2742,55298,666
2021-11-06,San Joaquin,077,732212,100118,99372,5667,105039,1782
2021-11-06,San Luis Obispo,079,281455,29563,29335,1291,30626,350
2021-11-06,San Mateo,081,765935,53754,53442,1649,55091,574
2021-11-06,Santa Barbara,083,443738,44706,44301,1696,45997,532
2021-11-06,Santa Clara,085,1922200,147615,146519,1414,147933,1894
2021-11-06,Santa Cruz,087,273765,20501,20311,1087,21398,222
2021-11-06,Shasta,089,179085,21738,21281,3712,24993,349
2021-11-06,Sierra,091,2930,187,181,23,204,0
2021-11-06,Siskiyou,093,43540,3322,3279,1348,4627,48
2021-11-06,Solano,095,438530,45719,45465,1248,46713,350
2021-11-06,Sonoma,097,501317,41740,41398,541,41939,395
2021-11-06,Stanislaus,099,539301,79632,78902,9199,88101,1193
2021-11-06,Sutter,101,95872,13992,13908,364,14272,180
2021-11-06,Tehama,103,63373,8560,8474,1535,10009,120
2021-11-06,Trinity,105,12862,778,732,199,931,11
2021-11-06,Tulare,107,460477,68482,67767,15927,83694,1010
2021-11-06,Tuolumne,109,53932,7392,7245,101,7346,90
2021-11-06,Ventura,111,848112,98268,97770,4448,102218,1180
2021-11-06,Yolo,113,214977,19913,19827,1198,21025,255
2021-11-06,Yuba,115,75493,10191,10107,346,10453,83
2021-11-05,Alameda,001,1643700,120150,119499,2983,122482,1436
2021-11-05,Alpine,003,1148,105,105,0,105,0
2021-11-05,Amador,005,37829,5605,5557,64,5621,66
2021-11-05,Butte,007,227075,21068,20796,3884,24680,288
2021-11-05,Calaveras,009,45235,4161,4105,62,4167,82
2021-11-05,Colusa,011,21464,2530,2501,659,3160,19
2021-11-05,Contra Costa,013,1133247,99765,99282,2297,101579,1025
2021-11-05,Del Norte,015,27424,3677,3607,57,3664,42
2021-11-05,El Dorado,017,186661,16120,15958,1757,17715,156
2021-11-05,Fresno,019,978130,140933,139249,12544,151793,2170
2021-11-05,Glenn,021,27897,3504,3479,1010,4489,33
2021-11-05,Humboldt,023,135768,9156,8972,605,9577,109
2021-11-05,Imperial,025,180216,33836,33471,3403,36874,766
2021-11-05,Inyo,027,18085,2411,2353,36,2389,41
2021-11-05,Kern,029,883053,128332,126848,23236,150084,1684
2021-11-05,Kings,031,150075,32366,32018,2103,34121,342
2021-11-05,Lake,033,64148,6781,6695,152,6847,106
2021-11-05,Lassen,035,31185,6904,6796,409,7205,46
2021-11-05,Los Angeles,037,10098052,1440590,1433081,57253,1490334,26533
2021-11-05,Madera,039,155013,23420,22994,2091,25085,287
2021-11-05,Marin,041,260295,17628,17520,471,17991,247
2021-11-05,Mariposa,043,17540,1325,1282,41,1323,5
2021-11-05,Mendocino,045,87422,7610,7486,585,8071,85
2021-11-05,Merced,047,269075,42296,41958,1862,43820,604
2021-11-05,Modoc,049,8938,547,523,197,720,5
2021-11-05,Mono,051,14174,1730,1725,19,1744,4
2021-11-05,Monterey,053,433212,48048,47830,3796,51626,602
2021-11-05,Napa,055,140530,13074,12950,113,13063,103
2021-11-05,Nevada,057,99092,9315,9169,340,9509,91
2021-11-05,Orange,059,3164182,307979,306049,15750,321799,5611
2021-11-05,Placer,061,380077,37385,36967,3805,40772,438
2021-11-05,Plumas,063,18699,1826,1755,47,1802,7
2021-11-05,Riverside,065,2383286,363057,360584,17105,377689,5138
2021-11-05,Sacramento,067,1510023,159883,158766,4864,163630,2263
2021-11-05,San Benito,069,59416,7459,7429,182,7611,75
2021-11-05,San Bernardino,071,2135413,355652,353142,11752,364894,5813
2021-11-05,San Diego,073,3302833,376542,373423,21822,395245,4246
2021-11-05,San Francisco,075,870044,53039,52556,2738,55294,666
2021-11-05,San Joaquin,077,732212,100065,99372,5658,105030,1782
2021-11-05,San Luis Obispo,079,281455,29541,29335,1291,30626,350
2021-11-05,San Mateo,081,765935,53716,53442,1647,55089,574
2021-11-05,Santa Barbara,083,443738,44662,44301,1696,45997,532
2021-11-05,Santa Clara,085,1922200,147477,146519,1413,147932,1894
2021-11-05,Santa Cruz,087,273765,20477,20311,1086,21397,222
2021-11-05,Shasta,089,179085,21706,21281,3707,24988,349
2021-11-05,Sierra,091,2930,187,181,23,204,0
2021-11-05,Siskiyou,093,43540,3318,3279,1346,4625,48
2021-11-05,Solano,095,438530,45680,45465,1245,46710,350
2021-11-05,Sonoma,097,501317,41700,41398,541,41939,395
2021-11-05,Stanislaus,099,539301,79574,78902,9187,88089,1193
2021-11-05,Sutter,101,95872,13984,13908,363,14271,180
2021-11-05,Tehama,103,63373,8553,8474,1534,10008,120
2021-11-05,Trinity,105,12862,778,732,199,931,11
2021-11-05,Tulare,107,460477,68412,67767,15890,83657,1010
2021-11-05,Tuolumne,109,53932,7375,7245,100,7345,90
2021-11-05,Ventura,111,848112,98223,97770,4445,102215,1180
2021-11-05,Yolo,113,214977,19903,19827,1197,21024,255
2021-11-05,Yuba,115,75493,10178,10107,344,10451,83
2021-11-04,Alameda,001,1643700,120037,119499,2977,122476,1436
2021-11-04,Alpine,003,1148,105,105,0,105,0
2021-11-04,Amador,005,37829,5597,5557,64,5621,66
2021-11-04,Butte,007,227075,21026,20796,3877,24673,288
2021-11-04,Calaveras,009,45235,4147,4105,60,4165,82
2021-11-04,Colusa,011,21464,2524,2501,658,3159,19
2021-11-04,Contra Costa,013,1133247,99672,99282,2292,101574,1025
2021-11-04,Del Norte,015,27424,3674,3607,57,3664,42
2021-11-04,El Dorado,017,186661,16094,15958,1753,17711,156
2021-11-04,Fresno,019,978130,140654,139249,12537,151786,2170
2021-11-04,Glenn,021,27897,3499,3479,1009,4488,33
2021-11-04,Humboldt,023,135768,9131,8972,602,9574,109
2021-11-04,Imperial,025,180216,33777,33471,3394,36865,766
2021-11-04,Inyo,027,18085,2403,2353,36,2389,41
2021-11-04,Kern,029,883053,128099,126848,23171,150019,1684
2021-11-04,Kings,031,150075,32285,32018,2095,34113,342
2021-11-04,Lake,033,64148,6771,6695,150,6845,106
2021-11-04,Lassen,035,31185,6894,6796,404,7200,46
2021-11-04,Los Angeles,037,10098052,1439295,1433081,57166,1490247,26533
2021-11-04,Madera,039,155013,23365,22994,2081,25075,287
2021-11-04,Marin,041,260295,17616,17520,469,17989,247
2021-11-04,Mariposa,043,17540,1318,1282,41,1323,5
2021-11-04,Mendocino,045,87422,7597,7486,579,8065,85
2021-11-04,Merced,047,269075,42242,41958,1858,43816,604
2021-11-04,Modoc,049,8938,546,523,197,720,5
2021-11-04,Mono,051,14174,1727,1725,19,1744,4
2021-11-04,Monterey,053,433212,48013,47830,3772,51602,602
2021-11-04,Napa,055,140530,13053,12950,113,13063,103
2021-11-04,Nevada,057,99092,9284,9169,339,9508,91
2021-11-04,Orange,059,3164182,307733,306049,15731,321780,5611
2021-11-04,Placer,061,380077,37314,36967,3796,40763,438
2021-11-04,Plumas,063,18699,1818,1755,43,1798,7
2021-11-04,Riverside,065,2383286,362661,360584,17097,377681,5138
2021-11-04,Sacramento,067,1510023,159648,158766,4843,163609,2263
2021-11-04,San Benito,069,59416,7453,7429,182,7611,75
2021-11-04,San Bernardino,071,2135413,355221,353142,11745,364887,5813
2021-11-04,San Diego,073,3302833,376064,373423,21800,395223,4246
2021-11-04,San Francisco,075,870044,52962,52556,2734,55290,666
2021-11-04,San Joaquin,077,732212,99957,99372,5646,105018,1782
2021-11-04,San Luis Obispo,079,281455,29516,29335,1284,30619,350
2021-11-04,San Mateo,081,765935,53664,53442,1633,55075,574
2021-11-04,Santa Barbara,083,443738,44606,44301,1696,45997,532
2021-11-04,Santa Clara,085,1922200,147322,146519,1410,147929,1894
2021-11-04,Santa Cruz,087,273765,20442,20311,1086,21397,222
2021-11-04,Shasta,089,179085,21647,21281,3702,24983,349
2021-11-04,Sierra,091,2930,185,181,23,204,0
2021-11-04,Siskiyou,093,43540,3315,3279,1339,4618,48
2021-11-04,Solano,095,438530,45638,45465,1244,46709,350
2021-11-04,Sonoma,097,501317,41641,41398,541,41939,395
2021-11-04,Stanislaus,099,539301,79435,78902,9181,88083,1193
2021-11-04,Sutter,101,95872,13973,13908,361,14269,180
2021-11-04,Tehama,103,63373,8544,8474,1530,10004,120
2021-11-04,Trinity,105,12862,777,732,199,931,11
2021-11-04,Tulare,107,460477,68297,67767,15843,83610,1010
2021-11-04,Tuolumne,109,53932,7353,7245,98,7343,90
2021-11-04,Ventura,111,848112,98133,97770,4440,102210,1180
2021-11-04,Yolo,113,214977,19878,19827,1191,21018,255
2021-11-04,Yuba,115,75493,10164,10107,342,10449,83
2021-11-03,Alameda,001,1643700,119901,119356,2974,122330,1428
2021-11-03,Alpine,003,1148,105,105,0,105,0
2021-11-03,Amador,005,37829,5591,5545,63,5608,66
2021-11-03,Butte,007,227075,20981,20769,3868,24637,284
2021-11-03,Calaveras,009,45235,4129,4087,59,4146,82
2021-11-03,Colusa,011,21464,2518,2499,658,3157,20
2021-11-03,Contra Costa,013,1133247,99574,99168,2287,101455,1025
2021-11-03,Del Norte,015,27424,3672,3600,56,3656,42
2021-11-03,El Dorado,017,186661,16067,15915,1750,17665,156
2021-11-03,Fresno,019,978130,140291,138873,12519,151392,2166
2021-11-03,Glenn,021,27897,3495,3470,1009,4479,33
2021-11-03,Humboldt,023,135768,9113,8949,597,9546,109
2021-11-03,Imperial,025,180216,33707,33402,3384,36786,766
2021-11-03,Inyo,027,18085,2383,2344,36,2380,41
2021-11-03,Kern,029,883053,127837,126523,23077,149600,1681
2021-11-03,Kings,031,150075,32231,31923,2086,34009,341
2021-11-03,Lake,033,64148,6756,6685,150,6835,106
2021-11-03,Lassen,035,31185,6878,6782,398,7180,46
2021-11-03,Los Angeles,037,10098052,1437950,1431209,57079,1488288,26517
2021-11-03,Madera,039,155013,23298,22893,2073,24966,287
2021-11-03,Marin,041,260295,17595,17491,465,17956,247
2021-11-03,Mariposa,043,17540,1308,1276,41,1317,5
2021-11-03,Mendocino,045,87422,7581,7457,571,8028,84
2021-11-03,Merced,047,269075,42180,41849,1848,43697,597
2021-11-03,Modoc,049,8938,546,521,195,716,5
2021-11-03,Mono,051,14174,1724,1719,19,1738,4
2021-11-03,Monterey,053,433212,47972,47794,3750,51544,601
2021-11-03,Napa,055,140530,13041,12937,112,13049,103
2021-11-03,Nevada,057,99092,9257,9131,338,9469,91
2021-11-03,Orange,059,3164182,307428,305661,15697,321358,5607
2021-11-03,Placer,061,380077,37246,36868,3791,40659,438
2021-11-03,Plumas,063,18699,1807,1739,42,1781,7
2021-11-03,Riverside,065,2383286,362202,360060,17093,377153,5131
2021-11-03,Sacramento,067,1510023,159425,158311,4832,163143,2259
2021-11-03,San Benito,069,59416,7445,7419,182,7601,75
2021-11-03,San Bernardino,071,2135413,354750,352225,11724,363949,5813
2021-11-03,San Diego,073,3302833,375555,372951,21774,394725,4241
2021-11-03,San Francisco,075,870044,52869,52493,2728,55221,663
2021-11-03,San Joaquin,077,732212,99845,99188,5635,104823,1776
2021-11-03,San Luis Obispo,079,281455,29474,29276,1278,30554,348
2021-11-03,San Mateo,081,765935,53604,53396,1622,55018,571
2021-11-03,Santa Barbara,083,443738,44550,44220,1693,45913,531
2021-11-03,Santa Clara,085,1922200,147154,146259,1405,147664,1897
2021-11-03,Santa Cruz,087,273765,20408,20275,1086,21361,222
2021-11-03,Shasta,089,179085,21589,21215,3695,24910,346
2021-11-03,Sierra,091,2930,183,180,23,203,0
2021-11-03,Siskiyou,093,43540,3311,3276,1337,4613,46
2021-11-03,Solano,095,438530,45612,45411,1242,46653,351
2021-11-03,Sonoma,097,501317,41565,41326,539,41865,395
2021-11-03,Stanislaus,099,539301,79306,78736,9166,87902,1193
2021-11-03,Sutter,101,95872,13960,13876,359,14235,179
2021-11-03,Tehama,103,63373,8533,8438,1530,9968,118
2021-11-03,Trinity,105,12862,776,730,199,929,11
2021-11-03,Tulare,107,460477,68172,67588,15800,83388,1007
2021-11-03,Tuolumne,109,53932,7336,7218,96,7314,90
2021-11-03,Ventura,111,848112,98015,97682,4436,102118,1178
2021-11-03,Yolo,113,214977,19862,19758,1183,20941,250
2021-11-03,Yuba,115,75493,10152,10092,342,10434,83
2021-11-02,Alameda,001,1643700,119764,119241,2968,122209,1425
2021-11-02,Alpine,003,1148,105,105,0,105,0
2021-11-02,Amador,005,37829,5586,5535,63,5598,66
2021-11-02,Butte,007,227075,20937,20744,3858,24602,282
2021-11-02,Calaveras,009,45235,4107,4075,58,4133,82
2021-11-02,Colusa,011,21464,2513,2497,657,3154,19
2021-11-02,Contra Costa,013,1133247,99472,99080,2274,101354,1025
2021-11-02,Del Norte,015,27424,3670,3596,56,3652,42
2021-11-02,El Dorado,017,186661,16042,15883,1750,17633,154
2021-11-02,Fresno,019,978130,139969,138644,12491,151135,2158
2021-11-02,Glenn,021,27897,3487,3469,1007,4476,33
2021-11-02,Humboldt,023,135768,9075,8937,592,9529,109
2021-11-02,Imperial,025,180216,33634,33371,3372,36743,766
2021-11-02,Inyo,027,18085,2376,2324,36,2360,41
2021-11-02,Kern,029,883053,127583,126311,22958,149269,1665
2021-11-02,Kings,031,150075,32172,31896,2081,33977,339
2021-11-02,Lake,033,64148,6751,6681,149,6830,106
2021-11-02,Lassen,035,31185,6866,6777,395,7172,45
2021-11-02,Los Angeles,037,10098052,1436504,1429601,57002,1486603,26496
2021-11-02,Madera,039,155013,23216,22837,2062,24899,287
2021-11-02,Marin,041,260295,17567,17482,465,17947,247
2021-11-02,Mariposa,043,17540,1297,1270,40,1310,5
2021-11-02,Mendocino,045,87422,7557,7447,559,8006,84
2021-11-02,Merced,047,269075,42113,41785,1840,43625,596
2021-11-02,Modoc,049,8938,543,520,194,714,5
2021-11-02,Mono,051,14174,1721,1718,19,1737,4
2021-11-02,Monterey,053,433212,47928,47775,3724,51499,599
2021-11-02,Napa,055,140530,13023,12930,112,13042,104
2021-11-02,Nevada,057,99092,9227,9122,337,9459,91
2021-11-02,Orange,059,3164182,307118,305369,15651,321020,5600
2021-11-02,Placer,061,380077,37174,36817,3777,40594,438
2021-11-02,Plumas,063,18699,1796,1721,42,1763,7
2021-11-02,Riverside,065,2383286,361751,359586,17072,376658,5116
2021-11-02,Sacramento,067,1510023,159174,158112,4806,162918,2250
2021-11-02,San Benito,069,59416,7428,7407,182,7589,75
2021-11-02,San Bernardino,071,2135413,354278,351832,11666,363498,5813
2021-11-02,San Diego,073,3302833,374966,372440,21741,394181,4232
2021-11-02,San Francisco,075,870044,52751,52450,2723,55173,663
2021-11-02,San Joaquin,077,732212,99709,99076,5623,104699,1772
2021-11-02,San Luis Obispo,079,281455,29441,29224,1275,30499,348
2021-11-02,San Mateo,081,765935,53541,53351,1609,54960,571
2021-11-02,Santa Barbara,083,443738,44494,44177,1689,45866,531
2021-11-02,Santa Clara,085,1922200,146963,146115,1400,147515,1896
2021-11-02,Santa Cruz,087,273765,20375,20266,1085,21351,222
2021-11-02,Shasta,089,179085,21515,21127,3684,24811,344
2021-11-02,Sierra,091,2930,183,180,22,202,0
2021-11-02,Siskiyou,093,43540,3309,3272,1334,4606,46
2021-11-02,Solano,095,438530,45575,45378,1237,46615,350
2021-11-02,Sonoma,097,501317,41488,41288,538,41826,395
2021-11-02,Stanislaus,099,539301,79152,78629,9146,87775,1193
2021-11-02,Sutter,101,95872,13939,13868,359,14227,179
2021-11-02,Tehama,103,63373,8520,8422,1528,9950,116
2021-11-02,Trinity,105,12862,776,729,199,928,11
2021-11-02,Tulare,107,460477,68050,67502,15749,83251,1002
2021-11-02,Tuolumne,109,53932,7315,7204,94,7298,90
2021-11-02,Ventura,111,848112,97900,97574,4432,102006,1178
2021-11-02,Yolo,113,214977,19831,19736,1180,20916,250
2021-11-02,Yuba,115,75493,10129,10080,340,10420,83
2021-11-01,Alameda,001,1643700,119631,119159,2965,122124,1421
2021-11-01,Alpine,003,1148,105,105,0,105,0
2021-11-01,Amador,005,37829,5584,5532,63,5595,64
2021-11-01,Butte,007,227075,20887,20710,3854,24564,281
2021-11-01,Calaveras,009,45235,4097,4059,57,4116,82
2021-11-01,Colusa,011,21464,2511,2494,654,3148,19
2021-11-01,Contra Costa,013,1133247,99350,99011,2262,101273,1025
2021-11-01,Del Norte,015,27424,3668,3594,56,3650,42
2021-11-01,El Dorado,017,186661,16018,15858,1744,17602,154
2021-11-01,Fresno,019,978130,139594,138421,12462,150883,2149
2021-11-01,Glenn,021,27897,3480,3461,1005,4466,33
2021-11-01,Humboldt,023,135768,9046,8929,587,9516,108
2021-11-01,Imperial,025,180216,33583,33342,3363,36705,766
2021-11-01,Inyo,027,18085,2364,2307,36,2343,41
2021-11-01,Kern,029,883053,127284,126092,22847,148939,1660
2021-11-01,Kings,031,150075,32119,31866,2079,33945,337
2021-11-01,Lake,033,64148,6740,6676,148,6824,106
2021-11-01,Lassen,035,31185,6851,6775,392,7167,42
2021-11-01,Los Angeles,037,10098052,1435137,1428891,56906,1485797,26483
2021-11-01,Madera,039,155013,23138,22801,2059,24860,283
2021-11-01,Marin,041,260295,17547,17460,464,17924,247
2021-11-01,Mariposa,043,17540,1289,1266,39,1305,5
2021-11-01,Mendocino,045,87422,7523,7422,541,7963,84
2021-11-01,Merced,047,269075,42026,41740,1837,43577,594
2021-11-01,Modoc,049,8938,538,520,192,712,5
2021-11-01,Mono,051,14174,1716,1714,19,1733,3
2021-11-01,Monterey,053,433212,47892,47756,3705,51461,597
2021-11-01,Napa,055,140530,12996,12916,111,13027,101
2021-11-01,Nevada,057,99092,9204,9108,336,9444,91
2021-11-01,Orange,059,3164182,306800,305192,15609,320801,5596
2021-11-01,Placer,061,380077,37090,36747,3765,40512,435
2021-11-01,Plumas,063,18699,1779,1719,40,1759,7
2021-11-01,Riverside,065,2383286,361249,359263,17050,376313,5115
2021-11-01,Sacramento,067,1510023,158905,157893,4779,162672,2239
2021-11-01,San Benito,069,59416,7418,7406,181,7587,73
2021-11-01,San Bernardino,071,2135413,353792,351620,11646,363266,5815
2021-11-01,San Diego,073,3302833,374383,372043,21719,393762,4232
2021-11-01,San Francisco,075,870044,52668,52418,2711,55129,661
2021-11-01,San Joaquin,077,732212,99550,98969,5616,104585,1772
2021-11-01,San Luis Obispo,079,281455,29397,29199,1271,30470,343
2021-11-01,San Mateo,081,765935,53480,53314,1603,54917,571
2021-11-01,Santa Barbara,083,443738,44426,44146,1685,45831,529
2021-11-01,Santa Clara,085,1922200,146767,145978,1397,147375,1907
2021-11-01,Santa Cruz,087,273765,20340,20238,1085,21323,221
2021-11-01,Shasta,089,179085,21458,21104,3677,24781,338
2021-11-01,Sierra,091,2930,183,180,22,202,0
2021-11-01,Siskiyou,093,43540,3302,3272,1329,4601,46
2021-11-01,Solano,095,438530,45527,45358,1237,46595,350
2021-11-01,Sonoma,097,501317,41416,41234,538,41772,395
2021-11-01,Stanislaus,099,539301,79023,78534,9131,87665,1193
2021-11-01,Sutter,101,95872,13915,13852,357,14209,179
2021-11-01,Tehama,103,63373,8492,8412,1527,9939,116
2021-11-01,Trinity,105,12862,774,727,199,926,11
2021-11-01,Tulare,107,460477,67908,67388,15696,83084,1002
2021-11-01,Tuolumne,109,53932,7299,7175,93,7268,90
2021-11-01,Ventura,111,848112,97820,97507,4427,101934,1178
2021-11-01,Yolo,113,214977,19811,19708,1173,20881,250
2021-11-01,Yuba,115,75493,10111,10066,337,10403,83
2021-10-31,Alameda,001,1643700,119493,119071,2962,122033,1419
2021-10-31,Alpine,003,1148,105,105,0,105,0
2021-10-31,Amador,005,37829,5573,5518,63,5581,64
2021-10-31,Butte,007,227075,20826,20689,3848,24537,281
2021-10-31,Calaveras,009,45235,4079,4052,56,4108,82
2021-10-31,Colusa,011,21464,2509,2493,651,3144,18
2021-10-31,Contra Costa,013,1133247,99225,98936,2259,101195,1025
2021-10-31,Del Norte,015,27424,3662,3591,56,3647,42
2021-10-31,El Dorado,017,186661,15975,15841,1740,17581,154
2021-10-31,Fresno,019,978130,139189,138165,12430,150595,2147
2021-10-31,Glenn,021,27897,3475,3459,1004,4463,33
2021-10-31,Humboldt,023,135768,9000,8919,580,9499,108
2021-10-31,Imperial,025,180216,33507,33334,3351,36685,766
2021-10-31,Inyo,027,18085,2345,2309,36,2345,41
2021-10-31,Kern,029,883053,126919,125917,22724,148641,1666
2021-10-31,Kings,031,150075,32032,31814,2066,33880,338
2021-10-31,Lake,033,64148,6729,6665,148,6813,106
2021-10-31,Lassen,035,31185,6836,6768,387,7155,42
2021-10-31,Los Angeles,037,10098052,1433611,1427933,56818,1484751,26474
2021-10-31,Madera,039,155013,23043,22744,2048,24792,283
2021-10-31,Marin,041,260295,17519,17443,463,17906,247
2021-10-31,Mariposa,043,17540,1283,1257,38,1295,5
2021-10-31,Mendocino,045,87422,7481,7403,524,7927,84
2021-10-31,Merced,047,269075,41932,41699,1817,43516,589
2021-10-31,Modoc,049,8938,532,517,189,706,5
2021-10-31,Mono,051,14174,1713,1711,19,1730,3
2021-10-31,Monterey,053,433212,47858,47744,3680,51424,596
2021-10-31,Napa,055,140530,12979,12906,109,13015,101
2021-10-31,Nevada,057,99092,9167,9084,331,9415,91
2021-10-31,Orange,059,3164182,306457,305032,15528,320560,5596
2021-10-31,Placer,061,380077,36993,36698,3751,40449,435
2021-10-31,Plumas,063,18699,1762,1716,39,1755,7
2021-10-31,Riverside,065,2383286,360672,359005,17036,376041,5104
2021-10-31,Sacramento,067,1510023,158560,157667,4763,162430,2243
2021-10-31,San Benito,069,59416,7409,7397,177,7574,73
2021-10-31,San Bernardino,071,2135413,353264,351411,11632,363043,5810
2021-10-31,San Diego,073,3302833,373811,371603,21686,393289,4218
2021-10-31,San Francisco,075,870044,52562,52370,2703,55073,661
2021-10-31,San Joaquin,077,732212,99387,98893,5602,104495,1772
2021-10-31,San Luis Obispo,079,281455,29346,29176,1270,30446,343
2021-10-31,San Mateo,081,765935,53430,53284,1595,54879,571
2021-10-31,Santa Barbara,083,443738,44358,44113,1680,45793,529
2021-10-31,Santa Clara,085,1922200,146554,145829,1384,147213,1908
2021-10-31,Santa Cruz,087,273765,20305,20218,1084,21302,221
2021-10-31,Shasta,089,179085,21373,21086,3665,24751,338
2021-10-31,Sierra,091,2930,183,180,22,202,0
2021-10-31,Siskiyou,093,43540,3296,3271,1328,4599,46
2021-10-31,Solano,095,438530,45480,45310,1231,46541,350
2021-10-31,Sonoma,097,501317,41347,41183,535,41718,395
2021-10-31,Stanislaus,099,539301,78834,78426,9116,87542,1193
2021-10-31,Sutter,101,95872,13896,13838,354,14192,179
2021-10-31,Tehama,103,63373,8461,8391,1523,9914,116
2021-10-31,Trinity,105,12862,774,724,199,923,11
2021-10-31,Tulare,107,460477,67711,67310,15605,82915,1002
2021-10-31,Tuolumne,109,53932,7270,7141,92,7233,90
2021-10-31,Ventura,111,848112,97703,97460,4422,101882,1178
2021-10-31,Yolo,113,214977,19771,19662,1166,20828,250
2021-10-31,Yuba,115,75493,10093,10051,327,10378,83
2021-10-30,Alameda,001,1643700,119436,118632,2959,121591,1419
2021-10-30,Alpine,003,1148,105,105,0,105,0
2021-10-30,Amador,005,37829,5564,5480,63,5543,64
2021-10-30,Butte,007,227075,20811,20516,3842,24358,277
2021-10-30,Calaveras,009,45235,4072,3992,56,4048,82
2021-10-30,Colusa,011,21464,2509,2484,650,3134,19
2021-10-30,Contra Costa,013,1133247,99164,98562,2258,100820,1024
2021-10-30,Del Norte,015,27424,3659,3574,56,3630,42
2021-10-30,El Dorado,017,186661,15959,15752,1735,17487,154
2021-10-30,Fresno,019,978130,139047,136901,12425,149326,2131
2021-10-30,Glenn,021,27897,3471,3442,1004,4446,33
2021-10-30,Humboldt,023,135768,8985,8871,578,9449,105
2021-10-30,Imperial,025,180216,33463,33156,3347,36503,766
2021-10-30,Inyo,027,18085,2342,2249,36,2285,41
2021-10-30,Kern,029,883053,126768,124892,22652,147544,1653
2021-10-30,Kings,031,150075,31995,31578,2062,33640,337
2021-10-30,Lake,033,64148,6724,6610,148,6758,106
2021-10-30,Lassen,035,31185,6830,6719,385,7104,42
2021-10-30,Los Angeles,037,10098052,1432892,1424257,56763,1481020,26625
2021-10-30,Madera,039,155013,23000,22524,2042,24566,283
2021-10-30,Marin,041,260295,17504,17380,461,17841,247
2021-10-30,Mariposa,043,17540,1280,1228,38,1266,5
2021-10-30,Mendocino,045,87422,7459,7338,522,7860,84
2021-10-30,Merced,047,269075,41891,41428,1815,43243,586
2021-10-30,Modoc,049,8938,531,513,187,700,5
2021-10-30,Mono,051,14174,1713,1684,19,1703,3
2021-10-30,Monterey,053,433212,47846,47649,3669,51318,588
2021-10-30,Napa,055,140530,12966,12863,108,12971,101
2021-10-30,Nevada,057,99092,9148,9015,331,9346,91
2021-10-30,Orange,059,3164182,306281,304120,15510,319630,5588
2021-10-30,Placer,061,380077,36948,36400,3745,40145,434
2021-10-30,Plumas,063,18699,1757,1695,39,1734,7
2021-10-30,Riverside,065,2383286,360373,357645,17026,374671,5088
2021-10-30,Sacramento,067,1510023,158403,157125,4753,161878,2233
2021-10-30,San Benito,069,59416,7402,7362,177,7539,71
2021-10-30,San Bernardino,071,2135413,352987,350076,11618,361694,5777
2021-10-30,San Diego,073,3302833,373442,370006,21663,391669,4213
2021-10-30,San Francisco,075,870044,52533,52161,2701,54862,661
2021-10-30,San Joaquin,077,732212,99332,98314,5601,103915,1768
2021-10-30,San Luis Obispo,079,281455,29314,29053,1267,30320,341
2021-10-30,San Mateo,081,765935,53397,53083,1590,54673,571
2021-10-30,Santa Barbara,083,443738,44323,43972,1679,45651,528
2021-10-30,Santa Clara,085,1922200,146449,145262,1380,146642,1903
2021-10-30,Santa Cruz,087,273765,20287,20134,1082,21216,221
2021-10-30,Shasta,089,179085,21330,20878,3659,24537,332
2021-10-30,Sierra,091,2930,183,175,22,197,0
2021-10-30,Siskiyou,093,43540,3295,3257,1325,4582,46
2021-10-30,Solano,095,438530,45459,45146,1230,46376,346
2021-10-30,Sonoma,097,501317,41307,40924,535,41459,393
2021-10-30,Stanislaus,099,539301,78765,77871,9109,86980,1191
2021-10-30,Sutter,101,95872,13883,13773,354,14127,178
2021-10-30,Tehama,103,63373,8450,8307,1518,9825,114
2021-10-30,Trinity,105,12862,772,708,198,906,11
2021-10-30,Tulare,107,460477,67643,66745,15557,82302,995
2021-10-30,Tuolumne,109,53932,7246,7050,91,7141,90
2021-10-30,Ventura,111,848112,97659,97182,4421,101603,1174
2021-10-30,Yolo,113,214977,19753,19568,1163,20731,250
2021-10-30,Yuba,115,75493,10083,9969,327,10296,82
2021-10-29,Alameda,001,1643700,119360,118632,2955,121587,1419
2021-10-29,Alpine,003,1148,105,105,0,105,0
2021-10-29,Amador,005,37829,5553,5480,63,5543,64
2021-10-29,Butte,007,227075,20786,20516,3834,24350,277
2021-10-29,Calaveras,009,45235,4065,3992,56,4048,82
2021-10-29,Colusa,011,21464,2509,2484,648,3132,19
2021-10-29,Contra Costa,013,1133247,99098,98562,2257,100819,1024
2021-10-29,Del Norte,015,27424,3652,3574,56,3630,42
2021-10-29,El Dorado,017,186661,15945,15752,1735,17487,154
2021-10-29,Fresno,019,978130,138833,136901,12414,149315,2131
2021-10-29,Glenn,021,27897,3469,3442,1004,4446,33
2021-10-29,Humboldt,023,135768,8980,8871,577,9448,105
2021-10-29,Imperial,025,180216,33436,33156,3344,36500,766
2021-10-29,Inyo,027,18085,2339,2249,36,2285,41
2021-10-29,Kern,029,883053,126592,124892,22563,147455,1653
2021-10-29,Kings,031,150075,31959,31578,2060,33638,337
2021-10-29,Lake,033,64148,6715,6610,146,6756,106
2021-10-29,Lassen,035,31185,6822,6719,382,7101,42
2021-10-29,Los Angeles,037,10098052,1432054,1424257,56717,1480974,26625
2021-10-29,Madera,039,155013,22948,22524,2038,24562,283
2021-10-29,Marin,041,260295,17487,17380,460,17840,247
2021-10-29,Mariposa,043,17540,1276,1228,38,1266,5
2021-10-29,Mendocino,045,87422,7451,7338,522,7860,84
2021-10-29,Merced,047,269075,41841,41428,1809,43237,586
2021-10-29,Modoc,049,8938,529,513,186,699,5
2021-10-29,Mono,051,14174,1710,1684,19,1703,3
2021-10-29,Monterey,053,433212,47830,47649,3661,51310,588
2021-10-29,Napa,055,140530,12945,12863,108,12971,101
2021-10-29,Nevada,057,99092,9136,9015,331,9346,91
2021-10-29,Orange,059,3164182,306055,304120,15493,319613,5588
2021-10-29,Placer,061,380077,36912,36400,3734,40134,434
2021-10-29,Plumas,063,18699,1751,1695,39,1734,7
2021-10-29,Riverside,065,2383286,360038,357645,17021,374666,5088
2021-10-29,Sacramento,067,1510023,158215,157125,4744,161869,2233
2021-10-29,San Benito,069,59416,7399,7362,177,7539,71
2021-10-29,San Bernardino,071,2135413,352693,350076,11609,361685,5777
2021-10-29,San Diego,073,3302833,373067,370006,21632,391638,4213
2021-10-29,San Francisco,075,870044,52475,52161,2694,54855,661
2021-10-29,San Joaquin,077,732212,99275,98314,5596,103910,1768
2021-10-29,San Luis Obispo,079,281455,29288,29053,1265,30318,341
2021-10-29,San Mateo,081,765935,53359,53083,1584,54667,571
2021-10-29,Santa Barbara,083,443738,44283,43972,1676,45648,528
2021-10-29,Santa Clara,085,1922200,146335,145262,1372,146634,1903
2021-10-29,Santa Cruz,087,273765,20280,20134,1081,21215,221
2021-10-29,Shasta,089,179085,21292,20878,3653,24531,332
2021-10-29,Sierra,091,2930,181,175,22,197,0
2021-10-29,Siskiyou,093,43540,3294,3257,1324,4581,46
2021-10-29,Solano,095,438530,45424,45146,1229,46375,346
2021-10-29,Sonoma,097,501317,41287,40924,535,41459,393
2021-10-29,Stanislaus,099,539301,78680,77871,9098,86969,1191
2021-10-29,Sutter,101,95872,13864,13773,354,14127,178
2021-10-29,Tehama,103,63373,8437,8307,1517,9824,114
2021-10-29,Trinity,105,12862,771,708,198,906,11
2021-10-29,Tulare,107,460477,67542,66745,15511,82256,995
2021-10-29,Tuolumne,109,53932,7233,7050,91,7141,90
2021-10-29,Ventura,111,848112,97605,97182,4419,101601,1174
2021-10-29,Yolo,113,214977,19735,19568,1160,20728,250
2021-10-29,Yuba,115,75493,10075,9969,323,10292,82
2021-10-28,Alameda,001,1643700,119237,118632,2948,121580,1419
2021-10-28,Alpine,003,1148,105,105,0,105,0
2021-10-28,Amador,005,37829,5540,5480,63,5543,64
2021-10-28,Butte,007,227075,20746,20516,3828,24344,277
2021-10-28,Calaveras,009,45235,4052,3992,56,4048,82
2021-10-28,Colusa,011,21464,2506,2484,647,3131,19
2021-10-28,Contra Costa,013,1133247,98969,98562,2250,100812,1024
2021-10-28,Del Norte,015,27424,3651,3574,56,3630,42
2021-10-28,El Dorado,017,186661,15920,15752,1731,17483,154
2021-10-28,Fresno,019,978130,138505,136901,12386,149287,2131
2021-10-28,Glenn,021,27897,3465,3442,1003,4445,33
2021-10-28,Humboldt,023,135768,8964,8871,572,9443,105
2021-10-28,Imperial,025,180216,33371,33156,3338,36494,766
2021-10-28,Inyo,027,18085,2322,2249,36,2285,41
2021-10-28,Kern,029,883053,126350,124892,22447,147339,1653
2021-10-28,Kings,031,150075,31892,31578,2055,33633,337
2021-10-28,Lake,033,64148,6705,6610,146,6756,106
2021-10-28,Lassen,035,31185,6812,6719,378,7097,42
2021-10-28,Los Angeles,037,10098052,1430929,1424257,56641,1480898,26625
2021-10-28,Madera,039,155013,22894,22524,2027,24551,283
2021-10-28,Marin,041,260295,17469,17380,459,17839,247
2021-10-28,Mariposa,043,17540,1272,1228,38,1266,5
2021-10-28,Mendocino,045,87422,7438,7338,511,7849,84
2021-10-28,Merced,047,269075,41757,41428,1797,43225,586
2021-10-28,Modoc,049,8938,528,513,186,699,5
2021-10-28,Mono,051,14174,1705,1684,19,1703,3
2021-10-28,Monterey,053,433212,47808,47649,3636,51285,588
2021-10-28,Napa,055,140530,12936,12863,107,12970,101
2021-10-28,Nevada,057,99092,9118,9015,331,9346,91
2021-10-28,Orange,059,3164182,305768,304120,15430,319550,5588
2021-10-28,Placer,061,380077,36832,36400,3724,40124,434
2021-10-28,Plumas,063,18699,1743,1695,39,1734,7
2021-10-28,Riverside,065,2383286,359598,357645,16997,374642,5088
2021-10-28,Sacramento,067,1510023,157952,157125,4731,161856,2233
2021-10-28,San Benito,069,59416,7391,7362,177,7539,71
2021-10-28,San Bernardino,071,2135413,352278,350076,11588,361664,5777
2021-10-28,San Diego,073,3302833,372594,370006,21609,391615,4213
2021-10-28,San Francisco,075,870044,52430,52161,2687,54848,661
2021-10-28,San Joaquin,077,732212,99148,98314,5595,103909,1768
2021-10-28,San Luis Obispo,079,281455,29259,29053,1262,30315,341
2021-10-28,San Mateo,081,765935,53319,53083,1578,54661,571
2021-10-28,Santa Barbara,083,443738,44244,43972,1674,45646,528
2021-10-28,Santa Clara,085,1922200,146180,145262,1366,146628,1903
2021-10-28,Santa Cruz,087,273765,20256,20134,1081,21215,221
2021-10-28,Shasta,089,179085,21217,20878,3646,24524,332
2021-10-28,Sierra,091,2930,180,175,22,197,0
2021-10-28,Siskiyou,093,43540,3293,3257,1324,4581,46
2021-10-28,Solano,095,438530,45384,45146,1228,46374,346
2021-10-28,Sonoma,097,501317,41219,40924,534,41458,393
2021-10-28,Stanislaus,099,539301,78528,77871,9082,86953,1191
2021-10-28,Sutter,101,95872,13851,13773,350,14123,178
2021-10-28,Tehama,103,63373,8399,8307,1514,9821,114
2021-10-28,Trinity,105,12862,768,708,198,906,11
2021-10-28,Tulare,107,460477,67405,66745,15454,82199,995
2021-10-28,Tuolumne,109,53932,7202,7050,91,7141,90
2021-10-28,Ventura,111,848112,97513,97182,4417,101599,1174
2021-10-28,Yolo,113,214977,19697,19568,1156,20724,250
2021-10-28,Yuba,115,75493,10046,9969,320,10289,82
2021-10-27,Alameda,001,1643700,119119,118487,2943,121430,1414
2021-10-27,Alpine,003,1148,105,105,0,105,0
2021-10-27,Amador,005,37829,5528,5470,62,5532,64
2021-10-27,Butte,007,227075,20702,20446,3816,24262,274
2021-10-27,Calaveras,009,45235,4035,3970,55,4025,82
2021-10-27,Colusa,011,21464,2505,2480,646,3126,18
2021-10-27,Contra Costa,013,1133247,98863,98442,2238,100680,1018
2021-10-27,Del Norte,015,27424,3644,3571,55,3626,42
2021-10-27,El Dorado,017,186661,15889,15723,1726,17449,154
2021-10-27,Fresno,019,978130,138125,136447,12357,148804,2128
2021-10-27,Glenn,021,27897,3459,3435,1002,4437,33
2021-10-27,Humboldt,023,135768,8945,8851,569,9420,105
2021-10-27,Imperial,025,180216,33332,33068,3333,36401,766
2021-10-27,Inyo,027,18085,2302,2236,36,2272,41
2021-10-27,Kern,029,883053,126083,124557,22345,146902,1647
2021-10-27,Kings,031,150075,31826,31437,2050,33487,335
2021-10-27,Lake,033,64148,6678,6589,146,6735,105
2021-10-27,Lassen,035,31185,6798,6706,376,7082,42
2021-10-27,Los Angeles,037,10098052,1429700,1422615,56578,1479193,26604
2021-10-27,Madera,039,155013,22808,22413,2004,24417,283
2021-10-27,Marin,041,260295,17454,17362,459,17821,247
2021-10-27,Mariposa,043,17540,1259,1228,38,1266,5
2021-10-27,Mendocino,045,87422,7425,7321,504,7825,84
2021-10-27,Merced,047,269075,41660,41310,1783,43093,583
2021-10-27,Modoc,049,8938,524,513,186,699,5
2021-10-27,Mono,051,14174,1702,1682,19,1701,3
2021-10-27,Monterey,053,433212,47775,47610,3609,51219,588
2021-10-27,Napa,055,140530,12921,12856,106,12962,101
2021-10-27,Nevada,057,99092,9101,8987,330,9317,90
2021-10-27,Orange,059,3164182,305460,303825,15380,319205,5584
2021-10-27,Placer,061,380077,36766,36296,3717,40013,434
2021-10-27,Plumas,063,18699,1735,1686,39,1725,7
2021-10-27,Riverside,065,2383286,359171,357152,16988,374140,5081
2021-10-27,Sacramento,067,1510023,157684,156830,4709,161539,2230
2021-10-27,San Benito,069,59416,7385,7337,177,7514,71
2021-10-27,San Bernardino,071,2135413,351858,349624,11566,361190,5770
2021-10-27,San Diego,073,3302833,372022,369579,21583,391162,4207
2021-10-27,San Francisco,075,870044,52378,52108,2682,54790,655
2021-10-27,San Joaquin,077,732212,98989,98168,5579,103747,1753
2021-10-27,San Luis Obispo,079,281455,29219,29002,1260,30262,341
2021-10-27,San Mateo,081,765935,53267,53032,1566,54598,571
2021-10-27,Santa Barbara,083,443738,44191,43901,1671,45572,527
2021-10-27,Santa Clara,085,1922200,146007,145081,1360,146441,1902
2021-10-27,Santa Cruz,087,273765,20229,20091,1080,21171,221
2021-10-27,Shasta,089,179085,21143,20813,3638,24451,331
2021-10-27,Sierra,091,2930,179,176,22,198,0
2021-10-27,Siskiyou,093,43540,3290,3256,1320,4576,46
2021-10-27,Solano,095,438530,45341,45089,1220,46309,346
2021-10-27,Sonoma,097,501317,41145,40829,532,41361,393
2021-10-27,Stanislaus,099,539301,78370,77687,9067,86754,1191
2021-10-27,Sutter,101,95872,13837,13754,350,14104,177
2021-10-27,Tehama,103,63373,8377,8265,1513,9778,113
2021-10-27,Trinity,105,12862,768,706,197,903,11
2021-10-27,Tulare,107,460477,67251,66568,15396,81964,991
2021-10-27,Tuolumne,109,53932,7175,7009,90,7099,90
2021-10-27,Ventura,111,848112,97423,97108,4413,101521,1172
2021-10-27,Yolo,113,214977,19668,19517,1149,20666,250
2021-10-27,Yuba,115,75493,10024,9945,318,10263,82
2021-10-26,Alameda,001,1643700,118986,118360,2938,121298,1407
2021-10-26,Alpine,003,1148,105,105,0,105,0
2021-10-26,Amador,005,37829,5520,5465,61,5526,64
2021-10-26,Butte,007,227075,20644,20387,3804,24191,274
2021-10-26,Calaveras,009,45235,4024,3966,55,4021,81
2021-10-26,Colusa,011,21464,2503,2478,645,3123,18
2021-10-26,Contra Costa,013,1133247,98745,98352,2226,100578,1017
2021-10-26,Del Norte,015,27424,3639,3563,55,3618,42
2021-10-26,El Dorado,017,186661,15864,15690,1717,17407,153
2021-10-26,Fresno,019,978130,137683,136211,12322,148533,2122
2021-10-26,Glenn,021,27897,3444,3431,1000,4431,33
2021-10-26,Humboldt,023,135768,8926,8830,563,9393,105
2021-10-26,Imperial,025,180216,33266,33012,3328,36340,766
2021-10-26,Inyo,027,18085,2287,2200,36,2236,41
2021-10-26,Kern,029,883053,125743,124351,22222,146573,1645
2021-10-26,Kings,031,150075,31763,31382,2043,33425,336
2021-10-26,Lake,033,64148,6668,6584,144,6728,105
2021-10-26,Lassen,035,31185,6778,6689,374,7063,42
2021-10-26,Los Angeles,037,10098052,1428366,1421795,56501,1478296,26599
2021-10-26,Madera,039,155013,22718,22363,1994,24357,283
2021-10-26,Marin,041,260295,17437,17354,458,17812,244
2021-10-26,Mariposa,043,17540,1254,1225,37,1262,5
2021-10-26,Mendocino,045,87422,7396,7308,487,7795,83
2021-10-26,Merced,047,269075,41583,41267,1775,43042,583
2021-10-26,Modoc,049,8938,524,513,186,699,5
2021-10-26,Mono,051,14174,1693,1680,19,1699,3
2021-10-26,Monterey,053,433212,47742,47572,3594,51166,588
2021-10-26,Napa,055,140530,12909,12849,106,12955,101
2021-10-26,Nevada,057,99092,9069,8971,329,9300,90
2021-10-26,Orange,059,3164182,305192,303533,15342,318875,5580
2021-10-26,Placer,061,380077,36669,36245,3711,39956,434
2021-10-26,Plumas,063,18699,1726,1645,39,1684,7
2021-10-26,Riverside,065,2383286,358685,356775,16978,373753,5068
2021-10-26,Sacramento,067,1510023,157387,156643,4688,161331,2228
2021-10-26,San Benito,069,59416,7362,7325,177,7502,71
2021-10-26,San Bernardino,071,2135413,351438,349346,11550,360896,5764
2021-10-26,San Diego,073,3302833,371503,369043,21553,390596,4198
2021-10-26,San Francisco,075,870044,52303,52063,2679,54742,655
2021-10-26,San Joaquin,077,732212,98813,98036,5564,103600,1748
2021-10-26,San Luis Obispo,079,281455,29181,28928,1254,30182,337
2021-10-26,San Mateo,081,765935,53203,52974,1556,54530,571
2021-10-26,Santa Barbara,083,443738,44146,43835,1670,45505,525
2021-10-26,Santa Clara,085,1922200,145811,144932,1354,146286,1903
2021-10-26,Santa Cruz,087,273765,20198,20067,1079,21146,221
2021-10-26,Shasta,089,179085,21083,20725,3621,24346,330
2021-10-26,Sierra,091,2930,179,169,22,191,0
2021-10-26,Siskiyou,093,43540,3284,3254,1318,4572,46
2021-10-26,Solano,095,438530,45284,45044,1220,46264,344
2021-10-26,Sonoma,097,501317,41064,40794,530,41324,393
2021-10-26,Stanislaus,099,539301,78196,77552,9043,86595,1157
2021-10-26,Sutter,101,95872,13807,13739,349,14088,176
2021-10-26,Tehama,103,63373,8349,8247,1507,9754,112
2021-10-26,Trinity,105,12862,764,705,197,902,11
2021-10-26,Tulare,107,460477,67100,66476,15336,81812,991
2021-10-26,Tuolumne,109,53932,7150,6995,88,7083,90
2021-10-26,Ventura,111,848112,97316,97014,4408,101422,1170
2021-10-26,Yolo,113,214977,19641,19490,1147,20637,248
2021-10-26,Yuba,115,75493,10006,9927,313,10240,82
2021-10-25,Alameda,001,1643700,118842,118319,2935,121254,1404
2021-10-25,Alpine,003,1148,105,105,0,105,0
2021-10-25,Amador,005,37829,5506,5455,61,5516,64
2021-10-25,Butte,007,227075,20570,20331,3799,24130,273
2021-10-25,Calaveras,009,45235,3994,3942,54,3996,82
2021-10-25,Colusa,011,21464,2501,2471,643,3114,18
2021-10-25,Contra Costa,013,1133247,98632,98267,2221,100488,1017
2021-10-25,Del Norte,015,27424,3632,3562,55,3617,42
2021-10-25,El Dorado,017,186661,15829,15663,1715,17378,149
2021-10-25,Fresno,019,978130,137248,135974,12282,148256,2112
2021-10-25,Glenn,021,27897,3441,3421,999,4420,33
2021-10-25,Humboldt,023,135768,8902,8825,558,9383,105
2021-10-25,Imperial,025,180216,33204,32968,3317,36285,766
2021-10-25,Inyo,027,18085,2269,2183,36,2219,41
2021-10-25,Kern,029,883053,125394,124078,22081,146159,1649
2021-10-25,Kings,031,150075,31675,31329,2034,33363,335
2021-10-25,Lake,033,64148,6654,6571,144,6715,105
2021-10-25,Lassen,035,31185,6767,6688,372,7060,42
2021-10-25,Los Angeles,037,10098052,1427009,1421061,56435,1477496,26579
2021-10-25,Madera,039,155013,22664,22325,1985,24310,281
2021-10-25,Marin,041,260295,17414,17334,456,17790,244
2021-10-25,Mariposa,043,17540,1240,1220,37,1257,5
2021-10-25,Mendocino,045,87422,7366,7296,483,7779,82
2021-10-25,Merced,047,269075,41516,41207,1748,42955,583
2021-10-25,Modoc,049,8938,522,512,184,696,5
2021-10-25,Mono,051,14174,1677,1677,19,1696,3
2021-10-25,Monterey,053,433212,47715,47547,3590,51137,587
2021-10-25,Napa,055,140530,12896,12841,106,12947,100
2021-10-25,Nevada,057,99092,9044,8958,329,9287,90
2021-10-25,Orange,059,3164182,304897,303279,15302,318581,5574
2021-10-25,Placer,061,380077,36563,36153,3700,39853,431
2021-10-25,Plumas,063,18699,1714,1641,39,1680,7
2021-10-25,Riverside,065,2383286,358260,356381,16964,373345,5056
2021-10-25,Sacramento,067,1510023,157087,156516,4660,161176,2235
2021-10-25,San Benito,069,59416,7348,7314,176,7490,71
2021-10-25,San Bernardino,071,2135413,350942,349075,11538,360613,5748
2021-10-25,San Diego,073,3302833,370923,368386,21523,389909,4196
2021-10-25,San Francisco,075,870044,52232,52041,2670,54711,649
2021-10-25,San Joaquin,077,732212,98611,97980,5555,103535,1740
2021-10-25,San Luis Obispo,079,281455,29133,28907,1249,30156,336
2021-10-25,San Mateo,081,765935,53150,52927,1544,54471,571
2021-10-25,Santa Barbara,083,443738,44088,43775,1670,45445,525
2021-10-25,Santa Clara,085,1922200,145622,144895,1350,146245,1901
2021-10-25,Santa Cruz,087,273765,20168,20053,1078,21131,221
2021-10-25,Shasta,089,179085,21013,20666,3614,24280,326
2021-10-25,Sierra,091,2930,179,168,22,190,0
2021-10-25,Siskiyou,093,43540,3281,3248,1312,4560,46
2021-10-25,Solano,095,438530,45231,45022,1218,46240,344
2021-10-25,Sonoma,097,501317,40992,40746,528,41274,393
2021-10-25,Stanislaus,099,539301,78007,77452,9013,86465,1145
2021-10-25,Sutter,101,95872,13794,13721,346,14067,176
2021-10-25,Tehama,103,63373,8322,8224,1502,9726,111
2021-10-25,Trinity,105,12862,759,699,196,895,11
2021-10-25,Tulare,107,460477,66909,66357,15273,81630,986
2021-10-25,Tuolumne,109,53932,7116,6952,87,7039,90
2021-10-25,Ventura,111,848112,97220,96932,4404,101336,1167
2021-10-25,Yolo,113,214977,19592,19457,1144,20601,248
2021-10-25,Yuba,115,75493,9990,9924,310,10234,82
2021-10-24,Alameda,001,1643700,118712,117816,2930,120746,1397
2021-10-24,Alpine,003,1148,105,105,0,105,0
2021-10-24,Amador,005,37829,5501,5412,61,5473,64
2021-10-24,Butte,007,227075,20501,20101,3789,23890,273
2021-10-24,Calaveras,009,45235,3975,3865,53,3918,81
2021-10-24,Colusa,011,21464,2497,2458,640,3098,18
2021-10-24,Contra Costa,013,1133247,98517,97855,2212,100067,1008
2021-10-24,Del Norte,015,27424,3628,3540,55,3595,42
2021-10-24,El Dorado,017,186661,15794,15540,1711,17251,149
2021-10-24,Fresno,019,978130,136820,134466,12245,146711,2094
2021-10-24,Glenn,021,27897,3430,3399,998,4397,33
2021-10-24,Humboldt,023,135768,8887,8753,552,9305,105
2021-10-24,Imperial,025,180216,33126,32777,3309,36086,766
2021-10-24,Inyo,027,18085,2237,2108,36,2144,41
2021-10-24,Kern,029,883053,125065,122939,21960,144899,1636
2021-10-24,Kings,031,150075,31547,30942,2017,32959,325
2021-10-24,Lake,033,64148,6631,6501,144,6645,105
2021-10-24,Lassen,035,31185,6750,6632,371,7003,27
2021-10-24,Los Angeles,037,10098052,1425575,1415919,56366,1472285,26527
2021-10-24,Madera,039,155013,22588,22062,1973,24035,281
2021-10-24,Marin,041,260295,17398,17264,455,17719,244
2021-10-24,Mariposa,043,17540,1237,1184,37,1221,5
2021-10-24,Mendocino,045,87422,7342,7220,472,7692,82
2021-10-24,Merced,047,269075,41394,40808,1743,42551,581
2021-10-24,Modoc,049,8938,521,507,184,691,5
2021-10-24,Mono,051,14174,1674,1655,19,1674,3
2021-10-24,Monterey,053,433212,47674,47456,3572,51028,586
2021-10-24,Napa,055,140530,12885,12789,106,12895,100
2021-10-24,Nevada,057,99092,9021,8861,326,9187,90
2021-10-24,Orange,059,3164182,304551,302237,15265,317502,5546
2021-10-24,Placer,061,380077,36459,35822,3686,39508,426
2021-10-24,Plumas,063,18699,1704,1623,38,1661,7
2021-10-24,Riverside,065,2383286,357786,354688,16944,371632,5041
2021-10-24,Sacramento,067,1510023,156745,155125,4636,159761,2232
2021-10-24,San Benito,069,59416,7328,7280,176,7456,71
2021-10-24,San Bernardino,071,2135413,350397,347681,11526,359207,5688
2021-10-24,San Diego,073,3302833,370321,366085,21490,387575,4183
2021-10-24,San Francisco,075,870044,52171,51820,2663,54483,649
2021-10-24,San Joaquin,077,732212,98438,97440,5549,102989,1721
2021-10-24,San Luis Obispo,079,281455,29073,28755,1242,29997,333
2021-10-24,San Mateo,081,765935,53085,52719,1538,54257,571
2021-10-24,Santa Barbara,083,443738,44024,43552,1668,45220,523
2021-10-24,Santa Clara,085,1922200,145434,144276,1340,145616,1897
2021-10-24,Santa Cruz,087,273765,20130,19967,1077,21044,221
2021-10-24,Shasta,089,179085,20913,20386,3608,23994,321
2021-10-24,Sierra,091,2930,179,168,22,190,0
2021-10-24,Siskiyou,093,43540,3275,3231,1307,4538,46
2021-10-24,Solano,095,438530,45182,44861,1216,46077,341
2021-10-24,Sonoma,097,501317,40911,40476,528,41004,393
2021-10-24,Stanislaus,099,539301,77816,76812,9002,85814,1145
2021-10-24,Sutter,101,95872,13767,13616,338,13954,175
2021-10-24,Tehama,103,63373,8275,8105,1491,9596,110
2021-10-24,Trinity,105,12862,755,696,193,889,11
2021-10-24,Tulare,107,460477,66740,65585,15199,80784,978
2021-10-24,Tuolumne,109,53932,7075,6840,85,6925,90
2021-10-24,Ventura,111,848112,97118,96664,4402,101066,1167
2021-10-24,Yolo,113,214977,19540,19280,1141,20421,248
2021-10-24,Yuba,115,75493,9965,9838,308,10146,82
2021-10-23,Alameda,001,1643700,118624,117816,2926,120742,1397
2021-10-23,Alpine,003,1148,105,105,0,105,0
2021-10-23,Amador,005,37829,5494,5412,61,5473,64
2021-10-23,Butte,007,227075,20467,20101,3785,23886,273
2021-10-23,Calaveras,009,45235,3968,3865,52,3917,81
2021-10-23,Colusa,011,21464,2495,2458,639,3097,18
2021-10-23,Contra Costa,013,1133247,98465,97855,2209,100064,1008
2021-10-23,Del Norte,015,27424,3626,3540,55,3595,42
2021-10-23,El Dorado,017,186661,15768,15540,1709,17249,149
2021-10-23,Fresno,019,978130,136644,134466,12236,146702,2094
2021-10-23,Glenn,021,27897,3427,3399,997,4396,33
2021-10-23,Humboldt,023,135768,8872,8753,547,9300,105
2021-10-23,Imperial,025,180216,33079,32777,3305,36082,766
2021-10-23,Inyo,027,18085,2226,2108,36,2144,41
2021-10-23,Kern,029,883053,124907,122939,21871,144810,1636
2021-10-23,Kings,031,150075,31501,30942,2015,32957,325
2021-10-23,Lake,033,64148,6626,6501,144,6645,105
2021-10-23,Lassen,035,31185,6747,6632,369,7001,27
2021-10-23,Los Angeles,037,10098052,1424907,1415919,56309,1472228,26527
2021-10-23,Madera,039,155013,22539,22062,1964,24026,281
2021-10-23,Marin,041,260295,17381,17264,454,17718,244
2021-10-23,Mariposa,043,17540,1234,1184,36,1220,5
2021-10-23,Mendocino,045,87422,7337,7220,471,7691,82
2021-10-23,Merced,047,269075,41355,40808,1741,42549,581
2021-10-23,Modoc,049,8938,519,507,184,691,5
2021-10-23,Mono,051,14174,1673,1655,19,1674,3
2021-10-23,Monterey,053,433212,47658,47456,3566,51022,586
2021-10-23,Napa,055,140530,12880,12789,106,12895,100
2021-10-23,Nevada,057,99092,9010,8861,324,9185,90
2021-10-23,Orange,059,3164182,304364,302237,15248,317485,5546
2021-10-23,Placer,061,380077,36397,35822,3680,39502,426
2021-10-23,Plumas,063,18699,1703,1623,38,1661,7
2021-10-23,Riverside,065,2383286,357467,354688,16937,371625,5041
2021-10-23,Sacramento,067,1510023,156616,155125,4628,159753,2232
2021-10-23,San Benito,069,59416,7318,7280,176,7456,71
2021-10-23,San Bernardino,071,2135413,350132,347681,11519,359200,5688
2021-10-23,San Diego,073,3302833,369963,366085,21460,387545,4183
2021-10-23,San Francisco,075,870044,52138,51820,2660,54480,649
2021-10-23,San Joaquin,077,732212,98371,97440,5540,102980,1721
2021-10-23,San Luis Obispo,079,281455,29036,28755,1240,29995,333
2021-10-23,San Mateo,081,765935,53055,52719,1528,54247,571
2021-10-23,Santa Barbara,083,443738,43993,43552,1666,45218,523
2021-10-23,Santa Clara,085,1922200,145325,144276,1336,145612,1897
2021-10-23,Santa Cruz,087,273765,20118,19967,1077,21044,221
2021-10-23,Shasta,089,179085,20877,20386,3596,23982,321
2021-10-23,Sierra,091,2930,178,168,22,190,0
2021-10-23,Siskiyou,093,43540,3273,3231,1307,4538,46
2021-10-23,Solano,095,438530,45157,44861,1213,46074,341
2021-10-23,Sonoma,097,501317,40871,40476,528,41004,393
2021-10-23,Stanislaus,099,539301,77727,76812,8983,85795,1145
2021-10-23,Sutter,101,95872,13762,13616,337,13953,175
2021-10-23,Tehama,103,63373,8263,8105,1490,9595,110
2021-10-23,Trinity,105,12862,754,696,193,889,11
2021-10-23,Tulare,107,460477,66654,65585,15138,80723,978
2021-10-23,Tuolumne,109,53932,7055,6840,85,6925,90
2021-10-23,Ventura,111,848112,97060,96664,4401,101065,1167
2021-10-23,Yolo,113,214977,19522,19280,1138,20418,248
2021-10-23,Yuba,115,75493,9957,9838,308,10146,82
2021-10-22,Alameda,001,1643700,118539,117816,2922,120738,1397
2021-10-22,Alpine,003,1148,105,105,0,105,0
2021-10-22,Amador,005,37829,5483,5412,61,5473,64
2021-10-22,Butte,007,227075,20435,20101,3781,23882,273
2021-10-22,Calaveras,009,45235,3960,3865,52,3917,81
2021-10-22,Colusa,011,21464,2492,2458,639,3097,18
2021-10-22,Contra Costa,013,1133247,98374,97855,2207,100062,1008
2021-10-22,Del Norte,015,27424,3622,3540,55,3595,42
2021-10-22,El Dorado,017,186661,15755,15540,1707,17247,149
2021-10-22,Fresno,019,978130,136431,134466,12231,146697,2094
2021-10-22,Glenn,021,27897,3416,3399,997,4396,33
2021-10-22,Humboldt,023,135768,8859,8753,546,9299,105
2021-10-22,Imperial,025,180216,33036,32777,3305,36082,766
2021-10-22,Inyo,027,18085,2213,2108,36,2144,41
2021-10-22,Kern,029,883053,124720,122939,21799,144738,1636
2021-10-22,Kings,031,150075,31466,30942,2014,32956,325
2021-10-22,Lake,033,64148,6616,6501,144,6645,105
2021-10-22,Lassen,035,31185,6740,6632,366,6998,27
2021-10-22,Los Angeles,037,10098052,1424160,1415919,56249,1472168,26527
2021-10-22,Madera,039,155013,22490,22062,1952,24014,281
2021-10-22,Marin,041,260295,17369,17264,454,17718,244
2021-10-22,Mariposa,043,17540,1231,1184,36,1220,5
2021-10-22,Mendocino,045,87422,7323,7220,470,7690,82
2021-10-22,Merced,047,269075,41316,40808,1736,42544,581
2021-10-22,Modoc,049,8938,519,507,184,691,5
2021-10-22,Mono,051,14174,1673,1655,19,1674,3
2021-10-22,Monterey,053,433212,47636,47456,3552,51008,586
2021-10-22,Napa,055,140530,12874,12789,106,12895,100
2021-10-22,Nevada,057,99092,8993,8861,323,9184,90
2021-10-22,Orange,059,3164182,304147,302237,15222,317459,5546
2021-10-22,Placer,061,380077,36369,35822,3671,39493,426
2021-10-22,Plumas,063,18699,1697,1623,38,1661,7
2021-10-22,Riverside,065,2383286,357157,354688,16932,371620,5041
2021-10-22,Sacramento,067,1510023,156431,155125,4618,159743,2232
2021-10-22,San Benito,069,59416,7313,7280,176,7456,71
2021-10-22,San Bernardino,071,2135413,349809,347681,11505,359186,5688
2021-10-22,San Diego,073,3302833,369552,366085,21441,387526,4183
2021-10-22,San Francisco,075,870044,52106,51820,2653,54473,649
2021-10-22,San Joaquin,077,732212,98313,97440,5537,102977,1721
2021-10-22,San Luis Obispo,079,281455,29006,28755,1240,29995,333
2021-10-22,San Mateo,081,765935,53010,52719,1516,54235,571
2021-10-22,Santa Barbara,083,443738,43952,43552,1666,45218,523
2021-10-22,Santa Clara,085,1922200,145170,144276,1328,145604,1897
2021-10-22,Santa Cruz,087,273765,20096,19967,1077,21044,221
2021-10-22,Shasta,089,179085,20845,20386,3593,23979,321
2021-10-22,Sierra,091,2930,177,168,21,189,0
2021-10-22,Siskiyou,093,43540,3271,3231,1304,4535,46
2021-10-22,Solano,095,438530,45122,44861,1209,46070,341
2021-10-22,Sonoma,097,501317,40815,40476,528,41004,393
2021-10-22,Stanislaus,099,539301,77625,76812,8963,85775,1145
2021-10-22,Sutter,101,95872,13747,13616,337,13953,175
2021-10-22,Tehama,103,63373,8242,8105,1485,9590,110
2021-10-22,Trinity,105,12862,753,696,193,889,11
2021-10-22,Tulare,107,460477,66571,65585,15083,80668,978
2021-10-22,Tuolumne,109,53932,7020,6840,85,6925,90
2021-10-22,Ventura,111,848112,97008,96664,4395,101059,1167
2021-10-22,Yolo,113,214977,19495,19280,1135,20415,248
2021-10-22,Yuba,115,75493,9943,9838,306,10144,82
2021-10-21,Alameda,001,1643700,118425,117816,2918,120734,1397
2021-10-21,Alpine,003,1148,105,105,0,105,0
2021-10-21,Amador,005,37829,5475,5412,61,5473,64
2021-10-21,Butte,007,227075,20352,20101,3768,23869,273
2021-10-21,Calaveras,009,45235,3941,3865,52,3917,81
2021-10-21,Colusa,011,21464,2488,2458,632,3090,18
2021-10-21,Contra Costa,013,1133247,98261,97855,2201,100056,1008
2021-10-21,Del Norte,015,27424,3616,3540,54,3594,42
2021-10-21,El Dorado,017,186661,15727,15540,1700,17240,149
2021-10-21,Fresno,019,978130,136083,134466,12194,146660,2094
2021-10-21,Glenn,021,27897,3412,3399,993,4392,33
2021-10-21,Humboldt,023,135768,8844,8753,542,9295,105
2021-10-21,Imperial,025,180216,32982,32777,3300,36077,766
2021-10-21,Inyo,027,18085,2191,2108,36,2144,41
2021-10-21,Kern,029,883053,124473,122939,21685,144624,1636
2021-10-21,Kings,031,150075,31367,30942,2008,32950,325
2021-10-21,Lake,033,64148,6603,6501,144,6645,105
2021-10-21,Lassen,035,31185,6727,6632,362,6994,27
2021-10-21,Los Angeles,037,10098052,1423052,1415919,56197,1472116,26527
2021-10-21,Madera,039,155013,22432,22062,1943,24005,281
2021-10-21,Marin,041,260295,17351,17264,454,17718,244
2021-10-21,Mariposa,043,17540,1225,1184,35,1219,5
2021-10-21,Mendocino,045,87422,7305,7220,462,7682,82
2021-10-21,Merced,047,269075,41214,40808,1729,42537,581
2021-10-21,Modoc,049,8938,519,507,184,691,5
2021-10-21,Mono,051,14174,1665,1655,19,1674,3
2021-10-21,Monterey,053,433212,47609,47456,3533,50989,586
2021-10-21,Napa,055,140530,12862,12789,106,12895,100
2021-10-21,Nevada,057,99092,8968,8861,323,9184,90
2021-10-21,Orange,059,3164182,303873,302237,15188,317425,5546
2021-10-21,Placer,061,380077,36281,35822,3658,39480,426
2021-10-21,Plumas,063,18699,1683,1623,38,1661,7
2021-10-21,Riverside,065,2383286,356712,354688,16920,371608,5041
2021-10-21,Sacramento,067,1510023,156115,155125,4592,159717,2232
2021-10-21,San Benito,069,59416,7306,7280,174,7454,71
2021-10-21,San Bernardino,071,2135413,349435,347681,11470,359151,5688
2021-10-21,San Diego,073,3302833,369030,366085,21408,387493,4183
2021-10-21,San Francisco,075,870044,52051,51820,2652,54472,649
2021-10-21,San Joaquin,077,732212,98174,97440,5530,102970,1721
2021-10-21,San Luis Obispo,079,281455,28964,28755,1238,29993,333
2021-10-21,San Mateo,081,765935,52967,52719,1513,54232,571
2021-10-21,Santa Barbara,083,443738,43887,43552,1664,45216,523
2021-10-21,Santa Clara,085,1922200,144997,144276,1326,145602,1897
2021-10-21,Santa Cruz,087,273765,20072,19967,1075,21042,221
2021-10-21,Shasta,089,179085,20783,20386,3578,23964,321
2021-10-21,Sierra,091,2930,176,168,20,188,0
2021-10-21,Siskiyou,093,43540,3266,3231,1302,4533,46
2021-10-21,Solano,095,438530,45072,44861,1207,46068,341
2021-10-21,Sonoma,097,501317,40748,40476,526,41002,393
2021-10-21,Stanislaus,099,539301,77456,76812,8952,85764,1145
2021-10-21,Sutter,101,95872,13719,13616,333,13949,175
2021-10-21,Tehama,103,63373,8214,8105,1478,9583,110
2021-10-21,Trinity,105,12862,751,696,193,889,11
2021-10-21,Tulare,107,460477,66383,65585,15010,80595,978
2021-10-21,Tuolumne,109,53932,6983,6840,84,6924,90
2021-10-21,Ventura,111,848112,96916,96664,4394,101058,1167
2021-10-21,Yolo,113,214977,19450,19280,1133,20413,248
2021-10-21,Yuba,115,75493,9919,9838,305,10143,82
2021-10-20,Alameda,001,1643700,118306,117654,2916,120570,1390
2021-10-20,Alpine,003,1148,105,103,0,103,0
2021-10-20,Amador,005,37829,5467,5379,61,5440,64
2021-10-20,Butte,007,227075,20298,20021,3753,23774,270
2021-10-20,Calaveras,009,45235,3920,3844,51,3895,81
2021-10-20,Colusa,011,21464,2484,2454,631,3085,18
2021-10-20,Contra Costa,013,1133247,98151,97721,2195,99916,1008
2021-10-20,Del Norte,015,27424,3612,3536,54,3590,42
2021-10-20,El Dorado,017,186661,15697,15502,1696,17198,149
2021-10-20,Fresno,019,978130,135687,134025,12169,146194,2084
2021-10-20,Glenn,021,27897,3405,3382,991,4373,33
2021-10-20,Humboldt,023,135768,8822,8727,540,9267,105
2021-10-20,Imperial,025,180216,32910,32705,3292,35997,766
2021-10-20,Inyo,027,18085,2171,2077,35,2112,40
2021-10-20,Kern,029,883053,124180,122630,21564,144194,1623
2021-10-20,Kings,031,150075,31291,30805,1998,32803,322
2021-10-20,Lake,033,64148,6581,6475,144,6619,104
2021-10-20,Lassen,035,31185,6712,6622,362,6984,27
2021-10-20,Los Angeles,037,10098052,1421948,1414931,56117,1471048,26506
2021-10-20,Madera,039,155013,22362,21983,1935,23918,281
2021-10-20,Marin,041,260295,17330,17250,452,17702,244
2021-10-20,Mariposa,043,17540,1218,1174,35,1209,5
2021-10-20,Mendocino,045,87422,7278,7189,459,7648,82
2021-10-20,Merced,047,269075,41127,40685,1718,42403,581
2021-10-20,Modoc,049,8938,519,504,184,688,5
2021-10-20,Mono,051,14174,1664,1653,19,1672,3
2021-10-20,Monterey,053,433212,47586,47430,3519,50949,587
2021-10-20,Napa,055,140530,12849,12773,105,12878,100
2021-10-20,Nevada,057,99092,8941,8836,323,9159,90
2021-10-20,Orange,059,3164182,303593,301957,15167,317124,5534
2021-10-20,Placer,061,380077,36192,35729,3649,39378,425
2021-10-20,Plumas,063,18699,1676,1604,38,1642,7
2021-10-20,Riverside,065,2383286,356270,354311,16902,371213,5030
2021-10-20,Sacramento,067,1510023,155816,154822,4569,159391,2222
2021-10-20,San Benito,069,59416,7303,7275,172,7447,71
2021-10-20,San Bernardino,071,2135413,349041,347217,11440,358657,5663
2021-10-20,San Diego,073,3302833,368518,365698,21384,387082,4178
2021-10-20,San Francisco,075,870044,52005,51755,2647,54402,646
2021-10-20,San Joaquin,077,732212,98027,97246,5522,102768,1721
2021-10-20,San Luis Obispo,079,281455,28920,28727,1234,29961,332
2021-10-20,San Mateo,081,765935,52905,52663,1495,54158,571
2021-10-20,Santa Barbara,083,443738,43827,43489,1663,45152,523
2021-10-20,Santa Clara,085,1922200,144861,144124,1322,145446,1896
2021-10-20,Santa Cruz,087,273765,20059,19951,1075,21026,219
2021-10-20,Shasta,089,179085,20724,20313,3550,23863,320
2021-10-20,Sierra,091,2930,176,168,20,188,0
2021-10-20,Siskiyou,093,43540,3266,3224,1296,4520,46
2021-10-20,Solano,095,438530,45040,44819,1205,46024,341
2021-10-20,Sonoma,097,501317,40704,40404,526,40930,393
2021-10-20,Stanislaus,099,539301,77306,76631,8933,85564,1145
2021-10-20,Sutter,101,95872,13695,13592,327,13919,175
2021-10-20,Tehama,103,63373,8183,8081,1467,9548,110
2021-10-20,Trinity,105,12862,751,693,192,885,11
2021-10-20,Tulare,107,460477,66208,65413,14964,80377,967
2021-10-20,Tuolumne,109,53932,6962,6803,84,6887,89
2021-10-20,Ventura,111,848112,96826,96610,4391,101001,1166
2021-10-20,Yolo,113,214977,19406,19236,1132,20368,248
2021-10-20,Yuba,115,75493,9902,9808,302,10110,82
2021-10-19,Alameda,001,1643700,118195,117542,2910,120452,1383
2021-10-19,Alpine,003,1148,105,103,0,103,0
2021-10-19,Amador,005,37829,5451,5367,61,5428,64
2021-10-19,Butte,007,227075,20244,19974,3745,23719,268
2021-10-19,Calaveras,009,45235,3903,3826,50,3876,80
2021-10-19,Colusa,011,21464,2481,2447,629,3076,18
2021-10-19,Contra Costa,013,1133247,98061,97613,2189,99802,1004
2021-10-19,Del Norte,015,27424,3605,3531,54,3585,42
2021-10-19,El Dorado,017,186661,15672,15478,1691,17169,149
2021-10-19,Fresno,019,978130,135329,133813,12136,145949,2073
2021-10-19,Glenn,021,27897,3404,3380,987,4367,33
2021-10-19,Humboldt,023,135768,8798,8714,534,9248,105
2021-10-19,Imperial,025,180216,32842,32632,3288,35920,764
2021-10-19,Inyo,027,18085,2140,2045,35,2080,40
2021-10-19,Kern,029,883053,123862,122391,21439,143830,1613
2021-10-19,Kings,031,150075,31196,30757,1991,32748,322
2021-10-19,Lake,033,64148,6577,6465,144,6609,104
2021-10-19,Lassen,035,31185,6706,6612,357,6969,27
2021-10-19,Los Angeles,037,10098052,1420717,1413882,56035,1469917,26473
2021-10-19,Madera,039,155013,22299,21950,1927,23877,281
2021-10-19,Marin,041,260295,17316,17241,449,17690,244
2021-10-19,Mariposa,043,17540,1212,1171,33,1204,5
2021-10-19,Mendocino,045,87422,7263,7172,456,7628,82
2021-10-19,Merced,047,269075,41011,40628,1698,42326,580
2021-10-19,Modoc,049,8938,517,502,184,686,5
2021-10-19,Mono,051,14174,1658,1651,19,1670,3
2021-10-19,Monterey,053,433212,47557,47412,3499,50911,583
2021-10-19,Napa,055,140530,12842,12769,105,12874,100
2021-10-19,Nevada,057,99092,8920,8829,322,9151,90
2021-10-19,Orange,059,3164182,303340,301700,15137,316837,5527
2021-10-19,Placer,061,380077,36071,35663,3634,39297,422
2021-10-19,Plumas,063,18699,1658,1586,38,1624,8
2021-10-19,Riverside,065,2383286,355850,353891,16894,370785,5020
2021-10-19,Sacramento,067,1510023,155514,154570,4540,159110,2227
2021-10-19,San Benito,069,59416,7287,7264,172,7436,71
2021-10-19,San Bernardino,071,2135413,348643,346814,11410,358224,5627
2021-10-19,San Diego,073,3302833,367926,365285,21351,386636,4170
2021-10-19,San Francisco,075,870044,51945,51704,2644,54348,645
2021-10-19,San Joaquin,077,732212,97861,97105,5510,102615,1721
2021-10-19,San Luis Obispo,079,281455,28873,28670,1231,29901,332
2021-10-19,San Mateo,081,765935,52853,52617,1487,54104,571
2021-10-19,Santa Barbara,083,443738,43760,43413,1661,45074,522
2021-10-19,Santa Clara,085,1922200,144689,143989,1314,145303,1898
2021-10-19,Santa Cruz,087,273765,20035,19895,1073,20968,218
2021-10-19,Shasta,089,179085,20647,20209,3542,23751,319
2021-10-19,Sierra,091,2930,173,168,20,188,0
2021-10-19,Siskiyou,093,43540,3262,3216,1291,4507,46
2021-10-19,Solano,095,438530,44999,44782,1201,45983,341
2021-10-19,Sonoma,097,501317,40630,40379,525,40904,392
2021-10-19,Stanislaus,099,539301,77167,76526,8919,85445,1145
2021-10-19,Sutter,101,95872,13671,13569,326,13895,174
2021-10-19,Tehama,103,63373,8153,8057,1451,9508,108
2021-10-19,Trinity,105,12862,744,691,192,883,11
2021-10-19,Tulare,107,460477,66026,65253,14896,80149,958
2021-10-19,Tuolumne,109,53932,6934,6782,83,6865,89
2021-10-19,Ventura,111,848112,96746,96539,4388,100927,1166
2021-10-19,Yolo,113,214977,19363,19206,1127,20333,248
2021-10-19,Yuba,115,75493,9885,9796,300,10096,82
2021-10-18,Alameda,001,1643700,118061,117506,2901,120407,1381
2021-10-18,Alpine,003,1148,105,103,0,103,0
2021-10-18,Amador,005,37829,5440,5345,61,5406,64
2021-10-18,Butte,007,227075,20194,19921,3737,23658,265
2021-10-18,Calaveras,009,45235,3878,3819,49,3868,80
2021-10-18,Colusa,011,21464,2480,2444,627,3071,18
2021-10-18,Contra Costa,013,1133247,97952,97585,2186,99771,995
2021-10-18,Del Norte,015,27424,3598,3529,54,3583,41
2021-10-18,El Dorado,017,186661,15641,15452,1688,17140,149
2021-10-18,Fresno,019,978130,134934,133688,12101,145789,2063
2021-10-18,Glenn,021,27897,3398,3370,981,4351,32
2021-10-18,Humboldt,023,135768,8780,8699,525,9224,104
2021-10-18,Imperial,025,180216,32751,32558,3288,35846,764
2021-10-18,Inyo,027,18085,2122,2020,35,2055,40
2021-10-18,Kern,029,883053,123563,122231,21340,143571,1605
2021-10-18,Kings,031,150075,31080,30698,1978,32676,320
2021-10-18,Lake,033,64148,6558,6455,142,6597,104
2021-10-18,Lassen,035,31185,6686,6607,354,6961,26
2021-10-18,Los Angeles,037,10098052,1419478,1413291,55956,1469247,26446
2021-10-18,Madera,039,155013,22245,21909,1915,23824,277
2021-10-18,Marin,041,260295,17296,17232,446,17678,244
2021-10-18,Mariposa,043,17540,1204,1160,33,1193,5
2021-10-18,Mendocino,045,87422,7244,7156,447,7603,82
2021-10-18,Merced,047,269075,40887,40573,1688,42261,579
2021-10-18,Modoc,049,8938,517,498,184,682,5
2021-10-18,Mono,051,14174,1647,1648,18,1666,3
2021-10-18,Monterey,053,433212,47540,47389,3489,50878,583
2021-10-18,Napa,055,140530,12827,12762,105,12867,100
2021-10-18,Nevada,057,99092,8901,8816,322,9138,90
2021-10-18,Orange,059,3164182,303005,301573,15102,316675,5524
2021-10-18,Placer,061,380077,35993,35598,3630,39228,420
2021-10-18,Plumas,063,18699,1650,1579,38,1617,6
2021-10-18,Riverside,065,2383286,355436,353699,16879,370578,5008
2021-10-18,Sacramento,067,1510023,155208,154428,4508,158936,2203
2021-10-18,San Benito,069,59416,7275,7253,171,7424,71
2021-10-18,San Bernardino,071,2135413,348225,346742,11395,358137,5606
2021-10-18,San Diego,073,3302833,367364,364948,21308,386256,4169
2021-10-18,San Francisco,075,870044,51883,51671,2637,54308,644
2021-10-18,San Joaquin,077,732212,97696,97041,5500,102541,1721
2021-10-18,San Luis Obispo,079,281455,28834,28644,1228,29872,331
2021-10-18,San Mateo,081,765935,52792,52594,1485,54079,571
2021-10-18,Santa Barbara,083,443738,43703,43386,1659,45045,522
2021-10-18,Santa Clara,085,1922200,144535,143891,1305,145196,1895
2021-10-18,Santa Cruz,087,273765,20021,19876,1071,20947,218
2021-10-18,Shasta,089,179085,20566,20146,3531,23677,313
2021-10-18,Sierra,091,2930,173,166,20,186,0
2021-10-18,Siskiyou,093,43540,3259,3210,1283,4493,42
2021-10-18,Solano,095,438530,44955,44758,1199,45957,339
2021-10-18,Sonoma,097,501317,40568,40349,521,40870,392
2021-10-18,Stanislaus,099,539301,77003,76466,8905,85371,1145
2021-10-18,Sutter,101,95872,13637,13557,324,13881,172
2021-10-18,Tehama,103,63373,8119,8042,1439,9481,107
2021-10-18,Trinity,105,12862,743,688,192,880,11
2021-10-18,Tulare,107,460477,65852,65171,14832,80003,958
2021-10-18,Tuolumne,109,53932,6905,6755,83,6838,89
2021-10-18,Ventura,111,848112,96654,96506,4386,100892,1165
2021-10-18,Yolo,113,214977,19327,19197,1124,20321,248
2021-10-18,Yuba,115,75493,9859,9782,297,10079,82
2021-10-17,Alameda,001,1643700,117914,117423,2896,120319,1376
2021-10-17,Alpine,003,1148,105,103,0,103,0
2021-10-17,Amador,005,37829,5417,5341,61,5402,64
2021-10-17,Butte,007,227075,20108,19897,3728,23625,265
2021-10-17,Calaveras,009,45235,3862,3805,49,3854,80
2021-10-17,Colusa,011,21464,2475,2442,620,3062,18
2021-10-17,Contra Costa,013,1133247,97829,97485,2175,99660,995
2021-10-17,Del Norte,015,27424,3593,3526,54,3580,41
2021-10-17,El Dorado,017,186661,15583,15438,1681,17119,149
2021-10-17,Fresno,019,978130,134468,133429,12070,145499,2063
2021-10-17,Glenn,021,27897,3382,3364,979,4343,32
2021-10-17,Humboldt,023,135768,8760,8690,522,9212,104
2021-10-17,Imperial,025,180216,32669,32520,3282,35802,764
2021-10-17,Inyo,027,18085,2094,2000,35,2035,40
2021-10-17,Kern,029,883053,123215,122085,21241,143326,1603
2021-10-17,Kings,031,150075,30967,30636,1968,32604,315
2021-10-17,Lake,033,64148,6542,6437,141,6578,104
2021-10-17,Lassen,035,31185,6674,6605,349,6954,26
2021-10-17,Los Angeles,037,10098052,1418153,1412371,55873,1468244,26443
2021-10-17,Madera,039,155013,22183,21869,1906,23775,277
2021-10-17,Marin,041,260295,17275,17211,446,17657,243
2021-10-17,Mariposa,043,17540,1197,1150,33,1183,5
2021-10-17,Mendocino,045,87422,7217,7148,440,7588,82
2021-10-17,Merced,047,269075,40760,40531,1674,42205,579
2021-10-17,Modoc,049,8938,514,498,182,680,5
2021-10-17,Mono,051,14174,1646,1640,17,1657,3
2021-10-17,Monterey,053,433212,47508,47369,3469,50838,583
2021-10-17,Napa,055,140530,12812,12753,102,12855,100
2021-10-17,Nevada,057,99092,8884,8794,321,9115,90
2021-10-17,Orange,059,3164182,302695,301414,15070,316484,5524
2021-10-17,Placer,061,380077,35892,35559,3615,39174,420
2021-10-17,Plumas,063,18699,1627,1571,35,1606,6
2021-10-17,Riverside,065,2383286,354957,353500,16863,370363,5008
2021-10-17,Sacramento,067,1510023,154810,154080,4486,158566,2213
2021-10-17,San Benito,069,59416,7266,7250,170,7420,71
2021-10-17,San Bernardino,071,2135413,347798,346524,11376,357900,5597
2021-10-17,San Diego,073,3302833,366757,364675,21278,385953,4163
2021-10-17,San Francisco,075,870044,51810,51625,2628,54253,644
2021-10-17,San Joaquin,077,732212,97523,96950,5491,102441,1721
2021-10-17,San Luis Obispo,079,281455,28783,28604,1220,29824,331
2021-10-17,San Mateo,081,765935,52749,52541,1473,54014,571
2021-10-17,Santa Barbara,083,443738,43641,43344,1658,45002,522
2021-10-17,Santa Clara,085,1922200,144361,143768,1295,145063,1895
2021-10-17,Santa Cruz,087,273765,19993,19861,1069,20930,218
2021-10-17,Shasta,089,179085,20476,20116,3520,23636,312
2021-10-17,Sierra,091,2930,171,165,20,185,0
2021-10-17,Siskiyou,093,43540,3251,3204,1280,4484,42
2021-10-17,Solano,095,438530,44899,44722,1198,45920,340
2021-10-17,Sonoma,097,501317,40493,40306,521,40827,392
2021-10-17,Stanislaus,099,539301,76806,76354,8891,85245,1145
2021-10-17,Sutter,101,95872,13620,13543,322,13865,172
2021-10-17,Tehama,103,63373,8087,8015,1422,9437,107
2021-10-17,Trinity,105,12862,740,686,191,877,11
2021-10-17,Tulare,107,460477,65670,65057,14757,79814,958
2021-10-17,Tuolumne,109,53932,6870,6735,82,6817,89
2021-10-17,Ventura,111,848112,96559,96458,4383,100841,1165
2021-10-17,Yolo,113,214977,19288,19171,1114,20285,248
2021-10-17,Yuba,115,75493,9833,9771,295,10066,82
2021-10-16,Alameda,001,1643700,117827,117027,2895,119922,1365
2021-10-16,Alpine,003,1148,104,102,0,102,0
2021-10-16,Amador,005,37829,5410,5310,61,5371,64
2021-10-16,Butte,007,227075,20077,19612,3721,23333,260
2021-10-16,Calaveras,009,45235,3855,3771,49,3820,80
2021-10-16,Colusa,011,21464,2471,2431,617,3048,18
2021-10-16,Contra Costa,013,1133247,97738,97107,2172,99279,982
2021-10-16,Del Norte,015,27424,3590,3516,54,3570,41
2021-10-16,El Dorado,017,186661,15561,15315,1679,16994,149
2021-10-16,Fresno,019,978130,134319,132433,12063,144496,2051
2021-10-16,Glenn,021,27897,3379,3331,979,4310,26
2021-10-16,Humboldt,023,135768,8747,8621,517,9138,104
2021-10-16,Imperial,025,180216,32654,32368,3280,35648,764
2021-10-16,Inyo,027,18085,2080,1932,35,1967,39
2021-10-16,Kern,029,883053,123062,121354,21155,142509,1590
2021-10-16,Kings,031,150075,30919,30418,1965,32383,314
2021-10-16,Lake,033,64148,6531,6378,141,6519,104
2021-10-16,Lassen,035,31185,6666,6559,344,6903,26
2021-10-16,Los Angeles,037,10098052,1417507,1409418,55816,1465234,26398
2021-10-16,Madera,039,155013,22139,21707,1903,23610,277
2021-10-16,Marin,041,260295,17266,17148,446,17594,243
2021-10-16,Mariposa,043,17540,1194,1096,33,1129,5
2021-10-16,Mendocino,045,87422,7207,7099,440,7539,82
2021-10-16,Merced,047,269075,40727,40265,1673,41938,577
2021-10-16,Modoc,049,8938,511,492,182,674,5
2021-10-16,Mono,051,14174,1645,1628,17,1645,3
2021-10-16,Monterey,053,433212,47494,47293,3458,50751,582
2021-10-16,Napa,055,140530,12801,12706,102,12808,100
2021-10-16,Nevada,057,99092,8864,8739,321,9060,90
2021-10-16,Orange,059,3164182,302521,300722,15047,315769,5509
2021-10-16,Placer,061,380077,35808,35343,3608,38951,412
2021-10-16,Plumas,063,18699,1622,1542,34,1576,6
2021-10-16,Riverside,065,2383286,354689,352435,16851,369286,4990
2021-10-16,Sacramento,067,1510023,154609,153264,4482,157746,2192
2021-10-16,San Benito,069,59416,7253,7210,169,7379,71
2021-10-16,San Bernardino,071,2135413,347594,345418,11369,356787,5566
2021-10-16,San Diego,073,3302833,366435,363109,21262,384371,4151
2021-10-16,San Francisco,075,870044,51762,51436,2623,54059,645
2021-10-16,San Joaquin,077,732212,97453,96507,5488,101995,1708
2021-10-16,San Luis Obispo,079,281455,28757,28460,1219,29679,329
2021-10-16,San Mateo,081,765935,52706,52399,1467,53866,569
2021-10-16,Santa Barbara,083,443738,43605,43175,1657,44832,521
2021-10-16,Santa Clara,085,1922200,144260,143282,1287,144569,1890
2021-10-16,Santa Cruz,087,273765,19978,19794,1068,20862,218
2021-10-16,Shasta,089,179085,20427,19932,3508,23440,309
2021-10-16,Sierra,091,2930,169,160,20,180,0
2021-10-16,Siskiyou,093,43540,3249,3173,1273,4446,42
2021-10-16,Solano,095,438530,44873,44585,1194,45779,334
2021-10-16,Sonoma,097,501317,40453,40195,521,40716,390
2021-10-16,Stanislaus,099,539301,76720,75868,8882,84750,1142
2021-10-16,Sutter,101,95872,13601,13471,321,13792,169
2021-10-16,Tehama,103,63373,8073,7907,1417,9324,104
2021-10-16,Trinity,105,12862,740,679,191,870,11
2021-10-16,Tulare,107,460477,65538,64489,14723,79212,951
2021-10-16,Tuolumne,109,53932,6838,6666,82,6748,89
2021-10-16,Ventura,111,848112,96531,96181,4378,100559,1164
2021-10-16,Yolo,113,214977,19262,19078,1108,20186,247
2021-10-16,Yuba,115,75493,9810,9705,291,9996,82
2021-10-15,Alameda,001,1643700,117756,117027,2891,119918,1365
2021-10-15,Alpine,003,1148,104,102,0,102,0
2021-10-15,Amador,005,37829,5386,5310,61,5371,64
2021-10-15,Butte,007,227075,20041,19612,3714,23326,260
2021-10-15,Calaveras,009,45235,3849,3771,49,3820,80
2021-10-15,Colusa,011,21464,2469,2431,613,3044,18
2021-10-15,Contra Costa,013,1133247,97657,97107,2169,99276,982
2021-10-15,Del Norte,015,27424,3588,3516,54,3570,41
2021-10-15,El Dorado,017,186661,15541,15315,1674,16989,149
2021-10-15,Fresno,019,978130,134068,132433,12057,144490,2051
2021-10-15,Glenn,021,27897,3375,3331,978,4309,26
2021-10-15,Humboldt,023,135768,8738,8621,515,9136,104
2021-10-15,Imperial,025,180216,32607,32368,3276,35644,764
2021-10-15,Inyo,027,18085,2062,1932,35,1967,39
2021-10-15,Kern,029,883053,122927,121354,21081,142435,1590
2021-10-15,Kings,031,150075,30864,30418,1961,32379,314
2021-10-15,Lake,033,64148,6522,6378,141,6519,104
2021-10-15,Lassen,035,31185,6654,6559,343,6902,26
2021-10-15,Los Angeles,037,10098052,1416818,1409418,55767,1465185,26398
2021-10-15,Madera,039,155013,22094,21707,1897,23604,277
2021-10-15,Marin,041,260295,17255,17148,446,17594,243
2021-10-15,Mariposa,043,17540,1186,1096,33,1129,5
2021-10-15,Mendocino,045,87422,7192,7099,440,7539,82
2021-10-15,Merced,047,269075,40697,40265,1670,41935,577
2021-10-15,Modoc,049,8938,510,492,182,674,5
2021-10-15,Mono,051,14174,1644,1628,17,1645,3
2021-10-15,Monterey,053,433212,47474,47293,3454,50747,582
2021-10-15,Napa,055,140530,12797,12706,102,12808,100
2021-10-15,Nevada,057,99092,8849,8739,321,9060,90
2021-10-15,Orange,059,3164182,302353,300722,15030,315752,5509
2021-10-15,Placer,061,380077,35755,35343,3602,38945,412
2021-10-15,Plumas,063,18699,1614,1542,34,1576,6
2021-10-15,Riverside,065,2383286,354448,352435,16846,369281,4990
2021-10-15,Sacramento,067,1510023,154424,153264,4472,157736,2192
2021-10-15,San Benito,069,59416,7250,7210,169,7379,71
2021-10-15,San Bernardino,071,2135413,347359,345418,11367,356785,5566
2021-10-15,San Diego,073,3302833,366071,363109,21237,384346,4151
2021-10-15,San Francisco,075,870044,51724,51436,2616,54052,645
2021-10-15,San Joaquin,077,732212,97376,96507,5481,101988,1708
2021-10-15,San Luis Obispo,079,281455,28736,28460,1217,29677,329
2021-10-15,San Mateo,081,765935,52669,52399,1460,53859,569
2021-10-15,Santa Barbara,083,443738,43569,43175,1657,44832,521
2021-10-15,Santa Clara,085,1922200,144139,143282,1278,144560,1890
2021-10-15,Santa Cruz,087,273765,19967,19794,1068,20862,218
2021-10-15,Shasta,089,179085,20371,19932,3500,23432,309
2021-10-15,Sierra,091,2930,168,160,20,180,0
2021-10-15,Siskiyou,093,43540,3248,3173,1270,4443,42
2021-10-15,Solano,095,438530,44847,44585,1194,45779,334
2021-10-15,Sonoma,097,501317,40419,40195,520,40715,390
2021-10-15,Stanislaus,099,539301,76640,75868,8866,84734,1142
2021-10-15,Sutter,101,95872,13584,13471,319,13790,169
2021-10-15,Tehama,103,63373,8051,7907,1411,9318,104
2021-10-15,Trinity,105,12862,740,679,191,870,11
2021-10-15,Tulare,107,460477,65461,64489,14684,79173,951
2021-10-15,Tuolumne,109,53932,6815,6666,80,6746,89
2021-10-15,Ventura,111,848112,96490,96181,4374,100555,1164
2021-10-15,Yolo,113,214977,19248,19078,1104,20182,247
2021-10-15,Yuba,115,75493,9800,9705,290,9995,82
2021-10-14,Alameda,001,1643700,117650,117027,2885,119912,1365
2021-10-14,Alpine,003,1148,104,102,0,102,0
2021-10-14,Amador,005,37829,5376,5310,61,5371,64
2021-10-14,Butte,007,227075,19989,19612,3709,23321,260
2021-10-14,Calaveras,009,45235,3836,3771,48,3819,80
2021-10-14,Colusa,011,21464,2467,2431,611,3042,18
2021-10-14,Contra Costa,013,1133247,97523,97107,2163,99270,982
2021-10-14,Del Norte,015,27424,3582,3516,54,3570,41
2021-10-14,El Dorado,017,186661,15502,15315,1671,16986,149
2021-10-14,Fresno,019,978130,133777,132433,12036,144469,2051
2021-10-14,Glenn,021,27897,3372,3331,977,4308,26
2021-10-14,Humboldt,023,135768,8720,8621,512,9133,104
2021-10-14,Imperial,025,180216,32543,32368,3269,35637,764
2021-10-14,Inyo,027,18085,2043,1932,35,1967,39
2021-10-14,Kern,029,883053,122657,121354,20980,142334,1590
2021-10-14,Kings,031,150075,30799,30418,1953,32371,314
2021-10-14,Lake,033,64148,6501,6378,140,6518,104
2021-10-14,Lassen,035,31185,6648,6559,342,6901,26
2021-10-14,Los Angeles,037,10098052,1415850,1409418,55713,1465131,26398
2021-10-14,Madera,039,155013,22029,21707,1893,23600,277
2021-10-14,Marin,041,260295,17250,17148,444,17592,243
2021-10-14,Mariposa,043,17540,1173,1096,32,1128,5
2021-10-14,Mendocino,045,87422,7178,7099,439,7538,82
2021-10-14,Merced,047,269075,40608,40265,1656,41921,577
2021-10-14,Modoc,049,8938,510,492,182,674,5
2021-10-14,Mono,051,14174,1638,1628,17,1645,3
2021-10-14,Monterey,053,433212,47450,47293,3447,50740,582
2021-10-14,Napa,055,140530,12782,12706,102,12808,100
2021-10-14,Nevada,057,99092,8821,8739,319,9058,90
2021-10-14,Orange,059,3164182,302153,300722,15014,315736,5509
2021-10-14,Placer,061,380077,35689,35343,3588,38931,412
2021-10-14,Plumas,063,18699,1599,1542,34,1576,6
2021-10-14,Riverside,065,2383286,354051,352435,16836,369271,4990
2021-10-14,Sacramento,067,1510023,154172,153264,4450,157714,2192
2021-10-14,San Benito,069,59416,7239,7210,169,7379,71
2021-10-14,San Bernardino,071,2135413,347002,345418,11360,356778,5566
2021-10-14,San Diego,073,3302833,365623,363109,21209,384318,4151
2021-10-14,San Francisco,075,870044,51671,51436,2610,54046,645
2021-10-14,San Joaquin,077,732212,97248,96507,5472,101979,1708
2021-10-14,San Luis Obispo,079,281455,28693,28460,1213,29673,329
2021-10-14,San Mateo,081,765935,52624,52399,1456,53855,569
2021-10-14,Santa Barbara,083,443738,43514,43175,1652,44827,521
2021-10-14,Santa Clara,085,1922200,144000,143282,1273,144555,1890
2021-10-14,Santa Cruz,087,273765,19944,19794,1068,20862,218
2021-10-14,Shasta,089,179085,20315,19932,3488,23420,309
2021-10-14,Sierra,091,2930,168,160,20,180,0
2021-10-14,Siskiyou,093,43540,3245,3173,1262,4435,42
2021-10-14,Solano,095,438530,44797,44585,1188,45773,334
2021-10-14,Sonoma,097,501317,40369,40195,517,40712,390
2021-10-14,Stanislaus,099,539301,76494,75868,8853,84721,1142
2021-10-14,Sutter,101,95872,13564,13471,318,13789,169
2021-10-14,Tehama,103,63373,8020,7907,1404,9311,104
2021-10-14,Trinity,105,12862,739,679,190,869,11
2021-10-14,Tulare,107,460477,65281,64489,14637,79126,951
2021-10-14,Tuolumne,109,53932,6785,6666,79,6745,89
2021-10-14,Ventura,111,848112,96424,96181,4367,100548,1164
2021-10-14,Yolo,113,214977,19217,19078,1097,20175,247
2021-10-14,Yuba,115,75493,9786,9705,281,9986,82
2021-10-13,Alameda,001,1643700,117550,116914,2879,119793,1360
2021-10-13,Alpine,003,1148,104,102,0,102,0
2021-10-13,Amador,005,37829,5362,5305,61,5366,63
2021-10-13,Butte,007,227075,19915,19546,3705,23251,257
2021-10-13,Calaveras,009,45235,3815,3756,46,3802,79
2021-10-13,Colusa,011,21464,2460,2430,607,3037,18
2021-10-13,Contra Costa,013,1133247,97409,96975,2162,99137,969
2021-10-13,Del Norte,015,27424,3577,3512,54,3566,39
2021-10-13,El Dorado,017,186661,15479,15302,1666,16968,149
2021-10-13,Fresno,019,978130,133446,132055,12015,144070,2048
2021-10-13,Glenn,021,27897,3361,3327,974,4301,26
2021-10-13,Humboldt,023,135768,8709,8604,506,9110,102
2021-10-13,Imperial,025,180216,32483,32317,3266,35583,762
2021-10-13,Inyo,027,18085,2006,1907,35,1942,39
2021-10-13,Kern,029,883053,122415,120956,20888,141844,1586
2021-10-13,Kings,031,150075,30718,30246,1946,32192,312
2021-10-13,Lake,033,64148,6481,6371,140,6511,103
2021-10-13,Lassen,035,31185,6638,6535,336,6871,25
2021-10-13,Los Angeles,037,10098052,1414813,1408384,55655,1464039,26379
2021-10-13,Madera,039,155013,21974,21609,1878,23487,277
2021-10-13,Marin,041,260295,17226,17137,443,17580,243
2021-10-13,Mariposa,043,17540,1159,1090,32,1122,5
2021-10-13,Mendocino,045,87422,7163,7088,431,7519,82
2021-10-13,Merced,047,269075,40524,40164,1645,41809,577
2021-10-13,Modoc,049,8938,508,490,180,670,5
2021-10-13,Mono,051,14174,1638,1612,17,1629,3
2021-10-13,Monterey,053,433212,47433,47273,3438,50711,582
2021-10-13,Napa,055,140530,12772,12695,100,12795,100
2021-10-13,Nevada,057,99092,8799,8725,319,9044,90
2021-10-13,Orange,059,3164182,301954,300468,14997,315465,5503
2021-10-13,Placer,061,380077,35624,35254,3577,38831,412
2021-10-13,Plumas,063,18699,1584,1514,34,1548,6
2021-10-13,Riverside,065,2383286,353722,352044,16823,368867,4978
2021-10-13,Sacramento,067,1510023,153925,153141,4425,157566,2182
2021-10-13,San Benito,069,59416,7233,7196,168,7364,71
2021-10-13,San Bernardino,071,2135413,346680,344951,11344,356295,5562
2021-10-13,San Diego,073,3302833,365186,362564,21187,383751,4141
2021-10-13,San Francisco,075,870044,51630,51379,2605,53984,644
2021-10-13,San Joaquin,077,732212,97105,96343,5467,101810,1696
2021-10-13,San Luis Obispo,079,281455,28655,28397,1210,29607,330
2021-10-13,San Mateo,081,765935,52574,52352,1451,53803,569
2021-10-13,Santa Barbara,083,443738,43463,43109,1652,44761,518
2021-10-13,Santa Clara,085,1922200,143861,143064,1272,144336,1886
2021-10-13,Santa Cruz,087,273765,19918,19763,1067,20830,217
2021-10-13,Shasta,089,179085,20246,19802,3466,23268,307
2021-10-13,Sierra,091,2930,168,155,20,175,0
2021-10-13,Siskiyou,093,43540,3237,3173,1261,4434,42
2021-10-13,Solano,095,438530,44758,44558,1186,45744,334
2021-10-13,Sonoma,097,501317,40317,40122,517,40639,390
2021-10-13,Stanislaus,099,539301,76352,75698,8844,84542,1136
2021-10-13,Sutter,101,95872,13534,13458,316,13774,169
2021-10-13,Tehama,103,63373,7982,7849,1398,9247,103
2021-10-13,Trinity,105,12862,736,677,190,867,11
2021-10-13,Tulare,107,460477,65101,64297,14582,78879,945
2021-10-13,Tuolumne,109,53932,6771,6644,78,6722,89
2021-10-13,Ventura,111,848112,96350,96099,4362,100461,1162
2021-10-13,Yolo,113,214977,19187,19023,1094,20117,247
2021-10-13,Yuba,115,75493,9763,9690,265,9955,80
2021-10-12,Alameda,001,1643700,117449,116813,2874,119687,1357
2021-10-12,Alpine,003,1148,104,102,0,102,0
2021-10-12,Amador,005,37829,5351,5301,61,5362,63
2021-10-12,Butte,007,227075,19846,19506,3693,23199,256
2021-10-12,Calaveras,009,45235,3800,3750,46,3796,75
2021-10-12,Colusa,011,21464,2457,2428,605,3033,18
2021-10-12,Contra Costa,013,1133247,97297,96894,2152,99046,960
2021-10-12,Del Norte,015,27424,3572,3511,53,3564,39
2021-10-12,El Dorado,017,186661,15446,15287,1664,16951,148
2021-10-12,Fresno,019,978130,133085,131848,11987,143835,2042
2021-10-12,Glenn,021,27897,3351,3321,971,4292,26
2021-10-12,Humboldt,023,135768,8683,8587,499,9086,102
2021-10-12,Imperial,025,180216,32431,32267,3264,35531,762
2021-10-12,Inyo,027,18085,1974,1889,35,1924,39
2021-10-12,Kern,029,883053,122130,120826,20778,141604,1580
2021-10-12,Kings,031,150075,30646,30200,1935,32135,312
2021-10-12,Lake,033,64148,6466,6372,140,6512,97
2021-10-12,Lassen,035,31185,6629,6526,334,6860,25
2021-10-12,Los Angeles,037,10098052,1413759,1407462,55602,1463064,26362
2021-10-12,Madera,039,155013,21903,21574,1866,23440,277
2021-10-12,Marin,041,260295,17203,17126,443,17569,242
2021-10-12,Mariposa,043,17540,1145,1088,32,1120,5
2021-10-12,Mendocino,045,87422,7134,7077,429,7506,82
2021-10-12,Merced,047,269075,40445,40113,1639,41752,567
2021-10-12,Modoc,049,8938,503,485,179,664,5
2021-10-12,Mono,051,14174,1634,1608,17,1625,3
2021-10-12,Monterey,053,433212,47405,47254,3427,50681,582
2021-10-12,Napa,055,140530,12758,12671,100,12771,97
2021-10-12,Nevada,057,99092,8787,8720,318,9038,89
2021-10-12,Orange,059,3164182,301698,300256,14972,315228,5499
2021-10-12,Placer,061,380077,35561,35214,3569,38783,404
2021-10-12,Plumas,063,18699,1571,1488,33,1521,6
2021-10-12,Riverside,065,2383286,353396,351771,16809,368580,4973
2021-10-12,Sacramento,067,1510023,153632,152935,4396,157331,2170
2021-10-12,San Benito,069,59416,7219,7193,168,7361,71
2021-10-12,San Bernardino,071,2135413,346368,344788,11335,356123,5563
2021-10-12,San Diego,073,3302833,364661,362256,21157,383413,4137
2021-10-12,San Francisco,075,870044,51571,51301,2602,53903,643
2021-10-12,San Joaquin,077,732212,96968,96237,5462,101699,1690
2021-10-12,San Luis Obispo,079,281455,28608,28379,1209,29588,327
2021-10-12,San Mateo,081,765935,52527,52328,1447,53775,569
2021-10-12,Santa Barbara,083,443738,43403,43076,1652,44728,515
2021-10-12,Santa Clara,085,1922200,143707,142954,1270,144224,1882
2021-10-12,Santa Cruz,087,273765,19893,19757,1067,20824,218
2021-10-12,Shasta,089,179085,20172,19731,3444,23175,304
2021-10-12,Sierra,091,2930,168,153,20,173,0
2021-10-12,Siskiyou,093,43540,3227,3166,1254,4420,42
2021-10-12,Solano,095,438530,44715,44516,1182,45698,329
2021-10-12,Sonoma,097,501317,40275,40105,517,40622,390
2021-10-12,Stanislaus,099,539301,76202,75589,8829,84418,1126
2021-10-12,Sutter,101,95872,13511,13436,312,13748,168
2021-10-12,Tehama,103,63373,7949,7820,1394,9214,103
2021-10-12,Trinity,105,12862,733,676,190,866,11
2021-10-12,Tulare,107,460477,64925,64216,14523,78739,944
2021-10-12,Tuolumne,109,53932,6754,6637,77,6714,89
2021-10-12,Ventura,111,848112,96242,96022,4359,100381,1160
2021-10-12,Yolo,113,214977,19161,18987,1086,20073,247
2021-10-12,Yuba,115,75493,9748,9676,261,9937,70
2021-10-11,Alameda,001,1643700,117312,116759,2873,119632,1358
2021-10-11,Alpine,003,1148,103,102,0,102,0
2021-10-11,Amador,005,37829,5339,5286,61,5347,62
2021-10-11,Butte,007,227075,19787,19452,3688,23140,253
2021-10-11,Calaveras,009,45235,3780,3750,46,3796,75
2021-10-11,Colusa,011,21464,2453,2427,598,3025,18
2021-10-11,Contra Costa,013,1133247,97160,96832,2146,98978,960
2021-10-11,Del Norte,015,27424,3569,3510,49,3559,39
2021-10-11,El Dorado,017,186661,15418,15273,1660,16933,146
2021-10-11,Fresno,019,978130,132760,131703,11956,143659,2036
2021-10-11,Glenn,021,27897,3333,3308,970,4278,26
2021-10-11,Humboldt,023,135768,8658,8571,492,9063,101
2021-10-11,Imperial,025,180216,32381,32207,3258,35465,762
2021-10-11,Inyo,027,18085,1951,1862,34,1896,39
2021-10-11,Kern,029,883053,121896,120684,20680,141364,1575
2021-10-11,Kings,031,150075,30558,30180,1925,32105,309
2021-10-11,Lake,033,64148,6450,6361,136,6497,97
2021-10-11,Lassen,035,31185,6609,6499,331,6830,25
2021-10-11,Los Angeles,037,10098052,1412720,1406826,55547,1462373,26346
2021-10-11,Madera,039,155013,21845,21555,1852,23407,272
2021-10-11,Marin,041,260295,17185,17121,439,17560,242
2021-10-11,Mariposa,043,17540,1116,1083,32,1115,5
2021-10-11,Mendocino,045,87422,7118,7064,425,7489,82
2021-10-11,Merced,047,269075,40328,40064,1615,41679,566
2021-10-11,Modoc,049,8938,500,482,176,658,5
2021-10-11,Mono,051,14174,1624,1604,17,1621,3
2021-10-11,Monterey,053,433212,47376,47241,3420,50661,580
2021-10-11,Napa,055,140530,12735,12654,98,12752,96
2021-10-11,Nevada,057,99092,8767,8716,317,9033,90
2021-10-11,Orange,059,3164182,301471,299941,14944,314885,5499
2021-10-11,Placer,061,380077,35493,35173,3551,38724,404
2021-10-11,Plumas,063,18699,1553,1469,31,1500,6
2021-10-11,Riverside,065,2383286,353056,351444,16804,368248,4973
2021-10-11,Sacramento,067,1510023,153346,152681,4365,157046,2169
2021-10-11,San Benito,069,59416,7197,7184,166,7350,71
2021-10-11,San Bernardino,071,2135413,345984,344594,11327,355921,5549
2021-10-11,San Diego,073,3302833,364142,361712,21124,382836,4124
2021-10-11,San Francisco,075,870044,51501,51275,2596,53871,643
2021-10-11,San Joaquin,077,732212,96815,96152,5451,101603,1681
2021-10-11,San Luis Obispo,079,281455,28562,28355,1204,29559,327
2021-10-11,San Mateo,081,765935,52479,52298,1446,53744,569
2021-10-11,Santa Barbara,083,443738,43356,43018,1651,44669,515
2021-10-11,Santa Clara,085,1922200,143545,142836,1267,144103,1882
2021-10-11,Santa Cruz,087,273765,19869,19745,1066,20811,217
2021-10-11,Shasta,089,179085,20093,19662,3428,23090,295
2021-10-11,Sierra,091,2930,163,147,19,166,0
2021-10-11,Siskiyou,093,43540,3219,3159,1250,4409,42
2021-10-11,Solano,095,438530,44668,44474,1179,45653,329
2021-10-11,Sonoma,097,501317,40230,40067,517,40584,390
2021-10-11,Stanislaus,099,539301,76029,75478,8808,84286,1118
2021-10-11,Sutter,101,95872,13492,13427,310,13737,165
2021-10-11,Tehama,103,63373,7908,7795,1384,9179,102
2021-10-11,Trinity,105,12862,728,675,188,863,11
2021-10-11,Tulare,107,460477,64745,64094,14456,78550,942
2021-10-11,Tuolumne,109,53932,6718,6602,77,6679,89
2021-10-11,Ventura,111,848112,96140,95876,4351,100227,1160
2021-10-11,Yolo,113,214977,19115,18977,1083,20060,247
2021-10-11,Yuba,115,75493,9732,9657,248,9905,69
2021-10-10,Alameda,001,1643700,117193,116679,2868,119547,1358
2021-10-10,Alpine,003,1148,103,102,0,102,0
2021-10-10,Amador,005,37829,5324,5278,61,5339,62
2021-10-10,Butte,007,227075,19724,19430,3674,23104,253
2021-10-10,Calaveras,009,45235,3768,3747,46,3793,75
2021-10-10,Colusa,011,21464,2452,2425,597,3022,18
2021-10-10,Contra Costa,013,1133247,97061,96760,2140,98900,960
2021-10-10,Del Norte,015,27424,3565,3507,49,3556,39
2021-10-10,El Dorado,017,186661,15387,15250,1654,16904,146
2021-10-10,Fresno,019,978130,132432,131434,11928,143362,2035
2021-10-10,Glenn,021,27897,3331,3297,968,4265,26
2021-10-10,Humboldt,023,135768,8636,8554,488,9042,101
2021-10-10,Imperial,025,180216,32307,32167,3257,35424,762
2021-10-10,Inyo,027,18085,1930,1857,34,1891,39
2021-10-10,Kern,029,883053,121573,120552,20573,141125,1573
2021-10-10,Kings,031,150075,30470,30122,1915,32037,308
2021-10-10,Lake,033,64148,6434,6349,135,6484,97
2021-10-10,Lassen,035,31185,6589,6495,330,6825,26
2021-10-10,Los Angeles,037,10098052,1411553,1406034,55469,1461503,26338
2021-10-10,Madera,039,155013,21799,21486,1843,23329,272
2021-10-10,Marin,041,260295,17168,17112,439,17551,242
2021-10-10,Mariposa,043,17540,1113,1074,32,1106,5
2021-10-10,Mendocino,045,87422,7103,7060,417,7477,81
2021-10-10,Merced,047,269075,40245,40036,1597,41633,566
2021-10-10,Modoc,049,8938,500,482,176,658,5
2021-10-10,Mono,051,14174,1623,1596,17,1613,3
2021-10-10,Monterey,053,433212,47351,47228,3414,50642,580
2021-10-10,Napa,055,140530,12712,12641,98,12739,96
2021-10-10,Nevada,057,99092,8755,8689,317,9006,90
2021-10-10,Orange,059,3164182,301208,299787,14918,314705,5499
2021-10-10,Placer,061,380077,35400,35128,3539,38667,404
2021-10-10,Plumas,063,18699,1537,1468,29,1497,6
2021-10-10,Riverside,065,2383286,352685,351248,16785,368033,4973
2021-10-10,Sacramento,067,1510023,153081,152405,4348,156753,2178
2021-10-10,San Benito,069,59416,7193,7180,164,7344,71
2021-10-10,San Bernardino,071,2135413,345680,344423,11318,355741,5551
2021-10-10,San Diego,073,3302833,363623,361038,21069,382107,4113
2021-10-10,San Francisco,075,870044,51456,51216,2590,53806,643
2021-10-10,San Joaquin,077,732212,96644,96084,5434,101518,1681
2021-10-10,San Luis Obispo,079,281455,28521,28343,1204,29547,326
2021-10-10,San Mateo,081,765935,52438,52273,1445,53718,569
2021-10-10,Santa Barbara,083,443738,43312,42987,1649,44636,515
2021-10-10,Santa Clara,085,1922200,143380,142768,1260,144028,1881
2021-10-10,Santa Cruz,087,273765,19849,19727,1066,20793,217
2021-10-10,Shasta,089,179085,20004,19635,3417,23052,296
2021-10-10,Sierra,091,2930,161,147,19,166,0
2021-10-10,Siskiyou,093,43540,3206,3155,1242,4397,42
2021-10-10,Solano,095,438530,44612,44431,1179,45610,329
2021-10-10,Sonoma,097,501317,40178,40027,517,40544,390
2021-10-10,Stanislaus,099,539301,75850,75403,8793,84196,1118
2021-10-10,Sutter,101,95872,13469,13412,305,13717,165
2021-10-10,Tehama,103,63373,7870,7764,1375,9139,102
2021-10-10,Trinity,105,12862,727,669,187,856,11
2021-10-10,Tulare,107,460477,64576,63930,14406,78336,940
2021-10-10,Tuolumne,109,53932,6695,6580,76,6656,89
2021-10-10,Ventura,111,848112,96054,95829,4349,100178,1160
2021-10-10,Yolo,113,214977,19083,18952,1078,20030,247
2021-10-10,Yuba,115,75493,9715,9641,244,9885,69
2021-10-09,Alameda,001,1643700,117099,116253,2866,119119,1356
2021-10-09,Alpine,003,1148,102,102,0,102,0
2021-10-09,Amador,005,37829,5322,5237,60,5297,62
2021-10-09,Butte,007,227075,19694,19277,3671,22948,250
2021-10-09,Calaveras,009,45235,3764,3716,46,3762,75
2021-10-09,Colusa,011,21464,2448,2419,596,3015,18
2021-10-09,Contra Costa,013,1133247,96997,96378,2133,98511,958
2021-10-09,Del Norte,015,27424,3564,3495,49,3544,39
2021-10-09,El Dorado,017,186661,15369,15153,1651,16804,144
2021-10-09,Fresno,019,978130,132301,130508,11911,142419,2018
2021-10-09,Glenn,021,27897,3327,3277,967,4244,26
2021-10-09,Humboldt,023,135768,8623,8448,485,8933,97
2021-10-09,Imperial,025,180216,32273,31989,3255,35244,760
2021-10-09,Inyo,027,18085,1921,1808,34,1842,39
2021-10-09,Kern,029,883053,121435,119795,20545,140340,1559
2021-10-09,Kings,031,150075,30421,29894,1912,31806,308
2021-10-09,Lake,033,64148,6415,6283,133,6416,97
2021-10-09,Lassen,035,31185,6584,6442,329,6771,25
2021-10-09,Los Angeles,037,10098052,1410970,1402810,55427,1458237,26280
2021-10-09,Madera,039,155013,21766,21313,1830,23143,271
2021-10-09,Marin,041,260295,17162,17049,437,17486,242
2021-10-09,Mariposa,043,17540,1106,1042,31,1073,5
2021-10-09,Mendocino,045,87422,7096,7011,417,7428,82
2021-10-09,Merced,047,269075,40204,39784,1597,41381,565
2021-10-09,Modoc,049,8938,498,477,175,652,5
2021-10-09,Mono,051,14174,1621,1577,17,1594,3
2021-10-09,Monterey,053,433212,47340,47168,3410,50578,577
2021-10-09,Napa,055,140530,12708,12586,98,12684,96
2021-10-09,Nevada,057,99092,8744,8613,316,8929,90
2021-10-09,Orange,059,3164182,301028,299089,14899,313988,5457
2021-10-09,Placer,061,380077,35362,34877,3532,38409,393
2021-10-09,Plumas,063,18699,1526,1418,29,1447,6
2021-10-09,Riverside,065,2383286,352434,350082,16768,366850,4965
2021-10-09,Sacramento,067,1510023,152873,151566,4335,155901,2160
2021-10-09,San Benito,069,59416,7185,7123,164,7287,71
2021-10-09,San Bernardino,071,2135413,345498,343452,11314,354766,5556
2021-10-09,San Diego,073,3302833,363310,359909,21062,380971,4111
2021-10-09,San Francisco,075,870044,51410,50960,2583,53543,643
2021-10-09,San Joaquin,077,732212,96577,95606,5429,101035,1669
2021-10-09,San Luis Obispo,079,281455,28504,28197,1202,29399,324
2021-10-09,San Mateo,081,765935,52407,52121,1443,53564,569
2021-10-09,Santa Barbara,083,443738,43285,42735,1649,44384,514
2021-10-09,Santa Clara,085,1922200,143257,142298,1254,143552,1873
2021-10-09,Santa Cruz,087,273765,19840,19635,1065,20700,217
2021-10-09,Shasta,089,179085,19954,19437,3412,22849,290
2021-10-09,Sierra,091,2930,158,141,19,160,0
2021-10-09,Siskiyou,093,43540,3205,3124,1241,4365,42
2021-10-09,Solano,095,438530,44595,44265,1178,45443,329
2021-10-09,Sonoma,097,501317,40134,39848,517,40365,387
2021-10-09,Stanislaus,099,539301,75761,74899,8782,83681,1114
2021-10-09,Sutter,101,95872,13460,13314,303,13617,165
2021-10-09,Tehama,103,63373,7859,7670,1370,9040,99
2021-10-09,Trinity,105,12862,726,660,187,847,11
2021-10-09,Tulare,107,460477,64470,63398,14385,77783,932
2021-10-09,Tuolumne,109,53932,6676,6521,76,6597,89
2021-10-09,Ventura,111,848112,95998,95542,4346,99888,1158
2021-10-09,Yolo,113,214977,19062,18850,1075,19925,247
2021-10-09,Yuba,115,75493,9703,9551,242,9793,69
2021-10-08,Alameda,001,1643700,117017,116253,2863,119116,1356
2021-10-08,Alpine,003,1148,102,102,0,102,0
2021-10-08,Amador,005,37829,5309,5237,60,5297,62
2021-10-08,Butte,007,227075,19665,19277,3667,22944,250
2021-10-08,Calaveras,009,45235,3759,3716,46,3762,75
2021-10-08,Colusa,011,21464,2446,2419,596,3015,18
2021-10-08,Contra Costa,013,1133247,96953,96378,2128,98506,958
2021-10-08,Del Norte,015,27424,3563,3495,49,3544,39
2021-10-08,El Dorado,017,186661,15350,15153,1647,16800,144
2021-10-08,Fresno,019,978130,132106,130508,11889,142397,2018
2021-10-08,Glenn,021,27897,3316,3277,966,4243,26
2021-10-08,Humboldt,023,135768,8612,8448,482,8930,97
2021-10-08,Imperial,025,180216,32243,31989,3251,35240,760
2021-10-08,Inyo,027,18085,1903,1808,34,1842,39
2021-10-08,Kern,029,883053,121299,119795,20501,140296,1559
2021-10-08,Kings,031,150075,30329,29894,1911,31805,308
2021-10-08,Lake,033,64148,6407,6283,133,6416,97
2021-10-08,Lassen,035,31185,6571,6442,325,6767,25
2021-10-08,Los Angeles,037,10098052,1410312,1402810,55387,1458197,26280
2021-10-08,Madera,039,155013,21708,21313,1823,23136,271
2021-10-08,Marin,041,260295,17151,17049,436,17485,242
2021-10-08,Mariposa,043,17540,1099,1042,29,1071,5
2021-10-08,Mendocino,045,87422,7083,7011,417,7428,82
2021-10-08,Merced,047,269075,40172,39784,1594,41378,565
2021-10-08,Modoc,049,8938,496,477,175,652,5
2021-10-08,Mono,051,14174,1619,1577,17,1594,3
2021-10-08,Monterey,053,433212,47316,47168,3405,50573,577
2021-10-08,Napa,055,140530,12692,12586,98,12684,96
2021-10-08,Nevada,057,99092,8731,8613,316,8929,90
2021-10-08,Orange,059,3164182,300881,299089,14882,313971,5457
2021-10-08,Placer,061,380077,35324,34877,3524,38401,393
2021-10-08,Plumas,063,18699,1514,1418,29,1447,6
2021-10-08,Riverside,065,2383286,352165,350082,16757,366839,4965
2021-10-08,Sacramento,067,1510023,152707,151566,4323,155889,2160
2021-10-08,San Benito,069,59416,7181,7123,162,7285,71
2021-10-08,San Bernardino,071,2135413,345295,343452,11306,354758,5556
2021-10-08,San Diego,073,3302833,362976,359909,21040,380949,4111
2021-10-08,San Francisco,075,870044,51363,50960,2574,53534,643
2021-10-08,San Joaquin,077,732212,96509,95606,5423,101029,1669
2021-10-08,San Luis Obispo,079,281455,28477,28197,1201,29398,324
2021-10-08,San Mateo,081,765935,52382,52121,1442,53563,569
2021-10-08,Santa Barbara,083,443738,43250,42735,1648,44383,514
2021-10-08,Santa Clara,085,1922200,143144,142298,1249,143547,1873
2021-10-08,Santa Cruz,087,273765,19825,19635,1065,20700,217
2021-10-08,Shasta,089,179085,19912,19437,3406,22843,290
2021-10-08,Sierra,091,2930,156,141,17,158,0
2021-10-08,Siskiyou,093,43540,3197,3124,1240,4364,42
2021-10-08,Solano,095,438530,44557,44265,1177,45442,329
2021-10-08,Sonoma,097,501317,40100,39848,517,40365,387
2021-10-08,Stanislaus,099,539301,75692,74899,8774,83673,1114
2021-10-08,Sutter,101,95872,13447,13314,300,13614,165
2021-10-08,Tehama,103,63373,7843,7670,1367,9037,99
2021-10-08,Trinity,105,12862,725,660,187,847,11
2021-10-08,Tulare,107,460477,64353,63398,14351,77749,932
2021-10-08,Tuolumne,109,53932,6653,6521,76,6597,89
2021-10-08,Ventura,111,848112,95953,95542,4341,99883,1158
2021-10-08,Yolo,113,214977,19049,18850,1071,19921,247
2021-10-08,Yuba,115,75493,9682,9551,241,9792,69
2021-10-07,Alameda,001,1643700,116901,116253,2861,119114,1356
2021-10-07,Alpine,003,1148,102,102,0,102,0
2021-10-07,Amador,005,37829,5302,5237,60,5297,62
2021-10-07,Butte,007,227075,19615,19277,3656,22933,250
2021-10-07,Calaveras,009,45235,3747,3716,46,3762,75
2021-10-07,Colusa,011,21464,2443,2419,590,3009,18
2021-10-07,Contra Costa,013,1133247,96833,96378,2122,98500,958
2021-10-07,Del Norte,015,27424,3560,3495,49,3544,39
2021-10-07,El Dorado,017,186661,15314,15153,1643,16796,144
2021-10-07,Fresno,019,978130,131833,130508,11865,142373,2018
2021-10-07,Glenn,021,27897,3309,3277,963,4240,26
2021-10-07,Humboldt,023,135768,8587,8448,478,8926,97
2021-10-07,Imperial,025,180216,32171,31989,3238,35227,760
2021-10-07,Inyo,027,18085,1884,1808,34,1842,39
2021-10-07,Kern,029,883053,121071,119795,20432,140227,1559
2021-10-07,Kings,031,150075,30264,29894,1905,31799,308
2021-10-07,Lake,033,64148,6396,6283,133,6416,97
2021-10-07,Lassen,035,31185,6553,6442,323,6765,25
2021-10-07,Los Angeles,037,10098052,1409357,1402810,55340,1458150,26280
2021-10-07,Madera,039,155013,21635,21313,1809,23122,271
2021-10-07,Marin,041,260295,17133,17049,436,17485,242
2021-10-07,Mariposa,043,17540,1091,1042,29,1071,5
2021-10-07,Mendocino,045,87422,7073,7011,413,7424,82
2021-10-07,Merced,047,269075,40105,39784,1578,41362,565
2021-10-07,Modoc,049,8938,493,477,174,651,5
2021-10-07,Mono,051,14174,1608,1577,17,1594,3
2021-10-07,Monterey,053,433212,47295,47168,3392,50560,577
2021-10-07,Napa,055,140530,12677,12586,98,12684,96
2021-10-07,Nevada,057,99092,8703,8613,316,8929,90
2021-10-07,Orange,059,3164182,300658,299089,14869,313958,5457
2021-10-07,Placer,061,380077,35262,34877,3517,38394,393
2021-10-07,Plumas,063,18699,1497,1418,29,1447,6
2021-10-07,Riverside,065,2383286,351832,350082,16745,366827,4965
2021-10-07,Sacramento,067,1510023,152428,151566,4295,155861,2160
2021-10-07,San Benito,069,59416,7165,7123,160,7283,71
2021-10-07,San Bernardino,071,2135413,345022,343452,11300,354752,5556
2021-10-07,San Diego,073,3302833,362565,359909,21019,380928,4111
2021-10-07,San Francisco,075,870044,51293,50960,2571,53531,643
2021-10-07,San Joaquin,077,732212,96357,95606,5415,101021,1669
2021-10-07,San Luis Obispo,079,281455,28426,28197,1199,29396,324
2021-10-07,San Mateo,081,765935,52345,52121,1438,53559,569
2021-10-07,Santa Barbara,083,443738,43183,42735,1642,44377,514
2021-10-07,Santa Clara,085,1922200,142993,142298,1243,143541,1873
2021-10-07,Santa Cruz,087,273765,19805,19635,1064,20699,217
2021-10-07,Shasta,089,179085,19823,19437,3390,22827,290
2021-10-07,Sierra,091,2930,156,141,17,158,0
2021-10-07,Siskiyou,093,43540,3194,3124,1235,4359,42
2021-10-07,Solano,095,438530,44516,44265,1173,45438,329
2021-10-07,Sonoma,097,501317,40063,39848,515,40363,387
2021-10-07,Stanislaus,099,539301,75532,74899,8747,83646,1114
2021-10-07,Sutter,101,95872,13425,13314,297,13611,165
2021-10-07,Tehama,103,63373,7811,7670,1361,9031,99
2021-10-07,Trinity,105,12862,723,660,187,847,11
2021-10-07,Tulare,107,460477,64192,63398,14312,77710,932
2021-10-07,Tuolumne,109,53932,6631,6521,76,6597,89
2021-10-07,Ventura,111,848112,95871,95542,4338,99880,1158
2021-10-07,Yolo,113,214977,19016,18850,1066,19916,247
2021-10-07,Yuba,115,75493,9656,9551,234,9785,69
2021-10-06,Alameda,001,1643700,116767,116058,2855,118913,1353
2021-10-06,Alpine,003,1148,102,102,0,102,0
2021-10-06,Amador,005,37829,5299,5205,60,5265,62
2021-10-06,Butte,007,227075,19552,19208,3649,22857,247
2021-10-06,Calaveras,009,45235,3738,3669,46,3715,75
2021-10-06,Colusa,011,21464,2441,2414,583,2997,18
2021-10-06,Contra Costa,013,1133247,96706,96184,2118,98302,953
2021-10-06,Del Norte,015,27424,3557,3490,46,3536,39
2021-10-06,El Dorado,017,186661,15289,15078,1641,16719,140
2021-10-06,Fresno,019,978130,131545,130074,11839,141913,2008
2021-10-06,Glenn,021,27897,3299,3270,960,4230,26
2021-10-06,Humboldt,023,135768,8572,8416,471,8887,94
2021-10-06,Imperial,025,180216,32118,31930,3227,35157,760
2021-10-06,Inyo,027,18085,1869,1806,34,1840,39
2021-10-06,Kern,029,883053,120817,119491,20337,139828,1552
2021-10-06,Kings,031,150075,30200,29785,1895,31680,308
2021-10-06,Lake,033,64148,6382,6271,133,6404,97
2021-10-06,Lassen,035,31185,6537,6429,322,6751,25
2021-10-06,Los Angeles,037,10098052,1408403,1401675,55294,1456969,26252
2021-10-06,Madera,039,155013,21580,21230,1799,23029,269
2021-10-06,Marin,041,260295,17124,17042,433,17475,242
2021-10-06,Mariposa,043,17540,1084,1036,29,1065,5
2021-10-06,Mendocino,045,87422,7064,6986,412,7398,81
2021-10-06,Merced,047,269075,40027,39666,1569,41235,563
2021-10-06,Modoc,049,8938,493,477,172,649,5
2021-10-06,Mono,051,14174,1597,1568,17,1585,3
2021-10-06,Monterey,053,433212,47264,47136,3386,50522,577
2021-10-06,Napa,055,140530,12653,12552,97,12649,96
2021-10-06,Nevada,057,99092,8687,8582,315,8897,90
2021-10-06,Orange,059,3164182,300425,298785,14856,313641,5448
2021-10-06,Placer,061,380077,35212,34764,3510,38274,390
2021-10-06,Plumas,063,18699,1474,1383,29,1412,6
2021-10-06,Riverside,065,2383286,351477,349645,16724,366369,4953
2021-10-06,Sacramento,067,1510023,152177,151164,4264,155428,2141
2021-10-06,San Benito,069,59416,7150,7108,160,7268,69
2021-10-06,San Bernardino,071,2135413,344732,343022,11293,354315,5551
2021-10-06,San Diego,073,3302833,362066,359564,20991,380555,4104
2021-10-06,San Francisco,075,870044,51230,50894,2567,53461,641
2021-10-06,San Joaquin,077,732212,96222,95418,5403,100821,1658
2021-10-06,San Luis Obispo,079,281455,28377,28170,1193,29363,323
2021-10-06,San Mateo,081,765935,52300,52056,1428,53484,569
2021-10-06,Santa Barbara,083,443738,43101,42687,1640,44327,513
2021-10-06,Santa Clara,085,1922200,142842,142124,1238,143362,1872
2021-10-06,Santa Cruz,087,273765,19776,19604,1062,20666,217
2021-10-06,Shasta,089,179085,19749,19325,3378,22703,287
2021-10-06,Sierra,091,2930,154,138,17,155,0
2021-10-06,Siskiyou,093,43540,3185,3116,1227,4343,42
2021-10-06,Solano,095,438530,44484,44185,1172,45357,328
2021-10-06,Sonoma,097,501317,40013,39787,515,40302,383
2021-10-06,Stanislaus,099,539301,75390,74699,8734,83433,1114
2021-10-06,Sutter,101,95872,13405,13284,294,13578,164
2021-10-06,Tehama,103,63373,7775,7629,1354,8983,99
2021-10-06,Trinity,105,12862,720,656,187,843,11
2021-10-06,Tulare,107,460477,64019,63198,14257,77455,926
2021-10-06,Tuolumne,109,53932,6606,6486,76,6562,89
2021-10-06,Ventura,111,848112,95782,95449,4331,99780,1158
2021-10-06,Yolo,113,214977,18984,18815,1061,19876,247
2021-10-06,Yuba,115,75493,9632,9520,233,9753,69
2021-10-05,Alameda,001,1643700,116627,115968,2848,118816,1350
2021-10-05,Alpine,003,1148,102,102,0,102,0
2021-10-05,Amador,005,37829,5278,5194,59,5253,61
2021-10-05,Butte,007,227075,19504,19137,3639,22776,246
2021-10-05,Calaveras,009,45235,3722,3657,46,3703,73
2021-10-05,Colusa,011,21464,2434,2414,582,2996,18
2021-10-05,Contra Costa,013,1133247,96592,96108,2110,98218,941
2021-10-05,Del Norte,015,27424,3555,3485,45,3530,39
2021-10-05,El Dorado,017,186661,15250,15052,1638,16690,140
2021-10-05,Fresno,019,978130,131206,129957,11809,141766,1987
2021-10-05,Glenn,021,27897,3290,3270,956,4226,26
2021-10-05,Humboldt,023,135768,8540,8398,467,8865,94
2021-10-05,Imperial,025,180216,32070,31909,3222,35131,759
2021-10-05,Inyo,027,18085,1852,1800,34,1834,39
2021-10-05,Kern,029,883053,120551,119260,20236,139496,1540
2021-10-05,Kings,031,150075,30126,29749,1888,31637,301
2021-10-05,Lake,033,64148,6361,6264,132,6396,97
2021-10-05,Lassen,035,31185,6518,6417,320,6737,25
2021-10-05,Los Angeles,037,10098052,1407264,1400300,55242,1455542,26223
2021-10-05,Madera,039,155013,21522,21183,1786,22969,269
2021-10-05,Marin,041,260295,17112,17024,433,17457,242
2021-10-05,Mariposa,043,17540,1065,1033,26,1059,5
2021-10-05,Mendocino,045,87422,7048,6972,405,7377,79
2021-10-05,Merced,047,269075,39961,39608,1560,41168,562
2021-10-05,Modoc,049,8938,489,475,171,646,5
2021-10-05,Mono,051,14174,1591,1565,17,1582,3
2021-10-05,Monterey,053,433212,47251,47087,3372,50459,573
2021-10-05,Napa,055,140530,12629,12533,97,12630,96
2021-10-05,Nevada,057,99092,8657,8576,315,8891,90
2021-10-05,Orange,059,3164182,300151,298589,14824,313413,5441
2021-10-05,Placer,061,380077,35132,34728,3503,38231,382
2021-10-05,Plumas,063,18699,1449,1357,29,1386,6
2021-10-05,Riverside,065,2383286,351118,349365,16709,366074,4942
2021-10-05,Sacramento,067,1510023,151914,151111,4229,155340,2126
2021-10-05,San Benito,069,59416,7131,7103,158,7261,69
2021-10-05,San Bernardino,071,2135413,344403,342711,11286,353997,5557
2021-10-05,San Diego,073,3302833,361485,359194,20962,380156,4092
2021-10-05,San Francisco,075,870044,51139,50826,2561,53387,641
2021-10-05,San Joaquin,077,732212,96071,95276,5376,100652,1651
2021-10-05,San Luis Obispo,079,281455,28333,28113,1191,29304,324
2021-10-05,San Mateo,081,765935,52258,52008,1427,53435,569
2021-10-05,Santa Barbara,083,443738,43023,42595,1636,44231,511
2021-10-05,Santa Clara,085,1922200,142683,141971,1231,143202,1873
2021-10-05,Santa Cruz,087,273765,19735,19582,1061,20643,216
2021-10-05,Shasta,089,179085,19677,19285,3364,22649,286
2021-10-05,Sierra,091,2930,150,136,17,153,0
2021-10-05,Siskiyou,093,43540,3171,3107,1227,4334,42
2021-10-05,Solano,095,438530,44415,44149,1170,45319,325
2021-10-05,Sonoma,097,501317,39959,39756,510,40266,383
2021-10-05,Stanislaus,099,539301,75228,74599,8717,83316,1114
2021-10-05,Sutter,101,95872,13377,13270,293,13563,164
2021-10-05,Tehama,103,63373,7747,7607,1345,8952,98
2021-10-05,Trinity,105,12862,717,655,187,842,11
2021-10-05,Tulare,107,460477,63816,63093,14203,77296,920
2021-10-05,Tuolumne,109,53932,6591,6473,75,6548,89
2021-10-05,Ventura,111,848112,95677,95351,4330,99681,1155
2021-10-05,Yolo,113,214977,18950,18782,1055,19837,245
2021-10-05,Yuba,115,75493,9600,9504,230,9734,69
2021-10-04,Alameda,001,1643700,116470,115845,2844,118689,1347
2021-10-04,Alpine,003,1148,102,102,0,102,0
2021-10-04,Amador,005,37829,5268,5163,58,5221,61
2021-10-04,Butte,007,227075,19427,19081,3627,22708,245
2021-10-04,Calaveras,009,45235,3712,3641,46,3687,73
2021-10-04,Colusa,011,21464,2433,2414,581,2995,18
2021-10-04,Contra Costa,013,1133247,96451,95958,2105,98063,937
2021-10-04,Del Norte,015,27424,3553,3485,41,3526,39
2021-10-04,El Dorado,017,186661,15202,15031,1631,16662,138
2021-10-04,Fresno,019,978130,130899,129665,11788,141453,1978
2021-10-04,Glenn,021,27897,3284,3270,950,4220,26
2021-10-04,Humboldt,023,135768,8506,8355,459,8814,94
2021-10-04,Imperial,025,180216,32021,31866,3215,35081,757
2021-10-04,Inyo,027,18085,1840,1792,31,1823,39
2021-10-04,Kern,029,883053,120270,118984,20107,139091,1531
2021-10-04,Kings,031,150075,30034,29702,1884,31586,303
2021-10-04,Lake,033,64148,6349,6248,132,6380,97
2021-10-04,Lassen,035,31185,6502,6405,320,6725,25
2021-10-04,Los Angeles,037,10098052,1406157,1399604,55182,1454786,26186
2021-10-04,Madera,039,155013,21458,21126,1776,22902,266
2021-10-04,Marin,041,260295,17096,17008,432,17440,242
2021-10-04,Mariposa,043,17540,1053,1024,26,1050,5
2021-10-04,Mendocino,045,87422,7031,6947,401,7348,79
2021-10-04,Merced,047,269075,39846,39565,1543,41108,558
2021-10-04,Modoc,049,8938,486,473,171,644,5
2021-10-04,Mono,051,14174,1581,1561,17,1578,3
2021-10-04,Monterey,053,433212,47231,47058,3364,50422,571
2021-10-04,Napa,055,140530,12605,12506,97,12603,96
2021-10-04,Nevada,057,99092,8637,8563,315,8878,90
2021-10-04,Orange,059,3164182,299860,298165,14790,312955,5438
2021-10-04,Placer,061,380077,35048,34630,3475,38105,379
2021-10-04,Plumas,063,18699,1426,1329,29,1358,6
2021-10-04,Riverside,065,2383286,350738,348828,16699,365527,4923
2021-10-04,Sacramento,067,1510023,151589,150887,4202,155089,2115
2021-10-04,San Benito,069,59416,7118,7099,158,7257,69
2021-10-04,San Bernardino,071,2135413,344048,342418,11273,353691,5551
2021-10-04,San Diego,073,3302833,360908,358525,20930,379455,4090
2021-10-04,San Francisco,075,870044,51045,50798,2556,53354,638
2021-10-04,San Joaquin,077,732212,95874,95198,5355,100553,1649
2021-10-04,San Luis Obispo,079,281455,28288,28090,1185,29275,323
2021-10-04,San Mateo,081,765935,52206,51958,1419,53377,569
2021-10-04,Santa Barbara,083,443738,42942,42585,1635,44220,511
2021-10-04,Santa Clara,085,1922200,142538,141840,1225,143065,1869
2021-10-04,Santa Cruz,087,273765,19706,19559,1060,20619,216
2021-10-04,Shasta,089,179085,19571,19170,3351,22521,279
2021-10-04,Sierra,091,2930,143,136,16,152,0
2021-10-04,Siskiyou,093,43540,3162,3103,1212,4315,42
2021-10-04,Solano,095,438530,44359,44092,1168,45260,322
2021-10-04,Sonoma,097,501317,39897,39720,509,40229,381
2021-10-04,Stanislaus,099,539301,75075,74444,8698,83142,1106
2021-10-04,Sutter,101,95872,13349,13261,292,13553,164
2021-10-04,Tehama,103,63373,7706,7585,1339,8924,95
2021-10-04,Trinity,105,12862,716,649,186,835,11
2021-10-04,Tulare,107,460477,63630,62957,14134,77091,920
2021-10-04,Tuolumne,109,53932,6565,6442,75,6517,89
2021-10-04,Ventura,111,848112,95590,95170,4324,99494,1153
2021-10-04,Yolo,113,214977,18906,18761,1050,19811,242
2021-10-04,Yuba,115,75493,9561,9481,228,9709,68
2021-10-03,Alameda,001,1643700,116331,115751,2835,118586,1349
2021-10-03,Alpine,003,1148,102,102,0,102,0
2021-10-03,Amador,005,37829,5250,5160,56,5216,61
2021-10-03,Butte,007,227075,19353,19066,3611,22677,245
2021-10-03,Calaveras,009,45235,3695,3632,46,3678,73
2021-10-03,Colusa,011,21464,2432,2413,578,2991,18
2021-10-03,Contra Costa,013,1133247,96321,95890,2098,97988,937
2021-10-03,Del Norte,015,27424,3547,3483,40,3523,39
2021-10-03,El Dorado,017,186661,15144,15014,1624,16638,139
2021-10-03,Fresno,019,978130,130520,129365,11754,141119,1978
2021-10-03,Glenn,021,27897,3272,3266,942,4208,26
2021-10-03,Humboldt,023,135768,8461,8352,455,8807,94
2021-10-03,Imperial,025,180216,31954,31844,3207,35051,757
2021-10-03,Inyo,027,18085,1820,1788,30,1818,39
2021-10-03,Kern,029,883053,119966,118851,19985,138836,1535
2021-10-03,Kings,031,150075,29935,29623,1876,31499,300
2021-10-03,Lake,033,64148,6323,6239,132,6371,97
2021-10-03,Lassen,035,31185,6480,6400,318,6718,25
2021-10-03,Los Angeles,037,10098052,1404889,1398790,55126,1453916,26179
2021-10-03,Madera,039,155013,21386,21066,1767,22833,266
2021-10-03,Marin,041,260295,17073,16995,427,17422,242
2021-10-03,Mariposa,043,17540,1046,1011,26,1037,5
2021-10-03,Mendocino,045,87422,7011,6939,392,7331,79
2021-10-03,Merced,047,269075,39737,39516,1526,41042,558
2021-10-03,Modoc,049,8938,485,472,170,642,5
2021-10-03,Mono,051,14174,1570,1554,17,1571,3
2021-10-03,Monterey,053,433212,47211,47049,3348,50397,571
2021-10-03,Napa,055,140530,12577,12489,95,12584,96
2021-10-03,Nevada,057,99092,8602,8545,315,8860,90
2021-10-03,Orange,059,3164182,299579,298027,14772,312799,5447
2021-10-03,Placer,061,380077,34910,34596,3458,38054,379
2021-10-03,Plumas,063,18699,1398,1328,29,1357,6
2021-10-03,Riverside,065,2383286,350307,348593,16679,365272,4924
2021-10-03,Sacramento,067,1510023,151298,150664,4172,154836,2120
2021-10-03,San Benito,069,59416,7109,7095,158,7253,69
2021-10-03,San Bernardino,071,2135413,343642,342302,11264,353566,5555
2021-10-03,San Diego,073,3302833,360316,358153,20893,379046,4081
2021-10-03,San Francisco,075,870044,50960,50733,2550,53283,638
2021-10-03,San Joaquin,077,732212,95689,95133,5348,100481,1649
2021-10-03,San Luis Obispo,079,281455,28221,28065,1180,29245,325
2021-10-03,San Mateo,081,765935,52150,51923,1409,53332,569
2021-10-03,Santa Barbara,083,443738,42848,42550,1627,44177,511
2021-10-03,Santa Clara,085,1922200,142368,141737,1217,142954,1869
2021-10-03,Santa Cruz,087,273765,19667,19548,1057,20605,216
2021-10-03,Shasta,089,179085,19466,19132,3321,22453,279
2021-10-03,Sierra,091,2930,140,136,16,152,0
2021-10-03,Siskiyou,093,43540,3149,3096,1201,4297,42
2021-10-03,Solano,095,438530,44300,44051,1165,45216,322
2021-10-03,Sonoma,097,501317,39832,39679,509,40188,381
2021-10-03,Stanislaus,099,539301,74887,74366,8680,83046,1106
2021-10-03,Sutter,101,95872,13334,13248,288,13536,164
2021-10-03,Tehama,103,63373,7664,7564,1333,8897,94
2021-10-03,Trinity,105,12862,712,647,184,831,11
2021-10-03,Tulare,107,460477,63439,62860,14060,76920,924
2021-10-03,Tuolumne,109,53932,6536,6430,73,6503,89
2021-10-03,Ventura,111,848112,95480,95108,4321,99429,1153
2021-10-03,Yolo,113,214977,18876,18720,1043,19763,242
2021-10-03,Yuba,115,75493,9543,9462,227,9689,68
2021-10-02,Alameda,001,1643700,116228,115185,2831,118016,1343
2021-10-02,Alpine,003,1148,102,102,0,102,0
2021-10-02,Amador,005,37829,5241,5105,56,5161,61
2021-10-02,Butte,007,227075,19323,18911,3604,22515,243
2021-10-02,Calaveras,009,45235,3688,3585,46,3631,72
2021-10-02,Colusa,011,21464,2431,2403,575,2978,18
2021-10-02,Contra Costa,013,1133247,96250,95369,2094,97463,933
2021-10-02,Del Norte,015,27424,3542,3468,40,3508,39
2021-10-02,El Dorado,017,186661,15118,14887,1623,16510,136
2021-10-02,Fresno,019,978130,130349,128450,11743,140193,1964
2021-10-02,Glenn,021,27897,3272,3234,942,4176,26
2021-10-02,Humboldt,023,135768,8443,8244,454,8698,94
2021-10-02,Imperial,025,180216,31920,31674,3203,34877,757
2021-10-02,Inyo,027,18085,1811,1746,30,1776,39
2021-10-02,Kern,029,883053,119833,117962,19902,137864,1524
2021-10-02,Kings,031,150075,29885,29339,1873,31212,301
2021-10-02,Lake,033,64148,6314,6191,132,6323,97
2021-10-02,Lassen,035,31185,6475,6360,318,6678,25
2021-10-02,Los Angeles,037,10098052,1404285,1395070,55089,1450159,26126
2021-10-02,Madera,039,155013,21361,20931,1758,22689,266
2021-10-02,Marin,041,260295,17068,16936,424,17360,242
2021-10-02,Mariposa,043,17540,1044,967,26,993,5
2021-10-02,Mendocino,045,87422,7001,6869,392,7261,78
2021-10-02,Merced,047,269075,39710,39196,1523,40719,552
2021-10-02,Modoc,049,8938,483,468,170,638,5
2021-10-02,Mono,051,14174,1568,1540,17,1557,3
2021-10-02,Monterey,053,433212,47166,46964,3339,50303,571
2021-10-02,Napa,055,140530,12567,12433,95,12528,96
2021-10-02,Nevada,057,99092,8591,8474,314,8788,87
2021-10-02,Orange,059,3164182,299414,297307,14751,312058,5435
2021-10-02,Placer,061,380077,34844,34377,3449,37826,381
2021-10-02,Plumas,063,18699,1387,1298,29,1327,6
2021-10-02,Riverside,065,2383286,350067,347227,16668,363895,4895
2021-10-02,Sacramento,067,1510023,151125,149897,4163,154060,2099
2021-10-02,San Benito,069,59416,7102,7055,158,7213,69
2021-10-02,San Bernardino,071,2135413,343458,341212,11214,352426,5540
2021-10-02,San Diego,073,3302833,359996,356454,20869,377323,4078
2021-10-02,San Francisco,075,870044,50914,50393,2542,52935,634
2021-10-02,San Joaquin,077,732212,95625,94599,5342,99941,1646
2021-10-02,San Luis Obispo,079,281455,28198,27915,1180,29095,323
2021-10-02,San Mateo,081,765935,52111,51767,1403,53170,573
2021-10-02,Santa Barbara,083,443738,42808,42423,1627,44050,508
2021-10-02,Santa Clara,085,1922200,142255,141231,1213,142444,1862
2021-10-02,Santa Cruz,087,273765,19650,19461,1056,20517,214
2021-10-02,Shasta,089,179085,19420,18912,3315,22227,270
2021-10-02,Sierra,091,2930,139,131,16,147,0
2021-10-02,Siskiyou,093,43540,3148,3053,1198,4251,42
2021-10-02,Solano,095,438530,44255,43800,1164,44964,321
2021-10-02,Sonoma,097,501317,39798,39497,508,40005,382
2021-10-02,Stanislaus,099,539301,74801,73859,8666,82525,1099
2021-10-02,Sutter,101,95872,13325,13160,287,13447,160
2021-10-02,Tehama,103,63373,7649,7453,1333,8786,93
2021-10-02,Trinity,105,12862,709,625,184,809,10
2021-10-02,Tulare,107,460477,63364,62247,14033,76280,908
2021-10-02,Tuolumne,109,53932,6522,6369,73,6442,89
2021-10-02,Ventura,111,848112,95418,94854,4317,99171,1148
2021-10-02,Yolo,113,214977,18851,18640,1039,19679,242
2021-10-02,Yuba,115,75493,9524,9370,226,9596,66
2021-10-01,Alameda,001,1643700,116156,115185,2825,118010,1343
2021-10-01,Alpine,003,1148,102,102,0,102,0
2021-10-01,Amador,005,37829,5221,5105,56,5161,61
2021-10-01,Butte,007,227075,19282,18911,3598,22509,243
2021-10-01,Calaveras,009,45235,3678,3585,46,3631,72
2021-10-01,Colusa,011,21464,2429,2403,575,2978,18
2021-10-01,Contra Costa,013,1133247,96153,95369,2090,97459,933
2021-10-01,Del Norte,015,27424,3539,3468,39,3507,39
2021-10-01,El Dorado,017,186661,15100,14887,1619,16506,136
2021-10-01,Fresno,019,978130,130163,128450,11732,140182,1964
2021-10-01,Glenn,021,27897,3272,3234,940,4174,26
2021-10-01,Humboldt,023,135768,8427,8244,453,8697,94
2021-10-01,Imperial,025,180216,31901,31674,3195,34869,757
2021-10-01,Inyo,027,18085,1802,1746,30,1776,39
2021-10-01,Kern,029,883053,119684,117962,19840,137802,1524
2021-10-01,Kings,031,150075,29851,29339,1867,31206,301
2021-10-01,Lake,033,64148,6304,6191,132,6323,97
2021-10-01,Lassen,035,31185,6464,6360,316,6676,25
2021-10-01,Los Angeles,037,10098052,1403527,1395070,55044,1450114,26126
2021-10-01,Madera,039,155013,21312,20931,1748,22679,266
2021-10-01,Marin,041,260295,17053,16936,423,17359,242
2021-10-01,Mariposa,043,17540,1037,967,26,993,5
2021-10-01,Mendocino,045,87422,6989,6869,392,7261,78
2021-10-01,Merced,047,269075,39666,39196,1513,40709,552
2021-10-01,Modoc,049,8938,482,468,170,638,5
2021-10-01,Mono,051,14174,1566,1540,17,1557,3
2021-10-01,Monterey,053,433212,47147,46964,3334,50298,571
2021-10-01,Napa,055,140530,12557,12433,94,12527,96
2021-10-01,Nevada,057,99092,8577,8474,313,8787,87
2021-10-01,Orange,059,3164182,299231,297307,14734,312041,5435
2021-10-01,Placer,061,380077,34810,34377,3445,37822,381
2021-10-01,Plumas,063,18699,1378,1298,29,1327,6
2021-10-01,Riverside,065,2383286,349774,347227,16661,363888,4895
2021-10-01,Sacramento,067,1510023,150973,149897,4152,154049,2099
2021-10-01,San Benito,069,59416,7100,7055,156,7211,69
2021-10-01,San Bernardino,071,2135413,343261,341212,11211,352423,5540
2021-10-01,San Diego,073,3302833,359628,356454,20847,377301,4078
2021-10-01,San Francisco,075,870044,50871,50393,2540,52933,634
2021-10-01,San Joaquin,077,732212,95555,94599,5338,99937,1646
2021-10-01,San Luis Obispo,079,281455,28175,27915,1177,29092,323
2021-10-01,San Mateo,081,765935,52077,51767,1394,53161,573
2021-10-01,Santa Barbara,083,443738,42773,42423,1627,44050,508
2021-10-01,Santa Clara,085,1922200,142163,141231,1207,142438,1862
2021-10-01,Santa Cruz,087,273765,19630,19461,1055,20516,214
2021-10-01,Shasta,089,179085,19366,18912,3307,22219,270
2021-10-01,Sierra,091,2930,139,131,16,147,0
2021-10-01,Siskiyou,093,43540,3147,3053,1195,4248,42
2021-10-01,Solano,095,438530,44203,43800,1158,44958,321
2021-10-01,Sonoma,097,501317,39766,39497,507,40004,382
2021-10-01,Stanislaus,099,539301,74719,73859,8654,82513,1099
2021-10-01,Sutter,101,95872,13309,13160,285,13445,160
2021-10-01,Tehama,103,63373,7637,7453,1331,8784,93
2021-10-01,Trinity,105,12862,707,625,184,809,10
2021-10-01,Tulare,107,460477,63261,62247,13998,76245,908
2021-10-01,Tuolumne,109,53932,6505,6369,73,6442,89
2021-10-01,Ventura,111,848112,95360,94854,4310,99164,1148
2021-10-01,Yolo,113,214977,18827,18640,1036,19676,242
2021-10-01,Yuba,115,75493,9502,9370,226,9596,66
2021-09-30,Alameda,001,1643700,116015,115185,2821,118006,1343
2021-09-30,Alpine,003,1148,102,102,0,102,0
2021-09-30,Amador,005,37829,5209,5105,56,5161,61
2021-09-30,Butte,007,227075,19233,18911,3590,22501,243
2021-09-30,Calaveras,009,45235,3664,3585,46,3631,72
2021-09-30,Colusa,011,21464,2426,2403,574,2977,18
2021-09-30,Contra Costa,013,1133247,96050,95369,2085,97454,933
2021-09-30,Del Norte,015,27424,3535,3468,36,3504,39
2021-09-30,El Dorado,017,186661,15075,14887,1611,16498,136
2021-09-30,Fresno,019,978130,129887,128450,11702,140152,1964
2021-09-30,Glenn,021,27897,3261,3234,940,4174,26
2021-09-30,Humboldt,023,135768,8395,8244,447,8691,94
2021-09-30,Imperial,025,180216,31850,31674,3193,34867,757
2021-09-30,Inyo,027,18085,1792,1746,30,1776,39
2021-09-30,Kern,029,883053,119442,117962,19757,137719,1524
2021-09-30,Kings,031,150075,29763,29339,1863,31202,301
2021-09-30,Lake,033,64148,6286,6191,132,6323,97
2021-09-30,Lassen,035,31185,6450,6360,316,6676,25
2021-09-30,Los Angeles,037,10098052,1402325,1395070,54982,1450052,26126
2021-09-30,Madera,039,155013,21229,20931,1733,22664,266
2021-09-30,Marin,041,260295,17033,16936,422,17358,242
2021-09-30,Mariposa,043,17540,1015,967,26,993,5
2021-09-30,Mendocino,045,87422,6980,6869,383,7252,78
2021-09-30,Merced,047,269075,39569,39196,1510,40706,552
2021-09-30,Modoc,049,8938,482,468,169,637,5
2021-09-30,Mono,051,14174,1557,1540,17,1557,3
2021-09-30,Monterey,053,433212,47130,46964,3310,50274,571
2021-09-30,Napa,055,140530,12537,12433,94,12527,96
2021-09-30,Nevada,057,99092,8560,8474,312,8786,87
2021-09-30,Orange,059,3164182,298963,297307,14696,312003,5435
2021-09-30,Placer,061,380077,34758,34377,3424,37801,381
2021-09-30,Plumas,063,18699,1360,1298,29,1327,6
2021-09-30,Riverside,065,2383286,349344,347227,16639,363866,4895
2021-09-30,Sacramento,067,1510023,150719,149897,4125,154022,2099
2021-09-30,San Benito,069,59416,7094,7055,156,7211,69
2021-09-30,San Bernardino,071,2135413,342951,341212,11197,352409,5540
2021-09-30,San Diego,073,3302833,359137,356454,20819,377273,4078
2021-09-30,San Francisco,075,870044,50796,50393,2536,52929,634
2021-09-30,San Joaquin,077,732212,95427,94599,5330,99929,1646
2021-09-30,San Luis Obispo,079,281455,28128,27915,1173,29088,323
2021-09-30,San Mateo,081,765935,52033,51767,1389,53156,573
2021-09-30,Santa Barbara,083,443738,42719,42423,1626,44049,508
2021-09-30,Santa Clara,085,1922200,142014,141231,1203,142434,1862
2021-09-30,Santa Cruz,087,273765,19591,19461,1053,20514,214
2021-09-30,Shasta,089,179085,19304,18912,3292,22204,270
2021-09-30,Sierra,091,2930,138,131,16,147,0
2021-09-30,Siskiyou,093,43540,3139,3053,1190,4243,42
2021-09-30,Solano,095,438530,44154,43800,1155,44955,321
2021-09-30,Sonoma,097,501317,39717,39497,507,40004,382
2021-09-30,Stanislaus,099,539301,74560,73859,8633,82492,1099
2021-09-30,Sutter,101,95872,13288,13160,285,13445,160
2021-09-30,Tehama,103,63373,7600,7453,1320,8773,93
2021-09-30,Trinity,105,12862,703,625,184,809,10
2021-09-30,Tulare,107,460477,63095,62247,13935,76182,908
2021-09-30,Tuolumne,109,53932,6482,6369,73,6442,89
2021-09-30,Ventura,111,848112,95265,94854,4304,99158,1148
2021-09-30,Yolo,113,214977,18789,18640,1032,19672,242
2021-09-30,Yuba,115,75493,9479,9370,225,9595,66
2021-09-29,Alameda,001,1643700,115871,114998,2817,117815,1339
2021-09-29,Alpine,003,1148,102,101,0,101,0
2021-09-29,Amador,005,37829,5187,5058,56,5114,61
2021-09-29,Butte,007,227075,19179,18835,3583,22418,242
2021-09-29,Calaveras,009,45235,3647,3553,45,3598,72
2021-09-29,Colusa,011,21464,2424,2401,574,2975,18
2021-09-29,Contra Costa,013,1133247,95936,95213,2078,97291,929
2021-09-29,Del Norte,015,27424,3529,3467,36,3503,39
2021-09-29,El Dorado,017,186661,15044,14834,1604,16438,136
2021-09-29,Fresno,019,978130,129590,128068,11683,139751,1957
2021-09-29,Glenn,021,27897,3254,3213,938,4151,26
2021-09-29,Humboldt,023,135768,8372,8203,446,8649,94
2021-09-29,Imperial,025,180216,31783,31600,3188,34788,757
2021-09-29,Inyo,027,18085,1782,1740,29,1769,39
2021-09-29,Kern,029,883053,119208,117605,19680,137285,1513
2021-09-29,Kings,031,150075,29679,29195,1848,31043,299
2021-09-29,Lake,033,64148,6266,6164,132,6296,97
2021-09-29,Lassen,035,31185,6436,6347,316,6663,25
2021-09-29,Los Angeles,037,10098052,1401124,1393617,54909,1448526,26098
2021-09-29,Madera,039,155013,21184,20818,1718,22536,266
2021-09-29,Marin,041,260295,17015,16921,420,17341,242
2021-09-29,Mariposa,043,17540,1002,963,26,989,5
2021-09-29,Mendocino,045,87422,6968,6821,375,7196,78
2021-09-29,Merced,047,269075,39477,39026,1498,40524,552
2021-09-29,Modoc,049,8938,480,468,169,637,5
2021-09-29,Mono,051,14174,1556,1527,17,1544,3
2021-09-29,Monterey,053,433212,47101,46917,3290,50207,571
2021-09-29,Napa,055,140530,12517,12416,90,12506,96
2021-09-29,Nevada,057,99092,8547,8434,312,8746,87
2021-09-29,Orange,059,3164182,298697,296936,14661,311597,5429
2021-09-29,Placer,061,380077,34695,34271,3401,37672,379
2021-09-29,Plumas,063,18699,1341,1289,29,1318,6
2021-09-29,Riverside,065,2383286,348908,346558,16628,363186,4886
2021-09-29,Sacramento,067,1510023,150469,149686,4115,153801,2099
2021-09-29,San Benito,069,59416,7083,7039,156,7195,69
2021-09-29,San Bernardino,071,2135413,342631,340672,11184,351856,5539
2021-09-29,San Diego,073,3302833,358637,355899,20787,376686,4066
2021-09-29,San Francisco,075,870044,50711,50286,2533,52819,629
2021-09-29,San Joaquin,077,732212,95269,94356,5308,99664,1645
2021-09-29,San Luis Obispo,079,281455,28082,27800,1167,28967,323
2021-09-29,San Mateo,081,765935,51978,51673,1382,53055,573
2021-09-29,Santa Barbara,083,443738,42647,42328,1623,43951,507
2021-09-29,Santa Clara,085,1922200,141881,141036,1197,142233,1861
2021-09-29,Santa Cruz,087,273765,19574,19425,1051,20476,214
2021-09-29,Shasta,089,179085,19238,18805,3280,22085,271
2021-09-29,Sierra,091,2930,134,130,16,146,0
2021-09-29,Siskiyou,093,43540,3126,3043,1183,4226,42
2021-09-29,Solano,095,438530,44098,43724,1148,44872,321
2021-09-29,Sonoma,097,501317,39657,39426,505,39931,370
2021-09-29,Stanislaus,099,539301,74431,73634,8620,82254,1096
2021-09-29,Sutter,101,95872,13261,13135,282,13417,155
2021-09-29,Tehama,103,63373,7570,7409,1305,8714,88
2021-09-29,Trinity,105,12862,700,616,184,800,10
2021-09-29,Tulare,107,460477,62926,62046,13875,75921,908
2021-09-29,Tuolumne,109,53932,6465,6336,73,6409,89
2021-09-29,Ventura,111,848112,95177,94753,4300,99053,1144
2021-09-29,Yolo,113,214977,18756,18587,1027,19614,239
2021-09-29,Yuba,115,75493,9448,9351,221,9572,66
2021-09-28,Alameda,001,1643700,115713,114869,2810,117679,1333
2021-09-28,Alpine,003,1148,102,101,0,101,0
2021-09-28,Amador,005,37829,5165,5049,56,5105,61
2021-09-28,Butte,007,227075,19127,18764,3570,22334,241
2021-09-28,Calaveras,009,45235,3627,3530,45,3575,72
2021-09-28,Colusa,011,21464,2421,2399,572,2971,18
2021-09-28,Contra Costa,013,1133247,95794,95115,2073,97188,929
2021-09-28,Del Norte,015,27424,3526,3462,36,3498,39
2021-09-28,El Dorado,017,186661,14997,14793,1600,16393,133
2021-09-28,Fresno,019,978130,129244,127877,11655,139532,1948
2021-09-28,Glenn,021,27897,3248,3205,937,4142,26
2021-09-28,Humboldt,023,135768,8330,8159,443,8602,91
2021-09-28,Imperial,025,180216,31739,31543,3184,34727,757
2021-09-28,Inyo,027,18085,1768,1708,28,1736,39
2021-09-28,Kern,029,883053,118941,117420,19583,137003,1506
2021-09-28,Kings,031,150075,29581,29141,1838,30979,295
2021-09-28,Lake,033,64148,6251,6155,132,6287,95
2021-09-28,Lassen,035,31185,6430,6340,312,6652,25
2021-09-28,Los Angeles,037,10098052,1399838,1392445,54839,1447284,26068
2021-09-28,Madera,039,155013,21131,20764,1704,22468,266
2021-09-28,Marin,041,260295,16996,16887,418,17305,242
2021-09-28,Mariposa,043,17540,997,952,26,978,5
2021-09-28,Mendocino,045,87422,6946,6804,373,7177,78
2021-09-28,Merced,047,269075,39391,38953,1484,40437,551
2021-09-28,Modoc,049,8938,479,467,169,636,5
2021-09-28,Mono,051,14174,1546,1527,17,1544,3
2021-09-28,Monterey,053,433212,47070,46859,3275,50134,571
2021-09-28,Napa,055,140530,12500,12388,89,12477,96
2021-09-28,Nevada,057,99092,8524,8409,311,8720,84
2021-09-28,Orange,059,3164182,298449,296596,14633,311229,5421
2021-09-28,Placer,061,380077,34629,34187,3383,37570,370
2021-09-28,Plumas,063,18699,1332,1276,29,1305,6
2021-09-28,Riverside,065,2383286,348449,346096,16606,362702,4874
2021-09-28,Sacramento,067,1510023,150194,149310,4083,153393,2086
2021-09-28,San Benito,069,59416,7066,7028,155,7183,69
2021-09-28,San Bernardino,071,2135413,342283,340342,11165,351507,5540
2021-09-28,San Diego,073,3302833,358075,355373,20756,376129,4054
2021-09-28,San Francisco,075,870044,50614,50234,2527,52761,627
2021-09-28,San Joaquin,077,732212,95116,94194,5295,99489,1639
2021-09-28,San Luis Obispo,079,281455,28047,27755,1162,28917,321
2021-09-28,San Mateo,081,765935,51938,51620,1377,52997,571
2021-09-28,Santa Barbara,083,443738,42575,42226,1619,43845,506
2021-09-28,Santa Clara,085,1922200,141720,140886,1188,142074,1858
2021-09-28,Santa Cruz,087,273765,19533,19324,1050,20374,214
2021-09-28,Shasta,089,179085,19176,18701,3266,21967,267
2021-09-28,Sierra,091,2930,133,130,15,145,0
2021-09-28,Siskiyou,093,43540,3114,3032,1179,4211,42
2021-09-28,Solano,095,438530,44025,43652,1145,44797,316
2021-09-28,Sonoma,097,501317,39613,39395,504,39899,370
2021-09-28,Stanislaus,099,539301,74262,73528,8606,82134,1094
2021-09-28,Sutter,101,95872,13242,13102,278,13380,155
2021-09-28,Tehama,103,63373,7552,7382,1290,8672,88
2021-09-28,Trinity,105,12862,697,613,184,797,10
2021-09-28,Tulare,107,460477,62767,61916,13816,75732,905
2021-09-28,Tuolumne,109,53932,6439,6308,73,6381,89
2021-09-28,Ventura,111,848112,95059,94632,4297,98929,1143
2021-09-28,Yolo,113,214977,18730,18564,1024,19588,239
2021-09-28,Yuba,115,75493,9429,9323,220,9543,66
2021-09-27,Alameda,001,1643700,115527,114731,2801,117532,1327
2021-09-27,Alpine,003,1148,102,101,0,101,0
2021-09-27,Amador,005,37829,5151,5017,56,5073,59
2021-09-27,Butte,007,227075,19070,18687,3554,22241,239
2021-09-27,Calaveras,009,45235,3607,3514,44,3558,70
2021-09-27,Colusa,011,21464,2420,2393,571,2964,18
2021-09-27,Contra Costa,013,1133247,95662,94979,2064,97043,924
2021-09-27,Del Norte,015,27424,3524,3468,34,3502,37
2021-09-27,El Dorado,017,186661,14958,14764,1593,16357,132
2021-09-27,Fresno,019,978130,128925,127475,11623,139098,1942
2021-09-27,Glenn,021,27897,3234,3189,933,4122,26
2021-09-27,Humboldt,023,135768,8290,8118,443,8561,91
2021-09-27,Imperial,025,180216,31676,31491,3177,34668,756
2021-09-27,Inyo,027,18085,1756,1698,28,1726,39
2021-09-27,Kern,029,883053,118667,117064,19484,136548,1503
2021-09-27,Kings,031,150075,29483,28998,1826,30824,297
2021-09-27,Lake,033,64148,6231,6126,132,6258,95
2021-09-27,Lassen,035,31185,6415,6327,308,6635,25
2021-09-27,Los Angeles,037,10098052,1398509,1391538,54767,1446305,26040
2021-09-27,Madera,039,155013,21066,20691,1696,22387,262
2021-09-27,Marin,041,260295,16974,16861,417,17278,242
2021-09-27,Mariposa,043,17540,987,931,26,957,5
2021-09-27,Mendocino,045,87422,6921,6761,366,7127,74
2021-09-27,Merced,047,269075,39293,38840,1478,40318,548
2021-09-27,Modoc,049,8938,478,465,167,632,5
2021-09-27,Mono,051,14174,1531,1525,17,1542,3
2021-09-27,Monterey,053,433212,47031,46811,3262,50073,571
2021-09-27,Napa,055,140530,12476,12354,88,12442,95
2021-09-27,Nevada,057,99092,8501,8379,308,8687,84
2021-09-27,Orange,059,3164182,298144,296334,14602,310936,5409
2021-09-27,Placer,061,380077,34542,34087,3378,37465,370
2021-09-27,Plumas,063,18699,1322,1269,29,1298,6
2021-09-27,Riverside,065,2383286,348009,345529,16596,362125,4864
2021-09-27,Sacramento,067,1510023,149879,149096,4060,153156,2076
2021-09-27,San Benito,069,59416,7049,7017,155,7172,67
2021-09-27,San Bernardino,071,2135413,341873,339952,11141,351093,5544
2021-09-27,San Diego,073,3302833,357417,354755,20731,375486,4054
2021-09-27,San Francisco,075,870044,50530,50157,2524,52681,622
2021-09-27,San Joaquin,077,732212,94933,94085,5292,99377,1633
2021-09-27,San Luis Obispo,079,281455,27992,27674,1159,28833,320
2021-09-27,San Mateo,081,765935,51872,51552,1368,52920,571
2021-09-27,Santa Barbara,083,443738,42509,42012,1615,43627,505
2021-09-27,Santa Clara,085,1922200,141539,140802,1178,141980,1853
2021-09-27,Santa Cruz,087,273765,19510,19292,1049,20341,214
2021-09-27,Shasta,089,179085,19094,18599,3239,21838,267
2021-09-27,Sierra,091,2930,133,128,15,143,0
2021-09-27,Siskiyou,093,43540,3102,3015,1174,4189,42
2021-09-27,Solano,095,438530,43954,43582,1140,44722,314
2021-09-27,Sonoma,097,501317,39561,39347,504,39851,370
2021-09-27,Stanislaus,099,539301,74107,73370,8587,81957,1091
2021-09-27,Sutter,101,95872,13212,13082,274,13356,155
2021-09-27,Tehama,103,63373,7511,7345,1280,8625,88
2021-09-27,Trinity,105,12862,686,605,183,788,9
2021-09-27,Tulare,107,460477,62569,61708,13745,75453,904
2021-09-27,Tuolumne,109,53932,6421,6264,73,6337,89
2021-09-27,Ventura,111,848112,94937,94477,4293,98770,1138
2021-09-27,Yolo,113,214977,18698,18524,1023,19547,239
2021-09-27,Yuba,115,75493,9392,9292,216,9508,64
2021-09-26,Alameda,001,1643700,115331,114601,2794,117395,1326
2021-09-26,Alpine,003,1148,101,101,0,101,0
2021-09-26,Amador,005,37829,5119,5001,55,5056,59
2021-09-26,Butte,007,227075,18994,18634,3537,22171,238
2021-09-26,Calaveras,009,45235,3585,3505,44,3549,70
2021-09-26,Colusa,011,21464,2414,2392,568,2960,18
2021-09-26,Contra Costa,013,1133247,95491,94877,2051,96928,924
2021-09-26,Del Norte,015,27424,3518,3466,33,3499,37
2021-09-26,El Dorado,017,186661,14917,14738,1585,16323,132
2021-09-26,Fresno,019,978130,128571,127235,11584,138819,1939
2021-09-26,Glenn,021,27897,3222,3182,933,4115,26
2021-09-26,Humboldt,023,135768,8255,8098,442,8540,91
2021-09-26,Imperial,025,180216,31615,31462,3176,34638,756
2021-09-26,Inyo,027,18085,1741,1685,28,1713,39
2021-09-26,Kern,029,883053,118333,116927,19371,136298,1502
2021-09-26,Kings,031,150075,29382,28930,1814,30744,293
2021-09-26,Lake,033,64148,6214,6113,132,6245,95
2021-09-26,Lassen,035,31185,6405,6319,303,6622,25
2021-09-26,Los Angeles,037,10098052,1397026,1390577,54693,1445270,26035
2021-09-26,Madera,039,155013,20992,20629,1677,22306,262
2021-09-26,Marin,041,260295,16951,16860,417,17277,242
2021-09-26,Mariposa,043,17540,982,929,26,955,5
2021-09-26,Mendocino,045,87422,6888,6744,351,7095,74
2021-09-26,Merced,047,269075,39132,38717,1473,40190,548
2021-09-26,Modoc,049,8938,478,465,166,631,5
2021-09-26,Mono,051,14174,1529,1516,17,1533,3
2021-09-26,Monterey,053,433212,46985,46792,3248,50040,571
2021-09-26,Napa,055,140530,12452,12340,87,12427,95
2021-09-26,Nevada,057,99092,8471,8356,302,8658,84
2021-09-26,Orange,059,3164182,297813,296085,14569,310654,5409
2021-09-26,Placer,061,380077,34448,34043,3367,37410,370
2021-09-26,Plumas,063,18699,1303,1268,29,1297,6
2021-09-26,Riverside,065,2383286,347477,345257,16582,361839,4864
2021-09-26,Sacramento,067,1510023,149475,148745,4041,152786,2071
2021-09-26,San Benito,069,59416,7032,7012,154,7166,67
2021-09-26,San Bernardino,071,2135413,341421,339771,11126,350897,5545
2021-09-26,San Diego,073,3302833,356778,354414,20688,375102,4051
2021-09-26,San Francisco,075,870044,50407,50092,2513,52605,622
2021-09-26,San Joaquin,077,732212,94729,93935,5277,99212,1633
2021-09-26,San Luis Obispo,079,281455,27919,27624,1154,28778,319
2021-09-26,San Mateo,081,765935,51818,51496,1354,52850,571
2021-09-26,Santa Barbara,083,443738,42423,41946,1612,43558,505
2021-09-26,Santa Clara,085,1922200,141339,140667,1174,141841,1852
2021-09-26,Santa Cruz,087,273765,19485,19279,1049,20328,214
2021-09-26,Shasta,089,179085,18985,18566,3215,21781,266
2021-09-26,Sierra,091,2930,133,128,15,143,0
2021-09-26,Siskiyou,093,43540,3088,2998,1164,4162,42
2021-09-26,Solano,095,438530,43889,43537,1139,44676,314
2021-09-26,Sonoma,097,501317,39503,39302,504,39806,370
2021-09-26,Stanislaus,099,539301,73905,73243,8560,81803,1091
2021-09-26,Sutter,101,95872,13175,13045,273,13318,155
2021-09-26,Tehama,103,63373,7453,7323,1270,8593,88
2021-09-26,Trinity,105,12862,683,591,183,774,9
2021-09-26,Tulare,107,460477,62351,61560,13666,75226,904
2021-09-26,Tuolumne,109,53932,6393,6236,71,6307,89
2021-09-26,Ventura,111,848112,94825,94391,4287,98678,1138
2021-09-26,Yolo,113,214977,18663,18496,1015,19511,239
2021-09-26,Yuba,115,75493,9365,9275,216,9491,64
2021-09-25,Alameda,001,1643700,115256,114014,2790,116804,1324
2021-09-25,Alpine,003,1148,101,101,0,101,0
2021-09-25,Amador,005,37829,5106,4934,54,4988,59
2021-09-25,Butte,007,227075,18965,18396,3528,21924,236
2021-09-25,Calaveras,009,45235,3582,3461,44,3505,70
2021-09-25,Colusa,011,21464,2412,2387,566,2953,16
2021-09-25,Contra Costa,013,1133247,95420,94337,2047,96384,924
2021-09-25,Del Norte,015,27424,3517,3404,33,3437,35
2021-09-25,El Dorado,017,186661,14894,14641,1581,16222,130
2021-09-25,Fresno,019,978130,128427,126299,11571,137870,1927
2021-09-25,Glenn,021,27897,3220,3144,932,4076,25
2021-09-25,Humboldt,023,135768,8236,8014,440,8454,88
2021-09-25,Imperial,025,180216,31588,31280,3176,34456,755
2021-09-25,Inyo,027,18085,1733,1657,28,1685,39
2021-09-25,Kern,029,883053,118180,116021,19300,135321,1485
2021-09-25,Kings,031,150075,29331,28636,1811,30447,293
2021-09-25,Lake,033,64148,6209,6046,130,6176,92
2021-09-25,Lassen,035,31185,6393,6248,302,6550,25
2021-09-25,Los Angeles,037,10098052,1396315,1386417,54650,1441067,25964
2021-09-25,Madera,039,155013,20967,20432,1671,22103,262
2021-09-25,Marin,041,260295,16942,16802,415,17217,242
2021-09-25,Mariposa,043,17540,977,906,26,932,5
2021-09-25,Mendocino,045,87422,6869,6657,350,7007,74
2021-09-25,Merced,047,269075,39086,38393,1471,39864,546
2021-09-25,Modoc,049,8938,478,460,166,626,5
2021-09-25,Mono,051,14174,1528,1501,17,1518,3
2021-09-25,Monterey,053,433212,46960,46653,3241,49894,567
2021-09-25,Napa,055,140530,12432,12266,87,12353,95
2021-09-25,Nevada,057,99092,8454,8285,302,8587,84
2021-09-25,Orange,059,3164182,297640,294514,14551,309065,5374
2021-09-25,Placer,061,380077,34384,33764,3364,37128,367
2021-09-25,Plumas,063,18699,1299,1238,29,1267,6
2021-09-25,Riverside,065,2383286,347154,343463,16574,360037,4843
2021-09-25,Sacramento,067,1510023,149299,147728,4031,151759,2049
2021-09-25,San Benito,069,59416,7027,6965,154,7119,67
2021-09-25,San Bernardino,071,2135413,341187,338413,11112,349525,5540
2021-09-25,San Diego,073,3302833,356428,352017,20662,372679,4039
2021-09-25,San Francisco,075,870044,50363,49840,2512,52352,615
2021-09-25,San Joaquin,077,732212,94643,93273,5275,98548,1628
2021-09-25,San Luis Obispo,079,281455,27881,27447,1150,28597,318
2021-09-25,San Mateo,081,765935,51765,51266,1343,52609,568
2021-09-25,Santa Barbara,083,443738,42365,41728,1612,43340,505
2021-09-25,Santa Clara,085,1922200,141232,140023,1171,141194,1844
2021-09-25,Santa Cruz,087,273765,19469,19200,1047,20247,214
2021-09-25,Shasta,089,179085,18933,18256,3205,21461,262
2021-09-25,Sierra,091,2930,132,127,15,142,0
2021-09-25,Siskiyou,093,43540,3082,2956,1153,4109,41
2021-09-25,Solano,095,438530,43848,43331,1136,44467,312
2021-09-25,Sonoma,097,501317,39465,39112,504,39616,369
2021-09-25,Stanislaus,099,539301,73796,72628,8545,81173,1091
2021-09-25,Sutter,101,95872,13157,12976,270,13246,154
2021-09-25,Tehama,103,63373,7438,7200,1268,8468,86
2021-09-25,Trinity,105,12862,683,576,183,759,9
2021-09-25,Tulare,107,460477,62269,60909,13619,74528,898
2021-09-25,Tuolumne,109,53932,6382,6168,71,6239,89
2021-09-25,Ventura,111,848112,94760,94059,4283,98342,1129
2021-09-25,Yolo,113,214977,18641,18393,1014,19407,239
2021-09-25,Yuba,115,75493,9345,9191,216,9407,61
2021-09-24,Alameda,001,1643700,115153,114014,2785,116799,1324
2021-09-24,Alpine,003,1148,101,101,0,101,0
2021-09-24,Amador,005,37829,5076,4934,54,4988,59
2021-09-24,Butte,007,227075,18914,18396,3519,21915,236
2021-09-24,Calaveras,009,45235,3575,3461,43,3504,70
2021-09-24,Colusa,011,21464,2409,2387,565,2952,16
2021-09-24,Contra Costa,013,1133247,95312,94337,2043,96380,924
2021-09-24,Del Norte,015,27424,3514,3404,33,3437,35
2021-09-24,El Dorado,017,186661,14877,14641,1577,16218,130
2021-09-24,Fresno,019,978130,128228,126299,11559,137858,1927
2021-09-24,Glenn,021,27897,3215,3144,932,4076,25
2021-09-24,Humboldt,023,135768,8217,8014,437,8451,88
2021-09-24,Imperial,025,180216,31549,31280,3174,34454,755
2021-09-24,Inyo,027,18085,1724,1657,28,1685,39
2021-09-24,Kern,029,883053,118043,116021,19234,135255,1485
2021-09-24,Kings,031,150075,29290,28636,1806,30442,293
2021-09-24,Lake,033,64148,6201,6046,130,6176,92
2021-09-24,Lassen,035,31185,6385,6248,301,6549,25
2021-09-24,Los Angeles,037,10098052,1395437,1386417,54606,1441023,25964
2021-09-24,Madera,039,155013,20936,20432,1662,22094,262
2021-09-24,Marin,041,260295,16928,16802,414,17216,242
2021-09-24,Mariposa,043,17540,965,906,26,932,5
2021-09-24,Mendocino,045,87422,6856,6657,350,7007,74
2021-09-24,Merced,047,269075,39042,38393,1471,39864,546
2021-09-24,Modoc,049,8938,478,460,165,625,5
2021-09-24,Mono,051,14174,1525,1501,17,1518,3
2021-09-24,Monterey,053,433212,46944,46653,3229,49882,567
2021-09-24,Napa,055,140530,12413,12266,87,12353,95
2021-09-24,Nevada,057,99092,8440,8285,299,8584,84
2021-09-24,Orange,059,3164182,297437,294514,14533,309047,5374
2021-09-24,Placer,061,380077,34329,33764,3351,37115,367
2021-09-24,Plumas,063,18699,1294,1238,29,1267,6
2021-09-24,Riverside,065,2383286,346820,343463,16565,360028,4843
2021-09-24,Sacramento,067,1510023,149116,147728,4027,151755,2049
2021-09-24,San Benito,069,59416,7021,6965,154,7119,67
2021-09-24,San Bernardino,071,2135413,340923,338413,11102,349515,5540
2021-09-24,San Diego,073,3302833,356074,352017,20647,372664,4039
2021-09-24,San Francisco,075,870044,50301,49840,2502,52342,615
2021-09-24,San Joaquin,077,732212,94532,93273,5273,98546,1628
2021-09-24,San Luis Obispo,079,281455,27850,27447,1145,28592,318
2021-09-24,San Mateo,081,765935,51712,51266,1336,52602,568
2021-09-24,Santa Barbara,083,443738,42326,41728,1611,43339,505
2021-09-24,Santa Clara,085,1922200,141120,140023,1170,141193,1844
2021-09-24,Santa Cruz,087,273765,19446,19200,1046,20246,214
2021-09-24,Shasta,089,179085,18878,18256,3191,21447,262
2021-09-24,Sierra,091,2930,131,127,15,142,0
2021-09-24,Siskiyou,093,43540,3073,2956,1147,4103,41
2021-09-24,Solano,095,438530,43811,43331,1134,44465,312
2021-09-24,Sonoma,097,501317,39433,39112,504,39616,369
2021-09-24,Stanislaus,099,539301,73681,72628,8530,81158,1091
2021-09-24,Sutter,101,95872,13138,12976,269,13245,154
2021-09-24,Tehama,103,63373,7426,7200,1263,8463,86
2021-09-24,Trinity,105,12862,680,576,183,759,9
2021-09-24,Tulare,107,460477,62179,60909,13574,74483,898
2021-09-24,Tuolumne,109,53932,6353,6168,71,6239,89
2021-09-24,Ventura,111,848112,94682,94059,4277,98336,1129
2021-09-24,Yolo,113,214977,18609,18393,1011,19404,239
2021-09-24,Yuba,115,75493,9326,9191,216,9407,61
2021-09-23,Alameda,001,1643700,114999,114014,2780,116794,1324
2021-09-23,Alpine,003,1148,101,101,0,101,0
2021-09-23,Amador,005,37829,5063,4934,54,4988,59
2021-09-23,Butte,007,227075,18852,18396,3495,21891,236
2021-09-23,Calaveras,009,45235,3554,3461,43,3504,70
2021-09-23,Colusa,011,21464,2407,2387,563,2950,16
2021-09-23,Contra Costa,013,1133247,95172,94337,2035,96372,924
2021-09-23,Del Norte,015,27424,3505,3404,32,3436,35
2021-09-23,El Dorado,017,186661,14851,14641,1571,16212,130
2021-09-23,Fresno,019,978130,127933,126299,11541,137840,1927
2021-09-23,Glenn,021,27897,3200,3144,929,4073,25
2021-09-23,Humboldt,023,135768,8191,8014,435,8449,88
2021-09-23,Imperial,025,180216,31513,31280,3174,34454,755
2021-09-23,Inyo,027,18085,1710,1657,28,1685,39
2021-09-23,Kern,029,883053,117786,116021,19152,135173,1485
2021-09-23,Kings,031,150075,29187,28636,1797,30433,293
2021-09-23,Lake,033,64148,6191,6046,130,6176,92
2021-09-23,Lassen,035,31185,6376,6248,296,6544,25
2021-09-23,Los Angeles,037,10098052,1394249,1386417,54541,1440958,25964
2021-09-23,Madera,039,155013,20854,20432,1658,22090,262
2021-09-23,Marin,041,260295,16913,16802,413,17215,242
2021-09-23,Mariposa,043,17540,952,906,26,932,5
2021-09-23,Mendocino,045,87422,6835,6657,348,7005,74
2021-09-23,Merced,047,269075,38939,38393,1464,39857,546
2021-09-23,Modoc,049,8938,477,460,165,625,5
2021-09-23,Mono,051,14174,1523,1501,17,1518,3
2021-09-23,Monterey,053,433212,46905,46653,3209,49862,567
2021-09-23,Napa,055,140530,12396,12266,87,12353,95
2021-09-23,Nevada,057,99092,8413,8285,299,8584,84
2021-09-23,Orange,059,3164182,297139,294514,14511,309025,5374
2021-09-23,Placer,061,380077,34253,33764,3344,37108,367
2021-09-23,Plumas,063,18699,1276,1238,28,1266,6
2021-09-23,Riverside,065,2383286,346369,343463,16557,360020,4843
2021-09-23,Sacramento,067,1510023,148789,147728,4005,151733,2049
2021-09-23,San Benito,069,59416,7010,6965,154,7119,67
2021-09-23,San Bernardino,071,2135413,340564,338413,11086,349499,5540
2021-09-23,San Diego,073,3302833,355612,352017,20608,372625,4039
2021-09-23,San Francisco,075,870044,50230,49840,2498,52338,615
2021-09-23,San Joaquin,077,732212,94362,93273,5258,98531,1628
2021-09-23,San Luis Obispo,079,281455,27807,27447,1143,28590,318
2021-09-23,San Mateo,081,765935,51646,51266,1327,52593,568
2021-09-23,Santa Barbara,083,443738,42248,41728,1608,43336,505
2021-09-23,Santa Clara,085,1922200,140971,140023,1162,141185,1844
2021-09-23,Santa Cruz,087,273765,19415,19200,1046,20246,214
2021-09-23,Shasta,089,179085,18800,18256,3174,21430,262
2021-09-23,Sierra,091,2930,131,127,15,142,0
2021-09-23,Siskiyou,093,43540,3069,2956,1136,4092,41
2021-09-23,Solano,095,438530,43745,43331,1131,44462,312
2021-09-23,Sonoma,097,501317,39375,39112,501,39613,369
2021-09-23,Stanislaus,099,539301,73525,72628,8497,81125,1091
2021-09-23,Sutter,101,95872,13109,12976,269,13245,154
2021-09-23,Tehama,103,63373,7385,7200,1258,8458,86
2021-09-23,Trinity,105,12862,666,576,182,758,9
2021-09-23,Tulare,107,460477,62003,60909,13517,74426,898
2021-09-23,Tuolumne,109,53932,6328,6168,70,6238,89
2021-09-23,Ventura,111,848112,94581,94059,4269,98328,1129
2021-09-23,Yolo,113,214977,18580,18393,1006,19399,239
2021-09-23,Yuba,115,75493,9298,9191,215,9406,61
2021-09-22,Alameda,001,1643700,114844,113862,2776,116638,1322
2021-09-22,Alpine,003,1148,101,100,0,100,0
2021-09-22,Amador,005,37829,5047,4915,54,4969,59
2021-09-22,Butte,007,227075,18793,18337,3480,21817,235
2021-09-22,Calaveras,009,45235,3538,3448,43,3491,70
2021-09-22,Colusa,011,21464,2402,2384,562,2946,16
2021-09-22,Contra Costa,013,1133247,94991,94209,2025,96234,924
2021-09-22,Del Norte,015,27424,3494,3386,31,3417,35
2021-09-22,El Dorado,017,186661,14815,14605,1564,16169,127
2021-09-22,Fresno,019,978130,127677,126006,11529,137535,1908
2021-09-22,Glenn,021,27897,3194,3138,928,4066,25
2021-09-22,Humboldt,023,135768,8168,7998,427,8425,80
2021-09-22,Imperial,025,180216,31461,31243,3167,34410,755
2021-09-22,Inyo,027,18085,1700,1651,28,1679,39
2021-09-22,Kern,029,883053,117543,115757,19030,134787,1477
2021-09-22,Kings,031,150075,29103,28589,1791,30380,292
2021-09-22,Lake,033,64148,6178,6035,130,6165,93
2021-09-22,Lassen,035,31185,6356,6209,292,6501,25
2021-09-22,Los Angeles,037,10098052,1392931,1384719,54482,1439201,25930
2021-09-22,Madera,039,155013,20797,20382,1650,22032,262
2021-09-22,Marin,041,260295,16904,16782,410,17192,242
2021-09-22,Mariposa,043,17540,946,901,26,927,5
2021-09-22,Mendocino,045,87422,6808,6624,342,6966,70
2021-09-22,Merced,047,269075,38808,38305,1461,39766,541
2021-09-22,Modoc,049,8938,474,458,165,623,5
2021-09-22,Mono,051,14174,1514,1496,16,1512,3
2021-09-22,Monterey,053,433212,46861,46615,3196,49811,566
2021-09-22,Napa,055,140530,12373,12248,86,12334,95
2021-09-22,Nevada,057,99092,8391,8273,296,8569,84
2021-09-22,Orange,059,3164182,296866,294214,14494,308708,5366
2021-09-22,Placer,061,380077,34166,33661,3331,36992,367
2021-09-22,Plumas,063,18699,1262,1230,28,1258,6
2021-09-22,Riverside,065,2383286,345834,342946,16533,359479,4830
2021-09-22,Sacramento,067,1510023,148477,147533,3973,151506,2043
2021-09-22,San Benito,069,59416,6999,6961,152,7113,67
2021-09-22,San Bernardino,071,2135413,340169,337938,11078,349016,5528
2021-09-22,San Diego,073,3302833,355151,351132,20586,371718,4027
2021-09-22,San Francisco,075,870044,50146,49734,2493,52227,610
2021-09-22,San Joaquin,077,732212,94136,93010,5231,98241,1626
2021-09-22,San Luis Obispo,079,281455,27759,27398,1140,28538,315
2021-09-22,San Mateo,081,765935,51579,51197,1317,52514,568
2021-09-22,Santa Barbara,083,443738,42185,41678,1607,43285,504
2021-09-22,Santa Clara,085,1922200,140807,139803,1155,140958,1844
2021-09-22,Santa Cruz,087,273765,19376,19177,1046,20223,214
2021-09-22,Shasta,089,179085,18710,18153,3162,21315,260
2021-09-22,Sierra,091,2930,131,127,15,142,0
2021-09-22,Siskiyou,093,43540,3052,2947,1126,4073,41
2021-09-22,Solano,095,438530,43684,43269,1130,44399,312
2021-09-22,Sonoma,097,501317,39323,39063,500,39563,369
2021-09-22,Stanislaus,099,539301,73360,72355,8477,80832,1091
2021-09-22,Sutter,101,95872,13089,12960,266,13226,153
2021-09-22,Tehama,103,63373,7359,7173,1254,8427,86
2021-09-22,Trinity,105,12862,665,572,182,754,9
2021-09-22,Tulare,107,460477,61795,60776,13443,74219,896
2021-09-22,Tuolumne,109,53932,6307,6155,69,6224,89
2021-09-22,Ventura,111,848112,94478,93978,4262,98240,1122
2021-09-22,Yolo,113,214977,18542,18342,998,19340,239
2021-09-22,Yuba,115,75493,9269,9169,210,9379,61
2021-09-21,Alameda,001,1643700,114695,113765,2776,116541,1321
2021-09-21,Alpine,003,1148,101,100,0,100,0
2021-09-21,Amador,005,37829,5025,4897,54,4951,59
2021-09-21,Butte,007,227075,18697,18229,3441,21670,232
2021-09-21,Calaveras,009,45235,3520,3437,43,3480,70
2021-09-21,Colusa,011,21464,2399,2378,561,2939,16
2021-09-21,Contra Costa,013,1133247,94799,94101,2009,96110,924
2021-09-21,Del Norte,015,27424,3481,3378,31,3409,34
2021-09-21,El Dorado,017,186661,14785,14578,1557,16135,127
2021-09-21,Fresno,019,978130,127327,125789,11511,137300,1892
2021-09-21,Glenn,021,27897,3187,3134,921,4055,25
2021-09-21,Humboldt,023,135768,8136,7955,422,8377,80
2021-09-21,Imperial,025,180216,31403,31185,3165,34350,755
2021-09-21,Inyo,027,18085,1690,1646,28,1674,39
2021-09-21,Kern,029,883053,117251,115534,18915,134449,1467
2021-09-21,Kings,031,150075,29015,28545,1783,30328,291
2021-09-21,Lake,033,64148,6156,6013,130,6143,90
2021-09-21,Lassen,035,31185,6338,6159,288,6447,25
2021-09-21,Los Angeles,037,10098052,1391489,1383277,54424,1437701,25893
2021-09-21,Madera,039,155013,20736,20317,1639,21956,262
2021-09-21,Marin,041,260295,16889,16748,409,17157,242
2021-09-21,Mariposa,043,17540,941,894,25,919,5
2021-09-21,Mendocino,045,87422,6769,6580,331,6911,68
2021-09-21,Merced,047,269075,38687,38225,1457,39682,539
2021-09-21,Modoc,049,8938,471,458,165,623,5
2021-09-21,Mono,051,14174,1512,1495,14,1509,3
2021-09-21,Monterey,053,433212,46802,46583,3178,49761,565
2021-09-21,Napa,055,140530,12352,12238,86,12324,95
2021-09-21,Nevada,057,99092,8365,8259,286,8545,84
2021-09-21,Orange,059,3164182,296543,293898,14463,308361,5357
2021-09-21,Placer,061,380077,34066,33609,3320,36929,365
2021-09-21,Plumas,063,18699,1257,1225,28,1253,5
2021-09-21,Riverside,065,2383286,345273,342460,16507,358967,4817
2021-09-21,Sacramento,067,1510023,148105,147378,3940,151318,2027
2021-09-21,San Benito,069,59416,6988,6950,151,7101,67
2021-09-21,San Bernardino,071,2135413,339730,337387,11060,348447,5520
2021-09-21,San Diego,073,3302833,354532,350265,20562,370827,4021
2021-09-21,San Francisco,075,870044,50053,49653,2488,52141,609
2021-09-21,San Joaquin,077,732212,93901,92762,5219,97981,1621
2021-09-21,San Luis Obispo,079,281455,27701,27318,1136,28454,314
2021-09-21,San Mateo,081,765935,51518,51136,1309,52445,568
2021-09-21,Santa Barbara,083,443738,42118,41644,1602,43246,503
2021-09-21,Santa Clara,085,1922200,140590,139657,1152,140809,1843
2021-09-21,Santa Cruz,087,273765,19346,19140,1045,20185,212
2021-09-21,Shasta,089,179085,18583,18027,3139,21166,258
2021-09-21,Sierra,091,2930,131,127,15,142,0
2021-09-21,Siskiyou,093,43540,3039,2927,1111,4038,36
2021-09-21,Solano,095,438530,43614,43220,1130,44350,311
2021-09-21,Sonoma,097,501317,39271,39042,500,39542,369
2021-09-21,Stanislaus,099,539301,73173,72211,8455,80666,1091
2021-09-21,Sutter,101,95872,13066,12930,263,13193,153
2021-09-21,Tehama,103,63373,7313,7151,1249,8400,85
2021-09-21,Trinity,105,12862,654,572,180,752,9
2021-09-21,Tulare,107,460477,61581,60607,13382,73989,896
2021-09-21,Tuolumne,109,53932,6276,6139,69,6208,89
2021-09-21,Ventura,111,848112,94374,93818,4256,98074,1120
2021-09-21,Yolo,113,214977,18506,18313,994,19307,239
2021-09-21,Yuba,115,75493,9241,9135,210,9345,61
2021-09-20,Alameda,001,1643700,114516,113637,2772,116409,1320
2021-09-20,Alpine,003,1148,101,100,0,100,0
2021-09-20,Amador,005,37829,5007,4883,53,4936,59
2021-09-20,Butte,007,227075,18615,18135,3425,21560,231
2021-09-20,Calaveras,009,45235,3498,3395,42,3437,66
2021-09-20,Colusa,011,21464,2397,2376,558,2934,16
2021-09-20,Contra Costa,013,1133247,94650,93919,2003,95922,924
2021-09-20,Del Norte,015,27424,3473,3374,30,3404,34
2021-09-20,El Dorado,017,186661,14752,14545,1546,16091,127
2021-09-20,Fresno,019,978130,126915,125287,11492,136779,1889
2021-09-20,Glenn,021,27897,3176,3112,918,4030,25
2021-09-20,Humboldt,023,135768,8100,7938,417,8355,80
2021-09-20,Imperial,025,180216,31320,31146,3164,34310,755
2021-09-20,Inyo,027,18085,1682,1641,27,1668,39
2021-09-20,Kern,029,883053,116911,115271,18781,134052,1459
2021-09-20,Kings,031,150075,28927,28471,1777,30248,285
2021-09-20,Lake,033,64148,6142,5984,129,6113,87
2021-09-20,Lassen,035,31185,6309,6132,287,6419,25
2021-09-20,Los Angeles,037,10098052,1389977,1382206,54338,1436544,25858
2021-09-20,Madera,039,155013,20685,20203,1630,21833,257
2021-09-20,Marin,041,260295,16864,16732,407,17139,242
2021-09-20,Mariposa,043,17540,930,887,25,912,5
2021-09-20,Mendocino,045,87422,6735,6568,326,6894,67
2021-09-20,Merced,047,269075,38579,38144,1447,39591,536
2021-09-20,Modoc,049,8938,470,457,163,620,5
2021-09-20,Mono,051,14174,1507,1480,14,1494,3
2021-09-20,Monterey,053,433212,46768,46506,3152,49658,565
2021-09-20,Napa,055,140530,12327,12209,85,12294,95
2021-09-20,Nevada,057,99092,8345,8228,284,8512,84
2021-09-20,Orange,059,3164182,296204,293642,14436,308078,5354
2021-09-20,Placer,061,380077,33976,33531,3305,36836,364
2021-09-20,Plumas,063,18699,1253,1211,28,1239,5
2021-09-20,Riverside,065,2383286,344774,341961,16493,358454,4802
2021-09-20,Sacramento,067,1510023,147734,147016,3906,150922,2016
2021-09-20,San Benito,069,59416,6979,6947,150,7097,67
2021-09-20,San Bernardino,071,2135413,339337,337059,11044,348103,5507
2021-09-20,San Diego,073,3302833,353857,349579,20525,370104,4009
2021-09-20,San Francisco,075,870044,49951,49559,2482,52041,605
2021-09-20,San Joaquin,077,732212,93659,92614,5206,97820,1615
2021-09-20,San Luis Obispo,079,281455,27626,27259,1127,28386,313
2021-09-20,San Mateo,081,765935,51442,51100,1299,52399,567
2021-09-20,Santa Barbara,083,443738,42022,41589,1598,43187,500
2021-09-20,Santa Clara,085,1922200,140389,139578,1150,140728,1841
2021-09-20,Santa Cruz,087,273765,19314,19121,1045,20166,211
2021-09-20,Shasta,089,179085,18484,17893,3110,21003,258
2021-09-20,Sierra,091,2930,129,126,15,141,0
2021-09-20,Siskiyou,093,43540,3018,2902,1097,3999,35
2021-09-20,Solano,095,438530,43547,43152,1123,44275,312
2021-09-20,Sonoma,097,501317,39227,38991,500,39491,369
2021-09-20,Stanislaus,099,539301,72972,72031,8436,80467,1091
2021-09-20,Sutter,101,95872,13031,12896,258,13154,153
2021-09-20,Tehama,103,63373,7281,7121,1237,8358,84
2021-09-20,Trinity,105,12862,648,568,179,747,7
2021-09-20,Tulare,107,460477,61379,60302,13327,73629,896
2021-09-20,Tuolumne,109,53932,6251,6113,68,6181,89
2021-09-20,Ventura,111,848112,94263,93700,4250,97950,1120
2021-09-20,Yolo,113,214977,18462,18287,992,19279,239
2021-09-20,Yuba,115,75493,9205,9107,208,9315,61
2021-09-19,Alameda,001,1643700,114309,113446,2768,116214,1320
2021-09-19,Alpine,003,1148,100,100,0,100,0
2021-09-19,Amador,005,37829,4967,4875,52,4927,59
2021-09-19,Butte,007,227075,18522,18063,3398,21461,230
2021-09-19,Calaveras,009,45235,3473,3390,39,3429,66
2021-09-19,Colusa,011,21464,2395,2375,556,2931,16
2021-09-19,Contra Costa,013,1133247,94466,93788,1993,95781,924
2021-09-19,Del Norte,015,27424,3446,3344,29,3373,34
2021-09-19,El Dorado,017,186661,14700,14512,1540,16052,127
2021-09-19,Fresno,019,978130,126513,124985,11462,136447,1888
2021-09-19,Glenn,021,27897,3165,3102,913,4015,25
2021-09-19,Humboldt,023,135768,8055,7914,415,8329,80
2021-09-19,Imperial,025,180216,31251,31122,3161,34283,755
2021-09-19,Inyo,027,18085,1673,1639,27,1666,39
2021-09-19,Kern,029,883053,116598,115074,18674,133748,1459
2021-09-19,Kings,031,150075,28798,28416,1768,30184,284
2021-09-19,Lake,033,64148,6111,5962,129,6091,87
2021-09-19,Lassen,035,31185,6289,6129,281,6410,25
2021-09-19,Los Angeles,037,10098052,1388015,1381200,54237,1435437,25852
2021-09-19,Madera,039,155013,20608,20161,1618,21779,257
2021-09-19,Marin,041,260295,16835,16711,405,17116,242
2021-09-19,Mariposa,043,17540,922,881,25,906,5
2021-09-19,Mendocino,045,87422,6690,6538,320,6858,67
2021-09-19,Merced,047,269075,38422,38068,1439,39507,535
2021-09-19,Modoc,049,8938,467,457,161,618,5
2021-09-19,Mono,051,14174,1502,1480,14,1494,3
2021-09-19,Monterey,053,433212,46726,46486,3139,49625,565
2021-09-19,Napa,055,140530,12306,12190,83,12273,95
2021-09-19,Nevada,057,99092,8317,8203,282,8485,84
2021-09-19,Orange,059,3164182,295836,293258,14416,307674,5354
2021-09-19,Placer,061,380077,33863,33406,3287,36693,364
2021-09-19,Plumas,063,18699,1243,1211,28,1239,5
2021-09-19,Riverside,065,2383286,344182,341566,16483,358049,4804
2021-09-19,Sacramento,067,1510023,147376,146603,3860,150463,2012
2021-09-19,San Benito,069,59416,6960,6942,150,7092,67
2021-09-19,San Bernardino,071,2135413,338851,336688,11032,347720,5506
2021-09-19,San Diego,073,3302833,353143,349225,20489,369714,4006
2021-09-19,San Francisco,075,870044,49843,49458,2474,51932,605
2021-09-19,San Joaquin,077,732212,93363,92467,5195,97662,1615
2021-09-19,San Luis Obispo,079,281455,27525,27208,1118,28326,313
2021-09-19,San Mateo,081,765935,51358,51028,1284,52312,567
2021-09-19,Santa Barbara,083,443738,41918,41512,1598,43110,500
2021-09-19,Santa Clara,085,1922200,140203,139410,1145,140555,1841
2021-09-19,Santa Cruz,087,273765,19276,19096,1045,20141,211
2021-09-19,Shasta,089,179085,18370,17813,3075,20888,258
2021-09-19,Sierra,091,2930,128,126,15,141,0
2021-09-19,Siskiyou,093,43540,2992,2882,1088,3970,35
2021-09-19,Solano,095,438530,43462,43056,1118,44174,312
2021-09-19,Sonoma,097,501317,39156,38956,496,39452,369
2021-09-19,Stanislaus,099,539301,72727,71830,8413,80243,1091
2021-09-19,Sutter,101,95872,13004,12868,251,13119,153
2021-09-19,Tehama,103,63373,7228,7081,1226,8307,84
2021-09-19,Trinity,105,12862,637,562,177,739,7
2021-09-19,Tulare,107,460477,61121,60160,13232,73392,896
2021-09-19,Tuolumne,109,53932,6209,6097,68,6165,89
2021-09-19,Ventura,111,848112,94102,93491,4243,97734,1120
2021-09-19,Yolo,113,214977,18412,18238,986,19224,239
2021-09-19,Yuba,115,75493,9179,9087,207,9294,61
2021-09-18,Alameda,001,1643700,114211,113300,2767,116067,1320
2021-09-18,Alpine,003,1148,100,100,0,100,0
2021-09-18,Amador,005,37829,4957,4850,52,4902,59
2021-09-18,Butte,007,227075,18485,17961,3384,21345,230
2021-09-18,Calaveras,009,45235,3467,3361,38,3399,66
2021-09-18,Colusa,011,21464,2395,2373,555,2928,16
2021-09-18,Contra Costa,013,1133247,94376,93656,1989,95645,924
2021-09-18,Del Norte,015,27424,3438,3326,27,3353,34
2021-09-18,El Dorado,017,186661,14677,14472,1536,16008,127
2021-09-18,Fresno,019,978130,126371,124771,11449,136220,1889
2021-09-18,Glenn,021,27897,3159,3086,912,3998,25
2021-09-18,Humboldt,023,135768,8042,7881,413,8294,80
2021-09-18,Imperial,025,180216,31227,31096,3160,34256,755
2021-09-18,Inyo,027,18085,1667,1636,27,1663,39
2021-09-18,Kern,029,883053,116445,114781,18609,133390,1459
2021-09-18,Kings,031,150075,28750,28330,1763,30093,285
2021-09-18,Lake,033,64148,6094,5936,129,6065,87
2021-09-18,Lassen,035,31185,6279,6121,278,6399,25
2021-09-18,Los Angeles,037,10098052,1387258,1379880,54185,1434065,25849
2021-09-18,Madera,039,155013,20564,20126,1609,21735,257
2021-09-18,Marin,041,260295,16818,16685,404,17089,242
2021-09-18,Mariposa,043,17540,919,871,25,896,5
2021-09-18,Mendocino,045,87422,6669,6523,320,6843,67
2021-09-18,Merced,047,269075,38385,37977,1433,39410,535
2021-09-18,Modoc,049,8938,467,457,160,617,5
2021-09-18,Mono,051,14174,1500,1480,14,1494,3
2021-09-18,Monterey,053,433212,46694,46466,3130,49596,565
2021-09-18,Napa,055,140530,12294,12168,83,12251,95
2021-09-18,Nevada,057,99092,8300,8183,282,8465,84
2021-09-18,Orange,059,3164182,295640,293005,14401,307406,5354
2021-09-18,Placer,061,380077,33792,33309,3284,36593,364
2021-09-18,Plumas,063,18699,1243,1204,28,1232,5
2021-09-18,Riverside,065,2383286,343796,341136,16470,357606,4802
2021-09-18,Sacramento,067,1510023,147191,146162,3851,150013,2016
2021-09-18,San Benito,069,59416,6955,6937,150,7087,67
2021-09-18,San Bernardino,071,2135413,338581,336380,11019,347399,5501
2021-09-18,San Diego,073,3302833,352742,348848,20479,369327,4006
2021-09-18,San Francisco,075,870044,49781,49359,2468,51827,605
2021-09-18,San Joaquin,077,732212,93254,92242,5184,97426,1615
2021-09-18,San Luis Obispo,079,281455,27488,27181,1115,28296,313
2021-09-18,San Mateo,081,765935,51309,50961,1280,52241,567
2021-09-18,Santa Barbara,083,443738,41855,41465,1598,43063,500
2021-09-18,Santa Clara,085,1922200,140082,139233,1142,140375,1841
2021-09-18,Santa Cruz,087,273765,19256,19079,1045,20124,211
2021-09-18,Shasta,089,179085,18307,17777,3057,20834,258
2021-09-18,Sierra,091,2930,127,125,15,140,0
2021-09-18,Siskiyou,093,43540,2989,2875,1082,3957,35
2021-09-18,Solano,095,438530,43422,42966,1115,44081,312
2021-09-18,Sonoma,097,501317,39123,38891,494,39385,369
2021-09-18,Stanislaus,099,539301,72580,71587,8388,79975,1091
2021-09-18,Sutter,101,95872,12990,12829,251,13080,153
2021-09-18,Tehama,103,63373,7213,7055,1218,8273,84
2021-09-18,Trinity,105,12862,635,561,177,738,7
2021-09-18,Tulare,107,460477,61047,60003,13178,73181,896
2021-09-18,Tuolumne,109,53932,6194,6069,68,6137,89
2021-09-18,Ventura,111,848112,94034,93424,4238,97662,1120
2021-09-18,Yolo,113,214977,18386,18213,980,19193,239
2021-09-18,Yuba,115,75493,9165,9061,206,9267,61
2021-09-17,Alameda,001,1643700,114091,113070,2765,115835,1320
2021-09-17,Alpine,003,1148,100,99,0,99,0
2021-09-17,Amador,005,37829,4941,4835,51,4886,58
2021-09-17,Butte,007,227075,18434,17870,3375,21245,230
2021-09-17,Calaveras,009,45235,3455,3338,37,3375,66
2021-09-17,Colusa,011,21464,2394,2369,550,2919,16
2021-09-17,Contra Costa,013,1133247,94275,93485,1986,95471,924
2021-09-17,Del Norte,015,27424,3433,3311,25,3336,34
2021-09-17,El Dorado,017,186661,14658,14421,1534,15955,127
2021-09-17,Fresno,019,978130,126153,124296,11441,135737,1882
2021-09-17,Glenn,021,27897,3145,3072,910,3982,25
2021-09-17,Humboldt,023,135768,8021,7850,413,8263,80
2021-09-17,Imperial,025,180216,31201,31031,3159,34190,755
2021-09-17,Inyo,027,18085,1659,1634,27,1661,39
2021-09-17,Kern,029,883053,116254,114303,18513,132816,1456
2021-09-17,Kings,031,150075,28685,28240,1761,30001,281
2021-09-17,Lake,033,64148,6081,5915,129,6044,87
2021-09-17,Lassen,035,31185,6264,6080,276,6356,25
2021-09-17,Los Angeles,037,10098052,1386291,1377905,54114,1432019,25820
2021-09-17,Madera,039,155013,20512,20040,1599,21639,257
2021-09-17,Marin,041,260295,16805,16658,402,17060,242
2021-09-17,Mariposa,043,17540,917,869,25,894,5
2021-09-17,Mendocino,045,87422,6650,6498,320,6818,67
2021-09-17,Merced,047,269075,38338,37803,1431,39234,533
2021-09-17,Modoc,049,8938,467,456,160,616,5
2021-09-17,Mono,051,14174,1496,1457,14,1471,3
2021-09-17,Monterey,053,433212,46674,46421,3126,49547,564
2021-09-17,Napa,055,140530,12273,12153,83,12236,95
2021-09-17,Nevada,057,99092,8285,8157,282,8439,84
2021-09-17,Orange,059,3164182,295426,292685,14383,307068,5346
2021-09-17,Placer,061,380077,33731,33188,3273,36461,362
2021-09-17,Plumas,063,18699,1235,1192,27,1219,5
2021-09-17,Riverside,065,2383286,343393,340445,16460,356905,4792
2021-09-17,Sacramento,067,1510023,146992,145985,3840,149825,1999
2021-09-17,San Benito,069,59416,6952,6929,150,7079,67
2021-09-17,San Bernardino,071,2135413,338228,335810,11012,346822,5488
2021-09-17,San Diego,073,3302833,352309,348098,20461,368559,4002
2021-09-17,San Francisco,075,870044,49731,49249,2461,51710,605
2021-09-17,San Joaquin,077,732212,93117,91977,5172,97149,1610
2021-09-17,San Luis Obispo,079,281455,27454,27102,1104,28206,311
2021-09-17,San Mateo,081,765935,51260,50854,1274,52128,564
2021-09-17,Santa Barbara,083,443738,41793,41354,1598,42952,498
2021-09-17,Santa Clara,085,1922200,139934,138939,1141,140080,1838
2021-09-17,Santa Cruz,087,273765,19231,19039,1045,20084,211
2021-09-17,Shasta,089,179085,18236,17617,3044,20661,254
2021-09-17,Sierra,091,2930,127,124,15,139,0
2021-09-17,Siskiyou,093,43540,2975,2852,1081,3933,35
2021-09-17,Solano,095,438530,43360,42898,1111,44009,312
2021-09-17,Sonoma,097,501317,39085,38808,493,39301,369
2021-09-17,Stanislaus,099,539301,72474,71408,8370,79778,1091
2021-09-17,Sutter,101,95872,12974,12799,249,13048,153
2021-09-17,Tehama,103,63373,7189,7020,1206,8226,84
2021-09-17,Trinity,105,12862,630,556,176,732,7
2021-09-17,Tulare,107,460477,60931,59689,13143,72832,895
2021-09-17,Tuolumne,109,53932,6176,6047,67,6114,89
2021-09-17,Ventura,111,848112,93922,93273,4235,97508,1116
2021-09-17,Yolo,113,214977,18355,18177,976,19153,239
2021-09-17,Yuba,115,75493,9138,9019,205,9224,61
2021-09-16,Alameda,001,1643700,113914,112770,2761,115531,1318
2021-09-16,Alpine,003,1148,100,99,0,99,0
2021-09-16,Amador,005,37829,4921,4819,51,4870,58
2021-09-16,Butte,007,227075,18360,17750,3358,21108,230
2021-09-16,Calaveras,009,45235,3421,3313,37,3350,66
2021-09-16,Colusa,011,21464,2392,2363,548,2911,16
2021-09-16,Contra Costa,013,1133247,94107,93213,1976,95189,917
2021-09-16,Del Norte,015,27424,3415,3285,25,3310,34
2021-09-16,El Dorado,017,186661,14618,14372,1526,15898,127
2021-09-16,Fresno,019,978130,125797,123853,11402,135255,1868
2021-09-16,Glenn,021,27897,3133,3068,908,3976,24
2021-09-16,Humboldt,023,135768,7987,7809,403,8212,80
2021-09-16,Imperial,025,180216,31159,30966,3150,34116,753
2021-09-16,Inyo,027,18085,1657,1623,27,1650,39
2021-09-16,Kern,029,883053,115984,113828,18445,132273,1448
2021-09-16,Kings,031,150075,28599,28114,1752,29866,280
2021-09-16,Lake,033,64148,6057,5890,126,6016,87
2021-09-16,Lassen,035,31185,6230,6028,269,6297,25
2021-09-16,Los Angeles,037,10098052,1384911,1376277,54048,1430325,25796
2021-09-16,Madera,039,155013,20436,19974,1593,21567,257
2021-09-16,Marin,041,260295,16778,16625,401,17026,242
2021-09-16,Mariposa,043,17540,911,849,25,874,6
2021-09-16,Mendocino,045,87422,6618,6445,311,6756,67
2021-09-16,Merced,047,269075,38231,37675,1428,39103,532
2021-09-16,Modoc,049,8938,465,455,160,615,5
2021-09-16,Mono,051,14174,1487,1449,14,1463,3
2021-09-16,Monterey,053,433212,46628,46342,3112,49454,562
2021-09-16,Napa,055,140530,12248,12115,79,12194,95
2021-09-16,Nevada,057,99092,8257,8121,281,8402,84
2021-09-16,Orange,059,3164182,295084,292183,14363,306546,5340
2021-09-16,Placer,061,380077,33638,33037,3251,36288,354
2021-09-16,Plumas,063,18699,1225,1178,27,1205,5
2021-09-16,Riverside,065,2383286,342863,339770,16446,356216,4786
2021-09-16,Sacramento,067,1510023,146635,145754,3807,149561,1996
2021-09-16,San Benito,069,59416,6939,6913,149,7062,67
2021-09-16,San Bernardino,071,2135413,337806,335129,11006,346135,5474
2021-09-16,San Diego,073,3302833,351684,347472,20426,367898,3994
2021-09-16,San Francisco,075,870044,49647,49133,2451,51584,605
2021-09-16,San Joaquin,077,732212,92878,91650,5126,96776,1608
2021-09-16,San Luis Obispo,079,281455,27382,27044,1100,28144,310
2021-09-16,San Mateo,081,765935,51200,50773,1257,52030,564
2021-09-16,Santa Barbara,083,443738,41727,41272,1595,42867,497
2021-09-16,Santa Clara,085,1922200,139779,138685,1137,139822,1835
2021-09-16,Santa Cruz,087,273765,19203,19011,1045,20056,211
2021-09-16,Shasta,089,179085,18111,17438,3009,20447,251
2021-09-16,Sierra,091,2930,127,123,15,138,0
2021-09-16,Siskiyou,093,43540,2956,2819,1073,3892,35
2021-09-16,Solano,095,438530,43289,42792,1105,43897,312
2021-09-16,Sonoma,097,501317,39022,38707,492,39199,369
2021-09-16,Stanislaus,099,539301,72241,71105,8354,79459,1091
2021-09-16,Sutter,101,95872,12930,12729,243,12972,152
2021-09-16,Tehama,103,63373,7150,6953,1195,8148,83
2021-09-16,Trinity,105,12862,627,547,175,722,7
2021-09-16,Tulare,107,460477,60711,59459,13068,72527,894
2021-09-16,Tuolumne,109,53932,6156,5999,66,6065,89
2021-09-16,Ventura,111,848112,93783,93087,4233,97320,1110
2021-09-16,Yolo,113,214977,18324,18135,974,19109,239
2021-09-16,Yuba,115,75493,9104,8981,202,9183,61
2021-09-15,Alameda,001,1643700,113743,112498,2753,115251,1317
2021-09-15,Alpine,003,1148,100,99,0,99,0
2021-09-15,Amador,005,37829,4913,4792,51,4843,58
2021-09-15,Butte,007,227075,18262,17664,3338,21002,228
2021-09-15,Calaveras,009,45235,3389,3293,35,3328,66
2021-09-15,Colusa,011,21464,2390,2352,545,2897,16
2021-09-15,Contra Costa,013,1133247,93927,92989,1964,94953,913
2021-09-15,Del Norte,015,27424,3402,3271,23,3294,34
2021-09-15,El Dorado,017,186661,14592,14309,1518,15827,127
2021-09-15,Fresno,019,978130,125419,123370,11367,134737,1867
2021-09-15,Glenn,021,27897,3120,3051,903,3954,20
2021-09-15,Humboldt,023,135768,7952,7754,398,8152,52
2021-09-15,Imperial,025,180216,31105,30891,3146,34037,753
2021-09-15,Inyo,027,18085,1653,1614,27,1641,39
2021-09-15,Kern,029,883053,115636,113546,18344,131890,1434
2021-09-15,Kings,031,150075,28520,27991,1742,29733,279
2021-09-15,Lake,033,64148,6025,5852,125,5977,85
2021-09-15,Lassen,035,31185,6170,6018,264,6282,25
2021-09-15,Los Angeles,037,10098052,1383421,1374307,53975,1428282,25767
2021-09-15,Madera,039,155013,20362,19880,1587,21467,257
2021-09-15,Marin,041,260295,16743,16592,396,16988,242
2021-09-15,Mariposa,043,17540,900,843,25,868,5
2021-09-15,Mendocino,045,87422,6588,6399,306,6705,66
2021-09-15,Merced,047,269075,38123,37508,1426,38934,529
2021-09-15,Modoc,049,8938,465,454,160,614,5
2021-09-15,Mono,051,14174,1483,1445,14,1459,3
2021-09-15,Monterey,053,433212,46563,46317,3095,49412,562
2021-09-15,Napa,055,140530,12227,12082,79,12161,95
2021-09-15,Nevada,057,99092,8235,8081,278,8359,84
2021-09-15,Orange,059,3164182,294762,291834,14343,306177,5328
2021-09-15,Placer,061,380077,33527,32860,3229,36089,352
2021-09-15,Plumas,063,18699,1220,1164,26,1190,5
2021-09-15,Riverside,065,2383286,342281,339077,16422,355499,4769
2021-09-15,Sacramento,067,1510023,146210,145202,3773,148975,1981
2021-09-15,San Benito,069,59416,6936,6902,149,7051,67
2021-09-15,San Bernardino,071,2135413,337347,334556,10992,345548,5470
2021-09-15,San Diego,073,3302833,351055,346933,20400,367333,3983
2021-09-15,San Francisco,075,870044,49538,48999,2445,51444,605
2021-09-15,San Joaquin,077,732212,92603,91322,5082,96404,1607
2021-09-15,San Luis Obispo,079,281455,27299,26943,1094,28037,306
2021-09-15,San Mateo,081,765935,51122,50691,1251,51942,564
2021-09-15,Santa Barbara,083,443738,41627,41077,1591,42668,497
2021-09-15,Santa Clara,085,1922200,139607,138410,1132,139542,1833
2021-09-15,Santa Cruz,087,273765,19165,18984,1043,20027,210
2021-09-15,Shasta,089,179085,18002,17317,2986,20303,250
2021-09-15,Sierra,091,2930,127,123,15,138,0
2021-09-15,Siskiyou,093,43540,2937,2804,1041,3845,35
2021-09-15,Solano,095,438530,43217,42682,1100,43782,312
2021-09-15,Sonoma,097,501317,38964,38629,492,39121,369
2021-09-15,Stanislaus,099,539301,72020,70852,8333,79185,1091
2021-09-15,Sutter,101,95872,12897,12699,238,12937,151
2021-09-15,Tehama,103,63373,7109,6894,1186,8080,79
2021-09-15,Trinity,105,12862,625,541,173,714,7
2021-09-15,Tulare,107,460477,60453,59149,13006,72155,890
2021-09-15,Tuolumne,109,53932,6130,5969,66,6035,89
2021-09-15,Ventura,111,848112,93643,92960,4228,97188,1109
2021-09-15,Yolo,113,214977,18290,18064,966,19030,239
2021-09-15,Yuba,115,75493,9069,8953,202,9155,61
2021-09-14,Alameda,001,1643700,113536,112329,2747,115076,1316
2021-09-14,Alpine,003,1148,100,98,0,98,0
2021-09-14,Amador,005,37829,4893,4790,51,4841,57
2021-09-14,Butte,007,227075,18130,17516,3314,20830,226
2021-09-14,Calaveras,009,45235,3366,3280,32,3312,66
2021-09-14,Colusa,011,21464,2386,2344,541,2885,16
2021-09-14,Contra Costa,013,1133247,93729,92822,1955,94777,908
2021-09-14,Del Norte,015,27424,3386,3252,22,3274,32
2021-09-14,El Dorado,017,186661,14540,14247,1510,15757,123
2021-09-14,Fresno,019,978130,124946,123151,11327,134478,1856
2021-09-14,Glenn,021,27897,3100,3045,898,3943,20
2021-09-14,Humboldt,023,135768,7918,7717,393,8110,52
2021-09-14,Imperial,025,180216,31054,30845,3143,33988,752
2021-09-14,Inyo,027,18085,1644,1605,27,1632,39
2021-09-14,Kern,029,883053,115257,113250,18218,131468,1428
2021-09-14,Kings,031,150075,28446,27955,1732,29687,278
2021-09-14,Lake,033,64148,5993,5845,125,5970,83
2021-09-14,Lassen,035,31185,6156,5977,259,6236,25
2021-09-14,Los Angeles,037,10098052,1381589,1372831,53889,1426720,25729
2021-09-14,Madera,039,155013,20280,19800,1580,21380,254
2021-09-14,Marin,041,260295,16716,16584,394,16978,242
2021-09-14,Mariposa,043,17540,889,834,24,858,5
2021-09-14,Mendocino,045,87422,6553,6372,294,6666,65
2021-09-14,Merced,047,269075,37973,37430,1423,38853,526
2021-09-14,Modoc,049,8938,464,453,160,613,5
2021-09-14,Mono,051,14174,1471,1440,14,1454,4
2021-09-14,Monterey,053,433212,46533,46224,3071,49295,558
2021-09-14,Napa,055,140530,12194,12070,78,12148,91
2021-09-14,Nevada,057,99092,8201,8056,278,8334,83
2021-09-14,Orange,059,3164182,294374,291423,14320,305743,5319
2021-09-14,Placer,061,380077,33398,32735,3208,35943,350
2021-09-14,Plumas,063,18699,1210,1148,26,1174,5
2021-09-14,Riverside,065,2383286,341640,338534,16391,354925,4748
2021-09-14,Sacramento,067,1510023,145847,145051,3721,148772,1977
2021-09-14,San Benito,069,59416,6927,6887,148,7035,64
2021-09-14,San Bernardino,071,2135413,336854,333968,10967,344935,5465
2021-09-14,San Diego,073,3302833,350384,346204,20355,366559,3966
2021-09-14,San Francisco,075,870044,49416,48998,2430,51428,603
2021-09-14,San Joaquin,077,732212,92363,91128,5072,96200,1596
2021-09-14,San Luis Obispo,079,281455,27226,26845,1089,27934,304
2021-09-14,San Mateo,081,765935,51033,50602,1239,51841,564
2021-09-14,Santa Barbara,083,443738,41533,40783,1582,42365,495
2021-09-14,Santa Clara,085,1922200,139373,138321,1128,139449,1828
2021-09-14,Santa Cruz,087,273765,19125,18965,1041,20006,210
2021-09-14,Shasta,089,179085,17871,17152,2966,20118,246
2021-09-14,Sierra,091,2930,127,123,15,138,0
2021-09-14,Siskiyou,093,43540,2912,2756,1024,3780,35
2021-09-14,Solano,095,438530,43135,42599,1097,43696,307
2021-09-14,Sonoma,097,501317,38896,38595,488,39083,369
2021-09-14,Stanislaus,099,539301,71763,70697,8305,79002,1091
2021-09-14,Sutter,101,95872,12855,12670,231,12901,149
2021-09-14,Tehama,103,63373,7055,6859,1178,8037,80
2021-09-14,Trinity,105,12862,619,538,172,710,7
2021-09-14,Tulare,107,460477,60202,58961,12936,71897,888
2021-09-14,Tuolumne,109,53932,6109,5951,65,6016,89
2021-09-14,Ventura,111,848112,93463,92841,4212,97053,1107
2021-09-14,Yolo,113,214977,18246,18039,961,19000,239
2021-09-14,Yuba,115,75493,9033,8928,202,9130,61
2021-09-13,Alameda,001,1643700,113319,112159,2742,114901,1309
2021-09-13,Alpine,003,1148,99,98,0,98,0
2021-09-13,Amador,005,37829,4875,4761,51,4812,56
2021-09-13,Butte,007,227075,18006,17393,3287,20680,225
2021-09-13,Calaveras,009,45235,3336,3253,30,3283,65
2021-09-13,Colusa,011,21464,2376,2346,536,2882,16
2021-09-13,Contra Costa,013,1133247,93483,92658,1950,94608,908
2021-09-13,Del Norte,015,27424,3350,3232,22,3254,28
2021-09-13,El Dorado,017,186661,14480,14194,1501,15695,119
2021-09-13,Fresno,019,978130,124479,122650,11280,133930,1853
2021-09-13,Glenn,021,27897,3093,3026,889,3915,20
2021-09-13,Humboldt,023,135768,7886,7659,390,8049,52
2021-09-13,Imperial,025,180216,31002,30802,3140,33942,751
2021-09-13,Inyo,027,18085,1637,1602,27,1629,39
2021-09-13,Kern,029,883053,114876,112930,18092,131022,1424
2021-09-13,Kings,031,150075,28335,27858,1720,29578,275
2021-09-13,Lake,033,64148,5971,5809,125,5934,82
2021-09-13,Lassen,035,31185,6121,5953,258,6211,25
2021-09-13,Los Angeles,037,10098052,1379734,1371423,53820,1425243,25703
2021-09-13,Madera,039,155013,20209,19735,1573,21308,252
2021-09-13,Marin,041,260295,16681,16557,393,16950,242
2021-09-13,Mariposa,043,17540,875,825,24,849,5
2021-09-13,Mendocino,045,87422,6520,6323,284,6607,61
2021-09-13,Merced,047,269075,37822,37291,1418,38709,521
2021-09-13,Modoc,049,8938,463,451,160,611,5
2021-09-13,Mono,051,14174,1465,1435,14,1449,3
2021-09-13,Monterey,053,433212,46452,46188,3049,49237,558
2021-09-13,Napa,055,140530,12176,12039,78,12117,91
2021-09-13,Nevada,057,99092,8175,8021,276,8297,83
2021-09-13,Orange,059,3164182,293939,291128,14299,305427,5312
2021-09-13,Placer,061,380077,33232,32617,3191,35808,343
2021-09-13,Plumas,063,18699,1198,1142,26,1168,5
2021-09-13,Riverside,065,2383286,340997,337876,16372,354248,4731
2021-09-13,Sacramento,067,1510023,145359,144537,3688,148225,1956
2021-09-13,San Benito,069,59416,6912,6867,147,7014,64
2021-09-13,San Bernardino,071,2135413,336366,333613,10943,344556,5441
2021-09-13,San Diego,073,3302833,349595,345647,20305,365952,3961
2021-09-13,San Francisco,075,870044,49288,48914,2423,51337,603
2021-09-13,San Joaquin,077,732212,92080,90966,5054,96020,1581
2021-09-13,San Luis Obispo,079,281455,27129,26805,1086,27891,300
2021-09-13,San Mateo,081,765935,50953,50525,1225,51750,564
2021-09-13,Santa Barbara,083,443738,41416,40661,1575,42236,494
2021-09-13,Santa Clara,085,1922200,139127,138152,1122,139274,1820
2021-09-13,Santa Cruz,087,273765,19085,18917,1040,19957,210
2021-09-13,Shasta,089,179085,17744,17033,2925,19958,243
2021-09-13,Sierra,091,2930,127,123,15,138,0
2021-09-13,Siskiyou,093,43540,2897,2745,1012,3757,35
2021-09-13,Solano,095,438530,43036,42501,1093,43594,306
2021-09-13,Sonoma,097,501317,38829,38513,485,38998,368
2021-09-13,Stanislaus,099,539301,71513,70477,8266,78743,1091
2021-09-13,Sutter,101,95872,12797,12624,227,12851,145
2021-09-13,Tehama,103,63373,6992,6803,1166,7969,79
2021-09-13,Trinity,105,12862,617,533,170,703,7
2021-09-13,Tulare,107,460477,59918,58768,12870,71638,887
2021-09-13,Tuolumne,109,53932,6078,5909,65,5974,89
2021-09-13,Ventura,111,848112,93312,92679,4204,96883,1107
2021-09-13,Yolo,113,214977,18205,17974,956,18930,239
2021-09-13,Yuba,115,75493,8988,8884,201,9085,61
2021-09-12,Alameda,001,1643700,113057,111961,2738,114699,1309
2021-09-12,Alpine,003,1148,99,98,0,98,0
2021-09-12,Amador,005,37829,4854,4752,51,4803,56
2021-09-12,Butte,007,227075,17863,17257,3242,20499,221
2021-09-12,Calaveras,009,45235,3304,3236,26,3262,65
2021-09-12,Colusa,011,21464,2373,2344,535,2879,16
2021-09-12,Contra Costa,013,1133247,93216,92498,1938,94436,908
2021-09-12,Del Norte,015,27424,3316,3200,22,3222,28
2021-09-12,El Dorado,017,186661,14408,14167,1484,15651,119
2021-09-12,Fresno,019,978130,123964,122407,11237,133644,1853
2021-09-12,Glenn,021,27897,3073,3016,882,3898,20
2021-09-12,Humboldt,023,135768,7816,7636,379,8015,52
2021-09-12,Imperial,025,180216,30939,30790,3134,33924,751
2021-09-12,Inyo,027,18085,1627,1596,27,1623,39
2021-09-12,Kern,029,883053,114467,112602,17930,130532,1424
2021-09-12,Kings,031,150075,28225,27764,1703,29467,274
2021-09-12,Lake,033,64148,5932,5781,123,5904,82
2021-09-12,Lassen,035,31185,6084,5943,248,6191,25
2021-09-12,Los Angeles,037,10098052,1377687,1365968,53739,1419707,25630
2021-09-12,Madera,039,155013,20122,19691,1563,21254,252
2021-09-12,Marin,041,260295,16658,16526,393,16919,242
2021-09-12,Mariposa,043,17540,864,811,24,835,5
2021-09-12,Mendocino,045,87422,6479,6283,276,6559,61
2021-09-12,Merced,047,269075,37649,37172,1407,38579,521
2021-09-12,Modoc,049,8938,463,451,159,610,5
2021-09-12,Mono,051,14174,1455,1431,14,1445,3
2021-09-12,Monterey,053,433212,46372,46167,3021,49188,558
2021-09-12,Napa,055,140530,12146,12011,78,12089,91
2021-09-12,Nevada,057,99092,8136,7987,273,8260,83
2021-09-12,Orange,059,3164182,293480,290718,14274,304992,5312
2021-09-12,Placer,061,380077,33085,32520,3165,35685,343
2021-09-12,Plumas,063,18699,1183,1138,26,1164,5
2021-09-12,Riverside,065,2383286,340312,337332,16340,353672,4731
2021-09-12,Sacramento,067,1510023,144856,144030,3646,147676,1959
2021-09-12,San Benito,069,59416,6893,6852,146,6998,64
2021-09-12,San Bernardino,071,2135413,335757,333049,10929,343978,5439
2021-09-12,San Diego,073,3302833,348772,345058,20232,365290,3942
2021-09-12,San Francisco,075,870044,49177,48819,2415,51234,603
2021-09-12,San Joaquin,077,732212,91752,90730,5046,95776,1581
2021-09-12,San Luis Obispo,079,281455,27011,26729,1073,27802,299
2021-09-12,San Mateo,081,765935,50857,50432,1211,51643,564
2021-09-12,Santa Barbara,083,443738,41310,40600,1568,42168,494
2021-09-12,Santa Clara,085,1922200,138875,137899,1118,139017,1820
2021-09-12,Santa Cruz,087,273765,19053,18892,1039,19931,210
2021-09-12,Shasta,089,179085,17582,16957,2865,19822,243
2021-09-12,Sierra,091,2930,127,123,15,138,0
2021-09-12,Siskiyou,093,43540,2870,2730,997,3727,35
2021-09-12,Solano,095,438530,42932,42409,1088,43497,306
2021-09-12,Sonoma,097,501317,38754,38456,483,38939,368
2021-09-12,Stanislaus,099,539301,71216,70184,8228,78412,1091
2021-09-12,Sutter,101,95872,12755,12589,221,12810,145
2021-09-12,Tehama,103,63373,6928,6732,1154,7886,79
2021-09-12,Trinity,105,12862,613,529,168,697,7
2021-09-12,Tulare,107,460477,59563,58582,12805,71387,887
2021-09-12,Tuolumne,109,53932,6045,5888,65,5953,89
2021-09-12,Ventura,111,848112,93195,92496,4198,96694,1107
2021-09-12,Yolo,113,214977,18140,17943,948,18891,239
2021-09-12,Yuba,115,75493,8951,8842,201,9043,61
2021-09-11,Alameda,001,1643700,112931,111715,2736,114451,1309
2021-09-11,Alpine,003,1148,99,98,0,98,0
2021-09-11,Amador,005,37829,4841,4728,50,4778,56
2021-09-11,Butte,007,227075,17783,17218,3213,20431,221
2021-09-11,Calaveras,009,45235,3301,3208,25,3233,65
2021-09-11,Colusa,011,21464,2372,2338,532,2870,16
2021-09-11,Contra Costa,013,1133247,93098,92269,1933,94202,908
2021-09-11,Del Norte,015,27424,3300,3184,22,3206,28
2021-09-11,El Dorado,017,186661,14389,14117,1477,15594,119
2021-09-11,Fresno,019,978130,123785,122224,11214,133438,1853
2021-09-11,Glenn,021,27897,3069,3007,880,3887,20
2021-09-11,Humboldt,023,135768,7794,7615,376,7991,52
2021-09-11,Imperial,025,180216,30914,30760,3130,33890,751
2021-09-11,Inyo,027,18085,1624,1590,27,1617,39
2021-09-11,Kern,029,883053,114221,112205,17809,130014,1424
2021-09-11,Kings,031,150075,28176,27631,1697,29328,275
2021-09-11,Lake,033,64148,5912,5761,123,5884,82
2021-09-11,Lassen,035,31185,6069,5930,244,6174,25
2021-09-11,Los Angeles,037,10098052,1376727,1365831,53671,1419502,25630
2021-09-11,Madera,039,155013,20069,19648,1557,21205,252
2021-09-11,Marin,041,260295,16630,16496,392,16888,242
2021-09-11,Mariposa,043,17540,859,799,24,823,5
2021-09-11,Mendocino,045,87422,6455,6257,276,6533,61
2021-09-11,Merced,047,269075,37595,37042,1404,38446,521
2021-09-11,Modoc,049,8938,463,449,159,608,5
2021-09-11,Mono,051,14174,1451,1431,14,1445,3
2021-09-11,Monterey,053,433212,46341,46140,3013,49153,558
2021-09-11,Napa,055,140530,12123,11991,78,12069,91
2021-09-11,Nevada,057,99092,8121,7967,273,8240,83
2021-09-11,Orange,059,3164182,293181,290429,14257,304686,5306
2021-09-11,Placer,061,380077,33001,32414,3154,35568,344
2021-09-11,Plumas,063,18699,1179,1112,26,1138,5
2021-09-11,Riverside,065,2383286,339875,336585,16326,352911,4731
2021-09-11,Sacramento,067,1510023,144559,143557,3632,147189,1955
2021-09-11,San Benito,069,59416,6880,6844,146,6990,64
2021-09-11,San Bernardino,071,2135413,335414,332512,10917,343429,5430
2021-09-11,San Diego,073,3302833,348283,344355,20208,364563,3942
2021-09-11,San Francisco,075,870044,49122,48660,2409,51069,603
2021-09-11,San Joaquin,077,732212,91608,90482,5039,95521,1581
2021-09-11,San Luis Obispo,079,281455,26965,26651,1072,27723,299
2021-09-11,San Mateo,081,765935,50792,50341,1209,51550,564
2021-09-11,Santa Barbara,083,443738,41237,40451,1568,42019,494
2021-09-11,Santa Clara,085,1922200,138726,137659,1115,138774,1820
2021-09-11,Santa Cruz,087,273765,19024,18865,1039,19904,210
2021-09-11,Shasta,089,179085,17491,16877,2843,19720,243
2021-09-11,Sierra,091,2930,127,123,15,138,0
2021-09-11,Siskiyou,093,43540,2853,2717,994,3711,35
2021-09-11,Solano,095,438530,42881,42344,1085,43429,306
2021-09-11,Sonoma,097,501317,38708,38399,481,38880,368
2021-09-11,Stanislaus,099,539301,71091,69974,8213,78187,1091
2021-09-11,Sutter,101,95872,12729,12538,218,12756,145
2021-09-11,Tehama,103,63373,6907,6703,1146,7849,79
2021-09-11,Trinity,105,12862,606,526,168,694,7
2021-09-11,Tulare,107,460477,59451,58321,12758,71079,889
2021-09-11,Tuolumne,109,53932,6026,5879,62,5941,89
2021-09-11,Ventura,111,848112,93116,92328,4193,96521,1107
2021-09-11,Yolo,113,214977,18116,17906,943,18849,239
2021-09-11,Yuba,115,75493,8926,8813,201,9014,61
2021-09-10,Alameda,001,1643700,112741,111386,2735,114121,1306
2021-09-10,Alpine,003,1148,98,97,0,97,0
2021-09-10,Amador,005,37829,4829,4706,50,4756,56
2021-09-10,Butte,007,227075,17708,17051,3198,20249,222
2021-09-10,Calaveras,009,45235,3295,3183,25,3208,65
2021-09-10,Colusa,011,21464,2368,2327,529,2856,16
2021-09-10,Contra Costa,013,1133247,92977,92024,1931,93955,908
2021-09-10,Del Norte,015,27424,3285,3128,21,3149,28
2021-09-10,El Dorado,017,186661,14358,14051,1472,15523,119
2021-09-10,Fresno,019,978130,123463,121659,11196,132855,1846
2021-09-10,Glenn,021,27897,3064,2977,880,3857,20
2021-09-10,Humboldt,023,135768,7761,7543,372,7915,52
2021-09-10,Imperial,025,180216,30890,30716,3128,33844,751
2021-09-10,Inyo,027,18085,1620,1590,27,1617,39
2021-09-10,Kern,029,883053,113967,111832,17690,129522,1419
2021-09-10,Kings,031,150075,28102,27473,1689,29162,274
2021-09-10,Lake,033,64148,5896,5713,121,5834,79
2021-09-10,Lassen,035,31185,6061,5914,241,6155,25
2021-09-10,Los Angeles,037,10098052,1375521,1365709,53603,1419312,25630
2021-09-10,Madera,039,155013,20023,19520,1553,21073,252
2021-09-10,Marin,041,260295,16611,16458,389,16847,242
2021-09-10,Mariposa,043,17540,854,795,24,819,5
2021-09-10,Mendocino,045,87422,6424,6184,275,6459,61
2021-09-10,Merced,047,269075,37543,36884,1403,38287,521
2021-09-10,Modoc,049,8938,463,448,159,607,5
2021-09-10,Mono,051,14174,1448,1422,14,1436,3
2021-09-10,Monterey,053,433212,46314,46084,2994,49078,557
2021-09-10,Napa,055,140530,12099,11948,78,12026,90
2021-09-10,Nevada,057,99092,8103,7932,272,8204,83
2021-09-10,Orange,059,3164182,292879,290022,14248,304270,5302
2021-09-10,Placer,061,380077,32901,32264,3141,35405,343
2021-09-10,Plumas,063,18699,1173,1111,26,1137,5
2021-09-10,Riverside,065,2383286,339401,335988,16319,352307,4720
2021-09-10,Sacramento,067,1510023,144218,143244,3623,146867,1950
2021-09-10,San Benito,069,59416,6876,6824,146,6970,64
2021-09-10,San Bernardino,071,2135413,334994,331894,10907,342801,5422
2021-09-10,San Diego,073,3302833,347721,343173,20166,363339,3941
2021-09-10,San Francisco,075,870044,49045,48518,2400,50918,602
2021-09-10,San Joaquin,077,732212,91429,90208,5032,95240,1573
2021-09-10,San Luis Obispo,079,281455,26932,26526,1070,27596,299
2021-09-10,San Mateo,081,765935,50734,50251,1203,51454,564
2021-09-10,Santa Barbara,083,443738,41184,40321,1565,41886,492
2021-09-10,Santa Clara,085,1922200,138542,137337,1114,138451,1817
2021-09-10,Santa Cruz,087,273765,19005,18785,1038,19823,210
2021-09-10,Shasta,089,179085,17397,16667,2815,19482,242
2021-09-10,Sierra,091,2930,127,117,15,132,0
2021-09-10,Siskiyou,093,43540,2841,2702,990,3692,35
2021-09-10,Solano,095,438530,42808,42230,1077,43307,305
2021-09-10,Sonoma,097,501317,38651,38271,480,38751,368
2021-09-10,Stanislaus,099,539301,70933,69617,8190,77807,1091
2021-09-10,Sutter,101,95872,12695,12468,218,12686,145
2021-09-10,Tehama,103,63373,6874,6652,1140,7792,77
2021-09-10,Trinity,105,12862,602,524,168,692,7
2021-09-10,Tulare,107,460477,59305,57930,12712,70642,883
2021-09-10,Tuolumne,109,53932,6008,5842,61,5903,89
2021-09-10,Ventura,111,848112,93029,92145,4188,96333,1104
2021-09-10,Yolo,113,214977,18092,17825,938,18763,239
2021-09-10,Yuba,115,75493,8908,8760,200,8960,62
2021-09-09,Alameda,001,1643700,112526,111014,2727,113741,1306
2021-09-09,Alpine,003,1148,98,94,0,94,0
2021-09-09,Amador,005,37829,4808,4698,49,4747,56
2021-09-09,Butte,007,227075,17563,16874,3172,20046,221
2021-09-09,Calaveras,009,45235,3261,3165,25,3190,65
2021-09-09,Colusa,011,21464,2361,2321,527,2848,16
2021-09-09,Contra Costa,013,1133247,92768,91687,1926,93613,904
2021-09-09,Del Norte,015,27424,3262,3102,21,3123,28
2021-09-09,El Dorado,017,186661,14300,13970,1462,15432,119
2021-09-09,Fresno,019,978130,122990,121040,11164,132204,1838
2021-09-09,Glenn,021,27897,3051,2947,873,3820,20
2021-09-09,Humboldt,023,135768,7712,7471,365,7836,52
2021-09-09,Imperial,025,180216,30852,30661,3125,33786,751
2021-09-09,Inyo,027,18085,1613,1586,27,1613,39
2021-09-09,Kern,029,883053,113619,111390,17530,128920,1414
2021-09-09,Kings,031,150075,28001,27282,1678,28960,273
2021-09-09,Lake,033,64148,5872,5638,119,5757,79
2021-09-09,Lassen,035,31185,6011,5860,235,6095,25
2021-09-09,Los Angeles,037,10098052,1373664,1363735,53526,1417261,25583
2021-09-09,Madera,039,155013,19950,19401,1541,20942,252
2021-09-09,Marin,041,260295,16587,16416,386,16802,242
2021-09-09,Mariposa,043,17540,841,779,23,802,5
2021-09-09,Mendocino,045,87422,6392,6089,266,6355,61
2021-09-09,Merced,047,269075,37389,36634,1390,38024,516
2021-09-09,Modoc,049,8938,463,448,159,607,5
2021-09-09,Mono,051,14174,1442,1420,14,1434,3
2021-09-09,Monterey,053,433212,46272,45991,2971,48962,556
2021-09-09,Napa,055,140530,12068,11878,78,11956,90
2021-09-09,Nevada,057,99092,8065,7855,272,8127,82
2021-09-09,Orange,059,3164182,292474,289109,14216,303325,5299
2021-09-09,Placer,061,380077,32784,32048,3126,35174,342
2021-09-09,Plumas,063,18699,1163,1098,25,1123,5
2021-09-09,Riverside,065,2383286,338762,334774,16301,351075,4701
2021-09-09,Sacramento,067,1510023,143739,142728,3576,146304,1929
2021-09-09,San Benito,069,59416,6866,6820,145,6965,64
2021-09-09,San Bernardino,071,2135413,334433,331040,10895,341935,5417
2021-09-09,San Diego,073,3302833,346994,342149,20109,362258,3929
2021-09-09,San Francisco,075,870044,48935,48404,2387,50791,597
2021-09-09,San Joaquin,077,732212,91157,89874,5014,94888,1570
2021-09-09,San Luis Obispo,079,281455,26850,26472,1067,27539,296
2021-09-09,San Mateo,081,765935,50622,50143,1191,51334,561
2021-09-09,Santa Barbara,083,443738,41079,40180,1560,41740,490
2021-09-09,Santa Clara,085,1922200,138319,137017,1110,138127,1816
2021-09-09,Santa Cruz,087,273765,18959,18728,1038,19766,210
2021-09-09,Shasta,089,179085,17251,16401,2772,19173,238
2021-09-09,Sierra,091,2930,127,115,15,130,0
2021-09-09,Siskiyou,093,43540,2818,2683,976,3659,35
2021-09-09,Solano,095,438530,42700,42081,1073,43154,303
2021-09-09,Sonoma,097,501317,38584,38171,479,38650,360
2021-09-09,Stanislaus,099,539301,70647,69178,8156,77334,1074
2021-09-09,Sutter,101,95872,12640,12396,216,12612,144
2021-09-09,Tehama,103,63373,6820,6554,1135,7689,75
2021-09-09,Trinity,105,12862,596,523,166,689,6
2021-09-09,Tulare,107,460477,59062,57564,12652,70216,879
2021-09-09,Tuolumne,109,53932,5980,5802,60,5862,89
2021-09-09,Ventura,111,848112,92886,91610,4179,95789,1098
2021-09-09,Yolo,113,214977,18036,17724,935,18659,239
2021-09-09,Yuba,115,75493,8863,8707,197,8904,55
2021-09-08,Alameda,001,1643700,112272,110781,2723,113504,1305
2021-09-08,Alpine,003,1148,98,94,0,94,0
2021-09-08,Amador,005,37829,4796,4693,49,4742,56
2021-09-08,Butte,007,227075,17430,16775,3154,19929,220
2021-09-08,Calaveras,009,45235,3242,3157,25,3182,63
2021-09-08,Colusa,011,21464,2359,2308,525,2833,16
2021-09-08,Contra Costa,013,1133247,92498,91471,1921,93392,900
2021-09-08,Del Norte,015,27424,3238,3085,21,3106,25
2021-09-08,El Dorado,017,186661,14220,13928,1440,15368,119
2021-09-08,Fresno,019,978130,122499,120644,11114,131758,1831
2021-09-08,Glenn,021,27897,3032,2942,861,3803,20
2021-09-08,Humboldt,023,135768,7669,7438,356,7794,52
2021-09-08,Imperial,025,180216,30819,30609,3112,33721,751
2021-09-08,Inyo,027,18085,1602,1580,27,1607,39
2021-09-08,Kern,029,883053,113224,110933,17389,128322,1409
2021-09-08,Kings,031,150075,27872,27235,1663,28898,267
2021-09-08,Lake,033,64148,5842,5618,117,5735,79
2021-09-08,Lassen,035,31185,5994,5848,227,6075,25
2021-09-08,Los Angeles,037,10098052,1371601,1362029,53436,1415465,25533
2021-09-08,Madera,039,155013,19890,19352,1528,20880,252
2021-09-08,Marin,041,260295,16559,16386,385,16771,242
2021-09-08,Mariposa,043,17540,829,777,22,799,5
2021-09-08,Mendocino,045,87422,6347,6069,257,6326,61
2021-09-08,Merced,047,269075,37228,36500,1378,37878,516
2021-09-08,Modoc,049,8938,463,448,159,607,5
2021-09-08,Mono,051,14174,1439,1418,14,1432,3
2021-09-08,Monterey,053,433212,46234,45959,2953,48912,554
2021-09-08,Napa,055,140530,12033,11842,76,11918,90
2021-09-08,Nevada,057,99092,8029,7843,271,8114,82
2021-09-08,Orange,059,3164182,292072,288511,14192,302703,5290
2021-09-08,Placer,061,380077,32647,31852,3109,34961,337
2021-09-08,Plumas,063,18699,1156,1072,24,1096,5
2021-09-08,Riverside,065,2383286,338003,334037,16273,350310,4683
2021-09-08,Sacramento,067,1510023,143262,142448,3525,145973,1921
2021-09-08,San Benito,069,59416,6849,6800,144,6944,64
2021-09-08,San Bernardino,071,2135413,333830,330279,10879,341158,5411
2021-09-08,San Diego,073,3302833,346058,341437,20063,361500,3926
2021-09-08,San Francisco,075,870044,48796,48263,2384,50647,589
2021-09-08,San Joaquin,077,732212,90879,89631,4990,94621,1561
2021-09-08,San Luis Obispo,079,281455,26757,26303,1062,27365,294
2021-09-08,San Mateo,081,765935,50525,50051,1188,51239,561
2021-09-08,Santa Barbara,083,443738,40968,40000,1556,41556,490
2021-09-08,Santa Clara,085,1922200,138088,136836,1104,137940,1810
2021-09-08,Santa Cruz,087,273765,18922,18699,1038,19737,210
2021-09-08,Shasta,089,179085,17096,16227,2728,18955,234
2021-09-08,Sierra,091,2930,127,113,15,128,0
2021-09-08,Siskiyou,093,43540,2785,2643,965,3608,35
2021-09-08,Solano,095,438530,42611,41971,1070,43041,302
2021-09-08,Sonoma,097,501317,38502,38075,478,38553,360
2021-09-08,Stanislaus,099,539301,70402,68945,8118,77063,1074
2021-09-08,Sutter,101,95872,12575,12349,213,12562,144
2021-09-08,Tehama,103,63373,6753,6520,1118,7638,75
2021-09-08,Trinity,105,12862,593,520,162,682,6
2021-09-08,Tulare,107,460477,58738,57425,12595,70020,876
2021-09-08,Tuolumne,109,53932,5947,5783,58,5841,89
2021-09-08,Ventura,111,848112,92736,91345,4161,95506,1096
2021-09-08,Yolo,113,214977,17955,17680,930,18610,239
2021-09-08,Yuba,115,75493,8821,8675,195,8870,55
2021-09-07,Alameda,001,1643700,111970,110550,2716,113266,1301
2021-09-07,Alpine,003,1148,97,94,0,94,0
2021-09-07,Amador,005,37829,4769,4679,49,4728,53
2021-09-07,Butte,007,227075,17274,16723,3118,19841,220
2021-09-07,Calaveras,009,45235,3201,3140,23,3163,63
2021-09-07,Colusa,011,21464,2348,2306,524,2830,16
2021-09-07,Contra Costa,013,1133247,92238,91167,1915,93082,891
2021-09-07,Del Norte,015,27424,3224,3081,21,3102,24
2021-09-07,El Dorado,017,186661,14149,13892,1424,15316,119
2021-09-07,Fresno,019,978130,121951,120268,11061,131329,1828
2021-09-07,Glenn,021,27897,3012,2937,853,3790,20
2021-09-07,Humboldt,023,135768,7609,7397,339,7736,52
2021-09-07,Imperial,025,180216,30780,30584,3104,33688,751
2021-09-07,Inyo,027,18085,1596,1579,26,1605,39
2021-09-07,Kern,029,883053,112793,110674,17224,127898,1408
2021-09-07,Kings,031,150075,27748,27169,1645,28814,267
2021-09-07,Lake,033,64148,5800,5597,109,5706,78
2021-09-07,Lassen,035,31185,5976,5842,221,6063,21
2021-09-07,Los Angeles,037,10098052,1369378,1360407,53338,1413745,25486
2021-09-07,Madera,039,155013,19803,19316,1522,20838,249
2021-09-07,Marin,041,260295,16521,16363,385,16748,242
2021-09-07,Mariposa,043,17540,814,771,22,793,5
2021-09-07,Mendocino,045,87422,6290,6036,246,6282,61
2021-09-07,Merced,047,269075,37054,36400,1373,37773,513
2021-09-07,Modoc,049,8938,461,449,159,608,5
2021-09-07,Mono,051,14174,1430,1416,14,1430,3
2021-09-07,Monterey,053,433212,46168,45911,2922,48833,543
2021-09-07,Napa,055,140530,11992,11814,76,11890,90
2021-09-07,Nevada,057,99092,8001,7829,271,8100,82
2021-09-07,Orange,059,3164182,291646,288225,14161,302386,5274
2021-09-07,Placer,061,380077,32494,31710,3080,34790,337
2021-09-07,Plumas,063,18699,1141,1071,24,1095,5
2021-09-07,Riverside,065,2383286,337217,333390,16254,349644,4666
2021-09-07,Sacramento,067,1510023,142724,142364,3478,145842,1905
2021-09-07,San Benito,069,59416,6831,6786,144,6930,64
2021-09-07,San Bernardino,071,2135413,333091,329962,10851,340813,5407
2021-09-07,San Diego,073,3302833,345048,340709,19999,360708,3922
2021-09-07,San Francisco,075,870044,48658,48175,2376,50551,589
2021-09-07,San Joaquin,077,732212,90546,89468,4975,94443,1548
2021-09-07,San Luis Obispo,079,281455,26639,26253,1053,27306,287
2021-09-07,San Mateo,081,765935,50437,49913,1182,51095,561
2021-09-07,Santa Barbara,083,443738,40843,39957,1551,41508,489
2021-09-07,Santa Clara,085,1922200,137803,136631,1097,137728,1807
2021-09-07,Santa Cruz,087,273765,18873,18669,1035,19704,210
2021-09-07,Shasta,089,179085,16941,16096,2674,18770,226
2021-09-07,Sierra,091,2930,127,111,15,126,0
2021-09-07,Siskiyou,093,43540,2760,2607,947,3554,34
2021-09-07,Solano,095,438530,42491,41862,1066,42928,300
2021-09-07,Sonoma,097,501317,38418,38013,475,38488,358
2021-09-07,Stanislaus,099,539301,70116,68831,8095,76926,1074
2021-09-07,Sutter,101,95872,12501,12310,207,12517,138
2021-09-07,Tehama,103,63373,6701,6482,1097,7579,74
2021-09-07,Trinity,105,12862,587,517,162,679,6
2021-09-07,Tulare,107,460477,58389,57228,12513,69741,874
2021-09-07,Tuolumne,109,53932,5910,5759,58,5817,88
2021-09-07,Ventura,111,848112,92526,91246,4150,95396,1093
2021-09-07,Yolo,113,214977,17886,17653,925,18578,235
2021-09-07,Yuba,115,75493,8778,8642,190,8832,55
2021-09-06,Alameda,001,1643700,111661,110357,2707,113064,1301
2021-09-06,Alpine,003,1148,95,94,0,94,0
2021-09-06,Amador,005,37829,4753,4648,48,4696,53
2021-09-06,Butte,007,227075,17082,16588,3074,19662,218
2021-09-06,Calaveras,009,45235,3183,3122,23,3145,63
2021-09-06,Colusa,011,21464,2341,2306,519,2825,16
2021-09-06,Contra Costa,013,1133247,91945,90971,1905,92876,891
2021-09-06,Del Norte,015,27424,3183,3037,20,3057,24
2021-09-06,El Dorado,017,186661,14080,13848,1408,15256,119
2021-09-06,Fresno,019,978130,121384,119738,11002,130740,1828
2021-09-06,Glenn,021,27897,2979,2912,838,3750,20
2021-09-06,Humboldt,023,135768,7532,7320,321,7641,52
2021-09-06,Imperial,025,180216,30717,30576,3098,33674,751
2021-09-06,Inyo,027,18085,1590,1578,11,1589,39
2021-09-06,Kern,029,883053,112286,110347,17031,127378,1408
2021-09-06,Kings,031,150075,27608,27094,1627,28721,264
2021-09-06,Lake,033,64148,5736,5548,102,5650,78
2021-09-06,Lassen,035,31185,5950,5822,210,6032,21
2021-09-06,Los Angeles,037,10098052,1367008,1359348,53219,1412567,25477
2021-09-06,Madera,039,155013,19700,19191,1503,20694,249
2021-09-06,Marin,041,260295,16481,16356,385,16741,242
2021-09-06,Mariposa,043,17540,802,764,22,786,5
2021-09-06,Mendocino,045,87422,6223,5984,232,6216,61
2021-09-06,Merced,047,269075,36837,36300,1364,37664,513
2021-09-06,Modoc,049,8938,458,449,159,608,5
2021-09-06,Mono,051,14174,1427,1416,14,1430,3
2021-09-06,Monterey,053,433212,46104,45833,2877,48710,541
2021-09-06,Napa,055,140530,11949,11792,75,11867,90
2021-09-06,Nevada,057,99092,7953,7748,269,8017,82
2021-09-06,Orange,059,3164182,291150,287948,14107,302055,5274
2021-09-06,Placer,061,380077,32319,31595,3040,34635,337
2021-09-06,Plumas,063,18699,1120,1068,21,1089,5
2021-09-06,Riverside,065,2383286,336399,333052,16233,349285,4666
2021-09-06,Sacramento,067,1510023,142087,141730,3406,145136,1905
2021-09-06,San Benito,069,59416,6808,6777,141,6918,64
2021-09-06,San Bernardino,071,2135413,332209,329693,10820,340513,5398
2021-09-06,San Diego,073,3302833,344032,340222,19903,360125,3922
2021-09-06,San Francisco,075,870044,48524,48120,2370,50490,589
2021-09-06,San Joaquin,077,732212,90204,89293,4950,94243,1548
2021-09-06,San Luis Obispo,079,281455,26511,26183,1050,27233,286
2021-09-06,San Mateo,081,765935,50326,49859,1165,51024,561
2021-09-06,Santa Barbara,083,443738,40714,39876,1542,41418,489
2021-09-06,Santa Clara,085,1922200,137516,136458,1094,137552,1807
2021-09-06,Santa Cruz,087,273765,18821,18615,1032,19647,210
2021-09-06,Shasta,089,179085,16763,15985,2619,18604,226
2021-09-06,Sierra,091,2930,127,109,15,124,0
2021-09-06,Siskiyou,093,43540,2716,2595,913,3508,34
2021-09-06,Solano,095,438530,42352,41774,1060,42834,300
2021-09-06,Sonoma,097,501317,38302,37929,474,38403,358
2021-09-06,Stanislaus,099,539301,69742,68596,8047,76643,1074
2021-09-06,Sutter,101,95872,12439,12238,198,12436,138
2021-09-06,Tehama,103,63373,6639,6413,1070,7483,74
2021-09-06,Trinity,105,12862,584,515,160,675,6
2021-09-06,Tulare,107,460477,58035,57068,12432,69500,874
2021-09-06,Tuolumne,109,53932,5875,5697,58,5755,88
2021-09-06,Ventura,111,848112,92352,91132,4139,95271,1093
2021-09-06,Yolo,113,214977,17804,17576,919,18495,235
2021-09-06,Yuba,115,75493,8728,8584,186,8770,55
2021-09-05,Alameda,001,1643700,111471,110173,2704,112877,1301
2021-09-05,Alpine,003,1148,95,94,0,94,0
2021-09-05,Amador,005,37829,4741,4642,48,4690,53
2021-09-05,Butte,007,227075,16992,16504,3046,19550,218
2021-09-05,Calaveras,009,45235,3176,3106,23,3129,63
2021-09-05,Colusa,011,21464,2333,2305,517,2822,16
2021-09-05,Contra Costa,013,1133247,91761,90862,1899,92761,891
2021-09-05,Del Norte,015,27424,3162,3023,20,3043,24
2021-09-05,El Dorado,017,186661,14051,13827,1394,15221,119
2021-09-05,Fresno,019,978130,121087,119384,10968,130352,1828
2021-09-05,Glenn,021,27897,2971,2899,835,3734,20
2021-09-05,Humboldt,023,135768,7499,7312,318,7630,52
2021-09-05,Imperial,025,180216,30688,30548,3096,33644,751
2021-09-05,Inyo,027,18085,1587,1572,11,1583,39
2021-09-05,Kern,029,883053,111990,110073,16866,126939,1408
2021-09-05,Kings,031,150075,27531,26989,1623,28612,264
2021-09-05,Lake,033,64148,5716,5525,102,5627,78
2021-09-05,Lassen,035,31185,5928,5820,206,6026,21
2021-09-05,Los Angeles,037,10098052,1365726,1357748,53143,1410891,25465
2021-09-05,Madera,039,155013,19657,19155,1494,20649,249
2021-09-05,Marin,041,260295,16462,16342,384,16726,242
2021-09-05,Mariposa,043,17540,798,761,22,783,5
2021-09-05,Mendocino,045,87422,6189,5965,232,6197,61
2021-09-05,Merced,047,269075,36761,36243,1363,37606,513
2021-09-05,Modoc,049,8938,458,447,159,606,5
2021-09-05,Mono,051,14174,1427,1416,14,1430,3
2021-09-05,Monterey,053,433212,46080,45795,2864,48659,540
2021-09-05,Napa,055,140530,11924,11770,75,11845,90
2021-09-05,Nevada,057,99092,7931,7722,268,7990,82
2021-09-05,Orange,059,3164182,290865,287614,14090,301704,5274
2021-09-05,Placer,061,380077,32191,31487,3026,34513,337
2021-09-05,Plumas,063,18699,1113,1067,21,1088,5
2021-09-05,Riverside,065,2383286,335948,332604,16222,348826,4654
2021-09-05,Sacramento,067,1510023,141654,141276,3384,144660,1905
2021-09-05,San Benito,069,59416,6807,6764,141,6905,64
2021-09-05,San Bernardino,071,2135413,331826,329062,10805,339867,5392
2021-09-05,San Diego,073,3302833,343474,339427,19867,359294,3914
2021-09-05,San Francisco,075,870044,48446,48035,2365,50400,589
2021-09-05,San Joaquin,077,732212,90040,89121,4933,94054,1548
2021-09-05,San Luis Obispo,079,281455,26463,26098,1049,27147,285
2021-09-05,San Mateo,081,765935,50262,49809,1159,50968,561
2021-09-05,Santa Barbara,083,443738,40647,39762,1540,41302,489
2021-09-05,Santa Clara,085,1922200,137306,136146,1092,137238,1807
2021-09-05,Santa Cruz,087,273765,18801,18588,1030,19618,210
2021-09-05,Shasta,089,179085,16681,15960,2593,18553,226
2021-09-05,Sierra,091,2930,126,109,15,124,0
2021-09-05,Siskiyou,093,43540,2700,2585,898,3483,34
2021-09-05,Solano,095,438530,42257,41687,1055,42742,300
2021-09-05,Sonoma,097,501317,38221,37881,473,38354,358
2021-09-05,Stanislaus,099,539301,69593,68434,8023,76457,1074
2021-09-05,Sutter,101,95872,12409,12179,192,12371,138
2021-09-05,Tehama,103,63373,6614,6400,1064,7464,74
2021-09-05,Trinity,105,12862,577,505,159,664,6
2021-09-05,Tulare,107,460477,57868,56915,12387,69302,874
2021-09-05,Tuolumne,109,53932,5863,5688,58,5746,88
2021-09-05,Ventura,111,848112,92217,91004,4135,95139,1093
2021-09-05,Yolo,113,214977,17769,17557,913,18470,235
2021-09-05,Yuba,115,75493,8703,8521,184,8705,55
2021-09-04,Alameda,001,1643700,111347,109944,2697,112641,1301
2021-09-04,Alpine,003,1148,95,94,0,94,0
2021-09-04,Amador,005,37829,4723,4637,47,4684,53
2021-09-04,Butte,007,227075,16935,16403,3030,19433,218
2021-09-04,Calaveras,009,45235,3165,3087,22,3109,63
2021-09-04,Colusa,011,21464,2331,2301,517,2818,16
2021-09-04,Contra Costa,013,1133247,91648,90623,1896,92519,891
2021-09-04,Del Norte,015,27424,3151,2984,20,3004,24
2021-09-04,El Dorado,017,186661,14025,13782,1386,15168,119
2021-09-04,Fresno,019,978130,120894,119033,10952,129985,1828
2021-09-04,Glenn,021,27897,2966,2878,831,3709,20
2021-09-04,Humboldt,023,135768,7468,7298,312,7610,52
2021-09-04,Imperial,025,180216,30665,30526,3094,33620,751
2021-09-04,Inyo,027,18085,1585,1571,11,1582,39
2021-09-04,Kern,029,883053,111745,109751,16735,126486,1408
2021-09-04,Kings,031,150075,27443,26896,1617,28513,263
2021-09-04,Lake,033,64148,5698,5507,102,5609,78
2021-09-04,Lassen,035,31185,5913,5814,198,6012,21
2021-09-04,Los Angeles,037,10098052,1364787,1355634,53081,1408715,25454
2021-09-04,Madera,039,155013,19624,19112,1488,20600,249
2021-09-04,Marin,041,260295,16446,16319,383,16702,242
2021-09-04,Mariposa,043,17540,793,759,22,781,5
2021-09-04,Mendocino,045,87422,6153,5933,232,6165,61
2021-09-04,Merced,047,269075,36716,36083,1360,37443,513
2021-09-04,Modoc,049,8938,458,447,159,606,5
2021-09-04,Mono,051,14174,1427,1417,14,1431,3
2021-09-04,Monterey,053,433212,46058,45756,2851,48607,540
2021-09-04,Napa,055,140530,11899,11760,73,11833,90
2021-09-04,Nevada,057,99092,7916,7691,267,7958,82
2021-09-04,Orange,059,3164182,290602,287244,14069,301313,5274
2021-09-04,Placer,061,380077,32086,31374,3009,34383,337
2021-09-04,Plumas,063,18699,1105,1067,21,1088,5
2021-09-04,Riverside,065,2383286,335478,331958,16210,348168,4654
2021-09-04,Sacramento,067,1510023,141363,140735,3375,144110,1896
2021-09-04,San Benito,069,59416,6798,6758,141,6899,64
2021-09-04,San Bernardino,071,2135413,331494,328425,10792,339217,5393
2021-09-04,San Diego,073,3302833,343040,338748,19845,358593,3914
2021-09-04,San Francisco,075,870044,48375,47937,2352,50289,589
2021-09-04,San Joaquin,077,732212,89925,88846,4923,93769,1548
2021-09-04,San Luis Obispo,079,281455,26432,26020,1049,27069,285
2021-09-04,San Mateo,081,765935,50215,49721,1150,50871,560
2021-09-04,Santa Barbara,083,443738,40581,39667,1538,41205,489
2021-09-04,Santa Clara,085,1922200,137120,135845,1089,136934,1806
2021-09-04,Santa Cruz,087,273765,18783,18579,1026,19605,210
2021-09-04,Shasta,089,179085,16604,15924,2567,18491,226
2021-09-04,Sierra,091,2930,124,108,15,123,0
2021-09-04,Siskiyou,093,43540,2675,2563,886,3449,34
2021-09-04,Solano,095,438530,42184,41614,1053,42667,300
2021-09-04,Sonoma,097,501317,38188,37809,473,38282,358
2021-09-04,Stanislaus,099,539301,69435,68210,7999,76209,1074
2021-09-04,Sutter,101,95872,12368,12137,191,12328,138
2021-09-04,Tehama,103,63373,6589,6367,1046,7413,74
2021-09-04,Trinity,105,12862,575,497,159,656,6
2021-09-04,Tulare,107,460477,57761,56719,12344,69063,874
2021-09-04,Tuolumne,109,53932,5845,5667,56,5723,88
2021-09-04,Ventura,111,848112,92082,90904,4132,95036,1090
2021-09-04,Yolo,113,214977,17735,17522,909,18431,235
2021-09-04,Yuba,115,75493,8675,8475,183,8658,55
2021-09-03,Alameda,001,1643700,111204,109636,2696,112332,1301
2021-09-03,Alpine,003,1148,95,94,0,94,0
2021-09-03,Amador,005,37829,4701,4614,47,4661,53
2021-09-03,Butte,007,227075,16845,16259,3004,19263,215
2021-09-03,Calaveras,009,45235,3155,3069,22,3091,63
2021-09-03,Colusa,011,21464,2326,2295,516,2811,16
2021-09-03,Contra Costa,013,1133247,91497,90299,1893,92192,886
2021-09-03,Del Norte,015,27424,3123,2943,19,2962,24
2021-09-03,El Dorado,017,186661,13992,13710,1382,15092,119
2021-09-03,Fresno,019,978130,120562,118508,10937,129445,1822
2021-09-03,Glenn,021,27897,2960,2867,824,3691,20
2021-09-03,Humboldt,023,135768,7444,7194,307,7501,52
2021-09-03,Imperial,025,180216,30642,30475,3089,33564,751
2021-09-03,Inyo,027,18085,1580,1567,11,1578,39
2021-09-03,Kern,029,883053,111531,109296,16620,125916,1407
2021-09-03,Kings,031,150075,27361,26753,1612,28365,263
2021-09-03,Lake,033,64148,5678,5479,100,5579,78
2021-09-03,Lassen,035,31185,5896,5789,193,5982,21
2021-09-03,Los Angeles,037,10098052,1363461,1351185,53014,1404199,25384
2021-09-03,Madera,039,155013,19541,19021,1481,20502,247
2021-09-03,Marin,041,260295,16424,16293,382,16675,242
2021-09-03,Mariposa,043,17540,785,753,22,775,5
2021-09-03,Mendocino,045,87422,6118,5891,231,6122,61
2021-09-03,Merced,047,269075,36662,35941,1351,37292,512
2021-09-03,Modoc,049,8938,458,445,159,604,5
2021-09-03,Mono,051,14174,1426,1410,14,1424,3
2021-09-03,Monterey,053,433212,46031,45707,2836,48543,540
2021-09-03,Napa,055,140530,11878,11733,73,11806,89
2021-09-03,Nevada,057,99092,7883,7632,266,7898,82
2021-09-03,Orange,059,3164182,290283,286818,14040,300858,5253
2021-09-03,Placer,061,380077,31980,31238,2984,34222,335
2021-09-03,Plumas,063,18699,1095,1057,21,1078,5
2021-09-03,Riverside,065,2383286,334946,331011,16194,347205,4653
2021-09-03,Sacramento,067,1510023,140994,139982,3356,143338,1886
2021-09-03,San Benito,069,59416,6792,6746,141,6887,64
2021-09-03,San Bernardino,071,2135413,331086,327599,10782,338381,5381
2021-09-03,San Diego,073,3302833,342418,337627,19814,357441,3911
2021-09-03,San Francisco,075,870044,48302,47822,2343,50165,589
2021-09-03,San Joaquin,077,732212,89772,88366,4915,93281,1540
2021-09-03,San Luis Obispo,079,281455,26357,25917,1047,26964,283
2021-09-03,San Mateo,081,765935,50134,49617,1135,50752,560
2021-09-03,Santa Barbara,083,443738,40515,39507,1535,41042,489
2021-09-03,Santa Clara,085,1922200,136914,135522,1085,136607,1801
2021-09-03,Santa Cruz,087,273765,18758,18532,1026,19558,210
2021-09-03,Shasta,089,179085,16529,15778,2543,18321,226
2021-09-03,Sierra,091,2930,122,105,15,120,0
2021-09-03,Siskiyou,093,43540,2662,2529,873,3402,34
2021-09-03,Solano,095,438530,42109,41457,1050,42507,300
2021-09-03,Sonoma,097,501317,38126,37699,473,38172,358
2021-09-03,Stanislaus,099,539301,69259,67887,7972,75859,1074
2021-09-03,Sutter,101,95872,12329,12073,190,12263,139
2021-09-03,Tehama,103,63373,6551,6334,1038,7372,72
2021-09-03,Trinity,105,12862,574,490,154,644,6
2021-09-03,Tulare,107,460477,57634,56401,12291,68692,872
2021-09-03,Tuolumne,109,53932,5803,5630,56,5686,88
2021-09-03,Ventura,111,848112,91948,90742,4128,94870,1088
2021-09-03,Yolo,113,214977,17712,17446,903,18349,235
2021-09-03,Yuba,115,75493,8644,8412,182,8594,55
2021-09-02,Alameda,001,1643700,110951,109377,2692,112069,1301
2021-09-02,Alpine,003,1148,94,92,0,92,0
2021-09-02,Amador,005,37829,4685,4606,47,4653,53
2021-09-02,Butte,007,227075,16721,16154,2984,19138,215
2021-09-02,Calaveras,009,45235,3144,3042,21,3063,62
2021-09-02,Colusa,011,21464,2323,2290,514,2804,16
2021-09-02,Contra Costa,013,1133247,91317,90038,1885,91923,886
2021-09-02,Del Norte,015,27424,3092,2891,19,2910,24
2021-09-02,El Dorado,017,186661,13934,13641,1354,14995,119
2021-09-02,Fresno,019,978130,120076,117974,10900,128874,1804
2021-09-02,Glenn,021,27897,2937,2855,819,3674,20
2021-09-02,Humboldt,023,135768,7397,7141,295,7436,52
2021-09-02,Imperial,025,180216,30598,30449,3085,33534,751
2021-09-02,Inyo,027,18085,1575,1564,10,1574,39
2021-09-02,Kern,029,883053,111120,108930,16473,125403,1404
2021-09-02,Kings,031,150075,27269,26638,1602,28240,263
2021-09-02,Lake,033,64148,5648,5432,95,5527,78
2021-09-02,Lassen,035,31185,5882,5747,186,5933,21
2021-09-02,Los Angeles,037,10098052,1361606,1351105,52920,1404025,25382
2021-09-02,Madera,039,155013,19450,18937,1465,20402,247
2021-09-02,Marin,041,260295,16411,16244,380,16624,242
2021-09-02,Mariposa,043,17540,779,745,19,764,5
2021-09-02,Mendocino,045,87422,6077,5848,228,6076,61
2021-09-02,Merced,047,269075,36500,35820,1343,37163,508
2021-09-02,Modoc,049,8938,458,437,159,596,5
2021-09-02,Mono,051,14174,1426,1409,14,1423,3
2021-09-02,Monterey,053,433212,45979,45648,2809,48457,539
2021-09-02,Napa,055,140530,11849,11684,73,11757,88
2021-09-02,Nevada,057,99092,7831,7575,265,7840,82
2021-09-02,Orange,059,3164182,289826,286326,14003,300329,5240
2021-09-02,Placer,061,380077,31843,31067,2954,34021,330
2021-09-02,Plumas,063,18699,1084,1045,20,1065,5
2021-09-02,Riverside,065,2383286,334234,330190,16168,346358,4644
2021-09-02,Sacramento,067,1510023,140411,139274,3316,142590,1882
2021-09-02,San Benito,069,59416,6787,6734,140,6874,64
2021-09-02,San Bernardino,071,2135413,330479,326940,10707,337647,5369
2021-09-02,San Diego,073,3302833,341450,336382,19762,356144,3909
2021-09-02,San Francisco,075,870044,48195,47674,2337,50011,587
2021-09-02,San Joaquin,077,732212,89487,88056,4890,92946,1540
2021-09-02,San Luis Obispo,079,281455,26274,25851,1042,26893,283
2021-09-02,San Mateo,081,765935,50045,49490,1121,50611,558
2021-09-02,Santa Barbara,083,443738,40425,39386,1521,40907,486
2021-09-02,Santa Clara,085,1922200,136613,135216,1080,136296,1799
2021-09-02,Santa Cruz,087,273765,18725,18473,1024,19497,210
2021-09-02,Shasta,089,179085,16392,15670,2512,18182,224
2021-09-02,Sierra,091,2930,122,105,15,120,0
2021-09-02,Siskiyou,093,43540,2643,2513,843,3356,34
2021-09-02,Solano,095,438530,42003,41293,1047,42340,294
2021-09-02,Sonoma,097,501317,38048,37558,473,38031,352
2021-09-02,Stanislaus,099,539301,69002,67576,7950,75526,1074
2021-09-02,Sutter,101,95872,12259,11995,186,12181,138
2021-09-02,Tehama,103,63373,6492,6265,1019,7284,72
2021-09-02,Trinity,105,12862,570,484,152,636,6
2021-09-02,Tulare,107,460477,57407,56105,12236,68341,872
2021-09-02,Tuolumne,109,53932,5748,5578,56,5634,88
2021-09-02,Ventura,111,848112,91766,90610,4123,94733,1084
2021-09-02,Yolo,113,214977,17643,17357,892,18249,235
2021-09-02,Yuba,115,75493,8585,8363,182,8545,55
2021-09-01,Alameda,001,1643700,110682,109075,2687,111762,1299
2021-09-01,Alpine,003,1148,94,92,0,92,0
2021-09-01,Amador,005,37829,4669,4599,46,4645,53
2021-09-01,Butte,007,227075,16607,16046,2958,19004,215
2021-09-01,Calaveras,009,45235,3130,3023,21,3044,59
2021-09-01,Colusa,011,21464,2318,2281,514,2795,16
2021-09-01,Contra Costa,013,1133247,91090,89834,1874,91708,877
2021-09-01,Del Norte,015,27424,3059,2860,19,2879,24
2021-09-01,El Dorado,017,186661,13879,13577,1326,14903,119
2021-09-01,Fresno,019,978130,119590,117492,10849,128341,1800
2021-09-01,Glenn,021,27897,2910,2846,809,3655,20
2021-09-01,Humboldt,023,135768,7349,7090,288,7378,52
2021-09-01,Imperial,025,180216,30561,30393,3080,33473,750
2021-09-01,Inyo,027,18085,1572,1561,8,1569,39
2021-09-01,Kern,029,883053,110697,108449,16329,124778,1400
2021-09-01,Kings,031,150075,27156,26443,1590,28033,263
2021-09-01,Lake,033,64148,5606,5396,90,5486,77
2021-09-01,Lassen,035,31185,5860,5731,182,5913,21
2021-09-01,Los Angeles,037,10098052,1359386,1348589,52808,1401397,25341
2021-09-01,Madera,039,155013,19372,18852,1451,20303,247
2021-09-01,Marin,041,260295,16389,16224,375,16599,240
2021-09-01,Mariposa,043,17540,771,735,19,754,5
2021-09-01,Mendocino,045,87422,6037,5821,223,6044,59
2021-09-01,Merced,047,269075,36323,35686,1334,37020,500
2021-09-01,Modoc,049,8938,452,436,157,593,5
2021-09-01,Mono,051,14174,1426,1400,14,1414,3
2021-09-01,Monterey,053,433212,45910,45590,2783,48373,539
2021-09-01,Napa,055,140530,11818,11653,73,11726,88
2021-09-01,Nevada,057,99092,7778,7508,264,7772,82
2021-09-01,Orange,059,3164182,289355,285840,13962,299802,5233
2021-09-01,Placer,061,380077,31689,30902,2940,33842,330
2021-09-01,Plumas,063,18699,1076,1033,20,1053,5
2021-09-01,Riverside,065,2383286,333422,329388,16135,345523,4634
2021-09-01,Sacramento,067,1510023,139800,138499,3270,141769,1875
2021-09-01,San Benito,069,59416,6770,6716,140,6856,64
2021-09-01,San Bernardino,071,2135413,329834,326250,10677,336927,5364
2021-09-01,San Diego,073,3302833,340409,335302,19713,355015,3908
2021-09-01,San Francisco,075,870044,48089,47538,2327,49865,584
2021-09-01,San Joaquin,077,732212,89166,87640,4866,92506,1540
2021-09-01,San Luis Obispo,079,281455,26178,25691,1037,26728,283
2021-09-01,San Mateo,081,765935,49938,49394,1107,50501,558
2021-09-01,Santa Barbara,083,443738,40309,39263,1504,40767,483
2021-09-01,Santa Clara,085,1922200,136345,134855,1075,135930,1796
2021-09-01,Santa Cruz,087,273765,18678,18453,1022,19475,210
2021-09-01,Shasta,089,179085,16260,15552,2469,18021,221
2021-09-01,Sierra,091,2930,121,98,15,113,0
2021-09-01,Siskiyou,093,43540,2614,2482,822,3304,34
2021-09-01,Solano,095,438530,41858,41194,1042,42236,293
2021-09-01,Sonoma,097,501317,37955,37454,472,37926,352
2021-09-01,Stanislaus,099,539301,68711,67287,7920,75207,1075
2021-09-01,Sutter,101,95872,12195,11945,179,12124,136
2021-09-01,Tehama,103,63373,6458,6228,1002,7230,72
2021-09-01,Trinity,105,12862,569,482,149,631,5
2021-09-01,Tulare,107,460477,57125,55768,12199,67967,870
2021-09-01,Tuolumne,109,53932,5708,5553,56,5609,88
2021-09-01,Ventura,111,848112,91551,90471,4107,94578,1089
2021-09-01,Yolo,113,214977,17590,17264,885,18149,235
2021-09-01,Yuba,115,75493,8524,8308,182,8490,55
2021-08-31,Alameda,001,1643700,110380,108837,2680,111517,1297
2021-08-31,Alpine,003,1148,92,92,0,92,0
2021-08-31,Amador,005,37829,4648,4555,46,4601,53
2021-08-31,Butte,007,227075,16469,15896,2915,18811,216
2021-08-31,Calaveras,009,45235,3092,3008,21,3029,59
2021-08-31,Colusa,011,21464,2316,2275,512,2787,16
2021-08-31,Contra Costa,013,1133247,90797,89546,1863,91409,871
2021-08-31,Del Norte,015,27424,3022,2830,19,2849,19
2021-08-31,El Dorado,017,186661,13810,13539,1308,14847,119
2021-08-31,Fresno,019,978130,119020,117155,10783,127938,1801
2021-08-31,Glenn,021,27897,2894,2829,795,3624,20
2021-08-31,Humboldt,023,135768,7273,7030,274,7304,52
2021-08-31,Imperial,025,180216,30524,30348,3072,33420,750
2021-08-31,Inyo,027,18085,1568,1550,8,1558,39
2021-08-31,Kern,029,883053,110197,108151,16146,124297,1393
2021-08-31,Kings,031,150075,27016,26405,1575,27980,260
2021-08-31,Lake,033,64148,5562,5359,87,5446,74
2021-08-31,Lassen,035,31185,5834,5702,179,5881,21
2021-08-31,Los Angeles,037,10098052,1356884,1346686,52726,1399412,25303
2021-08-31,Madera,039,155013,19281,18811,1435,20246,247
2021-08-31,Marin,041,260295,16360,16215,372,16587,240
2021-08-31,Mariposa,043,17540,763,732,19,751,5
2021-08-31,Mendocino,045,87422,5997,5777,221,5998,59
2021-08-31,Merced,047,269075,36153,35512,1329,36841,498
2021-08-31,Modoc,049,8938,451,436,157,593,5
2021-08-31,Mono,051,14174,1410,1398,14,1412,3
2021-08-31,Monterey,053,433212,45846,45550,2750,48300,539
2021-08-31,Napa,055,140530,11771,11618,73,11691,88
2021-08-31,Nevada,057,99092,7711,7460,264,7724,82
2021-08-31,Orange,059,3164182,288758,285310,13924,299234,5229
2021-08-31,Placer,061,380077,31504,30745,2901,33646,325
2021-08-31,Plumas,063,18699,1072,1018,19,1037,5
2021-08-31,Riverside,065,2383286,332449,328556,16102,344658,4627
2021-08-31,Sacramento,067,1510023,139132,137879,3231,141110,1863
2021-08-31,San Benito,069,59416,6758,6694,138,6832,64
2021-08-31,San Bernardino,071,2135413,329095,325446,10657,336103,5350
2021-08-31,San Diego,073,3302833,339140,334377,19665,354042,3888
2021-08-31,San Francisco,075,870044,47950,47440,2304,49744,581
2021-08-31,San Joaquin,077,732212,88722,87365,4851,92216,1540
2021-08-31,San Luis Obispo,079,281455,26054,25518,1033,26551,282
2021-08-31,San Mateo,081,765935,49833,49299,1100,50399,556
2021-08-31,Santa Barbara,083,443738,40163,39091,1496,40587,481
2021-08-31,Santa Clara,085,1922200,135993,134637,1071,135708,1793
2021-08-31,Santa Cruz,087,273765,18637,18419,1019,19438,210
2021-08-31,Shasta,089,179085,16107,15368,2441,17809,220
2021-08-31,Sierra,091,2930,118,95,15,110,0
2021-08-31,Siskiyou,093,43540,2594,2435,807,3242,33
2021-08-31,Solano,095,438530,41726,41067,1035,42102,289
2021-08-31,Sonoma,097,501317,37861,37379,471,37850,352
2021-08-31,Stanislaus,099,539301,68347,67004,7886,74890,1075
2021-08-31,Sutter,101,95872,12129,11901,175,12076,136
2021-08-31,Tehama,103,63373,6398,6169,971,7140,72
2021-08-31,Trinity,105,12862,563,480,149,629,3
2021-08-31,Tulare,107,460477,56792,55567,12126,67693,870
2021-08-31,Tuolumne,109,53932,5672,5516,56,5572,88
2021-08-31,Ventura,111,848112,91335,90292,4093,94385,1081
2021-08-31,Yolo,113,214977,17510,17205,876,18081,234
2021-08-31,Yuba,115,75493,8471,8253,182,8435,54
2021-08-30,Alameda,001,1643700,110056,107734,2669,110403,1296
2021-08-30,Alpine,003,1148,92,92,0,92,0
2021-08-30,Amador,005,37829,4637,4507,46,4553,53
2021-08-30,Butte,007,227075,16318,15719,2882,18601,214
2021-08-30,Calaveras,009,45235,3073,2975,21,2996,59
2021-08-30,Colusa,011,21464,2307,2271,508,2779,16
2021-08-30,Contra Costa,013,1133247,90541,87679,1852,89531,872
2021-08-30,Del Norte,015,27424,2980,2796,18,2814,11
2021-08-30,El Dorado,017,186661,13741,13217,1291,14508,119
2021-08-30,Fresno,019,978130,118458,115867,10722,126589,1790
2021-08-30,Glenn,021,27897,2883,2804,792,3596,20
2021-08-30,Humboldt,023,135768,7219,6930,267,7197,52
2021-08-30,Imperial,025,180216,30486,30311,3067,33378,750
2021-08-30,Inyo,027,18085,1563,1544,8,1552,39
2021-08-30,Kern,029,883053,109723,107615,15977,123592,1389
2021-08-30,Kings,031,150075,26901,26236,1559,27795,259
2021-08-30,Lake,033,64148,5528,5323,83,5406,74
2021-08-30,Lassen,035,31185,5812,5667,173,5840,21
2021-08-30,Los Angeles,037,10098052,1354442,1344949,52635,1397584,25269
2021-08-30,Madera,039,155013,19200,18622,1418,20040,247
2021-08-30,Marin,041,260295,16329,16160,372,16532,240
2021-08-30,Mariposa,043,17540,757,715,18,733,5
2021-08-30,Mendocino,045,87422,5964,5721,217,5938,55
2021-08-30,Merced,047,269075,36023,35335,1327,36662,497
2021-08-30,Modoc,049,8938,449,436,156,592,5
2021-08-30,Mono,051,14174,1410,1390,14,1404,3
2021-08-30,Monterey,053,433212,45792,45463,2724,48187,539
2021-08-30,Napa,055,140530,11721,11579,71,11650,87
2021-08-30,Nevada,057,99092,7652,7356,261,7617,82
2021-08-30,Orange,059,3164182,288187,284750,13870,298620,5223
2021-08-30,Placer,061,380077,31343,29825,2876,32701,319
2021-08-30,Plumas,063,18699,1055,998,19,1017,5
2021-08-30,Riverside,065,2383286,331552,327593,16071,343664,4623
2021-08-30,Sacramento,067,1510023,138483,134571,3180,137751,1847
2021-08-30,San Benito,069,59416,6749,6663,138,6801,64
2021-08-30,San Bernardino,071,2135413,328416,324870,10628,335498,5348
2021-08-30,San Diego,073,3302833,337860,333011,19594,352605,3885
2021-08-30,San Francisco,075,870044,47815,46966,2286,49252,581
2021-08-30,San Joaquin,077,732212,88392,86203,4831,91034,1528
2021-08-30,San Luis Obispo,079,281455,25928,25422,1026,26448,280
2021-08-30,San Mateo,081,765935,49719,48839,1083,49922,554
2021-08-30,Santa Barbara,083,443738,40016,38998,1490,40488,481
2021-08-30,Santa Clara,085,1922200,135670,133281,1063,134344,1789
2021-08-30,Santa Cruz,087,273765,18582,18326,1015,19341,210
2021-08-30,Shasta,089,179085,15977,15238,2397,17635,217
2021-08-30,Sierra,091,2930,116,91,15,106,0
2021-08-30,Siskiyou,093,43540,2581,2411,796,3207,33
2021-08-30,Solano,095,438530,41586,39986,1031,41017,290
2021-08-30,Sonoma,097,501317,37758,36764,471,37235,352
2021-08-30,Stanislaus,099,539301,68003,66173,7857,74030,1074
2021-08-30,Sutter,101,95872,12058,11791,168,11959,136
2021-08-30,Tehama,103,63373,6320,6085,945,7030,71
2021-08-30,Trinity,105,12862,553,468,146,614,3
2021-08-30,Tulare,107,460477,56481,55140,12047,67187,870
2021-08-30,Tuolumne,109,53932,5626,5492,56,5548,74
2021-08-30,Ventura,111,848112,91119,90149,4081,94230,1082
2021-08-30,Yolo,113,214977,17447,17071,872,17943,231
2021-08-30,Yuba,115,75493,8397,8129,181,8310,54
2021-08-29,Alameda,001,1643700,109715,107494,2654,110148,1296
2021-08-29,Alpine,003,1148,92,92,0,92,0
2021-08-29,Amador,005,37829,4623,4501,46,4547,53
2021-08-29,Butte,007,227075,16149,15602,2845,18447,214
2021-08-29,Calaveras,009,45235,3039,2970,21,2991,59
2021-08-29,Colusa,011,21464,2297,2260,502,2762,16
2021-08-29,Contra Costa,013,1133247,90244,87439,1848,89287,872
2021-08-29,Del Norte,015,27424,2938,2752,17,2769,11
2021-08-29,El Dorado,017,186661,13686,13166,1280,14446,119
2021-08-29,Fresno,019,978130,117869,115502,10666,126168,1790
2021-08-29,Glenn,021,27897,2867,2778,786,3564,20
2021-08-29,Humboldt,023,135768,7175,6922,252,7174,52
2021-08-29,Imperial,025,180216,30425,30293,3057,33350,750
2021-08-29,Inyo,027,18085,1553,1543,7,1550,39
2021-08-29,Kern,029,883053,109280,107324,15800,123124,1389
2021-08-29,Kings,031,150075,26749,26143,1543,27686,259
2021-08-29,Lake,033,64148,5488,5293,73,5366,74
2021-08-29,Lassen,035,31185,5789,5666,169,5835,21
2021-08-29,Los Angeles,037,10098052,1351696,1342541,52518,1395059,25263
2021-08-29,Madera,039,155013,19113,18594,1403,19997,247
2021-08-29,Marin,041,260295,16299,16134,369,16503,240
2021-08-29,Mariposa,043,17540,751,709,17,726,5
2021-08-29,Mendocino,045,87422,5908,5689,204,5893,55
2021-08-29,Merced,047,269075,35785,35250,1315,36565,497
2021-08-29,Modoc,049,8938,446,436,156,592,5
2021-08-29,Mono,051,14174,1404,1387,14,1401,3
2021-08-29,Monterey,053,433212,45709,45424,2679,48103,539
2021-08-29,Napa,055,140530,11690,11552,71,11623,87
2021-08-29,Nevada,057,99092,7596,7294,260,7554,82
2021-08-29,Orange,059,3164182,287574,284432,13828,298260,5223
2021-08-29,Placer,061,380077,31170,29674,2835,32509,319
2021-08-29,Plumas,063,18699,1044,996,19,1015,5
2021-08-29,Riverside,065,2383286,330696,326987,16048,343035,4623
2021-08-29,Sacramento,067,1510023,137740,133981,3130,137111,1843
2021-08-29,San Benito,069,59416,6723,6646,138,6784,64
2021-08-29,San Bernardino,071,2135413,327630,324266,10594,334860,5347
2021-08-29,San Diego,073,3302833,336749,332014,19502,351516,3880
2021-08-29,San Francisco,075,870044,47685,46885,2269,49154,581
2021-08-29,San Joaquin,077,732212,87946,85922,4810,90732,1528
2021-08-29,San Luis Obispo,079,281455,25732,25288,1021,26309,280
2021-08-29,San Mateo,081,765935,49611,48737,1073,49810,554
2021-08-29,Santa Barbara,083,443738,39851,38900,1486,40386,481
2021-08-29,Santa Clara,085,1922200,135320,132979,1058,134037,1789
2021-08-29,Santa Cruz,087,273765,18535,18285,1013,19298,210
2021-08-29,Shasta,089,179085,15824,15198,2370,17568,217
2021-08-29,Sierra,091,2930,114,91,15,106,0
2021-08-29,Siskiyou,093,43540,2534,2407,775,3182,33
2021-08-29,Solano,095,438530,41440,39887,1026,40913,290
2021-08-29,Sonoma,097,501317,37622,36650,467,37117,352
2021-08-29,Stanislaus,099,539301,67658,65956,7823,73779,1074
2021-08-29,Sutter,101,95872,12000,11719,161,11880,136
2021-08-29,Tehama,103,63373,6250,6040,921,6961,71
2021-08-29,Trinity,105,12862,550,468,142,610,3
2021-08-29,Tulare,107,460477,56146,54974,11962,66936,870
2021-08-29,Tuolumne,109,53932,5601,5478,55,5533,74
2021-08-29,Ventura,111,848112,90863,90114,4072,94186,1082
2021-08-29,Yolo,113,214977,17348,17015,860,17875,231
2021-08-29,Yuba,115,75493,8333,8042,181,8223,54
2021-08-28,Alameda,001,1643700,109552,107007,2645,109652,1296
2021-08-28,Alpine,003,1148,92,92,0,92,0
2021-08-28,Amador,005,37829,4604,4484,46,4530,53
2021-08-28,Butte,007,227075,16091,15487,2816,18303,214
2021-08-28,Calaveras,009,45235,3031,2926,21,2947,59
2021-08-28,Colusa,011,21464,2293,2252,500,2752,16
2021-08-28,Contra Costa,013,1133247,90033,86938,1845,88783,872
2021-08-28,Del Norte,015,27424,2911,2734,16,2750,11
2021-08-28,El Dorado,017,186661,13646,13089,1274,14363,119
2021-08-28,Fresno,019,978130,117629,115079,10642,125721,1792
2021-08-28,Glenn,021,27897,2860,2773,779,3552,20
2021-08-28,Humboldt,023,135768,7140,6887,247,7134,52
2021-08-28,Imperial,025,180216,30399,30260,3053,33313,750
2021-08-28,Inyo,027,18085,1551,1539,7,1546,39
2021-08-28,Kern,029,883053,109045,107012,15654,122666,1389
2021-08-28,Kings,031,150075,26682,26059,1540,27599,257
2021-08-28,Lake,033,64148,5465,5267,69,5336,74
2021-08-28,Lassen,035,31185,5774,5665,168,5833,21
2021-08-28,Los Angeles,037,10098052,1350495,1337097,52441,1389538,25234
2021-08-28,Madera,039,155013,19063,18553,1388,19941,247
2021-08-28,Marin,041,260295,16284,16106,369,16475,240
2021-08-28,Mariposa,043,17540,749,704,17,721,5
2021-08-28,Mendocino,045,87422,5883,5658,204,5862,55
2021-08-28,Merced,047,269075,35734,35108,1311,36419,497
2021-08-28,Modoc,049,8938,446,436,155,591,5
2021-08-28,Mono,051,14174,1401,1385,14,1399,3
2021-08-28,Monterey,053,433212,45673,45394,2668,48062,539
2021-08-28,Napa,055,140530,11667,11512,70,11582,88
2021-08-28,Nevada,057,99092,7572,7238,258,7496,82
2021-08-28,Orange,059,3164182,287217,283953,13779,297732,5222
2021-08-28,Placer,061,380077,31060,29428,2822,32250,319
2021-08-28,Plumas,063,18699,1037,991,19,1010,5
2021-08-28,Riverside,065,2383286,330108,326222,16037,342259,4623
2021-08-28,Sacramento,067,1510023,137349,132985,3114,136099,1844
2021-08-28,San Benito,069,59416,6716,6636,138,6774,64
2021-08-28,San Bernardino,071,2135413,327186,323672,10585,334257,5348
2021-08-28,San Diego,073,3302833,336165,331330,19468,350798,3880
2021-08-28,San Francisco,075,870044,47612,46654,2262,48916,581
2021-08-28,San Joaquin,077,732212,87779,85481,4801,90282,1527
2021-08-28,San Luis Obispo,079,281455,25666,25138,1016,26154,280
2021-08-28,San Mateo,081,765935,49541,48575,1065,49640,554
2021-08-28,Santa Barbara,083,443738,39779,38780,1485,40265,481
2021-08-28,Santa Clara,085,1922200,135112,132488,1056,133544,1789
2021-08-28,Santa Cruz,087,273765,18518,18240,1010,19250,210
2021-08-28,Shasta,089,179085,15720,15147,2351,17498,217
2021-08-28,Sierra,091,2930,110,91,15,106,0
2021-08-28,Siskiyou,093,43540,2527,2402,763,3165,33
2021-08-28,Solano,095,438530,41391,39610,1025,40635,290
2021-08-28,Sonoma,097,501317,37549,36466,465,36931,352
2021-08-28,Stanislaus,099,539301,67497,65670,7805,73475,1074
2021-08-28,Sutter,101,95872,11979,11669,160,11829,136
2021-08-28,Tehama,103,63373,6225,6004,908,6912,71
2021-08-28,Trinity,105,12862,546,463,141,604,3
2021-08-28,Tulare,107,460477,56018,54746,11916,66662,870
2021-08-28,Tuolumne,109,53932,5585,5469,55,5524,74
2021-08-28,Ventura,111,848112,90745,89934,4070,94004,1081
2021-08-28,Yolo,113,214977,17313,16907,852,17759,231
2021-08-28,Yuba,115,75493,8300,7985,180,8165,55
2021-08-27,Alameda,001,1643700,109340,106622,2642,109264,1296
2021-08-27,Alpine,003,1148,92,92,0,92,0
2021-08-27,Amador,005,37829,4588,4458,45,4503,53
2021-08-27,Butte,007,227075,16012,15277,2796,18073,214
2021-08-27,Calaveras,009,45235,3017,2903,21,2924,59
2021-08-27,Colusa,011,21464,2287,2240,498,2738,16
2021-08-27,Contra Costa,013,1133247,89836,86386,1843,88229,872
2021-08-27,Del Norte,015,27424,2879,2695,16,2711,11
2021-08-27,El Dorado,017,186661,13607,12968,1270,14238,119
2021-08-27,Fresno,019,978130,117195,114481,10625,125106,1774
2021-08-27,Glenn,021,27897,2845,2754,770,3524,20
2021-08-27,Humboldt,023,135768,7108,6782,243,7025,52
2021-08-27,Imperial,025,180216,30379,30201,3050,33251,750
2021-08-27,Inyo,027,18085,1550,1529,7,1536,39
2021-08-27,Kern,029,883053,108752,106570,15543,122113,1385
2021-08-27,Kings,031,150075,26603,25957,1538,27495,257
2021-08-27,Lake,033,64148,5441,5228,67,5295,74
2021-08-27,Lassen,035,31185,5758,5646,163,5809,21
2021-08-27,Los Angeles,037,10098052,1348983,1337006,52373,1389379,25230
2021-08-27,Madera,039,155013,19007,18476,1375,19851,247
2021-08-27,Marin,041,260295,16268,16055,367,16422,240
2021-08-27,Mariposa,043,17540,743,690,17,707,5
2021-08-27,Mendocino,045,87422,5852,5602,203,5805,55
2021-08-27,Merced,047,269075,35680,34906,1302,36208,495
2021-08-27,Modoc,049,8938,446,434,155,589,5
2021-08-27,Mono,051,14174,1392,1385,14,1399,3
2021-08-27,Monterey,053,433212,45634,45337,2651,47988,539
2021-08-27,Napa,055,140530,11633,11460,70,11530,87
2021-08-27,Nevada,057,99092,7532,7169,256,7425,82
2021-08-27,Orange,059,3164182,286860,283407,13740,297147,5206
2021-08-27,Placer,061,380077,30930,29157,2802,31959,320
2021-08-27,Plumas,063,18699,1031,984,19,1003,5
2021-08-27,Riverside,065,2383286,329591,325379,16022,341401,4622
2021-08-27,Sacramento,067,1510023,136913,131921,3101,135022,1838
2021-08-27,San Benito,069,59416,6710,6622,138,6760,64
2021-08-27,San Bernardino,071,2135413,326662,322893,10567,333460,5342
2021-08-27,San Diego,073,3302833,335380,330162,19414,349576,3877
2021-08-27,San Francisco,075,870044,47539,46456,2241,48697,581
2021-08-27,San Joaquin,077,732212,87596,84949,4783,89732,1524
2021-08-27,San Luis Obispo,079,281455,25618,24952,1013,25965,280
2021-08-27,San Mateo,081,765935,49471,48424,1057,49481,553
2021-08-27,Santa Barbara,083,443738,39688,38675,1482,40157,480
2021-08-27,Santa Clara,085,1922200,134882,132011,1053,133064,1783
2021-08-27,Santa Cruz,087,273765,18479,18163,1006,19169,210
2021-08-27,Shasta,089,179085,15639,14996,2335,17331,217
2021-08-27,Sierra,091,2930,109,91,15,106,0
2021-08-27,Siskiyou,093,43540,2512,2358,749,3107,33
2021-08-27,Solano,095,438530,41302,39347,1021,40368,287
2021-08-27,Sonoma,097,501317,37477,36326,464,36790,342
2021-08-27,Stanislaus,099,539301,67287,65167,7766,72933,1061
2021-08-27,Sutter,101,95872,11933,11590,158,11748,135
2021-08-27,Tehama,103,63373,6192,5964,893,6857,71
2021-08-27,Trinity,105,12862,546,458,140,598,3
2021-08-27,Tulare,107,460477,55882,54443,11870,66313,870
2021-08-27,Tuolumne,109,53932,5553,5438,55,5493,74
2021-08-27,Ventura,111,848112,90617,89774,4065,93839,1076
2021-08-27,Yolo,113,214977,17274,16805,847,17652,231
2021-08-27,Yuba,115,75493,8243,7926,180,8106,54
2021-08-26,Alameda,001,1643700,109063,106146,2631,108777,1296
2021-08-26,Alpine,003,1148,92,92,0,92,0
2021-08-26,Amador,005,37829,4573,4442,44,4486,53
2021-08-26,Butte,007,227075,15878,15159,2760,17919,214
2021-08-26,Calaveras,009,45235,3008,2873,21,2894,59
2021-08-26,Colusa,011,21464,2281,2234,494,2728,16
2021-08-26,Contra Costa,013,1133247,89478,85808,1836,87644,866
2021-08-26,Del Norte,015,27424,2843,2625,16,2641,8
2021-08-26,El Dorado,017,186661,13539,12863,1255,14118,118
2021-08-26,Fresno,019,978130,116694,113854,10577,124431,1770
2021-08-26,Glenn,021,27897,2827,2740,762,3502,20
2021-08-26,Humboldt,023,135768,7050,6695,233,6928,53
2021-08-26,Imperial,025,180216,30330,30121,3042,33163,748
2021-08-26,Inyo,027,18085,1540,1521,6,1527,39
2021-08-26,Kern,029,883053,108327,106051,15395,121446,1380
2021-08-26,Kings,031,150075,26480,25838,1530,27368,260
2021-08-26,Lake,033,64148,5395,5196,64,5260,74
2021-08-26,Lassen,035,31185,5746,5626,161,5787,21
2021-08-26,Los Angeles,037,10098052,1346737,1334372,52271,1386643,25199
2021-08-26,Madera,039,155013,18937,18393,1363,19756,247
2021-08-26,Marin,041,260295,16239,15983,364,16347,240
2021-08-26,Mariposa,043,17540,733,677,17,694,5
2021-08-26,Mendocino,045,87422,5816,5533,198,5731,55
2021-08-26,Merced,047,269075,35513,34755,1281,36036,495
2021-08-26,Modoc,049,8938,446,433,155,588,5
2021-08-26,Mono,051,14174,1390,1385,14,1399,3
2021-08-26,Monterey,053,433212,45579,45265,2623,47888,539
2021-08-26,Napa,055,140530,11611,11394,69,11463,87
2021-08-26,Nevada,057,99092,7474,7086,254,7340,80
2021-08-26,Orange,059,3164182,286371,282814,13717,296531,5200
2021-08-26,Placer,061,380077,30761,28898,2776,31674,319
2021-08-26,Plumas,063,18699,1024,971,18,989,5
2021-08-26,Riverside,065,2383286,328799,324486,16001,340487,4615
2021-08-26,Sacramento,067,1510023,136384,130977,3058,134035,1827
2021-08-26,San Benito,069,59416,6700,6604,138,6742,64
2021-08-26,San Bernardino,071,2135413,326006,322100,10543,332643,5339
2021-08-26,San Diego,073,3302833,334353,328276,19348,347624,3869
2021-08-26,San Francisco,075,870044,47417,46288,2231,48519,581
2021-08-26,San Joaquin,077,732212,87218,84429,4762,89191,1513
2021-08-26,San Luis Obispo,079,281455,25469,24831,1007,25838,278
2021-08-26,San Mateo,081,765935,49351,48263,1048,49311,553
2021-08-26,Santa Barbara,083,443738,39605,38566,1481,40047,479
2021-08-26,Santa Clara,085,1922200,134558,131443,1048,132491,1782
2021-08-26,Santa Cruz,087,273765,18419,18072,1004,19076,210
2021-08-26,Shasta,089,179085,15516,14891,2307,17198,217
2021-08-26,Sierra,091,2930,107,90,15,105,0
2021-08-26,Siskiyou,093,43540,2490,2342,735,3077,33
2021-08-26,Solano,095,438530,41156,39027,1013,40040,286
2021-08-26,Sonoma,097,501317,37388,36102,464,36566,337
2021-08-26,Stanislaus,099,539301,66970,64785,7725,72510,1061
2021-08-26,Sutter,101,95872,11873,11499,155,11654,135
2021-08-26,Tehama,103,63373,6134,5913,880,6793,68
2021-08-26,Trinity,105,12862,541,450,138,588,3
2021-08-26,Tulare,107,460477,55627,54157,11816,65973,870
2021-08-26,Tuolumne,109,53932,5533,5387,55,5442,74
2021-08-26,Ventura,111,848112,90432,89595,4056,93651,1080
2021-08-26,Yolo,113,214977,17207,16727,836,17563,231
2021-08-26,Yuba,115,75493,8170,7834,178,8012,54
2021-08-25,Alameda,001,1643700,108734,105636,2623,108259,1296
2021-08-25,Alpine,003,1148,92,92,0,92,0
2021-08-25,Amador,005,37829,4558,4415,44,4459,53
2021-08-25,Butte,007,227075,15774,15039,2717,17756,214
2021-08-25,Calaveras,009,45235,2988,2851,21,2872,59
2021-08-25,Colusa,011,21464,2274,2227,485,2712,16
2021-08-25,Contra Costa,013,1133247,89096,85322,1830,87152,863
2021-08-25,Del Norte,015,27424,2798,2573,16,2589,8
2021-08-25,El Dorado,017,186661,13480,12787,1239,14026,118
2021-08-25,Fresno,019,978130,116158,113384,10534,123918,1761
2021-08-25,Glenn,021,27897,2806,2728,750,3478,20
2021-08-25,Humboldt,023,135768,6981,6653,223,6876,52
2021-08-25,Imperial,025,180216,30293,30085,3036,33121,748
2021-08-25,Inyo,027,18085,1536,1518,6,1524,39
2021-08-25,Kern,029,883053,107898,105687,15237,120924,1379
2021-08-25,Kings,031,150075,26373,25676,1523,27199,258
2021-08-25,Lake,033,64148,5365,5163,61,5224,74
2021-08-25,Lassen,035,31185,5729,5583,160,5743,21
2021-08-25,Los Angeles,037,10098052,1344145,1331400,52183,1383583,25170
2021-08-25,Madera,039,155013,18873,18311,1346,19657,247
2021-08-25,Marin,041,260295,16217,15938,358,16296,240
2021-08-25,Mariposa,043,17540,727,676,17,693,5
2021-08-25,Mendocino,045,87422,5780,5486,193,5679,53
2021-08-25,Merced,047,269075,35375,34600,1276,35876,492
2021-08-25,Modoc,049,8938,446,433,155,588,5
2021-08-25,Mono,051,14174,1386,1382,14,1396,3
2021-08-25,Monterey,053,433212,45517,45196,2596,47792,539
2021-08-25,Napa,055,140530,11577,11348,68,11416,87
2021-08-25,Nevada,057,99092,7408,7000,253,7253,77
2021-08-25,Orange,059,3164182,285852,282061,13685,295746,5193
2021-08-25,Placer,061,380077,30585,28740,2743,31483,319
2021-08-25,Plumas,063,18699,1008,962,18,980,5
2021-08-25,Riverside,065,2383286,327958,323548,15979,339527,4610
2021-08-25,Sacramento,067,1510023,135705,130046,3018,133064,1827
2021-08-25,San Benito,069,59416,6679,6587,137,6724,64
2021-08-25,San Bernardino,071,2135413,325312,321228,10522,331750,5337
2021-08-25,San Diego,073,3302833,333074,327166,19274,346440,3859
2021-08-25,San Francisco,075,870044,47273,46107,2221,48328,578
2021-08-25,San Joaquin,077,732212,86835,84002,4746,88748,1510
2021-08-25,San Luis Obispo,079,281455,25277,24607,1004,25611,276
2021-08-25,San Mateo,081,765935,49242,48153,1030,49183,553
2021-08-25,Santa Barbara,083,443738,39474,38450,1481,39931,479
2021-08-25,Santa Clara,085,1922200,134189,130995,1045,132040,1783
2021-08-25,Santa Cruz,087,273765,18358,17987,1001,18988,210
2021-08-25,Shasta,089,179085,15388,14752,2273,17025,217
2021-08-25,Sierra,091,2930,104,90,15,105,0
2021-08-25,Siskiyou,093,43540,2445,2322,716,3038,33
2021-08-25,Solano,095,438530,40992,38848,1002,39850,286
2021-08-25,Sonoma,097,501317,37264,35986,461,36447,336
2021-08-25,Stanislaus,099,539301,66680,64441,7691,72132,1061
2021-08-25,Sutter,101,95872,11805,11451,151,11602,134
2021-08-25,Tehama,103,63373,6075,5861,863,6724,68
2021-08-25,Trinity,105,12862,535,450,137,587,3
2021-08-25,Tulare,107,460477,55343,53877,11747,65624,866
2021-08-25,Tuolumne,109,53932,5507,5354,55,5409,74
2021-08-25,Ventura,111,848112,90249,89379,4042,93421,1068
2021-08-25,Yolo,113,214977,17143,16667,826,17493,231
2021-08-25,Yuba,115,75493,8104,7771,177,7948,54
2021-08-24,Alameda,001,1643700,108404,105319,2612,107931,1296
2021-08-24,Alpine,003,1148,92,92,0,92,0
2021-08-24,Amador,005,37829,4539,4380,44,4424,50
2021-08-24,Butte,007,227075,15621,14964,2682,17646,214
2021-08-24,Calaveras,009,45235,2948,2811,21,2832,59
2021-08-24,Colusa,011,21464,2266,2221,481,2702,16
2021-08-24,Contra Costa,013,1133247,88736,84963,1824,86787,857
2021-08-24,Del Norte,015,27424,2771,2543,16,2559,8
2021-08-24,El Dorado,017,186661,13404,12732,1223,13955,118
2021-08-24,Fresno,019,978130,115554,113024,10481,123505,1761
2021-08-24,Glenn,021,27897,2792,2717,742,3459,20
2021-08-24,Humboldt,023,135768,6918,6585,210,6795,52
2021-08-24,Imperial,025,180216,30232,30045,3030,33075,748
2021-08-24,Inyo,027,18085,1531,1512,5,1517,39
2021-08-24,Kern,029,883053,107439,105399,15066,120465,1375
2021-08-24,Kings,031,150075,26253,25629,1507,27136,258
2021-08-24,Lake,033,64148,5330,5135,61,5196,72
2021-08-24,Lassen,035,31185,5713,5576,158,5734,21
2021-08-24,Los Angeles,037,10098052,1341294,1328777,52080,1380857,25135
2021-08-24,Madera,039,155013,18797,18251,1329,19580,247
2021-08-24,Marin,041,260295,16181,15900,354,16254,240
2021-08-24,Mariposa,043,17540,720,670,17,687,5
2021-08-24,Mendocino,045,87422,5736,5416,186,5602,52
2021-08-24,Merced,047,269075,35207,34490,1265,35755,491
2021-08-24,Modoc,049,8938,446,432,155,587,5
2021-08-24,Mono,051,14174,1384,1382,14,1396,3
2021-08-24,Monterey,053,433212,45465,45126,2565,47691,539
2021-08-24,Napa,055,140530,11545,11299,66,11365,85
2021-08-24,Nevada,057,99092,7340,6981,249,7230,77
2021-08-24,Orange,059,3164182,285250,281461,13660,295121,5187
2021-08-24,Placer,061,380077,30383,28618,2702,31320,318
2021-08-24,Plumas,063,18699,998,953,18,971,5
2021-08-24,Riverside,065,2383286,327085,322620,15947,338567,4605
2021-08-24,Sacramento,067,1510023,135025,129542,2966,132508,1812
2021-08-24,San Benito,069,59416,6666,6576,137,6713,64
2021-08-24,San Bernardino,071,2135413,324560,320300,10491,330791,5328
2021-08-24,San Diego,073,3302833,331613,325823,19178,345001,3851
2021-08-24,San Francisco,075,870044,47105,46010,2202,48212,574
2021-08-24,San Joaquin,077,732212,86395,83684,4709,88393,1508
2021-08-24,San Luis Obispo,079,281455,25101,24443,993,25436,274
2021-08-24,San Mateo,081,765935,49105,48050,1017,49067,553
2021-08-24,Santa Barbara,083,443738,39345,38307,1480,39787,478
2021-08-24,Santa Clara,085,1922200,133764,130763,1040,131803,1779
2021-08-24,Santa Cruz,087,273765,18285,17928,994,18922,209
2021-08-24,Shasta,089,179085,15280,14664,2241,16905,217
2021-08-24,Sierra,091,2930,101,90,15,105,0
2021-08-24,Siskiyou,093,43540,2423,2294,701,2995,33
2021-08-24,Solano,095,438530,40786,38724,990,39714,283
2021-08-24,Sonoma,097,501317,37136,35849,459,36308,336
2021-08-24,Stanislaus,099,539301,66323,64195,7639,71834,1058
2021-08-24,Sutter,101,95872,11738,11384,148,11532,134
2021-08-24,Tehama,103,63373,6029,5826,848,6674,67
2021-08-24,Trinity,105,12862,525,446,129,575,3
2021-08-24,Tulare,107,460477,54991,53702,11656,65358,856
2021-08-24,Tuolumne,109,53932,5476,5287,55,5342,74
2021-08-24,Ventura,111,848112,90065,89167,4030,93197,1068
2021-08-24,Yolo,113,214977,17068,16492,813,17305,231
2021-08-24,Yuba,115,75493,8021,7723,175,7898,54
2021-08-23,Alameda,001,1643700,108004,104922,2600,107522,1294
2021-08-23,Alpine,003,1148,92,91,0,91,0
2021-08-23,Amador,005,37829,4525,4369,44,4413,50
2021-08-23,Butte,007,227075,15475,14847,2647,17494,211
2021-08-23,Calaveras,009,45235,2913,2803,21,2824,59
2021-08-23,Colusa,011,21464,2262,2206,478,2684,16
2021-08-23,Contra Costa,013,1133247,88358,84651,1818,86469,857
2021-08-23,Del Norte,015,27424,2725,2499,16,2515,8
2021-08-23,El Dorado,017,186661,13301,12684,1201,13885,118
2021-08-23,Fresno,019,978130,114998,112445,10434,122879,1759
2021-08-23,Glenn,021,27897,2774,2696,735,3431,20
2021-08-23,Humboldt,023,135768,6844,6498,194,6692,52
2021-08-23,Imperial,025,180216,30181,30011,3027,33038,748
2021-08-23,Inyo,027,18085,1524,1509,5,1514,39
2021-08-23,Kern,029,883053,106985,104995,14909,119904,1375
2021-08-23,Kings,031,150075,26122,25465,1500,26965,257
2021-08-23,Lake,033,64148,5290,5099,59,5158,69
2021-08-23,Lassen,035,31185,5701,5562,158,5720,21
2021-08-23,Los Angeles,037,10098052,1338353,1326412,51951,1378363,25096
2021-08-23,Madera,039,155013,18710,18155,1316,19471,246
2021-08-23,Marin,041,260295,16133,15856,350,16206,240
2021-08-23,Mariposa,043,17540,709,645,17,662,5
2021-08-23,Mendocino,045,87422,5669,5374,179,5553,51
2021-08-23,Merced,047,269075,35024,34322,1260,35582,488
2021-08-23,Modoc,049,8938,443,431,154,585,6
2021-08-23,Mono,051,14174,1382,1384,14,1398,3
2021-08-23,Monterey,053,433212,45388,45047,2532,47579,538
2021-08-23,Napa,055,140530,11507,11257,66,11323,85
2021-08-23,Nevada,057,99092,7260,6930,247,7177,77
2021-08-23,Orange,059,3164182,284616,280891,13624,294515,5181
2021-08-23,Placer,061,380077,30184,28540,2663,31203,314
2021-08-23,Plumas,063,18699,988,934,18,952,5
2021-08-23,Riverside,065,2383286,326172,321650,15921,337571,4598
2021-08-23,Sacramento,067,1510023,134237,128969,2896,131865,1807
2021-08-23,San Benito,069,59416,6648,6562,135,6697,64
2021-08-23,San Bernardino,071,2135413,323761,319577,10450,330027,5324
2021-08-23,San Diego,073,3302833,330154,324536,19075,343611,3848
2021-08-23,San Francisco,075,870044,46959,45945,2186,48131,573
2021-08-23,San Joaquin,077,732212,85966,83466,4676,88142,1499
2021-08-23,San Luis Obispo,079,281455,24919,24317,991,25308,274
2021-08-23,San Mateo,081,765935,48973,47935,1007,48942,553
2021-08-23,Santa Barbara,083,443738,39168,38181,1478,39659,478
2021-08-23,Santa Clara,085,1922200,133366,130489,1035,131524,1778
2021-08-23,Santa Cruz,087,273765,18229,17871,991,18862,209
2021-08-23,Shasta,089,179085,15155,14537,2201,16738,216
2021-08-23,Sierra,091,2930,101,90,15,105,0
2021-08-23,Siskiyou,093,43540,2402,2274,680,2954,33
2021-08-23,Solano,095,438530,40639,38612,982,39594,283
2021-08-23,Sonoma,097,501317,37017,35769,457,36226,336
2021-08-23,Stanislaus,099,539301,65971,63922,7600,71522,1058
2021-08-23,Sutter,101,95872,11649,11314,140,11454,133
2021-08-23,Tehama,103,63373,5975,5805,830,6635,67
2021-08-23,Trinity,105,12862,522,435,126,561,3
2021-08-23,Tulare,107,460477,54686,53370,11581,64951,856
2021-08-23,Tuolumne,109,53932,5434,5240,55,5295,73
2021-08-23,Ventura,111,848112,89847,88960,4018,92978,1063
2021-08-23,Yolo,113,214977,16982,16445,797,17242,226
2021-08-23,Yuba,115,75493,7950,7653,173,7826,54
2021-08-22,Alameda,001,1643700,107559,104539,2562,107101,1294
2021-08-22,Alpine,003,1148,92,91,0,91,0
2021-08-22,Amador,005,37829,4496,4349,44,4393,50
2021-08-22,Butte,007,227075,15337,14791,2610,17401,211
2021-08-22,Calaveras,009,45235,2873,2771,21,2792,59
2021-08-22,Colusa,011,21464,2254,2201,472,2673,16
2021-08-22,Contra Costa,013,1133247,87820,84371,1803,86174,857
2021-08-22,Del Norte,015,27424,2665,2455,16,2471,8
2021-08-22,El Dorado,017,186661,13196,12629,1181,13810,118
2021-08-22,Fresno,019,978130,114400,112057,10363,122420,1759
2021-08-22,Glenn,021,27897,2753,2678,720,3398,20
2021-08-22,Humboldt,023,135768,6767,6483,175,6658,52
2021-08-22,Imperial,025,180216,30123,29993,3022,33015,748
2021-08-22,Inyo,027,18085,1518,1505,5,1510,39
2021-08-22,Kern,029,883053,106462,104691,14751,119442,1375
2021-08-22,Kings,031,150075,25965,25391,1481,26872,257
2021-08-22,Lake,033,64148,5244,5069,56,5125,69
2021-08-22,Lassen,035,31185,5669,5556,153,5709,21
2021-08-22,Los Angeles,037,10098052,1335062,1324151,51817,1375968,25089
2021-08-22,Madera,039,155013,18591,18120,1305,19425,246
2021-08-22,Marin,041,260295,16081,15822,342,16164,240
2021-08-22,Mariposa,043,17540,699,638,15,653,5
2021-08-22,Mendocino,045,87422,5611,5336,179,5515,51
2021-08-22,Merced,047,269075,34821,34234,1247,35481,488
2021-08-22,Modoc,049,8938,442,431,154,585,6
2021-08-22,Mono,051,14174,1381,1378,14,1392,3
2021-08-22,Monterey,053,433212,45301,45017,2506,47523,538
2021-08-22,Napa,055,140530,11462,11231,66,11297,85
2021-08-22,Nevada,057,99092,7186,6864,245,7109,77
2021-08-22,Orange,059,3164182,283928,280390,13577,293967,5181
2021-08-22,Placer,061,380077,29977,28395,2625,31020,314
2021-08-22,Plumas,063,18699,967,923,17,940,5
2021-08-22,Riverside,065,2383286,325151,320836,15871,336707,4594
2021-08-22,Sacramento,067,1510023,133466,128231,2850,131081,1802
2021-08-22,San Benito,069,59416,6631,6550,135,6685,64
2021-08-22,San Bernardino,071,2135413,322793,318839,10414,329253,5324
2021-08-22,San Diego,073,3302833,328826,323591,18970,342561,3848
2021-08-22,San Francisco,075,870044,46800,45831,2168,47999,573
2021-08-22,San Joaquin,077,732212,85510,83121,4640,87761,1498
2021-08-22,San Luis Obispo,079,281455,24714,24250,984,25234,274
2021-08-22,San Mateo,081,765935,48830,47821,972,48793,553
2021-08-22,Santa Barbara,083,443738,38988,38099,1469,39568,478
2021-08-22,Santa Clara,085,1922200,132948,130189,1028,131217,1778
2021-08-22,Santa Cruz,087,273765,18168,17823,986,18809,209
2021-08-22,Shasta,089,179085,15016,14478,2165,16643,216
2021-08-22,Sierra,091,2930,101,87,15,102,0
2021-08-22,Siskiyou,093,43540,2373,2261,662,2923,33
2021-08-22,Solano,095,438530,40446,38489,969,39458,283
2021-08-22,Sonoma,097,501317,36861,35676,454,36130,336
2021-08-22,Stanislaus,099,539301,65610,63683,7504,71187,1058
2021-08-22,Sutter,101,95872,11567,11251,136,11387,133
2021-08-22,Tehama,103,63373,5930,5791,810,6601,67
2021-08-22,Trinity,105,12862,515,433,124,557,3
2021-08-22,Tulare,107,460477,54369,53220,11493,64713,856
2021-08-22,Tuolumne,109,53932,5392,5214,55,5269,73
2021-08-22,Ventura,111,848112,89638,88791,4001,92792,1063
2021-08-22,Yolo,113,214977,16881,16374,787,17161,226
2021-08-22,Yuba,115,75493,7876,7626,172,7798,54
2021-08-21,Alameda,001,1643700,107357,104281,2553,106834,1294
2021-08-21,Alpine,003,1148,92,91,0,91,0
2021-08-21,Amador,005,37829,4486,4338,42,4380,50
2021-08-21,Butte,007,227075,15269,14714,2588,17302,211
2021-08-21,Calaveras,009,45235,2860,2744,21,2765,59
2021-08-21,Colusa,011,21464,2249,2192,467,2659,16
2021-08-21,Contra Costa,013,1133247,87564,84136,1797,85933,857
2021-08-21,Del Norte,015,27424,2642,2409,16,2425,8
2021-08-21,El Dorado,017,186661,13152,12590,1177,13767,118
2021-08-21,Fresno,019,978130,114205,111765,10349,122114,1759
2021-08-21,Glenn,021,27897,2743,2654,713,3367,20
2021-08-21,Humboldt,023,135768,6730,6446,168,6614,52
2021-08-21,Imperial,025,180216,30080,29976,3019,32995,748
2021-08-21,Inyo,027,18085,1515,1500,5,1505,39
2021-08-21,Kern,029,883053,106207,104443,14625,119068,1375
2021-08-21,Kings,031,150075,25894,25313,1476,26789,257
2021-08-21,Lake,033,64148,5224,5055,54,5109,69
2021-08-21,Lassen,035,31185,5655,5553,153,5706,21
2021-08-21,Los Angeles,037,10098052,1333782,1321308,51726,1373034,25080
2021-08-21,Madera,039,155013,18554,18067,1299,19366,246
2021-08-21,Marin,041,260295,16047,15775,340,16115,240
2021-08-21,Mariposa,043,17540,689,634,15,649,5
2021-08-21,Mendocino,045,87422,5566,5307,178,5485,51
2021-08-21,Merced,047,269075,34716,34148,1242,35390,488
2021-08-21,Modoc,049,8938,442,430,154,584,6
2021-08-21,Mono,051,14174,1381,1378,14,1392,3
2021-08-21,Monterey,053,433212,45263,44969,2491,47460,538
2021-08-21,Napa,055,140530,11427,11211,66,11277,85
2021-08-21,Nevada,057,99092,7142,6810,244,7054,77
2021-08-21,Orange,059,3164182,283482,279855,13543,293398,5181
2021-08-21,Placer,061,380077,29840,28289,2600,30889,314
2021-08-21,Plumas,063,18699,963,916,16,932,5
2021-08-21,Riverside,065,2383286,324571,320086,15857,335943,4594
2021-08-21,Sacramento,067,1510023,132967,127751,2838,130589,1809
2021-08-21,San Benito,069,59416,6621,6542,134,6676,64
2021-08-21,San Bernardino,071,2135413,322342,318293,10394,328687,5324
2021-08-21,San Diego,073,3302833,328161,322620,18930,341550,3848
2021-08-21,San Francisco,075,870044,46705,45637,2153,47790,573
2021-08-21,San Joaquin,077,732212,85293,82825,4625,87450,1498
2021-08-21,San Luis Obispo,079,281455,24659,24169,984,25153,273
2021-08-21,San Mateo,081,765935,48739,47685,966,48651,553
2021-08-21,Santa Barbara,083,443738,38908,37951,1465,39416,478
2021-08-21,Santa Clara,085,1922200,132683,129911,1024,130935,1778
2021-08-21,Santa Cruz,087,273765,18131,17763,981,18744,209
2021-08-21,Shasta,089,179085,14942,14417,2151,16568,217
2021-08-21,Sierra,091,2930,96,85,15,100,0
2021-08-21,Siskiyou,093,43540,2360,2246,650,2896,33
2021-08-21,Solano,095,438530,40338,38423,959,39382,281
2021-08-21,Sonoma,097,501317,36774,35582,453,36035,336
2021-08-21,Stanislaus,099,539301,65418,63512,7485,70997,1058
2021-08-21,Sutter,101,95872,11522,11204,134,11338,133
2021-08-21,Tehama,103,63373,5905,5757,803,6560,67
2021-08-21,Trinity,105,12862,510,431,122,553,3
2021-08-21,Tulare,107,460477,54225,53045,11448,64493,857
2021-08-21,Tuolumne,109,53932,5361,5193,55,5248,73
2021-08-21,Ventura,111,848112,89494,88558,3986,92544,1063
2021-08-21,Yolo,113,214977,16834,16322,781,17103,226
2021-08-21,Yuba,115,75493,7830,7580,171,7751,54
2021-08-20,Alameda,001,1643700,107113,103812,2544,106356,1294
2021-08-20,Alpine,003,1148,92,91,0,91,0
2021-08-20,Amador,005,37829,4460,4323,42,4365,50
2021-08-20,Butte,007,227075,15197,14617,2566,17183,211
2021-08-20,Calaveras,009,45235,2845,2717,21,2738,59
2021-08-20,Colusa,011,21464,2244,2178,465,2643,16
2021-08-20,Contra Costa,013,1133247,87291,83721,1790,85511,857
2021-08-20,Del Norte,015,27424,2610,2316,16,2332,8
2021-08-20,El Dorado,017,186661,13114,12495,1169,13664,118
2021-08-20,Fresno,019,978130,113854,111315,10315,121630,1759
2021-08-20,Glenn,021,27897,2736,2642,708,3350,20
2021-08-20,Humboldt,023,135768,6679,6349,163,6512,52
2021-08-20,Imperial,025,180216,30057,29934,3019,32953,747
2021-08-20,Inyo,027,18085,1509,1495,5,1500,39
2021-08-20,Kern,029,883053,105925,104048,14493,118541,1373
2021-08-20,Kings,031,150075,25829,25241,1473,26714,256
2021-08-20,Lake,033,64148,5209,5024,51,5075,69
2021-08-20,Lassen,035,31185,5635,5539,153,5692,21
2021-08-20,Los Angeles,037,10098052,1331919,1317541,51624,1369165,25049
2021-08-20,Madera,039,155013,18507,18018,1283,19301,246
2021-08-20,Marin,041,260295,16029,15727,336,16063,240
2021-08-20,Mariposa,043,17540,684,630,15,645,5
2021-08-20,Mendocino,045,87422,5521,5241,176,5417,51
2021-08-20,Merced,047,269075,34651,34035,1234,35269,486
2021-08-20,Modoc,049,8938,442,429,154,583,6
2021-08-20,Mono,051,14174,1380,1368,14,1382,3
2021-08-20,Monterey,053,433212,45233,44890,2477,47367,538
2021-08-20,Napa,055,140530,11395,11152,66,11218,83
2021-08-20,Nevada,057,99092,7101,6753,237,6990,77
2021-08-20,Orange,059,3164182,283039,279193,13522,292715,5179
2021-08-20,Placer,061,380077,29745,28156,2571,30727,313
2021-08-20,Plumas,063,18699,955,908,16,924,5
2021-08-20,Riverside,065,2383286,323876,319072,15826,334898,4594
2021-08-20,Sacramento,067,1510023,132492,127226,2821,130047,1797
2021-08-20,San Benito,069,59416,6607,6508,134,6642,64
2021-08-20,San Bernardino,071,2135413,321731,317372,10365,327737,5322
2021-08-20,San Diego,073,3302833,327257,321102,18862,339964,3846
2021-08-20,San Francisco,075,870044,46613,45432,2133,47565,573
2021-08-20,San Joaquin,077,732212,85064,82419,4607,87026,1496
2021-08-20,San Luis Obispo,079,281455,24581,23986,980,24966,273
2021-08-20,San Mateo,081,765935,48632,47561,956,48517,551
2021-08-20,Santa Barbara,083,443738,38825,37794,1459,39253,477
2021-08-20,Santa Clara,085,1922200,132401,129510,1019,130529,1774
2021-08-20,Santa Cruz,087,273765,18091,17701,978,18679,209
2021-08-20,Shasta,089,179085,14863,14277,2132,16409,215
2021-08-20,Sierra,091,2930,94,83,15,98,0
2021-08-20,Siskiyou,093,43540,2344,2226,645,2871,33
2021-08-20,Solano,095,438530,40198,38214,948,39162,277
2021-08-20,Sonoma,097,501317,36705,35416,452,35868,336
2021-08-20,Stanislaus,099,539301,65215,63219,7462,70681,1047
2021-08-20,Sutter,101,95872,11466,11136,133,11269,133
2021-08-20,Tehama,103,63373,5889,5730,791,6521,66
2021-08-20,Trinity,105,12862,510,422,121,543,3
2021-08-20,Tulare,107,460477,54093,52855,11405,64260,856
2021-08-20,Tuolumne,109,53932,5337,5153,54,5207,73
2021-08-20,Ventura,111,848112,89328,88285,3983,92268,1061
2021-08-20,Yolo,113,214977,16780,16236,775,17011,225
2021-08-20,Yuba,115,75493,7790,7523,171,7694,54
2021-08-19,Alameda,001,1643700,106662,103276,2519,105795,1294
2021-08-19,Alpine,003,1148,92,91,0,91,0
2021-08-19,Amador,005,37829,4453,4317,41,4358,50
2021-08-19,Butte,007,227075,15063,14518,2536,17054,211
2021-08-19,Calaveras,009,45235,2826,2673,21,2694,59
2021-08-19,Colusa,011,21464,2235,2167,461,2628,16
2021-08-19,Contra Costa,013,1133247,86856,83296,1776,85072,852
2021-08-19,Del Norte,015,27424,2560,2257,16,2273,8
2021-08-19,El Dorado,017,186661,13029,12410,1148,13558,118
2021-08-19,Fresno,019,978130,113416,110947,10267,121214,1759
2021-08-19,Glenn,021,27897,2717,2629,701,3330,20
2021-08-19,Humboldt,023,135768,6618,6246,157,6403,52
2021-08-19,Imperial,025,180216,30011,29865,3014,32879,747
2021-08-19,Inyo,027,18085,1502,1494,5,1499,39
2021-08-19,Kern,029,883053,105531,103731,14349,118080,1371
2021-08-19,Kings,031,150075,25699,25128,1460,26588,256
2021-08-19,Lake,033,64148,5179,4991,47,5038,69
2021-08-19,Lassen,035,31185,5617,5520,152,5672,21
2021-08-19,Los Angeles,037,10098052,1328956,1314453,51479,1365932,25020
2021-08-19,Madera,039,155013,18443,17947,1268,19215,246
2021-08-19,Marin,041,260295,15996,15672,333,16005,240
2021-08-19,Mariposa,043,17540,670,618,15,633,5
2021-08-19,Mendocino,045,87422,5488,5167,174,5341,51
2021-08-19,Merced,047,269075,34516,33851,1220,35071,486
2021-08-19,Modoc,049,8938,442,427,154,581,6
2021-08-19,Mono,051,14174,1376,1349,14,1363,3
2021-08-19,Monterey,053,433212,45170,44821,2457,47278,538
2021-08-19,Napa,055,140530,11343,11104,66,11170,83
2021-08-19,Nevada,057,99092,7037,6695,235,6930,77
2021-08-19,Orange,059,3164182,282409,278562,13470,292032,5172
2021-08-19,Placer,061,380077,29565,27953,2553,30506,313
2021-08-19,Plumas,063,18699,945,896,16,912,5
2021-08-19,Riverside,065,2383286,322851,318056,15794,333850,4589
2021-08-19,Sacramento,067,1510023,131792,126720,2783,129503,1801
2021-08-19,San Benito,069,59416,6589,6493,132,6625,64
2021-08-19,San Bernardino,071,2135413,320911,316398,10342,326740,5318
2021-08-19,San Diego,073,3302833,325994,319582,18772,338354,3839
2021-08-19,San Francisco,075,870044,46456,45220,2115,47335,571
2021-08-19,San Joaquin,077,732212,84620,82047,4559,86606,1491
2021-08-19,San Luis Obispo,079,281455,24441,23878,973,24851,271
2021-08-19,San Mateo,081,765935,48506,47431,946,48377,551
2021-08-19,Santa Barbara,083,443738,38680,37693,1456,39149,477
2021-08-19,Santa Clara,085,1922200,132011,129133,1012,130145,1774
2021-08-19,Santa Cruz,087,273765,18029,17644,971,18615,209
2021-08-19,Shasta,089,179085,14739,14200,2109,16309,214
2021-08-19,Sierra,091,2930,90,83,15,98,0
2021-08-19,Siskiyou,093,43540,2330,2218,632,2850,33
2021-08-19,Solano,095,438530,40046,38025,937,38962,273
2021-08-19,Sonoma,097,501317,36617,35233,451,35684,336
2021-08-19,Stanislaus,099,539301,64858,62928,7415,70343,1047
2021-08-19,Sutter,101,95872,11383,11057,131,11188,133
2021-08-19,Tehama,103,63373,5853,5683,763,6446,66
2021-08-19,Trinity,105,12862,506,414,119,533,3
2021-08-19,Tulare,107,460477,53862,52685,11341,64026,856
2021-08-19,Tuolumne,109,53932,5301,5112,53,5165,64
2021-08-19,Ventura,111,848112,89126,88073,3968,92041,1060
2021-08-19,Yolo,113,214977,16695,16153,767,16920,225
2021-08-19,Yuba,115,75493,7738,7458,170,7628,51
2021-08-18,Alameda,001,1643700,106252,102696,2490,105186,1294
2021-08-18,Alpine,003,1148,91,91,0,91,0
2021-08-18,Amador,005,37829,4436,4279,40,4319,50
2021-08-18,Butte,007,227075,14953,14426,2510,16936,208
2021-08-18,Calaveras,009,45235,2785,2643,20,2663,59
2021-08-18,Colusa,011,21464,2228,2160,457,2617,16
2021-08-18,Contra Costa,013,1133247,86362,82767,1770,84537,851
2021-08-18,Del Norte,015,27424,2503,2219,16,2235,8
2021-08-18,El Dorado,017,186661,12940,12306,1133,13439,118
2021-08-18,Fresno,019,978130,112963,110523,10212,120735,1759
2021-08-18,Glenn,021,27897,2690,2623,694,3317,20
2021-08-18,Humboldt,023,135768,6547,6195,151,6346,52
2021-08-18,Imperial,025,180216,29979,29821,3011,32832,746
2021-08-18,Inyo,027,18085,1499,1494,5,1499,39
2021-08-18,Kern,029,883053,105183,103440,14253,117693,1370
2021-08-18,Kings,031,150075,25590,24984,1453,26437,256
2021-08-18,Lake,033,64148,5138,4957,46,5003,69
2021-08-18,Lassen,035,31185,5598,5506,151,5657,21
2021-08-18,Los Angeles,037,10098052,1325820,1311477,51345,1362822,24984
2021-08-18,Madera,039,155013,18383,17871,1260,19131,246
2021-08-18,Marin,041,260295,15958,15610,330,15940,240
2021-08-18,Mariposa,043,17540,657,615,15,630,5
2021-08-18,Mendocino,045,87422,5437,5129,171,5300,51
2021-08-18,Merced,047,269075,34351,33708,1209,34917,484
2021-08-18,Modoc,049,8938,442,427,153,580,6
2021-08-18,Mono,051,14174,1373,1344,14,1358,3
2021-08-18,Monterey,053,433212,45100,44735,2427,47162,532
2021-08-18,Napa,055,140530,11305,11060,65,11125,83
2021-08-18,Nevada,057,99092,6971,6633,235,6868,76
2021-08-18,Orange,059,3164182,281769,277795,13414,291209,5168
2021-08-18,Placer,061,380077,29340,27741,2524,30265,312
2021-08-18,Plumas,063,18699,937,874,16,890,5
2021-08-18,Riverside,065,2383286,321852,317107,15759,332866,4585
2021-08-18,Sacramento,067,1510023,131032,125599,2749,128348,1781
2021-08-18,San Benito,069,59416,6578,6481,131,6612,64
2021-08-18,San Bernardino,071,2135413,320110,315477,10323,325800,5304
2021-08-18,San Diego,073,3302833,324652,318152,18706,336858,3834
2021-08-18,San Francisco,075,870044,46259,44957,2099,47056,568
2021-08-18,San Joaquin,077,732212,84169,81601,4529,86130,1491
2021-08-18,San Luis Obispo,079,281455,24292,23726,961,24687,270
2021-08-18,San Mateo,081,765935,48347,47255,936,48191,551
2021-08-18,Santa Barbara,083,443738,38549,37599,1449,39048,475
2021-08-18,Santa Clara,085,1922200,131648,128563,1008,129571,1773
2021-08-18,Santa Cruz,087,273765,17975,17566,966,18532,209
2021-08-18,Shasta,089,179085,14640,14087,2090,16177,213
2021-08-18,Sierra,091,2930,89,83,15,98,0
2021-08-18,Siskiyou,093,43540,2301,2204,620,2824,33
2021-08-18,Solano,095,438530,39843,37812,925,38737,271
2021-08-18,Sonoma,097,501317,36473,35063,450,35513,333
2021-08-18,Stanislaus,099,539301,64509,62613,7372,69985,1047
2021-08-18,Sutter,101,95872,11311,11004,126,11130,130
2021-08-18,Tehama,103,63373,5818,5653,753,6406,66
2021-08-18,Trinity,105,12862,499,409,116,525,3
2021-08-18,Tulare,107,460477,53621,52486,11272,63758,856
2021-08-18,Tuolumne,109,53932,5265,5081,51,5132,64
2021-08-18,Ventura,111,848112,88895,87835,3957,91792,1055
2021-08-18,Yolo,113,214977,16613,16047,747,16794,225
2021-08-18,Yuba,115,75493,7673,7391,170,7561,51
2021-08-17,Alameda,001,1643700,105836,102379,2474,104853,1290
2021-08-17,Alpine,003,1148,91,91,0,91,0
2021-08-17,Amador,005,37829,4407,4266,40,4306,50
2021-08-17,Butte,007,227075,14848,14357,2474,16831,206
2021-08-17,Calaveras,009,45235,2744,2624,20,2644,59
2021-08-17,Colusa,011,21464,2219,2156,453,2609,16
2021-08-17,Contra Costa,013,1133247,85915,82482,1760,84242,848
2021-08-17,Del Norte,015,27424,2449,2188,16,2204,8
2021-08-17,El Dorado,017,186661,12853,12242,1118,13360,118
2021-08-17,Fresno,019,978130,112485,110263,10150,120413,1755
2021-08-17,Glenn,021,27897,2676,2608,686,3294,20
2021-08-17,Humboldt,023,135768,6470,6155,148,6303,52
2021-08-17,Imperial,025,180216,29928,29768,3007,32775,746
2021-08-17,Inyo,027,18085,1496,1492,5,1497,39
2021-08-17,Kern,029,883053,104790,103048,14127,117175,1367
2021-08-17,Kings,031,150075,25483,24930,1442,26372,254
2021-08-17,Lake,033,64148,5095,4930,40,4970,68
2021-08-17,Lassen,035,31185,5581,5499,149,5648,21
2021-08-17,Los Angeles,037,10098052,1322290,1307999,51209,1359208,24952
2021-08-17,Madera,039,155013,18309,17838,1240,19078,246
2021-08-17,Marin,041,260295,15903,15570,330,15900,240
2021-08-17,Mariposa,043,17540,649,609,14,623,5
2021-08-17,Mendocino,045,87422,5382,5097,171,5268,51
2021-08-17,Merced,047,269075,34203,33508,1195,34703,482
2021-08-17,Modoc,049,8938,439,424,151,575,6
2021-08-17,Mono,051,14174,1367,1341,14,1355,3
2021-08-17,Monterey,053,433212,45023,44672,2411,47083,528
2021-08-17,Napa,055,140530,11264,11007,64,11071,83
2021-08-17,Nevada,057,99092,6897,6605,233,6838,75
2021-08-17,Orange,059,3164182,281128,277121,13378,290499,5164
2021-08-17,Placer,061,380077,29126,27634,2494,30128,312
2021-08-17,Plumas,063,18699,926,860,16,876,5
2021-08-17,Riverside,065,2383286,320837,316051,15720,331771,4582
2021-08-17,Sacramento,067,1510023,130241,125151,2706,127857,1774
2021-08-17,San Benito,069,59416,6559,6470,131,6601,64
2021-08-17,San Bernardino,071,2135413,319175,314402,10278,324680,5302
2021-08-17,San Diego,073,3302833,323037,317058,18610,335668,3824
2021-08-17,San Francisco,075,870044,46064,44820,2088,46908,567
2021-08-17,San Joaquin,077,732212,83702,81300,4496,85796,1489
2021-08-17,San Luis Obispo,079,281455,24135,23556,958,24514,268
2021-08-17,San Mateo,081,765935,48205,47127,917,48044,551
2021-08-17,Santa Barbara,083,443738,38394,37478,1441,38919,475
2021-08-17,Santa Clara,085,1922200,131246,128354,1003,129357,1773
2021-08-17,Santa Cruz,087,273765,17889,17528,964,18492,209
2021-08-17,Shasta,089,179085,14510,14012,2072,16084,214
2021-08-17,Sierra,091,2930,88,82,15,97,0
2021-08-17,Siskiyou,093,43540,2286,2183,606,2789,33
2021-08-17,Solano,095,438530,39630,37662,915,38577,269
2021-08-17,Sonoma,097,501317,36325,34943,446,35389,333
2021-08-17,Stanislaus,099,539301,64158,62385,7310,69695,1047
2021-08-17,Sutter,101,95872,11239,10973,126,11099,130
2021-08-17,Tehama,103,63373,5784,5612,731,6343,66
2021-08-17,Trinity,105,12862,494,406,113,519,3
2021-08-17,Tulare,107,460477,53354,52362,11204,63566,856
2021-08-17,Tuolumne,109,53932,5222,5042,50,5092,64
2021-08-17,Ventura,111,848112,88656,87601,3935,91536,1053
2021-08-17,Yolo,113,214977,16524,15975,732,16707,225
2021-08-17,Yuba,115,75493,7603,7355,170,7525,51
2021-08-16,Alameda,001,1643700,105336,102052,2462,104514,1287
2021-08-16,Alpine,003,1148,91,91,0,91,0
2021-08-16,Amador,005,37829,4397,4235,40,4275,50
2021-08-16,Butte,007,227075,14730,14283,2441,16724,206
2021-08-16,Calaveras,009,45235,2684,2609,19,2628,57
2021-08-16,Colusa,011,21464,2208,2147,449,2596,16
2021-08-16,Contra Costa,013,1133247,85376,82070,1750,83820,848
2021-08-16,Del Norte,015,27424,2372,2125,16,2141,8
2021-08-16,El Dorado,017,186661,12751,12139,1104,13243,118
2021-08-16,Fresno,019,978130,111985,109623,10103,119726,1753
2021-08-16,Glenn,021,27897,2657,2593,680,3273,20
2021-08-16,Humboldt,023,135768,6400,6064,125,6189,52
2021-08-16,Imperial,025,180216,29890,29737,2992,32729,746
2021-08-16,Inyo,027,18085,1493,1490,5,1495,39
2021-08-16,Kern,029,883053,104419,102690,14005,116695,1367
2021-08-16,Kings,031,150075,25381,24817,1432,26249,254
2021-08-16,Lake,033,64148,5068,4898,39,4937,68
2021-08-16,Lassen,035,31185,5565,5481,141,5622,21
2021-08-16,Los Angeles,037,10098052,1318918,1305330,51055,1356385,24923
2021-08-16,Madera,039,155013,18233,17756,1222,18978,246
2021-08-16,Marin,041,260295,15844,15497,329,15826,239
2021-08-16,Mariposa,043,17540,632,597,14,611,5
2021-08-16,Mendocino,045,87422,5326,5037,169,5206,49
2021-08-16,Merced,047,269075,34002,33364,1187,34551,481
2021-08-16,Modoc,049,8938,437,421,150,571,5
2021-08-16,Mono,051,14174,1358,1339,14,1353,3
2021-08-16,Monterey,053,433212,44961,44595,2383,46978,527
2021-08-16,Napa,055,140530,11235,10946,64,11010,83
2021-08-16,Nevada,057,99092,6841,6535,232,6767,74
2021-08-16,Orange,059,3164182,280337,275985,13330,289315,5161
2021-08-16,Placer,061,380077,28944,27384,2460,29844,306
2021-08-16,Plumas,063,18699,915,851,16,867,5
2021-08-16,Riverside,065,2383286,319747,314774,15683,330457,4582
2021-08-16,Sacramento,067,1510023,129434,124554,2663,127217,1762
2021-08-16,San Benito,069,59416,6535,6452,131,6583,64
2021-08-16,San Bernardino,071,2135413,318215,313617,10250,323867,5301
2021-08-16,San Diego,073,3302833,321430,315348,18474,333822,3824
2021-08-16,San Francisco,075,870044,45868,44681,2071,46752,567
2021-08-16,San Joaquin,077,732212,83201,81087,4466,85553,1488
2021-08-16,San Luis Obispo,079,281455,23986,23452,949,24401,265
2021-08-16,San Mateo,081,765935,48040,47024,894,47918,548
2021-08-16,Santa Barbara,083,443738,38227,37358,1436,38794,475
2021-08-16,Santa Clara,085,1922200,130783,127978,997,128975,1773
2021-08-16,Santa Cruz,087,273765,17828,17491,957,18448,209
2021-08-16,Shasta,089,179085,14420,13862,2054,15916,211
2021-08-16,Sierra,091,2930,85,82,15,97,0
2021-08-16,Siskiyou,093,43540,2269,2169,586,2755,33
2021-08-16,Solano,095,438530,39358,37436,901,38337,263
2021-08-16,Sonoma,097,501317,36154,34844,444,35288,333
2021-08-16,Stanislaus,099,539301,63796,62033,7258,69291,1039
2021-08-16,Sutter,101,95872,11170,10902,125,11027,130
2021-08-16,Tehama,103,63373,5720,5565,726,6291,66
2021-08-16,Trinity,105,12862,488,400,112,512,3
2021-08-16,Tulare,107,460477,53113,52162,11130,63292,856
2021-08-16,Tuolumne,109,53932,5183,4984,49,5033,64
2021-08-16,Ventura,111,848112,88406,86954,3917,90871,1052
2021-08-16,Yolo,113,214977,16425,15922,724,16646,225
2021-08-16,Yuba,115,75493,7519,7314,169,7483,51
2021-08-15,Alameda,001,1643700,104843,101660,2445,104105,1287
2021-08-15,Alpine,003,1148,91,91,0,91,0
2021-08-15,Amador,005,37829,4370,4231,40,4271,49
2021-08-15,Butte,007,227075,14605,14263,2417,16680,206
2021-08-15,Calaveras,009,45235,2637,2599,19,2618,57
2021-08-15,Colusa,011,21464,2196,2140,439,2579,16
2021-08-15,Contra Costa,013,1133247,84896,81781,1733,83514,848
2021-08-15,Del Norte,015,27424,2305,2060,16,2076,8
2021-08-15,El Dorado,017,186661,12616,12057,1087,13144,118
2021-08-15,Fresno,019,978130,111511,109382,10040,119422,1753
2021-08-15,Glenn,021,27897,2633,2592,668,3260,20
2021-08-15,Humboldt,023,135768,6327,6024,118,6142,52
2021-08-15,Imperial,025,180216,29825,29711,2986,32697,746
2021-08-15,Inyo,027,18085,1492,1489,5,1494,39
2021-08-15,Kern,029,883053,103977,102524,13890,116414,1367
2021-08-15,Kings,031,150075,25231,24736,1422,26158,254
2021-08-15,Lake,033,64148,5009,4886,38,4924,68
2021-08-15,Lassen,035,31185,5549,5482,139,5621,21
2021-08-15,Los Angeles,037,10098052,1315401,1302882,50877,1353759,24918
2021-08-15,Madera,039,155013,18145,17714,1210,18924,246
2021-08-15,Marin,041,260295,15785,15461,327,15788,239
2021-08-15,Mariposa,043,17540,625,591,14,605,5
2021-08-15,Mendocino,045,87422,5270,5022,163,5185,49
2021-08-15,Merced,047,269075,33758,33305,1176,34481,481
2021-08-15,Modoc,049,8938,435,421,150,571,5
2021-08-15,Mono,051,14174,1350,1334,14,1348,3
2021-08-15,Monterey,053,433212,44849,44567,2351,46918,527
2021-08-15,Napa,055,140530,11180,10919,64,10983,83
2021-08-15,Nevada,057,99092,6757,6486,232,6718,74
2021-08-15,Orange,059,3164182,279561,275447,13289,288736,5161
2021-08-15,Placer,061,380077,28722,27220,2411,29631,306
2021-08-15,Plumas,063,18699,903,850,16,866,5
2021-08-15,Riverside,065,2383286,318611,314133,15651,329784,4582
2021-08-15,Sacramento,067,1510023,128622,123924,2630,126554,1761
2021-08-15,San Benito,069,59416,6517,6446,130,6576,64
2021-08-15,San Bernardino,071,2135413,317139,313120,10218,323338,5301
2021-08-15,San Diego,073,3302833,319947,314247,18359,332606,3824
2021-08-15,San Francisco,075,870044,45646,44531,2048,46579,567
2021-08-15,San Joaquin,077,732212,82714,80832,4424,85256,1488
2021-08-15,San Luis Obispo,079,281455,23790,23404,939,24343,265
2021-08-15,San Mateo,081,765935,47875,46897,870,47767,548
2021-08-15,Santa Barbara,083,443738,38058,37276,1429,38705,475
2021-08-15,Santa Clara,085,1922200,130350,127715,991,128706,1773
2021-08-15,Santa Cruz,087,273765,17759,17440,949,18389,209
2021-08-15,Shasta,089,179085,14317,13835,2028,15863,211
2021-08-15,Sierra,091,2930,84,82,14,96,0
2021-08-15,Siskiyou,093,43540,2248,2169,572,2741,33
2021-08-15,Solano,095,438530,39119,37320,890,38210,263
2021-08-15,Sonoma,097,501317,35958,34706,436,35142,333
2021-08-15,Stanislaus,099,539301,63406,61795,7180,68975,1039
2021-08-15,Sutter,101,95872,11079,10863,125,10988,130
2021-08-15,Tehama,103,63373,5671,5550,720,6270,66
2021-08-15,Trinity,105,12862,485,400,110,510,3
2021-08-15,Tulare,107,460477,52857,52046,11069,63115,856
2021-08-15,Tuolumne,109,53932,5145,4934,47,4981,64
2021-08-15,Ventura,111,848112,88101,86797,3902,90699,1052
2021-08-15,Yolo,113,214977,16331,15873,713,16586,225
2021-08-15,Yuba,115,75493,7442,7265,168,7433,51
2021-08-14,Alameda,001,1643700,104623,101305,2441,103746,1287
2021-08-14,Alpine,003,1148,91,91,0,91,0
2021-08-14,Amador,005,37829,4352,4206,40,4246,49
2021-08-14,Butte,007,227075,14568,14192,2401,16593,206
2021-08-14,Calaveras,009,45235,2632,2579,19,2598,57
2021-08-14,Colusa,011,21464,2186,2134,435,2569,16
2021-08-14,Contra Costa,013,1133247,84648,81458,1725,83183,848
2021-08-14,Del Norte,015,27424,2278,2015,16,2031,8
2021-08-14,El Dorado,017,186661,12580,12019,1078,13097,118
2021-08-14,Fresno,019,978130,111353,109056,10010,119066,1753
2021-08-14,Glenn,021,27897,2622,2583,666,3249,20
2021-08-14,Humboldt,023,135768,6273,5998,114,6112,52
2021-08-14,Imperial,025,180216,29798,29671,2986,32657,746
2021-08-14,Inyo,027,18085,1490,1487,5,1492,39
2021-08-14,Kern,029,883053,103783,102306,13793,116099,1367
2021-08-14,Kings,031,150075,25137,24647,1413,26060,254
2021-08-14,Lake,033,64148,4992,4850,37,4887,68
2021-08-14,Lassen,035,31185,5542,5475,138,5613,21
2021-08-14,Los Angeles,037,10098052,1313639,1299346,50737,1350083,24911
2021-08-14,Madera,039,155013,18098,17691,1206,18897,246
2021-08-14,Marin,041,260295,15751,15441,326,15767,239
2021-08-14,Mariposa,043,17540,621,584,14,598,5
2021-08-14,Mendocino,045,87422,5234,4977,160,5137,49
2021-08-14,Merced,047,269075,33694,33234,1170,34404,481
2021-08-14,Modoc,049,8938,435,421,150,571,5
2021-08-14,Mono,051,14174,1348,1332,14,1346,3
2021-08-14,Monterey,053,433212,44810,44514,2343,46857,527
2021-08-14,Napa,055,140530,11150,10878,63,10941,83
2021-08-14,Nevada,057,99092,6722,6419,231,6650,74
2021-08-14,Orange,059,3164182,279128,274732,13260,287992,5161
2021-08-14,Placer,061,380077,28577,27115,2386,29501,306
2021-08-14,Plumas,063,18699,894,849,16,865,5
2021-08-14,Riverside,065,2383286,317898,313264,15628,328892,4582
2021-08-14,Sacramento,067,1510023,128130,123438,2612,126050,1758
2021-08-14,San Benito,069,59416,6504,6428,130,6558,64
2021-08-14,San Bernardino,071,2135413,316589,312142,10197,322339,5301
2021-08-14,San Diego,073,3302833,319276,313589,18291,331880,3824
2021-08-14,San Francisco,075,870044,45520,44353,2027,46380,567
2021-08-14,San Joaquin,077,732212,82498,80585,4409,84994,1488
2021-08-14,San Luis Obispo,079,281455,23731,23328,936,24264,265
2021-08-14,San Mateo,081,765935,47765,46792,858,47650,548
2021-08-14,Santa Barbara,083,443738,37965,37118,1425,38543,475
2021-08-14,Santa Clara,085,1922200,130071,127432,988,128420,1772
2021-08-14,Santa Cruz,087,273765,17720,17384,948,18332,209
2021-08-14,Shasta,089,179085,14241,13813,2007,15820,211
2021-08-14,Sierra,091,2930,84,81,14,95,0
2021-08-14,Siskiyou,093,43540,2238,2160,562,2722,33
2021-08-14,Solano,095,438530,39032,37237,878,38115,263
2021-08-14,Sonoma,097,501317,35835,34606,434,35040,333
2021-08-14,Stanislaus,099,539301,63216,61564,7135,68699,1039
2021-08-14,Sutter,101,95872,11034,10808,124,10932,130
2021-08-14,Tehama,103,63373,5647,5530,716,6246,66
2021-08-14,Trinity,105,12862,480,399,110,509,3
2021-08-14,Tulare,107,460477,52722,51951,11023,62974,856
2021-08-14,Tuolumne,109,53932,5110,4924,47,4971,64
2021-08-14,Ventura,111,848112,87945,86569,3882,90451,1052
2021-08-14,Yolo,113,214977,16286,15815,703,16518,225
2021-08-14,Yuba,115,75493,7393,7223,168,7391,51
2021-08-13,Alameda,001,1643700,104324,100930,2432,103362,1284
2021-08-13,Alpine,003,1148,91,91,0,91,0
2021-08-13,Amador,005,37829,4324,4169,40,4209,49
2021-08-13,Butte,007,227075,14497,14100,2385,16485,206
2021-08-13,Calaveras,009,45235,2623,2564,19,2583,57
2021-08-13,Colusa,011,21464,2179,2123,430,2553,16
2021-08-13,Contra Costa,013,1133247,84336,81046,1717,82763,848
2021-08-13,Del Norte,015,27424,2237,1973,16,1989,8
2021-08-13,El Dorado,017,186661,12542,11951,1065,13016,118
2021-08-13,Fresno,019,978130,111065,108638,9989,118627,1753
2021-08-13,Glenn,021,27897,2611,2574,664,3238,20
2021-08-13,Humboldt,023,135768,6226,5882,111,5993,52
2021-08-13,Imperial,025,180216,29770,29654,2985,32639,745
2021-08-13,Inyo,027,18085,1489,1484,5,1489,39
2021-08-13,Kern,029,883053,103575,102029,13684,115713,1364
2021-08-13,Kings,031,150075,25054,24531,1405,25936,253
2021-08-13,Lake,033,64148,4969,4811,36,4847,68
2021-08-13,Lassen,035,31185,5534,5455,137,5592,21
2021-08-13,Los Angeles,037,10098052,1311333,1295406,50600,1346006,24891
2021-08-13,Madera,039,155013,18049,17614,1199,18813,246
2021-08-13,Marin,041,260295,15721,15380,326,15706,239
2021-08-13,Mariposa,043,17540,615,577,14,591,5
2021-08-13,Mendocino,045,87422,5187,4924,158,5082,49
2021-08-13,Merced,047,269075,33646,33111,1165,34276,480
2021-08-13,Modoc,049,8938,434,421,149,570,5
2021-08-13,Mono,051,14174,1346,1331,14,1345,3
2021-08-13,Monterey,053,433212,44757,44450,2335,46785,527
2021-08-13,Napa,055,140530,11114,10830,63,10893,83
2021-08-13,Nevada,057,99092,6681,6356,230,6586,74
2021-08-13,Orange,059,3164182,278635,274004,13211,287215,5159
2021-08-13,Placer,061,380077,28478,26987,2357,29344,306
2021-08-13,Plumas,063,18699,880,842,16,858,5
2021-08-13,Riverside,065,2383286,317162,312408,15603,328011,4581
2021-08-13,Sacramento,067,1510023,127664,122868,2584,125452,1758
2021-08-13,San Benito,069,59416,6498,6422,128,6550,64
2021-08-13,San Bernardino,071,2135413,315922,311378,10178,321556,5301
2021-08-13,San Diego,073,3302833,318230,312293,18211,330504,3821
2021-08-13,San Francisco,075,870044,45384,44196,2002,46198,567
2021-08-13,San Joaquin,077,732212,82284,80232,4392,84624,1481
2021-08-13,San Luis Obispo,079,281455,23670,23226,933,24159,265
2021-08-13,San Mateo,081,765935,47655,46660,849,47509,548
2021-08-13,Santa Barbara,083,443738,37882,37023,1421,38444,474
2021-08-13,Santa Clara,085,1922200,129784,126958,983,127941,1769
2021-08-13,Santa Cruz,087,273765,17681,17332,941,18273,209
2021-08-13,Shasta,089,179085,14177,13698,1993,15691,211
2021-08-13,Sierra,091,2930,83,81,14,95,0
2021-08-13,Siskiyou,093,43540,2229,2147,558,2705,33
2021-08-13,Solano,095,438530,38900,37104,870,37974,264
2021-08-13,Sonoma,097,501317,35730,34464,434,34898,333
2021-08-13,Stanislaus,099,539301,63033,61294,7093,68387,1039
2021-08-13,Sutter,101,95872,10990,10751,123,10874,130
2021-08-13,Tehama,103,63373,5623,5496,714,6210,66
2021-08-13,Trinity,105,12862,477,392,110,502,3
2021-08-13,Tulare,107,460477,52618,51770,10948,62718,856
2021-08-13,Tuolumne,109,53932,5077,4899,46,4945,64
2021-08-13,Ventura,111,848112,87788,86368,3868,90236,1052
2021-08-13,Yolo,113,214977,16233,15761,693,16454,225
2021-08-13,Yuba,115,75493,7356,7184,168,7352,51
2021-08-12,Alameda,001,1643700,103824,100472,2418,102890,1284
2021-08-12,Alpine,003,1148,91,91,0,91,0
2021-08-12,Amador,005,37829,4294,4161,39,4200,49
2021-08-12,Butte,007,227075,14420,14006,2366,16372,206
2021-08-12,Calaveras,009,45235,2603,2531,19,2550,57
2021-08-12,Colusa,011,21464,2174,2111,429,2540,17
2021-08-12,Contra Costa,013,1133247,83855,80738,1707,82445,846
2021-08-12,Del Norte,015,27424,2165,1923,16,1939,8
2021-08-12,El Dorado,017,186661,12426,11880,1057,12937,118
2021-08-12,Fresno,019,978130,110649,108193,9928,118121,1753
2021-08-12,Glenn,021,27897,2603,2559,657,3216,20
2021-08-12,Humboldt,023,135768,6156,5845,107,5952,52
2021-08-12,Imperial,025,180216,29714,29585,2979,32564,745
2021-08-12,Inyo,027,18085,1487,1483,5,1488,39
2021-08-12,Kern,029,883053,103291,101698,13601,115299,1364
2021-08-12,Kings,031,150075,24955,24423,1395,25818,252
2021-08-12,Lake,033,64148,4944,4774,35,4809,68
2021-08-12,Lassen,035,31185,5512,5428,136,5564,21
2021-08-12,Los Angeles,037,10098052,1308156,1291875,50461,1342336,24874
2021-08-12,Madera,039,155013,17985,17564,1189,18753,246
2021-08-12,Marin,041,260295,15672,15277,322,15599,239
2021-08-12,Mariposa,043,17540,606,568,13,581,5
2021-08-12,Mendocino,045,87422,5157,4873,152,5025,49
2021-08-12,Merced,047,269075,33522,32960,1158,34118,480
2021-08-12,Modoc,049,8938,433,423,149,572,5
2021-08-12,Mono,051,14174,1343,1325,14,1339,3
2021-08-12,Monterey,053,433212,44692,44383,2307,46690,527
2021-08-12,Napa,055,140530,11065,10780,62,10842,83
2021-08-12,Nevada,057,99092,6620,6283,230,6513,74
2021-08-12,Orange,059,3164182,277960,273167,13153,286320,5158
2021-08-12,Placer,061,380077,28278,26856,2333,29189,306
2021-08-12,Plumas,063,18699,872,829,16,845,5
2021-08-12,Riverside,065,2383286,316155,311304,15569,326873,4575
2021-08-12,Sacramento,067,1510023,126895,122222,2552,124774,1758
2021-08-12,San Benito,069,59416,6482,6398,125,6523,64
2021-08-12,San Bernardino,071,2135413,315047,310420,10147,320567,5297
2021-08-12,San Diego,073,3302833,316853,310596,18126,328722,3821
2021-08-12,San Francisco,075,870044,45179,43774,1985,45759,564
2021-08-12,San Joaquin,077,732212,81891,79945,4368,84313,1479
2021-08-12,San Luis Obispo,079,281455,23571,23101,919,24020,264
2021-08-12,San Mateo,081,765935,47522,46435,835,47270,548
2021-08-12,Santa Barbara,083,443738,37747,36881,1410,38291,473
2021-08-12,Santa Clara,085,1922200,129335,126614,977,127591,1769
2021-08-12,Santa Cruz,087,273765,17618,17261,939,18200,209
2021-08-12,Shasta,089,179085,14091,13621,1967,15588,211
2021-08-12,Sierra,091,2930,83,81,14,95,0
2021-08-12,Siskiyou,093,43540,2222,2134,548,2682,33
2021-08-12,Solano,095,438530,38675,36980,862,37842,262
2021-08-12,Sonoma,097,501317,35582,34299,431,34730,333
2021-08-12,Stanislaus,099,539301,62758,61026,7033,68059,1039
2021-08-12,Sutter,101,95872,10929,10695,121,10816,130
2021-08-12,Tehama,103,63373,5594,5462,704,6166,66
2021-08-12,Trinity,105,12862,473,386,109,495,3
2021-08-12,Tulare,107,460477,52474,51632,10896,62528,856
2021-08-12,Tuolumne,109,53932,5030,4845,44,4889,64
2021-08-12,Ventura,111,848112,87553,86106,3844,89950,1052
2021-08-12,Yolo,113,214977,16162,15686,680,16366,224
2021-08-12,Yuba,115,75493,7308,7128,167,7295,51
2021-08-11,Alameda,001,1643700,103293,100040,2413,102453,1281
2021-08-11,Alpine,003,1148,91,91,0,91,0
2021-08-11,Amador,005,37829,4270,4127,39,4166,49
2021-08-11,Butte,007,227075,14316,13905,2341,16246,206
2021-08-11,Calaveras,009,45235,2581,2505,19,2524,57
2021-08-11,Colusa,011,21464,2164,2101,427,2528,16
2021-08-11,Contra Costa,013,1133247,83357,80275,1693,81968,843
2021-08-11,Del Norte,015,27424,2106,1893,16,1909,8
2021-08-11,El Dorado,017,186661,12313,11799,1045,12844,119
2021-08-11,Fresno,019,978130,110192,107773,9885,117658,1751
2021-08-11,Glenn,021,27897,2595,2547,650,3197,20
2021-08-11,Humboldt,023,135768,6109,5765,106,5871,52
2021-08-11,Imperial,025,180216,29671,29565,2975,32540,745
2021-08-11,Inyo,027,18085,1487,1483,5,1488,39
2021-08-11,Kern,029,883053,102979,101448,13488,114936,1363
2021-08-11,Kings,031,150075,24841,24304,1386,25690,250
2021-08-11,Lake,033,64148,4907,4713,34,4747,68
2021-08-11,Lassen,035,31185,5503,5408,134,5542,21
2021-08-11,Los Angeles,037,10098052,1304852,1288238,50267,1338505,24851
2021-08-11,Madera,039,155013,17935,17511,1178,18689,245
2021-08-11,Marin,041,260295,15623,15235,322,15557,239
2021-08-11,Mariposa,043,17540,596,554,12,566,5
2021-08-11,Mendocino,045,87422,5088,4796,144,4940,49
2021-08-11,Merced,047,269075,33389,32802,1153,33955,479
2021-08-11,Modoc,049,8938,433,421,149,570,5
2021-08-11,Mono,051,14174,1338,1320,14,1334,3
2021-08-11,Monterey,053,433212,44602,44314,2280,46594,527
2021-08-11,Napa,055,140530,11024,10732,62,10794,83
2021-08-11,Nevada,057,99092,6566,6172,227,6399,74
2021-08-11,Orange,059,3164182,277111,272212,13109,285321,5155
2021-08-11,Placer,061,380077,28066,26687,2307,28994,305
2021-08-11,Plumas,063,18699,863,824,16,840,5
2021-08-11,Riverside,065,2383286,315172,310265,15525,325790,4570
2021-08-11,Sacramento,067,1510023,126102,121603,2508,124111,1757
2021-08-11,San Benito,069,59416,6469,6381,125,6506,64
2021-08-11,San Bernardino,071,2135413,314155,309498,10125,319623,5296
2021-08-11,San Diego,073,3302833,315367,309406,18027,327433,3818
2021-08-11,San Francisco,075,870044,44958,43555,1975,45530,564
2021-08-11,San Joaquin,077,732212,81487,79641,4341,83982,1478
2021-08-11,San Luis Obispo,079,281455,23467,22920,912,23832,264
2021-08-11,San Mateo,081,765935,47366,46300,821,47121,548
2021-08-11,Santa Barbara,083,443738,37586,36699,1400,38099,472
2021-08-11,Santa Clara,085,1922200,128856,126301,968,127269,1769
2021-08-11,Santa Cruz,087,273765,17552,17191,936,18127,209
2021-08-11,Shasta,089,179085,14017,13546,1951,15497,211
2021-08-11,Sierra,091,2930,82,81,14,95,0
2021-08-11,Siskiyou,093,43540,2208,2124,541,2665,33
2021-08-11,Solano,095,438530,38448,36862,848,37710,262
2021-08-11,Sonoma,097,501317,35405,34188,426,34614,333
2021-08-11,Stanislaus,099,539301,62415,60767,7002,67769,1037
2021-08-11,Sutter,101,95872,10857,10628,121,10749,130
2021-08-11,Tehama,103,63373,5564,5410,687,6097,66
2021-08-11,Trinity,105,12862,471,385,109,494,3
2021-08-11,Tulare,107,460477,52309,51464,10848,62312,854
2021-08-11,Tuolumne,109,53932,4998,4794,44,4838,64
2021-08-11,Ventura,111,848112,87302,85863,3822,89685,1051
2021-08-11,Yolo,113,214977,16088,15593,666,16259,218
2021-08-11,Yuba,115,75493,7249,7063,166,7229,53
2021-08-10,Alameda,001,1643700,102806,99771,2404,102175,1281
2021-08-10,Alpine,003,1148,91,91,0,91,0
2021-08-10,Amador,005,37829,4254,4093,39,4132,49
2021-08-10,Butte,007,227075,14232,13853,2319,16172,205
2021-08-10,Calaveras,009,45235,2558,2491,17,2508,57
2021-08-10,Colusa,011,21464,2151,2088,418,2506,16
2021-08-10,Contra Costa,013,1133247,82819,80018,1683,81701,840
2021-08-10,Del Norte,015,27424,2062,1870,16,1886,8
2021-08-10,El Dorado,017,186661,12214,11734,1035,12769,117
2021-08-10,Fresno,019,978130,109742,107616,9832,117448,1747
2021-08-10,Glenn,021,27897,2582,2538,643,3181,20
2021-08-10,Humboldt,023,135768,6055,5718,103,5821,52
2021-08-10,Imperial,025,180216,29635,29522,2969,32491,745
2021-08-10,Inyo,027,18085,1487,1482,5,1487,39
2021-08-10,Kern,029,883053,102655,101254,13387,114641,1359
2021-08-10,Kings,031,150075,24713,24252,1370,25622,251
2021-08-10,Lake,033,64148,4867,4700,33,4733,67
2021-08-10,Lassen,035,31185,5485,5401,134,5535,21
2021-08-10,Los Angeles,037,10098052,1301119,1285140,50096,1335236,24821
2021-08-10,Madera,039,155013,17863,17481,1168,18649,245
2021-08-10,Marin,041,260295,15576,15194,322,15516,239
2021-08-10,Mariposa,043,17540,583,550,12,562,5
2021-08-10,Mendocino,045,87422,5043,4775,141,4916,49
2021-08-10,Merced,047,269075,33241,32721,1145,33866,477
2021-08-10,Modoc,049,8938,432,421,149,570,5
2021-08-10,Mono,051,14174,1333,1320,14,1334,3
2021-08-10,Monterey,053,433212,44552,44259,2254,46513,527
2021-08-10,Napa,055,140530,10968,10703,61,10764,83
2021-08-10,Nevada,057,99092,6500,6151,226,6377,73
2021-08-10,Orange,059,3164182,276234,271688,13059,284747,5155
2021-08-10,Placer,061,380077,27847,26561,2264,28825,305
2021-08-10,Plumas,063,18699,854,816,16,832,5
2021-08-10,Riverside,065,2383286,314061,309529,15499,325028,4564
2021-08-10,Sacramento,067,1510023,125249,121159,2479,123638,1755
2021-08-10,San Benito,069,59416,6455,6371,125,6496,64
2021-08-10,San Bernardino,071,2135413,313235,308672,10108,318780,5295
2021-08-10,San Diego,073,3302833,313705,308288,17950,326238,3815
2021-08-10,San Francisco,075,870044,44719,43389,1946,45335,564
2021-08-10,San Joaquin,077,732212,81087,79391,4324,83715,1478
2021-08-10,San Luis Obispo,079,281455,23341,22776,910,23686,264
2021-08-10,San Mateo,081,765935,47208,46184,803,46987,548
2021-08-10,Santa Barbara,083,443738,37422,36574,1393,37967,472
2021-08-10,Santa Clara,085,1922200,128396,126019,959,126978,1770
2021-08-10,Santa Cruz,087,273765,17469,17142,934,18076,209
2021-08-10,Shasta,089,179085,13940,13461,1926,15387,211
2021-08-10,Sierra,091,2930,82,76,14,90,0
2021-08-10,Siskiyou,093,43540,2200,2088,533,2621,33
2021-08-10,Solano,095,438530,38212,36767,839,37606,262
2021-08-10,Sonoma,097,501317,35261,34054,423,34477,333
2021-08-10,Stanislaus,099,539301,62067,60605,6964,67569,1037
2021-08-10,Sutter,101,95872,10792,10569,121,10690,130
2021-08-10,Tehama,103,63373,5535,5392,682,6074,66
2021-08-10,Trinity,105,12862,471,384,109,493,3
2021-08-10,Tulare,107,460477,52147,51390,10796,62186,854
2021-08-10,Tuolumne,109,53932,4970,4780,42,4822,64
2021-08-10,Ventura,111,848112,87014,85714,3801,89515,1051
2021-08-10,Yolo,113,214977,16002,15568,654,16222,218
2021-08-10,Yuba,115,75493,7199,7028,166,7194,50
2021-08-09,Alameda,001,1643700,102245,99496,2400,101896,1276
2021-08-09,Alpine,003,1148,91,91,0,91,0
2021-08-09,Amador,005,37829,4228,4078,39,4117,48
2021-08-09,Butte,007,227075,14138,13813,2286,16099,205
2021-08-09,Calaveras,009,45235,2530,2472,17,2489,57
2021-08-09,Colusa,011,21464,2141,2075,410,2485,16
2021-08-09,Contra Costa,013,1133247,82275,79740,1672,81412,840
2021-08-09,Del Norte,015,27424,1994,1848,16,1864,8
2021-08-09,El Dorado,017,186661,12106,11672,1021,12693,117
2021-08-09,Fresno,019,978130,109250,107310,9796,117106,1747
2021-08-09,Glenn,021,27897,2571,2532,633,3165,20
2021-08-09,Humboldt,023,135768,5964,5632,101,5733,52
2021-08-09,Imperial,025,180216,29591,29512,2965,32477,745
2021-08-09,Inyo,027,18085,1487,1481,5,1486,39
2021-08-09,Kern,029,883053,102346,101069,13299,114368,1359
2021-08-09,Kings,031,150075,24607,24155,1354,25509,250
2021-08-09,Lake,033,64148,4832,4670,31,4701,66
2021-08-09,Lassen,035,31185,5463,5393,133,5526,21
2021-08-09,Los Angeles,037,10098052,1297128,1282891,49899,1332790,24798
2021-08-09,Madera,039,155013,17804,17429,1148,18577,245
2021-08-09,Marin,041,260295,15523,15154,321,15475,239
2021-08-09,Mariposa,043,17540,570,545,12,557,5
2021-08-09,Mendocino,045,87422,4992,4732,133,4865,49
2021-08-09,Merced,047,269075,33095,32666,1138,33804,477
2021-08-09,Modoc,049,8938,432,419,149,568,5
2021-08-09,Mono,051,14174,1330,1337,14,1351,3
2021-08-09,Monterey,053,433212,44488,44190,2229,46419,527
2021-08-09,Napa,055,140530,10921,10679,61,10740,83
2021-08-09,Nevada,057,99092,6430,6088,225,6313,73
2021-08-09,Orange,059,3164182,275203,271036,13007,284043,5153
2021-08-09,Placer,061,380077,27625,26457,2232,28689,305
2021-08-09,Plumas,063,18699,836,803,16,819,5
2021-08-09,Riverside,065,2383286,312984,308678,15479,324157,4562
2021-08-09,Sacramento,067,1510023,124418,120812,2453,123265,1748
2021-08-09,San Benito,069,59416,6435,6359,123,6482,63
2021-08-09,San Bernardino,071,2135413,312253,308038,10084,318122,5295
2021-08-09,San Diego,073,3302833,312033,306855,17855,324710,3811
2021-08-09,San Francisco,075,870044,44478,43261,1926,45187,564
2021-08-09,San Joaquin,077,732212,80705,79198,4306,83504,1469
2021-08-09,San Luis Obispo,079,281455,23204,22695,901,23596,264
2021-08-09,San Mateo,081,765935,47053,46040,782,46822,548
2021-08-09,Santa Barbara,083,443738,37238,36474,1386,37860,470
2021-08-09,Santa Clara,085,1922200,127892,125791,948,126739,2187
2021-08-09,Santa Cruz,087,273765,17408,17082,934,18016,209
2021-08-09,Shasta,089,179085,13824,13397,1915,15312,210
2021-08-09,Sierra,091,2930,81,75,14,89,0
2021-08-09,Siskiyou,093,43540,2189,2047,515,2562,32
2021-08-09,Solano,095,438530,37947,36653,836,37489,262
2021-08-09,Sonoma,097,501317,35081,33933,421,34354,333
2021-08-09,Stanislaus,099,539301,61786,60410,6911,67321,1037
2021-08-09,Sutter,101,95872,10744,10525,118,10643,129
2021-08-09,Tehama,103,63373,5492,5373,680,6053,66
2021-08-09,Trinity,105,12862,469,378,107,485,3
2021-08-09,Tulare,107,460477,51991,51274,10730,62004,854
2021-08-09,Tuolumne,109,53932,4928,4745,42,4787,64
2021-08-09,Ventura,111,848112,86743,85514,3791,89305,1047
2021-08-09,Yolo,113,214977,15924,15521,633,16154,218
2021-08-09,Yuba,115,75493,7142,6994,166,7160,50
2021-08-08,Alameda,001,1643700,101689,99135,2392,101527,1276
2021-08-08,Alpine,003,1148,91,91,0,91,0
2021-08-08,Amador,005,37829,4194,4057,38,4095,48
2021-08-08,Butte,007,227075,14053,13791,2267,16058,205
2021-08-08,Calaveras,009,45235,2498,2462,17,2479,57
2021-08-08,Colusa,011,21464,2124,2070,403,2473,16
2021-08-08,Contra Costa,013,1133247,81752,79454,1665,81119,840
2021-08-08,Del Norte,015,27424,1948,1810,16,1826,8
2021-08-08,El Dorado,017,186661,11988,11631,1010,12641,117
2021-08-08,Fresno,019,978130,108812,107078,9763,116841,1747
2021-08-08,Glenn,021,27897,2561,2527,628,3155,20
2021-08-08,Humboldt,023,135768,5873,5571,101,5672,52
2021-08-08,Imperial,025,180216,29567,29485,2955,32440,745
2021-08-08,Inyo,027,18085,1487,1481,5,1486,39
2021-08-08,Kern,029,883053,102027,100909,13186,114095,1359
2021-08-08,Kings,031,150075,24493,24095,1345,25440,250
2021-08-08,Lake,033,64148,4782,4636,30,4666,66
2021-08-08,Lassen,035,31185,5448,5391,132,5523,21
2021-08-08,Los Angeles,037,10098052,1292896,1279982,49709,1329691,24793
2021-08-08,Madera,039,155013,17727,17398,1131,18529,245
2021-08-08,Marin,041,260295,15470,15124,319,15443,239
2021-08-08,Mariposa,043,17540,566,538,12,550,5
2021-08-08,Mendocino,045,87422,4930,4702,119,4821,49
2021-08-08,Merced,047,269075,32949,32634,1128,33762,477
2021-08-08,Modoc,049,8938,431,419,148,567,5
2021-08-08,Mono,051,14174,1326,1336,14,1350,3
2021-08-08,Monterey,053,433212,44427,44171,2208,46379,527
2021-08-08,Napa,055,140530,10885,10668,61,10729,83
2021-08-08,Nevada,057,99092,6345,6009,223,6232,73
2021-08-08,Orange,059,3164182,274293,270532,12967,283499,5153
2021-08-08,Placer,061,380077,27420,26332,2190,28522,305
2021-08-08,Plumas,063,18699,827,803,16,819,5
2021-08-08,Riverside,065,2383286,311864,308042,15453,323495,4562
2021-08-08,Sacramento,067,1510023,123592,120109,2441,122550,1744
2021-08-08,San Benito,069,59416,6418,6350,122,6472,63
2021-08-08,San Bernardino,071,2135413,311107,307378,10054,317432,5295
2021-08-08,San Diego,073,3302833,310686,305983,17761,323744,3811
2021-08-08,San Francisco,075,870044,44226,43098,1899,44997,564
2021-08-08,San Joaquin,077,732212,80257,79002,4290,83292,1469
2021-08-08,San Luis Obispo,079,281455,23030,22668,893,23561,263
2021-08-08,San Mateo,081,765935,46876,45927,767,46694,548
2021-08-08,Santa Barbara,083,443738,37062,36417,1379,37796,470
2021-08-08,Santa Clara,085,1922200,127442,125553,942,126495,2187
2021-08-08,Santa Cruz,087,273765,17333,17035,929,17964,209
2021-08-08,Shasta,089,179085,13739,13381,1904,15285,210
2021-08-08,Sierra,091,2930,81,74,14,88,0
2021-08-08,Siskiyou,093,43540,2173,2041,510,2551,32
2021-08-08,Solano,095,438530,37716,36551,834,37385,262
2021-08-08,Sonoma,097,501317,34837,33805,420,34225,333
2021-08-08,Stanislaus,099,539301,61445,60269,6864,67133,1037
2021-08-08,Sutter,101,95872,10684,10481,117,10598,129
2021-08-08,Tehama,103,63373,5454,5359,677,6036,66
2021-08-08,Trinity,105,12862,464,378,107,485,3
2021-08-08,Tulare,107,460477,51811,51220,10670,61890,854
2021-08-08,Tuolumne,109,53932,4889,4731,42,4773,64
2021-08-08,Ventura,111,848112,86452,85382,3781,89163,1047
2021-08-08,Yolo,113,214977,15832,15477,626,16103,218
2021-08-08,Yuba,115,75493,7103,6967,166,7133,50
2021-08-07,Alameda,001,1643700,101439,98812,2386,101198,1276
2021-08-07,Alpine,003,1148,91,91,0,91,0
2021-08-07,Amador,005,37829,4177,4041,37,4078,48
2021-08-07,Butte,007,227075,14002,13714,2255,15969,205
2021-08-07,Calaveras,009,45235,2488,2446,17,2463,57
2021-08-07,Colusa,011,21464,2119,2067,394,2461,16
2021-08-07,Contra Costa,013,1133247,81457,79168,1661,80829,840
2021-08-07,Del Norte,015,27424,1916,1791,16,1807,8
2021-08-07,El Dorado,017,186661,11938,11575,1001,12576,117
2021-08-07,Fresno,019,978130,108611,106861,9741,116602,1747
2021-08-07,Glenn,021,27897,2555,2515,626,3141,20
2021-08-07,Humboldt,023,135768,5823,5510,98,5608,52
2021-08-07,Imperial,025,180216,29548,29470,2955,32425,745
2021-08-07,Inyo,027,18085,1485,1476,5,1481,39
2021-08-07,Kern,029,883053,101871,100693,13130,113823,1359
2021-08-07,Kings,031,150075,24435,24048,1339,25387,250
2021-08-07,Lake,033,64148,4761,4613,30,4643,66
2021-08-07,Lassen,035,31185,5444,5386,132,5518,21
2021-08-07,Los Angeles,037,10098052,1290902,1276853,49551,1326404,24786
2021-08-07,Madera,039,155013,17695,17366,1125,18491,245
2021-08-07,Marin,041,260295,15437,15085,317,15402,239
2021-08-07,Mariposa,043,17540,563,530,12,542,5
2021-08-07,Mendocino,045,87422,4894,4690,117,4807,49
2021-08-07,Merced,047,269075,32885,32569,1125,33694,477
2021-08-07,Modoc,049,8938,431,419,148,567,5
2021-08-07,Mono,051,14174,1324,1329,14,1343,3
2021-08-07,Monterey,053,433212,44379,44124,2199,46323,527
2021-08-07,Napa,055,140530,10864,10658,60,10718,83
2021-08-07,Nevada,057,99092,6295,5967,221,6188,73
2021-08-07,Orange,059,3164182,273706,269900,12935,282835,5153
2021-08-07,Placer,061,380077,27233,26244,2182,28426,305
2021-08-07,Plumas,063,18699,822,801,16,817,5
2021-08-07,Riverside,065,2383286,311194,307326,15444,322770,4562
2021-08-07,Sacramento,067,1510023,123091,119636,2436,122072,1744
2021-08-07,San Benito,069,59416,6408,6332,122,6454,63
2021-08-07,San Bernardino,071,2135413,310518,306663,10036,316699,5295
2021-08-07,San Diego,073,3302833,309932,304974,17723,322697,3811
2021-08-07,San Francisco,075,870044,44065,42926,1872,44798,564
2021-08-07,San Joaquin,077,732212,80093,78769,4276,83045,1469
2021-08-07,San Luis Obispo,079,281455,22964,22579,892,23471,263
2021-08-07,San Mateo,081,765935,46760,45804,756,46560,548
2021-08-07,Santa Barbara,083,443738,36966,36303,1373,37676,470
2021-08-07,Santa Clara,085,1922200,127171,125196,937,126133,2188
2021-08-07,Santa Cruz,087,273765,17291,16994,927,17921,209
2021-08-07,Shasta,089,179085,13684,13361,1896,15257,210
2021-08-07,Sierra,091,2930,81,74,14,88,0
2021-08-07,Siskiyou,093,43540,2161,2039,508,2547,32
2021-08-07,Solano,095,438530,37601,36458,826,37284,262
2021-08-07,Sonoma,097,501317,34715,33716,420,34136,333
2021-08-07,Stanislaus,099,539301,61257,60093,6833,66926,1037
2021-08-07,Sutter,101,95872,10647,10447,117,10564,129
2021-08-07,Tehama,103,63373,5444,5343,672,6015,66
2021-08-07,Trinity,105,12862,460,377,106,483,3
2021-08-07,Tulare,107,460477,51725,51133,10632,61765,854
2021-08-07,Tuolumne,109,53932,4859,4721,42,4763,64
2021-08-07,Ventura,111,848112,86272,85232,3765,88997,1047
2021-08-07,Yolo,113,214977,15789,15423,618,16041,218
2021-08-07,Yuba,115,75493,7079,6937,164,7101,50
2021-08-06,Alameda,001,1643700,101108,98487,2379,100866,1275
2021-08-06,Alpine,003,1148,91,91,0,91,0
2021-08-06,Amador,005,37829,4156,4002,37,4039,48
2021-08-06,Butte,007,227075,13954,13626,2243,15869,205
2021-08-06,Calaveras,009,45235,2478,2419,17,2436,57
2021-08-06,Colusa,011,21464,2113,2045,388,2433,16
2021-08-06,Contra Costa,013,1133247,81162,78796,1655,80451,840
2021-08-06,Del Norte,015,27424,1889,1755,16,1771,8
2021-08-06,El Dorado,017,186661,11889,11498,989,12487,117
2021-08-06,Fresno,019,978130,108351,106542,9715,116257,1747
2021-08-06,Glenn,021,27897,2540,2504,624,3128,20
2021-08-06,Humboldt,023,135768,5772,5421,95,5516,52
2021-08-06,Imperial,025,180216,29537,29404,2951,32355,745
2021-08-06,Inyo,027,18085,1482,1471,5,1476,39
2021-08-06,Kern,029,883053,101694,100427,13044,113471,1359
2021-08-06,Kings,031,150075,24378,23974,1335,25309,250
2021-08-06,Lake,033,64148,4738,4557,30,4587,66
2021-08-06,Lassen,035,31185,5424,5368,130,5498,21
2021-08-06,Los Angeles,037,10098052,1288425,1273081,49398,1322479,24772
2021-08-06,Madera,039,155013,17656,17324,1116,18440,245
2021-08-06,Marin,041,260295,15404,15051,317,15368,239
2021-08-06,Mariposa,043,17540,554,511,12,523,5
2021-08-06,Mendocino,045,87422,4852,4649,116,4765,49
2021-08-06,Merced,047,269075,32825,32456,1122,33578,477
2021-08-06,Modoc,049,8938,431,419,148,567,5
2021-08-06,Mono,051,14174,1322,1328,14,1342,3
2021-08-06,Monterey,053,433212,44321,44058,2176,46234,527
2021-08-06,Napa,055,140530,10837,10620,60,10680,83
2021-08-06,Nevada,057,99092,6239,5874,221,6095,73
2021-08-06,Orange,059,3164182,273144,269077,12918,281995,5151
2021-08-06,Placer,061,380077,27110,26086,2160,28246,305
2021-08-06,Plumas,063,18699,813,795,16,811,5
2021-08-06,Riverside,065,2383286,310484,306304,15433,321737,4562
2021-08-06,Sacramento,067,1510023,122604,119169,2416,121585,1740
2021-08-06,San Benito,069,59416,6391,6315,122,6437,63
2021-08-06,San Bernardino,071,2135413,309820,305806,10027,315833,5286
2021-08-06,San Diego,073,3302833,308894,303691,17674,321365,3810
2021-08-06,San Francisco,075,870044,43913,42659,1849,44508,565
2021-08-06,San Joaquin,077,732212,79946,78405,4263,82668,1469
2021-08-06,San Luis Obispo,079,281455,22897,22472,887,23359,263
2021-08-06,San Mateo,081,765935,46619,45665,740,46405,548
2021-08-06,Santa Barbara,083,443738,36877,36208,1368,37576,470
2021-08-06,Santa Clara,085,1922200,126880,124767,932,125699,2185
2021-08-06,Santa Cruz,087,273765,17249,16924,923,17847,207
2021-08-06,Shasta,089,179085,13618,13284,1890,15174,210
2021-08-06,Sierra,091,2930,81,73,14,87,0
2021-08-06,Siskiyou,093,43540,2151,2030,504,2534,32
2021-08-06,Solano,095,438530,37492,36351,817,37168,262
2021-08-06,Sonoma,097,501317,34628,33594,419,34013,333
2021-08-06,Stanislaus,099,539301,61105,59854,6811,66665,1037
2021-08-06,Sutter,101,95872,10604,10391,117,10508,128
2021-08-06,Tehama,103,63373,5420,5325,671,5996,66
2021-08-06,Trinity,105,12862,459,371,105,476,3
2021-08-06,Tulare,107,460477,51626,51018,10584,61602,854
2021-08-06,Tuolumne,109,53932,4832,4674,42,4716,64
2021-08-06,Ventura,111,848112,86101,85046,3753,88799,1047
2021-08-06,Yolo,113,214977,15737,15299,611,15910,218
2021-08-06,Yuba,115,75493,7056,6904,164,7068,50
2021-08-05,Alameda,001,1643700,100617,98052,2374,100426,1275
2021-08-05,Alpine,003,1148,91,91,0,91,0
2021-08-05,Amador,005,37829,4136,3992,37,4029,48
2021-08-05,Butte,007,227075,13898,13564,2221,15785,206
2021-08-05,Calaveras,009,45235,2460,2397,17,2414,57
2021-08-05,Colusa,011,21464,2101,2036,384,2420,16
2021-08-05,Contra Costa,013,1133247,80735,78514,1647,80161,840
2021-08-05,Del Norte,015,27424,1862,1731,16,1747,8
2021-08-05,El Dorado,017,186661,11805,11408,978,12386,117
2021-08-05,Fresno,019,978130,107982,106219,9679,115898,1747
2021-08-05,Glenn,021,27897,2535,2494,621,3115,20
2021-08-05,Humboldt,023,135768,5699,5328,94,5422,52
2021-08-05,Imperial,025,180216,29506,29383,2947,32330,745
2021-08-05,Inyo,027,18085,1478,1468,5,1473,38
2021-08-05,Kern,029,883053,101472,100091,12959,113050,1358
2021-08-05,Kings,031,150075,24294,23906,1330,25236,249
2021-08-05,Lake,033,64148,4699,4490,28,4518,66
2021-08-05,Lassen,035,31185,5416,5344,130,5474,21
2021-08-05,Los Angeles,037,10098052,1285218,1269445,49266,1318711,24756
2021-08-05,Madera,039,155013,17615,17301,1108,18409,245
2021-08-05,Marin,041,260295,15360,15005,313,15318,239
2021-08-05,Mariposa,043,17540,543,504,11,515,5
2021-08-05,Mendocino,045,87422,4809,4597,107,4704,49
2021-08-05,Merced,047,269075,32758,32381,1111,33492,477
2021-08-05,Modoc,049,8938,430,418,148,566,5
2021-08-05,Mono,051,14174,1312,1309,14,1323,3
2021-08-05,Monterey,053,433212,44269,43992,2155,46147,527
2021-08-05,Napa,055,140530,10801,10591,58,10649,83
2021-08-05,Nevada,057,99092,6158,5778,218,5996,73
2021-08-05,Orange,059,3164182,272368,268329,12893,281222,5149
2021-08-05,Placer,061,380077,26913,25965,2131,28096,305
2021-08-05,Plumas,063,18699,807,787,15,802,5
2021-08-05,Riverside,065,2383286,309569,305415,15404,320819,4562
2021-08-05,Sacramento,067,1510023,121898,118590,2403,120993,1739
2021-08-05,San Benito,069,59416,6373,6305,122,6427,63
2021-08-05,San Bernardino,071,2135413,308987,304956,10006,314962,5284
2021-08-05,San Diego,073,3302833,307614,302220,17597,319817,3806
2021-08-05,San Francisco,075,870044,43707,42301,1836,44137,564
2021-08-05,San Joaquin,077,732212,79585,78151,4245,82396,1468
2021-08-05,San Luis Obispo,079,281455,22784,22362,881,23243,263
2021-08-05,San Mateo,081,765935,46457,45554,727,46281,548
2021-08-05,Santa Barbara,083,443738,36772,36112,1365,37477,470
2021-08-05,Santa Clara,085,1922200,126546,124490,931,125421,2185
2021-08-05,Santa Cruz,087,273765,17206,16867,920,17787,207
2021-08-05,Shasta,089,179085,13561,13217,1881,15098,210
2021-08-05,Sierra,091,2930,76,73,14,87,0
2021-08-05,Siskiyou,093,43540,2130,2024,494,2518,32
2021-08-05,Solano,095,438530,37318,36250,810,37060,262
2021-08-05,Sonoma,097,501317,34492,33455,418,33873,330
2021-08-05,Stanislaus,099,539301,60859,59692,6772,66464,1037
2021-08-05,Sutter,101,95872,10549,10349,117,10466,127
2021-08-05,Tehama,103,63373,5402,5305,667,5972,66
2021-08-05,Trinity,105,12862,453,367,105,472,3
2021-08-05,Tulare,107,460477,51510,50889,10525,61414,854
2021-08-05,Tuolumne,109,53932,4802,4619,42,4661,64
2021-08-05,Ventura,111,848112,85851,84837,3739,88576,1047
2021-08-05,Yolo,113,214977,15672,15250,600,15850,218
2021-08-05,Yuba,115,75493,7013,6872,162,7034,50
2021-08-04,Alameda,001,1643700,100112,97477,2363,99840,1274
2021-08-04,Alpine,003,1148,91,91,0,91,0
2021-08-04,Amador,005,37829,4106,3962,36,3998,48
2021-08-04,Butte,007,227075,13833,13509,2203,15712,205
2021-08-04,Calaveras,009,45235,2437,2374,17,2391,57
2021-08-04,Colusa,011,21464,2089,2025,378,2403,16
2021-08-04,Contra Costa,013,1133247,80220,77966,1641,79607,840
2021-08-04,Del Norte,015,27424,1839,1701,16,1717,8
2021-08-04,El Dorado,017,186661,11726,11319,967,12286,117
2021-08-04,Fresno,019,978130,107618,105899,9642,115541,1747
2021-08-04,Glenn,021,27897,2528,2487,621,3108,20
2021-08-04,Humboldt,023,135768,5623,5271,93,5364,52
2021-08-04,Imperial,025,180216,29458,29375,2945,32320,745
2021-08-04,Inyo,027,18085,1477,1465,5,1470,38
2021-08-04,Kern,029,883053,101222,99868,12874,112742,1358
2021-08-04,Kings,031,150075,24224,23840,1322,25162,250
2021-08-04,Lake,033,64148,4668,4423,22,4445,65
2021-08-04,Lassen,035,31185,5408,5340,130,5470,21
2021-08-04,Los Angeles,037,10098052,1281754,1265788,49103,1314891,24737
2021-08-04,Madera,039,155013,17580,17251,1101,18352,245
2021-08-04,Marin,041,260295,15313,14950,312,15262,239
2021-08-04,Mariposa,043,17540,528,497,11,508,5
2021-08-04,Mendocino,045,87422,4785,4560,103,4663,49
2021-08-04,Merced,047,269075,32620,32274,1106,33380,476
2021-08-04,Modoc,049,8938,430,416,148,564,5
2021-08-04,Mono,051,14174,1309,1307,14,1321,3
2021-08-04,Monterey,053,433212,44210,43926,2138,46064,526
2021-08-04,Napa,055,140530,10763,10544,58,10602,82
2021-08-04,Nevada,057,99092,6093,5702,217,5919,73
2021-08-04,Orange,059,3164182,271499,267199,12852,280051,5146
2021-08-04,Placer,061,380077,26696,25688,2111,27799,305
2021-08-04,Plumas,063,18699,800,784,15,799,5
2021-08-04,Riverside,065,2383286,308644,304272,15378,319650,4562
2021-08-04,Sacramento,067,1510023,121143,117882,2374,120256,1736
2021-08-04,San Benito,069,59416,6358,6300,122,6422,63
2021-08-04,San Bernardino,071,2135413,308134,304164,9988,314152,5285
2021-08-04,San Diego,073,3302833,306091,301100,17536,318636,3805
2021-08-04,San Francisco,075,870044,43458,41913,1819,43732,562
2021-08-04,San Joaquin,077,732212,79229,77846,4233,82079,1466
2021-08-04,San Luis Obispo,079,281455,22677,22245,875,23120,262
2021-08-04,San Mateo,081,765935,46293,45392,719,46111,548
2021-08-04,Santa Barbara,083,443738,36645,36013,1356,37369,470
2021-08-04,Santa Clara,085,1922200,126155,124127,924,125051,2183
2021-08-04,Santa Cruz,087,273765,17145,16820,913,17733,208
2021-08-04,Shasta,089,179085,13509,13134,1870,15004,211
2021-08-04,Sierra,091,2930,76,73,14,87,0
2021-08-04,Siskiyou,093,43540,2110,2010,489,2499,32
2021-08-04,Solano,095,438530,37121,36025,801,36826,262
2021-08-04,Sonoma,097,501317,34321,33311,416,33727,330
2021-08-04,Stanislaus,099,539301,60620,59396,6732,66128,1037
2021-08-04,Sutter,101,95872,10512,10294,117,10411,127
2021-08-04,Tehama,103,63373,5376,5281,662,5943,66
2021-08-04,Trinity,105,12862,451,362,102,464,3
2021-08-04,Tulare,107,460477,51401,50797,10480,61277,855
2021-08-04,Tuolumne,109,53932,4777,4584,42,4626,64
2021-08-04,Ventura,111,848112,85595,84406,3716,88122,1047
2021-08-04,Yolo,113,214977,15594,15189,587,15776,215
2021-08-04,Yuba,115,75493,6973,6827,160,6987,50
2021-08-03,Alameda,001,1643700,99653,97275,2358,99633,1270
2021-08-03,Alpine,003,1148,91,91,0,91,0
2021-08-03,Amador,005,37829,4070,3953,36,3989,48
2021-08-03,Butte,007,227075,13768,13468,2188,15656,205
2021-08-03,Calaveras,009,45235,2414,2356,17,2373,57
2021-08-03,Colusa,011,21464,2076,2023,372,2395,16
2021-08-03,Contra Costa,013,1133247,79737,77739,1635,79374,836
2021-08-03,Del Norte,015,27424,1808,1691,15,1706,8
2021-08-03,El Dorado,017,186661,11636,11255,957,12212,117
2021-08-03,Fresno,019,978130,107259,105732,9610,115342,1746
2021-08-03,Glenn,021,27897,2521,2481,619,3100,20
2021-08-03,Humboldt,023,135768,5558,5199,88,5287,52
2021-08-03,Imperial,025,180216,29436,29333,2938,32271,745
2021-08-03,Inyo,027,18085,1474,1459,5,1464,38
2021-08-03,Kern,029,883053,100961,99708,12795,112503,1358
2021-08-03,Kings,031,150075,24136,23780,1315,25095,249
2021-08-03,Lake,033,64148,4612,4408,18,4426,66
2021-08-03,Lassen,035,31185,5398,5341,130,5471,21
2021-08-03,Los Angeles,037,10098052,1278034,1262678,48924,1311602,24721
2021-08-03,Madera,039,155013,17540,17220,1085,18305,245
2021-08-03,Marin,041,260295,15264,14906,309,15215,243
2021-08-03,Mariposa,043,17540,517,495,11,506,5
2021-08-03,Mendocino,045,87422,4736,4546,101,4647,49
2021-08-03,Merced,047,269075,32537,32197,1104,33301,476
2021-08-03,Modoc,049,8938,430,416,148,564,5
2021-08-03,Mono,051,14174,1305,1303,14,1317,3
2021-08-03,Monterey,053,433212,44150,43872,2122,45994,525
2021-08-03,Napa,055,140530,10720,10527,57,10584,82
2021-08-03,Nevada,057,99092,6012,5685,216,5901,73
2021-08-03,Orange,059,3164182,270760,266649,12820,279469,5146
2021-08-03,Placer,061,380077,26494,25624,2086,27710,305
2021-08-03,Plumas,063,18699,794,779,15,794,5
2021-08-03,Riverside,065,2383286,307722,303499,15351,318850,4562
2021-08-03,Sacramento,067,1510023,120401,117591,2352,119943,1732
2021-08-03,San Benito,069,59416,6342,6284,121,6405,63
2021-08-03,San Bernardino,071,2135413,307216,303386,9967,313353,5265
2021-08-03,San Diego,073,3302833,304642,300189,17436,317625,3803
2021-08-03,San Francisco,075,870044,43180,41758,1794,43552,562
2021-08-03,San Joaquin,077,732212,78880,77615,4212,81827,1461
2021-08-03,San Luis Obispo,079,281455,22542,22166,868,23034,264
2021-08-03,San Mateo,081,765935,46113,45255,699,45954,548
2021-08-03,Santa Barbara,083,443738,36526,35912,1350,37262,469
2021-08-03,Santa Clara,085,1922200,125734,123914,918,124832,2183
2021-08-03,Santa Cruz,087,273765,17078,16778,910,17688,207
2021-08-03,Shasta,089,179085,13435,13091,1859,14950,211
2021-08-03,Sierra,091,2930,76,72,14,86,0
2021-08-03,Siskiyou,093,43540,2099,1998,484,2482,32
2021-08-03,Solano,095,438530,36911,35953,789,36742,261
2021-08-03,Sonoma,097,501317,34139,33243,415,33658,330
2021-08-03,Stanislaus,099,539301,60388,59282,6713,65995,1037
2021-08-03,Sutter,101,95872,10472,10263,116,10379,127
2021-08-03,Tehama,103,63373,5351,5269,657,5926,66
2021-08-03,Trinity,105,12862,447,361,99,460,3
2021-08-03,Tulare,107,460477,51306,50729,10433,61162,854
2021-08-03,Tuolumne,109,53932,4742,4563,42,4605,64
2021-08-03,Ventura,111,848112,85354,84270,3693,87963,1046
2021-08-03,Yolo,113,214977,15503,15149,573,15722,215
2021-08-03,Yuba,115,75493,6937,6781,158,6939,50
2021-08-02,Alameda,001,1643700,99094,96954,2353,99307,1270
2021-08-02,Alpine,003,1148,91,91,0,91,0
2021-08-02,Amador,005,37829,4050,3927,36,3963,48
2021-08-02,Butte,007,227075,13692,13442,2169,15611,205
2021-08-02,Calaveras,009,45235,2385,2347,17,2364,57
2021-08-02,Colusa,011,21464,2064,2019,369,2388,16
2021-08-02,Contra Costa,013,1133247,79230,77516,1620,79136,836
2021-08-02,Del Norte,015,27424,1778,1653,15,1668,8
2021-08-02,El Dorado,017,186661,11533,11226,943,12169,116
2021-08-02,Fresno,019,978130,106917,105471,9573,115044,1744
2021-08-02,Glenn,021,27897,2513,2477,617,3094,20
2021-08-02,Humboldt,023,135768,5474,5161,86,5247,52
2021-08-02,Imperial,025,180216,29403,29302,2935,32237,743
2021-08-02,Inyo,027,18085,1468,1455,5,1460,38
2021-08-02,Kern,029,883053,100706,99556,12700,112256,1357
2021-08-02,Kings,031,150075,24067,23722,1308,25030,249
2021-08-02,Lake,033,64148,4570,4375,18,4393,66
2021-08-02,Lassen,035,31185,5375,5338,128,5466,21
2021-08-02,Los Angeles,037,10098052,1274329,1260807,48710,1309517,24705
2021-08-02,Madera,039,155013,17498,17158,1071,18229,245
2021-08-02,Marin,041,260295,15221,14859,307,15166,239
2021-08-02,Mariposa,043,17540,508,490,11,501,5
2021-08-02,Mendocino,045,87422,4696,4512,98,4610,49
2021-08-02,Merced,047,269075,32439,32163,1097,33260,474
2021-08-02,Modoc,049,8938,430,415,148,563,5
2021-08-02,Mono,051,14174,1300,1296,14,1310,3
2021-08-02,Monterey,053,433212,44092,43842,2112,45954,525
2021-08-02,Napa,055,140530,10677,10490,54,10544,82
2021-08-02,Nevada,057,99092,5941,5611,215,5826,73
2021-08-02,Orange,059,3164182,269847,266050,12773,278823,5146
2021-08-02,Placer,061,380077,26347,25516,2051,27567,306
2021-08-02,Plumas,063,18699,787,762,15,777,5
2021-08-02,Riverside,065,2383286,306786,302756,15335,318091,4562
2021-08-02,Sacramento,067,1510023,119705,117183,2331,119514,1728
2021-08-02,San Benito,069,59416,6323,6276,120,6396,63
2021-08-02,San Bernardino,071,2135413,306341,303000,9933,312933,5253
2021-08-02,San Diego,073,3302833,303147,299021,17367,316388,3798
2021-08-02,San Francisco,075,870044,42889,41553,1766,43319,562
2021-08-02,San Joaquin,077,732212,78540,77447,4185,81632,1461
2021-08-02,San Luis Obispo,079,281455,22449,22093,862,22955,261
2021-08-02,San Mateo,081,765935,45948,45154,676,45830,548
2021-08-02,Santa Barbara,083,443738,36388,35851,1344,37195,469
2021-08-02,Santa Clara,085,1922200,125264,123655,910,124565,2183
2021-08-02,Santa Cruz,087,273765,17021,16746,906,17652,207
2021-08-02,Shasta,089,179085,13372,13049,1845,14894,212
2021-08-02,Sierra,091,2930,76,71,14,85,0
2021-08-02,Siskiyou,093,43540,2088,1992,470,2462,31
2021-08-02,Solano,095,438530,36668,35852,780,36632,260
2021-08-02,Sonoma,097,501317,33912,33132,410,33542,330
2021-08-02,Stanislaus,099,539301,60155,59160,6685,65845,1037
2021-08-02,Sutter,101,95872,10426,10220,116,10336,127
2021-08-02,Tehama,103,63373,5327,5260,653,5913,66
2021-08-02,Trinity,105,12862,442,359,98,457,3
2021-08-02,Tulare,107,460477,51205,50640,10359,60999,854
2021-08-02,Tuolumne,109,53932,4676,4524,42,4566,64
2021-08-02,Ventura,111,848112,85170,84143,3670,87813,1044
2021-08-02,Yolo,113,214977,15404,15072,554,15626,215
2021-08-02,Yuba,115,75493,6895,6743,155,6898,50
2021-08-01,Alameda,001,1643700,98558,96775,2348,99123,1270
2021-08-01,Alpine,003,1148,91,91,0,91,0
2021-08-01,Amador,005,37829,4013,3923,35,3958,48
2021-08-01,Butte,007,227075,13611,13406,2152,15558,205
2021-08-01,Calaveras,009,45235,2360,2341,17,2358,57
2021-08-01,Colusa,011,21464,2053,2014,367,2381,16
2021-08-01,Contra Costa,013,1133247,78794,77360,1612,78972,836
2021-08-01,Del Norte,015,27424,1746,1642,15,1657,8
2021-08-01,El Dorado,017,186661,11432,11189,933,12122,116
2021-08-01,Fresno,019,978130,106591,105339,9527,114866,1744
2021-08-01,Glenn,021,27897,2507,2476,615,3091,20
2021-08-01,Humboldt,023,135768,5398,5118,82,5200,52
2021-08-01,Imperial,025,180216,29368,29297,2931,32228,743
2021-08-01,Inyo,027,18085,1466,1454,5,1459,38
2021-08-01,Kern,029,883053,100431,99396,12623,112019,1357
2021-08-01,Kings,031,150075,23979,23700,1302,25002,249
2021-08-01,Lake,033,64148,4491,4356,18,4374,66
2021-08-01,Lassen,035,31185,5362,5336,126,5462,21
2021-08-01,Los Angeles,037,10098052,1270659,1258461,48479,1306940,24700
2021-08-01,Madera,039,155013,17441,17146,1066,18212,245
2021-08-01,Marin,041,260295,15144,14844,306,15150,239
2021-08-01,Mariposa,043,17540,501,482,11,493,5
2021-08-01,Mendocino,045,87422,4650,4476,94,4570,49
2021-08-01,Merced,047,269075,32350,32144,1090,33234,474
2021-08-01,Modoc,049,8938,428,413,148,561,5
2021-08-01,Mono,051,14174,1297,1294,14,1308,3
2021-08-01,Monterey,053,433212,44046,43808,2097,45905,525
2021-08-01,Napa,055,140530,10631,10473,52,10525,82
2021-08-01,Nevada,057,99092,5857,5561,214,5775,73
2021-08-01,Orange,059,3164182,269045,265467,12729,278196,5146
2021-08-01,Placer,061,380077,26132,25464,2021,27485,306
2021-08-01,Plumas,063,18699,781,761,15,776,5
2021-08-01,Riverside,065,2383286,305856,302256,15316,317572,4562
2021-08-01,Sacramento,067,1510023,118971,116923,2315,119238,1727
2021-08-01,San Benito,069,59416,6306,6271,120,6391,63
2021-08-01,San Bernardino,071,2135413,305409,302542,9922,312464,5248
2021-08-01,San Diego,073,3302833,301953,298002,17309,315311,3798
2021-08-01,San Francisco,075,870044,42551,41432,1752,43184,562
2021-08-01,San Joaquin,077,732212,78173,77338,4158,81496,1461
2021-08-01,San Luis Obispo,079,281455,22346,22083,857,22940,261
2021-08-01,San Mateo,081,765935,45776,45036,660,45696,548
2021-08-01,Santa Barbara,083,443738,36268,35809,1340,37149,469
2021-08-01,Santa Clara,085,1922200,124854,123511,901,124412,2183
2021-08-01,Santa Cruz,087,273765,16944,16709,896,17605,207
2021-08-01,Shasta,089,179085,13301,13036,1836,14872,212
2021-08-01,Sierra,091,2930,74,71,14,85,0
2021-08-01,Siskiyou,093,43540,2082,1989,464,2453,31
2021-08-01,Solano,095,438530,36449,35800,773,36573,260
2021-08-01,Sonoma,097,501317,33720,33076,407,33483,330
2021-08-01,Stanislaus,099,539301,59914,59078,6652,65730,1037
2021-08-01,Sutter,101,95872,10371,10198,113,10311,127
2021-08-01,Tehama,103,63373,5311,5252,648,5900,66
2021-08-01,Trinity,105,12862,439,359,97,456,3
2021-08-01,Tulare,107,460477,51049,50600,10295,60895,854
2021-08-01,Tuolumne,109,53932,4638,4489,42,4531,64
2021-08-01,Ventura,111,848112,84940,84040,3655,87695,1044
2021-08-01,Yolo,113,214977,15333,15042,544,15586,215
2021-08-01,Yuba,115,75493,6857,6721,154,6875,50
2021-07-31,Alameda,001,1643700,98238,95279,2342,97621,1265
2021-07-31,Alpine,003,1148,91,89,0,89,0
2021-07-31,Amador,005,37829,3993,3877,35,3912,48
2021-07-31,Butte,007,227075,13579,13235,2131,15366,205
2021-07-31,Calaveras,009,45235,2353,2294,17,2311,57
2021-07-31,Colusa,011,21464,2047,2006,365,2371,16
2021-07-31,Contra Costa,013,1133247,78515,75866,1610,77476,832
2021-07-31,Del Norte,015,27424,1721,1576,15,1591,8
2021-07-31,El Dorado,017,186661,11379,11017,927,11944,116
2021-07-31,Fresno,019,978130,106433,104639,9512,114151,1744
2021-07-31,Glenn,021,27897,2502,2465,610,3075,20
2021-07-31,Humboldt,023,135768,5343,4978,81,5059,52
2021-07-31,Imperial,025,180216,29351,29164,2928,32092,743
2021-07-31,Inyo,027,18085,1463,1442,5,1447,38
2021-07-31,Kern,029,883053,100267,98903,12563,111466,1357
2021-07-31,Kings,031,150075,23927,23548,1297,24845,248
2021-07-31,Lake,033,64148,4467,4238,17,4255,66
2021-07-31,Lassen,035,31185,5356,5320,126,5446,21
2021-07-31,Los Angeles,037,10098052,1268478,1248545,48326,1296871,24691
2021-07-31,Madera,039,155013,17408,17058,1060,18118,245
2021-07-31,Marin,041,260295,15100,14701,305,15006,239
2021-07-31,Mariposa,043,17540,492,470,11,481,5
2021-07-31,Mendocino,045,87422,4625,4400,91,4491,49
2021-07-31,Merced,047,269075,32303,31959,1084,33043,474
2021-07-31,Modoc,049,8938,428,413,148,561,5
2021-07-31,Mono,051,14174,1296,1287,14,1301,3
2021-07-31,Monterey,053,433212,44008,43720,2088,45808,525
2021-07-31,Napa,055,140530,10611,10401,51,10452,82
2021-07-31,Nevada,057,99092,5818,5373,213,5586,72
2021-07-31,Orange,059,3164182,268474,263446,12708,276154,5144
2021-07-31,Placer,061,380077,25999,25104,2014,27118,306
2021-07-31,Plumas,063,18699,778,743,15,758,5
2021-07-31,Riverside,065,2383286,305240,300315,15307,315622,4554
2021-07-31,Sacramento,067,1510023,118559,115259,2309,117568,1720
2021-07-31,San Benito,069,59416,6295,6251,120,6371,63
2021-07-31,San Bernardino,071,2135413,304839,300726,9919,310645,5240
2021-07-31,San Diego,073,3302833,301276,295054,17272,312326,3798
2021-07-31,San Francisco,075,870044,42332,40412,1726,42138,562
2021-07-31,San Joaquin,077,732212,78008,76575,4145,80720,1443
2021-07-31,San Luis Obispo,079,281455,22291,21922,855,22777,260
2021-07-31,San Mateo,081,765935,45626,44622,648,45270,548
2021-07-31,Santa Barbara,083,443738,36188,35531,1338,36869,467
2021-07-31,Santa Clara,085,1922200,124599,122614,899,123513,2099
2021-07-31,Santa Cruz,087,273765,16905,16576,895,17471,207
2021-07-31,Shasta,089,179085,13265,12918,1828,14746,212
2021-07-31,Sierra,091,2930,74,68,14,82,0
2021-07-31,Siskiyou,093,43540,2073,1976,458,2434,31
2021-07-31,Solano,095,438530,36350,35340,767,36107,263
2021-07-31,Sonoma,097,501317,33595,32601,407,33008,329
2021-07-31,Stanislaus,099,539301,59753,58586,6628,65214,1035
2021-07-31,Sutter,101,95872,10336,10068,112,10180,127
2021-07-31,Tehama,103,63373,5296,5216,645,5861,66
2021-07-31,Trinity,105,12862,438,354,96,450,3
2021-07-31,Tulare,107,460477,50965,50409,10237,60646,854
2021-07-31,Tuolumne,109,53932,4599,4362,42,4404,64
2021-07-31,Ventura,111,848112,84779,83509,3638,87147,1044
2021-07-31,Yolo,113,214977,15285,14863,532,15395,215
2021-07-31,Yuba,115,75493,6834,6615,150,6765,50
2021-07-30,Alameda,001,1643700,97906,95279,2338,97617,1265
2021-07-30,Alpine,003,1148,91,89,0,89,0
2021-07-30,Amador,005,37829,3970,3877,35,3912,48
2021-07-30,Butte,007,227075,13524,13235,2118,15353,205
2021-07-30,Calaveras,009,45235,2348,2294,17,2311,57
2021-07-30,Colusa,011,21464,2043,2006,363,2369,16
2021-07-30,Contra Costa,013,1133247,78273,75866,1606,77472,832
2021-07-30,Del Norte,015,27424,1703,1576,15,1591,8
2021-07-30,El Dorado,017,186661,11347,11017,920,11937,116
2021-07-30,Fresno,019,978130,106238,104639,9500,114139,1744
2021-07-30,Glenn,021,27897,2497,2465,609,3074,20
2021-07-30,Humboldt,023,135768,5279,4978,78,5056,52
2021-07-30,Imperial,025,180216,29337,29164,2925,32089,743
2021-07-30,Inyo,027,18085,1462,1442,5,1447,38
2021-07-30,Kern,029,883053,100144,98903,12514,111417,1357
2021-07-30,Kings,031,150075,23886,23548,1293,24841,248
2021-07-30,Lake,033,64148,4439,4238,17,4255,66
2021-07-30,Lassen,035,31185,5352,5320,126,5446,21
2021-07-30,Los Angeles,037,10098052,1266165,1248545,48170,1296715,24691
2021-07-30,Madera,039,155013,17366,17058,1057,18115,245
2021-07-30,Marin,041,260295,15066,14701,305,15006,239
2021-07-30,Mariposa,043,17540,489,470,11,481,5
2021-07-30,Mendocino,045,87422,4595,4400,90,4490,49
2021-07-30,Merced,047,269075,32262,31959,1079,33038,474
2021-07-30,Modoc,049,8938,426,413,148,561,5
2021-07-30,Mono,051,14174,1290,1287,14,1301,3
2021-07-30,Monterey,053,433212,43975,43720,2078,45798,525
2021-07-30,Napa,055,140530,10589,10401,50,10451,82
2021-07-30,Nevada,057,99092,5761,5373,213,5586,72
2021-07-30,Orange,059,3164182,267849,263446,12680,276126,5144
2021-07-30,Placer,061,380077,25910,25104,1996,27100,306
2021-07-30,Plumas,063,18699,773,743,15,758,5
2021-07-30,Riverside,065,2383286,304603,300315,15296,315611,4554
2021-07-30,Sacramento,067,1510023,118108,115259,2305,117564,1720
2021-07-30,San Benito,069,59416,6288,6251,120,6371,63
2021-07-30,San Bernardino,071,2135413,304328,300726,9913,310639,5240
2021-07-30,San Diego,073,3302833,300503,295054,17214,312268,3798
2021-07-30,San Francisco,075,870044,42119,40412,1710,42122,562
2021-07-30,San Joaquin,077,732212,77855,76575,4139,80714,1443
2021-07-30,San Luis Obispo,079,281455,22255,21922,851,22773,260
2021-07-30,San Mateo,081,765935,45505,44622,632,45254,548
2021-07-30,Santa Barbara,083,443738,36120,35531,1332,36863,467
2021-07-30,Santa Clara,085,1922200,124375,122614,897,123511,2099
2021-07-30,Santa Cruz,087,273765,16878,16576,893,17469,207
2021-07-30,Shasta,089,179085,13218,12918,1828,14746,212
2021-07-30,Sierra,091,2930,73,68,14,82,0
2021-07-30,Siskiyou,093,43540,2064,1976,457,2433,31
2021-07-30,Solano,095,438530,36260,35340,751,36091,263
2021-07-30,Sonoma,097,501317,33501,32601,407,33008,329
2021-07-30,Stanislaus,099,539301,59608,58586,6608,65194,1035
2021-07-30,Sutter,101,95872,10300,10068,112,10180,127
2021-07-30,Tehama,103,63373,5285,5216,645,5861,66
2021-07-30,Trinity,105,12862,438,354,96,450,3
2021-07-30,Tulare,107,460477,50922,50409,10200,60609,854
2021-07-30,Tuolumne,109,53932,4581,4362,42,4404,64
2021-07-30,Ventura,111,848112,84617,83509,3621,87130,1044
2021-07-30,Yolo,113,214977,15224,14863,528,15391,215
2021-07-30,Yuba,115,75493,6798,6615,149,6764,50
2021-07-29,Alameda,001,1643700,97480,95279,2333,97612,1265
2021-07-29,Alpine,003,1148,91,89,0,89,0
2021-07-29,Amador,005,37829,3951,3877,35,3912,48
2021-07-29,Butte,007,227075,13476,13235,2110,15345,205
2021-07-29,Calaveras,009,45235,2328,2294,17,2311,57
2021-07-29,Colusa,011,21464,2036,2006,363,2369,16
2021-07-29,Contra Costa,013,1133247,77835,75866,1602,77468,832
2021-07-29,Del Norte,015,27424,1679,1576,15,1591,8
2021-07-29,El Dorado,017,186661,11283,11017,908,11925,116
2021-07-29,Fresno,019,978130,105976,104639,9473,114112,1744
2021-07-29,Glenn,021,27897,2487,2465,608,3073,20
2021-07-29,Humboldt,023,135768,5218,4978,76,5054,52
2021-07-29,Imperial,025,180216,29291,29164,2923,32087,743
2021-07-29,Inyo,027,18085,1458,1442,5,1447,38
2021-07-29,Kern,029,883053,99937,98903,12436,111339,1357
2021-07-29,Kings,031,150075,23842,23548,1288,24836,248
2021-07-29,Lake,033,64148,4404,4238,17,4255,66
2021-07-29,Lassen,035,31185,5344,5320,123,5443,21
2021-07-29,Los Angeles,037,10098052,1263090,1248545,47981,1296526,24691
2021-07-29,Madera,039,155013,17321,17058,1052,18110,245
2021-07-29,Marin,041,260295,15023,14701,305,15006,239
2021-07-29,Mariposa,043,17540,485,470,11,481,5
2021-07-29,Mendocino,045,87422,4572,4400,88,4488,49
2021-07-29,Merced,047,269075,32207,31959,1079,33038,474
2021-07-29,Modoc,049,8938,426,413,148,561,5
2021-07-29,Mono,051,14174,1289,1287,14,1301,3
2021-07-29,Monterey,053,433212,43926,43720,2067,45787,525
2021-07-29,Napa,055,140530,10557,10401,48,10449,82
2021-07-29,Nevada,057,99092,5709,5373,212,5585,72
2021-07-29,Orange,059,3164182,267142,263446,12647,276093,5144
2021-07-29,Placer,061,380077,25788,25104,1980,27084,306
2021-07-29,Plumas,063,18699,765,743,15,758,5
2021-07-29,Riverside,065,2383286,303899,300315,15272,315587,4554
2021-07-29,Sacramento,067,1510023,117553,115259,2291,117550,1720
2021-07-29,San Benito,069,59416,6277,6251,120,6371,63
2021-07-29,San Bernardino,071,2135413,303692,300726,9903,310629,5240
2021-07-29,San Diego,073,3302833,299441,295054,17154,312208,3798
2021-07-29,San Francisco,075,870044,41875,40412,1686,42098,562
2021-07-29,San Joaquin,077,732212,77600,76575,4131,80706,1443
2021-07-29,San Luis Obispo,079,281455,22201,21922,849,22771,260
2021-07-29,San Mateo,081,765935,45378,44622,622,45244,548
2021-07-29,Santa Barbara,083,443738,36036,35531,1330,36861,467
2021-07-29,Santa Clara,085,1922200,124078,122614,894,123508,2099
2021-07-29,Santa Cruz,087,273765,16825,16576,891,17467,207
2021-07-29,Shasta,089,179085,13164,12918,1819,14737,212
2021-07-29,Sierra,091,2930,73,68,14,82,0
2021-07-29,Siskiyou,093,43540,2059,1976,455,2431,31
2021-07-29,Solano,095,438530,36105,35340,741,36081,263
2021-07-29,Sonoma,097,501317,33327,32601,405,33006,329
2021-07-29,Stanislaus,099,539301,59435,58586,6590,65176,1035
2021-07-29,Sutter,101,95872,10254,10068,111,10179,127
2021-07-29,Tehama,103,63373,5273,5216,639,5855,66
2021-07-29,Trinity,105,12862,436,354,95,449,3
2021-07-29,Tulare,107,460477,50834,50409,10158,60567,854
2021-07-29,Tuolumne,109,53932,4543,4362,41,4403,64
2021-07-29,Ventura,111,848112,84449,83509,3614,87123,1044
2021-07-29,Yolo,113,214977,15156,14863,515,15378,215
2021-07-29,Yuba,115,75493,6750,6615,146,6761,50
2021-07-28,Alameda,001,1643700,97018,94965,2326,97291,1262
2021-07-28,Alpine,003,1148,91,89,0,89,0
2021-07-28,Amador,005,37829,3937,3870,35,3905,48
2021-07-28,Butte,007,227075,13420,13184,2097,15281,205
2021-07-28,Calaveras,009,45235,2314,2289,17,2306,57
2021-07-28,Colusa,011,21464,2032,2001,362,2363,16
2021-07-28,Contra Costa,013,1133247,77352,75487,1594,77081,832
2021-07-28,Del Norte,015,27424,1646,1545,15,1560,8
2021-07-28,El Dorado,017,186661,11234,10967,898,11865,116
2021-07-28,Fresno,019,978130,105730,104458,9453,113911,1744
2021-07-28,Glenn,021,27897,2483,2464,605,3069,20
2021-07-28,Humboldt,023,135768,5167,4946,75,5021,52
2021-07-28,Imperial,025,180216,29244,29096,2923,32019,743
2021-07-28,Inyo,027,18085,1452,1439,4,1443,38
2021-07-28,Kern,029,883053,99782,98781,12388,111169,1352
2021-07-28,Kings,031,150075,23778,23503,1278,24781,248
2021-07-28,Lake,033,64148,4358,4191,15,4206,65
2021-07-28,Lassen,035,31185,5336,5318,123,5441,21
2021-07-28,Los Angeles,037,10098052,1259937,1245485,47808,1293293,24673
2021-07-28,Madera,039,155013,17280,17024,1046,18070,245
2021-07-28,Marin,041,260295,14968,14652,305,14957,239
2021-07-28,Mariposa,043,17540,478,469,11,480,5
2021-07-28,Mendocino,045,87422,4544,4377,88,4465,49
2021-07-28,Merced,047,269075,32143,31886,1075,32961,474
2021-07-28,Modoc,049,8938,424,413,148,561,5
2021-07-28,Mono,051,14174,1288,1286,14,1300,3
2021-07-28,Monterey,053,433212,43879,43668,2057,45725,524
2021-07-28,Napa,055,140530,10517,10376,46,10422,82
2021-07-28,Nevada,057,99092,5654,5320,212,5532,72
2021-07-28,Orange,059,3164182,266353,262735,12615,275350,5143
2021-07-28,Placer,061,380077,25640,24978,1964,26942,306
2021-07-28,Plumas,063,18699,760,754,15,769,5
2021-07-28,Riverside,065,2383286,303132,299611,15252,314863,4554
2021-07-28,Sacramento,067,1510023,116902,114665,2270,116935,1714
2021-07-28,San Benito,069,59416,6266,6236,120,6356,63
2021-07-28,San Bernardino,071,2135413,303067,300121,9890,310011,5236
2021-07-28,San Diego,073,3302833,298157,294176,17089,311265,3798
2021-07-28,San Francisco,075,870044,41542,40144,1659,41803,561
2021-07-28,San Joaquin,077,732212,77352,76312,4100,80412,1443
2021-07-28,San Luis Obispo,079,281455,22142,21865,848,22713,260
2021-07-28,San Mateo,081,765935,45229,44477,612,45089,547
2021-07-28,Santa Barbara,083,443738,35960,35431,1325,36756,467
2021-07-28,Santa Clara,085,1922200,123817,122345,892,123237,2099
2021-07-28,Santa Cruz,087,273765,16787,16551,890,17441,207
2021-07-28,Shasta,089,179085,13120,12882,1808,14690,212
2021-07-28,Sierra,091,2930,69,67,14,81,0
2021-07-28,Siskiyou,093,43540,2050,1971,452,2423,31
2021-07-28,Solano,095,438530,35936,35204,733,35937,262
2021-07-28,Sonoma,097,501317,33184,32434,402,32836,328
2021-07-28,Stanislaus,099,539301,59237,58427,6573,65000,1035
2021-07-28,Sutter,101,95872,10222,10033,110,10143,126
2021-07-28,Tehama,103,63373,5261,5209,636,5845,66
2021-07-28,Trinity,105,12862,435,352,95,447,3
2021-07-28,Tulare,107,460477,50746,50363,10109,60472,854
2021-07-28,Tuolumne,109,53932,4504,4313,41,4354,64
2021-07-28,Ventura,111,848112,84254,83360,3598,86958,1043
2021-07-28,Yolo,113,214977,15085,14801,508,15309,215
2021-07-28,Yuba,115,75493,6717,6591,145,6736,51
2021-07-27,Alameda,001,1643700,96612,94682,2317,96999,1256
2021-07-27,Alpine,003,1148,91,89,0,89,0
2021-07-27,Amador,005,37829,3921,3861,35,3896,48
2021-07-27,Butte,007,227075,13371,13127,2086,15213,205
2021-07-27,Calaveras,009,45235,2302,2280,17,2297,57
2021-07-27,Colusa,011,21464,2024,1999,361,2360,16
2021-07-27,Contra Costa,013,1133247,76863,75227,1590,76817,830
2021-07-27,Del Norte,015,27424,1626,1538,15,1553,8
2021-07-27,El Dorado,017,186661,11174,10941,888,11829,116
2021-07-27,Fresno,019,978130,105439,104288,9428,113716,1746
2021-07-27,Glenn,021,27897,2475,2460,603,3063,20
2021-07-27,Humboldt,023,135768,5113,4925,74,4999,52
2021-07-27,Imperial,025,180216,29199,29048,2922,31970,743
2021-07-27,Inyo,027,18085,1450,1430,4,1434,38
2021-07-27,Kern,029,883053,99613,98724,12331,111055,1352
2021-07-27,Kings,031,150075,23722,23463,1267,24730,248
2021-07-27,Lake,033,64148,4319,4157,15,4172,65
2021-07-27,Lassen,035,31185,5330,5315,123,5438,21
2021-07-27,Los Angeles,037,10098052,1256511,1243336,47631,1290967,24658
2021-07-27,Madera,039,155013,17228,16998,1041,18039,245
2021-07-27,Marin,041,260295,14920,14631,302,14933,239
2021-07-27,Mariposa,043,17540,475,468,11,479,5
2021-07-27,Mendocino,045,87422,4520,4371,88,4459,49
2021-07-27,Merced,047,269075,32077,31825,1071,32896,473
2021-07-27,Modoc,049,8938,423,413,148,561,5
2021-07-27,Mono,051,14174,1284,1288,14,1302,3
2021-07-27,Monterey,053,433212,43839,43646,2046,45692,523
2021-07-27,Napa,055,140530,10487,10354,46,10400,82
2021-07-27,Nevada,057,99092,5577,5305,210,5515,72
2021-07-27,Orange,059,3164182,265614,262193,12589,274782,5143
2021-07-27,Placer,061,380077,25481,24916,1938,26854,306
2021-07-27,Plumas,063,18699,757,752,15,767,5
2021-07-27,Riverside,065,2383286,302401,299160,15233,314393,4554
2021-07-27,Sacramento,067,1510023,116299,114413,2260,116673,1710
2021-07-27,San Benito,069,59416,6257,6229,120,6349,63
2021-07-27,San Bernardino,071,2135413,302360,299593,9868,309461,5236
2021-07-27,San Diego,073,3302833,297066,293408,17016,310424,3798
2021-07-27,San Francisco,075,870044,41184,39939,1639,41578,561
2021-07-27,San Joaquin,077,732212,77092,76166,4079,80245,1442
2021-07-27,San Luis Obispo,079,281455,22087,21803,839,22642,260
2021-07-27,San Mateo,081,765935,45077,44378,607,44985,547
2021-07-27,Santa Barbara,083,443738,35862,35355,1323,36678,467
2021-07-27,Santa Clara,085,1922200,123524,122154,890,123044,2099
2021-07-27,Santa Cruz,087,273765,16741,16523,889,17412,207
2021-07-27,Shasta,089,179085,13069,12846,1795,14641,212
2021-07-27,Sierra,091,2930,69,65,14,79,0
2021-07-27,Siskiyou,093,43540,2045,1964,449,2413,31
2021-07-27,Solano,095,438530,35810,35093,723,35816,261
2021-07-27,Sonoma,097,501317,33038,32367,400,32767,328
2021-07-27,Stanislaus,099,539301,59066,58333,6547,64880,1033
2021-07-27,Sutter,101,95872,10181,9998,110,10108,115
2021-07-27,Tehama,103,63373,5240,5192,634,5826,66
2021-07-27,Trinity,105,12862,434,351,95,446,3
2021-07-27,Tulare,107,460477,50680,50324,10077,60401,854
2021-07-27,Tuolumne,109,53932,4452,4282,41,4323,64
2021-07-27,Ventura,111,848112,84047,83189,3585,86774,1043
2021-07-27,Yolo,113,214977,15011,14759,502,15261,215
2021-07-27,Yuba,115,75493,6695,6564,143,6707,51
2021-07-26,Alameda,001,1643700,96160,94436,2309,96745,1259
2021-07-26,Alpine,003,1148,91,89,0,89,0
2021-07-26,Amador,005,37829,3911,3854,35,3889,48
2021-07-26,Butte,007,227075,13318,13082,2073,15155,203
2021-07-26,Calaveras,009,45235,2297,2276,17,2293,57
2021-07-26,Colusa,011,21464,2017,1996,359,2355,16
2021-07-26,Contra Costa,013,1133247,76363,74854,1583,76437,830
2021-07-26,Del Norte,015,27424,1605,1530,15,1545,8
2021-07-26,El Dorado,017,186661,11110,10899,885,11784,116
2021-07-26,Fresno,019,978130,105237,104143,9405,113548,1742
2021-07-26,Glenn,021,27897,2473,2461,602,3063,20
2021-07-26,Humboldt,023,135768,5074,4906,72,4978,52
2021-07-26,Imperial,025,180216,29159,29034,2922,31956,743
2021-07-26,Inyo,027,18085,1445,1429,4,1433,38
2021-07-26,Kern,029,883053,99447,98633,12266,110899,1351
2021-07-26,Kings,031,150075,23674,23426,1263,24689,247
2021-07-26,Lake,033,64148,4298,4133,15,4148,65
2021-07-26,Lassen,035,31185,5326,5314,123,5437,21
2021-07-26,Los Angeles,037,10098052,1253202,1241527,47458,1288985,24647
2021-07-26,Madera,039,155013,17201,16971,1032,18003,245
2021-07-26,Marin,041,260295,14863,14579,301,14880,239
2021-07-26,Mariposa,043,17540,474,467,11,478,5
2021-07-26,Mendocino,045,87422,4500,4354,88,4442,49
2021-07-26,Merced,047,269075,31993,31774,1067,32841,473
2021-07-26,Modoc,049,8938,423,413,148,561,5
2021-07-26,Mono,051,14174,1282,1286,14,1300,3
2021-07-26,Monterey,053,433212,43796,43595,2032,45627,521
2021-07-26,Napa,055,140530,10464,10332,46,10378,82
2021-07-26,Nevada,057,99092,5490,5280,210,5490,72
2021-07-26,Orange,059,3164182,264980,261803,12568,274371,5142
2021-07-26,Placer,061,380077,25346,24842,1917,26759,304
2021-07-26,Plumas,063,18699,753,750,15,765,5
2021-07-26,Riverside,065,2383286,301710,298626,15217,313843,4553
2021-07-26,Sacramento,067,1510023,115699,113986,2243,116229,1705
2021-07-26,San Benito,069,59416,6251,6222,120,6342,63
2021-07-26,San Bernardino,071,2135413,301748,299238,9854,309092,5237
2021-07-26,San Diego,073,3302833,295953,292688,16942,309630,3793
2021-07-26,San Francisco,075,870044,40832,39800,1609,41409,561
2021-07-26,San Joaquin,077,732212,76857,76033,4075,80108,1440
2021-07-26,San Luis Obispo,079,281455,22038,21752,836,22588,260
2021-07-26,San Mateo,081,765935,44930,44297,596,44893,547
2021-07-26,Santa Barbara,083,443738,35791,35311,1311,36622,467
2021-07-26,Santa Clara,085,1922200,123214,121978,881,122859,2099
2021-07-26,Santa Cruz,087,273765,16701,16493,886,17379,207
2021-07-26,Shasta,089,179085,13020,12819,1782,14601,211
2021-07-26,Sierra,091,2930,68,65,14,79,0
2021-07-26,Siskiyou,093,43540,2042,1962,447,2409,31
2021-07-26,Solano,095,438530,35661,34990,715,35705,259
2021-07-26,Sonoma,097,501317,32903,32283,398,32681,328
2021-07-26,Stanislaus,099,539301,58920,58219,6527,64746,1033
2021-07-26,Sutter,101,95872,10141,9963,107,10070,115
2021-07-26,Tehama,103,63373,5230,5183,630,5813,66
2021-07-26,Trinity,105,12862,434,351,94,445,3
2021-07-26,Tulare,107,460477,50617,50265,10043,60308,854
2021-07-26,Tuolumne,109,53932,4422,4271,41,4312,64
2021-07-26,Ventura,111,848112,83875,83072,3569,86641,1041
2021-07-26,Yolo,113,214977,14951,14727,489,15216,215
2021-07-26,Yuba,115,75493,6661,6538,141,6679,51
2021-07-25,Alameda,001,1643700,95672,94146,2303,96449,1259
2021-07-25,Alpine,003,1148,89,89,0,89,0
2021-07-25,Amador,005,37829,3896,3848,35,3883,48
2021-07-25,Butte,007,227075,13279,13074,2063,15137,203
2021-07-25,Calaveras,009,45235,2286,2275,17,2292,57
2021-07-25,Colusa,011,21464,2008,1996,355,2351,16
2021-07-25,Contra Costa,013,1133247,75878,74634,1569,76203,830
2021-07-25,Del Norte,015,27424,1584,1526,15,1541,8
2021-07-25,El Dorado,017,186661,11052,10878,882,11760,116
2021-07-25,Fresno,019,978130,104996,104019,9389,113408,1742
2021-07-25,Glenn,021,27897,2464,2461,600,3061,20
2021-07-25,Humboldt,023,135768,5015,4892,70,4962,52
2021-07-25,Imperial,025,180216,29123,29037,2922,31959,743
2021-07-25,Inyo,027,18085,1440,1427,4,1431,38
2021-07-25,Kern,029,883053,99275,98503,12195,110698,1351
2021-07-25,Kings,031,150075,23621,23396,1259,24655,247
2021-07-25,Lake,033,64148,4245,4109,14,4123,65
2021-07-25,Lassen,035,31185,5322,5314,123,5437,21
2021-07-25,Los Angeles,037,10098052,1249814,1239596,47279,1286875,24643
2021-07-25,Madera,039,155013,17164,16947,1025,17972,245
2021-07-25,Marin,041,260295,14813,14558,298,14856,239
2021-07-25,Mariposa,043,17540,471,465,11,476,5
2021-07-25,Mendocino,045,87422,4470,4335,86,4421,49
2021-07-25,Merced,047,269075,31921,31760,1065,32825,473
2021-07-25,Modoc,049,8938,423,413,148,561,5
2021-07-25,Mono,051,14174,1280,1286,14,1300,3
2021-07-25,Monterey,053,433212,43757,43590,2024,45614,521
2021-07-25,Napa,055,140530,10427,10316,45,10361,82
2021-07-25,Nevada,057,99092,5425,5256,207,5463,72
2021-07-25,Orange,059,3164182,264274,261351,12543,273894,5142
2021-07-25,Placer,061,380077,25225,24755,1896,26651,304
2021-07-25,Plumas,063,18699,751,750,15,765,5
2021-07-25,Riverside,065,2383286,300944,298181,15201,313382,4553
2021-07-25,Sacramento,067,1510023,115152,113611,2226,115837,1704
2021-07-25,San Benito,069,59416,6244,6217,120,6337,63
2021-07-25,San Bernardino,071,2135413,301096,298982,9848,308830,5237
2021-07-25,San Diego,073,3302833,294880,290626,16873,307499,3793
2021-07-25,San Francisco,075,870044,40496,39663,1582,41245,561
2021-07-25,San Joaquin,077,732212,76603,75926,4055,79981,1440
2021-07-25,San Luis Obispo,079,281455,21967,21741,833,22574,260
2021-07-25,San Mateo,081,765935,44767,44189,590,44779,547
2021-07-25,Santa Barbara,083,443738,35714,35261,1308,36569,467
2021-07-25,Santa Clara,085,1922200,122884,121800,875,122675,2099
2021-07-25,Santa Cruz,087,273765,16654,16474,885,17359,207
2021-07-25,Shasta,089,179085,12973,12815,1777,14592,211
2021-07-25,Sierra,091,2930,68,65,14,79,0
2021-07-25,Siskiyou,093,43540,2034,1963,444,2407,31
2021-07-25,Solano,095,438530,35475,34863,712,35575,259
2021-07-25,Sonoma,097,501317,32778,32202,395,32597,328
2021-07-25,Stanislaus,099,539301,58753,58154,6522,64676,1033
2021-07-25,Sutter,101,95872,10087,9937,105,10042,115
2021-07-25,Tehama,103,63373,5214,5181,629,5810,66
2021-07-25,Trinity,105,12862,432,351,92,443,3
2021-07-25,Tulare,107,460477,50541,50221,10004,60225,854
2021-07-25,Tuolumne,109,53932,4370,4267,41,4308,64
2021-07-25,Ventura,111,848112,83661,82986,3547,86533,1041
2021-07-25,Yolo,113,214977,14891,14693,474,15167,215
2021-07-25,Yuba,115,75493,6628,6519,141,6660,51
2021-07-24,Alameda,001,1643700,95395,93170,2297,95467,1259
2021-07-24,Alpine,003,1148,89,89,0,89,0
2021-07-24,Amador,005,37829,3887,3816,35,3851,48
2021-07-24,Butte,007,227075,13250,12982,2061,15043,203
2021-07-24,Calaveras,009,45235,2282,2267,17,2284,57
2021-07-24,Colusa,011,21464,2007,1992,353,2345,16
2021-07-24,Contra Costa,013,1133247,75653,73682,1566,75248,830
2021-07-24,Del Norte,015,27424,1573,1497,15,1512,8
2021-07-24,El Dorado,017,186661,11018,10773,879,11652,116
2021-07-24,Fresno,019,978130,104878,103637,9380,113017,1736
2021-07-24,Glenn,021,27897,2463,2457,600,3057,20
2021-07-24,Humboldt,023,135768,4981,4780,69,4849,52
2021-07-24,Imperial,025,180216,29103,28996,2922,31918,742
2021-07-24,Inyo,027,18085,1437,1424,4,1428,38
2021-07-24,Kern,029,883053,99196,98261,12173,110434,1350
2021-07-24,Kings,031,150075,23590,23304,1256,24560,246
2021-07-24,Lake,033,64148,4222,3963,14,3977,64
2021-07-24,Lassen,035,31185,5321,5311,123,5434,21
2021-07-24,Los Angeles,037,10098052,1248054,1232164,47157,1279321,24623
2021-07-24,Madera,039,155013,17140,16885,1023,17908,245
2021-07-24,Marin,041,260295,14775,14454,298,14752,238
2021-07-24,Mariposa,043,17540,471,453,11,464,5
2021-07-24,Mendocino,045,87422,4445,4293,86,4379,49
2021-07-24,Merced,047,269075,31899,31661,1064,32725,473
2021-07-24,Modoc,049,8938,423,413,148,561,5
2021-07-24,Mono,051,14174,1278,1284,14,1298,3
2021-07-24,Monterey,053,433212,43732,43525,2017,45542,521
2021-07-24,Napa,055,140530,10411,10230,45,10275,81
2021-07-24,Nevada,057,99092,5392,5183,207,5390,72
2021-07-24,Orange,059,3164182,263809,259973,12530,272503,5141
2021-07-24,Placer,061,380077,25142,24530,1891,26421,303
2021-07-24,Plumas,063,18699,750,737,15,752,4
2021-07-24,Riverside,065,2383286,300476,296912,15191,312103,4552
2021-07-24,Sacramento,067,1510023,114835,112438,2221,114659,1698
2021-07-24,San Benito,069,59416,6240,6200,119,6319,63
2021-07-24,San Bernardino,071,2135413,300705,297899,9839,307738,5236
2021-07-24,San Diego,073,3302833,294413,289368,16846,306214,3788
2021-07-24,San Francisco,075,870044,40332,38954,1565,40519,561
2021-07-24,San Joaquin,077,732212,76476,75461,4044,79505,1436
2021-07-24,San Luis Obispo,079,281455,21936,21616,831,22447,260
2021-07-24,San Mateo,081,765935,44649,43880,584,44464,542
2021-07-24,Santa Barbara,083,443738,35656,35071,1303,36374,465
2021-07-24,Santa Clara,085,1922200,122672,121092,874,121966,2099
2021-07-24,Santa Cruz,087,273765,16632,16416,885,17301,207
2021-07-24,Shasta,089,179085,12945,12759,1774,14533,211
2021-07-24,Sierra,091,2930,67,64,14,78,0
2021-07-24,Siskiyou,093,43540,2034,1951,444,2395,31
2021-07-24,Solano,095,438530,35383,34499,703,35202,259
2021-07-24,Sonoma,097,501317,32654,31928,393,32321,327
2021-07-24,Stanislaus,099,539301,58662,57879,6510,64389,1030
2021-07-24,Sutter,101,95872,10060,9890,105,9995,115
2021-07-24,Tehama,103,63373,5207,5166,627,5793,65
2021-07-24,Trinity,105,12862,432,345,92,437,3
2021-07-24,Tulare,107,460477,50498,50104,9986,60090,854
2021-07-24,Tuolumne,109,53932,4344,4216,41,4257,64
2021-07-24,Ventura,111,848112,83534,82687,3530,86217,1041
2021-07-24,Yolo,113,214977,14854,14557,471,15028,214
2021-07-24,Yuba,115,75493,6609,6449,141,6590,51
2021-07-23,Alameda,001,1643700,95141,93170,2291,95461,1259
2021-07-23,Alpine,003,1148,89,89,0,89,0
2021-07-23,Amador,005,37829,3880,3816,35,3851,48
2021-07-23,Butte,007,227075,13221,12982,2053,15035,203
2021-07-23,Calaveras,009,45235,2280,2267,17,2284,57
2021-07-23,Colusa,011,21464,2006,1992,353,2345,16
2021-07-23,Contra Costa,013,1133247,75396,73682,1556,75238,830
2021-07-23,Del Norte,015,27424,1565,1497,15,1512,8
2021-07-23,El Dorado,017,186661,10989,10773,875,11648,116
2021-07-23,Fresno,019,978130,104748,103637,9370,113007,1736
2021-07-23,Glenn,021,27897,2461,2457,597,3054,20
2021-07-23,Humboldt,023,135768,4960,4780,67,4847,52
2021-07-23,Imperial,025,180216,29091,28996,2922,31918,742
2021-07-23,Inyo,027,18085,1434,1424,4,1428,38
2021-07-23,Kern,029,883053,99113,98261,12147,110408,1350
2021-07-23,Kings,031,150075,23559,23304,1253,24557,246
2021-07-23,Lake,033,64148,4192,3963,14,3977,64
2021-07-23,Lassen,035,31185,5319,5311,123,5434,21
2021-07-23,Los Angeles,037,10098052,1246133,1232164,47069,1279233,24623
2021-07-23,Madera,039,155013,17110,16885,1018,17903,245
2021-07-23,Marin,041,260295,14738,14454,296,14750,238
2021-07-23,Mariposa,043,17540,468,453,11,464,5
2021-07-23,Mendocino,045,87422,4432,4293,86,4379,49
2021-07-23,Merced,047,269075,31873,31661,1064,32725,473
2021-07-23,Modoc,049,8938,423,413,148,561,5
2021-07-23,Mono,051,14174,1277,1284,14,1298,3
2021-07-23,Monterey,053,433212,43707,43525,2017,45542,521
2021-07-23,Napa,055,140530,10390,10230,45,10275,81
2021-07-23,Nevada,057,99092,5347,5183,207,5390,72
2021-07-23,Orange,059,3164182,263357,259973,12508,272481,5141
2021-07-23,Placer,061,380077,25063,24530,1874,26404,303
2021-07-23,Plumas,063,18699,748,737,15,752,4
2021-07-23,Riverside,065,2383286,300011,296912,15179,312091,4552
2021-07-23,Sacramento,067,1510023,114480,112438,2219,114657,1698
2021-07-23,San Benito,069,59416,6234,6200,119,6319,63
2021-07-23,San Bernardino,071,2135413,300327,297899,9830,307729,5236
2021-07-23,San Diego,073,3302833,293812,289368,16798,306166,3788
2021-07-23,San Francisco,075,870044,40150,38954,1550,40504,561
2021-07-23,San Joaquin,077,732212,76376,75461,4029,79490,1436
2021-07-23,San Luis Obispo,079,281455,21899,21616,830,22446,260
2021-07-23,San Mateo,081,765935,44543,43880,579,44459,542
2021-07-23,Santa Barbara,083,443738,35591,35071,1302,36373,465
2021-07-23,Santa Clara,085,1922200,122453,121092,871,121963,2099
2021-07-23,Santa Cruz,087,273765,16608,16416,884,17300,207
2021-07-23,Shasta,089,179085,12918,12759,1771,14530,211
2021-07-23,Sierra,091,2930,67,64,14,78,0
2021-07-23,Siskiyou,093,43540,2032,1951,444,2395,31
2021-07-23,Solano,095,438530,35290,34499,699,35198,259
2021-07-23,Sonoma,097,501317,32560,31928,392,32320,327
2021-07-23,Stanislaus,099,539301,58582,57879,6499,64378,1030
2021-07-23,Sutter,101,95872,10031,9890,105,9995,115
2021-07-23,Tehama,103,63373,5198,5166,627,5793,65
2021-07-23,Trinity,105,12862,431,345,91,436,3
2021-07-23,Tulare,107,460477,50453,50104,9960,60064,854
2021-07-23,Tuolumne,109,53932,4322,4216,41,4257,64
2021-07-23,Ventura,111,848112,83372,82687,3512,86199,1041
2021-07-23,Yolo,113,214977,14815,14557,464,15021,214
2021-07-23,Yuba,115,75493,6583,6449,140,6589,51
2021-07-22,Alameda,001,1643700,94778,93170,2285,95455,1259
2021-07-22,Alpine,003,1148,89,89,0,89,0
2021-07-22,Amador,005,37829,3871,3816,35,3851,48
2021-07-22,Butte,007,227075,13187,12982,2044,15026,203
2021-07-22,Calaveras,009,45235,2277,2267,17,2284,57
2021-07-22,Colusa,011,21464,2004,1992,351,2343,16
2021-07-22,Contra Costa,013,1133247,75059,73682,1552,75234,830
2021-07-22,Del Norte,015,27424,1548,1497,15,1512,8
2021-07-22,El Dorado,017,186661,10955,10773,867,11640,116
2021-07-22,Fresno,019,978130,104619,103637,9360,112997,1736
2021-07-22,Glenn,021,27897,2458,2457,596,3053,20
2021-07-22,Humboldt,023,135768,4929,4780,65,4845,52
2021-07-22,Imperial,025,180216,29061,28996,2922,31918,742
2021-07-22,Inyo,027,18085,1432,1424,4,1428,38
2021-07-22,Kern,029,883053,98999,98261,12102,110363,1350
2021-07-22,Kings,031,150075,23520,23304,1251,24555,246
2021-07-22,Lake,033,64148,4141,3963,14,3977,64
2021-07-22,Lassen,035,31185,5316,5311,123,5434,21
2021-07-22,Los Angeles,037,10098052,1243743,1232164,46906,1279070,24623
2021-07-22,Madera,039,155013,17075,16885,1016,17901,245
2021-07-22,Marin,041,260295,14697,14454,295,14749,238
2021-07-22,Mariposa,043,17540,461,453,11,464,5
2021-07-22,Mendocino,045,87422,4419,4293,85,4378,49
2021-07-22,Merced,047,269075,31831,31661,1062,32723,473
2021-07-22,Modoc,049,8938,423,413,148,561,5
2021-07-22,Mono,051,14174,1276,1284,14,1298,3
2021-07-22,Monterey,053,433212,43678,43525,2011,45536,521
2021-07-22,Napa,055,140530,10372,10230,45,10275,81
2021-07-22,Nevada,057,99092,5321,5183,206,5389,72
2021-07-22,Orange,059,3164182,262804,259973,12499,272472,5141
2021-07-22,Placer,061,380077,24969,24530,1862,26392,303
2021-07-22,Plumas,063,18699,747,737,15,752,4
2021-07-22,Riverside,065,2383286,299502,296912,15158,312070,4552
2021-07-22,Sacramento,067,1510023,114047,112438,2210,114648,1698
2021-07-22,San Benito,069,59416,6226,6200,119,6319,63
2021-07-22,San Bernardino,071,2135413,299932,297899,9814,307713,5236
2021-07-22,San Diego,073,3302833,293089,289368,16738,306106,3788
2021-07-22,San Francisco,075,870044,39937,38954,1537,40491,561
2021-07-22,San Joaquin,077,732212,76234,75461,4015,79476,1436
2021-07-22,San Luis Obispo,079,281455,21862,21616,826,22442,260
2021-07-22,San Mateo,081,765935,44431,43880,574,44454,542
2021-07-22,Santa Barbara,083,443738,35529,35071,1300,36371,465
2021-07-22,Santa Clara,085,1922200,122211,121092,868,121960,2099
2021-07-22,Santa Cruz,087,273765,16571,16416,884,17300,207
2021-07-22,Shasta,089,179085,12894,12759,1767,14526,211
2021-07-22,Sierra,091,2930,65,64,14,78,0
2021-07-22,Siskiyou,093,43540,2029,1951,444,2395,31
2021-07-22,Solano,095,438530,35141,34499,692,35191,259
2021-07-22,Sonoma,097,501317,32451,31928,390,32318,327
2021-07-22,Stanislaus,099,539301,58453,57879,6487,64366,1030
2021-07-22,Sutter,101,95872,10010,9890,105,9995,115
2021-07-22,Tehama,103,63373,5192,5166,627,5793,65
2021-07-22,Trinity,105,12862,431,345,91,436,3
2021-07-22,Tulare,107,460477,50410,50104,9932,60036,854
2021-07-22,Tuolumne,109,53932,4310,4216,41,4257,64
2021-07-22,Ventura,111,848112,83238,82687,3499,86186,1041
2021-07-22,Yolo,113,214977,14777,14557,463,15020,214
2021-07-22,Yuba,115,75493,6553,6449,137,6586,51
2021-07-21,Alameda,001,1643700,94449,92840,2281,95121,1256
2021-07-21,Alpine,003,1148,89,89,0,89,0
2021-07-21,Amador,005,37829,3858,3813,35,3848,48
2021-07-21,Butte,007,227075,13146,12939,2039,14978,203
2021-07-21,Calaveras,009,45235,2276,2257,17,2274,57
2021-07-21,Colusa,011,21464,2000,1988,350,2338,16
2021-07-21,Contra Costa,013,1133247,74794,73320,1543,74863,827
2021-07-21,Del Norte,015,27424,1538,1492,15,1507,8
2021-07-21,El Dorado,017,186661,10920,10742,863,11605,116
2021-07-21,Fresno,019,978130,104472,103504,9350,112854,1736
2021-07-21,Glenn,021,27897,2456,2455,595,3050,20
2021-07-21,Humboldt,023,135768,4897,4763,63,4826,52
2021-07-21,Imperial,025,180216,29049,28964,2919,31883,742
2021-07-21,Inyo,027,18085,1432,1423,4,1427,38
2021-07-21,Kern,029,883053,98882,98152,12060,110212,1350
2021-07-21,Kings,031,150075,23492,23270,1247,24517,246
2021-07-21,Lake,033,64148,4076,3896,14,3910,64
2021-07-21,Lassen,035,31185,5313,5310,123,5433,21
2021-07-21,Los Angeles,037,10098052,1241269,1229598,46780,1276378,24609
2021-07-21,Madera,039,155013,17055,16858,1013,17871,245
2021-07-21,Marin,041,260295,14647,14427,295,14722,238
2021-07-21,Mariposa,043,17540,457,449,11,460,5
2021-07-21,Mendocino,045,87422,4401,4274,85,4359,49
2021-07-21,Merced,047,269075,31792,31607,1057,32664,473
2021-07-21,Modoc,049,8938,423,413,148,561,5
2021-07-21,Mono,051,14174,1273,1282,14,1296,3
2021-07-21,Monterey,053,433212,43648,43502,2007,45509,515
2021-07-21,Napa,055,140530,10347,10209,45,10254,81
2021-07-21,Nevada,057,99092,5286,5152,206,5358,72
2021-07-21,Orange,059,3164182,262253,259615,12467,272082,5139
2021-07-21,Placer,061,380077,24860,24441,1851,26292,303
2021-07-21,Plumas,063,18699,747,736,15,751,4
2021-07-21,Riverside,065,2383286,298989,296419,15141,311560,4552
2021-07-21,Sacramento,067,1510023,113631,112043,2199,114242,1696
2021-07-21,San Benito,069,59416,6216,6196,119,6315,63
2021-07-21,San Bernardino,071,2135413,299488,297519,9806,307325,5230
2021-07-21,San Diego,073,3302833,292242,288682,16674,305356,3787
2021-07-21,San Francisco,075,870044,39713,38699,1532,40231,559
2021-07-21,San Joaquin,077,732212,76045,75288,4003,79291,1434
2021-07-21,San Luis Obispo,079,281455,21826,21579,823,22402,260
2021-07-21,San Mateo,081,765935,44339,43755,570,44325,542
2021-07-21,Santa Barbara,083,443738,35472,34998,1282,36280,465
2021-07-21,Santa Clara,085,1922200,122001,120838,866,121704,2099
2021-07-21,Santa Cruz,087,273765,16537,16407,884,17291,207
2021-07-21,Shasta,089,179085,12861,12751,1764,14515,211
2021-07-21,Sierra,091,2930,65,64,14,78,0
2021-07-21,Siskiyou,093,43540,2027,1943,442,2385,31
2021-07-21,Solano,095,438530,34986,34374,687,35061,258
2021-07-21,Sonoma,097,501317,32335,31789,390,32179,327
2021-07-21,Stanislaus,099,539301,58351,57774,6478,64252,1028
2021-07-21,Sutter,101,95872,9986,9862,105,9967,113
2021-07-21,Tehama,103,63373,5188,5161,627,5788,65
2021-07-21,Trinity,105,12862,430,345,90,435,3
2021-07-21,Tulare,107,460477,50351,50066,9906,59972,854
2021-07-21,Tuolumne,109,53932,4273,4156,41,4197,64
2021-07-21,Ventura,111,848112,83116,82573,3487,86060,1041
2021-07-21,Yolo,113,214977,14736,14525,462,14987,213
2021-07-21,Yuba,115,75493,6525,6425,137,6562,52
2021-07-20,Alameda,001,1643700,94071,92625,2268,94893,1256
2021-07-20,Alpine,003,1148,89,89,0,89,0
2021-07-20,Amador,005,37829,3847,3807,35,3842,48
2021-07-20,Butte,007,227075,13109,12916,2034,14950,203
2021-07-20,Calaveras,009,45235,2273,2249,17,2266,57
2021-07-20,Colusa,011,21464,2000,1985,350,2335,16
2021-07-20,Contra Costa,013,1133247,74510,73143,1524,74667,825
2021-07-20,Del Norte,015,27424,1528,1490,15,1505,8
2021-07-20,El Dorado,017,186661,10880,10727,858,11585,116
2021-07-20,Fresno,019,978130,104335,103438,9330,112768,1736
2021-07-20,Glenn,021,27897,2456,2453,595,3048,20
2021-07-20,Humboldt,023,135768,4852,4735,61,4796,52
2021-07-20,Imperial,025,180216,29029,28933,2919,31852,742
2021-07-20,Inyo,027,18085,1428,1420,4,1424,36
2021-07-20,Kern,029,883053,98774,98082,12031,110113,1350
2021-07-20,Kings,031,150075,23451,23254,1243,24497,246
2021-07-20,Lake,033,64148,4051,3871,14,3885,64
2021-07-20,Lassen,035,31185,5313,5306,123,5429,21
2021-07-20,Los Angeles,037,10098052,1238498,1227404,46621,1274025,24603
2021-07-20,Madera,039,155013,17034,16856,1009,17865,245
2021-07-20,Marin,041,260295,14612,14396,292,14688,234
2021-07-20,Mariposa,043,17540,456,448,11,459,5
2021-07-20,Mendocino,045,87422,4384,4259,85,4344,49
2021-07-20,Merced,047,269075,31754,31578,1050,32628,473
2021-07-20,Modoc,049,8938,423,413,148,561,5
2021-07-20,Mono,051,14174,1269,1281,14,1295,3
2021-07-20,Monterey,053,433212,43617,43481,2004,45485,515
2021-07-20,Napa,055,140530,10324,10191,45,10236,81
2021-07-20,Nevada,057,99092,5267,5148,205,5353,72
2021-07-20,Orange,059,3164182,261701,259303,12434,271737,5139
2021-07-20,Placer,061,380077,24769,24408,1826,26234,303
2021-07-20,Plumas,063,18699,745,736,15,751,4
2021-07-20,Riverside,065,2383286,298454,296118,15127,311245,4543
2021-07-20,Sacramento,067,1510023,113193,111796,2169,113965,1695
2021-07-20,San Benito,069,59416,6209,6196,119,6315,63
2021-07-20,San Bernardino,071,2135413,299077,297222,9781,307003,5231
2021-07-20,San Diego,073,3302833,291322,288209,16577,304786,3786
2021-07-20,San Francisco,075,870044,39456,38536,1521,40057,558
2021-07-20,San Joaquin,077,732212,75873,75198,3990,79188,1433
2021-07-20,San Luis Obispo,079,281455,21782,21556,822,22378,259
2021-07-20,San Mateo,081,765935,44223,43670,568,44238,542
2021-07-20,Santa Barbara,083,443738,35402,34935,1275,36210,462
2021-07-20,Santa Clara,085,1922200,121744,120704,864,121568,2098
2021-07-20,Santa Cruz,087,273765,16508,16399,884,17283,207
2021-07-20,Shasta,089,179085,12835,12734,1759,14493,211
2021-07-20,Sierra,091,2930,65,64,14,78,0
2021-07-20,Siskiyou,093,43540,2023,1931,441,2372,31
2021-07-20,Solano,095,438530,34859,34337,680,35017,258
2021-07-20,Sonoma,097,501317,32216,31763,389,32152,326
2021-07-20,Stanislaus,099,539301,58235,57706,6472,64178,1028
2021-07-20,Sutter,101,95872,9960,9854,102,9956,114
2021-07-20,Tehama,103,63373,5186,5153,627,5780,65
2021-07-20,Trinity,105,12862,428,344,89,433,3
2021-07-20,Tulare,107,460477,50310,50047,9888,59935,854
2021-07-20,Tuolumne,109,53932,4254,4156,41,4197,64
2021-07-20,Ventura,111,848112,82963,82504,3470,85974,1041
2021-07-20,Yolo,113,214977,14673,14495,459,14954,213
2021-07-20,Yuba,115,75493,6500,6393,134,6527,52
2021-07-19,Alameda,001,1643700,93701,92357,2252,94609,1256
2021-07-19,Alpine,003,1148,89,89,0,89,0
2021-07-19,Amador,005,37829,3843,3802,35,3837,48
2021-07-19,Butte,007,227075,13066,12901,2028,14929,202
2021-07-19,Calaveras,009,45235,2272,2245,17,2262,57
2021-07-19,Colusa,011,21464,1998,1981,349,2330,16
2021-07-19,Contra Costa,013,1133247,74200,72935,1503,74438,825
2021-07-19,Del Norte,015,27424,1516,1484,15,1499,8
2021-07-19,El Dorado,017,186661,10850,10703,850,11553,114
2021-07-19,Fresno,019,978130,104208,103350,9314,112664,1731
2021-07-19,Glenn,021,27897,2456,2452,594,3046,20
2021-07-19,Humboldt,023,135768,4822,4719,59,4778,52
2021-07-19,Imperial,025,180216,29002,28888,2919,31807,742
2021-07-19,Inyo,027,18085,1427,1417,4,1421,36
2021-07-19,Kern,029,883053,98664,97999,11995,109994,1349
2021-07-19,Kings,031,150075,23420,23221,1237,24458,246
2021-07-19,Lake,033,64148,4015,3848,14,3862,64
2021-07-19,Lassen,035,31185,5312,5305,123,5428,21
2021-07-19,Los Angeles,037,10098052,1235919,1225946,46432,1272378,24600
2021-07-19,Madera,039,155013,17011,16846,1006,17852,244
2021-07-19,Marin,041,260295,14577,14369,289,14658,234
2021-07-19,Mariposa,043,17540,450,447,11,458,5
2021-07-19,Mendocino,045,87422,4366,4251,85,4336,49
2021-07-19,Merced,047,269075,31690,31565,1043,32608,472
2021-07-19,Modoc,049,8938,422,413,148,561,5
2021-07-19,Mono,051,14174,1267,1280,14,1294,3
2021-07-19,Monterey,053,433212,43594,43436,2003,45439,515
2021-07-19,Napa,055,140530,10299,10180,43,10223,81
2021-07-19,Nevada,057,99092,5239,5133,204,5337,72
2021-07-19,Orange,059,3164182,261184,258927,12399,271326,5138
2021-07-19,Placer,061,380077,24670,24359,1804,26163,303
2021-07-19,Plumas,063,18699,745,730,15,745,4
2021-07-19,Riverside,065,2383286,297965,295736,15089,310825,4543
2021-07-19,Sacramento,067,1510023,112830,111470,2145,113615,1696
2021-07-19,San Benito,069,59416,6206,6193,119,6312,63
2021-07-19,San Bernardino,071,2135413,298705,296929,9762,306691,5235
2021-07-19,San Diego,073,3302833,290435,287695,16476,304171,3786
2021-07-19,San Francisco,075,870044,39186,38463,1507,39970,560
2021-07-19,San Joaquin,077,732212,75707,75086,3984,79070,1431
2021-07-19,San Luis Obispo,079,281455,21737,21531,818,22349,259
2021-07-19,San Mateo,081,765935,44078,43563,559,44122,542
2021-07-19,Santa Barbara,083,443738,35330,34904,1272,36176,461
2021-07-19,Santa Clara,085,1922200,121486,120554,863,121417,2098
2021-07-19,Santa Cruz,087,273765,16492,16387,884,17271,207
2021-07-19,Shasta,089,179085,12817,12723,1757,14480,209
2021-07-19,Sierra,091,2930,64,64,14,78,0
2021-07-19,Siskiyou,093,43540,2018,1927,439,2366,31
2021-07-19,Solano,095,438530,34689,34262,669,34931,261
2021-07-19,Sonoma,097,501317,32095,31713,388,32101,325
2021-07-19,Stanislaus,099,539301,58133,57644,6461,64105,1027
2021-07-19,Sutter,101,95872,9944,9834,102,9936,114
2021-07-19,Tehama,103,63373,5180,5152,625,5777,65
2021-07-19,Trinity,105,12862,428,344,88,432,3
2021-07-19,Tulare,107,460477,50265,49994,9870,59864,855
2021-07-19,Tuolumne,109,53932,4244,4151,41,4192,64
2021-07-19,Ventura,111,848112,82867,82409,3448,85857,1041
2021-07-19,Yolo,113,214977,14642,14439,457,14896,213
2021-07-19,Yuba,115,75493,6476,6370,134,6504,52
2021-07-18,Alameda,001,1643700,93350,92162,2238,94400,1256
2021-07-18,Alpine,003,1148,89,89,0,89,0
2021-07-18,Amador,005,37829,3832,3799,35,3834,48
2021-07-18,Butte,007,227075,13025,12888,2022,14910,202
2021-07-18,Calaveras,009,45235,2271,2243,17,2260,57
2021-07-18,Colusa,011,21464,1998,1981,348,2329,16
2021-07-18,Contra Costa,013,1133247,73885,72849,1485,74334,825
2021-07-18,Del Norte,015,27424,1507,1482,15,1497,8
2021-07-18,El Dorado,017,186661,10812,10687,842,11529,114
2021-07-18,Fresno,019,978130,104056,103298,9295,112593,1731
2021-07-18,Glenn,021,27897,2455,2452,593,3045,20
2021-07-18,Humboldt,023,135768,4786,4714,59,4773,52
2021-07-18,Imperial,025,180216,28965,28877,2918,31795,742
2021-07-18,Inyo,027,18085,1423,1417,4,1421,36
2021-07-18,Kern,029,883053,98538,97963,11953,109916,1349
2021-07-18,Kings,031,150075,23399,23203,1233,24436,246
2021-07-18,Lake,033,64148,3979,3825,14,3839,64
2021-07-18,Lassen,035,31185,5312,5305,123,5428,21
2021-07-18,Los Angeles,037,10098052,1233254,1224691,46249,1270940,24598
2021-07-18,Madera,039,155013,16986,16838,1002,17840,244
2021-07-18,Marin,041,260295,14541,14358,287,14645,234
2021-07-18,Mariposa,043,17540,449,447,11,458,5
2021-07-18,Mendocino,045,87422,4346,4246,85,4331,49
2021-07-18,Merced,047,269075,31659,31537,1041,32578,471
2021-07-18,Modoc,049,8938,422,413,148,561,5
2021-07-18,Mono,051,14174,1266,1280,14,1294,3
2021-07-18,Monterey,053,433212,43576,43422,1994,45416,515
2021-07-18,Napa,055,140530,10282,10174,40,10214,81
2021-07-18,Nevada,057,99092,5213,5124,204,5328,72
2021-07-18,Orange,059,3164182,260699,258724,12369,271093,5138
2021-07-18,Placer,061,380077,24604,24313,1777,26090,303
2021-07-18,Plumas,063,18699,745,730,15,745,4
2021-07-18,Riverside,065,2383286,297474,295522,15048,310570,4543
2021-07-18,Sacramento,067,1510023,112399,111255,2113,113368,1696
2021-07-18,San Benito,069,59416,6198,6191,119,6310,63
2021-07-18,San Bernardino,071,2135413,298231,296739,9746,306485,5233
2021-07-18,San Diego,073,3302833,289619,286287,16393,302680,3786
2021-07-18,San Francisco,075,870044,38955,38367,1495,39862,560
2021-07-18,San Joaquin,077,732212,75533,74997,3971,78968,1431
2021-07-18,San Luis Obispo,079,281455,21702,21527,815,22342,259
2021-07-18,San Mateo,081,765935,43964,43506,553,44059,542
2021-07-18,Santa Barbara,083,443738,35265,34880,1270,36150,461
2021-07-18,Santa Clara,085,1922200,121273,120438,855,121293,2098
2021-07-18,Santa Cruz,087,273765,16460,16372,883,17255,207
2021-07-18,Shasta,089,179085,12792,12714,1753,14467,209
2021-07-18,Sierra,091,2930,64,64,14,78,0
2021-07-18,Siskiyou,093,43540,2012,1927,434,2361,31
2021-07-18,Solano,095,438530,34570,34215,665,34880,261
2021-07-18,Sonoma,097,501317,31990,31675,387,32062,325
2021-07-18,Stanislaus,099,539301,58022,57600,6436,64036,1028
2021-07-18,Sutter,101,95872,9912,9826,102,9928,114
2021-07-18,Tehama,103,63373,5177,5150,624,5774,65
2021-07-18,Trinity,105,12862,428,344,88,432,3
2021-07-18,Tulare,107,460477,50213,49985,9847,59832,855
2021-07-18,Tuolumne,109,53932,4226,4149,41,4190,64
2021-07-18,Ventura,111,848112,82755,82361,3422,85783,1041
2021-07-18,Yolo,113,214977,14584,14425,451,14876,213
2021-07-18,Yuba,115,75493,6435,6357,134,6491,52
2021-07-17,Alameda,001,1643700,93128,91346,2226,93572,1255
2021-07-17,Alpine,003,1148,89,89,0,89,0
2021-07-17,Amador,005,37829,3823,3785,35,3820,48
2021-07-17,Butte,007,227075,13011,12824,2017,14841,202
2021-07-17,Calaveras,009,45235,2265,2237,17,2254,57
2021-07-17,Colusa,011,21464,1995,1976,348,2324,16
2021-07-17,Contra Costa,013,1133247,73705,72254,1471,73725,824
2021-07-17,Del Norte,015,27424,1499,1475,15,1490,8
2021-07-17,El Dorado,017,186661,10785,10622,838,11460,114
2021-07-17,Fresno,019,978130,103984,103055,9282,112337,1730
2021-07-17,Glenn,021,27897,2454,2451,593,3044,20
2021-07-17,Humboldt,023,135768,4773,4654,58,4712,52
2021-07-17,Imperial,025,180216,28949,28840,2918,31758,742
2021-07-17,Inyo,027,18085,1423,1416,4,1420,36
2021-07-17,Kern,029,883053,98482,97796,11916,109712,1348
2021-07-17,Kings,031,150075,23379,23163,1232,24395,246
2021-07-17,Lake,033,64148,3954,3760,14,3774,64
2021-07-17,Lassen,035,31185,5312,5302,123,5425,21
2021-07-17,Los Angeles,037,10098052,1231751,1219733,46100,1265833,24582
2021-07-17,Madera,039,155013,16978,16804,1002,17806,240
2021-07-17,Marin,041,260295,14523,14297,285,14582,234
2021-07-17,Mariposa,043,17540,449,445,11,456,5
2021-07-17,Mendocino,045,87422,4334,4209,85,4294,49
2021-07-17,Merced,047,269075,31638,31451,1037,32488,471
2021-07-17,Modoc,049,8938,422,412,148,560,5
2021-07-17,Mono,051,14174,1264,1277,14,1291,3
2021-07-17,Monterey,053,433212,43554,43367,1988,45355,515
2021-07-17,Napa,055,140530,10266,10129,40,10169,81
2021-07-17,Nevada,057,99092,5198,5066,204,5270,72
2021-07-17,Orange,059,3164182,260390,257805,12329,270134,5136
2021-07-17,Placer,061,380077,24537,24169,1763,25932,303
2021-07-17,Plumas,063,18699,740,721,15,736,4
2021-07-17,Riverside,065,2383286,297167,294751,15016,309767,4542
2021-07-17,Sacramento,067,1510023,112163,110432,2091,112523,1694
2021-07-17,San Benito,069,59416,6192,6181,119,6300,63
2021-07-17,San Bernardino,071,2135413,297998,296048,9727,305775,5218
2021-07-17,San Diego,073,3302833,289213,285698,16326,302024,3786
2021-07-17,San Francisco,075,870044,38834,37978,1491,39469,560
2021-07-17,San Joaquin,077,732212,75447,74695,3963,78658,1430
2021-07-17,San Luis Obispo,079,281455,21675,21462,815,22277,258
2021-07-17,San Mateo,081,765935,43894,43324,551,43875,542
2021-07-17,Santa Barbara,083,443738,35225,34769,1267,36036,461
2021-07-17,Santa Clara,085,1922200,121101,119980,852,120832,2097
2021-07-17,Santa Cruz,087,273765,16453,16337,883,17220,207
2021-07-17,Shasta,089,179085,12777,12683,1748,14431,210
2021-07-17,Sierra,091,2930,64,62,14,76,0
2021-07-17,Siskiyou,093,43540,2007,1922,431,2353,29
2021-07-17,Solano,095,438530,34506,34015,657,34672,263
2021-07-17,Sonoma,097,501317,31923,31536,386,31922,322
2021-07-17,Stanislaus,099,539301,57944,57400,6422,63822,1028
2021-07-17,Sutter,101,95872,9902,9778,102,9880,114
2021-07-17,Tehama,103,63373,5174,5145,624,5769,64
2021-07-17,Trinity,105,12862,427,341,88,429,3
2021-07-17,Tulare,107,460477,50192,49937,9835,59772,854
2021-07-17,Tuolumne,109,53932,4216,4131,41,4172,64
2021-07-17,Ventura,111,848112,82688,82125,3410,85535,1041
2021-07-17,Yolo,113,214977,14554,14356,443,14799,213
2021-07-17,Yuba,115,75493,6424,6309,134,6443,52
2021-07-16,Alameda,001,1643700,92894,91346,2214,93560,1255
2021-07-16,Alpine,003,1148,89,89,0,89,0
2021-07-16,Amador,005,37829,3820,3785,35,3820,48
2021-07-16,Butte,007,227075,12986,12824,2014,14838,202
2021-07-16,Calaveras,009,45235,2265,2237,17,2254,57
2021-07-16,Colusa,011,21464,1993,1976,347,2323,16
2021-07-16,Contra Costa,013,1133247,73518,72254,1466,73720,824
2021-07-16,Del Norte,015,27424,1497,1475,15,1490,8
2021-07-16,El Dorado,017,186661,10766,10622,837,11459,114
2021-07-16,Fresno,019,978130,103932,103055,9263,112318,1730
2021-07-16,Glenn,021,27897,2454,2451,593,3044,20
2021-07-16,Humboldt,023,135768,4751,4654,58,4712,52
2021-07-16,Imperial,025,180216,28937,28840,2918,31758,742
2021-07-16,Inyo,027,18085,1421,1416,4,1420,36
2021-07-16,Kern,029,883053,98421,97796,11875,109671,1348
2021-07-16,Kings,031,150075,23356,23163,1229,24392,246
2021-07-16,Lake,033,64148,3927,3760,14,3774,64
2021-07-16,Lassen,035,31185,5311,5302,123,5425,21
2021-07-16,Los Angeles,037,10098052,1230260,1219733,45953,1265686,24582
2021-07-16,Madera,039,155013,16960,16804,1002,17806,240
2021-07-16,Marin,041,260295,14499,14297,282,14579,234
2021-07-16,Mariposa,043,17540,449,445,11,456,5
2021-07-16,Mendocino,045,87422,4325,4209,84,4293,49
2021-07-16,Merced,047,269075,31616,31451,1035,32486,471
2021-07-16,Modoc,049,8938,422,412,148,560,5
2021-07-16,Mono,051,14174,1263,1277,14,1291,3
2021-07-16,Monterey,053,433212,43532,43367,1987,45354,515
2021-07-16,Napa,055,140530,10242,10129,39,10168,81
2021-07-16,Nevada,057,99092,5188,5066,204,5270,72
2021-07-16,Orange,059,3164182,260117,257805,12289,270094,5136
2021-07-16,Placer,061,380077,24484,24169,1758,25927,303
2021-07-16,Plumas,063,18699,739,721,15,736,4
2021-07-16,Riverside,065,2383286,296891,294751,14990,309741,4542
2021-07-16,Sacramento,067,1510023,111946,110432,2078,112510,1694
2021-07-16,San Benito,069,59416,6190,6181,119,6300,63
2021-07-16,San Bernardino,071,2135413,297721,296048,9710,305758,5218
2021-07-16,San Diego,073,3302833,288768,285698,16279,301977,3786
2021-07-16,San Francisco,075,870044,38717,37978,1486,39464,560
2021-07-16,San Joaquin,077,732212,75352,74695,3960,78655,1430
2021-07-16,San Luis Obispo,079,281455,21658,21462,815,22277,258
2021-07-16,San Mateo,081,765935,43841,43324,550,43874,542
2021-07-16,Santa Barbara,083,443738,35187,34769,1267,36036,461
2021-07-16,Santa Clara,085,1922200,120954,119980,844,120824,2097
2021-07-16,Santa Cruz,087,273765,16440,16337,883,17220,207
2021-07-16,Shasta,089,179085,12767,12683,1747,14430,210
2021-07-16,Sierra,091,2930,64,62,14,76,0
2021-07-16,Siskiyou,093,43540,2005,1922,429,2351,29
2021-07-16,Solano,095,438530,34442,34015,649,34664,263
2021-07-16,Sonoma,097,501317,31871,31536,383,31919,322
2021-07-16,Stanislaus,099,539301,57896,57400,6410,63810,1028
2021-07-16,Sutter,101,95872,9890,9778,102,9880,114
2021-07-16,Tehama,103,63373,5172,5145,624,5769,64
2021-07-16,Trinity,105,12862,427,341,87,428,3
2021-07-16,Tulare,107,460477,50168,49937,9825,59762,854
2021-07-16,Tuolumne,109,53932,4210,4131,41,4172,64
2021-07-16,Ventura,111,848112,82624,82125,3403,85528,1041
2021-07-16,Yolo,113,214977,14528,14356,439,14795,213
2021-07-16,Yuba,115,75493,6402,6309,133,6442,52
2021-07-15,Alameda,001,1643700,92598,91346,2205,93551,1255
2021-07-15,Alpine,003,1148,89,89,0,89,0
2021-07-15,Amador,005,37829,3817,3785,35,3820,48
2021-07-15,Butte,007,227075,12960,12824,2012,14836,202
2021-07-15,Calaveras,009,45235,2263,2237,17,2254,57
2021-07-15,Colusa,011,21464,1992,1976,346,2322,16
2021-07-15,Contra Costa,013,1133247,73305,72254,1458,73712,824
2021-07-15,Del Norte,015,27424,1494,1475,15,1490,8
2021-07-15,El Dorado,017,186661,10739,10622,835,11457,114
2021-07-15,Fresno,019,978130,103836,103055,9242,112297,1730
2021-07-15,Glenn,021,27897,2454,2451,593,3044,20
2021-07-15,Humboldt,023,135768,4733,4654,57,4711,52
2021-07-15,Imperial,025,180216,28914,28840,2918,31758,742
2021-07-15,Inyo,027,18085,1421,1416,4,1420,36
2021-07-15,Kern,029,883053,98351,97796,11847,109643,1348
2021-07-15,Kings,031,150075,23318,23163,1226,24389,246
2021-07-15,Lake,033,64148,3888,3760,14,3774,64
2021-07-15,Lassen,035,31185,5310,5302,123,5425,21
2021-07-15,Los Angeles,037,10098052,1228292,1219733,45788,1265521,24582
2021-07-15,Madera,039,155013,16938,16804,998,17802,240
2021-07-15,Marin,041,260295,14475,14297,282,14579,234
2021-07-15,Mariposa,043,17540,449,445,11,456,5
2021-07-15,Mendocino,045,87422,4317,4209,83,4292,49
2021-07-15,Merced,047,269075,31586,31451,1035,32486,471
2021-07-15,Modoc,049,8938,422,412,148,560,5
2021-07-15,Mono,051,14174,1263,1277,14,1291,3
2021-07-15,Monterey,053,433212,43503,43367,1984,45351,515
2021-07-15,Napa,055,140530,10217,10129,38,10167,81
2021-07-15,Nevada,057,99092,5170,5066,203,5269,72
2021-07-15,Orange,059,3164182,259765,257805,12257,270062,5136
2021-07-15,Placer,061,380077,24425,24169,1741,25910,303
2021-07-15,Plumas,063,18699,738,721,15,736,4
2021-07-15,Riverside,065,2383286,296569,294751,14974,309725,4542
2021-07-15,Sacramento,067,1510023,111642,110432,2061,112493,1694
2021-07-15,San Benito,069,59416,6188,6181,119,6300,63
2021-07-15,San Bernardino,071,2135413,297414,296048,9695,305743,5218
2021-07-15,San Diego,073,3302833,288136,285698,16202,301900,3786
2021-07-15,San Francisco,075,870044,38566,37978,1477,39455,560
2021-07-15,San Joaquin,077,732212,75236,74695,3955,78650,1430
2021-07-15,San Luis Obispo,079,281455,21625,21462,815,22277,258
2021-07-15,San Mateo,081,765935,43737,43324,546,43870,542
2021-07-15,Santa Barbara,083,443738,35134,34769,1266,36035,461
2021-07-15,Santa Clara,085,1922200,120832,119980,841,120821,2097
2021-07-15,Santa Cruz,087,273765,16427,16337,883,17220,207
2021-07-15,Shasta,089,179085,12759,12683,1742,14425,210
2021-07-15,Sierra,091,2930,64,62,14,76,0
2021-07-15,Siskiyou,093,43540,2004,1922,429,2351,29
2021-07-15,Solano,095,438530,34368,34015,643,34658,263
2021-07-15,Sonoma,097,501317,31809,31536,383,31919,322
2021-07-15,Stanislaus,099,539301,57828,57400,6397,63797,1028
2021-07-15,Sutter,101,95872,9870,9778,101,9879,114
2021-07-15,Tehama,103,63373,5166,5145,623,5768,64
2021-07-15,Trinity,105,12862,427,341,87,428,3
2021-07-15,Tulare,107,460477,50147,49937,9808,59745,854
2021-07-15,Tuolumne,109,53932,4198,4131,41,4172,64
2021-07-15,Ventura,111,848112,82547,82125,3398,85523,1041
2021-07-15,Yolo,113,214977,14501,14356,438,14794,213
2021-07-15,Yuba,115,75493,6387,6309,133,6442,52
2021-07-14,Alameda,001,1643700,92338,91092,2186,93278,1255
2021-07-14,Alpine,003,1148,89,89,0,89,0
2021-07-14,Amador,005,37829,3809,3784,35,3819,48
2021-07-14,Butte,007,227075,12933,12813,2005,14818,202
2021-07-14,Calaveras,009,45235,2255,2234,17,2251,57
2021-07-14,Colusa,011,21464,1989,1974,346,2320,16
2021-07-14,Contra Costa,013,1133247,73080,72091,1445,73536,823
2021-07-14,Del Norte,015,27424,1493,1472,15,1487,8
2021-07-14,El Dorado,017,186661,10713,10598,832,11430,114
2021-07-14,Fresno,019,978130,103757,102966,9231,112197,1728
2021-07-14,Glenn,021,27897,2454,2449,593,3042,20
2021-07-14,Humboldt,023,135768,4710,4644,55,4699,52
2021-07-14,Imperial,025,180216,28884,28822,2918,31740,742
2021-07-14,Inyo,027,18085,1420,1415,4,1419,36
2021-07-14,Kern,029,883053,98288,97736,11821,109557,1346
2021-07-14,Kings,031,150075,23305,23142,1226,24368,246
2021-07-14,Lake,033,64148,3855,3739,14,3753,63
2021-07-14,Lassen,035,31185,5309,5298,123,5421,21
2021-07-14,Los Angeles,037,10098052,1226292,1218265,45640,1263905,24578
2021-07-14,Madera,039,155013,16926,16786,996,17782,240
2021-07-14,Marin,041,260295,14441,14269,280,14549,233
2021-07-14,Mariposa,043,17540,447,445,11,456,5
2021-07-14,Mendocino,045,87422,4304,4193,83,4276,49
2021-07-14,Merced,047,269075,31549,31412,1032,32444,471
2021-07-14,Modoc,049,8938,422,412,148,560,4
2021-07-14,Mono,051,14174,1263,1278,14,1292,3
2021-07-14,Monterey,053,433212,43479,43347,1982,45329,504
2021-07-14,Napa,055,140530,10195,10121,38,10159,81
2021-07-14,Nevada,057,99092,5151,5058,203,5261,72
2021-07-14,Orange,059,3164182,259449,257558,12228,269786,5137
2021-07-14,Placer,061,380077,24373,24125,1729,25854,303
2021-07-14,Plumas,063,18699,731,719,15,734,4
2021-07-14,Riverside,065,2383286,296245,294511,14957,309468,4542
2021-07-14,Sacramento,067,1510023,111316,110193,2037,112230,1688
2021-07-14,San Benito,069,59416,6185,6177,119,6296,63
2021-07-14,San Bernardino,071,2135413,297111,295820,9680,305500,5193
2021-07-14,San Diego,073,3302833,287567,285269,16121,301390,3786
2021-07-14,San Francisco,075,870044,38427,37836,1470,39306,559
2021-07-14,San Joaquin,077,732212,75145,74599,3945,78544,1416
2021-07-14,San Luis Obispo,079,281455,21603,21444,813,22257,258
2021-07-14,San Mateo,081,765935,43640,43249,542,43791,542
2021-07-14,Santa Barbara,083,443738,35094,34719,1264,35983,461
2021-07-14,Santa Clara,085,1922200,120682,119844,838,120682,2098
2021-07-14,Santa Cruz,087,273765,16413,16326,883,17209,207
2021-07-14,Shasta,089,179085,12739,12669,1739,14408,209
2021-07-14,Sierra,091,2930,64,62,14,76,0
2021-07-14,Siskiyou,093,43540,1997,1922,426,2348,29
2021-07-14,Solano,095,438530,34296,33948,643,34591,268
2021-07-14,Sonoma,097,501317,31757,31470,383,31853,322
2021-07-14,Stanislaus,099,539301,57753,57340,6385,63725,1028
2021-07-14,Sutter,101,95872,9847,9766,101,9867,114
2021-07-14,Tehama,103,63373,5164,5142,623,5765,64
2021-07-14,Trinity,105,12862,427,341,87,428,3
2021-07-14,Tulare,107,460477,50131,49908,9793,59701,853
2021-07-14,Tuolumne,109,53932,4195,4128,40,4168,64
2021-07-14,Ventura,111,848112,82454,82041,3386,85427,1040
2021-07-14,Yolo,113,214977,14468,14332,435,14767,213
2021-07-14,Yuba,115,75493,6369,6294,133,6427,52
2021-07-13,Alameda,001,1643700,92070,90874,2175,93049,1255
2021-07-13,Alpine,003,1148,89,89,0,89,0
2021-07-13,Amador,005,37829,3802,3783,35,3818,48
2021-07-13,Butte,007,227075,12920,12802,2003,14805,202
2021-07-13,Calaveras,009,45235,2251,2230,17,2247,57
2021-07-13,Colusa,011,21464,1987,1972,342,2314,16
2021-07-13,Contra Costa,013,1133247,72856,71963,1436,73399,823
2021-07-13,Del Norte,015,27424,1489,1471,15,1486,8
2021-07-13,El Dorado,017,186661,10695,10581,829,11410,114
2021-07-13,Fresno,019,978130,103681,102909,9222,112131,1727
2021-07-13,Glenn,021,27897,2452,2448,593,3041,20
2021-07-13,Humboldt,023,135768,4695,4634,55,4689,51
2021-07-13,Imperial,025,180216,28873,28792,2918,31710,741
2021-07-13,Inyo,027,18085,1419,1415,4,1419,36
2021-07-13,Kern,029,883053,98200,97698,11781,109479,1346
2021-07-13,Kings,031,150075,23287,23132,1226,24358,246
2021-07-13,Lake,033,64148,3828,3719,13,3732,63
2021-07-13,Lassen,035,31185,5307,5292,123,5415,21
2021-07-13,Los Angeles,037,10098052,1224454,1217184,45466,1262650,24569
2021-07-13,Madera,039,155013,16917,16773,992,17765,240
2021-07-13,Marin,041,260295,14412,14254,279,14533,233
2021-07-13,Mariposa,043,17540,446,443,11,454,5
2021-07-13,Mendocino,045,87422,4297,4185,83,4268,49
2021-07-13,Merced,047,269075,31528,31379,1029,32408,471
2021-07-13,Modoc,049,8938,422,411,148,559,4
2021-07-13,Mono,051,14174,1262,1277,14,1291,3
2021-07-13,Monterey,053,433212,43461,43333,1978,45311,504
2021-07-13,Napa,055,140530,10174,10118,38,10156,81
2021-07-13,Nevada,057,99092,5126,5053,203,5256,72
2021-07-13,Orange,059,3164182,259118,257339,12198,269537,5136
2021-07-13,Placer,061,380077,24327,24091,1716,25807,303
2021-07-13,Plumas,063,18699,730,716,15,731,4
2021-07-13,Riverside,065,2383286,295923,294302,14930,309232,4541
2021-07-13,Sacramento,067,1510023,111007,109990,2015,112005,1687
2021-07-13,San Benito,069,59416,6183,6173,119,6292,63
2021-07-13,San Bernardino,071,2135413,296833,295596,9658,305254,5183
2021-07-13,San Diego,073,3302833,287025,284997,16042,301039,3785
2021-07-13,San Francisco,075,870044,38283,37725,1463,39188,559
2021-07-13,San Joaquin,077,732212,75029,74500,3942,78442,1417
2021-07-13,San Luis Obispo,079,281455,21577,21423,810,22233,258
2021-07-13,San Mateo,081,765935,43572,43180,541,43721,542
2021-07-13,Santa Barbara,083,443738,35045,34679,1261,35940,461
2021-07-13,Santa Clara,085,1922200,120528,119727,834,120561,2098
2021-07-13,Santa Cruz,087,273765,16404,16315,881,17196,207
2021-07-13,Shasta,089,179085,12726,12659,1732,14391,209
2021-07-13,Sierra,091,2930,64,62,14,76,0
2021-07-13,Siskiyou,093,43540,1996,1916,424,2340,29
2021-07-13,Solano,095,438530,34234,33918,637,34555,268
2021-07-13,Sonoma,097,501317,31698,31431,383,31814,322
2021-07-13,Stanislaus,099,539301,57684,57282,6371,63653,1028
2021-07-13,Sutter,101,95872,9829,9752,100,9852,114
2021-07-13,Tehama,103,63373,5157,5144,623,5767,64
2021-07-13,Trinity,105,12862,427,341,86,427,3
2021-07-13,Tulare,107,460477,50107,49891,9777,59668,853
2021-07-13,Tuolumne,109,53932,4187,4122,39,4161,64
2021-07-13,Ventura,111,848112,82371,81982,3360,85342,1040
2021-07-13,Yolo,113,214977,14440,14320,428,14748,213
2021-07-13,Yuba,115,75493,6353,6279,133,6412,52
2021-07-12,Alameda,001,1643700,91814,90720,2167,92887,1254
2021-07-12,Alpine,003,1148,89,89,0,89,0
2021-07-12,Amador,005,37829,3795,3781,35,3816,47
2021-07-12,Butte,007,227075,12900,12796,2001,14797,202
2021-07-12,Calaveras,009,45235,2249,2228,17,2245,57
2021-07-12,Colusa,011,21464,1983,1971,341,2312,16
2021-07-12,Contra Costa,013,1133247,72654,71833,1431,73264,823
2021-07-12,Del Norte,015,27424,1486,1469,15,1484,8
2021-07-12,El Dorado,017,186661,10667,10569,827,11396,114
2021-07-12,Fresno,019,978130,103588,102853,9210,112063,1728
2021-07-12,Glenn,021,27897,2452,2446,593,3039,20
2021-07-12,Humboldt,023,135768,4679,4621,55,4676,51
2021-07-12,Imperial,025,180216,28843,28789,2918,31707,741
2021-07-12,Inyo,027,18085,1419,1415,4,1419,36
2021-07-12,Kern,029,883053,98131,97660,11756,109416,1346
2021-07-12,Kings,031,150075,23267,23124,1224,24348,246
2021-07-12,Lake,033,64148,3807,3706,13,3719,63
2021-07-12,Lassen,035,31185,5306,5292,123,5415,21
2021-07-12,Los Angeles,037,10098052,1222680,1216230,45322,1261552,24559
2021-07-12,Madera,039,155013,16906,16772,992,17764,240
2021-07-12,Marin,041,260295,14387,14238,278,14516,233
2021-07-12,Mariposa,043,17540,446,442,11,453,5
2021-07-12,Mendocino,045,87422,4286,4175,83,4258,49
2021-07-12,Merced,047,269075,31497,31374,1028,32402,471
2021-07-12,Modoc,049,8938,421,411,148,559,4
2021-07-12,Mono,051,14174,1260,1275,14,1289,3
2021-07-12,Monterey,053,433212,43440,43315,1974,45289,504
2021-07-12,Napa,055,140530,10156,10104,37,10141,81
2021-07-12,Nevada,057,99092,5103,5046,203,5249,72
2021-07-12,Orange,059,3164182,258768,257171,12173,269344,5136
2021-07-12,Placer,061,380077,24276,24052,1710,25762,302
2021-07-12,Plumas,063,18699,730,716,15,731,4
2021-07-12,Riverside,065,2383286,295615,294108,14900,309008,4541
2021-07-12,Sacramento,067,1510023,110792,109849,1989,111838,1685
2021-07-12,San Benito,069,59416,6180,6166,119,6285,63
2021-07-12,San Bernardino,071,2135413,296562,295447,9644,305091,5171
2021-07-12,San Diego,073,3302833,286561,284648,15966,300614,3785
2021-07-12,San Francisco,075,870044,38136,37656,1459,39115,559
2021-07-12,San Joaquin,077,732212,74934,74424,3932,78356,1415
2021-07-12,San Luis Obispo,079,281455,21558,21408,809,22217,258
2021-07-12,San Mateo,081,765935,43479,43138,534,43672,542
2021-07-12,Santa Barbara,083,443738,35003,34664,1259,35923,461
2021-07-12,Santa Clara,085,1922200,120363,119634,831,120465,2098
2021-07-12,Santa Cruz,087,273765,16379,16310,880,17190,207
2021-07-12,Shasta,089,179085,12718,12648,1729,14377,208
2021-07-12,Sierra,091,2930,64,62,14,76,0
2021-07-12,Siskiyou,093,43540,1991,1916,419,2335,29
2021-07-12,Solano,095,438530,34148,33859,628,34487,268
2021-07-12,Sonoma,097,501317,31650,31377,382,31759,322
2021-07-12,Stanislaus,099,539301,57611,57243,6364,63607,1028
2021-07-12,Sutter,101,95872,9812,9736,99,9835,114
2021-07-12,Tehama,103,63373,5152,5138,622,5760,63
2021-07-12,Trinity,105,12862,423,340,84,424,3
2021-07-12,Tulare,107,460477,50080,49882,9763,59645,853
2021-07-12,Tuolumne,109,53932,4183,4116,39,4155,64
2021-07-12,Ventura,111,848112,82271,81919,3338,85257,1040
2021-07-12,Yolo,113,214977,14411,14303,424,14727,213
2021-07-12,Yuba,115,75493,6338,6266,133,6399,52
2021-07-11,Alameda,001,1643700,91486,90597,2152,92749,1254
2021-07-11,Alpine,003,1148,89,89,0,89,0
2021-07-11,Amador,005,37829,3793,3779,35,3814,47
2021-07-11,Butte,007,227075,12879,12794,1994,14788,202
2021-07-11,Calaveras,009,45235,2241,2226,16,2242,57
2021-07-11,Colusa,011,21464,1983,1971,340,2311,16
2021-07-11,Contra Costa,013,1133247,72444,71744,1424,73168,823
2021-07-11,Del Norte,015,27424,1482,1467,14,1481,8
2021-07-11,El Dorado,017,186661,10638,10554,825,11379,114
2021-07-11,Fresno,019,978130,103493,102813,9191,112004,1728
2021-07-11,Glenn,021,27897,2451,2446,593,3039,20
2021-07-11,Humboldt,023,135768,4666,4611,54,4665,51
2021-07-11,Imperial,025,180216,28825,28787,2917,31704,741
2021-07-11,Inyo,027,18085,1417,1415,4,1419,36
2021-07-11,Kern,029,883053,98058,97637,11740,109377,1346
2021-07-11,Kings,031,150075,23236,23116,1221,24337,246
2021-07-11,Lake,033,64148,3776,3699,13,3712,63
2021-07-11,Lassen,035,31185,5303,5291,123,5414,21
2021-07-11,Los Angeles,037,10098052,1220939,1215182,45159,1260341,24558
2021-07-11,Madera,039,155013,16887,16766,991,17757,240
2021-07-11,Marin,041,260295,14361,14231,278,14509,233
2021-07-11,Mariposa,043,17540,445,442,11,453,5
2021-07-11,Mendocino,045,87422,4266,4167,83,4250,49
2021-07-11,Merced,047,269075,31473,31366,1023,32389,471
2021-07-11,Modoc,049,8938,420,411,148,559,4
2021-07-11,Mono,051,14174,1260,1275,14,1289,3
2021-07-11,Monterey,053,433212,43422,43307,1969,45276,504
2021-07-11,Napa,055,140530,10152,10100,37,10137,81
2021-07-11,Nevada,057,99092,5092,5035,202,5237,72
2021-07-11,Orange,059,3164182,258456,257009,12144,269153,5136
2021-07-11,Placer,061,380077,24219,24017,1698,25715,302
2021-07-11,Plumas,063,18699,730,716,15,731,4
2021-07-11,Riverside,065,2383286,295351,293969,14882,308851,4541
2021-07-11,Sacramento,067,1510023,110514,109696,1979,111675,1685
2021-07-11,San Benito,069,59416,6175,6163,119,6282,63
2021-07-11,San Bernardino,071,2135413,296256,295342,9620,304962,5167
2021-07-11,San Diego,073,3302833,286148,283819,15880,299699,3784
2021-07-11,San Francisco,075,870044,38008,37596,1453,39049,559
2021-07-11,San Joaquin,077,732212,74819,74376,3915,78291,1415
2021-07-11,San Luis Obispo,079,281455,21524,21403,808,22211,258
2021-07-11,San Mateo,081,765935,43399,43107,527,43634,542
2021-07-11,Santa Barbara,083,443738,34957,34646,1259,35905,461
2021-07-11,Santa Clara,085,1922200,120209,119549,830,120379,2098
2021-07-11,Santa Cruz,087,273765,16363,16303,880,17183,207
2021-07-11,Shasta,089,179085,12701,12647,1727,14374,208
2021-07-11,Sierra,091,2930,64,62,14,76,0
2021-07-11,Siskiyou,093,43540,1987,1915,417,2332,29
2021-07-11,Solano,095,438530,34070,33837,624,34461,268
2021-07-11,Sonoma,097,501317,31568,31352,382,31734,322
2021-07-11,Stanislaus,099,539301,57538,57230,6352,63582,1028
2021-07-11,Sutter,101,95872,9798,9728,99,9827,114
2021-07-11,Tehama,103,63373,5149,5138,622,5760,63
2021-07-11,Trinity,105,12862,422,340,84,424,3
2021-07-11,Tulare,107,460477,50056,49877,9743,59620,853
2021-07-11,Tuolumne,109,53932,4177,4116,39,4155,64
2021-07-11,Ventura,111,848112,82199,81875,3318,85193,1040
2021-07-11,Yolo,113,214977,14386,14285,416,14701,213
2021-07-11,Yuba,115,75493,6327,6260,133,6393,52
2021-07-10,Alameda,001,1643700,91336,90090,2149,92239,1252
2021-07-10,Alpine,003,1148,89,89,0,89,0
2021-07-10,Amador,005,37829,3787,3773,35,3808,47
2021-07-10,Butte,007,227075,12868,12764,1991,14755,202
2021-07-10,Calaveras,009,45235,2240,2214,16,2230,57
2021-07-10,Colusa,011,21464,1981,1969,340,2309,16
2021-07-10,Contra Costa,013,1133247,72345,71376,1423,72799,821
2021-07-10,Del Norte,015,27424,1480,1451,14,1465,8
2021-07-10,El Dorado,017,186661,10622,10508,821,11329,114
2021-07-10,Fresno,019,978130,103460,102675,9184,111859,1730
2021-07-10,Glenn,021,27897,2448,2440,592,3032,20
2021-07-10,Humboldt,023,135768,4657,4574,54,4628,51
2021-07-10,Imperial,025,180216,28812,28729,2917,31646,741
2021-07-10,Inyo,027,18085,1416,1415,4,1419,36
2021-07-10,Kern,029,883053,98019,97538,11722,109260,1346
2021-07-10,Kings,031,150075,23229,23090,1220,24310,246
2021-07-10,Lake,033,64148,3759,3667,13,3680,63
2021-07-10,Lassen,035,31185,5303,5290,123,5413,21
2021-07-10,Los Angeles,037,10098052,1219922,1212043,45054,1257097,24542
2021-07-10,Madera,039,155013,16881,16744,988,17732,241
2021-07-10,Marin,041,260295,14347,14194,278,14472,233
2021-07-10,Mariposa,043,17540,445,442,11,453,5
2021-07-10,Mendocino,045,87422,4259,4153,82,4235,49
2021-07-10,Merced,047,269075,31460,31328,1023,32351,470
2021-07-10,Modoc,049,8938,420,410,148,558,4
2021-07-10,Mono,051,14174,1260,1275,14,1289,3
2021-07-10,Monterey,053,433212,43408,43251,1967,45218,499
2021-07-10,Napa,055,140530,10140,10077,37,10114,81
2021-07-10,Nevada,057,99092,5083,5000,202,5202,72
2021-07-10,Orange,059,3164182,258283,256438,12128,268566,5135
2021-07-10,Placer,061,380077,24190,23916,1688,25604,302
2021-07-10,Plumas,063,18699,729,717,15,732,4
2021-07-10,Riverside,065,2383286,295165,293474,14868,308342,4541
2021-07-10,Sacramento,067,1510023,110365,109091,1974,111065,1682
2021-07-10,San Benito,069,59416,6170,6141,119,6260,63
2021-07-10,San Bernardino,071,2135413,296069,294932,9608,304540,5117
2021-07-10,San Diego,073,3302833,285858,283577,15827,299404,3783
2021-07-10,San Francisco,075,870044,37925,37338,1448,38786,559
2021-07-10,San Joaquin,077,732212,74762,74150,3909,78059,1412
2021-07-10,San Luis Obispo,079,281455,21513,21375,807,22182,258
2021-07-10,San Mateo,081,765935,43349,42948,525,43473,542
2021-07-10,Santa Barbara,083,443738,34931,34595,1259,35854,460
2021-07-10,Santa Clara,085,1922200,120106,119330,827,120157,2094
2021-07-10,Santa Cruz,087,273765,16356,16286,880,17166,207
2021-07-10,Shasta,089,179085,12688,12623,1722,14345,206
2021-07-10,Sierra,091,2930,64,61,14,75,0
2021-07-10,Siskiyou,093,43540,1985,1909,414,2323,29
2021-07-10,Solano,095,438530,34030,33678,618,34296,268
2021-07-10,Sonoma,097,501317,31517,31231,382,31613,317
2021-07-10,Stanislaus,099,539301,57497,57104,6342,63446,1026
2021-07-10,Sutter,101,95872,9785,9692,99,9791,114
2021-07-10,Tehama,103,63373,5146,5131,622,5753,63
2021-07-10,Trinity,105,12862,422,341,84,425,3
2021-07-10,Tulare,107,460477,50046,49850,9737,59587,853
2021-07-10,Tuolumne,109,53932,4175,4114,39,4153,64
2021-07-10,Ventura,111,848112,82154,81713,3300,85013,1039
2021-07-10,Yolo,113,214977,14365,14250,413,14663,213
2021-07-10,Yuba,115,75493,6317,6238,133,6371,52
2021-07-09,Alameda,001,1643700,91184,90090,2143,92233,1252
2021-07-09,Alpine,003,1148,89,89,0,89,0
2021-07-09,Amador,005,37829,3786,3773,35,3808,47
2021-07-09,Butte,007,227075,12857,12764,1989,14753,202
2021-07-09,Calaveras,009,45235,2238,2214,16,2230,57
2021-07-09,Colusa,011,21464,1980,1969,340,2309,16
2021-07-09,Contra Costa,013,1133247,72220,71376,1422,72798,821
2021-07-09,Del Norte,015,27424,1475,1451,14,1465,8
2021-07-09,El Dorado,017,186661,10607,10508,820,11328,114
2021-07-09,Fresno,019,978130,103404,102675,9177,111852,1730
2021-07-09,Glenn,021,27897,2447,2440,590,3030,20
2021-07-09,Humboldt,023,135768,4638,4574,54,4628,51
2021-07-09,Imperial,025,180216,28804,28729,2916,31645,741
2021-07-09,Inyo,027,18085,1415,1415,4,1419,36
2021-07-09,Kern,029,883053,97981,97538,11710,109248,1346
2021-07-09,Kings,031,150075,23219,23090,1219,24309,246
2021-07-09,Lake,033,64148,3745,3667,13,3680,63
2021-07-09,Lassen,035,31185,5301,5290,122,5412,21
2021-07-09,Los Angeles,037,10098052,1218921,1212043,44977,1257020,24542
2021-07-09,Madera,039,155013,16872,16744,987,17731,241
2021-07-09,Marin,041,260295,14327,14194,276,14470,233
2021-07-09,Mariposa,043,17540,445,442,11,453,5
2021-07-09,Mendocino,045,87422,4252,4153,82,4235,49
2021-07-09,Merced,047,269075,31445,31328,1023,32351,470
2021-07-09,Modoc,049,8938,420,410,148,558,4
2021-07-09,Mono,051,14174,1260,1275,14,1289,3
2021-07-09,Monterey,053,433212,43399,43251,1967,45218,499
2021-07-09,Napa,055,140530,10133,10077,37,10114,81
2021-07-09,Nevada,057,99092,5074,5000,202,5202,72
2021-07-09,Orange,059,3164182,258079,256438,12114,268552,5135
2021-07-09,Placer,061,380077,24168,23916,1682,25598,302
2021-07-09,Plumas,063,18699,727,717,15,732,4
2021-07-09,Riverside,065,2383286,294978,293474,14854,308328,4541
2021-07-09,Sacramento,067,1510023,110212,109091,1966,111057,1682
2021-07-09,San Benito,069,59416,6168,6141,119,6260,63
2021-07-09,San Bernardino,071,2135413,295917,294932,9601,304533,5117
2021-07-09,San Diego,073,3302833,285572,283577,15779,299356,3783
2021-07-09,San Francisco,075,870044,37845,37338,1441,38779,559
2021-07-09,San Joaquin,077,732212,74690,74150,3901,78051,1412
2021-07-09,San Luis Obispo,079,281455,21501,21375,807,22182,258
2021-07-09,San Mateo,081,765935,43303,42948,521,43469,542
2021-07-09,Santa Barbara,083,443738,34912,34595,1258,35853,460
2021-07-09,Santa Clara,085,1922200,119995,119330,827,120157,2094
2021-07-09,Santa Cruz,087,273765,16353,16286,880,17166,207
2021-07-09,Shasta,089,179085,12682,12623,1717,14340,206
2021-07-09,Sierra,091,2930,64,61,14,75,0
2021-07-09,Siskiyou,093,43540,1983,1909,413,2322,29
2021-07-09,Solano,095,438530,33996,33678,614,34292,268
2021-07-09,Sonoma,097,501317,31481,31231,382,31613,317
2021-07-09,Stanislaus,099,539301,57455,57104,6340,63444,1026
2021-07-09,Sutter,101,95872,9776,9692,99,9791,114
2021-07-09,Tehama,103,63373,5144,5131,622,5753,63
2021-07-09,Trinity,105,12862,421,341,81,422,3
2021-07-09,Tulare,107,460477,50033,49850,9731,59581,853
2021-07-09,Tuolumne,109,53932,4172,4114,39,4153,64
2021-07-09,Ventura,111,848112,82099,81713,3291,85004,1039
2021-07-09,Yolo,113,214977,14350,14250,409,14659,213
2021-07-09,Yuba,115,75493,6304,6238,133,6371,52
2021-07-08,Alameda,001,1643700,90974,90090,2138,92228,1252
2021-07-08,Alpine,003,1148,89,89,0,89,0
2021-07-08,Amador,005,37829,3784,3773,35,3808,47
2021-07-08,Butte,007,227075,12844,12764,1986,14750,202
2021-07-08,Calaveras,009,45235,2233,2214,15,2229,57
2021-07-08,Colusa,011,21464,1980,1969,340,2309,16
2021-07-08,Contra Costa,013,1133247,72092,71376,1417,72793,821
2021-07-08,Del Norte,015,27424,1473,1451,14,1465,8
2021-07-08,El Dorado,017,186661,10590,10508,815,11323,114
2021-07-08,Fresno,019,978130,103343,102675,9165,111840,1730
2021-07-08,Glenn,021,27897,2447,2440,590,3030,20
2021-07-08,Humboldt,023,135768,4623,4574,53,4627,51
2021-07-08,Imperial,025,180216,28791,28729,2915,31644,741
2021-07-08,Inyo,027,18085,1415,1415,4,1419,36
2021-07-08,Kern,029,883053,97937,97538,11692,109230,1346
2021-07-08,Kings,031,150075,23210,23090,1219,24309,246
2021-07-08,Lake,033,64148,3731,3667,13,3680,63
2021-07-08,Lassen,035,31185,5298,5290,122,5412,21
2021-07-08,Los Angeles,037,10098052,1217712,1212043,44879,1256922,24542
2021-07-08,Madera,039,155013,16857,16744,987,17731,241
2021-07-08,Marin,041,260295,14312,14194,276,14470,233
2021-07-08,Mariposa,043,17540,444,442,11,453,5
2021-07-08,Mendocino,045,87422,4249,4153,82,4235,49
2021-07-08,Merced,047,269075,31431,31328,1021,32349,470
2021-07-08,Modoc,049,8938,420,410,148,558,4
2021-07-08,Mono,051,14174,1260,1275,14,1289,3
2021-07-08,Monterey,053,433212,43379,43251,1961,45212,499
2021-07-08,Napa,055,140530,10129,10077,37,10114,81
2021-07-08,Nevada,057,99092,5068,5000,202,5202,72
2021-07-08,Orange,059,3164182,257885,256438,12093,268531,5135
2021-07-08,Placer,061,380077,24129,23916,1674,25590,302
2021-07-08,Plumas,063,18699,726,717,15,732,4
2021-07-08,Riverside,065,2383286,294777,293474,14838,308312,4541
2021-07-08,Sacramento,067,1510023,109992,109091,1959,111050,1682
2021-07-08,San Benito,069,59416,6165,6141,119,6260,63
2021-07-08,San Bernardino,071,2135413,295742,294932,9592,304524,5117
2021-07-08,San Diego,073,3302833,285244,283577,15731,299308,3783
2021-07-08,San Francisco,075,870044,37766,37338,1436,38774,559
2021-07-08,San Joaquin,077,732212,74602,74150,3888,78038,1412
2021-07-08,San Luis Obispo,079,281455,21489,21375,804,22179,258
2021-07-08,San Mateo,081,765935,43253,42948,520,43468,542
2021-07-08,Santa Barbara,083,443738,34885,34595,1256,35851,460
2021-07-08,Santa Clara,085,1922200,119902,119330,826,120156,2094
2021-07-08,Santa Cruz,087,273765,16347,16286,880,17166,207
2021-07-08,Shasta,089,179085,12676,12623,1713,14336,206
2021-07-08,Sierra,091,2930,64,61,14,75,0
2021-07-08,Siskiyou,093,43540,1978,1909,410,2319,29
2021-07-08,Solano,095,438530,33944,33678,606,34284,268
2021-07-08,Sonoma,097,501317,31450,31231,381,31612,317
2021-07-08,Stanislaus,099,539301,57421,57104,6335,63439,1026
2021-07-08,Sutter,101,95872,9761,9692,97,9789,114
2021-07-08,Tehama,103,63373,5141,5131,621,5752,63
2021-07-08,Trinity,105,12862,421,341,81,422,3
2021-07-08,Tulare,107,460477,50016,49850,9722,59572,853
2021-07-08,Tuolumne,109,53932,4170,4114,39,4153,64
2021-07-08,Ventura,111,848112,82035,81713,3274,84987,1039
2021-07-08,Yolo,113,214977,14332,14250,407,14657,213
2021-07-08,Yuba,115,75493,6296,6238,133,6371,52
2021-07-07,Alameda,001,1643700,90790,89995,2132,92127,1253
2021-07-07,Alpine,003,1148,89,89,0,89,0
2021-07-07,Amador,005,37829,3779,3770,35,3805,47
2021-07-07,Butte,007,227075,12831,12750,1981,14731,202
2021-07-07,Calaveras,009,45235,2228,2212,15,2227,57
2021-07-07,Colusa,011,21464,1976,1969,340,2309,16
2021-07-07,Contra Costa,013,1133247,71947,71308,1415,72723,821
2021-07-07,Del Norte,015,27424,1468,1446,14,1460,8
2021-07-07,El Dorado,017,186661,10570,10494,813,11307,114
2021-07-07,Fresno,019,978130,103293,102639,9158,111797,1729
2021-07-07,Glenn,021,27897,2447,2441,590,3031,20
2021-07-07,Humboldt,023,135768,4609,4566,53,4619,51
2021-07-07,Imperial,025,180216,28784,28701,2915,31616,740
2021-07-07,Inyo,027,18085,1414,1415,4,1419,36
2021-07-07,Kern,029,883053,97895,97507,11676,109183,1348
2021-07-07,Kings,031,150075,23197,23085,1216,24301,245
2021-07-07,Lake,033,64148,3712,3660,13,3673,63
2021-07-07,Lassen,035,31185,5298,5286,122,5408,21
2021-07-07,Los Angeles,037,10098052,1216538,1211316,44770,1256086,24531
2021-07-07,Madera,039,155013,16847,16733,985,17718,241
2021-07-07,Marin,041,260295,14293,14183,275,14458,233
2021-07-07,Mariposa,043,17540,442,442,11,453,5
2021-07-07,Mendocino,045,87422,4240,4145,82,4227,49
2021-07-07,Merced,047,269075,31416,31317,1021,32338,470
2021-07-07,Modoc,049,8938,420,410,148,558,4
2021-07-07,Mono,051,14174,1259,1274,14,1288,3
2021-07-07,Monterey,053,433212,43355,43233,1959,45192,494
2021-07-07,Napa,055,140530,10118,10078,37,10115,81
2021-07-07,Nevada,057,99092,5061,4996,202,5198,72
2021-07-07,Orange,059,3164182,257658,256301,12070,268371,5132
2021-07-07,Placer,061,380077,24093,23901,1664,25565,302
2021-07-07,Plumas,063,18699,726,710,15,725,4
2021-07-07,Riverside,065,2383286,294563,293331,14827,308158,4538
2021-07-07,Sacramento,067,1510023,109803,108954,1951,110905,1682
2021-07-07,San Benito,069,59416,6160,6137,119,6256,63
2021-07-07,San Bernardino,071,2135413,295575,294787,9585,304372,5087
2021-07-07,San Diego,073,3302833,284926,283377,15691,299068,3782
2021-07-07,San Francisco,075,870044,37674,37284,1433,38717,558
2021-07-07,San Joaquin,077,732212,74526,74095,3872,77967,1410
2021-07-07,San Luis Obispo,079,281455,21480,21360,802,22162,258
2021-07-07,San Mateo,081,765935,43198,42908,517,43425,542
2021-07-07,Santa Barbara,083,443738,34859,34582,1256,35838,460
2021-07-07,Santa Clara,085,1922200,119804,119250,825,120075,2094
2021-07-07,Santa Cruz,087,273765,16338,16279,879,17158,207
2021-07-07,Shasta,089,179085,12668,12613,1710,14323,206
2021-07-07,Sierra,091,2930,64,60,14,74,0
2021-07-07,Siskiyou,093,43540,1972,1908,406,2314,29
2021-07-07,Solano,095,438530,33896,33659,599,34258,268
2021-07-07,Sonoma,097,501317,31404,31172,381,31553,316
2021-07-07,Stanislaus,099,539301,57376,57102,6330,63432,1028
2021-07-07,Sutter,101,95872,9751,9683,97,9780,114
2021-07-07,Tehama,103,63373,5140,5129,621,5750,63
2021-07-07,Trinity,105,12862,421,341,81,422,3
2021-07-07,Tulare,107,460477,50012,49835,9713,59548,853
2021-07-07,Tuolumne,109,53932,4166,4115,38,4153,64
2021-07-07,Ventura,111,848112,81992,81608,3259,84867,1036
2021-07-07,Yolo,113,214977,14322,14236,404,14640,213
2021-07-07,Yuba,115,75493,6280,6233,133,6366,51
2021-07-06,Alameda,001,1643700,90595,89918,2123,92041,1253
2021-07-06,Alpine,003,1148,89,89,0,89,0
2021-07-06,Amador,005,37829,3778,3768,34,3802,47
2021-07-06,Butte,007,227075,12818,12744,1978,14722,201
2021-07-06,Calaveras,009,45235,2228,2211,15,2226,55
2021-07-06,Colusa,011,21464,1975,1967,337,2304,16
2021-07-06,Contra Costa,013,1133247,71818,71262,1413,72675,820
2021-07-06,Del Norte,015,27424,1464,1445,14,1459,8
2021-07-06,El Dorado,017,186661,10552,10484,812,11296,113
2021-07-06,Fresno,019,978130,103241,102616,9147,111763,1727
2021-07-06,Glenn,021,27897,2446,2438,590,3028,20
2021-07-06,Humboldt,023,135768,4595,4565,52,4617,49
2021-07-06,Imperial,025,180216,28769,28693,2913,31606,739
2021-07-06,Inyo,027,18085,1414,1412,4,1416,36
2021-07-06,Kern,029,883053,97853,97491,11665,109156,1346
2021-07-06,Kings,031,150075,23189,23077,1215,24292,245
2021-07-06,Lake,033,64148,3702,3659,13,3672,63
2021-07-06,Lassen,035,31185,5297,5288,121,5409,21
2021-07-06,Los Angeles,037,10098052,1215331,1210965,44670,1255635,24525
2021-07-06,Madera,039,155013,16836,16730,985,17715,241
2021-07-06,Marin,041,260295,14279,14181,275,14456,233
2021-07-06,Mariposa,043,17540,442,442,11,453,5
2021-07-06,Mendocino,045,87422,4233,4143,82,4225,49
2021-07-06,Merced,047,269075,31399,31317,1020,32337,470
2021-07-06,Modoc,049,8938,420,411,148,559,4
2021-07-06,Mono,051,14174,1258,1274,14,1288,3
2021-07-06,Monterey,053,433212,43333,43224,1958,45182,494
2021-07-06,Napa,055,140530,10107,10081,37,10118,81
2021-07-06,Nevada,057,99092,5052,4988,202,5190,72
2021-07-06,Orange,059,3164182,257416,256227,12053,268280,5129
2021-07-06,Placer,061,380077,24052,23876,1658,25534,302
2021-07-06,Plumas,063,18699,725,708,15,723,4
2021-07-06,Riverside,065,2383286,294360,293227,14809,308036,4539
2021-07-06,Sacramento,067,1510023,109592,108850,1943,110793,1679
2021-07-06,San Benito,069,59416,6156,6137,119,6256,63
2021-07-06,San Bernardino,071,2135413,295399,294712,9572,304284,5056
2021-07-06,San Diego,073,3302833,284571,283278,15632,298910,3782
2021-07-06,San Francisco,075,870044,37558,37251,1430,38681,558
2021-07-06,San Joaquin,077,732212,74457,74019,3860,77879,1410
2021-07-06,San Luis Obispo,079,281455,21463,21354,801,22155,257
2021-07-06,San Mateo,081,765935,43123,42895,517,43412,541
2021-07-06,Santa Barbara,083,443738,34841,34572,1254,35826,460
2021-07-06,Santa Clara,085,1922200,119686,119194,822,120016,2095
2021-07-06,Santa Cruz,087,273765,16333,16274,878,17152,207
2021-07-06,Shasta,089,179085,12658,12606,1708,14314,205
2021-07-06,Sierra,091,2930,63,60,14,74,0
2021-07-06,Siskiyou,093,43540,1969,1905,402,2307,29
2021-07-06,Solano,095,438530,33846,33619,596,34215,268
2021-07-06,Sonoma,097,501317,31341,31130,380,31510,316
2021-07-06,Stanislaus,099,539301,57314,57120,6318,63438,1029
2021-07-06,Sutter,101,95872,9742,9674,96,9770,114
2021-07-06,Tehama,103,63373,5137,5126,620,5746,63
2021-07-06,Trinity,105,12862,421,341,81,422,3
2021-07-06,Tulare,107,460477,49997,49826,9702,59528,853
2021-07-06,Tuolumne,109,53932,4164,4113,38,4151,64
2021-07-06,Ventura,111,848112,81952,81534,3233,84767,1033
2021-07-06,Yolo,113,214977,14301,14227,399,14626,213
2021-07-06,Yuba,115,75493,6269,6231,133,6364,51
2021-07-05,Alameda,001,1643700,90419,89892,2117,92009,1253
2021-07-05,Alpine,003,1148,89,89,0,89,0
2021-07-05,Amador,005,37829,3776,3768,34,3802,47
2021-07-05,Butte,007,227075,12810,12740,1968,14708,201
2021-07-05,Calaveras,009,45235,2226,2211,15,2226,55
2021-07-05,Colusa,011,21464,1973,1966,336,2302,16
2021-07-05,Contra Costa,013,1133247,71691,71235,1413,72648,820
2021-07-05,Del Norte,015,27424,1460,1446,14,1460,8
2021-07-05,El Dorado,017,186661,10527,10481,812,11293,113
2021-07-05,Fresno,019,978130,103184,102592,9129,111721,1727
2021-07-05,Glenn,021,27897,2443,2438,589,3027,20
2021-07-05,Humboldt,023,135768,4581,4563,52,4615,49
2021-07-05,Imperial,025,180216,28751,28689,2913,31602,739
2021-07-05,Inyo,027,18085,1414,1412,4,1416,36
2021-07-05,Kern,029,883053,97805,97479,11644,109123,1346
2021-07-05,Kings,031,150075,23181,23065,1212,24277,245
2021-07-05,Lake,033,64148,3684,3645,13,3658,63
2021-07-05,Lassen,035,31185,5294,5288,120,5408,21
2021-07-05,Los Angeles,037,10098052,1214148,1210653,44565,1255218,24522
2021-07-05,Madera,039,155013,16825,16722,984,17706,241
2021-07-05,Marin,041,260295,14258,14178,275,14453,233
2021-07-05,Mariposa,043,17540,442,441,11,452,5
2021-07-05,Mendocino,045,87422,4228,4139,82,4221,49
2021-07-05,Merced,047,269075,31379,31312,1020,32332,470
2021-07-05,Modoc,049,8938,420,410,148,558,4
2021-07-05,Mono,051,14174,1258,1273,14,1287,3
2021-07-05,Monterey,053,433212,43313,43218,1953,45171,494
2021-07-05,Napa,055,140530,10101,10074,37,10111,81
2021-07-05,Nevada,057,99092,5034,4980,201,5181,72
2021-07-05,Orange,059,3164182,257216,256173,12034,268207,5129
2021-07-05,Placer,061,380077,24005,23867,1650,25517,302
2021-07-05,Plumas,063,18699,724,708,15,723,4
2021-07-05,Riverside,065,2383286,294168,293193,14796,307989,4539
2021-07-05,Sacramento,067,1510023,109410,108758,1934,110692,1679
2021-07-05,San Benito,069,59416,6149,6137,119,6256,63
2021-07-05,San Bernardino,071,2135413,295238,294647,9565,304212,5037
2021-07-05,San Diego,073,3302833,284211,282834,15587,298421,3782
2021-07-05,San Francisco,075,870044,37471,37237,1425,38662,558
2021-07-05,San Joaquin,077,732212,74388,73999,3854,77853,1410
2021-07-05,San Luis Obispo,079,281455,21450,21351,800,22151,257
2021-07-05,San Mateo,081,765935,43071,42876,514,43390,541
2021-07-05,Santa Barbara,083,443738,34821,34569,1254,35823,460
2021-07-05,Santa Clara,085,1922200,119581,119184,820,120004,2095
2021-07-05,Santa Cruz,087,273765,16324,16273,877,17150,208
2021-07-05,Shasta,089,179085,12649,12603,1706,14309,205
2021-07-05,Sierra,091,2930,63,60,14,74,0
2021-07-05,Siskiyou,093,43540,1968,1904,400,2304,29
2021-07-05,Solano,095,438530,33778,33612,590,34202,268
2021-07-05,Sonoma,097,501317,31288,31116,380,31496,316
2021-07-05,Stanislaus,099,539301,57278,57109,6308,63417,1029
2021-07-05,Sutter,101,95872,9730,9667,96,9763,114
2021-07-05,Tehama,103,63373,5136,5125,620,5745,63
2021-07-05,Trinity,105,12862,420,341,80,421,3
2021-07-05,Tulare,107,460477,49979,49818,9699,59517,853
2021-07-05,Tuolumne,109,53932,4160,4112,38,4150,64
2021-07-05,Ventura,111,848112,81902,81519,3213,84732,1033
2021-07-05,Yolo,113,214977,14283,14225,390,14615,213
2021-07-05,Yuba,115,75493,6261,6223,133,6356,51
2021-07-04,Alameda,001,1643700,90252,89683,2113,91796,1253
2021-07-04,Alpine,003,1148,89,89,0,89,0
2021-07-04,Amador,005,37829,3775,3758,34,3792,46
2021-07-04,Butte,007,227075,12800,12684,1968,14652,201
2021-07-04,Calaveras,009,45235,2226,2200,15,2215,55
2021-07-04,Colusa,011,21464,1973,1969,336,2305,15
2021-07-04,Contra Costa,013,1133247,71585,70941,1408,72349,818
2021-07-04,Del Norte,015,27424,1457,1439,14,1453,8
2021-07-04,El Dorado,017,186661,10518,10433,811,11244,113
2021-07-04,Fresno,019,978130,103140,102512,9110,111622,1727
2021-07-04,Glenn,021,27897,2441,2442,588,3030,20
2021-07-04,Humboldt,023,135768,4573,4530,52,4582,49
2021-07-04,Imperial,025,180216,28745,28661,2913,31574,739
2021-07-04,Inyo,027,18085,1414,1412,4,1416,35
2021-07-04,Kern,029,883053,97787,97421,11634,109055,1347
2021-07-04,Kings,031,150075,23174,23051,1212,24263,245
2021-07-04,Lake,033,64148,3674,3623,13,3636,62
2021-07-04,Lassen,035,31185,5293,5277,120,5397,20
2021-07-04,Los Angeles,037,10098052,1213299,1208705,44473,1253178,24506
2021-07-04,Madera,039,155013,16813,16696,982,17678,240
2021-07-04,Marin,041,260295,14243,14143,275,14418,233
2021-07-04,Mariposa,043,17540,442,441,11,452,5
2021-07-04,Mendocino,045,87422,4218,4122,82,4204,49
2021-07-04,Merced,047,269075,31368,31297,1020,32317,469
2021-07-04,Modoc,049,8938,420,410,148,558,4
2021-07-04,Mono,051,14174,1258,1275,14,1289,3
2021-07-04,Monterey,053,433212,43297,43212,1952,45164,492
2021-07-04,Napa,055,140530,10093,10045,36,10081,81
2021-07-04,Nevada,057,99092,5025,4966,201,5167,72
2021-07-04,Orange,059,3164182,257041,255823,12013,267836,5126
2021-07-04,Placer,061,380077,23968,23764,1643,25407,299
2021-07-04,Plumas,063,18699,724,707,15,722,4
2021-07-04,Riverside,065,2383286,294010,293260,14788,308048,4536
2021-07-04,Sacramento,067,1510023,109241,108257,1928,110185,1676
2021-07-04,San Benito,069,59416,6142,6108,119,6227,63
2021-07-04,San Bernardino,071,2135413,295071,294294,9558,303852,5003
2021-07-04,San Diego,073,3302833,283987,282692,15549,298241,3780
2021-07-04,San Francisco,075,870044,37415,37107,1419,38526,558
2021-07-04,San Joaquin,077,732212,74322,73841,3846,77687,1409
2021-07-04,San Luis Obispo,079,281455,21444,21330,799,22129,256
2021-07-04,San Mateo,081,765935,43037,42691,514,43205,541
2021-07-04,Santa Barbara,083,443738,34799,34526,1253,35779,456
2021-07-04,Santa Clara,085,1922200,119491,118966,819,119785,2090
2021-07-04,Santa Cruz,087,273765,16313,16254,877,17131,208
2021-07-04,Shasta,089,179085,12645,12582,1705,14287,204
2021-07-04,Sierra,091,2930,62,60,14,74,0
2021-07-04,Siskiyou,093,43540,1964,1899,399,2298,29
2021-07-04,Solano,095,438530,33737,33486,588,34074,268
2021-07-04,Sonoma,097,501317,31258,31000,379,31379,316
2021-07-04,Stanislaus,099,539301,57255,57018,6302,63320,1018
2021-07-04,Sutter,101,95872,9719,9644,96,9740,114
2021-07-04,Tehama,103,63373,5132,5124,620,5744,63
2021-07-04,Trinity,105,12862,419,341,80,421,3
2021-07-04,Tulare,107,460477,49969,49789,9696,59485,853
2021-07-04,Tuolumne,109,53932,4152,4113,38,4151,64
2021-07-04,Ventura,111,848112,81845,81425,3202,84627,1033
2021-07-04,Yolo,113,214977,14263,14188,387,14575,213
2021-07-04,Yuba,115,75493,6253,6197,133,6330,51
2021-07-03,Alameda,001,1643700,90168,89683,2105,91788,1253
2021-07-03,Alpine,003,1148,89,89,0,89,0
2021-07-03,Amador,005,37829,3775,3758,34,3792,46
2021-07-03,Butte,007,227075,12796,12684,1967,14651,201
2021-07-03,Calaveras,009,45235,2225,2200,15,2215,55
2021-07-03,Colusa,011,21464,1973,1969,335,2304,15
2021-07-03,Contra Costa,013,1133247,71526,70941,1405,72346,818
2021-07-03,Del Norte,015,27424,1454,1439,14,1453,8
2021-07-03,El Dorado,017,186661,10511,10433,809,11242,113
2021-07-03,Fresno,019,978130,103115,102512,9101,111613,1727
2021-07-03,Glenn,021,27897,2441,2442,588,3030,20
2021-07-03,Humboldt,023,135768,4568,4530,52,4582,49
2021-07-03,Imperial,025,180216,28735,28661,2913,31574,739
2021-07-03,Inyo,027,18085,1414,1412,4,1416,35
2021-07-03,Kern,029,883053,97767,97421,11626,109047,1347
2021-07-03,Kings,031,150075,23174,23051,1211,24262,245
2021-07-03,Lake,033,64148,3664,3623,13,3636,62
2021-07-03,Lassen,035,31185,5292,5277,120,5397,20
2021-07-03,Los Angeles,037,10098052,1212873,1208705,44443,1253148,24506
2021-07-03,Madera,039,155013,16804,16696,979,17675,240
2021-07-03,Marin,041,260295,14239,14143,275,14418,233
2021-07-03,Mariposa,043,17540,442,441,11,452,5
2021-07-03,Mendocino,045,87422,4217,4122,82,4204,49
2021-07-03,Merced,047,269075,31355,31297,1019,32316,469
2021-07-03,Modoc,049,8938,419,410,148,558,4
2021-07-03,Mono,051,14174,1257,1275,14,1289,3
2021-07-03,Monterey,053,433212,43285,43212,1949,45161,492
2021-07-03,Napa,055,140530,10088,10045,36,10081,81
2021-07-03,Nevada,057,99092,5011,4966,201,5167,72
2021-07-03,Orange,059,3164182,256957,255823,12006,267829,5126
2021-07-03,Placer,061,380077,23949,23764,1640,25404,299
2021-07-03,Plumas,063,18699,724,707,15,722,4
2021-07-03,Riverside,065,2383286,293918,293260,14784,308044,4536
2021-07-03,Sacramento,067,1510023,109167,108257,1925,110182,1676
2021-07-03,San Benito,069,59416,6135,6108,119,6227,63
2021-07-03,San Bernardino,071,2135413,294980,294294,9555,303849,5003
2021-07-03,San Diego,073,3302833,283856,282692,15530,298222,3780
2021-07-03,San Francisco,075,870044,37374,37107,1416,38523,558
2021-07-03,San Joaquin,077,732212,74287,73841,3840,77681,1409
2021-07-03,San Luis Obispo,079,281455,21432,21330,799,22129,256
2021-07-03,San Mateo,081,765935,43012,42691,513,43204,541
2021-07-03,Santa Barbara,083,443738,34790,34526,1252,35778,456
2021-07-03,Santa Clara,085,1922200,119444,118966,819,119785,2090
2021-07-03,Santa Cruz,087,273765,16306,16254,877,17131,208
2021-07-03,Shasta,089,179085,12641,12582,1703,14285,204
2021-07-03,Sierra,091,2930,62,60,14,74,0
2021-07-03,Siskiyou,093,43540,1963,1899,398,2297,29
2021-07-03,Solano,095,438530,33694,33486,588,34074,268
2021-07-03,Sonoma,097,501317,31224,31000,379,31379,316
2021-07-03,Stanislaus,099,539301,57241,57018,6294,63312,1018
2021-07-03,Sutter,101,95872,9709,9644,96,9740,114
2021-07-03,Tehama,103,63373,5130,5124,620,5744,63
2021-07-03,Trinity,105,12862,419,341,80,421,3
2021-07-03,Tulare,107,460477,49963,49789,9690,59479,853
2021-07-03,Tuolumne,109,53932,4151,4113,38,4151,64
2021-07-03,Ventura,111,848112,81815,81425,3194,84619,1033
2021-07-03,Yolo,113,214977,14253,14188,384,14572,213
2021-07-03,Yuba,115,75493,6247,6197,133,6330,51
2021-07-02,Alameda,001,1643700,90086,89683,2104,91787,1253
2021-07-02,Alpine,003,1148,89,89,0,89,0
2021-07-02,Amador,005,37829,3773,3758,34,3792,46
2021-07-02,Butte,007,227075,12789,12684,1967,14651,201
2021-07-02,Calaveras,009,45235,2224,2200,15,2215,55
2021-07-02,Colusa,011,21464,1972,1969,334,2303,15
2021-07-02,Contra Costa,013,1133247,71457,70941,1401,72342,818
2021-07-02,Del Norte,015,27424,1454,1439,14,1453,8
2021-07-02,El Dorado,017,186661,10503,10433,809,11242,113
2021-07-02,Fresno,019,978130,103086,102512,9095,111607,1727
2021-07-02,Glenn,021,27897,2440,2442,587,3029,20
2021-07-02,Humboldt,023,135768,4565,4530,51,4581,49
2021-07-02,Imperial,025,180216,28729,28661,2912,31573,739
2021-07-02,Inyo,027,18085,1414,1412,4,1416,35
2021-07-02,Kern,029,883053,97749,97421,11617,109038,1347
2021-07-02,Kings,031,150075,23164,23051,1211,24262,245
2021-07-02,Lake,033,64148,3658,3623,13,3636,62
2021-07-02,Lassen,035,31185,5292,5277,120,5397,20
2021-07-02,Los Angeles,037,10098052,1212399,1208705,44404,1253109,24506
2021-07-02,Madera,039,155013,16795,16696,978,17674,240
2021-07-02,Marin,041,260295,14234,14143,275,14418,233
2021-07-02,Mariposa,043,17540,442,441,11,452,5
2021-07-02,Mendocino,045,87422,4213,4122,81,4203,49
2021-07-02,Merced,047,269075,31346,31297,1019,32316,469
2021-07-02,Modoc,049,8938,419,410,148,558,4
2021-07-02,Mono,051,14174,1256,1275,14,1289,3
2021-07-02,Monterey,053,433212,43277,43212,1948,45160,492
2021-07-02,Napa,055,140530,10083,10045,36,10081,81
2021-07-02,Nevada,057,99092,5002,4966,201,5167,72
2021-07-02,Orange,059,3164182,256844,255823,11999,267822,5126
2021-07-02,Placer,061,380077,23932,23764,1633,25397,299
2021-07-02,Plumas,063,18699,724,707,15,722,4
2021-07-02,Riverside,065,2383286,293821,293260,14779,308039,4536
2021-07-02,Sacramento,067,1510023,109089,108257,1924,110181,1676
2021-07-02,San Benito,069,59416,6132,6108,119,6227,63
2021-07-02,San Bernardino,071,2135413,294893,294294,9553,303847,5003
2021-07-02,San Diego,073,3302833,283711,282692,15504,298196,3780
2021-07-02,San Francisco,075,870044,37326,37107,1414,38521,558
2021-07-02,San Joaquin,077,732212,74255,73841,3834,77675,1409
2021-07-02,San Luis Obispo,079,281455,21426,21330,798,22128,256
2021-07-02,San Mateo,081,765935,42976,42691,513,43204,541
2021-07-02,Santa Barbara,083,443738,34781,34526,1252,35778,456
2021-07-02,Santa Clara,085,1922200,119366,118966,819,119785,2090
2021-07-02,Santa Cruz,087,273765,16302,16254,877,17131,208
2021-07-02,Shasta,089,179085,12637,12582,1703,14285,204
2021-07-02,Sierra,091,2930,61,60,14,74,0
2021-07-02,Siskiyou,093,43540,1960,1899,397,2296,29
2021-07-02,Solano,095,438530,33669,33486,588,34074,268
2021-07-02,Sonoma,097,501317,31201,31000,379,31379,316
2021-07-02,Stanislaus,099,539301,57219,57018,6293,63311,1018
2021-07-02,Sutter,101,95872,9704,9644,96,9740,114
2021-07-02,Tehama,103,63373,5128,5124,618,5742,63
2021-07-02,Trinity,105,12862,419,341,80,421,3
2021-07-02,Tulare,107,460477,49953,49789,9682,59471,853
2021-07-02,Tuolumne,109,53932,4148,4113,38,4151,64
2021-07-02,Ventura,111,848112,81772,81425,3186,84611,1033
2021-07-02,Yolo,113,214977,14238,14188,382,14570,213
2021-07-02,Yuba,115,75493,6239,6197,133,6330,51
2021-07-01,Alameda,001,1643700,89982,89683,2102,91785,1253
2021-07-01,Alpine,003,1148,89,89,0,89,0
2021-07-01,Amador,005,37829,3772,3758,34,3792,46
2021-07-01,Butte,007,227075,12777,12684,1965,14649,201
2021-07-01,Calaveras,009,45235,2222,2200,15,2215,55
2021-07-01,Colusa,011,21464,1972,1969,332,2301,15
2021-07-01,Contra Costa,013,1133247,71386,70941,1400,72341,818
2021-07-01,Del Norte,015,27424,1453,1439,14,1453,8
2021-07-01,El Dorado,017,186661,10491,10433,809,11242,113
2021-07-01,Fresno,019,978130,103047,102512,9090,111602,1727
2021-07-01,Glenn,021,27897,2440,2442,587,3029,20
2021-07-01,Humboldt,023,135768,4563,4530,51,4581,49
2021-07-01,Imperial,025,180216,28712,28661,2912,31573,739
2021-07-01,Inyo,027,18085,1414,1412,4,1416,35
2021-07-01,Kern,029,883053,97723,97421,11606,109027,1347
2021-07-01,Kings,031,150075,23150,23051,1211,24262,245
2021-07-01,Lake,033,64148,3655,3623,13,3636,62
2021-07-01,Lassen,035,31185,5290,5277,120,5397,20
2021-07-01,Los Angeles,037,10098052,1211802,1208705,44348,1253053,24506
2021-07-01,Madera,039,155013,16786,16696,977,17673,240
2021-07-01,Marin,041,260295,14230,14143,275,14418,233
2021-07-01,Mariposa,043,17540,442,441,11,452,5
2021-07-01,Mendocino,045,87422,4209,4122,80,4202,49
2021-07-01,Merced,047,269075,31340,31297,1019,32316,469
2021-07-01,Modoc,049,8938,419,410,148,558,4
2021-07-01,Mono,051,14174,1255,1275,14,1289,3
2021-07-01,Monterey,053,433212,43269,43212,1944,45156,492
2021-07-01,Napa,055,140530,10076,10045,36,10081,81
2021-07-01,Nevada,057,99092,4997,4966,201,5167,72
2021-07-01,Orange,059,3164182,256726,255823,11979,267802,5126
2021-07-01,Placer,061,380077,23914,23764,1630,25394,299
2021-07-01,Plumas,063,18699,721,707,13,720,4
2021-07-01,Riverside,065,2383286,293712,293260,14771,308031,4536
2021-07-01,Sacramento,067,1510023,108964,108257,1917,110174,1676
2021-07-01,San Benito,069,59416,6128,6108,119,6227,63
2021-07-01,San Bernardino,071,2135413,294774,294294,9547,303841,5003
2021-07-01,San Diego,073,3302833,283533,282692,15467,298159,3780
2021-07-01,San Francisco,075,870044,37290,37107,1412,38519,558
2021-07-01,San Joaquin,077,732212,74204,73841,3830,77671,1409
2021-07-01,San Luis Obispo,079,281455,21411,21330,797,22127,256
2021-07-01,San Mateo,081,765935,42948,42691,512,43203,541
2021-07-01,Santa Barbara,083,443738,34770,34526,1252,35778,456
2021-07-01,Santa Clara,085,1922200,119317,118966,819,119785,2090
2021-07-01,Santa Cruz,087,273765,16298,16254,876,17130,208
2021-07-01,Shasta,089,179085,12629,12582,1702,14284,204
2021-07-01,Sierra,091,2930,61,60,14,74,0
2021-07-01,Siskiyou,093,43540,1960,1899,397,2296,29
2021-07-01,Solano,095,438530,33628,33486,587,34073,268
2021-07-01,Sonoma,097,501317,31157,31000,379,31379,316
2021-07-01,Stanislaus,099,539301,57196,57018,6289,63307,1018
2021-07-01,Sutter,101,95872,9695,9644,96,9740,114
2021-07-01,Tehama,103,63373,5128,5124,617,5741,63
2021-07-01,Trinity,105,12862,419,341,80,421,3
2021-07-01,Tulare,107,460477,49944,49789,9675,59464,853
2021-07-01,Tuolumne,109,53932,4141,4113,38,4151,64
2021-07-01,Ventura,111,848112,81741,81425,3175,84600,1033
2021-07-01,Yolo,113,214977,14223,14188,380,14568,213
2021-07-01,Yuba,115,75493,6232,6197,133,6330,51
2021-06-30,Alameda,001,1643700,89897,89597,2098,91695,1256
2021-06-30,Alpine,003,1148,89,89,0,89,0
2021-06-30,Amador,005,37829,3770,3756,34,3790,46
2021-06-30,Butte,007,227075,12770,12676,1956,14632,201
2021-06-30,Calaveras,009,45235,2217,2198,15,2213,55
2021-06-30,Colusa,011,21464,1970,1967,329,2296,15
2021-06-30,Contra Costa,013,1133247,71322,70869,1397,72266,818
2021-06-30,Del Norte,015,27424,1448,1435,14,1449,8
2021-06-30,El Dorado,017,186661,10472,10420,809,11229,113
2021-06-30,Fresno,019,978130,103011,102490,9087,111577,1727
2021-06-30,Glenn,021,27897,2438,2440,587,3027,20
2021-06-30,Humboldt,023,135768,4547,4522,49,4571,49
2021-06-30,Imperial,025,180216,28704,28651,2912,31563,739
2021-06-30,Inyo,027,18085,1414,1409,4,1413,35
2021-06-30,Kern,029,883053,97682,97267,11594,108861,1348
2021-06-30,Kings,031,150075,23145,23038,1210,24248,245
2021-06-30,Lake,033,64148,3642,3601,13,3614,56
2021-06-30,Lassen,035,31185,5285,5269,120,5389,20
2021-06-30,Los Angeles,037,10098052,1211134,1208246,44303,1252549,24499
2021-06-30,Madera,039,155013,16778,16688,975,17663,240
2021-06-30,Marin,041,260295,14222,14133,273,14406,232
2021-06-30,Mariposa,043,17540,441,441,11,452,5
2021-06-30,Mendocino,045,87422,4199,4115,80,4195,49
2021-06-30,Merced,047,269075,31330,31286,1019,32305,469
2021-06-30,Modoc,049,8938,419,410,148,558,4
2021-06-30,Mono,051,14174,1255,1275,14,1289,3
2021-06-30,Monterey,053,433212,43264,43209,1942,45151,492
2021-06-30,Napa,055,140530,10068,10039,36,10075,81
2021-06-30,Nevada,057,99092,4986,4958,201,5159,72
2021-06-30,Orange,059,3164182,256598,255764,11969,267733,5125
2021-06-30,Placer,061,380077,23891,23721,1626,25347,299
2021-06-30,Plumas,063,18699,721,705,13,718,4
2021-06-30,Riverside,065,2383286,293600,293280,14759,308039,4535
2021-06-30,Sacramento,067,1510023,108826,108137,1912,110049,1676
2021-06-30,San Benito,069,59416,6124,6105,119,6224,63
2021-06-30,San Bernardino,071,2135413,294614,294211,9542,303753,4975
2021-06-30,San Diego,073,3302833,283397,282583,15439,298022,3780
2021-06-30,San Francisco,075,870044,37241,37065,1407,38472,558
2021-06-30,San Joaquin,077,732212,74143,73777,3828,77605,1409
2021-06-30,San Luis Obispo,079,281455,21398,21326,796,22122,256
2021-06-30,San Mateo,081,765935,42911,42599,511,43110,537
2021-06-30,Santa Barbara,083,443738,34754,34521,1252,35773,456
2021-06-30,Santa Clara,085,1922200,119270,118930,816,119746,2090
2021-06-30,Santa Cruz,087,273765,16292,16250,876,17126,208
2021-06-30,Shasta,089,179085,12623,12564,1702,14266,204
2021-06-30,Sierra,091,2930,61,60,14,74,0
2021-06-30,Siskiyou,093,43540,1958,1900,394,2294,29
2021-06-30,Solano,095,438530,33590,33453,585,34038,268
2021-06-30,Sonoma,097,501317,31127,30947,379,31326,316
2021-06-30,Stanislaus,099,539301,57174,56997,6288,63285,1018
2021-06-30,Sutter,101,95872,9685,9638,96,9734,114
2021-06-30,Tehama,103,63373,5126,5124,617,5741,63
2021-06-30,Trinity,105,12862,419,341,80,421,3
2021-06-30,Tulare,107,460477,49933,49764,9664,59428,853
2021-06-30,Tuolumne,109,53932,4138,4112,38,4150,64
2021-06-30,Ventura,111,848112,81698,81392,3170,84562,1032
2021-06-30,Yolo,113,214977,14217,14178,377,14555,213
2021-06-30,Yuba,115,75493,6225,6191,133,6324,51
2021-06-29,Alameda,001,1643700,89793,89519,2097,91616,1257
2021-06-29,Alpine,003,1148,89,89,0,89,0
2021-06-29,Amador,005,37829,3766,3754,34,3788,46
2021-06-29,Butte,007,227075,12762,12669,1956,14625,201
2021-06-29,Calaveras,009,45235,2211,2198,15,2213,55
2021-06-29,Colusa,011,21464,1968,1967,329,2296,15
2021-06-29,Contra Costa,013,1133247,71248,70775,1397,72172,817
2021-06-29,Del Norte,015,27424,1447,1435,14,1449,8
2021-06-29,El Dorado,017,186661,10459,10403,805,11208,113
2021-06-29,Fresno,019,978130,102978,102464,9084,111548,1725
2021-06-29,Glenn,021,27897,2437,2439,587,3026,20
2021-06-29,Humboldt,023,135768,4543,4514,48,4562,49
2021-06-29,Imperial,025,180216,28695,28645,2911,31556,737
2021-06-29,Inyo,027,18085,1414,1408,4,1412,35
2021-06-29,Kern,029,883053,97661,97173,11588,108761,1347
2021-06-29,Kings,031,150075,23136,23035,1209,24244,245
2021-06-29,Lake,033,64148,3636,3594,13,3607,56
2021-06-29,Lassen,035,31185,5278,5268,120,5388,20
2021-06-29,Los Angeles,037,10098052,1210531,1207895,44268,1252163,24498
2021-06-29,Madera,039,155013,16774,16680,974,17654,240
2021-06-29,Marin,041,260295,14210,14127,273,14400,232
2021-06-29,Mariposa,043,17540,441,441,11,452,5
2021-06-29,Mendocino,045,87422,4196,4107,79,4186,49
2021-06-29,Merced,047,269075,31318,31277,1019,32296,469
2021-06-29,Modoc,049,8938,418,408,148,556,3
2021-06-29,Mono,051,14174,1255,1275,14,1289,3
2021-06-29,Monterey,053,433212,43254,43196,1940,45136,471
2021-06-29,Napa,055,140530,10062,10033,36,10069,81
2021-06-29,Nevada,057,99092,4979,4952,201,5153,72
2021-06-29,Orange,059,3164182,256500,255686,11954,267640,5124
2021-06-29,Placer,061,380077,23871,23693,1624,25317,299
2021-06-29,Plumas,063,18699,721,704,13,717,4
2021-06-29,Riverside,065,2383286,293501,292962,14752,307714,4524
2021-06-29,Sacramento,067,1510023,108674,108067,1909,109976,1677
2021-06-29,San Benito,069,59416,6113,6099,119,6218,63
2021-06-29,San Bernardino,071,2135413,294506,294118,9540,303658,4940
2021-06-29,San Diego,073,3302833,283242,282499,15412,297911,3780
2021-06-29,San Francisco,075,870044,37203,37041,1404,38445,558
2021-06-29,San Joaquin,077,732212,74095,73724,3825,77549,1409
2021-06-29,San Luis Obispo,079,281455,21388,21324,795,22119,256
2021-06-29,San Mateo,081,765935,42879,42540,509,43049,540
2021-06-29,Santa Barbara,083,443738,34744,34507,1251,35758,455
2021-06-29,Santa Clara,085,1922200,119215,118893,815,119708,2090
2021-06-29,Santa Cruz,087,273765,16286,16249,876,17125,208
2021-06-29,Shasta,089,179085,12611,12564,1701,14265,204
2021-06-29,Sierra,091,2930,61,59,14,73,0
2021-06-29,Siskiyou,093,43540,1955,1897,390,2287,29
2021-06-29,Solano,095,438530,33557,33440,583,34023,268
2021-06-29,Sonoma,097,501317,31085,30950,377,31327,316
2021-06-29,Stanislaus,099,539301,57146,56980,6281,63261,1018
2021-06-29,Sutter,101,95872,9674,9634,96,9730,114
2021-06-29,Tehama,103,63373,5126,5124,617,5741,63
2021-06-29,Trinity,105,12862,419,341,80,421,3
2021-06-29,Tulare,107,460477,49920,49751,9659,59410,852
2021-06-29,Tuolumne,109,53932,4136,4111,38,4149,64
2021-06-29,Ventura,111,848112,81660,81363,3164,84527,1032
2021-06-29,Yolo,113,214977,14205,14171,376,14547,213
2021-06-29,Yuba,115,75493,6215,6188,133,6321,51
2021-06-28,Alameda,001,1643700,89701,89638,2095,91733,1259
2021-06-28,Alpine,003,1148,89,89,0,89,0
2021-06-28,Amador,005,37829,3765,3753,34,3787,46
2021-06-28,Butte,007,227075,12753,12697,1954,14651,198
2021-06-28,Calaveras,009,45235,2208,2203,15,2218,55
2021-06-28,Colusa,011,21464,1966,1974,329,2303,15
2021-06-28,Contra Costa,013,1133247,71174,70807,1395,72202,816
2021-06-28,Del Norte,015,27424,1447,1436,14,1450,8
2021-06-28,El Dorado,017,186661,10449,10422,801,11223,115
2021-06-28,Fresno,019,978130,102948,103121,9082,112203,1727
2021-06-28,Glenn,021,27897,2437,2439,587,3026,20
2021-06-28,Humboldt,023,135768,4536,4520,47,4567,49
2021-06-28,Imperial,025,180216,28687,28981,2910,31891,741
2021-06-28,Inyo,027,18085,1411,1407,4,1411,35
2021-06-28,Kern,029,883053,97642,97252,11583,108835,1348
2021-06-28,Kings,031,150075,23130,23134,1209,24343,246
2021-06-28,Lake,033,64148,3628,3591,13,3604,56
2021-06-28,Lassen,035,31185,5276,5268,120,5388,20
2021-06-28,Los Angeles,037,10098052,1210017,1207714,44230,1251944,24496
2021-06-28,Madera,039,155013,16764,16683,973,17656,240
2021-06-28,Marin,041,260295,14195,14186,273,14459,232
2021-06-28,Mariposa,043,17540,441,440,11,451,5
2021-06-28,Mendocino,045,87422,4187,4102,78,4180,49
2021-06-28,Merced,047,269075,31306,31277,1019,32296,469
2021-06-28,Modoc,049,8938,418,411,147,558,3
2021-06-28,Mono,051,14174,1255,1276,14,1290,3
2021-06-28,Monterey,053,433212,43250,43202,1939,45141,462
2021-06-28,Napa,055,140530,10053,10050,35,10085,81
2021-06-28,Nevada,057,99092,4975,4951,201,5152,72
2021-06-28,Orange,059,3164182,256411,255755,11940,267695,5123
2021-06-28,Placer,061,380077,23851,23756,1619,25375,299
2021-06-28,Plumas,063,18699,719,704,13,717,4
2021-06-28,Riverside,065,2383286,293376,292647,14739,307386,4507
2021-06-28,Sacramento,067,1510023,108542,108342,1904,110246,1675
2021-06-28,San Benito,069,59416,6111,6101,119,6220,63
2021-06-28,San Bernardino,071,2135413,294405,294151,9535,303686,4928
2021-06-28,San Diego,073,3302833,283079,282417,15383,297800,3780
2021-06-28,San Francisco,075,870044,37167,37372,1402,38774,559
2021-06-28,San Joaquin,077,732212,74047,73973,3820,77793,1411
2021-06-28,San Luis Obispo,079,281455,21384,21340,794,22134,256
2021-06-28,San Mateo,081,765935,42846,42927,508,43435,540
2021-06-28,Santa Barbara,083,443738,34737,34534,1249,35783,455
2021-06-28,Santa Clara,085,1922200,119151,120377,814,121191,2103
2021-06-28,Santa Cruz,087,273765,16281,16245,876,17121,208
2021-06-28,Shasta,089,179085,12607,12642,1699,14341,203
2021-06-28,Sierra,091,2930,61,58,14,72,0
2021-06-28,Siskiyou,093,43540,1954,1896,390,2286,29
2021-06-28,Solano,095,438530,33521,33524,581,34105,267
2021-06-28,Sonoma,097,501317,31048,31137,376,31513,315
2021-06-28,Stanislaus,099,539301,57127,57047,6277,63324,1018
2021-06-28,Sutter,101,95872,9670,9682,96,9778,114
2021-06-28,Tehama,103,63373,5124,5122,617,5739,63
2021-06-28,Trinity,105,12862,419,341,80,421,3
2021-06-28,Tulare,107,460477,49911,49751,9654,59405,850
2021-06-28,Tuolumne,109,53932,4129,4121,38,4159,64
2021-06-28,Ventura,111,848112,81603,81393,3159,84552,1032
2021-06-28,Yolo,113,214977,14196,14199,373,14572,213
2021-06-28,Yuba,115,75493,6210,6207,133,6340,51
2021-06-27,Alameda,001,1643700,89615,89611,2091,91702,1259
2021-06-27,Alpine,003,1148,89,89,0,89,0
2021-06-27,Amador,005,37829,3764,3752,34,3786,46
2021-06-27,Butte,007,227075,12744,12696,1953,14649,198
2021-06-27,Calaveras,009,45235,2207,2203,15,2218,55
2021-06-27,Colusa,011,21464,1966,1974,329,2303,15
2021-06-27,Contra Costa,013,1133247,71088,70762,1391,72153,816
2021-06-27,Del Norte,015,27424,1444,1436,14,1450,8
2021-06-27,El Dorado,017,186661,10437,10418,798,11216,115
2021-06-27,Fresno,019,978130,102919,103110,9080,112190,1727
2021-06-27,Glenn,021,27897,2436,2439,586,3025,20
2021-06-27,Humboldt,023,135768,4524,4513,44,4557,49
2021-06-27,Imperial,025,180216,28673,28987,2910,31897,741
2021-06-27,Inyo,027,18085,1411,1407,4,1411,35
2021-06-27,Kern,029,883053,97616,97249,11576,108825,1348
2021-06-27,Kings,031,150075,23120,23132,1209,24341,246
2021-06-27,Lake,033,64148,3621,3581,13,3594,56
2021-06-27,Lassen,035,31185,5275,5265,120,5385,20
2021-06-27,Los Angeles,037,10098052,1209473,1207461,44190,1251651,24493
2021-06-27,Madera,039,155013,16756,16680,973,17653,240
2021-06-27,Marin,041,260295,14186,14182,273,14455,232
2021-06-27,Mariposa,043,17540,441,440,11,451,5
2021-06-27,Mendocino,045,87422,4180,4100,78,4178,49
2021-06-27,Merced,047,269075,31294,31266,1019,32285,469
2021-06-27,Modoc,049,8938,418,411,147,558,3
2021-06-27,Mono,051,14174,1255,1279,14,1293,3
2021-06-27,Monterey,053,433212,43237,43199,1939,45138,462
2021-06-27,Napa,055,140530,10047,10046,35,10081,81
2021-06-27,Nevada,057,99092,4969,4946,201,5147,72
2021-06-27,Orange,059,3164182,256298,255710,11929,267639,5123
2021-06-27,Placer,061,380077,23818,23731,1616,25347,299
2021-06-27,Plumas,063,18699,719,704,13,717,4
2021-06-27,Riverside,065,2383286,293273,292641,14733,307374,4507
2021-06-27,Sacramento,067,1510023,108408,108279,1900,110179,1675
2021-06-27,San Benito,069,59416,6105,6101,119,6220,63
2021-06-27,San Bernardino,071,2135413,294292,294115,9533,303648,4927
2021-06-27,San Diego,073,3302833,282939,282359,15357,297716,3780
2021-06-27,San Francisco,075,870044,37130,37360,1401,38761,559
2021-06-27,San Joaquin,077,732212,74011,73960,3818,77778,1411
2021-06-27,San Luis Obispo,079,281455,21377,21340,793,22133,256
2021-06-27,San Mateo,081,765935,42817,42925,505,43430,539
2021-06-27,Santa Barbara,083,443738,34723,34533,1246,35779,455
2021-06-27,Santa Clara,085,1922200,119100,120352,812,121164,2103
2021-06-27,Santa Cruz,087,273765,16272,16241,876,17117,208
2021-06-27,Shasta,089,179085,12601,12640,1698,14338,203
2021-06-27,Sierra,091,2930,61,58,14,72,0
2021-06-27,Siskiyou,093,43540,1952,1896,389,2285,29
2021-06-27,Solano,095,438530,33493,33516,581,34097,267
2021-06-27,Sonoma,097,501317,31010,31129,376,31505,315
2021-06-27,Stanislaus,099,539301,57080,57021,6274,63295,1018
2021-06-27,Sutter,101,95872,9664,9678,96,9774,114
2021-06-27,Tehama,103,63373,5120,5122,617,5739,63
2021-06-27,Trinity,105,12862,419,341,79,420,3
2021-06-27,Tulare,107,460477,49898,49749,9647,59396,850
2021-06-27,Tuolumne,109,53932,4127,4121,38,4159,64
2021-06-27,Ventura,111,848112,81569,81361,3150,84511,1032
2021-06-27,Yolo,113,214977,14181,14194,369,14563,213
2021-06-27,Yuba,115,75493,6204,6205,133,6338,51
2021-06-26,Alameda,001,1643700,89557,89560,2089,91649,1259
2021-06-26,Alpine,003,1148,89,89,0,89,0
2021-06-26,Amador,005,37829,3764,3748,34,3782,46
2021-06-26,Butte,007,227075,12740,12693,1950,14643,198
2021-06-26,Calaveras,009,45235,2205,2202,15,2217,55
2021-06-26,Colusa,011,21464,1966,1973,329,2302,15
2021-06-26,Contra Costa,013,1133247,71045,70712,1390,72102,816
2021-06-26,Del Norte,015,27424,1443,1432,14,1446,8
2021-06-26,El Dorado,017,186661,10429,10414,797,11211,115
2021-06-26,Fresno,019,978130,102899,103091,9078,112169,1727
2021-06-26,Glenn,021,27897,2434,2441,586,3027,20
2021-06-26,Humboldt,023,135768,4521,4509,44,4553,49
2021-06-26,Imperial,025,180216,28669,28970,2910,31880,741
2021-06-26,Inyo,027,18085,1411,1407,4,1411,35
2021-06-26,Kern,029,883053,97590,97239,11567,108806,1348
2021-06-26,Kings,031,150075,23116,23128,1208,24336,246
2021-06-26,Lake,033,64148,3610,3576,13,3589,56
2021-06-26,Lassen,035,31185,5272,5263,120,5383,20
2021-06-26,Los Angeles,037,10098052,1209171,1207198,44154,1251352,24490
2021-06-26,Madera,039,155013,16749,16679,972,17651,240
2021-06-26,Marin,041,260295,14177,14180,273,14453,232
2021-06-26,Mariposa,043,17540,441,440,11,451,5
2021-06-26,Mendocino,045,87422,4178,4096,78,4174,49
2021-06-26,Merced,047,269075,31288,31259,1018,32277,469
2021-06-26,Modoc,049,8938,418,411,147,558,3
2021-06-26,Mono,051,14174,1255,1279,14,1293,3
2021-06-26,Monterey,053,433212,43234,43192,1939,45131,462
2021-06-26,Napa,055,140530,10041,10043,35,10078,81
2021-06-26,Nevada,057,99092,4964,4939,201,5140,72
2021-06-26,Orange,059,3164182,256221,255640,11922,267562,5123
2021-06-26,Placer,061,380077,23804,23702,1614,25316,299
2021-06-26,Plumas,063,18699,719,704,13,717,4
2021-06-26,Riverside,065,2383286,293216,292480,14727,307207,4505
2021-06-26,Sacramento,067,1510023,108337,108179,1898,110077,1675
2021-06-26,San Benito,069,59416,6101,6100,119,6219,63
2021-06-26,San Bernardino,071,2135413,294198,294034,9528,303562,4928
2021-06-26,San Diego,073,3302833,282854,282263,15339,297602,3780
2021-06-26,San Francisco,075,870044,37098,37348,1400,38748,559
2021-06-26,San Joaquin,077,732212,73982,73928,3817,77745,1411
2021-06-26,San Luis Obispo,079,281455,21376,21330,792,22122,256
2021-06-26,San Mateo,081,765935,42796,42898,505,43403,539
2021-06-26,Santa Barbara,083,443738,34714,34525,1246,35771,455
2021-06-26,Santa Clara,085,1922200,119067,120321,812,121133,2103
2021-06-26,Santa Cruz,087,273765,16269,16239,876,17115,208
2021-06-26,Shasta,089,179085,12597,12635,1694,14329,203
2021-06-26,Sierra,091,2930,61,58,14,72,0
2021-06-26,Siskiyou,093,43540,1951,1896,388,2284,29
2021-06-26,Solano,095,438530,33475,33489,579,34068,267
2021-06-26,Sonoma,097,501317,30984,31088,376,31464,315
2021-06-26,Stanislaus,099,539301,57060,57006,6272,63278,1018
2021-06-26,Sutter,101,95872,9663,9669,96,9765,114
2021-06-26,Tehama,103,63373,5120,5119,617,5736,63
2021-06-26,Trinity,105,12862,419,341,79,420,3
2021-06-26,Tulare,107,460477,49892,49745,9647,59392,850
2021-06-26,Tuolumne,109,53932,4127,4121,38,4159,64
2021-06-26,Ventura,111,848112,81545,81352,3149,84501,1032
2021-06-26,Yolo,113,214977,14173,14184,369,14553,213
2021-06-26,Yuba,115,75493,6201,6200,133,6333,51
2021-06-25,Alameda,001,1643700,89491,89453,2086,91539,1271
2021-06-25,Alpine,003,1148,89,89,0,89,0
2021-06-25,Amador,005,37829,3763,3746,34,3780,46
2021-06-25,Butte,007,227075,12735,12682,1947,14629,198
2021-06-25,Calaveras,009,45235,2204,2201,15,2216,55
2021-06-25,Colusa,011,21464,1966,1972,329,2301,15
2021-06-25,Contra Costa,013,1133247,71009,70659,1390,72049,815
2021-06-25,Del Norte,015,27424,1443,1426,14,1440,8
2021-06-25,El Dorado,017,186661,10421,10406,794,11200,115
2021-06-25,Fresno,019,978130,102882,103073,9074,112147,1727
2021-06-25,Glenn,021,27897,2434,2441,586,3027,20
2021-06-25,Humboldt,023,135768,4515,4503,42,4545,49
2021-06-25,Imperial,025,180216,28666,28968,2910,31878,740
2021-06-25,Inyo,027,18085,1410,1406,4,1410,35
2021-06-25,Kern,029,883053,97571,97182,11563,108745,1347
2021-06-25,Kings,031,150075,23110,23118,1208,24326,246
2021-06-25,Lake,033,64148,3604,3571,13,3584,56
2021-06-25,Lassen,035,31185,5271,5259,120,5379,20
2021-06-25,Los Angeles,037,10098052,1208895,1206909,44136,1251045,24483
2021-06-25,Madera,039,155013,16746,16670,972,17642,240
2021-06-25,Marin,041,260295,14174,14179,273,14452,232
2021-06-25,Mariposa,043,17540,441,440,11,451,5
2021-06-25,Mendocino,045,87422,4175,4089,78,4167,49
2021-06-25,Merced,047,269075,31280,31256,1018,32274,467
2021-06-25,Modoc,049,8938,418,411,147,558,3
2021-06-25,Mono,051,14174,1255,1279,14,1293,3
2021-06-25,Monterey,053,433212,43229,43184,1938,45122,462
2021-06-25,Napa,055,140530,10036,10037,35,10072,81
2021-06-25,Nevada,057,99092,4961,4932,201,5133,72
2021-06-25,Orange,059,3164182,256151,255574,11919,267493,5119
2021-06-25,Placer,061,380077,23785,23672,1613,25285,299
2021-06-25,Plumas,063,18699,719,702,12,714,4
2021-06-25,Riverside,065,2383286,293149,291663,14721,306384,4490
2021-06-25,Sacramento,067,1510023,108265,108034,1895,109929,1673
2021-06-25,San Benito,069,59416,6097,6098,119,6217,63
2021-06-25,San Bernardino,071,2135413,294143,293941,9526,303467,4911
2021-06-25,San Diego,073,3302833,282794,282157,15326,297483,3779
2021-06-25,San Francisco,075,870044,37075,37338,1399,38737,559
2021-06-25,San Joaquin,077,732212,73949,73860,3815,77675,1410
2021-06-25,San Luis Obispo,079,281455,21373,21325,791,22116,256
2021-06-25,San Mateo,081,765935,42778,42849,505,43354,537
2021-06-25,Santa Barbara,083,443738,34706,34518,1245,35763,454
2021-06-25,Santa Clara,085,1922200,119047,120272,812,121084,2103
2021-06-25,Santa Cruz,087,273765,16266,16230,874,17104,208
2021-06-25,Shasta,089,179085,12587,12633,1693,14326,202
2021-06-25,Sierra,091,2930,61,58,14,72,0
2021-06-25,Siskiyou,093,43540,1950,1894,388,2282,29
2021-06-25,Solano,095,438530,33455,33449,579,34028,267
2021-06-25,Sonoma,097,501317,30961,31043,376,31419,314
2021-06-25,Stanislaus,099,539301,57041,56973,6265,63238,1018
2021-06-25,Sutter,101,95872,9656,9664,96,9760,114
2021-06-25,Tehama,103,63373,5119,5119,617,5736,63
2021-06-25,Trinity,105,12862,419,338,79,417,3
2021-06-25,Tulare,107,460477,49886,49731,9643,59374,850
2021-06-25,Tuolumne,109,53932,4126,4121,38,4159,64
2021-06-25,Ventura,111,848112,81516,81342,3143,84485,1032
2021-06-25,Yolo,113,214977,14167,14172,369,14541,213
2021-06-25,Yuba,115,75493,6197,6195,133,6328,51
2021-06-24,Alameda,001,1643700,89420,89358,2082,91440,1268
2021-06-24,Alpine,003,1148,89,89,0,89,0
2021-06-24,Amador,005,37829,3759,3745,34,3779,46
2021-06-24,Butte,007,227075,12729,12673,1945,14618,198
2021-06-24,Calaveras,009,45235,2201,2202,15,2217,55
2021-06-24,Colusa,011,21464,1965,1972,329,2301,15
2021-06-24,Contra Costa,013,1133247,70950,70590,1390,71980,813
2021-06-24,Del Norte,015,27424,1442,1421,14,1435,8
2021-06-24,El Dorado,017,186661,10414,10402,794,11196,115
2021-06-24,Fresno,019,978130,102862,103061,9071,112132,1727
2021-06-24,Glenn,021,27897,2433,2439,586,3025,20
2021-06-24,Humboldt,023,135768,4510,4493,42,4535,49
2021-06-24,Imperial,025,180216,28663,28981,2910,31891,740
2021-06-24,Inyo,027,18085,1409,1406,4,1410,35
2021-06-24,Kern,029,883053,97552,97129,11550,108679,1346
2021-06-24,Kings,031,150075,23106,23114,1206,24320,246
2021-06-24,Lake,033,64148,3598,3571,13,3584,56
2021-06-24,Lassen,035,31185,5270,5258,120,5378,20
2021-06-24,Los Angeles,037,10098052,1208572,1206590,44112,1250702,24480
2021-06-24,Madera,039,155013,16735,16662,971,17633,240
2021-06-24,Marin,041,260295,14170,14180,273,14453,232
2021-06-24,Mariposa,043,17540,441,440,11,451,5
2021-06-24,Mendocino,045,87422,4167,4085,78,4163,49
2021-06-24,Merced,047,269075,31270,31248,1017,32265,466
2021-06-24,Modoc,049,8938,418,411,147,558,3
2021-06-24,Mono,051,14174,1255,1276,14,1290,3
2021-06-24,Monterey,053,433212,43222,43180,1938,45118,451
2021-06-24,Napa,055,140530,10034,10036,35,10071,80
2021-06-24,Nevada,057,99092,4959,4927,201,5128,72
2021-06-24,Orange,059,3164182,256087,255520,11911,267431,5117
2021-06-24,Placer,061,380077,23760,23659,1611,25270,299
2021-06-24,Plumas,063,18699,718,702,12,714,4
2021-06-24,Riverside,065,2383286,293069,291067,14710,305777,4473
2021-06-24,Sacramento,067,1510023,108177,107965,1893,109858,1672
2021-06-24,San Benito,069,59416,6094,6098,119,6217,63
2021-06-24,San Bernardino,071,2135413,294075,293895,9521,303416,4898
2021-06-24,San Diego,073,3302833,282689,282053,15314,297367,3778
2021-06-24,San Francisco,075,870044,37053,37320,1397,38717,559
2021-06-24,San Joaquin,077,732212,73901,73814,3815,77629,1408
2021-06-24,San Luis Obispo,079,281455,21367,21326,791,22117,256
2021-06-24,San Mateo,081,765935,42752,42814,504,43318,542
2021-06-24,Santa Barbara,083,443738,34700,34512,1244,35756,454
2021-06-24,Santa Clara,085,1922200,119017,120274,811,121085,2103
2021-06-24,Santa Cruz,087,273765,16265,16227,874,17101,208
2021-06-24,Shasta,089,179085,12582,12629,1689,14318,202
2021-06-24,Sierra,091,2930,61,58,14,72,0
2021-06-24,Siskiyou,093,43540,1950,1892,388,2280,28
2021-06-24,Solano,095,438530,33433,33432,577,34009,267
2021-06-24,Sonoma,097,501317,30932,31020,376,31396,314
2021-06-24,Stanislaus,099,539301,57009,56946,6265,63211,1018
2021-06-24,Sutter,101,95872,9649,9660,96,9756,113
2021-06-24,Tehama,103,63373,5116,5115,617,5732,63
2021-06-24,Trinity,105,12862,418,338,79,417,3
2021-06-24,Tulare,107,460477,49876,49730,9640,59370,850
2021-06-24,Tuolumne,109,53932,4124,4120,38,4158,64
2021-06-24,Ventura,111,848112,81488,81332,3142,84474,1032
2021-06-24,Yolo,113,214977,14158,14169,366,14535,213
2021-06-24,Yuba,115,75493,6192,6195,133,6328,51
2021-06-23,Alameda,001,1643700,89348,89338,2081,91419,1266
2021-06-23,Alpine,003,1148,89,88,0,88,0
2021-06-23,Amador,005,37829,3757,3743,34,3777,46
2021-06-23,Butte,007,227075,12722,12666,1945,14611,198
2021-06-23,Calaveras,009,45235,2200,2199,15,2214,55
2021-06-23,Colusa,011,21464,1964,1972,329,2301,15
2021-06-23,Contra Costa,013,1133247,70885,70526,1389,71915,813
2021-06-23,Del Norte,015,27424,1438,1418,14,1432,8
2021-06-23,El Dorado,017,186661,10405,10395,791,11186,115
2021-06-23,Fresno,019,978130,102833,103020,9069,112089,1724
2021-06-23,Glenn,021,27897,2433,2437,585,3022,20
2021-06-23,Humboldt,023,135768,4501,4490,42,4532,48
2021-06-23,Imperial,025,180216,28656,28908,2910,31818,740
2021-06-23,Inyo,027,18085,1409,1406,4,1410,35
2021-06-23,Kern,029,883053,97525,97078,11536,108614,1345
2021-06-23,Kings,031,150075,23099,23105,1204,24309,245
2021-06-23,Lake,033,64148,3589,3566,13,3579,53
2021-06-23,Lassen,035,31185,5267,5257,120,5377,20
2021-06-23,Los Angeles,037,10098052,1208235,1206358,44101,1250459,24472
2021-06-23,Madera,039,155013,16729,16660,971,17631,240
2021-06-23,Marin,041,260295,14164,14177,273,14450,230
2021-06-23,Mariposa,043,17540,441,439,11,450,5
2021-06-23,Mendocino,045,87422,4163,4078,78,4156,49
2021-06-23,Merced,047,269075,31261,31260,1017,32277,465
2021-06-23,Modoc,049,8938,416,407,147,554,3
2021-06-23,Mono,051,14174,1255,1279,14,1293,3
2021-06-23,Monterey,053,433212,43213,43166,1938,45104,439
2021-06-23,Napa,055,140530,10025,10032,35,10067,80
2021-06-23,Nevada,057,99092,4956,4924,201,5125,72
2021-06-23,Orange,059,3164182,256021,255479,11903,267382,5116
2021-06-23,Placer,061,380077,23731,23630,1605,25235,299
2021-06-23,Plumas,063,18699,717,701,12,713,4
2021-06-23,Riverside,065,2383286,292986,290343,14708,305051,4462
2021-06-23,Sacramento,067,1510023,108085,107868,1888,109756,1671
2021-06-23,San Benito,069,59416,6090,6097,119,6216,63
2021-06-23,San Bernardino,071,2135413,293996,293816,9516,303332,4886
2021-06-23,San Diego,073,3302833,282589,281937,15293,297230,3777
2021-06-23,San Francisco,075,870044,37029,37304,1396,38700,559
2021-06-23,San Joaquin,077,732212,73862,73764,3813,77577,1405
2021-06-23,San Luis Obispo,079,281455,21363,21323,790,22113,257
2021-06-23,San Mateo,081,765935,42736,42756,504,43260,542
2021-06-23,Santa Barbara,083,443738,34690,34505,1244,35749,454
2021-06-23,Santa Clara,085,1922200,118988,120233,811,121044,2098
2021-06-23,Santa Cruz,087,273765,16261,16215,874,17089,209
2021-06-23,Shasta,089,179085,12575,12604,1687,14291,202
2021-06-23,Sierra,091,2930,61,57,14,71,0
2021-06-23,Siskiyou,093,43540,1948,1892,388,2280,28
2021-06-23,Solano,095,438530,33389,33408,577,33985,267
2021-06-23,Sonoma,097,501317,30892,30959,374,31333,314
2021-06-23,Stanislaus,099,539301,56976,56926,6264,63190,1017
2021-06-23,Sutter,101,95872,9643,9653,96,9749,113
2021-06-23,Tehama,103,63373,5116,5119,616,5735,63
2021-06-23,Trinity,105,12862,418,338,79,417,3
2021-06-23,Tulare,107,460477,49870,49711,9635,59346,850
2021-06-23,Tuolumne,109,53932,4121,4120,38,4158,64
2021-06-23,Ventura,111,848112,81465,81312,3139,84451,1032
2021-06-23,Yolo,113,214977,14148,14161,366,14527,212
2021-06-23,Yuba,115,75493,6189,6190,133,6323,51
2021-06-22,Alameda,001,1643700,89280,89308,2081,91389,1263
2021-06-22,Alpine,003,1148,89,88,0,88,0
2021-06-22,Amador,005,37829,3754,3743,34,3777,46
2021-06-22,Butte,007,227075,12718,12662,1942,14604,198
2021-06-22,Calaveras,009,45235,2199,2198,15,2213,55
2021-06-22,Colusa,011,21464,1963,1971,329,2300,15
2021-06-22,Contra Costa,013,1133247,70829,70480,1388,71868,813
2021-06-22,Del Norte,015,27424,1435,1417,14,1431,8
2021-06-22,El Dorado,017,186661,10400,10380,790,11170,113
2021-06-22,Fresno,019,978130,102814,102996,9065,112061,1724
2021-06-22,Glenn,021,27897,2432,2435,583,3018,19
2021-06-22,Humboldt,023,135768,4491,4483,42,4525,42
2021-06-22,Imperial,025,180216,28651,28880,2910,31790,740
2021-06-22,Inyo,027,18085,1409,1405,4,1409,35
2021-06-22,Kern,029,883053,97512,97013,11532,108545,1342
2021-06-22,Kings,031,150075,23091,23098,1203,24301,245
2021-06-22,Lake,033,64148,3587,3564,13,3577,45
2021-06-22,Lassen,035,31185,5262,5254,120,5374,20
2021-06-22,Los Angeles,037,10098052,1207922,1206146,44089,1250235,24461
2021-06-22,Madera,039,155013,16724,16652,971,17623,240
2021-06-22,Marin,041,260295,14162,14174,273,14447,230
2021-06-22,Mariposa,043,17540,441,439,11,450,5
2021-06-22,Mendocino,045,87422,4157,4072,78,4150,49
2021-06-22,Merced,047,269075,31250,31267,1017,32284,464
2021-06-22,Modoc,049,8938,414,405,146,551,3
2021-06-22,Mono,051,14174,1255,1277,14,1291,3
2021-06-22,Monterey,053,433212,43210,43162,1937,45099,427
2021-06-22,Napa,055,140530,10020,10029,35,10064,80
2021-06-22,Nevada,057,99092,4950,4923,201,5124,72
2021-06-22,Orange,059,3164182,255953,255452,11892,267344,5114
2021-06-22,Placer,061,380077,23709,23603,1605,25208,299
2021-06-22,Plumas,063,18699,717,697,12,709,4
2021-06-22,Riverside,065,2383286,292925,289839,14704,304543,4456
2021-06-22,Sacramento,067,1510023,107984,107801,1883,109684,1670
2021-06-22,San Benito,069,59416,6089,6098,119,6217,63
2021-06-22,San Bernardino,071,2135413,293920,293770,9510,303280,4873
2021-06-22,San Diego,073,3302833,282484,281867,15271,297138,3771
2021-06-22,San Francisco,075,870044,37015,37287,1396,38683,556
2021-06-22,San Joaquin,077,732212,73832,73723,3812,77535,1405
2021-06-22,San Luis Obispo,079,281455,21360,21321,789,22110,257
2021-06-22,San Mateo,081,765935,42722,42725,498,43223,542
2021-06-22,Santa Barbara,083,443738,34679,34500,1243,35743,454
2021-06-22,Santa Clara,085,1922200,118956,120194,811,121005,2095
2021-06-22,Santa Cruz,087,273765,16256,16218,874,17092,209
2021-06-22,Shasta,089,179085,12565,12616,1683,14299,202
2021-06-22,Sierra,091,2930,60,57,14,71,0
2021-06-22,Siskiyou,093,43540,1948,1892,388,2280,28
2021-06-22,Solano,095,438530,33371,33397,576,33973,267
2021-06-22,Sonoma,097,501317,30852,30933,374,31307,314
2021-06-22,Stanislaus,099,539301,56956,56915,6262,63177,1017
2021-06-22,Sutter,101,95872,9636,9649,96,9745,113
2021-06-22,Tehama,103,63373,5114,5118,615,5733,63
2021-06-22,Trinity,105,12862,416,337,79,416,3
2021-06-22,Tulare,107,460477,49862,49706,9630,59336,850
2021-06-22,Tuolumne,109,53932,4119,4119,38,4157,64
2021-06-22,Ventura,111,848112,81451,81300,3138,84438,1032
2021-06-22,Yolo,113,214977,14143,14157,364,14521,212
2021-06-22,Yuba,115,75493,6185,6181,133,6314,51
2021-06-21,Alameda,001,1643700,89220,89281,2080,91361,1262
2021-06-21,Alpine,003,1148,89,88,0,88,0
2021-06-21,Amador,005,37829,3748,3742,34,3776,46
2021-06-21,Butte,007,227075,12712,12668,1940,14608,195
2021-06-21,Calaveras,009,45235,2198,2194,15,2209,55
2021-06-21,Colusa,011,21464,1962,1970,328,2298,15
2021-06-21,Contra Costa,013,1133247,70758,70439,1386,71825,813
2021-06-21,Del Norte,015,27424,1431,1416,14,1430,8
2021-06-21,El Dorado,017,186661,10394,10375,789,11164,113
2021-06-21,Fresno,019,978130,102795,102971,9062,112033,1724
2021-06-21,Glenn,021,27897,2431,2433,583,3016,19
2021-06-21,Humboldt,023,135768,4482,4478,41,4519,42
2021-06-21,Imperial,025,180216,28647,28855,2910,31765,740
2021-06-21,Inyo,027,18085,1408,1405,4,1409,35
2021-06-21,Kern,029,883053,97483,96995,11523,108518,1342
2021-06-21,Kings,031,150075,23084,23091,1200,24291,245
2021-06-21,Lake,033,64148,3581,3563,13,3576,45
2021-06-21,Lassen,035,31185,5260,5233,120,5353,19
2021-06-21,Los Angeles,037,10098052,1207634,1205994,44065,1250059,24459
2021-06-21,Madera,039,155013,16715,16647,970,17617,240
2021-06-21,Marin,041,260295,14158,14173,273,14446,230
2021-06-21,Mariposa,043,17540,441,439,11,450,5
2021-06-21,Mendocino,045,87422,4154,4085,78,4163,49
2021-06-21,Merced,047,269075,31240,31264,1016,32280,465
2021-06-21,Modoc,049,8938,414,405,146,551,3
2021-06-21,Mono,051,14174,1255,1277,14,1291,3
2021-06-21,Monterey,053,433212,43207,43157,1937,45094,427
2021-06-21,Napa,055,140530,10016,10028,35,10063,80
2021-06-21,Nevada,057,99092,4946,4921,201,5122,72
2021-06-21,Orange,059,3164182,255883,255400,11884,267284,5113
2021-06-21,Placer,061,380077,23684,23577,1605,25182,298
2021-06-21,Plumas,063,18699,715,697,12,709,4
2021-06-21,Riverside,065,2383286,292849,289797,14699,304496,4456
2021-06-21,Sacramento,067,1510023,107873,107757,1882,109639,1669
2021-06-21,San Benito,069,59416,6085,6098,119,6217,63
2021-06-21,San Bernardino,071,2135413,293835,293736,9505,303241,4850
2021-06-21,San Diego,073,3302833,282378,281811,15251,297062,3771
2021-06-21,San Francisco,075,870044,36999,37275,1395,38670,556
2021-06-21,San Joaquin,077,732212,73791,73687,3811,77498,1405
2021-06-21,San Luis Obispo,079,281455,21351,21316,789,22105,257
2021-06-21,San Mateo,081,765935,42705,42685,497,43182,542
2021-06-21,Santa Barbara,083,443738,34674,34492,1243,35735,455
2021-06-21,Santa Clara,085,1922200,118923,120192,810,121002,2093
2021-06-21,Santa Cruz,087,273765,16254,16212,874,17086,208
2021-06-21,Shasta,089,179085,12552,12617,1680,14297,201
2021-06-21,Sierra,091,2930,60,57,14,71,0
2021-06-21,Siskiyou,093,43540,1948,1892,388,2280,27
2021-06-21,Solano,095,438530,33348,33383,574,33957,266
2021-06-21,Sonoma,097,501317,30831,30912,374,31286,314
2021-06-21,Stanislaus,099,539301,56926,56891,6257,63148,1017
2021-06-21,Sutter,101,95872,9635,9649,96,9745,113
2021-06-21,Tehama,103,63373,5114,5115,614,5729,63
2021-06-21,Trinity,105,12862,416,337,79,416,3
2021-06-21,Tulare,107,460477,49852,49689,9625,59314,849
2021-06-21,Tuolumne,109,53932,4115,4119,38,4157,63
2021-06-21,Ventura,111,848112,81423,81291,3134,84425,1031
2021-06-21,Yolo,113,214977,14137,14165,364,14529,212
2021-06-21,Yuba,115,75493,6184,6172,133,6305,51
2021-06-20,Alameda,001,1643700,89157,89255,2080,91335,1263
2021-06-20,Alpine,003,1148,89,88,0,88,0
2021-06-20,Amador,005,37829,3745,3740,34,3774,46
2021-06-20,Butte,007,227075,12705,12668,1939,14607,194
2021-06-20,Calaveras,009,45235,2196,2193,15,2208,55
2021-06-20,Colusa,011,21464,1962,1970,328,2298,15
2021-06-20,Contra Costa,013,1133247,70702,70401,1384,71785,813
2021-06-20,Del Norte,015,27424,1427,1416,14,1430,8
2021-06-20,El Dorado,017,186661,10380,10372,787,11159,113
2021-06-20,Fresno,019,978130,102755,102947,9058,112005,1724
2021-06-20,Glenn,021,27897,2431,2434,583,3017,19
2021-06-20,Humboldt,023,135768,4476,4472,41,4513,42
2021-06-20,Imperial,025,180216,28638,28855,2910,31765,740
2021-06-20,Inyo,027,18085,1407,1405,4,1409,35
2021-06-20,Kern,029,883053,97462,96985,11512,108497,1342
2021-06-20,Kings,031,150075,23079,23088,1198,24286,245
2021-06-20,Lake,033,64148,3579,3563,13,3576,45
2021-06-20,Lassen,035,31185,5257,5230,120,5350,19
2021-06-20,Los Angeles,037,10098052,1207337,1205874,44055,1249929,24456
2021-06-20,Madera,039,155013,16707,16638,968,17606,240
2021-06-20,Marin,041,260295,14155,14166,273,14439,230
2021-06-20,Mariposa,043,17540,439,439,11,450,5
2021-06-20,Mendocino,045,87422,4147,4080,78,4158,49
2021-06-20,Merced,047,269075,31227,31265,1016,32281,465
2021-06-20,Modoc,049,8938,414,405,146,551,3
2021-06-20,Mono,051,14174,1255,1275,14,1289,3
2021-06-20,Monterey,053,433212,43198,43156,1936,45092,427
2021-06-20,Napa,055,140530,10009,10026,34,10060,80
2021-06-20,Nevada,057,99092,4939,4919,201,5120,72
2021-06-20,Orange,059,3164182,255821,255377,11872,267249,5113
2021-06-20,Placer,061,380077,23651,23562,1601,25163,298
2021-06-20,Plumas,063,18699,714,697,12,709,4
2021-06-20,Riverside,065,2383286,292773,289770,14689,304459,4456
2021-06-20,Sacramento,067,1510023,107762,107700,1879,109579,1669
2021-06-20,San Benito,069,59416,6085,6098,119,6217,63
2021-06-20,San Bernardino,071,2135413,293735,293713,9501,303214,4845
2021-06-20,San Diego,073,3302833,282272,281750,15229,296979,3771
2021-06-20,San Francisco,075,870044,36977,37269,1395,38664,556
2021-06-20,San Joaquin,077,732212,73746,73676,3802,77478,1405
2021-06-20,San Luis Obispo,079,281455,21349,21313,789,22102,257
2021-06-20,San Mateo,081,765935,42676,42681,497,43178,542
2021-06-20,Santa Barbara,083,443738,34665,34487,1243,35730,455
2021-06-20,Santa Clara,085,1922200,118888,120163,810,120973,2093
2021-06-20,Santa Cruz,087,273765,16249,16210,874,17084,208
2021-06-20,Shasta,089,179085,12547,12617,1678,14295,201
2021-06-20,Sierra,091,2930,60,57,14,71,0
2021-06-20,Siskiyou,093,43540,1947,1891,388,2279,27
2021-06-20,Solano,095,438530,33326,33361,572,33933,266
2021-06-20,Sonoma,097,501317,30785,30884,370,31254,314
2021-06-20,Stanislaus,099,539301,56892,56868,6256,63124,1017
2021-06-20,Sutter,101,95872,9632,9645,96,9741,113
2021-06-20,Tehama,103,63373,5110,5115,614,5729,63
2021-06-20,Trinity,105,12862,416,337,79,416,3
2021-06-20,Tulare,107,460477,49843,49685,9623,59308,849
2021-06-20,Tuolumne,109,53932,4112,4117,38,4155,63
2021-06-20,Ventura,111,848112,81407,81282,3132,84414,1031
2021-06-20,Yolo,113,214977,14130,14160,364,14524,212
2021-06-20,Yuba,115,75493,6177,6167,133,6300,51
2021-06-19,Alameda,001,1643700,89124,89202,2080,91282,1263
2021-06-19,Alpine,003,1148,89,88,0,88,0
2021-06-19,Amador,005,37829,3743,3739,34,3773,46
2021-06-19,Butte,007,227075,12701,12659,1939,14598,194
2021-06-19,Calaveras,009,45235,2196,2192,15,2207,55
2021-06-19,Colusa,011,21464,1962,1969,328,2297,15
2021-06-19,Contra Costa,013,1133247,70671,70334,1383,71717,813
2021-06-19,Del Norte,015,27424,1426,1416,14,1430,8
2021-06-19,El Dorado,017,186661,10379,10363,786,11149,113
2021-06-19,Fresno,019,978130,102742,102922,9055,111977,1724
2021-06-19,Glenn,021,27897,2430,2434,582,3016,19
2021-06-19,Humboldt,023,135768,4465,4463,41,4504,42
2021-06-19,Imperial,025,180216,28637,28813,2910,31723,740
2021-06-19,Inyo,027,18085,1407,1405,4,1409,35
2021-06-19,Kern,029,883053,97446,96966,11508,108474,1342
2021-06-19,Kings,031,150075,23076,23086,1198,24284,245
2021-06-19,Lake,033,64148,3575,3563,13,3576,45
2021-06-19,Lassen,035,31185,5256,5225,120,5345,19
2021-06-19,Los Angeles,037,10098052,1207140,1205602,44040,1249642,24454
2021-06-19,Madera,039,155013,16705,16632,968,17600,240
2021-06-19,Marin,041,260295,14147,14152,273,14425,230
2021-06-19,Mariposa,043,17540,439,439,11,450,5
2021-06-19,Mendocino,045,87422,4141,4077,78,4155,49
2021-06-19,Merced,047,269075,31225,31256,1016,32272,465
2021-06-19,Modoc,049,8938,413,402,146,548,3
2021-06-19,Mono,051,14174,1255,1275,14,1289,3
2021-06-19,Monterey,053,433212,43192,43153,1936,45089,427
2021-06-19,Napa,055,140530,10005,10025,34,10059,80
2021-06-19,Nevada,057,99092,4934,4910,201,5111,72
2021-06-19,Orange,059,3164182,255776,255329,11868,267197,5112
2021-06-19,Placer,061,380077,23635,23537,1598,25135,298
2021-06-19,Plumas,063,18699,713,697,12,709,4
2021-06-19,Riverside,065,2383286,292727,289720,14689,304409,4456
2021-06-19,Sacramento,067,1510023,107716,107631,1876,109507,1669
2021-06-19,San Benito,069,59416,6084,6098,119,6217,63
2021-06-19,San Bernardino,071,2135413,293691,293673,9498,303171,4844
2021-06-19,San Diego,073,3302833,282212,281682,15215,296897,3771
2021-06-19,San Francisco,075,870044,36965,37256,1394,38650,556
2021-06-19,San Joaquin,077,732212,73730,73652,3798,77450,1405
2021-06-19,San Luis Obispo,079,281455,21347,21308,789,22097,257
2021-06-19,San Mateo,081,765935,42658,42646,495,43141,542
2021-06-19,Santa Barbara,083,443738,34663,34472,1243,35715,455
2021-06-19,Santa Clara,085,1922200,118865,120110,809,120919,2093
2021-06-19,Santa Cruz,087,273765,16244,16206,874,17080,208
2021-06-19,Shasta,089,179085,12545,12615,1677,14292,201
2021-06-19,Sierra,091,2930,60,57,14,71,0
2021-06-19,Siskiyou,093,43540,1947,1891,387,2278,27
2021-06-19,Solano,095,438530,33316,33341,571,33912,266
2021-06-19,Sonoma,097,501317,30744,30841,369,31210,314
2021-06-19,Stanislaus,099,539301,56873,56847,6253,63100,1017
2021-06-19,Sutter,101,95872,9629,9645,96,9741,113
2021-06-19,Tehama,103,63373,5109,5115,614,5729,63
2021-06-19,Trinity,105,12862,416,337,79,416,3
2021-06-19,Tulare,107,460477,49836,49681,9618,59299,849
2021-06-19,Tuolumne,109,53932,4112,4117,38,4155,63
2021-06-19,Ventura,111,848112,81394,81270,3131,84401,1031
2021-06-19,Yolo,113,214977,14126,14156,363,14519,212
2021-06-19,Yuba,115,75493,6176,6157,133,6290,51
2021-06-18,Alameda,001,1643700,89087,89123,2080,91203,1263
2021-06-18,Alpine,003,1148,89,88,0,88,0
2021-06-18,Amador,005,37829,3743,3739,34,3773,46
2021-06-18,Butte,007,227075,12698,12653,1936,14589,194
2021-06-18,Calaveras,009,45235,2196,2191,15,2206,55
2021-06-18,Colusa,011,21464,1961,1969,328,2297,15
2021-06-18,Contra Costa,013,1133247,70629,70271,1381,71652,813
2021-06-18,Del Norte,015,27424,1426,1415,14,1429,8
2021-06-18,El Dorado,017,186661,10376,10348,784,11132,113
2021-06-18,Fresno,019,978130,102726,102894,9053,111947,1722
2021-06-18,Glenn,021,27897,2429,2430,582,3012,19
2021-06-18,Humboldt,023,135768,4457,4450,41,4491,42
2021-06-18,Imperial,025,180216,28635,28809,2910,31719,740
2021-06-18,Inyo,027,18085,1407,1405,4,1409,35
2021-06-18,Kern,029,883053,97435,96948,11502,108450,1341
2021-06-18,Kings,031,150075,23071,23082,1198,24280,245
2021-06-18,Lake,033,64148,3571,3563,13,3576,45
2021-06-18,Lassen,035,31185,5255,5224,120,5344,19
2021-06-18,Los Angeles,037,10098052,1206985,1205472,44022,1249494,24451
2021-06-18,Madera,039,155013,16699,16625,968,17593,241
2021-06-18,Marin,041,260295,14144,14147,273,14420,230
2021-06-18,Mariposa,043,17540,439,439,11,450,5
2021-06-18,Mendocino,045,87422,4136,4068,78,4146,49
2021-06-18,Merced,047,269075,31223,31262,1016,32278,464
2021-06-18,Modoc,049,8938,413,402,146,548,3
2021-06-18,Mono,051,14174,1254,1275,13,1288,3
2021-06-18,Monterey,053,433212,43189,43148,1936,45084,427
2021-06-18,Napa,055,140530,10001,10021,34,10055,80
2021-06-18,Nevada,057,99092,4926,4903,201,5104,72
2021-06-18,Orange,059,3164182,255740,255274,11865,267139,5108
2021-06-18,Placer,061,380077,23627,23500,1595,25095,298
2021-06-18,Plumas,063,18699,713,697,12,709,4
2021-06-18,Riverside,065,2383286,292679,289676,14688,304364,4457
2021-06-18,Sacramento,067,1510023,107668,107570,1876,109446,1669
2021-06-18,San Benito,069,59416,6083,6097,119,6216,63
2021-06-18,San Bernardino,071,2135413,293647,293629,9493,303122,4826
2021-06-18,San Diego,073,3302833,282136,281608,15204,296812,3771
2021-06-18,San Francisco,075,870044,36956,37246,1394,38640,556
2021-06-18,San Joaquin,077,732212,73712,73623,3796,77419,1403
2021-06-18,San Luis Obispo,079,281455,21343,21301,788,22089,257
2021-06-18,San Mateo,081,765935,42647,42630,494,43124,542
2021-06-18,Santa Barbara,083,443738,34653,34469,1243,35712,455
2021-06-18,Santa Clara,085,1922200,118844,120081,808,120889,2093
2021-06-18,Santa Cruz,087,273765,16240,16202,874,17076,208
2021-06-18,Shasta,089,179085,12541,12607,1675,14282,201
2021-06-18,Sierra,091,2930,59,57,14,71,0
2021-06-18,Siskiyou,093,43540,1947,1890,387,2277,27
2021-06-18,Solano,095,438530,33302,33323,571,33894,266
2021-06-18,Sonoma,097,501317,30727,30816,367,31183,313
2021-06-18,Stanislaus,099,539301,56858,56803,6251,63054,1012
2021-06-18,Sutter,101,95872,9626,9643,96,9739,113
2021-06-18,Tehama,103,63373,5107,5114,614,5728,63
2021-06-18,Trinity,105,12862,416,337,78,415,3
2021-06-18,Tulare,107,460477,49834,49664,9611,59275,849
2021-06-18,Tuolumne,109,53932,4110,4116,38,4154,63
2021-06-18,Ventura,111,848112,81384,81256,3126,84382,1031
2021-06-18,Yolo,113,214977,14123,14148,361,14509,212
2021-06-18,Yuba,115,75493,6170,6150,133,6283,51
2021-06-17,Alameda,001,1643700,89041,89087,2080,91167,1262
2021-06-17,Alpine,003,1148,89,88,0,88,0
2021-06-17,Amador,005,37829,3741,3731,34,3765,46
2021-06-17,Butte,007,227075,12688,12644,1935,14579,194
2021-06-17,Calaveras,009,45235,2195,2189,15,2204,55
2021-06-17,Colusa,011,21464,1960,1969,328,2297,15
2021-06-17,Contra Costa,013,1133247,70590,70190,1378,71568,810
2021-06-17,Del Norte,015,27424,1424,1413,14,1427,8
2021-06-17,El Dorado,017,186661,10366,10341,784,11125,113
2021-06-17,Fresno,019,978130,102700,102867,9049,111916,1722
2021-06-17,Glenn,021,27897,2429,2430,582,3012,19
2021-06-17,Humboldt,023,135768,4448,4438,41,4479,42
2021-06-17,Imperial,025,180216,28627,28801,2910,31711,741
2021-06-17,Inyo,027,18085,1407,1405,4,1409,35
2021-06-17,Kern,029,883053,97421,96840,11495,108335,1340
2021-06-17,Kings,031,150075,23067,23078,1197,24275,245
2021-06-17,Lake,033,64148,3568,3563,9,3572,45
2021-06-17,Lassen,035,31185,5251,5223,120,5343,19
2021-06-17,Los Angeles,037,10098052,1206775,1205301,43992,1249293,24444
2021-06-17,Madera,039,155013,16694,16618,968,17586,241
2021-06-17,Marin,041,260295,14144,14141,273,14414,229
2021-06-17,Mariposa,043,17540,439,439,11,450,5
2021-06-17,Mendocino,045,87422,4129,4054,78,4132,49
2021-06-17,Merced,047,269075,31218,31262,1016,32278,464
2021-06-17,Modoc,049,8938,412,401,146,547,3
2021-06-17,Mono,051,14174,1253,1275,13,1288,3
2021-06-17,Monterey,053,433212,43181,43140,1936,45076,416
2021-06-17,Napa,055,140530,10001,10014,34,10048,80
2021-06-17,Nevada,057,99092,4922,4898,201,5099,72
2021-06-17,Orange,059,3164182,255696,255240,11853,267093,5109
2021-06-17,Placer,061,380077,23611,23461,1593,25054,298
2021-06-17,Plumas,063,18699,712,697,12,709,4
2021-06-17,Riverside,065,2383286,292626,289627,14685,304312,4458
2021-06-17,Sacramento,067,1510023,107604,107492,1874,109366,1666
2021-06-17,San Benito,069,59416,6083,6097,119,6216,63
2021-06-17,San Bernardino,071,2135413,293607,293560,9493,303053,4811
2021-06-17,San Diego,073,3302833,282060,281531,15190,296721,3771
2021-06-17,San Francisco,075,870044,36945,37243,1393,38636,556
2021-06-17,San Joaquin,077,732212,73688,73560,3791,77351,1403
2021-06-17,San Luis Obispo,079,281455,21341,21297,788,22085,257
2021-06-17,San Mateo,081,765935,42641,42615,494,43109,542
2021-06-17,Santa Barbara,083,443738,34647,34466,1243,35709,453
2021-06-17,Santa Clara,085,1922200,118819,120032,807,120839,2093
2021-06-17,Santa Cruz,087,273765,16236,16197,874,17071,208
2021-06-17,Shasta,089,179085,12533,12597,1675,14272,201
2021-06-17,Sierra,091,2930,59,56,14,70,0
2021-06-17,Siskiyou,093,43540,1946,1889,387,2276,27
2021-06-17,Solano,095,438530,33281,33296,570,33866,266
2021-06-17,Sonoma,097,501317,30696,30793,367,31160,323
2021-06-17,Stanislaus,099,539301,56827,56752,6245,62997,1012
2021-06-17,Sutter,101,95872,9623,9629,96,9725,113
2021-06-17,Tehama,103,63373,5106,5112,612,5724,63
2021-06-17,Trinity,105,12862,415,337,78,415,3
2021-06-17,Tulare,107,460477,49829,49649,9603,59252,849
2021-06-17,Tuolumne,109,53932,4109,4116,38,4154,63
2021-06-17,Ventura,111,848112,81375,81248,3123,84371,1030
2021-06-17,Yolo,113,214977,14115,14141,361,14502,212
2021-06-17,Yuba,115,75493,6161,6140,133,6273,51
2021-06-16,Alameda,001,1643700,88990,89045,2076,91121,1265
2021-06-16,Alpine,003,1148,89,88,0,88,0
2021-06-16,Amador,005,37829,3740,3730,34,3764,46
2021-06-16,Butte,007,227075,12686,12635,1933,14568,194
2021-06-16,Calaveras,009,45235,2193,2188,15,2203,55
2021-06-16,Colusa,011,21464,1960,1967,328,2295,15
2021-06-16,Contra Costa,013,1133247,70538,70136,1377,71513,810
2021-06-16,Del Norte,015,27424,1421,1413,14,1427,8
2021-06-16,El Dorado,017,186661,10360,10334,783,11117,113
2021-06-16,Fresno,019,978130,102670,102842,9045,111887,1722
2021-06-16,Glenn,021,27897,2429,2430,582,3012,19
2021-06-16,Humboldt,023,135768,4439,4427,40,4467,42
2021-06-16,Imperial,025,180216,28624,28796,2910,31706,741
2021-06-16,Inyo,027,18085,1406,1405,4,1409,35
2021-06-16,Kern,029,883053,97400,96789,11486,108275,1339
2021-06-16,Kings,031,150075,23066,23072,1196,24268,245
2021-06-16,Lake,033,64148,3568,3562,9,3571,45
2021-06-16,Lassen,035,31185,5248,5216,120,5336,19
2021-06-16,Los Angeles,037,10098052,1206552,1205102,43980,1249082,24439
2021-06-16,Madera,039,155013,16690,16603,968,17571,240
2021-06-16,Marin,041,260295,14142,14137,273,14410,229
2021-06-16,Mariposa,043,17540,439,437,11,448,5
2021-06-16,Mendocino,045,87422,4121,4041,78,4119,49
2021-06-16,Merced,047,269075,31210,31250,1016,32266,463
2021-06-16,Modoc,049,8938,411,383,145,528,3
2021-06-16,Mono,051,14174,1253,1275,13,1288,3
2021-06-16,Monterey,053,433212,43178,43122,1936,45058,416
2021-06-16,Napa,055,140530,9997,10011,34,10045,80
2021-06-16,Nevada,057,99092,4917,4894,201,5095,72
2021-06-16,Orange,059,3164182,255647,255188,11846,267034,5109
2021-06-16,Placer,061,380077,23602,23425,1589,25014,298
2021-06-16,Plumas,063,18699,712,697,12,709,4
2021-06-16,Riverside,065,2383286,292565,289539,14683,304222,4457
2021-06-16,Sacramento,067,1510023,107534,107422,1870,109292,1665
2021-06-16,San Benito,069,59416,6083,6090,119,6209,63
2021-06-16,San Bernardino,071,2135413,293558,293499,9491,302990,4797
2021-06-16,San Diego,073,3302833,281982,281423,15177,296600,3770
2021-06-16,San Francisco,075,870044,36932,37222,1391,38613,555
2021-06-16,San Joaquin,077,732212,73651,73530,3787,77317,1399
2021-06-16,San Luis Obispo,079,281455,21336,21294,788,22082,257
2021-06-16,San Mateo,081,765935,42625,42601,494,43095,542
2021-06-16,Santa Barbara,083,443738,34641,34459,1243,35702,460
2021-06-16,Santa Clara,085,1922200,118787,119982,807,120789,2087
2021-06-16,Santa Cruz,087,273765,16233,16187,874,17061,208
2021-06-16,Shasta,089,179085,12528,12592,1674,14266,200
2021-06-16,Sierra,091,2930,59,56,14,70,0
2021-06-16,Siskiyou,093,43540,1945,1886,387,2273,26
2021-06-16,Solano,095,438530,33253,33276,570,33846,266
2021-06-16,Sonoma,097,501317,30660,30741,367,31108,323
2021-06-16,Stanislaus,099,539301,56796,56738,6243,62981,984
2021-06-16,Sutter,101,95872,9619,9620,96,9716,113
2021-06-16,Tehama,103,63373,5104,5106,612,5718,63
2021-06-16,Trinity,105,12862,414,332,78,410,3
2021-06-16,Tulare,107,460477,49824,49578,9599,59177,849
2021-06-16,Tuolumne,109,53932,4109,4110,38,4148,63
2021-06-16,Ventura,111,848112,81361,81229,3121,84350,1029
2021-06-16,Yolo,113,214977,14106,14135,360,14495,212
2021-06-16,Yuba,115,75493,6151,6134,133,6267,51
2021-06-15,Alameda,001,1643700,88948,89008,2076,91084,1262
2021-06-15,Alpine,003,1148,89,88,0,88,0
2021-06-15,Amador,005,37829,3737,3723,34,3757,46
2021-06-15,Butte,007,227075,12678,12620,1932,14552,194
2021-06-15,Calaveras,009,45235,2191,2188,15,2203,55
2021-06-15,Colusa,011,21464,1960,1967,326,2293,15
2021-06-15,Contra Costa,013,1133247,70476,70101,1377,71478,810
2021-06-15,Del Norte,015,27424,1420,1411,14,1425,8
2021-06-15,El Dorado,017,186661,10351,10330,783,11113,113
2021-06-15,Fresno,019,978130,102639,102828,9044,111872,1722
2021-06-15,Glenn,021,27897,2428,2426,582,3008,19
2021-06-15,Humboldt,023,135768,4430,4414,39,4453,42
2021-06-15,Imperial,025,180216,28618,28789,2910,31699,741
2021-06-15,Inyo,027,18085,1406,1405,4,1409,35
2021-06-15,Kern,029,883053,97372,96782,11477,108259,1338
2021-06-15,Kings,031,150075,23060,23070,1194,24264,245
2021-06-15,Lake,033,64148,3567,3559,9,3568,45
2021-06-15,Lassen,035,31185,5247,5211,120,5331,19
2021-06-15,Los Angeles,037,10098052,1206324,1204926,43971,1248897,24435
2021-06-15,Madera,039,155013,16683,16600,967,17567,240
2021-06-15,Marin,041,260295,14134,14135,273,14408,229
2021-06-15,Mariposa,043,17540,439,437,11,448,5
2021-06-15,Mendocino,045,87422,4114,4034,78,4112,49
2021-06-15,Merced,047,269075,31204,31244,1016,32260,461
2021-06-15,Modoc,049,8938,410,383,145,528,3
2021-06-15,Mono,051,14174,1253,1275,13,1288,3
2021-06-15,Monterey,053,433212,43172,43118,1936,45054,416
2021-06-15,Napa,055,140530,9995,10010,34,10044,80
2021-06-15,Nevada,057,99092,4914,4888,201,5089,72
2021-06-15,Orange,059,3164182,255610,255127,11837,266964,5105
2021-06-15,Placer,061,380077,23580,23396,1588,24984,298
2021-06-15,Plumas,063,18699,711,697,12,709,4
2021-06-15,Riverside,065,2383286,292508,289508,14679,304187,4455
2021-06-15,Sacramento,067,1510023,107459,107370,1863,109233,1662
2021-06-15,San Benito,069,59416,6082,6089,119,6208,63
2021-06-15,San Bernardino,071,2135413,293508,293463,9486,302949,4790
2021-06-15,San Diego,073,3302833,281898,281375,15162,296537,3770
2021-06-15,San Francisco,075,870044,36923,37210,1390,38600,555
2021-06-15,San Joaquin,077,732212,73611,73494,3782,77276,1399
2021-06-15,San Luis Obispo,079,281455,21331,21293,787,22080,257
2021-06-15,San Mateo,081,765935,42612,42593,494,43087,543
2021-06-15,Santa Barbara,083,443738,34636,34451,1243,35694,460
2021-06-15,Santa Clara,085,1922200,118749,119963,807,120770,2086
2021-06-15,Santa Cruz,087,273765,16226,16180,874,17054,208
2021-06-15,Shasta,089,179085,12522,12583,1674,14257,201
2021-06-15,Sierra,091,2930,58,55,14,69,0
2021-06-15,Siskiyou,093,43540,1944,1887,387,2274,26
2021-06-15,Solano,095,438530,33234,33264,570,33834,266
2021-06-15,Sonoma,097,501317,30621,30707,366,31073,323
2021-06-15,Stanislaus,099,539301,56767,56724,6239,62963,979
2021-06-15,Sutter,101,95872,9610,9616,96,9712,113
2021-06-15,Tehama,103,63373,5102,5102,612,5714,63
2021-06-15,Trinity,105,12862,413,332,78,410,3
2021-06-15,Tulare,107,460477,49818,49561,9595,59156,848
2021-06-15,Tuolumne,109,53932,4109,4111,38,4149,63
2021-06-15,Ventura,111,848112,81350,81215,3118,84333,1029
2021-06-15,Yolo,113,214977,14102,14127,358,14485,212
2021-06-15,Yuba,115,75493,6140,6130,133,6263,51
2021-06-14,Alameda,001,1643700,88898,88966,2075,91041,1264
2021-06-14,Alpine,003,1148,89,88,0,88,0
2021-06-14,Amador,005,37829,3736,3722,34,3756,46
2021-06-14,Butte,007,227075,12667,12613,1928,14541,194
2021-06-14,Calaveras,009,45235,2189,2190,15,2205,55
2021-06-14,Colusa,011,21464,1959,1966,326,2292,15
2021-06-14,Contra Costa,013,1133247,70423,70069,1375,71444,810
2021-06-14,Del Norte,015,27424,1420,1411,14,1425,8
2021-06-14,El Dorado,017,186661,10342,10327,782,11109,113
2021-06-14,Fresno,019,978130,102617,102812,9043,111855,1719
2021-06-14,Glenn,021,27897,2428,2426,582,3008,19
2021-06-14,Humboldt,023,135768,4422,4407,38,4445,42
2021-06-14,Imperial,025,180216,28606,28836,2910,31746,741
2021-06-14,Inyo,027,18085,1405,1405,4,1409,35
2021-06-14,Kern,029,883053,97353,96760,11466,108226,1337
2021-06-14,Kings,031,150075,23058,23071,1192,24263,245
2021-06-14,Lake,033,64148,3566,3557,9,3566,45
2021-06-14,Lassen,035,31185,5244,5209,119,5328,19
2021-06-14,Los Angeles,037,10098052,1206090,1204748,43961,1248709,24434
2021-06-14,Madera,039,155013,16677,16597,966,17563,240
2021-06-14,Marin,041,260295,14132,14133,273,14406,229
2021-06-14,Mariposa,043,17540,438,437,11,448,5
2021-06-14,Mendocino,045,87422,4108,4028,78,4106,49
2021-06-14,Merced,047,269075,31195,31241,1015,32256,461
2021-06-14,Modoc,049,8938,401,382,143,525,3
2021-06-14,Mono,051,14174,1253,1275,13,1288,3
2021-06-14,Monterey,053,433212,43169,43110,1936,45046,415
2021-06-14,Napa,055,140530,9991,10000,34,10034,80
2021-06-14,Nevada,057,99092,4907,4885,201,5086,72
2021-06-14,Orange,059,3164182,255572,255069,11833,266902,5103
2021-06-14,Placer,061,380077,23555,23379,1587,24966,298
2021-06-14,Plumas,063,18699,711,696,12,708,4
2021-06-14,Riverside,065,2383286,292457,289476,14677,304153,4453
2021-06-14,Sacramento,067,1510023,107406,107334,1857,109191,1661
2021-06-14,San Benito,069,59416,6082,6087,119,6206,63
2021-06-14,San Bernardino,071,2135413,293452,293446,9482,302928,4790
2021-06-14,San Diego,073,3302833,281792,281314,15142,296456,3770
2021-06-14,San Francisco,075,870044,36910,37206,1390,38596,555
2021-06-14,San Joaquin,077,732212,73582,73453,3782,77235,1398
2021-06-14,San Luis Obispo,079,281455,21329,21302,787,22089,256
2021-06-14,San Mateo,081,765935,42598,42619,493,43112,543
2021-06-14,Santa Barbara,083,443738,34633,34449,1243,35692,460
2021-06-14,Santa Clara,085,1922200,118718,119957,806,120763,2085
2021-06-14,Santa Cruz,087,273765,16224,16175,874,17049,208
2021-06-14,Shasta,089,179085,12512,12561,1671,14232,201
2021-06-14,Sierra,091,2930,57,55,14,69,0
2021-06-14,Siskiyou,093,43540,1944,1886,387,2273,26
2021-06-14,Solano,095,438530,33217,33243,569,33812,266
2021-06-14,Sonoma,097,501317,30589,30679,365,31044,323
2021-06-14,Stanislaus,099,539301,56730,56689,6236,62925,975
2021-06-14,Sutter,101,95872,9607,9607,96,9703,112
2021-06-14,Tehama,103,63373,5100,5102,612,5714,63
2021-06-14,Trinity,105,12862,413,332,78,410,3
2021-06-14,Tulare,107,460477,49814,49538,9591,59129,848
2021-06-14,Tuolumne,109,53932,4106,4108,38,4146,63
2021-06-14,Ventura,111,848112,81340,81209,3118,84327,1028
2021-06-14,Yolo,113,214977,14094,14123,358,14481,212
2021-06-14,Yuba,115,75493,6133,6127,133,6260,50
2021-06-13,Alameda,001,1643700,88842,88947,2073,91020,1264
2021-06-13,Alpine,003,1148,88,88,0,88,0
2021-06-13,Amador,005,37829,3732,3721,34,3755,46
2021-06-13,Butte,007,227075,12656,12586,1925,14511,194
2021-06-13,Calaveras,009,45235,2189,2189,15,2204,55
2021-06-13,Colusa,011,21464,1959,1965,325,2290,15
2021-06-13,Contra Costa,013,1133247,70369,70040,1373,71413,810
2021-06-13,Del Norte,015,27424,1418,1412,14,1426,8
2021-06-13,El Dorado,017,186661,10333,10324,782,11106,113
2021-06-13,Fresno,019,978130,102587,102795,9038,111833,1719
2021-06-13,Glenn,021,27897,2427,2425,580,3005,19
2021-06-13,Humboldt,023,135768,4409,4401,38,4439,42
2021-06-13,Imperial,025,180216,28597,28800,2910,31710,741
2021-06-13,Inyo,027,18085,1405,1405,4,1409,35
2021-06-13,Kern,029,883053,97330,96743,11453,108196,1337
2021-06-13,Kings,031,150075,23053,23069,1191,24260,245
2021-06-13,Lake,033,64148,3566,3556,9,3565,45
2021-06-13,Lassen,035,31185,5239,5209,119,5328,19
2021-06-13,Los Angeles,037,10098052,1205830,1204614,43948,1248562,24433
2021-06-13,Madera,039,155013,16663,16590,966,17556,240
2021-06-13,Marin,041,260295,14126,14126,273,14399,229
2021-06-13,Mariposa,043,17540,438,434,11,445,5
2021-06-13,Mendocino,045,87422,4101,4026,78,4104,49
2021-06-13,Merced,047,269075,31189,31240,1014,32254,461
2021-06-13,Modoc,049,8938,399,382,141,523,3
2021-06-13,Mono,051,14174,1253,1275,13,1288,3
2021-06-13,Monterey,053,433212,43161,43108,1936,45044,415
2021-06-13,Napa,055,140530,9985,9995,34,10029,80
2021-06-13,Nevada,057,99092,4902,4883,201,5084,72
2021-06-13,Orange,059,3164182,255519,255043,11831,266874,5103
2021-06-13,Placer,061,380077,23529,23365,1585,24950,295
2021-06-13,Plumas,063,18699,710,696,12,708,4
2021-06-13,Riverside,065,2383286,292390,289447,14674,304121,4453
2021-06-13,Sacramento,067,1510023,107330,107289,1854,109143,1658
2021-06-13,San Benito,069,59416,6082,6086,119,6205,63
2021-06-13,San Bernardino,071,2135413,293403,293416,9476,302892,4788
2021-06-13,San Diego,073,3302833,281713,281268,15126,296394,3770
2021-06-13,San Francisco,075,870044,36899,37197,1390,38587,555
2021-06-13,San Joaquin,077,732212,73550,73438,3779,77217,1398
2021-06-13,San Luis Obispo,079,281455,21323,21298,786,22084,256
2021-06-13,San Mateo,081,765935,42585,42611,493,43104,542
2021-06-13,Santa Barbara,083,443738,34622,34449,1242,35691,460
2021-06-13,Santa Clara,085,1922200,118694,119946,806,120752,2085
2021-06-13,Santa Cruz,087,273765,16217,16172,874,17046,208
2021-06-13,Shasta,089,179085,12503,12560,1670,14230,201
2021-06-13,Sierra,091,2930,57,55,14,69,0
2021-06-13,Siskiyou,093,43540,1943,1885,387,2272,26
2021-06-13,Solano,095,438530,33195,33234,569,33803,266
2021-06-13,Sonoma,097,501317,30554,30663,363,31026,323
2021-06-13,Stanislaus,099,539301,56703,56671,6235,62906,975
2021-06-13,Sutter,101,95872,9600,9603,96,9699,112
2021-06-13,Tehama,103,63373,5098,5100,612,5712,63
2021-06-13,Trinity,105,12862,412,332,78,410,3
2021-06-13,Tulare,107,460477,49805,49537,9586,59123,848
2021-06-13,Tuolumne,109,53932,4104,4107,37,4144,63
2021-06-13,Ventura,111,848112,81326,81201,3118,84319,1028
2021-06-13,Yolo,113,214977,14087,14120,356,14476,212
2021-06-13,Yuba,115,75493,6126,6125,133,6258,50
2021-06-12,Alameda,001,1643700,88813,88901,2073,90974,1271
2021-06-12,Alpine,003,1148,88,88,0,88,0
2021-06-12,Amador,005,37829,3731,3721,34,3755,46
2021-06-12,Butte,007,227075,12652,12576,1925,14501,194
2021-06-12,Calaveras,009,45235,2189,2189,15,2204,55
2021-06-12,Colusa,011,21464,1959,1965,325,2290,15
2021-06-12,Contra Costa,013,1133247,70338,69989,1370,71359,810
2021-06-12,Del Norte,015,27424,1418,1412,14,1426,8
2021-06-12,El Dorado,017,186661,10328,10320,781,11101,113
2021-06-12,Fresno,019,978130,102577,102783,9037,111820,1720
2021-06-12,Glenn,021,27897,2425,2425,580,3005,19
2021-06-12,Humboldt,023,135768,4401,4396,38,4434,42
2021-06-12,Imperial,025,180216,28594,28799,2910,31709,741
2021-06-12,Inyo,027,18085,1405,1405,4,1409,35
2021-06-12,Kern,029,883053,97315,96731,11449,108180,1337
2021-06-12,Kings,031,150075,23051,23067,1191,24258,245
2021-06-12,Lake,033,64148,3565,3552,9,3561,45
2021-06-12,Lassen,035,31185,5239,5208,119,5327,19
2021-06-12,Los Angeles,037,10098052,1205693,1204439,43941,1248380,24434
2021-06-12,Madera,039,155013,16659,16586,966,17552,240
2021-06-12,Marin,041,260295,14123,14121,273,14394,229
2021-06-12,Mariposa,043,17540,438,434,11,445,5
2021-06-12,Mendocino,045,87422,4098,4024,78,4102,49
2021-06-12,Merced,047,269075,31186,31236,1014,32250,461
2021-06-12,Modoc,049,8938,398,382,141,523,3
2021-06-12,Mono,051,14174,1253,1275,13,1288,3
2021-06-12,Monterey,053,433212,43156,43103,1936,45039,415
2021-06-12,Napa,055,140530,9981,9986,34,10020,80
2021-06-12,Nevada,057,99092,4896,4878,201,5079,72
2021-06-12,Orange,059,3164182,255490,255004,11829,266833,5103
2021-06-12,Placer,061,380077,23510,23345,1585,24930,295
2021-06-12,Plumas,063,18699,710,696,12,708,4
2021-06-12,Riverside,065,2383286,292348,289413,14671,304084,4453
2021-06-12,Sacramento,067,1510023,107270,107199,1851,109050,1658
2021-06-12,San Benito,069,59416,6080,6083,119,6202,63
2021-06-12,San Bernardino,071,2135413,293369,293375,9474,302849,4788
2021-06-12,San Diego,073,3302833,281656,281203,15117,296320,3770
2021-06-12,San Francisco,075,870044,36889,37189,1390,38579,555
2021-06-12,San Joaquin,077,732212,73531,73413,3778,77191,1398
2021-06-12,San Luis Obispo,079,281455,21320,21293,786,22079,256
2021-06-12,San Mateo,081,765935,42580,42604,493,43097,542
2021-06-12,Santa Barbara,083,443738,34618,34450,1242,35692,460
2021-06-12,Santa Clara,085,1922200,118654,119894,806,120700,2085
2021-06-12,Santa Cruz,087,273765,16209,16170,874,17044,208
2021-06-12,Shasta,089,179085,12500,12556,1669,14225,201
2021-06-12,Sierra,091,2930,57,55,14,69,0
2021-06-12,Siskiyou,093,43540,1942,1884,387,2271,25
2021-06-12,Solano,095,438530,33186,33219,569,33788,266
2021-06-12,Sonoma,097,501317,30526,30647,362,31009,323
2021-06-12,Stanislaus,099,539301,56686,56649,6234,62883,974
2021-06-12,Sutter,101,95872,9596,9603,96,9699,112
2021-06-12,Tehama,103,63373,5098,5099,611,5710,63
2021-06-12,Trinity,105,12862,412,332,78,410,3
2021-06-12,Tulare,107,460477,49800,49533,9579,59112,848
2021-06-12,Tuolumne,109,53932,4103,4105,37,4142,63
2021-06-12,Ventura,111,848112,81314,81197,3118,84315,1028
2021-06-12,Yolo,113,214977,14084,14118,354,14472,212
2021-06-12,Yuba,115,75493,6121,6120,133,6253,50
2021-06-11,Alameda,001,1643700,88785,88844,2073,90917,1278
2021-06-11,Alpine,003,1148,88,88,0,88,0
2021-06-11,Amador,005,37829,3731,3710,34,3744,46
2021-06-11,Butte,007,227075,12648,12576,1923,14499,194
2021-06-11,Calaveras,009,45235,2189,2188,15,2203,55
2021-06-11,Colusa,011,21464,1958,1964,325,2289,15
2021-06-11,Contra Costa,013,1133247,70305,69940,1368,71308,808
2021-06-11,Del Norte,015,27424,1418,1409,14,1423,8
2021-06-11,El Dorado,017,186661,10325,10316,781,11097,113
2021-06-11,Fresno,019,978130,102559,102770,9036,111806,1720
2021-06-11,Glenn,021,27897,2425,2425,580,3005,19
2021-06-11,Humboldt,023,135768,4397,4389,38,4427,42
2021-06-11,Imperial,025,180216,28589,28793,2910,31703,741
2021-06-11,Inyo,027,18085,1405,1405,4,1409,35
2021-06-11,Kern,029,883053,97303,96718,11445,108163,1340
2021-06-11,Kings,031,150075,23047,23069,1190,24259,245
2021-06-11,Lake,033,64148,3564,3550,9,3559,45
2021-06-11,Lassen,035,31185,5238,5204,119,5323,18
2021-06-11,Los Angeles,037,10098052,1205547,1204259,43927,1248186,24434
2021-06-11,Madera,039,155013,16656,16582,966,17548,240
2021-06-11,Marin,041,260295,14120,14116,273,14389,229
2021-06-11,Mariposa,043,17540,438,434,11,445,5
2021-06-11,Mendocino,045,87422,4095,4022,78,4100,49
2021-06-11,Merced,047,269075,31181,31231,1014,32245,461
2021-06-11,Modoc,049,8938,398,382,140,522,3
2021-06-11,Mono,051,14174,1253,1274,13,1287,3
2021-06-11,Monterey,053,433212,43152,43097,1936,45033,415
2021-06-11,Napa,055,140530,9978,9977,34,10011,80
2021-06-11,Nevada,057,99092,4894,4873,201,5074,72
2021-06-11,Orange,059,3164182,255464,254975,11825,266800,5101
2021-06-11,Placer,061,380077,23505,23330,1585,24915,294
2021-06-11,Plumas,063,18699,710,696,12,708,4
2021-06-11,Riverside,065,2383286,292310,289376,14668,304044,4451
2021-06-11,Sacramento,067,1510023,107210,107119,1850,108969,1659
2021-06-11,San Benito,069,59416,6079,6082,119,6201,63
2021-06-11,San Bernardino,071,2135413,293333,293335,9470,302805,4788
2021-06-11,San Diego,073,3302833,281616,281144,15110,296254,3768
2021-06-11,San Francisco,075,870044,36884,37177,1390,38567,555
2021-06-11,San Joaquin,077,732212,73514,73347,3775,77122,1397
2021-06-11,San Luis Obispo,079,281455,21319,21288,786,22074,256
2021-06-11,San Mateo,081,765935,42566,42585,493,43078,542
2021-06-11,Santa Barbara,083,443738,34615,34438,1242,35680,460
2021-06-11,Santa Clara,085,1922200,118635,119860,806,120666,2083
2021-06-11,Santa Cruz,087,273765,16201,16164,874,17038,208
2021-06-11,Shasta,089,179085,12492,12550,1667,14217,201
2021-06-11,Sierra,091,2930,57,55,14,69,0
2021-06-11,Siskiyou,093,43540,1941,1882,387,2269,25
2021-06-11,Solano,095,438530,33166,33179,568,33747,266
2021-06-11,Sonoma,097,501317,30508,30624,362,30986,323
2021-06-11,Stanislaus,099,539301,56660,56617,6230,62847,974
2021-06-11,Sutter,101,95872,9593,9600,95,9695,112
2021-06-11,Tehama,103,63373,5097,5099,611,5710,63
2021-06-11,Trinity,105,12862,412,331,78,409,3
2021-06-11,Tulare,107,460477,49794,49516,9578,59094,848
2021-06-11,Tuolumne,109,53932,4100,4104,37,4141,63
2021-06-11,Ventura,111,848112,81304,81189,3118,84307,1026
2021-06-11,Yolo,113,214977,14077,14111,350,14461,212
2021-06-11,Yuba,115,75493,6117,6113,133,6246,50
2021-06-10,Alameda,001,1643700,88739,88806,2072,90878,1275
2021-06-10,Alpine,003,1148,88,88,0,88,0
2021-06-10,Amador,005,37829,3727,3709,34,3743,46
2021-06-10,Butte,007,227075,12631,12565,1923,14488,194
2021-06-10,Calaveras,009,45235,2189,2188,15,2203,55
2021-06-10,Colusa,011,21464,1956,1964,325,2289,15
2021-06-10,Contra Costa,013,1133247,70251,69876,1368,71244,807
2021-06-10,Del Norte,015,27424,1418,1405,14,1419,8
2021-06-10,El Dorado,017,186661,10318,10314,777,11091,113
2021-06-10,Fresno,019,978130,102534,102724,9035,111759,1717
2021-06-10,Glenn,021,27897,2425,2425,580,3005,19
2021-06-10,Humboldt,023,135768,4389,4384,38,4422,42
2021-06-10,Imperial,025,180216,28583,28779,2910,31689,739
2021-06-10,Inyo,027,18085,1405,1405,4,1409,35
2021-06-10,Kern,029,883053,97289,96706,11440,108146,1336
2021-06-10,Kings,031,150075,23046,23067,1190,24257,245
2021-06-10,Lake,033,64148,3559,3550,9,3559,45
2021-06-10,Lassen,035,31185,5236,5201,119,5320,18
2021-06-10,Los Angeles,037,10098052,1205384,1204110,43910,1248020,24440
2021-06-10,Madera,039,155013,16649,16581,966,17547,240
2021-06-10,Marin,041,260295,14117,14118,273,14391,229
2021-06-10,Mariposa,043,17540,436,434,11,445,5
2021-06-10,Mendocino,045,87422,4090,4016,78,4094,48
2021-06-10,Merced,047,269075,31173,31231,1011,32242,461
2021-06-10,Modoc,049,8938,397,381,140,521,3
2021-06-10,Mono,051,14174,1252,1274,13,1287,3
2021-06-10,Monterey,053,433212,43146,43090,1936,45026,415
2021-06-10,Napa,055,140530,9977,9974,34,10008,80
2021-06-10,Nevada,057,99092,4889,4866,201,5067,72
2021-06-10,Orange,059,3164182,255436,254950,11818,266768,5097
2021-06-10,Placer,061,380077,23492,23296,1585,24881,293
2021-06-10,Plumas,063,18699,710,696,12,708,4
2021-06-10,Riverside,065,2383286,292269,289335,14663,303998,4450
2021-06-10,Sacramento,067,1510023,107148,107049,1850,108899,1658
2021-06-10,San Benito,069,59416,6079,6079,119,6198,63
2021-06-10,San Bernardino,071,2135413,293292,293281,9467,302748,4782
2021-06-10,San Diego,073,3302833,281558,281052,15093,296145,3766
2021-06-10,San Francisco,075,870044,36874,37159,1388,38547,552
2021-06-10,San Joaquin,077,732212,73480,73276,3774,77050,1393
2021-06-10,San Luis Obispo,079,281455,21316,21280,786,22066,256
2021-06-10,San Mateo,081,765935,42559,42562,493,43055,666
2021-06-10,Santa Barbara,083,443738,34611,34434,1242,35676,460
2021-06-10,Santa Clara,085,1922200,118600,119832,805,120637,2075
2021-06-10,Santa Cruz,087,273765,16200,16159,874,17033,208
2021-06-10,Shasta,089,179085,12482,12536,1666,14202,201
2021-06-10,Sierra,091,2930,56,55,14,69,0
2021-06-10,Siskiyou,093,43540,1941,1881,387,2268,25
2021-06-10,Solano,095,438530,33149,33150,567,33717,265
2021-06-10,Sonoma,097,501317,30473,30571,360,30931,323
2021-06-10,Stanislaus,099,539301,56639,56588,6226,62814,974
2021-06-10,Sutter,101,95872,9586,9594,95,9689,112
2021-06-10,Tehama,103,63373,5097,5096,611,5707,63
2021-06-10,Trinity,105,12862,412,331,78,409,3
2021-06-10,Tulare,107,460477,49786,49503,9578,59081,848
2021-06-10,Tuolumne,109,53932,4100,4100,37,4137,63
2021-06-10,Ventura,111,848112,81293,81172,3117,84289,1026
2021-06-10,Yolo,113,214977,14074,14107,350,14457,212
2021-06-10,Yuba,115,75493,6113,6112,133,6245,50
2021-06-09,Alameda,001,1643700,88693,88762,2070,90832,1271
2021-06-09,Alpine,003,1148,88,88,0,88,0
2021-06-09,Amador,005,37829,3723,3706,34,3740,46
2021-06-09,Butte,007,227075,12625,12555,1921,14476,194
2021-06-09,Calaveras,009,45235,2187,2184,15,2199,55
2021-06-09,Colusa,011,21464,1956,1962,324,2286,15
2021-06-09,Contra Costa,013,1133247,70214,69829,1367,71196,803
2021-06-09,Del Norte,015,27424,1414,1403,14,1417,8
2021-06-09,El Dorado,017,186661,10315,10312,776,11088,113
2021-06-09,Fresno,019,978130,102515,102690,9030,111720,1717
2021-06-09,Glenn,021,27897,2424,2424,580,3004,19
2021-06-09,Humboldt,023,135768,4384,4379,37,4416,42
2021-06-09,Imperial,025,180216,28580,28754,2910,31664,739
2021-06-09,Inyo,027,18085,1405,1405,4,1409,35
2021-06-09,Kern,029,883053,97276,96697,11430,108127,1328
2021-06-09,Kings,031,150075,23044,23061,1190,24251,245
2021-06-09,Lake,033,64148,3556,3541,9,3550,45
2021-06-09,Lassen,035,31185,5235,5200,119,5319,18
2021-06-09,Los Angeles,037,10098052,1205200,1203955,43899,1247854,24432
2021-06-09,Madera,039,155013,16644,16580,966,17546,240
2021-06-09,Marin,041,260295,14112,14114,273,14387,229
2021-06-09,Mariposa,043,17540,436,434,11,445,5
2021-06-09,Mendocino,045,87422,4084,4008,78,4086,47
2021-06-09,Merced,047,269075,31169,31225,1011,32236,461
2021-06-09,Modoc,049,8938,395,377,139,516,3
2021-06-09,Mono,051,14174,1252,1274,13,1287,3
2021-06-09,Monterey,053,433212,43139,43082,1936,45018,415
2021-06-09,Napa,055,140530,9971,9971,34,10005,80
2021-06-09,Nevada,057,99092,4879,4863,200,5063,72
2021-06-09,Orange,059,3164182,255392,254893,11814,266707,5080
2021-06-09,Placer,061,380077,23473,23237,1585,24822,293
2021-06-09,Plumas,063,18699,709,697,12,709,4
2021-06-09,Riverside,065,2383286,292225,289299,14661,303960,4450
2021-06-09,Sacramento,067,1510023,107086,106971,1847,108818,1657
2021-06-09,San Benito,069,59416,6075,6078,119,6197,63
2021-06-09,San Bernardino,071,2135413,293250,293222,9467,302689,4782
2021-06-09,San Diego,073,3302833,281493,280941,15081,296022,3765
2021-06-09,San Francisco,075,870044,36861,37143,1387,38530,552
2021-06-09,San Joaquin,077,732212,73454,73232,3773,77005,1392
2021-06-09,San Luis Obispo,079,281455,21315,21259,786,22045,256
2021-06-09,San Mateo,081,765935,42543,42502,492,42994,666
2021-06-09,Santa Barbara,083,443738,34600,34422,1242,35664,460
2021-06-09,Santa Clara,085,1922200,118562,119793,804,120597,2068
2021-06-09,Santa Cruz,087,273765,16197,16155,874,17029,208
2021-06-09,Shasta,089,179085,12472,12521,1664,14185,201
2021-06-09,Sierra,091,2930,55,55,14,69,0
2021-06-09,Siskiyou,093,43540,1940,1871,387,2258,25
2021-06-09,Solano,095,438530,33133,33137,566,33703,264
2021-06-09,Sonoma,097,501317,30451,30540,360,30900,323
2021-06-09,Stanislaus,099,539301,56619,56560,6223,62783,974
2021-06-09,Sutter,101,95872,9577,9586,94,9680,111
2021-06-09,Tehama,103,63373,5096,5093,611,5704,63
2021-06-09,Trinity,105,12862,411,331,78,409,3
2021-06-09,Tulare,107,460477,49782,49496,9576,59072,847
2021-06-09,Tuolumne,109,53932,4097,4100,37,4137,63
2021-06-09,Ventura,111,848112,81283,81154,3116,84270,1026
2021-06-09,Yolo,113,214977,14072,14102,349,14451,212
2021-06-09,Yuba,115,75493,6109,6109,133,6242,50
2021-06-08,Alameda,001,1643700,88645,88731,2070,90801,1267
2021-06-08,Alpine,003,1148,88,88,0,88,0
2021-06-08,Amador,005,37829,3722,3704,34,3738,46
2021-06-08,Butte,007,227075,12619,12540,1918,14458,194
2021-06-08,Calaveras,009,45235,2186,2181,15,2196,55
2021-06-08,Colusa,011,21464,1956,1961,324,2285,15
2021-06-08,Contra Costa,013,1133247,70166,69762,1366,71128,803
2021-06-08,Del Norte,015,27424,1412,1402,14,1416,8
2021-06-08,El Dorado,017,186661,10310,10306,774,11080,113
2021-06-08,Fresno,019,978130,102490,102680,9028,111708,1717
2021-06-08,Glenn,021,27897,2423,2423,580,3003,19
2021-06-08,Humboldt,023,135768,4379,4363,37,4400,42
2021-06-08,Imperial,025,180216,28571,28752,2910,31662,738
2021-06-08,Inyo,027,18085,1405,1405,4,1409,35
2021-06-08,Kern,029,883053,97257,96671,11423,108094,1325
2021-06-08,Kings,031,150075,23043,23036,1190,24226,245
2021-06-08,Lake,033,64148,3555,3540,9,3549,45
2021-06-08,Lassen,035,31185,5235,5200,119,5319,18
2021-06-08,Los Angeles,037,10098052,1205007,1203794,43887,1247681,24426
2021-06-08,Madera,039,155013,16638,16579,965,17544,240
2021-06-08,Marin,041,260295,14110,14111,272,14383,229
2021-06-08,Mariposa,043,17540,436,434,11,445,5
2021-06-08,Mendocino,045,87422,4077,4002,78,4080,47
2021-06-08,Merced,047,269075,31161,31225,1011,32236,461
2021-06-08,Modoc,049,8938,389,377,138,515,3
2021-06-08,Mono,051,14174,1252,1274,13,1287,3
2021-06-08,Monterey,053,433212,43133,43078,1935,45013,415
2021-06-08,Napa,055,140530,9967,9962,34,9996,80
2021-06-08,Nevada,057,99092,4874,4861,200,5061,72
2021-06-08,Orange,059,3164182,255352,254852,11807,266659,5078
2021-06-08,Placer,061,380077,23455,23209,1581,24790,293
2021-06-08,Plumas,063,18699,709,692,12,704,4
2021-06-08,Riverside,065,2383286,292190,289268,14652,303920,4452
2021-06-08,Sacramento,067,1510023,107024,106901,1844,108745,1654
2021-06-08,San Benito,069,59416,6073,6076,119,6195,63
2021-06-08,San Bernardino,071,2135413,293202,293186,9463,302649,4778
2021-06-08,San Diego,073,3302833,281431,280879,15072,295951,3764
2021-06-08,San Francisco,075,870044,36846,37134,1386,38520,552
2021-06-08,San Joaquin,077,732212,73410,73186,3768,76954,1390
2021-06-08,San Luis Obispo,079,281455,21309,21251,785,22036,255
2021-06-08,San Mateo,081,765935,42530,42488,492,42980,663
2021-06-08,Santa Barbara,083,443738,34596,34418,1242,35660,459
2021-06-08,Santa Clara,085,1922200,118543,119770,803,120573,2068
2021-06-08,Santa Cruz,087,273765,16194,16160,874,17034,208
2021-06-08,Shasta,089,179085,12457,12498,1664,14162,201
2021-06-08,Sierra,091,2930,55,55,14,69,0
2021-06-08,Siskiyou,093,43540,1938,1870,385,2255,21
2021-06-08,Solano,095,438530,33112,33130,566,33696,259
2021-06-08,Sonoma,097,501317,30424,30523,358,30881,323
2021-06-08,Stanislaus,099,539301,56592,56548,6221,62769,973
2021-06-08,Sutter,101,95872,9574,9581,94,9675,111
2021-06-08,Tehama,103,63373,5093,5093,611,5704,63
2021-06-08,Trinity,105,12862,411,330,77,407,3
2021-06-08,Tulare,107,460477,49771,49485,9570,59055,847
2021-06-08,Tuolumne,109,53932,4094,4099,37,4136,63
2021-06-08,Ventura,111,848112,81267,81142,3115,84257,1026
2021-06-08,Yolo,113,214977,14067,14099,348,14447,212
2021-06-08,Yuba,115,75493,6107,6103,133,6236,50
2021-06-07,Alameda,001,1643700,88587,88688,2070,90758,1267
2021-06-07,Alpine,003,1148,88,88,0,88,0
2021-06-07,Amador,005,37829,3712,3697,34,3731,46
2021-06-07,Butte,007,227075,12612,12533,1917,14450,194
2021-06-07,Calaveras,009,45235,2185,2181,15,2196,55
2021-06-07,Colusa,011,21464,1955,1960,324,2284,15
2021-06-07,Contra Costa,013,1133247,70109,69718,1365,71083,817
2021-06-07,Del Norte,015,27424,1412,1401,14,1415,8
2021-06-07,El Dorado,017,186661,10305,10305,774,11079,113
2021-06-07,Fresno,019,978130,102461,102659,9021,111680,1717
2021-06-07,Glenn,021,27897,2423,2423,580,3003,19
2021-06-07,Humboldt,023,135768,4371,4354,37,4391,42
2021-06-07,Imperial,025,180216,28569,28754,2910,31664,738
2021-06-07,Inyo,027,18085,1405,1404,4,1408,35
2021-06-07,Kern,029,883053,97241,96645,11416,108061,1324
2021-06-07,Kings,031,150075,23039,23023,1190,24213,244
2021-06-07,Lake,033,64148,3553,3540,9,3549,45
2021-06-07,Lassen,035,31185,5230,5198,119,5317,18
2021-06-07,Los Angeles,037,10098052,1204786,1203664,43872,1247536,24413
2021-06-07,Madera,039,155013,16631,16572,965,17537,240
2021-06-07,Marin,041,260295,14106,14108,271,14379,229
2021-06-07,Mariposa,043,17540,436,434,11,445,5
2021-06-07,Mendocino,045,87422,4071,3998,78,4076,47
2021-06-07,Merced,047,269075,31149,31212,1010,32222,459
2021-06-07,Modoc,049,8938,388,375,135,510,3
2021-06-07,Mono,051,14174,1252,1275,13,1288,3
2021-06-07,Monterey,053,433212,43126,43077,1935,45012,415
2021-06-07,Napa,055,140530,9959,9962,34,9996,80
2021-06-07,Nevada,057,99092,4872,4860,200,5060,72
2021-06-07,Orange,059,3164182,255312,254808,11800,266608,5073
2021-06-07,Placer,061,380077,23436,23176,1579,24755,293
2021-06-07,Plumas,063,18699,709,692,12,704,4
2021-06-07,Riverside,065,2383286,292147,289232,14649,303881,4451
2021-06-07,Sacramento,067,1510023,106948,106841,1840,108681,1655
2021-06-07,San Benito,069,59416,6072,6074,119,6193,63
2021-06-07,San Bernardino,071,2135413,293164,293129,9462,302591,4775
2021-06-07,San Diego,073,3302833,281349,280808,15059,295867,3764
2021-06-07,San Francisco,075,870044,36830,37122,1386,38508,552
2021-06-07,San Joaquin,077,732212,73365,73130,3761,76891,1388
2021-06-07,San Luis Obispo,079,281455,21296,21252,785,22037,255
2021-06-07,San Mateo,081,765935,42514,42479,492,42971,664
2021-06-07,Santa Barbara,083,443738,34590,34407,1242,35649,459
2021-06-07,Santa Clara,085,1922200,118516,119743,803,120546,2066
2021-06-07,Santa Cruz,087,273765,16192,16159,874,17033,208
2021-06-07,Shasta,089,179085,12443,12483,1659,14142,200
2021-06-07,Sierra,091,2930,55,55,14,69,0
2021-06-07,Siskiyou,093,43540,1938,1869,385,2254,21
2021-06-07,Solano,095,438530,33090,33124,565,33689,258
2021-06-07,Sonoma,097,501317,30388,30504,357,30861,323
2021-06-07,Stanislaus,099,539301,56559,56521,6218,62739,972
2021-06-07,Sutter,101,95872,9570,9571,94,9665,111
2021-06-07,Tehama,103,63373,5089,5092,611,5703,63
2021-06-07,Trinity,105,12862,411,329,77,406,3
2021-06-07,Tulare,107,460477,49765,49471,9570,59041,847
2021-06-07,Tuolumne,109,53932,4093,4098,37,4135,63
2021-06-07,Ventura,111,848112,81250,81137,3114,84251,1025
2021-06-07,Yolo,113,214977,14062,14097,347,14444,211
2021-06-07,Yuba,115,75493,6105,6099,130,6229,49
2021-06-06,Alameda,001,1643700,88548,88636,2069,90705,1267
2021-06-06,Alpine,003,1148,88,88,0,88,0
2021-06-06,Amador,005,37829,3709,3696,34,3730,46
2021-06-06,Butte,007,227075,12601,12527,1916,14443,194
2021-06-06,Calaveras,009,45235,2184,2181,15,2196,55
2021-06-06,Colusa,011,21464,1953,1959,324,2283,15
2021-06-06,Contra Costa,013,1133247,70044,69659,1363,71022,817
2021-06-06,Del Norte,015,27424,1407,1401,13,1414,8
2021-06-06,El Dorado,017,186661,10298,10294,774,11068,113
2021-06-06,Fresno,019,978130,102428,102642,9018,111660,1717
2021-06-06,Glenn,021,27897,2422,2423,580,3003,19
2021-06-06,Humboldt,023,135768,4360,4353,37,4390,42
2021-06-06,Imperial,025,180216,28563,28762,2910,31672,738
2021-06-06,Inyo,027,18085,1404,1404,4,1408,35
2021-06-06,Kern,029,883053,97223,96623,11409,108032,1324
2021-06-06,Kings,031,150075,23033,23021,1190,24211,244
2021-06-06,Lake,033,64148,3553,3535,9,3544,45
2021-06-06,Lassen,035,31185,5228,5191,119,5310,18
2021-06-06,Los Angeles,037,10098052,1204588,1203539,43859,1247398,24410
2021-06-06,Madera,039,155013,16625,16567,965,17532,240
2021-06-06,Marin,041,260295,14100,14106,270,14376,229
2021-06-06,Mariposa,043,17540,435,435,11,446,5
2021-06-06,Mendocino,045,87422,4067,3993,78,4071,47
2021-06-06,Merced,047,269075,31143,31215,1009,32224,459
2021-06-06,Modoc,049,8938,388,375,134,509,3
2021-06-06,Mono,051,14174,1252,1275,13,1288,3
2021-06-06,Monterey,053,433212,43121,43078,1935,45013,415
2021-06-06,Napa,055,140530,9953,9963,34,9997,80
2021-06-06,Nevada,057,99092,4865,4854,199,5053,72
2021-06-06,Orange,059,3164182,255278,254782,11795,266577,5073
2021-06-06,Placer,061,380077,23411,23156,1576,24732,293
2021-06-06,Plumas,063,18699,709,692,12,704,4
2021-06-06,Riverside,065,2383286,292113,289201,14643,303844,4451
2021-06-06,Sacramento,067,1510023,106862,106749,1839,108588,1655
2021-06-06,San Benito,069,59416,6066,6074,119,6193,63
2021-06-06,San Bernardino,071,2135413,293112,293117,9453,302570,4773
2021-06-06,San Diego,073,3302833,281269,280743,15042,295785,3764
2021-06-06,San Francisco,075,870044,36818,37118,1385,38503,552
2021-06-06,San Joaquin,077,732212,73333,73105,3757,76862,1388
2021-06-06,San Luis Obispo,079,281455,21293,21246,785,22031,255
2021-06-06,San Mateo,081,765935,42497,42457,492,42949,664
2021-06-06,Santa Barbara,083,443738,34586,34403,1241,35644,459
2021-06-06,Santa Clara,085,1922200,118494,119711,803,120514,2066
2021-06-06,Santa Cruz,087,273765,16191,16158,874,17032,208
2021-06-06,Shasta,089,179085,12428,12478,1655,14133,200
2021-06-06,Sierra,091,2930,55,55,14,69,0
2021-06-06,Siskiyou,093,43540,1935,1869,385,2254,21
2021-06-06,Solano,095,438530,33063,33093,565,33658,258
2021-06-06,Sonoma,097,501317,30357,30478,356,30834,323
2021-06-06,Stanislaus,099,539301,56517,56486,6215,62701,972
2021-06-06,Sutter,101,95872,9563,9567,94,9661,111
2021-06-06,Tehama,103,63373,5085,5092,610,5702,63
2021-06-06,Trinity,105,12862,411,328,77,405,3
2021-06-06,Tulare,107,460477,49758,49466,9564,59030,847
2021-06-06,Tuolumne,109,53932,4091,4097,37,4134,63
2021-06-06,Ventura,111,848112,81239,81130,3111,84241,1025
2021-06-06,Yolo,113,214977,14054,14089,346,14435,210
2021-06-06,Yuba,115,75493,6097,6096,130,6226,49
2021-06-05,Alameda,001,1643700,88517,88612,2068,90680,1268
2021-06-05,Alpine,003,1148,88,88,0,88,0
2021-06-05,Amador,005,37829,3709,3694,34,3728,46
2021-06-05,Butte,007,227075,12595,12514,1915,14429,194
2021-06-05,Calaveras,009,45235,2184,2181,15,2196,55
2021-06-05,Colusa,011,21464,1953,1959,324,2283,15
2021-06-05,Contra Costa,013,1133247,70015,69601,1363,70964,817
2021-06-05,Del Norte,015,27424,1407,1400,13,1413,8
2021-06-05,El Dorado,017,186661,10296,10288,773,11061,113
2021-06-05,Fresno,019,978130,102419,102626,9018,111644,1717
2021-06-05,Glenn,021,27897,2421,2423,580,3003,19
2021-06-05,Humboldt,023,135768,4355,4346,37,4383,42
2021-06-05,Imperial,025,180216,28560,28764,2910,31674,738
2021-06-05,Inyo,027,18085,1404,1405,4,1409,35
2021-06-05,Kern,029,883053,97211,96597,11404,108001,1324
2021-06-05,Kings,031,150075,23030,23017,1190,24207,244
2021-06-05,Lake,033,64148,3550,3534,9,3543,45
2021-06-05,Lassen,035,31185,5227,5191,119,5310,18
2021-06-05,Los Angeles,037,10098052,1204461,1203338,43849,1247187,24411
2021-06-05,Madera,039,155013,16621,16563,965,17528,240
2021-06-05,Marin,041,260295,14098,14101,270,14371,229
2021-06-05,Mariposa,043,17540,435,435,11,446,5
2021-06-05,Mendocino,045,87422,4064,3989,78,4067,47
2021-06-05,Merced,047,269075,31141,31212,1008,32220,459
2021-06-05,Modoc,049,8938,388,375,133,508,3
2021-06-05,Mono,051,14174,1252,1274,13,1287,3
2021-06-05,Monterey,053,433212,43117,43071,1934,45005,415
2021-06-05,Napa,055,140530,9948,9960,34,9994,80
2021-06-05,Nevada,057,99092,4863,4849,199,5048,72
2021-06-05,Orange,059,3164182,255254,254752,11792,266544,5069
2021-06-05,Placer,061,380077,23396,23133,1575,24708,293
2021-06-05,Plumas,063,18699,709,692,12,704,4
2021-06-05,Riverside,065,2383286,292078,289157,14639,303796,4451
2021-06-05,Sacramento,067,1510023,106810,106688,1836,108524,1655
2021-06-05,San Benito,069,59416,6064,6074,119,6193,63
2021-06-05,San Bernardino,071,2135413,293079,293081,9451,302532,4772
2021-06-05,San Diego,073,3302833,281228,280676,15029,295705,3764
2021-06-05,San Francisco,075,870044,36809,37111,1385,38496,552
2021-06-05,San Joaquin,077,732212,73317,73078,3750,76828,1388
2021-06-05,San Luis Obispo,079,281455,21290,21236,785,22021,255
2021-06-05,San Mateo,081,765935,42487,42433,492,42925,664
2021-06-05,Santa Barbara,083,443738,34583,34399,1240,35639,459
2021-06-05,Santa Clara,085,1922200,118472,119676,801,120477,2066
2021-06-05,Santa Cruz,087,273765,16191,16154,874,17028,208
2021-06-05,Shasta,089,179085,12419,12472,1654,14126,200
2021-06-05,Sierra,091,2930,55,55,14,69,0
2021-06-05,Siskiyou,093,43540,1935,1867,385,2252,21
2021-06-05,Solano,095,438530,33048,33074,565,33639,257
2021-06-05,Sonoma,097,501317,30330,30450,354,30804,323
2021-06-05,Stanislaus,099,539301,56496,56463,6213,62676,973
2021-06-05,Sutter,101,95872,9560,9559,94,9653,111
2021-06-05,Tehama,103,63373,5084,5092,609,5701,63
2021-06-05,Trinity,105,12862,411,328,77,405,3
2021-06-05,Tulare,107,460477,49752,49463,9564,59027,847
2021-06-05,Tuolumne,109,53932,4089,4098,37,4135,63
2021-06-05,Ventura,111,848112,81230,81119,3109,84228,1025
2021-06-05,Yolo,113,214977,14052,14088,346,14434,210
2021-06-05,Yuba,115,75493,6096,6087,130,6217,49
2021-06-04,Alameda,001,1643700,88490,88585,2066,90651,1263
2021-06-04,Alpine,003,1148,88,88,0,88,0
2021-06-04,Amador,005,37829,3709,3690,34,3724,46
2021-06-04,Butte,007,227075,12584,12494,1912,14406,193
2021-06-04,Calaveras,009,45235,2184,2179,15,2194,55
2021-06-04,Colusa,011,21464,1953,1959,324,2283,15
2021-06-04,Contra Costa,013,1133247,69980,69540,1360,70900,816
2021-06-04,Del Norte,015,27424,1407,1398,13,1411,8
2021-06-04,El Dorado,017,186661,10292,10284,771,11055,112
2021-06-04,Fresno,019,978130,102403,102601,9018,111619,1712
2021-06-04,Glenn,021,27897,2421,2423,579,3002,19
2021-06-04,Humboldt,023,135768,4350,4327,37,4364,42
2021-06-04,Imperial,025,180216,28556,28753,2910,31663,738
2021-06-04,Inyo,027,18085,1404,1404,4,1408,35
2021-06-04,Kern,029,883053,97193,96573,11402,107975,1327
2021-06-04,Kings,031,150075,23029,23002,1190,24192,244
2021-06-04,Lake,033,64148,3548,3528,9,3537,45
2021-06-04,Lassen,035,31185,5227,5180,119,5299,18
2021-06-04,Los Angeles,037,10098052,1204339,1203106,43839,1246945,24400
2021-06-04,Madera,039,155013,16619,16557,965,17522,240
2021-06-04,Marin,041,260295,14097,14099,269,14368,229
2021-06-04,Mariposa,043,17540,435,435,11,446,5
2021-06-04,Mendocino,045,87422,4055,3983,78,4061,47
2021-06-04,Merced,047,269075,31136,31204,1007,32211,459
2021-06-04,Modoc,049,8938,386,375,133,508,3
2021-06-04,Mono,051,14174,1252,1275,13,1288,3
2021-06-04,Monterey,053,433212,43113,43068,1934,45002,415
2021-06-04,Napa,055,140530,9944,9958,34,9992,80
2021-06-04,Nevada,057,99092,4859,4844,199,5043,72
2021-06-04,Orange,059,3164182,255218,254730,11789,266519,5059
2021-06-04,Placer,061,380077,23380,23110,1574,24684,293
2021-06-04,Plumas,063,18699,709,691,12,703,4
2021-06-04,Riverside,065,2383286,292052,289098,14635,303733,4452
2021-06-04,Sacramento,067,1510023,106756,106616,1835,108451,1654
2021-06-04,San Benito,069,59416,6062,6073,119,6192,63
2021-06-04,San Bernardino,071,2135413,293056,293056,9449,302505,4768
2021-06-04,San Diego,073,3302833,281185,280556,15022,295578,3763
2021-06-04,San Francisco,075,870044,36804,37079,1384,38463,551
2021-06-04,San Joaquin,077,732212,73298,73039,3748,76787,1388
2021-06-04,San Luis Obispo,079,281455,21287,21234,784,22018,255
2021-06-04,San Mateo,081,765935,42475,42413,492,42905,478
2021-06-04,Santa Barbara,083,443738,34577,34402,1239,35641,459
2021-06-04,Santa Clara,085,1922200,118443,119619,801,120420,2065
2021-06-04,Santa Cruz,087,273765,16189,16150,874,17024,207
2021-06-04,Shasta,089,179085,12413,12458,1649,14107,200
2021-06-04,Sierra,091,2930,55,55,14,69,0
2021-06-04,Siskiyou,093,43540,1934,1865,385,2250,21
2021-06-04,Solano,095,438530,33037,33058,565,33623,256
2021-06-04,Sonoma,097,501317,30309,30411,354,30765,323
2021-06-04,Stanislaus,099,539301,56473,56442,6210,62652,973
2021-06-04,Sutter,101,95872,9555,9554,94,9648,111
2021-06-04,Tehama,103,63373,5079,5090,609,5699,63
2021-06-04,Trinity,105,12862,411,328,77,405,3
2021-06-04,Tulare,107,460477,49743,49452,9562,59014,847
2021-06-04,Tuolumne,109,53932,4088,4095,37,4132,63
2021-06-04,Ventura,111,848112,81223,81104,3107,84211,1023
2021-06-04,Yolo,113,214977,14050,14083,346,14429,210
2021-06-04,Yuba,115,75493,6093,6084,130,6214,49
2021-06-03,Alameda,001,1643700,88452,88555,2063,90618,1257
2021-06-03,Alpine,003,1148,88,88,0,88,0
2021-06-03,Amador,005,37829,3701,3688,34,3722,46
2021-06-03,Butte,007,227075,12580,12478,1911,14389,193
2021-06-03,Calaveras,009,45235,2184,2179,15,2194,55
2021-06-03,Colusa,011,21464,1953,1957,324,2281,15
2021-06-03,Contra Costa,013,1133247,69926,69500,1355,70855,816
2021-06-03,Del Norte,015,27424,1405,1397,13,1410,8
2021-06-03,El Dorado,017,186661,10286,10284,768,11052,112
2021-06-03,Fresno,019,978130,102387,102566,9018,111584,1709
2021-06-03,Glenn,021,27897,2421,2421,579,3000,19
2021-06-03,Humboldt,023,135768,4342,4314,37,4351,42
2021-06-03,Imperial,025,180216,28544,28737,2910,31647,738
2021-06-03,Inyo,027,18085,1404,1404,4,1408,35
2021-06-03,Kern,029,883053,97166,96507,11388,107895,1326
2021-06-03,Kings,031,150075,23025,22982,1190,24172,244
2021-06-03,Lake,033,64148,3546,3526,9,3535,45
2021-06-03,Lassen,035,31185,5218,5177,119,5296,12
2021-06-03,Los Angeles,037,10098052,1204165,1202923,43831,1246754,24386
2021-06-03,Madera,039,155013,16612,16554,965,17519,240
2021-06-03,Marin,041,260295,14092,14095,269,14364,230
2021-06-03,Mariposa,043,17540,435,435,11,446,5
2021-06-03,Mendocino,045,87422,4048,3978,78,4056,47
2021-06-03,Merced,047,269075,31133,31199,1007,32206,459
2021-06-03,Modoc,049,8938,385,376,132,508,3
2021-06-03,Mono,051,14174,1252,1275,13,1288,3
2021-06-03,Monterey,053,433212,43110,43063,1934,44997,415
2021-06-03,Napa,055,140530,9937,9957,34,9991,81
2021-06-03,Nevada,057,99092,4855,4837,199,5036,72
2021-06-03,Orange,059,3164182,255190,254676,11779,266455,5056
2021-06-03,Placer,061,380077,23371,23100,1573,24673,293
2021-06-03,Plumas,063,18699,709,691,12,703,4
2021-06-03,Riverside,065,2383286,291998,289035,14631,303666,4447
2021-06-03,Sacramento,067,1510023,106678,106526,1833,108359,1654
2021-06-03,San Benito,069,59416,6062,6073,119,6192,63
2021-06-03,San Bernardino,071,2135413,293026,293021,9448,302469,4762
2021-06-03,San Diego,073,3302833,281122,280430,15012,295442,3761
2021-06-03,San Francisco,075,870044,36798,37072,1384,38456,551
2021-06-03,San Joaquin,077,732212,73270,72989,3744,76733,1388
2021-06-03,San Luis Obispo,079,281455,21282,21224,784,22008,255
2021-06-03,San Mateo,081,765935,42462,42396,492,42888,467
2021-06-03,Santa Barbara,083,443738,34574,34391,1239,35630,459
2021-06-03,Santa Clara,085,1922200,118421,119592,799,120391,2058
2021-06-03,Santa Cruz,087,273765,16187,16144,874,17018,207
2021-06-03,Shasta,089,179085,12398,12441,1646,14087,199
2021-06-03,Sierra,091,2930,55,55,14,69,0
2021-06-03,Siskiyou,093,43540,1934,1862,384,2246,21
2021-06-03,Solano,095,438530,33023,33019,565,33584,256
2021-06-03,Sonoma,097,501317,30287,30383,353,30736,322
2021-06-03,Stanislaus,099,539301,56442,56401,6203,62604,973
2021-06-03,Sutter,101,95872,9546,9539,94,9633,111
2021-06-03,Tehama,103,63373,5079,5087,609,5696,63
2021-06-03,Trinity,105,12862,411,328,77,405,3
2021-06-03,Tulare,107,460477,49740,49442,9558,59000,848
2021-06-03,Tuolumne,109,53932,4086,4095,37,4132,63
2021-06-03,Ventura,111,848112,81211,81078,3105,84183,1023
2021-06-03,Yolo,113,214977,14046,14078,343,14421,210
2021-06-03,Yuba,115,75493,6086,6077,130,6207,49
2021-06-02,Alameda,001,1643700,88407,88525,2061,90586,1254
2021-06-02,Alpine,003,1148,88,88,0,88,0
2021-06-02,Amador,005,37829,3699,3687,34,3721,46
2021-06-02,Butte,007,227075,12560,12432,1908,14340,193
2021-06-02,Calaveras,009,45235,2182,2174,14,2188,55
2021-06-02,Colusa,011,21464,1952,1957,324,2281,15
2021-06-02,Contra Costa,013,1133247,69875,69455,1353,70808,814
2021-06-02,Del Norte,015,27424,1403,1395,13,1408,8
2021-06-02,El Dorado,017,186661,10282,10275,768,11043,110
2021-06-02,Fresno,019,978130,102363,102547,9015,111562,1707
2021-06-02,Glenn,021,27897,2421,2421,579,3000,19
2021-06-02,Humboldt,023,135768,4327,4302,37,4339,42
2021-06-02,Imperial,025,180216,28538,28737,2909,31646,738
2021-06-02,Inyo,027,18085,1403,1403,4,1407,35
2021-06-02,Kern,029,883053,97139,96481,11379,107860,1326
2021-06-02,Kings,031,150075,23023,22981,1190,24171,244
2021-06-02,Lake,033,64148,3541,3522,9,3531,45
2021-06-02,Lassen,035,31185,5217,5177,119,5296,6
2021-06-02,Los Angeles,037,10098052,1203963,1202760,43822,1246582,24375
2021-06-02,Madera,039,155013,16604,16550,965,17515,240
2021-06-02,Marin,041,260295,14090,14091,269,14360,229
2021-06-02,Mariposa,043,17540,435,434,11,445,5
2021-06-02,Mendocino,045,87422,4042,3970,78,4048,47
2021-06-02,Merced,047,269075,31120,31195,1006,32201,458
2021-06-02,Modoc,049,8938,384,375,131,506,3
2021-06-02,Mono,051,14174,1252,1275,13,1288,3
2021-06-02,Monterey,053,433212,43108,43056,1934,44990,380
2021-06-02,Napa,055,140530,9936,9953,34,9987,82
2021-06-02,Nevada,057,99092,4852,4833,199,5032,72
2021-06-02,Orange,059,3164182,255145,254637,11774,266411,5055
2021-06-02,Placer,061,380077,23350,23058,1571,24629,293
2021-06-02,Plumas,063,18699,709,690,12,702,4
2021-06-02,Riverside,065,2383286,291943,289012,14621,303633,4445
2021-06-02,Sacramento,067,1510023,106614,106435,1826,108261,1649
2021-06-02,San Benito,069,59416,6061,6073,119,6192,63
2021-06-02,San Bernardino,071,2135413,292978,293004,9443,302447,4760
2021-06-02,San Diego,073,3302833,281042,280347,14991,295338,3760
2021-06-02,San Francisco,075,870044,36778,37050,1383,38433,550
2021-06-02,San Joaquin,077,732212,73239,72893,3741,76634,1387
2021-06-02,San Luis Obispo,079,281455,21275,21214,783,21997,255
2021-06-02,San Mateo,081,765935,42452,42383,491,42874,464
2021-06-02,Santa Barbara,083,443738,34568,34381,1239,35620,456
2021-06-02,Santa Clara,085,1922200,118393,119553,798,120351,2058
2021-06-02,Santa Cruz,087,273765,16184,16144,874,17018,207
2021-06-02,Shasta,089,179085,12380,12426,1641,14067,199
2021-06-02,Sierra,091,2930,55,55,14,69,0
2021-06-02,Siskiyou,093,43540,1934,1861,382,2243,21
2021-06-02,Solano,095,438530,33011,33007,564,33571,256
2021-06-02,Sonoma,097,501317,30268,30359,348,30707,322
2021-06-02,Stanislaus,099,539301,56413,56377,6198,62575,973
2021-06-02,Sutter,101,95872,9543,9533,94,9627,111
2021-06-02,Tehama,103,63373,5076,5081,609,5690,63
2021-06-02,Trinity,105,12862,409,328,77,405,3
2021-06-02,Tulare,107,460477,49732,49434,9554,58988,846
2021-06-02,Tuolumne,109,53932,4086,4095,37,4132,63
2021-06-02,Ventura,111,848112,81186,81033,3105,84138,1020
2021-06-02,Yolo,113,214977,14043,14074,342,14416,210
2021-06-02,Yuba,115,75493,6080,6072,130,6202,48
2021-06-01,Alameda,001,1643700,88374,88472,2059,90531,1253
2021-06-01,Alpine,003,1148,88,88,0,88,0
2021-06-01,Amador,005,37829,3697,3687,34,3721,46
2021-06-01,Butte,007,227075,12546,12427,1907,14334,193
2021-06-01,Calaveras,009,45235,2180,2173,14,2187,55
2021-06-01,Colusa,011,21464,1951,1955,323,2278,15
2021-06-01,Contra Costa,013,1133247,69818,69404,1353,70757,813
2021-06-01,Del Norte,015,27424,1402,1394,13,1407,8
2021-06-01,El Dorado,017,186661,10276,10271,768,11039,110
2021-06-01,Fresno,019,978130,102340,102534,9012,111546,1706
2021-06-01,Glenn,021,27897,2421,2422,579,3001,18
2021-06-01,Humboldt,023,135768,4317,4299,37,4336,42
2021-06-01,Imperial,025,180216,28534,28722,2908,31630,736
2021-06-01,Inyo,027,18085,1403,1403,4,1407,35
2021-06-01,Kern,029,883053,97112,96477,11371,107848,1319
2021-06-01,Kings,031,150075,23019,22977,1190,24167,244
2021-06-01,Lake,033,64148,3540,3523,9,3532,45
2021-06-01,Lassen,035,31185,5210,5172,119,5291,6
2021-06-01,Los Angeles,037,10098052,1203730,1202673,43809,1246482,24367
2021-06-01,Madera,039,155013,16595,16549,964,17513,240
2021-06-01,Marin,041,260295,14088,14081,269,14350,229
2021-06-01,Mariposa,043,17540,435,431,11,442,5
2021-06-01,Mendocino,045,87422,4035,3966,78,4044,47
2021-06-01,Merced,047,269075,31110,31195,1006,32201,456
2021-06-01,Modoc,049,8938,382,375,131,506,3
2021-06-01,Mono,051,14174,1252,1275,13,1288,3
2021-06-01,Monterey,053,433212,43102,43051,1934,44985,379
2021-06-01,Napa,055,140530,9934,9949,34,9983,82
2021-06-01,Nevada,057,99092,4847,4825,199,5024,72
2021-06-01,Orange,059,3164182,255110,254603,11766,266369,5051
2021-06-01,Placer,061,380077,23320,23021,1569,24590,293
2021-06-01,Plumas,063,18699,708,690,12,702,4
2021-06-01,Riverside,065,2383286,291892,288996,14615,303611,4442
2021-06-01,Sacramento,067,1510023,106542,106330,1824,108154,1644
2021-06-01,San Benito,069,59416,6060,6073,118,6191,63
2021-06-01,San Bernardino,071,2135413,292954,292990,9442,302432,4758
2021-06-01,San Diego,073,3302833,280938,280305,14975,295280,3756
2021-06-01,San Francisco,075,870044,36762,37031,1383,38414,550
2021-06-01,San Joaquin,077,732212,73207,72858,3739,76597,1383
2021-06-01,San Luis Obispo,079,281455,21270,21217,783,22000,256
2021-06-01,San Mateo,081,765935,42435,42383,490,42873,462
2021-06-01,Santa Barbara,083,443738,34564,34374,1239,35613,456
2021-06-01,Santa Clara,085,1922200,118365,119528,798,120326,2057
2021-06-01,Santa Cruz,087,273765,16180,16143,873,17016,207
2021-06-01,Shasta,089,179085,12371,12409,1636,14045,199
2021-06-01,Sierra,091,2930,55,55,14,69,0
2021-06-01,Siskiyou,093,43540,1927,1860,381,2241,21
2021-06-01,Solano,095,438530,32986,32974,563,33537,256
2021-06-01,Sonoma,097,501317,30229,30324,347,30671,322
2021-06-01,Stanislaus,099,539301,56388,56348,6196,62544,973
2021-06-01,Sutter,101,95872,9536,9528,94,9622,111
2021-06-01,Tehama,103,63373,5074,5079,609,5688,63
2021-06-01,Trinity,105,12862,408,328,76,404,3
2021-06-01,Tulare,107,460477,49724,49419,9550,58969,845
2021-06-01,Tuolumne,109,53932,4086,4094,37,4131,63
2021-06-01,Ventura,111,848112,81170,81018,3104,84122,1021
2021-06-01,Yolo,113,214977,14038,14067,341,14408,210
2021-06-01,Yuba,115,75493,6076,6067,130,6197,48
2021-05-31,Alameda,001,1643700,88337,88458,2055,90513,1253
2021-05-31,Alpine,003,1148,88,88,0,88,0
2021-05-31,Amador,005,37829,3691,3687,34,3721,46
2021-05-31,Butte,007,227075,12533,12429,1907,14336,193
2021-05-31,Calaveras,009,45235,2179,2171,14,2185,55
2021-05-31,Colusa,011,21464,1951,1956,322,2278,15
2021-05-31,Contra Costa,013,1133247,69781,69390,1351,70741,813
2021-05-31,Del Norte,015,27424,1399,1394,13,1407,8
2021-05-31,El Dorado,017,186661,10270,10271,766,11037,110
2021-05-31,Fresno,019,978130,102304,102507,9011,111518,1706
2021-05-31,Glenn,021,27897,2420,2422,578,3000,18
2021-05-31,Humboldt,023,135768,4305,4295,37,4332,42
2021-05-31,Imperial,025,180216,28528,28732,2905,31637,736
2021-05-31,Inyo,027,18085,1402,1403,4,1407,35
2021-05-31,Kern,029,883053,97076,96457,11362,107819,1319
2021-05-31,Kings,031,150075,23015,22977,1190,24167,244
2021-05-31,Lake,033,64148,3535,3523,9,3532,45
2021-05-31,Lassen,035,31185,5208,5172,118,5290,6
2021-05-31,Los Angeles,037,10098052,1203489,1202567,43801,1246368,24364
2021-05-31,Madera,039,155013,16594,16543,963,17506,240
2021-05-31,Marin,041,260295,14086,14080,268,14348,229
2021-05-31,Mariposa,043,17540,435,430,11,441,5
2021-05-31,Mendocino,045,87422,4025,3961,78,4039,47
2021-05-31,Merced,047,269075,31105,31194,1006,32200,456
2021-05-31,Modoc,049,8938,381,374,131,505,3
2021-05-31,Mono,051,14174,1252,1275,13,1288,3
2021-05-31,Monterey,053,433212,43098,43051,1934,44985,379
2021-05-31,Napa,055,140530,9927,9948,34,9982,82
2021-05-31,Nevada,057,99092,4837,4823,198,5021,72
2021-05-31,Orange,059,3164182,255083,254572,11759,266331,5051
2021-05-31,Placer,061,380077,23294,23019,1564,24583,293
2021-05-31,Plumas,063,18699,707,690,12,702,4
2021-05-31,Riverside,065,2383286,291835,288970,14603,303573,4442
2021-05-31,Sacramento,067,1510023,106446,106278,1818,108096,1644
2021-05-31,San Benito,069,59416,6060,6072,118,6190,63
2021-05-31,San Bernardino,071,2135413,292906,292973,9441,302414,4758
2021-05-31,San Diego,073,3302833,280834,280254,14963,295217,3756
2021-05-31,San Francisco,075,870044,36747,37022,1382,38404,550
2021-05-31,San Joaquin,077,732212,73160,72856,3732,76588,1383
2021-05-31,San Luis Obispo,079,281455,21262,21215,783,21998,256
2021-05-31,San Mateo,081,765935,42419,42389,490,42879,442
2021-05-31,Santa Barbara,083,443738,34551,34369,1237,35606,456
2021-05-31,Santa Clara,085,1922200,118321,119515,798,120313,2057
2021-05-31,Santa Cruz,087,273765,16177,16139,873,17012,207
2021-05-31,Shasta,089,179085,12355,12408,1633,14041,199
2021-05-31,Sierra,091,2930,55,55,14,69,0
2021-05-31,Siskiyou,093,43540,1926,1856,380,2236,21
2021-05-31,Solano,095,438530,32935,32973,563,33536,256
2021-05-31,Sonoma,097,501317,30186,30314,347,30661,322
2021-05-31,Stanislaus,099,539301,56338,56335,6193,62528,973
2021-05-31,Sutter,101,95872,9517,9523,94,9617,111
2021-05-31,Tehama,103,63373,5072,5076,608,5684,63
2021-05-31,Trinity,105,12862,408,328,76,404,3
2021-05-31,Tulare,107,460477,49713,49404,9545,58949,845
2021-05-31,Tuolumne,109,53932,4084,4095,37,4132,63
2021-05-31,Ventura,111,848112,81155,81017,3101,84118,1021
2021-05-31,Yolo,113,214977,14034,14064,341,14405,210
2021-05-31,Yuba,115,75493,6070,6063,127,6190,48
2021-05-30,Alameda,001,1643700,88312,88429,2055,90484,1253
2021-05-30,Alpine,003,1148,88,88,0,88,0
2021-05-30,Amador,005,37829,3687,3685,34,3719,46
2021-05-30,Butte,007,227075,12523,12427,1905,14332,190
2021-05-30,Calaveras,009,45235,2175,2166,14,2180,55
2021-05-30,Colusa,011,21464,1951,1954,322,2276,15
2021-05-30,Contra Costa,013,1133247,69747,69381,1349,70730,813
2021-05-30,Del Norte,015,27424,1398,1393,13,1406,8
2021-05-30,El Dorado,017,186661,10267,10271,766,11037,110
2021-05-30,Fresno,019,978130,102287,102499,9007,111506,1706
2021-05-30,Glenn,021,27897,2420,2422,577,2999,18
2021-05-30,Humboldt,023,135768,4296,4291,37,4328,42
2021-05-30,Imperial,025,180216,28523,28732,2904,31636,736
2021-05-30,Inyo,027,18085,1402,1403,4,1407,35
2021-05-30,Kern,029,883053,97060,96443,11359,107802,1319
2021-05-30,Kings,031,150075,23014,22974,1189,24163,244
2021-05-30,Lake,033,64148,3535,3517,9,3526,45
2021-05-30,Lassen,035,31185,5206,5171,118,5289,6
2021-05-30,Los Angeles,037,10098052,1203385,1202425,43794,1246219,24360
2021-05-30,Madera,039,155013,16590,16538,963,17501,240
2021-05-30,Marin,041,260295,14082,14083,267,14350,229
2021-05-30,Mariposa,043,17540,435,430,11,441,5
2021-05-30,Mendocino,045,87422,4018,3955,78,4033,47
2021-05-30,Merced,047,269075,31101,31189,1005,32194,456
2021-05-30,Modoc,049,8938,381,374,131,505,3
2021-05-30,Mono,051,14174,1252,1275,13,1288,3
2021-05-30,Monterey,053,433212,43095,43049,1934,44983,379
2021-05-30,Napa,055,140530,9926,9948,34,9982,82
2021-05-30,Nevada,057,99092,4831,4818,198,5016,72
2021-05-30,Orange,059,3164182,255059,254559,11758,266317,5051
2021-05-30,Placer,061,380077,23288,23016,1564,24580,293
2021-05-30,Plumas,063,18699,705,690,12,702,4
2021-05-30,Riverside,065,2383286,291814,288961,14601,303562,4442
2021-05-30,Sacramento,067,1510023,106401,106252,1816,108068,1644
2021-05-30,San Benito,069,59416,6060,6072,118,6190,63
2021-05-30,San Bernardino,071,2135413,292880,292981,9440,302421,4758
2021-05-30,San Diego,073,3302833,280778,280209,14958,295167,3756
2021-05-30,San Francisco,075,870044,36729,37016,1381,38397,550
2021-05-30,San Joaquin,077,732212,73143,72853,3731,76584,1383
2021-05-30,San Luis Obispo,079,281455,21253,21211,782,21993,256
2021-05-30,San Mateo,081,765935,42411,42386,490,42876,439
2021-05-30,Santa Barbara,083,443738,34547,34369,1236,35605,456
2021-05-30,Santa Clara,085,1922200,118299,119510,794,120304,2057
2021-05-30,Santa Cruz,087,273765,16175,16140,873,17013,207
2021-05-30,Shasta,089,179085,12353,12408,1630,14038,199
2021-05-30,Sierra,091,2930,55,55,14,69,0
2021-05-30,Siskiyou,093,43540,1926,1856,380,2236,21
2021-05-30,Solano,095,438530,32924,32952,562,33514,256
2021-05-30,Sonoma,097,501317,30170,30310,345,30655,322
2021-05-30,Stanislaus,099,539301,56319,56323,6192,62515,973
2021-05-30,Sutter,101,95872,9516,9519,93,9612,111
2021-05-30,Tehama,103,63373,5072,5073,608,5681,63
2021-05-30,Trinity,105,12862,408,328,76,404,3
2021-05-30,Tulare,107,460477,49706,49397,9536,58933,845
2021-05-30,Tuolumne,109,53932,4084,4094,37,4131,63
2021-05-30,Ventura,111,848112,81152,81012,3099,84111,1021
2021-05-30,Yolo,113,214977,14029,14059,340,14399,210
2021-05-30,Yuba,115,75493,6063,6063,126,6189,48
2021-05-29,Alameda,001,1643700,88289,88433,2053,90486,1253
2021-05-29,Alpine,003,1148,88,88,0,88,0
2021-05-29,Amador,005,37829,3686,3683,34,3717,46
2021-05-29,Butte,007,227075,12517,12425,1905,14330,190
2021-05-29,Calaveras,009,45235,2174,2166,14,2180,55
2021-05-29,Colusa,011,21464,1948,1954,322,2276,15
2021-05-29,Contra Costa,013,1133247,69714,69351,1349,70700,813
2021-05-29,Del Norte,015,27424,1398,1391,13,1404,8
2021-05-29,El Dorado,017,186661,10266,10269,764,11033,110
2021-05-29,Fresno,019,978130,102275,102470,9004,111474,1706
2021-05-29,Glenn,021,27897,2420,2422,576,2998,18
2021-05-29,Humboldt,023,135768,4290,4283,37,4320,42
2021-05-29,Imperial,025,180216,28520,28729,2903,31632,736
2021-05-29,Inyo,027,18085,1402,1404,4,1408,35
2021-05-29,Kern,029,883053,97050,96424,11345,107769,1319
2021-05-29,Kings,031,150075,23013,22970,1188,24158,244
2021-05-29,Lake,033,64148,3535,3515,9,3524,45
2021-05-29,Lassen,035,31185,5206,5171,118,5289,6
2021-05-29,Los Angeles,037,10098052,1203262,1202264,43791,1246055,24359
2021-05-29,Madera,039,155013,16588,16535,963,17498,240
2021-05-29,Marin,041,260295,14078,14071,266,14337,229
2021-05-29,Mariposa,043,17540,434,428,11,439,5
2021-05-29,Mendocino,045,87422,4012,3952,78,4030,47
2021-05-29,Merced,047,269075,31089,31187,1005,32192,456
2021-05-29,Modoc,049,8938,381,374,131,505,3
2021-05-29,Mono,051,14174,1252,1275,13,1288,3
2021-05-29,Monterey,053,433212,43093,43042,1934,44976,379
2021-05-29,Napa,055,140530,9923,9948,34,9982,82
2021-05-29,Nevada,057,99092,4830,4816,198,5014,72
2021-05-29,Orange,059,3164182,255037,254537,11748,266285,5049
2021-05-29,Placer,061,380077,23273,23009,1563,24572,293
2021-05-29,Plumas,063,18699,705,689,12,701,4
2021-05-29,Riverside,065,2383286,291794,288908,14600,303508,4442
2021-05-29,Sacramento,067,1510023,106371,106218,1815,108033,1643
2021-05-29,San Benito,069,59416,6059,6072,118,6190,63
2021-05-29,San Bernardino,071,2135413,292848,292961,9439,302400,4757
2021-05-29,San Diego,073,3302833,280719,280151,14953,295104,3756
2021-05-29,San Francisco,075,870044,36720,37008,1381,38389,550
2021-05-29,San Joaquin,077,732212,73127,72827,3729,76556,1383
2021-05-29,San Luis Obispo,079,281455,21251,21201,782,21983,256
2021-05-29,San Mateo,081,765935,42404,42375,489,42864,439
2021-05-29,Santa Barbara,083,443738,34543,34367,1236,35603,456
2021-05-29,Santa Clara,085,1922200,118275,119498,793,120291,2056
2021-05-29,Santa Cruz,087,273765,16174,16137,873,17010,207
2021-05-29,Shasta,089,179085,12345,12401,1629,14030,199
2021-05-29,Sierra,091,2930,55,55,14,69,0
2021-05-29,Siskiyou,093,43540,1921,1856,380,2236,21
2021-05-29,Solano,095,438530,32915,32917,562,33479,256
2021-05-29,Sonoma,097,501317,30147,30298,344,30642,322
2021-05-29,Stanislaus,099,539301,56299,56305,6190,62495,974
2021-05-29,Sutter,101,95872,9512,9516,93,9609,111
2021-05-29,Tehama,103,63373,5071,5070,608,5678,63
2021-05-29,Trinity,105,12862,408,328,76,404,3
2021-05-29,Tulare,107,460477,49696,49392,9532,58924,845
2021-05-29,Tuolumne,109,53932,4084,4093,37,4130,63
2021-05-29,Ventura,111,848112,81144,81008,3099,84107,1021
2021-05-29,Yolo,113,214977,14028,14055,340,14395,210
2021-05-29,Yuba,115,75493,6063,6059,126,6185,48
2021-05-28,Alameda,001,1643700,88265,88391,2049,90440,1261
2021-05-28,Alpine,003,1148,88,88,0,88,0
2021-05-28,Amador,005,37829,3686,3680,34,3714,46
2021-05-28,Butte,007,227075,12514,12407,1904,14311,190
2021-05-28,Calaveras,009,45235,2173,2165,14,2179,55
2021-05-28,Colusa,011,21464,1948,1954,320,2274,15
2021-05-28,Contra Costa,013,1133247,69678,69290,1348,70638,813
2021-05-28,Del Norte,015,27424,1397,1390,13,1403,8
2021-05-28,El Dorado,017,186661,10263,10265,764,11029,110
2021-05-28,Fresno,019,978130,102260,102437,9004,111441,1705
2021-05-28,Glenn,021,27897,2420,2419,576,2995,18
2021-05-28,Humboldt,023,135768,4284,4265,37,4302,42
2021-05-28,Imperial,025,180216,28517,28722,2903,31625,736
2021-05-28,Inyo,027,18085,1402,1404,4,1408,35
2021-05-28,Kern,029,883053,97033,96396,11337,107733,1320
2021-05-28,Kings,031,150075,23011,22962,1188,24150,244
2021-05-28,Lake,033,64148,3533,3515,9,3524,45
2021-05-28,Lassen,035,31185,5206,5169,118,5287,6
2021-05-28,Los Angeles,037,10098052,1203154,1202103,43779,1245882,24357
2021-05-28,Madera,039,155013,16586,16530,963,17493,240
2021-05-28,Marin,041,260295,14077,14063,265,14328,229
2021-05-28,Mariposa,043,17540,434,428,11,439,5
2021-05-28,Mendocino,045,87422,4007,3947,78,4025,47
2021-05-28,Merced,047,269075,31086,31176,1005,32181,455
2021-05-28,Modoc,049,8938,381,374,131,505,3
2021-05-28,Mono,051,14174,1252,1274,13,1287,3
2021-05-28,Monterey,053,433212,43092,43036,1934,44970,379
2021-05-28,Napa,055,140530,9923,9941,34,9975,82
2021-05-28,Nevada,057,99092,4828,4813,198,5011,71
2021-05-28,Orange,059,3164182,255019,254494,11746,266240,5047
2021-05-28,Placer,061,380077,23263,22987,1561,24548,293
2021-05-28,Plumas,063,18699,703,688,12,700,4
2021-05-28,Riverside,065,2383286,291772,288872,14598,303470,4442
2021-05-28,Sacramento,067,1510023,106315,106131,1814,107945,1642
2021-05-28,San Benito,069,59416,6059,6074,118,6192,63
2021-05-28,San Bernardino,071,2135413,292825,292905,9439,302344,4757
2021-05-28,San Diego,073,3302833,280656,280043,14942,294985,3756
2021-05-28,San Francisco,075,870044,36714,36987,1381,38368,546
2021-05-28,San Joaquin,077,732212,73097,72793,3727,76520,1383
2021-05-28,San Luis Obispo,079,281455,21247,21190,780,21970,256
2021-05-28,San Mateo,081,765935,42398,42364,489,42853,439
2021-05-28,Santa Barbara,083,443738,34542,34371,1235,35606,455
2021-05-28,Santa Clara,085,1922200,118251,119462,793,120255,2056
2021-05-28,Santa Cruz,087,273765,16173,16129,873,17002,207
2021-05-28,Shasta,089,179085,12336,12383,1627,14010,198
2021-05-28,Sierra,091,2930,55,54,14,68,0
2021-05-28,Siskiyou,093,43540,1919,1850,380,2230,19
2021-05-28,Solano,095,438530,32900,32892,562,33454,256
2021-05-28,Sonoma,097,501317,30128,30270,344,30614,321
2021-05-28,Stanislaus,099,539301,56276,56278,6187,62465,974
2021-05-28,Sutter,101,95872,9508,9511,93,9604,111
2021-05-28,Tehama,103,63373,5065,5064,608,5672,63
2021-05-28,Trinity,105,12862,408,328,76,404,3
2021-05-28,Tulare,107,460477,49691,49375,9522,58897,846
2021-05-28,Tuolumne,109,53932,4084,4090,37,4127,63
2021-05-28,Ventura,111,848112,81133,80985,3098,84083,1021
2021-05-28,Yolo,113,214977,14024,14050,339,14389,210
2021-05-28,Yuba,115,75493,6061,6050,125,6175,48
2021-05-27,Alameda,001,1643700,88229,88342,2048,90390,1274
2021-05-27,Alpine,003,1148,88,88,0,88,0
2021-05-27,Amador,005,37829,3684,3680,34,3714,46
2021-05-27,Butte,007,227075,12508,12401,1903,14304,190
2021-05-27,Calaveras,009,45235,2172,2163,14,2177,55
2021-05-27,Colusa,011,21464,1945,1952,320,2272,15
2021-05-27,Contra Costa,013,1133247,69636,69245,1346,70591,813
2021-05-27,Del Norte,015,27424,1397,1388,13,1401,8
2021-05-27,El Dorado,017,186661,10262,10248,764,11012,112
2021-05-27,Fresno,019,978130,102244,102413,9001,111414,1704
2021-05-27,Glenn,021,27897,2420,2415,576,2991,18
2021-05-27,Humboldt,023,135768,4276,4260,37,4297,42
2021-05-27,Imperial,025,180216,28506,28728,2903,31631,736
2021-05-27,Inyo,027,18085,1402,1404,4,1408,35
2021-05-27,Kern,029,883053,97017,96364,11329,107693,1322
2021-05-27,Kings,031,150075,23008,22953,1188,24141,245
2021-05-27,Lake,033,64148,3528,3509,9,3518,45
2021-05-27,Lassen,035,31185,5205,5170,117,5287,6
2021-05-27,Los Angeles,037,10098052,1202993,1201927,43763,1245690,24348
2021-05-27,Madera,039,155013,16577,16527,963,17490,240
2021-05-27,Marin,041,260295,14073,14061,265,14326,229
2021-05-27,Mariposa,043,17540,432,427,11,438,5
2021-05-27,Mendocino,045,87422,4001,3945,78,4023,47
2021-05-27,Merced,047,269075,31074,31161,1005,32166,455
2021-05-27,Modoc,049,8938,380,374,131,505,3
2021-05-27,Mono,051,14174,1252,1276,13,1289,3
2021-05-27,Monterey,053,433212,43086,43032,1934,44966,379
2021-05-27,Napa,055,140530,9922,9934,34,9968,82
2021-05-27,Nevada,057,99092,4824,4807,196,5003,71
2021-05-27,Orange,059,3164182,254983,254438,11741,266179,5059
2021-05-27,Placer,061,380077,23254,22966,1561,24527,293
2021-05-27,Plumas,063,18699,703,687,12,699,4
2021-05-27,Riverside,065,2383286,291737,288835,14593,303428,4443
2021-05-27,Sacramento,067,1510023,106240,106015,1812,107827,1642
2021-05-27,San Benito,069,59416,6058,6074,118,6192,63
2021-05-27,San Bernardino,071,2135413,292789,292755,9437,302192,4756
2021-05-27,San Diego,073,3302833,280582,279960,14928,294888,3756
2021-05-27,San Francisco,075,870044,36709,36980,1377,38357,546
2021-05-27,San Joaquin,077,732212,73065,72714,3723,76437,1388
2021-05-27,San Luis Obispo,079,281455,21244,21171,780,21951,256
2021-05-27,San Mateo,081,765935,42389,42345,489,42834,436
2021-05-27,Santa Barbara,083,443738,34538,34355,1235,35590,456
2021-05-27,Santa Clara,085,1922200,118232,119452,793,120245,2053
2021-05-27,Santa Cruz,087,273765,16170,16134,873,17007,207
2021-05-27,Shasta,089,179085,12325,12380,1627,14007,202
2021-05-27,Sierra,091,2930,55,54,14,68,0
2021-05-27,Siskiyou,093,43540,1916,1846,380,2226,18
2021-05-27,Solano,095,438530,32859,32855,561,33416,257
2021-05-27,Sonoma,097,501317,30101,30253,340,30593,321
2021-05-27,Stanislaus,099,539301,56248,56207,6186,62393,974
2021-05-27,Sutter,101,95872,9504,9501,93,9594,111
2021-05-27,Tehama,103,63373,5062,5064,607,5671,63
2021-05-27,Trinity,105,12862,408,328,76,404,3
2021-05-27,Tulare,107,460477,49677,49366,9513,58879,840
2021-05-27,Tuolumne,109,53932,4083,4090,37,4127,66
2021-05-27,Ventura,111,848112,81120,80965,3095,84060,1023
2021-05-27,Yolo,113,214977,14021,14036,338,14374,213
2021-05-27,Yuba,115,75493,6056,6040,124,6164,48
2021-05-26,Alameda,001,1643700,88200,88297,2048,90345,1266
2021-05-26,Alpine,003,1148,88,88,0,88,0
2021-05-26,Amador,005,37829,3684,3679,34,3713,46
2021-05-26,Butte,007,227075,12499,12332,1902,14234,190
2021-05-26,Calaveras,009,45235,2170,2154,14,2168,55
2021-05-26,Colusa,011,21464,1944,1952,320,2272,15
2021-05-26,Contra Costa,013,1133247,69599,69210,1346,70556,812
2021-05-26,Del Norte,015,27424,1397,1386,12,1398,8
2021-05-26,El Dorado,017,186661,10258,10242,763,11005,112
2021-05-26,Fresno,019,978130,102212,102374,8996,111370,1702
2021-05-26,Glenn,021,27897,2419,2415,576,2991,18
2021-05-26,Humboldt,023,135768,4271,4246,37,4283,42
2021-05-26,Imperial,025,180216,28501,28712,2901,31613,734
2021-05-26,Inyo,027,18085,1402,1403,4,1407,36
2021-05-26,Kern,029,883053,96992,96343,11322,107665,1320
2021-05-26,Kings,031,150075,23004,22950,1187,24137,245
2021-05-26,Lake,033,64148,3527,3508,9,3517,45
2021-05-26,Lassen,035,31185,5204,5164,117,5281,6
2021-05-26,Los Angeles,037,10098052,1202829,1198100,43745,1241845,24221
2021-05-26,Madera,039,155013,16574,16520,963,17483,240
2021-05-26,Marin,041,260295,14070,14061,264,14325,227
2021-05-26,Mariposa,043,17540,432,427,11,438,5
2021-05-26,Mendocino,045,87422,3995,3938,78,4016,47
2021-05-26,Merced,047,269075,31065,31139,1005,32144,455
2021-05-26,Modoc,049,8938,380,371,130,501,3
2021-05-26,Mono,051,14174,1252,1274,13,1287,3
2021-05-26,Monterey,053,433212,43080,43018,1933,44951,379
2021-05-26,Napa,055,140530,9915,9932,32,9964,82
2021-05-26,Nevada,057,99092,4819,4803,196,4999,70
2021-05-26,Orange,059,3164182,254948,254368,11737,266105,5058
2021-05-26,Placer,061,380077,23230,22940,1561,24501,293
2021-05-26,Plumas,063,18699,702,685,12,697,4
2021-05-26,Riverside,065,2383286,291691,288782,14586,303368,4443
2021-05-26,Sacramento,067,1510023,106154,105919,1808,107727,1637
2021-05-26,San Benito,069,59416,6058,6074,118,6192,63
2021-05-26,San Bernardino,071,2135413,292754,292662,9436,302098,4755
2021-05-26,San Diego,073,3302833,280507,279859,14918,294777,3755
2021-05-26,San Francisco,075,870044,36697,36954,1377,38331,546
2021-05-26,San Joaquin,077,732212,73024,72681,3720,76401,1388
2021-05-26,San Luis Obispo,079,281455,21239,21163,780,21943,256
2021-05-26,San Mateo,081,765935,42380,42331,488,42819,436
2021-05-26,Santa Barbara,083,443738,34529,34348,1235,35583,459
2021-05-26,Santa Clara,085,1922200,118205,119421,792,120213,2031
2021-05-26,Santa Cruz,087,273765,16169,16139,873,17012,207
2021-05-26,Shasta,089,179085,12311,12357,1624,13981,202
2021-05-26,Sierra,091,2930,55,54,14,68,0
2021-05-26,Siskiyou,093,43540,1913,1847,378,2225,18
2021-05-26,Solano,095,438530,32823,32831,561,33392,257
2021-05-26,Sonoma,097,501317,30075,30230,340,30570,321
2021-05-26,Stanislaus,099,539301,56225,56193,6183,62376,974
2021-05-26,Sutter,101,95872,9499,9495,93,9588,112
2021-05-26,Tehama,103,63373,5061,5054,604,5658,63
2021-05-26,Trinity,105,12862,408,328,76,404,3
2021-05-26,Tulare,107,460477,49670,49352,9509,58861,839
2021-05-26,Tuolumne,109,53932,4079,4088,36,4124,66
2021-05-26,Ventura,111,848112,81097,80944,3093,84037,1023
2021-05-26,Yolo,113,214977,14018,14025,338,14363,213
2021-05-26,Yuba,115,75493,6051,6036,124,6160,49
2021-05-25,Alameda,001,1643700,88171,88237,2048,90285,1263
2021-05-25,Alpine,003,1148,88,88,0,88,0
2021-05-25,Amador,005,37829,3679,3676,34,3710,46
2021-05-25,Butte,007,227075,12488,12295,1901,14196,189
2021-05-25,Calaveras,009,45235,2168,2148,14,2162,55
2021-05-25,Colusa,011,21464,1943,1949,320,2269,15
2021-05-25,Contra Costa,013,1133247,69546,69167,1341,70508,809
2021-05-25,Del Norte,015,27424,1397,1385,12,1397,8
2021-05-25,El Dorado,017,186661,10251,10240,762,11002,112
2021-05-25,Fresno,019,978130,102190,102329,8996,111325,1701
2021-05-25,Glenn,021,27897,2418,2414,575,2989,17
2021-05-25,Humboldt,023,135768,4264,4231,35,4266,42
2021-05-25,Imperial,025,180216,28494,28586,2901,31487,735
2021-05-25,Inyo,027,18085,1402,1402,4,1406,36
2021-05-25,Kern,029,883053,96961,96319,11308,107627,1319
2021-05-25,Kings,031,150075,22998,22944,1186,24130,245
2021-05-25,Lake,033,64148,3526,3508,9,3517,44
2021-05-25,Lassen,035,31185,5200,5164,117,5281,6
2021-05-25,Los Angeles,037,10098052,1202654,1197940,43726,1241666,24212
2021-05-25,Madera,039,155013,16569,16519,962,17481,240
2021-05-25,Marin,041,260295,14064,14053,264,14317,227
2021-05-25,Mariposa,043,17540,431,427,11,438,5
2021-05-25,Mendocino,045,87422,3990,3928,78,4006,47
2021-05-25,Merced,047,269075,31044,31132,1005,32137,455
2021-05-25,Modoc,049,8938,379,367,130,497,3
2021-05-25,Mono,051,14174,1252,1274,13,1287,3
2021-05-25,Monterey,053,433212,43076,43012,1932,44944,379
2021-05-25,Napa,055,140530,9913,9926,32,9958,82
2021-05-25,Nevada,057,99092,4813,4795,196,4991,70
2021-05-25,Orange,059,3164182,254919,254321,11736,266057,5057
2021-05-25,Placer,061,380077,23219,22920,1559,24479,292
2021-05-25,Plumas,063,18699,702,684,12,696,4
2021-05-25,Riverside,065,2383286,291652,288725,14583,303308,4443
2021-05-25,Sacramento,067,1510023,106074,105828,1804,107632,1633
2021-05-25,San Benito,069,59416,6058,6073,118,6191,63
2021-05-25,San Bernardino,071,2135413,292695,292485,9435,301920,4755
2021-05-25,San Diego,073,3302833,280427,279786,14913,294699,3753
2021-05-25,San Francisco,075,870044,36674,36939,1377,38316,546
2021-05-25,San Joaquin,077,732212,72984,72628,3716,76344,1387
2021-05-25,San Luis Obispo,079,281455,21236,21153,780,21933,256
2021-05-25,San Mateo,081,765935,42370,42268,488,42756,435
2021-05-25,Santa Barbara,083,443738,34526,34337,1235,35572,459
2021-05-25,Santa Clara,085,1922200,118181,119393,791,120184,2032
2021-05-25,Santa Cruz,087,273765,16164,16141,873,17014,207
2021-05-25,Shasta,089,179085,12301,12328,1621,13949,202
2021-05-25,Sierra,091,2930,54,54,14,68,0
2021-05-25,Siskiyou,093,43540,1912,1845,377,2222,18
2021-05-25,Solano,095,438530,32805,32817,560,33377,256
2021-05-25,Sonoma,097,501317,30046,30207,339,30546,321
2021-05-25,Stanislaus,099,539301,56188,56168,6181,62349,974
2021-05-25,Sutter,101,95872,9495,9495,93,9588,112
2021-05-25,Tehama,103,63373,5059,5048,603,5651,63
2021-05-25,Trinity,105,12862,408,328,75,403,3
2021-05-25,Tulare,107,460477,49660,49326,9501,58827,838
2021-05-25,Tuolumne,109,53932,4079,4084,36,4120,66
2021-05-25,Ventura,111,848112,81079,80905,3093,83998,1022
2021-05-25,Yolo,113,214977,14011,14018,336,14354,213
2021-05-25,Yuba,115,75493,6044,6028,124,6152,49
2021-05-24,Alameda,001,1643700,88109,88182,2047,90229,1263
2021-05-24,Alpine,003,1148,88,88,0,88,0
2021-05-24,Amador,005,37829,3677,3675,34,3709,46
2021-05-24,Butte,007,227075,12475,12279,1898,14177,189
2021-05-24,Calaveras,009,45235,2167,2146,14,2160,54
2021-05-24,Colusa,011,21464,1943,1949,320,2269,15
2021-05-24,Contra Costa,013,1133247,69507,69107,1337,70444,809
2021-05-24,Del Norte,015,27424,1396,1384,12,1396,8
2021-05-24,El Dorado,017,186661,10241,10227,761,10988,112
2021-05-24,Fresno,019,978130,102149,102289,8994,111283,1698
2021-05-24,Glenn,021,27897,2418,2413,575,2988,17
2021-05-24,Humboldt,023,135768,4257,4225,35,4260,42
2021-05-24,Imperial,025,180216,28492,28575,2901,31476,735
2021-05-24,Inyo,027,18085,1402,1402,4,1406,36
2021-05-24,Kern,029,883053,96934,96296,11303,107599,1319
2021-05-24,Kings,031,150075,22994,22940,1186,24126,246
2021-05-24,Lake,033,64148,3524,3506,9,3515,43
2021-05-24,Lassen,035,31185,5196,5163,117,5280,6
2021-05-24,Los Angeles,037,10098052,1202482,1197782,43711,1241493,24201
2021-05-24,Madera,039,155013,16566,16513,961,17474,239
2021-05-24,Marin,041,260295,14062,14051,264,14315,227
2021-05-24,Mariposa,043,17540,430,427,11,438,5
2021-05-24,Mendocino,045,87422,3988,3919,78,3997,47
2021-05-24,Merced,047,269075,31034,31128,1004,32132,455
2021-05-24,Modoc,049,8938,379,366,129,495,3
2021-05-24,Mono,051,14174,1252,1270,13,1283,3
2021-05-24,Monterey,053,433212,43071,43005,1931,44936,379
2021-05-24,Napa,055,140530,9913,9924,32,9956,82
2021-05-24,Nevada,057,99092,4810,4790,196,4986,70
2021-05-24,Orange,059,3164182,254884,254287,11726,266013,5056
2021-05-24,Placer,061,380077,23200,22895,1558,24453,292
2021-05-24,Plumas,063,18699,701,683,12,695,4
2021-05-24,Riverside,065,2383286,291599,288669,14572,303241,4442
2021-05-24,Sacramento,067,1510023,105959,105716,1803,107519,1632
2021-05-24,San Benito,069,59416,6058,6072,118,6190,63
2021-05-24,San Bernardino,071,2135413,292657,292343,9434,301777,4747
2021-05-24,San Diego,073,3302833,280318,279715,14903,294618,3749
2021-05-24,San Francisco,075,870044,36655,36934,1376,38310,547
2021-05-24,San Joaquin,077,732212,72952,72586,3715,76301,1371
2021-05-24,San Luis Obispo,079,281455,21218,21146,779,21925,256
2021-05-24,San Mateo,081,765935,42360,42249,488,42737,433
2021-05-24,Santa Barbara,083,443738,34521,34322,1235,35557,459
2021-05-24,Santa Clara,085,1922200,118149,119358,791,120149,2030
2021-05-24,Santa Cruz,087,273765,16159,16135,873,17008,207
2021-05-24,Shasta,089,179085,12285,12315,1618,13933,201
2021-05-24,Sierra,091,2930,54,54,14,68,0
2021-05-24,Siskiyou,093,43540,1909,1840,377,2217,17
2021-05-24,Solano,095,438530,32781,32792,559,33351,254
2021-05-24,Sonoma,097,501317,30031,30187,339,30526,321
2021-05-24,Stanislaus,099,539301,56154,56128,6177,62305,974
2021-05-24,Sutter,101,95872,9489,9486,93,9579,113
2021-05-24,Tehama,103,63373,5056,5043,601,5644,63
2021-05-24,Trinity,105,12862,408,328,75,403,3
2021-05-24,Tulare,107,460477,49653,49318,9497,58815,838
2021-05-24,Tuolumne,109,53932,4079,4083,36,4119,65
2021-05-24,Ventura,111,848112,81066,80876,3091,83967,1022
2021-05-24,Yolo,113,214977,13994,14012,333,14345,213
2021-05-24,Yuba,115,75493,6035,6022,124,6146,49
2021-05-23,Alameda,001,1643700,88038,88157,2044,90201,1263
2021-05-23,Alpine,003,1148,88,88,0,88,0
2021-05-23,Amador,005,37829,3676,3673,34,3707,46
2021-05-23,Butte,007,227075,12461,12271,1897,14168,189
2021-05-23,Calaveras,009,45235,2158,2144,14,2158,54
2021-05-23,Colusa,011,21464,1943,1949,318,2267,15
2021-05-23,Contra Costa,013,1133247,69462,69075,1335,70410,809
2021-05-23,Del Norte,015,27424,1392,1383,12,1395,8
2021-05-23,El Dorado,017,186661,10235,10222,761,10983,112
2021-05-23,Fresno,019,978130,102105,102270,8989,111259,1698
2021-05-23,Glenn,021,27897,2416,2413,575,2988,17
2021-05-23,Humboldt,023,135768,4240,4216,35,4251,42
2021-05-23,Imperial,025,180216,28486,28569,2900,31469,735
2021-05-23,Inyo,027,18085,1402,1402,4,1406,36
2021-05-23,Kern,029,883053,96912,96282,11294,107576,1319
2021-05-23,Kings,031,150075,22981,22939,1184,24123,246
2021-05-23,Lake,033,64148,3521,3504,9,3513,43
2021-05-23,Lassen,035,31185,5192,5163,116,5279,6
2021-05-23,Los Angeles,037,10098052,1202299,1197633,43697,1241330,24197
2021-05-23,Madera,039,155013,16561,16504,960,17464,239
2021-05-23,Marin,041,260295,14053,14048,264,14312,227
2021-05-23,Mariposa,043,17540,430,427,11,438,5
2021-05-23,Mendocino,045,87422,3982,3913,77,3990,47
2021-05-23,Merced,047,269075,31024,31118,1004,32122,455
2021-05-23,Modoc,049,8938,375,366,129,495,3
2021-05-23,Mono,051,14174,1251,1270,13,1283,3
2021-05-23,Monterey,053,433212,43061,43003,1931,44934,379
2021-05-23,Napa,055,140530,9909,9923,32,9955,82
2021-05-23,Nevada,057,99092,4800,4790,196,4986,70
2021-05-23,Orange,059,3164182,254846,254277,11719,265996,5050
2021-05-23,Placer,061,380077,23180,22888,1558,24446,292
2021-05-23,Plumas,063,18699,700,683,12,695,4
2021-05-23,Riverside,065,2383286,291532,288641,14568,303209,4442
2021-05-23,Sacramento,067,1510023,105843,105663,1801,107464,1632
2021-05-23,San Benito,069,59416,6057,6072,118,6190,63
2021-05-23,San Bernardino,071,2135413,292606,292327,9432,301759,4747
2021-05-23,San Diego,073,3302833,280228,279690,14892,294582,3751
2021-05-23,San Francisco,075,870044,36644,36927,1375,38302,547
2021-05-23,San Joaquin,077,732212,72903,72571,3712,76283,1371
2021-05-23,San Luis Obispo,079,281455,21208,21141,778,21919,256
2021-05-23,San Mateo,081,765935,42343,42248,488,42736,433
2021-05-23,Santa Barbara,083,443738,34514,34319,1235,35554,459
2021-05-23,Santa Clara,085,1922200,118125,119333,791,120124,2030
2021-05-23,Santa Cruz,087,273765,16156,16130,873,17003,207
2021-05-23,Shasta,089,179085,12268,12313,1614,13927,201
2021-05-23,Sierra,091,2930,54,54,14,68,0
2021-05-23,Siskiyou,093,43540,1904,1826,370,2196,17
2021-05-23,Solano,095,438530,32763,32780,558,33338,254
2021-05-23,Sonoma,097,501317,30002,30168,338,30506,321
2021-05-23,Stanislaus,099,539301,56104,56104,6174,62278,974
2021-05-23,Sutter,101,95872,9480,9479,93,9572,113
2021-05-23,Tehama,103,63373,5049,5041,599,5640,63
2021-05-23,Trinity,105,12862,408,328,75,403,3
2021-05-23,Tulare,107,460477,49639,49310,9493,58803,838
2021-05-23,Tuolumne,109,53932,4076,4081,36,4117,65
2021-05-23,Ventura,111,848112,81036,80872,3090,83962,1022
2021-05-23,Yolo,113,214977,13982,14004,330,14334,213
2021-05-23,Yuba,115,75493,6030,6017,124,6141,49
2021-05-22,Alameda,001,1643700,88013,88101,2043,90144,1263
2021-05-22,Alpine,003,1148,88,88,0,88,0
2021-05-22,Amador,005,37829,3675,3672,34,3706,46
2021-05-22,Butte,007,227075,12449,12265,1896,14161,189
2021-05-22,Calaveras,009,45235,2155,2141,14,2155,54
2021-05-22,Colusa,011,21464,1939,1949,317,2266,15
2021-05-22,Contra Costa,013,1133247,69429,69004,1334,70338,809
2021-05-22,Del Norte,015,27424,1391,1381,12,1393,8
2021-05-22,El Dorado,017,186661,10230,10215,761,10976,112
2021-05-22,Fresno,019,978130,102091,102238,8987,111225,1698
2021-05-22,Glenn,021,27897,2416,2412,575,2987,17
2021-05-22,Humboldt,023,135768,4231,4194,34,4228,42
2021-05-22,Imperial,025,180216,28477,28574,2900,31474,735
2021-05-22,Inyo,027,18085,1402,1402,4,1406,36
2021-05-22,Kern,029,883053,96900,96260,11287,107547,1319
2021-05-22,Kings,031,150075,22981,22936,1184,24120,246
2021-05-22,Lake,033,64148,3518,3502,9,3511,43
2021-05-22,Lassen,035,31185,5192,5163,116,5279,6
2021-05-22,Los Angeles,037,10098052,1202193,1197454,43688,1241142,24192
2021-05-22,Madera,039,155013,16558,16503,960,17463,239
2021-05-22,Marin,041,260295,14050,14043,264,14307,227
2021-05-22,Mariposa,043,17540,430,427,11,438,5
2021-05-22,Mendocino,045,87422,3976,3908,77,3985,47
2021-05-22,Merced,047,269075,31014,31099,1004,32103,455
2021-05-22,Modoc,049,8938,375,366,129,495,3
2021-05-22,Mono,051,14174,1249,1270,13,1283,3
2021-05-22,Monterey,053,433212,43055,42998,1931,44929,379
2021-05-22,Napa,055,140530,9907,9918,32,9950,82
2021-05-22,Nevada,057,99092,4793,4787,195,4982,70
2021-05-22,Orange,059,3164182,254825,254238,11713,265951,5048
2021-05-22,Placer,061,380077,23166,22865,1557,24422,292
2021-05-22,Plumas,063,18699,699,683,12,695,4
2021-05-22,Riverside,065,2383286,291502,288580,14567,303147,4442
2021-05-22,Sacramento,067,1510023,105768,105551,1798,107349,1632
2021-05-22,San Benito,069,59416,6057,6071,118,6189,63
2021-05-22,San Bernardino,071,2135413,292581,292292,9432,301724,4747
2021-05-22,San Diego,073,3302833,280169,279614,14884,294498,3751
2021-05-22,San Francisco,075,870044,36634,36906,1373,38279,547
2021-05-22,San Joaquin,077,732212,72881,72528,3709,76237,1371
2021-05-22,San Luis Obispo,079,281455,21200,21134,777,21911,256
2021-05-22,San Mateo,081,765935,42333,42218,488,42706,433
2021-05-22,Santa Barbara,083,443738,34510,34313,1234,35547,459
2021-05-22,Santa Clara,085,1922200,118102,119292,791,120083,2030
2021-05-22,Santa Cruz,087,273765,16156,16125,873,16998,207
2021-05-22,Shasta,089,179085,12262,12307,1611,13918,201
2021-05-22,Sierra,091,2930,54,54,14,68,0
2021-05-22,Siskiyou,093,43540,1903,1824,369,2193,17
2021-05-22,Solano,095,438530,32750,32753,558,33311,254
2021-05-22,Sonoma,097,501317,29990,30154,338,30492,321
2021-05-22,Stanislaus,099,539301,56079,56069,6172,62241,974
2021-05-22,Sutter,101,95872,9475,9476,93,9569,113
2021-05-22,Tehama,103,63373,5048,5036,599,5635,63
2021-05-22,Trinity,105,12862,408,328,75,403,3
2021-05-22,Tulare,107,460477,49633,49299,9488,58787,838
2021-05-22,Tuolumne,109,53932,4076,4078,36,4114,65
2021-05-22,Ventura,111,848112,81032,80859,3090,83949,1022
2021-05-22,Yolo,113,214977,13980,13997,330,14327,213
2021-05-22,Yuba,115,75493,6027,6010,124,6134,49
2021-05-21,Alameda,001,1643700,87986,88041,2042,90083,1263
2021-05-21,Alpine,003,1148,88,88,0,88,0
2021-05-21,Amador,005,37829,3672,3672,34,3706,46
2021-05-21,Butte,007,227075,12442,12236,1894,14130,188
2021-05-21,Calaveras,009,45235,2153,2138,14,2152,54
2021-05-21,Colusa,011,21464,1939,1947,317,2264,15
2021-05-21,Contra Costa,013,1133247,69386,68965,1333,70298,810
2021-05-21,Del Norte,015,27424,1390,1376,12,1388,8
2021-05-21,El Dorado,017,186661,10226,10204,761,10965,112
2021-05-21,Fresno,019,978130,102063,102189,8985,111174,1698
2021-05-21,Glenn,021,27897,2416,2408,575,2983,17
2021-05-21,Humboldt,023,135768,4224,4175,34,4209,42
2021-05-21,Imperial,025,180216,28470,28572,2899,31471,732
2021-05-21,Inyo,027,18085,1402,1402,4,1406,36
2021-05-21,Kern,029,883053,96886,96233,11280,107513,1318
2021-05-21,Kings,031,150075,22981,22927,1184,24111,246
2021-05-21,Lake,033,64148,3516,3500,9,3509,43
2021-05-21,Lassen,035,31185,5191,5161,116,5277,6
2021-05-21,Los Angeles,037,10098052,1202083,1197263,43679,1240942,24180
2021-05-21,Madera,039,155013,16557,16500,959,17459,238
2021-05-21,Marin,041,260295,14045,14042,264,14306,227
2021-05-21,Mariposa,043,17540,429,427,11,438,5
2021-05-21,Mendocino,045,87422,3970,3897,77,3974,47
2021-05-21,Merced,047,269075,31006,31076,1004,32080,455
2021-05-21,Modoc,049,8938,375,365,129,494,3
2021-05-21,Mono,051,14174,1249,1269,13,1282,3
2021-05-21,Monterey,053,433212,43053,42995,1931,44926,379
2021-05-21,Napa,055,140530,9903,9913,32,9945,82
2021-05-21,Nevada,057,99092,4792,4779,195,4974,70
2021-05-21,Orange,059,3164182,254806,254171,11710,265881,5042
2021-05-21,Placer,061,380077,23158,22853,1557,24410,292
2021-05-21,Plumas,063,18699,699,683,11,694,4
2021-05-21,Riverside,065,2383286,291475,288499,14560,303059,4442
2021-05-21,Sacramento,067,1510023,105701,105476,1795,107271,1632
2021-05-21,San Benito,069,59416,6057,6068,118,6186,63
2021-05-21,San Bernardino,071,2135413,292550,292205,9429,301634,4744
2021-05-21,San Diego,073,3302833,280098,279554,14874,294428,3748
2021-05-21,San Francisco,075,870044,36628,36879,1373,38252,546
2021-05-21,San Joaquin,077,732212,72862,72467,3707,76174,1371
2021-05-21,San Luis Obispo,079,281455,21194,21128,774,21902,256
2021-05-21,San Mateo,081,765935,42320,42163,487,42650,432
2021-05-21,Santa Barbara,083,443738,34505,34302,1234,35536,459
2021-05-21,Santa Clara,085,1922200,118075,119247,791,120038,2029
2021-05-21,Santa Cruz,087,273765,16152,16120,873,16993,207
2021-05-21,Shasta,089,179085,12245,12289,1609,13898,201
2021-05-21,Sierra,091,2930,54,54,14,68,0
2021-05-21,Siskiyou,093,43540,1902,1815,369,2184,16
2021-05-21,Solano,095,438530,32735,32742,558,33300,254
2021-05-21,Sonoma,097,501317,29977,30126,338,30464,321
2021-05-21,Stanislaus,099,539301,56047,56036,6170,62206,975
2021-05-21,Sutter,101,95872,9473,9470,93,9563,113
2021-05-21,Tehama,103,63373,5042,5030,599,5629,63
2021-05-21,Trinity,105,12862,408,329,74,403,3
2021-05-21,Tulare,107,460477,49628,49271,9486,58757,838
2021-05-21,Tuolumne,109,53932,4074,4079,36,4115,65
2021-05-21,Ventura,111,848112,81024,80821,3087,83908,1021
2021-05-21,Yolo,113,214977,13973,13983,330,14313,213
2021-05-21,Yuba,115,75493,6021,6006,124,6130,49
2021-05-20,Alameda,001,1643700,87939,87975,2041,90016,1264
2021-05-20,Alpine,003,1148,88,88,0,88,0
2021-05-20,Amador,005,37829,3671,3671,34,3705,46
2021-05-20,Butte,007,227075,12435,12220,1891,14111,188
2021-05-20,Calaveras,009,45235,2149,2138,14,2152,54
2021-05-20,Colusa,011,21464,1938,1946,315,2261,15
2021-05-20,Contra Costa,013,1133247,69341,68913,1331,70244,809
2021-05-20,Del Norte,015,27424,1390,1373,12,1385,8
2021-05-20,El Dorado,017,186661,10217,10188,761,10949,112
2021-05-20,Fresno,019,978130,102042,102135,8983,111118,1696
2021-05-20,Glenn,021,27897,2413,2406,575,2981,17
2021-05-20,Humboldt,023,135768,4207,4162,34,4196,42
2021-05-20,Imperial,025,180216,28465,28551,2899,31450,732
2021-05-20,Inyo,027,18085,1402,1402,4,1406,36
2021-05-20,Kern,029,883053,96865,96204,11273,107477,1317
2021-05-20,Kings,031,150075,22979,22922,1184,24106,246
2021-05-20,Lake,033,64148,3513,3500,9,3509,43
2021-05-20,Lassen,035,31185,5189,5160,115,5275,6
2021-05-20,Los Angeles,037,10098052,1201928,1197073,43669,1240742,24168
2021-05-20,Madera,039,155013,16551,16499,957,17456,238
2021-05-20,Marin,041,260295,14041,14036,263,14299,227
2021-05-20,Mariposa,043,17540,429,426,11,437,5
2021-05-20,Mendocino,045,87422,3963,3897,77,3974,47
2021-05-20,Merced,047,269075,30993,31046,1003,32049,454
2021-05-20,Modoc,049,8938,375,365,129,494,3
2021-05-20,Mono,051,14174,1248,1269,13,1282,3
2021-05-20,Monterey,053,433212,43047,42984,1930,44914,379
2021-05-20,Napa,055,140530,9900,9913,32,9945,82
2021-05-20,Nevada,057,99092,4791,4775,195,4970,70
2021-05-20,Orange,059,3164182,254762,254127,11707,265834,5038
2021-05-20,Placer,061,380077,23146,22823,1555,24378,292
2021-05-20,Plumas,063,18699,697,682,11,693,4
2021-05-20,Riverside,065,2383286,291429,288453,14555,303008,4442
2021-05-20,Sacramento,067,1510023,105606,105414,1791,107205,1629
2021-05-20,San Benito,069,59416,6056,6067,118,6185,63
2021-05-20,San Bernardino,071,2135413,292504,292153,9428,301581,4728
2021-05-20,San Diego,073,3302833,280010,279490,14862,294352,3749
2021-05-20,San Francisco,075,870044,36619,36860,1373,38233,546
2021-05-20,San Joaquin,077,732212,72824,72388,3705,76093,1371
2021-05-20,San Luis Obispo,079,281455,21182,21095,772,21867,256
2021-05-20,San Mateo,081,765935,42306,42152,485,42637,432
2021-05-20,Santa Barbara,083,443738,34501,34293,1234,35527,459
2021-05-20,Santa Clara,085,1922200,118054,119222,791,120013,2029
2021-05-20,Santa Cruz,087,273765,16147,16119,873,16992,207
2021-05-20,Shasta,089,179085,12233,12266,1605,13871,200
2021-05-20,Sierra,091,2930,54,54,14,68,0
2021-05-20,Siskiyou,093,43540,1895,1811,368,2179,16
2021-05-20,Solano,095,438530,32720,32725,558,33283,253
2021-05-20,Sonoma,097,501317,29960,30107,337,30444,321
2021-05-20,Stanislaus,099,539301,56016,55979,6168,62147,970
2021-05-20,Sutter,101,95872,9469,9467,93,9560,113
2021-05-20,Tehama,103,63373,5040,5029,599,5628,63
2021-05-20,Trinity,105,12862,408,329,73,402,3
2021-05-20,Tulare,107,460477,49617,49217,9483,58700,837
2021-05-20,Tuolumne,109,53932,4073,4077,36,4113,65
2021-05-20,Ventura,111,848112,81013,80800,3087,83887,1019
2021-05-20,Yolo,113,214977,13968,13973,330,14303,211
2021-05-20,Yuba,115,75493,6012,6002,124,6126,49
2021-05-19,Alameda,001,1643700,87898,87889,2039,89928,1260
2021-05-19,Alpine,003,1148,88,88,0,88,0
2021-05-19,Amador,005,37829,3671,3669,34,3703,46
2021-05-19,Butte,007,227075,12425,12198,1891,14089,188
2021-05-19,Calaveras,009,45235,2145,2132,14,2146,54
2021-05-19,Colusa,011,21464,1938,1945,313,2258,15
2021-05-19,Contra Costa,013,1133247,69294,68836,1331,70167,808
2021-05-19,Del Norte,015,27424,1388,1371,12,1383,8
2021-05-19,El Dorado,017,186661,10212,10179,760,10939,112
2021-05-19,Fresno,019,978130,102013,102085,8979,111064,1693
2021-05-19,Glenn,021,27897,2413,2404,575,2979,17
2021-05-19,Humboldt,023,135768,4197,4143,34,4177,42
2021-05-19,Imperial,025,180216,28456,28550,2899,31449,732
2021-05-19,Inyo,027,18085,1402,1402,4,1406,36
2021-05-19,Kern,029,883053,96837,96173,11265,107438,1316
2021-05-19,Kings,031,150075,22973,22919,1184,24103,246
2021-05-19,Lake,033,64148,3513,3497,9,3506,43
2021-05-19,Lassen,035,31185,5188,5157,115,5272,6
2021-05-19,Los Angeles,037,10098052,1201735,1196856,43654,1240510,24143
2021-05-19,Madera,039,155013,16548,16496,957,17453,238
2021-05-19,Marin,041,260295,14037,14033,261,14294,227
2021-05-19,Mariposa,043,17540,429,425,11,436,5
2021-05-19,Mendocino,045,87422,3959,3886,77,3963,47
2021-05-19,Merced,047,269075,30977,31044,1003,32047,452
2021-05-19,Modoc,049,8938,375,364,127,491,3
2021-05-19,Mono,051,14174,1248,1266,13,1279,3
2021-05-19,Monterey,053,433212,43042,42973,1929,44902,379
2021-05-19,Napa,055,140530,9897,9906,32,9938,82
2021-05-19,Nevada,057,99092,4789,4769,195,4964,70
2021-05-19,Orange,059,3164182,254725,254087,11697,265784,5035
2021-05-19,Placer,061,380077,23128,22784,1549,24333,291
2021-05-19,Plumas,063,18699,697,682,11,693,4
2021-05-19,Riverside,065,2383286,291384,288398,14553,302951,4442
2021-05-19,Sacramento,067,1510023,105529,105225,1790,107015,1629
2021-05-19,San Benito,069,59416,6055,6064,118,6182,63
2021-05-19,San Bernardino,071,2135413,292460,292078,9425,301503,4725
2021-05-19,San Diego,073,3302833,279926,279345,14841,294186,3746
2021-05-19,San Francisco,075,870044,36606,36835,1372,38207,546
2021-05-19,San Joaquin,077,732212,72781,72338,3700,76038,1369
2021-05-19,San Luis Obispo,079,281455,21174,21085,771,21856,256
2021-05-19,San Mateo,081,765935,42299,42126,485,42611,429
2021-05-19,Santa Barbara,083,443738,34493,34292,1234,35526,459
2021-05-19,Santa Clara,085,1922200,118015,119176,790,119966,2015
2021-05-19,Santa Cruz,087,273765,16143,16121,872,16993,207
2021-05-19,Shasta,089,179085,12215,12233,1601,13834,200
2021-05-19,Sierra,091,2930,54,54,14,68,0
2021-05-19,Siskiyou,093,43540,1892,1803,367,2170,16
2021-05-19,Solano,095,438530,32693,32678,556,33234,253
2021-05-19,Sonoma,097,501317,29945,30080,337,30417,321
2021-05-19,Stanislaus,099,539301,55994,55912,6163,62075,967
2021-05-19,Sutter,101,95872,9462,9459,92,9551,113
2021-05-19,Tehama,103,63373,5032,5026,596,5622,63
2021-05-19,Trinity,105,12862,408,329,73,402,3
2021-05-19,Tulare,107,460477,49605,49163,9478,58641,837
2021-05-19,Tuolumne,109,53932,4073,4074,36,4110,64
2021-05-19,Ventura,111,848112,80997,80747,3086,83833,1019
2021-05-19,Yolo,113,214977,13962,13961,329,14290,211
2021-05-19,Yuba,115,75493,6008,5993,124,6117,49
2021-05-18,Alameda,001,1643700,87825,87816,2039,89855,1254
2021-05-18,Alpine,003,1148,88,88,0,88,0
2021-05-18,Amador,005,37829,3671,3669,34,3703,46
2021-05-18,Butte,007,227075,12413,12164,1888,14052,191
2021-05-18,Calaveras,009,45235,2141,2131,14,2145,54
2021-05-18,Colusa,011,21464,1938,1943,313,2256,14
2021-05-18,Contra Costa,013,1133247,69237,68750,1330,70080,808
2021-05-18,Del Norte,015,27424,1385,1371,12,1383,8
2021-05-18,El Dorado,017,186661,10201,10169,759,10928,112
2021-05-18,Fresno,019,978130,101977,102056,8976,111032,1690
2021-05-18,Glenn,021,27897,2407,2403,574,2977,17
2021-05-18,Humboldt,023,135768,4179,4132,34,4166,42
2021-05-18,Imperial,025,180216,28450,28538,2897,31435,730
2021-05-18,Inyo,027,18085,1402,1401,4,1405,36
2021-05-18,Kern,029,883053,96803,96128,11251,107379,1315
2021-05-18,Kings,031,150075,22967,22916,1184,24100,247
2021-05-18,Lake,033,64148,3511,3495,9,3504,43
2021-05-18,Lassen,035,31185,5187,5157,114,5271,6
2021-05-18,Los Angeles,037,10098052,1201558,1196668,43641,1240309,24133
2021-05-18,Madera,039,155013,16538,16491,957,17448,238
2021-05-18,Marin,041,260295,14034,14026,261,14287,227
2021-05-18,Mariposa,043,17540,429,424,11,435,5
2021-05-18,Mendocino,045,87422,3948,3877,76,3953,47
2021-05-18,Merced,047,269075,30958,31036,1003,32039,452
2021-05-18,Modoc,049,8938,374,364,126,490,3
2021-05-18,Mono,051,14174,1247,1265,13,1278,3
2021-05-18,Monterey,053,433212,43036,43001,1929,44930,379
2021-05-18,Napa,055,140530,9897,9905,32,9937,82
2021-05-18,Nevada,057,99092,4782,4762,195,4957,70
2021-05-18,Orange,059,3164182,254685,254041,11687,265728,5031
2021-05-18,Placer,061,380077,23095,22726,1545,24271,291
2021-05-18,Plumas,063,18699,697,682,11,693,4
2021-05-18,Riverside,065,2383286,291332,288354,14546,302900,4438
2021-05-18,Sacramento,067,1510023,105428,105083,1788,106871,1629
2021-05-18,San Benito,069,59416,6054,6065,118,6183,63
2021-05-18,San Bernardino,071,2135413,292408,292014,9420,301434,4722
2021-05-18,San Diego,073,3302833,279818,279254,14832,294086,3742
2021-05-18,San Francisco,075,870044,36586,36818,1372,38190,546
2021-05-18,San Joaquin,077,732212,72735,72282,3696,75978,1368
2021-05-18,San Luis Obispo,079,281455,21164,21080,769,21849,256
2021-05-18,San Mateo,081,765935,42287,42099,484,42583,428
2021-05-18,Santa Barbara,083,443738,34484,34278,1234,35512,459
2021-05-18,Santa Clara,085,1922200,117988,119171,790,119961,2014
2021-05-18,Santa Cruz,087,273765,16135,16137,872,17009,207
2021-05-18,Shasta,089,179085,12197,12197,1595,13792,200
2021-05-18,Sierra,091,2930,54,54,14,68,0
2021-05-18,Siskiyou,093,43540,1891,1799,367,2166,16
2021-05-18,Solano,095,438530,32668,32644,556,33200,253
2021-05-18,Sonoma,097,501317,29925,30054,336,30390,321
2021-05-18,Stanislaus,099,539301,55956,55860,6163,62023,959
2021-05-18,Sutter,101,95872,9454,9453,92,9545,113
2021-05-18,Tehama,103,63373,5028,5020,593,5613,63
2021-05-18,Trinity,105,12862,408,329,72,401,3
2021-05-18,Tulare,107,460477,49597,49142,9473,58615,836
2021-05-18,Tuolumne,109,53932,4071,4073,36,4109,64
2021-05-18,Ventura,111,848112,80982,80726,3083,83809,1017
2021-05-18,Yolo,113,214977,13955,13951,328,14279,211
2021-05-18,Yuba,115,75493,6004,5989,123,6112,49
2021-05-17,Alameda,001,1643700,87773,87766,2036,89802,1253
2021-05-17,Alpine,003,1148,88,88,0,88,0
2021-05-17,Amador,005,37829,3668,3668,34,3702,46
2021-05-17,Butte,007,227075,12405,12144,1888,14032,192
2021-05-17,Calaveras,009,45235,2141,2131,14,2145,53
2021-05-17,Colusa,011,21464,1938,1943,313,2256,14
2021-05-17,Contra Costa,013,1133247,69182,68720,1329,70049,805
2021-05-17,Del Norte,015,27424,1380,1369,12,1381,8
2021-05-17,El Dorado,017,186661,10184,10163,759,10922,112
2021-05-17,Fresno,019,978130,101933,102013,8969,110982,1690
2021-05-17,Glenn,021,27897,2407,2401,574,2975,17
2021-05-17,Humboldt,023,135768,4168,4112,34,4146,42
2021-05-17,Imperial,025,180216,28445,28533,2894,31427,729
2021-05-17,Inyo,027,18085,1402,1401,4,1405,36
2021-05-17,Kern,029,883053,96774,96095,11234,107329,1315
2021-05-17,Kings,031,150075,22964,22918,1184,24102,246
2021-05-17,Lake,033,64148,3506,3489,9,3498,43
2021-05-17,Lassen,035,31185,5184,5156,113,5269,6
2021-05-17,Los Angeles,037,10098052,1201385,1196556,43635,1240191,24123
2021-05-17,Madera,039,155013,16533,16486,957,17443,238
2021-05-17,Marin,041,260295,14028,14021,261,14282,227
2021-05-17,Mariposa,043,17540,428,423,11,434,5
2021-05-17,Mendocino,045,87422,3939,3868,76,3944,46
2021-05-17,Merced,047,269075,30943,31031,1003,32034,450
2021-05-17,Modoc,049,8938,373,362,126,488,3
2021-05-17,Mono,051,14174,1243,1265,13,1278,3
2021-05-17,Monterey,053,433212,43029,42995,1929,44924,379
2021-05-17,Napa,055,140530,9896,9894,32,9926,82
2021-05-17,Nevada,057,99092,4778,4761,194,4955,70
2021-05-17,Orange,059,3164182,254640,253993,11680,265673,5031
2021-05-17,Placer,061,380077,23069,22706,1538,24244,289
2021-05-17,Plumas,063,18699,697,682,11,693,4
2021-05-17,Riverside,065,2383286,291267,288304,14542,302846,4433
2021-05-17,Sacramento,067,1510023,105322,105035,1786,106821,1629
2021-05-17,San Benito,069,59416,6051,6067,118,6185,63
2021-05-17,San Bernardino,071,2135413,292359,291989,9413,301402,4724
2021-05-17,San Diego,073,3302833,279686,279146,14810,293956,3742
2021-05-17,San Francisco,075,870044,36574,36816,1370,38186,546
2021-05-17,San Joaquin,077,732212,72697,72234,3693,75927,1359
2021-05-17,San Luis Obispo,079,281455,21155,21079,767,21846,256
2021-05-17,San Mateo,081,765935,42259,42083,484,42567,428
2021-05-17,Santa Barbara,083,443738,34477,34275,1234,35509,459
2021-05-17,Santa Clara,085,1922200,117951,119116,788,119904,2015
2021-05-17,Santa Cruz,087,273765,16132,16151,872,17023,206
2021-05-17,Shasta,089,179085,12175,12163,1594,13757,200
2021-05-17,Sierra,091,2930,54,54,14,68,0
2021-05-17,Siskiyou,093,43540,1882,1795,364,2159,15
2021-05-17,Solano,095,438530,32650,32627,556,33183,253
2021-05-17,Sonoma,097,501317,29902,30043,335,30378,321
2021-05-17,Stanislaus,099,539301,55905,55839,6156,61995,951
2021-05-17,Sutter,101,95872,9447,9447,92,9539,113
2021-05-17,Tehama,103,63373,5025,5016,592,5608,63
2021-05-17,Trinity,105,12862,408,328,72,400,3
2021-05-17,Tulare,107,460477,49575,49107,9466,58573,836
2021-05-17,Tuolumne,109,53932,4071,4071,36,4107,64
2021-05-17,Ventura,111,848112,80962,80699,3083,83782,1017
2021-05-17,Yolo,113,214977,13949,13941,328,14269,211
2021-05-17,Yuba,115,75493,5996,5987,123,6110,49
2021-05-16,Alameda,001,1643700,87709,87743,2036,89779,1253
2021-05-16,Alpine,003,1148,88,88,0,88,0
2021-05-16,Amador,005,37829,3667,3667,34,3701,46
2021-05-16,Butte,007,227075,12391,12140,1888,14028,192
2021-05-16,Calaveras,009,45235,2139,2129,14,2143,53
2021-05-16,Colusa,011,21464,1936,1943,313,2256,14
2021-05-16,Contra Costa,013,1133247,69114,68694,1326,70020,805
2021-05-16,Del Norte,015,27424,1377,1365,12,1377,8
2021-05-16,El Dorado,017,186661,10168,10159,758,10917,112
2021-05-16,Fresno,019,978130,101889,101987,8963,110950,1690
2021-05-16,Glenn,021,27897,2407,2401,573,2974,17
2021-05-16,Humboldt,023,135768,4153,4104,34,4138,42
2021-05-16,Imperial,025,180216,28434,28516,2893,31409,729
2021-05-16,Inyo,027,18085,1402,1401,4,1405,36
2021-05-16,Kern,029,883053,96741,96083,11213,107296,1315
2021-05-16,Kings,031,150075,22960,22918,1181,24099,246
2021-05-16,Lake,033,64148,3503,3489,9,3498,43
2021-05-16,Lassen,035,31185,5183,5156,113,5269,6
2021-05-16,Los Angeles,037,10098052,1201166,1196397,43618,1240015,24120
2021-05-16,Madera,039,155013,16528,16483,954,17437,238
2021-05-16,Marin,041,260295,14025,14015,261,14276,227
2021-05-16,Mariposa,043,17540,428,423,11,434,5
2021-05-16,Mendocino,045,87422,3929,3863,76,3939,46
2021-05-16,Merced,047,269075,30922,31023,1001,32024,450
2021-05-16,Modoc,049,8938,373,362,126,488,3
2021-05-16,Mono,051,14174,1243,1265,13,1278,3
2021-05-16,Monterey,053,433212,43024,42991,1929,44920,379
2021-05-16,Napa,055,140530,9893,9891,32,9923,82
2021-05-16,Nevada,057,99092,4774,4755,194,4949,70
2021-05-16,Orange,059,3164182,254607,253962,11677,265639,5031
2021-05-16,Placer,061,380077,23037,22696,1532,24228,289
2021-05-16,Plumas,063,18699,696,682,11,693,4
2021-05-16,Riverside,065,2383286,291195,288259,14532,302791,4433
2021-05-16,Sacramento,067,1510023,105208,105013,1784,106797,1628
2021-05-16,San Benito,069,59416,6050,6067,117,6184,63
2021-05-16,San Bernardino,071,2135413,292286,291940,9411,301351,4724
2021-05-16,San Diego,073,3302833,279568,279099,14797,293896,3742
2021-05-16,San Francisco,075,870044,36552,36808,1369,38177,546
2021-05-16,San Joaquin,077,732212,72649,72218,3688,75906,1359
2021-05-16,San Luis Obispo,079,281455,21148,21072,766,21838,256
2021-05-16,San Mateo,081,765935,42248,42063,483,42546,428
2021-05-16,Santa Barbara,083,443738,34470,34270,1234,35504,459
2021-05-16,Santa Clara,085,1922200,117922,119098,787,119885,2015
2021-05-16,Santa Cruz,087,273765,16130,16143,872,17015,206
2021-05-16,Shasta,089,179085,12159,12156,1590,13746,200
2021-05-16,Sierra,091,2930,54,54,14,68,0
2021-05-16,Siskiyou,093,43540,1878,1790,363,2153,15
2021-05-16,Solano,095,438530,32617,32619,554,33173,253
2021-05-16,Sonoma,097,501317,29883,30033,335,30368,321
2021-05-16,Stanislaus,099,539301,55850,55814,6144,61958,951
2021-05-16,Sutter,101,95872,9440,9445,92,9537,113
2021-05-16,Tehama,103,63373,5021,5013,591,5604,63
2021-05-16,Trinity,105,12862,408,328,72,400,3
2021-05-16,Tulare,107,460477,49558,49091,9463,58554,837
2021-05-16,Tuolumne,109,53932,4067,4070,36,4106,64
2021-05-16,Ventura,111,848112,80931,80689,3083,83772,1017
2021-05-16,Yolo,113,214977,13934,13938,328,14266,211
2021-05-16,Yuba,115,75493,5993,5987,123,6110,49
2021-05-15,Alameda,001,1643700,87683,87677,2035,89712,1252
2021-05-15,Alpine,003,1148,88,88,0,88,0
2021-05-15,Amador,005,37829,3667,3666,34,3700,46
2021-05-15,Butte,007,227075,12384,12095,1887,13982,192
2021-05-15,Calaveras,009,45235,2138,2126,14,2140,53
2021-05-15,Colusa,011,21464,1936,1941,311,2252,14
2021-05-15,Contra Costa,013,1133247,69068,68658,1326,69984,805
2021-05-15,Del Norte,015,27424,1372,1359,12,1371,8
2021-05-15,El Dorado,017,186661,10156,10156,757,10913,112
2021-05-15,Fresno,019,978130,101853,101957,8960,110917,1690
2021-05-15,Glenn,021,27897,2407,2400,573,2973,17
2021-05-15,Humboldt,023,135768,4143,4080,34,4114,42
2021-05-15,Imperial,025,180216,28431,28504,2892,31396,729
2021-05-15,Inyo,027,18085,1402,1402,4,1406,36
2021-05-15,Kern,029,883053,96728,96061,11197,107258,1315
2021-05-15,Kings,031,150075,22959,22913,1181,24094,246
2021-05-15,Lake,033,64148,3502,3485,9,3494,43
2021-05-15,Lassen,035,31185,5180,5156,112,5268,6
2021-05-15,Los Angeles,037,10098052,1201045,1196255,43604,1239859,24115
2021-05-15,Madera,039,155013,16525,16482,954,17436,238
2021-05-15,Marin,041,260295,14021,14012,261,14273,227
2021-05-15,Mariposa,043,17540,428,423,11,434,5
2021-05-15,Mendocino,045,87422,3926,3861,76,3937,46
2021-05-15,Merced,047,269075,30901,31012,1001,32013,450
2021-05-15,Modoc,049,8938,373,362,126,488,3
2021-05-15,Mono,051,14174,1243,1265,13,1278,3
2021-05-15,Monterey,053,433212,43020,42982,1929,44911,379
2021-05-15,Napa,055,140530,9890,9887,32,9919,82
2021-05-15,Nevada,057,99092,4773,4755,194,4949,70
2021-05-15,Orange,059,3164182,254580,253919,11670,265589,5030
2021-05-15,Placer,061,380077,23016,22688,1532,24220,289
2021-05-15,Plumas,063,18699,696,681,11,692,4
2021-05-15,Riverside,065,2383286,291153,288203,14527,302730,4433
2021-05-15,Sacramento,067,1510023,105136,104929,1781,106710,1628
2021-05-15,San Benito,069,59416,6050,6066,117,6183,63
2021-05-15,San Bernardino,071,2135413,292244,291892,9409,301301,4724
2021-05-15,San Diego,073,3302833,279497,278991,14782,293773,3737
2021-05-15,San Francisco,075,870044,36536,36795,1367,38162,546
2021-05-15,San Joaquin,077,732212,72623,72197,3686,75883,1359
2021-05-15,San Luis Obispo,079,281455,21145,21061,765,21826,256
2021-05-15,San Mateo,081,765935,42232,42059,483,42542,428
2021-05-15,Santa Barbara,083,443738,34463,34259,1234,35493,459
2021-05-15,Santa Clara,085,1922200,117902,119060,787,119847,2016
2021-05-15,Santa Cruz,087,273765,16126,16137,872,17009,206
2021-05-15,Shasta,089,179085,12147,12152,1587,13739,200
2021-05-15,Sierra,091,2930,54,54,14,68,0
2021-05-15,Siskiyou,093,43540,1872,1788,361,2149,15
2021-05-15,Solano,095,438530,32608,32604,553,33157,253
2021-05-15,Sonoma,097,501317,29864,30020,335,30355,321
2021-05-15,Stanislaus,099,539301,55818,55795,6137,61932,952
2021-05-15,Sutter,101,95872,9438,9436,92,9528,113
2021-05-15,Tehama,103,63373,5017,5012,589,5601,63
2021-05-15,Trinity,105,12862,408,328,72,400,3
2021-05-15,Tulare,107,460477,49548,49080,9459,58539,837
2021-05-15,Tuolumne,109,53932,4065,4064,36,4100,63
2021-05-15,Ventura,111,848112,80920,80662,3083,83745,1017
2021-05-15,Yolo,113,214977,13927,13932,327,14259,211
2021-05-15,Yuba,115,75493,5990,5979,123,6102,49
2021-05-14,Alameda,001,1643700,87649,87621,2032,89653,1249
2021-05-14,Alpine,003,1148,88,88,0,88,0
2021-05-14,Amador,005,37829,3667,3665,34,3699,46
2021-05-14,Butte,007,227075,12375,12076,1884,13960,192
2021-05-14,Calaveras,009,45235,2134,2121,14,2135,53
2021-05-14,Colusa,011,21464,1935,1940,310,2250,14
2021-05-14,Contra Costa,013,1133247,69026,68589,1324,69913,806
2021-05-14,Del Norte,015,27424,1372,1355,12,1367,8
2021-05-14,El Dorado,017,186661,10149,10143,756,10899,113
2021-05-14,Fresno,019,978130,101824,101917,8954,110871,1688
2021-05-14,Glenn,021,27897,2406,2398,573,2971,17
2021-05-14,Humboldt,023,135768,4135,4050,34,4084,37
2021-05-14,Imperial,025,180216,28424,28485,2891,31376,728
2021-05-14,Inyo,027,18085,1402,1400,4,1404,36
2021-05-14,Kern,029,883053,96698,96033,11188,107221,1311
2021-05-14,Kings,031,150075,22958,22910,1181,24091,246
2021-05-14,Lake,033,64148,3498,3483,9,3492,43
2021-05-14,Lassen,035,31185,5180,5154,112,5266,6
2021-05-14,Los Angeles,037,10098052,1200911,1196038,43599,1239637,24101
2021-05-14,Madera,039,155013,16522,16474,954,17428,238
2021-05-14,Marin,041,260295,14017,14010,261,14271,227
2021-05-14,Mariposa,043,17540,428,422,11,433,5
2021-05-14,Mendocino,045,87422,3924,3855,76,3931,46
2021-05-14,Merced,047,269075,30891,31010,1001,32011,450
2021-05-14,Modoc,049,8938,373,362,126,488,3
2021-05-14,Mono,051,14174,1242,1265,13,1278,3
2021-05-14,Monterey,053,433212,43015,42973,1929,44902,380
2021-05-14,Napa,055,140530,9887,9883,32,9915,82
2021-05-14,Nevada,057,99092,4768,4745,194,4939,70
2021-05-14,Orange,059,3164182,254547,253855,11663,265518,5028
2021-05-14,Placer,061,380077,22997,22660,1526,24186,287
2021-05-14,Plumas,063,18699,695,680,11,691,4
2021-05-14,Riverside,065,2383286,291103,288140,14524,302664,4433
2021-05-14,Sacramento,067,1510023,105047,104828,1780,106608,1627
2021-05-14,San Benito,069,59416,6050,6064,117,6181,63
2021-05-14,San Bernardino,071,2135413,292196,291834,9409,301243,4721
2021-05-14,San Diego,073,3302833,279425,278853,14770,293623,3732
2021-05-14,San Francisco,075,870044,36527,36771,1363,38134,545
2021-05-14,San Joaquin,077,732212,72591,72160,3679,75839,1359
2021-05-14,San Luis Obispo,079,281455,21142,21051,764,21815,256
2021-05-14,San Mateo,081,765935,42221,42041,483,42524,428
2021-05-14,Santa Barbara,083,443738,34453,34243,1234,35477,456
2021-05-14,Santa Clara,085,1922200,117873,119006,787,119793,2014
2021-05-14,Santa Cruz,087,273765,16121,16130,872,17002,207
2021-05-14,Shasta,089,179085,12141,12130,1582,13712,200
2021-05-14,Sierra,091,2930,54,54,14,68,0
2021-05-14,Siskiyou,093,43540,1865,1779,360,2139,14
2021-05-14,Solano,095,438530,32588,32585,552,33137,252
2021-05-14,Sonoma,097,501317,29846,30007,335,30342,321
2021-05-14,Stanislaus,099,539301,55782,55752,6131,61883,950
2021-05-14,Sutter,101,95872,9429,9433,90,9523,113
2021-05-14,Tehama,103,63373,5010,5005,589,5594,63
2021-05-14,Trinity,105,12862,408,328,72,400,3
2021-05-14,Tulare,107,460477,49532,49060,9453,58513,836
2021-05-14,Tuolumne,109,53932,4065,4060,36,4096,63
2021-05-14,Ventura,111,848112,80906,80628,3083,83711,1014
2021-05-14,Yolo,113,214977,13922,13922,323,14245,210
2021-05-14,Yuba,115,75493,5986,5970,123,6093,47
2021-05-13,Alameda,001,1643700,87604,87557,2031,89588,1250
2021-05-13,Alpine,003,1148,88,88,0,88,0
2021-05-13,Amador,005,37829,3667,3662,34,3696,46
2021-05-13,Butte,007,227075,12362,12051,1883,13934,196
2021-05-13,Calaveras,009,45235,2134,2120,14,2134,53
2021-05-13,Colusa,011,21464,1934,1939,306,2245,14
2021-05-13,Contra Costa,013,1133247,68978,68522,1323,69845,806
2021-05-13,Del Norte,015,27424,1370,1354,12,1366,8
2021-05-13,El Dorado,017,186661,10147,10133,756,10889,112
2021-05-13,Fresno,019,978130,101795,101862,8953,110815,1687
2021-05-13,Glenn,021,27897,2405,2395,573,2968,17
2021-05-13,Humboldt,023,135768,4117,4027,34,4061,37
2021-05-13,Imperial,025,180216,28409,28468,2889,31357,729
2021-05-13,Inyo,027,18085,1402,1400,4,1404,36
2021-05-13,Kern,029,883053,96675,95996,11169,107165,1311
2021-05-13,Kings,031,150075,22957,22904,1181,24085,246
2021-05-13,Lake,033,64148,3496,3479,9,3488,43
2021-05-13,Lassen,035,31185,5180,5152,111,5263,6
2021-05-13,Los Angeles,037,10098052,1200722,1195504,43585,1239089,24083
2021-05-13,Madera,039,155013,16514,16467,954,17421,238
2021-05-13,Marin,041,260295,14012,14004,259,14263,227
2021-05-13,Mariposa,043,17540,428,422,11,433,5
2021-05-13,Mendocino,045,87422,3920,3846,76,3922,46
2021-05-13,Merced,047,269075,30883,30989,1001,31990,450
2021-05-13,Modoc,049,8938,373,362,126,488,3
2021-05-13,Mono,051,14174,1242,1265,13,1278,3
2021-05-13,Monterey,053,433212,43000,42966,1929,44895,380
2021-05-13,Napa,055,140530,9880,9877,32,9909,82
2021-05-13,Nevada,057,99092,4764,4743,193,4936,70
2021-05-13,Orange,059,3164182,254504,253778,11661,265439,5026
2021-05-13,Placer,061,380077,22973,22668,1519,24187,288
2021-05-13,Plumas,063,18699,695,680,11,691,4
2021-05-13,Riverside,065,2383286,291043,288067,14521,302588,4433
2021-05-13,Sacramento,067,1510023,104961,104711,1777,106488,1626
2021-05-13,San Benito,069,59416,6048,6062,117,6179,63
2021-05-13,San Bernardino,071,2135413,292130,291765,9409,301174,4722
2021-05-13,San Diego,073,3302833,279311,278592,14753,293345,3729
2021-05-13,San Francisco,075,870044,36503,36741,1361,38102,544
2021-05-13,San Joaquin,077,732212,72548,72096,3675,75771,1357
2021-05-13,San Luis Obispo,079,281455,21127,21043,763,21806,255
2021-05-13,San Mateo,081,765935,42204,42059,483,42542,426
2021-05-13,Santa Barbara,083,443738,34441,34242,1234,35476,456
2021-05-13,Santa Clara,085,1922200,117846,118952,787,119739,2013
2021-05-13,Santa Cruz,087,273765,16115,16129,872,17001,208
2021-05-13,Shasta,089,179085,12121,12111,1578,13689,200
2021-05-13,Sierra,091,2930,54,54,14,68,0
2021-05-13,Siskiyou,093,43540,1858,1769,357,2126,14
2021-05-13,Solano,095,438530,32575,32548,550,33098,252
2021-05-13,Sonoma,097,501317,29821,29991,335,30326,321
2021-05-13,Stanislaus,099,539301,55745,55678,6125,61803,949
2021-05-13,Sutter,101,95872,9425,9431,88,9519,112
2021-05-13,Tehama,103,63373,5005,4997,589,5586,63
2021-05-13,Trinity,105,12862,407,327,71,398,3
2021-05-13,Tulare,107,460477,49507,49032,9444,58476,837
2021-05-13,Tuolumne,109,53932,4064,4059,36,4095,63
2021-05-13,Ventura,111,848112,80876,80615,3082,83697,1012
2021-05-13,Yolo,113,214977,13913,13914,321,14235,210
2021-05-13,Yuba,115,75493,5977,5962,123,6085,47
2021-05-12,Alameda,001,1643700,87570,87482,2029,89511,1261
2021-05-12,Alpine,003,1148,88,88,0,88,0
2021-05-12,Amador,005,37829,3667,3658,34,3692,46
2021-05-12,Butte,007,227075,12352,12026,1883,13909,199
2021-05-12,Calaveras,009,45235,2131,2119,14,2133,53
2021-05-12,Colusa,011,21464,1932,1939,305,2244,14
2021-05-12,Contra Costa,013,1133247,68920,68462,1317,69779,805
2021-05-12,Del Norte,015,27424,1368,1352,12,1364,8
2021-05-12,El Dorado,017,186661,10138,10123,756,10879,112
2021-05-12,Fresno,019,978130,101746,101838,8942,110780,1688
2021-05-12,Glenn,021,27897,2402,2391,573,2964,17
2021-05-12,Humboldt,023,135768,4089,3982,34,4016,37
2021-05-12,Imperial,025,180216,28391,28443,2886,31329,726
2021-05-12,Inyo,027,18085,1402,1400,4,1404,36
2021-05-12,Kern,029,883053,96639,95955,11162,107117,1310
2021-05-12,Kings,031,150075,22955,22896,1181,24077,246
2021-05-12,Lake,033,64148,3494,3476,9,3485,43
2021-05-12,Lassen,035,31185,5178,5151,111,5262,6
2021-05-12,Los Angeles,037,10098052,1200542,1195318,43569,1238887,24067
2021-05-12,Madera,039,155013,16508,16462,953,17415,238
2021-05-12,Marin,041,260295,14007,13997,259,14256,227
2021-05-12,Mariposa,043,17540,428,422,11,433,5
2021-05-12,Mendocino,045,87422,3910,3836,76,3912,46
2021-05-12,Merced,047,269075,30867,30941,1001,31942,450
2021-05-12,Modoc,049,8938,372,362,126,488,3
2021-05-12,Mono,051,14174,1242,1265,13,1278,3
2021-05-12,Monterey,053,433212,42988,42950,1928,44878,380
2021-05-12,Napa,055,140530,9874,9870,32,9902,82
2021-05-12,Nevada,057,99092,4760,4738,193,4931,70
2021-05-12,Orange,059,3164182,254453,253587,11658,265245,5024
2021-05-12,Placer,061,380077,22954,22652,1512,24164,288
2021-05-12,Plumas,063,18699,695,681,11,692,4
2021-05-12,Riverside,065,2383286,290974,287830,14516,302346,4431
2021-05-12,Sacramento,067,1510023,104865,104592,1776,106368,1621
2021-05-12,San Benito,069,59416,6048,6062,117,6179,63
2021-05-12,San Bernardino,071,2135413,292085,291505,9404,300909,4715
2021-05-12,San Diego,073,3302833,279207,278402,14732,293134,3729
2021-05-12,San Francisco,075,870044,36484,36720,1360,38080,544
2021-05-12,San Joaquin,077,732212,72494,72043,3671,75714,1356
2021-05-12,San Luis Obispo,079,281455,21117,21021,763,21784,255
2021-05-12,San Mateo,081,765935,42195,42038,481,42519,426
2021-05-12,Santa Barbara,083,443738,34434,34218,1234,35452,456
2021-05-12,Santa Clara,085,1922200,117803,118897,787,119684,2005
2021-05-12,Santa Cruz,087,273765,16109,16123,872,16995,207
2021-05-12,Shasta,089,179085,12101,12092,1576,13668,200
2021-05-12,Sierra,091,2930,54,54,14,68,0
2021-05-12,Siskiyou,093,43540,1854,1760,355,2115,13
2021-05-12,Solano,095,438530,32551,32519,550,33069,252
2021-05-12,Sonoma,097,501317,29809,29976,335,30311,320
2021-05-12,Stanislaus,099,539301,55706,55632,6116,61748,919
2021-05-12,Sutter,101,95872,9422,9427,88,9515,112
2021-05-12,Tehama,103,63373,5001,4989,589,5578,62
2021-05-12,Trinity,105,12862,407,327,71,398,3
2021-05-12,Tulare,107,460477,49491,49001,9436,58437,838
2021-05-12,Tuolumne,109,53932,4063,4056,36,4092,63
2021-05-12,Ventura,111,848112,80857,80577,3082,83659,1010
2021-05-12,Yolo,113,214977,13906,13910,320,14230,210
2021-05-12,Yuba,115,75493,5974,5956,123,6079,47
2021-05-11,Alameda,001,1643700,87506,87413,2025,89438,1290
2021-05-11,Alpine,003,1148,88,88,0,88,0
2021-05-11,Amador,005,37829,3665,3657,34,3691,46
2021-05-11,Butte,007,227075,12337,12008,1880,13888,199
2021-05-11,Calaveras,009,45235,2131,2118,14,2132,52
2021-05-11,Colusa,011,21464,1931,1939,305,2244,14
2021-05-11,Contra Costa,013,1133247,68860,68406,1316,69722,806
2021-05-11,Del Norte,015,27424,1366,1347,12,1359,8
2021-05-11,El Dorado,017,186661,10132,10108,755,10863,112
2021-05-11,Fresno,019,978130,101701,101792,8936,110728,1686
2021-05-11,Glenn,021,27897,2401,2387,572,2959,17
2021-05-11,Humboldt,023,135768,4068,3964,33,3997,37
2021-05-11,Imperial,025,180216,28383,28413,2882,31295,722
2021-05-11,Inyo,027,18085,1401,1402,4,1406,36
2021-05-11,Kern,029,883053,96613,95938,11148,107086,1310
2021-05-11,Kings,031,150075,22947,22887,1181,24068,246
2021-05-11,Lake,033,64148,3494,3473,9,3482,43
2021-05-11,Lassen,035,31185,5176,5148,111,5259,6
2021-05-11,Los Angeles,037,10098052,1200307,1195100,43556,1238656,24048
2021-05-11,Madera,039,155013,16504,16459,953,17412,238
2021-05-11,Marin,041,260295,14000,13987,259,14246,227
2021-05-11,Mariposa,043,17540,428,421,11,432,5
2021-05-11,Mendocino,045,87422,3902,3821,76,3897,46
2021-05-11,Merced,047,269075,30858,30893,1001,31894,449
2021-05-11,Modoc,049,8938,372,362,125,487,3
2021-05-11,Mono,051,14174,1242,1265,13,1278,3
2021-05-11,Monterey,053,433212,42980,42934,1927,44861,380
2021-05-11,Napa,055,140530,9867,9870,32,9902,81
2021-05-11,Nevada,057,99092,4756,4737,193,4930,70
2021-05-11,Orange,059,3164182,254390,253545,11650,265195,5017
2021-05-11,Placer,061,380077,22932,22615,1508,24123,287
2021-05-11,Plumas,063,18699,693,679,11,690,4
2021-05-11,Riverside,065,2383286,290914,287757,14511,302268,4429
2021-05-11,Sacramento,067,1510023,104766,104496,1773,106269,1616
2021-05-11,San Benito,069,59416,6045,6058,117,6175,63
2021-05-11,San Bernardino,071,2135413,292025,291421,9402,300823,4707
2021-05-11,San Diego,073,3302833,279072,278308,14713,293021,3725
2021-05-11,San Francisco,075,870044,36464,36707,1360,38067,543
2021-05-11,San Joaquin,077,732212,72446,71999,3668,75667,1356
2021-05-11,San Luis Obispo,079,281455,21110,21008,761,21769,255
2021-05-11,San Mateo,081,765935,42176,41985,480,42465,425
2021-05-11,Santa Barbara,083,443738,34425,34207,1234,35441,456
2021-05-11,Santa Clara,085,1922200,117757,118857,786,119643,2005
2021-05-11,Santa Cruz,087,273765,16105,16113,872,16985,206
2021-05-11,Shasta,089,179085,12078,12050,1570,13620,200
2021-05-11,Sierra,091,2930,54,54,14,68,0
2021-05-11,Siskiyou,093,43540,1845,1756,353,2109,13
2021-05-11,Solano,095,438530,32534,32499,548,33047,250
2021-05-11,Sonoma,097,501317,29794,29966,335,30301,318
2021-05-11,Stanislaus,099,539301,55656,55589,6112,61701,909
2021-05-11,Sutter,101,95872,9415,9417,88,9505,112
2021-05-11,Tehama,103,63373,4997,4985,588,5573,62
2021-05-11,Trinity,105,12862,407,327,70,397,3
2021-05-11,Tulare,107,460477,49465,48974,9421,58395,837
2021-05-11,Tuolumne,109,53932,4062,4056,36,4092,63
2021-05-11,Ventura,111,848112,80833,80544,3079,83623,1008
2021-05-11,Yolo,113,214977,13893,13902,317,14219,210
2021-05-11,Yuba,115,75493,5965,5950,123,6073,46
2021-05-10,Alameda,001,1643700,87435,87366,2024,89390,1284
2021-05-10,Alpine,003,1148,88,88,0,88,0
2021-05-10,Amador,005,37829,3664,3657,34,3691,46
2021-05-10,Butte,007,227075,12322,11993,1875,13868,199
2021-05-10,Calaveras,009,45235,2124,2118,14,2132,52
2021-05-10,Colusa,011,21464,1931,1939,305,2244,14
2021-05-10,Contra Costa,013,1133247,68797,68357,1316,69673,806
2021-05-10,Del Norte,015,27424,1363,1339,12,1351,8
2021-05-10,El Dorado,017,186661,10118,10093,755,10848,113
2021-05-10,Fresno,019,978130,101670,101755,8930,110685,1682
2021-05-10,Glenn,021,27897,2400,2384,570,2954,17
2021-05-10,Humboldt,023,135768,4038,3961,33,3994,36
2021-05-10,Imperial,025,180216,28369,28397,2878,31275,722
2021-05-10,Inyo,027,18085,1401,1401,4,1405,36
2021-05-10,Kern,029,883053,96570,95920,11134,107054,1310
2021-05-10,Kings,031,150075,22936,22884,1180,24064,246
2021-05-10,Lake,033,64148,3486,3471,9,3480,43
2021-05-10,Lassen,035,31185,5172,5148,111,5259,5
2021-05-10,Los Angeles,037,10098052,1200053,1194976,43538,1238514,24030
2021-05-10,Madera,039,155013,16494,16450,953,17403,238
2021-05-10,Marin,041,260295,13997,13981,259,14240,228
2021-05-10,Mariposa,043,17540,427,420,11,431,5
2021-05-10,Mendocino,045,87422,3896,3818,76,3894,46
2021-05-10,Merced,047,269075,30848,30880,1001,31881,448
2021-05-10,Modoc,049,8938,372,361,125,486,3
2021-05-10,Mono,051,14174,1242,1265,13,1278,3
2021-05-10,Monterey,053,433212,42974,42927,1922,44849,380
2021-05-10,Napa,055,140530,9865,9860,32,9892,81
2021-05-10,Nevada,057,99092,4749,4735,193,4928,70
2021-05-10,Orange,059,3164182,254337,253484,11644,265128,5008
2021-05-10,Placer,061,380077,22911,22590,1505,24095,286
2021-05-10,Plumas,063,18699,692,679,11,690,4
2021-05-10,Riverside,065,2383286,290848,287689,14505,302194,4427
2021-05-10,Sacramento,067,1510023,104654,104378,1768,106146,1613
2021-05-10,San Benito,069,59416,6044,6058,117,6175,63
2021-05-10,San Bernardino,071,2135413,291974,291360,9401,300761,4707
2021-05-10,San Diego,073,3302833,278907,278183,14686,292869,3725
2021-05-10,San Francisco,075,870044,36445,36683,1360,38043,543
2021-05-10,San Joaquin,077,732212,72409,71954,3653,75607,1356
2021-05-10,San Luis Obispo,079,281455,21092,20993,760,21753,256
2021-05-10,San Mateo,081,765935,42158,41926,480,42406,424
2021-05-10,Santa Barbara,083,443738,34418,34201,1234,35435,456
2021-05-10,Santa Clara,085,1922200,117698,118822,786,119608,2003
2021-05-10,Santa Cruz,087,273765,16099,16114,872,16986,206
2021-05-10,Shasta,089,179085,12064,12036,1566,13602,200
2021-05-10,Sierra,091,2930,54,54,14,68,0
2021-05-10,Siskiyou,093,43540,1835,1752,351,2103,13
2021-05-10,Solano,095,438530,32514,32466,546,33012,250
2021-05-10,Sonoma,097,501317,29779,29955,334,30289,318
2021-05-10,Stanislaus,099,539301,55581,55541,6106,61647,898
2021-05-10,Sutter,101,95872,9409,9412,88,9500,111
2021-05-10,Tehama,103,63373,4993,4980,588,5568,62
2021-05-10,Trinity,105,12862,407,327,68,395,3
2021-05-10,Tulare,107,460477,49441,48956,9415,58371,837
2021-05-10,Tuolumne,109,53932,4058,4054,36,4090,63
2021-05-10,Ventura,111,848112,80817,80501,3077,83578,1008
2021-05-10,Yolo,113,214977,13881,13898,315,14213,209
2021-05-10,Yuba,115,75493,5963,5942,123,6065,46
2021-05-09,Alameda,001,1643700,87364,87292,2021,89313,1284
2021-05-09,Alpine,003,1148,88,88,0,88,0
2021-05-09,Amador,005,37829,3662,3655,34,3689,46
2021-05-09,Butte,007,227075,12303,11985,1871,13856,199
2021-05-09,Calaveras,009,45235,2123,2116,14,2130,52
2021-05-09,Colusa,011,21464,1930,1940,305,2245,14
2021-05-09,Contra Costa,013,1133247,68733,68302,1314,69616,806
2021-05-09,Del Norte,015,27424,1356,1338,12,1350,8
2021-05-09,El Dorado,017,186661,10104,10089,752,10841,113
2021-05-09,Fresno,019,978130,101632,101729,8921,110650,1682
2021-05-09,Glenn,021,27897,2393,2382,567,2949,17
2021-05-09,Humboldt,023,135768,4018,3950,33,3983,36
2021-05-09,Imperial,025,180216,28346,28388,2871,31259,722
2021-05-09,Inyo,027,18085,1401,1401,3,1404,36
2021-05-09,Kern,029,883053,96542,95903,11123,107026,1310
2021-05-09,Kings,031,150075,22927,22878,1180,24058,246
2021-05-09,Lake,033,64148,3482,3471,9,3480,43
2021-05-09,Lassen,035,31185,5170,5147,111,5258,5
2021-05-09,Los Angeles,037,10098052,1199793,1194820,43523,1238343,24026
2021-05-09,Madera,039,155013,16485,16444,947,17391,238
2021-05-09,Marin,041,260295,13986,13979,258,14237,228
2021-05-09,Mariposa,043,17540,424,420,11,431,5
2021-05-09,Mendocino,045,87422,3886,3814,76,3890,46
2021-05-09,Merced,047,269075,30825,30883,1001,31884,448
2021-05-09,Modoc,049,8938,372,360,125,485,3
2021-05-09,Mono,051,14174,1242,1264,13,1277,3
2021-05-09,Monterey,053,433212,42957,42918,1922,44840,380
2021-05-09,Napa,055,140530,9854,9857,32,9889,81
2021-05-09,Nevada,057,99092,4742,4727,193,4920,70
2021-05-09,Orange,059,3164182,254284,253451,11636,265087,5008
2021-05-09,Placer,061,380077,22885,22566,1502,24068,286
2021-05-09,Plumas,063,18699,691,679,11,690,4
2021-05-09,Riverside,065,2383286,290770,287644,14499,302143,4427
2021-05-09,Sacramento,067,1510023,104507,104309,1761,106070,1612
2021-05-09,San Benito,069,59416,6042,6056,117,6173,63
2021-05-09,San Bernardino,071,2135413,291892,291337,9395,300732,4707
2021-05-09,San Diego,073,3302833,278740,277950,14664,292614,3725
2021-05-09,San Francisco,075,870044,36419,36669,1358,38027,543
2021-05-09,San Joaquin,077,732212,72363,71927,3652,75579,1356
2021-05-09,San Luis Obispo,079,281455,21082,20999,760,21759,256
2021-05-09,San Mateo,081,765935,42129,41903,480,42383,424
2021-05-09,Santa Barbara,083,443738,34405,34196,1233,35429,456
2021-05-09,Santa Clara,085,1922200,117644,118798,785,119583,2003
2021-05-09,Santa Cruz,087,273765,16093,16094,872,16966,206
2021-05-09,Shasta,089,179085,12034,12034,1561,13595,200
2021-05-09,Sierra,091,2930,54,54,14,68,0
2021-05-09,Siskiyou,093,43540,1829,1741,348,2089,13
2021-05-09,Solano,095,438530,32475,32434,543,32977,250
2021-05-09,Sonoma,097,501317,29765,29953,333,30286,318
2021-05-09,Stanislaus,099,539301,55514,55511,6102,61613,898
2021-05-09,Sutter,101,95872,9403,9413,88,9501,111
2021-05-09,Tehama,103,63373,4988,4979,588,5567,62
2021-05-09,Trinity,105,12862,407,327,68,395,3
2021-05-09,Tulare,107,460477,49414,48948,9410,58358,837
2021-05-09,Tuolumne,109,53932,4057,4053,36,4089,63
2021-05-09,Ventura,111,848112,80802,80487,3076,83563,1008
2021-05-09,Yolo,113,214977,13870,13897,314,14211,209
2021-05-09,Yuba,115,75493,5957,5934,123,6057,46
2021-05-08,Alameda,001,1643700,87322,87213,2017,89230,1284
2021-05-08,Alpine,003,1148,88,88,0,88,0
2021-05-08,Amador,005,37829,3660,3652,34,3686,46
2021-05-08,Butte,007,227075,12291,11962,1870,13832,199
2021-05-08,Calaveras,009,45235,2122,2114,14,2128,52
2021-05-08,Colusa,011,21464,1930,1939,305,2244,14
2021-05-08,Contra Costa,013,1133247,68700,68223,1312,69535,803
2021-05-08,Del Norte,015,27424,1353,1335,12,1347,8
2021-05-08,El Dorado,017,186661,10090,10079,752,10831,113
2021-05-08,Fresno,019,978130,101597,101676,8916,110592,1682
2021-05-08,Glenn,021,27897,2391,2382,565,2947,17
2021-05-08,Humboldt,023,135768,4002,3939,33,3972,36
2021-05-08,Imperial,025,180216,28338,28373,2871,31244,721
2021-05-08,Inyo,027,18085,1401,1402,3,1405,36
2021-05-08,Kern,029,883053,96518,95880,11110,106990,1310
2021-05-08,Kings,031,150075,22924,22872,1179,24051,246
2021-05-08,Lake,033,64148,3481,3470,9,3479,43
2021-05-08,Lassen,035,31185,5169,5145,111,5256,5
2021-05-08,Los Angeles,037,10098052,1199646,1194584,43507,1238091,24022
2021-05-08,Madera,039,155013,16481,16442,947,17389,238
2021-05-08,Marin,041,260295,13983,13974,257,14231,228
2021-05-08,Mariposa,043,17540,424,420,11,431,5
2021-05-08,Mendocino,045,87422,3881,3810,75,3885,46
2021-05-08,Merced,047,269075,30816,30876,1001,31877,448
2021-05-08,Modoc,049,8938,372,360,124,484,3
2021-05-08,Mono,051,14174,1242,1262,13,1275,3
2021-05-08,Monterey,053,433212,42952,42914,1921,44835,380
2021-05-08,Napa,055,140530,9847,9853,32,9885,81
2021-05-08,Nevada,057,99092,4739,4716,193,4909,70
2021-05-08,Orange,059,3164182,254248,253412,11633,265045,5006
2021-05-08,Placer,061,380077,22867,22547,1500,24047,286
2021-05-08,Plumas,063,18699,690,679,11,690,4
2021-05-08,Riverside,065,2383286,290728,287574,14497,302071,4427
2021-05-08,Sacramento,067,1510023,104423,104208,1757,105965,1610
2021-05-08,San Benito,069,59416,6041,6048,117,6165,63
2021-05-08,San Bernardino,071,2135413,291848,291296,9395,300691,4707
2021-05-08,San Diego,073,3302833,278656,277760,14646,292406,3725
2021-05-08,San Francisco,075,870044,36396,36642,1358,38000,543
2021-05-08,San Joaquin,077,732212,72334,71869,3643,75512,1356
2021-05-08,San Luis Obispo,079,281455,21071,20992,760,21752,256
2021-05-08,San Mateo,081,765935,42118,41871,480,42351,424
2021-05-08,Santa Barbara,083,443738,34392,34185,1233,35418,456
2021-05-08,Santa Clara,085,1922200,117613,118751,785,119536,2003
2021-05-08,Santa Cruz,087,273765,16090,16089,872,16961,206
2021-05-08,Shasta,089,179085,12024,12030,1557,13587,200
2021-05-08,Sierra,091,2930,54,54,14,68,0
2021-05-08,Siskiyou,093,43540,1828,1741,344,2085,13
2021-05-08,Solano,095,438530,32450,32395,541,32936,249
2021-05-08,Sonoma,097,501317,29752,29942,333,30275,318
2021-05-08,Stanislaus,099,539301,55481,55467,6098,61565,898
2021-05-08,Sutter,101,95872,9400,9413,88,9501,111
2021-05-08,Tehama,103,63373,4986,4977,588,5565,62
2021-05-08,Trinity,105,12862,407,327,68,395,3
2021-05-08,Tulare,107,460477,49400,48929,9400,58329,837
2021-05-08,Tuolumne,109,53932,4056,4050,36,4086,63
2021-05-08,Ventura,111,848112,80791,80481,3073,83554,1008
2021-05-08,Yolo,113,214977,13867,13894,313,14207,209
2021-05-08,Yuba,115,75493,5949,5928,123,6051,46
2021-05-07,Alameda,001,1643700,87271,87128,2016,89144,1280
2021-05-07,Alpine,003,1148,88,88,0,88,0
2021-05-07,Amador,005,37829,3657,3651,34,3685,46
2021-05-07,Butte,007,227075,12273,11943,1865,13808,199
2021-05-07,Calaveras,009,45235,2120,2114,14,2128,52
2021-05-07,Colusa,011,21464,1930,1937,305,2242,14
2021-05-07,Contra Costa,013,1133247,68654,68156,1310,69466,804
2021-05-07,Del Norte,015,27424,1348,1329,12,1341,8
2021-05-07,El Dorado,017,186661,10077,10065,750,10815,112
2021-05-07,Fresno,019,978130,101564,101625,8915,110540,1684
2021-05-07,Glenn,021,27897,2388,2381,564,2945,17
2021-05-07,Humboldt,023,135768,3987,3919,33,3952,36
2021-05-07,Imperial,025,180216,28330,28352,2870,31222,721
2021-05-07,Inyo,027,18085,1401,1402,3,1405,36
2021-05-07,Kern,029,883053,96505,95839,11098,106937,1308
2021-05-07,Kings,031,150075,22923,22857,1178,24035,246
2021-05-07,Lake,033,64148,3479,3467,9,3476,43
2021-05-07,Lassen,035,31185,5168,5144,110,5254,5
2021-05-07,Los Angeles,037,10098052,1199473,1194294,43498,1237792,24008
2021-05-07,Madera,039,155013,16476,16439,947,17386,238
2021-05-07,Marin,041,260295,13979,13968,257,14225,228
2021-05-07,Mariposa,043,17540,423,419,11,430,5
2021-05-07,Mendocino,045,87422,3875,3805,75,3880,46
2021-05-07,Merced,047,269075,30813,30862,1001,31863,446
2021-05-07,Modoc,049,8938,372,360,124,484,3
2021-05-07,Mono,051,14174,1241,1261,13,1274,3
2021-05-07,Monterey,053,433212,42946,42909,1919,44828,380
2021-05-07,Napa,055,140530,9846,9849,32,9881,81
2021-05-07,Nevada,057,99092,4735,4704,193,4897,70
2021-05-07,Orange,059,3164182,254211,253338,11623,264961,5000
2021-05-07,Placer,061,380077,22848,22524,1497,24021,286
2021-05-07,Plumas,063,18699,690,678,11,689,4
2021-05-07,Riverside,065,2383286,290671,287479,14496,301975,4426
2021-05-07,Sacramento,067,1510023,104350,104068,1752,105820,1609
2021-05-07,San Benito,069,59416,6040,6048,117,6165,63
2021-05-07,San Bernardino,071,2135413,291805,291185,9390,300575,4697
2021-05-07,San Diego,073,3302833,278572,277534,14631,292165,3718
2021-05-07,San Francisco,075,870044,36383,36616,1357,37973,543
2021-05-07,San Joaquin,077,732212,72294,71804,3641,75445,1351
2021-05-07,San Luis Obispo,079,281455,21064,20979,760,21739,256
2021-05-07,San Mateo,081,765935,42102,41844,480,42324,424
2021-05-07,Santa Barbara,083,443738,34382,34166,1233,35399,453
2021-05-07,Santa Clara,085,1922200,117580,118691,784,119475,2002
2021-05-07,Santa Cruz,087,273765,16087,16074,872,16946,206
2021-05-07,Shasta,089,179085,12002,12005,1555,13560,200
2021-05-07,Sierra,091,2930,54,54,14,68,0
2021-05-07,Siskiyou,093,43540,1825,1723,344,2067,13
2021-05-07,Solano,095,438530,32423,32352,539,32891,249
2021-05-07,Sonoma,097,501317,29734,29925,331,30256,318
2021-05-07,Stanislaus,099,539301,55440,55407,6092,61499,896
2021-05-07,Sutter,101,95872,9400,9407,87,9494,111
2021-05-07,Tehama,103,63373,4979,4974,588,5562,57
2021-05-07,Trinity,105,12862,407,327,68,395,3
2021-05-07,Tulare,107,460477,49383,48913,9395,58308,837
2021-05-07,Tuolumne,109,53932,4054,4048,36,4084,63
2021-05-07,Ventura,111,848112,80767,80444,3073,83517,1008
2021-05-07,Yolo,113,214977,13862,13875,312,14187,209
2021-05-07,Yuba,115,75493,5939,5910,123,6033,46
2021-05-06,Alameda,001,1643700,87193,87028,2012,89040,1278
2021-05-06,Alpine,003,1148,88,88,0,88,0
2021-05-06,Amador,005,37829,3655,3650,34,3684,46
2021-05-06,Butte,007,227075,12253,11929,1860,13789,198
2021-05-06,Calaveras,009,45235,2119,2111,14,2125,52
2021-05-06,Colusa,011,21464,1930,1935,305,2240,14
2021-05-06,Contra Costa,013,1133247,68599,68076,1307,69383,802
2021-05-06,Del Norte,015,27424,1340,1324,12,1336,6
2021-05-06,El Dorado,017,186661,10070,10048,750,10798,112
2021-05-06,Fresno,019,978130,101522,101536,8909,110445,1680
2021-05-06,Glenn,021,27897,2387,2380,563,2943,17
2021-05-06,Humboldt,023,135768,3963,3898,32,3930,36
2021-05-06,Imperial,025,180216,28319,28311,2869,31180,720
2021-05-06,Inyo,027,18085,1401,1401,3,1404,36
2021-05-06,Kern,029,883053,96480,95801,11081,106882,1307
2021-05-06,Kings,031,150075,22916,22848,1177,24025,246
2021-05-06,Lake,033,64148,3478,3465,9,3474,43
2021-05-06,Lassen,035,31185,5167,5143,110,5253,1
2021-05-06,Los Angeles,037,10098052,1199233,1193954,43481,1237435,23991
2021-05-06,Madera,039,155013,16468,16430,947,17377,238
2021-05-06,Marin,041,260295,13975,13956,257,14213,228
2021-05-06,Mariposa,043,17540,422,419,11,430,5
2021-05-06,Mendocino,045,87422,3864,3802,75,3877,46
2021-05-06,Merced,047,269075,30798,30863,1000,31863,444
2021-05-06,Modoc,049,8938,372,360,124,484,3
2021-05-06,Mono,051,14174,1239,1261,13,1274,3
2021-05-06,Monterey,053,433212,42931,42899,1919,44818,379
2021-05-06,Napa,055,140530,9840,9843,32,9875,81
2021-05-06,Nevada,057,99092,4734,4687,193,4880,70
2021-05-06,Orange,059,3164182,254143,253286,11616,264902,4991
2021-05-06,Placer,061,380077,22826,22493,1497,23990,286
2021-05-06,Plumas,063,18699,690,678,11,689,4
2021-05-06,Riverside,065,2383286,290598,287399,14491,301890,4422
2021-05-06,Sacramento,067,1510023,104234,103956,1749,105705,1609
2021-05-06,San Benito,069,59416,6039,6045,117,6162,63
2021-05-06,San Bernardino,071,2135413,291734,291085,9389,300474,4683
2021-05-06,San Diego,073,3302833,278448,277324,14608,291932,3716
2021-05-06,San Francisco,075,870044,36368,36599,1357,37956,543
2021-05-06,San Joaquin,077,732212,72239,71729,3638,75367,1350
2021-05-06,San Luis Obispo,079,281455,21052,20965,758,21723,256
2021-05-06,San Mateo,081,765935,42084,41802,479,42281,424
2021-05-06,Santa Barbara,083,443738,34369,34152,1233,35385,453
2021-05-06,Santa Clara,085,1922200,117539,118591,784,119375,2001
2021-05-06,Santa Cruz,087,273765,16080,16050,872,16922,206
2021-05-06,Shasta,089,179085,11980,11983,1549,13532,199
2021-05-06,Sierra,091,2930,54,54,14,68,0
2021-05-06,Siskiyou,093,43540,1816,1711,342,2053,12
2021-05-06,Solano,095,438530,32397,32320,531,32851,249
2021-05-06,Sonoma,097,501317,29726,29911,331,30242,318
2021-05-06,Stanislaus,099,539301,55384,55323,6089,61412,834
2021-05-06,Sutter,101,95872,9394,9396,87,9483,111
2021-05-06,Tehama,103,63373,4974,4970,588,5558,53
2021-05-06,Trinity,105,12862,407,327,68,395,3
2021-05-06,Tulare,107,460477,49359,48890,9380,58270,836
2021-05-06,Tuolumne,109,53932,4050,4047,36,4083,63
2021-05-06,Ventura,111,848112,80736,80411,3070,83481,1005
2021-05-06,Yolo,113,214977,13854,13871,308,14179,209
2021-05-06,Yuba,115,75493,5927,5901,123,6024,46
2021-05-05,Alameda,001,1643700,87132,86950,2010,88960,1278
2021-05-05,Alpine,003,1148,88,88,0,88,0
2021-05-05,Amador,005,37829,3652,3650,34,3684,46
2021-05-05,Butte,007,227075,12235,11907,1857,13764,198
2021-05-05,Calaveras,009,45235,2115,2103,14,2117,52
2021-05-05,Colusa,011,21464,1929,1933,305,2238,14
2021-05-05,Contra Costa,013,1133247,68534,67997,1302,69299,803
2021-05-05,Del Norte,015,27424,1337,1317,12,1329,6
2021-05-05,El Dorado,017,186661,10059,10020,749,10769,111
2021-05-05,Fresno,019,978130,101473,101491,8900,110391,1680
2021-05-05,Glenn,021,27897,2384,2380,562,2942,17
2021-05-05,Humboldt,023,135768,3944,3886,31,3917,36
2021-05-05,Imperial,025,180216,28278,28295,2862,31157,720
2021-05-05,Inyo,027,18085,1400,1401,3,1404,36
2021-05-05,Kern,029,883053,96436,95753,11077,106830,1304
2021-05-05,Kings,031,150075,22910,22840,1176,24016,246
2021-05-05,Lake,033,64148,3475,3458,9,3467,43
2021-05-05,Lassen,035,31185,5167,5143,109,5252,1
2021-05-05,Los Angeles,037,10098052,1198966,1193608,43468,1237076,23977
2021-05-05,Madera,039,155013,16466,16423,947,17370,235
2021-05-05,Marin,041,260295,13967,13950,256,14206,228
2021-05-05,Mariposa,043,17540,422,418,11,429,5
2021-05-05,Mendocino,045,87422,3860,3799,75,3874,46
2021-05-05,Merced,047,269075,30777,30844,1000,31844,444
2021-05-05,Modoc,049,8938,371,361,123,484,3
2021-05-05,Mono,051,14174,1239,1260,13,1273,3
2021-05-05,Monterey,053,433212,42918,42870,1916,44786,379
2021-05-05,Napa,055,140530,9834,9833,32,9865,81
2021-05-05,Nevada,057,99092,4731,4666,193,4859,70
2021-05-05,Orange,059,3164182,254088,253237,11611,264848,4978
2021-05-05,Placer,061,380077,22794,22362,1493,23855,287
2021-05-05,Plumas,063,18699,690,677,11,688,4
2021-05-05,Riverside,065,2383286,290508,287353,14481,301834,4414
2021-05-05,Sacramento,067,1510023,104146,103476,1744,105220,1607
2021-05-05,San Benito,069,59416,6030,6046,117,6163,63
2021-05-05,San Bernardino,071,2135413,291661,291008,9385,300393,4677
2021-05-05,San Diego,073,3302833,278311,277098,14588,291686,3716
2021-05-05,San Francisco,075,870044,36353,36577,1356,37933,543
2021-05-05,San Joaquin,077,732212,72186,71638,3635,75273,1345
2021-05-05,San Luis Obispo,079,281455,21044,20958,758,21716,256
2021-05-05,San Mateo,081,765935,42053,41755,478,42233,415
2021-05-05,Santa Barbara,083,443738,34355,34139,1232,35371,453
2021-05-05,Santa Clara,085,1922200,117509,118482,780,119262,1992
2021-05-05,Santa Cruz,087,273765,16074,16013,872,16885,207
2021-05-05,Shasta,089,179085,11964,11939,1545,13484,200
2021-05-05,Sierra,091,2930,54,54,14,68,0
2021-05-05,Siskiyou,093,43540,1799,1706,334,2040,11
2021-05-05,Solano,095,438530,32362,32250,529,32779,249
2021-05-05,Sonoma,097,501317,29713,29879,331,30210,318
2021-05-05,Stanislaus,099,539301,55326,55231,6087,61318,807
2021-05-05,Sutter,101,95872,9388,9387,87,9474,111
2021-05-05,Tehama,103,63373,4971,4968,588,5556,53
2021-05-05,Trinity,105,12862,407,326,68,394,3
2021-05-05,Tulare,107,460477,49337,48875,9371,58246,835
2021-05-05,Tuolumne,109,53932,4047,4040,36,4076,63
2021-05-05,Ventura,111,848112,80707,80372,3066,83438,1005
2021-05-05,Yolo,113,214977,13850,13846,306,14152,209
2021-05-05,Yuba,115,75493,5917,5895,122,6017,44
2021-05-04,Alameda,001,1643700,87040,86894,2010,88904,1277
2021-05-04,Alpine,003,1148,88,88,0,88,0
2021-05-04,Amador,005,37829,3652,3650,34,3684,46
2021-05-04,Butte,007,227075,12211,11883,1855,13738,198
2021-05-04,Calaveras,009,45235,2110,2100,14,2114,52
2021-05-04,Colusa,011,21464,1928,1933,305,2238,14
2021-05-04,Contra Costa,013,1133247,68456,67931,1298,69229,799
2021-05-04,Del Norte,015,27424,1337,1314,12,1326,6
2021-05-04,El Dorado,017,186661,10048,10009,745,10754,110
2021-05-04,Fresno,019,978130,101418,101451,8893,110344,1677
2021-05-04,Glenn,021,27897,2381,2379,559,2938,17
2021-05-04,Humboldt,023,135768,3918,3877,31,3908,36
2021-05-04,Imperial,025,180216,28258,28276,2858,31134,720
2021-05-04,Inyo,027,18085,1400,1399,3,1402,36
2021-05-04,Kern,029,883053,96400,95720,11059,106779,1301
2021-05-04,Kings,031,150075,22896,22822,1173,23995,246
2021-05-04,Lake,033,64148,3474,3454,9,3463,43
2021-05-04,Lassen,035,31185,5166,5142,109,5251,1
2021-05-04,Los Angeles,037,10098052,1198678,1193453,43456,1236909,23957
2021-05-04,Madera,039,155013,16465,16418,947,17365,235
2021-05-04,Marin,041,260295,13960,13935,256,14191,228
2021-05-04,Mariposa,043,17540,422,418,11,429,5
2021-05-04,Mendocino,045,87422,3855,3794,75,3869,46
2021-05-04,Merced,047,269075,30760,30829,1000,31829,444
2021-05-04,Modoc,049,8938,370,360,122,482,3
2021-05-04,Mono,051,14174,1239,1260,13,1273,3
2021-05-04,Monterey,053,433212,42906,42845,1915,44760,380
2021-05-04,Napa,055,140530,9825,9824,32,9856,81
2021-05-04,Nevada,057,99092,4724,4656,193,4849,70
2021-05-04,Orange,059,3164182,254021,253177,11601,264778,4977
2021-05-04,Placer,061,380077,22765,22326,1490,23816,287
2021-05-04,Plumas,063,18699,689,675,11,686,4
2021-05-04,Riverside,065,2383286,290425,287285,14474,301759,4411
2021-05-04,Sacramento,067,1510023,104017,103383,1739,105122,1604
2021-05-04,San Benito,069,59416,6029,6039,117,6156,63
2021-05-04,San Bernardino,071,2135413,291583,290934,9378,300312,4668
2021-05-04,San Diego,073,3302833,278145,276879,14571,291450,3713
2021-05-04,San Francisco,075,870044,36335,36550,1356,37906,541
2021-05-04,San Joaquin,077,732212,72125,71582,3630,75212,1342
2021-05-04,San Luis Obispo,079,281455,21038,20923,756,21679,255
2021-05-04,San Mateo,081,765935,42027,41708,478,42186,415
2021-05-04,Santa Barbara,083,443738,34339,34131,1232,35363,453
2021-05-04,Santa Clara,085,1922200,117446,118431,779,119210,1988
2021-05-04,Santa Cruz,087,273765,16068,16005,872,16877,207
2021-05-04,Shasta,089,179085,11944,11923,1539,13462,198
2021-05-04,Sierra,091,2930,54,54,14,68,0
2021-05-04,Siskiyou,093,43540,1792,1694,332,2026,11
2021-05-04,Solano,095,438530,32321,32220,527,32747,249
2021-05-04,Sonoma,097,501317,29693,29867,330,30197,318
2021-05-04,Stanislaus,099,539301,55270,55165,6083,61248,807
2021-05-04,Sutter,101,95872,9383,9375,87,9462,111
2021-05-04,Tehama,103,63373,4969,4959,587,5546,53
2021-05-04,Trinity,105,12862,407,326,68,394,3
2021-05-04,Tulare,107,460477,49311,48857,9361,58218,835
2021-05-04,Tuolumne,109,53932,4045,4041,36,4077,61
2021-05-04,Ventura,111,848112,80678,80351,3064,83415,1005
2021-05-04,Yolo,113,214977,13837,13820,304,14124,208
2021-05-04,Yuba,115,75493,5911,5891,122,6013,44
2021-05-03,Alameda,001,1643700,86962,86845,2004,88849,1272
2021-05-03,Alpine,003,1148,88,88,0,88,0
2021-05-03,Amador,005,37829,3652,3651,34,3685,46
2021-05-03,Butte,007,227075,12201,11864,1852,13716,198
2021-05-03,Calaveras,009,45235,2109,2099,14,2113,50
2021-05-03,Colusa,011,21464,1927,1931,303,2234,14
2021-05-03,Contra Costa,013,1133247,68397,67895,1294,69189,799
2021-05-03,Del Norte,015,27424,1332,1306,11,1317,6
2021-05-03,El Dorado,017,186661,10030,9984,740,10724,110
2021-05-03,Fresno,019,978130,101365,101405,8882,110287,1678
2021-05-03,Glenn,021,27897,2381,2375,558,2933,17
2021-05-03,Humboldt,023,135768,3903,3865,31,3896,36
2021-05-03,Imperial,025,180216,28236,28280,2855,31135,720
2021-05-03,Inyo,027,18085,1399,1398,3,1401,36
2021-05-03,Kern,029,883053,96364,95693,11046,106739,1299
2021-05-03,Kings,031,150075,22887,22821,1173,23994,246
2021-05-03,Lake,033,64148,3472,3446,9,3455,43
2021-05-03,Lassen,035,31185,5165,5142,109,5251,1
2021-05-03,Los Angeles,037,10098052,1198413,1193261,43427,1236688,23942
2021-05-03,Madera,039,155013,16461,16414,946,17360,235
2021-05-03,Marin,041,260295,13954,13927,256,14183,228
2021-05-03,Mariposa,043,17540,422,418,11,429,5
2021-05-03,Mendocino,045,87422,3848,3792,75,3867,46
2021-05-03,Merced,047,269075,30749,30814,998,31812,444
2021-05-03,Modoc,049,8938,370,360,122,482,3
2021-05-03,Mono,051,14174,1239,1259,13,1272,3
2021-05-03,Monterey,053,433212,42895,42837,1913,44750,380
2021-05-03,Napa,055,140530,9820,9815,32,9847,81
2021-05-03,Nevada,057,99092,4716,4650,193,4843,70
2021-05-03,Orange,059,3164182,253962,253107,11592,264699,4968
2021-05-03,Placer,061,380077,22734,22289,1484,23773,287
2021-05-03,Plumas,063,18699,688,675,11,686,4
2021-05-03,Riverside,065,2383286,290353,287233,14473,301706,4412
2021-05-03,Sacramento,067,1510023,103864,103303,1729,105032,1602
2021-05-03,San Benito,069,59416,6028,6038,117,6155,63
2021-05-03,San Bernardino,071,2135413,291515,290886,9375,300261,4659
2021-05-03,San Diego,073,3302833,277982,276693,14546,291239,3712
2021-05-03,San Francisco,075,870044,36309,36538,1356,37894,541
2021-05-03,San Joaquin,077,732212,72074,71504,3627,75131,1325
2021-05-03,San Luis Obispo,079,281455,21022,20915,753,21668,254
2021-05-03,San Mateo,081,765935,42004,41689,477,42166,413
2021-05-03,Santa Barbara,083,443738,34327,34119,1232,35351,453
2021-05-03,Santa Clara,085,1922200,117392,118373,778,119151,1988
2021-05-03,Santa Cruz,087,273765,16065,16000,872,16872,207
2021-05-03,Shasta,089,179085,11921,11890,1534,13424,197
2021-05-03,Sierra,091,2930,54,54,14,68,0
2021-05-03,Siskiyou,093,43540,1786,1683,326,2009,11
2021-05-03,Solano,095,438530,32280,32201,526,32727,249
2021-05-03,Sonoma,097,501317,29681,29855,327,30182,318
2021-05-03,Stanislaus,099,539301,55206,55116,6072,61188,774
2021-05-03,Sutter,101,95872,9371,9370,87,9457,111
2021-05-03,Tehama,103,63373,4960,4952,587,5539,53
2021-05-03,Trinity,105,12862,407,326,68,394,3
2021-05-03,Tulare,107,460477,49294,48844,9351,58195,835
2021-05-03,Tuolumne,109,53932,4044,4038,36,4074,61
2021-05-03,Ventura,111,848112,80656,80291,3064,83355,1005
2021-05-03,Yolo,113,214977,13824,13809,302,14111,208
2021-05-03,Yuba,115,75493,5906,5880,122,6002,44
2021-05-02,Alameda,001,1643700,86877,86784,2003,88787,1272
2021-05-02,Alpine,003,1148,88,88,0,88,0
2021-05-02,Amador,005,37829,3652,3650,34,3684,46
2021-05-02,Butte,007,227075,12177,11859,1849,13708,198
2021-05-02,Calaveras,009,45235,2105,2098,14,2112,50
2021-05-02,Colusa,011,21464,1926,1931,302,2233,14
2021-05-02,Contra Costa,013,1133247,68311,67843,1291,69134,800
2021-05-02,Del Norte,015,27424,1325,1305,11,1316,6
2021-05-02,El Dorado,017,186661,10015,9962,739,10701,110
2021-05-02,Fresno,019,978130,101294,101372,8872,110244,1678
2021-05-02,Glenn,021,27897,2380,2374,556,2930,17
2021-05-02,Humboldt,023,135768,3891,3858,30,3888,36
2021-05-02,Imperial,025,180216,28202,28275,2846,31121,721
2021-05-02,Inyo,027,18085,1397,1398,3,1401,36
2021-05-02,Kern,029,883053,96306,95668,11039,106707,1299
2021-05-02,Kings,031,150075,22869,22816,1172,23988,246
2021-05-02,Lake,033,64148,3470,3443,9,3452,43
2021-05-02,Lassen,035,31185,5164,5142,108,5250,1
2021-05-02,Los Angeles,037,10098052,1198068,1193056,43403,1236459,23943
2021-05-02,Madera,039,155013,16455,16410,946,17356,235
2021-05-02,Marin,041,260295,13944,13917,256,14173,228
2021-05-02,Mariposa,043,17540,422,419,11,430,5
2021-05-02,Mendocino,045,87422,3843,3787,75,3862,46
2021-05-02,Merced,047,269075,30727,30793,996,31789,444
2021-05-02,Modoc,049,8938,369,360,122,482,3
2021-05-02,Mono,051,14174,1238,1259,13,1272,3
2021-05-02,Monterey,053,433212,42882,42837,1911,44748,380
2021-05-02,Napa,055,140530,9816,9805,32,9837,81
2021-05-02,Nevada,057,99092,4700,4635,193,4828,70
2021-05-02,Orange,059,3164182,253887,253025,11579,264604,4968
2021-05-02,Placer,061,380077,22705,22264,1481,23745,287
2021-05-02,Plumas,063,18699,688,675,11,686,4
2021-05-02,Riverside,065,2383286,290254,287197,14463,301660,4412
2021-05-02,Sacramento,067,1510023,103728,103153,1722,104875,1602
2021-05-02,San Benito,069,59416,6023,6037,117,6154,63
2021-05-02,San Bernardino,071,2135413,291416,290859,9373,300232,4655
2021-05-02,San Diego,073,3302833,277786,276521,14519,291040,3712
2021-05-02,San Francisco,075,870044,36283,36522,1356,37878,541
2021-05-02,San Joaquin,077,732212,72010,71447,3620,75067,1325
2021-05-02,San Luis Obispo,079,281455,21002,20910,752,21662,254
2021-05-02,San Mateo,081,765935,41988,41656,476,42132,412
2021-05-02,Santa Barbara,083,443738,34313,34106,1232,35338,453
2021-05-02,Santa Clara,085,1922200,117318,118321,778,119099,1988
2021-05-02,Santa Cruz,087,273765,16060,15995,871,16866,207
2021-05-02,Shasta,089,179085,11905,11885,1526,13411,197
2021-05-02,Sierra,091,2930,54,54,14,68,0
2021-05-02,Siskiyou,093,43540,1775,1661,325,1986,11
2021-05-02,Solano,095,438530,32241,32151,522,32673,249
2021-05-02,Sonoma,097,501317,29659,29842,327,30169,318
2021-05-02,Stanislaus,099,539301,55133,55057,6065,61122,774
2021-05-02,Sutter,101,95872,9364,9363,87,9450,111
2021-05-02,Tehama,103,63373,4955,4950,585,5535,53
2021-05-02,Trinity,105,12862,407,326,68,394,3
2021-05-02,Tulare,107,460477,49276,48834,9343,58177,835
2021-05-02,Tuolumne,109,53932,4041,4038,36,4074,61
2021-05-02,Ventura,111,848112,80619,80284,3063,83347,1005
2021-05-02,Yolo,113,214977,13812,13799,301,14100,208
2021-05-02,Yuba,115,75493,5896,5879,122,6001,44
2021-05-01,Alameda,001,1643700,86833,86704,2000,88704,1270
2021-05-01,Alpine,003,1148,88,88,0,88,0
2021-05-01,Amador,005,37829,3652,3650,34,3684,46
2021-05-01,Butte,007,227075,12163,11845,1844,13689,198
2021-05-01,Calaveras,009,45235,2103,2096,14,2110,50
2021-05-01,Colusa,011,21464,1925,1931,302,2233,14
2021-05-01,Contra Costa,013,1133247,68259,67779,1288,69067,800
2021-05-01,Del Norte,015,27424,1324,1292,11,1303,6
2021-05-01,El Dorado,017,186661,10001,9944,737,10681,110
2021-05-01,Fresno,019,978130,101249,101326,8866,110192,1678
2021-05-01,Glenn,021,27897,2377,2369,555,2924,17
2021-05-01,Humboldt,023,135768,3877,3845,30,3875,36
2021-05-01,Imperial,025,180216,28195,28262,2846,31108,721
2021-05-01,Inyo,027,18085,1397,1397,3,1400,36
2021-05-01,Kern,029,883053,96279,95645,11027,106672,1299
2021-05-01,Kings,031,150075,22867,22797,1170,23967,246
2021-05-01,Lake,033,64148,3468,3441,9,3450,43
2021-05-01,Lassen,035,31185,5162,5142,108,5250,1
2021-05-01,Los Angeles,037,10098052,1197901,1192781,43388,1236169,23946
2021-05-01,Madera,039,155013,16451,16408,946,17354,235
2021-05-01,Marin,041,260295,13937,13902,256,14158,228
2021-05-01,Mariposa,043,17540,422,418,11,429,5
2021-05-01,Mendocino,045,87422,3841,3782,75,3857,46
2021-05-01,Merced,047,269075,30709,30771,996,31767,444
2021-05-01,Modoc,049,8938,369,361,122,483,3
2021-05-01,Mono,051,14174,1238,1258,13,1271,3
2021-05-01,Monterey,053,433212,42876,42828,1911,44739,379
2021-05-01,Napa,055,140530,9813,9800,32,9832,81
2021-05-01,Nevada,057,99092,4695,4625,193,4818,70
2021-05-01,Orange,059,3164182,253844,252969,11568,264537,4964
2021-05-01,Placer,061,380077,22679,22240,1479,23719,287
2021-05-01,Plumas,063,18699,687,675,11,686,4
2021-05-01,Riverside,065,2383286,290215,287129,14461,301590,4412
2021-05-01,Sacramento,067,1510023,103647,103043,1721,104764,1602
2021-05-01,San Benito,069,59416,6020,6030,117,6147,63
2021-05-01,San Bernardino,071,2135413,291373,290802,9371,300173,4652
2021-05-01,San Diego,073,3302833,277662,276367,14498,290865,3706
2021-05-01,San Francisco,075,870044,36268,36496,1356,37852,541
2021-05-01,San Joaquin,077,732212,71962,71389,3618,75007,1325
2021-05-01,San Luis Obispo,079,281455,20997,20896,752,21648,254
2021-05-01,San Mateo,081,765935,41959,41617,475,42092,411
2021-05-01,Santa Barbara,083,443738,34308,34085,1231,35316,453
2021-05-01,Santa Clara,085,1922200,117267,118265,776,119041,1988
2021-05-01,Santa Cruz,087,273765,16057,15984,871,16855,207
2021-05-01,Shasta,089,179085,11885,11878,1518,13396,197
2021-05-01,Sierra,091,2930,54,53,14,67,0
2021-05-01,Siskiyou,093,43540,1767,1653,324,1977,11
2021-05-01,Solano,095,438530,32211,32124,514,32638,249
2021-05-01,Sonoma,097,501317,29656,29835,327,30162,318
2021-05-01,Stanislaus,099,539301,55098,55005,6059,61064,774
2021-05-01,Sutter,101,95872,9361,9358,87,9445,110
2021-05-01,Tehama,103,63373,4954,4950,584,5534,53
2021-05-01,Trinity,105,12862,407,326,67,393,3
2021-05-01,Tulare,107,460477,49269,48818,9337,58155,835
2021-05-01,Tuolumne,109,53932,4035,4035,36,4071,61
2021-05-01,Ventura,111,848112,80601,80268,3063,83331,1005
2021-05-01,Yolo,113,214977,13805,13784,299,14083,208
2021-05-01,Yuba,115,75493,5894,5875,122,5997,44
2021-04-30,Alameda,001,1643700,86771,86602,1997,88599,1268
2021-04-30,Alpine,003,1148,88,88,0,88,0
2021-04-30,Amador,005,37829,3650,3650,34,3684,46
2021-04-30,Butte,007,227075,12144,11812,1840,13652,197
2021-04-30,Calaveras,009,45235,2102,2087,14,2101,50
2021-04-30,Colusa,011,21464,1925,1931,301,2232,14
2021-04-30,Contra Costa,013,1133247,68211,67684,1285,68969,800
2021-04-30,Del Norte,015,27424,1312,1276,11,1287,6
2021-04-30,El Dorado,017,186661,9987,9906,737,10643,110
2021-04-30,Fresno,019,978130,101203,101263,8862,110125,1670
2021-04-30,Glenn,021,27897,2376,2369,555,2924,17
2021-04-30,Humboldt,023,135768,3864,3834,30,3864,36
2021-04-30,Imperial,025,180216,28186,28244,2843,31087,721
2021-04-30,Inyo,027,18085,1397,1397,3,1400,36
2021-04-30,Kern,029,883053,96263,95605,11022,106627,1298
2021-04-30,Kings,031,150075,22864,22793,1169,23962,246
2021-04-30,Lake,033,64148,3464,3440,9,3449,43
2021-04-30,Lassen,035,31185,5161,5140,108,5248,1
2021-04-30,Los Angeles,037,10098052,1197694,1192393,43374,1235767,23919
2021-04-30,Madera,039,155013,16445,16395,946,17341,235
2021-04-30,Marin,041,260295,13929,13895,254,14149,228
2021-04-30,Mariposa,043,17540,422,417,11,428,5
2021-04-30,Mendocino,045,87422,3837,3777,75,3852,46
2021-04-30,Merced,047,269075,30696,30740,995,31735,444
2021-04-30,Modoc,049,8938,368,360,122,482,3
2021-04-30,Mono,051,14174,1238,1258,13,1271,3
2021-04-30,Monterey,053,433212,42862,42810,1910,44720,379
2021-04-30,Napa,055,140530,9809,9792,32,9824,81
2021-04-30,Nevada,057,99092,4687,4608,193,4801,70
2021-04-30,Orange,059,3164182,253789,252883,11562,264445,4956
2021-04-30,Placer,061,380077,22660,22190,1475,23665,287
2021-04-30,Plumas,063,18699,687,677,11,688,4
2021-04-30,Riverside,065,2383286,290161,287030,14454,301484,4412
2021-04-30,Sacramento,067,1510023,103546,102864,1717,104581,1596
2021-04-30,San Benito,069,59416,6016,6024,116,6140,63
2021-04-30,San Bernardino,071,2135413,291312,290704,9370,300074,4640
2021-04-30,San Diego,073,3302833,277568,276157,14487,290644,3702
2021-04-30,San Francisco,075,870044,36257,36453,1355,37808,538
2021-04-30,San Joaquin,077,732212,71911,71311,3615,74926,1306
2021-04-30,San Luis Obispo,079,281455,20991,20884,752,21636,255
2021-04-30,San Mateo,081,765935,41944,41583,474,42057,380
2021-04-30,Santa Barbara,083,443738,34295,34061,1231,35292,451
2021-04-30,Santa Clara,085,1922200,117209,118170,772,118942,1988
2021-04-30,Santa Cruz,087,273765,16052,15975,871,16846,207
2021-04-30,Shasta,089,179085,11864,11848,1515,13363,197
2021-04-30,Sierra,091,2930,54,53,14,67,0
2021-04-30,Siskiyou,093,43540,1756,1628,321,1949,11
2021-04-30,Solano,095,438530,32179,32050,511,32561,249
2021-04-30,Sonoma,097,501317,29646,29816,325,30141,318
2021-04-30,Stanislaus,099,539301,55047,54938,6056,60994,774
2021-04-30,Sutter,101,95872,9359,9353,87,9440,110
2021-04-30,Tehama,103,63373,4952,4944,584,5528,53
2021-04-30,Trinity,105,12862,407,326,67,393,3
2021-04-30,Tulare,107,460477,49260,48797,9320,58117,836
2021-04-30,Tuolumne,109,53932,4034,4033,36,4069,61
2021-04-30,Ventura,111,848112,80561,80232,3058,83290,1004
2021-04-30,Yolo,113,214977,13792,13756,299,14055,208
2021-04-30,Yuba,115,75493,5886,5870,122,5992,44
2021-04-29,Alameda,001,1643700,86706,86490,1994,88484,1263
2021-04-29,Alpine,003,1148,88,88,0,88,0
2021-04-29,Amador,005,37829,3650,3649,34,3683,46
2021-04-29,Butte,007,227075,12129,11787,1838,13625,196
2021-04-29,Calaveras,009,45235,2099,2082,14,2096,50
2021-04-29,Colusa,011,21464,1925,1929,301,2230,14
2021-04-29,Contra Costa,013,1133247,68156,67606,1282,68888,795
2021-04-29,Del Norte,015,27424,1308,1271,11,1282,6
2021-04-29,El Dorado,017,186661,9967,9884,734,10618,107
2021-04-29,Fresno,019,978130,101149,101189,8851,110040,1667
2021-04-29,Glenn,021,27897,2373,2369,555,2924,17
2021-04-29,Humboldt,023,135768,3850,3815,30,3845,36
2021-04-29,Imperial,025,180216,28174,28235,2842,31077,720
2021-04-29,Inyo,027,18085,1397,1396,3,1399,36
2021-04-29,Kern,029,883053,96230,95547,11018,106565,1295
2021-04-29,Kings,031,150075,22854,22777,1164,23941,245
2021-04-29,Lake,033,64148,3456,3438,9,3447,43
2021-04-29,Lassen,035,31185,5161,5140,108,5248,1
2021-04-29,Los Angeles,037,10098052,1197419,1192068,43353,1235421,23899
2021-04-29,Madera,039,155013,16440,16383,945,17328,235
2021-04-29,Marin,041,260295,13925,13884,246,14130,228
2021-04-29,Mariposa,043,17540,421,416,11,427,5
2021-04-29,Mendocino,045,87422,3831,3774,75,3849,46
2021-04-29,Merced,047,269075,30676,30706,995,31701,444
2021-04-29,Modoc,049,8938,368,360,122,482,3
2021-04-29,Mono,051,14174,1236,1259,13,1272,3
2021-04-29,Monterey,053,433212,42845,42797,1909,44706,379
2021-04-29,Napa,055,140530,9795,9789,32,9821,81
2021-04-29,Nevada,057,99092,4676,4590,193,4783,70
2021-04-29,Orange,059,3164182,253720,252823,11547,264370,4934
2021-04-29,Placer,061,380077,22635,22161,1473,23634,286
2021-04-29,Plumas,063,18699,686,676,11,687,4
2021-04-29,Riverside,065,2383286,290094,286947,14451,301398,4409
2021-04-29,Sacramento,067,1510023,103413,102686,1707,104393,1593
2021-04-29,San Benito,069,59416,6015,6023,116,6139,63
2021-04-29,San Bernardino,071,2135413,291240,290606,9365,299971,4609
2021-04-29,San Diego,073,3302833,277418,275961,14470,290431,3700
2021-04-29,San Francisco,075,870044,36231,36412,1355,37767,537
2021-04-29,San Joaquin,077,732212,71845,71225,3610,74835,1301
2021-04-29,San Luis Obispo,079,281455,20980,20876,752,21628,255
2021-04-29,San Mateo,081,765935,41916,41538,473,42011,358
2021-04-29,Santa Barbara,083,443738,34279,34039,1229,35268,448
2021-04-29,Santa Clara,085,1922200,117154,118082,770,118852,1984
2021-04-29,Santa Cruz,087,273765,16046,15961,871,16832,205
2021-04-29,Shasta,089,179085,11834,11836,1506,13342,193
2021-04-29,Sierra,091,2930,54,53,14,67,0
2021-04-29,Siskiyou,093,43540,1747,1615,318,1933,11
2021-04-29,Solano,095,438530,32139,32002,506,32508,248
2021-04-29,Sonoma,097,501317,29631,29785,322,30107,318
2021-04-29,Stanislaus,099,539301,54980,54836,6051,60887,774
2021-04-29,Sutter,101,95872,9352,9346,87,9433,110
2021-04-29,Tehama,103,63373,4944,4939,584,5523,53
2021-04-29,Trinity,105,12862,407,326,67,393,3
2021-04-29,Tulare,107,460477,49244,48785,9307,58092,832
2021-04-29,Tuolumne,109,53932,4033,4030,36,4066,58
2021-04-29,Ventura,111,848112,80527,80188,3056,83244,1002
2021-04-29,Yolo,113,214977,13772,13745,298,14043,205
2021-04-29,Yuba,115,75493,5876,5865,122,5987,44
2021-04-28,Alameda,001,1643700,86634,86390,1990,88380,1260
2021-04-28,Alpine,003,1148,88,88,0,88,0
2021-04-28,Amador,005,37829,3650,3646,34,3680,46
2021-04-28,Butte,007,227075,12109,11762,1833,13595,196
2021-04-28,Calaveras,009,45235,2095,2078,13,2091,50
2021-04-28,Colusa,011,21464,1922,1927,300,2227,14
2021-04-28,Contra Costa,013,1133247,68096,67539,1281,68820,795
2021-04-28,Del Norte,015,27424,1300,1267,11,1278,6
2021-04-28,El Dorado,017,186661,9943,9873,734,10607,107
2021-04-28,Fresno,019,978130,101102,101161,8840,110001,1666
2021-04-28,Glenn,021,27897,2370,2368,555,2923,17
2021-04-28,Humboldt,023,135768,3834,3796,30,3826,36
2021-04-28,Imperial,025,180216,28160,28177,2841,31018,720
2021-04-28,Inyo,027,18085,1397,1396,2,1398,36
2021-04-28,Kern,029,883053,96200,95494,11009,106503,1295
2021-04-28,Kings,031,150075,22843,22767,1161,23928,245
2021-04-28,Lake,033,64148,3453,3433,9,3442,43
2021-04-28,Lassen,035,31185,5161,5138,108,5246,1
2021-04-28,Los Angeles,037,10098052,1197123,1191729,43327,1235056,23858
2021-04-28,Madera,039,155013,16436,16372,945,17317,235
2021-04-28,Marin,041,260295,13914,13866,246,14112,227
2021-04-28,Mariposa,043,17540,418,415,11,426,5
2021-04-28,Mendocino,045,87422,3825,3770,73,3843,46
2021-04-28,Merced,047,269075,30657,30649,995,31644,443
2021-04-28,Modoc,049,8938,368,360,122,482,3
2021-04-28,Mono,051,14174,1236,1258,13,1271,3
2021-04-28,Monterey,053,433212,42840,42776,1909,44685,379
2021-04-28,Napa,055,140530,9784,9777,32,9809,81
2021-04-28,Nevada,057,99092,4657,4570,193,4763,70
2021-04-28,Orange,059,3164182,253642,252747,11532,264279,4931
2021-04-28,Placer,061,380077,22608,22115,1472,23587,285
2021-04-28,Plumas,063,18699,686,676,11,687,4
2021-04-28,Riverside,065,2383286,290038,286868,14446,301314,4407
2021-04-28,Sacramento,067,1510023,103292,102613,1703,104316,1591
2021-04-28,San Benito,069,59416,6013,6021,116,6137,63
2021-04-28,San Bernardino,071,2135413,291165,290548,9354,299902,4582
2021-04-28,San Diego,073,3302833,277263,275821,14456,290277,3698
2021-04-28,San Francisco,075,870044,36202,36382,1354,37736,534
2021-04-28,San Joaquin,077,732212,71765,71171,3602,74773,1301
2021-04-28,San Luis Obispo,079,281455,20972,20851,752,21603,255
2021-04-28,San Mateo,081,765935,41891,41498,471,41969,358
2021-04-28,Santa Barbara,083,443738,34265,34003,1229,35232,448
2021-04-28,Santa Clara,085,1922200,117085,117997,767,118764,1969
2021-04-28,Santa Cruz,087,273765,16042,15943,870,16813,205
2021-04-28,Shasta,089,179085,11818,11815,1499,13314,192
2021-04-28,Sierra,091,2930,54,51,14,65,0
2021-04-28,Siskiyou,093,43540,1734,1603,316,1919,11
2021-04-28,Solano,095,438530,32107,31982,502,32484,248
2021-04-28,Sonoma,097,501317,29617,29773,318,30091,318
2021-04-28,Stanislaus,099,539301,54925,54745,6047,60792,774
2021-04-28,Sutter,101,95872,9347,9343,87,9430,110
2021-04-28,Tehama,103,63373,4938,4930,583,5513,53
2021-04-28,Trinity,105,12862,407,326,67,393,3
2021-04-28,Tulare,107,460477,49227,48754,9291,58045,832
2021-04-28,Tuolumne,109,53932,4030,4029,36,4065,58
2021-04-28,Ventura,111,848112,80492,80172,3054,83226,1000
2021-04-28,Yolo,113,214977,13757,13721,297,14018,205
2021-04-28,Yuba,115,75493,5870,5857,122,5979,44
2021-04-27,Alameda,001,1643700,86535,86301,1985,88286,1260
2021-04-27,Alpine,003,1148,88,88,0,88,0
2021-04-27,Amador,005,37829,3650,3645,34,3679,46
2021-04-27,Butte,007,227075,12084,11738,1827,13565,196
2021-04-27,Calaveras,009,45235,2092,2076,13,2089,50
2021-04-27,Colusa,011,21464,1921,1926,300,2226,14
2021-04-27,Contra Costa,013,1133247,68027,67470,1277,68747,791
2021-04-27,Del Norte,015,27424,1288,1266,11,1277,6
2021-04-27,El Dorado,017,186661,9914,9866,731,10597,106
2021-04-27,Fresno,019,978130,101039,101138,8828,109966,1663
2021-04-27,Glenn,021,27897,2370,2368,555,2923,17
2021-04-27,Humboldt,023,135768,3822,3780,30,3810,35
2021-04-27,Imperial,025,180216,28144,28149,2835,30984,720
2021-04-27,Inyo,027,18085,1397,1396,2,1398,36
2021-04-27,Kern,029,883053,96144,95466,10996,106462,1295
2021-04-27,Kings,031,150075,22829,22759,1158,23917,244
2021-04-27,Lake,033,64148,3452,3431,9,3440,43
2021-04-27,Lassen,035,31185,5161,5137,108,5245,1
2021-04-27,Los Angeles,037,10098052,1196804,1191504,43296,1234800,23825
2021-04-27,Madera,039,155013,16429,16365,945,17310,235
2021-04-27,Marin,041,260295,13893,13855,245,14100,227
2021-04-27,Mariposa,043,17540,417,413,11,424,5
2021-04-27,Mendocino,045,87422,3821,3765,73,3838,46
2021-04-27,Merced,047,269075,30617,30620,995,31615,443
2021-04-27,Modoc,049,8938,367,360,122,482,3
2021-04-27,Mono,051,14174,1236,1257,13,1270,3
2021-04-27,Monterey,053,433212,42822,42752,1906,44658,379
2021-04-27,Napa,055,140530,9777,9774,32,9806,81
2021-04-27,Nevada,057,99092,4642,4557,193,4750,70
2021-04-27,Orange,059,3164182,253574,252667,11526,264193,4925
2021-04-27,Placer,061,380077,22577,22050,1469,23519,285
2021-04-27,Plumas,063,18699,685,675,11,686,4
2021-04-27,Riverside,065,2383286,289965,286820,14441,301261,4405
2021-04-27,Sacramento,067,1510023,103164,102595,1693,104288,1589
2021-04-27,San Benito,069,59416,6008,6016,116,6132,63
2021-04-27,San Bernardino,071,2135413,291097,290461,9349,299810,4575
2021-04-27,San Diego,073,3302833,277106,275685,14436,290121,3692
2021-04-27,San Francisco,075,870044,36174,36358,1353,37711,533
2021-04-27,San Joaquin,077,732212,71712,71104,3596,74700,1301
2021-04-27,San Luis Obispo,079,281455,20965,20841,752,21593,255
2021-04-27,San Mateo,081,765935,41856,41474,470,41944,358
2021-04-27,Santa Barbara,083,443738,34242,33973,1228,35201,448
2021-04-27,Santa Clara,085,1922200,117035,117945,766,118711,1969
2021-04-27,Santa Cruz,087,273765,16035,15905,869,16774,205
2021-04-27,Shasta,089,179085,11791,11802,1492,13294,192
2021-04-27,Sierra,091,2930,54,51,14,65,0
2021-04-27,Siskiyou,093,43540,1719,1597,315,1912,11
2021-04-27,Solano,095,438530,32059,31964,501,32465,248
2021-04-27,Sonoma,097,501317,29599,29761,317,30078,318
2021-04-27,Stanislaus,099,539301,54855,54695,6039,60734,752
2021-04-27,Sutter,101,95872,9342,9342,87,9429,110
2021-04-27,Tehama,103,63373,4935,4922,579,5501,53
2021-04-27,Trinity,105,12862,407,326,67,393,3
2021-04-27,Tulare,107,460477,49211,48744,9282,58026,832
2021-04-27,Tuolumne,109,53932,4027,4028,36,4064,58
2021-04-27,Ventura,111,848112,80463,80152,3052,83204,1000
2021-04-27,Yolo,113,214977,13744,13697,295,13992,205
2021-04-27,Yuba,115,75493,5870,5853,122,5975,44
2021-04-26,Alameda,001,1643700,86445,86230,1981,88211,1256
2021-04-26,Alpine,003,1148,88,88,0,88,0
2021-04-26,Amador,005,37829,3649,3645,34,3679,46
2021-04-26,Butte,007,227075,12060,11720,1823,13543,196
2021-04-26,Calaveras,009,45235,2083,2074,13,2087,50
2021-04-26,Colusa,011,21464,1921,1925,299,2224,14
2021-04-26,Contra Costa,013,1133247,67959,67392,1273,68665,789
2021-04-26,Del Norte,015,27424,1279,1263,11,1274,6
2021-04-26,El Dorado,017,186661,9893,9849,730,10579,106
2021-04-26,Fresno,019,978130,100984,101099,8815,109914,1662
2021-04-26,Glenn,021,27897,2368,2367,555,2922,17
2021-04-26,Humboldt,023,135768,3812,3764,29,3793,35
2021-04-26,Imperial,025,180216,28131,28148,2832,30980,720
2021-04-26,Inyo,027,18085,1396,1396,2,1398,36
2021-04-26,Kern,029,883053,96118,95429,10989,106418,1295
2021-04-26,Kings,031,150075,22826,22756,1155,23911,244
2021-04-26,Lake,033,64148,3447,3428,9,3437,43
2021-04-26,Lassen,035,31185,5161,5138,108,5246,1
2021-04-26,Los Angeles,037,10098052,1196481,1191253,43275,1234528,23802
2021-04-26,Madera,039,155013,16417,16353,944,17297,231
2021-04-26,Marin,041,260295,13878,13849,245,14094,227
2021-04-26,Mariposa,043,17540,416,410,11,421,5
2021-04-26,Mendocino,045,87422,3819,3757,73,3830,46
2021-04-26,Merced,047,269075,30600,30611,992,31603,443
2021-04-26,Modoc,049,8938,367,360,122,482,3
2021-04-26,Mono,051,14174,1236,1258,13,1271,3
2021-04-26,Monterey,053,433212,42806,42740,1905,44645,379
2021-04-26,Napa,055,140530,9765,9769,32,9801,79
2021-04-26,Nevada,057,99092,4621,4548,193,4741,70
2021-04-26,Orange,059,3164182,253489,252592,11515,264107,4919
2021-04-26,Placer,061,380077,22548,22032,1464,23496,285
2021-04-26,Plumas,063,18699,685,670,11,681,4
2021-04-26,Riverside,065,2383286,289905,286724,14432,301156,4401
2021-04-26,Sacramento,067,1510023,102993,102459,1679,104138,1587
2021-04-26,San Benito,069,59416,6006,6013,116,6129,63
2021-04-26,San Bernardino,071,2135413,291046,290394,9348,299742,4572
2021-04-26,San Diego,073,3302833,276932,275541,14408,289949,3692
2021-04-26,San Francisco,075,870044,36147,36330,1351,37681,532
2021-04-26,San Joaquin,077,732212,71646,71050,3588,74638,1301
2021-04-26,San Luis Obispo,079,281455,20957,20830,751,21581,255
2021-04-26,San Mateo,081,765935,41826,41457,470,41927,357
2021-04-26,Santa Barbara,083,443738,34211,33948,1228,35176,448
2021-04-26,Santa Clara,085,1922200,116936,117874,762,118636,1968
2021-04-26,Santa Cruz,087,273765,16026,15877,869,16746,205
2021-04-26,Shasta,089,179085,11774,11787,1485,13272,192
2021-04-26,Sierra,091,2930,53,51,14,65,0
2021-04-26,Siskiyou,093,43540,1709,1592,311,1903,11
2021-04-26,Solano,095,438530,32014,31913,499,32412,247
2021-04-26,Sonoma,097,501317,29576,29755,315,30070,318
2021-04-26,Stanislaus,099,539301,54765,54638,6033,60671,744
2021-04-26,Sutter,101,95872,9337,9328,87,9415,110
2021-04-26,Tehama,103,63373,4930,4920,576,5496,53
2021-04-26,Trinity,105,12862,407,326,67,393,3
2021-04-26,Tulare,107,460477,49191,48735,9273,58008,831
2021-04-26,Tuolumne,109,53932,4026,4024,36,4060,58
2021-04-26,Ventura,111,848112,80438,80137,3049,83186,999
2021-04-26,Yolo,113,214977,13724,13684,292,13976,205
2021-04-26,Yuba,115,75493,5868,5851,122,5973,44
2021-04-25,Alameda,001,1643700,86339,86162,1974,88136,1256
2021-04-25,Alpine,003,1148,88,87,0,87,0
2021-04-25,Amador,005,37829,3648,3643,34,3677,46
2021-04-25,Butte,007,227075,12031,11709,1816,13525,196
2021-04-25,Calaveras,009,45235,2077,2072,12,2084,50
2021-04-25,Colusa,011,21464,1920,1924,299,2223,14
2021-04-25,Contra Costa,013,1133247,67867,67316,1272,68588,789
2021-04-25,Del Norte,015,27424,1273,1259,11,1270,6
2021-04-25,El Dorado,017,186661,9877,9837,728,10565,106
2021-04-25,Fresno,019,978130,100926,101061,8802,109863,1662
2021-04-25,Glenn,021,27897,2368,2366,555,2921,17
2021-04-25,Humboldt,023,135768,3799,3751,29,3780,35
2021-04-25,Imperial,025,180216,28106,28136,2828,30964,720
2021-04-25,Inyo,027,18085,1396,1396,2,1398,36
2021-04-25,Kern,029,883053,96054,95398,10975,106373,1295
2021-04-25,Kings,031,150075,22812,22755,1153,23908,244
2021-04-25,Lake,033,64148,3445,3427,9,3436,43
2021-04-25,Lassen,035,31185,5159,5138,108,5246,1
2021-04-25,Los Angeles,037,10098052,1196149,1190970,43254,1234224,23799
2021-04-25,Madera,039,155013,16405,16346,944,17290,231
2021-04-25,Marin,041,260295,13869,13852,245,14097,227
2021-04-25,Mariposa,043,17540,416,410,11,421,5
2021-04-25,Mendocino,045,87422,3812,3757,73,3830,46
2021-04-25,Merced,047,269075,30565,30586,992,31578,443
2021-04-25,Modoc,049,8938,367,360,122,482,3
2021-04-25,Mono,051,14174,1236,1257,13,1270,3
2021-04-25,Monterey,053,433212,42793,42737,1903,44640,379
2021-04-25,Napa,055,140530,9760,9762,32,9794,79
2021-04-25,Nevada,057,99092,4609,4536,193,4729,70
2021-04-25,Orange,059,3164182,253412,252531,11508,264039,4919
2021-04-25,Placer,061,380077,22501,22011,1456,23467,285
2021-04-25,Plumas,063,18699,684,670,11,681,4
2021-04-25,Riverside,065,2383286,289812,286651,14426,301077,4401
2021-04-25,Sacramento,067,1510023,102825,102319,1669,103988,1587
2021-04-25,San Benito,069,59416,6004,6014,115,6129,63
2021-04-25,San Bernardino,071,2135413,290971,290357,9340,299697,4571
2021-04-25,San Diego,073,3302833,276719,275412,14375,289787,3692
2021-04-25,San Francisco,075,870044,36116,36310,1351,37661,532
2021-04-25,San Joaquin,077,732212,71551,70987,3578,74565,1301
2021-04-25,San Luis Obispo,079,281455,20938,20820,749,21569,255
2021-04-25,San Mateo,081,765935,41791,41465,469,41934,356
2021-04-25,Santa Barbara,083,443738,34185,33931,1228,35159,448
2021-04-25,Santa Clara,085,1922200,116857,117778,760,118538,1968
2021-04-25,Santa Cruz,087,273765,16020,15868,867,16735,205
2021-04-25,Shasta,089,179085,11751,11784,1480,13264,192
2021-04-25,Sierra,091,2930,53,51,14,65,0
2021-04-25,Siskiyou,093,43540,1698,1580,309,1889,11
2021-04-25,Solano,095,438530,31967,31864,491,32355,247
2021-04-25,Sonoma,097,501317,29558,29756,315,30071,318
2021-04-25,Stanislaus,099,539301,54670,54543,6024,60567,744
2021-04-25,Sutter,101,95872,9331,9326,87,9413,110
2021-04-25,Tehama,103,63373,4926,4916,574,5490,53
2021-04-25,Trinity,105,12862,407,326,67,393,3
2021-04-25,Tulare,107,460477,49176,48728,9259,57987,831
2021-04-25,Tuolumne,109,53932,4024,4022,36,4058,58
2021-04-25,Ventura,111,848112,80414,80110,3049,83159,999
2021-04-25,Yolo,113,214977,13702,13667,290,13957,205
2021-04-25,Yuba,115,75493,5865,5849,121,5970,44
2021-04-24,Alameda,001,1643700,86285,86016,1972,87988,1257
2021-04-24,Alpine,003,1148,88,86,0,86,0
2021-04-24,Amador,005,37829,3647,3640,34,3674,46
2021-04-24,Butte,007,227075,12015,11678,1814,13492,196
2021-04-24,Calaveras,009,45235,2074,2067,12,2079,50
2021-04-24,Colusa,011,21464,1919,1921,299,2220,14
2021-04-24,Contra Costa,013,1133247,67798,67222,1270,68492,789
2021-04-24,Del Norte,015,27424,1268,1255,11,1266,6
2021-04-24,El Dorado,017,186661,9866,9814,727,10541,106
2021-04-24,Fresno,019,978130,100895,100991,8796,109787,1662
2021-04-24,Glenn,021,27897,2368,2363,555,2918,17
2021-04-24,Humboldt,023,135768,3785,3722,29,3751,35
2021-04-24,Imperial,025,180216,28099,28124,2827,30951,720
2021-04-24,Inyo,027,18085,1395,1396,2,1398,36
2021-04-24,Kern,029,883053,96036,95365,10964,106329,1295
2021-04-24,Kings,031,150075,22809,22749,1153,23902,244
2021-04-24,Lake,033,64148,3444,3426,9,3435,43
2021-04-24,Lassen,035,31185,5158,5137,108,5245,1
2021-04-24,Los Angeles,037,10098052,1195928,1190603,43234,1233837,23802
2021-04-24,Madera,039,155013,16402,16338,944,17282,231
2021-04-24,Marin,041,260295,13861,13847,245,14092,227
2021-04-24,Mariposa,043,17540,416,409,11,420,5
2021-04-24,Mendocino,045,87422,3810,3754,72,3826,46
2021-04-24,Merced,047,269075,30545,30559,992,31551,443
2021-04-24,Modoc,049,8938,367,360,122,482,3
2021-04-24,Mono,051,14174,1236,1256,13,1269,3
2021-04-24,Monterey,053,433212,42781,42727,1902,44629,379
2021-04-24,Napa,055,140530,9754,9756,32,9788,79
2021-04-24,Nevada,057,99092,4602,4522,193,4715,70
2021-04-24,Orange,059,3164182,253368,252441,11502,263943,4910
2021-04-24,Placer,061,380077,22489,21983,1455,23438,285
2021-04-24,Plumas,063,18699,683,670,11,681,4
2021-04-24,Riverside,065,2383286,289744,286552,14422,300974,4400
2021-04-24,Sacramento,067,1510023,102742,102179,1662,103841,1587
2021-04-24,San Benito,069,59416,6002,6007,115,6122,63
2021-04-24,San Bernardino,071,2135413,290923,290264,9338,299602,4568
2021-04-24,San Diego,073,3302833,276615,275252,14355,289607,3688
2021-04-24,San Francisco,075,870044,36087,36285,1347,37632,532
2021-04-24,San Joaquin,077,732212,71508,70911,3574,74485,1301
2021-04-24,San Luis Obispo,079,281455,20928,20797,748,21545,255
2021-04-24,San Mateo,081,765935,41778,41424,467,41891,355
2021-04-24,Santa Barbara,083,443738,34170,33911,1227,35138,448
2021-04-24,Santa Clara,085,1922200,116802,117674,758,118432,1968
2021-04-24,Santa Cruz,087,273765,16012,15840,867,16707,205
2021-04-24,Shasta,089,179085,11733,11770,1477,13247,192
2021-04-24,Sierra,091,2930,53,51,14,65,0
2021-04-24,Siskiyou,093,43540,1688,1574,308,1882,11
2021-04-24,Solano,095,438530,31944,31821,489,32310,247
2021-04-24,Sonoma,097,501317,29556,29739,315,30054,318
2021-04-24,Stanislaus,099,539301,54621,54455,6021,60476,744
2021-04-24,Sutter,101,95872,9328,9316,87,9403,110
2021-04-24,Tehama,103,63373,4921,4907,574,5481,53
2021-04-24,Trinity,105,12862,407,326,67,393,3
2021-04-24,Tulare,107,460477,49165,48705,9249,57954,830
2021-04-24,Tuolumne,109,53932,4020,4020,36,4056,58
2021-04-24,Ventura,111,848112,80401,80097,3047,83144,999
2021-04-24,Yolo,113,214977,13691,13653,290,13943,205
2021-04-24,Yuba,115,75493,5863,5837,121,5958,44
2021-04-23,Alameda,001,1643700,86214,85935,1970,87905,1256
2021-04-23,Alpine,003,1148,87,86,0,86,0
2021-04-23,Amador,005,37829,3646,3637,34,3671,46
2021-04-23,Butte,007,227075,11994,11672,1809,13481,196
2021-04-23,Calaveras,009,45235,2072,2064,12,2076,50
2021-04-23,Colusa,011,21464,1918,1921,299,2220,14
2021-04-23,Contra Costa,013,1133247,67744,67164,1266,68430,785
2021-04-23,Del Norte,015,27424,1267,1254,11,1265,6
2021-04-23,El Dorado,017,186661,9849,9788,724,10512,106
2021-04-23,Fresno,019,978130,100855,100928,8789,109717,1662
2021-04-23,Glenn,021,27897,2368,2361,554,2915,17
2021-04-23,Humboldt,023,135768,3774,3698,29,3727,35
2021-04-23,Imperial,025,180216,28084,28108,2826,30934,720
2021-04-23,Inyo,027,18085,1395,1395,2,1397,36
2021-04-23,Kern,029,883053,96011,95330,10958,106288,1295
2021-04-23,Kings,031,150075,22806,22735,1153,23888,244
2021-04-23,Lake,033,64148,3442,3425,9,3434,43
2021-04-23,Lassen,035,31185,5158,5141,108,5249,1
2021-04-23,Los Angeles,037,10098052,1195666,1190264,43208,1233472,23785
2021-04-23,Madera,039,155013,16393,16328,944,17272,231
2021-04-23,Marin,041,260295,13856,13838,245,14083,227
2021-04-23,Mariposa,043,17540,415,405,11,416,5
2021-04-23,Mendocino,045,87422,3808,3745,71,3816,46
2021-04-23,Merced,047,269075,30527,30530,992,31522,443
2021-04-23,Modoc,049,8938,367,360,122,482,3
2021-04-23,Mono,051,14174,1234,1256,13,1269,3
2021-04-23,Monterey,053,433212,42775,42722,1902,44624,377
2021-04-23,Napa,055,140530,9748,9752,32,9784,79
2021-04-23,Nevada,057,99092,4593,4510,193,4703,70
2021-04-23,Orange,059,3164182,253324,252399,11495,263894,4904
2021-04-23,Placer,061,380077,22466,21959,1454,23413,282
2021-04-23,Plumas,063,18699,682,670,11,681,4
2021-04-23,Riverside,065,2383286,289686,286456,14417,300873,4399
2021-04-23,Sacramento,067,1510023,102655,102041,1659,103700,1586
2021-04-23,San Benito,069,59416,6000,6005,115,6120,63
2021-04-23,San Bernardino,071,2135413,290873,290189,9336,299525,4568
2021-04-23,San Diego,073,3302833,276477,275097,14332,289429,3684
2021-04-23,San Francisco,075,870044,36070,36252,1346,37598,532
2021-04-23,San Joaquin,077,732212,71452,70840,3571,74411,1295
2021-04-23,San Luis Obispo,079,281455,20919,20781,747,21528,255
2021-04-23,San Mateo,081,765935,41751,41386,467,41853,355
2021-04-23,Santa Barbara,083,443738,34160,33895,1225,35120,447
2021-04-23,Santa Clara,085,1922200,116741,117593,757,118350,1965
2021-04-23,Santa Cruz,087,273765,16005,15802,867,16669,205
2021-04-23,Shasta,089,179085,11726,11759,1476,13235,192
2021-04-23,Sierra,091,2930,53,51,14,65,0
2021-04-23,Siskiyou,093,43540,1676,1567,306,1873,11
2021-04-23,Solano,095,438530,31912,31784,485,32269,247
2021-04-23,Sonoma,097,501317,29543,29727,315,30042,318
2021-04-23,Stanislaus,099,539301,54558,54391,6013,60404,744
2021-04-23,Sutter,101,95872,9326,9312,87,9399,110
2021-04-23,Tehama,103,63373,4918,4906,574,5480,53
2021-04-23,Trinity,105,12862,407,326,67,393,3
2021-04-23,Tulare,107,460477,49148,48694,9241,57935,829
2021-04-23,Tuolumne,109,53932,4019,4020,36,4056,58
2021-04-23,Ventura,111,848112,80382,80095,3047,83142,996
2021-04-23,Yolo,113,214977,13680,13647,289,13936,205
2021-04-23,Yuba,115,75493,5860,5828,121,5949,44
2021-04-22,Alameda,001,1643700,86123,85829,1969,87798,1253
2021-04-22,Alpine,003,1148,87,86,0,86,0
2021-04-22,Amador,005,37829,3645,3633,34,3667,46
2021-04-22,Butte,007,227075,11980,11656,1806,13462,196
2021-04-22,Calaveras,009,45235,2070,2059,12,2071,50
2021-04-22,Colusa,011,21464,1916,1920,297,2217,14
2021-04-22,Contra Costa,013,1133247,67672,67029,1260,68289,782
2021-04-22,Del Norte,015,27424,1262,1252,11,1263,6
2021-04-22,El Dorado,017,186661,9838,9773,721,10494,106
2021-04-22,Fresno,019,978130,100811,100864,8778,109642,1657
2021-04-22,Glenn,021,27897,2367,2361,554,2915,17
2021-04-22,Humboldt,023,135768,3765,3680,29,3709,35
2021-04-22,Imperial,025,180216,28062,28096,2823,30919,720
2021-04-22,Inyo,027,18085,1394,1394,2,1396,36
2021-04-22,Kern,029,883053,95968,95292,10943,106235,1299
2021-04-22,Kings,031,150075,22796,22725,1153,23878,243
2021-04-22,Lake,033,64148,3440,3423,9,3432,43
2021-04-22,Lassen,035,31185,5158,5155,108,5263,1
2021-04-22,Los Angeles,037,10098052,1195349,1189878,43185,1233063,23762
2021-04-22,Madera,039,155013,16374,16316,944,17260,231
2021-04-22,Marin,041,260295,13848,13832,245,14077,227
2021-04-22,Mariposa,043,17540,414,403,11,414,5
2021-04-22,Mendocino,045,87422,3802,3729,71,3800,46
2021-04-22,Merced,047,269075,30492,30490,991,31481,443
2021-04-22,Modoc,049,8938,367,360,122,482,3
2021-04-22,Mono,051,14174,1234,1254,13,1267,3
2021-04-22,Monterey,053,433212,42768,42708,1900,44608,377
2021-04-22,Napa,055,140530,9738,9734,32,9766,79
2021-04-22,Nevada,057,99092,4584,4504,191,4695,70
2021-04-22,Orange,059,3164182,253253,252307,11483,263790,4898
2021-04-22,Placer,061,380077,22436,21916,1450,23366,282
2021-04-22,Plumas,063,18699,681,670,11,681,4
2021-04-22,Riverside,065,2383286,289592,286362,14408,300770,4398
2021-04-22,Sacramento,067,1510023,102507,101870,1649,103519,1585
2021-04-22,San Benito,069,59416,5996,5998,115,6113,63
2021-04-22,San Bernardino,071,2135413,290803,290125,9328,299453,4571
2021-04-22,San Diego,073,3302833,276311,275913,14310,290223,3684
2021-04-22,San Francisco,075,870044,36048,36218,1343,37561,532
2021-04-22,San Joaquin,077,732212,71393,70751,3564,74315,1295
2021-04-22,San Luis Obispo,079,281455,20905,20761,747,21508,255
2021-04-22,San Mateo,081,765935,41724,41345,465,41810,355
2021-04-22,Santa Barbara,083,443738,34137,33870,1224,35094,446
2021-04-22,Santa Clara,085,1922200,116653,117457,753,118210,1954
2021-04-22,Santa Cruz,087,273765,16002,15737,866,16603,205
2021-04-22,Shasta,089,179085,11711,11738,1473,13211,192
2021-04-22,Sierra,091,2930,53,51,14,65,0
2021-04-22,Siskiyou,093,43540,1672,1564,305,1869,11
2021-04-22,Solano,095,438530,31866,31731,482,32213,247
2021-04-22,Sonoma,097,501317,29528,29705,311,30016,318
2021-04-22,Stanislaus,099,539301,54485,54313,6007,60320,744
2021-04-22,Sutter,101,95872,9322,9302,87,9389,110
2021-04-22,Tehama,103,63373,4912,4896,570,5466,53
2021-04-22,Trinity,105,12862,407,326,67,393,3
2021-04-22,Tulare,107,460477,49129,48669,9231,57900,828
2021-04-22,Tuolumne,109,53932,4015,4020,36,4056,58
2021-04-22,Ventura,111,848112,80357,80073,3045,83118,996
2021-04-22,Yolo,113,214977,13659,13616,289,13905,205
2021-04-22,Yuba,115,75493,5850,5825,121,5946,44
2021-04-21,Alameda,001,1643700,86042,85762,1967,87729,1249
2021-04-21,Alpine,003,1148,87,86,0,86,0
2021-04-21,Amador,005,37829,3642,3632,34,3666,46
2021-04-21,Butte,007,227075,11960,11643,1804,13447,196
2021-04-21,Calaveras,009,45235,2060,2057,12,2069,50
2021-04-21,Colusa,011,21464,1914,1920,296,2216,14
2021-04-21,Contra Costa,013,1133247,67606,66981,1259,68240,782
2021-04-21,Del Norte,015,27424,1258,1252,11,1263,6
2021-04-21,El Dorado,017,186661,9821,9760,719,10479,106
2021-04-21,Fresno,019,978130,100755,100838,8772,109610,1654
2021-04-21,Glenn,021,27897,2366,2361,554,2915,17
2021-04-21,Humboldt,023,135768,3745,3642,29,3671,35
2021-04-21,Imperial,025,180216,28050,28052,2822,30874,719
2021-04-21,Inyo,027,18085,1394,1392,2,1394,36
2021-04-21,Kern,029,883053,95922,95257,10933,106190,1297
2021-04-21,Kings,031,150075,22789,22713,1152,23865,243
2021-04-21,Lake,033,64148,3437,3421,9,3430,43
2021-04-21,Lassen,035,31185,5157,5156,108,5264,1
2021-04-21,Los Angeles,037,10098052,1195013,1189530,43161,1232691,23729
2021-04-21,Madera,039,155013,16369,16309,944,17253,231
2021-04-21,Marin,041,260295,13833,13822,245,14067,227
2021-04-21,Mariposa,043,17540,413,402,11,413,5
2021-04-21,Mendocino,045,87422,3800,3729,71,3800,46
2021-04-21,Merced,047,269075,30471,30471,990,31461,442
2021-04-21,Modoc,049,8938,367,360,122,482,3
2021-04-21,Mono,051,14174,1234,1254,13,1267,3
2021-04-21,Monterey,053,433212,42753,42699,1898,44597,377
2021-04-21,Napa,055,140530,9732,9727,32,9759,79
2021-04-21,Nevada,057,99092,4570,4499,191,4690,70
2021-04-21,Orange,059,3164182,253178,252243,11470,263713,4889
2021-04-21,Placer,061,380077,22405,21896,1445,23341,282
2021-04-21,Plumas,063,18699,681,670,11,681,4
2021-04-21,Riverside,065,2383286,289500,286299,14401,300700,4388
2021-04-21,Sacramento,067,1510023,102380,101803,1643,103446,1579
2021-04-21,San Benito,069,59416,5993,5998,115,6113,63
2021-04-21,San Bernardino,071,2135413,290729,290049,9326,299375,4572
2021-04-21,San Diego,073,3302833,276102,275632,14272,289904,3681
2021-04-21,San Francisco,075,870044,36028,36194,1342,37536,529
2021-04-21,San Joaquin,077,732212,71339,70687,3553,74240,1295
2021-04-21,San Luis Obispo,079,281455,20890,20724,746,21470,255
2021-04-21,San Mateo,081,765935,41692,41318,464,41782,355
2021-04-21,Santa Barbara,083,443738,34118,33830,1223,35053,445
2021-04-21,Santa Clara,085,1922200,116577,117318,747,118065,1946
2021-04-21,Santa Cruz,087,273765,15993,15698,866,16564,204
2021-04-21,Shasta,089,179085,11692,11722,1471,13193,192
2021-04-21,Sierra,091,2930,53,51,14,65,0
2021-04-21,Siskiyou,093,43540,1665,1557,305,1862,11
2021-04-21,Solano,095,438530,31827,31712,481,32193,244
2021-04-21,Sonoma,097,501317,29516,29697,309,30006,318
2021-04-21,Stanislaus,099,539301,54424,54290,6001,60291,742
2021-04-21,Sutter,101,95872,9314,9297,87,9384,110
2021-04-21,Tehama,103,63373,4905,4893,569,5462,53
2021-04-21,Trinity,105,12862,407,326,67,393,3
2021-04-21,Tulare,107,460477,49114,48653,9218,57871,828
2021-04-21,Tuolumne,109,53932,4012,4019,36,4055,58
2021-04-21,Ventura,111,848112,80325,80039,3042,83081,996
2021-04-21,Yolo,113,214977,13639,13606,288,13894,200
2021-04-21,Yuba,115,75493,5843,5822,120,5942,44
2021-04-20,Alameda,001,1643700,85949,85652,1965,87617,1248
2021-04-20,Alpine,003,1148,86,85,0,85,0
2021-04-20,Amador,005,37829,3641,3631,34,3665,46
2021-04-20,Butte,007,227075,11941,11619,1802,13421,196
2021-04-20,Calaveras,009,45235,2058,2053,12,2065,50
2021-04-20,Colusa,011,21464,1914,1915,295,2210,14
2021-04-20,Contra Costa,013,1133247,67522,66889,1256,68145,782
2021-04-20,Del Norte,015,27424,1257,1250,11,1261,6
2021-04-20,El Dorado,017,186661,9793,9743,717,10460,106
2021-04-20,Fresno,019,978130,100697,100768,8762,109530,1650
2021-04-20,Glenn,021,27897,2364,2359,553,2912,17
2021-04-20,Humboldt,023,135768,3725,3612,29,3641,35
2021-04-20,Imperial,025,180216,28031,28024,2819,30843,719
2021-04-20,Inyo,027,18085,1394,1393,2,1395,36
2021-04-20,Kern,029,883053,95886,95223,10916,106139,1295
2021-04-20,Kings,031,150075,22783,22693,1149,23842,243
2021-04-20,Lake,033,64148,3435,3418,9,3427,43
2021-04-20,Lassen,035,31185,5157,5155,108,5263,1
2021-04-20,Los Angeles,037,10098052,1194670,1189256,43131,1232387,23694
2021-04-20,Madera,039,155013,16363,16301,944,17245,231
2021-04-20,Marin,041,260295,13819,13807,245,14052,227
2021-04-20,Mariposa,043,17540,412,402,11,413,5
2021-04-20,Mendocino,045,87422,3799,3726,71,3797,46
2021-04-20,Merced,047,269075,30443,30439,990,31429,441
2021-04-20,Modoc,049,8938,367,359,122,481,3
2021-04-20,Mono,051,14174,1233,1254,13,1267,3
2021-04-20,Monterey,053,433212,42742,42663,1895,44558,363
2021-04-20,Napa,055,140530,9728,9711,32,9743,79
2021-04-20,Nevada,057,99092,4553,4485,190,4675,70
2021-04-20,Orange,059,3164182,253089,252134,11458,263592,4887
2021-04-20,Placer,061,380077,22371,21846,1441,23287,282
2021-04-20,Plumas,063,18699,680,670,11,681,4
2021-04-20,Riverside,065,2383286,289407,286194,14395,300589,4388
2021-04-20,Sacramento,067,1510023,102242,101629,1635,103264,1574
2021-04-20,San Benito,069,59416,5990,5988,115,6103,63
2021-04-20,San Bernardino,071,2135413,290650,289905,9323,299228,4569
2021-04-20,San Diego,073,3302833,275872,275369,14239,289608,3674
2021-04-20,San Francisco,075,870044,36009,36117,1341,37458,529
2021-04-20,San Joaquin,077,732212,71266,70590,3544,74134,1289
2021-04-20,San Luis Obispo,079,281455,20867,20691,738,21429,254
2021-04-20,San Mateo,081,765935,41661,41251,464,41715,355
2021-04-20,Santa Barbara,083,443738,34100,33803,1223,35026,445
2021-04-20,Santa Clara,085,1922200,116480,117228,742,117970,1944
2021-04-20,Santa Cruz,087,273765,15981,15647,866,16513,204
2021-04-20,Shasta,089,179085,11676,11677,1468,13145,189
2021-04-20,Sierra,091,2930,53,51,14,65,0
2021-04-20,Siskiyou,093,43540,1657,1551,304,1855,10
2021-04-20,Solano,095,438530,31772,31673,477,32150,243
2021-04-20,Sonoma,097,501317,29507,29676,307,29983,311
2021-04-20,Stanislaus,099,539301,54359,54236,5988,60224,735
2021-04-20,Sutter,101,95872,9310,9279,87,9366,109
2021-04-20,Tehama,103,63373,4900,4887,568,5455,52
2021-04-20,Trinity,105,12862,407,326,67,393,3
2021-04-20,Tulare,107,460477,49094,48650,9207,57857,831
2021-04-20,Tuolumne,109,53932,4012,4014,36,4050,58
2021-04-20,Ventura,111,848112,80297,80018,3040,83058,995
2021-04-20,Yolo,113,214977,13620,13581,286,13867,200
2021-04-20,Yuba,115,75493,5833,5814,120,5934,44
2021-04-19,Alameda,001,1643700,85827,85583,1962,87545,1247
2021-04-19,Alpine,003,1148,86,85,0,85,0
2021-04-19,Amador,005,37829,3640,3629,34,3663,46
2021-04-19,Butte,007,227075,11922,11601,1797,13398,196
2021-04-19,Calaveras,009,45235,2055,2050,12,2062,50
2021-04-19,Colusa,011,21464,1914,1913,294,2207,14
2021-04-19,Contra Costa,013,1133247,67445,66833,1253,68086,782
2021-04-19,Del Norte,015,27424,1255,1247,11,1258,6
2021-04-19,El Dorado,017,186661,9777,9726,712,10438,106
2021-04-19,Fresno,019,978130,100629,100702,8750,109452,1646
2021-04-19,Glenn,021,27897,2364,2358,552,2910,17
2021-04-19,Humboldt,023,135768,3705,3602,27,3629,35
2021-04-19,Imperial,025,180216,28010,27995,2819,30814,719
2021-04-19,Inyo,027,18085,1394,1392,2,1394,36
2021-04-19,Kern,029,883053,95856,95162,10901,106063,1290
2021-04-19,Kings,031,150075,22767,22688,1149,23837,243
2021-04-19,Lake,033,64148,3434,3416,9,3425,43
2021-04-19,Lassen,035,31185,5156,5156,108,5264,1
2021-04-19,Los Angeles,037,10098052,1194295,1188945,43104,1232049,23666
2021-04-19,Madera,039,155013,16352,16289,943,17232,231
2021-04-19,Marin,041,260295,13808,13804,244,14048,226
2021-04-19,Mariposa,043,17540,411,401,11,412,5
2021-04-19,Mendocino,045,87422,3797,3722,71,3793,46
2021-04-19,Merced,047,269075,30414,30422,989,31411,441
2021-04-19,Modoc,049,8938,367,359,122,481,3
2021-04-19,Mono,051,14174,1232,1254,13,1267,3
2021-04-19,Monterey,053,433212,42729,42642,1890,44532,356
2021-04-19,Napa,055,140530,9720,9680,32,9712,79
2021-04-19,Nevada,057,99092,4537,4477,190,4667,70
2021-04-19,Orange,059,3164182,252971,252013,11444,263457,4883
2021-04-19,Placer,061,380077,22348,21814,1437,23251,282
2021-04-19,Plumas,063,18699,680,665,11,676,4
2021-04-19,Riverside,065,2383286,289315,286087,14385,300472,4371
2021-04-19,Sacramento,067,1510023,102108,101482,1624,103106,1572
2021-04-19,San Benito,069,59416,5982,5989,115,6104,63
2021-04-19,San Bernardino,071,2135413,290566,289738,9316,299054,4561
2021-04-19,San Diego,073,3302833,275624,275113,14206,289319,3674
2021-04-19,San Francisco,075,870044,35974,36094,1338,37432,529
2021-04-19,San Joaquin,077,732212,71187,70514,3536,74050,1289
2021-04-19,San Luis Obispo,079,281455,20841,20669,732,21401,254
2021-04-19,San Mateo,081,765935,41628,41226,463,41689,355
2021-04-19,Santa Barbara,083,443738,34086,33786,1223,35009,446
2021-04-19,Santa Clara,085,1922200,116369,117099,738,117837,1944
2021-04-19,Santa Cruz,087,273765,15969,15600,866,16466,204
2021-04-19,Shasta,089,179085,11661,11662,1460,13122,189
2021-04-19,Sierra,091,2930,53,51,14,65,0
2021-04-19,Siskiyou,093,43540,1647,1544,304,1848,10
2021-04-19,Solano,095,438530,31734,31643,472,32115,239
2021-04-19,Sonoma,097,501317,29488,29667,307,29974,311
2021-04-19,Stanislaus,099,539301,54283,54179,5984,60163,728
2021-04-19,Sutter,101,95872,9299,9269,87,9356,109
2021-04-19,Tehama,103,63373,4895,4878,568,5446,52
2021-04-19,Trinity,105,12862,407,326,67,393,3
2021-04-19,Tulare,107,460477,49078,48630,9194,57824,831
2021-04-19,Tuolumne,109,53932,4011,4010,36,4046,58
2021-04-19,Ventura,111,848112,80271,80000,3038,83038,996
2021-04-19,Yolo,113,214977,13608,13572,283,13855,200
2021-04-19,Yuba,115,75493,5826,5804,119,5923,44
2021-04-18,Alameda,001,1643700,85713,85481,1954,87435,1247
2021-04-18,Alpine,003,1148,86,85,0,85,0
2021-04-18,Amador,005,37829,3637,3627,34,3661,46
2021-04-18,Butte,007,227075,11904,11591,1792,13383,196
2021-04-18,Calaveras,009,45235,2051,2047,12,2059,50
2021-04-18,Colusa,011,21464,1910,1912,293,2205,14
2021-04-18,Contra Costa,013,1133247,67341,66750,1248,67998,782
2021-04-18,Del Norte,015,27424,1255,1240,11,1251,6
2021-04-18,El Dorado,017,186661,9754,9710,710,10420,106
2021-04-18,Fresno,019,978130,100572,100621,8744,109365,1646
2021-04-18,Glenn,021,27897,2359,2358,552,2910,17
2021-04-18,Humboldt,023,135768,3677,3590,27,3617,35
2021-04-18,Imperial,025,180216,27995,27991,2814,30805,719
2021-04-18,Inyo,027,18085,1393,1392,2,1394,36
2021-04-18,Kern,029,883053,95821,95129,10884,106013,1290
2021-04-18,Kings,031,150075,22758,22685,1149,23834,243
2021-04-18,Lake,033,64148,3433,3413,9,3422,43
2021-04-18,Lassen,035,31185,5153,5156,108,5264,1
2021-04-18,Los Angeles,037,10098052,1193842,1188620,43077,1231697,23648
2021-04-18,Madera,039,155013,16341,16277,942,17219,231
2021-04-18,Marin,041,260295,13801,13801,243,14044,226
2021-04-18,Mariposa,043,17540,410,400,10,410,5
2021-04-18,Mendocino,045,87422,3794,3722,71,3793,46
2021-04-18,Merced,047,269075,30377,30405,987,31392,441
2021-04-18,Modoc,049,8938,367,359,122,481,3
2021-04-18,Mono,051,14174,1232,1254,13,1267,3
2021-04-18,Monterey,053,433212,42717,42638,1889,44527,356
2021-04-18,Napa,055,140530,9704,9674,32,9706,79
2021-04-18,Nevada,057,99092,4522,4464,190,4654,70
2021-04-18,Orange,059,3164182,252856,251940,11436,263376,4883
2021-04-18,Placer,061,380077,22305,21783,1430,23213,282
2021-04-18,Plumas,063,18699,679,665,11,676,4
2021-04-18,Riverside,065,2383286,289226,286043,14380,300423,4371
2021-04-18,Sacramento,067,1510023,101933,101354,1618,102972,1572
2021-04-18,San Benito,069,59416,5980,5989,115,6104,63
2021-04-18,San Bernardino,071,2135413,290473,289691,9307,298998,4556
2021-04-18,San Diego,073,3302833,275345,274961,14171,289132,3674
2021-04-18,San Francisco,075,870044,35939,36073,1334,37407,525
2021-04-18,San Joaquin,077,732212,71106,70466,3527,73993,1289
2021-04-18,San Luis Obispo,079,281455,20820,20656,725,21381,254
2021-04-18,San Mateo,081,765935,41599,41201,462,41663,352
2021-04-18,Santa Barbara,083,443738,34052,33769,1222,34991,446
2021-04-18,Santa Clara,085,1922200,116241,116996,722,117718,1944
2021-04-18,Santa Cruz,087,273765,15959,15580,865,16445,204
2021-04-18,Shasta,089,179085,11640,11658,1457,13115,189
2021-04-18,Sierra,091,2930,53,51,14,65,0
2021-04-18,Siskiyou,093,43540,1636,1538,302,1840,10
2021-04-18,Solano,095,438530,31684,31606,471,32077,239
2021-04-18,Sonoma,097,501317,29472,29660,305,29965,311
2021-04-18,Stanislaus,099,539301,54203,54132,5975,60107,728
2021-04-18,Sutter,101,95872,9285,9261,87,9348,109
2021-04-18,Tehama,103,63373,4886,4877,567,5444,52
2021-04-18,Trinity,105,12862,407,326,67,393,3
2021-04-18,Tulare,107,460477,49066,48618,9188,57806,829
2021-04-18,Tuolumne,109,53932,4010,4008,35,4043,58
2021-04-18,Ventura,111,848112,80241,79984,3034,83018,996
2021-04-18,Yolo,113,214977,13596,13562,281,13843,200
2021-04-18,Yuba,115,75493,5819,5804,119,5923,44
2021-04-17,Alameda,001,1643700,85640,85367,1950,87317,1247
2021-04-17,Alpine,003,1148,86,85,0,85,0
2021-04-17,Amador,005,37829,3635,3625,34,3659,46
2021-04-17,Butte,007,227075,11884,11573,1788,13361,196
2021-04-17,Calaveras,009,45235,2048,2045,12,2057,50
2021-04-17,Colusa,011,21464,1910,1912,293,2205,14
2021-04-17,Contra Costa,013,1133247,67293,66657,1240,67897,782
2021-04-17,Del Norte,015,27424,1255,1238,11,1249,6
2021-04-17,El Dorado,017,186661,9739,9692,707,10399,106
2021-04-17,Fresno,019,978130,100540,100562,8737,109299,1646
2021-04-17,Glenn,021,27897,2359,2357,552,2909,17
2021-04-17,Humboldt,023,135768,3654,3579,27,3606,35
2021-04-17,Imperial,025,180216,27984,27987,2813,30800,719
2021-04-17,Inyo,027,18085,1390,1392,2,1394,36
2021-04-17,Kern,029,883053,95803,95102,10880,105982,1290
2021-04-17,Kings,031,150075,22753,22678,1148,23826,243
2021-04-17,Lake,033,64148,3432,3409,9,3418,43
2021-04-17,Lassen,035,31185,5153,5154,108,5262,1
2021-04-17,Los Angeles,037,10098052,1193587,1188262,43044,1231306,23653
2021-04-17,Madera,039,155013,16337,16260,941,17201,231
2021-04-17,Marin,041,260295,13797,13797,242,14039,226
2021-04-17,Mariposa,043,17540,409,398,10,408,5
2021-04-17,Mendocino,045,87422,3791,3721,71,3792,46
2021-04-17,Merced,047,269075,30362,30392,985,31377,441
2021-04-17,Modoc,049,8938,367,357,122,479,3
2021-04-17,Mono,051,14174,1232,1253,13,1266,3
2021-04-17,Monterey,053,433212,42708,42630,1887,44517,356
2021-04-17,Napa,055,140530,9700,9666,32,9698,79
2021-04-17,Nevada,057,99092,4514,4457,190,4647,70
2021-04-17,Orange,059,3164182,252787,251873,11424,263297,4878
2021-04-17,Placer,061,380077,22282,21736,1425,23161,282
2021-04-17,Plumas,063,18699,678,666,11,677,4
2021-04-17,Riverside,065,2383286,289157,285963,14372,300335,4371
2021-04-17,Sacramento,067,1510023,101824,101172,1606,102778,1572
2021-04-17,San Benito,069,59416,5974,5986,115,6101,63
2021-04-17,San Bernardino,071,2135413,290418,289624,9304,298928,4555
2021-04-17,San Diego,073,3302833,275198,274812,14137,288949,3674
2021-04-17,San Francisco,075,870044,35918,36032,1331,37363,523
2021-04-17,San Joaquin,077,732212,71066,70372,3517,73889,1288
2021-04-17,San Luis Obispo,079,281455,20808,20642,721,21363,254
2021-04-17,San Mateo,081,765935,41576,41157,462,41619,352
2021-04-17,Santa Barbara,083,443738,34021,33738,1220,34958,446
2021-04-17,Santa Clara,085,1922200,116150,116887,719,117606,1944
2021-04-17,Santa Cruz,087,273765,15953,15571,865,16436,204
2021-04-17,Shasta,089,179085,11625,11647,1456,13103,189
2021-04-17,Sierra,091,2930,53,51,14,65,0
2021-04-17,Siskiyou,093,43540,1631,1539,301,1840,10
2021-04-17,Solano,095,438530,31653,31541,468,32009,239
2021-04-17,Sonoma,097,501317,29465,29637,305,29942,311
2021-04-17,Stanislaus,099,539301,54166,54058,5970,60028,728
2021-04-17,Sutter,101,95872,9279,9252,87,9339,109
2021-04-17,Tehama,103,63373,4880,4875,566,5441,52
2021-04-17,Trinity,105,12862,407,326,67,393,3
2021-04-17,Tulare,107,460477,49054,48603,9184,57787,829
2021-04-17,Tuolumne,109,53932,4008,4005,35,4040,58
2021-04-17,Ventura,111,848112,80221,79964,3034,82998,996
2021-04-17,Yolo,113,214977,13586,13580,281,13861,200
2021-04-17,Yuba,115,75493,5814,5802,118,5920,44
2021-04-16,Alameda,001,1643700,85560,85243,1948,87191,1245
2021-04-16,Alpine,003,1148,86,85,0,85,0
2021-04-16,Amador,005,37829,3630,3621,34,3655,46
2021-04-16,Butte,007,227075,11872,11549,1786,13335,196
2021-04-16,Calaveras,009,45235,2046,2042,12,2054,50
2021-04-16,Colusa,011,21464,1908,1911,293,2204,14
2021-04-16,Contra Costa,013,1133247,67238,66569,1237,67806,782
2021-04-16,Del Norte,015,27424,1254,1237,11,1248,6
2021-04-16,El Dorado,017,186661,9719,9665,703,10368,106
2021-04-16,Fresno,019,978130,100491,100500,8730,109230,1643
2021-04-16,Glenn,021,27897,2359,2355,552,2907,17
2021-04-16,Humboldt,023,135768,3633,3570,26,3596,35
2021-04-16,Imperial,025,180216,27974,27962,2812,30774,719
2021-04-16,Inyo,027,18085,1390,1392,2,1394,36
2021-04-16,Kern,029,883053,95774,95066,10877,105943,1288
2021-04-16,Kings,031,150075,22750,22667,1146,23813,243
2021-04-16,Lake,033,64148,3426,3406,9,3415,43
2021-04-16,Lassen,035,31185,5152,5155,108,5263,1
2021-04-16,Los Angeles,037,10098052,1193289,1187818,43005,1230823,23627
2021-04-16,Madera,039,155013,16332,16250,939,17189,231
2021-04-16,Marin,041,260295,13794,13788,242,14030,226
2021-04-16,Mariposa,043,17540,408,396,9,405,5
2021-04-16,Mendocino,045,87422,3789,3719,71,3790,46
2021-04-16,Merced,047,269075,30347,30355,985,31340,438
2021-04-16,Modoc,049,8938,367,355,122,477,3
2021-04-16,Mono,051,14174,1232,1253,13,1266,3
2021-04-16,Monterey,053,433212,42697,42620,1885,44505,351
2021-04-16,Napa,055,140530,9692,9653,32,9685,79
2021-04-16,Nevada,057,99092,4505,4443,190,4633,70
2021-04-16,Orange,059,3164182,252724,251770,11415,263185,4873
2021-04-16,Placer,061,380077,22255,21680,1419,23099,282
2021-04-16,Plumas,063,18699,677,665,11,676,4
2021-04-16,Riverside,065,2383286,289081,285818,14370,300188,4369
2021-04-16,Sacramento,067,1510023,101728,100993,1601,102594,1572
2021-04-16,San Benito,069,59416,5972,5982,115,6097,63
2021-04-16,San Bernardino,071,2135413,290371,289424,9302,298726,4550
2021-04-16,San Diego,073,3302833,275044,274567,14119,288686,3662
2021-04-16,San Francisco,075,870044,35893,35993,1327,37320,517
2021-04-16,San Joaquin,077,732212,70999,70280,3509,73789,1288
2021-04-16,San Luis Obispo,079,281455,20796,20623,720,21343,253
2021-04-16,San Mateo,081,765935,41547,41107,461,41568,352
2021-04-16,Santa Barbara,083,443738,34003,33703,1220,34923,446
2021-04-16,Santa Clara,085,1922200,116050,116693,716,117409,1941
2021-04-16,Santa Cruz,087,273765,15951,15539,865,16404,204
2021-04-16,Shasta,089,179085,11613,11623,1454,13077,189
2021-04-16,Sierra,091,2930,53,51,14,65,0
2021-04-16,Siskiyou,093,43540,1627,1530,299,1829,10
2021-04-16,Solano,095,438530,31614,31470,465,31935,239
2021-04-16,Sonoma,097,501317,29454,29617,305,29922,311
2021-04-16,Stanislaus,099,539301,54118,53983,5968,59951,728
2021-04-16,Sutter,101,95872,9273,9247,87,9334,109
2021-04-16,Tehama,103,63373,4879,4866,566,5432,52
2021-04-16,Trinity,105,12862,407,326,67,393,3
2021-04-16,Tulare,107,460477,49043,48583,9181,57764,830
2021-04-16,Tuolumne,109,53932,4005,4005,35,4040,58
2021-04-16,Ventura,111,848112,80196,79942,3029,82971,994
2021-04-16,Yolo,113,214977,13573,13559,279,13838,198
2021-04-16,Yuba,115,75493,5811,5795,117,5912,44
2021-04-15,Alameda,001,1643700,85454,85089,1946,87035,1246
2021-04-15,Alpine,003,1148,86,85,0,85,0
2021-04-15,Amador,005,37829,3629,3616,34,3650,46
2021-04-15,Butte,007,227075,11857,11529,1782,13311,196
2021-04-15,Calaveras,009,45235,2045,2039,12,2051,50
2021-04-15,Colusa,011,21464,1906,1909,292,2201,14
2021-04-15,Contra Costa,013,1133247,67164,66480,1233,67713,781
2021-04-15,Del Norte,015,27424,1247,1235,11,1246,6
2021-04-15,El Dorado,017,186661,9706,9639,701,10340,106
2021-04-15,Fresno,019,978130,100432,100431,8723,109154,1642
2021-04-15,Glenn,021,27897,2359,2354,552,2906,17
2021-04-15,Humboldt,023,135768,3611,3561,26,3587,35
2021-04-15,Imperial,025,180216,27946,27920,2809,30729,718
2021-04-15,Inyo,027,18085,1390,1393,2,1395,36
2021-04-15,Kern,029,883053,95742,94989,10862,105851,1289
2021-04-15,Kings,031,150075,22736,22648,1146,23794,242
2021-04-15,Lake,033,64148,3425,3399,9,3408,43
2021-04-15,Lassen,035,31185,5151,5152,108,5260,1
2021-04-15,Los Angeles,037,10098052,1192895,1187274,42965,1230239,23598
2021-04-15,Madera,039,155013,16317,16234,939,17173,231
2021-04-15,Marin,041,260295,13790,13783,241,14024,226
2021-04-15,Mariposa,043,17540,406,395,9,404,5
2021-04-15,Mendocino,045,87422,3788,3714,71,3785,46
2021-04-15,Merced,047,269075,30321,30325,984,31309,437
2021-04-15,Modoc,049,8938,367,355,122,477,3
2021-04-15,Mono,051,14174,1231,1253,13,1266,3
2021-04-15,Monterey,053,433212,42687,42604,1883,44487,347
2021-04-15,Napa,055,140530,9684,9645,32,9677,79
2021-04-15,Nevada,057,99092,4493,4434,189,4623,70
2021-04-15,Orange,059,3164182,252629,251679,11402,263081,4857
2021-04-15,Placer,061,380077,22225,21614,1412,23026,281
2021-04-15,Plumas,063,18699,675,665,11,676,4
2021-04-15,Riverside,065,2383286,288982,285698,14363,300061,4363
2021-04-15,Sacramento,067,1510023,101598,100782,1587,102369,1570
2021-04-15,San Benito,069,59416,5969,5969,114,6083,63
2021-04-15,San Bernardino,071,2135413,290283,289288,9295,298583,4544
2021-04-15,San Diego,073,3302833,274798,274250,14060,288310,3653
2021-04-15,San Francisco,075,870044,35875,35947,1324,37271,510
2021-04-15,San Joaquin,077,732212,70918,70189,3501,73690,1288
2021-04-15,San Luis Obispo,079,281455,20780,20591,717,21308,253
2021-04-15,San Mateo,081,765935,41508,41050,460,41510,352
2021-04-15,Santa Barbara,083,443738,33985,33672,1216,34888,446
2021-04-15,Santa Clara,085,1922200,115944,116602,712,117314,1927
2021-04-15,Santa Cruz,087,273765,15941,15509,865,16374,203
2021-04-15,Shasta,089,179085,11599,11597,1450,13047,191
2021-04-15,Sierra,091,2930,53,51,14,65,0
2021-04-15,Siskiyou,093,43540,1621,1524,299,1823,10
2021-04-15,Solano,095,438530,31576,31394,464,31858,239
2021-04-15,Sonoma,097,501317,29440,29587,305,29892,311
2021-04-15,Stanislaus,099,539301,54064,53918,5960,59878,728
2021-04-15,Sutter,101,95872,9266,9237,87,9324,109
2021-04-15,Tehama,103,63373,4877,4854,565,5419,52
2021-04-15,Trinity,105,12862,407,326,67,393,3
2021-04-15,Tulare,107,460477,49022,48556,9181,57737,829
2021-04-15,Tuolumne,109,53932,4005,4003,35,4038,57
2021-04-15,Ventura,111,848112,80177,79917,3027,82944,989
2021-04-15,Yolo,113,214977,13554,13547,277,13824,198
2021-04-15,Yuba,115,75493,5808,5788,117,5905,44
2021-04-14,Alameda,001,1643700,85356,85009,1945,86954,1247
2021-04-14,Alpine,003,1148,86,85,0,85,0
2021-04-14,Amador,005,37829,3628,3613,34,3647,46
2021-04-14,Butte,007,227075,11844,11513,1781,13294,196
2021-04-14,Calaveras,009,45235,2043,2037,12,2049,50
2021-04-14,Colusa,011,21464,1906,1905,292,2197,14
2021-04-14,Contra Costa,013,1133247,67078,66400,1227,67627,781
2021-04-14,Del Norte,015,27424,1247,1228,11,1239,6
2021-04-14,El Dorado,017,186661,9691,9625,696,10321,106
2021-04-14,Fresno,019,978130,100375,100376,8710,109086,1640
2021-04-14,Glenn,021,27897,2359,2353,552,2905,17
2021-04-14,Humboldt,023,135768,3590,3551,25,3576,35
2021-04-14,Imperial,025,180216,27925,27907,2806,30713,718
2021-04-14,Inyo,027,18085,1390,1392,2,1394,36
2021-04-14,Kern,029,883053,95717,94947,10855,105802,1287
2021-04-14,Kings,031,150075,22727,22641,1144,23785,243
2021-04-14,Lake,033,64148,3420,3396,9,3405,43
2021-04-14,Lassen,035,31185,5150,5151,108,5259,1
2021-04-14,Los Angeles,037,10098052,1192500,1186821,42917,1229738,23579
2021-04-14,Madera,039,155013,16308,16218,939,17157,231
2021-04-14,Marin,041,260295,13788,13768,240,14008,226
2021-04-14,Mariposa,043,17540,405,394,9,403,5
2021-04-14,Mendocino,045,87422,3783,3711,71,3782,46
2021-04-14,Merced,047,269075,30303,30296,984,31280,436
2021-04-14,Modoc,049,8938,367,355,122,477,3
2021-04-14,Mono,051,14174,1231,1252,13,1265,3
2021-04-14,Monterey,053,433212,42671,42595,1879,44474,347
2021-04-14,Napa,055,140530,9673,9643,32,9675,79
2021-04-14,Nevada,057,99092,4486,4421,189,4610,70
2021-04-14,Orange,059,3164182,252523,251568,11382,262950,4849
2021-04-14,Placer,061,380077,22192,21575,1411,22986,280
2021-04-14,Plumas,063,18699,675,665,11,676,4
2021-04-14,Riverside,065,2383286,288874,285583,14357,299940,4358
2021-04-14,Sacramento,067,1510023,101423,100645,1573,102218,1570
2021-04-14,San Benito,069,59416,5967,5960,114,6074,62
2021-04-14,San Bernardino,071,2135413,290216,289078,9292,298370,4523
2021-04-14,San Diego,073,3302833,274587,273969,14031,288000,3648
2021-04-14,San Francisco,075,870044,35837,35898,1323,37221,510
2021-04-14,San Joaquin,077,732212,70848,70095,3495,73590,1288
2021-04-14,San Luis Obispo,079,281455,20757,20561,707,21268,253
2021-04-14,San Mateo,081,765935,41468,40982,457,41439,352
2021-04-14,Santa Barbara,083,443738,33956,33650,1216,34866,445
2021-04-14,Santa Clara,085,1922200,115827,116488,709,117197,1922
2021-04-14,Santa Cruz,087,273765,15931,15481,865,16346,203
2021-04-14,Shasta,089,179085,11573,11581,1448,13029,190
2021-04-14,Sierra,091,2930,53,51,14,65,0
2021-04-14,Siskiyou,093,43540,1613,1518,298,1816,10
2021-04-14,Solano,095,438530,31524,31357,456,31813,239
2021-04-14,Sonoma,097,501317,29432,29572,303,29875,311
2021-04-14,Stanislaus,099,539301,53993,53836,5951,59787,727
2021-04-14,Sutter,101,95872,9258,9230,87,9317,106
2021-04-14,Tehama,103,63373,4872,4853,563,5416,52
2021-04-14,Trinity,105,12862,407,326,67,393,3
2021-04-14,Tulare,107,460477,48996,48527,9178,57705,827
2021-04-14,Tuolumne,109,53932,4004,3997,35,4032,57
2021-04-14,Ventura,111,848112,80141,79891,3025,82916,986
2021-04-14,Yolo,113,214977,13538,13530,275,13805,198
2021-04-14,Yuba,115,75493,5806,5778,117,5895,44
2021-04-13,Alameda,001,1643700,85250,84921,1940,86861,1239
2021-04-13,Alpine,003,1148,86,85,0,85,0
2021-04-13,Amador,005,37829,3625,3609,34,3643,46
2021-04-13,Butte,007,227075,11826,11497,1778,13275,196
2021-04-13,Calaveras,009,45235,2040,2035,12,2047,50
2021-04-13,Colusa,011,21464,1904,1905,290,2195,14
2021-04-13,Contra Costa,013,1133247,66988,66304,1227,67531,778
2021-04-13,Del Norte,015,27424,1242,1221,11,1232,6
2021-04-13,El Dorado,017,186661,9665,9609,694,10303,106
2021-04-13,Fresno,019,978130,100295,100357,8704,109061,1636
2021-04-13,Glenn,021,27897,2358,2351,552,2903,17
2021-04-13,Humboldt,023,135768,3573,3540,25,3565,35
2021-04-13,Imperial,025,180216,27907,27887,2797,30684,718
2021-04-13,Inyo,027,18085,1390,1391,2,1393,36
2021-04-13,Kern,029,883053,95673,94908,10843,105751,1285
2021-04-13,Kings,031,150075,22711,22636,1143,23779,243
2021-04-13,Lake,033,64148,3417,3390,9,3399,43
2021-04-13,Lassen,035,31185,5149,5147,108,5255,1
2021-04-13,Los Angeles,037,10098052,1192051,1186482,42871,1229353,23526
2021-04-13,Madera,039,155013,16298,16207,937,17144,231
2021-04-13,Marin,041,260295,13780,13760,239,13999,224
2021-04-13,Mariposa,043,17540,404,394,6,400,5
2021-04-13,Mendocino,045,87422,3777,3702,71,3773,46
2021-04-13,Merced,047,269075,30272,30276,982,31258,435
2021-04-13,Modoc,049,8938,367,355,122,477,3
2021-04-13,Mono,051,14174,1231,1251,13,1264,3
2021-04-13,Monterey,053,433212,42660,42577,1879,44456,347
2021-04-13,Napa,055,140530,9663,9627,32,9659,79
2021-04-13,Nevada,057,99092,4474,4415,189,4604,69
2021-04-13,Orange,059,3164182,252427,251491,11364,262855,4836
2021-04-13,Placer,061,380077,22155,21534,1408,22942,280
2021-04-13,Plumas,063,18699,674,665,11,676,4
2021-04-13,Riverside,065,2383286,288756,285505,14350,299855,4348
2021-04-13,Sacramento,067,1510023,101249,100551,1568,102119,1569
2021-04-13,San Benito,069,59416,5964,5946,114,6060,62
2021-04-13,San Bernardino,071,2135413,290101,288929,9286,298215,4521
2021-04-13,San Diego,073,3302833,274333,273709,13996,287705,3623
2021-04-13,San Francisco,075,870044,35801,35869,1319,37188,506
2021-04-13,San Joaquin,077,732212,70740,70034,3487,73521,1288
2021-04-13,San Luis Obispo,079,281455,20730,20536,697,21233,253
2021-04-13,San Mateo,081,765935,41423,40955,457,41412,353
2021-04-13,Santa Barbara,083,443738,33934,33613,1213,34826,444
2021-04-13,Santa Clara,085,1922200,115698,116363,707,117070,1923
2021-04-13,Santa Cruz,087,273765,15924,15449,865,16314,203
2021-04-13,Shasta,089,179085,11553,11536,1445,12981,189
2021-04-13,Sierra,091,2930,53,51,14,65,0
2021-04-13,Siskiyou,093,43540,1605,1511,294,1805,10
2021-04-13,Solano,095,438530,31476,31335,452,31787,239
2021-04-13,Sonoma,097,501317,29424,29544,302,29846,311
2021-04-13,Stanislaus,099,539301,53921,53797,5941,59738,722
2021-04-13,Sutter,101,95872,9254,9226,87,9313,106
2021-04-13,Tehama,103,63373,4865,4850,560,5410,52
2021-04-13,Trinity,105,12862,407,326,67,393,3
2021-04-13,Tulare,107,460477,48984,48511,9174,57685,825
2021-04-13,Tuolumne,109,53932,4002,3995,35,4030,57
2021-04-13,Ventura,111,848112,80109,79854,3023,82877,986
2021-04-13,Yolo,113,214977,13526,13516,274,13790,198
2021-04-13,Yuba,115,75493,5797,5776,117,5893,44
2021-04-12,Alameda,001,1643700,85148,84817,1938,86755,1238
2021-04-12,Alpine,003,1148,86,85,0,85,0
2021-04-12,Amador,005,37829,3624,3607,34,3641,46
2021-04-12,Butte,007,227075,11811,11488,1774,13262,193
2021-04-12,Calaveras,009,45235,2038,2033,12,2045,50
2021-04-12,Colusa,011,21464,1902,1904,288,2192,14
2021-04-12,Contra Costa,013,1133247,66907,66176,1227,67403,777
2021-04-12,Del Norte,015,27424,1239,1216,11,1227,6
2021-04-12,El Dorado,017,186661,9648,9588,692,10280,106
2021-04-12,Fresno,019,978130,100234,100277,8680,108957,1633
2021-04-12,Glenn,021,27897,2357,2349,552,2901,17
2021-04-12,Humboldt,023,135768,3559,3533,24,3557,35
2021-04-12,Imperial,025,180216,27877,27851,2792,30643,717
2021-04-12,Inyo,027,18085,1390,1390,2,1392,36
2021-04-12,Kern,029,883053,95637,94861,10831,105692,1283
2021-04-12,Kings,031,150075,22703,22621,1142,23763,241
2021-04-12,Lake,033,64148,3413,3380,9,3389,43
2021-04-12,Lassen,035,31185,5148,5147,108,5255,1
2021-04-12,Los Angeles,037,10098052,1191555,1186145,42829,1228974,23505
2021-04-12,Madera,039,155013,16287,16174,934,17108,231
2021-04-12,Marin,041,260295,13768,13751,236,13987,224
2021-04-12,Mariposa,043,17540,403,394,6,400,5
2021-04-12,Mendocino,045,87422,3776,3699,71,3770,46
2021-04-12,Merced,047,269075,30240,30261,980,31241,435
2021-04-12,Modoc,049,8938,365,352,122,474,3
2021-04-12,Mono,051,14174,1231,1251,13,1264,3
2021-04-12,Monterey,053,433212,42646,42555,1877,44432,346
2021-04-12,Napa,055,140530,9649,9603,32,9635,80
2021-04-12,Nevada,057,99092,4463,4408,189,4597,69
2021-04-12,Orange,059,3164182,252341,251350,11343,262693,4826
2021-04-12,Placer,061,380077,22107,21475,1403,22878,278
2021-04-12,Plumas,063,18699,672,666,11,677,4
2021-04-12,Riverside,065,2383286,288649,285361,14344,299705,4336
2021-04-12,Sacramento,067,1510023,101074,100394,1563,101957,1566
2021-04-12,San Benito,069,59416,5956,5942,113,6055,62
2021-04-12,San Bernardino,071,2135413,289994,288736,9274,298010,4493
2021-04-12,San Diego,073,3302833,274073,273431,13967,287398,3621
2021-04-12,San Francisco,075,870044,35768,35841,1317,37158,506
2021-04-12,San Joaquin,077,732212,70669,69968,3478,73446,1288
2021-04-12,San Luis Obispo,079,281455,20686,20515,683,21198,253
2021-04-12,San Mateo,081,765935,41381,40920,453,41373,353
2021-04-12,Santa Barbara,083,443738,33903,33606,1213,34819,444
2021-04-12,Santa Clara,085,1922200,115570,116252,705,116957,1923
2021-04-12,Santa Cruz,087,273765,15905,15406,865,16271,203
2021-04-12,Shasta,089,179085,11536,11509,1441,12950,189
2021-04-12,Sierra,091,2930,53,51,14,65,0
2021-04-12,Siskiyou,093,43540,1594,1511,292,1803,7
2021-04-12,Solano,095,438530,31435,31305,449,31754,238
2021-04-12,Sonoma,097,501317,29396,29500,302,29802,310
2021-04-12,Stanislaus,099,539301,53856,53722,5934,59656,707
2021-04-12,Sutter,101,95872,9243,9221,87,9308,106
2021-04-12,Tehama,103,63373,4856,4834,556,5390,52
2021-04-12,Trinity,105,12862,407,324,67,391,3
2021-04-12,Tulare,107,460477,48964,48495,9164,57659,824
2021-04-12,Tuolumne,109,53932,3998,3993,35,4028,57
2021-04-12,Ventura,111,848112,80076,79818,3021,82839,985
2021-04-12,Yolo,113,214977,13512,13510,273,13783,198
2021-04-12,Yuba,115,75493,5791,5773,117,5890,43
2021-04-11,Alameda,001,1643700,85011,84756,1933,86689,1238
2021-04-11,Alpine,003,1148,86,85,0,85,0
2021-04-11,Amador,005,37829,3622,3605,34,3639,46
2021-04-11,Butte,007,227075,11776,11487,1771,13258,193
2021-04-11,Calaveras,009,45235,2033,2036,12,2048,50
2021-04-11,Colusa,011,21464,1901,1904,287,2191,14
2021-04-11,Contra Costa,013,1133247,66798,66107,1224,67331,777
2021-04-11,Del Norte,015,27424,1233,1214,11,1225,6
2021-04-11,El Dorado,017,186661,9634,9575,689,10264,106
2021-04-11,Fresno,019,978130,100168,100230,8668,108898,1633
2021-04-11,Glenn,021,27897,2353,2348,551,2899,17
2021-04-11,Humboldt,023,135768,3549,3523,24,3547,35
2021-04-11,Imperial,025,180216,27853,27841,2790,30631,717
2021-04-11,Inyo,027,18085,1390,1390,2,1392,36
2021-04-11,Kern,029,883053,95578,94830,10822,105652,1283
2021-04-11,Kings,031,150075,22694,22618,1139,23757,241
2021-04-11,Lake,033,64148,3409,3377,9,3386,43
2021-04-11,Lassen,035,31185,5144,5147,108,5255,1
2021-04-11,Los Angeles,037,10098052,1191044,1185757,42785,1228542,23503
2021-04-11,Madera,039,155013,16269,16166,932,17098,231
2021-04-11,Marin,041,260295,13762,13741,234,13975,226
2021-04-11,Mariposa,043,17540,403,394,6,400,5
2021-04-11,Mendocino,045,87422,3774,3696,71,3767,46
2021-04-11,Merced,047,269075,30202,30249,979,31228,435
2021-04-11,Modoc,049,8938,364,352,120,472,3
2021-04-11,Mono,051,14174,1230,1250,13,1263,3
2021-04-11,Monterey,053,433212,42639,42547,1870,44417,346
2021-04-11,Napa,055,140530,9638,9592,32,9624,80
2021-04-11,Nevada,057,99092,4449,4394,189,4583,69
2021-04-11,Orange,059,3164182,252216,251233,11330,262563,4826
2021-04-11,Placer,061,380077,22050,21458,1398,22856,278
2021-04-11,Plumas,063,18699,672,666,11,677,4
2021-04-11,Riverside,065,2383286,288520,285269,14334,299603,4336
2021-04-11,Sacramento,067,1510023,100905,100296,1550,101846,1566
2021-04-11,San Benito,069,59416,5948,5941,112,6053,62
2021-04-11,San Bernardino,071,2135413,289884,288686,9267,297953,4492
2021-04-11,San Diego,073,3302833,273776,273287,13909,287196,3621
2021-04-11,San Francisco,075,870044,35732,35815,1314,37129,498
2021-04-11,San Joaquin,077,732212,70581,69939,3467,73406,1288
2021-04-11,San Luis Obispo,079,281455,20660,20501,680,21181,253
2021-04-11,San Mateo,081,765935,41323,40901,452,41353,353
2021-04-11,Santa Barbara,083,443738,33869,33591,1212,34803,444
2021-04-11,Santa Clara,085,1922200,115435,116161,702,116863,1923
2021-04-11,Santa Cruz,087,273765,15893,15382,865,16247,203
2021-04-11,Shasta,089,179085,11492,11504,1440,12944,189
2021-04-11,Sierra,091,2930,53,51,14,65,0
2021-04-11,Siskiyou,093,43540,1588,1509,288,1797,7
2021-04-11,Solano,095,438530,31383,31268,445,31713,238
2021-04-11,Sonoma,097,501317,29370,29496,298,29794,310
2021-04-11,Stanislaus,099,539301,53774,53683,5924,59607,707
2021-04-11,Sutter,101,95872,9234,9222,87,9309,106
2021-04-11,Tehama,103,63373,4853,4832,554,5386,52
2021-04-11,Trinity,105,12862,407,324,67,391,3
2021-04-11,Tulare,107,460477,48950,48479,9157,57636,824
2021-04-11,Tuolumne,109,53932,3996,3993,35,4028,57
2021-04-11,Ventura,111,848112,80030,79800,3014,82814,985
2021-04-11,Yolo,113,214977,13491,13496,271,13767,198
2021-04-11,Yuba,115,75493,5781,5768,117,5885,43
2021-04-10,Alameda,001,1643700,84946,84626,1933,86559,1238
2021-04-10,Alpine,003,1148,86,85,0,85,0
2021-04-10,Amador,005,37829,3620,3603,34,3637,46
2021-04-10,Butte,007,227075,11765,11482,1770,13252,193
2021-04-10,Calaveras,009,45235,2033,2032,12,2044,50
2021-04-10,Colusa,011,21464,1901,1902,287,2189,14
2021-04-10,Contra Costa,013,1133247,66737,66001,1221,67222,778
2021-04-10,Del Norte,015,27424,1230,1212,11,1223,6
2021-04-10,El Dorado,017,186661,9622,9549,686,10235,106
2021-04-10,Fresno,019,978130,100135,100135,8661,108796,1633
2021-04-10,Glenn,021,27897,2353,2343,551,2894,17
2021-04-10,Humboldt,023,135768,3539,3508,24,3532,35
2021-04-10,Imperial,025,180216,27839,27816,2790,30606,717
2021-04-10,Inyo,027,18085,1390,1387,2,1389,36
2021-04-10,Kern,029,883053,95564,94802,10816,105618,1284
2021-04-10,Kings,031,150075,22690,22614,1137,23751,241
2021-04-10,Lake,033,64148,3404,3368,9,3377,43
2021-04-10,Lassen,035,31185,5144,5146,107,5253,1
2021-04-10,Los Angeles,037,10098052,1190774,1185246,42765,1228011,23493
2021-04-10,Madera,039,155013,16261,16143,931,17074,231
2021-04-10,Marin,041,260295,13757,13731,234,13965,226
2021-04-10,Mariposa,043,17540,400,393,6,399,5
2021-04-10,Mendocino,045,87422,3772,3696,71,3767,46
2021-04-10,Merced,047,269075,30182,30225,978,31203,435
2021-04-10,Modoc,049,8938,364,352,120,472,3
2021-04-10,Mono,051,14174,1230,1249,13,1262,3
2021-04-10,Monterey,053,433212,42628,42527,1869,44396,346
2021-04-10,Napa,055,140530,9631,9569,32,9601,79
2021-04-10,Nevada,057,99092,4442,4379,189,4568,69
2021-04-10,Orange,059,3164182,252122,251139,11323,262462,4818
2021-04-10,Placer,061,380077,22019,21402,1392,22794,278
2021-04-10,Plumas,063,18699,672,666,11,677,4
2021-04-10,Riverside,065,2383286,288441,285082,14326,299408,4336
2021-04-10,Sacramento,067,1510023,100802,100048,1548,101596,1566
2021-04-10,San Benito,069,59416,5937,5932,111,6043,62
2021-04-10,San Bernardino,071,2135413,289820,288590,9260,297850,4489
2021-04-10,San Diego,073,3302833,273560,273058,13890,286948,3613
2021-04-10,San Francisco,075,870044,35702,35774,1310,37084,498
2021-04-10,San Joaquin,077,732212,70546,69852,3457,73309,1288
2021-04-10,San Luis Obispo,079,281455,20645,20461,678,21139,253
2021-04-10,San Mateo,081,765935,41290,40878,452,41330,350
2021-04-10,Santa Barbara,083,443738,33841,33541,1210,34751,444
2021-04-10,Santa Clara,085,1922200,115339,116015,701,116716,1923
2021-04-10,Santa Cruz,087,273765,15887,15360,865,16225,203
2021-04-10,Shasta,089,179085,11484,11492,1436,12928,189
2021-04-10,Sierra,091,2930,53,51,14,65,0
2021-04-10,Siskiyou,093,43540,1585,1512,288,1800,7
2021-04-10,Solano,095,438530,31349,31218,441,31659,238
2021-04-10,Sonoma,097,501317,29355,29469,297,29766,310
2021-04-10,Stanislaus,099,539301,53740,53596,5917,59513,707
2021-04-10,Sutter,101,95872,9232,9214,87,9301,106
2021-04-10,Tehama,103,63373,4851,4820,552,5372,52
2021-04-10,Trinity,105,12862,407,324,67,391,3
2021-04-10,Tulare,107,460477,48941,48470,9151,57621,824
2021-04-10,Tuolumne,109,53932,3993,3991,35,4026,57
2021-04-10,Ventura,111,848112,80002,79758,3012,82770,985
2021-04-10,Yolo,113,214977,13483,13494,270,13764,198
2021-04-10,Yuba,115,75493,5778,5757,116,5873,43
2021-04-09,Alameda,001,1643700,84874,84404,1925,86329,1237
2021-04-09,Alpine,003,1148,86,85,0,85,0
2021-04-09,Amador,005,37829,3619,3600,34,3634,46
2021-04-09,Butte,007,227075,11755,11454,1769,13223,193
2021-04-09,Calaveras,009,45235,2032,2028,12,2040,50
2021-04-09,Colusa,011,21464,1901,1898,287,2185,14
2021-04-09,Contra Costa,013,1133247,66644,65857,1215,67072,777
2021-04-09,Del Norte,015,27424,1229,1207,11,1218,6
2021-04-09,El Dorado,017,186661,9599,9528,682,10210,106
2021-04-09,Fresno,019,978130,100101,100027,8656,108683,1630
2021-04-09,Glenn,021,27897,2353,2337,551,2888,17
2021-04-09,Humboldt,023,135768,3529,3496,24,3520,35
2021-04-09,Imperial,025,180216,27824,27764,2788,30552,717
2021-04-09,Inyo,027,18085,1389,1386,2,1388,36
2021-04-09,Kern,029,883053,95526,94675,10814,105489,1282
2021-04-09,Kings,031,150075,22681,22595,1134,23729,242
2021-04-09,Lake,033,64148,3400,3362,9,3371,43
2021-04-09,Lassen,035,31185,5144,5140,107,5247,1
2021-04-09,Los Angeles,037,10098052,1190407,1184501,42733,1227234,23458
2021-04-09,Madera,039,155013,16258,16118,931,17049,231
2021-04-09,Marin,041,260295,13750,13721,234,13955,226
2021-04-09,Mariposa,043,17540,400,393,6,399,5
2021-04-09,Mendocino,045,87422,3770,3693,71,3764,46
2021-04-09,Merced,047,269075,30153,30179,977,31156,435
2021-04-09,Modoc,049,8938,363,352,120,472,3
2021-04-09,Mono,051,14174,1230,1247,13,1260,3
2021-04-09,Monterey,053,433212,42619,42481,1865,44346,344
2021-04-09,Napa,055,140530,9612,9574,32,9606,80
2021-04-09,Nevada,057,99092,4434,4373,189,4562,69
2021-04-09,Orange,059,3164182,252048,250852,11318,262170,4813
2021-04-09,Placer,061,380077,21988,21327,1384,22711,278
2021-04-09,Plumas,063,18699,671,666,11,677,4
2021-04-09,Riverside,065,2383286,288358,284562,14320,298882,4325
2021-04-09,Sacramento,067,1510023,100649,99722,1540,101262,1564
2021-04-09,San Benito,069,59416,5932,5925,110,6035,62
2021-04-09,San Bernardino,071,2135413,289751,288000,9257,297257,4467
2021-04-09,San Diego,073,3302833,273362,272697,13848,286545,3600
2021-04-09,San Francisco,075,870044,35661,35716,1305,37021,497
2021-04-09,San Joaquin,077,732212,70483,69675,3445,73120,1281
2021-04-09,San Luis Obispo,079,281455,20632,20427,677,21104,252
2021-04-09,San Mateo,081,765935,41254,40800,451,41251,350
2021-04-09,Santa Barbara,083,443738,33818,33424,1207,34631,444
2021-04-09,Santa Clara,085,1922200,115255,115749,699,116448,1923
2021-04-09,Santa Cruz,087,273765,15882,15331,865,16196,203
2021-04-09,Shasta,089,179085,11474,11478,1433,12911,188
2021-04-09,Sierra,091,2930,53,51,14,65,0
2021-04-09,Siskiyou,093,43540,1582,1510,287,1797,7
2021-04-09,Solano,095,438530,31316,31166,436,31602,238
2021-04-09,Sonoma,097,501317,29342,29433,297,29730,310
2021-04-09,Stanislaus,099,539301,53685,53504,5908,59412,705
2021-04-09,Sutter,101,95872,9225,9201,87,9288,106
2021-04-09,Tehama,103,63373,4845,4806,552,5358,52
2021-04-09,Trinity,105,12862,406,324,67,391,3
2021-04-09,Tulare,107,460477,48937,48430,9145,57575,824
2021-04-09,Tuolumne,109,53932,3992,3986,35,4021,57
2021-04-09,Ventura,111,848112,79974,79698,3012,82710,987
2021-04-09,Yolo,113,214977,13472,13478,268,13746,198
2021-04-09,Yuba,115,75493,5771,5754,116,5870,43
2021-04-08,Alameda,001,1643700,84772,84213,1921,86134,1232
2021-04-08,Alpine,003,1148,86,85,0,85,0
2021-04-08,Amador,005,37829,3615,3595,34,3629,46
2021-04-08,Butte,007,227075,11744,11414,1768,13182,193
2021-04-08,Calaveras,009,45235,2030,2027,12,2039,50
2021-04-08,Colusa,011,21464,1900,1897,287,2184,14
2021-04-08,Contra Costa,013,1133247,66535,65706,1212,66918,775
2021-04-08,Del Norte,015,27424,1223,1201,11,1212,6
2021-04-08,El Dorado,017,186661,9583,9513,676,10189,106
2021-04-08,Fresno,019,978130,100038,99935,8649,108584,1627
2021-04-08,Glenn,021,27897,2351,2337,551,2888,17
2021-04-08,Humboldt,023,135768,3519,3486,24,3510,35
2021-04-08,Imperial,025,180216,27797,27744,2785,30529,713
2021-04-08,Inyo,027,18085,1388,1386,2,1388,36
2021-04-08,Kern,029,883053,95480,94493,10801,105294,1281
2021-04-08,Kings,031,150075,22675,22589,1131,23720,243
2021-04-08,Lake,033,64148,3393,3360,9,3369,43
2021-04-08,Lassen,035,31185,5143,5136,107,5243,1
2021-04-08,Los Angeles,037,10098052,1189910,1184443,42694,1227137,23416
2021-04-08,Madera,039,155013,16246,16103,931,17034,231
2021-04-08,Marin,041,260295,13743,13704,234,13938,226
2021-04-08,Mariposa,043,17540,399,393,6,399,5
2021-04-08,Mendocino,045,87422,3768,3690,71,3761,45
2021-04-08,Merced,047,269075,30131,30163,977,31140,430
2021-04-08,Modoc,049,8938,363,352,120,472,3
2021-04-08,Mono,051,14174,1228,1247,13,1260,3
2021-04-08,Monterey,053,433212,42598,42437,1860,44297,342
2021-04-08,Napa,055,140530,9595,9569,32,9601,80
2021-04-08,Nevada,057,99092,4423,4367,189,4556,69
2021-04-08,Orange,059,3164182,251941,250529,11302,261831,4797
2021-04-08,Placer,061,380077,21947,21258,1375,22633,277
2021-04-08,Plumas,063,18699,671,665,11,676,4
2021-04-08,Riverside,065,2383286,288247,283853,14315,298168,4296
2021-04-08,Sacramento,067,1510023,100510,99319,1528,100847,1561
2021-04-08,San Benito,069,59416,5929,5914,108,6022,62
2021-04-08,San Bernardino,071,2135413,289653,287190,9254,296444,4445
2021-04-08,San Diego,073,3302833,273132,272495,13812,286307,3592
2021-04-08,San Francisco,075,870044,35638,35657,1304,36961,494
2021-04-08,San Joaquin,077,732212,70412,69479,3439,72918,1279
2021-04-08,San Luis Obispo,079,281455,20613,20402,674,21076,252
2021-04-08,San Mateo,081,765935,41214,40749,451,41200,350
2021-04-08,Santa Barbara,083,443738,33794,33309,1206,34515,444
2021-04-08,Santa Clara,085,1922200,115149,115487,698,116185,1905
2021-04-08,Santa Cruz,087,273765,15876,15296,865,16161,203
2021-04-08,Shasta,089,179085,11464,11466,1429,12895,186
2021-04-08,Sierra,091,2930,53,51,14,65,0
2021-04-08,Siskiyou,093,43540,1579,1511,287,1798,7
2021-04-08,Solano,095,438530,31267,31120,436,31556,238
2021-04-08,Sonoma,097,501317,29322,29410,296,29706,310
2021-04-08,Stanislaus,099,539301,53607,53401,5898,59299,706
2021-04-08,Sutter,101,95872,9221,9195,87,9282,106
2021-04-08,Tehama,103,63373,4841,4802,552,5354,52
2021-04-08,Trinity,105,12862,406,324,67,391,3
2021-04-08,Tulare,107,460477,48924,48409,9134,57543,821
2021-04-08,Tuolumne,109,53932,3992,3986,35,4021,57
2021-04-08,Ventura,111,848112,79937,79626,3008,82634,986
2021-04-08,Yolo,113,214977,13463,13468,267,13735,198
2021-04-08,Yuba,115,75493,5767,5743,116,5859,43
2021-04-07,Alameda,001,1643700,84689,84130,1917,86047,1224
2021-04-07,Alpine,003,1148,86,85,0,85,0
2021-04-07,Amador,005,37829,3612,3590,34,3624,46
2021-04-07,Butte,007,227075,11740,11405,1765,13170,193
2021-04-07,Calaveras,009,45235,2026,2022,12,2034,50
2021-04-07,Colusa,011,21464,1896,1894,286,2180,14
2021-04-07,Contra Costa,013,1133247,66449,65619,1211,66830,775
2021-04-07,Del Norte,015,27424,1221,1198,11,1209,6
2021-04-07,El Dorado,017,186661,9562,9500,671,10171,106
2021-04-07,Fresno,019,978130,99973,99865,8639,108504,1627
2021-04-07,Glenn,021,27897,2348,2337,550,2887,17
2021-04-07,Humboldt,023,135768,3507,3484,24,3508,35
2021-04-07,Imperial,025,180216,27773,27704,2779,30483,713
2021-04-07,Inyo,027,18085,1387,1386,2,1388,36
2021-04-07,Kern,029,883053,95444,94456,10786,105242,1275
2021-04-07,Kings,031,150075,22673,22589,1131,23720,243
2021-04-07,Lake,033,64148,3391,3358,9,3367,43
2021-04-07,Lassen,035,31185,5143,5137,107,5244,1
2021-04-07,Los Angeles,037,10098052,1189478,1183862,42669,1226531,23372
2021-04-07,Madera,039,155013,16227,16090,930,17020,231
2021-04-07,Marin,041,260295,13732,13688,232,13920,225
2021-04-07,Mariposa,043,17540,398,391,6,397,5
2021-04-07,Mendocino,045,87422,3767,3691,71,3762,45
2021-04-07,Merced,047,269075,30107,30132,973,31105,430
2021-04-07,Modoc,049,8938,363,351,120,471,3
2021-04-07,Mono,051,14174,1228,1246,13,1259,3
2021-04-07,Monterey,053,433212,42580,42427,1859,44286,341
2021-04-07,Napa,055,140530,9581,9556,32,9588,80
2021-04-07,Nevada,057,99092,4417,4364,189,4553,69
2021-04-07,Orange,059,3164182,251819,250378,11278,261656,4778
2021-04-07,Placer,061,380077,21902,21227,1367,22594,276
2021-04-07,Plumas,063,18699,671,665,11,676,4
2021-04-07,Riverside,065,2383286,288137,283749,14305,298054,4285
2021-04-07,Sacramento,067,1510023,100342,99202,1522,100724,1544
2021-04-07,San Benito,069,59416,5924,5912,107,6019,62
2021-04-07,San Bernardino,071,2135413,289534,286978,9249,296227,4433
2021-04-07,San Diego,073,3302833,272907,272195,13783,285978,3588
2021-04-07,San Francisco,075,870044,35598,35618,1300,36918,493
2021-04-07,San Joaquin,077,732212,70343,69375,3434,72809,1278
2021-04-07,San Luis Obispo,079,281455,20587,20373,671,21044,252
2021-04-07,San Mateo,081,765935,41170,40693,451,41144,350
2021-04-07,Santa Barbara,083,443738,33769,33289,1203,34492,444
2021-04-07,Santa Clara,085,1922200,115019,115311,696,116007,1900
2021-04-07,Santa Cruz,087,273765,15866,15275,864,16139,203
2021-04-07,Shasta,089,179085,11452,11456,1424,12880,184
2021-04-07,Sierra,091,2930,53,51,14,65,0
2021-04-07,Siskiyou,093,43540,1573,1512,286,1798,7
2021-04-07,Solano,095,438530,31217,31097,435,31532,238
2021-04-07,Sonoma,097,501317,29304,29394,295,29689,310
2021-04-07,Stanislaus,099,539301,53539,53344,5888,59232,686
2021-04-07,Sutter,101,95872,9218,9188,87,9275,106
2021-04-07,Tehama,103,63373,4833,4802,550,5352,52
2021-04-07,Trinity,105,12862,406,322,67,389,3
2021-04-07,Tulare,107,460477,48911,48386,9122,57508,820
2021-04-07,Tuolumne,109,53932,3990,3982,35,4017,57
2021-04-07,Ventura,111,848112,79903,79595,3006,82601,986
2021-04-07,Yolo,113,214977,13447,13450,265,13715,198
2021-04-07,Yuba,115,75493,5763,5737,116,5853,43
2021-04-06,Alameda,001,1643700,84577,84091,1912,86003,1223
2021-04-06,Alpine,003,1148,86,85,0,85,0
2021-04-06,Amador,005,37829,3611,3587,34,3621,45
2021-04-06,Butte,007,227075,11725,11396,1764,13160,193
2021-04-06,Calaveras,009,45235,2023,2021,12,2033,50
2021-04-06,Colusa,011,21464,1894,1894,284,2178,14
2021-04-06,Contra Costa,013,1133247,66372,65575,1210,66785,774
2021-04-06,Del Norte,015,27424,1216,1197,11,1208,6
2021-04-06,El Dorado,017,186661,9532,9489,669,10158,106
2021-04-06,Fresno,019,978130,99909,99814,8633,108447,1626
2021-04-06,Glenn,021,27897,2347,2335,550,2885,17
2021-04-06,Humboldt,023,135768,3498,3477,24,3501,35
2021-04-06,Imperial,025,180216,27739,27661,2769,30430,713
2021-04-06,Inyo,027,18085,1387,1379,2,1381,36
2021-04-06,Kern,029,883053,95400,94422,10780,105202,1259
2021-04-06,Kings,031,150075,22667,22587,1131,23718,240
2021-04-06,Lake,033,64148,3388,3358,9,3367,43
2021-04-06,Lassen,035,31185,5141,5137,107,5244,1
2021-04-06,Los Angeles,037,10098052,1188973,1183499,42624,1226123,23323
2021-04-06,Madera,039,155013,16207,16085,925,17010,230
2021-04-06,Marin,041,260295,13723,13675,229,13904,224
2021-04-06,Mariposa,043,17540,398,390,6,396,5
2021-04-06,Mendocino,045,87422,3765,3686,71,3757,45
2021-04-06,Merced,047,269075,30078,30100,968,31068,430
2021-04-06,Modoc,049,8938,362,351,120,471,3
2021-04-06,Mono,051,14174,1228,1246,13,1259,3
2021-04-06,Monterey,053,433212,42571,42412,1858,44270,341
2021-04-06,Napa,055,140530,9562,9509,32,9541,78
2021-04-06,Nevada,057,99092,4407,4356,187,4543,69
2021-04-06,Orange,059,3164182,251712,250304,11263,261567,4771
2021-04-06,Placer,061,380077,21855,21184,1364,22548,276
2021-04-06,Plumas,063,18699,671,665,11,676,4
2021-04-06,Riverside,065,2383286,287960,283622,14294,297916,4264
2021-04-06,Sacramento,067,1510023,100133,99110,1514,100624,1537
2021-04-06,San Benito,069,59416,5915,5907,107,6014,62
2021-04-06,San Bernardino,071,2135413,289422,286792,9239,296031,4428
2021-04-06,San Diego,073,3302833,272645,271867,13755,285622,3585
2021-04-06,San Francisco,075,870044,35555,35572,1300,36872,488
2021-04-06,San Joaquin,077,732212,70260,69316,3422,72738,1278
2021-04-06,San Luis Obispo,079,281455,20566,20350,667,21017,252
2021-04-06,San Mateo,081,765935,41122,40649,450,41099,350
2021-04-06,Santa Barbara,083,443738,33751,33257,1202,34459,443
2021-04-06,Santa Clara,085,1922200,114849,115184,694,115878,1900
2021-04-06,Santa Cruz,087,273765,15856,15252,864,16116,203
2021-04-06,Shasta,089,179085,11431,11443,1422,12865,184
2021-04-06,Sierra,091,2930,53,51,14,65,0
2021-04-06,Siskiyou,093,43540,1569,1510,284,1794,7
2021-04-06,Solano,095,438530,31170,31078,434,31512,237
2021-04-06,Sonoma,097,501317,29279,29386,293,29679,311
2021-04-06,Stanislaus,099,539301,53482,53304,5882,59186,686
2021-04-06,Sutter,101,95872,9208,9179,87,9266,106
2021-04-06,Tehama,103,63373,4824,4798,550,5348,52
2021-04-06,Trinity,105,12862,406,321,67,388,3
2021-04-06,Tulare,107,460477,48868,48372,9118,57490,819
2021-04-06,Tuolumne,109,53932,3990,3981,35,4016,57
2021-04-06,Ventura,111,848112,79866,79556,3004,82560,983
2021-04-06,Yolo,113,214977,13434,13443,264,13707,198
2021-04-06,Yuba,115,75493,5759,5733,115,5848,43
2021-04-05,Alameda,001,1643700,84459,84007,1907,85914,1219
2021-04-05,Alpine,003,1148,86,85,0,85,0
2021-04-05,Amador,005,37829,3608,3584,34,3618,45
2021-04-05,Butte,007,227075,11710,11384,1762,13146,193
2021-04-05,Calaveras,009,45235,2019,2019,12,2031,50
2021-04-05,Colusa,011,21464,1894,1894,283,2177,14
2021-04-05,Contra Costa,013,1133247,66306,65457,1208,66665,774
2021-04-05,Del Norte,015,27424,1214,1189,11,1200,6
2021-04-05,El Dorado,017,186661,9517,9463,669,10132,106
2021-04-05,Fresno,019,978130,99822,99755,8624,108379,1622
2021-04-05,Glenn,021,27897,2346,2335,550,2885,17
2021-04-05,Humboldt,023,135768,3489,3475,24,3499,35
2021-04-05,Imperial,025,180216,27708,27604,2763,30367,710
2021-04-05,Inyo,027,18085,1384,1377,2,1379,36
2021-04-05,Kern,029,883053,95345,94401,10755,105156,1249
2021-04-05,Kings,031,150075,22663,22580,1131,23711,239
2021-04-05,Lake,033,64148,3380,3359,9,3368,43
2021-04-05,Lassen,035,31185,5141,5138,106,5244,1
2021-04-05,Los Angeles,037,10098052,1188440,1183200,42572,1225772,23302
2021-04-05,Madera,039,155013,16193,16065,924,16989,230
2021-04-05,Marin,041,260295,13709,13666,225,13891,221
2021-04-05,Mariposa,043,17540,398,390,6,396,5
2021-04-05,Mendocino,045,87422,3763,3687,71,3758,45
2021-04-05,Merced,047,269075,30051,30068,967,31035,427
2021-04-05,Modoc,049,8938,360,346,120,466,3
2021-04-05,Mono,051,14174,1228,1246,13,1259,3
2021-04-05,Monterey,053,433212,42558,42396,1854,44250,341
2021-04-05,Napa,055,140530,9539,9492,32,9524,78
2021-04-05,Nevada,057,99092,4396,4346,187,4533,69
2021-04-05,Orange,059,3164182,251598,250177,11239,261416,4759
2021-04-05,Placer,061,380077,21809,21133,1356,22489,276
2021-04-05,Plumas,063,18699,671,666,11,677,4
2021-04-05,Riverside,065,2383286,287828,283549,14282,297831,4237
2021-04-05,Sacramento,067,1510023,99971,98908,1506,100414,1533
2021-04-05,San Benito,069,59416,5909,5904,107,6011,61
2021-04-05,San Bernardino,071,2135413,289311,286597,9236,295833,4425
2021-04-05,San Diego,073,3302833,272397,271655,13714,285369,3583
2021-04-05,San Francisco,075,870044,35524,35538,1300,36838,488
2021-04-05,San Joaquin,077,732212,70173,69214,3412,72626,1268
2021-04-05,San Luis Obispo,079,281455,20529,20333,667,21000,252
2021-04-05,San Mateo,081,765935,41079,40609,449,41058,350
2021-04-05,Santa Barbara,083,443738,33718,33235,1202,34437,443
2021-04-05,Santa Clara,085,1922200,114684,115091,691,115782,1893
2021-04-05,Santa Cruz,087,273765,15849,15228,864,16092,201
2021-04-05,Shasta,089,179085,11412,11435,1417,12852,184
2021-04-05,Sierra,091,2930,53,50,14,64,0
2021-04-05,Siskiyou,093,43540,1566,1509,282,1791,7
2021-04-05,Solano,095,438530,31130,31026,432,31458,237
2021-04-05,Sonoma,097,501317,29247,29361,291,29652,311
2021-04-05,Stanislaus,099,539301,53402,53238,5879,59117,686
2021-04-05,Sutter,101,95872,9201,9169,87,9256,106
2021-04-05,Tehama,103,63373,4818,4794,550,5344,52
2021-04-05,Trinity,105,12862,405,321,67,388,3
2021-04-05,Tulare,107,460477,48856,48356,9111,57467,818
2021-04-05,Tuolumne,109,53932,3989,3980,35,4015,57
2021-04-05,Ventura,111,848112,79835,79549,3001,82550,983
2021-04-05,Yolo,113,214977,13420,13427,263,13690,198
2021-04-05,Yuba,115,75493,5754,5728,114,5842,43
2021-04-04,Alameda,001,1643700,84341,83951,1902,85853,1219
2021-04-04,Alpine,003,1148,86,85,0,85,0
2021-04-04,Amador,005,37829,3602,3582,34,3616,45
2021-04-04,Butte,007,227075,11695,11375,1761,13136,193
2021-04-04,Calaveras,009,45235,2015,2020,12,2032,50
2021-04-04,Colusa,011,21464,1893,1893,283,2176,14
2021-04-04,Contra Costa,013,1133247,66200,65408,1203,66611,774
2021-04-04,Del Norte,015,27424,1206,1186,11,1197,6
2021-04-04,El Dorado,017,186661,9498,9455,665,10120,106
2021-04-04,Fresno,019,978130,99748,99702,8611,108313,1622
2021-04-04,Glenn,021,27897,2343,2335,549,2884,17
2021-04-04,Humboldt,023,135768,3478,3472,24,3496,35
2021-04-04,Imperial,025,180216,27652,27588,2761,30349,710
2021-04-04,Inyo,027,18085,1380,1377,2,1379,36
2021-04-04,Kern,029,883053,95304,94388,10731,105119,1247
2021-04-04,Kings,031,150075,22661,22580,1130,23710,239
2021-04-04,Lake,033,64148,3374,3355,8,3363,43
2021-04-04,Lassen,035,31185,5140,5138,106,5244,1
2021-04-04,Los Angeles,037,10098052,1187900,1182872,42524,1225396,23301
2021-04-04,Madera,039,155013,16167,16052,920,16972,230
2021-04-04,Marin,041,260295,13696,13663,224,13887,221
2021-04-04,Mariposa,043,17540,398,390,6,396,5
2021-04-04,Mendocino,045,87422,3760,3684,71,3755,45
2021-04-04,Merced,047,269075,30008,30048,964,31012,427
2021-04-04,Modoc,049,8938,360,346,120,466,3
2021-04-04,Mono,051,14174,1227,1245,13,1258,3
2021-04-04,Monterey,053,433212,42541,42391,1853,44244,341
2021-04-04,Napa,055,140530,9527,9486,32,9518,78
2021-04-04,Nevada,057,99092,4384,4337,186,4523,69
2021-04-04,Orange,059,3164182,251462,250117,11224,261341,4759
2021-04-04,Placer,061,380077,21765,21104,1337,22441,276
2021-04-04,Plumas,063,18699,671,666,11,677,4
2021-04-04,Riverside,065,2383286,287704,283537,14278,297815,4237
2021-04-04,Sacramento,067,1510023,99772,98821,1498,100319,1531
2021-04-04,San Benito,069,59416,5899,5901,103,6004,61
2021-04-04,San Bernardino,071,2135413,289170,286561,9228,295789,4423
2021-04-04,San Diego,073,3302833,272086,271528,13672,285200,3583
2021-04-04,San Francisco,075,870044,35470,35525,1297,36822,488
2021-04-04,San Joaquin,077,732212,70072,69147,3400,72547,1268
2021-04-04,San Luis Obispo,079,281455,20497,20328,659,20987,252
2021-04-04,San Mateo,081,765935,41036,40587,446,41033,350
2021-04-04,Santa Barbara,083,443738,33682,33213,1202,34415,443
2021-04-04,Santa Clara,085,1922200,114517,114976,684,115660,1893
2021-04-04,Santa Cruz,087,273765,15840,15219,864,16083,201
2021-04-04,Shasta,089,179085,11386,11433,1416,12849,184
2021-04-04,Sierra,091,2930,53,50,14,64,0
2021-04-04,Siskiyou,093,43540,1563,1509,278,1787,7
2021-04-04,Solano,095,438530,31083,31002,430,31432,237
2021-04-04,Sonoma,097,501317,29215,29340,289,29629,311
2021-04-04,Stanislaus,099,539301,53309,53181,5871,59052,686
2021-04-04,Sutter,101,95872,9194,9164,87,9251,106
2021-04-04,Tehama,103,63373,4806,4792,549,5341,52
2021-04-04,Trinity,105,12862,403,321,67,388,3
2021-04-04,Tulare,107,460477,48841,48343,9103,57446,818
2021-04-04,Tuolumne,109,53932,3981,3980,35,4015,57
2021-04-04,Ventura,111,848112,79792,79526,3000,82526,983
2021-04-04,Yolo,113,214977,13399,13425,262,13687,198
2021-04-04,Yuba,115,75493,5747,5722,114,5836,43
2021-04-03,Alameda,001,1643700,84273,83861,1900,85761,1218
2021-04-03,Alpine,003,1148,86,85,0,85,0
2021-04-03,Amador,005,37829,3599,3577,34,3611,45
2021-04-03,Butte,007,227075,11691,11359,1757,13116,193
2021-04-03,Calaveras,009,45235,2013,2019,12,2031,50
2021-04-03,Colusa,011,21464,1893,1891,283,2174,14
2021-04-03,Contra Costa,013,1133247,66128,65338,1203,66541,774
2021-04-03,Del Norte,015,27424,1201,1183,11,1194,6
2021-04-03,El Dorado,017,186661,9489,9448,664,10112,106
2021-04-03,Fresno,019,978130,99691,99602,8606,108208,1622
2021-04-03,Glenn,021,27897,2343,2334,548,2882,17
2021-04-03,Humboldt,023,135768,3476,3467,24,3491,35
2021-04-03,Imperial,025,180216,27637,27572,2757,30329,710
2021-04-03,Inyo,027,18085,1379,1376,2,1378,36
2021-04-03,Kern,029,883053,95281,94369,10712,105081,1243
2021-04-03,Kings,031,150075,22659,22580,1130,23710,239
2021-04-03,Lake,033,64148,3373,3350,8,3358,43
2021-04-03,Lassen,035,31185,5139,5136,106,5242,1
2021-04-03,Los Angeles,037,10098052,1187602,1182402,42505,1224907,23301
2021-04-03,Madera,039,155013,16158,16051,918,16969,230
2021-04-03,Marin,041,260295,13688,13658,223,13881,221
2021-04-03,Mariposa,043,17540,398,390,5,395,5
2021-04-03,Mendocino,045,87422,3759,3684,71,3755,45
2021-04-03,Merced,047,269075,29993,30031,964,30995,427
2021-04-03,Modoc,049,8938,360,346,120,466,3
2021-04-03,Mono,051,14174,1227,1245,13,1258,3
2021-04-03,Monterey,053,433212,42528,42376,1851,44227,341
2021-04-03,Napa,055,140530,9518,9473,32,9505,78
2021-04-03,Nevada,057,99092,4380,4323,186,4509,69
2021-04-03,Orange,059,3164182,251382,249982,11206,261188,4755
2021-04-03,Placer,061,380077,21734,21060,1333,22393,276
2021-04-03,Plumas,063,18699,671,666,11,677,4
2021-04-03,Riverside,065,2383286,287627,283423,14275,297698,4237
2021-04-03,Sacramento,067,1510023,99664,98660,1492,100152,1531
2021-04-03,San Benito,069,59416,5896,5893,102,5995,61
2021-04-03,San Bernardino,071,2135413,289105,286473,9222,295695,4422
2021-04-03,San Diego,073,3302833,271917,271335,13655,284990,3571
2021-04-03,San Francisco,075,870044,35452,35488,1295,36783,489
2021-04-03,San Joaquin,077,732212,70031,69100,3384,72484,1268
2021-04-03,San Luis Obispo,079,281455,20478,20301,659,20960,252
2021-04-03,San Mateo,081,765935,41011,40560,446,41006,350
2021-04-03,Santa Barbara,083,443738,33656,33172,1201,34373,443
2021-04-03,Santa Clara,085,1922200,114408,114865,682,115547,1893
2021-04-03,Santa Cruz,087,273765,15833,15205,864,16069,201
2021-04-03,Shasta,089,179085,11378,11418,1416,12834,184
2021-04-03,Sierra,091,2930,53,50,14,64,0
2021-04-03,Siskiyou,093,43540,1562,1509,278,1787,7
2021-04-03,Solano,095,438530,31062,30970,427,31397,237
2021-04-03,Sonoma,097,501317,29199,29315,288,29603,311
2021-04-03,Stanislaus,099,539301,53274,53137,5865,59002,686
2021-04-03,Sutter,101,95872,9188,9158,87,9245,106
2021-04-03,Tehama,103,63373,4799,4788,549,5337,52
2021-04-03,Trinity,105,12862,403,321,67,388,3
2021-04-03,Tulare,107,460477,48831,48327,9099,57426,818
2021-04-03,Tuolumne,109,53932,3981,3980,35,4015,57
2021-04-03,Ventura,111,848112,79771,79489,2998,82487,983
2021-04-03,Yolo,113,214977,13393,13414,262,13676,198
2021-04-03,Yuba,115,75493,5741,5716,114,5830,43
2021-04-02,Alameda,001,1643700,84200,83776,1895,85671,1217
2021-04-02,Alpine,003,1148,86,85,0,85,0
2021-04-02,Amador,005,37829,3595,3573,33,3606,45
2021-04-02,Butte,007,227075,11683,11350,1757,13107,193
2021-04-02,Calaveras,009,45235,2013,2010,12,2022,50
2021-04-02,Colusa,011,21464,1893,1891,283,2174,14
2021-04-02,Contra Costa,013,1133247,66064,65299,1202,66501,774
2021-04-02,Del Norte,015,27424,1198,1174,11,1185,6
2021-04-02,El Dorado,017,186661,9476,9437,661,10098,106
2021-04-02,Fresno,019,978130,99637,99551,8595,108146,1620
2021-04-02,Glenn,021,27897,2343,2331,548,2879,17
2021-04-02,Humboldt,023,135768,3472,3465,24,3489,35
2021-04-02,Imperial,025,180216,27626,27553,2749,30302,710
2021-04-02,Inyo,027,18085,1379,1377,2,1379,36
2021-04-02,Kern,029,883053,95264,94348,10708,105056,1233
2021-04-02,Kings,031,150075,22659,22571,1127,23698,239
2021-04-02,Lake,033,64148,3371,3348,8,3356,43
2021-04-02,Lassen,035,31185,5139,5134,106,5240,1
2021-04-02,Los Angeles,037,10098052,1187292,1181682,42481,1224163,23264
2021-04-02,Madera,039,155013,16149,16036,917,16953,230
2021-04-02,Marin,041,260295,13680,13649,223,13872,221
2021-04-02,Mariposa,043,17540,396,390,5,395,5
2021-04-02,Mendocino,045,87422,3756,3682,71,3753,45
2021-04-02,Merced,047,269075,29969,29998,964,30962,426
2021-04-02,Modoc,049,8938,357,346,120,466,3
2021-04-02,Mono,051,14174,1227,1246,13,1259,3
2021-04-02,Monterey,053,433212,42518,42359,1848,44207,341
2021-04-02,Napa,055,140530,9503,9453,32,9485,78
2021-04-02,Nevada,057,99092,4376,4323,186,4509,69
2021-04-02,Orange,059,3164182,251286,249891,11192,261083,4748
2021-04-02,Placer,061,380077,21699,21035,1326,22361,275
2021-04-02,Plumas,063,18699,671,666,11,677,4
2021-04-02,Riverside,065,2383286,287543,283328,14267,297595,4213
2021-04-02,Sacramento,067,1510023,99557,98648,1485,100133,1527
2021-04-02,San Benito,069,59416,5894,5888,100,5988,61
2021-04-02,San Bernardino,071,2135413,289032,286308,9218,295526,4417
2021-04-02,San Diego,073,3302833,271731,271036,13629,284665,3568
2021-04-02,San Francisco,075,870044,35418,35451,1292,36743,488
2021-04-02,San Joaquin,077,732212,69967,68996,3368,72364,1268
2021-04-02,San Luis Obispo,079,281455,20461,20271,658,20929,252
2021-04-02,San Mateo,081,765935,40969,40514,446,40960,350
2021-04-02,Santa Barbara,083,443738,33628,33145,1201,34346,443
2021-04-02,Santa Clara,085,1922200,114297,114777,680,115457,1882
2021-04-02,Santa Cruz,087,273765,15825,15216,864,16080,202
2021-04-02,Shasta,089,179085,11373,11377,1408,12785,181
2021-04-02,Sierra,091,2930,53,50,14,64,0
2021-04-02,Siskiyou,093,43540,1562,1508,277,1785,7
2021-04-02,Solano,095,438530,31033,30951,424,31375,237
2021-04-02,Sonoma,097,501317,29178,29288,287,29575,311
2021-04-02,Stanislaus,099,539301,53230,53073,5858,58931,687
2021-04-02,Sutter,101,95872,9180,9131,87,9218,106
2021-04-02,Tehama,103,63373,4792,4775,548,5323,52
2021-04-02,Trinity,105,12862,403,320,67,387,3
2021-04-02,Tulare,107,460477,48825,48306,9093,57399,818
2021-04-02,Tuolumne,109,53932,3978,3980,35,4015,57
2021-04-02,Ventura,111,848112,79743,79434,2996,82430,982
2021-04-02,Yolo,113,214977,13383,13381,262,13643,197
2021-04-02,Yuba,115,75493,5738,5709,114,5823,44
2021-04-01,Alameda,001,1643700,84117,83574,1890,85464,1216
2021-04-01,Alpine,003,1148,86,85,0,85,0
2021-04-01,Amador,005,37829,3591,3558,33,3591,45
2021-04-01,Butte,007,227075,11665,11328,1755,13083,193
2021-04-01,Calaveras,009,45235,2012,2006,12,2018,50
2021-04-01,Colusa,011,21464,1890,1890,283,2173,14
2021-04-01,Contra Costa,013,1133247,66004,65176,1200,66376,771
2021-04-01,Del Norte,015,27424,1193,1138,11,1149,6
2021-04-01,El Dorado,017,186661,9467,9393,657,10050,106
2021-04-01,Fresno,019,978130,99585,99317,8587,107904,1616
2021-04-01,Glenn,021,27897,2343,2322,547,2869,17
2021-04-01,Humboldt,023,135768,3468,3464,24,3488,35
2021-04-01,Imperial,025,180216,27596,27520,2743,30263,710
2021-04-01,Inyo,027,18085,1378,1374,2,1376,36
2021-04-01,Kern,029,883053,95229,94244,10695,104939,1233
2021-04-01,Kings,031,150075,22652,22560,1126,23686,239
2021-04-01,Lake,033,64148,3366,3337,8,3345,43
2021-04-01,Lassen,035,31185,5138,5132,106,5238,1
2021-04-01,Los Angeles,037,10098052,1186806,1181101,42454,1223555,23220
2021-04-01,Madera,039,155013,16133,16023,917,16940,230
2021-04-01,Marin,041,260295,13670,13635,223,13858,221
2021-04-01,Mariposa,043,17540,394,389,5,394,5
2021-04-01,Mendocino,045,87422,3756,3680,71,3751,45
2021-04-01,Merced,047,269075,29935,29820,964,30784,425
2021-04-01,Modoc,049,8938,356,346,120,466,3
2021-04-01,Mono,051,14174,1227,1245,13,1258,3
2021-04-01,Monterey,053,433212,42510,42324,1846,44170,339
2021-04-01,Napa,055,140530,9491,9410,32,9442,78
2021-04-01,Nevada,057,99092,4366,4288,185,4473,68
2021-04-01,Orange,059,3164182,251167,249617,11174,260791,4742
2021-04-01,Placer,061,380077,21660,20909,1314,22223,274
2021-04-01,Plumas,063,18699,671,664,11,675,4
2021-04-01,Riverside,065,2383286,287441,283128,14265,297393,4193
2021-04-01,Sacramento,067,1510023,99414,97952,1471,99423,1521
2021-04-01,San Benito,069,59416,5886,5878,99,5977,61
2021-04-01,San Bernardino,071,2135413,288916,286086,9209,295295,4404
2021-04-01,San Diego,073,3302833,271506,270540,13599,284139,3555
2021-04-01,San Francisco,075,870044,35398,35386,1288,36674,488
2021-04-01,San Joaquin,077,732212,69885,68802,3360,72162,1262
2021-04-01,San Luis Obispo,079,281455,20432,20235,657,20892,252
2021-04-01,San Mateo,081,765935,40928,40454,446,40900,350
2021-04-01,Santa Barbara,083,443738,33583,33096,1196,34292,443
2021-04-01,Santa Clara,085,1922200,114184,114606,679,115285,1874
2021-04-01,Santa Cruz,087,273765,15810,15271,864,16135,202
2021-04-01,Shasta,089,179085,11358,11355,1402,12757,181
2021-04-01,Sierra,091,2930,53,50,14,64,0
2021-04-01,Siskiyou,093,43540,1560,1507,276,1783,7
2021-04-01,Solano,095,438530,31000,30850,421,31271,237
2021-04-01,Sonoma,097,501317,29147,29241,280,29521,311
2021-04-01,Stanislaus,099,539301,53167,52825,5852,58677,687
2021-04-01,Sutter,101,95872,9168,9105,87,9192,106
2021-04-01,Tehama,103,63373,4786,4764,545,5309,52
2021-04-01,Trinity,105,12862,403,319,67,386,3
2021-04-01,Tulare,107,460477,48802,48279,9083,57362,817
2021-04-01,Tuolumne,109,53932,3977,3978,35,4013,57
2021-04-01,Ventura,111,848112,79719,79369,2995,82364,977
2021-04-01,Yolo,113,214977,13370,13342,262,13604,197
2021-04-01,Yuba,115,75493,5733,5694,114,5808,44
2021-03-31,Alameda,001,1643700,84035,83475,1885,85360,1215
2021-03-31,Alpine,003,1148,86,85,0,85,0
2021-03-31,Amador,005,37829,3588,3556,33,3589,45
2021-03-31,Butte,007,227075,11655,11321,1752,13073,193
2021-03-31,Calaveras,009,45235,2008,2005,12,2017,50
2021-03-31,Colusa,011,21464,1890,1890,283,2173,14
2021-03-31,Contra Costa,013,1133247,65919,65109,1199,66308,769
2021-03-31,Del Norte,015,27424,1184,1129,11,1140,6
2021-03-31,El Dorado,017,186661,9450,9390,657,10047,106
2021-03-31,Fresno,019,978130,99495,99240,8571,107811,1616
2021-03-31,Glenn,021,27897,2338,2318,545,2863,17
2021-03-31,Humboldt,023,135768,3462,3460,24,3484,35
2021-03-31,Imperial,025,180216,27576,27506,2742,30248,710
2021-03-31,Inyo,027,18085,1375,1373,2,1375,35
2021-03-31,Kern,029,883053,95187,94205,10686,104891,1229
2021-03-31,Kings,031,150075,22649,22540,1126,23666,239
2021-03-31,Lake,033,64148,3362,3332,8,3340,43
2021-03-31,Lassen,035,31185,5134,5132,106,5238,1
2021-03-31,Los Angeles,037,10098052,1186344,1180538,42412,1222950,23171
2021-03-31,Madera,039,155013,16119,16015,916,16931,229
2021-03-31,Marin,041,260295,13659,13624,223,13847,221
2021-03-31,Mariposa,043,17540,394,389,5,394,5
2021-03-31,Mendocino,045,87422,3750,3675,71,3746,45
2021-03-31,Merced,047,269075,29906,29780,964,30744,423
2021-03-31,Modoc,049,8938,356,346,120,466,3
2021-03-31,Mono,051,14174,1227,1245,13,1258,3
2021-03-31,Monterey,053,433212,42493,42309,1844,44153,338
2021-03-31,Napa,055,140530,9473,9401,32,9433,78
2021-03-31,Nevada,057,99092,4360,4283,185,4468,68
2021-03-31,Orange,059,3164182,251055,249518,11159,260677,4731
2021-03-31,Placer,061,380077,21611,20885,1306,22191,271
2021-03-31,Plumas,063,18699,670,663,11,674,4
2021-03-31,Riverside,065,2383286,287342,283006,14254,297260,4171
2021-03-31,Sacramento,067,1510023,99237,97760,1464,99224,1519
2021-03-31,San Benito,069,59416,5876,5875,99,5974,61
2021-03-31,San Bernardino,071,2135413,288821,285916,9206,295122,4356
2021-03-31,San Diego,073,3302833,271275,270288,13564,283852,3555
2021-03-31,San Francisco,075,870044,35353,35347,1287,36634,474
2021-03-31,San Joaquin,077,732212,69797,68685,3343,72028,1259
2021-03-31,San Luis Obispo,079,281455,20411,20215,656,20871,251
2021-03-31,San Mateo,081,765935,40898,40423,446,40869,350
2021-03-31,Santa Barbara,083,443738,33552,33052,1194,34246,443
2021-03-31,Santa Clara,085,1922200,114057,114499,679,115178,1874
2021-03-31,Santa Cruz,087,273765,15798,15295,863,16158,201
2021-03-31,Shasta,089,179085,11346,11327,1394,12721,179
2021-03-31,Sierra,091,2930,53,50,14,64,0
2021-03-31,Siskiyou,093,43540,1559,1505,276,1781,7
2021-03-31,Solano,095,438530,30954,30824,420,31244,235
2021-03-31,Sonoma,097,501317,29120,29216,280,29496,311
2021-03-31,Stanislaus,099,539301,53099,52782,5840,58622,687
2021-03-31,Sutter,101,95872,9157,9111,87,9198,106
2021-03-31,Tehama,103,63373,4781,4762,542,5304,52
2021-03-31,Trinity,105,12862,403,319,67,386,3
2021-03-31,Tulare,107,460477,48783,48261,9066,57327,816
2021-03-31,Tuolumne,109,53932,3977,3976,35,4011,57
2021-03-31,Ventura,111,848112,79687,79326,2991,82317,969
2021-03-31,Yolo,113,214977,13352,13359,261,13620,197
2021-03-31,Yuba,115,75493,5726,5686,114,5800,44
2021-03-30,Alameda,001,1643700,83935,83395,1882,85277,1211
2021-03-30,Alpine,003,1148,86,85,0,85,0
2021-03-30,Amador,005,37829,3585,3551,33,3584,45
2021-03-30,Butte,007,227075,11643,11296,1749,13045,193
2021-03-30,Calaveras,009,45235,2004,1997,12,2009,50
2021-03-30,Colusa,011,21464,1889,1890,282,2172,14
2021-03-30,Contra Costa,013,1133247,65831,65041,1197,66238,767
2021-03-30,Del Norte,015,27424,1176,1118,10,1128,6
2021-03-30,El Dorado,017,186661,9431,9381,654,10035,105
2021-03-30,Fresno,019,978130,99432,99156,8559,107715,1609
2021-03-30,Glenn,021,27897,2337,2310,544,2854,17
2021-03-30,Humboldt,023,135768,3460,3461,24,3485,35
2021-03-30,Imperial,025,180216,27547,27471,2740,30211,706
2021-03-30,Inyo,027,18085,1375,1374,2,1376,35
2021-03-30,Kern,029,883053,95145,94151,10677,104828,1221
2021-03-30,Kings,031,150075,22645,22530,1124,23654,238
2021-03-30,Lake,033,64148,3356,3330,8,3338,43
2021-03-30,Lassen,035,31185,5134,5132,106,5238,1
2021-03-30,Los Angeles,037,10098052,1185854,1180044,42387,1222431,23136
2021-03-30,Madera,039,155013,16109,16003,912,16915,229
2021-03-30,Marin,041,260295,13650,13611,215,13826,221
2021-03-30,Mariposa,043,17540,394,388,5,393,5
2021-03-30,Mendocino,045,87422,3748,3670,71,3741,45
2021-03-30,Merced,047,269075,29870,29731,964,30695,423
2021-03-30,Modoc,049,8938,355,346,120,466,3
2021-03-30,Mono,051,14174,1226,1245,13,1258,3
2021-03-30,Monterey,053,433212,42467,42308,1841,44149,338
2021-03-30,Napa,055,140530,9458,9391,32,9423,78
2021-03-30,Nevada,057,99092,4348,4266,184,4450,68
2021-03-30,Orange,059,3164182,250927,249412,11131,260543,4727
2021-03-30,Placer,061,380077,21571,20866,1299,22165,271
2021-03-30,Plumas,063,18699,670,661,11,672,4
2021-03-30,Riverside,065,2383286,287224,282930,14244,297174,4154
2021-03-30,Sacramento,067,1510023,99100,97718,1460,99178,1516
2021-03-30,San Benito,069,59416,5870,5870,99,5969,61
2021-03-30,San Bernardino,071,2135413,288714,285758,9197,294955,4343
2021-03-30,San Diego,073,3302833,271038,269998,13526,283524,3555
2021-03-30,San Francisco,075,870044,35303,35325,1286,36611,474
2021-03-30,San Joaquin,077,732212,69710,68613,3332,71945,1232
2021-03-30,San Luis Obispo,079,281455,20391,20194,656,20850,251
2021-03-30,San Mateo,081,765935,40853,40377,446,40823,349
2021-03-30,Santa Barbara,083,443738,33527,33016,1194,34210,441
2021-03-30,Santa Clara,085,1922200,113935,114413,678,115091,1873
2021-03-30,Santa Cruz,087,273765,15792,15278,863,16141,201
2021-03-30,Shasta,089,179085,11338,11316,1393,12709,184
2021-03-30,Sierra,091,2930,53,50,14,64,0
2021-03-30,Siskiyou,093,43540,1558,1501,276,1777,7
2021-03-30,Solano,095,438530,30925,30802,419,31221,232
2021-03-30,Sonoma,097,501317,29089,29198,280,29478,311
2021-03-30,Stanislaus,099,539301,53021,52690,5832,58522,677
2021-03-30,Sutter,101,95872,9153,9107,86,9193,106
2021-03-30,Tehama,103,63373,4772,4748,541,5289,52
2021-03-30,Trinity,105,12862,403,316,67,383,3
2021-03-30,Tulare,107,460477,48770,48249,9056,57305,815
2021-03-30,Tuolumne,109,53932,3972,3972,35,4007,57
2021-03-30,Ventura,111,848112,79643,79282,2988,82270,958
2021-03-30,Yolo,113,214977,13339,13353,261,13614,195
2021-03-30,Yuba,115,75493,5715,5679,108,5787,42
2021-03-29,Alameda,001,1643700,83832,83338,1881,85219,1211
2021-03-29,Alpine,003,1148,86,85,0,85,0
2021-03-29,Amador,005,37829,3579,3549,33,3582,45
2021-03-29,Butte,007,227075,11634,11291,1746,13037,191
2021-03-29,Calaveras,009,45235,2000,1998,12,2010,50
2021-03-29,Colusa,011,21464,1889,1889,281,2170,14
2021-03-29,Contra Costa,013,1133247,65763,64971,1196,66167,767
2021-03-29,Del Norte,015,27424,1171,1116,9,1125,6
2021-03-29,El Dorado,017,186661,9411,9374,648,10022,105
2021-03-29,Fresno,019,978130,99349,99085,8547,107632,1606
2021-03-29,Glenn,021,27897,2331,2310,544,2854,17
2021-03-29,Humboldt,023,135768,3455,3459,24,3483,34
2021-03-29,Imperial,025,180216,27527,27442,2736,30178,704
2021-03-29,Inyo,027,18085,1375,1372,2,1374,35
2021-03-29,Kern,029,883053,95097,94098,10657,104755,1220
2021-03-29,Kings,031,150075,22633,22522,1123,23645,238
2021-03-29,Lake,033,64148,3353,3325,8,3333,43
2021-03-29,Lassen,035,31185,5134,5131,106,5237,1
2021-03-29,Los Angeles,037,10098052,1185363,1179736,42346,1222082,23108
2021-03-29,Madera,039,155013,16089,15987,910,16897,210
2021-03-29,Marin,041,260295,13638,13600,211,13811,220
2021-03-29,Mariposa,043,17540,393,388,5,393,5
2021-03-29,Mendocino,045,87422,3745,3667,71,3738,45
2021-03-29,Merced,047,269075,29846,29699,964,30663,422
2021-03-29,Modoc,049,8938,354,344,120,464,3
2021-03-29,Mono,051,14174,1225,1243,13,1256,3
2021-03-29,Monterey,053,433212,42451,42305,1836,44141,337
2021-03-29,Napa,055,140530,9442,9379,32,9411,78
2021-03-29,Nevada,057,99092,4341,4258,184,4442,68
2021-03-29,Orange,059,3164182,250815,249295,11118,260413,4713
2021-03-29,Placer,061,380077,21536,20827,1292,22119,267
2021-03-29,Plumas,063,18699,669,660,11,671,4
2021-03-29,Riverside,065,2383286,287135,282867,14242,297109,4133
2021-03-29,Sacramento,067,1510023,98907,97577,1452,99029,1514
2021-03-29,San Benito,069,59416,5863,5865,99,5964,61
2021-03-29,San Bernardino,071,2135413,288618,285615,9193,294808,4335
2021-03-29,San Diego,073,3302833,270772,269771,13500,283271,3547
2021-03-29,San Francisco,075,870044,35269,35291,1282,36573,474
2021-03-29,San Joaquin,077,732212,69625,68537,3318,71855,1211
2021-03-29,San Luis Obispo,079,281455,20357,20176,654,20830,250
2021-03-29,San Mateo,081,765935,40811,40357,445,40802,348
2021-03-29,Santa Barbara,083,443738,33493,32983,1193,34176,439
2021-03-29,Santa Clara,085,1922200,113829,114335,673,115008,1871
2021-03-29,Santa Cruz,087,273765,15781,15249,862,16111,201
2021-03-29,Shasta,089,179085,11320,11313,1391,12704,183
2021-03-29,Sierra,091,2930,53,50,14,64,0
2021-03-29,Siskiyou,093,43540,1557,1497,275,1772,6
2021-03-29,Solano,095,438530,30886,30762,417,31179,232
2021-03-29,Sonoma,097,501317,29066,29184,277,29461,310
2021-03-29,Stanislaus,099,539301,52937,52614,5824,58438,677
2021-03-29,Sutter,101,95872,9146,9105,86,9191,106
2021-03-29,Tehama,103,63373,4764,4742,540,5282,52
2021-03-29,Trinity,105,12862,403,314,67,381,3
2021-03-29,Tulare,107,460477,48743,48226,9045,57271,815
2021-03-29,Tuolumne,109,53932,3970,3969,35,4004,57
2021-03-29,Ventura,111,848112,79602,79252,2987,82239,956
2021-03-29,Yolo,113,214977,13321,13346,261,13607,195
2021-03-29,Yuba,115,75493,5708,5671,107,5778,42
2021-03-28,Alameda,001,1643700,83710,83239,1879,85118,1212
2021-03-28,Alpine,003,1148,86,85,0,85,0
2021-03-28,Amador,005,37829,3575,3541,33,3574,45
2021-03-28,Butte,007,227075,11621,11285,1744,13029,191
2021-03-28,Calaveras,009,45235,1997,1995,12,2007,50
2021-03-28,Colusa,011,21464,1888,1889,281,2170,14
2021-03-28,Contra Costa,013,1133247,65689,64878,1192,66070,767
2021-03-28,Del Norte,015,27424,1164,1107,7,1114,6
2021-03-28,El Dorado,017,186661,9396,9371,646,10017,105
2021-03-28,Fresno,019,978130,99267,99004,8535,107539,1606
2021-03-28,Glenn,021,27897,2328,2309,542,2851,17
2021-03-28,Humboldt,023,135768,3452,3452,23,3475,34
2021-03-28,Imperial,025,180216,27500,27426,2733,30159,704
2021-03-28,Inyo,027,18085,1374,1372,2,1374,35
2021-03-28,Kern,029,883053,95053,94084,10645,104729,1219
2021-03-28,Kings,031,150075,22629,22514,1119,23633,238
2021-03-28,Lake,033,64148,3348,3320,8,3328,43
2021-03-28,Lassen,035,31185,5134,5131,105,5236,1
2021-03-28,Los Angeles,037,10098052,1184815,1179316,42284,1221600,23101
2021-03-28,Madera,039,155013,16074,15973,909,16882,210
2021-03-28,Marin,041,260295,13625,13594,209,13803,221
2021-03-28,Mariposa,043,17540,393,388,5,393,5
2021-03-28,Mendocino,045,87422,3743,3666,71,3737,45
2021-03-28,Merced,047,269075,29789,29679,964,30643,422
2021-03-28,Modoc,049,8938,354,344,120,464,3
2021-03-28,Mono,051,14174,1224,1242,13,1255,3
2021-03-28,Monterey,053,433212,42428,42294,1832,44126,337
2021-03-28,Napa,055,140530,9428,9368,32,9400,78
2021-03-28,Nevada,057,99092,4327,4239,184,4423,68
2021-03-28,Orange,059,3164182,250662,249238,11107,260345,4713
2021-03-28,Placer,061,380077,21492,20796,1286,22082,267
2021-03-28,Plumas,063,18699,667,657,11,668,4
2021-03-28,Riverside,065,2383286,287033,282811,14234,297045,4132
2021-03-28,Sacramento,067,1510023,98733,97425,1446,98871,1514
2021-03-28,San Benito,069,59416,5858,5862,99,5961,61
2021-03-28,San Bernardino,071,2135413,288500,285570,9183,294753,4332
2021-03-28,San Diego,073,3302833,270498,269476,13472,282948,3547
2021-03-28,San Francisco,075,870044,35223,35286,1278,36564,474
2021-03-28,San Joaquin,077,732212,69500,68459,3298,71757,1211
2021-03-28,San Luis Obispo,079,281455,20322,20172,651,20823,250
2021-03-28,San Mateo,081,765935,40766,40305,444,40749,348
2021-03-28,Santa Barbara,083,443738,33454,32953,1192,34145,439
2021-03-28,Santa Clara,085,1922200,113729,114232,669,114901,1871
2021-03-28,Santa Cruz,087,273765,15767,15238,861,16099,201
2021-03-28,Shasta,089,179085,11294,11308,1380,12688,183
2021-03-28,Sierra,091,2930,53,50,14,64,0
2021-03-28,Siskiyou,093,43540,1557,1497,274,1771,6
2021-03-28,Solano,095,438530,30849,30719,415,31134,232
2021-03-28,Sonoma,097,501317,29031,29161,274,29435,310
2021-03-28,Stanislaus,099,539301,52850,52567,5809,58376,678
2021-03-28,Sutter,101,95872,9137,9094,86,9180,106
2021-03-28,Tehama,103,63373,4754,4740,536,5276,52
2021-03-28,Trinity,105,12862,401,314,66,380,3
2021-03-28,Tulare,107,460477,48714,48218,9039,57257,815
2021-03-28,Tuolumne,109,53932,3968,3969,34,4003,57
2021-03-28,Ventura,111,848112,79551,79222,2982,82204,956
2021-03-28,Yolo,113,214977,13303,13325,260,13585,194
2021-03-28,Yuba,115,75493,5704,5662,107,5769,42
2021-03-27,Alameda,001,1643700,83638,83169,1875,85044,1211
2021-03-27,Alpine,003,1148,86,85,0,85,0
2021-03-27,Amador,005,37829,3570,3538,33,3571,45
2021-03-27,Butte,007,227075,11614,11278,1743,13021,191
2021-03-27,Calaveras,009,45235,1997,1992,12,2004,50
2021-03-27,Colusa,011,21464,1888,1889,281,2170,14
2021-03-27,Contra Costa,013,1133247,65619,64804,1189,65993,767
2021-03-27,Del Norte,015,27424,1154,1104,7,1111,6
2021-03-27,El Dorado,017,186661,9382,9367,646,10013,105
2021-03-27,Fresno,019,978130,99215,98901,8530,107431,1606
2021-03-27,Glenn,021,27897,2327,2308,542,2850,17
2021-03-27,Humboldt,023,135768,3447,3442,23,3465,34
2021-03-27,Imperial,025,180216,27488,27406,2730,30136,704
2021-03-27,Inyo,027,18085,1372,1372,2,1374,35
2021-03-27,Kern,029,883053,95035,94041,10631,104672,1217
2021-03-27,Kings,031,150075,22626,22502,1119,23621,238
2021-03-27,Lake,033,64148,3346,3317,8,3325,43
2021-03-27,Lassen,035,31185,5134,5129,105,5234,1
2021-03-27,Los Angeles,037,10098052,1184503,1178831,42255,1221086,23103
2021-03-27,Madera,039,155013,16067,15968,907,16875,210
2021-03-27,Marin,041,260295,13620,13579,209,13788,222
2021-03-27,Mariposa,043,17540,393,386,5,391,5
2021-03-27,Mendocino,045,87422,3742,3666,71,3737,45
2021-03-27,Merced,047,269075,29756,29647,962,30609,422
2021-03-27,Modoc,049,8938,354,344,120,464,3
2021-03-27,Mono,051,14174,1222,1241,13,1254,3
2021-03-27,Monterey,053,433212,42418,42271,1832,44103,337
2021-03-27,Napa,055,140530,9416,9360,32,9392,78
2021-03-27,Nevada,057,99092,4317,4231,184,4415,68
2021-03-27,Orange,059,3164182,250568,249160,11091,260251,4698
2021-03-27,Placer,061,380077,21472,20717,1279,21996,267
2021-03-27,Plumas,063,18699,666,655,11,666,4
2021-03-27,Riverside,065,2383286,286971,282707,14226,296933,4132
2021-03-27,Sacramento,067,1510023,98643,97247,1444,98691,1513
2021-03-27,San Benito,069,59416,5856,5862,97,5959,61
2021-03-27,San Bernardino,071,2135413,288438,285480,9181,294661,4325
2021-03-27,San Diego,073,3302833,270328,269271,13450,282721,3540
2021-03-27,San Francisco,075,870044,35199,35244,1276,36520,474
2021-03-27,San Joaquin,077,732212,69440,68365,3289,71654,1211
2021-03-27,San Luis Obispo,079,281455,20311,20153,648,20801,250
2021-03-27,San Mateo,081,765935,40743,40264,444,40708,348
2021-03-27,Santa Barbara,083,443738,33431,32921,1192,34113,439
2021-03-27,Santa Clara,085,1922200,113633,114124,667,114791,1871
2021-03-27,Santa Cruz,087,273765,15761,15215,861,16076,201
2021-03-27,Shasta,089,179085,11283,11288,1378,12666,183
2021-03-27,Sierra,091,2930,53,50,14,64,0
2021-03-27,Siskiyou,093,43540,1557,1497,274,1771,6
2021-03-27,Solano,095,438530,30821,30669,414,31083,232
2021-03-27,Sonoma,097,501317,29016,29133,272,29405,310
2021-03-27,Stanislaus,099,539301,52786,52497,5801,58298,678
2021-03-27,Sutter,101,95872,9129,9093,86,9179,106
2021-03-27,Tehama,103,63373,4748,4738,534,5272,52
2021-03-27,Trinity,105,12862,401,313,66,379,3
2021-03-27,Tulare,107,460477,48698,48203,9031,57234,813
2021-03-27,Tuolumne,109,53932,3965,3968,34,4002,57
2021-03-27,Ventura,111,848112,79524,79184,2980,82164,956
2021-03-27,Yolo,113,214977,13298,13317,259,13576,194
2021-03-27,Yuba,115,75493,5702,5657,107,5764,42
2021-03-26,Alameda,001,1643700,83576,83043,1873,84916,1208
2021-03-26,Alpine,003,1148,86,85,0,85,0
2021-03-26,Amador,005,37829,3565,3532,33,3565,45
2021-03-26,Butte,007,227075,11604,11278,1743,13021,191
2021-03-26,Calaveras,009,45235,1996,1989,12,2001,50
2021-03-26,Colusa,011,21464,1888,1889,281,2170,14
2021-03-26,Contra Costa,013,1133247,65559,64699,1187,65886,761
2021-03-26,Del Norte,015,27424,1151,1101,7,1108,6
2021-03-26,El Dorado,017,186661,9377,9353,646,9999,105
2021-03-26,Fresno,019,978130,99155,98731,8518,107249,1601
2021-03-26,Glenn,021,27897,2327,2307,541,2848,17
2021-03-26,Humboldt,023,135768,3445,3431,23,3454,34
2021-03-26,Imperial,025,180216,27464,27374,2730,30104,701
2021-03-26,Inyo,027,18085,1371,1369,2,1371,35
2021-03-26,Kern,029,883053,95009,93949,10625,104574,1211
2021-03-26,Kings,031,150075,22618,22493,1117,23610,239
2021-03-26,Lake,033,64148,3345,3314,8,3322,43
2021-03-26,Lassen,035,31185,5133,5131,105,5236,1
2021-03-26,Los Angeles,037,10098052,1184168,1178213,42240,1220453,23080
2021-03-26,Madera,039,155013,16057,15952,907,16859,210
2021-03-26,Marin,041,260295,13614,13553,204,13757,221
2021-03-26,Mariposa,043,17540,393,386,5,391,5
2021-03-26,Mendocino,045,87422,3741,3664,71,3735,45
2021-03-26,Merced,047,269075,29733,29613,960,30573,419
2021-03-26,Modoc,049,8938,354,344,120,464,3
2021-03-26,Mono,051,14174,1221,1236,13,1249,3
2021-03-26,Monterey,053,433212,42405,42241,1828,44069,338
2021-03-26,Napa,055,140530,9406,9349,32,9381,78
2021-03-26,Nevada,057,99092,4297,4222,184,4406,83
2021-03-26,Orange,059,3164182,250505,248995,11077,260072,4671
2021-03-26,Placer,061,380077,21446,20679,1277,21956,259
2021-03-26,Plumas,063,18699,665,654,11,665,4
2021-03-26,Riverside,065,2383286,286893,282602,14220,296822,4109
2021-03-26,Sacramento,067,1510023,98543,97040,1439,98479,1509
2021-03-26,San Benito,069,59416,5853,5855,97,5952,61
2021-03-26,San Bernardino,071,2135413,288383,285313,9178,294491,4288
2021-03-26,San Diego,073,3302833,270150,269045,13424,282469,3525
2021-03-26,San Francisco,075,870044,35174,35186,1276,36462,472
2021-03-26,San Joaquin,077,732212,69378,68249,3284,71533,1202
2021-03-26,San Luis Obispo,079,281455,20298,20118,648,20766,250
2021-03-26,San Mateo,081,765935,40708,40199,444,40643,348
2021-03-26,Santa Barbara,083,443738,33401,32895,1192,34087,439
2021-03-26,Santa Clara,085,1922200,113535,113959,666,114625,1868
2021-03-26,Santa Cruz,087,273765,15746,15199,860,16059,201
2021-03-26,Shasta,089,179085,11274,11276,1372,12648,182
2021-03-26,Sierra,091,2930,53,50,14,64,0
2021-03-26,Siskiyou,093,43540,1557,1493,273,1766,6
2021-03-26,Solano,095,438530,30796,30640,414,31054,205
2021-03-26,Sonoma,097,501317,29000,29101,269,29370,310
2021-03-26,Stanislaus,099,539301,52718,52420,5797,58217,678
2021-03-26,Sutter,101,95872,9127,9082,86,9168,104
2021-03-26,Tehama,103,63373,4747,4722,533,5255,51
2021-03-26,Trinity,105,12862,401,311,66,377,3
2021-03-26,Tulare,107,460477,48684,48179,9022,57201,813
2021-03-26,Tuolumne,109,53932,3964,3965,34,3999,57
2021-03-26,Ventura,111,848112,79490,79122,2978,82100,953
2021-03-26,Yolo,113,214977,13291,13299,257,13556,194
2021-03-26,Yuba,115,75493,5692,5653,107,5760,42
2021-03-25,Alameda,001,1643700,83478,82945,1871,84816,1206
2021-03-25,Alpine,003,1148,86,84,0,84,0
2021-03-25,Amador,005,37829,3563,3530,33,3563,45
2021-03-25,Butte,007,227075,11594,11270,1743,13013,188
2021-03-25,Calaveras,009,45235,1991,1982,12,1994,50
2021-03-25,Colusa,011,21464,1888,1888,281,2169,14
2021-03-25,Contra Costa,013,1133247,65492,64606,1183,65789,757
2021-03-25,Del Norte,015,27424,1145,1095,7,1102,6
2021-03-25,El Dorado,017,186661,9367,9331,646,9977,105
2021-03-25,Fresno,019,978130,99039,98602,8503,107105,1593
2021-03-25,Glenn,021,27897,2326,2302,540,2842,17
2021-03-25,Humboldt,023,135768,3440,3423,23,3446,34
2021-03-25,Imperial,025,180216,27448,27352,2729,30081,699
2021-03-25,Inyo,027,18085,1371,1369,2,1371,35
2021-03-25,Kern,029,883053,94977,93857,10620,104477,1206
2021-03-25,Kings,031,150075,22608,22472,1117,23589,237
2021-03-25,Lake,033,64148,3340,3312,8,3320,43
2021-03-25,Lassen,035,31185,5133,5129,105,5234,1
2021-03-25,Los Angeles,037,10098052,1183741,1177490,42202,1219692,23051
2021-03-25,Madera,039,155013,16038,15937,905,16842,210
2021-03-25,Marin,041,260295,13605,13538,201,13739,219
2021-03-25,Mariposa,043,17540,393,386,5,391,5
2021-03-25,Mendocino,045,87422,3740,3664,71,3735,45
2021-03-25,Merced,047,269075,29699,29576,951,30527,416
2021-03-25,Modoc,049,8938,354,343,120,463,3
2021-03-25,Mono,051,14174,1221,1235,13,1248,3
2021-03-25,Monterey,053,433212,42384,42220,1823,44043,336
2021-03-25,Napa,055,140530,9387,9321,32,9353,78
2021-03-25,Nevada,057,99092,4279,4202,182,4384,84
2021-03-25,Orange,059,3164182,250392,248871,11056,259927,4655
2021-03-25,Placer,061,380077,21407,20639,1270,21909,252
2021-03-25,Plumas,063,18699,665,654,11,665,4
2021-03-25,Riverside,065,2383286,286796,282492,14209,296701,4078
2021-03-25,Sacramento,067,1510023,98398,96823,1436,98259,1505
2021-03-25,San Benito,069,59416,5850,5850,97,5947,61
2021-03-25,San Bernardino,071,2135413,288302,285134,9173,294307,4222
2021-03-25,San Diego,073,3302833,269923,268623,13393,282016,3520
2021-03-25,San Francisco,075,870044,35135,35154,1274,36428,468
2021-03-25,San Joaquin,077,732212,69281,68089,3244,71333,1196
2021-03-25,San Luis Obispo,079,281455,20281,20076,647,20723,250
2021-03-25,San Mateo,081,765935,40668,40147,444,40591,348
2021-03-25,Santa Barbara,083,443738,33374,32857,1192,34049,439
2021-03-25,Santa Clara,085,1922200,113432,113877,664,114541,1868
2021-03-25,Santa Cruz,087,273765,15725,15170,860,16030,201
2021-03-25,Shasta,089,179085,11257,11262,1370,12632,181
2021-03-25,Sierra,091,2930,53,50,14,64,0
2021-03-25,Siskiyou,093,43540,1555,1491,272,1763,6
2021-03-25,Solano,095,438530,30736,30583,412,30995,193
2021-03-25,Sonoma,097,501317,28966,29060,265,29325,310
2021-03-25,Stanislaus,099,539301,52651,52321,5790,58111,678
2021-03-25,Sutter,101,95872,9118,9069,86,9155,104
2021-03-25,Tehama,103,63373,4745,4719,532,5251,52
2021-03-25,Trinity,105,12862,401,310,66,376,3
2021-03-25,Tulare,107,460477,48659,48148,9009,57157,811
2021-03-25,Tuolumne,109,53932,3963,3962,34,3996,57
2021-03-25,Ventura,111,848112,79450,79045,2974,82019,952
2021-03-25,Yolo,113,214977,13285,13287,257,13544,194
2021-03-25,Yuba,115,75493,5686,5647,101,5748,42
2021-03-24,Alameda,001,1643700,83383,82871,1868,84739,1199
2021-03-24,Alpine,003,1148,86,84,0,84,0
2021-03-24,Amador,005,37829,3557,3529,33,3562,45
2021-03-24,Butte,007,227075,11584,11252,1739,12991,187
2021-03-24,Calaveras,009,45235,1987,1975,12,1987,50
2021-03-24,Colusa,011,21464,1888,1886,280,2166,14
2021-03-24,Contra Costa,013,1133247,65412,64539,1182,65721,755
2021-03-24,Del Norte,015,27424,1140,1087,7,1094,6
2021-03-24,El Dorado,017,186661,9361,9319,645,9964,105
2021-03-24,Fresno,019,978130,98949,98437,8488,106925,1585
2021-03-24,Glenn,021,27897,2325,2297,539,2836,17
2021-03-24,Humboldt,023,135768,3437,3414,23,3437,34
2021-03-24,Imperial,025,180216,27439,27325,2729,30054,699
2021-03-24,Inyo,027,18085,1371,1368,2,1370,35
2021-03-24,Kern,029,883053,94929,93800,10611,104411,1198
2021-03-24,Kings,031,150075,22593,22456,1115,23571,237
2021-03-24,Lake,033,64148,3336,3307,8,3315,43
2021-03-24,Lassen,035,31185,5131,5130,104,5234,1
2021-03-24,Los Angeles,037,10098052,1183269,1177015,42165,1219180,22993
2021-03-24,Madera,039,155013,16029,15918,904,16822,210
2021-03-24,Marin,041,260295,13592,13526,199,13725,219
2021-03-24,Mariposa,043,17540,393,384,5,389,5
2021-03-24,Mendocino,045,87422,3737,3660,71,3731,45
2021-03-24,Merced,047,269075,29658,29525,951,30476,415
2021-03-24,Modoc,049,8938,353,341,120,461,3
2021-03-24,Mono,051,14174,1220,1243,13,1256,3
2021-03-24,Monterey,053,433212,42362,42201,1820,44021,335
2021-03-24,Napa,055,140530,9367,9310,32,9342,78
2021-03-24,Nevada,057,99092,4265,4191,181,4372,85
2021-03-24,Orange,059,3164182,250276,248775,11037,259812,4638
2021-03-24,Placer,061,380077,21377,20606,1262,21868,250
2021-03-24,Plumas,063,18699,663,652,11,663,4
2021-03-24,Riverside,065,2383286,286713,282410,14207,296617,4058
2021-03-24,Sacramento,067,1510023,98225,96628,1424,98052,1500
2021-03-24,San Benito,069,59416,5849,5847,97,5944,61
2021-03-24,San Bernardino,071,2135413,288217,284983,9171,294154,4170
2021-03-24,San Diego,073,3302833,269708,268413,13365,281778,3509
2021-03-24,San Francisco,075,870044,35107,35103,1271,36374,462
2021-03-24,San Joaquin,077,732212,69210,67978,3232,71210,1196
2021-03-24,San Luis Obispo,079,281455,20251,20021,646,20667,250
2021-03-24,San Mateo,081,765935,40618,40083,444,40527,348
2021-03-24,Santa Barbara,083,443738,33347,32810,1192,34002,438
2021-03-24,Santa Clara,085,1922200,113318,113757,660,114417,1851
2021-03-24,Santa Cruz,087,273765,15712,15138,858,15996,202
2021-03-24,Shasta,089,179085,11238,11243,1368,12611,181
2021-03-24,Sierra,091,2930,53,50,14,64,0
2021-03-24,Siskiyou,093,43540,1553,1490,272,1762,6
2021-03-24,Solano,095,438530,30699,30552,411,30963,178
2021-03-24,Sonoma,097,501317,28947,29034,260,29294,310
2021-03-24,Stanislaus,099,539301,52575,52259,5782,58041,677
2021-03-24,Sutter,101,95872,9102,9049,86,9135,104
2021-03-24,Tehama,103,63373,4739,4719,531,5250,49
2021-03-24,Trinity,105,12862,400,310,66,376,3
2021-03-24,Tulare,107,460477,48649,48109,8996,57105,808
2021-03-24,Tuolumne,109,53932,3962,3961,34,3995,57
2021-03-24,Ventura,111,848112,79398,78993,2967,81960,944
2021-03-24,Yolo,113,214977,13274,13269,257,13526,194
2021-03-24,Yuba,115,75493,5680,5634,98,5732,42
2021-03-23,Alameda,001,1643700,83280,82799,1864,84663,1190
2021-03-23,Alpine,003,1148,86,84,0,84,0
2021-03-23,Amador,005,37829,3551,3524,33,3557,45
2021-03-23,Butte,007,227075,11573,11227,1738,12965,187
2021-03-23,Calaveras,009,45235,1987,1971,12,1983,50
2021-03-23,Colusa,011,21464,1886,1885,279,2164,14
2021-03-23,Contra Costa,013,1133247,65313,64491,1181,65672,750
2021-03-23,Del Norte,015,27424,1135,1082,7,1089,6
2021-03-23,El Dorado,017,186661,9351,9318,643,9961,105
2021-03-23,Fresno,019,978130,98837,98362,8463,106825,1575
2021-03-23,Glenn,021,27897,2320,2293,537,2830,17
2021-03-23,Humboldt,023,135768,3428,3405,23,3428,34
2021-03-23,Imperial,025,180216,27431,27320,2729,30049,699
2021-03-23,Inyo,027,18085,1369,1364,2,1366,35
2021-03-23,Kern,029,883053,94822,93728,10604,104332,1191
2021-03-23,Kings,031,150075,22582,22439,1113,23552,237
2021-03-23,Lake,033,64148,3334,3294,8,3302,43
2021-03-23,Lassen,035,31185,5131,5130,104,5234,1
2021-03-23,Los Angeles,037,10098052,1182756,1176572,42125,1218697,22904
2021-03-23,Madera,039,155013,16013,15908,903,16811,210
2021-03-23,Marin,041,260295,13569,13514,197,13711,221
2021-03-23,Mariposa,043,17540,392,384,5,389,5
2021-03-23,Mendocino,045,87422,3735,3652,71,3723,45
2021-03-23,Merced,047,269075,29626,29485,951,30436,415
2021-03-23,Modoc,049,8938,352,342,120,462,3
2021-03-23,Mono,051,14174,1219,1263,13,1276,3
2021-03-23,Monterey,053,433212,42351,42180,1818,43998,335
2021-03-23,Napa,055,140530,9342,9299,32,9331,78
2021-03-23,Nevada,057,99092,4246,4179,180,4359,89
2021-03-23,Orange,059,3164182,250149,248661,11018,259679,4626
2021-03-23,Placer,061,380077,21343,20567,1258,21825,248
2021-03-23,Plumas,063,18699,663,652,11,663,4
2021-03-23,Riverside,065,2383286,286619,282317,14199,296516,4035
2021-03-23,Sacramento,067,1510023,98034,96521,1419,97940,1496
2021-03-23,San Benito,069,59416,5844,5845,96,5941,61
2021-03-23,San Bernardino,071,2135413,288134,284875,9163,294038,4134
2021-03-23,San Diego,073,3302833,269463,268156,13333,281489,3498
2021-03-23,San Francisco,075,870044,35050,35071,1264,36335,462
2021-03-23,San Joaquin,077,732212,69114,67903,3214,71117,1182
2021-03-23,San Luis Obispo,079,281455,20211,20009,645,20654,250
2021-03-23,San Mateo,081,765935,40562,40032,443,40475,348
2021-03-23,Santa Barbara,083,443738,33309,32771,1191,33962,438
2021-03-23,Santa Clara,085,1922200,113201,113645,657,114302,1848
2021-03-23,Santa Cruz,087,273765,15697,15106,858,15964,201
2021-03-23,Shasta,089,179085,11225,11234,1367,12601,175
2021-03-23,Sierra,091,2930,53,50,14,64,0
2021-03-23,Siskiyou,093,43540,1548,1485,270,1755,6
2021-03-23,Solano,095,438530,30658,30524,410,30934,178
2021-03-23,Sonoma,097,501317,28911,29020,258,29278,310
2021-03-23,Stanislaus,099,539301,52475,52148,5774,57922,677
2021-03-23,Sutter,101,95872,9094,9039,86,9125,104
2021-03-23,Tehama,103,63373,4728,4707,530,5237,46
2021-03-23,Trinity,105,12862,400,310,66,376,3
2021-03-23,Tulare,107,460477,48622,48095,8979,57074,808
2021-03-23,Tuolumne,109,53932,3959,3957,34,3991,57
2021-03-23,Ventura,111,848112,79337,78930,2964,81894,932
2021-03-23,Yolo,113,214977,13263,13255,257,13512,194
2021-03-23,Yuba,115,75493,5675,5628,98,5726,42
2021-03-22,Alameda,001,1643700,83188,82748,1858,84606,1189
2021-03-22,Alpine,003,1148,85,83,0,83,0
2021-03-22,Amador,005,37829,3543,3522,33,3555,44
2021-03-22,Butte,007,227075,11564,11211,1736,12947,185
2021-03-22,Calaveras,009,45235,1984,1963,12,1975,49
2021-03-22,Colusa,011,21464,1884,1885,278,2163,13
2021-03-22,Contra Costa,013,1133247,65218,64432,1179,65611,740
2021-03-22,Del Norte,015,27424,1129,1082,7,1089,6
2021-03-22,El Dorado,017,186661,9335,9310,640,9950,105
2021-03-22,Fresno,019,978130,98741,98276,8449,106725,1556
2021-03-22,Glenn,021,27897,2312,2291,537,2828,17
2021-03-22,Humboldt,023,135768,3423,3403,23,3426,34
2021-03-22,Imperial,025,180216,27416,27302,2725,30027,699
2021-03-22,Inyo,027,18085,1366,1363,2,1365,35
2021-03-22,Kern,029,883053,94752,93675,10587,104262,1178
2021-03-22,Kings,031,150075,22569,22433,1108,23541,236
2021-03-22,Lake,033,64148,3333,3290,8,3298,43
2021-03-22,Lassen,035,31185,5129,5129,104,5233,1
2021-03-22,Los Angeles,037,10098052,1182250,1176205,42090,1218295,22843
2021-03-22,Madera,039,155013,15998,15904,903,16807,210
2021-03-22,Marin,041,260295,13560,13501,196,13697,221
2021-03-22,Mariposa,043,17540,391,381,5,386,5
2021-03-22,Mendocino,045,87422,3733,3653,71,3724,45
2021-03-22,Merced,047,269075,29583,29468,948,30416,413
2021-03-22,Modoc,049,8938,350,342,120,462,3
2021-03-22,Mono,051,14174,1214,1263,13,1276,3
2021-03-22,Monterey,053,433212,42334,42161,1816,43977,335
2021-03-22,Napa,055,140530,9331,9288,32,9320,77
2021-03-22,Nevada,057,99092,4236,4174,175,4349,89
2021-03-22,Orange,059,3164182,249999,248517,10983,259500,4599
2021-03-22,Placer,061,380077,21307,20543,1253,21796,242
2021-03-22,Plumas,063,18699,663,652,11,663,4
2021-03-22,Riverside,065,2383286,286526,282242,14188,296430,4009
2021-03-22,Sacramento,067,1510023,97856,96385,1409,97794,1493
2021-03-22,San Benito,069,59416,5841,5844,95,5939,61
2021-03-22,San Bernardino,071,2135413,288047,284771,9150,293921,4107
2021-03-22,San Diego,073,3302833,269251,267913,13313,281226,3494
2021-03-22,San Francisco,075,870044,35008,35040,1260,36300,462
2021-03-22,San Joaquin,077,732212,69023,67815,3195,71010,1182
2021-03-22,San Luis Obispo,079,281455,20187,20000,644,20644,250
2021-03-22,San Mateo,081,765935,40512,40024,441,40465,348
2021-03-22,Santa Barbara,083,443738,33263,32756,1188,33944,437
2021-03-22,Santa Clara,085,1922200,113082,113575,657,114232,1845
2021-03-22,Santa Cruz,087,273765,15685,15077,857,15934,201
2021-03-22,Shasta,089,179085,11211,11218,1366,12584,150
2021-03-22,Sierra,091,2930,53,50,14,64,0
2021-03-22,Siskiyou,093,43540,1547,1487,269,1756,5
2021-03-22,Solano,095,438530,30619,30490,406,30896,171
2021-03-22,Sonoma,097,501317,28882,29010,254,29264,310
2021-03-22,Stanislaus,099,539301,52391,52083,5769,57852,677
2021-03-22,Sutter,101,95872,9081,9024,86,9110,104
2021-03-22,Tehama,103,63373,4720,4704,530,5234,45
2021-03-22,Trinity,105,12862,400,310,66,376,3
2021-03-22,Tulare,107,460477,48607,48074,8958,57032,807
2021-03-22,Tuolumne,109,53932,3956,3954,34,3988,57
2021-03-22,Ventura,111,848112,79289,78890,2961,81851,927
2021-03-22,Yolo,113,214977,13251,13243,256,13499,190
2021-03-22,Yuba,115,75493,5664,5627,96,5723,42
2021-03-21,Alameda,001,1643700,83100,82684,1855,84539,1187
2021-03-21,Alpine,003,1148,85,83,0,83,0
2021-03-21,Amador,005,37829,3539,3519,33,3552,44
2021-03-21,Butte,007,227075,11548,11208,1730,12938,185
2021-03-21,Calaveras,009,45235,1981,1962,12,1974,49
2021-03-21,Colusa,011,21464,1884,1885,278,2163,13
2021-03-21,Contra Costa,013,1133247,65136,64382,1175,65557,740
2021-03-21,Del Norte,015,27424,1114,1076,7,1083,6
2021-03-21,El Dorado,017,186661,9325,9302,635,9937,105
2021-03-21,Fresno,019,978130,98629,98211,8425,106636,1556
2021-03-21,Glenn,021,27897,2309,2288,536,2824,17
2021-03-21,Humboldt,023,135768,3418,3402,23,3425,34
2021-03-21,Imperial,025,180216,27399,27267,2716,29983,699
2021-03-21,Inyo,027,18085,1366,1363,2,1365,35
2021-03-21,Kern,029,883053,94688,93649,10576,104225,1170
2021-03-21,Kings,031,150075,22552,22422,1107,23529,236
2021-03-21,Lake,033,64148,3329,3286,8,3294,43
2021-03-21,Lassen,035,31185,5129,5129,104,5233,1
2021-03-21,Los Angeles,037,10098052,1181725,1175684,42039,1217723,22834
2021-03-21,Madera,039,155013,15979,15895,901,16796,210
2021-03-21,Marin,041,260295,13544,13495,195,13690,220
2021-03-21,Mariposa,043,17540,391,381,5,386,5
2021-03-21,Mendocino,045,87422,3730,3651,71,3722,45
2021-03-21,Merced,047,269075,29523,29446,942,30388,413
2021-03-21,Modoc,049,8938,350,341,120,461,3
2021-03-21,Mono,051,14174,1209,1263,13,1276,3
2021-03-21,Monterey,053,433212,42309,42153,1813,43966,335
2021-03-21,Napa,055,140530,9311,9282,32,9314,77
2021-03-21,Nevada,057,99092,4223,4169,175,4344,89
2021-03-21,Orange,059,3164182,249867,248442,10955,259397,4598
2021-03-21,Placer,061,380077,21271,20520,1245,21765,242
2021-03-21,Plumas,063,18699,663,653,11,664,4
2021-03-21,Riverside,065,2383286,286421,282187,14176,296363,4009
2021-03-21,Sacramento,067,1510023,97661,96269,1401,97670,1489
2021-03-21,San Benito,069,59416,5835,5842,95,5937,61
2021-03-21,San Bernardino,071,2135413,287959,284732,9144,293876,4094
2021-03-21,San Diego,073,3302833,268991,267724,13287,281011,3494
2021-03-21,San Francisco,075,870044,34961,35012,1253,36265,460
2021-03-21,San Joaquin,077,732212,68901,67729,3177,70906,1182
2021-03-21,San Luis Obispo,079,281455,20155,19979,642,20621,250
2021-03-21,San Mateo,081,765935,40467,39988,440,40428,344
2021-03-21,Santa Barbara,083,443738,33223,32743,1186,33929,437
2021-03-21,Santa Clara,085,1922200,112953,113487,654,114141,1840
2021-03-21,Santa Cruz,087,273765,15678,15064,857,15921,199
2021-03-21,Shasta,089,179085,11191,11215,1365,12580,150
2021-03-21,Sierra,091,2930,53,50,14,64,0
2021-03-21,Siskiyou,093,43540,1547,1486,268,1754,5
2021-03-21,Solano,095,438530,30579,30474,403,30877,171
2021-03-21,Sonoma,097,501317,28853,28986,253,29239,310
2021-03-21,Stanislaus,099,539301,52301,52014,5768,57782,677
2021-03-21,Sutter,101,95872,9068,9021,86,9107,104
2021-03-21,Tehama,103,63373,4716,4701,530,5231,45
2021-03-21,Trinity,105,12862,398,310,66,376,3
2021-03-21,Tulare,107,460477,48591,48060,8946,57006,807
2021-03-21,Tuolumne,109,53932,3954,3953,34,3987,57
2021-03-21,Ventura,111,848112,79225,78863,2956,81819,927
2021-03-21,Yolo,113,214977,13230,13235,256,13491,190
2021-03-21,Yuba,115,75493,5654,5624,96,5720,42
2021-03-20,Alameda,001,1643700,83031,82614,1853,84467,1178
2021-03-20,Alpine,003,1148,85,83,0,83,0
2021-03-20,Amador,005,37829,3537,3518,33,3551,44
2021-03-20,Butte,007,227075,11542,11199,1728,12927,185
2021-03-20,Calaveras,009,45235,1977,1961,12,1973,49
2021-03-20,Colusa,011,21464,1884,1883,278,2161,12
2021-03-20,Contra Costa,013,1133247,65076,64313,1175,65488,713
2021-03-20,Del Norte,015,27424,1113,1075,7,1082,6
2021-03-20,El Dorado,017,186661,9319,9290,635,9925,105
2021-03-20,Fresno,019,978130,98569,98112,8418,106530,1532
2021-03-20,Glenn,021,27897,2308,2288,534,2822,17
2021-03-20,Humboldt,023,135768,3411,3399,23,3422,33
2021-03-20,Imperial,025,180216,27393,27239,2714,29953,695
2021-03-20,Inyo,027,18085,1366,1362,2,1364,35
2021-03-20,Kern,029,883053,94659,93606,10572,104178,1155
2021-03-20,Kings,031,150075,22547,22415,1106,23521,236
2021-03-20,Lake,033,64148,3325,3280,8,3288,43
2021-03-20,Lassen,035,31185,5129,5128,104,5232,1
2021-03-20,Los Angeles,037,10098052,1181428,1175290,42012,1217302,22810
2021-03-20,Madera,039,155013,15971,15891,900,16791,210
2021-03-20,Marin,041,260295,13532,13470,191,13661,220
2021-03-20,Mariposa,043,17540,390,381,5,386,5
2021-03-20,Mendocino,045,87422,3729,3639,71,3710,43
2021-03-20,Merced,047,269075,29492,29411,939,30350,412
2021-03-20,Modoc,049,8938,349,341,120,461,3
2021-03-20,Mono,051,14174,1209,1256,13,1269,3
2021-03-20,Monterey,053,433212,42300,42146,1812,43958,334
2021-03-20,Napa,055,140530,9303,9274,32,9306,77
2021-03-20,Nevada,057,99092,4212,4164,174,4338,89
2021-03-20,Orange,059,3164182,249786,248348,10942,259290,4522
2021-03-20,Placer,061,380077,21249,20505,1243,21748,242
2021-03-20,Plumas,063,18699,660,652,11,663,4
2021-03-20,Riverside,065,2383286,286348,282081,14172,296253,4000
2021-03-20,Sacramento,067,1510023,97551,96126,1397,97523,1488
2021-03-20,San Benito,069,59416,5831,5840,95,5935,61
2021-03-20,San Bernardino,071,2135413,287894,284690,9140,293830,3965
2021-03-20,San Diego,073,3302833,268820,267532,13280,280812,3493
2021-03-20,San Francisco,075,870044,34938,34968,1246,36214,453
2021-03-20,San Joaquin,077,732212,68860,67662,3170,70832,1161
2021-03-20,San Luis Obispo,079,281455,20139,19951,636,20587,250
2021-03-20,San Mateo,081,765935,40433,39958,439,40397,344
2021-03-20,Santa Barbara,083,443738,33199,32723,1185,33908,434
2021-03-20,Santa Clara,085,1922200,112861,113384,653,114037,1799
2021-03-20,Santa Cruz,087,273765,15662,15053,857,15910,199
2021-03-20,Shasta,089,179085,11185,11211,1365,12576,147
2021-03-20,Sierra,091,2930,53,50,14,64,0
2021-03-20,Siskiyou,093,43540,1547,1483,268,1751,5
2021-03-20,Solano,095,438530,30549,30439,403,30842,170
2021-03-20,Sonoma,097,501317,28838,28962,252,29214,309
2021-03-20,Stanislaus,099,539301,52246,51925,5760,57685,673
2021-03-20,Sutter,101,95872,9060,9014,86,9100,103
2021-03-20,Tehama,103,63373,4711,4696,528,5224,33
2021-03-20,Trinity,105,12862,397,310,66,376,3
2021-03-20,Tulare,107,460477,48576,48030,8929,56959,804
2021-03-20,Tuolumne,109,53932,3951,3950,34,3984,57
2021-03-20,Ventura,111,848112,79188,78818,2954,81772,922
2021-03-20,Yolo,113,214977,13226,13226,256,13482,190
2021-03-20,Yuba,115,75493,5651,5621,95,5716,42
2021-03-19,Alameda,001,1643700,82958,82499,1851,84350,1187
2021-03-19,Alpine,003,1148,84,82,0,82,0
2021-03-19,Amador,005,37829,3534,3515,33,3548,44
2021-03-19,Butte,007,227075,11533,11191,1725,12916,185
2021-03-19,Calaveras,009,45235,1976,1957,12,1969,49
2021-03-19,Colusa,011,21464,1883,1883,278,2161,12
2021-03-19,Contra Costa,013,1133247,65017,64195,1172,65367,737
2021-03-19,Del Norte,015,27424,1107,1071,5,1076,6
2021-03-19,El Dorado,017,186661,9310,9274,635,9909,105
2021-03-19,Fresno,019,978130,98487,97969,8403,106372,1527
2021-03-19,Glenn,021,27897,2308,2282,534,2816,17
2021-03-19,Humboldt,023,135768,3402,3388,23,3411,33
2021-03-19,Imperial,025,180216,27381,27218,2709,29927,695
2021-03-19,Inyo,027,18085,1364,1356,2,1358,35
2021-03-19,Kern,029,883053,94626,93534,10559,104093,1152
2021-03-19,Kings,031,150075,22538,22369,1103,23472,235
2021-03-19,Lake,033,64148,3319,3262,8,3270,43
2021-03-19,Lassen,035,31185,5129,5126,104,5230,1
2021-03-19,Los Angeles,037,10098052,1181093,1174818,41996,1216814,22752
2021-03-19,Madera,039,155013,15964,15877,899,16776,210
2021-03-19,Marin,041,260295,13520,13441,191,13632,220
2021-03-19,Mariposa,043,17540,389,380,5,385,5
2021-03-19,Mendocino,045,87422,3728,3639,71,3710,45
2021-03-19,Merced,047,269075,29463,29376,938,30314,412
2021-03-19,Modoc,049,8938,349,341,120,461,3
2021-03-19,Mono,051,14174,1207,1244,13,1257,3
2021-03-19,Monterey,053,433212,42291,42125,1810,43935,335
2021-03-19,Napa,055,140530,9291,9256,32,9288,77
2021-03-19,Nevada,057,99092,4201,4156,174,4330,88
2021-03-19,Orange,059,3164182,249686,248146,10929,259075,4501
2021-03-19,Placer,061,380077,21231,20451,1241,21692,242
2021-03-19,Plumas,063,18699,660,650,11,661,4
2021-03-19,Riverside,065,2383286,286266,281937,14167,296104,3989
2021-03-19,Sacramento,067,1510023,97449,95934,1394,97328,1486
2021-03-19,San Benito,069,59416,5831,5845,95,5940,61
2021-03-19,San Bernardino,071,2135413,287822,284501,9138,293639,4017
2021-03-19,San Diego,073,3302833,268685,267173,13270,280443,3491
2021-03-19,San Francisco,075,870044,34892,34936,1243,36179,461
2021-03-19,San Joaquin,077,732212,68790,67515,3156,70671,1180
2021-03-19,San Luis Obispo,079,281455,20119,19913,634,20547,249
2021-03-19,San Mateo,081,765935,40409,39893,439,40332,344
2021-03-19,Santa Barbara,083,443738,33170,32685,1184,33869,435
2021-03-19,Santa Clara,085,1922200,112787,113232,652,113884,1797
2021-03-19,Santa Cruz,087,273765,15655,15026,857,15883,199
2021-03-19,Shasta,089,179085,11178,11104,1363,12467,103
2021-03-19,Sierra,091,2930,52,49,14,63,0
2021-03-19,Siskiyou,093,43540,1547,1480,267,1747,5
2021-03-19,Solano,095,438530,30519,30395,401,30796,172
2021-03-19,Sonoma,097,501317,28817,28932,250,29182,292
2021-03-19,Stanislaus,099,539301,52188,51755,5757,57512,679
2021-03-19,Sutter,101,95872,9058,9005,86,9091,103
2021-03-19,Tehama,103,63373,4703,4685,528,5213,33
2021-03-19,Trinity,105,12862,397,310,66,376,3
2021-03-19,Tulare,107,460477,48553,47989,8906,56895,805
2021-03-19,Tuolumne,109,53932,3948,3946,34,3980,57
2021-03-19,Ventura,111,848112,79150,78753,2949,81702,920
2021-03-19,Yolo,113,214977,13218,13197,256,13453,189
2021-03-19,Yuba,115,75493,5648,5615,94,5709,42
2021-03-18,Alameda,001,1643700,82874,82419,1848,84267,1189
2021-03-18,Alpine,003,1148,84,82,0,82,0
2021-03-18,Amador,005,37829,3530,3513,33,3546,44
2021-03-18,Butte,007,227075,11522,11179,1723,12902,185
2021-03-18,Calaveras,009,45235,1974,1954,12,1966,49
2021-03-18,Colusa,011,21464,1883,1882,278,2160,12
2021-03-18,Contra Costa,013,1133247,64944,64103,1169,65272,739
2021-03-18,Del Norte,015,27424,1098,1059,5,1064,6
2021-03-18,El Dorado,017,186661,9297,9261,634,9895,105
2021-03-18,Fresno,019,978130,98392,97856,8388,106244,1527
2021-03-18,Glenn,021,27897,2304,2275,533,2808,17
2021-03-18,Humboldt,023,135768,3394,3381,23,3404,34
2021-03-18,Imperial,025,180216,27365,27190,2703,29893,695
2021-03-18,Inyo,027,18085,1361,1354,2,1356,35
2021-03-18,Kern,029,883053,94569,93458,10545,104003,1158
2021-03-18,Kings,031,150075,22531,22354,1102,23456,235
2021-03-18,Lake,033,64148,3316,3260,8,3268,43
2021-03-18,Lassen,035,31185,5128,5126,104,5230,1
2021-03-18,Los Angeles,037,10098052,1180664,1174205,41965,1216170,22689
2021-03-18,Madera,039,155013,15952,15860,897,16757,211
2021-03-18,Marin,041,260295,13502,13435,190,13625,219
2021-03-18,Mariposa,043,17540,387,380,5,385,5
2021-03-18,Mendocino,045,87422,3718,3630,71,3701,45
2021-03-18,Merced,047,269075,29428,29317,938,30255,410
2021-03-18,Modoc,049,8938,349,341,120,461,3
2021-03-18,Mono,051,14174,1203,1215,13,1228,3
2021-03-18,Monterey,053,433212,42278,42105,1810,43915,335
2021-03-18,Napa,055,140530,9282,9243,32,9275,77
2021-03-18,Nevada,057,99092,4194,4154,174,4328,74
2021-03-18,Orange,059,3164182,249583,248050,10916,258966,4514
2021-03-18,Placer,061,380077,21199,20421,1238,21659,243
2021-03-18,Plumas,063,18699,658,648,11,659,4
2021-03-18,Riverside,065,2383286,286187,281789,14160,295949,3957
2021-03-18,Sacramento,067,1510023,97301,95819,1390,97209,1481
2021-03-18,San Benito,069,59416,5829,5842,95,5937,61
2021-03-18,San Bernardino,071,2135413,287742,284294,9108,293402,4076
2021-03-18,San Diego,073,3302833,268533,266752,13260,280012,3478
2021-03-18,San Francisco,075,870044,34853,34904,1242,36146,461
2021-03-18,San Joaquin,077,732212,68690,67301,3144,70445,1169
2021-03-18,San Luis Obispo,079,281455,20090,19894,633,20527,249
2021-03-18,San Mateo,081,765935,40368,39874,439,40313,344
2021-03-18,Santa Barbara,083,443738,33128,32640,1184,33824,434
2021-03-18,Santa Clara,085,1922200,112670,113119,648,113767,1808
2021-03-18,Santa Cruz,087,273765,15645,14998,857,15855,198
2021-03-18,Shasta,089,179085,11164,11059,1361,12420,100
2021-03-18,Sierra,091,2930,52,49,14,63,0
2021-03-18,Siskiyou,093,43540,1544,1480,266,1746,5
2021-03-18,Solano,095,438530,30477,30352,398,30750,172
2021-03-18,Sonoma,097,501317,28795,28915,248,29163,292
2021-03-18,Stanislaus,099,539301,52116,51615,5753,57368,682
2021-03-18,Sutter,101,95872,9046,8999,86,9085,103
2021-03-18,Tehama,103,63373,4697,4683,527,5210,35
2021-03-18,Trinity,105,12862,397,310,66,376,3
2021-03-18,Tulare,107,460477,48534,47964,8891,56855,805
2021-03-18,Tuolumne,109,53932,3948,3942,34,3976,57
2021-03-18,Ventura,111,848112,79094,78697,2949,81646,918
2021-03-18,Yolo,113,214977,13205,13183,256,13439,191
2021-03-18,Yuba,115,75493,5644,5612,94,5706,42
2021-03-17,Alameda,001,1643700,82798,82353,1843,84196,1185
2021-03-17,Alpine,003,1148,84,82,0,82,0
2021-03-17,Amador,005,37829,3528,3511,33,3544,44
2021-03-17,Butte,007,227075,11513,11170,1721,12891,185
2021-03-17,Calaveras,009,45235,1973,1946,12,1958,49
2021-03-17,Colusa,011,21464,1882,1882,278,2160,12
2021-03-17,Contra Costa,013,1133247,64875,64026,1168,65194,737
2021-03-17,Del Norte,015,27424,1094,1053,5,1058,6
2021-03-17,El Dorado,017,186661,9287,9252,634,9886,105
2021-03-17,Fresno,019,978130,98282,97727,8369,106096,1507
2021-03-17,Glenn,021,27897,2297,2269,532,2801,17
2021-03-17,Humboldt,023,135768,3386,3365,23,3388,33
2021-03-17,Imperial,025,180216,27349,27168,2701,29869,691
2021-03-17,Inyo,027,18085,1359,1351,2,1353,35
2021-03-17,Kern,029,883053,94513,93392,10532,103924,1149
2021-03-17,Kings,031,150075,22515,22336,1101,23437,233
2021-03-17,Lake,033,64148,3309,3251,8,3259,43
2021-03-17,Lassen,035,31185,5127,5125,104,5229,1
2021-03-17,Los Angeles,037,10098052,1180213,1173416,41931,1215347,22602
2021-03-17,Madera,039,155013,15945,15835,896,16731,214
2021-03-17,Marin,041,260295,13484,13428,189,13617,218
2021-03-17,Mariposa,043,17540,387,379,5,384,5
2021-03-17,Mendocino,045,87422,3714,3625,71,3696,44
2021-03-17,Merced,047,269075,29400,29250,934,30184,408
2021-03-17,Modoc,049,8938,349,341,120,461,3
2021-03-17,Mono,051,14174,1201,1212,13,1225,3
2021-03-17,Monterey,053,433212,42259,42061,1807,43868,334
2021-03-17,Napa,055,140530,9267,9219,32,9251,76
2021-03-17,Nevada,057,99092,4184,4145,174,4319,74
2021-03-17,Orange,059,3164182,249465,247943,10888,258831,4502
2021-03-17,Placer,061,380077,21172,20369,1236,21605,243
2021-03-17,Plumas,063,18699,657,645,11,656,4
2021-03-17,Riverside,065,2383286,286075,281649,14152,295801,3925
2021-03-17,Sacramento,067,1510023,97174,95650,1384,97034,1477
2021-03-17,San Benito,069,59416,5826,5841,95,5936,61
2021-03-17,San Bernardino,071,2135413,287627,284170,9102,293272,4049
2021-03-17,San Diego,073,3302833,268322,266313,13242,279555,3470
2021-03-17,San Francisco,075,870044,34818,34873,1241,36114,457
2021-03-17,San Joaquin,077,732212,68605,67093,3128,70221,1164
2021-03-17,San Luis Obispo,079,281455,20067,19858,629,20487,249
2021-03-17,San Mateo,081,765935,40338,39838,438,40276,344
2021-03-17,Santa Barbara,083,443738,33108,32585,1183,33768,433
2021-03-17,Santa Clara,085,1922200,112577,112983,647,113630,1805
2021-03-17,Santa Cruz,087,273765,15637,14967,857,15824,199
2021-03-17,Shasta,089,179085,11159,11045,1358,12403,100
2021-03-17,Sierra,091,2930,52,49,14,63,0
2021-03-17,Siskiyou,093,43540,1543,1479,264,1743,5
2021-03-17,Solano,095,438530,30451,30320,396,30716,171
2021-03-17,Sonoma,097,501317,28771,28877,247,29124,292
2021-03-17,Stanislaus,099,539301,52043,51524,5746,57270,682
2021-03-17,Sutter,101,95872,9036,8982,86,9068,103
2021-03-17,Tehama,103,63373,4691,4670,527,5197,34
2021-03-17,Trinity,105,12862,397,308,66,374,3
2021-03-17,Tulare,107,460477,48514,47929,8881,56810,805
2021-03-17,Tuolumne,109,53932,3945,3938,34,3972,57
2021-03-17,Ventura,111,848112,79039,78648,2946,81594,916
2021-03-17,Yolo,113,214977,13189,13169,255,13424,190
2021-03-17,Yuba,115,75493,5641,5603,94,5697,42
2021-03-16,Alameda,001,1643700,82683,82259,1841,84100,1177
2021-03-16,Alpine,003,1148,84,82,0,82,0
2021-03-16,Amador,005,37829,3526,3510,33,3543,44
2021-03-16,Butte,007,227075,11501,11154,1720,12874,184
2021-03-16,Calaveras,009,45235,1968,1945,12,1957,49
2021-03-16,Colusa,011,21464,1881,1882,278,2160,12
2021-03-16,Contra Costa,013,1133247,64794,63951,1164,65115,736
2021-03-16,Del Norte,015,27424,1086,1048,5,1053,6
2021-03-16,El Dorado,017,186661,9271,9249,634,9883,105
2021-03-16,Fresno,019,978130,98149,97638,8344,105982,1498
2021-03-16,Glenn,021,27897,2289,2267,528,2795,17
2021-03-16,Humboldt,023,135768,3382,3351,23,3374,33
2021-03-16,Imperial,025,180216,27338,27143,2699,29842,689
2021-03-16,Inyo,027,18085,1358,1346,2,1348,35
2021-03-16,Kern,029,883053,94447,93340,10516,103856,1144
2021-03-16,Kings,031,150075,22479,22320,1100,23420,233
2021-03-16,Lake,033,64148,3301,3246,8,3254,43
2021-03-16,Lassen,035,31185,5126,5126,104,5230,1
2021-03-16,Los Angeles,037,10098052,1179684,1172676,41891,1214567,22527
2021-03-16,Madera,039,155013,15929,15822,894,16716,214
2021-03-16,Marin,041,260295,13466,13419,189,13608,218
2021-03-16,Mariposa,043,17540,384,379,5,384,5
2021-03-16,Mendocino,045,87422,3709,3623,71,3694,44
2021-03-16,Merced,047,269075,29347,29198,933,30131,407
2021-03-16,Modoc,049,8938,349,341,120,461,3
2021-03-16,Mono,051,14174,1200,1207,13,1220,3
2021-03-16,Monterey,053,433212,42240,42023,1807,43830,334
2021-03-16,Napa,055,140530,9257,9209,32,9241,75
2021-03-16,Nevada,057,99092,4175,4132,173,4305,67
2021-03-16,Orange,059,3164182,249328,247843,10868,258711,4479
2021-03-16,Placer,061,380077,21139,20339,1231,21570,240
2021-03-16,Plumas,063,18699,656,643,11,654,4
2021-03-16,Riverside,065,2383286,285969,281540,14139,295679,3893
2021-03-16,Sacramento,067,1510023,97031,95522,1380,96902,1466
2021-03-16,San Benito,069,59416,5821,5831,95,5926,61
2021-03-16,San Bernardino,071,2135413,287498,283980,9094,293074,4032
2021-03-16,San Diego,073,3302833,268090,265903,13229,279132,3462
2021-03-16,San Francisco,075,870044,34789,34833,1236,36069,456
2021-03-16,San Joaquin,077,732212,68503,66856,3115,69971,1163
2021-03-16,San Luis Obispo,079,281455,20038,19832,627,20459,248
2021-03-16,San Mateo,081,765935,40304,39806,436,40242,344
2021-03-16,Santa Barbara,083,443738,33076,32556,1182,33738,433
2021-03-16,Santa Clara,085,1922200,112459,112845,644,113489,1797
2021-03-16,Santa Cruz,087,273765,15631,14926,857,15783,199
2021-03-16,Shasta,089,179085,11143,11035,1355,12390,100
2021-03-16,Sierra,091,2930,51,49,14,63,0
2021-03-16,Siskiyou,093,43540,1539,1477,264,1741,5
2021-03-16,Solano,095,438530,30417,30298,395,30693,171
2021-03-16,Sonoma,097,501317,28739,28850,245,29095,291
2021-03-16,Stanislaus,099,539301,51963,51410,5739,57149,683
2021-03-16,Sutter,101,95872,9028,8970,86,9056,102
2021-03-16,Tehama,103,63373,4687,4660,526,5186,34
2021-03-16,Trinity,105,12862,397,308,65,373,3
2021-03-16,Tulare,107,460477,48467,47895,8873,56768,803
2021-03-16,Tuolumne,109,53932,3942,3938,34,3972,57
2021-03-16,Ventura,111,848112,78972,78671,2939,81610,916
2021-03-16,Yolo,113,214977,13174,13162,255,13417,190
2021-03-16,Yuba,115,75493,5638,5596,93,5689,42
2021-03-15,Alameda,001,1643700,82595,82159,1841,84000,1167
2021-03-15,Alpine,003,1148,84,82,0,82,0
2021-03-15,Amador,005,37829,3525,3506,33,3539,44
2021-03-15,Butte,007,227075,11488,11141,1716,12857,185
2021-03-15,Calaveras,009,45235,1967,1941,12,1953,49
2021-03-15,Colusa,011,21464,1881,1883,278,2161,12
2021-03-15,Contra Costa,013,1133247,64732,63847,1163,65010,732
2021-03-15,Del Norte,015,27424,1083,1048,5,1053,6
2021-03-15,El Dorado,017,186661,9265,9235,633,9868,103
2021-03-15,Fresno,019,978130,98023,97520,8328,105848,1496
2021-03-15,Glenn,021,27897,2284,2261,525,2786,15
2021-03-15,Humboldt,023,135768,3376,3337,23,3360,32
2021-03-15,Imperial,025,180216,27317,27122,2697,29819,684
2021-03-15,Inyo,027,18085,1358,1346,2,1348,35
2021-03-15,Kern,029,883053,94387,93266,10509,103775,1141
2021-03-15,Kings,031,150075,22462,22294,1095,23389,233
2021-03-15,Lake,033,64148,3289,3237,8,3245,43
2021-03-15,Lassen,035,31185,5126,5125,104,5229,1
2021-03-15,Los Angeles,037,10098052,1179122,1172445,41850,1214295,22477
2021-03-15,Madera,039,155013,15918,15806,892,16698,214
2021-03-15,Marin,041,260295,13460,13408,188,13596,218
2021-03-15,Mariposa,043,17540,384,376,5,381,5
2021-03-15,Mendocino,045,87422,3705,3615,71,3686,44
2021-03-15,Merced,047,269075,29307,29169,932,30101,407
2021-03-15,Modoc,049,8938,349,340,120,460,3
2021-03-15,Mono,051,14174,1199,1206,13,1219,3
2021-03-15,Monterey,053,433212,42212,42011,1804,43815,333
2021-03-15,Napa,055,140530,9246,9196,32,9228,75
2021-03-15,Nevada,057,99092,4170,4123,172,4295,66
2021-03-15,Orange,059,3164182,249216,247697,10848,258545,4481
2021-03-15,Placer,061,380077,21116,20308,1231,21539,238
2021-03-15,Plumas,063,18699,656,642,11,653,4
2021-03-15,Riverside,065,2383286,285826,281367,14127,295494,3856
2021-03-15,Sacramento,067,1510023,96878,95414,1374,96788,1463
2021-03-15,San Benito,069,59416,5818,5831,95,5926,61
2021-03-15,San Bernardino,071,2135413,287405,283815,9086,292901,4004
2021-03-15,San Diego,073,3302833,267840,265646,13213,278859,3452
2021-03-15,San Francisco,075,870044,34753,34820,1232,36052,456
2021-03-15,San Joaquin,077,732212,68399,66622,3102,69724,1140
2021-03-15,San Luis Obispo,079,281455,20008,19813,622,20435,247
2021-03-15,San Mateo,081,765935,40250,39765,436,40201,344
2021-03-15,Santa Barbara,083,443738,33054,32529,1179,33708,431
2021-03-15,Santa Clara,085,1922200,112358,112729,642,113371,1798
2021-03-15,Santa Cruz,087,273765,15625,14899,855,15754,200
2021-03-15,Shasta,089,179085,11127,11019,1350,12369,92
2021-03-15,Sierra,091,2930,51,49,14,63,0
2021-03-15,Siskiyou,093,43540,1539,1475,264,1739,5
2021-03-15,Solano,095,438530,30388,30258,394,30652,171
2021-03-15,Sonoma,097,501317,28721,28814,242,29056,285
2021-03-15,Stanislaus,099,539301,51885,51357,5732,57089,683
2021-03-15,Sutter,101,95872,9022,8962,86,9048,102
2021-03-15,Tehama,103,63373,4677,4650,525,5175,34
2021-03-15,Trinity,105,12862,397,308,65,373,3
2021-03-15,Tulare,107,460477,48437,47857,8858,56715,800
2021-03-15,Tuolumne,109,53932,3940,3937,33,3970,57
2021-03-15,Ventura,111,848112,78918,78626,2938,81564,910
2021-03-15,Yolo,113,214977,13155,13131,253,13384,190
2021-03-15,Yuba,115,75493,5633,5585,92,5677,42
2021-03-14,Alameda,001,1643700,82509,82116,1838,83954,1168
2021-03-14,Alpine,003,1148,84,82,0,82,0
2021-03-14,Amador,005,37829,3520,3504,33,3537,44
2021-03-14,Butte,007,227075,11475,11140,1712,12852,185
2021-03-14,Calaveras,009,45235,1964,1939,12,1951,49
2021-03-14,Colusa,011,21464,1881,1883,278,2161,12
2021-03-14,Contra Costa,013,1133247,64628,63808,1161,64969,731
2021-03-14,Del Norte,015,27424,1069,1048,5,1053,6
2021-03-14,El Dorado,017,186661,9255,9231,633,9864,103
2021-03-14,Fresno,019,978130,97916,97461,8309,105770,1496
2021-03-14,Glenn,021,27897,2279,2260,522,2782,15
2021-03-14,Humboldt,023,135768,3362,3335,23,3358,32
2021-03-14,Imperial,025,180216,27299,27122,2693,29815,685
2021-03-14,Inyo,027,18085,1354,1346,2,1348,35
2021-03-14,Kern,029,883053,94306,93252,10489,103741,1141
2021-03-14,Kings,031,150075,22444,22292,1092,23384,232
2021-03-14,Lake,033,64148,3284,3237,8,3245,43
2021-03-14,Lassen,035,31185,5124,5125,104,5229,1
2021-03-14,Los Angeles,037,10098052,1178555,1172100,41811,1213911,22476
2021-03-14,Madera,039,155013,15893,15804,892,16696,214
2021-03-14,Marin,041,260295,13444,13405,186,13591,218
2021-03-14,Mariposa,043,17540,382,376,5,381,5
2021-03-14,Mendocino,045,87422,3700,3613,71,3684,44
2021-03-14,Merced,047,269075,29239,29149,928,30077,407
2021-03-14,Modoc,049,8938,349,340,120,460,3
2021-03-14,Mono,051,14174,1193,1206,13,1219,3
2021-03-14,Monterey,053,433212,42190,42007,1800,43807,333
2021-03-14,Napa,055,140530,9228,9194,32,9226,75
2021-03-14,Nevada,057,99092,4164,4122,170,4292,66
2021-03-14,Orange,059,3164182,249082,247656,10826,258482,4460
2021-03-14,Placer,061,380077,21082,20288,1223,21511,238
2021-03-14,Plumas,063,18699,654,642,11,653,4
2021-03-14,Riverside,065,2383286,285674,281332,14118,295450,3845
2021-03-14,Sacramento,067,1510023,96700,95343,1369,96712,1462
2021-03-14,San Benito,069,59416,5809,5829,95,5924,61
2021-03-14,San Bernardino,071,2135413,287281,283791,9075,292866,3996
2021-03-14,San Diego,073,3302833,267605,265468,13200,278668,3452
2021-03-14,San Francisco,075,870044,34714,34810,1228,36038,455
2021-03-14,San Joaquin,077,732212,68271,66563,3085,69648,1140
2021-03-14,San Luis Obispo,079,281455,19980,19806,620,20426,247
2021-03-14,San Mateo,081,765935,40211,39744,436,40180,342
2021-03-14,Santa Barbara,083,443738,33010,32514,1177,33691,431
2021-03-14,Santa Clara,085,1922200,112230,112648,641,113289,1796
2021-03-14,Santa Cruz,087,273765,15608,14887,853,15740,200
2021-03-14,Shasta,089,179085,11111,11019,1343,12362,92
2021-03-14,Sierra,091,2930,51,49,14,63,0
2021-03-14,Siskiyou,093,43540,1535,1473,263,1736,5
2021-03-14,Solano,095,438530,30356,30230,389,30619,171
2021-03-14,Sonoma,097,501317,28687,28798,238,29036,284
2021-03-14,Stanislaus,099,539301,51765,51306,5723,57029,690
2021-03-14,Sutter,101,95872,9006,8958,86,9044,102
2021-03-14,Tehama,103,63373,4665,4650,524,5174,34
2021-03-14,Trinity,105,12862,396,308,64,372,3
2021-03-14,Tulare,107,460477,48404,47845,8837,56682,800
2021-03-14,Tuolumne,109,53932,3938,3937,33,3970,57
2021-03-14,Ventura,111,848112,78865,78611,2932,81543,910
2021-03-14,Yolo,113,214977,13133,13128,249,13377,189
2021-03-14,Yuba,115,75493,5623,5583,92,5675,42
2021-03-13,Alameda,001,1643700,82449,82010,1838,83848,1168
2021-03-13,Alpine,003,1148,84,82,0,82,0
2021-03-13,Amador,005,37829,3517,3504,33,3537,44
2021-03-13,Butte,007,227075,11466,11131,1711,12842,185
2021-03-13,Calaveras,009,45235,1960,1939,12,1951,49
2021-03-13,Colusa,011,21464,1881,1882,278,2160,12
2021-03-13,Contra Costa,013,1133247,64567,63689,1161,64850,731
2021-03-13,Del Norte,015,27424,1065,1041,5,1046,6
2021-03-13,El Dorado,017,186661,9247,9221,633,9854,103
2021-03-13,Fresno,019,978130,97857,97324,8289,105613,1495
2021-03-13,Glenn,021,27897,2278,2260,521,2781,15
2021-03-13,Humboldt,023,135768,3355,3325,23,3348,32
2021-03-13,Imperial,025,180216,27294,27099,2688,29787,677
2021-03-13,Inyo,027,18085,1353,1344,2,1346,35
2021-03-13,Kern,029,883053,94267,93197,10482,103679,1140
2021-03-13,Kings,031,150075,22428,22265,1091,23356,232
2021-03-13,Lake,033,64148,3277,3234,7,3241,43
2021-03-13,Lassen,035,31185,5124,5125,104,5229,1
2021-03-13,Los Angeles,037,10098052,1178240,1171505,41767,1213272,22451
2021-03-13,Madera,039,155013,15881,15780,892,16672,214
2021-03-13,Marin,041,260295,13438,13391,184,13575,218
2021-03-13,Mariposa,043,17540,381,376,5,381,5
2021-03-13,Mendocino,045,87422,3696,3611,71,3682,44
2021-03-13,Merced,047,269075,29208,29106,928,30034,406
2021-03-13,Modoc,049,8938,349,340,119,459,3
2021-03-13,Mono,051,14174,1193,1207,13,1220,3
2021-03-13,Monterey,053,433212,42180,41989,1798,43787,332
2021-03-13,Napa,055,140530,9222,9190,32,9222,75
2021-03-13,Nevada,057,99092,4157,4111,169,4280,66
2021-03-13,Orange,059,3164182,249002,247514,10810,258324,4423
2021-03-13,Placer,061,380077,21061,20238,1220,21458,239
2021-03-13,Plumas,063,18699,652,642,11,653,4
2021-03-13,Riverside,065,2383286,285586,281191,14110,295301,3848
2021-03-13,Sacramento,067,1510023,96614,95192,1367,96559,1461
2021-03-13,San Benito,069,59416,5806,5823,95,5918,61
2021-03-13,San Bernardino,071,2135413,287228,283727,9069,292796,3972
2021-03-13,San Diego,073,3302833,267450,265270,13186,278456,3444
2021-03-13,San Francisco,075,870044,34697,34784,1219,36003,455
2021-03-13,San Joaquin,077,732212,68215,66480,3063,69543,1141
2021-03-13,San Luis Obispo,079,281455,19962,19789,619,20408,247
2021-03-13,San Mateo,081,765935,40184,39689,435,40124,341
2021-03-13,Santa Barbara,083,443738,32985,32486,1176,33662,431
2021-03-13,Santa Clara,085,1922200,112145,112531,640,113171,1790
2021-03-13,Santa Cruz,087,273765,15601,14875,853,15728,199
2021-03-13,Shasta,089,179085,11103,11021,1340,12361,108
2021-03-13,Sierra,091,2930,50,49,14,63,0
2021-03-13,Siskiyou,093,43540,1534,1470,263,1733,5
2021-03-13,Solano,095,438530,30339,30198,389,30587,171
2021-03-13,Sonoma,097,501317,28667,28762,234,28996,285
2021-03-13,Stanislaus,099,539301,51715,51257,5718,56975,695
2021-03-13,Sutter,101,95872,8999,8948,86,9034,102
2021-03-13,Tehama,103,63373,4663,4647,524,5171,33
2021-03-13,Trinity,105,12862,396,306,64,370,3
2021-03-13,Tulare,107,460477,48379,47818,8828,56646,798
2021-03-13,Tuolumne,109,53932,3935,3937,33,3970,57
2021-03-13,Ventura,111,848112,78816,78693,2932,81625,906
2021-03-13,Yolo,113,214977,13125,13087,248,13335,189
2021-03-13,Yuba,115,75493,5622,5577,92,5669,42
2021-03-12,Alameda,001,1643700,82370,81898,1837,83735,1164
2021-03-12,Alpine,003,1148,84,82,0,82,0
2021-03-12,Amador,005,37829,3514,3503,33,3536,44
2021-03-12,Butte,007,227075,11456,11126,1709,12835,184
2021-03-12,Calaveras,009,45235,1958,1916,12,1928,49
2021-03-12,Colusa,011,21464,1881,1883,278,2161,12
2021-03-12,Contra Costa,013,1133247,64492,63583,1160,64743,728
2021-03-12,Del Norte,015,27424,1059,1033,5,1038,6
2021-03-12,El Dorado,017,186661,9238,9219,633,9852,103
2021-03-12,Fresno,019,978130,97761,97185,8277,105462,1489
2021-03-12,Glenn,021,27897,2277,2258,520,2778,15
2021-03-12,Humboldt,023,135768,3350,3315,23,3338,32
2021-03-12,Imperial,025,180216,27283,27071,2686,29757,677
2021-03-12,Inyo,027,18085,1351,1339,2,1341,35
2021-03-12,Kern,029,883053,94233,93142,10466,103608,1132
2021-03-12,Kings,031,150075,22409,22233,1091,23324,232
2021-03-12,Lake,033,64148,3271,3226,6,3232,43
2021-03-12,Lassen,035,31185,5124,5125,103,5228,1
2021-03-12,Los Angeles,037,10098052,1177843,1170860,41750,1212610,22409
2021-03-12,Madera,039,155013,15869,15761,889,16650,214
2021-03-12,Marin,041,260295,13431,13375,184,13559,218
2021-03-12,Mariposa,043,17540,379,376,5,381,5
2021-03-12,Mendocino,045,87422,3693,3605,71,3676,43
2021-03-12,Merced,047,269075,29177,29064,928,29992,403
2021-03-12,Modoc,049,8938,349,340,119,459,3
2021-03-12,Mono,051,14174,1192,1206,13,1219,3
2021-03-12,Monterey,053,433212,42166,41964,1793,43757,329
2021-03-12,Napa,055,140530,9213,9180,32,9212,75
2021-03-12,Nevada,057,99092,4147,4101,169,4270,66
2021-03-12,Orange,059,3164182,248910,247388,10799,258187,4401
2021-03-12,Placer,061,380077,21028,20210,1215,21425,239
2021-03-12,Plumas,063,18699,651,641,11,652,4
2021-03-12,Riverside,065,2383286,285488,281037,14102,295139,3854
2021-03-12,Sacramento,067,1510023,96490,95061,1360,96421,1460
2021-03-12,San Benito,069,59416,5803,5817,95,5912,61
2021-03-12,San Bernardino,071,2135413,287170,283558,9064,292622,3917
2021-03-12,San Diego,073,3302833,267287,264886,13178,278064,3434
2021-03-12,San Francisco,075,870044,34676,34758,1216,35974,452
2021-03-12,San Joaquin,077,732212,68145,66482,3053,69535,1144
2021-03-12,San Luis Obispo,079,281455,19948,19769,617,20386,247
2021-03-12,San Mateo,081,765935,40148,39638,433,40071,341
2021-03-12,Santa Barbara,083,443738,32962,32457,1173,33630,429
2021-03-12,Santa Clara,085,1922200,112051,112396,639,113035,1766
2021-03-12,Santa Cruz,087,273765,15589,14846,851,15697,195
2021-03-12,Shasta,089,179085,11095,11143,1338,12481,153
2021-03-12,Sierra,091,2930,50,49,14,63,0
2021-03-12,Siskiyou,093,43540,1534,1468,262,1730,5
2021-03-12,Solano,095,438530,30320,30180,388,30568,171
2021-03-12,Sonoma,097,501317,28640,28714,234,28948,285
2021-03-12,Stanislaus,099,539301,51657,51146,5711,56857,701
2021-03-12,Sutter,101,95872,8993,8940,86,9026,101
2021-03-12,Tehama,103,63373,4659,4638,523,5161,33
2021-03-12,Trinity,105,12862,395,306,63,369,3
2021-03-12,Tulare,107,460477,48355,47772,8821,56593,798
2021-03-12,Tuolumne,109,53932,3934,3936,33,3969,57
2021-03-12,Ventura,111,848112,78773,78698,2928,81626,899
2021-03-12,Yolo,113,214977,13115,13061,241,13302,189
2021-03-12,Yuba,115,75493,5615,5563,91,5654,42
2021-03-11,Alameda,001,1643700,82277,81809,1832,83641,1164
2021-03-11,Alpine,003,1148,84,78,0,78,0
2021-03-11,Amador,005,37829,3513,3498,33,3531,42
2021-03-11,Butte,007,227075,11445,11110,1707,12817,185
2021-03-11,Calaveras,009,45235,1955,1915,12,1927,49
2021-03-11,Colusa,011,21464,1881,1883,278,2161,12
2021-03-11,Contra Costa,013,1133247,64419,63469,1158,64627,728
2021-03-11,Del Norte,015,27424,1054,1027,5,1032,6
2021-03-11,El Dorado,017,186661,9224,9211,633,9844,101
2021-03-11,Fresno,019,978130,97646,97026,8249,105275,1481
2021-03-11,Glenn,021,27897,2274,2255,520,2775,15
2021-03-11,Humboldt,023,135768,3333,3302,23,3325,32
2021-03-11,Imperial,025,180216,27277,27045,2682,29727,675
2021-03-11,Inyo,027,18085,1346,1335,2,1337,35
2021-03-11,Kern,029,883053,94177,93052,10427,103479,1121
2021-03-11,Kings,031,150075,22394,22183,1088,23271,230
2021-03-11,Lake,033,64148,3267,3214,6,3220,42
2021-03-11,Lassen,035,31185,5123,5124,103,5227,1
2021-03-11,Los Angeles,037,10098052,1177314,1170111,41716,1211827,22316
2021-03-11,Madera,039,155013,15858,15725,887,16612,214
2021-03-11,Marin,041,260295,13419,13356,183,13539,217
2021-03-11,Mariposa,043,17540,379,376,5,381,5
2021-03-11,Mendocino,045,87422,3686,3604,71,3675,42
2021-03-11,Merced,047,269075,29128,29001,927,29928,401
2021-03-11,Modoc,049,8938,349,340,119,459,3
2021-03-11,Mono,051,14174,1191,1206,13,1219,3
2021-03-11,Monterey,053,433212,42143,41936,1787,43723,329
2021-03-11,Napa,055,140530,9200,9173,32,9205,75
2021-03-11,Nevada,057,99092,4135,4085,167,4252,66
2021-03-11,Orange,059,3164182,248772,247217,10782,257999,4373
2021-03-11,Placer,061,380077,20984,20178,1211,21389,239
2021-03-11,Plumas,063,18699,650,640,11,651,4
2021-03-11,Riverside,065,2383286,285323,280881,14089,294970,3842
2021-03-11,Sacramento,067,1510023,96350,94912,1357,96269,1455
2021-03-11,San Benito,069,59416,5800,5816,95,5911,61
2021-03-11,San Bernardino,071,2135413,287074,283312,9058,292370,3869
2021-03-11,San Diego,073,3302833,267123,264524,13162,277686,3422
2021-03-11,San Francisco,075,870044,34640,34722,1210,35932,452
2021-03-11,San Joaquin,077,732212,68033,66522,3045,69567,1157
2021-03-11,San Luis Obispo,079,281455,19923,19748,616,20364,247
2021-03-11,San Mateo,081,765935,40111,39590,432,40022,341
2021-03-11,Santa Barbara,083,443738,32935,32408,1170,33578,430
2021-03-11,Santa Clara,085,1922200,111921,112246,636,112882,1765
2021-03-11,Santa Cruz,087,273765,15576,14812,850,15662,193
2021-03-11,Shasta,089,179085,11085,11139,1333,12472,158
2021-03-11,Sierra,091,2930,50,48,14,62,0
2021-03-11,Siskiyou,093,43540,1531,1466,262,1728,5
2021-03-11,Solano,095,438530,30292,30138,387,30525,171
2021-03-11,Sonoma,097,501317,28611,28677,234,28911,285
2021-03-11,Stanislaus,099,539301,51573,51038,5703,56741,707
2021-03-11,Sutter,101,95872,8987,8933,86,9019,101
2021-03-11,Tehama,103,63373,4650,4632,522,5154,33
2021-03-11,Trinity,105,12862,394,304,62,366,3
2021-03-11,Tulare,107,460477,48319,47709,8809,56518,797
2021-03-11,Tuolumne,109,53932,3932,3934,33,3967,57
2021-03-11,Ventura,111,848112,78723,78697,2924,81621,889
2021-03-11,Yolo,113,214977,13098,13041,239,13280,190
2021-03-11,Yuba,115,75493,5611,5553,91,5644,42
2021-03-10,Alameda,001,1643700,82169,81701,1826,83527,1160
2021-03-10,Alpine,003,1148,83,78,0,78,0
2021-03-10,Amador,005,37829,3511,3496,33,3529,42
2021-03-10,Butte,007,227075,11435,11096,1707,12803,185
2021-03-10,Calaveras,009,45235,1951,1913,12,1925,48
2021-03-10,Colusa,011,21464,1881,1882,278,2160,12
2021-03-10,Contra Costa,013,1133247,64320,63372,1154,64526,725
2021-03-10,Del Norte,015,27424,1052,1020,5,1025,5
2021-03-10,El Dorado,017,186661,9212,9203,633,9836,100
2021-03-10,Fresno,019,978130,97541,96866,8232,105098,1471
2021-03-10,Glenn,021,27897,2271,2253,518,2771,15
2021-03-10,Humboldt,023,135768,3323,3296,22,3318,32
2021-03-10,Imperial,025,180216,27262,27051,2682,29733,675
2021-03-10,Inyo,027,18085,1346,1328,2,1330,35
2021-03-10,Kern,029,883053,94111,92965,10404,103369,1102
2021-03-10,Kings,031,150075,22375,22166,1086,23252,226
2021-03-10,Lake,033,64148,3257,3207,6,3213,42
2021-03-10,Lassen,035,31185,5123,5120,103,5223,1
2021-03-10,Los Angeles,037,10098052,1176769,1169079,41687,1210766,22199
2021-03-10,Madera,039,155013,15837,15705,884,16589,212
2021-03-10,Marin,041,260295,13409,13348,182,13530,216
2021-03-10,Mariposa,043,17540,379,376,5,381,5
2021-03-10,Mendocino,045,87422,3681,3602,71,3673,42
2021-03-10,Merced,047,269075,29091,28927,924,29851,401
2021-03-10,Modoc,049,8938,348,338,119,457,3
2021-03-10,Mono,051,14174,1188,1204,13,1217,3
2021-03-10,Monterey,053,433212,42121,41920,1783,43703,329
2021-03-10,Napa,055,140530,9191,9165,32,9197,75
2021-03-10,Nevada,057,99092,4131,4074,167,4241,66
2021-03-10,Orange,059,3164182,248627,247075,10762,257837,4342
2021-03-10,Placer,061,380077,20949,20144,1205,21349,239
2021-03-10,Plumas,063,18699,649,639,11,650,4
2021-03-10,Riverside,065,2383286,285186,280708,14075,294783,3822
2021-03-10,Sacramento,067,1510023,96220,94796,1351,96147,1452
2021-03-10,San Benito,069,59416,5791,5811,95,5906,61
2021-03-10,San Bernardino,071,2135413,286984,283140,9051,292191,3841
2021-03-10,San Diego,073,3302833,266902,264094,13150,277244,3413
2021-03-10,San Francisco,075,870044,34606,34688,1201,35889,450
2021-03-10,San Joaquin,077,732212,67932,66483,3027,69510,1156
2021-03-10,San Luis Obispo,079,281455,19899,19710,612,20322,247
2021-03-10,San Mateo,081,765935,40087,39571,432,40003,338
2021-03-10,Santa Barbara,083,443738,32908,32356,1167,33523,429
2021-03-10,Santa Clara,085,1922200,111815,112103,632,112735,1759
2021-03-10,Santa Cruz,087,273765,15561,14790,849,15639,192
2021-03-10,Shasta,089,179085,11075,11125,1330,12455,155
2021-03-10,Sierra,091,2930,50,48,14,62,0
2021-03-10,Siskiyou,093,43540,1529,1458,262,1720,5
2021-03-10,Solano,095,438530,30262,30111,386,30497,170
2021-03-10,Sonoma,097,501317,28576,28638,233,28871,286
2021-03-10,Stanislaus,099,539301,51484,50968,5685,56653,706
2021-03-10,Sutter,101,95872,8976,8918,86,9004,101
2021-03-10,Tehama,103,63373,4640,4623,522,5145,33
2021-03-10,Trinity,105,12862,394,304,62,366,3
2021-03-10,Tulare,107,460477,48271,47659,8790,56449,793
2021-03-10,Tuolumne,109,53932,3931,3931,33,3964,57
2021-03-10,Ventura,111,848112,78646,78609,2922,81531,878
2021-03-10,Yolo,113,214977,13075,13021,238,13259,189
2021-03-10,Yuba,115,75493,5597,5545,90,5635,42
2021-03-09,Alameda,001,1643700,82084,81618,1826,83444,1151
2021-03-09,Alpine,003,1148,83,78,0,78,0
2021-03-09,Amador,005,37829,3509,3494,33,3527,42
2021-03-09,Butte,007,227075,11422,11092,1705,12797,185
2021-03-09,Calaveras,009,45235,1949,1913,12,1925,48
2021-03-09,Colusa,011,21464,1881,1880,278,2158,11
2021-03-09,Contra Costa,013,1133247,64227,63314,1152,64466,723
2021-03-09,Del Norte,015,27424,1044,1017,5,1022,5
2021-03-09,El Dorado,017,186661,9205,9198,633,9831,98
2021-03-09,Fresno,019,978130,97422,96744,8206,104950,1463
2021-03-09,Glenn,021,27897,2267,2251,516,2767,15
2021-03-09,Humboldt,023,135768,3311,3288,21,3309,32
2021-03-09,Imperial,025,180216,27253,27045,2678,29723,675
2021-03-09,Inyo,027,18085,1344,1324,2,1326,35
2021-03-09,Kern,029,883053,94032,92924,10386,103310,1088
2021-03-09,Kings,031,150075,22350,22143,1084,23227,226
2021-03-09,Lake,033,64148,3251,3202,6,3208,42
2021-03-09,Lassen,035,31185,5123,5120,103,5223,1
2021-03-09,Los Angeles,037,10098052,1176176,1167967,41651,1209618,22080
2021-03-09,Madera,039,155013,15826,15701,882,16583,211
2021-03-09,Marin,041,260295,13391,13335,180,13515,214
2021-03-09,Mariposa,043,17540,379,376,5,381,5
2021-03-09,Mendocino,045,87422,3677,3595,71,3666,42
2021-03-09,Merced,047,269075,29030,28876,922,29798,399
2021-03-09,Modoc,049,8938,348,338,118,456,3
2021-03-09,Mono,051,14174,1187,1203,13,1216,3
2021-03-09,Monterey,053,433212,42103,41894,1774,43668,329
2021-03-09,Napa,055,140530,9177,9155,32,9187,75
2021-03-09,Nevada,057,99092,4123,4062,167,4229,66
2021-03-09,Orange,059,3164182,248485,246989,10741,257730,4310
2021-03-09,Placer,061,380077,20907,20122,1201,21323,239
2021-03-09,Plumas,063,18699,646,639,11,650,4
2021-03-09,Riverside,065,2383286,285058,280562,14069,294631,3821
2021-03-09,Sacramento,067,1510023,96054,94720,1345,96065,1442
2021-03-09,San Benito,069,59416,5787,5800,95,5895,61
2021-03-09,San Bernardino,071,2135413,286871,282971,9044,292015,3823
2021-03-09,San Diego,073,3302833,266670,263745,13129,276874,3405
2021-03-09,San Francisco,075,870044,34575,34654,1197,35851,450
2021-03-09,San Joaquin,077,732212,67804,66383,3017,69400,1150
2021-03-09,San Luis Obispo,079,281455,19881,19672,605,20277,245
2021-03-09,San Mateo,081,765935,40040,39535,430,39965,336
2021-03-09,Santa Barbara,083,443738,32867,32314,1165,33479,428
2021-03-09,Santa Clara,085,1922200,111704,111963,627,112590,1756
2021-03-09,Santa Cruz,087,273765,15540,14764,847,15611,188
2021-03-09,Shasta,089,179085,11069,11113,1324,12437,155
2021-03-09,Sierra,091,2930,50,48,14,62,0
2021-03-09,Siskiyou,093,43540,1525,1447,260,1707,5
2021-03-09,Solano,095,438530,30226,30090,384,30474,169
2021-03-09,Sonoma,097,501317,28526,28601,230,28831,284
2021-03-09,Stanislaus,099,539301,51390,50884,5675,56559,703
2021-03-09,Sutter,101,95872,8963,8914,86,9000,101
2021-03-09,Tehama,103,63373,4632,4620,521,5141,33
2021-03-09,Trinity,105,12862,394,304,62,366,3
2021-03-09,Tulare,107,460477,48245,47637,8767,56404,792
2021-03-09,Tuolumne,109,53932,3929,3929,33,3962,56
2021-03-09,Ventura,111,848112,78576,78526,2919,81445,863
2021-03-09,Yolo,113,214977,13064,13015,237,13252,189
2021-03-09,Yuba,115,75493,5590,5539,90,5629,42
2021-03-08,Alameda,001,1643700,81970,81543,1825,83368,1142
2021-03-08,Alpine,003,1148,83,78,0,78,0
2021-03-08,Amador,005,37829,3506,3490,33,3523,42
2021-03-08,Butte,007,227075,11407,11082,1704,12786,185
2021-03-08,Calaveras,009,45235,1946,1909,12,1921,48
2021-03-08,Colusa,011,21464,1881,1877,278,2155,11
2021-03-08,Contra Costa,013,1133247,64134,63240,1152,64392,719
2021-03-08,Del Norte,015,27424,1039,1012,5,1017,5
2021-03-08,El Dorado,017,186661,9202,9188,632,9820,97
2021-03-08,Fresno,019,978130,97327,96665,8182,104847,1442
2021-03-08,Glenn,021,27897,2266,2249,516,2765,15
2021-03-08,Humboldt,023,135768,3297,3278,21,3299,31
2021-03-08,Imperial,025,180216,27246,27033,2675,29708,663
2021-03-08,Inyo,027,18085,1342,1320,2,1322,35
2021-03-08,Kern,029,883053,93965,92857,10365,103222,1087
2021-03-08,Kings,031,150075,22329,22130,1082,23212,226
2021-03-08,Lake,033,64148,3239,3195,6,3201,42
2021-03-08,Lassen,035,31185,5123,5119,103,5222,1
2021-03-08,Los Angeles,037,10098052,1175562,1163409,41617,1205026,21868
2021-03-08,Madera,039,155013,15816,15691,880,16571,211
2021-03-08,Marin,041,260295,13371,13328,178,13506,214
2021-03-08,Mariposa,043,17540,379,376,5,381,5
2021-03-08,Mendocino,045,87422,3675,3590,70,3660,42
2021-03-08,Merced,047,269075,28970,28841,921,29762,398
2021-03-08,Modoc,049,8938,348,338,118,456,3
2021-03-08,Mono,051,14174,1186,1200,13,1213,3
2021-03-08,Monterey,053,433212,42082,41863,1773,43636,328
2021-03-08,Napa,055,140530,9174,9146,32,9178,75
2021-03-08,Nevada,057,99092,4115,4059,167,4226,66
2021-03-08,Orange,059,3164182,248314,246900,10709,257609,4243
2021-03-08,Placer,061,380077,20872,20102,1190,21292,239
2021-03-08,Plumas,063,18699,645,635,11,646,4
2021-03-08,Riverside,065,2383286,284918,280463,14060,294523,3783
2021-03-08,Sacramento,067,1510023,95883,94654,1340,95994,1438
2021-03-08,San Benito,069,59416,5784,5797,95,5892,61
2021-03-08,San Bernardino,071,2135413,286765,282894,9036,291930,3811
2021-03-08,San Diego,073,3302833,266429,263272,13114,276386,3390
2021-03-08,San Francisco,075,870044,34548,34634,1193,35827,446
2021-03-08,San Joaquin,077,732212,67689,66307,3008,69315,1139
2021-03-08,San Luis Obispo,079,281455,19839,19656,601,20257,245
2021-03-08,San Mateo,081,765935,39991,39492,428,39920,335
2021-03-08,Santa Barbara,083,443738,32835,32293,1165,33458,427
2021-03-08,Santa Clara,085,1922200,111577,111882,625,112507,1756
2021-03-08,Santa Cruz,087,273765,15520,14729,847,15576,188
2021-03-08,Shasta,089,179085,11061,11088,1319,12407,155
2021-03-08,Sierra,091,2930,50,48,14,62,0
2021-03-08,Siskiyou,093,43540,1524,1440,260,1700,5
2021-03-08,Solano,095,438530,30186,30068,382,30450,169
2021-03-08,Sonoma,097,501317,28482,28571,229,28800,284
2021-03-08,Stanislaus,099,539301,51310,50825,5670,56495,690
2021-03-08,Sutter,101,95872,8960,8905,86,8991,100
2021-03-08,Tehama,103,63373,4629,4615,520,5135,33
2021-03-08,Trinity,105,12862,393,302,62,364,3
2021-03-08,Tulare,107,460477,48206,47587,8740,56327,791
2021-03-08,Tuolumne,109,53932,3928,3921,33,3954,56
2021-03-08,Ventura,111,848112,78505,78526,2911,81437,852
2021-03-08,Yolo,113,214977,13041,13000,236,13236,189
2021-03-08,Yuba,115,75493,5580,5530,90,5620,42
2021-03-07,Alameda,001,1643700,81851,81413,1824,83237,1145
2021-03-07,Alpine,003,1148,83,78,0,78,0
2021-03-07,Amador,005,37829,3503,3489,33,3522,42
2021-03-07,Butte,007,227075,11392,11075,1703,12778,185
2021-03-07,Calaveras,009,45235,1943,1906,12,1918,48
2021-03-07,Colusa,011,21464,1880,1876,278,2154,11
2021-03-07,Contra Costa,013,1133247,64037,63148,1149,64297,719
2021-03-07,Del Norte,015,27424,1034,1010,5,1015,5
2021-03-07,El Dorado,017,186661,9200,9184,631,9815,97
2021-03-07,Fresno,019,978130,97153,96549,8157,104706,1442
2021-03-07,Glenn,021,27897,2264,2244,516,2760,15
2021-03-07,Humboldt,023,135768,3287,3274,21,3295,31
2021-03-07,Imperial,025,180216,27237,27019,2673,29692,658
2021-03-07,Inyo,027,18085,1339,1320,2,1322,35
2021-03-07,Kern,029,883053,93879,92746,10334,103080,1086
2021-03-07,Kings,031,150075,22309,22103,1080,23183,224
2021-03-07,Lake,033,64148,3233,3192,6,3198,42
2021-03-07,Lassen,035,31185,5122,5119,103,5222,1
2021-03-07,Los Angeles,037,10098052,1174842,1162749,41577,1204326,21857
2021-03-07,Madera,039,155013,15797,15675,880,16555,211
2021-03-07,Marin,041,260295,13363,13313,176,13489,214
2021-03-07,Mariposa,043,17540,378,376,5,381,5
2021-03-07,Mendocino,045,87422,3672,3581,70,3651,42
2021-03-07,Merced,047,269075,28898,28829,916,29745,399
2021-03-07,Modoc,049,8938,348,338,118,456,3
2021-03-07,Mono,051,14174,1184,1199,13,1212,3
2021-03-07,Monterey,053,433212,42061,41858,1770,43628,328
2021-03-07,Napa,055,140530,9164,9137,32,9169,75
2021-03-07,Nevada,057,99092,4101,4052,166,4218,66
2021-03-07,Orange,059,3164182,248123,246771,10681,257452,4218
2021-03-07,Placer,061,380077,20832,20070,1186,21256,239
2021-03-07,Plumas,063,18699,644,635,11,646,4
2021-03-07,Riverside,065,2383286,284773,280379,14050,294429,3779
2021-03-07,Sacramento,067,1510023,95707,94513,1332,95845,1437
2021-03-07,San Benito,069,59416,5777,5795,95,5890,61
2021-03-07,San Bernardino,071,2135413,286615,282860,9030,291890,3810
2021-03-07,San Diego,073,3302833,266147,262965,13090,276055,3390
2021-03-07,San Francisco,075,870044,34514,34594,1188,35782,445
2021-03-07,San Joaquin,077,732212,67554,66252,2994,69246,1139
2021-03-07,San Luis Obispo,079,281455,19802,19614,599,20213,245
2021-03-07,San Mateo,081,765935,39951,39436,425,39861,329
2021-03-07,Santa Barbara,083,443738,32788,32218,1164,33382,425
2021-03-07,Santa Clara,085,1922200,111431,111745,621,112366,1752
2021-03-07,Santa Cruz,087,273765,15498,14715,846,15561,189
2021-03-07,Shasta,089,179085,11048,11083,1311,12394,156
2021-03-07,Sierra,091,2930,49,48,14,62,0
2021-03-07,Siskiyou,093,43540,1521,1435,256,1691,5
2021-03-07,Solano,095,438530,30149,30027,382,30409,169
2021-03-07,Sonoma,097,501317,28433,28533,227,28760,284
2021-03-07,Stanislaus,099,539301,51178,50783,5652,56435,699
2021-03-07,Sutter,101,95872,8950,8900,86,8986,100
2021-03-07,Tehama,103,63373,4619,4614,517,5131,33
2021-03-07,Trinity,105,12862,393,302,62,364,3
2021-03-07,Tulare,107,460477,48149,47569,8707,56276,790
2021-03-07,Tuolumne,109,53932,3927,3922,33,3955,56
2021-03-07,Ventura,111,848112,78407,78487,2907,81394,851
2021-03-07,Yolo,113,214977,13022,12988,236,13224,189
2021-03-07,Yuba,115,75493,5576,5516,90,5606,42
2021-03-06,Alameda,001,1643700,81797,81310,1823,83133,1143
2021-03-06,Alpine,003,1148,83,78,0,78,0
2021-03-06,Amador,005,37829,3499,3487,33,3520,42
2021-03-06,Butte,007,227075,11389,11065,1702,12767,185
2021-03-06,Calaveras,009,45235,1940,1904,12,1916,48
2021-03-06,Colusa,011,21464,1878,1874,278,2152,11
2021-03-06,Contra Costa,013,1133247,63976,63040,1145,64185,719
2021-03-06,Del Norte,015,27424,1029,1000,5,1005,5
2021-03-06,El Dorado,017,186661,9196,9166,631,9797,97
2021-03-06,Fresno,019,978130,97062,96366,8142,104508,1440
2021-03-06,Glenn,021,27897,2264,2241,516,2757,15
2021-03-06,Humboldt,023,135768,3277,3260,21,3281,31
2021-03-06,Imperial,025,180216,27233,27009,2668,29677,658
2021-03-06,Inyo,027,18085,1336,1312,2,1314,35
2021-03-06,Kern,029,883053,93833,92684,10313,102997,1082
2021-03-06,Kings,031,150075,22292,22094,1080,23174,224
2021-03-06,Lake,033,64148,3231,3189,6,3195,42
2021-03-06,Lassen,035,31185,5122,5119,103,5222,1
2021-03-06,Los Angeles,037,10098052,1174408,1161745,41546,1203291,21843
2021-03-06,Madera,039,155013,15788,15646,878,16524,211
2021-03-06,Marin,041,260295,13354,13289,176,13465,213
2021-03-06,Mariposa,043,17540,378,376,5,381,5
2021-03-06,Mendocino,045,87422,3670,3579,70,3649,42
2021-03-06,Merced,047,269075,28856,28771,916,29687,399
2021-03-06,Modoc,049,8938,347,338,118,456,3
2021-03-06,Mono,051,14174,1183,1198,13,1211,3
2021-03-06,Monterey,053,433212,42056,41838,1767,43605,327
2021-03-06,Napa,055,140530,9156,9129,32,9161,75
2021-03-06,Nevada,057,99092,4095,4044,166,4210,66
2021-03-06,Orange,059,3164182,248032,246634,10667,257301,4165
2021-03-06,Placer,061,380077,20809,20030,1184,21214,239
2021-03-06,Plumas,063,18699,644,634,11,645,4
2021-03-06,Riverside,065,2383286,284682,280225,14041,294266,3781
2021-03-06,Sacramento,067,1510023,95618,94332,1323,95655,1436
2021-03-06,San Benito,069,59416,5772,5793,95,5888,61
2021-03-06,San Bernardino,071,2135413,286531,282737,9028,291765,3791
2021-03-06,San Diego,073,3302833,265960,262778,13073,275851,3385
2021-03-06,San Francisco,075,870044,34484,34560,1183,35743,435
2021-03-06,San Joaquin,077,732212,67480,66162,2983,69145,1138
2021-03-06,San Luis Obispo,079,281455,19783,19592,596,20188,245
2021-03-06,San Mateo,081,765935,39927,39384,425,39809,329
2021-03-06,Santa Barbara,083,443738,32757,32176,1163,33339,424
2021-03-06,Santa Clara,085,1922200,111335,111570,619,112189,1749
2021-03-06,Santa Cruz,087,273765,15487,14701,846,15547,188
2021-03-06,Shasta,089,179085,11039,11076,1309,12385,158
2021-03-06,Sierra,091,2930,49,48,14,62,0
2021-03-06,Siskiyou,093,43540,1519,1432,256,1688,5
2021-03-06,Solano,095,438530,30120,30000,381,30381,169
2021-03-06,Sonoma,097,501317,28410,28484,225,28709,284
2021-03-06,Stanislaus,099,539301,51109,50691,5645,56336,711
2021-03-06,Sutter,101,95872,8944,8887,86,8973,100
2021-03-06,Tehama,103,63373,4619,4610,515,5125,33
2021-03-06,Trinity,105,12862,393,302,62,364,3
2021-03-06,Tulare,107,460477,48118,47515,8677,56192,789
2021-03-06,Tuolumne,109,53932,3925,3920,33,3953,56
2021-03-06,Ventura,111,848112,78352,78439,2906,81345,848
2021-03-06,Yolo,113,214977,13016,12951,236,13187,189
2021-03-06,Yuba,115,75493,5567,5504,90,5594,42
2021-03-05,Alameda,001,1643700,81710,81215,1821,83036,1141
2021-03-05,Alpine,003,1148,83,78,0,78,0
2021-03-05,Amador,005,37829,3498,3484,33,3517,42
2021-03-05,Butte,007,227075,11378,11050,1701,12751,185
2021-03-05,Calaveras,009,45235,1934,1902,12,1914,48
2021-03-05,Colusa,011,21464,1878,1874,278,2152,11
2021-03-05,Contra Costa,013,1133247,63896,62886,1142,64028,711
2021-03-05,Del Norte,015,27424,1025,995,5,1000,5
2021-03-05,El Dorado,017,186661,9191,9150,630,9780,97
2021-03-05,Fresno,019,978130,96956,96184,8121,104305,1432
2021-03-05,Glenn,021,27897,2259,2241,516,2757,15
2021-03-05,Humboldt,023,135768,3270,3234,21,3255,31
2021-03-05,Imperial,025,180216,27223,26970,2659,29629,651
2021-03-05,Inyo,027,18085,1332,1309,2,1311,35
2021-03-05,Kern,029,883053,93794,92601,10299,102900,1076
2021-03-05,Kings,031,150075,22275,22063,1078,23141,224
2021-03-05,Lake,033,64148,3229,3185,6,3191,42
2021-03-05,Lassen,035,31185,5122,5117,101,5218,1
2021-03-05,Los Angeles,037,10098052,1173923,1160688,41512,1202200,21745
2021-03-05,Madera,039,155013,15778,15624,876,16500,211
2021-03-05,Marin,041,260295,13341,13275,175,13450,215
2021-03-05,Mariposa,043,17540,378,375,5,380,4
2021-03-05,Mendocino,045,87422,3667,3577,70,3647,42
2021-03-05,Merced,047,269075,28822,28734,915,29649,399
2021-03-05,Modoc,049,8938,347,337,118,455,3
2021-03-05,Mono,051,14174,1182,1197,13,1210,3
2021-03-05,Monterey,053,433212,42043,41802,1767,43569,325
2021-03-05,Napa,055,140530,9148,9109,32,9141,75
2021-03-05,Nevada,057,99092,4091,4033,166,4199,66
2021-03-05,Orange,059,3164182,247918,246489,10654,257143,4108
2021-03-05,Placer,061,380077,20783,19973,1180,21153,239
2021-03-05,Plumas,063,18699,644,635,11,646,4
2021-03-05,Riverside,065,2383286,284572,280075,14035,294110,3781
2021-03-05,Sacramento,067,1510023,95522,94182,1316,95498,1430
2021-03-05,San Benito,069,59416,5769,5790,95,5885,61
2021-03-05,San Bernardino,071,2135413,286438,282640,9024,291664,3774
2021-03-05,San Diego,073,3302833,265727,262357,13056,275413,3371
2021-03-05,San Francisco,075,870044,34444,34526,1179,35705,430
2021-03-05,San Joaquin,077,732212,67402,66041,2972,69013,1133
2021-03-05,San Luis Obispo,079,281455,19762,19557,594,20151,244
2021-03-05,San Mateo,081,765935,39895,39305,425,39730,326
2021-03-05,Santa Barbara,083,443738,32722,32139,1158,33297,424
2021-03-05,Santa Clara,085,1922200,111239,111384,619,112003,1745
2021-03-05,Santa Cruz,087,273765,15476,14694,846,15540,188
2021-03-05,Shasta,089,179085,11027,11062,1303,12365,148
2021-03-05,Sierra,091,2930,49,48,14,62,0
2021-03-05,Siskiyou,093,43540,1515,1429,255,1684,5
2021-03-05,Solano,095,438530,30103,29951,379,30330,168
2021-03-05,Sonoma,097,501317,28384,28417,225,28642,279
2021-03-05,Stanislaus,099,539301,51058,50606,5635,56241,721
2021-03-05,Sutter,101,95872,8937,8876,86,8962,100
2021-03-05,Tehama,103,63373,4610,4606,515,5121,33
2021-03-05,Trinity,105,12862,393,302,62,364,3
2021-03-05,Tulare,107,460477,48091,47469,8656,56125,789
2021-03-05,Tuolumne,109,53932,3923,3917,33,3950,56
2021-03-05,Ventura,111,848112,78285,78368,2904,81272,839
2021-03-05,Yolo,113,214977,13004,12920,235,13155,188
2021-03-05,Yuba,115,75493,5555,5496,90,5586,42
2021-03-04,Alameda,001,1643700,81598,81115,1821,82936,1136
2021-03-04,Alpine,003,1148,83,78,0,78,0
2021-03-04,Amador,005,37829,3497,3480,33,3513,42
2021-03-04,Butte,007,227075,11371,11033,1700,12733,185
2021-03-04,Calaveras,009,45235,1933,1896,12,1908,48
2021-03-04,Colusa,011,21464,1876,1873,273,2146,11
2021-03-04,Contra Costa,013,1133247,63798,62789,1139,63928,708
2021-03-04,Del Norte,015,27424,1017,989,5,994,5
2021-03-04,El Dorado,017,186661,9176,9133,630,9763,97
2021-03-04,Fresno,019,978130,96795,96023,8103,104126,1422
2021-03-04,Glenn,021,27897,2255,2236,513,2749,15
2021-03-04,Humboldt,023,135768,3257,3212,21,3233,31
2021-03-04,Imperial,025,180216,27212,26946,2655,29601,646
2021-03-04,Inyo,027,18085,1329,1300,2,1302,35
2021-03-04,Kern,029,883053,93707,92525,10279,102804,1070
2021-03-04,Kings,031,150075,22250,22025,1075,23100,224
2021-03-04,Lake,033,64148,3221,3181,6,3187,42
2021-03-04,Lassen,035,31185,5122,5116,101,5217,1
2021-03-04,Los Angeles,037,10098052,1173315,1159405,41462,1200867,21610
2021-03-04,Madera,039,155013,15744,15596,872,16468,208
2021-03-04,Marin,041,260295,13324,13240,172,13412,215
2021-03-04,Mariposa,043,17540,378,376,5,381,4
2021-03-04,Mendocino,045,87422,3664,3569,70,3639,42
2021-03-04,Merced,047,269075,28772,28671,913,29584,396
2021-03-04,Modoc,049,8938,346,336,118,454,3
2021-03-04,Mono,051,14174,1182,1197,13,1210,3
2021-03-04,Monterey,053,433212,42023,41771,1764,43535,325
2021-03-04,Napa,055,140530,9140,9094,32,9126,74
2021-03-04,Nevada,057,99092,4081,4020,166,4186,66
2021-03-04,Orange,059,3164182,247762,246354,10637,256991,4096
2021-03-04,Placer,061,380077,20751,19900,1174,21074,239
2021-03-04,Plumas,063,18699,644,634,11,645,4
2021-03-04,Riverside,065,2383286,284445,279871,14022,293893,3766
2021-03-04,Sacramento,067,1510023,95387,93982,1313,95295,1426
2021-03-04,San Benito,069,59416,5769,5781,95,5876,61
2021-03-04,San Bernardino,071,2135413,286308,282407,9020,291427,3757
2021-03-04,San Diego,073,3302833,265468,261858,13012,274870,3359
2021-03-04,San Francisco,075,870044,34410,34480,1176,35656,426
2021-03-04,San Joaquin,077,732212,67309,65931,2962,68893,1129
2021-03-04,San Luis Obispo,079,281455,19724,19520,592,20112,243
2021-03-04,San Mateo,081,765935,39851,39225,424,39649,322
2021-03-04,Santa Barbara,083,443738,32684,32090,1157,33247,423
2021-03-04,Santa Clara,085,1922200,111106,111194,616,111810,1723
2021-03-04,Santa Cruz,087,273765,15457,14669,846,15515,186
2021-03-04,Shasta,089,179085,11024,11050,1294,12344,150
2021-03-04,Sierra,091,2930,49,48,14,62,0
2021-03-04,Siskiyou,093,43540,1509,1427,255,1682,5
2021-03-04,Solano,095,438530,30076,29905,378,30283,168
2021-03-04,Sonoma,097,501317,28329,28379,224,28603,279
2021-03-04,Stanislaus,099,539301,50969,50521,5627,56148,731
2021-03-04,Sutter,101,95872,8925,8849,86,8935,100
2021-03-04,Tehama,103,63373,4604,4604,515,5119,33
2021-03-04,Trinity,105,12862,393,302,62,364,3
2021-03-04,Tulare,107,460477,48047,47398,8630,56028,784
2021-03-04,Tuolumne,109,53932,3917,3916,33,3949,56
2021-03-04,Ventura,111,848112,78198,78184,2902,81086,831
2021-03-04,Yolo,113,214977,12984,12895,235,13130,189
2021-03-04,Yuba,115,75493,5543,5483,90,5573,41
2021-03-03,Alameda,001,1643700,81478,80972,1819,82791,1127
2021-03-03,Alpine,003,1148,83,77,0,77,0
2021-03-03,Amador,005,37829,3495,3478,32,3510,42
2021-03-03,Butte,007,227075,11364,11014,1699,12713,184
2021-03-03,Calaveras,009,45235,1932,1893,12,1905,48
2021-03-03,Colusa,011,21464,1875,1873,273,2146,11
2021-03-03,Contra Costa,013,1133247,63700,62668,1136,63804,708
2021-03-03,Del Norte,015,27424,1014,988,5,993,5
2021-03-03,El Dorado,017,186661,9166,9121,630,9751,97
2021-03-03,Fresno,019,978130,96651,95893,8085,103978,1415
2021-03-03,Glenn,021,27897,2255,2233,513,2746,15
2021-03-03,Humboldt,023,135768,3246,3196,21,3217,30
2021-03-03,Imperial,025,180216,27195,26939,2650,29589,640
2021-03-03,Inyo,027,18085,1321,1294,2,1296,35
2021-03-03,Kern,029,883053,93632,92434,10261,102695,1063
2021-03-03,Kings,031,150075,22234,22009,1074,23083,223
2021-03-03,Lake,033,64148,3214,3175,6,3181,40
2021-03-03,Lassen,035,31185,5122,5115,101,5216,1
2021-03-03,Los Angeles,037,10098052,1172678,1157911,41419,1199330,21500
2021-03-03,Madera,039,155013,15725,15553,866,16419,203
2021-03-03,Marin,041,260295,13311,13216,172,13388,214
2021-03-03,Mariposa,043,17540,377,376,5,381,4
2021-03-03,Mendocino,045,87422,3656,3564,70,3634,42
2021-03-03,Merced,047,269075,28720,28625,913,29538,393
2021-03-03,Modoc,049,8938,346,333,117,450,3
2021-03-03,Mono,051,14174,1182,1191,13,1204,3
2021-03-03,Monterey,053,433212,41990,41731,1761,43492,325
2021-03-03,Napa,055,140530,9132,9090,32,9122,72
2021-03-03,Nevada,057,99092,4071,4009,166,4175,66
2021-03-03,Orange,059,3164182,247618,246120,10621,256741,4072
2021-03-03,Placer,061,380077,20725,19851,1171,21022,239
2021-03-03,Plumas,063,18699,643,631,11,642,4
2021-03-03,Riverside,065,2383286,284316,279626,14017,293643,3735
2021-03-03,Sacramento,067,1510023,95226,93819,1304,95123,1419
2021-03-03,San Benito,069,59416,5768,5774,95,5869,61
2021-03-03,San Bernardino,071,2135413,286167,282138,9013,291151,3664
2021-03-03,San Diego,073,3302833,265205,261350,12981,274331,3342
2021-03-03,San Francisco,075,870044,34379,34443,1173,35616,426
2021-03-03,San Joaquin,077,732212,67198,65855,2955,68810,1115
2021-03-03,San Luis Obispo,079,281455,19699,19479,588,20067,241
2021-03-03,San Mateo,081,765935,39805,39189,423,39612,319
2021-03-03,Santa Barbara,083,443738,32647,32027,1157,33184,421
2021-03-03,Santa Clara,085,1922200,110951,110991,614,111605,1720
2021-03-03,Santa Cruz,087,273765,15446,14645,846,15491,185
2021-03-03,Shasta,089,179085,11014,11023,1287,12310,150
2021-03-03,Sierra,091,2930,49,48,14,62,0
2021-03-03,Siskiyou,093,43540,1507,1424,255,1679,5
2021-03-03,Solano,095,438530,30040,29866,377,30243,167
2021-03-03,Sonoma,097,501317,28290,28307,223,28530,279
2021-03-03,Stanislaus,099,539301,50892,50438,5619,56057,730
2021-03-03,Sutter,101,95872,8916,8840,86,8926,99
2021-03-03,Tehama,103,63373,4601,4601,515,5116,32
2021-03-03,Trinity,105,12862,393,302,62,364,3
2021-03-03,Tulare,107,460477,47997,47348,8599,55947,778
2021-03-03,Tuolumne,109,53932,3915,3914,32,3946,56
2021-03-03,Ventura,111,848112,78115,78057,2896,80953,822
2021-03-03,Yolo,113,214977,12971,12890,235,13125,189
2021-03-03,Yuba,115,75493,5530,5479,90,5569,41
2021-03-02,Alameda,001,1643700,81360,80904,1817,82721,1116
2021-03-02,Alpine,003,1148,83,77,0,77,0
2021-03-02,Amador,005,37829,3493,3474,32,3506,42
2021-03-02,Butte,007,227075,11354,11007,1697,12704,182
2021-03-02,Calaveras,009,45235,1925,1890,12,1902,48
2021-03-02,Colusa,011,21464,1875,1872,272,2144,11
2021-03-02,Contra Costa,013,1133247,63589,62557,1131,63688,694
2021-03-02,Del Norte,015,27424,1007,983,5,988,5
2021-03-02,El Dorado,017,186661,9158,9116,630,9746,98
2021-03-02,Fresno,019,978130,96507,95785,8057,103842,1410
2021-03-02,Glenn,021,27897,2249,2232,512,2744,15
2021-03-02,Humboldt,023,135768,3227,3184,21,3205,30
2021-03-02,Imperial,025,180216,27185,26926,2648,29574,637
2021-03-02,Inyo,027,18085,1317,1292,2,1294,35
2021-03-02,Kern,029,883053,93527,92313,10232,102545,1046
2021-03-02,Kings,031,150075,22182,21999,1072,23071,217
2021-03-02,Lake,033,64148,3208,3169,6,3175,40
2021-03-02,Lassen,035,31185,5117,5115,100,5215,1
2021-03-02,Los Angeles,037,10098052,1172043,1156826,41372,1198198,21395
2021-03-02,Madera,039,155013,15705,15523,863,16386,194
2021-03-02,Marin,041,260295,13288,13186,171,13357,214
2021-03-02,Mariposa,043,17540,377,376,5,381,4
2021-03-02,Mendocino,045,87422,3653,3562,69,3631,41
2021-03-02,Merced,047,269075,28663,28598,913,29511,389
2021-03-02,Modoc,049,8938,346,332,117,449,3
2021-03-02,Mono,051,14174,1181,1191,13,1204,3
2021-03-02,Monterey,053,433212,41963,41716,1759,43475,325
2021-03-02,Napa,055,140530,9120,9080,32,9112,71
2021-03-02,Nevada,057,99092,4062,3983,164,4147,66
2021-03-02,Orange,059,3164182,247472,246004,10605,256609,4037
2021-03-02,Placer,061,380077,20671,19828,1168,20996,239
2021-03-02,Plumas,063,18699,641,628,11,639,4
2021-03-02,Riverside,065,2383286,284150,279486,14009,293495,3721
2021-03-02,Sacramento,067,1510023,95059,93690,1303,94993,1411
2021-03-02,San Benito,069,59416,5761,5770,95,5865,60
2021-03-02,San Bernardino,071,2135413,286035,281919,9006,290925,3604
2021-03-02,San Diego,073,3302833,264961,260998,12959,273957,3317
2021-03-02,San Francisco,075,870044,34338,34387,1169,35556,424
2021-03-02,San Joaquin,077,732212,67091,65769,2935,68704,1111
2021-03-02,San Luis Obispo,079,281455,19667,19452,587,20039,241
2021-03-02,San Mateo,081,765935,39753,39148,422,39570,317
2021-03-02,Santa Barbara,083,443738,32599,31964,1153,33117,416
2021-03-02,Santa Clara,085,1922200,110773,110832,613,111445,1706
2021-03-02,Santa Cruz,087,273765,15432,14611,844,15455,185
2021-03-02,Shasta,089,179085,11000,11012,1276,12288,149
2021-03-02,Sierra,091,2930,49,48,14,62,0
2021-03-02,Siskiyou,093,43540,1503,1412,253,1665,5
2021-03-02,Solano,095,438530,30007,29827,375,30202,167
2021-03-02,Sonoma,097,501317,28235,28261,223,28484,279
2021-03-02,Stanislaus,099,539301,50805,50359,5605,55964,724
2021-03-02,Sutter,101,95872,8907,8832,86,8918,99
2021-03-02,Tehama,103,63373,4599,4597,515,5112,32
2021-03-02,Trinity,105,12862,393,301,62,363,3
2021-03-02,Tulare,107,460477,47940,47326,8574,55900,783
2021-03-02,Tuolumne,109,53932,3911,3908,32,3940,53
2021-03-02,Ventura,111,848112,78024,77952,2892,80844,780
2021-03-02,Yolo,113,214977,12954,12867,235,13102,189
2021-03-02,Yuba,115,75493,5522,5475,90,5565,41
2021-03-01,Alameda,001,1643700,81234,80805,1815,82620,1105
2021-03-01,Alpine,003,1148,81,77,0,77,0
2021-03-01,Amador,005,37829,3490,3469,32,3501,42
2021-03-01,Butte,007,227075,11338,10981,1692,12673,180
2021-03-01,Calaveras,009,45235,1922,1885,12,1897,46
2021-03-01,Colusa,011,21464,1874,1871,272,2143,11
2021-03-01,Contra Costa,013,1133247,63479,62458,1130,63588,694
2021-03-01,Del Norte,015,27424,1002,982,5,987,5
2021-03-01,El Dorado,017,186661,9134,9085,630,9715,98
2021-03-01,Fresno,019,978130,96369,95677,8035,103712,1405
2021-03-01,Glenn,021,27897,2244,2232,511,2743,15
2021-03-01,Humboldt,023,135768,3208,3179,21,3200,30
2021-03-01,Imperial,025,180216,27175,26913,2640,29553,636
2021-03-01,Inyo,027,18085,1314,1285,2,1287,35
2021-03-01,Kern,029,883053,93439,92219,10205,102424,1041
2021-03-01,Kings,031,150075,22165,21988,1066,23054,217
2021-03-01,Lake,033,64148,3203,3164,6,3170,40
2021-03-01,Lassen,035,31185,5115,5111,100,5211,1
2021-03-01,Los Angeles,037,10098052,1171388,1155984,41328,1197312,21293
2021-03-01,Madera,039,155013,15676,15505,852,16357,194
2021-03-01,Marin,041,260295,13262,13161,170,13331,214
2021-03-01,Mariposa,043,17540,377,375,5,380,4
2021-03-01,Mendocino,045,87422,3646,3561,69,3630,41
2021-03-01,Merced,047,269075,28618,28575,909,29484,385
2021-03-01,Modoc,049,8938,343,331,116,447,3
2021-03-01,Mono,051,14174,1180,1192,13,1205,3
2021-03-01,Monterey,053,433212,41938,41697,1757,43454,324
2021-03-01,Napa,055,140530,9111,9056,32,9088,70
2021-03-01,Nevada,057,99092,4043,3979,164,4143,66
2021-03-01,Orange,059,3164182,247280,245852,10590,256442,3976
2021-03-01,Placer,061,380077,20633,19803,1165,20968,239
2021-03-01,Plumas,063,18699,641,628,11,639,4
2021-03-01,Riverside,065,2383286,283935,279323,14001,293324,3680
2021-03-01,Sacramento,067,1510023,94914,93546,1301,94847,1401
2021-03-01,San Benito,069,59416,5756,5772,95,5867,57
2021-03-01,San Bernardino,071,2135413,285891,281685,9002,290687,3603
2021-03-01,San Diego,073,3302833,264643,260622,12926,273548,3303
2021-03-01,San Francisco,075,870044,34294,34318,1161,35479,424
2021-03-01,San Joaquin,077,732212,66984,65699,2922,68621,1097
2021-03-01,San Luis Obispo,079,281455,19645,19429,585,20014,239
2021-03-01,San Mateo,081,765935,39701,39096,421,39517,314
2021-03-01,Santa Barbara,083,443738,32557,31909,1152,33061,413
2021-03-01,Santa Clara,085,1922200,110615,110684,610,111294,1704
2021-03-01,Santa Cruz,087,273765,15413,14575,843,15418,185
2021-03-01,Shasta,089,179085,10988,10990,1273,12263,149
2021-03-01,Sierra,091,2930,49,48,14,62,0
2021-03-01,Siskiyou,093,43540,1499,1408,251,1659,5
2021-03-01,Solano,095,438530,29964,29779,374,30153,166
2021-03-01,Sonoma,097,501317,28187,28222,221,28443,278
2021-03-01,Stanislaus,099,539301,50730,50293,5599,55892,722
2021-03-01,Sutter,101,95872,8895,8825,86,8911,99
2021-03-01,Tehama,103,63373,4595,4595,515,5110,32
2021-03-01,Trinity,105,12862,393,298,61,359,3
2021-03-01,Tulare,107,460477,47903,47275,8539,55814,781
2021-03-01,Tuolumne,109,53932,3908,3907,32,3939,53
2021-03-01,Ventura,111,848112,77942,77849,2891,80740,775
2021-03-01,Yolo,113,214977,12937,12854,233,13087,188
2021-03-01,Yuba,115,75493,5510,5466,90,5556,41
2021-02-28,Alameda,001,1643700,81111,80727,1813,82540,1105
2021-02-28,Alpine,003,1148,81,77,0,77,0
2021-02-28,Amador,005,37829,3485,3466,31,3497,42
2021-02-28,Butte,007,227075,11323,10970,1692,12662,180
2021-02-28,Calaveras,009,45235,1917,1881,12,1893,46
2021-02-28,Colusa,011,21464,1874,1871,271,2142,11
2021-02-28,Contra Costa,013,1133247,63352,62386,1125,63511,694
2021-02-28,Del Norte,015,27424,1000,981,5,986,5
2021-02-28,El Dorado,017,186661,9123,9082,630,9712,98
2021-02-28,Fresno,019,978130,96190,95548,8001,103549,1405
2021-02-28,Glenn,021,27897,2242,2230,509,2739,15
2021-02-28,Humboldt,023,135768,3185,3179,21,3200,30
2021-02-28,Imperial,025,180216,27149,26909,2633,29542,636
2021-02-28,Inyo,027,18085,1309,1282,2,1284,35
2021-02-28,Kern,029,883053,93325,92169,10183,102352,1012
2021-02-28,Kings,031,150075,22144,21967,1065,23032,217
2021-02-28,Lake,033,64148,3198,3164,6,3170,40
2021-02-28,Lassen,035,31185,5114,5106,100,5206,1
2021-02-28,Los Angeles,037,10098052,1170608,1155141,41264,1196405,21261
2021-02-28,Madera,039,155013,15634,15496,849,16345,199
2021-02-28,Marin,041,260295,13239,13152,168,13320,214
2021-02-28,Mariposa,043,17540,377,374,5,379,4
2021-02-28,Mendocino,045,87422,3640,3558,69,3627,41
2021-02-28,Merced,047,269075,28555,28546,908,29454,384
2021-02-28,Modoc,049,8938,343,331,116,447,3
2021-02-28,Mono,051,14174,1177,1192,13,1205,3
2021-02-28,Monterey,053,433212,41906,41683,1756,43439,323
2021-02-28,Napa,055,140530,9092,9053,32,9085,70
2021-02-28,Nevada,057,99092,4030,3972,164,4136,66
2021-02-28,Orange,059,3164182,247081,245706,10582,256288,3970
2021-02-28,Placer,061,380077,20586,19775,1163,20938,239
2021-02-28,Plumas,063,18699,641,628,11,639,4
2021-02-28,Riverside,065,2383286,283715,279214,13990,293204,3661
2021-02-28,Sacramento,067,1510023,94730,93463,1296,94759,1398
2021-02-28,San Benito,069,59416,5745,5772,95,5867,57
2021-02-28,San Bernardino,071,2135413,285755,281620,8989,290609,3595
2021-02-28,San Diego,073,3302833,264347,260353,12892,273245,3303
2021-02-28,San Francisco,075,870044,34253,34291,1154,35445,417
2021-02-28,San Joaquin,077,732212,66876,65662,2913,68575,1097
2021-02-28,San Luis Obispo,079,281455,19610,19422,582,20004,237
2021-02-28,San Mateo,081,765935,39648,39059,420,39479,314
2021-02-28,Santa Barbara,083,443738,32505,31877,1152,33029,413
2021-02-28,Santa Clara,085,1922200,110417,110556,607,111163,1704
2021-02-28,Santa Cruz,087,273765,15384,14571,840,15411,185
2021-02-28,Shasta,089,179085,10967,10990,1269,12259,149
2021-02-28,Sierra,091,2930,49,48,14,62,0
2021-02-28,Siskiyou,093,43540,1491,1408,250,1658,5
2021-02-28,Solano,095,438530,29908,29758,369,30127,166
2021-02-28,Sonoma,097,501317,28124,28193,220,28413,279
2021-02-28,Stanislaus,099,539301,50640,50228,5585,55813,728
2021-02-28,Sutter,101,95872,8880,8825,86,8911,99
2021-02-28,Tehama,103,63373,4588,4590,515,5105,32
2021-02-28,Trinity,105,12862,393,298,61,359,3
2021-02-28,Tulare,107,460477,47841,47258,8508,55766,780
2021-02-28,Tuolumne,109,53932,3903,3905,32,3937,53
2021-02-28,Ventura,111,848112,77831,77749,2888,80637,775
2021-02-28,Yolo,113,214977,12915,12851,233,13084,188
2021-02-28,Yuba,115,75493,5500,5461,90,5551,41
2021-02-27,Alameda,001,1643700,81037,80565,1811,82376,1108
2021-02-27,Alpine,003,1148,81,77,0,77,0
2021-02-27,Amador,005,37829,3483,3463,31,3494,42
2021-02-27,Butte,007,227075,11311,10962,1692,12654,180
2021-02-27,Calaveras,009,45235,1912,1875,12,1887,46
2021-02-27,Colusa,011,21464,1873,1869,271,2140,11
2021-02-27,Contra Costa,013,1133247,63281,62248,1122,63370,693
2021-02-27,Del Norte,015,27424,998,978,5,983,5
2021-02-27,El Dorado,017,186661,9119,9072,630,9702,98
2021-02-27,Fresno,019,978130,96117,95393,7987,103380,1400
2021-02-27,Glenn,021,27897,2242,2225,508,2733,15
2021-02-27,Humboldt,023,135768,3179,3167,21,3188,30
2021-02-27,Imperial,025,180216,27141,26903,2632,29535,633
2021-02-27,Inyo,027,18085,1306,1275,2,1277,35
2021-02-27,Kern,029,883053,93264,92053,10168,102221,996
2021-02-27,Kings,031,150075,22134,21955,1062,23017,216
2021-02-27,Lake,033,64148,3195,3156,6,3162,40
2021-02-27,Lassen,035,31185,5114,5106,100,5206,1
2021-02-27,Los Angeles,037,10098052,1170116,1154275,41234,1195509,21158
2021-02-27,Madera,039,155013,15617,15467,848,16315,199
2021-02-27,Marin,041,260295,13215,13134,168,13302,214
2021-02-27,Mariposa,043,17540,377,374,5,379,4
2021-02-27,Mendocino,045,87422,3637,3555,69,3624,41
2021-02-27,Merced,047,269075,28514,28501,899,29400,384
2021-02-27,Modoc,049,8938,343,331,115,446,3
2021-02-27,Mono,051,14174,1175,1191,13,1204,3
2021-02-27,Monterey,053,433212,41897,41665,1756,43421,322
2021-02-27,Napa,055,140530,9081,9038,32,9070,71
2021-02-27,Nevada,057,99092,4024,3960,164,4124,66
2021-02-27,Orange,059,3164182,246955,245542,10570,256112,3960
2021-02-27,Placer,061,380077,20550,19726,1160,20886,239
2021-02-27,Plumas,063,18699,641,628,11,639,4
2021-02-27,Riverside,065,2383286,283606,279048,13980,293028,3663
2021-02-27,Sacramento,067,1510023,94648,93281,1285,94566,1396
2021-02-27,San Benito,069,59416,5744,5767,94,5861,57
2021-02-27,San Bernardino,071,2135413,285676,281471,8982,290453,3527
2021-02-27,San Diego,073,3302833,264158,260091,12854,272945,3284
2021-02-27,San Francisco,075,870044,34220,34260,1151,35411,413
2021-02-27,San Joaquin,077,732212,66830,65578,2911,68489,1100
2021-02-27,San Luis Obispo,079,281455,19589,19411,581,19992,237
2021-02-27,San Mateo,081,765935,39607,38998,419,39417,313
2021-02-27,Santa Barbara,083,443738,32471,31805,1151,32956,411
2021-02-27,Santa Clara,085,1922200,110270,110361,605,110966,1703
2021-02-27,Santa Cruz,087,273765,15375,14552,839,15391,185
2021-02-27,Shasta,089,179085,10961,10985,1265,12250,149
2021-02-27,Sierra,091,2930,49,48,14,62,0
2021-02-27,Siskiyou,093,43540,1489,1407,249,1656,5
2021-02-27,Solano,095,438530,29880,29718,368,30086,165
2021-02-27,Sonoma,097,501317,28080,28141,214,28355,281
2021-02-27,Stanislaus,099,539301,50585,50147,5575,55722,733
2021-02-27,Sutter,101,95872,8875,8820,86,8906,99
2021-02-27,Tehama,103,63373,4585,4584,515,5099,32
2021-02-27,Trinity,105,12862,393,298,61,359,3
2021-02-27,Tulare,107,460477,47805,47209,8481,55690,770
2021-02-27,Tuolumne,109,53932,3900,3899,32,3931,53
2021-02-27,Ventura,111,848112,77759,77623,2885,80508,771
2021-02-27,Yolo,113,214977,12903,12834,233,13067,188
2021-02-27,Yuba,115,75493,5497,5450,90,5540,39
2021-02-26,Alameda,001,1643700,80941,80387,1806,82193,1106
2021-02-26,Alpine,003,1148,81,77,0,77,0
2021-02-26,Amador,005,37829,3477,3457,31,3488,42
2021-02-26,Butte,007,227075,11301,10941,1691,12632,180
2021-02-26,Calaveras,009,45235,1909,1873,12,1885,46
2021-02-26,Colusa,011,21464,1873,1865,271,2136,11
2021-02-26,Contra Costa,013,1133247,63199,62114,1122,63236,685
2021-02-26,Del Norte,015,27424,994,968,5,973,5
2021-02-26,El Dorado,017,186661,9114,9038,628,9666,98
2021-02-26,Fresno,019,978130,96014,95202,7979,103181,1391
2021-02-26,Glenn,021,27897,2239,2220,508,2728,15
2021-02-26,Humboldt,023,135768,3173,3152,21,3173,30
2021-02-26,Imperial,025,180216,27133,26888,2630,29518,631
2021-02-26,Inyo,027,18085,1304,1271,2,1273,34
2021-02-26,Kern,029,883053,93185,91884,10152,102036,997
2021-02-26,Kings,031,150075,22118,21917,1059,22976,216
2021-02-26,Lake,033,64148,3190,3153,6,3159,40
2021-02-26,Lassen,035,31185,5114,5102,100,5202,1
2021-02-26,Los Angeles,037,10098052,1169548,1153131,41171,1194302,21070
2021-02-26,Madera,039,155013,15601,15436,846,16282,199
2021-02-26,Marin,041,260295,13201,13091,168,13259,214
2021-02-26,Mariposa,043,17540,377,375,5,380,4
2021-02-26,Mendocino,045,87422,3632,3549,69,3618,41
2021-02-26,Merced,047,269075,28481,28455,898,29353,382
2021-02-26,Modoc,049,8938,342,330,115,445,3
2021-02-26,Mono,051,14174,1173,1191,13,1204,3
2021-02-26,Monterey,053,433212,41871,41607,1756,43363,322
2021-02-26,Napa,055,140530,9075,9014,32,9046,70
2021-02-26,Nevada,057,99092,4013,3952,164,4116,66
2021-02-26,Orange,059,3164182,246815,245278,10560,255838,3918
2021-02-26,Placer,061,380077,20524,19712,1154,20866,239
2021-02-26,Plumas,063,18699,641,628,11,639,4
2021-02-26,Riverside,065,2383286,283462,278772,13974,292746,3653
2021-02-26,Sacramento,067,1510023,94525,93180,1282,94462,1390
2021-02-26,San Benito,069,59416,5743,5759,94,5853,57
2021-02-26,San Bernardino,071,2135413,285577,281132,8980,290112,3461
2021-02-26,San Diego,073,3302833,263931,259641,12833,272474,3271
2021-02-26,San Francisco,075,870044,34190,34213,1146,35359,413
2021-02-26,San Joaquin,077,732212,66749,65492,2905,68397,1070
2021-02-26,San Luis Obispo,079,281455,19573,19359,579,19938,234
2021-02-26,San Mateo,081,765935,39561,38922,419,39341,313
2021-02-26,Santa Barbara,083,443738,32428,31724,1150,32874,410
2021-02-26,Santa Clara,085,1922200,110140,110168,603,110771,1700
2021-02-26,Santa Cruz,087,273765,15363,14528,838,15366,185
2021-02-26,Shasta,089,179085,10955,10972,1255,12227,149
2021-02-26,Sierra,091,2930,49,47,14,61,0
2021-02-26,Siskiyou,093,43540,1489,1401,249,1650,5
2021-02-26,Solano,095,438530,29846,29651,367,30018,165
2021-02-26,Sonoma,097,501317,28051,28063,213,28276,280
2021-02-26,Stanislaus,099,539301,50529,50054,5567,55621,737
2021-02-26,Sutter,101,95872,8866,8806,86,8892,99
2021-02-26,Tehama,103,63373,4583,4581,515,5096,32
2021-02-26,Trinity,105,12862,392,298,61,359,3
2021-02-26,Tulare,107,460477,47770,47135,8451,55586,770
2021-02-26,Tuolumne,109,53932,3899,3896,32,3928,53
2021-02-26,Ventura,111,848112,77659,77534,2883,80417,765
2021-02-26,Yolo,113,214977,12896,12816,233,13049,188
2021-02-26,Yuba,115,75493,5492,5438,90,5528,39
2021-02-25,Alameda,001,1643700,80820,80181,1805,81986,1093
2021-02-25,Alpine,003,1148,81,77,0,77,0
2021-02-25,Amador,005,37829,3474,3448,31,3479,41
2021-02-25,Butte,007,227075,11280,10922,1686,12608,178
2021-02-25,Calaveras,009,45235,1901,1868,12,1880,46
2021-02-25,Colusa,011,21464,1870,1863,270,2133,11
2021-02-25,Contra Costa,013,1133247,63097,61910,1122,63032,686
2021-02-25,Del Norte,015,27424,984,966,5,971,5
2021-02-25,El Dorado,017,186661,9098,9012,628,9640,98
2021-02-25,Fresno,019,978130,95870,95015,7957,102972,1377
2021-02-25,Glenn,021,27897,2236,2219,507,2726,15
2021-02-25,Humboldt,023,135768,3166,3129,21,3150,30
2021-02-25,Imperial,025,180216,27127,26855,2626,29481,628
2021-02-25,Inyo,027,18085,1298,1264,2,1266,33
2021-02-25,Kern,029,883053,93070,91735,10126,101861,992
2021-02-25,Kings,031,150075,22109,21900,1056,22956,216
2021-02-25,Lake,033,64148,3181,3141,6,3147,40
2021-02-25,Lassen,035,31185,5113,5097,99,5196,1
2021-02-25,Los Angeles,037,10098052,1168811,1151846,41111,1192957,20931
2021-02-25,Madera,039,155013,15566,15414,842,16256,194
2021-02-25,Marin,041,260295,13177,13067,168,13235,214
2021-02-25,Mariposa,043,17540,377,375,5,380,4
2021-02-25,Mendocino,045,87422,3627,3542,69,3611,41
2021-02-25,Merced,047,269075,28431,28383,897,29280,382
2021-02-25,Modoc,049,8938,342,329,115,444,3
2021-02-25,Mono,051,14174,1172,1190,13,1203,3
2021-02-25,Monterey,053,433212,41846,41564,1751,43315,321
2021-02-25,Napa,055,140530,9049,8998,32,9030,70
2021-02-25,Nevada,057,99092,3996,3940,163,4103,66
2021-02-25,Orange,059,3164182,246641,245000,10550,255550,3882
2021-02-25,Placer,061,380077,20483,19661,1152,20813,239
2021-02-25,Plumas,063,18699,641,626,11,637,4
2021-02-25,Riverside,065,2383286,283277,278544,13950,292494,3646
2021-02-25,Sacramento,067,1510023,94368,92961,1269,94230,1386
2021-02-25,San Benito,069,59416,5738,5752,94,5846,58
2021-02-25,San Bernardino,071,2135413,285445,280946,8970,289916,3409
2021-02-25,San Diego,073,3302833,263637,258979,12803,271782,3260
2021-02-25,San Francisco,075,870044,34148,34138,1143,35281,408
2021-02-25,San Joaquin,077,732212,66665,65389,2893,68282,1047
2021-02-25,San Luis Obispo,079,281455,19552,19335,577,19912,234
2021-02-25,San Mateo,081,765935,39515,38872,419,39291,300
2021-02-25,Santa Barbara,083,443738,32352,31631,1149,32780,408
2021-02-25,Santa Clara,085,1922200,109976,109923,602,110525,1677
2021-02-25,Santa Cruz,087,273765,15345,14492,836,15328,185
2021-02-25,Shasta,089,179085,10943,10947,1250,12197,148
2021-02-25,Sierra,091,2930,49,47,14,61,0
2021-02-25,Siskiyou,093,43540,1485,1390,246,1636,4
2021-02-25,Solano,095,438530,29814,29616,367,29983,161
2021-02-25,Sonoma,097,501317,27997,28004,210,28214,278
2021-02-25,Stanislaus,099,539301,50440,49964,5556,55520,738
2021-02-25,Sutter,101,95872,8852,8789,85,8874,99
2021-02-25,Tehama,103,63373,4579,4578,513,5091,32
2021-02-25,Trinity,105,12862,392,297,61,358,3
2021-02-25,Tulare,107,460477,47722,47052,8423,55475,765
2021-02-25,Tuolumne,109,53932,3896,3894,32,3926,53
2021-02-25,Ventura,111,848112,77554,77395,2877,80272,751
2021-02-25,Yolo,113,214977,12879,12787,233,13020,188
2021-02-25,Yuba,115,75493,5484,5429,90,5519,39
2021-02-24,Alameda,001,1643700,80698,80070,1801,81871,1082
2021-02-24,Alpine,003,1148,80,77,0,77,0
2021-02-24,Amador,005,37829,3469,3444,31,3475,41
2021-02-24,Butte,007,227075,11268,10915,1682,12597,178
2021-02-24,Calaveras,009,45235,1899,1864,12,1876,31
2021-02-24,Colusa,011,21464,1868,1863,270,2133,11
2021-02-24,Contra Costa,013,1133247,62989,61776,1122,62898,663
2021-02-24,Del Norte,015,27424,983,960,4,964,5
2021-02-24,El Dorado,017,186661,9086,8993,628,9621,98
2021-02-24,Fresno,019,978130,95724,94794,7940,102734,1369
2021-02-24,Glenn,021,27897,2234,2210,507,2717,14
2021-02-24,Humboldt,023,135768,3154,3123,21,3144,29
2021-02-24,Imperial,025,180216,27112,26843,2622,29465,596
2021-02-24,Inyo,027,18085,1293,1253,2,1255,32
2021-02-24,Kern,029,883053,92937,91525,10110,101635,992
2021-02-24,Kings,031,150075,22086,21871,1052,22923,216
2021-02-24,Lake,033,64148,3174,3134,6,3140,40
2021-02-24,Lassen,035,31185,5109,5095,98,5193,1
2021-02-24,Los Angeles,037,10098052,1168057,1150322,41061,1191383,20817
2021-02-24,Madera,039,155013,15539,15390,842,16232,194
2021-02-24,Marin,041,260295,13154,13044,167,13211,214
2021-02-24,Mariposa,043,17540,377,374,5,379,4
2021-02-24,Mendocino,045,87422,3620,3540,69,3609,41
2021-02-24,Merced,047,269075,28392,28295,894,29189,383
2021-02-24,Modoc,049,8938,341,329,115,444,3
2021-02-24,Mono,051,14174,1170,1189,13,1202,3
2021-02-24,Monterey,053,433212,41820,41495,1749,43244,320
2021-02-24,Napa,055,140530,9032,8976,31,9007,70
2021-02-24,Nevada,057,99092,3986,3927,163,4090,66
2021-02-24,Orange,059,3164182,246424,244743,10536,255279,3835
2021-02-24,Placer,061,380077,20445,19648,1146,20794,239
2021-02-24,Plumas,063,18699,639,626,11,637,4
2021-02-24,Riverside,065,2383286,283056,278293,13940,292233,3603
2021-02-24,Sacramento,067,1510023,94214,92742,1264,94006,1375
2021-02-24,San Benito,069,59416,5737,5743,94,5837,57
2021-02-24,San Bernardino,071,2135413,285295,280583,8966,289549,3360
2021-02-24,San Diego,073,3302833,263344,258460,12787,271247,3230
2021-02-24,San Francisco,075,870044,34103,34061,1139,35200,406
2021-02-24,San Joaquin,077,732212,66555,65274,2890,68164,1019
2021-02-24,San Luis Obispo,079,281455,19529,19309,575,19884,233
2021-02-24,San Mateo,081,765935,39478,38763,418,39181,300
2021-02-24,Santa Barbara,083,443738,32301,31563,1146,32709,405
2021-02-24,Santa Clara,085,1922200,109825,109671,601,110272,1674
2021-02-24,Santa Cruz,087,273765,15324,14458,836,15294,185
2021-02-24,Shasta,089,179085,10928,10922,1247,12169,148
2021-02-24,Sierra,091,2930,49,47,14,61,0
2021-02-24,Siskiyou,093,43540,1478,1385,242,1627,4
2021-02-24,Solano,095,438530,29775,29577,364,29941,158
2021-02-24,Sonoma,097,501317,27933,27954,206,28160,278
2021-02-24,Stanislaus,099,539301,50371,49851,5547,55398,732
2021-02-24,Sutter,101,95872,8842,8778,85,8863,99
2021-02-24,Tehama,103,63373,4575,4566,513,5079,31
2021-02-24,Trinity,105,12862,392,294,60,354,3
2021-02-24,Tulare,107,460477,47668,46976,8393,55369,759
2021-02-24,Tuolumne,109,53932,3893,3887,32,3919,53
2021-02-24,Ventura,111,848112,77446,77238,2875,80113,718
2021-02-24,Yolo,113,214977,12866,12760,229,12989,188
2021-02-24,Yuba,115,75493,5473,5425,88,5513,39
2021-02-23,Alameda,001,1643700,80559,79948,1798,81746,1070
2021-02-23,Alpine,003,1148,79,77,0,77,0
2021-02-23,Amador,005,37829,3467,3440,31,3471,41
2021-02-23,Butte,007,227075,11253,10887,1678,12565,176
2021-02-23,Calaveras,009,45235,1898,1863,12,1875,21
2021-02-23,Colusa,011,21464,1865,1862,270,2132,11
2021-02-23,Contra Costa,013,1133247,62855,61613,1120,62733,661
2021-02-23,Del Norte,015,27424,981,953,4,957,3
2021-02-23,El Dorado,017,186661,9073,8969,628,9597,96
2021-02-23,Fresno,019,978130,95563,94741,7926,102667,1356
2021-02-23,Glenn,021,27897,2232,2209,507,2716,14
2021-02-23,Humboldt,023,135768,3137,3108,21,3129,29
2021-02-23,Imperial,025,180216,27092,26816,2617,29433,591
2021-02-23,Inyo,027,18085,1289,1250,2,1252,32
2021-02-23,Kern,029,883053,92800,91390,10081,101471,982
2021-02-23,Kings,031,150075,22071,21839,1048,22887,216
2021-02-23,Lake,033,64148,3166,3121,6,3127,40
2021-02-23,Lassen,035,31185,5106,5092,98,5190,1
2021-02-23,Los Angeles,037,10098052,1167194,1148965,41004,1189969,19887
2021-02-23,Madera,039,155013,15525,15352,836,16188,193
2021-02-23,Marin,041,260295,13134,13015,166,13181,214
2021-02-23,Mariposa,043,17540,377,374,5,379,4
2021-02-23,Mendocino,045,87422,3618,3540,68,3608,41
2021-02-23,Merced,047,269075,28304,28209,893,29102,381
2021-02-23,Modoc,049,8938,340,328,114,442,3
2021-02-23,Mono,051,14174,1170,1189,13,1202,3
2021-02-23,Monterey,053,433212,41779,41439,1743,43182,317
2021-02-23,Napa,055,140530,9020,8967,31,8998,70
2021-02-23,Nevada,057,99092,3978,3912,163,4075,66
2021-02-23,Orange,059,3164182,246228,244566,10516,255082,3843
2021-02-23,Placer,061,380077,20419,19608,1142,20750,238
2021-02-23,Plumas,063,18699,638,626,11,637,4
2021-02-23,Riverside,065,2383286,282824,278075,13927,292002,3599
2021-02-23,Sacramento,067,1510023,94057,92632,1258,93890,1370
2021-02-23,San Benito,069,59416,5731,5731,93,5824,57
2021-02-23,San Bernardino,071,2135413,285107,280279,8959,289238,3283
2021-02-23,San Diego,073,3302833,262969,257802,12757,270559,3218
2021-02-23,San Francisco,075,870044,34054,33994,1138,35132,405
2021-02-23,San Joaquin,077,732212,66457,65141,2882,68023,1004
2021-02-23,San Luis Obispo,079,281455,19500,19233,574,19807,230
2021-02-23,San Mateo,081,765935,39417,38662,418,39080,299
2021-02-23,Santa Barbara,083,443738,32248,31483,1144,32627,402
2021-02-23,Santa Clara,085,1922200,109629,109449,597,110046,1661
2021-02-23,Santa Cruz,087,273765,15297,14435,832,15267,178
2021-02-23,Shasta,089,179085,10916,10903,1243,12146,146
2021-02-23,Sierra,091,2930,49,47,14,61,0
2021-02-23,Siskiyou,093,43540,1473,1380,240,1620,4
2021-02-23,Solano,095,438530,29735,29545,361,29906,154
2021-02-23,Sonoma,097,501317,27890,27882,203,28085,278
2021-02-23,Stanislaus,099,539301,50295,49749,5529,55278,722
2021-02-23,Sutter,101,95872,8829,8766,85,8851,98
2021-02-23,Tehama,103,63373,4571,4556,512,5068,30
2021-02-23,Trinity,105,12862,392,292,59,351,3
2021-02-23,Tulare,107,460477,47589,46937,8357,55294,757
2021-02-23,Tuolumne,109,53932,3889,3864,32,3896,53
2021-02-23,Ventura,111,848112,77330,77093,2866,79959,689
2021-02-23,Yolo,113,214977,12837,12729,229,12958,188
2021-02-23,Yuba,115,75493,5460,5417,87,5504,38
2021-02-22,Alameda,001,1643700,80408,79796,1795,81591,1062
2021-02-22,Alpine,003,1148,79,77,0,77,0
2021-02-22,Amador,005,37829,3462,3438,31,3469,39
2021-02-22,Butte,007,227075,11241,10855,1672,12527,176
2021-02-22,Calaveras,009,45235,1896,1862,12,1874,21
2021-02-22,Colusa,011,21464,1865,1860,270,2130,11
2021-02-22,Contra Costa,013,1133247,62720,61478,1118,62596,661
2021-02-22,Del Norte,015,27424,980,948,4,952,3
2021-02-22,El Dorado,017,186661,9056,8940,628,9568,96
2021-02-22,Fresno,019,978130,95402,94584,7909,102493,1351
2021-02-22,Glenn,021,27897,2226,2207,505,2712,14
2021-02-22,Humboldt,023,135768,3125,3095,21,3116,29
2021-02-22,Imperial,025,180216,27069,26778,2609,29387,590
2021-02-22,Inyo,027,18085,1284,1248,2,1250,32
2021-02-22,Kern,029,883053,92683,91201,10059,101260,982
2021-02-22,Kings,031,150075,22050,21801,1045,22846,214
2021-02-22,Lake,033,64148,3160,3107,6,3113,40
2021-02-22,Lassen,035,31185,5106,5088,97,5185,1
2021-02-22,Los Angeles,037,10098052,1166323,1147541,40946,1188487,19730
2021-02-22,Madera,039,155013,15500,15325,832,16157,193
2021-02-22,Marin,041,260295,13110,12991,163,13154,213
2021-02-22,Mariposa,043,17540,376,374,5,379,4
2021-02-22,Mendocino,045,87422,3612,3535,68,3603,41
2021-02-22,Merced,047,269075,28236,28166,891,29057,379
2021-02-22,Modoc,049,8938,340,329,114,443,3
2021-02-22,Mono,051,14174,1166,1189,13,1202,3
2021-02-22,Monterey,053,433212,41728,41397,1736,43133,311
2021-02-22,Napa,055,140530,8993,8950,31,8981,69
2021-02-22,Nevada,057,99092,3969,3900,161,4061,66
2021-02-22,Orange,059,3164182,245992,244118,10498,254616,3843
2021-02-22,Placer,061,380077,20383,19587,1134,20721,238
2021-02-22,Plumas,063,18699,638,625,11,636,4
2021-02-22,Riverside,065,2383286,282564,277730,13918,291648,3567
2021-02-22,Sacramento,067,1510023,93890,92476,1248,93724,1359
2021-02-22,San Benito,069,59416,5729,5723,93,5816,57
2021-02-22,San Bernardino,071,2135413,284926,279984,8946,288930,3259
2021-02-22,San Diego,073,3302833,262560,257348,12723,270071,3189
2021-02-22,San Francisco,075,870044,33995,33947,1132,35079,405
2021-02-22,San Joaquin,077,732212,66356,65060,2869,67929,1001
2021-02-22,San Luis Obispo,079,281455,19463,19198,572,19770,229
2021-02-22,San Mateo,081,765935,39360,38542,415,38957,282
2021-02-22,Santa Barbara,083,443738,32183,31421,1141,32562,399
2021-02-22,Santa Clara,085,1922200,109418,109213,585,109798,1655
2021-02-22,Santa Cruz,087,273765,15271,14417,832,15249,176
2021-02-22,Shasta,089,179085,10901,10872,1238,12110,145
2021-02-22,Sierra,091,2930,49,47,14,61,0
2021-02-22,Siskiyou,093,43540,1467,1373,239,1612,4
2021-02-22,Solano,095,438530,29696,29508,360,29868,150
2021-02-22,Sonoma,097,501317,27845,27845,202,28047,278
2021-02-22,Stanislaus,099,539301,50192,49630,5508,55138,722
2021-02-22,Sutter,101,95872,8821,8698,85,8783,98
2021-02-22,Tehama,103,63373,4562,4550,512,5062,30
2021-02-22,Trinity,105,12862,392,287,58,345,3
2021-02-22,Tulare,107,460477,47528,46879,8324,55203,751
2021-02-22,Tuolumne,109,53932,3885,3856,32,3888,53
2021-02-22,Ventura,111,848112,77202,76947,2861,79808,677
2021-02-22,Yolo,113,214977,12810,12689,228,12917,183
2021-02-22,Yuba,115,75493,5457,5404,86,5490,38
2021-02-21,Alameda,001,1643700,80210,79649,1790,81439,1061
2021-02-21,Alpine,003,1148,79,77,0,77,0
2021-02-21,Amador,005,37829,3454,3435,31,3466,39
2021-02-21,Butte,007,227075,11218,10855,1670,12525,176
2021-02-21,Calaveras,009,45235,1895,1860,12,1872,21
2021-02-21,Colusa,011,21464,1864,1860,266,2126,11
2021-02-21,Contra Costa,013,1133247,62555,61364,1115,62479,661
2021-02-21,Del Norte,015,27424,974,942,4,946,3
2021-02-21,El Dorado,017,186661,9038,8927,627,9554,96
2021-02-21,Fresno,019,978130,95262,94374,7890,102264,1349
2021-02-21,Glenn,021,27897,2224,2201,503,2704,14
2021-02-21,Humboldt,023,135768,3113,3096,21,3117,29
2021-02-21,Imperial,025,180216,27050,26779,2605,29384,590
2021-02-21,Inyo,027,18085,1278,1232,2,1234,32
2021-02-21,Kern,029,883053,92558,91141,10020,101161,980
2021-02-21,Kings,031,150075,22015,21784,1042,22826,213
2021-02-21,Lake,033,64148,3152,3100,6,3106,40
2021-02-21,Lassen,035,31185,5098,5077,97,5174,1
2021-02-21,Los Angeles,037,10098052,1165297,1146756,40893,1187649,19711
2021-02-21,Madera,039,155013,15467,15298,829,16127,192
2021-02-21,Marin,041,260295,13080,12968,163,13131,212
2021-02-21,Mariposa,043,17540,376,373,5,378,4
2021-02-21,Mendocino,045,87422,3607,3535,68,3603,41
2021-02-21,Merced,047,269075,28146,28106,879,28985,379
2021-02-21,Modoc,049,8938,337,329,114,443,3
2021-02-21,Mono,051,14174,1166,1189,13,1202,3
2021-02-21,Monterey,053,433212,41673,41373,1725,43098,309
2021-02-21,Napa,055,140530,8978,8929,31,8960,69
2021-02-21,Nevada,057,99092,3956,3895,161,4056,66
2021-02-21,Orange,059,3164182,245695,243985,10478,254463,3801
2021-02-21,Placer,061,380077,20347,19553,1130,20683,238
2021-02-21,Plumas,063,18699,638,625,11,636,4
2021-02-21,Riverside,065,2383286,282333,277555,13905,291460,3564
2021-02-21,Sacramento,067,1510023,93680,92288,1235,93523,1354
2021-02-21,San Benito,069,59416,5719,5716,90,5806,57
2021-02-21,San Bernardino,071,2135413,284680,279870,8931,288801,3247
2021-02-21,San Diego,073,3302833,262125,257027,12677,269704,3190
2021-02-21,San Francisco,075,870044,33930,33891,1128,35019,405
2021-02-21,San Joaquin,077,732212,66207,64997,2856,67853,1001
2021-02-21,San Luis Obispo,079,281455,19431,19178,570,19748,229
2021-02-21,San Mateo,081,765935,39299,38448,411,38859,282
2021-02-21,Santa Barbara,083,443738,32121,31374,1138,32512,399
2021-02-21,Santa Clara,085,1922200,109193,108992,575,109567,1654
2021-02-21,Santa Cruz,087,273765,15248,14401,831,15232,176
2021-02-21,Shasta,089,179085,10886,10867,1233,12100,145
2021-02-21,Sierra,091,2930,49,47,14,61,0
2021-02-21,Siskiyou,093,43540,1461,1371,239,1610,4
2021-02-21,Solano,095,438530,29639,29471,359,29830,150
2021-02-21,Sonoma,097,501317,27780,27793,194,27987,278
2021-02-21,Stanislaus,099,539301,50067,49527,5491,55018,726
2021-02-21,Sutter,101,95872,8803,8687,84,8771,97
2021-02-21,Tehama,103,63373,4550,4547,512,5059,30
2021-02-21,Trinity,105,12862,390,286,58,344,3
2021-02-21,Tulare,107,460477,47461,46830,8287,55117,749
2021-02-21,Tuolumne,109,53932,3871,3828,32,3860,53
2021-02-21,Ventura,111,848112,77054,76862,2847,79709,677
2021-02-21,Yolo,113,214977,12779,12670,228,12898,183
2021-02-21,Yuba,115,75493,5449,5396,85,5481,38
2021-02-20,Alameda,001,1643700,80117,79496,1786,81282,1055
2021-02-20,Alpine,003,1148,79,77,0,77,0
2021-02-20,Amador,005,37829,3452,3432,31,3463,39
2021-02-20,Butte,007,227075,11210,10838,1668,12506,176
2021-02-20,Calaveras,009,45235,1894,1858,12,1870,21
2021-02-20,Colusa,011,21464,1863,1858,266,2124,11
2021-02-20,Contra Costa,013,1133247,62466,61205,1113,62318,663
2021-02-20,Del Norte,015,27424,970,937,4,941,3
2021-02-20,El Dorado,017,186661,9028,8911,627,9538,96
2021-02-20,Fresno,019,978130,95179,94234,7872,102106,1341
2021-02-20,Glenn,021,27897,2221,2199,502,2701,14
2021-02-20,Humboldt,023,135768,3105,3073,21,3094,29
2021-02-20,Imperial,025,180216,27042,26771,2605,29376,590
2021-02-20,Inyo,027,18085,1274,1226,2,1228,32
2021-02-20,Kern,029,883053,92487,91025,9986,101011,968
2021-02-20,Kings,031,150075,21997,21773,1041,22814,212
2021-02-20,Lake,033,64148,3145,3089,6,3095,40
2021-02-20,Lassen,035,31185,5096,5067,97,5164,1
2021-02-20,Los Angeles,037,10098052,1164732,1145594,40849,1186443,19630
2021-02-20,Madera,039,155013,15447,15274,828,16102,191
2021-02-20,Marin,041,260295,13059,12945,161,13106,211
2021-02-20,Mariposa,043,17540,376,372,5,377,4
2021-02-20,Mendocino,045,87422,3605,3533,68,3601,40
2021-02-20,Merced,047,269075,28101,28066,877,28943,379
2021-02-20,Modoc,049,8938,337,328,114,442,3
2021-02-20,Mono,051,14174,1165,1187,13,1200,3
2021-02-20,Monterey,053,433212,41653,41313,1723,43036,309
2021-02-20,Napa,055,140530,8969,8910,31,8941,69
2021-02-20,Nevada,057,99092,3946,3887,160,4047,66
2021-02-20,Orange,059,3164182,245529,243761,10462,254223,3755
2021-02-20,Placer,061,380077,20307,19509,1126,20635,236
2021-02-20,Plumas,063,18699,638,626,11,637,4
2021-02-20,Riverside,065,2383286,282181,277267,13893,291160,3559
2021-02-20,Sacramento,067,1510023,93556,92057,1233,93290,1352
2021-02-20,San Benito,069,59416,5707,5709,90,5799,57
2021-02-20,San Bernardino,071,2135413,284579,279608,8926,288534,3203
2021-02-20,San Diego,073,3302833,261883,256510,12648,269158,3188
2021-02-20,San Francisco,075,870044,33888,33820,1119,34939,399
2021-02-20,San Joaquin,077,732212,66135,64916,2851,67767,1001
2021-02-20,San Luis Obispo,079,281455,19408,19138,568,19706,229
2021-02-20,San Mateo,081,765935,39255,38371,410,38781,282
2021-02-20,Santa Barbara,083,443738,32087,31289,1136,32425,396
2021-02-20,Santa Clara,085,1922200,109017,108728,572,109300,1649
2021-02-20,Santa Cruz,087,273765,15237,14378,829,15207,176
2021-02-20,Shasta,089,179085,10872,10850,1228,12078,146
2021-02-20,Sierra,091,2930,49,47,14,61,0
2021-02-20,Siskiyou,093,43540,1458,1366,239,1605,4
2021-02-20,Solano,095,438530,29624,29440,357,29797,150
2021-02-20,Sonoma,097,501317,27751,27703,192,27895,278
2021-02-20,Stanislaus,099,539301,50012,49445,5478,54923,733
2021-02-20,Sutter,101,95872,8797,8681,84,8765,97
2021-02-20,Tehama,103,63373,4549,4545,512,5057,30
2021-02-20,Trinity,105,12862,389,285,57,342,3
2021-02-20,Tulare,107,460477,47425,46769,8265,55034,739
2021-02-20,Tuolumne,109,53932,3866,3823,32,3855,53
2021-02-20,Ventura,111,848112,76958,76757,2844,79601,671
2021-02-20,Yolo,113,214977,12765,12639,227,12866,183
2021-02-20,Yuba,115,75493,5446,5386,85,5471,38
2021-02-19,Alameda,001,1643700,80010,79318,1782,81100,1047
2021-02-19,Alpine,003,1148,79,77,0,77,0
2021-02-19,Amador,005,37829,3448,3427,31,3458,39
2021-02-19,Butte,007,227075,11200,10823,1663,12486,176
2021-02-19,Calaveras,009,45235,1893,1856,12,1868,21
2021-02-19,Colusa,011,21464,1863,1858,266,2124,11
2021-02-19,Contra Costa,013,1133247,62358,61017,1111,62128,651
2021-02-19,Del Norte,015,27424,965,932,4,936,2
2021-02-19,El Dorado,017,186661,9019,8882,626,9508,96
2021-02-19,Fresno,019,978130,95051,93973,7853,101826,1330
2021-02-19,Glenn,021,27897,2216,2199,501,2700,14
2021-02-19,Humboldt,023,135768,3093,3037,21,3058,29
2021-02-19,Imperial,025,180216,27037,26751,2602,29353,589
2021-02-19,Inyo,027,18085,1269,1212,2,1214,32
2021-02-19,Kern,029,883053,92418,90807,9943,100750,963
2021-02-19,Kings,031,150075,21983,21724,1038,22762,211
2021-02-19,Lake,033,64148,3139,3078,6,3084,40
2021-02-19,Lassen,035,31185,5095,5057,97,5154,1
2021-02-19,Los Angeles,037,10098052,1163988,1143828,40806,1184634,19498
2021-02-19,Madera,039,155013,15430,15222,826,16048,188
2021-02-19,Marin,041,260295,13035,12919,159,13078,210
2021-02-19,Mariposa,043,17540,376,371,5,376,4
2021-02-19,Mendocino,045,87422,3603,3526,68,3594,39
2021-02-19,Merced,047,269075,28070,27985,874,28859,376
2021-02-19,Modoc,049,8938,337,328,114,442,3
2021-02-19,Mono,051,14174,1165,1186,13,1199,3
2021-02-19,Monterey,053,433212,41624,41209,1719,42928,309
2021-02-19,Napa,055,140530,8958,8899,31,8930,69
2021-02-19,Nevada,057,99092,3940,3863,160,4023,66
2021-02-19,Orange,059,3164182,245349,243397,10448,253845,3715
2021-02-19,Placer,061,380077,20285,19457,1126,20583,236
2021-02-19,Plumas,063,18699,636,624,11,635,4
2021-02-19,Riverside,065,2383286,282009,276941,13876,290817,3541
2021-02-19,Sacramento,067,1510023,93435,91815,1229,93044,1351
2021-02-19,San Benito,069,59416,5702,5699,90,5789,57
2021-02-19,San Bernardino,071,2135413,284453,279209,8920,288129,3117
2021-02-19,San Diego,073,3302833,261593,255799,12625,268424,3169
2021-02-19,San Francisco,075,870044,33840,33746,1113,34859,387
2021-02-19,San Joaquin,077,732212,66064,64774,2842,67616,988
2021-02-19,San Luis Obispo,079,281455,19378,19061,566,19627,230
2021-02-19,San Mateo,081,765935,39197,38256,408,38664,282
2021-02-19,Santa Barbara,083,443738,32023,31204,1135,32339,392
2021-02-19,Santa Clara,085,1922200,108804,108400,570,108970,1634
2021-02-19,Santa Cruz,087,273765,15222,14354,829,15183,176
2021-02-19,Shasta,089,179085,10860,10833,1225,12058,140
2021-02-19,Sierra,091,2930,49,47,14,61,0
2021-02-19,Siskiyou,093,43540,1454,1363,237,1600,4
2021-02-19,Solano,095,438530,29593,29383,356,29739,150
2021-02-19,Sonoma,097,501317,27703,27595,190,27785,280
2021-02-19,Stanislaus,099,539301,49951,49282,5462,54744,739
2021-02-19,Sutter,101,95872,8787,8665,84,8749,96
2021-02-19,Tehama,103,63373,4547,4535,512,5047,30
2021-02-19,Trinity,105,12862,388,282,54,336,3
2021-02-19,Tulare,107,460477,47381,46662,8237,54899,736
2021-02-19,Tuolumne,109,53932,3860,3817,31,3848,52
2021-02-19,Ventura,111,848112,76878,76582,2841,79423,667
2021-02-19,Yolo,113,214977,12749,12606,227,12833,183
2021-02-19,Yuba,115,75493,5436,5376,85,5461,38
2021-02-18,Alameda,001,1643700,79862,79111,1775,80886,1012
2021-02-18,Alpine,003,1148,79,77,0,77,0
2021-02-18,Amador,005,37829,3444,3417,30,3447,38
2021-02-18,Butte,007,227075,11182,10791,1660,12451,175
2021-02-18,Calaveras,009,45235,1888,1873,12,1885,21
2021-02-18,Colusa,011,21464,1861,1856,264,2120,11
2021-02-18,Contra Costa,013,1133247,62247,60868,1110,61978,640
2021-02-18,Del Norte,015,27424,960,929,4,933,2
2021-02-18,El Dorado,017,186661,9005,8850,625,9475,94
2021-02-18,Fresno,019,978130,94883,93734,7826,101560,1323
2021-02-18,Glenn,021,27897,2210,2195,501,2696,14
2021-02-18,Humboldt,023,135768,3081,3023,21,3044,29
2021-02-18,Imperial,025,180216,27011,26731,2597,29328,591
2021-02-18,Inyo,027,18085,1265,1213,1,1214,32
2021-02-18,Kern,029,883053,92262,90655,9913,100568,961
2021-02-18,Kings,031,150075,21962,21648,1036,22684,211
2021-02-18,Lake,033,64148,3131,3066,6,3072,40
2021-02-18,Lassen,035,31185,5086,5052,97,5149,1
2021-02-18,Los Angeles,037,10098052,1163033,1141930,40738,1182668,19358
2021-02-18,Madera,039,155013,15409,15175,821,15996,188
2021-02-18,Marin,041,260295,13021,12895,159,13054,209
2021-02-18,Mariposa,043,17540,375,369,5,374,4
2021-02-18,Mendocino,045,87422,3600,3519,67,3586,39
2021-02-18,Merced,047,269075,28020,27870,868,28738,372
2021-02-18,Modoc,049,8938,335,327,113,440,3
2021-02-18,Mono,051,14174,1165,1182,13,1195,3
2021-02-18,Monterey,053,433212,41561,41091,1710,42801,307
2021-02-18,Napa,055,140530,8941,8877,31,8908,68
2021-02-18,Nevada,057,99092,3931,3836,159,3995,66
2021-02-18,Orange,059,3164182,245130,243098,10430,253528,3673
2021-02-18,Placer,061,380077,20258,19429,1125,20554,232
2021-02-18,Plumas,063,18699,636,624,11,635,4
2021-02-18,Riverside,065,2383286,281730,276595,13855,290450,3510
2021-02-18,Sacramento,067,1510023,93274,91476,1223,92699,1334
2021-02-18,San Benito,069,59416,5699,5697,89,5786,58
2021-02-18,San Bernardino,071,2135413,284243,278887,8906,287793,3066
2021-02-18,San Diego,073,3302833,261239,254987,12602,267589,3135
2021-02-18,San Francisco,075,870044,33782,33650,1110,34760,386
2021-02-18,San Joaquin,077,732212,65979,64634,2831,67465,982
2021-02-18,San Luis Obispo,079,281455,19336,18987,563,19550,230
2021-02-18,San Mateo,081,765935,39135,38185,404,38589,282
2021-02-18,Santa Barbara,083,443738,31944,31054,1127,32181,387
2021-02-18,Santa Clara,085,1922200,108578,108210,567,108777,1605
2021-02-18,Santa Cruz,087,273765,15196,14314,829,15143,176
2021-02-18,Shasta,089,179085,10840,10811,1222,12033,139
2021-02-18,Sierra,091,2930,48,47,14,61,0
2021-02-18,Siskiyou,093,43540,1449,1359,236,1595,4
2021-02-18,Solano,095,438530,29566,29349,355,29704,150
2021-02-18,Sonoma,097,501317,27635,27512,189,27701,281
2021-02-18,Stanislaus,099,539301,49854,49150,5447,54597,738
2021-02-18,Sutter,101,95872,8779,8654,84,8738,96
2021-02-18,Tehama,103,63373,4544,4528,511,5039,30
2021-02-18,Trinity,105,12862,387,282,54,336,3
2021-02-18,Tulare,107,460477,47322,46591,8195,54786,728
2021-02-18,Tuolumne,109,53932,3823,3811,31,3842,52
2021-02-18,Ventura,111,848112,76747,76442,2831,79273,659
2021-02-18,Yolo,113,214977,12722,12549,224,12773,183
2021-02-18,Yuba,115,75493,5419,5358,85,5443,38
2021-02-17,Alameda,001,1643700,79701,78895,1773,80668,1002
2021-02-17,Alpine,003,1148,79,77,0,77,0
2021-02-17,Amador,005,37829,3440,3415,30,3445,38
2021-02-17,Butte,007,227075,11164,10770,1657,12427,174
2021-02-17,Calaveras,009,45235,1888,1876,12,1888,21
2021-02-17,Colusa,011,21464,1858,1854,264,2118,10
2021-02-17,Contra Costa,013,1133247,62106,60723,1107,61830,635
2021-02-17,Del Norte,015,27424,954,920,4,924,2
2021-02-17,El Dorado,017,186661,8993,8847,625,9472,94
2021-02-17,Fresno,019,978130,94745,93555,7799,101354,1307
2021-02-17,Glenn,021,27897,2210,2189,500,2689,14
2021-02-17,Humboldt,023,135768,3066,3006,21,3027,29
2021-02-17,Imperial,025,180216,26996,26726,2595,29321,580
2021-02-17,Inyo,027,18085,1257,1197,1,1198,32
2021-02-17,Kern,029,883053,92143,90454,9866,100320,962
2021-02-17,Kings,031,150075,21925,21617,1032,22649,211
2021-02-17,Lake,033,64148,3120,3057,2,3059,38
2021-02-17,Lassen,035,31185,5081,5052,96,5148,1
2021-02-17,Los Angeles,037,10098052,1161986,1139786,40671,1180457,19213
2021-02-17,Madera,039,155013,15383,15135,812,15947,177
2021-02-17,Marin,041,260295,12995,12881,159,13040,207
2021-02-17,Mariposa,043,17540,375,368,4,372,4
2021-02-17,Mendocino,045,87422,3598,3494,66,3560,39
2021-02-17,Merced,047,269075,27966,27824,859,28683,372
2021-02-17,Modoc,049,8938,335,327,113,440,3
2021-02-17,Mono,051,14174,1165,1180,13,1193,3
2021-02-17,Monterey,053,433212,41507,41014,1698,42712,304
2021-02-17,Napa,055,140530,8927,8865,31,8896,68
2021-02-17,Nevada,057,99092,3912,3822,156,3978,52
2021-02-17,Orange,059,3164182,244864,242716,10396,253112,3626
2021-02-17,Placer,061,380077,20225,19405,1121,20526,230
2021-02-17,Plumas,063,18699,635,623,11,634,4
2021-02-17,Riverside,065,2383286,281455,276289,13832,290121,3491
2021-02-17,Sacramento,067,1510023,93117,91309,1216,92525,1326
2021-02-17,San Benito,069,59416,5693,5661,89,5750,57
2021-02-17,San Bernardino,071,2135413,284039,278461,8886,287347,3020
2021-02-17,San Diego,073,3302833,260862,254177,12581,266758,3099
2021-02-17,San Francisco,075,870044,33706,33558,1105,34663,379
2021-02-17,San Joaquin,077,732212,65879,64556,2824,67380,979
2021-02-17,San Luis Obispo,079,281455,19291,18964,563,19527,230
2021-02-17,San Mateo,081,765935,39070,38124,402,38526,282
2021-02-17,Santa Barbara,083,443738,31876,30927,1126,32053,384
2021-02-17,Santa Clara,085,1922200,108346,107949,565,108514,1592
2021-02-17,Santa Cruz,087,273765,15163,14268,826,15094,174
2021-02-17,Shasta,089,179085,10820,10770,1221,11991,139
2021-02-17,Sierra,091,2930,48,47,14,61,0
2021-02-17,Siskiyou,093,43540,1443,1352,233,1585,4
2021-02-17,Solano,095,438530,29510,29288,355,29643,149
2021-02-17,Sonoma,097,501317,27561,27408,184,27592,281
2021-02-17,Stanislaus,099,539301,49745,49050,5430,54480,730
2021-02-17,Sutter,101,95872,8769,8681,84,8765,95
2021-02-17,Tehama,103,63373,4540,4511,510,5021,30
2021-02-17,Trinity,105,12862,387,277,52,329,3
2021-02-17,Tulare,107,460477,47261,46495,8164,54659,726
2021-02-17,Tuolumne,109,53932,3814,3806,31,3837,49
2021-02-17,Ventura,111,848112,76622,76234,2824,79058,646
2021-02-17,Yolo,113,214977,12705,12506,222,12728,182
2021-02-17,Yuba,115,75493,5410,5345,85,5430,38
2021-02-16,Alameda,001,1643700,79527,78756,1769,80525,997
2021-02-16,Alpine,003,1148,79,76,0,76,0
2021-02-16,Amador,005,37829,3433,3413,30,3443,39
2021-02-16,Butte,007,227075,11137,10748,1654,12402,164
2021-02-16,Calaveras,009,45235,1886,1872,12,1884,21
2021-02-16,Colusa,011,21464,1855,1852,262,2114,10
2021-02-16,Contra Costa,013,1133247,61958,60564,1102,61666,631
2021-02-16,Del Norte,015,27424,946,913,4,917,2
2021-02-16,El Dorado,017,186661,8983,8836,624,9460,94
2021-02-16,Fresno,019,978130,94583,93363,7768,101131,1293
2021-02-16,Glenn,021,27897,2201,2189,495,2684,14
2021-02-16,Humboldt,023,135768,3042,2994,21,3015,29
2021-02-16,Imperial,025,180216,26983,26711,2591,29302,580
2021-02-16,Inyo,027,18085,1249,1191,1,1192,32
2021-02-16,Kern,029,883053,92011,90267,9833,100100,959
2021-02-16,Kings,031,150075,21879,21583,1028,22611,206
2021-02-16,Lake,033,64148,3111,3041,2,3043,38
2021-02-16,Lassen,035,31185,5069,5047,96,5143,1
2021-02-16,Los Angeles,037,10098052,1160742,1138262,40608,1178870,19044
2021-02-16,Madera,039,155013,15344,15120,808,15928,172
2021-02-16,Marin,041,260295,12971,12832,159,12991,205
2021-02-16,Mariposa,043,17540,375,367,4,371,4
2021-02-16,Mendocino,045,87422,3594,3489,66,3555,39
2021-02-16,Merced,047,269075,27894,27724,852,28576,368
2021-02-16,Modoc,049,8938,335,326,113,439,3
2021-02-16,Mono,051,14174,1165,1180,13,1193,3
2021-02-16,Monterey,053,433212,41433,40962,1689,42651,303
2021-02-16,Napa,055,140530,8914,8854,31,8885,66
2021-02-16,Nevada,057,99092,3899,3774,155,3929,47
2021-02-16,Orange,059,3164182,244541,242382,10380,252762,3612
2021-02-16,Placer,061,380077,20193,19367,1118,20485,230
2021-02-16,Plumas,063,18699,635,619,11,630,4
2021-02-16,Riverside,065,2383286,281152,275954,13809,289763,3471
2021-02-16,Sacramento,067,1510023,92864,91246,1209,92455,1305
2021-02-16,San Benito,069,59416,5685,5659,88,5747,56
2021-02-16,San Bernardino,071,2135413,283816,277947,8875,286822,2978
2021-02-16,San Diego,073,3302833,260400,253638,12543,266181,3042
2021-02-16,San Francisco,075,870044,33635,33491,1100,34591,373
2021-02-16,San Joaquin,077,732212,65759,64448,2820,67268,979
2021-02-16,San Luis Obispo,079,281455,19246,18925,560,19485,229
2021-02-16,San Mateo,081,765935,39011,38041,400,38441,277
2021-02-16,Santa Barbara,083,443738,31803,30865,1122,31987,378
2021-02-16,Santa Clara,085,1922200,108094,107754,562,108316,1591
2021-02-16,Santa Cruz,087,273765,15144,14256,824,15080,174
2021-02-16,Shasta,089,179085,10804,10736,1219,11955,139
2021-02-16,Sierra,091,2930,48,47,14,61,0
2021-02-16,Siskiyou,093,43540,1439,1351,233,1584,4
2021-02-16,Solano,095,438530,29470,29246,354,29600,148
2021-02-16,Sonoma,097,501317,27499,27380,178,27558,279
2021-02-16,Stanislaus,099,539301,49627,48927,5413,54340,716
2021-02-16,Sutter,101,95872,8746,8671,84,8755,95
2021-02-16,Tehama,103,63373,4531,4501,509,5010,30
2021-02-16,Trinity,105,12862,383,275,52,327,3
2021-02-16,Tulare,107,460477,47197,46444,8118,54562,716
2021-02-16,Tuolumne,109,53932,3812,3796,31,3827,49
2021-02-16,Ventura,111,848112,76477,76043,2820,78863,631
2021-02-16,Yolo,113,214977,12674,12457,222,12679,175
2021-02-16,Yuba,115,75493,5403,5332,84,5416,38
2021-02-15,Alameda,001,1643700,79328,78647,1758,80405,996
2021-02-15,Alpine,003,1148,79,76,0,76,0
2021-02-15,Amador,005,37829,3429,3409,30,3439,39
2021-02-15,Butte,007,227075,11119,10723,1650,12373,155
2021-02-15,Calaveras,009,45235,1882,1871,12,1883,21
2021-02-15,Colusa,011,21464,1855,1849,258,2107,10
2021-02-15,Contra Costa,013,1133247,61783,60444,1095,61539,631
2021-02-15,Del Norte,015,27424,942,913,4,917,2
2021-02-15,El Dorado,017,186661,8966,8816,624,9440,94
2021-02-15,Fresno,019,978130,94384,93231,7729,100960,1288
2021-02-15,Glenn,021,27897,2198,2185,492,2677,14
2021-02-15,Humboldt,023,135768,3035,2997,21,3018,29
2021-02-15,Imperial,025,180216,26965,26700,2586,29286,580
2021-02-15,Inyo,027,18085,1230,1184,1,1185,32
2021-02-15,Kern,029,883053,91867,90181,9800,99981,959
2021-02-15,Kings,031,150075,21834,21574,1024,22598,205
2021-02-15,Lake,033,64148,3097,3030,1,3031,38
2021-02-15,Lassen,035,31185,5067,5047,95,5142,1
2021-02-15,Los Angeles,037,10098052,1159354,1137164,40544,1177708,18925
2021-02-15,Madera,039,155013,15313,15108,807,15915,106
2021-02-15,Marin,041,260295,12951,12810,156,12966,203
2021-02-15,Mariposa,043,17540,373,367,4,371,4
2021-02-15,Mendocino,045,87422,3582,3481,66,3547,39
2021-02-15,Merced,047,269075,27819,27656,845,28501,368
2021-02-15,Modoc,049,8938,335,326,113,439,3
2021-02-15,Mono,051,14174,1162,1178,13,1191,3
2021-02-15,Monterey,053,433212,41372,40911,1675,42586,302
2021-02-15,Napa,055,140530,8900,8837,31,8868,57
2021-02-15,Nevada,057,99092,3882,3767,154,3921,47
2021-02-15,Orange,059,3164182,244222,242176,10352,252528,3586
2021-02-15,Placer,061,380077,20167,19361,1117,20478,230
2021-02-15,Plumas,063,18699,635,620,11,631,4
2021-02-15,Riverside,065,2383286,280806,275771,13794,289565,3468
2021-02-15,Sacramento,067,1510023,92537,91091,1204,92295,1304
2021-02-15,San Benito,069,59416,5676,5649,88,5737,56
2021-02-15,San Bernardino,071,2135413,283561,277869,8867,286736,2945
2021-02-15,San Diego,073,3302833,259886,252940,12511,265451,3037
2021-02-15,San Francisco,075,870044,33562,33454,1092,34546,373
2021-02-15,San Joaquin,077,732212,65594,64382,2813,67195,979
2021-02-15,San Luis Obispo,079,281455,19193,18891,558,19449,227
2021-02-15,San Mateo,081,765935,38934,37969,397,38366,277
2021-02-15,Santa Barbara,083,443738,31701,30810,1119,31929,378
2021-02-15,Santa Clara,085,1922200,107860,107630,560,108190,1588
2021-02-15,Santa Cruz,087,273765,15112,14239,821,15060,175
2021-02-15,Shasta,089,179085,10784,10730,1214,11944,139
2021-02-15,Sierra,091,2930,48,47,14,61,0
2021-02-15,Siskiyou,093,43540,1431,1345,232,1577,4
2021-02-15,Solano,095,438530,29415,29225,354,29579,148
2021-02-15,Sonoma,097,501317,27414,27359,174,27533,276
2021-02-15,Stanislaus,099,539301,49503,48808,5399,54207,716
2021-02-15,Sutter,101,95872,8731,8652,84,8736,95
2021-02-15,Tehama,103,63373,4520,4492,507,4999,30
2021-02-15,Trinity,105,12862,382,274,52,326,3
2021-02-15,Tulare,107,460477,47124,46344,8078,54422,715
2021-02-15,Tuolumne,109,53932,3802,3794,31,3825,49
2021-02-15,Ventura,111,848112,76321,75889,2817,78706,629
2021-02-15,Yolo,113,214977,12638,12412,215,12627,175
2021-02-15,Yuba,115,75493,5386,5320,83,5403,38
2021-02-14,Alameda,001,1643700,79172,78442,1757,80199,995
2021-02-14,Alpine,003,1148,79,76,0,76,0
2021-02-14,Amador,005,37829,3424,3398,30,3428,39
2021-02-14,Butte,007,227075,11095,10717,1645,12362,155
2021-02-14,Calaveras,009,45235,1879,1866,12,1878,21
2021-02-14,Colusa,011,21464,1851,1845,255,2100,10
2021-02-14,Contra Costa,013,1133247,61635,60272,1092,61364,631
2021-02-14,Del Norte,015,27424,938,911,4,915,2
2021-02-14,El Dorado,017,186661,8936,8790,622,9412,94
2021-02-14,Fresno,019,978130,94215,93065,7704,100769,1287
2021-02-14,Glenn,021,27897,2196,2184,492,2676,14
2021-02-14,Humboldt,023,135768,3022,2992,21,3013,29
2021-02-14,Imperial,025,180216,26957,26696,2585,29281,580
2021-02-14,Inyo,027,18085,1224,1177,1,1178,32
2021-02-14,Kern,029,883053,91709,90038,9745,99783,959
2021-02-14,Kings,031,150075,21808,21538,1022,22560,205
2021-02-14,Lake,033,64148,3088,3030,1,3031,38
2021-02-14,Lassen,035,31185,5063,5037,95,5132,1
2021-02-14,Los Angeles,037,10098052,1158017,1135450,40456,1175906,18898
2021-02-14,Madera,039,155013,15281,15089,803,15892,106
2021-02-14,Marin,041,260295,12927,12784,156,12940,201
2021-02-14,Mariposa,043,17540,373,365,4,369,4
2021-02-14,Mendocino,045,87422,3577,3475,66,3541,39
2021-02-14,Merced,047,269075,27742,27601,839,28440,368
2021-02-14,Modoc,049,8938,335,326,113,439,3
2021-02-14,Mono,051,14174,1161,1180,13,1193,3
2021-02-14,Monterey,053,433212,41322,40842,1671,42513,302
2021-02-14,Napa,055,140530,8880,8826,31,8857,57
2021-02-14,Nevada,057,99092,3866,3761,154,3915,47
2021-02-14,Orange,059,3164182,243914,241859,10331,252190,3564
2021-02-14,Placer,061,380077,20128,19313,1112,20425,230
2021-02-14,Plumas,063,18699,634,620,11,631,4
2021-02-14,Riverside,065,2383286,280492,275518,13773,289291,3471
2021-02-14,Sacramento,067,1510023,92330,90856,1200,92056,1304
2021-02-14,San Benito,069,59416,5668,5641,87,5728,56
2021-02-14,San Bernardino,071,2135413,283244,277664,8848,286512,2929
2021-02-14,San Diego,073,3302833,259394,252247,12463,264710,3037
2021-02-14,San Francisco,075,870044,33490,33374,1082,34456,372
2021-02-14,San Joaquin,077,732212,65495,64243,2799,67042,979
2021-02-14,San Luis Obispo,079,281455,19155,18868,555,19423,225
2021-02-14,San Mateo,081,765935,38850,37859,397,38256,277
2021-02-14,Santa Barbara,083,443738,31609,30744,1115,31859,377
2021-02-14,Santa Clara,085,1922200,107660,107412,556,107968,1582
2021-02-14,Santa Cruz,087,273765,15084,14225,816,15041,175
2021-02-14,Shasta,089,179085,10754,10720,1208,11928,139
2021-02-14,Sierra,091,2930,48,47,14,61,0
2021-02-14,Siskiyou,093,43540,1427,1340,232,1572,4
2021-02-14,Solano,095,438530,29377,29150,350,29500,148
2021-02-14,Sonoma,097,501317,27337,27266,172,27438,276
2021-02-14,Stanislaus,099,539301,49397,48672,5383,54055,716
2021-02-14,Sutter,101,95872,8708,8642,84,8726,95
2021-02-14,Tehama,103,63373,4512,4490,505,4995,30
2021-02-14,Trinity,105,12862,382,272,52,324,3
2021-02-14,Tulare,107,460477,47049,46263,8023,54286,715
2021-02-14,Tuolumne,109,53932,3801,3764,31,3795,49
2021-02-14,Ventura,111,848112,76146,75742,2806,78548,629
2021-02-14,Yolo,113,214977,12609,12399,214,12613,175
2021-02-14,Yuba,115,75493,5376,5314,83,5397,38
2021-02-13,Alameda,001,1643700,79055,78246,1754,80000,995
2021-02-13,Alpine,003,1148,79,76,0,76,0
2021-02-13,Amador,005,37829,3421,3387,30,3417,38
2021-02-13,Butte,007,227075,11079,10699,1644,12343,155
2021-02-13,Calaveras,009,45235,1875,1863,12,1875,21
2021-02-13,Colusa,011,21464,1851,1837,255,2092,10
2021-02-13,Contra Costa,013,1133247,61515,60100,1092,61192,629
2021-02-13,Del Norte,015,27424,936,908,4,912,2
2021-02-13,El Dorado,017,186661,8925,8758,621,9379,93
2021-02-13,Fresno,019,978130,94103,92807,7680,100487,1287
2021-02-13,Glenn,021,27897,2195,2182,492,2674,14
2021-02-13,Humboldt,023,135768,3009,2974,20,2994,29
2021-02-13,Imperial,025,180216,26950,26680,2583,29263,580
2021-02-13,Inyo,027,18085,1220,1168,1,1169,32
2021-02-13,Kern,029,883053,91620,89915,9720,99635,957
2021-02-13,Kings,031,150075,21793,21513,1020,22533,205
2021-02-13,Lake,033,64148,3082,3025,1,3026,37
2021-02-13,Lassen,035,31185,5060,5028,95,5123,1
2021-02-13,Los Angeles,037,10098052,1157159,1133752,40408,1174160,18822
2021-02-13,Madera,039,155013,15272,15053,798,15851,106
2021-02-13,Marin,041,260295,12906,12757,156,12913,201
2021-02-13,Mariposa,043,17540,373,365,4,369,4
2021-02-13,Mendocino,045,87422,3567,3466,66,3532,38
2021-02-13,Merced,047,269075,27698,27541,836,28377,368
2021-02-13,Modoc,049,8938,335,325,113,438,3
2021-02-13,Mono,051,14174,1161,1176,13,1189,3
2021-02-13,Monterey,053,433212,41291,40731,1669,42400,301
2021-02-13,Napa,055,140530,8871,8809,31,8840,57
2021-02-13,Nevada,057,99092,3857,3742,153,3895,47
2021-02-13,Orange,059,3164182,243710,241545,10310,251855,3520
2021-02-13,Placer,061,380077,20108,19214,1112,20326,230
2021-02-13,Plumas,063,18699,634,616,11,627,4
2021-02-13,Riverside,065,2383286,280263,275276,13763,289039,3462
2021-02-13,Sacramento,067,1510023,92163,90401,1197,91598,1302
2021-02-13,San Benito,069,59416,5654,5633,87,5720,56
2021-02-13,San Bernardino,071,2135413,283092,277405,8836,286241,2899
2021-02-13,San Diego,073,3302833,259063,251679,12451,264130,3009
2021-02-13,San Francisco,075,870044,33441,33291,1071,34362,364
2021-02-13,San Joaquin,077,732212,65427,64105,2789,66894,977
2021-02-13,San Luis Obispo,079,281455,19127,18803,549,19352,225
2021-02-13,San Mateo,081,765935,38797,37745,397,38142,277
2021-02-13,Santa Barbara,083,443738,31558,30594,1113,31707,374
2021-02-13,Santa Clara,085,1922200,107475,107125,552,107677,1570
2021-02-13,Santa Cruz,087,273765,15057,14198,815,15013,173
2021-02-13,Shasta,089,179085,10742,10713,1203,11916,139
2021-02-13,Sierra,091,2930,48,47,14,61,0
2021-02-13,Siskiyou,093,43540,1424,1336,232,1568,4
2021-02-13,Solano,095,438530,29341,29084,350,29434,148
2021-02-13,Sonoma,097,501317,27291,27157,170,27327,276
2021-02-13,Stanislaus,099,539301,49328,48568,5377,53945,697
2021-02-13,Sutter,101,95872,8696,8626,84,8710,94
2021-02-13,Tehama,103,63373,4503,4484,504,4988,30
2021-02-13,Trinity,105,12862,381,272,51,323,3
2021-02-13,Tulare,107,460477,47005,46162,7986,54148,709
2021-02-13,Tuolumne,109,53932,3800,3752,31,3783,49
2021-02-13,Ventura,111,848112,76009,75481,2800,78281,618
2021-02-13,Yolo,113,214977,12597,12374,213,12587,175
2021-02-13,Yuba,115,75493,5368,5289,83,5372,38
2021-02-12,Alameda,001,1643700,78920,77958,1748,79706,974
2021-02-12,Alpine,003,1148,79,76,0,76,0
2021-02-12,Amador,005,37829,3417,3381,30,3411,38
2021-02-12,Butte,007,227075,11064,10655,1637,12292,155
2021-02-12,Calaveras,009,45235,1872,1860,12,1872,21
2021-02-12,Colusa,011,21464,1851,1836,255,2091,10
2021-02-12,Contra Costa,013,1133247,61365,59878,1088,60966,620
2021-02-12,Del Norte,015,27424,926,901,4,905,2
2021-02-12,El Dorado,017,186661,8909,8725,618,9343,92
2021-02-12,Fresno,019,978130,93950,92520,7659,100179,1273
2021-02-12,Glenn,021,27897,2192,2175,492,2667,14
2021-02-12,Humboldt,023,135768,3001,2961,20,2981,29
2021-02-12,Imperial,025,180216,26941,26646,2581,29227,585
2021-02-12,Inyo,027,18085,1214,1156,1,1157,32
2021-02-12,Kern,029,883053,91510,89532,9684,99216,949
2021-02-12,Kings,031,150075,21762,21462,1014,22476,202
2021-02-12,Lake,033,64148,3078,3012,1,3013,36
2021-02-12,Lassen,035,31185,5058,5015,95,5110,1
2021-02-12,Los Angeles,037,10098052,1155958,1131185,40337,1171522,18637
2021-02-12,Madera,039,155013,15245,15022,795,15817,106
2021-02-12,Marin,041,260295,12880,12720,156,12876,200
2021-02-12,Mariposa,043,17540,372,365,4,369,4
2021-02-12,Mendocino,045,87422,3565,3447,66,3513,38
2021-02-12,Merced,047,269075,27647,27453,833,28286,367
2021-02-12,Modoc,049,8938,335,324,113,437,3
2021-02-12,Mono,051,14174,1160,1172,13,1185,3
2021-02-12,Monterey,053,433212,41244,40633,1660,42293,297
2021-02-12,Napa,055,140530,8859,8785,31,8816,55
2021-02-12,Nevada,057,99092,3852,3728,153,3881,47
2021-02-12,Orange,059,3164182,243472,241075,10294,251369,3505
2021-02-12,Placer,061,380077,20067,19174,1107,20281,230
2021-02-12,Plumas,063,18699,633,614,11,625,4
2021-02-12,Riverside,065,2383286,279989,274792,13745,288537,3438
2021-02-12,Sacramento,067,1510023,91960,90252,1196,91448,1295
2021-02-12,San Benito,069,59416,5638,5622,86,5708,56
2021-02-12,San Bernardino,071,2135413,282899,276890,8824,285714,2827
2021-02-12,San Diego,073,3302833,258680,250788,12425,263213,2979
2021-02-12,San Francisco,075,870044,33382,33179,1067,34246,359
2021-02-12,San Joaquin,077,732212,65333,63966,2781,66747,975
2021-02-12,San Luis Obispo,079,281455,19086,18687,548,19235,224
2021-02-12,San Mateo,081,765935,38725,37560,397,37957,254
2021-02-12,Santa Barbara,083,443738,31487,30454,1108,31562,372
2021-02-12,Santa Clara,085,1922200,107306,106759,549,107308,1543
2021-02-12,Santa Cruz,087,273765,15037,14147,815,14962,170
2021-02-12,Shasta,089,179085,10724,10693,1193,11886,142
2021-02-12,Sierra,091,2930,47,45,14,59,0
2021-02-12,Siskiyou,093,43540,1420,1324,229,1553,4
2021-02-12,Solano,095,438530,29309,28996,347,29343,147
2021-02-12,Sonoma,097,501317,27237,27064,166,27230,275
2021-02-12,Stanislaus,099,539301,49245,48418,5352,53770,697
2021-02-12,Sutter,101,95872,8682,8609,84,8693,93
2021-02-12,Tehama,103,63373,4495,4470,503,4973,27
2021-02-12,Trinity,105,12862,381,269,51,320,3
2021-02-12,Tulare,107,460477,46927,46016,7959,53975,710
2021-02-12,Tuolumne,109,53932,3798,3736,30,3766,49
2021-02-12,Ventura,111,848112,75842,75210,2792,78002,605
2021-02-12,Yolo,113,214977,12577,12340,213,12553,175
2021-02-12,Yuba,115,75493,5360,5274,83,5357,38
2021-02-11,Alameda,001,1643700,78692,77564,1743,79307,960
2021-02-11,Alpine,003,1148,78,76,0,76,0
2021-02-11,Amador,005,37829,3413,3368,30,3398,35
2021-02-11,Butte,007,227075,11040,10624,1635,12259,155
2021-02-11,Calaveras,009,45235,1869,1856,12,1868,21
2021-02-11,Colusa,011,21464,1846,1823,253,2076,10
2021-02-11,Contra Costa,013,1133247,61198,59633,1084,60717,605
2021-02-11,Del Norte,015,27424,921,894,4,898,2
2021-02-11,El Dorado,017,186661,8888,8698,618,9316,92
2021-02-11,Fresno,019,978130,93796,92168,7633,99801,1255
2021-02-11,Glenn,021,27897,2190,2166,490,2656,14
2021-02-11,Humboldt,023,135768,2988,2954,19,2973,29
2021-02-11,Imperial,025,180216,26918,26545,2579,29124,578
2021-02-11,Inyo,027,18085,1205,1144,1,1145,32
2021-02-11,Kern,029,883053,91323,89224,9637,98861,941
2021-02-11,Kings,031,150075,21732,21373,1011,22384,202
2021-02-11,Lake,033,64148,3068,3002,1,3003,36
2021-02-11,Lassen,035,31185,5047,5004,92,5096,1
2021-02-11,Los Angeles,037,10098052,1154334,1128437,40265,1168702,18500
2021-02-11,Madera,039,155013,15224,14984,793,15777,106
2021-02-11,Marin,041,260295,12843,12682,156,12838,200
2021-02-11,Mariposa,043,17540,372,361,4,365,4
2021-02-11,Mendocino,045,87422,3558,3420,66,3486,38
2021-02-11,Merced,047,269075,27582,27325,829,28154,363
2021-02-11,Modoc,049,8938,334,317,113,430,3
2021-02-11,Mono,051,14174,1156,1173,13,1186,3
2021-02-11,Monterey,053,433212,41136,40469,1654,42123,295
2021-02-11,Napa,055,140530,8838,8777,31,8808,55
2021-02-11,Nevada,057,99092,3836,3720,153,3873,47
2021-02-11,Orange,059,3164182,243107,240590,10270,250860,3476
2021-02-11,Placer,061,380077,20027,19118,1106,20224,224
2021-02-11,Plumas,063,18699,632,592,11,603,4
2021-02-11,Riverside,065,2383286,279624,274313,13730,288043,3394
2021-02-11,Sacramento,067,1510023,91718,89988,1190,91178,1286
2021-02-11,San Benito,069,59416,5629,5609,86,5695,56
2021-02-11,San Bernardino,071,2135413,282583,276349,8810,285159,2774
2021-02-11,San Diego,073,3302833,258129,249971,12391,262362,2955
2021-02-11,San Francisco,075,870044,33299,33076,1055,34131,356
2021-02-11,San Joaquin,077,732212,65164,63719,2770,66489,971
2021-02-11,San Luis Obispo,079,281455,19021,18615,544,19159,219
2021-02-11,San Mateo,081,765935,38635,37439,394,37833,253
2021-02-11,Santa Barbara,083,443738,31393,30375,1103,31478,370
2021-02-11,Santa Clara,085,1922200,107050,106392,543,106935,1507
2021-02-11,Santa Cruz,087,273765,15015,14088,809,14897,165
2021-02-11,Shasta,089,179085,10700,10672,1189,11861,140
2021-02-11,Sierra,091,2930,47,45,14,59,0
2021-02-11,Siskiyou,093,43540,1405,1320,229,1549,4
2021-02-11,Solano,095,438530,29257,28885,347,29232,138
2021-02-11,Sonoma,097,501317,27154,26971,163,27134,272
2021-02-11,Stanislaus,099,539301,49101,48205,5341,53546,697
2021-02-11,Sutter,101,95872,8668,8590,83,8673,93
2021-02-11,Tehama,103,63373,4489,4463,503,4966,26
2021-02-11,Trinity,105,12862,381,269,51,320,3
2021-02-11,Tulare,107,460477,46835,45897,7914,53811,706
2021-02-11,Tuolumne,109,53932,3761,3716,30,3746,48
2021-02-11,Ventura,111,848112,75641,74959,2783,77742,590
2021-02-11,Yolo,113,214977,12554,12303,211,12514,173
2021-02-11,Yuba,115,75493,5346,5261,81,5342,38
2021-02-10,Alameda,001,1643700,78488,77344,1741,79085,944
2021-02-10,Alpine,003,1148,78,76,0,76,0
2021-02-10,Amador,005,37829,3401,3348,30,3378,35
2021-02-10,Butte,007,227075,11014,10594,1634,12228,155
2021-02-10,Calaveras,009,45235,1867,1850,12,1862,21
2021-02-10,Colusa,011,21464,1839,1815,251,2066,10
2021-02-10,Contra Costa,013,1133247,61026,59488,1082,60570,590
2021-02-10,Del Norte,015,27424,915,888,4,892,2
2021-02-10,El Dorado,017,186661,8858,8682,614,9296,87
2021-02-10,Fresno,019,978130,93623,91876,7607,99483,1247
2021-02-10,Glenn,021,27897,2188,2160,488,2648,14
2021-02-10,Humboldt,023,135768,2980,2924,19,2943,29
2021-02-10,Imperial,025,180216,26878,26522,2576,29098,578
2021-02-10,Inyo,027,18085,1193,1138,1,1139,30
2021-02-10,Kern,029,883053,91118,88933,9581,98514,926
2021-02-10,Kings,031,150075,21690,21294,1007,22301,197
2021-02-10,Lake,033,64148,3055,2975,1,2976,36
2021-02-10,Lassen,035,31185,5043,4993,92,5085,1
2021-02-10,Los Angeles,037,10098052,1152594,1125437,40131,1165568,18338
2021-02-10,Madera,039,155013,15186,14925,791,15716,105
2021-02-10,Marin,041,260295,12806,12651,156,12807,199
2021-02-10,Mariposa,043,17540,370,360,4,364,4
2021-02-10,Mendocino,045,87422,3543,3395,66,3461,38
2021-02-10,Merced,047,269075,27500,27246,818,28064,359
2021-02-10,Modoc,049,8938,333,315,111,426,3
2021-02-10,Mono,051,14174,1152,1170,13,1183,3
2021-02-10,Monterey,053,433212,41055,40366,1640,42006,288
2021-02-10,Napa,055,140530,8819,8769,31,8800,55
2021-02-10,Nevada,057,99092,3821,3693,151,3844,47
2021-02-10,Orange,059,3164182,242688,239974,10238,250212,3439
2021-02-10,Placer,061,380077,19988,19062,1101,20163,220
2021-02-10,Plumas,063,18699,629,589,11,600,2
2021-02-10,Riverside,065,2383286,279211,273721,13720,287441,3374
2021-02-10,Sacramento,067,1510023,91468,89653,1185,90838,1275
2021-02-10,San Benito,069,59416,5615,5591,86,5677,55
2021-02-10,San Bernardino,071,2135413,282224,275616,8793,284409,2696
2021-02-10,San Diego,073,3302833,257548,248858,12353,261211,2904
2021-02-10,San Francisco,075,870044,33217,32955,1052,34007,351
2021-02-10,San Joaquin,077,732212,65023,63484,2756,66240,954
2021-02-10,San Luis Obispo,079,281455,18942,18549,542,19091,216
2021-02-10,San Mateo,081,765935,38545,37323,394,37717,245
2021-02-10,Santa Barbara,083,443738,31304,30216,1098,31314,359
2021-02-10,Santa Clara,085,1922200,106812,106048,540,106588,1489
2021-02-10,Santa Cruz,087,273765,14980,14007,806,14813,165
2021-02-10,Shasta,089,179085,10676,10645,1186,11831,142
2021-02-10,Sierra,091,2930,47,45,14,59,0
2021-02-10,Siskiyou,093,43540,1400,1314,228,1542,4
2021-02-10,Solano,095,438530,29182,28835,345,29180,137
2021-02-10,Sonoma,097,501317,27062,26881,161,27042,271
2021-02-10,Stanislaus,099,539301,48987,48016,5323,53339,696
2021-02-10,Sutter,101,95872,8651,8571,83,8654,93
2021-02-10,Tehama,103,63373,4481,4445,503,4948,23
2021-02-10,Trinity,105,12862,379,268,51,319,3
2021-02-10,Tulare,107,460477,46720,45782,7874,53656,696
2021-02-10,Tuolumne,109,53932,3753,3691,30,3721,48
2021-02-10,Ventura,111,848112,75415,74651,2765,77416,580
2021-02-10,Yolo,113,214977,12530,12276,210,12486,174
2021-02-10,Yuba,115,75493,5328,5241,81,5322,38
2021-02-09,Alameda,001,1643700,78223,77018,1738,78756,936
2021-02-09,Alpine,003,1148,78,76,0,76,0
2021-02-09,Amador,005,37829,3393,3347,30,3377,35
2021-02-09,Butte,007,227075,10987,10563,1632,12195,153
2021-02-09,Calaveras,009,45235,1863,1847,12,1859,21
2021-02-09,Colusa,011,21464,1830,1812,246,2058,10
2021-02-09,Contra Costa,013,1133247,60838,59307,1076,60383,583
2021-02-09,Del Norte,015,27424,909,886,4,890,2
2021-02-09,El Dorado,017,186661,8831,8663,613,9276,87
2021-02-09,Fresno,019,978130,93388,91730,7573,99303,1211
2021-02-09,Glenn,021,27897,2184,2156,487,2643,14
2021-02-09,Humboldt,023,135768,2972,2904,19,2923,29
2021-02-09,Imperial,025,180216,26850,26509,2573,29082,568
2021-02-09,Inyo,027,18085,1185,1137,1,1138,30
2021-02-09,Kern,029,883053,90871,88684,9533,98217,920
2021-02-09,Kings,031,150075,21649,21275,1005,22280,196
2021-02-09,Lake,033,64148,3044,2955,1,2956,36
2021-02-09,Lassen,035,31185,5036,4983,92,5075,1
2021-02-09,Los Angeles,037,10098052,1150630,1122745,40041,1162786,18198
2021-02-09,Madera,039,155013,15166,14912,788,15700,105
2021-02-09,Marin,041,260295,12773,12623,155,12778,197
2021-02-09,Mariposa,043,17540,368,355,4,359,4
2021-02-09,Mendocino,045,87422,3525,3369,66,3435,38
2021-02-09,Merced,047,269075,27402,27166,813,27979,354
2021-02-09,Modoc,049,8938,332,316,111,427,3
2021-02-09,Mono,051,14174,1151,1167,13,1180,3
2021-02-09,Monterey,053,433212,40947,40279,1629,41908,285
2021-02-09,Napa,055,140530,8806,8749,31,8780,55
2021-02-09,Nevada,057,99092,3805,3687,151,3838,44
2021-02-09,Orange,059,3164182,242273,239169,10205,249374,3406
2021-02-09,Placer,061,380077,19924,19008,1094,20102,220
2021-02-09,Plumas,063,18699,629,584,11,595,2
2021-02-09,Riverside,065,2383286,278724,273465,13705,287170,3334
2021-02-09,Sacramento,067,1510023,91159,89378,1182,90560,1265
2021-02-09,San Benito,069,59416,5603,5566,85,5651,54
2021-02-09,San Bernardino,071,2135413,281850,274998,8779,283777,2613
2021-02-09,San Diego,073,3302833,256891,248048,12310,260358,2853
2021-02-09,San Francisco,075,870044,33138,32782,1042,33824,349
2021-02-09,San Joaquin,077,732212,64850,63341,2751,66092,937
2021-02-09,San Luis Obispo,079,281455,18883,18489,541,19030,216
2021-02-09,San Mateo,081,765935,38414,37227,393,37620,235
2021-02-09,Santa Barbara,083,443738,31194,30118,1091,31209,351
2021-02-09,Santa Clara,085,1922200,106505,105762,537,106299,1463
2021-02-09,Santa Cruz,087,273765,14930,13958,801,14759,162
2021-02-09,Shasta,089,179085,10650,10595,1184,11779,139
2021-02-09,Sierra,091,2930,47,44,14,58,0
2021-02-09,Siskiyou,093,43540,1393,1306,225,1531,4
2021-02-09,Solano,095,438530,29106,28769,341,29110,131
2021-02-09,Sonoma,097,501317,26973,26826,159,26985,267
2021-02-09,Stanislaus,099,539301,48826,47906,5307,53213,679
2021-02-09,Sutter,101,95872,8634,8541,83,8624,92
2021-02-09,Tehama,103,63373,4474,4416,501,4917,22
2021-02-09,Trinity,105,12862,379,266,51,317,3
2021-02-09,Tulare,107,460477,46589,45704,7816,53520,686
2021-02-09,Tuolumne,109,53932,3733,3673,30,3703,48
2021-02-09,Ventura,111,848112,75165,74333,2757,77090,567
2021-02-09,Yolo,113,214977,12489,12220,209,12429,174
2021-02-09,Yuba,115,75493,5319,5235,81,5316,35
2021-02-08,Alameda,001,1643700,77957,76735,1733,78468,924
2021-02-08,Alpine,003,1148,78,73,0,73,0
2021-02-08,Amador,005,37829,3386,3344,29,3373,33
2021-02-08,Butte,007,227075,10965,10524,1629,12153,152
2021-02-08,Calaveras,009,45235,1862,1840,12,1852,21
2021-02-08,Colusa,011,21464,1822,1802,242,2044,10
2021-02-08,Contra Costa,013,1133247,60630,59039,1074,60113,567
2021-02-08,Del Norte,015,27424,906,885,4,889,2
2021-02-08,El Dorado,017,186661,8800,8627,611,9238,86
2021-02-08,Fresno,019,978130,93180,91430,7545,98975,1207
2021-02-08,Glenn,021,27897,2177,2148,485,2633,14
2021-02-08,Humboldt,023,135768,2964,2902,19,2921,29
2021-02-08,Imperial,025,180216,26831,26526,2571,29097,567
2021-02-08,Inyo,027,18085,1172,1126,1,1127,30
2021-02-08,Kern,029,883053,90656,88380,9474,97854,920
2021-02-08,Kings,031,150075,21587,21232,1002,22234,195
2021-02-08,Lake,033,64148,3025,2949,1,2950,36
2021-02-08,Lassen,035,31185,5023,4976,92,5068,1
2021-02-08,Los Angeles,037,10098052,1148544,1120179,39918,1160097,17977
2021-02-08,Madera,039,155013,15129,14887,781,15668,93
2021-02-08,Marin,041,260295,12744,12591,155,12746,194
2021-02-08,Mariposa,043,17540,368,355,4,359,4
2021-02-08,Mendocino,045,87422,3511,3355,66,3421,38
2021-02-08,Merced,047,269075,27317,27082,808,27890,346
2021-02-08,Modoc,049,8938,330,318,111,429,3
2021-02-08,Mono,051,14174,1151,1165,13,1178,3
2021-02-08,Monterey,053,433212,40824,40186,1610,41796,283
2021-02-08,Napa,055,140530,8791,8719,31,8750,55
2021-02-08,Nevada,057,99092,3793,3671,151,3822,44
2021-02-08,Orange,059,3164182,241805,238715,10181,248896,3361
2021-02-08,Placer,061,380077,19881,18944,1087,20031,211
2021-02-08,Plumas,063,18699,628,584,11,595,2
2021-02-08,Riverside,065,2383286,278165,272904,13681,286585,3301
2021-02-08,Sacramento,067,1510023,90872,89267,1179,90446,1247
2021-02-08,San Benito,069,59416,5598,5553,84,5637,52
2021-02-08,San Bernardino,071,2135413,281450,274661,8773,283434,2587
2021-02-08,San Diego,073,3302833,256149,247259,12269,259528,2821
2021-02-08,San Francisco,075,870044,33044,32679,1034,33713,348
2021-02-08,San Joaquin,077,732212,64689,63148,2741,65889,929
2021-02-08,San Luis Obispo,079,281455,18826,18421,536,18957,214
2021-02-08,San Mateo,081,765935,38305,37084,393,37477,232
2021-02-08,Santa Barbara,083,443738,31081,29978,1084,31062,340
2021-02-08,Santa Clara,085,1922200,106180,105413,529,105942,1456
2021-02-08,Santa Cruz,087,273765,14891,13921,794,14715,161
2021-02-08,Shasta,089,179085,10624,10574,1178,11752,137
2021-02-08,Sierra,091,2930,47,44,14,58,0
2021-02-08,Siskiyou,093,43540,1390,1303,225,1528,4
2021-02-08,Solano,095,438530,29043,28644,339,28983,130
2021-02-08,Sonoma,097,501317,26882,26760,158,26918,259
2021-02-08,Stanislaus,099,539301,48674,47704,5278,52982,679
2021-02-08,Sutter,101,95872,8615,8526,83,8609,92
2021-02-08,Tehama,103,63373,4459,4403,499,4902,22
2021-02-08,Trinity,105,12862,377,266,51,317,3
2021-02-08,Tulare,107,460477,46483,45617,7775,53392,673
2021-02-08,Tuolumne,109,53932,3725,3647,30,3677,48
2021-02-08,Ventura,111,848112,74908,74068,2751,76819,565
2021-02-08,Yolo,113,214977,12457,12169,208,12377,162
2021-02-08,Yuba,115,75493,5303,5215,81,5296,35
2021-02-07,Alameda,001,1643700,77652,76500,1725,78225,924
2021-02-07,Alpine,003,1148,75,72,0,72,0
2021-02-07,Amador,005,37829,3365,3343,29,3372,33
2021-02-07,Butte,007,227075,10932,10513,1619,12132,152
2021-02-07,Calaveras,009,45235,1858,1837,12,1849,21
2021-02-07,Colusa,011,21464,1811,1795,240,2035,10
2021-02-07,Contra Costa,013,1133247,60394,58836,1068,59904,566
2021-02-07,Del Norte,015,27424,902,881,4,885,2
2021-02-07,El Dorado,017,186661,8771,8596,609,9205,86
2021-02-07,Fresno,019,978130,92952,91184,7505,98689,1207
2021-02-07,Glenn,021,27897,2174,2141,481,2622,14
2021-02-07,Humboldt,023,135768,2943,2895,19,2914,28
2021-02-07,Imperial,025,180216,26805,26518,2564,29082,567
2021-02-07,Inyo,027,18085,1161,1124,1,1125,27
2021-02-07,Kern,029,883053,90411,88146,9417,97563,920
2021-02-07,Kings,031,150075,21526,21180,999,22179,192
2021-02-07,Lake,033,64148,3009,2940,1,2941,36
2021-02-07,Lassen,035,31185,5012,4973,92,5065,1
2021-02-07,Los Angeles,037,10098052,1145797,1117551,39785,1157336,17889
2021-02-07,Madera,039,155013,15095,14850,777,15627,93
2021-02-07,Marin,041,260295,12710,12571,153,12724,194
2021-02-07,Mariposa,043,17540,367,355,4,359,4
2021-02-07,Mendocino,045,87422,3494,3348,66,3414,38
2021-02-07,Merced,047,269075,27206,26977,796,27773,346
2021-02-07,Modoc,049,8938,330,317,107,424,3
2021-02-07,Mono,051,14174,1148,1165,13,1178,3
2021-02-07,Monterey,053,433212,40688,40113,1589,41702,283
2021-02-07,Napa,055,140530,8768,8701,31,8732,55
2021-02-07,Nevada,057,99092,3782,3643,151,3794,44
2021-02-07,Orange,059,3164182,241207,238155,10149,248304,3336
2021-02-07,Placer,061,380077,19833,18903,1073,19976,211
2021-02-07,Plumas,063,18699,628,584,11,595,2
2021-02-07,Riverside,065,2383286,277654,272301,13658,285959,3267
2021-02-07,Sacramento,067,1510023,90542,88919,1170,90089,1246
2021-02-07,San Benito,069,59416,5579,5548,83,5631,52
2021-02-07,San Bernardino,071,2135413,280866,274316,8749,283065,2587
2021-02-07,San Diego,073,3302833,255363,246561,12205,258766,2821
2021-02-07,San Francisco,075,870044,32923,32609,1022,33631,348
2021-02-07,San Joaquin,077,732212,64418,63051,2725,65776,929
2021-02-07,San Luis Obispo,079,281455,18754,18349,529,18878,214
2021-02-07,San Mateo,081,765935,38171,36984,391,37375,232
2021-02-07,Santa Barbara,083,443738,30944,29815,1073,30888,340
2021-02-07,Santa Clara,085,1922200,105840,105118,519,105637,1450
2021-02-07,Santa Cruz,087,273765,14837,13887,790,14677,161
2021-02-07,Shasta,089,179085,10604,10570,1170,11740,137
2021-02-07,Sierra,091,2930,47,43,14,57,0
2021-02-07,Siskiyou,093,43540,1383,1295,223,1518,4
2021-02-07,Solano,095,438530,28933,28567,338,28905,130
2021-02-07,Sonoma,097,501317,26775,26684,154,26838,257
2021-02-07,Stanislaus,099,539301,48484,47551,5246,52797,679
2021-02-07,Sutter,101,95872,8588,8515,83,8598,92
2021-02-07,Tehama,103,63373,4445,4396,497,4893,22
2021-02-07,Trinity,105,12862,374,264,49,313,3
2021-02-07,Tulare,107,460477,46362,45520,7695,53215,671
2021-02-07,Tuolumne,109,53932,3701,3619,29,3648,48
2021-02-07,Ventura,111,848112,74600,73759,2738,76497,561
2021-02-07,Yolo,113,214977,12412,12135,208,12343,162
2021-02-07,Yuba,115,75493,5288,5198,79,5277,35
2021-02-06,Alameda,001,1643700,77494,76170,1714,77884,922
2021-02-06,Alpine,003,1148,75,72,0,72,0
2021-02-06,Amador,005,37829,3359,3306,29,3335,33
2021-02-06,Butte,007,227075,10915,10480,1615,12095,150
2021-02-06,Calaveras,009,45235,1856,1832,12,1844,21
2021-02-06,Colusa,011,21464,1809,1791,239,2030,10
2021-02-06,Contra Costa,013,1133247,60248,58567,1062,59629,566
2021-02-06,Del Norte,015,27424,898,879,4,883,2
2021-02-06,El Dorado,017,186661,8764,8575,605,9180,86
2021-02-06,Fresno,019,978130,92840,90944,7483,98427,1207
2021-02-06,Glenn,021,27897,2173,2136,479,2615,14
2021-02-06,Humboldt,023,135768,2932,2880,19,2899,28
2021-02-06,Imperial,025,180216,26795,26514,2563,29077,567
2021-02-06,Inyo,027,18085,1158,1113,1,1114,27
2021-02-06,Kern,029,883053,90260,87919,9370,97289,912
2021-02-06,Kings,031,150075,21496,21156,999,22155,190
2021-02-06,Lake,033,64148,3004,2920,1,2921,34
2021-02-06,Lassen,035,31185,5008,4964,91,5055,1
2021-02-06,Los Angeles,037,10098052,1144448,1114718,39683,1154401,17793
2021-02-06,Madera,039,155013,15074,14807,775,15582,93
2021-02-06,Marin,041,260295,12691,12531,152,12683,194
2021-02-06,Mariposa,043,17540,366,355,3,358,4
2021-02-06,Mendocino,045,87422,3476,3316,65,3381,38
2021-02-06,Merced,047,269075,27121,26881,788,27669,346
2021-02-06,Modoc,049,8938,330,313,107,420,3
2021-02-06,Mono,051,14174,1147,1159,13,1172,3
2021-02-06,Monterey,053,433212,40632,39995,1581,41576,282
2021-02-06,Napa,055,140530,8755,8639,31,8670,55
2021-02-06,Nevada,057,99092,3770,3624,151,3775,43
2021-02-06,Orange,059,3164182,240845,237391,10113,247504,3293
2021-02-06,Placer,061,380077,19796,18836,1070,19906,211
2021-02-06,Plumas,063,18699,628,584,11,595,2
2021-02-06,Riverside,065,2383286,277295,271741,13638,285379,3243
2021-02-06,Sacramento,067,1510023,90325,88532,1161,89693,1237
2021-02-06,San Benito,069,59416,5561,5516,83,5599,52
2021-02-06,San Bernardino,071,2135413,280562,273718,8726,282444,2564
2021-02-06,San Diego,073,3302833,254867,245331,12170,257501,2812
2021-02-06,San Francisco,075,870044,32850,32437,1011,33448,346
2021-02-06,San Joaquin,077,732212,64341,62840,2712,65552,906
2021-02-06,San Luis Obispo,079,281455,18712,18284,525,18809,214
2021-02-06,San Mateo,081,765935,38103,36824,388,37212,232
2021-02-06,Santa Barbara,083,443738,30869,29645,1071,30716,337
2021-02-06,Santa Clara,085,1922200,105619,104639,514,105153,1439
2021-02-06,Santa Cruz,087,273765,14806,13845,786,14631,161
2021-02-06,Shasta,089,179085,10593,10561,1168,11729,137
2021-02-06,Sierra,091,2930,47,43,14,57,0
2021-02-06,Siskiyou,093,43540,1380,1289,222,1511,4
2021-02-06,Solano,095,438530,28897,28446,337,28783,129
2021-02-06,Sonoma,097,501317,26739,26564,152,26716,257
2021-02-06,Stanislaus,099,539301,48386,47325,5230,52555,679
2021-02-06,Sutter,101,95872,8580,8485,83,8568,92
2021-02-06,Tehama,103,63373,4438,4380,495,4875,22
2021-02-06,Trinity,105,12862,374,263,49,312,3
2021-02-06,Tulare,107,460477,46297,45349,7645,52994,664
2021-02-06,Tuolumne,109,53932,3694,3612,29,3641,48
2021-02-06,Ventura,111,848112,74420,73431,2732,76163,552
2021-02-06,Yolo,113,214977,12389,12061,208,12269,161
2021-02-06,Yuba,115,75493,5278,5177,78,5255,35
2021-02-05,Alameda,001,1643700,77268,75716,1711,77427,916
2021-02-05,Alpine,003,1148,75,72,0,72,0
2021-02-05,Amador,005,37829,3354,3299,28,3327,33
2021-02-05,Butte,007,227075,10897,10421,1609,12030,150
2021-02-05,Calaveras,009,45235,1852,1818,12,1830,21
2021-02-05,Colusa,011,21464,1805,1785,239,2024,10
2021-02-05,Contra Costa,013,1133247,60087,58195,1060,59255,560
2021-02-05,Del Norte,015,27424,897,874,4,878,2
2021-02-05,El Dorado,017,186661,8744,8527,603,9130,86
2021-02-05,Fresno,019,978130,92638,90513,7462,97975,1194
2021-02-05,Glenn,021,27897,2167,2122,474,2596,14
2021-02-05,Humboldt,023,135768,2922,2857,19,2876,28
2021-02-05,Imperial,025,180216,26776,26474,2563,29037,557
2021-02-05,Inyo,027,18085,1154,1104,1,1105,27
2021-02-05,Kern,029,883053,90091,87470,9303,96773,906
2021-02-05,Kings,031,150075,21459,21021,995,22016,190
2021-02-05,Lake,033,64148,2992,2906,1,2907,33
2021-02-05,Lassen,035,31185,5004,4936,91,5027,1
2021-02-05,Los Angeles,037,10098052,1142360,1110384,39541,1149925,17608
2021-02-05,Madera,039,155013,15040,14752,770,15522,95
2021-02-05,Marin,041,260295,12656,12479,152,12631,193
2021-02-05,Mariposa,043,17540,366,352,3,355,4
2021-02-05,Mendocino,045,87422,3462,3272,65,3337,38
2021-02-05,Merced,047,269075,27061,26760,787,27547,345
2021-02-05,Modoc,049,8938,330,312,107,419,3
2021-02-05,Mono,051,14174,1146,1157,13,1170,3
2021-02-05,Monterey,053,433212,40568,39840,1570,41410,281
2021-02-05,Napa,055,140530,8741,8598,31,8629,55
2021-02-05,Nevada,057,99092,3767,3607,151,3758,43
2021-02-05,Orange,059,3164182,240420,236335,10084,246419,3260
2021-02-05,Placer,061,380077,19761,18756,1068,19824,211
2021-02-05,Plumas,063,18699,626,578,11,589,2
2021-02-05,Riverside,065,2383286,276889,270666,13619,284285,3235
2021-02-05,Sacramento,067,1510023,90145,87992,1154,89146,1231
2021-02-05,San Benito,069,59416,5550,5502,83,5585,51
2021-02-05,San Bernardino,071,2135413,280224,272938,8708,281646,2495
2021-02-05,San Diego,073,3302833,254291,244066,12135,256201,2777
2021-02-05,San Francisco,075,870044,32761,32229,999,33228,337
2021-02-05,San Joaquin,077,732212,64193,62565,2704,65269,902
2021-02-05,San Luis Obispo,079,281455,18651,18152,521,18673,213
2021-02-05,San Mateo,081,765935,38019,36582,387,36969,227
2021-02-05,Santa Barbara,083,443738,30776,29455,1056,30511,334
2021-02-05,Santa Clara,085,1922200,105371,104112,512,104624,1421
2021-02-05,Santa Cruz,087,273765,14785,13776,784,14560,161
2021-02-05,Shasta,089,179085,10577,10507,1161,11668,136
2021-02-05,Sierra,091,2930,47,42,14,56,0
2021-02-05,Siskiyou,093,43540,1373,1276,220,1496,4
2021-02-05,Solano,095,438530,28847,28283,337,28620,127
2021-02-05,Sonoma,097,501317,26670,26423,149,26572,252
2021-02-05,Stanislaus,099,539301,48244,47024,5212,52236,678
2021-02-05,Sutter,101,95872,8560,8443,83,8526,92
2021-02-05,Tehama,103,63373,4430,4355,495,4850,22
2021-02-05,Trinity,105,12862,373,260,49,309,3
2021-02-05,Tulare,107,460477,46221,45138,7594,52732,663
2021-02-05,Tuolumne,109,53932,3668,3595,29,3624,45
2021-02-05,Ventura,111,848112,74175,72953,2721,75674,546
2021-02-05,Yolo,113,214977,12370,12025,203,12228,162
2021-02-05,Yuba,115,75493,5261,5145,78,5223,35
2021-02-04,Alameda,001,1643700,76983,75422,1705,77127,899
2021-02-04,Alpine,003,1148,74,72,0,72,0
2021-02-04,Amador,005,37829,3351,3288,28,3316,33
2021-02-04,Butte,007,227075,10865,10386,1599,11985,147
2021-02-04,Calaveras,009,45235,1850,1808,12,1820,21
2021-02-04,Colusa,011,21464,1801,1777,237,2014,10
2021-02-04,Contra Costa,013,1133247,59898,57991,1056,59047,550
2021-02-04,Del Norte,015,27424,891,870,4,874,2
2021-02-04,El Dorado,017,186661,8718,8490,600,9090,86
2021-02-04,Fresno,019,978130,92424,90126,7435,97561,1114
2021-02-04,Glenn,021,27897,2163,2102,474,2576,14
2021-02-04,Humboldt,023,135768,2912,2827,19,2846,28
2021-02-04,Imperial,025,180216,26729,26411,2561,28972,556
2021-02-04,Inyo,027,18085,1142,1084,1,1085,27
2021-02-04,Kern,029,883053,89819,87156,9224,96380,898
2021-02-04,Kings,031,150075,21409,20918,987,21905,187
2021-02-04,Lake,033,64148,2980,2882,1,2883,34
2021-02-04,Lassen,035,31185,5001,4927,91,5018,1
2021-02-04,Los Angeles,037,10098052,1139574,1106323,39410,1145733,17396
2021-02-04,Madera,039,155013,15011,14706,766,15472,95
2021-02-04,Marin,041,260295,12620,12431,152,12583,192
2021-02-04,Mariposa,043,17540,366,348,3,351,4
2021-02-04,Mendocino,045,87422,3444,3240,63,3303,38
2021-02-04,Merced,047,269075,26968,26629,784,27413,345
2021-02-04,Modoc,049,8938,330,309,107,416,3
2021-02-04,Mono,051,14174,1144,1153,13,1166,3
2021-02-04,Monterey,053,433212,40460,39619,1552,41171,279
2021-02-04,Napa,055,140530,8712,8573,31,8604,55
2021-02-04,Nevada,057,99092,3747,3590,150,3740,37
2021-02-04,Orange,059,3164182,239778,235677,10042,245719,3238
2021-02-04,Placer,061,380077,19701,18711,1059,19770,210
2021-02-04,Plumas,063,18699,623,562,11,573,2
2021-02-04,Riverside,065,2383286,276150,269851,13579,283430,3230
2021-02-04,Sacramento,067,1510023,89845,87658,1143,88801,1222
2021-02-04,San Benito,069,59416,5536,5488,82,5570,51
2021-02-04,San Bernardino,071,2135413,279675,272223,8688,280911,2409
2021-02-04,San Diego,073,3302833,253503,242613,12069,254682,2738
2021-02-04,San Francisco,075,870044,32647,32116,990,33106,326
2021-02-04,San Joaquin,077,732212,63968,62374,2696,65070,883
2021-02-04,San Luis Obispo,079,281455,18585,18058,518,18576,211
2021-02-04,San Mateo,081,765935,37899,36437,384,36821,226
2021-02-04,Santa Barbara,083,443738,30644,29344,1038,30382,322
2021-02-04,Santa Clara,085,1922200,105022,103781,509,104290,1404
2021-02-04,Santa Cruz,087,273765,14752,13713,776,14489,156
2021-02-04,Shasta,089,179085,10550,10466,1156,11622,131
2021-02-04,Sierra,091,2930,47,42,14,56,0
2021-02-04,Siskiyou,093,43540,1364,1273,220,1493,4
2021-02-04,Solano,095,438530,28744,28192,336,28528,120
2021-02-04,Sonoma,097,501317,26588,26276,145,26421,249
2021-02-04,Stanislaus,099,539301,48082,46822,5191,52013,678
2021-02-04,Sutter,101,95872,8540,8401,83,8484,92
2021-02-04,Tehama,103,63373,4414,4327,495,4822,21
2021-02-04,Trinity,105,12862,372,260,48,308,3
2021-02-04,Tulare,107,460477,46097,44983,7527,52510,656
2021-02-04,Tuolumne,109,53932,3628,3585,29,3614,45
2021-02-04,Ventura,111,848112,73843,72595,2708,75303,537
2021-02-04,Yolo,113,214977,12336,11982,202,12184,161
2021-02-04,Yuba,115,75493,5235,5135,78,5213,34
2021-02-03,Alameda,001,1643700,76649,74968,1701,76669,880
2021-02-03,Alpine,003,1148,74,72,0,72,0
2021-02-03,Amador,005,37829,3347,3281,28,3309,33
2021-02-03,Butte,007,227075,10829,10355,1592,11947,144
2021-02-03,Calaveras,009,45235,1836,1799,11,1810,21
2021-02-03,Colusa,011,21464,1796,1773,236,2009,10
2021-02-03,Contra Costa,013,1133247,59659,57762,1044,58806,537
2021-02-03,Del Norte,015,27424,886,869,4,873,2
2021-02-03,El Dorado,017,186661,8698,8428,599,9027,86
2021-02-03,Fresno,019,978130,92204,89748,7395,97143,1015
2021-02-03,Glenn,021,27897,2154,2098,472,2570,14
2021-02-03,Humboldt,023,135768,2902,2800,19,2819,27
2021-02-03,Imperial,025,180216,26695,26363,2555,28918,547
2021-02-03,Inyo,027,18085,1132,1071,1,1072,27
2021-02-03,Kern,029,883053,89577,86771,9183,95954,877
2021-02-03,Kings,031,150075,21350,20831,983,21814,172
2021-02-03,Lake,033,64148,2963,2869,1,2870,33
2021-02-03,Lassen,035,31185,4990,4910,91,5001,1
2021-02-03,Los Angeles,037,10098052,1136510,1101890,39277,1141167,17163
2021-02-03,Madera,039,155013,14973,14605,764,15369,94
2021-02-03,Marin,041,260295,12586,12406,152,12558,190
2021-02-03,Mariposa,043,17540,365,347,3,350,4
2021-02-03,Mendocino,045,87422,3418,3236,62,3298,38
2021-02-03,Merced,047,269075,26852,26520,779,27299,343
2021-02-03,Modoc,049,8938,329,308,107,415,3
2021-02-03,Mono,051,14174,1137,1146,13,1159,3
2021-02-03,Monterey,053,433212,40332,39500,1534,41034,279
2021-02-03,Napa,055,140530,8677,8534,31,8565,54
2021-02-03,Nevada,057,99092,3733,3572,150,3722,35
2021-02-03,Orange,059,3164182,239035,234738,10010,244748,3189
2021-02-03,Placer,061,380077,19645,18646,1057,19703,210
2021-02-03,Plumas,063,18699,623,559,11,570,2
2021-02-03,Riverside,065,2383286,275426,269019,13547,282566,3195
2021-02-03,Sacramento,067,1510023,89522,87415,1139,88554,1212
2021-02-03,San Benito,069,59416,5518,5463,79,5542,51
2021-02-03,San Bernardino,071,2135413,279194,271477,8663,280140,2308
2021-02-03,San Diego,073,3302833,252602,241015,12022,253037,2683
2021-02-03,San Francisco,075,870044,32517,31983,985,32968,325
2021-02-03,San Joaquin,077,732212,63743,61976,2685,64661,880
2021-02-03,San Luis Obispo,079,281455,18508,17922,515,18437,206
2021-02-03,San Mateo,081,765935,37761,36227,380,36607,225
2021-02-03,Santa Barbara,083,443738,30498,29121,1028,30149,315
2021-02-03,Santa Clara,085,1922200,104706,103278,505,103783,1364
2021-02-03,Santa Cruz,087,273765,14698,13611,768,14379,154
2021-02-03,Shasta,089,179085,10507,10422,1151,11573,130
2021-02-03,Sierra,091,2930,47,42,14,56,0
2021-02-03,Siskiyou,093,43540,1353,1268,219,1487,4
2021-02-03,Solano,095,438530,28622,28057,336,28393,119
2021-02-03,Sonoma,097,501317,26503,26155,144,26299,248
2021-02-03,Stanislaus,099,539301,47908,46598,5171,51769,662
2021-02-03,Sutter,101,95872,8515,8379,83,8462,90
2021-02-03,Tehama,103,63373,4392,4309,492,4801,21
2021-02-03,Trinity,105,12862,372,260,47,307,3
2021-02-03,Tulare,107,460477,45931,44838,7466,52304,640
2021-02-03,Tuolumne,109,53932,3617,3568,29,3597,45
2021-02-03,Ventura,111,848112,73507,72124,2696,74820,526
2021-02-03,Yolo,113,214977,12312,11933,201,12134,161
2021-02-03,Yuba,115,75493,5217,5124,78,5202,34
2021-02-02,Alameda,001,1643700,76305,74642,1686,76328,869
2021-02-02,Alpine,003,1148,74,72,0,72,0
2021-02-02,Amador,005,37829,3316,3275,28,3303,33
2021-02-02,Butte,007,227075,10802,10307,1584,11891,141
2021-02-02,Calaveras,009,45235,1827,1786,11,1797,21
2021-02-02,Colusa,011,21464,1788,1769,231,2000,9
2021-02-02,Contra Costa,013,1133247,59380,57551,1039,58590,536
2021-02-02,Del Norte,015,27424,880,868,4,872,2
2021-02-02,El Dorado,017,186661,8658,8405,599,9004,84
2021-02-02,Fresno,019,978130,91903,89542,7360,96902,1009
2021-02-02,Glenn,021,27897,2143,2090,468,2558,14
2021-02-02,Humboldt,023,135768,2890,2784,19,2803,25
2021-02-02,Imperial,025,180216,26644,26317,2550,28867,535
2021-02-02,Inyo,027,18085,1129,1074,1,1075,27
2021-02-02,Kern,029,883053,89276,86485,9106,95591,867
2021-02-02,Kings,031,150075,21273,20785,974,21759,172
2021-02-02,Lake,033,64148,2943,2857,1,2858,33
2021-02-02,Lassen,035,31185,4983,4908,91,4999,1
2021-02-02,Los Angeles,037,10098052,1133141,1097573,39107,1136680,16913
2021-02-02,Madera,039,155013,14923,14595,759,15354,94
2021-02-02,Marin,041,260295,12557,12367,152,12519,189
2021-02-02,Mariposa,043,17540,362,345,3,348,4
2021-02-02,Mendocino,045,87422,3385,3210,62,3272,38
2021-02-02,Merced,047,269075,26756,26427,771,27198,340
2021-02-02,Modoc,049,8938,324,306,107,413,3
2021-02-02,Mono,051,14174,1135,1147,13,1160,3
2021-02-02,Monterey,053,433212,40197,39371,1520,40891,278
2021-02-02,Napa,055,140530,8648,8505,31,8536,53
2021-02-02,Nevada,057,99092,3718,3548,150,3698,20
2021-02-02,Orange,059,3164182,238237,233783,9974,243757,3152
2021-02-02,Placer,061,380077,19585,18615,1053,19668,205
2021-02-02,Plumas,063,18699,623,560,11,571,2
2021-02-02,Riverside,065,2383286,274590,267901,13513,281414,3169
2021-02-02,Sacramento,067,1510023,89233,87107,1128,88235,1202
2021-02-02,San Benito,069,59416,5504,5444,78,5522,50
2021-02-02,San Bernardino,071,2135413,278521,270486,8631,279117,2244
2021-02-02,San Diego,073,3302833,251565,240047,11936,251983,2629
2021-02-02,San Francisco,075,870044,32362,31788,974,32762,324
2021-02-02,San Joaquin,077,732212,63524,61708,2670,64378,878
2021-02-02,San Luis Obispo,079,281455,18414,17811,513,18324,201
2021-02-02,San Mateo,081,765935,37597,36004,374,36378,225
2021-02-02,Santa Barbara,083,443738,30329,28951,1021,29972,304
2021-02-02,Santa Clara,085,1922200,104243,102872,500,103372,1349
2021-02-02,Santa Cruz,087,273765,14639,13572,764,14336,150
2021-02-02,Shasta,089,179085,10482,10371,1140,11511,128
2021-02-02,Sierra,091,2930,47,42,14,56,0
2021-02-02,Siskiyou,093,43540,1346,1252,216,1468,4
2021-02-02,Solano,095,438530,28526,27963,332,28295,118
2021-02-02,Sonoma,097,501317,26386,26054,144,26198,247
2021-02-02,Stanislaus,099,539301,47689,46306,5138,51444,641
2021-02-02,Sutter,101,95872,8492,8340,83,8423,89
2021-02-02,Tehama,103,63373,4379,4289,490,4779,21
2021-02-02,Trinity,105,12862,372,260,47,307,3
2021-02-02,Tulare,107,460477,45777,44720,7398,52118,625
2021-02-02,Tuolumne,109,53932,3605,3548,29,3577,39
2021-02-02,Ventura,111,848112,73089,71557,2686,74243,514
2021-02-02,Yolo,113,214977,12267,11886,194,12080,158
2021-02-02,Yuba,115,75493,5199,5111,78,5189,34
2021-02-01,Alameda,001,1643700,75950,74374,1680,76054,858
2021-02-01,Alpine,003,1148,74,72,0,72,0
2021-02-01,Amador,005,37829,3305,3234,28,3262,32
2021-02-01,Butte,007,227075,10760,10263,1580,11843,141
2021-02-01,Calaveras,009,45235,1819,1785,11,1796,21
2021-02-01,Colusa,011,21464,1783,1763,222,1985,9
2021-02-01,Contra Costa,013,1133247,59135,57324,1038,58362,531
2021-02-01,Del Norte,015,27424,877,865,4,869,2
2021-02-01,El Dorado,017,186661,8619,8337,599,8936,83
2021-02-01,Fresno,019,978130,91574,89272,7322,96594,994
2021-02-01,Glenn,021,27897,2128,2086,460,2546,14
2021-02-01,Humboldt,023,135768,2868,2773,18,2791,25
2021-02-01,Imperial,025,180216,26601,26224,2548,28772,530
2021-02-01,Inyo,027,18085,1119,1072,1,1073,27
2021-02-01,Kern,029,883053,88881,86170,9035,95205,862
2021-02-01,Kings,031,150075,21183,20746,965,21711,172
2021-02-01,Lake,033,64148,2927,2843,1,2844,33
2021-02-01,Lassen,035,31185,4963,4907,91,4998,1
2021-02-01,Los Angeles,037,10098052,1129333,1094341,38929,1133270,16695
2021-02-01,Madera,039,155013,14888,14572,756,15328,94
2021-02-01,Marin,041,260295,12519,12341,151,12492,188
2021-02-01,Mariposa,043,17540,360,344,3,347,4
2021-02-01,Mendocino,045,87422,3352,3192,62,3254,37
2021-02-01,Merced,047,269075,26630,26282,762,27044,337
2021-02-01,Modoc,049,8938,318,303,103,406,1
2021-02-01,Mono,051,14174,1132,1145,13,1158,3
2021-02-01,Monterey,053,433212,40016,39196,1498,40694,278
2021-02-01,Napa,055,140530,8616,8449,31,8480,52
2021-02-01,Nevada,057,99092,3701,3535,149,3684,20
2021-02-01,Orange,059,3164182,237327,233155,9928,243083,3100
2021-02-01,Placer,061,380077,19516,18574,1046,19620,204
2021-02-01,Plumas,063,18699,621,554,11,565,2
2021-02-01,Riverside,065,2383286,273680,267025,13476,280501,3092
2021-02-01,Sacramento,067,1510023,88833,86856,1116,87972,1193
2021-02-01,San Benito,069,59416,5486,5432,78,5510,48
2021-02-01,San Bernardino,071,2135413,277830,270012,8589,278601,2172
2021-02-01,San Diego,073,3302833,250342,239121,11860,250981,2619
2021-02-01,San Francisco,075,870044,32228,31703,962,32665,324
2021-02-01,San Joaquin,077,732212,63320,61542,2659,64201,877
2021-02-01,San Luis Obispo,079,281455,18296,17690,505,18195,199
2021-02-01,San Mateo,081,765935,37448,35843,374,36217,220
2021-02-01,Santa Barbara,083,443738,30160,28837,1013,29850,297
2021-02-01,Santa Clara,085,1922200,103828,102462,499,102961,1343
2021-02-01,Santa Cruz,087,273765,14586,13524,762,14286,149
2021-02-01,Shasta,089,179085,10457,10329,1134,11463,112
2021-02-01,Sierra,091,2930,47,42,14,56,0
2021-02-01,Siskiyou,093,43540,1339,1238,213,1451,4
2021-02-01,Solano,095,438530,28421,27844,331,28175,117
2021-02-01,Sonoma,097,501317,26298,26011,143,26154,243
2021-02-01,Stanislaus,099,539301,47431,46112,5110,51222,642
2021-02-01,Sutter,101,95872,8452,8313,83,8396,89
2021-02-01,Tehama,103,63373,4355,4263,490,4753,21
2021-02-01,Trinity,105,12862,370,260,47,307,3
2021-02-01,Tulare,107,460477,45633,44569,7316,51885,618
2021-02-01,Tuolumne,109,53932,3597,3534,29,3563,39
2021-02-01,Ventura,111,848112,72682,71104,2670,73774,502
2021-02-01,Yolo,113,214977,12223,11824,186,12010,151
2021-02-01,Yuba,115,75493,5186,5084,77,5161,33
2021-01-31,Alameda,001,1643700,75522,73979,1672,75651,857
2021-01-31,Alpine,003,1148,74,72,0,72,0
2021-01-31,Amador,005,37829,3295,3212,26,3238,32
2021-01-31,Butte,007,227075,10718,10215,1569,11784,140
2021-01-31,Calaveras,009,45235,1796,1778,11,1789,21
2021-01-31,Colusa,011,21464,1776,1754,217,1971,9
2021-01-31,Contra Costa,013,1133247,58804,57079,1038,58117,531
2021-01-31,Del Norte,015,27424,875,865,4,869,2
2021-01-31,El Dorado,017,186661,8583,8317,596,8913,83
2021-01-31,Fresno,019,978130,91262,88852,7270,96122,994
2021-01-31,Glenn,021,27897,2117,2083,459,2542,14
2021-01-31,Humboldt,023,135768,2852,2767,18,2785,25
2021-01-31,Imperial,025,180216,26530,26206,2538,28744,530
2021-01-31,Inyo,027,18085,1106,1072,1,1073,27
2021-01-31,Kern,029,883053,88387,85872,8946,94818,861
2021-01-31,Kings,031,150075,21100,20709,952,21661,172
2021-01-31,Lake,033,64148,2906,2826,1,2827,33
2021-01-31,Lassen,035,31185,4947,4900,91,4991,1
2021-01-31,Los Angeles,037,10098052,1124729,1090304,38716,1129020,16609
2021-01-31,Madera,039,155013,14834,14496,748,15244,94
2021-01-31,Marin,041,260295,12472,12297,147,12444,185
2021-01-31,Mariposa,043,17540,358,344,3,347,4
2021-01-31,Mendocino,045,87422,3329,3181,61,3242,37
2021-01-31,Merced,047,269075,26486,26222,757,26979,337
2021-01-31,Modoc,049,8938,315,304,101,405,1
2021-01-31,Mono,051,14174,1129,1146,13,1159,3
2021-01-31,Monterey,053,433212,39837,39035,1470,40505,278
2021-01-31,Napa,055,140530,8574,8404,31,8435,52
2021-01-31,Nevada,057,99092,3679,3518,147,3665,20
2021-01-31,Orange,059,3164182,236310,232347,9887,242234,3053
2021-01-31,Placer,061,380077,19443,18506,1034,19540,204
2021-01-31,Plumas,063,18699,620,554,11,565,2
2021-01-31,Riverside,065,2383286,272710,266145,13428,279573,3074
2021-01-31,Sacramento,067,1510023,88394,86560,1100,87660,1186
2021-01-31,San Benito,069,59416,5464,5425,76,5501,48
2021-01-31,San Bernardino,071,2135413,276792,269533,8556,278089,2156
2021-01-31,San Diego,073,3302833,249029,238039,11746,249785,2619
2021-01-31,San Francisco,075,870044,32038,31563,950,32513,323
2021-01-31,San Joaquin,077,732212,62917,61379,2649,64028,877
2021-01-31,San Luis Obispo,079,281455,18162,17615,500,18115,199
2021-01-31,San Mateo,081,765935,37258,35659,371,36030,219
2021-01-31,Santa Barbara,083,443738,29921,28570,1004,29574,297
2021-01-31,Santa Clara,085,1922200,103279,101986,490,102476,1330
2021-01-31,Santa Cruz,087,273765,14490,13469,748,14217,149
2021-01-31,Shasta,089,179085,10412,10313,1125,11438,112
2021-01-31,Sierra,091,2930,46,43,14,57,0
2021-01-31,Siskiyou,093,43540,1329,1238,213,1451,4
2021-01-31,Solano,095,438530,28291,27678,331,28009,118
2021-01-31,Sonoma,097,501317,26195,25925,142,26067,243
2021-01-31,Stanislaus,099,539301,47148,45971,5069,51040,642
2021-01-31,Sutter,101,95872,8407,8289,83,8372,89
2021-01-31,Tehama,103,63373,4335,4256,489,4745,21
2021-01-31,Trinity,105,12862,368,260,47,307,3
2021-01-31,Tulare,107,460477,45466,44440,7234,51674,618
2021-01-31,Tuolumne,109,53932,3558,3519,29,3548,39
2021-01-31,Ventura,111,848112,72087,70635,2657,73292,502
2021-01-31,Yolo,113,214977,12162,11771,180,11951,151
2021-01-31,Yuba,115,75493,5166,5071,76,5147,33
2021-01-30,Alameda,001,1643700,75318,73622,1667,75289,850
2021-01-30,Alpine,003,1148,74,72,0,72,0
2021-01-30,Amador,005,37829,3291,3181,26,3207,32
2021-01-30,Butte,007,227075,10683,10177,1560,11737,139
2021-01-30,Calaveras,009,45235,1783,1763,11,1774,21
2021-01-30,Colusa,011,21464,1774,1748,217,1965,9
2021-01-30,Contra Costa,013,1133247,58619,56763,1034,57797,531
2021-01-30,Del Norte,015,27424,874,865,4,869,2
2021-01-30,El Dorado,017,186661,8563,8299,595,8894,83
2021-01-30,Fresno,019,978130,91084,88476,7250,95726,964
2021-01-30,Glenn,021,27897,2114,2074,457,2531,14
2021-01-30,Humboldt,023,135768,2841,2742,18,2760,24
2021-01-30,Imperial,025,180216,26509,26160,2537,28697,530
2021-01-30,Inyo,027,18085,1102,1068,1,1069,27
2021-01-30,Kern,029,883053,88186,85572,8880,94452,848
2021-01-30,Kings,031,150075,21030,20605,946,21551,169
2021-01-30,Lake,033,64148,2900,2809,1,2810,33
2021-01-30,Lassen,035,31185,4944,4890,91,4981,1
2021-01-30,Los Angeles,037,10098052,1122364,1084763,38570,1123333,16484
2021-01-30,Madera,039,155013,14792,14443,743,15186,94
2021-01-30,Marin,041,260295,12444,12225,146,12371,185
2021-01-30,Mariposa,043,17540,356,344,3,347,4
2021-01-30,Mendocino,045,87422,3315,3153,60,3213,36
2021-01-30,Merced,047,269075,26411,26078,756,26834,335
2021-01-30,Modoc,049,8938,315,303,101,404,1
2021-01-30,Mono,051,14174,1129,1143,13,1156,3
2021-01-30,Monterey,053,433212,39776,38847,1467,40314,277
2021-01-30,Napa,055,140530,8558,8342,31,8373,52
2021-01-30,Nevada,057,99092,3660,3499,147,3646,20
2021-01-30,Orange,059,3164182,235766,231358,9848,241206,3013
2021-01-30,Placer,061,380077,19392,18430,1028,19458,205
2021-01-30,Plumas,063,18699,618,554,11,565,2
2021-01-30,Riverside,065,2383286,272121,265137,13395,278532,3061
2021-01-30,Sacramento,067,1510023,88202,86388,1094,87482,1184
2021-01-30,San Benito,069,59416,5446,5401,75,5476,48
2021-01-30,San Bernardino,071,2135413,276379,268660,8537,277197,2122
2021-01-30,San Diego,073,3302833,248271,236765,11704,248469,2603
2021-01-30,San Francisco,075,870044,31938,31427,946,32373,316
2021-01-30,San Joaquin,077,732212,62783,61120,2639,63759,864
2021-01-30,San Luis Obispo,079,281455,18084,17522,497,18019,198
2021-01-30,San Mateo,081,765935,37119,35451,370,35821,219
2021-01-30,Santa Barbara,083,443738,29780,28342,1000,29342,296
2021-01-30,Santa Clara,085,1922200,102930,101471,487,101958,1307
2021-01-30,Santa Cruz,087,273765,14450,13383,747,14130,149
2021-01-30,Shasta,089,179085,10394,10283,1121,11404,112
2021-01-30,Sierra,091,2930,46,43,14,57,0
2021-01-30,Siskiyou,093,43540,1327,1236,211,1447,4
2021-01-30,Solano,095,438530,28208,27511,329,27840,118
2021-01-30,Sonoma,097,501317,26147,25810,139,25949,243
2021-01-30,Stanislaus,099,539301,47019,45697,5045,50742,642
2021-01-30,Sutter,101,95872,8391,8226,83,8309,87
2021-01-30,Tehama,103,63373,4321,4229,488,4717,21
2021-01-30,Trinity,105,12862,368,259,47,306,3
2021-01-30,Tulare,107,460477,45332,44203,7196,51399,615
2021-01-30,Tuolumne,109,53932,3554,3508,29,3537,36
2021-01-30,Ventura,111,848112,71776,69931,2640,72571,493
2021-01-30,Yolo,113,214977,12149,11698,178,11876,151
2021-01-30,Yuba,115,75493,5156,5042,75,5117,33
2021-01-29,Alameda,001,1643700,75046,73210,1660,74870,841
2021-01-29,Alpine,003,1148,74,72,0,72,0
2021-01-29,Amador,005,37829,3279,3134,25,3159,32
2021-01-29,Butte,007,227075,10652,10122,1550,11672,138
2021-01-29,Calaveras,009,45235,1776,1757,11,1768,21
2021-01-29,Colusa,011,21464,1770,1734,216,1950,8
2021-01-29,Contra Costa,013,1133247,58445,56318,1032,57350,529
2021-01-29,Del Norte,015,27424,873,865,4,869,2
2021-01-29,El Dorado,017,186661,8546,8231,594,8825,83
2021-01-29,Fresno,019,978130,90871,87936,7211,95147,962
2021-01-29,Glenn,021,27897,2109,2061,456,2517,14
2021-01-29,Humboldt,023,135768,2828,2707,18,2725,24
2021-01-29,Imperial,025,180216,26494,26045,2534,28579,521
2021-01-29,Inyo,027,18085,1090,1048,1,1049,27
2021-01-29,Kern,029,883053,87961,85044,8827,93871,836
2021-01-29,Kings,031,150075,20991,20466,941,21407,169
2021-01-29,Lake,033,64148,2891,2792,1,2793,32
2021-01-29,Lassen,035,31185,4941,4874,91,4965,1
2021-01-29,Los Angeles,037,10098052,1118900,1078329,38413,1116742,16190
2021-01-29,Madera,039,155013,14741,14377,743,15120,94
2021-01-29,Marin,041,260295,12401,12145,145,12290,185
2021-01-29,Mariposa,043,17540,355,342,3,345,4
2021-01-29,Mendocino,045,87422,3306,3131,59,3190,36
2021-01-29,Merced,047,269075,26336,25865,752,26617,334
2021-01-29,Modoc,049,8938,314,297,101,398,1
2021-01-29,Mono,051,14174,1127,1139,13,1152,3
2021-01-29,Monterey,053,433212,39657,38539,1458,39997,277
2021-01-29,Napa,055,140530,8526,8276,31,8307,52
2021-01-29,Nevada,057,99092,3651,3487,146,3633,20
2021-01-29,Orange,059,3164182,235086,229917,9809,239726,2967
2021-01-29,Placer,061,380077,19337,18367,1024,19391,203
2021-01-29,Plumas,063,18699,617,548,11,559,2
2021-01-29,Riverside,065,2383286,271330,263504,13360,276864,3008
2021-01-29,Sacramento,067,1510023,87947,86320,1090,87410,1169
2021-01-29,San Benito,069,59416,5438,5386,75,5461,48
2021-01-29,San Bernardino,071,2135413,275865,267490,8495,275985,2095
2021-01-29,San Diego,073,3302833,247329,234637,11626,246263,2571
2021-01-29,San Francisco,075,870044,31797,31294,937,32231,307
2021-01-29,San Joaquin,077,732212,62637,60899,2624,63523,858
2021-01-29,San Luis Obispo,079,281455,18024,17440,492,17932,193
2021-01-29,San Mateo,081,765935,36986,35223,367,35590,218
2021-01-29,Santa Barbara,083,443738,29650,28105,994,29099,291
2021-01-29,Santa Clara,085,1922200,102565,101010,485,101495,1273
2021-01-29,Santa Cruz,087,273765,14397,13311,744,14055,148
2021-01-29,Shasta,089,179085,10377,10220,1117,11337,112
2021-01-29,Sierra,091,2930,46,43,14,57,0
2021-01-29,Siskiyou,093,43540,1326,1227,211,1438,4
2021-01-29,Solano,095,438530,28122,27352,326,27678,116
2021-01-29,Sonoma,097,501317,26085,25710,138,25848,243
2021-01-29,Stanislaus,099,539301,46871,45466,5026,50492,642
2021-01-29,Sutter,101,95872,8372,8181,83,8264,87
2021-01-29,Tehama,103,63373,4308,4191,486,4677,20
2021-01-29,Trinity,105,12862,368,260,47,307,3
2021-01-29,Tulare,107,460477,45227,43925,7155,51080,606
2021-01-29,Tuolumne,109,53932,3544,3483,29,3512,36
2021-01-29,Ventura,111,848112,71352,69511,2626,72137,484
2021-01-29,Yolo,113,214977,12111,11612,177,11789,151
2021-01-29,Yuba,115,75493,5140,5018,75,5093,32
2021-01-28,Alameda,001,1643700,74615,72758,1652,74410,833
2021-01-28,Alpine,003,1148,74,72,0,72,0
2021-01-28,Amador,005,37829,3242,3124,25,3149,31
2021-01-28,Butte,007,227075,10612,10037,1539,11576,138
2021-01-28,Calaveras,009,45235,1761,1747,10,1757,21
2021-01-28,Colusa,011,21464,1763,1731,212,1943,8
2021-01-28,Contra Costa,013,1133247,58201,55999,1022,57021,525
2021-01-28,Del Norte,015,27424,872,862,4,866,2
2021-01-28,El Dorado,017,186661,8533,8198,589,8787,79
2021-01-28,Fresno,019,978130,90585,87401,7160,94561,949
2021-01-28,Glenn,021,27897,2104,2043,447,2490,14
2021-01-28,Humboldt,023,135768,2811,2686,18,2704,24
2021-01-28,Imperial,025,180216,26450,25984,2527,28511,517
2021-01-28,Inyo,027,18085,1085,1039,1,1040,27
2021-01-28,Kern,029,883053,87633,84708,8740,93448,817
2021-01-28,Kings,031,150075,20932,20328,936,21264,167
2021-01-28,Lake,033,64148,2876,2772,1,2773,32
2021-01-28,Lassen,035,31185,4935,4865,91,4956,1
2021-01-28,Los Angeles,037,10098052,1115024,1072412,38213,1110625,15967
2021-01-28,Madera,039,155013,14685,14301,739,15040,94
2021-01-28,Marin,041,260295,12348,12079,144,12223,183
2021-01-28,Mariposa,043,17540,355,334,3,337,4
2021-01-28,Mendocino,045,87422,3289,3110,59,3169,36
2021-01-28,Merced,047,269075,26211,25620,744,26364,328
2021-01-28,Modoc,049,8938,313,297,101,398,0
2021-01-28,Mono,051,14174,1125,1131,13,1144,3
2021-01-28,Monterey,053,433212,39455,38312,1440,39752,274
2021-01-28,Napa,055,140530,8478,8233,31,8264,50
2021-01-28,Nevada,057,99092,3636,3452,145,3597,19
2021-01-28,Orange,059,3164182,234109,228636,9777,238413,2860
2021-01-28,Placer,061,380077,19268,18246,1021,19267,198
2021-01-28,Plumas,063,18699,616,547,11,558,2
2021-01-28,Riverside,065,2383286,270567,262342,13310,275652,2981
2021-01-28,Sacramento,067,1510023,87585,85698,1079,86777,1149
2021-01-28,San Benito,069,59416,5420,5344,74,5418,47
2021-01-28,San Bernardino,071,2135413,275170,266456,8473,274929,2057
2021-01-28,San Diego,073,3302833,246180,232967,11537,244504,2534
2021-01-28,San Francisco,075,870044,31660,31193,921,32114,290
2021-01-28,San Joaquin,077,732212,62372,60627,2608,63235,854
2021-01-28,San Luis Obispo,079,281455,17925,17279,490,17769,189
2021-01-28,San Mateo,081,765935,36817,34931,351,35282,218
2021-01-28,Santa Barbara,083,443738,29431,27674,981,28655,284
2021-01-28,Santa Clara,085,1922200,102101,100470,482,100952,1219
2021-01-28,Santa Cruz,087,273765,14308,13188,738,13926,145
2021-01-28,Shasta,089,179085,10343,10176,1109,11285,110
2021-01-28,Sierra,091,2930,46,43,14,57,0
2021-01-28,Siskiyou,093,43540,1319,1218,209,1427,4
2021-01-28,Solano,095,438530,27962,27163,325,27488,114
2021-01-28,Sonoma,097,501317,25993,25564,138,25702,236
2021-01-28,Stanislaus,099,539301,46654,45162,5001,50163,640
2021-01-28,Sutter,101,95872,8324,8136,83,8219,85
2021-01-28,Tehama,103,63373,4289,4163,483,4646,20
2021-01-28,Trinity,105,12862,366,260,47,307,3
2021-01-28,Tulare,107,460477,45071,43742,7074,50816,595
2021-01-28,Tuolumne,109,53932,3530,3472,29,3501,32
2021-01-28,Ventura,111,848112,70842,68896,2607,71503,475
2021-01-28,Yolo,113,214977,12069,11500,172,11672,151
2021-01-28,Yuba,115,75493,5124,4994,74,5068,32
2021-01-27,Alameda,001,1643700,74188,72188,1643,73831,815
2021-01-27,Alpine,003,1148,74,72,0,72,0
2021-01-27,Amador,005,37829,3226,3116,25,3141,31
2021-01-27,Butte,007,227075,10573,9988,1527,11515,138
2021-01-27,Calaveras,009,45235,1752,1737,10,1747,21
2021-01-27,Colusa,011,21464,1757,1724,210,1934,8
2021-01-27,Contra Costa,013,1133247,57902,55578,1019,56597,507
2021-01-27,Del Norte,015,27424,871,859,4,863,2
2021-01-27,El Dorado,017,186661,8507,8141,588,8729,76
2021-01-27,Fresno,019,978130,90294,86886,7118,94004,938
2021-01-27,Glenn,021,27897,2100,2042,446,2488,14
2021-01-27,Humboldt,023,135768,2789,2630,18,2648,24
2021-01-27,Imperial,025,180216,26396,25861,2514,28375,504
2021-01-27,Inyo,027,18085,1081,1023,1,1024,27
2021-01-27,Kern,029,883053,87320,84244,8671,92915,809
2021-01-27,Kings,031,150075,20826,20211,928,21139,167
2021-01-27,Lake,033,64148,2856,2750,1,2751,32
2021-01-27,Lassen,035,31185,4929,4851,91,4942,1
2021-01-27,Los Angeles,037,10098052,1110262,1066569,37995,1104564,15757
2021-01-27,Madera,039,155013,14645,14194,734,14928,86
2021-01-27,Marin,041,260295,12311,12028,143,12171,180
2021-01-27,Mariposa,043,17540,355,333,3,336,4
2021-01-27,Mendocino,045,87422,3269,3095,59,3154,36
2021-01-27,Merced,047,269075,26052,25439,733,26172,315
2021-01-27,Modoc,049,8938,313,297,98,395,0
2021-01-27,Mono,051,14174,1123,1131,13,1144,3
2021-01-27,Monterey,053,433212,39252,38139,1421,39560,268
2021-01-27,Napa,055,140530,8406,8187,31,8218,46
2021-01-27,Nevada,057,99092,3614,3431,145,3576,18
2021-01-27,Orange,059,3164182,232988,227110,9722,236832,2832
2021-01-27,Placer,061,380077,19194,18106,1010,19116,198
2021-01-27,Plumas,063,18699,616,544,11,555,2
2021-01-27,Riverside,065,2383286,269396,260796,13257,274053,2931
2021-01-27,Sacramento,067,1510023,87224,85428,1068,86496,1142
2021-01-27,San Benito,069,59416,5405,5284,74,5358,47
2021-01-27,San Bernardino,071,2135413,274318,265153,8443,273596,2019
2021-01-27,San Diego,073,3302833,244852,231478,11432,242910,2465
2021-01-27,San Francisco,075,870044,31517,31082,914,31996,287
2021-01-27,San Joaquin,077,732212,62103,60131,2584,62715,853
2021-01-27,San Luis Obispo,079,281455,17818,17119,486,17605,188
2021-01-27,San Mateo,081,765935,36663,34619,347,34966,216
2021-01-27,Santa Barbara,083,443738,29257,27435,975,28410,282
2021-01-27,Santa Clara,085,1922200,101697,99732,478,100210,1184
2021-01-27,Santa Cruz,087,273765,14238,13111,735,13846,143
2021-01-27,Shasta,089,179085,10309,10106,1103,11209,105
2021-01-27,Sierra,091,2930,46,44,14,58,0
2021-01-27,Siskiyou,093,43540,1313,1214,206,1420,4
2021-01-27,Solano,095,438530,27785,26982,318,27300,112
2021-01-27,Sonoma,097,501317,25894,25361,138,25499,237
2021-01-27,Stanislaus,099,539301,46469,44874,4972,49846,624
2021-01-27,Sutter,101,95872,8281,8093,82,8175,83
2021-01-27,Tehama,103,63373,4264,4133,479,4612,20
2021-01-27,Trinity,105,12862,366,260,47,307,3
2021-01-27,Tulare,107,460477,44886,43462,6999,50461,583
2021-01-27,Tuolumne,109,53932,3520,3464,29,3493,32
2021-01-27,Ventura,111,848112,70369,68291,2582,70873,468
2021-01-27,Yolo,113,214977,12022,11427,168,11595,151
2021-01-27,Yuba,115,75493,5108,4968,74,5042,32
2021-01-26,Alameda,001,1643700,73809,71851,1625,73476,789
2021-01-26,Alpine,003,1148,74,72,0,72,0
2021-01-26,Amador,005,37829,3215,3113,25,3138,31
2021-01-26,Butte,007,227075,10531,9943,1521,11464,136
2021-01-26,Calaveras,009,45235,1744,1723,10,1733,21
2021-01-26,Colusa,011,21464,1750,1719,207,1926,8
2021-01-26,Contra Costa,013,1133247,57621,55337,1011,56348,491
2021-01-26,Del Norte,015,27424,870,856,4,860,2
2021-01-26,El Dorado,017,186661,8482,8115,585,8700,71
2021-01-26,Fresno,019,978130,89938,86673,7073,93746,923
2021-01-26,Glenn,021,27897,2090,2034,442,2476,13
2021-01-26,Humboldt,023,135768,2767,2612,17,2629,24
2021-01-26,Imperial,025,180216,26326,25812,2499,28311,498
2021-01-26,Inyo,027,18085,1074,1018,1,1019,27
2021-01-26,Kern,029,883053,86895,83868,8592,92460,790
2021-01-26,Kings,031,150075,20768,20156,923,21079,159
2021-01-26,Lake,033,64148,2847,2748,1,2749,32
2021-01-26,Lassen,035,31185,4923,4844,91,4935,1
2021-01-26,Los Angeles,037,10098052,1105013,1060492,37777,1098269,15458
2021-01-26,Madera,039,155013,14588,14130,728,14858,86
2021-01-26,Marin,041,260295,12266,11993,141,12134,179
2021-01-26,Mariposa,043,17540,353,332,3,335,3
2021-01-26,Mendocino,045,87422,3243,3076,58,3134,36
2021-01-26,Merced,047,269075,25912,25359,726,26085,309
2021-01-26,Modoc,049,8938,306,291,97,388,0
2021-01-26,Mono,051,14174,1122,1120,13,1133,3
2021-01-26,Monterey,053,433212,39057,37963,1400,39363,255
2021-01-26,Napa,055,140530,8349,8145,31,8176,43
2021-01-26,Nevada,057,99092,3607,3410,144,3554,18
2021-01-26,Orange,059,3164182,231861,225987,9677,235664,2760
2021-01-26,Placer,061,380077,19122,18016,1008,19024,193
2021-01-26,Plumas,063,18699,614,536,11,547,2
2021-01-26,Riverside,065,2383286,268064,259399,13195,272594,2898
2021-01-26,Sacramento,067,1510023,86866,85062,1061,86123,1127
2021-01-26,San Benito,069,59416,5391,5251,73,5324,45
2021-01-26,San Bernardino,071,2135413,273328,263736,8398,272134,1970
2021-01-26,San Diego,073,3302833,243361,230063,11331,241394,2421
2021-01-26,San Francisco,075,870044,31387,30874,893,31767,286
2021-01-26,San Joaquin,077,732212,61851,59889,2568,62457,847
2021-01-26,San Luis Obispo,079,281455,17737,17016,483,17499,186
2021-01-26,San Mateo,081,765935,36468,34441,336,34777,213
2021-01-26,Santa Barbara,083,443738,29085,27321,963,28284,273
2021-01-26,Santa Clara,085,1922200,101220,99215,474,99689,1171
2021-01-26,Santa Cruz,087,273765,14173,13045,729,13774,134
2021-01-26,Shasta,089,179085,10274,10036,1095,11131,103
2021-01-26,Sierra,091,2930,46,43,14,57,0
2021-01-26,Siskiyou,093,43540,1299,1208,204,1412,4
2021-01-26,Solano,095,438530,27629,26858,312,27170,110
2021-01-26,Sonoma,097,501317,25772,25273,136,25409,236
2021-01-26,Stanislaus,099,539301,46287,44703,4929,49632,599
2021-01-26,Sutter,101,95872,8239,8067,82,8149,83
2021-01-26,Tehama,103,63373,4233,4115,479,4594,20
2021-01-26,Trinity,105,12862,366,260,47,307,3
2021-01-26,Tulare,107,460477,44685,43394,6927,50321,579
2021-01-26,Tuolumne,109,53932,3510,3451,29,3480,30
2021-01-26,Ventura,111,848112,69838,67526,2555,70081,448
2021-01-26,Yolo,113,214977,11977,11361,165,11526,148
2021-01-26,Yuba,115,75493,5083,4944,72,5016,31
2021-01-25,Alameda,001,1643700,73378,71255,1615,72870,780
2021-01-25,Alpine,003,1148,74,72,0,72,0
2021-01-25,Amador,005,37829,3175,3074,25,3099,30
2021-01-25,Butte,007,227075,10465,9865,1513,11378,133
2021-01-25,Calaveras,009,45235,1729,1713,10,1723,21
2021-01-25,Colusa,011,21464,1738,1709,203,1912,8
2021-01-25,Contra Costa,013,1133247,57263,54989,1004,55993,488
2021-01-25,Del Norte,015,27424,869,855,4,859,2
2021-01-25,El Dorado,017,186661,8458,8060,585,8645,66
2021-01-25,Fresno,019,978130,89569,86336,7040,93376,913
2021-01-25,Glenn,021,27897,2079,2028,442,2470,13
2021-01-25,Humboldt,023,135768,2733,2587,17,2604,24
2021-01-25,Imperial,025,180216,26276,25745,2490,28235,491
2021-01-25,Inyo,027,18085,1068,1015,1,1016,27
2021-01-25,Kern,029,883053,86502,83401,8501,91902,787
2021-01-25,Kings,031,150075,20648,20067,919,20986,159
2021-01-25,Lake,033,64148,2828,2729,1,2730,32
2021-01-25,Lassen,035,31185,4897,4835,91,4926,1
2021-01-25,Los Angeles,037,10098052,1099093,1055181,37543,1092724,15163
2021-01-25,Madera,039,155013,14534,14068,723,14791,86
2021-01-25,Marin,041,260295,12213,11923,137,12060,177
2021-01-25,Mariposa,043,17540,350,331,3,334,3
2021-01-25,Mendocino,045,87422,3232,3054,58,3112,35
2021-01-25,Merced,047,269075,25773,25181,717,25898,305
2021-01-25,Modoc,049,8938,305,288,93,381,0
2021-01-25,Mono,051,14174,1119,1114,12,1126,3
2021-01-25,Monterey,053,433212,38803,37726,1379,39105,255
2021-01-25,Napa,055,140530,8315,8057,30,8087,43
2021-01-25,Nevada,057,99092,3593,3365,144,3509,18
2021-01-25,Orange,059,3164182,230660,225105,9635,234740,2696
2021-01-25,Placer,061,380077,19028,17936,993,18929,193
2021-01-25,Plumas,063,18699,611,533,11,544,2
2021-01-25,Riverside,065,2383286,266384,258082,13141,271223,2789
2021-01-25,Sacramento,067,1510023,86422,84653,1053,85706,1118
2021-01-25,San Benito,069,59416,5354,5238,72,5310,43
2021-01-25,San Bernardino,071,2135413,272377,263174,8361,271535,1947
2021-01-25,San Diego,073,3302833,241752,228630,11260,239890,2375
2021-01-25,San Francisco,075,870044,31239,30734,870,31604,288
2021-01-25,San Joaquin,077,732212,61558,59291,2539,61830,838
2021-01-25,San Luis Obispo,079,281455,17602,16868,478,17346,179
2021-01-25,San Mateo,081,765935,36233,34187,329,34516,213
2021-01-25,Santa Barbara,083,443738,28854,27065,953,28018,269
2021-01-25,Santa Clara,085,1922200,100648,98647,466,99113,1143
2021-01-25,Santa Cruz,087,273765,14086,12973,723,13696,133
2021-01-25,Shasta,089,179085,10233,9991,1084,11075,103
2021-01-25,Sierra,091,2930,46,42,14,56,0
2021-01-25,Siskiyou,093,43540,1291,1205,201,1406,4
2021-01-25,Solano,095,438530,27460,26648,311,26959,109
2021-01-25,Sonoma,097,501317,25662,25160,134,25294,233
2021-01-25,Stanislaus,099,539301,46043,44293,4886,49179,599
2021-01-25,Sutter,101,95872,8196,8023,82,8105,83
2021-01-25,Tehama,103,63373,4206,4082,475,4557,20
2021-01-25,Trinity,105,12862,366,262,47,309,3
2021-01-25,Tulare,107,460477,44471,43124,6820,49944,578
2021-01-25,Tuolumne,109,53932,3501,3422,29,3451,29
2021-01-25,Ventura,111,848112,69195,66910,2537,69447,439
2021-01-25,Yolo,113,214977,11890,11276,163,11439,140
2021-01-25,Yuba,115,75493,5059,4900,70,4970,31
2021-01-24,Alameda,001,1643700,72869,70823,1603,72426,780
2021-01-24,Alpine,003,1148,74,72,0,72,0
2021-01-24,Amador,005,37829,3142,3054,25,3079,30
2021-01-24,Butte,007,227075,10381,9820,1494,11314,133
2021-01-24,Calaveras,009,45235,1716,1704,10,1714,21
2021-01-24,Colusa,011,21464,1727,1689,197,1886,8
2021-01-24,Contra Costa,013,1133247,56874,54694,991,55685,488
2021-01-24,Del Norte,015,27424,864,855,4,859,2
2021-01-24,El Dorado,017,186661,8424,8003,581,8584,66
2021-01-24,Fresno,019,978130,89132,85808,7000,92808,911
2021-01-24,Glenn,021,27897,2073,2026,440,2466,13
2021-01-24,Humboldt,023,135768,2694,2562,17,2579,24
2021-01-24,Imperial,025,180216,26182,25707,2461,28168,488
2021-01-24,Inyo,027,18085,1052,1007,1,1008,27
2021-01-24,Kern,029,883053,86063,83125,8388,91513,785
2021-01-24,Kings,031,150075,20522,19988,901,20889,159
2021-01-24,Lake,033,64148,2810,2724,0,2724,32
2021-01-24,Lassen,035,31185,4886,4828,88,4916,1
2021-01-24,Los Angeles,037,10098052,1092733,1048757,37223,1085980,15119
2021-01-24,Madera,039,155013,14443,14000,717,14717,86
2021-01-24,Marin,041,260295,12147,11872,135,12007,177
2021-01-24,Mariposa,043,17540,346,322,3,325,3
2021-01-24,Mendocino,045,87422,3211,3037,57,3094,33
2021-01-24,Merced,047,269075,25560,25047,709,25756,305
2021-01-24,Modoc,049,8938,305,285,93,378,0
2021-01-24,Mono,051,14174,1112,1113,12,1125,3
2021-01-24,Monterey,053,433212,38527,37527,1346,38873,254
2021-01-24,Napa,055,140530,8273,8005,30,8035,43
2021-01-24,Nevada,057,99092,3551,3349,142,3491,18
2021-01-24,Orange,059,3164182,229230,223853,9569,233422,2632
2021-01-24,Placer,061,380077,18916,17839,972,18811,193
2021-01-24,Plumas,063,18699,608,532,11,543,2
2021-01-24,Riverside,065,2383286,264784,256767,13062,269829,2761
2021-01-24,Sacramento,067,1510023,85850,84110,1046,85156,1112
2021-01-24,San Benito,069,59416,5312,5223,69,5292,43
2021-01-24,San Bernardino,071,2135413,271057,262370,8303,270673,1935
2021-01-24,San Diego,073,3302833,240063,227193,11128,238321,2375
2021-01-24,San Francisco,075,870044,31051,30559,847,31406,275
2021-01-24,San Joaquin,077,732212,61132,59021,2523,61544,838
2021-01-24,San Luis Obispo,079,281455,17481,16758,475,17233,179
2021-01-24,San Mateo,081,765935,35989,33956,324,34280,213
2021-01-24,Santa Barbara,083,443738,28541,26735,943,27678,269
2021-01-24,Santa Clara,085,1922200,99996,98103,462,98565,1109
2021-01-24,Santa Cruz,087,273765,14000,12905,715,13620,133
2021-01-24,Shasta,089,179085,10162,9978,1075,11053,103
2021-01-24,Sierra,091,2930,45,42,14,56,0
2021-01-24,Siskiyou,093,43540,1284,1195,201,1396,4
2021-01-24,Solano,095,438530,27272,26515,307,26822,109
2021-01-24,Sonoma,097,501317,25478,25045,133,25178,233
2021-01-24,Stanislaus,099,539301,45733,44031,4827,48858,599
2021-01-24,Sutter,101,95872,8128,7980,81,8061,83
2021-01-24,Tehama,103,63373,4166,4062,467,4529,20
2021-01-24,Trinity,105,12862,366,262,47,309,3
2021-01-24,Tulare,107,460477,44258,43006,6722,49728,577
2021-01-24,Tuolumne,109,53932,3491,3416,29,3445,29
2021-01-24,Ventura,111,848112,68479,66347,2512,68859,439
2021-01-24,Yolo,113,214977,11805,11210,159,11369,140
2021-01-24,Yuba,115,75493,5019,4875,69,4944,31
2021-01-23,Alameda,001,1643700,72628,70080,1594,71674,780
2021-01-23,Alpine,003,1148,74,72,0,72,0
2021-01-23,Amador,005,37829,3139,3049,25,3074,30
2021-01-23,Butte,007,227075,10351,9757,1489,11246,133
2021-01-23,Calaveras,009,45235,1713,1695,10,1705,21
2021-01-23,Colusa,011,21464,1723,1672,196,1868,8
2021-01-23,Contra Costa,013,1133247,56663,54162,983,55145,487
2021-01-23,Del Norte,015,27424,863,855,4,859,2
2021-01-23,El Dorado,017,186661,8408,7984,579,8563,66
2021-01-23,Fresno,019,978130,88949,85274,6969,92243,910
2021-01-23,Glenn,021,27897,2070,2015,436,2451,13
2021-01-23,Humboldt,023,135768,2675,2493,16,2509,23
2021-01-23,Imperial,025,180216,26151,25581,2452,28033,487
2021-01-23,Inyo,027,18085,1043,987,1,988,27
2021-01-23,Kern,029,883053,85821,82602,8312,90914,783
2021-01-23,Kings,031,150075,20478,19904,899,20803,159
2021-01-23,Lake,033,64148,2802,2673,0,2673,32
2021-01-23,Lassen,035,31185,4885,4816,85,4901,1
2021-01-23,Los Angeles,037,10098052,1089535,1040961,37055,1078016,15034
2021-01-23,Madera,039,155013,14407,13858,715,14573,86
2021-01-23,Marin,041,260295,12091,11796,133,11929,177
2021-01-23,Mariposa,043,17540,346,323,3,326,3
2021-01-23,Mendocino,045,87422,3197,2991,57,3048,32
2021-01-23,Merced,047,269075,25468,24787,695,25482,303
2021-01-23,Modoc,049,8938,305,285,93,378,0
2021-01-23,Mono,051,14174,1110,1111,12,1123,3
2021-01-23,Monterey,053,433212,38444,37165,1341,38506,253
2021-01-23,Napa,055,140530,8248,7893,30,7923,43
2021-01-23,Nevada,057,99092,3540,3332,141,3473,18
2021-01-23,Orange,059,3164182,228462,221722,9526,231248,2618
2021-01-23,Placer,061,380077,18867,17617,967,18584,193
2021-01-23,Plumas,063,18699,607,528,11,539,2
2021-01-23,Riverside,065,2383286,263911,253636,13005,266641,2733
2021-01-23,Sacramento,067,1510023,85623,83408,1043,84451,1108
2021-01-23,San Benito,069,59416,5288,5166,68,5234,43
2021-01-23,San Bernardino,071,2135413,270516,260381,8269,268650,1922
2021-01-23,San Diego,073,3302833,239005,225556,11056,236612,2344
2021-01-23,San Francisco,075,870044,30946,30308,817,31125,268
2021-01-23,San Joaquin,077,732212,61009,58164,2511,60675,836
2021-01-23,San Luis Obispo,079,281455,17418,16652,472,17124,176
2021-01-23,San Mateo,081,765935,35812,33696,313,34009,213
2021-01-23,Santa Barbara,083,443738,28360,26234,934,27168,264
2021-01-23,Santa Clara,085,1922200,99641,97189,461,97650,1086
2021-01-23,Santa Cruz,087,273765,13942,12771,712,13483,127
2021-01-23,Shasta,089,179085,10132,9951,1074,11025,103
2021-01-23,Sierra,091,2930,45,41,14,55,0
2021-01-23,Siskiyou,093,43540,1274,1190,200,1390,4
2021-01-23,Solano,095,438530,27179,26261,305,26566,107
2021-01-23,Sonoma,097,501317,25404,24790,133,24923,232
2021-01-23,Stanislaus,099,539301,45571,43723,4797,48520,599
2021-01-23,Sutter,101,95872,8110,7943,80,8023,80
2021-01-23,Tehama,103,63373,4147,4006,466,4472,20
2021-01-23,Trinity,105,12862,366,262,47,309,3
2021-01-23,Tulare,107,460477,44110,42661,6657,49318,575
2021-01-23,Tuolumne,109,53932,3484,3407,29,3436,29
2021-01-23,Ventura,111,848112,68033,65581,2487,68068,438
2021-01-23,Yolo,113,214977,11763,11087,155,11242,141
2021-01-23,Yuba,115,75493,5008,4831,67,4898,30
2021-01-22,Alameda,001,1643700,72304,69693,1588,71281,751
2021-01-22,Alpine,003,1148,74,71,0,71,0
2021-01-22,Amador,005,37829,3134,3042,25,3067,30
2021-01-22,Butte,007,227075,10302,9711,1476,11187,133
2021-01-22,Calaveras,009,45235,1706,1672,10,1682,21
2021-01-22,Colusa,011,21464,1721,1668,196,1864,7
2021-01-22,Contra Costa,013,1133247,56424,53887,977,54864,485
2021-01-22,Del Norte,015,27424,862,852,4,856,2
2021-01-22,El Dorado,017,186661,8375,7877,576,8453,64
2021-01-22,Fresno,019,978130,88611,84744,6938,91682,892
2021-01-22,Glenn,021,27897,2066,1985,431,2416,13
2021-01-22,Humboldt,023,135768,2651,2452,16,2468,23
2021-01-22,Imperial,025,180216,26116,25562,2437,27999,474
2021-01-22,Inyo,027,18085,1032,961,1,962,26
2021-01-22,Kern,029,883053,85525,82101,8237,90338,771
2021-01-22,Kings,031,150075,20402,19760,895,20655,159
2021-01-22,Lake,033,64148,2790,2681,0,2681,32
2021-01-22,Lassen,035,31185,4877,4765,84,4849,1
2021-01-22,Los Angeles,037,10098052,1085105,1031177,36855,1068032,14777
2021-01-22,Madera,039,155013,14346,13781,714,14495,86
2021-01-22,Marin,041,260295,12054,11769,131,11900,177
2021-01-22,Mariposa,043,17540,346,323,3,326,3
2021-01-22,Mendocino,045,87422,3172,2994,56,3050,32
2021-01-22,Merced,047,269075,25345,24616,687,25303,290
2021-01-22,Modoc,049,8938,305,285,93,378,0
2021-01-22,Mono,051,14174,1110,1108,12,1120,3
2021-01-22,Monterey,053,433212,38290,36909,1335,38244,253
2021-01-22,Napa,055,140530,8202,7828,30,7858,40
2021-01-22,Nevada,057,99092,3515,3296,140,3436,18
2021-01-22,Orange,059,3164182,227512,220384,9478,229862,2542
2021-01-22,Placer,061,380077,18812,17636,952,18588,193
2021-01-22,Plumas,063,18699,605,522,11,533,2
2021-01-22,Riverside,065,2383286,262788,252440,12937,265377,2710
2021-01-22,Sacramento,067,1510023,85298,82861,1035,83896,1094
2021-01-22,San Benito,069,59416,5263,5143,68,5211,43
2021-01-22,San Bernardino,071,2135413,269694,259121,8234,267355,1849
2021-01-22,San Diego,073,3302833,237766,222576,10991,233567,2301
2021-01-22,San Francisco,075,870044,30835,30027,797,30824,266
2021-01-22,San Joaquin,077,732212,60827,58485,2498,60983,812
2021-01-22,San Luis Obispo,079,281455,17329,16336,469,16805,172
2021-01-22,San Mateo,081,765935,35592,33401,310,33711,211
2021-01-22,Santa Barbara,083,443738,28160,25989,923,26912,256
2021-01-22,Santa Clara,085,1922200,99201,96435,458,96893,1062
2021-01-22,Santa Cruz,087,273765,13885,12687,707,13394,123
2021-01-22,Shasta,089,179085,10113,9866,1072,10938,103
2021-01-22,Sierra,091,2930,45,40,14,54,0
2021-01-22,Siskiyou,093,43540,1270,1182,198,1380,4
2021-01-22,Solano,095,438530,27090,26048,303,26351,107
2021-01-22,Sonoma,097,501317,25330,24659,133,24792,232
2021-01-22,Stanislaus,099,539301,45417,43489,4760,48249,599
2021-01-22,Sutter,101,95872,8084,7878,80,7958,80
2021-01-22,Tehama,103,63373,4128,3993,465,4458,19
2021-01-22,Trinity,105,12862,365,263,47,310,3
2021-01-22,Tulare,107,460477,43933,42307,6584,48891,573
2021-01-22,Tuolumne,109,53932,3455,3379,29,3408,29
2021-01-22,Ventura,111,848112,67527,64404,2470,66874,426
2021-01-22,Yolo,113,214977,11729,11014,147,11161,141
2021-01-22,Yuba,115,75493,4984,4789,65,4854,29
2021-01-21,Alameda,001,1643700,71871,69314,1571,70885,739
2021-01-21,Alpine,003,1148,74,71,0,71,0
2021-01-21,Amador,005,37829,3112,3038,25,3063,29
2021-01-21,Butte,007,227075,10231,9643,1469,11112,130
2021-01-21,Calaveras,009,45235,1697,1647,10,1657,21
2021-01-21,Colusa,011,21464,1714,1662,193,1855,7
2021-01-21,Contra Costa,013,1133247,56007,53595,963,54558,478
2021-01-21,Del Norte,015,27424,860,850,3,853,2
2021-01-21,El Dorado,017,186661,8326,7823,573,8396,58
2021-01-21,Fresno,019,978130,88207,84137,6898,91035,889
2021-01-21,Glenn,021,27897,2057,1964,427,2391,13
2021-01-21,Humboldt,023,135768,2629,2423,16,2439,23
2021-01-21,Imperial,025,180216,26026,25509,2420,27929,463
2021-01-21,Inyo,027,18085,1023,946,1,947,26
2021-01-21,Kern,029,883053,85114,81328,8117,89445,769
2021-01-21,Kings,031,150075,20332,19633,876,20509,158
2021-01-21,Lake,033,64148,2774,2669,0,2669,32
2021-01-21,Lassen,035,31185,4871,4763,84,4847,1
2021-01-21,Los Angeles,037,10098052,1078472,1023055,36519,1059574,14537
2021-01-21,Madera,039,155013,14278,13664,706,14370,86
2021-01-21,Marin,041,260295,11998,11732,129,11861,173
2021-01-21,Mariposa,043,17540,342,322,3,325,3
2021-01-21,Mendocino,045,87422,3149,2967,54,3021,32
2021-01-21,Merced,047,269075,25190,24426,681,25107,245
2021-01-21,Modoc,049,8938,302,284,92,376,0
2021-01-21,Mono,051,14174,1105,1104,12,1116,3
2021-01-21,Monterey,053,433212,38013,36149,1324,37473,253
2021-01-21,Napa,055,140530,8138,7774,30,7804,40
2021-01-21,Nevada,057,99092,3486,3274,139,3413,18
2021-01-21,Orange,059,3164182,226135,218867,9421,228288,2540
2021-01-21,Placer,061,380077,18731,17553,948,18501,190
2021-01-21,Plumas,063,18699,601,518,11,529,2
2021-01-21,Riverside,065,2383286,261074,251007,12855,263862,2676
2021-01-21,Sacramento,067,1510023,84819,82303,1015,83318,1084
2021-01-21,San Benito,069,59416,5230,5100,62,5162,43
2021-01-21,San Bernardino,071,2135413,268342,257754,8167,265921,1832
2021-01-21,San Diego,073,3302833,235991,219729,10884,230613,2222
2021-01-21,San Francisco,075,870044,30660,29801,763,30564,266
2021-01-21,San Joaquin,077,732212,60519,58270,2477,60747,806
2021-01-21,San Luis Obispo,079,281455,17243,16153,461,16614,169
2021-01-21,San Mateo,081,765935,35346,33156,296,33452,210
2021-01-21,Santa Barbara,083,443738,27877,25654,909,26563,253
2021-01-21,Santa Clara,085,1922200,98580,96028,450,96478,1062
2021-01-21,Santa Cruz,087,273765,13801,12548,697,13245,119
2021-01-21,Shasta,089,179085,10071,9795,1055,10850,98
2021-01-21,Sierra,091,2930,45,40,14,54,0
2021-01-21,Siskiyou,093,43540,1267,1178,195,1373,4
2021-01-21,Solano,095,438530,26909,25885,299,26184,106
2021-01-21,Sonoma,097,501317,25196,24440,131,24571,230
2021-01-21,Stanislaus,099,539301,45113,43223,4714,47937,599
2021-01-21,Sutter,101,95872,8050,7822,80,7902,80
2021-01-21,Tehama,103,63373,4093,3938,465,4403,19
2021-01-21,Trinity,105,12862,365,261,47,308,3
2021-01-21,Tulare,107,460477,43728,42082,6502,48584,569
2021-01-21,Tuolumne,109,53932,3445,3365,29,3394,29
2021-01-21,Ventura,111,848112,66835,63995,2448,66443,420
2021-01-21,Yolo,113,214977,11638,10940,139,11079,141
2021-01-21,Yuba,115,75493,4953,4757,64,4821,29
2021-01-20,Alameda,001,1643700,71382,68785,1556,70341,702
2021-01-20,Alpine,003,1148,74,71,0,71,0
2021-01-20,Amador,005,37829,3081,3036,25,3061,29
2021-01-20,Butte,007,227075,10175,9582,1458,11040,130
2021-01-20,Calaveras,009,45235,1677,1637,9,1646,21
2021-01-20,Colusa,011,21464,1698,1630,188,1818,7
2021-01-20,Contra Costa,013,1133247,55552,53108,957,54065,461
2021-01-20,Del Norte,015,27424,859,848,3,851,2
2021-01-20,El Dorado,017,186661,8280,7785,569,8354,53
2021-01-20,Fresno,019,978130,87786,83591,6845,90436,872
2021-01-20,Glenn,021,27897,2039,1955,424,2379,13
2021-01-20,Humboldt,023,135768,2586,2390,16,2406,22
2021-01-20,Imperial,025,180216,25957,25380,2382,27762,461
2021-01-20,Inyo,027,18085,1013,901,1,902,26
2021-01-20,Kern,029,883053,84664,80701,8010,88711,754
2021-01-20,Kings,031,150075,20243,19522,867,20389,146
2021-01-20,Lake,033,64148,2752,2646,0,2646,31
2021-01-20,Lassen,035,31185,4863,4758,82,4840,1
2021-01-20,Los Angeles,037,10098052,1071002,1015608,36225,1051833,14299
2021-01-20,Madera,039,155013,14213,13585,701,14286,86
2021-01-20,Marin,041,260295,11944,11684,127,11811,171
2021-01-20,Mariposa,043,17540,340,322,3,325,3
2021-01-20,Mendocino,045,87422,3134,2957,54,3011,32
2021-01-20,Merced,047,269075,25016,24220,660,24880,243
2021-01-20,Modoc,049,8938,301,282,92,374,0
2021-01-20,Mono,051,14174,1098,1105,11,1116,3
2021-01-20,Monterey,053,433212,37696,35960,1301,37261,249
2021-01-20,Napa,055,140530,8069,7731,29,7760,40
2021-01-20,Nevada,057,99092,3454,3238,139,3377,18
2021-01-20,Orange,059,3164182,224597,216893,9355,226248,2500
2021-01-20,Placer,061,380077,18627,17455,929,18384,186
2021-01-20,Plumas,063,18699,599,512,11,523,2
2021-01-20,Riverside,065,2383286,259068,248686,12767,261453,2615
2021-01-20,Sacramento,067,1510023,84257,81687,1004,82691,1072
2021-01-20,San Benito,069,59416,5200,5036,61,5097,35
2021-01-20,San Bernardino,071,2135413,266982,255921,8115,264036,1801
2021-01-20,San Diego,073,3302833,234138,218553,10782,229335,2174
2021-01-20,San Francisco,075,870044,30467,29665,742,30407,262
2021-01-20,San Joaquin,077,732212,60116,58025,2468,60493,783
2021-01-20,San Luis Obispo,079,281455,17062,15936,452,16388,164
2021-01-20,San Mateo,081,765935,35122,32929,295,33224,210
2021-01-20,Santa Barbara,083,443738,27563,25312,896,26208,248
2021-01-20,Santa Clara,085,1922200,97900,94995,448,95443,1040
2021-01-20,Santa Cruz,087,273765,13695,12460,683,13143,107
2021-01-20,Shasta,089,179085,10020,9697,1044,10741,98
2021-01-20,Sierra,091,2930,45,40,14,54,0
2021-01-20,Siskiyou,093,43540,1261,1163,194,1357,4
2021-01-20,Solano,095,438530,26715,25659,295,25954,106
2021-01-20,Sonoma,097,501317,25061,24262,129,24391,223
2021-01-20,Stanislaus,099,539301,44825,42955,4667,47622,585
2021-01-20,Sutter,101,95872,7998,7772,78,7850,80
2021-01-20,Tehama,103,63373,4068,3892,464,4356,19
2021-01-20,Trinity,105,12862,365,260,47,307,3
2021-01-20,Tulare,107,460477,43476,41799,6403,48202,559
2021-01-20,Tuolumne,109,53932,3431,3355,28,3383,29
2021-01-20,Ventura,111,848112,65879,63413,2419,65832,395
2021-01-20,Yolo,113,214977,11567,10852,136,10988,141
2021-01-20,Yuba,115,75493,4926,4729,64,4793,29
2021-01-19,Alameda,001,1643700,70734,68434,1546,69980,680
2021-01-19,Alpine,003,1148,74,71,0,71,0
2021-01-19,Amador,005,37829,3072,3024,25,3049,28
2021-01-19,Butte,007,227075,10110,9528,1444,10972,129
2021-01-19,Calaveras,009,45235,1661,1621,8,1629,21
2021-01-19,Colusa,011,21464,1676,1617,180,1797,7
2021-01-19,Contra Costa,013,1133247,55055,52730,944,53674,448
2021-01-19,Del Norte,015,27424,858,843,3,846,2
2021-01-19,El Dorado,017,186661,8220,7743,561,8304,47
2021-01-19,Fresno,019,978130,87268,83200,6793,89993,857
2021-01-19,Glenn,021,27897,2028,1948,418,2366,13
2021-01-19,Humboldt,023,135768,2562,2359,13,2372,22
2021-01-19,Imperial,025,180216,25878,25333,2363,27696,452
2021-01-19,Inyo,027,18085,1006,891,1,892,26
2021-01-19,Kern,029,883053,84078,80272,7903,88175,742
2021-01-19,Kings,031,150075,20104,19375,855,20230,143
2021-01-19,Lake,033,64148,2737,2625,0,2625,31
2021-01-19,Lassen,035,31185,4856,4753,82,4835,1
2021-01-19,Los Angeles,037,10098052,1062357,1010375,35939,1046314,14014
2021-01-19,Madera,039,155013,14096,13528,693,14221,86
2021-01-19,Marin,041,260295,11886,11654,123,11777,169
2021-01-19,Mariposa,043,17540,340,322,3,325,3
2021-01-19,Mendocino,045,87422,3117,2930,54,2984,32
2021-01-19,Merced,047,269075,24802,24108,654,24762,242
2021-01-19,Modoc,049,8938,300,281,92,373,0
2021-01-19,Mono,051,14174,1097,1106,11,1117,3
2021-01-19,Monterey,053,433212,37375,35840,1276,37116,248
2021-01-19,Napa,055,140530,8010,7672,29,7701,38
2021-01-19,Nevada,057,99092,3436,3216,137,3353,18
2021-01-19,Orange,059,3164182,222858,215244,9286,224530,2468
2021-01-19,Placer,061,380077,18526,17348,919,18267,182
2021-01-19,Plumas,063,18699,592,509,11,520,2
2021-01-19,Riverside,065,2383286,257013,246248,12688,258936,2585
2021-01-19,Sacramento,067,1510023,83719,81183,984,82167,1053
2021-01-19,San Benito,069,59416,5154,4988,60,5048,35
2021-01-19,San Bernardino,071,2135413,265229,253651,8055,261706,1777
2021-01-19,San Diego,073,3302833,231719,216833,10685,227518,2109
2021-01-19,San Francisco,075,870044,30249,29502,709,30211,261
2021-01-19,San Joaquin,077,732212,59737,57655,2453,60108,782
2021-01-19,San Luis Obispo,079,281455,16799,15855,449,16304,161
2021-01-19,San Mateo,081,765935,34838,32730,283,33013,208
2021-01-19,Santa Barbara,083,443738,27183,24991,877,25868,236
2021-01-19,Santa Clara,085,1922200,97116,94483,446,94929,1010
2021-01-19,Santa Cruz,087,273765,13580,12410,673,13083,106
2021-01-19,Shasta,089,179085,9984,9614,1034,10648,93
2021-01-19,Sierra,091,2930,45,40,12,52,0
2021-01-19,Siskiyou,093,43540,1253,1149,193,1342,4
2021-01-19,Solano,095,438530,26468,25520,295,25815,106
2021-01-19,Sonoma,097,501317,24882,24133,127,24260,223
2021-01-19,Stanislaus,099,539301,44475,42723,4609,47332,561
2021-01-19,Sutter,101,95872,7947,7709,72,7781,80
2021-01-19,Tehama,103,63373,4033,3876,462,4338,19
2021-01-19,Trinity,105,12862,364,260,47,307,3
2021-01-19,Tulare,107,460477,43202,41559,6301,47860,549
2021-01-19,Tuolumne,109,53932,3404,3328,28,3356,29
2021-01-19,Ventura,111,848112,65202,62656,2392,65048,383
2021-01-19,Yolo,113,214977,11484,10789,136,10925,134
2021-01-19,Yuba,115,75493,4892,4695,63,4758,29
2021-01-18,Alameda,001,1643700,70092,67938,1528,69466,680
2021-01-18,Alpine,003,1148,74,71,0,71,0
2021-01-18,Amador,005,37829,3058,3016,25,3041,28
2021-01-18,Butte,007,227075,10022,9474,1431,10905,129
2021-01-18,Calaveras,009,45235,1639,1617,7,1624,21
2021-01-18,Colusa,011,21464,1659,1608,175,1783,7
2021-01-18,Contra Costa,013,1133247,54538,52323,936,53259,448
2021-01-18,Del Norte,015,27424,857,840,3,843,2
2021-01-18,El Dorado,017,186661,8151,7707,559,8266,47
2021-01-18,Fresno,019,978130,86659,82485,6724,89209,857
2021-01-18,Glenn,021,27897,2011,1935,414,2349,13
2021-01-18,Humboldt,023,135768,2524,2343,13,2356,22
2021-01-18,Imperial,025,180216,25810,25317,2336,27653,452
2021-01-18,Inyo,027,18085,994,872,1,873,26
2021-01-18,Kern,029,883053,83439,79930,7810,87740,740
2021-01-18,Kings,031,150075,19936,19267,842,20109,141
2021-01-18,Lake,033,64148,2720,2591,0,2591,30
2021-01-18,Lassen,035,31185,4820,4749,81,4830,1
2021-01-18,Los Angeles,037,10098052,1052882,1002614,35639,1038253,13828
2021-01-18,Madera,039,155013,13985,13443,685,14128,85
2021-01-18,Marin,041,260295,11838,11607,121,11728,165
2021-01-18,Mariposa,043,17540,337,320,2,322,3
2021-01-18,Mendocino,045,87422,3094,2919,54,2973,31
2021-01-18,Merced,047,269075,24558,23927,637,24564,242
2021-01-18,Modoc,049,8938,297,281,89,370,0
2021-01-18,Mono,051,14174,1094,1101,11,1112,3
2021-01-18,Monterey,053,433212,36921,35549,1258,36807,247
2021-01-18,Napa,055,140530,7936,7601,29,7630,38
2021-01-18,Nevada,057,99092,3398,3199,136,3335,17
2021-01-18,Orange,059,3164182,220952,213866,9226,223092,2405
2021-01-18,Placer,061,380077,18406,17263,909,18172,182
2021-01-18,Plumas,063,18699,588,506,11,517,2
2021-01-18,Riverside,065,2383286,254743,244151,12596,256747,2568
2021-01-18,Sacramento,067,1510023,83040,80546,968,81514,1046
2021-01-18,San Benito,069,59416,5103,4963,58,5021,35
2021-01-18,San Bernardino,071,2135413,263448,252808,7996,260804,1775
2021-01-18,San Diego,073,3302833,229077,214335,10556,224891,2103
2021-01-18,San Francisco,075,870044,30042,29321,685,30006,259
2021-01-18,San Joaquin,077,732212,59217,57405,2430,59835,782
2021-01-18,San Luis Obispo,079,281455,16612,15742,439,16181,158
2021-01-18,San Mateo,081,765935,34523,32515,264,32779,208
2021-01-18,Santa Barbara,083,443738,26811,24638,863,25501,235
2021-01-18,Santa Clara,085,1922200,96218,93688,442,94130,992
2021-01-18,Santa Cruz,087,273765,13448,12298,660,12958,106
2021-01-18,Shasta,089,179085,9947,9600,1022,10622,92
2021-01-18,Sierra,091,2930,44,40,12,52,0
2021-01-18,Siskiyou,093,43540,1241,1144,191,1335,4
2021-01-18,Solano,095,438530,26188,25344,290,25634,105
2021-01-18,Sonoma,097,501317,24612,24068,126,24194,223
2021-01-18,Stanislaus,099,539301,44119,42413,4559,46972,562
2021-01-18,Sutter,101,95872,7891,7680,69,7749,78
2021-01-18,Tehama,103,63373,3989,3854,455,4309,19
2021-01-18,Trinity,105,12862,364,260,47,307,3
2021-01-18,Tulare,107,460477,42916,41196,6182,47378,549
2021-01-18,Tuolumne,109,53932,3381,3318,27,3345,28
2021-01-18,Ventura,111,848112,64773,61859,2369,64228,379
2021-01-18,Yolo,113,214977,11352,10620,133,10753,134
2021-01-18,Yuba,115,75493,4864,4671,61,4732,29
2021-01-17,Alameda,001,1643700,69517,67375,1509,68884,676
2021-01-17,Alpine,003,1148,74,71,0,71,0
2021-01-17,Amador,005,37829,3051,3001,25,3026,28
2021-01-17,Butte,007,227075,9950,9411,1409,10820,129
2021-01-17,Calaveras,009,45235,1626,1608,7,1615,21
2021-01-17,Colusa,011,21464,1645,1588,169,1757,7
2021-01-17,Contra Costa,013,1133247,54052,51932,929,52861,447
2021-01-17,Del Norte,015,27424,857,838,3,841,2
2021-01-17,El Dorado,017,186661,8096,7659,546,8205,47
2021-01-17,Fresno,019,978130,86110,82039,6646,88685,857
2021-01-17,Glenn,021,27897,2000,1924,409,2333,9
2021-01-17,Humboldt,023,135768,2486,2322,11,2333,22
2021-01-17,Imperial,025,180216,25739,25253,2291,27544,451
2021-01-17,Inyo,027,18085,988,864,1,865,26
2021-01-17,Kern,029,883053,82891,79489,7724,87213,738
2021-01-17,Kings,031,150075,19800,19201,828,20029,131
2021-01-17,Lake,033,64148,2704,2572,0,2572,30
2021-01-17,Lassen,035,31185,4812,4740,80,4820,1
2021-01-17,Los Angeles,037,10098052,1046279,993028,35212,1028240,13741
2021-01-17,Madera,039,155013,13893,13328,679,14007,85
2021-01-17,Marin,041,260295,11784,11552,119,11671,164
2021-01-17,Mariposa,043,17540,337,319,2,321,3
2021-01-17,Mendocino,045,87422,3066,2912,53,2965,31
2021-01-17,Merced,047,269075,24343,23800,620,24420,242
2021-01-17,Modoc,049,8938,296,279,89,368,0
2021-01-17,Mono,051,14174,1088,1091,10,1101,3
2021-01-17,Monterey,053,433212,36685,35340,1233,36573,244
2021-01-17,Napa,055,140530,7880,7521,29,7550,38
2021-01-17,Nevada,057,99092,3373,3176,134,3310,17
2021-01-17,Orange,059,3164182,218953,212389,9147,221536,2359
2021-01-17,Placer,061,380077,18291,17194,893,18087,181
2021-01-17,Plumas,063,18699,587,505,10,515,2
2021-01-17,Riverside,065,2383286,252655,242206,12471,254677,2534
2021-01-17,Sacramento,067,1510023,82437,80154,955,81109,1045
2021-01-17,San Benito,069,59416,5065,4941,58,4999,35
2021-01-17,San Bernardino,071,2135413,261321,251487,7906,259393,1775
2021-01-17,San Diego,073,3302833,226884,211785,10450,222235,2103
2021-01-17,San Francisco,075,870044,29857,29139,646,29785,255
2021-01-17,San Joaquin,077,732212,58853,57094,2414,59508,780
2021-01-17,San Luis Obispo,079,281455,16490,15658,430,16088,157
2021-01-17,San Mateo,081,765935,34270,32186,239,32425,208
2021-01-17,Santa Barbara,083,443738,26364,24401,847,25248,235
2021-01-17,Santa Clara,085,1922200,95466,92752,439,93191,976
2021-01-17,Santa Cruz,087,273765,13336,12196,657,12853,106
2021-01-17,Shasta,089,179085,9889,9588,1014,10602,92
2021-01-17,Sierra,091,2930,44,38,11,49,0
2021-01-17,Siskiyou,093,43540,1234,1136,188,1324,4
2021-01-17,Solano,095,438530,25957,25216,288,25504,105
2021-01-17,Sonoma,097,501317,24443,23871,126,23997,223
2021-01-17,Stanislaus,099,539301,43803,42221,4498,46719,562
2021-01-17,Sutter,101,95872,7827,7604,67,7671,77
2021-01-17,Tehama,103,63373,3960,3837,450,4287,18
2021-01-17,Trinity,105,12862,364,261,47,308,3
2021-01-17,Tulare,107,460477,42632,41016,6054,47070,549
2021-01-17,Tuolumne,109,53932,3364,3287,27,3314,27
2021-01-17,Ventura,111,848112,63930,61257,2322,63579,376
2021-01-17,Yolo,113,214977,11252,10519,132,10651,134
2021-01-17,Yuba,115,75493,4814,4640,59,4699,28
2021-01-16,Alameda,001,1643700,69192,66583,1495,68078,673
2021-01-16,Alpine,003,1148,74,71,0,71,0
2021-01-16,Amador,005,37829,3048,2986,25,3011,28
2021-01-16,Butte,007,227075,9920,9359,1389,10748,129
2021-01-16,Calaveras,009,45235,1612,1596,7,1603,21
2021-01-16,Colusa,011,21464,1633,1578,169,1747,7
2021-01-16,Contra Costa,013,1133247,53791,51363,920,52283,443
2021-01-16,Del Norte,015,27424,852,833,3,836,2
2021-01-16,El Dorado,017,186661,8074,7575,545,8120,47
2021-01-16,Fresno,019,978130,85839,81294,6593,87887,846
2021-01-16,Glenn,021,27897,1996,1894,405,2299,9
2021-01-16,Humboldt,023,135768,2466,2294,9,2303,22
2021-01-16,Imperial,025,180216,25706,25140,2283,27423,451
2021-01-16,Inyo,027,18085,984,845,1,846,25
2021-01-16,Kern,029,883053,82527,78865,7669,86534,733
2021-01-16,Kings,031,150075,19744,19072,825,19897,131
2021-01-16,Lake,033,64148,2694,2504,0,2504,30
2021-01-16,Lassen,035,31185,4802,4719,80,4799,1
2021-01-16,Los Angeles,037,10098052,1042214,982684,34963,1017647,13654
2021-01-16,Madera,039,155013,13827,13193,675,13868,85
2021-01-16,Marin,041,260295,11742,11482,119,11601,164
2021-01-16,Mariposa,043,17540,336,317,2,319,3
2021-01-16,Mendocino,045,87422,3052,2890,51,2941,31
2021-01-16,Merced,047,269075,24256,23478,606,24084,242
2021-01-16,Modoc,049,8938,296,278,89,367,0
2021-01-16,Mono,051,14174,1087,1079,10,1089,3
2021-01-16,Monterey,053,433212,36578,34972,1215,36187,243
2021-01-16,Napa,055,140530,7841,7356,29,7385,39
2021-01-16,Nevada,057,99092,3340,3144,134,3278,17
2021-01-16,Orange,059,3164182,217914,210111,9088,219199,2312
2021-01-16,Placer,061,380077,18231,16995,891,17886,177
2021-01-16,Plumas,063,18699,585,502,10,512,2
2021-01-16,Riverside,065,2383286,251308,239412,12349,251761,2506
2021-01-16,Sacramento,067,1510023,82061,79122,937,80059,1033
2021-01-16,San Benito,069,59416,5032,4875,58,4933,35
2021-01-16,San Bernardino,071,2135413,260553,249401,7840,257241,1755
2021-01-16,San Diego,073,3302833,225589,209895,10355,220250,2065
2021-01-16,San Francisco,075,870044,29732,28853,614,29467,244
2021-01-16,San Joaquin,077,732212,58610,56642,2381,59023,776
2021-01-16,San Luis Obispo,079,281455,16390,15466,428,15894,152
2021-01-16,San Mateo,081,765935,34105,31805,233,32038,208
2021-01-16,Santa Barbara,083,443738,26169,24088,839,24927,229
2021-01-16,Santa Clara,085,1922200,95003,91584,432,92016,954
2021-01-16,Santa Cruz,087,273765,13277,12026,655,12681,106
2021-01-16,Shasta,089,179085,9856,9547,1010,10557,92
2021-01-16,Sierra,091,2930,43,38,11,49,0
2021-01-16,Siskiyou,093,43540,1229,1124,188,1312,4
2021-01-16,Solano,095,438530,25849,24732,281,25013,103
2021-01-16,Sonoma,097,501317,24356,23607,125,23732,223
2021-01-16,Stanislaus,099,539301,43614,41809,4447,46256,562
2021-01-16,Sutter,101,95872,7795,7560,67,7627,76
2021-01-16,Tehama,103,63373,3946,3783,450,4233,18
2021-01-16,Trinity,105,12862,364,261,47,308,3
2021-01-16,Tulare,107,460477,42454,40655,5978,46633,542
2021-01-16,Tuolumne,109,53932,3357,3269,27,3296,27
2021-01-16,Ventura,111,848112,63378,60368,2292,62660,369
2021-01-16,Yolo,113,214977,11203,10406,131,10537,134
2021-01-16,Yuba,115,75493,4783,4602,59,4661,27
2021-01-15,Alameda,001,1643700,68750,65416,1485,66901,672
2021-01-15,Alpine,003,1148,74,71,0,71,0
2021-01-15,Amador,005,37829,3041,2953,25,2978,28
2021-01-15,Butte,007,227075,9882,9233,1371,10604,129
2021-01-15,Calaveras,009,45235,1605,1538,7,1545,21
2021-01-15,Colusa,011,21464,1622,1541,165,1706,7
2021-01-15,Contra Costa,013,1133247,53463,50408,913,51321,428
2021-01-15,Del Norte,015,27424,848,828,2,830,2
2021-01-15,El Dorado,017,186661,8025,7439,536,7975,47
2021-01-15,Fresno,019,978130,85302,79950,6559,86509,832
2021-01-15,Glenn,021,27897,1991,1824,403,2227,9
2021-01-15,Humboldt,023,135768,2439,2218,8,2226,22
2021-01-15,Imperial,025,180216,25672,24944,2277,27221,446
2021-01-15,Inyo,027,18085,966,814,1,815,25
2021-01-15,Kern,029,883053,82118,77873,7604,85477,719
2021-01-15,Kings,031,150075,19637,18661,817,19478,131
2021-01-15,Lake,033,64148,2668,2434,0,2434,28
2021-01-15,Lassen,035,31185,4791,4693,78,4771,1
2021-01-15,Los Angeles,037,10098052,1035192,968979,34660,1003639,13404
2021-01-15,Madera,039,155013,13741,12883,672,13555,85
2021-01-15,Marin,041,260295,11692,11310,119,11429,160
2021-01-15,Mariposa,043,17540,334,307,2,309,3
2021-01-15,Mendocino,045,87422,3041,2835,51,2886,31
2021-01-15,Merced,047,269075,24143,23060,602,23662,239
2021-01-15,Modoc,049,8938,296,278,87,365,0
2021-01-15,Mono,051,14174,1084,1057,10,1067,3
2021-01-15,Monterey,053,433212,36370,34460,1155,35615,243
2021-01-15,Napa,055,140530,7779,7231,29,7260,38
2021-01-15,Nevada,057,99092,3327,3099,130,3229,17
2021-01-15,Orange,059,3164182,216553,207129,9035,216164,2254
2021-01-15,Placer,061,380077,18130,16712,881,17593,173
2021-01-15,Plumas,063,18699,582,499,10,509,2
2021-01-15,Riverside,065,2383286,249474,235235,12270,247505,2458
2021-01-15,Sacramento,067,1510023,81644,80279,929,81208,1023
2021-01-15,San Benito,069,59416,4989,4766,56,4822,35
2021-01-15,San Bernardino,071,2135413,259399,246182,7781,253963,1726
2021-01-15,San Diego,073,3302833,223841,206868,10290,217158,2037
2021-01-15,San Francisco,075,870044,29561,28574,592,29166,242
2021-01-15,San Joaquin,077,732212,58377,55885,2366,58251,748
2021-01-15,San Luis Obispo,079,281455,16256,15129,423,15552,148
2021-01-15,San Mateo,081,765935,33860,31291,229,31520,208
2021-01-15,Santa Barbara,083,443738,25894,23487,827,24314,226
2021-01-15,Santa Clara,085,1922200,94353,90103,427,90530,942
2021-01-15,Santa Cruz,087,273765,13169,11776,640,12416,105
2021-01-15,Shasta,089,179085,9817,9459,1002,10461,91
2021-01-15,Sierra,091,2930,42,36,10,46,0
2021-01-15,Siskiyou,093,43540,1225,1119,187,1306,4
2021-01-15,Solano,095,438530,25701,24222,278,24500,103
2021-01-15,Sonoma,097,501317,24225,23204,124,23328,222
2021-01-15,Stanislaus,099,539301,43372,41178,4409,45587,562
2021-01-15,Sutter,101,95872,7748,7484,66,7550,75
2021-01-15,Tehama,103,63373,3925,3714,449,4163,17
2021-01-15,Trinity,105,12862,364,262,47,309,3
2021-01-15,Tulare,107,460477,42211,39951,5893,45844,535
2021-01-15,Tuolumne,109,53932,3341,3231,27,3258,27
2021-01-15,Ventura,111,848112,62634,59061,2258,61319,353
2021-01-15,Yolo,113,214977,11147,10240,130,10370,134
2021-01-15,Yuba,115,75493,4762,4549,59,4608,27
2021-01-14,Alameda,001,1643700,68099,64364,1470,65834,686
2021-01-14,Alpine,003,1148,74,71,0,71,0
2021-01-14,Amador,005,37829,3035,2940,25,2965,28
2021-01-14,Butte,007,227075,9798,9127,1349,10476,129
2021-01-14,Calaveras,009,45235,1588,1513,7,1520,21
2021-01-14,Colusa,011,21464,1607,1535,162,1697,7
2021-01-14,Contra Costa,013,1133247,52910,49545,898,50443,415
2021-01-14,Del Norte,015,27424,842,821,2,823,2
2021-01-14,El Dorado,017,186661,7952,7321,527,7848,45
2021-01-14,Fresno,019,978130,84668,79033,6484,85517,814
2021-01-14,Glenn,021,27897,1978,1798,398,2196,9
2021-01-14,Humboldt,023,135768,2396,2169,8,2177,22
2021-01-14,Imperial,025,180216,25566,24882,2238,27120,447
2021-01-14,Inyo,027,18085,959,790,1,791,25
2021-01-14,Kern,029,883053,81452,77070,7500,84570,705
2021-01-14,Kings,031,150075,19508,18405,811,19216,108
2021-01-14,Lake,033,64148,2625,2378,0,2378,27
2021-01-14,Lassen,035,31185,4781,4673,76,4749,1
2021-01-14,Los Angeles,037,10098052,1025215,954652,34259,988911,13147
2021-01-14,Madera,039,155013,13626,12742,661,13403,85
2021-01-14,Marin,041,260295,11618,11155,118,11273,159
2021-01-14,Mariposa,043,17540,331,302,2,304,3
2021-01-14,Mendocino,045,87422,3027,2801,49,2850,31
2021-01-14,Merced,047,269075,23914,22780,593,23373,239
2021-01-14,Modoc,049,8938,296,273,87,360,0
2021-01-14,Mono,051,14174,1076,1020,10,1030,3
2021-01-14,Monterey,053,433212,35955,34105,1136,35241,242
2021-01-14,Napa,055,140530,7694,7117,29,7146,38
2021-01-14,Nevada,057,99092,3300,3075,128,3203,17
2021-01-14,Orange,059,3164182,214631,204442,8945,213387,2162
2021-01-14,Placer,061,380077,17973,16488,873,17361,169
2021-01-14,Plumas,063,18699,574,496,10,506,2
2021-01-14,Riverside,065,2383286,246861,231684,12166,243850,2357
2021-01-14,Sacramento,067,1510023,81007,79137,904,80041,1007
2021-01-14,San Benito,069,59416,4955,4678,55,4733,35
2021-01-14,San Bernardino,071,2135413,257439,243379,7705,251084,1750
2021-01-14,San Diego,073,3302833,221451,204173,10170,214343,2005
2021-01-14,San Francisco,075,870044,29320,28200,539,28739,238
2021-01-14,San Joaquin,077,732212,57863,55058,2351,57409,739
2021-01-14,San Luis Obispo,079,281455,16097,14851,413,15264,146
2021-01-14,San Mateo,081,765935,33492,30694,220,30914,208
2021-01-14,Santa Barbara,083,443738,25487,23126,800,23926,219
2021-01-14,Santa Clara,085,1922200,93463,88505,420,88925,910
2021-01-14,Santa Cruz,087,273765,13022,11583,624,12207,109
2021-01-14,Shasta,089,179085,9768,9334,985,10319,90
2021-01-14,Sierra,091,2930,42,35,9,44,0
2021-01-14,Siskiyou,093,43540,1214,1108,184,1292,3
2021-01-14,Solano,095,438530,25441,23782,274,24056,103
2021-01-14,Sonoma,097,501317,23982,22910,124,23034,202
2021-01-14,Stanislaus,099,539301,43050,40597,4367,44964,574
2021-01-14,Sutter,101,95872,7689,7416,63,7479,74
2021-01-14,Tehama,103,63373,3896,3664,445,4109,17
2021-01-14,Trinity,105,12862,364,261,46,307,3
2021-01-14,Tulare,107,460477,41830,39565,5780,45345,533
2021-01-14,Tuolumne,109,53932,3320,3215,27,3242,28
2021-01-14,Ventura,111,848112,61762,57941,2220,60161,347
2021-01-14,Yolo,113,214977,11037,10097,124,10221,135
2021-01-14,Yuba,115,75493,4730,4496,59,4555,27
2021-01-13,Alameda,001,1643700,67347,63568,1451,65019,690
2021-01-13,Alpine,003,1148,74,71,0,71,0
2021-01-13,Amador,005,37829,3021,2914,25,2939,26
2021-01-13,Butte,007,227075,9719,9013,1334,10347,126
2021-01-13,Calaveras,009,45235,1566,1493,7,1500,21
2021-01-13,Colusa,011,21464,1595,1524,157,1681,7
2021-01-13,Contra Costa,013,1133247,52331,48877,884,49761,403
2021-01-13,Del Norte,015,27424,838,820,2,822,2
2021-01-13,El Dorado,017,186661,7859,7247,519,7766,43
2021-01-13,Fresno,019,978130,83960,78278,6431,84709,804
2021-01-13,Glenn,021,27897,1963,1792,390,2182,9
2021-01-13,Humboldt,023,135768,2364,2114,8,2122,22
2021-01-13,Imperial,025,180216,25442,24717,2205,26922,463
2021-01-13,Inyo,027,18085,947,785,1,786,25
2021-01-13,Kern,029,883053,80791,76049,7409,83458,704
2021-01-13,Kings,031,150075,19343,18121,785,18906,108
2021-01-13,Lake,033,64148,2580,2305,0,2305,27
2021-01-13,Lassen,035,31185,4774,4663,75,4738,1
2021-01-13,Los Angeles,037,10098052,1014480,937985,33828,971813,12873
2021-01-13,Madera,039,155013,13502,12570,655,13225,85
2021-01-13,Marin,041,260295,11561,11039,118,11157,161
2021-01-13,Mariposa,043,17540,329,304,2,306,3
2021-01-13,Mendocino,045,87422,3007,2790,49,2839,31
2021-01-13,Merced,047,269075,23674,22497,578,23075,241
2021-01-13,Modoc,049,8938,295,274,84,358,0
2021-01-13,Mono,051,14174,1072,1017,10,1027,3
2021-01-13,Monterey,053,433212,35536,33748,1111,34859,241
2021-01-13,Napa,055,140530,7580,7028,29,7057,36
2021-01-13,Nevada,057,99092,3277,3037,124,3161,17
2021-01-13,Orange,059,3164182,212555,201158,8875,210033,2172
2021-01-13,Placer,061,380077,17845,16272,858,17130,172
2021-01-13,Plumas,063,18699,572,490,10,500,2
2021-01-13,Riverside,065,2383286,243747,228192,12041,240233,2278
2021-01-13,Sacramento,067,1510023,80348,78268,897,79165,996
2021-01-13,San Benito,069,59416,4900,4583,54,4637,35
2021-01-13,San Bernardino,071,2135413,255065,240191,7629,247820,1759
2021-01-13,San Diego,073,3302833,218838,201578,10067,211645,1952
2021-01-13,San Francisco,075,870044,29080,27863,515,28378,238
2021-01-13,San Joaquin,077,732212,57240,54373,2320,56693,738
2021-01-13,San Luis Obispo,079,281455,15944,14625,402,15027,140
2021-01-13,San Mateo,081,765935,33151,30195,218,30413,207
2021-01-13,Santa Barbara,083,443738,25056,22714,774,23488,216
2021-01-13,Santa Clara,085,1922200,92488,87187,417,87604,911
2021-01-13,Santa Cruz,087,273765,12849,11423,610,12033,110
2021-01-13,Shasta,089,179085,9705,9180,970,10150,93
2021-01-13,Sierra,091,2930,42,33,9,42,0
2021-01-13,Siskiyou,093,43540,1208,1102,180,1282,3
2021-01-13,Solano,095,438530,25158,23503,273,23776,105
2021-01-13,Sonoma,097,501317,23731,22610,123,22733,206
2021-01-13,Stanislaus,099,539301,42652,40167,4309,44476,574
2021-01-13,Sutter,101,95872,7643,7350,62,7412,73
2021-01-13,Tehama,103,63373,3846,3589,440,4029,17
2021-01-13,Trinity,105,12862,364,260,46,306,3
2021-01-13,Tulare,107,460477,41426,39129,5673,44802,522
2021-01-13,Tuolumne,109,53932,3306,3196,27,3223,28
2021-01-13,Ventura,111,848112,60749,56453,2182,58635,338
2021-01-13,Yolo,113,214977,10936,9933,120,10053,135
2021-01-13,Yuba,115,75493,4688,4448,56,4504,27
2021-01-12,Alameda,001,1643700,66529,62642,1431,64073,677
2021-01-12,Alpine,003,1148,74,71,0,71,0
2021-01-12,Amador,005,37829,3004,2897,25,2922,26
2021-01-12,Butte,007,227075,9635,8883,1313,10196,124
2021-01-12,Calaveras,009,45235,1529,1475,7,1482,21
2021-01-12,Colusa,011,21464,1583,1510,153,1663,7
2021-01-12,Contra Costa,013,1133247,51684,48242,868,49110,399
2021-01-12,Del Norte,015,27424,833,816,2,818,2
2021-01-12,El Dorado,017,186661,7776,7156,508,7664,41
2021-01-12,Fresno,019,978130,83092,77651,6361,84012,796
2021-01-12,Glenn,021,27897,1935,1781,384,2165,9
2021-01-12,Humboldt,023,135768,2310,2077,7,2084,22
2021-01-12,Imperial,025,180216,25355,24566,2162,26728,457
2021-01-12,Inyo,027,18085,930,773,1,774,25
2021-01-12,Kern,029,883053,80088,75320,7306,82626,689
2021-01-12,Kings,031,150075,19135,18072,772,18844,108
2021-01-12,Lake,033,64148,2533,2260,0,2260,27
2021-01-12,Lassen,035,31185,4752,4659,73,4732,1
2021-01-12,Los Angeles,037,10098052,1002862,926295,33402,959697,12610
2021-01-12,Madera,039,155013,13363,12485,647,13132,85
2021-01-12,Marin,041,260295,11452,10960,118,11078,157
2021-01-12,Mariposa,043,17540,327,302,2,304,3
2021-01-12,Mendocino,045,87422,2987,2762,45,2807,31
2021-01-12,Merced,047,269075,23424,22172,555,22727,239
2021-01-12,Modoc,049,8938,293,274,84,358,0
2021-01-12,Mono,051,14174,1063,1008,10,1018,3
2021-01-12,Monterey,053,433212,35036,33381,1089,34470,240
2021-01-12,Napa,055,140530,7497,6936,29,6965,36
2021-01-12,Nevada,057,99092,3249,3014,122,3136,17
2021-01-12,Orange,059,3164182,210262,198260,8786,207046,2142
2021-01-12,Placer,061,380077,17666,16087,852,16939,163
2021-01-12,Plumas,063,18699,566,483,10,493,2
2021-01-12,Riverside,065,2383286,240635,225580,11896,237476,2266
2021-01-12,Sacramento,067,1510023,79608,77201,888,78089,985
2021-01-12,San Benito,069,59416,4833,4515,54,4569,35
2021-01-12,San Bernardino,071,2135413,252498,237008,7556,244564,1739
2021-01-12,San Diego,073,3302833,215927,198317,9950,208267,1898
2021-01-12,San Francisco,075,870044,28804,27531,479,28010,238
2021-01-12,San Joaquin,077,732212,56597,53630,2290,55920,725
2021-01-12,San Luis Obispo,079,281455,15697,14367,394,14761,132
2021-01-12,San Mateo,081,765935,32760,29747,206,29953,206
2021-01-12,Santa Barbara,083,443738,24647,22182,746,22928,209
2021-01-12,Santa Clara,085,1922200,91426,86075,408,86483,904
2021-01-12,Santa Cruz,087,273765,12635,11267,593,11860,110
2021-01-12,Shasta,089,179085,9632,9086,957,10043,84
2021-01-12,Sierra,091,2930,40,33,8,41,0
2021-01-12,Siskiyou,093,43540,1198,1091,174,1265,3
2021-01-12,Solano,095,438530,24854,23160,268,23428,102
2021-01-12,Sonoma,097,501317,23426,22403,123,22526,205
2021-01-12,Stanislaus,099,539301,42201,39615,4273,43888,571
2021-01-12,Sutter,101,95872,7580,7276,61,7337,73
2021-01-12,Tehama,103,63373,3810,3567,436,4003,17
2021-01-12,Trinity,105,12862,364,258,46,304,3
2021-01-12,Tulare,107,460477,40974,38797,5552,44349,509
2021-01-12,Tuolumne,109,53932,3272,3178,27,3205,28
2021-01-12,Ventura,111,848112,59777,55342,2149,57491,324
2021-01-12,Yolo,113,214977,10803,9857,109,9966,133
2021-01-12,Yuba,115,75493,4647,4389,56,4445,27
2021-01-11,Alameda,001,1643700,65670,61949,1413,63362,652
2021-01-11,Alpine,003,1148,74,70,0,70,0
2021-01-11,Amador,005,37829,2990,2867,25,2892,24
2021-01-11,Butte,007,227075,9521,8757,1295,10052,119
2021-01-11,Calaveras,009,45235,1511,1460,7,1467,21
2021-01-11,Colusa,011,21464,1565,1494,149,1643,7
2021-01-11,Contra Costa,013,1133247,51007,47728,858,48586,398
2021-01-11,Del Norte,015,27424,829,810,2,812,2
2021-01-11,El Dorado,017,186661,7683,6987,499,7486,36
2021-01-11,Fresno,019,978130,82215,76581,6281,82862,775
2021-01-11,Glenn,021,27897,1906,1763,375,2138,9
2021-01-11,Humboldt,023,135768,2270,2069,7,2076,22
2021-01-11,Imperial,025,180216,25241,24418,2126,26544,453
2021-01-11,Inyo,027,18085,912,763,1,764,25
2021-01-11,Kern,029,883053,79238,74489,7202,81691,682
2021-01-11,Kings,031,150075,18871,17909,764,18673,108
2021-01-11,Lake,033,64148,2481,2205,0,2205,26
2021-01-11,Lassen,035,31185,4729,4647,72,4719,1
2021-01-11,Los Angeles,037,10098052,989702,914434,32910,947344,12304
2021-01-11,Madera,039,155013,13233,12366,636,13002,85
2021-01-11,Marin,041,260295,11357,10814,115,10929,156
2021-01-11,Mariposa,043,17540,320,296,2,298,3
2021-01-11,Mendocino,045,87422,2960,2728,45,2773,31
2021-01-11,Merced,047,269075,23101,21884,541,22425,238
2021-01-11,Modoc,049,8938,292,271,83,354,0
2021-01-11,Mono,051,14174,1057,1006,10,1016,3
2021-01-11,Monterey,053,433212,34500,32858,1024,33882,239
2021-01-11,Napa,055,140530,7395,6822,29,6851,36
2021-01-11,Nevada,057,99092,3222,2980,122,3102,17
2021-01-11,Orange,059,3164182,207694,196340,8683,205023,2113
2021-01-11,Placer,061,380077,17483,15919,839,16758,163
2021-01-11,Plumas,063,18699,562,477,10,487,2
2021-01-11,Riverside,065,2383286,237143,222907,11739,234646,2222
2021-01-11,Sacramento,067,1510023,78682,76009,871,76880,974
2021-01-11,San Benito,069,59416,4756,4482,47,4529,34
2021-01-11,San Bernardino,071,2135413,249669,235543,7454,242997,1739
2021-01-11,San Diego,073,3302833,212662,194793,9790,204583,1857
2021-01-11,San Francisco,075,870044,28531,27264,456,27720,238
2021-01-11,San Joaquin,077,732212,55987,53002,2260,55262,725
2021-01-11,San Luis Obispo,079,281455,15327,14213,386,14599,126
2021-01-11,San Mateo,081,765935,32316,29355,193,29548,206
2021-01-11,Santa Barbara,083,443738,24210,21740,729,22469,200
2021-01-11,Santa Clara,085,1922200,90227,84851,399,85250,877
2021-01-11,Santa Cruz,087,273765,12458,11093,566,11659,106
2021-01-11,Shasta,089,179085,9534,8977,944,9921,81
2021-01-11,Sierra,091,2930,39,33,8,41,0
2021-01-11,Siskiyou,093,43540,1190,1087,171,1258,3
2021-01-11,Solano,095,438530,24533,22893,263,23156,101
2021-01-11,Sonoma,097,501317,23180,22191,123,22314,205
2021-01-11,Stanislaus,099,539301,41712,39149,4219,43368,571
2021-01-11,Sutter,101,95872,7521,7204,60,7264,71
2021-01-11,Tehama,103,63373,3746,3524,413,3937,17
2021-01-11,Trinity,105,12862,364,256,46,302,2
2021-01-11,Tulare,107,460477,40566,38380,5467,43847,497
2021-01-11,Tuolumne,109,53932,3261,3165,27,3192,27
2021-01-11,Ventura,111,848112,58642,54202,2123,56325,320
2021-01-11,Yolo,113,214977,10593,9699,107,9806,129
2021-01-11,Yuba,115,75493,4609,4349,49,4398,27
2021-01-10,Alameda,001,1643700,64687,61111,1384,62495,650
2021-01-10,Alpine,003,1148,74,70,0,70,0
2021-01-10,Amador,005,37829,2966,2861,25,2886,24
2021-01-10,Butte,007,227075,9404,8665,1268,9933,119
2021-01-10,Calaveras,009,45235,1486,1449,7,1456,21
2021-01-10,Colusa,011,21464,1541,1478,147,1625,7
2021-01-10,Contra Costa,013,1133247,50220,47109,840,47949,398
2021-01-10,Del Norte,015,27424,826,809,2,811,2
2021-01-10,El Dorado,017,186661,7596,6904,481,7385,36
2021-01-10,Fresno,019,978130,81405,75621,6159,81780,775
2021-01-10,Glenn,021,27897,1882,1746,367,2113,9
2021-01-10,Humboldt,023,135768,2209,2049,7,2056,22
2021-01-10,Imperial,025,180216,25082,24233,2071,26304,453
2021-01-10,Inyo,027,18085,884,748,1,749,25
2021-01-10,Kern,029,883053,78414,73712,7067,80779,679
2021-01-10,Kings,031,150075,18653,17812,756,18568,108
2021-01-10,Lake,033,64148,2429,2174,0,2174,26
2021-01-10,Lassen,035,31185,4707,4642,71,4713,1
2021-01-10,Los Angeles,037,10098052,975165,901783,32252,934035,12170
2021-01-10,Madera,039,155013,13045,12179,621,12800,85
2021-01-10,Marin,041,260295,11238,10737,113,10850,155
2021-01-10,Mariposa,043,17540,320,291,2,293,3
2021-01-10,Mendocino,045,87422,2929,2706,42,2748,31
2021-01-10,Merced,047,269075,22827,21691,531,22222,238
2021-01-10,Modoc,049,8938,292,271,81,352,0
2021-01-10,Mono,051,14174,1040,965,10,975,3
2021-01-10,Monterey,053,433212,34058,32571,992,33563,237
2021-01-10,Napa,055,140530,7291,6687,27,6714,36
2021-01-10,Nevada,057,99092,3203,2959,118,3077,17
2021-01-10,Orange,059,3164182,204938,193766,8560,202326,2104
2021-01-10,Placer,061,380077,17305,15779,817,16596,163
2021-01-10,Plumas,063,18699,552,477,10,487,2
2021-01-10,Riverside,065,2383286,233802,219486,11547,231033,2216
2021-01-10,Sacramento,067,1510023,77723,75394,841,76235,965
2021-01-10,San Benito,069,59416,4660,4434,46,4480,34
2021-01-10,San Bernardino,071,2135413,246070,232171,7350,239521,1736
2021-01-10,San Diego,073,3302833,209007,191886,9624,201510,1857
2021-01-10,San Francisco,075,870044,28149,27054,420,27474,238
2021-01-10,San Joaquin,077,732212,55126,52535,2226,54761,725
2021-01-10,San Luis Obispo,079,281455,14999,13968,372,14340,122
2021-01-10,San Mateo,081,765935,31826,28972,178,29150,206
2021-01-10,Santa Barbara,083,443738,23667,21290,704,21994,200
2021-01-10,Santa Clara,085,1922200,89051,83779,388,84167,858
2021-01-10,Santa Cruz,087,273765,12247,10951,542,11493,106
2021-01-10,Shasta,089,179085,9423,8936,927,9863,81
2021-01-10,Sierra,091,2930,38,32,8,40,0
2021-01-10,Siskiyou,093,43540,1184,1075,168,1243,3
2021-01-10,Solano,095,438530,24132,22621,260,22881,101
2021-01-10,Sonoma,097,501317,22908,21925,123,22048,204
2021-01-10,Stanislaus,099,539301,41151,38809,4136,42945,571
2021-01-10,Sutter,101,95872,7460,7133,57,7190,71
2021-01-10,Tehama,103,63373,3673,3504,400,3904,17
2021-01-10,Trinity,105,12862,364,253,45,298,2
2021-01-10,Tulare,107,460477,40150,38012,5342,43354,497
2021-01-10,Tuolumne,109,53932,3227,3143,26,3169,27
2021-01-10,Ventura,111,848112,57375,53095,2077,55172,319
2021-01-10,Yolo,113,214977,10441,9610,106,9716,129
2021-01-10,Yuba,115,75493,4557,4300,46,4346,27
2021-01-09,Alameda,001,1643700,64182,60125,1366,61491,649
2021-01-09,Alpine,003,1148,74,70,0,70,0
2021-01-09,Amador,005,37829,2959,2809,25,2834,24
2021-01-09,Butte,007,227075,9323,8552,1244,9796,118
2021-01-09,Calaveras,009,45235,1476,1425,7,1432,21
2021-01-09,Colusa,011,21464,1535,1468,146,1614,7
2021-01-09,Contra Costa,013,1133247,49874,46406,825,47231,393
2021-01-09,Del Norte,015,27424,824,802,2,804,2
2021-01-09,El Dorado,017,186661,7564,6800,478,7278,36
2021-01-09,Fresno,019,978130,80997,74816,6117,80933,773
2021-01-09,Glenn,021,27897,1867,1707,362,2069,9
2021-01-09,Humboldt,023,135768,2191,2026,7,2033,22
2021-01-09,Imperial,025,180216,25014,24028,2056,26084,448
2021-01-09,Inyo,027,18085,874,734,1,735,25
2021-01-09,Kern,029,883053,77954,73015,6986,80001,677
2021-01-09,Kings,031,150075,18558,17679,752,18431,108
2021-01-09,Lake,033,64148,2394,2144,0,2144,26
2021-01-09,Lassen,035,31185,4695,4613,70,4683,1
2021-01-09,Los Angeles,037,10098052,969632,887949,31793,919742,12011
2021-01-09,Madera,039,155013,12954,12063,616,12679,85
2021-01-09,Marin,041,260295,11175,10634,112,10746,154
2021-01-09,Mariposa,043,17540,317,287,2,289,3
2021-01-09,Mendocino,045,87422,2911,2664,42,2706,31
2021-01-09,Merced,047,269075,22686,21357,521,21878,237
2021-01-09,Modoc,049,8938,292,271,80,351,0
2021-01-09,Mono,051,14174,1035,964,10,974,3
2021-01-09,Monterey,053,433212,33909,31948,983,32931,235
2021-01-09,Napa,055,140530,7221,6594,24,6618,36
2021-01-09,Nevada,057,99092,3181,2932,115,3047,17
2021-01-09,Orange,059,3164182,203440,191004,8468,199472,2034
2021-01-09,Placer,061,380077,17206,15609,815,16424,162
2021-01-09,Plumas,063,18699,550,477,10,487,2
2021-01-09,Riverside,065,2383286,232092,216076,11401,227477,2201
2021-01-09,Sacramento,067,1510023,77198,74482,836,75318,953
2021-01-09,San Benito,069,59416,4611,4335,46,4381,34
2021-01-09,San Bernardino,071,2135413,244892,228857,7280,236137,1714
2021-01-09,San Diego,073,3302833,207315,188598,9504,198102,1824
2021-01-09,San Francisco,075,870044,27975,26708,375,27083,235
2021-01-09,San Joaquin,077,732212,54781,51927,2206,54133,724
2021-01-09,San Luis Obispo,079,281455,14876,13647,361,14008,121
2021-01-09,San Mateo,081,765935,31529,28512,171,28683,205
2021-01-09,Santa Barbara,083,443738,23459,20971,695,21666,197
2021-01-09,Santa Clara,085,1922200,88210,82269,376,82645,808
2021-01-09,Santa Cruz,087,273765,12151,10717,537,11254,107
2021-01-09,Shasta,089,179085,9390,8893,923,9816,81
2021-01-09,Sierra,091,2930,36,32,8,40,0
2021-01-09,Siskiyou,093,43540,1180,1062,164,1226,3
2021-01-09,Solano,095,438530,23976,22226,259,22485,101
2021-01-09,Sonoma,097,501317,22787,21393,123,21516,202
2021-01-09,Stanislaus,099,539301,40859,38403,4094,42497,567
2021-01-09,Sutter,101,95872,7424,7072,56,7128,69
2021-01-09,Tehama,103,63373,3643,3451,388,3839,15
2021-01-09,Trinity,105,12862,364,252,45,297,2
2021-01-09,Tulare,107,460477,39904,37684,5270,42954,496
2021-01-09,Tuolumne,109,53932,3219,3117,25,3142,26
2021-01-09,Ventura,111,848112,56548,51988,2050,54038,306
2021-01-09,Yolo,113,214977,10370,9524,103,9627,129
2021-01-09,Yuba,115,75493,4529,4265,46,4311,27
2021-01-08,Alameda,001,1643700,63637,59172,1355,60527,646
2021-01-08,Alpine,003,1148,74,70,0,70,0
2021-01-08,Amador,005,37829,2952,2792,25,2817,24
2021-01-08,Butte,007,227075,9264,8430,1228,9658,115
2021-01-08,Calaveras,009,45235,1463,1385,7,1392,21
2021-01-08,Colusa,011,21464,1522,1448,145,1593,7
2021-01-08,Contra Costa,013,1133247,49349,45667,821,46488,381
2021-01-08,Del Norte,015,27424,822,795,2,797,2
2021-01-08,El Dorado,017,186661,7494,6690,466,7156,36
2021-01-08,Fresno,019,978130,80183,73689,6054,79743,771
2021-01-08,Glenn,021,27897,1851,1680,358,2038,9
2021-01-08,Humboldt,023,135768,2167,1988,7,1995,22
2021-01-08,Imperial,025,180216,24947,23751,2041,25792,446
2021-01-08,Inyo,027,18085,860,682,1,683,24
2021-01-08,Kern,029,883053,77394,71978,6913,78891,674
2021-01-08,Kings,031,150075,18430,17441,747,18188,108
2021-01-08,Lake,033,64148,2369,2098,0,2098,26
2021-01-08,Lassen,035,31185,4687,4598,68,4666,1
2021-01-08,Los Angeles,037,10098052,958873,871188,31339,902527,11796
2021-01-08,Madera,039,155013,12803,11846,607,12453,85
2021-01-08,Marin,041,260295,11081,10531,111,10642,153
2021-01-08,Mariposa,043,17540,316,273,2,275,3
2021-01-08,Mendocino,045,87422,2892,2634,39,2673,31
2021-01-08,Merced,047,269075,22491,20862,516,21378,236
2021-01-08,Modoc,049,8938,292,266,80,346,0
2021-01-08,Mono,051,14174,1025,951,10,961,3
2021-01-08,Monterey,053,433212,33652,31543,970,32513,224
2021-01-08,Napa,055,140530,7151,6544,24,6568,32
2021-01-08,Nevada,057,99092,3159,2888,115,3003,17
2021-01-08,Orange,059,3164182,201449,186608,8381,194989,1991
2021-01-08,Placer,061,380077,17080,15401,808,16209,161
2021-01-08,Plumas,063,18699,544,465,10,475,2
2021-01-08,Riverside,065,2383286,229729,212122,11267,223389,2184
2021-01-08,Sacramento,067,1510023,76619,73245,830,74075,939
2021-01-08,San Benito,069,59416,4574,4225,45,4270,33
2021-01-08,San Bernardino,071,2135413,243010,224267,7207,231474,1703
2021-01-08,San Diego,073,3302833,204781,185060,9410,194470,1771
2021-01-08,San Francisco,075,870044,27728,26378,350,26728,207
2021-01-08,San Joaquin,077,732212,54445,50990,2175,53165,710
2021-01-08,San Luis Obispo,079,281455,14743,13286,347,13633,119
2021-01-08,San Mateo,081,765935,31180,28072,168,28240,204
2021-01-08,Santa Barbara,083,443738,23181,20461,686,21147,189
2021-01-08,Santa Clara,085,1922200,87188,80561,373,80934,789
2021-01-08,Santa Cruz,087,273765,12012,10486,527,11013,106
2021-01-08,Shasta,089,179085,9340,8772,908,9680,81
2021-01-08,Sierra,091,2930,36,31,8,39,0
2021-01-08,Siskiyou,093,43540,1177,1027,163,1190,3
2021-01-08,Solano,095,438530,23806,21832,259,22091,100
2021-01-08,Sonoma,097,501317,22647,21178,123,21301,201
2021-01-08,Stanislaus,099,539301,40562,37858,4057,41915,566
2021-01-08,Sutter,101,95872,7374,6982,56,7038,68
2021-01-08,Tehama,103,63373,3620,3406,383,3789,15
2021-01-08,Trinity,105,12862,364,247,45,292,2
2021-01-08,Tulare,107,460477,39639,36946,5162,42108,491
2021-01-08,Tuolumne,109,53932,3210,3099,25,3124,19
2021-01-08,Ventura,111,848112,55684,50553,2025,52578,294
2021-01-08,Yolo,113,214977,10280,9391,99,9490,129
2021-01-08,Yuba,115,75493,4487,4195,45,4240,26
2021-01-07,Alameda,001,1643700,62729,57921,1327,59248,632
2021-01-07,Alpine,003,1148,72,70,0,70,0
2021-01-07,Amador,005,37829,2939,2740,24,2764,24
2021-01-07,Butte,007,227075,9168,8278,1199,9477,112
2021-01-07,Calaveras,009,45235,1446,1342,6,1348,21
2021-01-07,Colusa,011,21464,1510,1420,138,1558,7
2021-01-07,Contra Costa,013,1133247,48570,44756,804,45560,376
2021-01-07,Del Norte,015,27424,820,791,2,793,2
2021-01-07,El Dorado,017,186661,7395,6545,452,6997,36
2021-01-07,Fresno,019,978130,79229,72557,5949,78506,765
2021-01-07,Glenn,021,27897,1835,1639,349,1988,9
2021-01-07,Humboldt,023,135768,2140,1954,7,1961,22
2021-01-07,Imperial,025,180216,24754,23608,1989,25597,431
2021-01-07,Inyo,027,18085,847,656,1,657,20
2021-01-07,Kern,029,883053,76540,70953,6760,77713,660
2021-01-07,Kings,031,150075,18302,17238,738,17976,108
2021-01-07,Lake,033,64148,2314,2054,0,2054,26
2021-01-07,Lassen,035,31185,4682,4581,66,4647,1
2021-01-07,Los Angeles,037,10098052,944016,853187,30776,883963,11480
2021-01-07,Madera,039,155013,12647,11644,595,12239,76
2021-01-07,Marin,041,260295,10989,10364,109,10473,153
2021-01-07,Mariposa,043,17540,314,264,2,266,3
2021-01-07,Mendocino,045,87422,2837,2585,35,2620,30
2021-01-07,Merced,047,269075,22170,20510,501,21011,234
2021-01-07,Modoc,049,8938,292,265,80,345,0
2021-01-07,Mono,051,14174,1014,905,10,915,3
2021-01-07,Monterey,053,433212,33125,30903,947,31850,222
2021-01-07,Napa,055,140530,7041,6408,24,6432,32
2021-01-07,Nevada,057,99092,3125,2847,110,2957,17
2021-01-07,Orange,059,3164182,198615,181922,8278,190200,1974
2021-01-07,Placer,061,380077,16894,15155,778,15933,144
2021-01-07,Plumas,063,18699,542,454,10,464,2
2021-01-07,Riverside,065,2383286,226369,208177,11104,219281,2156
2021-01-07,Sacramento,067,1510023,75715,72342,809,73151,919
2021-01-07,San Benito,069,59416,4512,4112,41,4153,33
2021-01-07,San Bernardino,071,2135413,239472,219691,7122,226813,1666
2021-01-07,San Diego,073,3302833,201476,180510,9231,189741,1738
2021-01-07,San Francisco,075,870044,27393,25885,333,26218,202
2021-01-07,San Joaquin,077,732212,53760,50156,2143,52299,689
2021-01-07,San Luis Obispo,079,281455,14504,12810,334,13144,118
2021-01-07,San Mateo,081,765935,30670,27494,164,27658,201
2021-01-07,Santa Barbara,083,443738,22763,19931,672,20603,187
2021-01-07,Santa Clara,085,1922200,85969,78808,369,79177,775
2021-01-07,Santa Cruz,087,273765,11803,10228,520,10748,104
2021-01-07,Shasta,089,179085,9253,8612,900,9512,81
2021-01-07,Sierra,091,2930,36,31,8,39,0
2021-01-07,Siskiyou,093,43540,1172,1010,161,1171,3
2021-01-07,Solano,095,438530,23414,21384,255,21639,100
2021-01-07,Sonoma,097,501317,22384,20857,122,20979,200
2021-01-07,Stanislaus,099,539301,40137,37296,4004,41300,553
2021-01-07,Sutter,101,95872,7315,6890,55,6945,65
2021-01-07,Tehama,103,63373,3596,3330,376,3706,15
2021-01-07,Trinity,105,12862,364,247,45,292,2
2021-01-07,Tulare,107,460477,39236,36397,5023,41420,482
2021-01-07,Tuolumne,109,53932,3190,3068,24,3092,14
2021-01-07,Ventura,111,848112,54524,49083,1996,51079,288
2021-01-07,Yolo,113,214977,10142,9207,97,9304,128
2021-01-07,Yuba,115,75493,4445,4128,45,4173,25
2021-01-06,Alameda,001,1643700,61883,57081,1297,58378,616
2021-01-06,Alpine,003,1148,72,70,0,70,0
2021-01-06,Amador,005,37829,2918,2717,23,2740,24
2021-01-06,Butte,007,227075,9056,8147,1180,9327,110
2021-01-06,Calaveras,009,45235,1422,1321,6,1327,21
2021-01-06,Colusa,011,21464,1490,1385,132,1517,7
2021-01-06,Contra Costa,013,1133247,47766,44054,786,44840,358
2021-01-06,Del Norte,015,27424,814,780,2,782,2
2021-01-06,El Dorado,017,186661,7284,6397,439,6836,35
2021-01-06,Fresno,019,978130,78389,71404,5846,77250,752
2021-01-06,Glenn,021,27897,1811,1622,343,1965,9
2021-01-06,Humboldt,023,135768,2114,1912,7,1919,22
2021-01-06,Imperial,025,180216,24503,23400,1947,25347,431
2021-01-06,Inyo,027,18085,831,630,1,631,20
2021-01-06,Kern,029,883053,75600,69893,6624,76517,646
2021-01-06,Kings,031,150075,18108,17019,715,17734,108
2021-01-06,Lake,033,64148,2276,2033,0,2033,26
2021-01-06,Lassen,035,31185,4670,4560,62,4622,1
2021-01-06,Los Angeles,037,10098052,928120,835052,30052,865104,11285
2021-01-06,Madera,039,155013,12511,11407,589,11996,67
2021-01-06,Marin,041,260295,10861,10282,108,10390,153
2021-01-06,Mariposa,043,17540,311,259,2,261,3
2021-01-06,Mendocino,045,87422,2807,2561,35,2596,30
2021-01-06,Merced,047,269075,21829,20258,485,20743,232
2021-01-06,Modoc,049,8938,292,263,80,343,0
2021-01-06,Mono,051,14174,983,905,10,915,3
2021-01-06,Monterey,053,433212,32534,30387,911,31298,222
2021-01-06,Napa,055,140530,6911,6342,24,6366,32
2021-01-06,Nevada,057,99092,3105,2805,110,2915,15
2021-01-06,Orange,059,3164182,195170,177686,8134,185820,1935
2021-01-06,Placer,061,380077,16713,14940,759,15699,134
2021-01-06,Plumas,063,18699,534,445,10,455,2
2021-01-06,Riverside,065,2383286,222386,203714,10905,214619,2121
2021-01-06,Sacramento,067,1510023,74694,71572,792,72364,909
2021-01-06,San Benito,069,59416,4435,4031,40,4071,32
2021-01-06,San Bernardino,071,2135413,235764,215286,7007,222293,1634
2021-01-06,San Diego,073,3302833,197981,176660,9062,185722,1691
2021-01-06,San Francisco,075,870044,27021,25424,323,25747,199
2021-01-06,San Joaquin,077,732212,52998,49286,2099,51385,673
2021-01-06,San Luis Obispo,079,281455,14112,12305,327,12632,115
2021-01-06,San Mateo,081,765935,30246,27050,161,27211,200
2021-01-06,Santa Barbara,083,443738,22283,19453,660,20113,177
2021-01-06,Santa Clara,085,1922200,84564,77485,362,77847,746
2021-01-06,Santa Cruz,087,273765,11585,9954,500,10454,97
2021-01-06,Shasta,089,179085,9182,8482,893,9375,78
2021-01-06,Sierra,091,2930,35,31,8,39,0
2021-01-06,Siskiyou,093,43540,1160,998,157,1155,3
2021-01-06,Solano,095,438530,23027,21102,252,21354,99
2021-01-06,Sonoma,097,501317,22079,20558,122,20680,196
2021-01-06,Stanislaus,099,539301,39541,36751,3941,40692,553
2021-01-06,Sutter,101,95872,7233,6839,54,6893,59
2021-01-06,Tehama,103,63373,3569,3306,370,3676,15
2021-01-06,Trinity,105,12862,364,246,45,291,2
2021-01-06,Tulare,107,460477,38676,35882,4922,40804,465
2021-01-06,Tuolumne,109,53932,3170,3008,24,3032,14
2021-01-06,Ventura,111,848112,53280,47428,1971,49399,280
2021-01-06,Yolo,113,214977,9981,9083,94,9177,127
2021-01-06,Yuba,115,75493,4398,4097,45,4142,25
2021-01-05,Alameda,001,1643700,60765,56432,1261,57693,602
2021-01-05,Alpine,003,1148,72,70,0,70,0
2021-01-05,Amador,005,37829,2878,2695,23,2718,24
2021-01-05,Butte,007,227075,8917,8008,1153,9161,107
2021-01-05,Calaveras,009,45235,1376,1292,6,1298,21
2021-01-05,Colusa,011,21464,1465,1376,126,1502,7
2021-01-05,Contra Costa,013,1133247,46886,43442,775,44217,353
2021-01-05,Del Norte,015,27424,807,770,2,772,2
2021-01-05,El Dorado,017,186661,7166,6270,418,6688,32
2021-01-05,Fresno,019,978130,77169,70971,5751,76722,741
2021-01-05,Glenn,021,27897,1786,1608,331,1939,9
2021-01-05,Humboldt,023,135768,2077,1884,7,1891,22
2021-01-05,Imperial,025,180216,24337,23165,1899,25064,421
2021-01-05,Inyo,027,18085,817,627,1,628,20
2021-01-05,Kern,029,883053,74529,68257,6478,74735,624
2021-01-05,Kings,031,150075,17910,16860,691,17551,108
2021-01-05,Lake,033,64148,2229,2015,0,2015,25
2021-01-05,Lassen,035,31185,4656,4554,58,4612,1
2021-01-05,Los Angeles,037,10098052,909450,823783,29360,853143,11028
2021-01-05,Madera,039,155013,12335,11359,576,11935,67
2021-01-05,Marin,041,260295,10710,10214,106,10320,151
2021-01-05,Mariposa,043,17540,305,257,2,259,3
2021-01-05,Mendocino,045,87422,2772,2501,35,2536,30
2021-01-05,Merced,047,269075,21479,20051,472,20523,230
2021-01-05,Modoc,049,8938,292,254,80,334,0
2021-01-05,Mono,051,14174,977,896,10,906,3
2021-01-05,Monterey,053,433212,31960,30045,873,30918,213
2021-01-05,Napa,055,140530,6824,6264,24,6288,29
2021-01-05,Nevada,057,99092,3077,2781,109,2890,15
2021-01-05,Orange,059,3164182,191531,174869,7937,182806,1918
2021-01-05,Placer,061,380077,16490,14723,735,15458,133
2021-01-05,Plumas,063,18699,527,428,10,438,2
2021-01-05,Riverside,065,2383286,218339,200439,10723,211162,2069
2021-01-05,Sacramento,067,1510023,73770,70677,764,71441,888
2021-01-05,San Benito,069,59416,4333,3961,38,3999,28
2021-01-05,San Bernardino,071,2135413,231837,212522,6888,219410,1615
2021-01-05,San Diego,073,3302833,193842,172845,8853,181698,1654
2021-01-05,San Francisco,075,870044,26657,24989,304,25293,196
2021-01-05,San Joaquin,077,732212,52124,48969,2047,51016,663
2021-01-05,San Luis Obispo,079,281455,13712,12027,317,12344,106
2021-01-05,San Mateo,081,765935,29762,26486,159,26645,198
2021-01-05,Santa Barbara,083,443738,21850,19063,649,19712,172
2021-01-05,Santa Clara,085,1922200,83027,76355,348,76703,729
2021-01-05,Santa Cruz,087,273765,11313,9753,475,10228,93
2021-01-05,Shasta,089,179085,9076,8345,873,9218,73
2021-01-05,Sierra,091,2930,35,31,8,39,0
2021-01-05,Siskiyou,093,43540,1148,985,155,1140,3
2021-01-05,Solano,095,438530,22620,20860,247,21107,97
2021-01-05,Sonoma,097,501317,21715,20247,121,20368,194
2021-01-05,Stanislaus,099,539301,38997,36363,3893,40256,553
2021-01-05,Sutter,101,95872,7135,6769,53,6822,59
2021-01-05,Tehama,103,63373,3512,3255,365,3620,9
2021-01-05,Trinity,105,12862,364,246,45,291,2
2021-01-05,Tulare,107,460477,38061,35585,4769,40354,455
2021-01-05,Tuolumne,109,53932,3146,2996,19,3015,13
2021-01-05,Ventura,111,848112,52033,46456,1948,48404,264
2021-01-05,Yolo,113,214977,9807,8980,93,9073,127
2021-01-05,Yuba,115,75493,4341,4053,44,4097,21
2021-01-04,Alameda,001,1643700,59531,55899,1227,57126,583
2021-01-04,Alpine,003,1148,72,68,0,68,0
2021-01-04,Amador,005,37829,2838,2596,23,2619,24
2021-01-04,Butte,007,227075,8759,7893,1129,9022,105
2021-01-04,Calaveras,009,45235,1335,1276,5,1281,21
2021-01-04,Colusa,011,21464,1440,1368,112,1480,7
2021-01-04,Contra Costa,013,1133247,46035,43019,749,43768,353
2021-01-04,Del Norte,015,27424,798,770,2,772,2
2021-01-04,El Dorado,017,186661,7032,6152,402,6554,27
2021-01-04,Fresno,019,978130,75907,69871,5650,75521,726
2021-01-04,Glenn,021,27897,1755,1590,323,1913,9
2021-01-04,Humboldt,023,135768,2041,1845,7,1852,22
2021-01-04,Imperial,025,180216,24186,23035,1845,24880,420
2021-01-04,Inyo,027,18085,790,623,1,624,20
2021-01-04,Kern,029,883053,73453,67418,6272,73690,623
2021-01-04,Kings,031,150075,17639,16801,664,17465,108
2021-01-04,Lake,033,64148,2187,1984,0,1984,25
2021-01-04,Lassen,035,31185,4634,4550,57,4607,1
2021-01-04,Los Angeles,037,10098052,889415,813022,28445,841467,10790
2021-01-04,Madera,039,155013,12114,11204,554,11758,67
2021-01-04,Marin,041,260295,10574,10115,103,10218,151
2021-01-04,Mariposa,043,17540,299,253,2,255,3
2021-01-04,Mendocino,045,87422,2732,2460,31,2491,28
2021-01-04,Merced,047,269075,21065,19804,453,20257,230
2021-01-04,Modoc,049,8938,276,250,78,328,0
2021-01-04,Mono,051,14174,966,895,10,905,3
2021-01-04,Monterey,053,433212,31309,29659,850,30509,212
2021-01-04,Napa,055,140530,6683,6187,24,6211,29
2021-01-04,Nevada,057,99092,3040,2765,104,2869,15
2021-01-04,Orange,059,3164182,187647,172458,7804,180262,1918
2021-01-04,Placer,061,380077,16234,14622,721,15343,133
2021-01-04,Plumas,063,18699,517,419,10,429,1
2021-01-04,Riverside,065,2383286,213875,196809,10523,207332,2066
2021-01-04,Sacramento,067,1510023,72705,70164,754,70918,870
2021-01-04,San Benito,069,59416,4221,3914,38,3952,28
2021-01-04,San Bernardino,071,2135413,227631,210868,6723,217591,1615
2021-01-04,San Diego,073,3302833,189274,171031,8659,179690,1598
2021-01-04,San Francisco,075,870044,26274,24753,297,25050,191
2021-01-04,San Joaquin,077,732212,51224,48644,2004,50648,661
2021-01-04,San Luis Obispo,079,281455,13225,11945,309,12254,96
2021-01-04,San Mateo,081,765935,29200,26150,154,26304,198
2021-01-04,Santa Barbara,083,443738,21334,18735,616,19351,165
2021-01-04,Santa Clara,085,1922200,81275,75297,341,75638,727
2021-01-04,Santa Cruz,087,273765,11026,9680,458,10138,85
2021-01-04,Shasta,089,179085,8971,8224,857,9081,72
2021-01-04,Sierra,091,2930,34,30,8,38,0
2021-01-04,Siskiyou,093,43540,1132,980,150,1130,3
2021-01-04,Solano,095,438530,22116,20588,240,20828,97
2021-01-04,Sonoma,097,501317,21372,20210,120,20330,194
2021-01-04,Stanislaus,099,539301,38434,36141,3835,39976,553
2021-01-04,Sutter,101,95872,7037,6712,52,6764,56
2021-01-04,Tehama,103,63373,3439,3190,359,3549,9
2021-01-04,Trinity,105,12862,361,245,45,290,2
2021-01-04,Tulare,107,460477,37504,35060,4664,39724,455
2021-01-04,Tuolumne,109,53932,3121,2987,19,3006,13
2021-01-04,Ventura,111,848112,50533,45014,1929,46943,255
2021-01-04,Yolo,113,214977,9610,8834,87,8921,121
2021-01-04,Yuba,115,75493,4282,4023,44,4067,21
2021-01-03,Alameda,001,1643700,58290,55082,1197,56279,580
2021-01-03,Alpine,003,1148,70,68,0,68,0
2021-01-03,Amador,005,37829,2774,2565,23,2588,24
2021-01-03,Butte,007,227075,8569,7837,1074,8911,105
2021-01-03,Calaveras,009,45235,1298,1249,3,1252,21
2021-01-03,Colusa,011,21464,1411,1337,106,1443,7
2021-01-03,Contra Costa,013,1133247,45146,42432,724,43156,352
2021-01-03,Del Norte,015,27424,785,768,2,770,2
2021-01-03,El Dorado,017,186661,6904,6034,385,6419,27
2021-01-03,Fresno,019,978130,74763,69326,5524,74850,719
2021-01-03,Glenn,021,27897,1730,1581,312,1893,9
2021-01-03,Humboldt,023,135768,2004,1833,7,1840,21
2021-01-03,Imperial,025,180216,23936,22951,1759,24710,419
2021-01-03,Inyo,027,18085,773,615,1,616,20
2021-01-03,Kern,029,883053,72200,66895,6089,72984,609
2021-01-03,Kings,031,150075,17372,16593,630,17223,108
2021-01-03,Lake,033,64148,2134,1976,0,1976,24
2021-01-03,Lassen,035,31185,4601,4531,56,4587,1
2021-01-03,Los Angeles,037,10098052,867505,792168,27340,819508,10633
2021-01-03,Madera,039,155013,11889,11152,530,11682,67
2021-01-03,Marin,041,260295,10425,10034,98,10132,150
2021-01-03,Mariposa,043,17540,292,248,2,250,3
2021-01-03,Mendocino,045,87422,2692,2445,30,2475,24
2021-01-03,Merced,047,269075,20597,19600,427,20027,230
2021-01-03,Modoc,049,8938,272,245,77,322,0
2021-01-03,Mono,051,14174,941,893,10,903,3
2021-01-03,Monterey,053,433212,30711,29357,813,30170,191
2021-01-03,Napa,055,140530,6582,6094,24,6118,29
2021-01-03,Nevada,057,99092,2981,2742,101,2843,15
2021-01-03,Orange,059,3164182,183473,169881,7608,177489,1919
2021-01-03,Placer,061,380077,15988,14319,696,15015,133
2021-01-03,Plumas,063,18699,504,416,10,426,1
2021-01-03,Riverside,065,2383286,209096,195048,10263,205311,2005
2021-01-03,Sacramento,067,1510023,71501,68558,732,69290,859
2021-01-03,San Benito,069,59416,4123,3882,37,3919,28
2021-01-03,San Bernardino,071,2135413,222373,208294,6543,214837,1592
2021-01-03,San Diego,073,3302833,184019,168018,8436,176454,1592
2021-01-03,San Francisco,075,870044,25777,24588,279,24867,193
2021-01-03,San Joaquin,077,732212,50108,47899,1941,49840,661
2021-01-03,San Luis Obispo,079,281455,12756,11636,299,11935,95
2021-01-03,San Mateo,081,765935,28607,25770,148,25918,196
2021-01-03,Santa Barbara,083,443738,20617,18267,599,18866,164
2021-01-03,Santa Clara,085,1922200,79724,74534,335,74869,720
2021-01-03,Santa Cruz,087,273765,10726,9528,439,9967,84
2021-01-03,Shasta,089,179085,8845,8192,815,9007,72
2021-01-03,Sierra,091,2930,34,30,8,38,0
2021-01-03,Siskiyou,093,43540,1099,976,141,1117,3
2021-01-03,Solano,095,438530,21583,20105,235,20340,97
2021-01-03,Sonoma,097,501317,20981,19982,116,20098,193
2021-01-03,Stanislaus,099,539301,37746,35762,3752,39514,553
2021-01-03,Sutter,101,95872,6940,6664,51,6715,53
2021-01-03,Tehama,103,63373,3382,3176,350,3526,9
2021-01-03,Trinity,105,12862,358,243,44,287,2
2021-01-03,Tulare,107,460477,36950,34747,4510,39257,455
2021-01-03,Tuolumne,109,53932,3060,2978,16,2994,13
2021-01-03,Ventura,111,848112,48709,43748,1911,45659,254
2021-01-03,Yolo,113,214977,9452,8674,83,8757,121
2021-01-03,Yuba,115,75493,4228,3966,43,4009,20
2021-01-02,Alameda,001,1643700,57665,54518,1167,55685,581
2021-01-02,Alpine,003,1148,70,68,0,68,0
2021-01-02,Amador,005,37829,2755,2540,23,2563,24
2021-01-02,Butte,007,227075,8463,7750,1053,8803,105
2021-01-02,Calaveras,009,45235,1278,1230,3,1233,21
2021-01-02,Colusa,011,21464,1401,1332,105,1437,7
2021-01-02,Contra Costa,013,1133247,44624,41993,712,42705,352
2021-01-02,Del Norte,015,27424,783,764,2,766,2
2021-01-02,El Dorado,017,186661,6849,5959,381,6340,27
2021-01-02,Fresno,019,978130,74228,68740,5409,74149,717
2021-01-02,Glenn,021,27897,1715,1546,310,1856,9
2021-01-02,Humboldt,023,135768,1980,1815,7,1822,21
2021-01-02,Imperial,025,180216,23858,22867,1719,24586,420
2021-01-02,Inyo,027,18085,760,609,1,610,20
2021-01-02,Kern,029,883053,71485,66457,5979,72436,610
2021-01-02,Kings,031,150075,17280,16515,626,17141,108
2021-01-02,Lake,033,64148,2097,1925,0,1925,24
2021-01-02,Lassen,035,31185,4590,4457,55,4512,1
2021-01-02,Los Angeles,037,10098052,859228,791892,26603,818495,10633
2021-01-02,Madera,039,155013,11779,11039,518,11557,67
2021-01-02,Marin,041,260295,10380,9924,95,10019,151
2021-01-02,Mariposa,043,17540,285,243,2,245,3
2021-01-02,Mendocino,045,87422,2649,2428,29,2457,24
2021-01-02,Merced,047,269075,20456,19395,411,19806,230
2021-01-02,Modoc,049,8938,271,245,77,322,0
2021-01-02,Mono,051,14174,931,884,10,894,3
2021-01-02,Monterey,053,433212,30507,28991,802,29793,191
2021-01-02,Napa,055,140530,6523,5994,24,6018,29
2021-01-02,Nevada,057,99092,2954,2706,97,2803,15
2021-01-02,Orange,059,3164182,181291,168457,7454,175911,1918
2021-01-02,Placer,061,380077,15815,14182,686,14868,133
2021-01-02,Plumas,063,18699,501,413,10,423,1
2021-01-02,Riverside,065,2383286,206523,192069,10034,202103,2008
2021-01-02,Sacramento,067,1510023,70862,67810,717,68527,858
2021-01-02,San Benito,069,59416,4041,3829,37,3866,28
2021-01-02,San Bernardino,071,2135413,220767,206939,6410,213349,1597
2021-01-02,San Diego,073,3302833,181426,164498,8247,172745,1592
2021-01-02,San Francisco,075,870044,25517,24414,272,24686,194
2021-01-02,San Joaquin,077,732212,49742,47310,1909,49219,662
2021-01-02,San Luis Obispo,079,281455,12621,11467,294,11761,95
2021-01-02,San Mateo,081,765935,28272,25483,140,25623,196
2021-01-02,Santa Barbara,083,443738,20332,18135,596,18731,164
2021-01-02,Santa Clara,085,1922200,78555,73662,328,73990,720
2021-01-02,Santa Cruz,087,273765,10575,9340,430,9770,85
2021-01-02,Shasta,089,179085,8779,8154,803,8957,72
2021-01-02,Sierra,091,2930,34,28,8,36,0
2021-01-02,Siskiyou,093,43540,1088,949,139,1088,3
2021-01-02,Solano,095,438530,21386,19805,225,20030,97
2021-01-02,Sonoma,097,501317,20823,19761,116,19877,194
2021-01-02,Stanislaus,099,539301,37434,35431,3683,39114,553
2021-01-02,Sutter,101,95872,6885,6621,51,6672,53
2021-01-02,Tehama,103,63373,3357,3146,346,3492,9
2021-01-02,Trinity,105,12862,355,243,44,287,2
2021-01-02,Tulare,107,460477,36636,34479,4433,38912,455
2021-01-02,Tuolumne,109,53932,3046,2942,14,2956,13
2021-01-02,Ventura,111,848112,47559,43397,1876,45273,254
2021-01-02,Yolo,113,214977,9356,8571,81,8652,122
2021-01-02,Yuba,115,75493,4191,3930,42,3972,21
2021-01-01,Alameda,001,1643700,57007,53518,1150,54668,579
2021-01-01,Alpine,003,1148,70,68,0,68,0
2021-01-01,Amador,005,37829,2729,2513,21,2534,24
2021-01-01,Butte,007,227075,8362,7589,1028,8617,105
2021-01-01,Calaveras,009,45235,1263,1186,3,1189,21
2021-01-01,Colusa,011,21464,1392,1314,103,1417,7
2021-01-01,Contra Costa,013,1133247,44149,41412,690,42102,351
2021-01-01,Del Norte,015,27424,777,758,2,760,2
2021-01-01,El Dorado,017,186661,6760,5832,370,6202,27
2021-01-01,Fresno,019,978130,73158,67484,5321,72805,717
2021-01-01,Glenn,021,27897,1699,1520,307,1827,9
2021-01-01,Humboldt,023,135768,1942,1783,7,1790,21
2021-01-01,Imperial,025,180216,23773,22715,1666,24381,418
2021-01-01,Inyo,027,18085,736,606,1,607,20
2021-01-01,Kern,029,883053,70662,65571,5867,71438,609
2021-01-01,Kings,031,150075,17097,16358,620,16978,108
2021-01-01,Lake,033,64148,2066,1888,0,1888,24
2021-01-01,Lassen,035,31185,4584,4377,55,4432,1
2021-01-01,Los Angeles,037,10098052,845101,775578,25874,801452,10515
2021-01-01,Madera,039,155013,11620,10752,509,11261,66
2021-01-01,Marin,041,260295,10273,9821,95,9916,148
2021-01-01,Mariposa,043,17540,277,236,2,238,3
2021-01-01,Mendocino,045,87422,2595,2400,29,2429,24
2021-01-01,Merced,047,269075,20272,19118,395,19513,229
2021-01-01,Modoc,049,8938,271,241,77,318,0
2021-01-01,Mono,051,14174,913,884,10,894,3
2021-01-01,Monterey,053,433212,30277,28465,794,29259,191
2021-01-01,Napa,055,140530,6437,5899,24,5923,28
2021-01-01,Nevada,057,99092,2930,2663,97,2760,15
2021-01-01,Orange,059,3164182,178505,165440,7303,172743,1893
2021-01-01,Placer,061,380077,15636,13987,668,14655,133
2021-01-01,Plumas,063,18699,496,412,10,422,1
2021-01-01,Riverside,065,2383286,203418,188674,9761,198435,1990
2021-01-01,Sacramento,067,1510023,70265,66956,699,67655,848
2021-01-01,San Benito,069,59416,4004,3773,37,3810,28
2021-01-01,San Bernardino,071,2135413,217949,203651,6271,209922,1590
2021-01-01,San Diego,073,3302833,178365,160071,8072,168143,1592
2021-01-01,San Francisco,075,870044,25244,24145,260,24405,187
2021-01-01,San Joaquin,077,732212,49458,46640,1862,48502,657
2021-01-01,San Luis Obispo,079,281455,12397,11160,286,11446,94
2021-01-01,San Mateo,081,765935,27824,25041,136,25177,194
2021-01-01,Santa Barbara,083,443738,20013,17759,586,18345,164
2021-01-01,Santa Clara,085,1922200,77289,71904,323,72227,680
2021-01-01,Santa Cruz,087,273765,10397,9146,418,9564,84
2021-01-01,Shasta,089,179085,8698,8102,786,8888,72
2021-01-01,Sierra,091,2930,34,26,8,34,0
2021-01-01,Siskiyou,093,43540,1074,944,134,1078,3
2021-01-01,Solano,095,438530,21173,19393,223,19616,97
2021-01-01,Sonoma,097,501317,20634,19513,116,19629,189
2021-01-01,Stanislaus,099,539301,37158,34978,3614,38592,553
2021-01-01,Sutter,101,95872,6828,6553,50,6603,52
2021-01-01,Tehama,103,63373,3301,3079,337,3416,9
2021-01-01,Trinity,105,12862,355,243,44,287,2
2021-01-01,Tulare,107,460477,36233,33994,4335,38329,454
2021-01-01,Tuolumne,109,53932,3030,2909,14,2923,13
2021-01-01,Ventura,111,848112,46066,42026,1848,43874,253
2021-01-01,Yolo,113,214977,9246,8461,78,8539,120
2021-01-01,Yuba,115,75493,4136,3845,41,3886,19
2020-12-31,Alameda,001,1643700,56469,52475,1118,53593,579
2020-12-31,Alpine,003,1148,70,66,0,66,0
2020-12-31,Amador,005,37829,2715,2493,21,2514,24
2020-12-31,Butte,007,227075,8288,7405,1009,8414,105
2020-12-31,Calaveras,009,45235,1252,1161,3,1164,21
2020-12-31,Colusa,011,21464,1384,1301,100,1401,7
2020-12-31,Contra Costa,013,1133247,43776,40512,675,41187,336
2020-12-31,Del Norte,015,27424,776,748,2,750,2
2020-12-31,El Dorado,017,186661,6708,5662,361,6023,26
2020-12-31,Fresno,019,978130,72734,66442,5257,71699,711
2020-12-31,Glenn,021,27897,1679,1484,302,1786,9
2020-12-31,Humboldt,023,135768,1925,1713,7,1720,21
2020-12-31,Imperial,025,180216,23709,22494,1649,24143,417
2020-12-31,Inyo,027,18085,728,591,1,592,20
2020-12-31,Kern,029,883053,70197,64904,5772,70676,609
2020-12-31,Kings,031,150075,17022,16077,612,16689,108
2020-12-31,Lake,033,64148,2054,1848,0,1848,23
2020-12-31,Lassen,035,31185,4578,4340,54,4394,1
2020-12-31,Los Angeles,037,10098052,839820,755844,25378,781222,10320
2020-12-31,Madera,039,155013,11551,10609,498,11107,64
2020-12-31,Marin,041,260295,10231,9731,94,9825,148
2020-12-31,Mariposa,043,17540,275,217,2,219,3
2020-12-31,Mendocino,045,87422,2580,2367,25,2392,24
2020-12-31,Merced,047,269075,20184,18808,385,19193,226
2020-12-31,Modoc,049,8938,271,238,77,315,0
2020-12-31,Mono,051,14174,906,868,10,878,3
2020-12-31,Monterey,053,433212,30084,27720,782,28502,188
2020-12-31,Napa,055,140530,6374,5801,24,5825,28
2020-12-31,Nevada,057,99092,2907,2619,95,2714,15
2020-12-31,Orange,059,3164182,176625,161586,7167,168753,1866
2020-12-31,Placer,061,380077,15487,13708,665,14373,126
2020-12-31,Plumas,063,18699,491,401,9,410,1
2020-12-31,Riverside,065,2383286,201800,184193,9624,193817,1958
2020-12-31,Sacramento,067,1510023,69746,65817,688,66505,830
2020-12-31,San Benito,069,59416,3981,3673,37,3710,28
2020-12-31,San Bernardino,071,2135413,216378,199115,6200,205315,1586
2020-12-31,San Diego,073,3302833,176603,155593,7979,163572,1534
2020-12-31,San Francisco,075,870044,25017,23740,252,23992,183
2020-12-31,San Joaquin,077,732212,49154,45764,1822,47586,646
2020-12-31,San Luis Obispo,079,281455,12286,10846,286,11132,89
2020-12-31,San Mateo,081,765935,27494,24570,130,24700,192
2020-12-31,Santa Barbara,083,443738,19771,17434,579,18013,161
2020-12-31,Santa Clara,085,1922200,76522,70032,318,70350,665
2020-12-31,Santa Cruz,087,273765,10281,8909,405,9314,84
2020-12-31,Shasta,089,179085,8633,7996,776,8772,69
2020-12-31,Sierra,091,2930,34,26,8,34,0
2020-12-31,Siskiyou,093,43540,1058,940,131,1071,3
2020-12-31,Solano,095,438530,20945,18942,222,19164,97
2020-12-31,Sonoma,097,501317,20518,19129,115,19244,188
2020-12-31,Stanislaus,099,539301,36862,34398,3559,37957,552
2020-12-31,Sutter,101,95872,6798,6432,50,6482,51
2020-12-31,Tehama,103,63373,3270,3036,336,3372,9
2020-12-31,Trinity,105,12862,354,241,44,285,2
2020-12-31,Tulare,107,460477,36070,33412,4271,37683,446
2020-12-31,Tuolumne,109,53932,3021,2902,14,2916,12
2020-12-31,Ventura,111,848112,45559,40854,1830,42684,251
2020-12-31,Yolo,113,214977,9161,8295,77,8372,117
2020-12-31,Yuba,115,75493,4097,3799,40,3839,18
2020-12-30,Alameda,001,1643700,55706,50158,1067,51225,573
2020-12-30,Alpine,003,1148,70,66,0,66,0
2020-12-30,Amador,005,37829,2695,2418,20,2438,24
2020-12-30,Butte,007,227075,8128,7140,992,8132,103
2020-12-30,Calaveras,009,45235,1227,1135,3,1138,21
2020-12-30,Colusa,011,21464,1368,1289,94,1383,7
2020-12-30,Contra Costa,013,1133247,43189,39601,663,40264,337
2020-12-30,Del Norte,015,27424,771,726,2,728,2
2020-12-30,El Dorado,017,186661,6609,5595,349,5944,27
2020-12-30,Fresno,019,978130,71893,65566,5093,70659,711
2020-12-30,Glenn,021,27897,1650,1471,289,1760,9
2020-12-30,Humboldt,023,135768,1891,1654,7,1661,22
2020-12-30,Imperial,025,180216,23542,22098,1571,23669,412
2020-12-30,Inyo,027,18085,721,572,1,573,20
2020-12-30,Kern,029,883053,69476,63292,5621,68913,604
2020-12-30,Kings,031,150075,16903,15862,604,16466,108
2020-12-30,Lake,033,64148,2031,1731,0,1731,23
2020-12-30,Lassen,035,31185,4569,4300,54,4354,1
2020-12-30,Los Angeles,037,10098052,828981,741907,24646,766553,10046
2020-12-30,Madera,039,155013,11442,10249,487,10736,65
2020-12-30,Marin,041,260295,10142,9569,87,9656,148
2020-12-30,Mariposa,043,17540,271,214,2,216,3
2020-12-30,Mendocino,045,87422,2562,2291,22,2313,24
2020-12-30,Merced,047,269075,19891,18519,375,18894,225
2020-12-30,Modoc,049,8938,268,234,77,311,0
2020-12-30,Mono,051,14174,903,868,10,878,3
2020-12-30,Monterey,053,433212,29470,26977,759,27736,186
2020-12-30,Napa,055,140530,6268,5754,24,5778,28
2020-12-30,Nevada,057,99092,2872,2595,93,2688,15
2020-12-30,Orange,059,3164182,173968,153951,6973,160924,1863
2020-12-30,Placer,061,380077,15259,13540,653,14193,127
2020-12-30,Plumas,063,18699,486,397,9,406,1
2020-12-30,Riverside,065,2383286,198863,176402,9429,185831,1919
2020-12-30,Sacramento,067,1510023,68882,64119,670,64789,847
2020-12-30,San Benito,069,59416,3900,3464,33,3497,29
2020-12-30,San Bernardino,071,2135413,213803,192648,6112,198760,1591
2020-12-30,San Diego,073,3302833,172970,152510,7804,160314,1472
2020-12-30,San Francisco,075,870044,24724,23099,247,23346,182
2020-12-30,San Joaquin,077,732212,48465,44465,1780,46245,634
2020-12-30,San Luis Obispo,079,281455,12018,10542,278,10820,89
2020-12-30,San Mateo,081,765935,27064,24150,126,24276,190
2020-12-30,Santa Barbara,083,443738,19380,16895,555,17450,161
2020-12-30,Santa Clara,085,1922200,75254,67218,314,67532,661
2020-12-30,Santa Cruz,087,273765,10087,8787,395,9182,86
2020-12-30,Shasta,089,179085,8520,7818,762,8580,69
2020-12-30,Sierra,091,2930,34,25,8,33,0
2020-12-30,Siskiyou,093,43540,1051,913,122,1035,3
2020-12-30,Solano,095,438530,20549,18300,219,18519,96
2020-12-30,Sonoma,097,501317,20260,18947,115,19062,191
2020-12-30,Stanislaus,099,539301,36383,33730,3484,37214,526
2020-12-30,Sutter,101,95872,6736,6328,48,6376,51
2020-12-30,Tehama,103,63373,3226,2969,332,3301,9
2020-12-30,Trinity,105,12862,353,231,43,274,2
2020-12-30,Tulare,107,460477,35516,32413,4204,36617,430
2020-12-30,Tuolumne,109,53932,3008,2772,12,2784,12
2020-12-30,Ventura,111,848112,44271,39039,1805,40844,251
2020-12-30,Yolo,113,214977,9054,8067,74,8141,117
2020-12-30,Yuba,115,75493,4027,3612,40,3652,18
2020-12-29,Alameda,001,1643700,54645,50946,1030,51976,552
2020-12-29,Alpine,003,1148,70,65,0,65,0
2020-12-29,Amador,005,37829,2643,2388,19,2407,23
2020-12-29,Butte,007,227075,7957,7178,968,8146,98
2020-12-29,Calaveras,009,45235,1182,1111,2,1113,21
2020-12-29,Colusa,011,21464,1347,1272,89,1361,7
2020-12-29,Contra Costa,013,1133247,42385,39225,632,39857,325
2020-12-29,Del Norte,015,27424,764,724,2,726,2
2020-12-29,El Dorado,017,186661,6481,5551,334,5885,22
2020-12-29,Fresno,019,978130,70523,65149,4933,70082,688
2020-12-29,Glenn,021,27897,1616,1454,282,1736,9
2020-12-29,Humboldt,023,135768,1845,1616,7,1623,19
2020-12-29,Imperial,025,180216,23333,22105,1481,23586,407
2020-12-29,Inyo,027,18085,704,571,1,572,19
2020-12-29,Kern,029,883053,68317,63096,5443,68539,589
2020-12-29,Kings,031,150075,16734,15777,592,16369,108
2020-12-29,Lake,033,64148,1999,1805,0,1805,22
2020-12-29,Lassen,035,31185,4554,4288,54,4342,1
2020-12-29,Los Angeles,037,10098052,808852,731907,23741,755648,9786
2020-12-29,Madera,039,155013,11128,10251,471,10722,64
2020-12-29,Marin,041,260295,9990,9595,84,9679,146
2020-12-29,Mariposa,043,17540,263,212,2,214,3
2020-12-29,Mendocino,045,87422,2519,2249,21,2270,24
2020-12-29,Merced,047,269075,19541,18464,360,18824,221
2020-12-29,Modoc,049,8938,265,232,77,309,0
2020-12-29,Mono,051,14174,894,868,10,878,3
2020-12-29,Monterey,053,433212,28834,26894,731,27625,185
2020-12-29,Napa,055,140530,6148,5663,24,5687,28
2020-12-29,Nevada,057,99092,2824,2550,92,2642,15
2020-12-29,Orange,059,3164182,170180,154411,6799,161210,1839
2020-12-29,Placer,061,380077,15052,13392,630,14022,126
2020-12-29,Plumas,063,18699,477,395,9,404,1
2020-12-29,Riverside,065,2383286,194275,177624,9164,186788,1904
2020-12-29,Sacramento,067,1510023,67838,65078,656,65734,820
2020-12-29,San Benito,069,59416,3781,3474,32,3506,25
2020-12-29,San Bernardino,071,2135413,208986,190476,5971,196447,1557
2020-12-29,San Diego,073,3302833,168748,150062,7573,157635,1435
2020-12-29,San Francisco,075,870044,24386,22996,238,23234,178
2020-12-29,San Joaquin,077,732212,47547,44699,1722,46421,622
2020-12-29,San Luis Obispo,079,281455,11723,10387,270,10657,80
2020-12-29,San Mateo,081,765935,26522,23773,113,23886,189
2020-12-29,Santa Barbara,083,443738,18918,16797,529,17326,155
2020-12-29,Santa Clara,085,1922200,73707,67581,311,67892,621
2020-12-29,Santa Cruz,087,273765,9817,8492,386,8878,84
2020-12-29,Shasta,089,179085,8415,7782,747,8529,65
2020-12-29,Sierra,091,2930,32,24,7,31,0
2020-12-29,Siskiyou,093,43540,1036,926,120,1046,3
2020-12-29,Solano,095,438530,20168,18412,214,18626,96
2020-12-29,Sonoma,097,501317,19924,18790,113,18903,187
2020-12-29,Stanislaus,099,539301,35885,33775,3419,37194,508
2020-12-29,Sutter,101,95872,6668,6302,48,6350,50
2020-12-29,Tehama,103,63373,3158,2962,317,3279,9
2020-12-29,Trinity,105,12862,353,241,43,284,2
2020-12-29,Tulare,107,460477,34858,32545,4062,36607,419
2020-12-29,Tuolumne,109,53932,2966,2797,12,2809,12
2020-12-29,Ventura,111,848112,43019,38669,1777,40446,235
2020-12-29,Yolo,113,214977,8925,8124,72,8196,111
2020-12-29,Yuba,115,75493,3946,3723,40,3763,18
2020-12-28,Alameda,001,1643700,53609,50405,1008,51413,551
2020-12-28,Alpine,003,1148,69,65,0,65,0
2020-12-28,Amador,005,37829,2573,2255,19,2274,23
2020-12-28,Butte,007,227075,7790,7053,938,7991,86
2020-12-28,Calaveras,009,45235,1159,1102,2,1104,21
2020-12-28,Colusa,011,21464,1323,1255,74,1329,7
2020-12-28,Contra Costa,013,1133247,41453,38872,605,39477,324
2020-12-28,Del Norte,015,27424,754,718,2,720,2
2020-12-28,El Dorado,017,186661,6325,5441,322,5763,18
2020-12-28,Fresno,019,978130,69257,64274,4776,69050,679
2020-12-28,Glenn,021,27897,1582,1435,270,1705,9
2020-12-28,Humboldt,023,135768,1810,1579,7,1586,19
2020-12-28,Imperial,025,180216,23074,22003,1404,23407,405
2020-12-28,Inyo,027,18085,697,569,1,570,19
2020-12-28,Kern,029,883053,67255,62392,5235,67627,579
2020-12-28,Kings,031,150075,16518,15733,574,16307,108
2020-12-28,Lake,033,64148,1958,1785,0,1785,22
2020-12-28,Lassen,035,31185,4447,4284,53,4337,1
2020-12-28,Los Angeles,037,10098052,786567,720699,22891,743590,9544
2020-12-28,Madera,039,155013,10954,10123,448,10571,64
2020-12-28,Marin,041,260295,9883,9546,77,9623,145
2020-12-28,Mariposa,043,17540,239,211,2,213,3
2020-12-28,Mendocino,045,87422,2484,2214,21,2235,23
2020-12-28,Merced,047,269075,19220,18245,342,18587,213
2020-12-28,Modoc,049,8938,260,220,76,296,0
2020-12-28,Mono,051,14174,890,848,10,858,3
2020-12-28,Monterey,053,433212,27999,26529,718,27247,182
2020-12-28,Napa,055,140530,6039,5576,24,5600,26
2020-12-28,Nevada,057,99092,2777,2532,87,2619,15
2020-12-28,Orange,059,3164182,166079,152089,6616,158705,1839
2020-12-28,Placer,061,380077,14716,13234,602,13836,126
2020-12-28,Plumas,063,18699,473,391,9,400,0
2020-12-28,Riverside,065,2383286,189404,174029,8856,182885,1855
2020-12-28,Sacramento,067,1510023,66607,64322,631,64953,813
2020-12-28,San Benito,069,59416,3711,3429,31,3460,24
2020-12-28,San Bernardino,071,2135413,203886,188919,5852,194771,1552
2020-12-28,San Diego,073,3302833,164006,147528,7390,154918,1404
2020-12-28,San Francisco,075,870044,24025,22726,232,22958,178
2020-12-28,San Joaquin,077,732212,46613,44172,1690,45862,618
2020-12-28,San Luis Obispo,079,281455,11373,10260,265,10525,76
2020-12-28,San Mateo,081,765935,26048,23467,110,23577,189
2020-12-28,Santa Barbara,083,443738,18460,16579,515,17094,155
2020-12-28,Santa Clara,085,1922200,72220,66418,304,66722,619
2020-12-28,Santa Cruz,087,273765,9549,8310,376,8686,81
2020-12-28,Shasta,089,179085,8296,7688,734,8422,65
2020-12-28,Sierra,091,2930,29,24,7,31,0
2020-12-28,Siskiyou,093,43540,1021,915,114,1029,3
2020-12-28,Solano,095,438530,19596,18171,208,18379,96
2020-12-28,Sonoma,097,501317,19578,18667,111,18778,185
2020-12-28,Stanislaus,099,539301,35339,33473,3353,36826,507
2020-12-28,Sutter,101,95872,6585,6253,48,6301,49
2020-12-28,Tehama,103,63373,3105,2934,308,3242,9
2020-12-28,Trinity,105,12862,351,240,43,283,2
2020-12-28,Tulare,107,460477,34176,32010,3948,35958,404
2020-12-28,Tuolumne,109,53932,2951,2777,12,2789,12
2020-12-28,Ventura,111,848112,41352,37151,1727,38878,230
2020-12-28,Yolo,113,214977,8770,8031,71,8102,111
2020-12-28,Yuba,115,75493,3884,3679,39,3718,18
2020-12-27,Alameda,001,1643700,52369,49764,979,50743,551
2020-12-27,Alpine,003,1148,67,65,0,65,0
2020-12-27,Amador,005,37829,2452,2218,19,2237,23
2020-12-27,Butte,007,227075,7636,7016,901,7917,86
2020-12-27,Calaveras,009,45235,1112,1097,2,1099,21
2020-12-27,Colusa,011,21464,1298,1253,71,1324,7
2020-12-27,Contra Costa,013,1133247,40530,38428,575,39003,324
2020-12-27,Del Norte,015,27424,731,712,2,714,2
2020-12-27,El Dorado,017,186661,6112,5388,296,5684,18
2020-12-27,Fresno,019,978130,68014,63811,4561,68372,679
2020-12-27,Glenn,021,27897,1556,1434,255,1689,9
2020-12-27,Humboldt,023,135768,1767,1575,7,1582,17
2020-12-27,Imperial,025,180216,22788,21934,1285,23219,405
2020-12-27,Inyo,027,18085,675,565,1,566,18
2020-12-27,Kern,029,883053,65984,61914,5063,66977,568
2020-12-27,Kings,031,150075,16282,15593,538,16131,108
2020-12-27,Lake,033,64148,1902,1769,0,1769,22
2020-12-27,Lassen,035,31185,4370,4230,46,4276,1
2020-12-27,Los Angeles,037,10098052,765150,707260,21949,729209,9476
2020-12-27,Madera,039,155013,10696,10005,438,10443,64
2020-12-27,Marin,041,260295,9761,9477,71,9548,144
2020-12-27,Mariposa,043,17540,232,208,2,210,3
2020-12-27,Mendocino,045,87422,2437,2209,21,2230,23
2020-12-27,Merced,047,269075,18853,18075,326,18401,213
2020-12-27,Modoc,049,8938,251,221,72,293,0
2020-12-27,Mono,051,14174,871,849,10,859,3
2020-12-27,Monterey,053,433212,27457,26322,701,27023,181
2020-12-27,Napa,055,140530,5904,5496,24,5520,26
2020-12-27,Nevada,057,99092,2741,2519,87,2606,15
2020-12-27,Orange,059,3164182,161692,149276,6422,155698,1839
2020-12-27,Placer,061,380077,14418,13017,569,13586,126
2020-12-27,Plumas,063,18699,467,390,9,399,0
2020-12-27,Riverside,065,2383286,184513,171995,8538,180533,1836
2020-12-27,Sacramento,067,1510023,65406,63416,606,64022,811
2020-12-27,San Benito,069,59416,3625,3394,31,3425,24
2020-12-27,San Bernardino,071,2135413,198824,186776,5705,192481,1551
2020-12-27,San Diego,073,3302833,159601,145777,7203,152980,1402
2020-12-27,San Francisco,075,870044,23676,22514,223,22737,178
2020-12-27,San Joaquin,077,732212,45575,43529,1639,45168,618
2020-12-27,San Luis Obispo,079,281455,10966,10154,260,10414,76
2020-12-27,San Mateo,081,765935,25482,23136,106,23242,187
2020-12-27,Santa Barbara,083,443738,17942,16364,486,16850,155
2020-12-27,Santa Clara,085,1922200,70601,65288,298,65586,619
2020-12-27,Santa Cruz,087,273765,9281,8234,367,8601,81
2020-12-27,Shasta,089,179085,8173,7671,710,8381,65
2020-12-27,Sierra,091,2930,29,24,6,30,0
2020-12-27,Siskiyou,093,43540,1010,914,109,1023,3
2020-12-27,Solano,095,438530,19102,17840,202,18042,96
2020-12-27,Sonoma,097,501317,19289,18487,110,18597,185
2020-12-27,Stanislaus,099,539301,34739,33076,3257,36333,506
2020-12-27,Sutter,101,95872,6503,6218,46,6264,48
2020-12-27,Tehama,103,63373,3036,2922,291,3213,9
2020-12-27,Trinity,105,12862,346,240,41,281,2
2020-12-27,Tulare,107,460477,33581,31864,3825,35689,400
2020-12-27,Tuolumne,109,53932,2844,2750,10,2760,12
2020-12-27,Ventura,111,848112,40292,36661,1672,38333,230
2020-12-27,Yolo,113,214977,8579,7919,65,7984,111
2020-12-27,Yuba,115,75493,3821,3665,37,3702,18
2020-12-26,Alameda,001,1643700,51759,49084,966,50050,551
2020-12-26,Alpine,003,1148,67,65,0,65,0
2020-12-26,Amador,005,37829,2438,2189,19,2208,23
2020-12-26,Butte,007,227075,7541,6968,879,7847,86
2020-12-26,Calaveras,009,45235,1106,1084,2,1086,21
2020-12-26,Colusa,011,21464,1288,1240,71,1311,7
2020-12-26,Contra Costa,013,1133247,40068,38008,561,38569,324
2020-12-26,Del Norte,015,27424,725,709,2,711,2
2020-12-26,El Dorado,017,186661,6057,5279,292,5571,18
2020-12-26,Fresno,019,978130,67547,63080,4496,67576,679
2020-12-26,Glenn,021,27897,1535,1413,249,1662,9
2020-12-26,Humboldt,023,135768,1729,1545,7,1552,17
2020-12-26,Imperial,025,180216,22699,21734,1232,22966,405
2020-12-26,Inyo,027,18085,662,554,1,555,18
2020-12-26,Kern,029,883053,65319,61174,4903,66077,564
2020-12-26,Kings,031,150075,16164,15517,533,16050,108
2020-12-26,Lake,033,64148,1859,1710,0,1710,22
2020-12-26,Lassen,035,31185,4349,3981,46,4027,1
2020-12-26,Los Angeles,037,10098052,756651,694149,21412,715561,9424
2020-12-26,Madera,039,155013,10622,9908,424,10332,64
2020-12-26,Marin,041,260295,9725,9413,70,9483,143
2020-12-26,Mariposa,043,17540,231,206,2,208,3
2020-12-26,Mendocino,045,87422,2391,2194,21,2215,23
2020-12-26,Merced,047,269075,18695,17890,321,18211,213
2020-12-26,Modoc,049,8938,248,222,72,294,0
2020-12-26,Mono,051,14174,865,850,10,860,3
2020-12-26,Monterey,053,433212,27324,26010,692,26702,182
2020-12-26,Napa,055,140530,5846,5427,24,5451,26
2020-12-26,Nevada,057,99092,2713,2480,87,2567,15
2020-12-26,Orange,059,3164182,159499,147304,6325,153629,1838
2020-12-26,Placer,061,380077,14250,12816,553,13369,122
2020-12-26,Plumas,063,18699,464,381,9,390,0
2020-12-26,Riverside,065,2383286,182036,169360,8372,177732,1834
2020-12-26,Sacramento,067,1510023,64783,62435,596,63031,807
2020-12-26,San Benito,069,59416,3552,3330,31,3361,24
2020-12-26,San Bernardino,071,2135413,197177,185111,5618,190729,1551
2020-12-26,San Diego,073,3302833,157078,142644,7056,149700,1402
2020-12-26,San Francisco,075,870044,23442,22319,222,22541,177
2020-12-26,San Joaquin,077,732212,45188,42887,1590,44477,618
2020-12-26,San Luis Obispo,079,281455,10880,9945,254,10199,76
2020-12-26,San Mateo,081,765935,25144,22908,100,23008,187
2020-12-26,Santa Barbara,083,443738,17705,16159,480,16639,155
2020-12-26,Santa Clara,085,1922200,69539,64185,295,64480,618
2020-12-26,Santa Cruz,087,273765,9157,8113,357,8470,81
2020-12-26,Shasta,089,179085,8114,7641,697,8338,65
2020-12-26,Sierra,091,2930,29,24,6,30,0
2020-12-26,Siskiyou,093,43540,1004,909,104,1013,2
2020-12-26,Solano,095,438530,18862,17528,202,17730,96
2020-12-26,Sonoma,097,501317,19089,18261,108,18369,184
2020-12-26,Stanislaus,099,539301,34448,32678,3206,35884,505
2020-12-26,Sutter,101,95872,6444,6121,46,6167,48
2020-12-26,Tehama,103,63373,3009,2884,286,3170,9
2020-12-26,Trinity,105,12862,344,237,40,277,2
2020-12-26,Tulare,107,460477,33284,31665,3771,35436,398
2020-12-26,Tuolumne,109,53932,2833,2703,10,2713,12
2020-12-26,Ventura,111,848112,39328,36064,1637,37701,230
2020-12-26,Yolo,113,214977,8478,7785,62,7847,111
2020-12-26,Yuba,115,75493,3793,3599,37,3636,18
2020-12-25,Alameda,001,1643700,51198,48365,951,49316,542
2020-12-25,Alpine,003,1148,67,64,0,64,0
2020-12-25,Amador,005,37829,2395,2172,19,2191,23
2020-12-25,Butte,007,227075,7444,6873,858,7731,85
2020-12-25,Calaveras,009,45235,1103,1062,2,1064,21
2020-12-25,Colusa,011,21464,1276,1219,70,1289,7
2020-12-25,Contra Costa,013,1133247,39598,37480,534,38014,324
2020-12-25,Del Norte,015,27424,722,692,2,694,2
2020-12-25,El Dorado,017,186661,5993,5170,278,5448,16
2020-12-25,Fresno,019,978130,66688,62251,4408,66659,679
2020-12-25,Glenn,021,27897,1520,1390,241,1631,9
2020-12-25,Humboldt,023,135768,1691,1532,7,1539,16
2020-12-25,Imperial,025,180216,22609,21646,1220,22866,405
2020-12-25,Inyo,027,18085,653,546,1,547,18
2020-12-25,Kern,029,883053,64595,60417,4751,65168,562
2020-12-25,Kings,031,150075,16053,15460,529,15989,108
2020-12-25,Lake,033,64148,1839,1669,0,1669,20
2020-12-25,Lassen,035,31185,4334,3926,46,3972,1
2020-12-25,Los Angeles,037,10098052,743046,665600,20702,686302,9292
2020-12-25,Madera,039,155013,10454,9770,416,10186,64
2020-12-25,Marin,041,260295,9675,9375,67,9442,143
2020-12-25,Mariposa,043,17540,225,203,2,205,3
2020-12-25,Mendocino,045,87422,2349,2176,21,2197,23
2020-12-25,Merced,047,269075,18534,17726,314,18040,213
2020-12-25,Modoc,049,8938,247,221,72,293,0
2020-12-25,Mono,051,14174,863,843,10,853,3
2020-12-25,Monterey,053,433212,27052,25788,683,26471,182
2020-12-25,Napa,055,140530,5766,5351,24,5375,26
2020-12-25,Nevada,057,99092,2687,2458,85,2543,15
2020-12-25,Orange,059,3164182,156821,144542,6126,150668,1814
2020-12-25,Placer,061,380077,14067,12660,530,13190,122
2020-12-25,Plumas,063,18699,457,381,9,390,0
2020-12-25,Riverside,065,2383286,178757,166690,8045,174735,1825
2020-12-25,Sacramento,067,1510023,64092,61630,569,62199,796
2020-12-25,San Benito,069,59416,3513,3281,29,3310,24
2020-12-25,San Bernardino,071,2135413,194536,181812,5498,187310,1546
2020-12-25,San Diego,073,3302833,154598,139958,6879,146837,1402
2020-12-25,San Francisco,075,870044,23165,22130,217,22347,175
2020-12-25,San Joaquin,077,732212,44883,42089,1532,43621,614
2020-12-25,San Luis Obispo,079,281455,10697,9749,247,9996,76
2020-12-25,San Mateo,081,765935,24821,22568,97,22665,187
2020-12-25,Santa Barbara,083,443738,17481,15936,472,16408,155
2020-12-25,Santa Clara,085,1922200,68424,63173,286,63459,612
2020-12-25,Santa Cruz,087,273765,9016,8018,333,8351,81
2020-12-25,Shasta,089,179085,8041,7612,674,8286,65
2020-12-25,Sierra,091,2930,29,24,5,29,0
2020-12-25,Siskiyou,093,43540,998,905,101,1006,2
2020-12-25,Solano,095,438530,18691,17280,200,17480,96
2020-12-25,Sonoma,097,501317,18913,18035,106,18141,184
2020-12-25,Stanislaus,099,539301,34157,32290,3157,35447,498
2020-12-25,Sutter,101,95872,6385,6051,45,6096,47
2020-12-25,Tehama,103,63373,2962,2839,272,3111,9
2020-12-25,Trinity,105,12862,341,236,40,276,2
2020-12-25,Tulare,107,460477,32900,31323,3702,35025,398
2020-12-25,Tuolumne,109,53932,2814,2674,10,2684,12
2020-12-25,Ventura,111,848112,38174,35514,1586,37100,230
2020-12-25,Yolo,113,214977,8381,7700,60,7760,111
2020-12-25,Yuba,115,75493,3757,3549,36,3585,17
2020-12-24,Alameda,001,1643700,50861,47527,930,48457,541
2020-12-24,Alpine,003,1148,67,64,0,64,0
2020-12-24,Amador,005,37829,2383,2145,19,2164,23
2020-12-24,Butte,007,227075,7406,6716,843,7559,84
2020-12-24,Calaveras,009,45235,1100,1032,2,1034,21
2020-12-24,Colusa,011,21464,1271,1188,69,1257,7
2020-12-24,Contra Costa,013,1133247,39353,36623,522,37145,311
2020-12-24,Del Norte,015,27424,722,678,2,680,2
2020-12-24,El Dorado,017,186661,5967,5042,270,5312,16
2020-12-24,Fresno,019,978130,66464,61435,4394,65829,663
2020-12-24,Glenn,021,27897,1509,1363,233,1596,9
2020-12-24,Humboldt,023,135768,1668,1516,7,1523,16
2020-12-24,Imperial,025,180216,22560,21545,1211,22756,402
2020-12-24,Inyo,027,18085,651,532,1,533,17
2020-12-24,Kern,029,883053,64308,59601,4738,64339,556
2020-12-24,Kings,031,150075,16013,15211,528,15739,108
2020-12-24,Lake,033,64148,1824,1629,0,1629,20
2020-12-24,Lassen,035,31185,4321,3894,46,3940,1
2020-12-24,Los Angeles,037,10098052,738900,664840,20433,685273,9288
2020-12-24,Madera,039,155013,10416,9547,409,9956,63
2020-12-24,Marin,041,260295,9642,9287,67,9354,143
2020-12-24,Mariposa,043,17540,221,197,2,199,3
2020-12-24,Mendocino,045,87422,2339,2150,21,2171,23
2020-12-24,Merced,047,269075,18463,17485,310,17795,212
2020-12-24,Modoc,049,8938,247,220,71,291,0
2020-12-24,Mono,051,14174,861,817,10,827,3
2020-12-24,Monterey,053,433212,26946,25131,676,25807,180
2020-12-24,Napa,055,140530,5712,5265,24,5289,26
2020-12-24,Nevada,057,99092,2663,2429,85,2514,15
2020-12-24,Orange,059,3164182,155344,141205,6074,147279,1775
2020-12-24,Placer,061,380077,13981,12457,523,12980,121
2020-12-24,Plumas,063,18699,454,376,9,385,0
2020-12-24,Riverside,065,2383286,177827,162435,8006,170441,1816
2020-12-24,Sacramento,067,1510023,63818,60596,567,61163,788
2020-12-24,San Benito,069,59416,3483,3183,29,3212,24
2020-12-24,San Bernardino,071,2135413,193523,176866,5463,182329,1533
2020-12-24,San Diego,073,3302833,153516,136952,6847,143799,1382
2020-12-24,San Francisco,075,870044,22998,21830,214,22044,175
2020-12-24,San Joaquin,077,732212,44723,41324,1513,42837,611
2020-12-24,San Luis Obispo,079,281455,10629,9504,245,9749,77
2020-12-24,San Mateo,081,765935,24624,22093,97,22190,186
2020-12-24,Santa Barbara,083,443738,17377,15644,464,16108,153
2020-12-24,Santa Clara,085,1922200,67822,61742,279,62021,591
2020-12-24,Santa Cruz,087,273765,8945,7856,321,8177,82
2020-12-24,Shasta,089,179085,8001,7540,656,8196,65
2020-12-24,Sierra,091,2930,27,23,2,25,0
2020-12-24,Siskiyou,093,43540,994,900,94,994,2
2020-12-24,Solano,095,438530,18550,16872,195,17067,96
2020-12-24,Sonoma,097,501317,18815,17710,106,17816,183
2020-12-24,Stanislaus,099,539301,33963,31848,3132,34980,498
2020-12-24,Sutter,101,95872,6344,5960,44,6004,47
2020-12-24,Tehama,103,63373,2946,2779,271,3050,9
2020-12-24,Trinity,105,12862,340,235,40,275,2
2020-12-24,Tulare,107,460477,32785,30827,3675,34502,390
2020-12-24,Tuolumne,109,53932,2806,2653,10,2663,12
2020-12-24,Ventura,111,848112,37896,34400,1579,35979,224
2020-12-24,Yolo,113,214977,8339,7566,60,7626,113
2020-12-24,Yuba,115,75493,3732,3483,36,3519,16
2020-12-23,Alameda,001,1643700,50294,46753,902,47655,537
2020-12-23,Alpine,003,1148,67,64,0,64,0
2020-12-23,Amador,005,37829,2314,2108,18,2126,23
2020-12-23,Butte,007,227075,7320,6588,815,7403,84
2020-12-23,Calaveras,009,45235,1092,1002,1,1003,21
2020-12-23,Colusa,011,21464,1260,1167,69,1236,7
2020-12-23,Contra Costa,013,1133247,38956,36190,508,36698,311
2020-12-23,Del Norte,015,27424,715,670,2,672,2
2020-12-23,El Dorado,017,186661,5893,4967,261,5228,14
2020-12-23,Fresno,019,978130,65857,60488,4326,64814,654
2020-12-23,Glenn,021,27897,1495,1349,229,1578,9
2020-12-23,Humboldt,023,135768,1643,1458,7,1465,16
2020-12-23,Imperial,025,180216,22466,21323,1181,22504,399
2020-12-23,Inyo,027,18085,639,517,1,518,17
2020-12-23,Kern,029,883053,63796,58656,4639,63295,549
2020-12-23,Kings,031,150075,15935,14923,525,15448,105
2020-12-23,Lake,033,64148,1810,1595,0,1595,20
2020-12-23,Lassen,035,31185,4311,3865,43,3908,1
2020-12-23,Los Angeles,037,10098052,729905,651958,19861,671819,9146
2020-12-23,Madera,039,155013,10257,9371,395,9766,63
2020-12-23,Marin,041,260295,9584,9199,64,9263,142
2020-12-23,Mariposa,043,17540,219,194,2,196,3
2020-12-23,Mendocino,045,87422,2327,2121,21,2142,23
2020-12-23,Merced,047,269075,18307,17250,303,17553,203
2020-12-23,Modoc,049,8938,243,197,70,267,0
2020-12-23,Mono,051,14174,859,814,10,824,3
2020-12-23,Monterey,053,433212,26648,24856,670,25526,176
2020-12-23,Napa,055,140530,5644,5172,24,5196,25
2020-12-23,Nevada,057,99092,2618,2406,84,2490,15
2020-12-23,Orange,059,3164182,152897,138050,5902,143952,1771
2020-12-23,Placer,061,380077,13773,12213,515,12728,111
2020-12-23,Plumas,063,18699,447,369,9,378,0
2020-12-23,Riverside,065,2383286,175570,158110,7839,165949,1790
2020-12-23,Sacramento,067,1510023,63171,59661,552,60213,779
2020-12-23,San Benito,069,59416,3429,3073,27,3100,24
2020-12-23,San Bernardino,071,2135413,191497,172888,5394,178282,1509
2020-12-23,San Diego,073,3302833,151094,134695,6710,141405,1350
2020-12-23,San Francisco,075,870044,22775,21498,211,21709,174
2020-12-23,San Joaquin,077,732212,44199,35664,1470,37134,602
2020-12-23,San Luis Obispo,079,281455,10487,9267,239,9506,74
2020-12-23,San Mateo,081,765935,24322,21780,95,21875,186
2020-12-23,Santa Barbara,083,443738,17170,15399,434,15833,152
2020-12-23,Santa Clara,085,1922200,66918,60455,274,60729,579
2020-12-23,Santa Cruz,087,273765,8785,7637,303,7940,75
2020-12-23,Shasta,089,179085,7928,7487,649,8136,66
2020-12-23,Sierra,091,2930,27,23,0,23,0
2020-12-23,Siskiyou,093,43540,974,891,91,982,2
2020-12-23,Solano,095,438530,18343,16626,190,16816,95
2020-12-23,Sonoma,097,501317,18611,17397,106,17503,182
2020-12-23,Stanislaus,099,539301,33620,31492,3076,34568,499
2020-12-23,Sutter,101,95872,6278,5871,44,5915,46
2020-12-23,Tehama,103,63373,2929,2737,267,3004,9
2020-12-23,Trinity,105,12862,340,234,40,274,2
2020-12-23,Tulare,107,460477,32496,30315,3633,33948,385
2020-12-23,Tuolumne,109,53932,2766,2540,10,2550,12
2020-12-23,Ventura,111,848112,37507,33377,1545,34922,216
2020-12-23,Yolo,113,214977,8261,7508,58,7566,112
2020-12-23,Yuba,115,75493,3680,3438,36,3474,14
2020-12-22,Alameda,001,1643700,49407,45751,869,46620,534
2020-12-22,Alpine,003,1148,67,64,0,64,0
2020-12-22,Amador,005,37829,2303,1839,18,1857,23
2020-12-22,Butte,007,227075,7193,6467,799,7266,85
2020-12-22,Calaveras,009,45235,1065,988,0,988,21
2020-12-22,Colusa,011,21464,1237,1150,65,1215,7
2020-12-22,Contra Costa,013,1133247,38331,35681,495,36176,301
2020-12-22,Del Norte,015,27424,709,666,2,668,2
2020-12-22,El Dorado,017,186661,5772,4885,247,5132,12
2020-12-22,Fresno,019,978130,64831,59640,4213,63853,640
2020-12-22,Glenn,021,27897,1472,1337,218,1555,9
2020-12-22,Humboldt,023,135768,1609,1440,7,1447,16
2020-12-22,Imperial,025,180216,22278,21128,1137,22265,398
2020-12-22,Inyo,027,18085,618,506,1,507,17
2020-12-22,Kern,029,883053,62851,57816,4494,62310,547
2020-12-22,Kings,031,150075,15796,14855,518,15373,102
2020-12-22,Lake,033,64148,1786,1569,0,1569,20
2020-12-22,Lassen,035,31185,4169,3848,41,3889,1
2020-12-22,Los Angeles,037,10098052,712699,635931,19133,655064,9013
2020-12-22,Madera,039,155013,10140,9187,379,9566,63
2020-12-22,Marin,041,260295,9520,9115,63,9178,142
2020-12-22,Mariposa,043,17540,216,194,2,196,3
2020-12-22,Mendocino,045,87422,2294,2092,21,2113,23
2020-12-22,Merced,047,269075,18062,17012,298,17310,201
2020-12-22,Modoc,049,8938,235,182,69,251,0
2020-12-22,Mono,051,14174,849,786,10,796,3
2020-12-22,Monterey,053,433212,25983,24152,649,24801,176
2020-12-22,Napa,055,140530,5557,5059,24,5083,23
2020-12-22,Nevada,057,99092,2591,2367,83,2450,14
2020-12-22,Orange,059,3164182,149557,134850,5726,140576,1774
2020-12-22,Placer,061,380077,13532,11943,494,12437,105
2020-12-22,Plumas,063,18699,441,360,9,369,0
2020-12-22,Riverside,065,2383286,171774,155059,7557,162616,1777
2020-12-22,Sacramento,067,1510023,62243,57966,532,58498,772
2020-12-22,San Benito,069,59416,3351,2998,27,3025,24
2020-12-22,San Bernardino,071,2135413,186932,169266,5242,174508,1500
2020-12-22,San Diego,073,3302833,147741,132097,6549,138646,1311
2020-12-22,San Francisco,075,870044,22506,21232,207,21439,174
2020-12-22,San Joaquin,077,732212,43444,39423,1422,40845,592
2020-12-22,San Luis Obispo,079,281455,10143,9174,234,9408,69
2020-12-22,San Mateo,081,765935,23995,21382,79,21461,186
2020-12-22,Santa Barbara,083,443738,16909,15189,424,15613,150
2020-12-22,Santa Clara,085,1922200,65754,59192,267,59459,569
2020-12-22,Santa Cruz,087,273765,8607,7471,276,7747,72
2020-12-22,Shasta,089,179085,7849,7371,632,8003,64
2020-12-22,Sierra,091,2930,27,23,0,23,0
2020-12-22,Siskiyou,093,43540,968,880,89,969,2
2020-12-22,Solano,095,438530,17939,16229,187,16416,95
2020-12-22,Sonoma,097,501317,18293,17216,106,17322,180
2020-12-22,Stanislaus,099,539301,33243,30914,3001,33915,499
2020-12-22,Sutter,101,95872,6217,5791,43,5834,46
2020-12-22,Tehama,103,63373,2880,2688,259,2947,9
2020-12-22,Trinity,105,12862,340,231,40,271,2
2020-12-22,Tulare,107,460477,32034,30025,3561,33586,377
2020-12-22,Tuolumne,109,53932,2711,2526,10,2536,12
2020-12-22,Ventura,111,848112,36745,32488,1498,33986,213
2020-12-22,Yolo,113,214977,8148,7388,57,7445,113
2020-12-22,Yuba,115,75493,3630,3379,36,3415,14
2020-12-21,Alameda,001,1643700,48508,44756,841,45597,518
2020-12-21,Alpine,003,1148,66,64,0,64,0
2020-12-21,Amador,005,37829,2226,1815,18,1833,23
2020-12-21,Butte,007,227075,7038,6335,775,7110,81
2020-12-21,Calaveras,009,45235,1035,963,0,963,21
2020-12-21,Colusa,011,21464,1210,1135,60,1195,7
2020-12-21,Contra Costa,013,1133247,37583,35207,458,35665,300
2020-12-21,Del Norte,015,27424,694,660,2,662,2
2020-12-21,El Dorado,017,186661,5626,4805,233,5038,10
2020-12-21,Fresno,019,978130,63683,58568,4062,62630,634
2020-12-21,Glenn,021,27897,1440,1323,210,1533,9
2020-12-21,Humboldt,023,135768,1585,1419,7,1426,16
2020-12-21,Imperial,025,180216,22008,20994,1093,22087,395
2020-12-21,Inyo,027,18085,597,482,1,483,17
2020-12-21,Kern,029,883053,61963,56836,4354,61190,541
2020-12-21,Kings,031,150075,15547,14760,502,15262,100
2020-12-21,Lake,033,64148,1732,1538,0,1538,20
2020-12-21,Lassen,035,31185,4009,3798,39,3837,1
2020-12-21,Los Angeles,037,10098052,693671,624129,18416,642545,8918
2020-12-21,Madera,039,155013,9946,9069,359,9428,63
2020-12-21,Marin,041,260295,9451,9035,63,9098,142
2020-12-21,Mariposa,043,17540,211,186,2,188,3
2020-12-21,Mendocino,045,87422,2264,2066,20,2086,23
2020-12-21,Merced,047,269075,17814,16710,281,16991,198
2020-12-21,Modoc,049,8938,221,181,68,249,0
2020-12-21,Mono,051,14174,838,781,10,791,3
2020-12-21,Monterey,053,433212,25451,23673,635,24308,174
2020-12-21,Napa,055,140530,5469,4952,24,4976,23
2020-12-21,Nevada,057,99092,2558,2337,83,2420,13
2020-12-21,Orange,059,3164182,146155,130444,5567,136011,1772
2020-12-21,Placer,061,380077,13299,11715,474,12189,105
2020-12-21,Plumas,063,18699,437,353,9,362,0
2020-12-21,Riverside,065,2383286,167566,151713,7214,158927,1743
2020-12-21,Sacramento,067,1510023,61223,57064,515,57579,759
2020-12-21,San Benito,069,59416,3282,2921,27,2948,22
2020-12-21,San Bernardino,071,2135413,182165,165086,5070,170156,1476
2020-12-21,San Diego,073,3302833,144293,129716,6385,136101,1284
2020-12-21,San Francisco,075,870044,22223,21086,203,21289,174
2020-12-21,San Joaquin,077,732212,42651,38811,1369,40180,586
2020-12-21,San Luis Obispo,079,281455,9956,9006,229,9235,64
2020-12-21,San Mateo,081,765935,23591,21035,75,21110,185
2020-12-21,Santa Barbara,083,443738,16638,14988,419,15407,149
2020-12-21,Santa Clara,085,1922200,64562,57699,255,57954,570
2020-12-21,Santa Cruz,087,273765,8394,7315,262,7577,69
2020-12-21,Shasta,089,179085,7784,7299,622,7921,64
2020-12-21,Sierra,091,2930,24,23,0,23,0
2020-12-21,Siskiyou,093,43540,960,878,88,966,2
2020-12-21,Solano,095,438530,17468,15878,182,16060,95
2020-12-21,Sonoma,097,501317,18019,17075,102,17177,176
2020-12-21,Stanislaus,099,539301,32787,30437,2926,33363,499
2020-12-21,Sutter,101,95872,6121,5708,43,5751,46
2020-12-21,Tehama,103,63373,2812,2656,251,2907,9
2020-12-21,Trinity,105,12862,338,226,39,265,2
2020-12-21,Tulare,107,460477,31542,29482,3467,32949,373
2020-12-21,Tuolumne,109,53932,2686,2423,8,2431,12
2020-12-21,Ventura,111,848112,35664,31759,1461,33220,212
2020-12-21,Yolo,113,214977,8002,7266,53,7319,109
2020-12-21,Yuba,115,75493,3571,3329,36,3365,14
2020-12-20,Alameda,001,1643700,47625,44004,818,44822,516
2020-12-20,Alpine,003,1148,66,64,0,64,0
2020-12-20,Amador,005,37829,2168,1771,17,1788,23
2020-12-20,Butte,007,227075,6893,6228,738,6966,81
2020-12-20,Calaveras,009,45235,1011,926,0,926,21
2020-12-20,Colusa,011,21464,1183,1121,52,1173,7
2020-12-20,Contra Costa,013,1133247,36997,34798,439,35237,301
2020-12-20,Del Norte,015,27424,672,652,2,654,2
2020-12-20,El Dorado,017,186661,5500,4697,224,4921,10
2020-12-20,Fresno,019,978130,62701,57616,3919,61535,634
2020-12-20,Glenn,021,27897,1431,1295,203,1498,9
2020-12-20,Humboldt,023,135768,1548,1386,6,1392,15
2020-12-20,Imperial,025,180216,21766,20882,986,21868,395
2020-12-20,Inyo,027,18085,583,476,1,477,17
2020-12-20,Kern,029,883053,60866,55983,4196,60179,540
2020-12-20,Kings,031,150075,15329,14629,482,15111,100
2020-12-20,Lake,033,64148,1686,1463,0,1463,20
2020-12-20,Lassen,035,31185,3955,3669,37,3706,1
2020-12-20,Los Angeles,037,10098052,675653,612975,17638,630613,8862
2020-12-20,Madera,039,155013,9736,8871,350,9221,63
2020-12-20,Marin,041,260295,9354,8948,59,9007,142
2020-12-20,Mariposa,043,17540,210,179,2,181,3
2020-12-20,Mendocino,045,87422,2239,2033,20,2053,23
2020-12-20,Merced,047,269075,17497,16435,274,16709,198
2020-12-20,Modoc,049,8938,221,181,66,247,0
2020-12-20,Mono,051,14174,820,774,10,784,3
2020-12-20,Monterey,053,433212,24976,23250,591,23841,173
2020-12-20,Napa,055,140530,5347,4865,22,4887,23
2020-12-20,Nevada,057,99092,2512,2289,77,2366,13
2020-12-20,Orange,059,3164182,142666,128780,5414,134194,1763
2020-12-20,Placer,061,380077,13072,11496,455,11951,105
2020-12-20,Plumas,063,18699,429,347,9,356,0
2020-12-20,Riverside,065,2383286,163375,148714,6914,155628,1742
2020-12-20,Sacramento,067,1510023,60225,56017,495,56512,755
2020-12-20,San Benito,069,59416,3210,2885,26,2911,21
2020-12-20,San Bernardino,071,2135413,177201,162810,4907,167717,1458
2020-12-20,San Diego,073,3302833,140579,126465,6215,132680,1280
2020-12-20,San Francisco,075,870044,21909,20937,199,21136,174
2020-12-20,San Joaquin,077,732212,41814,38268,1304,39572,587
2020-12-20,San Luis Obispo,079,281455,9663,8881,222,9103,63
2020-12-20,San Mateo,081,765935,23157,20764,71,20835,185
2020-12-20,Santa Barbara,083,443738,16323,14817,398,15215,148
2020-12-20,Santa Clara,085,1922200,63159,56860,249,57109,566
2020-12-20,Santa Cruz,087,273765,8187,7178,249,7427,69
2020-12-20,Shasta,089,179085,7669,7256,608,7864,64
2020-12-20,Sierra,091,2930,24,22,0,22,0
2020-12-20,Siskiyou,093,43540,950,870,87,957,2
2020-12-20,Solano,095,438530,17089,15533,171,15704,95
2020-12-20,Sonoma,097,501317,17744,16802,101,16903,175
2020-12-20,Stanislaus,099,539301,32266,29995,2822,32817,498
2020-12-20,Sutter,101,95872,6034,5601,43,5644,43
2020-12-20,Tehama,103,63373,2764,2602,231,2833,9
2020-12-20,Trinity,105,12862,333,221,38,259,2
2020-12-20,Tulare,107,460477,31028,29078,3366,32444,373
2020-12-20,Tuolumne,109,53932,2574,2152,7,2159,12
2020-12-20,Ventura,111,848112,34962,31335,1426,32761,210
2020-12-20,Yolo,113,214977,7850,7121,50,7171,109
2020-12-20,Yuba,115,75493,3524,3254,34,3288,12
2020-12-19,Alameda,001,1643700,47182,43109,811,43920,516
2020-12-19,Alpine,003,1148,66,64,0,64,0
2020-12-19,Amador,005,37829,2144,1754,17,1771,23
2020-12-19,Butte,007,227075,6793,6118,714,6832,81
2020-12-19,Calaveras,009,45235,994,900,0,900,21
2020-12-19,Colusa,011,21464,1175,1096,50,1146,7
2020-12-19,Contra Costa,013,1133247,36687,34321,423,34744,301
2020-12-19,Del Norte,015,27424,670,641,1,642,2
2020-12-19,El Dorado,017,186661,5434,4588,215,4803,10
2020-12-19,Fresno,019,978130,62380,55428,3849,59277,634
2020-12-19,Glenn,021,27897,1396,1286,202,1488,9
2020-12-19,Humboldt,023,135768,1531,1357,6,1363,15
2020-12-19,Imperial,025,180216,21679,20711,936,21647,395
2020-12-19,Inyo,027,18085,576,475,1,476,17
2020-12-19,Kern,029,883053,60385,55118,4084,59202,540
2020-12-19,Kings,031,150075,15250,14474,480,14954,100
2020-12-19,Lake,033,64148,1652,1438,0,1438,20
2020-12-19,Lassen,035,31185,3927,3595,37,3632,1
2020-12-19,Los Angeles,037,10098052,668604,599888,17083,616971,8804
2020-12-19,Madera,039,155013,9644,8717,338,9055,63
2020-12-19,Marin,041,260295,9315,8864,59,8923,142
2020-12-19,Mariposa,043,17540,208,177,2,179,3
2020-12-19,Mendocino,045,87422,2214,2008,20,2028,23
2020-12-19,Merced,047,269075,17359,16230,265,16495,198
2020-12-19,Modoc,049,8938,218,181,66,247,0
2020-12-19,Mono,051,14174,816,766,10,776,3
2020-12-19,Monterey,053,433212,24865,22799,585,23384,172
2020-12-19,Napa,055,140530,5285,4772,22,4794,23
2020-12-19,Nevada,057,99092,2490,2260,77,2337,13
2020-12-19,Orange,059,3164182,140750,125574,5257,130831,1733
2020-12-19,Placer,061,380077,12918,11246,449,11695,105
2020-12-19,Plumas,063,18699,426,343,9,352,0
2020-12-19,Riverside,065,2383286,161402,146703,6672,153375,1737
2020-12-19,Sacramento,067,1510023,59694,55169,480,55649,746
2020-12-19,San Benito,069,59416,3164,2820,25,2845,21
2020-12-19,San Bernardino,071,2135413,175645,159883,4796,164679,1433
2020-12-19,San Diego,073,3302833,138813,122972,6076,129048,1280
2020-12-19,San Francisco,075,870044,21759,20643,198,20841,174
2020-12-19,San Joaquin,077,732212,41416,37340,1249,38589,586
2020-12-19,San Luis Obispo,079,281455,9592,8788,219,9007,63
2020-12-19,San Mateo,081,765935,22947,20393,64,20457,182
2020-12-19,Santa Barbara,083,443738,16168,14667,390,15057,148
2020-12-19,Santa Clara,085,1922200,62350,55540,244,55784,558
2020-12-19,Santa Cruz,087,273765,8085,7054,243,7297,68
2020-12-19,Shasta,089,179085,7616,7221,596,7817,63
2020-12-19,Sierra,091,2930,24,23,0,23,0
2020-12-19,Siskiyou,093,43540,947,853,86,939,2
2020-12-19,Solano,095,438530,16923,15204,167,15371,95
2020-12-19,Sonoma,097,501317,17636,16553,101,16654,175
2020-12-19,Stanislaus,099,539301,31948,29555,2749,32304,498
2020-12-19,Sutter,101,95872,5976,5506,43,5549,41
2020-12-19,Tehama,103,63373,2713,2574,228,2802,9
2020-12-19,Trinity,105,12862,333,219,38,257,2
2020-12-19,Tulare,107,460477,30809,28734,3298,32032,375
2020-12-19,Tuolumne,109,53932,2561,2107,7,2114,12
2020-12-19,Ventura,111,848112,34682,30843,1396,32239,209
2020-12-19,Yolo,113,214977,7781,7025,49,7074,109
2020-12-19,Yuba,115,75493,3492,3168,34,3202,11
2020-12-18,Alameda,001,1643700,46645,42196,794,42990,515
2020-12-18,Alpine,003,1148,66,64,0,64,0
2020-12-18,Amador,005,37829,2127,1727,15,1742,20
2020-12-18,Butte,007,227075,6709,5891,687,6578,81
2020-12-18,Calaveras,009,45235,984,870,0,870,21
2020-12-18,Colusa,011,21464,1166,1068,50,1118,7
2020-12-18,Contra Costa,013,1133247,36406,33610,409,34019,300
2020-12-18,Del Norte,015,27424,665,627,0,627,2
2020-12-18,El Dorado,017,186661,5373,4494,204,4698,10
2020-12-18,Fresno,019,978130,61554,52643,3785,56428,613
2020-12-18,Glenn,021,27897,1380,1264,196,1460,9
2020-12-18,Humboldt,023,135768,1516,1331,6,1337,15
2020-12-18,Imperial,025,180216,21601,20430,889,21319,393
2020-12-18,Inyo,027,18085,556,454,1,455,17
2020-12-18,Kern,029,883053,59727,54220,3999,58219,533
2020-12-18,Kings,031,150075,15124,14284,474,14758,98
2020-12-18,Lake,033,64148,1641,1397,0,1397,20
2020-12-18,Lassen,035,31185,3919,3486,37,3523,1
2020-12-18,Los Angeles,037,10098052,656500,586413,16560,602973,8744
2020-12-18,Madera,039,155013,9542,8609,333,8942,63
2020-12-18,Marin,041,260295,9231,8799,59,8858,142
2020-12-18,Mariposa,043,17540,205,176,2,178,3
2020-12-18,Mendocino,045,87422,2196,1977,20,1997,24
2020-12-18,Merced,047,269075,17278,15956,262,16218,195
2020-12-18,Modoc,049,8938,218,179,66,245,0
2020-12-18,Mono,051,14174,809,731,10,741,3
2020-12-18,Monterey,053,433212,24573,22336,579,22915,165
2020-12-18,Napa,055,140530,5237,4688,22,4710,23
2020-12-18,Nevada,057,99092,2473,2220,76,2296,13
2020-12-18,Orange,059,3164182,138321,121681,5098,126779,1725
2020-12-18,Placer,061,380077,12748,10995,440,11435,104
2020-12-18,Plumas,063,18699,420,336,9,345,0
2020-12-18,Riverside,065,2383286,158578,142375,6397,148772,1733
2020-12-18,Sacramento,067,1510023,59070,53980,462,54442,736
2020-12-18,San Benito,069,59416,3116,2744,25,2769,21
2020-12-18,San Bernardino,071,2135413,173349,154272,4659,158931,1430
2020-12-18,San Diego,073,3302833,136638,120463,5936,126399,1253
2020-12-18,San Francisco,075,870044,21592,20315,192,20507,173
2020-12-18,San Joaquin,077,732212,41059,36484,1216,37700,559
2020-12-18,San Luis Obispo,079,281455,9493,8598,214,8812,62
2020-12-18,San Mateo,081,765935,22633,19971,60,20031,182
2020-12-18,Santa Barbara,083,443738,16028,14361,377,14738,148
2020-12-18,Santa Clara,085,1922200,61482,53992,231,54223,539
2020-12-18,Santa Cruz,087,273765,7970,6838,235,7073,68
2020-12-18,Shasta,089,179085,7580,7114,584,7698,62
2020-12-18,Sierra,091,2930,24,23,0,23,0
2020-12-18,Siskiyou,093,43540,945,840,86,926,2
2020-12-18,Solano,095,438530,16771,14667,163,14830,95
2020-12-18,Sonoma,097,501317,17516,16261,101,16362,173
2020-12-18,Stanislaus,099,539301,31678,28967,2710,31677,490
2020-12-18,Sutter,101,95872,5892,5399,43,5442,39
2020-12-18,Tehama,103,63373,2696,2523,219,2742,9
2020-12-18,Trinity,105,12862,332,215,38,253,2
2020-12-18,Tulare,107,460477,30541,28322,3213,31535,370
2020-12-18,Tuolumne,109,53932,2550,2067,7,2074,12
2020-12-18,Ventura,111,848112,34180,29907,1352,31259,209
2020-12-18,Yolo,113,214977,7713,6901,48,6949,109
2020-12-18,Yuba,115,75493,3434,3097,34,3131,11
2020-12-17,Alameda,001,1643700,45844,41548,761,42309,508
2020-12-17,Alpine,003,1148,66,64,0,64,0
2020-12-17,Amador,005,37829,2079,1703,13,1716,19
2020-12-17,Butte,007,227075,6584,5746,668,6414,78
2020-12-17,Calaveras,009,45235,961,848,0,848,21
2020-12-17,Colusa,011,21464,1155,1053,48,1101,7
2020-12-17,Contra Costa,013,1133247,35886,33006,374,33380,293
2020-12-17,Del Norte,015,27424,660,583,0,583,1
2020-12-17,El Dorado,017,186661,5229,4327,191,4518,9
2020-12-17,Fresno,019,978130,60697,49918,3656,53574,597
2020-12-17,Glenn,021,27897,1356,1244,189,1433,9
2020-12-17,Humboldt,023,135768,1483,1322,6,1328,14
2020-12-17,Imperial,025,180216,21440,20208,814,21022,391
2020-12-17,Inyo,027,18085,538,450,1,451,16
2020-12-17,Kern,029,883053,58778,53683,3858,57541,526
2020-12-17,Kings,031,150075,15025,14057,458,14515,98
2020-12-17,Lake,033,64148,1616,1374,0,1374,20
2020-12-17,Lassen,035,31185,3883,3417,37,3454,1
2020-12-17,Los Angeles,037,10098052,640902,571093,15971,587064,8657
2020-12-17,Madera,039,155013,9427,8465,328,8793,62
2020-12-17,Marin,041,260295,9174,8721,56,8777,142
2020-12-17,Mariposa,043,17540,201,172,2,174,3
2020-12-17,Mendocino,045,87422,2162,1942,20,1962,23
2020-12-17,Merced,047,269075,17015,15648,254,15902,192
2020-12-17,Modoc,049,8938,215,179,66,245,0
2020-12-17,Mono,051,14174,799,718,10,728,3
2020-12-17,Monterey,053,433212,24054,21951,564,22515,163
2020-12-17,Napa,055,140530,5125,4612,22,4634,23
2020-12-17,Nevada,057,99092,2432,2173,73,2246,13
2020-12-17,Orange,059,3164182,134938,118367,4962,123329,1725
2020-12-17,Placer,061,380077,12474,10756,426,11182,99
2020-12-17,Plumas,063,18699,411,324,9,333,0
2020-12-17,Riverside,065,2383286,154722,139325,6173,145498,1696
2020-12-17,Sacramento,067,1510023,58166,53189,439,53628,721
2020-12-17,San Benito,069,59416,3047,2645,24,2669,20
2020-12-17,San Bernardino,071,2135413,169427,149838,4532,154370,1425
2020-12-17,San Diego,073,3302833,133844,116852,5781,122633,1239
2020-12-17,San Francisco,075,870044,21305,19939,187,20126,170
2020-12-17,San Joaquin,077,732212,40330,35894,1178,37072,554
2020-12-17,San Luis Obispo,079,281455,9373,8365,212,8577,59
2020-12-17,San Mateo,081,765935,22261,19647,60,19707,181
2020-12-17,Santa Barbara,083,443738,15794,14207,370,14577,147
2020-12-17,Santa Clara,085,1922200,60313,52559,224,52783,527
2020-12-17,Santa Cruz,087,273765,7815,6687,220,6907,64
2020-12-17,Shasta,089,179085,7502,7000,565,7565,62
2020-12-17,Sierra,091,2930,23,23,0,23,0
2020-12-17,Siskiyou,093,43540,938,827,85,912,2
2020-12-17,Solano,095,438530,16464,14361,161,14522,96
2020-12-17,Sonoma,097,501317,17244,15993,100,16093,171
2020-12-17,Stanislaus,099,539301,31255,28582,2649,31231,489
2020-12-17,Sutter,101,95872,5793,5309,42,5351,39
2020-12-17,Tehama,103,63373,2648,2480,213,2693,9
2020-12-17,Trinity,105,12862,328,213,38,251,2
2020-12-17,Tulare,107,460477,30148,27852,3132,30984,358
2020-12-17,Tuolumne,109,53932,2239,1992,7,1999,11
2020-12-17,Ventura,111,848112,33572,29404,1314,30718,208
2020-12-17,Yolo,113,214977,7589,6800,47,6847,105
2020-12-17,Yuba,115,75493,3375,3035,32,3067,12
2020-12-16,Alameda,001,1643700,44990,40751,733,41484,497
2020-12-16,Alpine,003,1148,66,64,0,64,0
2020-12-16,Amador,005,37829,2032,1693,12,1705,19
2020-12-16,Butte,007,227075,6395,5659,638,6297,76
2020-12-16,Calaveras,009,45235,926,821,0,821,21
2020-12-16,Colusa,011,21464,1142,1038,43,1081,7
2020-12-16,Contra Costa,013,1133247,35329,32429,352,32781,293
2020-12-16,Del Norte,015,27424,658,575,0,575,1
2020-12-16,El Dorado,017,186661,5108,4237,180,4417,9
2020-12-16,Fresno,019,978130,59742,49173,3553,52726,584
2020-12-16,Glenn,021,27897,1338,1236,178,1414,9
2020-12-16,Humboldt,023,135768,1451,1308,5,1313,12
2020-12-16,Imperial,025,180216,21260,19980,742,20722,388
2020-12-16,Inyo,027,18085,525,444,1,445,16
2020-12-16,Kern,029,883053,57903,52896,3721,56617,522
2020-12-16,Kings,031,150075,14846,13734,440,14174,99
2020-12-16,Lake,033,64148,1576,1363,0,1363,20
2020-12-16,Lassen,035,31185,3850,3396,36,3432,1
2020-12-16,Los Angeles,037,10098052,624419,557907,15265,573172,8561
2020-12-16,Madera,039,155013,9302,8278,320,8598,62
2020-12-16,Marin,041,260295,9104,8641,56,8697,142
2020-12-16,Mariposa,043,17540,198,175,2,177,3
2020-12-16,Mendocino,045,87422,2127,1929,20,1949,23
2020-12-16,Merced,047,269075,16729,15443,250,15693,190
2020-12-16,Modoc,049,8938,212,178,66,244,0
2020-12-16,Mono,051,14174,781,702,10,712,3
2020-12-16,Monterey,053,433212,23497,21107,553,21660,163
2020-12-16,Napa,055,140530,5027,4544,22,4566,23
2020-12-16,Nevada,057,99092,2396,2149,71,2220,13
2020-12-16,Orange,059,3164182,131472,115260,4782,120042,1712
2020-12-16,Placer,061,380077,12239,10554,404,10958,96
2020-12-16,Plumas,063,18699,402,319,9,328,0
2020-12-16,Riverside,065,2383286,150608,135751,5916,141667,1664
2020-12-16,Sacramento,067,1510023,57195,52166,413,52579,715
2020-12-16,San Benito,069,59416,2956,2582,24,2606,20
2020-12-16,San Bernardino,071,2135413,164823,143565,4394,147959,1403
2020-12-16,San Diego,073,3302833,130744,114248,5628,119876,1217
2020-12-16,San Francisco,075,870044,21047,19624,186,19810,170
2020-12-16,San Joaquin,077,732212,39507,35010,1137,36147,547
2020-12-16,San Luis Obispo,079,281455,9178,8252,203,8455,58
2020-12-16,San Mateo,081,765935,21936,19292,56,19348,179
2020-12-16,Santa Barbara,083,443738,15552,13966,357,14323,144
2020-12-16,Santa Clara,085,1922200,59074,51502,221,51723,523
2020-12-16,Santa Cruz,087,273765,7630,6536,208,6744,63
2020-12-16,Shasta,089,179085,7429,6914,544,7458,62
2020-12-16,Sierra,091,2930,23,23,0,23,0
2020-12-16,Siskiyou,093,43540,930,818,85,903,2
2020-12-16,Solano,095,438530,15999,14157,156,14313,96
2020-12-16,Sonoma,097,501317,16988,15768,100,15868,170
2020-12-16,Stanislaus,099,539301,30752,28279,2575,30854,489
2020-12-16,Sutter,101,95872,5713,5223,42,5265,39
2020-12-16,Tehama,103,63373,2617,2441,187,2628,9
2020-12-16,Trinity,105,12862,322,212,38,250,2
2020-12-16,Tulare,107,460477,29734,27500,3026,30526,352
2020-12-16,Tuolumne,109,53932,2193,1941,7,1948,11
2020-12-16,Ventura,111,848112,32800,28566,1269,29835,203
2020-12-16,Yolo,113,214977,7461,6649,46,6695,103
2020-12-16,Yuba,115,75493,3289,2980,31,3011,11
2020-12-15,Alameda,001,1643700,44133,40026,710,40736,492
2020-12-15,Alpine,003,1148,66,64,0,64,0
2020-12-15,Amador,005,37829,1919,1669,10,1679,19
2020-12-15,Butte,007,227075,6259,5565,607,6172,75
2020-12-15,Calaveras,009,45235,894,799,0,799,21
2020-12-15,Colusa,011,21464,1129,1026,42,1068,7
2020-12-15,Contra Costa,013,1133247,34676,31423,336,31759,281
2020-12-15,Del Norte,015,27424,647,564,0,564,1
2020-12-15,El Dorado,017,186661,5002,4113,164,4277,9
2020-12-15,Fresno,019,978130,58376,47316,3414,50730,574
2020-12-15,Glenn,021,27897,1325,1207,161,1368,9
2020-12-15,Humboldt,023,135768,1431,1276,5,1281,12
2020-12-15,Imperial,025,180216,21042,19756,660,20416,380
2020-12-15,Inyo,027,18085,512,394,1,395,16
2020-12-15,Kern,029,883053,56892,52002,3616,55618,511
2020-12-15,Kings,031,150075,14682,13652,421,14073,97
2020-12-15,Lake,033,64148,1551,1341,0,1341,21
2020-12-15,Lassen,035,31185,3678,3378,35,3413,1
2020-12-15,Los Angeles,037,10098052,608105,536258,14591,550849,8429
2020-12-15,Madera,039,155013,9147,8118,311,8429,60
2020-12-15,Marin,041,260295,8998,8528,54,8582,141
2020-12-15,Mariposa,043,17540,194,171,2,173,3
2020-12-15,Mendocino,045,87422,2100,1883,20,1903,24
2020-12-15,Merced,047,269075,16433,15120,246,15366,190
2020-12-15,Modoc,049,8938,210,179,66,245,0
2020-12-15,Mono,051,14174,765,702,10,712,3
2020-12-15,Monterey,053,433212,22898,19905,490,20395,161
2020-12-15,Napa,055,140530,4923,4440,22,4462,23
2020-12-15,Nevada,057,99092,2363,2117,69,2186,11
2020-12-15,Orange,059,3164182,127819,112893,4625,117518,1689
2020-12-15,Placer,061,380077,12005,10301,382,10683,95
2020-12-15,Plumas,063,18699,397,313,9,322,0
2020-12-15,Riverside,065,2383286,146560,131822,5629,137451,1624
2020-12-15,Sacramento,067,1510023,56182,51076,400,51476,703
2020-12-15,San Benito,069,59416,2876,2520,23,2543,19
2020-12-15,San Bernardino,071,2135413,160380,137548,4229,141777,1351
2020-12-15,San Diego,073,3302833,127183,111441,5465,116906,1194
2020-12-15,San Francisco,075,870044,20738,19283,183,19466,171
2020-12-15,San Joaquin,077,732212,38583,33849,1100,34949,537
2020-12-15,San Luis Obispo,079,281455,9069,8074,200,8274,55
2020-12-15,San Mateo,081,765935,21526,18907,54,18961,178
2020-12-15,Santa Barbara,083,443738,15332,13782,348,14130,144
2020-12-15,Santa Clara,085,1922200,57639,50311,217,50528,505
2020-12-15,Santa Cruz,087,273765,7446,6361,192,6553,59
2020-12-15,Shasta,089,179085,7371,6794,519,7313,54
2020-12-15,Sierra,091,2930,23,23,0,23,0
2020-12-15,Siskiyou,093,43540,921,812,84,896,2
2020-12-15,Solano,095,438530,15650,13796,156,13952,95
2020-12-15,Sonoma,097,501317,16767,15406,100,15506,167
2020-12-15,Stanislaus,099,539301,30244,27823,2488,30311,485
2020-12-15,Sutter,101,95872,5616,5080,41,5121,36
2020-12-15,Tehama,103,63373,2580,2392,182,2574,9
2020-12-15,Trinity,105,12862,316,213,36,249,1
2020-12-15,Tulare,107,460477,29243,27026,2935,29961,342
2020-12-15,Tuolumne,109,53932,2162,1874,7,1881,8
2020-12-15,Ventura,111,848112,32179,27936,1221,29157,201
2020-12-15,Yolo,113,214977,7338,6531,44,6575,104
2020-12-15,Yuba,115,75493,3195,2891,30,2921,11
2020-12-14,Alameda,001,1643700,43240,39252,690,39942,487
2020-12-14,Alpine,003,1148,66,63,0,63,0
2020-12-14,Amador,005,37829,1847,1609,10,1619,19
2020-12-14,Butte,007,227075,6091,5202,590,5792,75
2020-12-14,Calaveras,009,45235,856,718,0,718,21
2020-12-14,Colusa,011,21464,1105,949,41,990,7
2020-12-14,Contra Costa,013,1133247,33979,30594,321,30915,281
2020-12-14,Del Norte,015,27424,641,560,0,560,1
2020-12-14,El Dorado,017,186661,4846,4018,148,4166,9
2020-12-14,Fresno,019,978130,57355,44726,3230,47956,560
2020-12-14,Glenn,021,27897,1299,1186,153,1339,9
2020-12-14,Humboldt,023,135768,1418,1256,5,1261,9
2020-12-14,Imperial,025,180216,20806,19608,578,20186,379
2020-12-14,Inyo,027,18085,498,382,1,383,16
2020-12-14,Kern,029,883053,55860,50538,3490,54028,510
2020-12-14,Kings,031,150075,14499,13491,392,13883,97
2020-12-14,Lake,033,64148,1501,1301,0,1301,21
2020-12-14,Lassen,035,31185,3579,2905,32,2937,1
2020-12-14,Los Angeles,037,10098052,590524,524668,13924,538592,8340
2020-12-14,Madera,039,155013,8880,8011,302,8313,60
2020-12-14,Marin,041,260295,8916,8475,52,8527,141
2020-12-14,Mariposa,043,17540,193,171,2,173,3
2020-12-14,Mendocino,045,87422,2079,1845,20,1865,24
2020-12-14,Merced,047,269075,16028,14572,232,14804,189
2020-12-14,Modoc,049,8938,204,180,64,244,0
2020-12-14,Mono,051,14174,757,685,10,695,3
2020-12-14,Monterey,053,433212,22379,19154,483,19637,155
2020-12-14,Napa,055,140530,4830,4289,22,4311,22
2020-12-14,Nevada,057,99092,2324,2070,66,2136,11
2020-12-14,Orange,059,3164182,123946,108602,4482,113084,1688
2020-12-14,Placer,061,380077,11725,9551,371,9922,95
2020-12-14,Plumas,063,18699,385,309,9,318,0
2020-12-14,Riverside,065,2383286,142445,123715,5359,129074,1588
2020-12-14,Sacramento,067,1510023,55075,50304,374,50678,691
2020-12-14,San Benito,069,59416,2810,2467,22,2489,19
2020-12-14,San Bernardino,071,2135413,155952,129151,4092,133243,1347
2020-12-14,San Diego,073,3302833,123452,109578,5281,114859,1162
2020-12-14,San Francisco,075,870044,20362,18904,181,19085,171
2020-12-14,San Joaquin,077,732212,37741,32522,1051,33573,534
2020-12-14,San Luis Obispo,079,281455,8822,7791,194,7985,52
2020-12-14,San Mateo,081,765935,21027,18361,51,18412,178
2020-12-14,Santa Barbara,083,443738,15063,13587,341,13928,144
2020-12-14,Santa Clara,085,1922200,56080,49180,205,49385,502
2020-12-14,Santa Cruz,087,273765,7262,6049,176,6225,54
2020-12-14,Shasta,089,179085,7283,6665,501,7166,54
2020-12-14,Sierra,091,2930,23,21,0,21,0
2020-12-14,Siskiyou,093,43540,898,764,78,842,2
2020-12-14,Solano,095,438530,15287,13352,154,13506,93
2020-12-14,Sonoma,097,501317,16460,14807,99,14906,167
2020-12-14,Stanislaus,099,539301,29713,27311,2437,29748,485
2020-12-14,Sutter,101,95872,5509,5001,34,5035,35
2020-12-14,Tehama,103,63373,2536,2344,179,2523,9
2020-12-14,Trinity,105,12862,313,205,34,239,1
2020-12-14,Tulare,107,460477,28770,25735,2839,28574,341
2020-12-14,Tuolumne,109,53932,2105,1647,7,1654,8
2020-12-14,Ventura,111,848112,31259,27436,1158,28594,202
2020-12-14,Yolo,113,214977,7178,6389,43,6432,95
2020-12-14,Yuba,115,75493,3133,2851,30,2881,11
2020-12-13,Alameda,001,1643700,42048,38064,663,38727,486
2020-12-13,Alpine,003,1148,66,63,0,63,0
2020-12-13,Amador,005,37829,1791,1457,9,1466,19
2020-12-13,Butte,007,227075,5943,5103,546,5649,75
2020-12-13,Calaveras,009,45235,820,710,0,710,21
2020-12-13,Colusa,011,21464,1089,945,37,982,7
2020-12-13,Contra Costa,013,1133247,33251,29667,313,29980,281
2020-12-13,Del Norte,015,27424,588,542,0,542,1
2020-12-13,El Dorado,017,186661,4747,3770,136,3906,9
2020-12-13,Fresno,019,978130,56254,44114,3063,47177,559
2020-12-13,Glenn,021,27897,1286,1171,142,1313,9
2020-12-13,Humboldt,023,135768,1395,1238,4,1242,9
2020-12-13,Imperial,025,180216,20526,19472,438,19910,379
2020-12-13,Inyo,027,18085,477,380,1,381,16
2020-12-13,Kern,029,883053,54839,49051,3329,52380,510
2020-12-13,Kings,031,150075,14221,13357,372,13729,97
2020-12-13,Lake,033,64148,1458,1271,0,1271,21
2020-12-13,Lassen,035,31185,3472,2867,27,2894,1
2020-12-13,Los Angeles,037,10098052,572974,517472,13178,530650,8294
2020-12-13,Madera,039,155013,8699,7909,287,8196,60
2020-12-13,Marin,041,260295,8796,8409,52,8461,141
2020-12-13,Mariposa,043,17540,189,167,2,169,3
2020-12-13,Mendocino,045,87422,2045,1793,20,1813,24
2020-12-13,Merced,047,269075,15677,14384,229,14613,189
2020-12-13,Modoc,049,8938,192,179,58,237,0
2020-12-13,Mono,051,14174,741,675,10,685,3
2020-12-13,Monterey,053,433212,21957,18913,467,19380,153
2020-12-13,Napa,055,140530,4724,4194,22,4216,22
2020-12-13,Nevada,057,99092,2276,2030,64,2094,11
2020-12-13,Orange,059,3164182,120033,104768,4295,109063,1688
2020-12-13,Placer,061,380077,11411,9405,353,9758,95
2020-12-13,Plumas,063,18699,379,291,9,300,0
2020-12-13,Riverside,065,2383286,138329,119691,5083,124774,1581
2020-12-13,Sacramento,067,1510023,53808,49480,343,49823,682
2020-12-13,San Benito,069,59416,2740,2408,21,2429,19
2020-12-13,San Bernardino,071,2135413,151068,126718,3921,130639,1333
2020-12-13,San Diego,073,3302833,119857,107372,5112,112484,1162
2020-12-13,San Francisco,075,870044,20018,18686,171,18857,167
2020-12-13,San Joaquin,077,732212,36938,32170,1009,33179,534
2020-12-13,San Luis Obispo,079,281455,8630,7625,186,7811,52
2020-12-13,San Mateo,081,765935,20536,18090,45,18135,177
2020-12-13,Santa Barbara,083,443738,14799,13249,324,13573,144
2020-12-13,Santa Clara,085,1922200,54653,47920,196,48116,499
2020-12-13,Santa Cruz,087,273765,7013,5986,165,6151,54
2020-12-13,Shasta,089,179085,7209,6647,475,7122,54
2020-12-13,Sierra,091,2930,23,21,0,21,0
2020-12-13,Siskiyou,093,43540,886,762,73,835,2
2020-12-13,Solano,095,438530,14849,13276,151,13427,93
2020-12-13,Sonoma,097,501317,16145,14495,98,14593,167
2020-12-13,Stanislaus,099,539301,29153,26569,2370,28939,485
2020-12-13,Sutter,101,95872,5383,4798,29,4827,34
2020-12-13,Tehama,103,63373,2491,2325,163,2488,9
2020-12-13,Trinity,105,12862,308,204,33,237,1
2020-12-13,Tulare,107,460477,28287,25496,2745,28241,340
2020-12-13,Tuolumne,109,53932,2043,1611,7,1618,8
2020-12-13,Ventura,111,848112,30260,26588,1092,27680,202
2020-12-13,Yolo,113,214977,6996,6265,36,6301,95
2020-12-13,Yuba,115,75493,3068,2754,27,2781,11
2020-12-12,Alameda,001,1643700,41613,37027,642,37669,486
2020-12-12,Alpine,003,1148,66,63,0,63,0
2020-12-12,Amador,005,37829,1763,1236,8,1244,19
2020-12-12,Butte,007,227075,5871,4972,532,5504,73
2020-12-12,Calaveras,009,45235,810,708,0,708,21
2020-12-12,Colusa,011,21464,1069,945,35,980,7
2020-12-12,Contra Costa,013,1133247,32908,29506,303,29809,281
2020-12-12,Del Norte,015,27424,580,529,0,529,1
2020-12-12,El Dorado,017,186661,4672,3706,118,3824,9
2020-12-12,Fresno,019,978130,55904,43756,3002,46758,559
2020-12-12,Glenn,021,27897,1278,1143,138,1281,8
2020-12-12,Humboldt,023,135768,1376,1208,4,1212,9
2020-12-12,Imperial,025,180216,20444,18947,378,19325,379
2020-12-12,Inyo,027,18085,473,380,1,381,16
2020-12-12,Kern,029,883053,54323,48194,3238,51432,507
2020-12-12,Kings,031,150075,14134,13205,367,13572,96
2020-12-12,Lake,033,64148,1442,1232,0,1232,21
2020-12-12,Lassen,035,31185,3450,2866,23,2889,1
2020-12-12,Los Angeles,037,10098052,566208,504317,12642,516959,8269
2020-12-12,Madera,039,155013,8572,7765,284,8049,59
2020-12-12,Marin,041,260295,8742,8363,51,8414,141
2020-12-12,Mariposa,043,17540,188,164,2,166,3
2020-12-12,Mendocino,045,87422,2009,1771,20,1791,24
2020-12-12,Merced,047,269075,15587,14181,225,14406,188
2020-12-12,Modoc,049,8938,191,169,55,224,0
2020-12-12,Mono,051,14174,734,640,10,650,3
2020-12-12,Monterey,053,433212,21846,18596,438,19034,151
2020-12-12,Napa,055,140530,4680,4113,22,4135,22
2020-12-12,Nevada,057,99092,2258,1981,62,2043,10
2020-12-12,Orange,059,3164182,118160,100468,4137,104605,1674
2020-12-12,Placer,061,380077,11247,9390,347,9737,95
2020-12-12,Plumas,063,18699,373,291,9,300,0
2020-12-12,Riverside,065,2383286,136285,118335,4865,123200,1579
2020-12-12,Sacramento,067,1510023,53225,48319,328,48647,673
2020-12-12,San Benito,069,59416,2684,2355,21,2376,19
2020-12-12,San Bernardino,071,2135413,149448,125741,3810,129551,1321
2020-12-12,San Diego,073,3302833,118237,104958,5015,109973,1151
2020-12-12,San Francisco,075,870044,19829,18413,167,18580,167
2020-12-12,San Joaquin,077,732212,36613,32200,976,33176,534
2020-12-12,San Luis Obispo,079,281455,8535,7462,177,7639,50
2020-12-12,San Mateo,081,765935,20315,17574,44,17618,177
2020-12-12,Santa Barbara,083,443738,14647,13174,316,13490,144
2020-12-12,Santa Clara,085,1922200,53697,45892,193,46085,498
2020-12-12,Santa Cruz,087,273765,6916,5905,155,6060,54
2020-12-12,Shasta,089,179085,7174,6551,457,7008,54
2020-12-12,Sierra,091,2930,23,21,0,21,0
2020-12-12,Siskiyou,093,43540,884,762,70,832,2
2020-12-12,Solano,095,438530,14652,12748,144,12892,93
2020-12-12,Sonoma,097,501317,16025,14466,98,14564,166
2020-12-12,Stanislaus,099,539301,28852,26246,2313,28559,483
2020-12-12,Sutter,101,95872,5321,4717,29,4746,32
2020-12-12,Tehama,103,63373,2474,2252,157,2409,9
2020-12-12,Trinity,105,12862,306,204,31,235,1
2020-12-12,Tulare,107,460477,28031,25333,2686,28019,341
2020-12-12,Tuolumne,109,53932,2000,1536,7,1543,8
2020-12-12,Ventura,111,848112,29816,25955,1059,27014,202
2020-12-12,Yolo,113,214977,6914,6116,34,6150,95
2020-12-12,Yuba,115,75493,3041,2692,26,2718,10
2020-12-11,Alameda,001,1643700,41045,36281,630,36911,482
2020-12-11,Alpine,003,1148,66,63,0,63,0
2020-12-11,Amador,005,37829,1747,1213,8,1221,19
2020-12-11,Butte,007,227075,5799,4941,511,5452,73
2020-12-11,Calaveras,009,45235,794,697,0,697,21
2020-12-11,Colusa,011,21464,1059,923,33,956,7
2020-12-11,Contra Costa,013,1133247,32484,29036,299,29335,282
2020-12-11,Del Norte,015,27424,574,505,0,505,1
2020-12-11,El Dorado,017,186661,4591,3669,103,3772,9
2020-12-11,Fresno,019,978130,54894,43071,2935,46006,550
2020-12-11,Glenn,021,27897,1262,1135,133,1268,8
2020-12-11,Humboldt,023,135768,1358,1190,4,1194,9
2020-12-11,Imperial,025,180216,20354,18599,332,18931,377
2020-12-11,Inyo,027,18085,461,372,1,373,16
2020-12-11,Kern,029,883053,53649,47664,3172,50836,502
2020-12-11,Kings,031,150075,13991,13118,361,13479,94
2020-12-11,Lake,033,64148,1430,1205,0,1205,21
2020-12-11,Lassen,035,31185,3438,2790,22,2812,1
2020-12-11,Los Angeles,037,10098052,554430,493592,12211,505803,8198
2020-12-11,Madera,039,155013,8481,7648,274,7922,59
2020-12-11,Marin,041,260295,8648,8317,50,8367,141
2020-12-11,Mariposa,043,17540,187,164,2,166,3
2020-12-11,Mendocino,045,87422,1986,1769,20,1789,24
2020-12-11,Merced,047,269075,15467,14038,217,14255,186
2020-12-11,Modoc,049,8938,191,168,54,222,0
2020-12-11,Mono,051,14174,724,631,10,641,3
2020-12-11,Monterey,053,433212,21545,18421,433,18854,150
2020-12-11,Napa,055,140530,4624,4054,22,4076,22
2020-12-11,Nevada,057,99092,2241,1959,59,2018,10
2020-12-11,Orange,059,3164182,115857,98357,4032,102389,1656
2020-12-11,Placer,061,380077,11085,8904,331,9235,93
2020-12-11,Plumas,063,18699,365,286,9,295,0
2020-12-11,Riverside,065,2383286,133232,115329,4633,119962,1573
2020-12-11,Sacramento,067,1510023,52564,47468,319,47787,669
2020-12-11,San Benito,069,59416,2633,2319,21,2340,19
2020-12-11,San Bernardino,071,2135413,146768,123092,3686,126778,1313
2020-12-11,San Diego,073,3302833,116280,102468,4932,107400,1137
2020-12-11,San Francisco,075,870044,19599,18246,166,18412,165
2020-12-11,San Joaquin,077,732212,36270,32044,947,32991,534
2020-12-11,San Luis Obispo,079,281455,8375,7415,174,7589,49
2020-12-11,San Mateo,081,765935,20044,17240,33,17273,177
2020-12-11,Santa Barbara,083,443738,14504,12997,308,13305,144
2020-12-11,Santa Clara,085,1922200,52692,45101,183,45284,494
2020-12-11,Santa Cruz,087,273765,6803,5764,144,5908,50
2020-12-11,Shasta,089,179085,7129,6459,450,6909,54
2020-12-11,Sierra,091,2930,23,19,0,19,0
2020-12-11,Siskiyou,093,43540,877,753,67,820,2
2020-12-11,Solano,095,438530,14468,12554,140,12694,92
2020-12-11,Sonoma,097,501317,15859,14298,95,14393,166
2020-12-11,Stanislaus,099,539301,28588,25928,2269,28197,464
2020-12-11,Sutter,101,95872,5258,4600,28,4628,30
2020-12-11,Tehama,103,63373,2445,2232,153,2385,9
2020-12-11,Trinity,105,12862,304,204,30,234,1
2020-12-11,Tulare,107,460477,27676,24953,2636,27589,338
2020-12-11,Tuolumne,109,53932,1986,1510,7,1517,8
2020-12-11,Ventura,111,848112,29211,24999,1036,26035,202
2020-12-11,Yolo,113,214977,6809,6006,32,6038,95
2020-12-11,Yuba,115,75493,2981,2649,25,2674,10
2020-12-10,Alameda,001,1643700,40275,35686,608,36294,477
2020-12-10,Alpine,003,1148,66,63,0,63,0
2020-12-10,Amador,005,37829,1690,1191,8,1199,18
2020-12-10,Butte,007,227075,5683,4863,484,5347,72
2020-12-10,Calaveras,009,45235,776,684,0,684,21
2020-12-10,Colusa,011,21464,1036,909,28,937,7
2020-12-10,Contra Costa,013,1133247,31803,28413,293,28706,276
2020-12-10,Del Norte,015,27424,565,501,0,501,1
2020-12-10,El Dorado,017,186661,4473,3557,98,3655,9
2020-12-10,Fresno,019,978130,53916,42461,2788,45249,540
2020-12-10,Glenn,021,27897,1242,1126,124,1250,8
2020-12-10,Humboldt,023,135768,1338,1140,4,1144,9
2020-12-10,Imperial,025,180216,20139,18333,252,18585,370
2020-12-10,Inyo,027,18085,440,365,1,366,15
2020-12-10,Kern,029,883053,52669,47176,3002,50178,499
2020-12-10,Kings,031,150075,13839,12993,355,13348,92
2020-12-10,Lake,033,64148,1389,1167,0,1167,21
2020-12-10,Lassen,035,31185,3416,2764,18,2782,0
2020-12-10,Los Angeles,037,10098052,540508,480354,11657,492011,8149
2020-12-10,Madera,039,155013,8376,7445,259,7704,59
2020-12-10,Marin,041,260295,8601,8245,49,8294,140
2020-12-10,Mariposa,043,17540,186,160,2,162,3
2020-12-10,Mendocino,045,87422,1960,1748,17,1765,24
2020-12-10,Merced,047,269075,15222,13756,214,13970,186
2020-12-10,Modoc,049,8938,186,165,52,217,0
2020-12-10,Mono,051,14174,719,601,10,611,3
2020-12-10,Monterey,053,433212,21065,18266,423,18689,145
2020-12-10,Napa,055,140530,4538,3974,21,3995,22
2020-12-10,Nevada,057,99092,2204,1919,59,1978,10
2020-12-10,Orange,059,3164182,112764,95297,3860,99157,1651
2020-12-10,Placer,061,380077,10832,8906,312,9218,90
2020-12-10,Plumas,063,18699,354,281,9,290,0
2020-12-10,Riverside,065,2383286,129563,112794,4354,117148,1552
2020-12-10,Sacramento,067,1510023,51666,46471,298,46769,664
2020-12-10,San Benito,069,59416,2573,2268,20,2288,19
2020-12-10,San Bernardino,071,2135413,142561,120186,3497,123683,1306
2020-12-10,San Diego,073,3302833,113756,99601,4783,104384,1114
2020-12-10,San Francisco,075,870044,19285,17945,158,18103,164
2020-12-10,San Joaquin,077,732212,35637,31228,916,32144,534
2020-12-10,San Luis Obispo,079,281455,8212,7245,163,7408,49
2020-12-10,San Mateo,081,765935,19599,16701,23,16724,177
2020-12-10,Santa Barbara,083,443738,14327,12788,298,13086,143
2020-12-10,Santa Clara,085,1922200,51558,43939,167,44106,491
2020-12-10,Santa Cruz,087,273765,6636,5645,130,5775,48
2020-12-10,Shasta,089,179085,7061,6312,424,6736,53
2020-12-10,Sierra,091,2930,23,18,0,18,0
2020-12-10,Siskiyou,093,43540,867,712,66,778,2
2020-12-10,Solano,095,438530,14101,12017,134,12151,90
2020-12-10,Sonoma,097,501317,15604,14282,94,14376,167
2020-12-10,Stanislaus,099,539301,28126,25582,2198,27780,464
2020-12-10,Sutter,101,95872,5128,4528,26,4554,27
2020-12-10,Tehama,103,63373,2402,2190,143,2333,9
2020-12-10,Trinity,105,12862,301,202,29,231,1
2020-12-10,Tulare,107,460477,27222,24506,2569,27075,337
2020-12-10,Tuolumne,109,53932,1726,1451,7,1458,8
2020-12-10,Ventura,111,848112,28360,24075,992,25067,202
2020-12-10,Yolo,113,214977,6689,5896,31,5927,95
2020-12-10,Yuba,115,75493,2917,2604,24,2628,10
2020-12-09,Alameda,001,1643700,39433,35047,586,35633,470
2020-12-09,Alpine,003,1148,66,58,0,58,0
2020-12-09,Amador,005,37829,1647,1121,8,1129,19
2020-12-09,Butte,007,227075,5542,4733,461,5194,70
2020-12-09,Calaveras,009,45235,749,670,0,670,21
2020-12-09,Colusa,011,21464,1021,896,27,923,7
2020-12-09,Contra Costa,013,1133247,31099,28308,281,28589,273
2020-12-09,Del Norte,015,27424,551,481,0,481,2
2020-12-09,El Dorado,017,186661,4338,3449,90,3539,8
2020-12-09,Fresno,019,978130,52919,41954,2629,44583,533
2020-12-09,Glenn,021,27897,1228,1107,118,1225,8
2020-12-09,Humboldt,023,135768,1306,1086,4,1090,10
2020-12-09,Imperial,025,180216,19883,17757,215,17972,368
2020-12-09,Inyo,027,18085,427,356,1,357,15
2020-12-09,Kern,029,883053,51513,46379,2855,49234,494
2020-12-09,Kings,031,150075,13694,12716,346,13062,92
2020-12-09,Lake,033,64148,1362,1158,0,1158,20
2020-12-09,Lassen,035,31185,3347,2331,16,2347,0
2020-12-09,Los Angeles,037,10098052,527067,467971,11083,479054,8075
2020-12-09,Madera,039,155013,8266,7216,254,7470,59
2020-12-09,Marin,041,260295,8540,8182,48,8230,138
2020-12-09,Mariposa,043,17540,184,154,2,156,3
2020-12-09,Mendocino,045,87422,1934,1703,16,1719,24
2020-12-09,Merced,047,269075,14984,13588,206,13794,183
2020-12-09,Modoc,049,8938,181,146,43,189,0
2020-12-09,Mono,051,14174,707,601,10,611,3
2020-12-09,Monterey,053,433212,20670,17891,414,18305,143
2020-12-09,Napa,055,140530,4453,3858,20,3878,21
2020-12-09,Nevada,057,99092,2151,1864,59,1923,10
2020-12-09,Orange,059,3164182,109678,93763,3686,97449,1629
2020-12-09,Placer,061,380077,10571,8588,298,8886,85
2020-12-09,Plumas,063,18699,346,271,9,280,0
2020-12-09,Riverside,065,2383286,125880,110376,4142,114518,1543
2020-12-09,Sacramento,067,1510023,50605,45284,271,45555,659
2020-12-09,San Benito,069,59416,2499,2217,17,2234,19
2020-12-09,San Bernardino,071,2135413,138298,114516,3289,117805,1305
2020-12-09,San Diego,073,3302833,110779,97551,4645,102196,1103
2020-12-09,San Francisco,075,870044,18984,17628,157,17785,163
2020-12-09,San Joaquin,077,732212,34817,30539,891,31430,531
2020-12-09,San Luis Obispo,079,281455,7993,7105,155,7260,47
2020-12-09,San Mateo,081,765935,19148,16422,22,16444,175
2020-12-09,Santa Barbara,083,443738,14126,12630,289,12919,142
2020-12-09,Santa Clara,085,1922200,50414,42912,151,43063,489
2020-12-09,Santa Cruz,087,273765,6479,5527,114,5641,47
2020-12-09,Shasta,089,179085,6996,6105,410,6515,52
2020-12-09,Sierra,091,2930,23,18,0,18,0
2020-12-09,Siskiyou,093,43540,856,713,65,778,2
2020-12-09,Solano,095,438530,13754,11862,125,11987,90
2020-12-09,Sonoma,097,501317,15348,13994,91,14085,164
2020-12-09,Stanislaus,099,539301,27629,25157,2136,27293,463
2020-12-09,Sutter,101,95872,5012,4418,22,4440,24
2020-12-09,Tehama,103,63373,2366,2102,139,2241,9
2020-12-09,Trinity,105,12862,293,199,28,227,0
2020-12-09,Tulare,107,460477,26632,24124,2486,26610,334
2020-12-09,Tuolumne,109,53932,1692,1319,7,1326,8
2020-12-09,Ventura,111,848112,27500,23830,948,24778,201
2020-12-09,Yolo,113,214977,6564,5760,29,5789,95
2020-12-09,Yuba,115,75493,2849,2513,23,2536,10
2020-12-08,Alameda,001,1643700,38537,34373,569,34942,469
2020-12-08,Alpine,003,1148,65,53,0,53,0
2020-12-08,Amador,005,37829,1361,1043,8,1051,17
2020-12-08,Butte,007,227075,5385,4651,417,5068,70
2020-12-08,Calaveras,009,45235,724,657,0,657,21
2020-12-08,Colusa,011,21464,1004,875,26,901,6
2020-12-08,Contra Costa,013,1133247,30396,27926,264,28190,270
2020-12-08,Del Norte,015,27424,536,465,0,465,2
2020-12-08,El Dorado,017,186661,4214,3296,77,3373,8
2020-12-08,Fresno,019,978130,51666,41574,2460,44034,529
2020-12-08,Glenn,021,27897,1208,1094,110,1204,8
2020-12-08,Humboldt,023,135768,1280,1059,4,1063,10
2020-12-08,Imperial,025,180216,19367,17568,206,17774,363
2020-12-08,Inyo,027,18085,404,333,1,334,15
2020-12-08,Kern,029,883053,50223,45116,2696,47812,487
2020-12-08,Kings,031,150075,13541,12623,336,12959,90
2020-12-08,Lake,033,64148,1321,1127,0,1127,20
2020-12-08,Lassen,035,31185,3191,2165,16,2181,0
2020-12-08,Los Angeles,037,10098052,514413,459738,10581,470319,8004
2020-12-08,Madera,039,155013,8135,7082,240,7322,59
2020-12-08,Marin,041,260295,8460,8099,47,8146,137
2020-12-08,Mariposa,043,17540,180,150,2,152,2
2020-12-08,Mendocino,045,87422,1892,1666,16,1682,23
2020-12-08,Merced,047,269075,14675,13380,205,13585,181
2020-12-08,Modoc,049,8938,173,138,40,178,0
2020-12-08,Mono,051,14174,693,597,10,607,3
2020-12-08,Monterey,053,433212,20103,17752,407,18159,134
2020-12-08,Napa,055,140530,4365,3778,19,3797,22
2020-12-08,Nevada,057,99092,2097,1809,56,1865,11
2020-12-08,Orange,059,3164182,106469,91406,3512,94918,1629
2020-12-08,Placer,061,380077,10304,8224,292,8516,82
2020-12-08,Plumas,063,18699,336,258,9,267,0
2020-12-08,Riverside,065,2383286,122533,107620,3954,111574,1514
2020-12-08,Sacramento,067,1510023,49544,44635,253,44888,649
2020-12-08,San Benito,069,59416,2446,2180,17,2197,18
2020-12-08,San Bernardino,071,2135413,133957,110676,3158,113834,1301
2020-12-08,San Diego,073,3302833,107410,95447,4488,99935,1088
2020-12-08,San Francisco,075,870044,18675,17384,153,17537,162
2020-12-08,San Joaquin,077,732212,33925,30225,858,31083,530
2020-12-08,San Luis Obispo,079,281455,7864,6903,144,7047,45
2020-12-08,San Mateo,081,765935,18748,16305,22,16327,175
2020-12-08,Santa Barbara,083,443738,13942,12516,279,12795,141
2020-12-08,Santa Clara,085,1922200,49106,41309,140,41449,484
2020-12-08,Santa Cruz,087,273765,6303,5374,111,5485,45
2020-12-08,Shasta,089,179085,6887,5946,402,6348,50
2020-12-08,Sierra,091,2930,22,18,0,18,0
2020-12-08,Siskiyou,093,43540,842,704,63,767,2
2020-12-08,Solano,095,438530,13351,11669,123,11792,89
2020-12-08,Sonoma,097,501317,15089,13601,90,13691,164
2020-12-08,Stanislaus,099,539301,27142,24793,2071,26864,461
2020-12-08,Sutter,101,95872,4916,4342,21,4363,24
2020-12-08,Tehama,103,63373,2286,2057,131,2188,9
2020-12-08,Trinity,105,12862,286,198,27,225,0
2020-12-08,Tulare,107,460477,26031,23607,2420,26027,330
2020-12-08,Tuolumne,109,53932,1668,1264,7,1271,7
2020-12-08,Ventura,111,848112,26839,23665,904,24569,195
2020-12-08,Yolo,113,214977,6432,5560,29,5589,90
2020-12-08,Yuba,115,75493,2772,2477,23,2500,10
2020-12-07,Alameda,001,1643700,37674,33887,533,34420,466
2020-12-07,Alpine,003,1148,64,53,0,53,0
2020-12-07,Amador,005,37829,1286,993,7,1000,17
2020-12-07,Butte,007,227075,5249,4604,394,4998,67
2020-12-07,Calaveras,009,45235,692,606,0,606,21
2020-12-07,Colusa,011,21464,979,825,24,849,6
2020-12-07,Contra Costa,013,1133247,29782,27307,251,27558,270
2020-12-07,Del Norte,015,27424,524,424,0,424,2
2020-12-07,El Dorado,017,186661,4034,3275,70,3345,8
2020-12-07,Fresno,019,978130,50199,41098,2333,43431,526
2020-12-07,Glenn,021,27897,1189,1085,104,1189,8
2020-12-07,Humboldt,023,135768,1245,1023,4,1027,9
2020-12-07,Imperial,025,180216,18945,17234,194,17428,364
2020-12-07,Inyo,027,18085,389,333,1,334,15
2020-12-07,Kern,029,883053,49203,44409,2551,46960,486
2020-12-07,Kings,031,150075,13401,12412,323,12735,90
2020-12-07,Lake,033,64148,1292,1090,0,1090,20
2020-12-07,Lassen,035,31185,3094,2167,16,2183,0
2020-12-07,Los Angeles,037,10098052,500779,451052,10115,461167,7937
2020-12-07,Madera,039,155013,7870,6935,234,7169,59
2020-12-07,Marin,041,260295,8402,8049,46,8095,136
2020-12-07,Mariposa,043,17540,177,146,2,148,2
2020-12-07,Mendocino,045,87422,1857,1638,14,1652,23
2020-12-07,Merced,047,269075,14315,13250,195,13445,179
2020-12-07,Modoc,049,8938,166,128,37,165,0
2020-12-07,Mono,051,14174,680,590,10,600,3
2020-12-07,Monterey,053,433212,19622,17746,395,18141,132
2020-12-07,Napa,055,140530,4274,3684,19,3703,21
2020-12-07,Nevada,057,99092,2048,1777,55,1832,11
2020-12-07,Orange,059,3164182,103210,89793,3394,93187,1628
2020-12-07,Placer,061,380077,9977,7911,278,8189,82
2020-12-07,Plumas,063,18699,325,256,5,261,0
2020-12-07,Riverside,065,2383286,119345,102363,3761,106124,1491
2020-12-07,Sacramento,067,1510023,48448,43419,235,43654,638
2020-12-07,San Benito,069,59416,2395,2165,16,2181,18
2020-12-07,San Bernardino,071,2135413,130020,108161,3029,111190,1295
2020-12-07,San Diego,073,3302833,104622,94171,4307,98478,1062
2020-12-07,San Francisco,075,870044,18384,17220,145,17365,161
2020-12-07,San Joaquin,077,732212,33051,28188,831,29019,530
2020-12-07,San Luis Obispo,079,281455,7682,6782,137,6919,45
2020-12-07,San Mateo,081,765935,18307,16029,21,16050,175
2020-12-07,Santa Barbara,083,443738,13700,12362,268,12630,141
2020-12-07,Santa Clara,085,1922200,47722,40621,130,40751,484
2020-12-07,Santa Cruz,087,273765,6137,5152,104,5256,41
2020-12-07,Shasta,089,179085,6763,5742,387,6129,50
2020-12-07,Sierra,091,2930,20,18,0,18,0
2020-12-07,Siskiyou,093,43540,816,652,62,714,2
2020-12-07,Solano,095,438530,13010,11354,119,11473,89
2020-12-07,Sonoma,097,501317,14804,13376,90,13466,164
2020-12-07,Stanislaus,099,539301,26585,24479,2017,26496,454
2020-12-07,Sutter,101,95872,4775,4106,21,4127,24
2020-12-07,Tehama,103,63373,2233,2030,125,2155,9
2020-12-07,Trinity,105,12862,283,194,27,221,0
2020-12-07,Tulare,107,460477,25503,22760,2358,25118,328
2020-12-07,Tuolumne,109,53932,1582,1256,6,1262,7
2020-12-07,Ventura,111,848112,26254,23354,867,24221,191
2020-12-07,Yolo,113,214977,6268,5537,28,5565,90
2020-12-07,Yuba,115,75493,2704,2428,21,2449,10
2020-12-06,Alameda,001,1643700,36699,33477,510,33987,465
2020-12-06,Alpine,003,1148,60,53,0,53,0
2020-12-06,Amador,005,37829,1223,952,6,958,17
2020-12-06,Butte,007,227075,5099,4527,358,4885,67
2020-12-06,Calaveras,009,45235,673,606,0,606,21
2020-12-06,Colusa,011,21464,962,824,21,845,6
2020-12-06,Contra Costa,013,1133247,29176,26566,243,26809,270
2020-12-06,Del Norte,015,27424,487,414,0,414,2
2020-12-06,El Dorado,017,186661,3897,3086,65,3151,8
2020-12-06,Fresno,019,978130,49252,40869,2214,43083,526
2020-12-06,Glenn,021,27897,1179,1067,100,1167,8
2020-12-06,Humboldt,023,135768,1220,1004,4,1008,9
2020-12-06,Imperial,025,180216,18635,16922,184,17106,364
2020-12-06,Inyo,027,18085,376,333,1,334,15
2020-12-06,Kern,029,883053,48219,43899,2373,46272,486
2020-12-06,Kings,031,150075,13132,12056,305,12361,90
2020-12-06,Lake,033,64148,1253,1075,0,1075,20
2020-12-06,Lassen,035,31185,2990,2168,14,2182,0
2020-12-06,Los Angeles,037,10098052,487227,443230,9642,452872,7910
2020-12-06,Madera,039,155013,7699,6826,226,7052,59
2020-12-06,Marin,041,260295,8322,8013,44,8057,136
2020-12-06,Mariposa,043,17540,176,144,2,146,2
2020-12-06,Mendocino,045,87422,1816,1614,14,1628,23
2020-12-06,Merced,047,269075,13980,12928,186,13114,179
2020-12-06,Modoc,049,8938,153,125,29,154,0
2020-12-06,Mono,051,14174,658,586,8,594,3
2020-12-06,Monterey,053,433212,19004,17426,385,17811,130
2020-12-06,Napa,055,140530,4162,3644,19,3663,21
2020-12-06,Nevada,057,99092,1989,1710,52,1762,10
2020-12-06,Orange,059,3164182,100151,87737,3259,90996,1627
2020-12-06,Placer,061,380077,9698,7837,256,8093,82
2020-12-06,Plumas,063,18699,312,254,4,258,0
2020-12-06,Riverside,065,2383286,116269,100088,3526,103614,1482
2020-12-06,Sacramento,067,1510023,47207,42808,221,43029,638
2020-12-06,San Benito,069,59416,2358,2135,16,2151,18
2020-12-06,San Bernardino,071,2135413,125888,106927,2865,109792,1286
2020-12-06,San Diego,073,3302833,101592,92173,4153,96326,1062
2020-12-06,San Francisco,075,870044,18062,17107,137,17244,161
2020-12-06,San Joaquin,077,732212,32218,28188,802,28990,530
2020-12-06,San Luis Obispo,079,281455,7516,6723,133,6856,45
2020-12-06,San Mateo,081,765935,17802,15855,18,15873,175
2020-12-06,Santa Barbara,083,443738,13470,12252,260,12512,141
2020-12-06,Santa Clara,085,1922200,46348,39112,124,39236,482
2020-12-06,Santa Cruz,087,273765,5964,5069,98,5167,40
2020-12-06,Shasta,089,179085,6622,5743,365,6108,49
2020-12-06,Sierra,091,2930,20,17,0,17,0
2020-12-06,Siskiyou,093,43540,798,652,60,712,2
2020-12-06,Solano,095,438530,12721,11354,109,11463,88
2020-12-06,Sonoma,097,501317,14515,13238,89,13327,164
2020-12-06,Stanislaus,099,539301,26032,24036,1952,25988,454
2020-12-06,Sutter,101,95872,4660,4009,20,4029,21
2020-12-06,Tehama,103,63373,2175,1982,115,2097,9
2020-12-06,Trinity,105,12862,276,181,25,206,0
2020-12-06,Tulare,107,460477,24982,22756,2286,25042,327
2020-12-06,Tuolumne,109,53932,1479,1210,6,1216,7
2020-12-06,Ventura,111,848112,25711,23035,840,23875,191
2020-12-06,Yolo,113,214977,6108,5465,23,5488,90
2020-12-06,Yuba,115,75493,2660,2340,20,2360,10
2020-12-05,Alameda,001,1643700,36341,32781,499,33280,465
2020-12-05,Alpine,003,1148,59,53,0,53,0
2020-12-05,Amador,005,37829,1199,847,6,853,17
2020-12-05,Butte,007,227075,5030,4455,339,4794,66
2020-12-05,Calaveras,009,45235,662,606,0,606,21
2020-12-05,Colusa,011,21464,945,825,18,843,6
2020-12-05,Contra Costa,013,1133247,28883,26217,236,26453,270
2020-12-05,Del Norte,015,27424,481,408,0,408,2
2020-12-05,El Dorado,017,186661,3832,3061,60,3121,8
2020-12-05,Fresno,019,978130,48932,40568,2158,42726,525
2020-12-05,Glenn,021,27897,1166,1056,94,1150,8
2020-12-05,Humboldt,023,135768,1187,979,4,983,9
2020-12-05,Imperial,025,180216,18470,16544,182,16726,362
2020-12-05,Inyo,027,18085,371,332,1,333,15
2020-12-05,Kern,029,883053,47760,43332,2282,45614,484
2020-12-05,Kings,031,150075,13053,11898,302,12200,90
2020-12-05,Lake,033,64148,1228,1069,0,1069,20
2020-12-05,Lassen,035,31185,2799,2168,12,2180,0
2020-12-05,Los Angeles,037,10098052,481452,433120,9301,442421,7888
2020-12-05,Madera,039,155013,7607,6619,219,6838,59
2020-12-05,Marin,041,260295,8295,7961,44,8005,136
2020-12-05,Mariposa,043,17540,171,143,2,145,2
2020-12-05,Mendocino,045,87422,1777,1585,14,1599,23
2020-12-05,Merced,047,269075,13873,12747,175,12922,180
2020-12-05,Modoc,049,8938,153,118,28,146,0
2020-12-05,Mono,051,14174,653,554,8,562,3
2020-12-05,Monterey,053,433212,18858,17077,381,17458,127
2020-12-05,Napa,055,140530,4092,3565,19,3584,21
2020-12-05,Nevada,057,99092,1975,1642,50,1692,10
2020-12-05,Orange,059,3164182,98694,85735,3163,88898,1612
2020-12-05,Placer,061,380077,9579,7811,247,8058,78
2020-12-05,Plumas,063,18699,305,246,1,247,0
2020-12-05,Riverside,065,2383286,114669,98612,3337,101949,1477
2020-12-05,Sacramento,067,1510023,46539,41878,206,42084,625
2020-12-05,San Benito,069,59416,2314,2073,16,2089,18
2020-12-05,San Bernardino,071,2135413,124372,105382,2728,108110,1283
2020-12-05,San Diego,073,3302833,100243,90470,4072,94542,1055
2020-12-05,San Francisco,075,870044,17878,16786,133,16919,161
2020-12-05,San Joaquin,077,732212,31955,28105,767,28872,523
2020-12-05,San Luis Obispo,079,281455,7449,6623,130,6753,44
2020-12-05,San Mateo,081,765935,17544,15512,18,15530,175
2020-12-05,Santa Barbara,083,443738,13370,12107,254,12361,141
2020-12-05,Santa Clara,085,1922200,45613,38339,119,38458,474
2020-12-05,Santa Cruz,087,273765,5890,4997,96,5093,40
2020-12-05,Shasta,089,179085,6561,5653,354,6007,49
2020-12-05,Sierra,091,2930,20,17,0,17,0
2020-12-05,Siskiyou,093,43540,790,649,59,708,2
2020-12-05,Solano,095,438530,12552,11351,107,11458,87
2020-12-05,Sonoma,097,501317,14419,13137,89,13226,164
2020-12-05,Stanislaus,099,539301,25724,23662,1916,25578,454
2020-12-05,Sutter,101,95872,4593,3937,20,3957,20
2020-12-05,Tehama,103,63373,2159,1926,113,2039,9
2020-12-05,Trinity,105,12862,275,177,25,202,0
2020-12-05,Tulare,107,460477,24769,22660,2224,24884,324
2020-12-05,Tuolumne,109,53932,1420,1180,6,1186,7
2020-12-05,Ventura,111,848112,25343,22710,824,23534,191
2020-12-05,Yolo,113,214977,6031,5351,22,5373,90
2020-12-05,Yuba,115,75493,2623,2275,20,2295,10
2020-12-04,Alameda,001,1643700,35791,31871,486,32357,465
2020-12-04,Alpine,003,1148,59,53,0,53,0
2020-12-04,Amador,005,37829,1185,766,3,769,16
2020-12-04,Butte,007,227075,4959,4336,317,4653,65
2020-12-04,Calaveras,009,45235,657,585,0,585,21
2020-12-04,Colusa,011,21464,931,790,17,807,6
2020-12-04,Contra Costa,013,1133247,28540,25705,224,25929,264
2020-12-04,Del Norte,015,27424,470,401,0,401,2
2020-12-04,El Dorado,017,186661,3744,2933,57,2990,7
2020-12-04,Fresno,019,978130,48224,40108,2089,42197,522
2020-12-04,Glenn,021,27897,1160,1017,86,1103,8
2020-12-04,Humboldt,023,135768,1169,960,4,964,9
2020-12-04,Imperial,025,180216,18227,16484,182,16666,362
2020-12-04,Inyo,027,18085,363,324,1,325,15
2020-12-04,Kern,029,883053,47211,42497,2176,44673,485
2020-12-04,Kings,031,150075,12960,11767,296,12063,88
2020-12-04,Lake,033,64148,1200,1018,0,1018,20
2020-12-04,Lassen,035,31185,2792,2167,10,2177,0
2020-12-04,Los Angeles,037,10098052,472856,424164,8988,433152,7845
2020-12-04,Madera,039,155013,7516,6479,216,6695,58
2020-12-04,Marin,041,260295,8244,7896,42,7938,136
2020-12-04,Mariposa,043,17540,171,136,2,138,2
2020-12-04,Mendocino,045,87422,1758,1563,13,1576,23
2020-12-04,Merced,047,269075,13758,12474,167,12641,177
2020-12-04,Modoc,049,8938,153,115,28,143,0
2020-12-04,Mono,051,14174,648,549,8,557,3
2020-12-04,Monterey,053,433212,18653,16737,372,17109,127
2020-12-04,Napa,055,140530,4039,3432,19,3451,19
2020-12-04,Nevada,057,99092,1950,1560,47,1607,10
2020-12-04,Orange,059,3164182,96777,83738,3094,86832,1597
2020-12-04,Placer,061,380077,9453,7461,233,7694,76
2020-12-04,Plumas,063,18699,298,232,0,232,0
2020-12-04,Riverside,065,2383286,112477,95255,3174,98429,1475
2020-12-04,Sacramento,067,1510023,45774,41061,189,41250,618
2020-12-04,San Benito,069,59416,2283,2006,16,2022,17
2020-12-04,San Bernardino,071,2135413,122102,102418,2617,105035,1290
2020-12-04,San Diego,073,3302833,98761,88183,3985,92168,1047
2020-12-04,San Francisco,075,870044,17689,16499,132,16631,161
2020-12-04,San Joaquin,077,732212,31519,27806,729,28535,522
2020-12-04,San Luis Obispo,079,281455,7364,6473,127,6600,42
2020-12-04,San Mateo,081,765935,17256,15112,17,15129,173
2020-12-04,Santa Barbara,083,443738,13264,11947,246,12193,141
2020-12-04,Santa Clara,085,1922200,44695,37465,113,37578,468
2020-12-04,Santa Cruz,087,273765,5804,4985,94,5079,32
2020-12-04,Shasta,089,179085,6473,5439,344,5783,49
2020-12-04,Sierra,091,2930,19,17,0,17,0
2020-12-04,Siskiyou,093,43540,783,639,56,695,2
2020-12-04,Solano,095,438530,12406,11037,104,11141,87
2020-12-04,Sonoma,097,501317,14271,12962,88,13050,164
2020-12-04,Stanislaus,099,539301,25456,23206,1870,25076,448
2020-12-04,Sutter,101,95872,4519,3791,15,3806,20
2020-12-04,Tehama,103,63373,2120,1876,107,1983,9
2020-12-04,Trinity,105,12862,273,172,25,197,0
2020-12-04,Tulare,107,460477,24487,22273,2149,24422,322
2020-12-04,Tuolumne,109,53932,1389,1134,6,1140,7
2020-12-04,Ventura,111,848112,24967,22024,806,22830,189
2020-12-04,Yolo,113,214977,5957,5294,21,5315,87
2020-12-04,Yuba,115,75493,2580,2225,19,2244,10
2020-12-03,Alameda,001,1643700,35032,31184,467,31651,465
2020-12-03,Alpine,003,1148,58,53,0,53,0
2020-12-03,Amador,005,37829,1134,653,3,656,16
2020-12-03,Butte,007,227075,4865,4305,296,4601,65
2020-12-03,Calaveras,009,45235,638,572,0,572,21
2020-12-03,Colusa,011,21464,918,774,17,791,6
2020-12-03,Contra Costa,013,1133247,28041,25464,216,25680,265
2020-12-03,Del Norte,015,27424,466,388,0,388,2
2020-12-03,El Dorado,017,186661,3618,2740,55,2795,6
2020-12-03,Fresno,019,978130,47476,39680,2014,41694,516
2020-12-03,Glenn,021,27897,1143,997,77,1074,8
2020-12-03,Humboldt,023,135768,1139,923,4,927,9
2020-12-03,Imperial,025,180216,18022,16436,171,16607,359
2020-12-03,Inyo,027,18085,360,321,1,322,15
2020-12-03,Kern,029,883053,46368,42062,2071,44133,483
2020-12-03,Kings,031,150075,12860,11658,284,11942,87
2020-12-03,Lake,033,64148,1185,991,0,991,20
2020-12-03,Lassen,035,31185,2752,2128,9,2137,0
2020-12-03,Los Angeles,037,10098052,462781,415805,8606,424411,7787
2020-12-03,Madera,039,155013,7393,6398,212,6610,58
2020-12-03,Marin,041,260295,8184,7861,38,7899,136
2020-12-03,Mariposa,043,17540,167,132,2,134,2
2020-12-03,Mendocino,045,87422,1742,1547,9,1556,23
2020-12-03,Merced,047,269075,13513,12310,159,12469,177
2020-12-03,Modoc,049,8938,151,114,28,142,0
2020-12-03,Mono,051,14174,626,527,8,535,3
2020-12-03,Monterey,053,433212,18191,16218,361,16579,125
2020-12-03,Napa,055,140530,3926,3360,19,3379,19
2020-12-03,Nevada,057,99092,1873,1472,46,1518,10
2020-12-03,Orange,059,3164182,94250,82187,3020,85207,1591
2020-12-03,Placer,061,380077,9253,7270,217,7487,73
2020-12-03,Plumas,063,18699,284,223,0,223,0
2020-12-03,Riverside,065,2383286,109730,92489,3000,95489,1461
2020-12-03,Sacramento,067,1510023,44719,40280,176,40456,614
2020-12-03,San Benito,069,59416,2237,1967,16,1983,16
2020-12-03,San Bernardino,071,2135413,118784,100787,2528,103315,1283
2020-12-03,San Diego,073,3302833,96953,86144,3867,90011,1040
2020-12-03,San Francisco,075,870044,17467,16236,131,16367,161
2020-12-03,San Joaquin,077,732212,30798,27239,681,27920,522
2020-12-03,San Luis Obispo,079,281455,7196,6388,126,6514,42
2020-12-03,San Mateo,081,765935,16905,14909,16,14925,173
2020-12-03,Santa Barbara,083,443738,13136,11829,240,12069,141
2020-12-03,Santa Clara,085,1922200,43499,36621,107,36728,465
2020-12-03,Santa Cruz,087,273765,5661,4850,90,4940,28
2020-12-03,Shasta,089,179085,6364,5330,337,5667,48
2020-12-03,Sierra,091,2930,19,17,0,17,0
2020-12-03,Siskiyou,093,43540,768,629,53,682,2
2020-12-03,Solano,095,438530,12195,10857,101,10958,87
2020-12-03,Sonoma,097,501317,14028,12772,87,12859,164
2020-12-03,Stanislaus,099,539301,25051,22821,1817,24638,447
2020-12-03,Sutter,101,95872,4436,3727,14,3741,20
2020-12-03,Tehama,103,63373,2068,1832,97,1929,9
2020-12-03,Trinity,105,12862,271,166,25,191,0
2020-12-03,Tulare,107,460477,24090,21993,2053,24046,321
2020-12-03,Tuolumne,109,53932,1348,1105,6,1111,7
2020-12-03,Ventura,111,848112,24264,21555,791,22346,187
2020-12-03,Yolo,113,214977,5819,5069,21,5090,87
2020-12-03,Yuba,115,75493,2511,2182,17,2199,10
2020-12-02,Alameda,001,1643700,34409,30697,455,31152,463
2020-12-02,Alpine,003,1148,57,52,0,52,0
2020-12-02,Amador,005,37829,1062,585,3,588,16
2020-12-02,Butte,007,227075,4743,4243,286,4529,65
2020-12-02,Calaveras,009,45235,622,553,0,553,21
2020-12-02,Colusa,011,21464,902,756,16,772,6
2020-12-02,Contra Costa,013,1133247,27582,25147,203,25350,264
2020-12-02,Del Norte,015,27424,452,384,0,384,2
2020-12-02,El Dorado,017,186661,3518,2638,49,2687,5
2020-12-02,Fresno,019,978130,46730,39324,1904,41228,507
2020-12-02,Glenn,021,27897,1126,995,69,1064,7
2020-12-02,Humboldt,023,135768,1113,899,4,903,9
2020-12-02,Imperial,025,180216,17597,16360,162,16522,356
2020-12-02,Inyo,027,18085,353,314,1,315,15
2020-12-02,Kern,029,883053,45478,41660,1966,43626,479
2020-12-02,Kings,031,150075,12507,11531,270,11801,86
2020-12-02,Lake,033,64148,1156,971,0,971,20
2020-12-02,Lassen,035,31185,2693,2115,9,2124,0
2020-12-02,Los Angeles,037,10098052,452754,408289,8248,416537,7739
2020-12-02,Madera,039,155013,7270,6370,204,6574,57
2020-12-02,Marin,041,260295,8137,7819,36,7855,136
2020-12-02,Mariposa,043,17540,164,131,2,133,2
2020-12-02,Mendocino,045,87422,1709,1524,9,1533,23
2020-12-02,Merced,047,269075,13271,12168,152,12320,173
2020-12-02,Modoc,049,8938,148,113,28,141,0
2020-12-02,Mono,051,14174,617,520,8,528,3
2020-12-02,Monterey,053,433212,17714,16064,322,16386,121
2020-12-02,Napa,055,140530,3823,3298,18,3316,19
2020-12-02,Nevada,057,99092,1811,1430,45,1475,9
2020-12-02,Orange,059,3164182,92057,81046,2939,83985,1569
2020-12-02,Placer,061,380077,9021,6941,202,7143,73
2020-12-02,Plumas,063,18699,271,218,0,218,0
2020-12-02,Riverside,065,2383286,107015,90089,2812,92901,1451
2020-12-02,Sacramento,067,1510023,43686,39334,165,39499,597
2020-12-02,San Benito,069,59416,2172,1921,16,1937,16
2020-12-02,San Bernardino,071,2135413,115230,98567,2410,100977,1240
2020-12-02,San Diego,073,3302833,95039,84640,3753,88393,1035
2020-12-02,San Francisco,075,870044,17229,16058,129,16187,157
2020-12-02,San Joaquin,077,732212,30177,26740,656,27396,519
2020-12-02,San Luis Obispo,079,281455,7098,6324,123,6447,42
2020-12-02,San Mateo,081,765935,16542,14757,15,14772,170
2020-12-02,Santa Barbara,083,443738,12984,11705,228,11933,140
2020-12-02,Santa Clara,085,1922200,42384,35878,106,35984,458
2020-12-02,Santa Cruz,087,273765,5529,4766,87,4853,27
2020-12-02,Shasta,089,179085,6240,5188,320,5508,47
2020-12-02,Sierra,091,2930,19,17,0,17,0
2020-12-02,Siskiyou,093,43540,752,624,51,675,1
2020-12-02,Solano,095,438530,11950,10701,96,10797,87
2020-12-02,Sonoma,097,501317,13788,12635,86,12721,163
2020-12-02,Stanislaus,099,539301,24556,22615,1757,24372,448
2020-12-02,Sutter,101,95872,4275,3604,14,3618,18
2020-12-02,Tehama,103,63373,2025,1800,82,1882,9
2020-12-02,Trinity,105,12862,264,165,25,190,0
2020-12-02,Tulare,107,460477,23714,21789,1967,23756,321
2020-12-02,Tuolumne,109,53932,1307,1076,6,1082,7
2020-12-02,Ventura,111,848112,23854,21208,774,21982,186
2020-12-02,Yolo,113,214977,5708,5053,20,5073,87
2020-12-02,Yuba,115,75493,2434,2119,16,2135,10
2020-12-01,Alameda,001,1643700,33723,30252,443,30695,460
2020-12-01,Alpine,003,1148,57,41,0,41,0
2020-12-01,Amador,005,37829,915,575,2,577,16
2020-12-01,Butte,007,227075,4639,4177,270,4447,65
2020-12-01,Calaveras,009,45235,604,544,0,544,21
2020-12-01,Colusa,011,21464,885,747,16,763,6
2020-12-01,Contra Costa,013,1133247,27009,24788,195,24983,264
2020-12-01,Del Norte,015,27424,424,357,0,357,2
2020-12-01,El Dorado,017,186661,3373,2542,44,2586,4
2020-12-01,Fresno,019,978130,45832,39004,1820,40824,505
2020-12-01,Glenn,021,27897,1105,989,65,1054,7
2020-12-01,Humboldt,023,135768,1082,886,4,890,9
2020-12-01,Imperial,025,180216,17284,16278,159,16437,356
2020-12-01,Inyo,027,18085,346,304,1,305,15
2020-12-01,Kern,029,883053,44678,41345,1831,43176,478
2020-12-01,Kings,031,150075,12194,11415,254,11669,86
2020-12-01,Lake,033,64148,1138,969,0,969,19
2020-12-01,Lassen,035,31185,2527,2047,8,2055,0
2020-12-01,Los Angeles,037,10098052,442414,403266,7906,411172,7704
2020-12-01,Madera,039,155013,7153,6270,195,6465,57
2020-12-01,Marin,041,260295,8067,7787,35,7822,136
2020-12-01,Mariposa,043,17540,159,128,2,130,2
2020-12-01,Mendocino,045,87422,1675,1497,9,1506,23
2020-12-01,Merced,047,269075,13028,12032,143,12175,172
2020-12-01,Modoc,049,8938,143,113,24,137,0
2020-12-01,Mono,051,14174,604,520,8,528,3
2020-12-01,Monterey,053,433212,17207,15835,312,16147,121
2020-12-01,Napa,055,140530,3739,3124,17,3141,19
2020-12-01,Nevada,057,99092,1749,1411,44,1455,9
2020-12-01,Orange,059,3164182,89964,79468,2848,82316,1567
2020-12-01,Placer,061,380077,8697,6794,195,6989,72
2020-12-01,Plumas,063,18699,259,201,0,201,0
2020-12-01,Riverside,065,2383286,104218,88530,2643,91173,1448
2020-12-01,Sacramento,067,1510023,42638,38966,160,39126,589
2020-12-01,San Benito,069,59416,2116,1888,16,1904,15
2020-12-01,San Bernardino,071,2135413,111764,95854,2280,98134,1220
2020-12-01,San Diego,073,3302833,92782,83423,3643,87066,1019
2020-12-01,San Francisco,075,870044,16948,15797,125,15922,157
2020-12-01,San Joaquin,077,732212,29376,26432,634,27066,514
2020-12-01,San Luis Obispo,079,281455,6958,6264,118,6382,40
2020-12-01,San Mateo,081,765935,16217,14495,15,14510,170
2020-12-01,Santa Barbara,083,443738,12844,11611,218,11829,140
2020-12-01,Santa Clara,085,1922200,41128,35397,101,35498,452
2020-12-01,Santa Cruz,087,273765,5371,4638,79,4717,27
2020-12-01,Shasta,089,179085,6112,5077,299,5376,47
2020-12-01,Sierra,091,2930,19,17,0,17,0
2020-12-01,Siskiyou,093,43540,738,608,47,655,1
2020-12-01,Solano,095,438530,11692,10604,90,10694,87
2020-12-01,Sonoma,097,501317,13583,12491,83,12574,163
2020-12-01,Stanislaus,099,539301,24101,22351,1699,24050,447
2020-12-01,Sutter,101,95872,4134,3538,14,3552,17
2020-12-01,Tehama,103,63373,1964,1773,71,1844,9
2020-12-01,Trinity,105,12862,252,165,20,185,0
2020-12-01,Tulare,107,460477,23261,21645,1893,23538,319
2020-12-01,Tuolumne,109,53932,1271,1052,3,1055,7
2020-12-01,Ventura,111,848112,23241,20604,752,21356,186
2020-12-01,Yolo,113,214977,5568,4928,20,4948,86
2020-12-01,Yuba,115,75493,2368,2088,15,2103,10
2020-11-30,Alameda,001,1643700,32908,29972,425,30397,457
2020-11-30,Alpine,003,1148,55,41,0,41,0
2020-11-30,Amador,005,37829,874,559,2,561,16
2020-11-30,Butte,007,227075,4523,4148,253,4401,65
2020-11-30,Calaveras,009,45235,581,478,0,478,21
2020-11-30,Colusa,011,21464,858,737,12,749,6
2020-11-30,Contra Costa,013,1133247,26433,24365,191,24556,264
2020-11-30,Del Norte,015,27424,401,339,0,339,2
2020-11-30,El Dorado,017,186661,3199,2488,39,2527,4
2020-11-30,Fresno,019,978130,44726,38712,1700,40412,500
2020-11-30,Glenn,021,27897,1082,954,60,1014,5
2020-11-30,Humboldt,023,135768,1035,870,4,874,9
2020-11-30,Imperial,025,180216,17032,16212,134,16346,356
2020-11-30,Inyo,027,18085,341,304,1,305,15
2020-11-30,Kern,029,883053,43921,40941,1689,42630,473
2020-11-30,Kings,031,150075,12048,11346,237,11583,85
2020-11-30,Lake,033,64148,1107,939,0,939,18
2020-11-30,Lassen,035,31185,2434,1793,8,1801,0
2020-11-30,Los Angeles,037,10098052,431768,396202,7559,403761,7658
2020-11-30,Madera,039,155013,6987,6210,181,6391,57
2020-11-30,Marin,041,260295,8024,7764,34,7798,136
2020-11-30,Mariposa,043,17540,152,123,2,125,2
2020-11-30,Mendocino,045,87422,1648,1482,9,1491,23
2020-11-30,Merced,047,269075,12754,11913,132,12045,172
2020-11-30,Modoc,049,8938,133,113,24,137,0
2020-11-30,Mono,051,14174,582,519,8,527,3
2020-11-30,Monterey,053,433212,16778,15837,304,16141,119
2020-11-30,Napa,055,140530,3639,3091,17,3108,18
2020-11-30,Nevada,057,99092,1662,1347,41,1388,9
2020-11-30,Orange,059,3164182,87857,78711,2749,81460,1568
2020-11-30,Placer,061,380077,8405,6575,182,6757,72
2020-11-30,Plumas,063,18699,248,192,0,192,0
2020-11-30,Riverside,065,2383286,101230,87722,2488,90210,1446
2020-11-30,Sacramento,067,1510023,41559,37834,152,37986,586
2020-11-30,San Benito,069,59416,2069,1875,15,1890,15
2020-11-30,San Bernardino,071,2135413,108039,92704,2161,94865,1220
2020-11-30,San Diego,073,3302833,90422,82045,3516,85561,997
2020-11-30,San Francisco,075,870044,16649,15638,122,15760,157
2020-11-30,San Joaquin,077,732212,28671,25742,608,26350,509
2020-11-30,San Luis Obispo,079,281455,6823,6224,116,6340,36
2020-11-30,San Mateo,081,765935,15857,14276,15,14291,170
2020-11-30,Santa Barbara,083,443738,12666,11572,211,11783,140
2020-11-30,Santa Clara,085,1922200,39920,35019,100,35119,451
2020-11-30,Santa Cruz,087,273765,5233,4558,75,4633,26
2020-11-30,Shasta,089,179085,5971,4933,265,5198,44
2020-11-30,Sierra,091,2930,19,16,0,16,0
2020-11-30,Siskiyou,093,43540,729,605,43,648,1
2020-11-30,Solano,095,438530,11430,10392,85,10477,87
2020-11-30,Sonoma,097,501317,13339,12232,79,12311,163
2020-11-30,Stanislaus,099,539301,23642,22110,1653,23763,446
2020-11-30,Sutter,101,95872,3977,3430,13,3443,16
2020-11-30,Tehama,103,63373,1916,1724,65,1789,9
2020-11-30,Trinity,105,12862,246,162,20,182,0
2020-11-30,Tulare,107,460477,22877,20833,1796,22629,319
2020-11-30,Tuolumne,109,53932,1226,1027,3,1030,7
2020-11-30,Ventura,111,848112,22482,20308,736,21044,180
2020-11-30,Yolo,113,214977,5456,4894,20,4914,81
2020-11-30,Yuba,115,75493,2307,2028,13,2041,10
2020-11-29,Alameda,001,1643700,32123,29918,403,30321,457
2020-11-29,Alpine,003,1148,52,41,0,41,0
2020-11-29,Amador,005,37829,723,548,2,550,16
2020-11-29,Butte,007,227075,4424,4008,231,4239,65
2020-11-29,Calaveras,009,45235,549,478,0,478,21
2020-11-29,Colusa,011,21464,829,723,8,731,6
2020-11-29,Contra Costa,013,1133247,25930,24165,185,24350,264
2020-11-29,Del Norte,015,27424,395,339,0,339,2
2020-11-29,El Dorado,017,186661,3069,2447,38,2485,4
2020-11-29,Fresno,019,978130,43778,38568,1624,40192,500
2020-11-29,Glenn,021,27897,1059,951,58,1009,4
2020-11-29,Humboldt,023,135768,1006,856,4,860,9
2020-11-29,Imperial,025,180216,16805,16138,106,16244,356
2020-11-29,Inyo,027,18085,326,289,1,290,15
2020-11-29,Kern,029,883053,43164,40596,1538,42134,473
2020-11-29,Kings,031,150075,11900,11247,217,11464,85
2020-11-29,Lake,033,64148,1083,927,0,927,18
2020-11-29,Lassen,035,31185,2331,1793,8,1801,0
2020-11-29,Los Angeles,037,10098052,421397,391162,7238,398400,7642
2020-11-29,Madera,039,155013,6844,6184,175,6359,57
2020-11-29,Marin,041,260295,7958,7739,32,7771,135
2020-11-29,Mariposa,043,17540,148,123,2,125,2
2020-11-29,Mendocino,045,87422,1614,1473,9,1482,23
2020-11-29,Merced,047,269075,12515,11773,123,11896,172
2020-11-29,Modoc,049,8938,129,105,22,127,0
2020-11-29,Mono,051,14174,559,515,8,523,3
2020-11-29,Monterey,053,433212,16467,15621,297,15918,119
2020-11-29,Napa,055,140530,3534,3090,16,3106,18
2020-11-29,Nevada,057,99092,1581,1311,39,1350,9
2020-11-29,Orange,059,3164182,85839,78057,2700,80757,1567
2020-11-29,Placer,061,380077,8109,6535,168,6703,72
2020-11-29,Plumas,063,18699,243,191,0,191,0
2020-11-29,Riverside,065,2383286,98849,87383,2325,89708,1442
2020-11-29,Sacramento,067,1510023,40482,37415,144,37559,585
2020-11-29,San Benito,069,59416,2025,1860,15,1875,15
2020-11-29,San Bernardino,071,2135413,104701,92052,2036,94088,1223
2020-11-29,San Diego,073,3302833,88011,81086,3363,84449,997
2020-11-29,San Francisco,075,870044,16368,15571,115,15686,153
2020-11-29,San Joaquin,077,732212,27930,25740,602,26342,509
2020-11-29,San Luis Obispo,079,281455,6701,6145,116,6261,36
2020-11-29,San Mateo,081,765935,15523,14177,15,14192,169
2020-11-29,Santa Barbara,083,443738,12512,11520,207,11727,140
2020-11-29,Santa Clara,085,1922200,38714,34234,94,34328,451
2020-11-29,Santa Cruz,087,273765,5074,4490,73,4563,26
2020-11-29,Shasta,089,179085,5799,4935,234,5169,43
2020-11-29,Sierra,091,2930,19,16,0,16,0
2020-11-29,Siskiyou,093,43540,706,590,41,631,1
2020-11-29,Solano,095,438530,11198,10393,81,10474,87
2020-11-29,Sonoma,097,501317,13086,12052,75,12127,163
2020-11-29,Stanislaus,099,539301,23149,21701,1614,23315,446
2020-11-29,Sutter,101,95872,3860,3297,13,3310,16
2020-11-29,Tehama,103,63373,1865,1710,49,1759,9
2020-11-29,Trinity,105,12862,243,159,19,178,0
2020-11-29,Tulare,107,460477,22517,20793,1711,22504,319
2020-11-29,Tuolumne,109,53932,1190,988,3,991,7
2020-11-29,Ventura,111,848112,21798,19952,723,20675,179
2020-11-29,Yolo,113,214977,5318,4830,19,4849,80
2020-11-29,Yuba,115,75493,2251,1959,13,1972,10
2020-11-28,Alameda,001,1643700,31814,29368,398,29766,456
2020-11-28,Alpine,003,1148,52,41,0,41,0
2020-11-28,Amador,005,37829,646,536,2,538,16
2020-11-28,Butte,007,227075,4366,3894,227,4121,65
2020-11-28,Calaveras,009,45235,545,478,0,478,21
2020-11-28,Colusa,011,21464,820,711,6,717,6
2020-11-28,Contra Costa,013,1133247,25597,23798,181,23979,264
2020-11-28,Del Norte,015,27424,385,328,0,328,2
2020-11-28,El Dorado,017,186661,3001,2415,32,2447,4
2020-11-28,Fresno,019,978130,43434,38288,1583,39871,500
2020-11-28,Glenn,021,27897,1048,925,54,979,4
2020-11-28,Humboldt,023,135768,971,844,4,848,9
2020-11-28,Imperial,025,180216,16741,16019,104,16123,356
2020-11-28,Inyo,027,18085,318,289,1,290,15
2020-11-28,Kern,029,883053,42803,40255,1449,41704,473
2020-11-28,Kings,031,150075,11836,11070,208,11278,85
2020-11-28,Lake,033,64148,1068,920,0,920,18
2020-11-28,Lassen,035,31185,2264,1714,8,1722,0
2020-11-28,Los Angeles,037,10098052,416490,386194,7076,393270,7625
2020-11-28,Madera,039,155013,6742,6119,168,6287,57
2020-11-28,Marin,041,260295,7928,7696,28,7724,135
2020-11-28,Mariposa,043,17540,145,120,2,122,2
2020-11-28,Mendocino,045,87422,1583,1458,9,1467,22
2020-11-28,Merced,047,269075,12417,11688,117,11805,172
2020-11-28,Modoc,049,8938,126,103,22,125,0
2020-11-28,Mono,051,14174,553,505,8,513,3
2020-11-28,Monterey,053,433212,16301,15328,293,15621,118
2020-11-28,Napa,055,140530,3483,3033,15,3048,18
2020-11-28,Nevada,057,99092,1553,1272,37,1309,9
2020-11-28,Orange,059,3164182,84743,76882,2652,79534,1568
2020-11-28,Placer,061,380077,7950,6497,165,6662,70
2020-11-28,Plumas,063,18699,236,188,0,188,0
2020-11-28,Riverside,065,2383286,97446,86854,2218,89072,1440
2020-11-28,Sacramento,067,1510023,39903,36905,140,37045,580
2020-11-28,San Benito,069,59416,1978,1835,15,1850,15
2020-11-28,San Bernardino,071,2135413,103306,91183,1934,93117,1224
2020-11-28,San Diego,073,3302833,86758,80020,3279,83299,997
2020-11-28,San Francisco,075,870044,16191,15450,107,15557,153
2020-11-28,San Joaquin,077,732212,27734,25742,587,26329,509
2020-11-28,San Luis Obispo,079,281455,6631,6106,112,6218,36
2020-11-28,San Mateo,081,765935,15333,14040,15,14055,169
2020-11-28,Santa Barbara,083,443738,12410,11481,202,11683,140
2020-11-28,Santa Clara,085,1922200,37968,33701,92,33793,449
2020-11-28,Santa Cruz,087,273765,4997,4426,73,4499,26
2020-11-28,Shasta,089,179085,5721,4882,227,5109,43
2020-11-28,Sierra,091,2930,19,16,0,16,0
2020-11-28,Siskiyou,093,43540,696,558,38,596,1
2020-11-28,Solano,095,438530,11079,10252,79,10331,87
2020-11-28,Sonoma,097,501317,12983,12008,65,12073,162
2020-11-28,Stanislaus,099,539301,22913,21574,1577,23151,446
2020-11-28,Sutter,101,95872,3776,3244,13,3257,15
2020-11-28,Tehama,103,63373,1849,1678,45,1723,9
2020-11-28,Trinity,105,12862,241,157,17,174,0
2020-11-28,Tulare,107,460477,22328,20701,1663,22364,319
2020-11-28,Tuolumne,109,53932,1168,976,3,979,7
2020-11-28,Ventura,111,848112,21500,19510,713,20223,179
2020-11-28,Yolo,113,214977,5244,4739,17,4756,80
2020-11-28,Yuba,115,75493,2198,1912,13,1925,10
2020-11-27,Alameda,001,1643700,31376,29064,387,29451,450
2020-11-27,Alpine,003,1148,52,41,0,41,0
2020-11-27,Amador,005,37829,599,498,1,499,16
2020-11-27,Butte,007,227075,4325,3894,221,4115,65
2020-11-27,Calaveras,009,45235,536,478,0,478,21
2020-11-27,Colusa,011,21464,803,694,4,698,6
2020-11-27,Contra Costa,013,1133247,25337,23463,175,23638,264
2020-11-27,Del Norte,015,27424,379,307,0,307,2
2020-11-27,El Dorado,017,186661,2930,2238,29,2267,4
2020-11-27,Fresno,019,978130,43029,37994,1523,39517,500
2020-11-27,Glenn,021,27897,1035,891,49,940,4
2020-11-27,Humboldt,023,135768,952,795,3,798,9
2020-11-27,Imperial,025,180216,16673,15960,95,16055,356
2020-11-27,Inyo,027,18085,312,289,1,290,15
2020-11-27,Kern,029,883053,42385,39707,1373,41080,473
2020-11-27,Kings,031,150075,11750,10667,190,10857,85
2020-11-27,Lake,033,64148,1032,909,0,909,18
2020-11-27,Lassen,035,31185,2252,1714,8,1722,0
2020-11-27,Los Angeles,037,10098052,409992,382740,6909,389649,7606
2020-11-27,Madera,039,155013,6670,6050,162,6212,57
2020-11-27,Marin,041,260295,7885,7660,28,7688,135
2020-11-27,Mariposa,043,17540,143,118,2,120,2
2020-11-27,Mendocino,045,87422,1568,1387,8,1395,22
2020-11-27,Merced,047,269075,12311,11550,110,11660,172
2020-11-27,Modoc,049,8938,125,100,22,122,0
2020-11-27,Mono,051,14174,549,498,8,506,3
2020-11-27,Monterey,053,433212,16134,14753,293,15046,113
2020-11-27,Napa,055,140530,3443,2988,15,3003,18
2020-11-27,Nevada,057,99092,1523,1184,35,1219,9
2020-11-27,Orange,059,3164182,83457,75151,2612,77763,1568
2020-11-27,Placer,061,380077,7789,6283,155,6438,68
2020-11-27,Plumas,063,18699,233,188,0,188,0
2020-11-27,Riverside,065,2383286,95845,85769,2057,87826,1440
2020-11-27,Sacramento,067,1510023,39280,36579,136,36715,579
2020-11-27,San Benito,069,59416,1944,1805,14,1819,15
2020-11-27,San Bernardino,071,2135413,101797,90254,1849,92103,1224
2020-11-27,San Diego,073,3302833,85565,78161,3191,81352,996
2020-11-27,San Francisco,075,870044,16035,15377,105,15482,153
2020-11-27,San Joaquin,077,732212,27514,25741,566,26307,509
2020-11-27,San Luis Obispo,079,281455,6548,6039,109,6148,36
2020-11-27,San Mateo,081,765935,15131,13872,14,13886,169
2020-11-27,Santa Barbara,083,443738,12317,11340,199,11539,140
2020-11-27,Santa Clara,085,1922200,37293,32935,85,33020,449
2020-11-27,Santa Cruz,087,273765,4926,4358,71,4429,26
2020-11-27,Shasta,089,179085,5644,4710,214,4924,43
2020-11-27,Sierra,091,2930,18,16,0,16,0
2020-11-27,Siskiyou,093,43540,681,554,35,589,1
2020-11-27,Solano,095,438530,10960,10044,76,10120,87
2020-11-27,Sonoma,097,501317,12851,11924,63,11987,162
2020-11-27,Stanislaus,099,539301,22686,21185,1546,22731,446
2020-11-27,Sutter,101,95872,3710,3101,12,3113,15
2020-11-27,Tehama,103,63373,1821,1649,41,1690,9
2020-11-27,Trinity,105,12862,237,151,17,168,0
2020-11-27,Tulare,107,460477,22142,20634,1604,22238,319
2020-11-27,Tuolumne,109,53932,1136,881,3,884,7
2020-11-27,Ventura,111,848112,21177,19379,691,20070,179
2020-11-27,Yolo,113,214977,5195,4737,17,4754,79
2020-11-27,Yuba,115,75493,2169,1864,12,1876,10
2020-11-26,Alameda,001,1643700,30964,28797,368,29165,447
2020-11-26,Alpine,003,1148,52,41,0,41,0
2020-11-26,Amador,005,37829,591,488,1,489,16
2020-11-26,Butte,007,227075,4262,3894,215,4109,65
2020-11-26,Calaveras,009,45235,508,478,0,478,21
2020-11-26,Colusa,011,21464,789,694,4,698,6
2020-11-26,Contra Costa,013,1133247,25002,23468,169,23637,264
2020-11-26,Del Norte,015,27424,368,307,0,307,2
2020-11-26,El Dorado,017,186661,2849,2217,27,2244,4
2020-11-26,Fresno,019,978130,42627,37724,1476,39200,500
2020-11-26,Glenn,021,27897,1020,892,46,938,4
2020-11-26,Humboldt,023,135768,930,795,2,797,9
2020-11-26,Imperial,025,180216,16565,15722,90,15812,355
2020-11-26,Inyo,027,18085,311,289,1,290,15
2020-11-26,Kern,029,883053,41946,39123,1301,40424,471
2020-11-26,Kings,031,150075,11695,10475,177,10652,85
2020-11-26,Lake,033,64148,1019,890,0,890,18
2020-11-26,Lassen,035,31185,2237,1714,8,1722,0
2020-11-26,Los Angeles,037,10098052,404855,378340,6659,384999,7581
2020-11-26,Madera,039,155013,6595,6003,156,6159,57
2020-11-26,Marin,041,260295,7848,7610,28,7638,135
2020-11-26,Mariposa,043,17540,138,116,2,118,2
2020-11-26,Mendocino,045,87422,1554,1387,6,1393,22
2020-11-26,Merced,047,269075,12163,11440,108,11548,172
2020-11-26,Modoc,049,8938,123,100,22,122,0
2020-11-26,Mono,051,14174,541,485,8,493,2
2020-11-26,Monterey,053,433212,15898,14750,285,15035,113
2020-11-26,Napa,055,140530,3379,2988,15,3003,18
2020-11-26,Nevada,057,99092,1477,1184,35,1219,9
2020-11-26,Orange,059,3164182,82076,74264,2545,76809,1563
2020-11-26,Placer,061,380077,7625,6278,146,6424,68
2020-11-26,Plumas,063,18699,225,188,0,188,0
2020-11-26,Riverside,065,2383286,94256,85774,1924,87698,1440
2020-11-26,Sacramento,067,1510023,38638,35854,128,35982,580
2020-11-26,San Benito,069,59416,1917,1769,14,1783,15
2020-11-26,San Bernardino,071,2135413,100153,89727,1754,91481,1223
2020-11-26,San Diego,073,3302833,83955,76359,3087,79446,996
2020-11-26,San Francisco,075,870044,15898,15156,102,15258,153
2020-11-26,San Joaquin,077,732212,27261,25738,552,26290,509
2020-11-26,San Luis Obispo,079,281455,6455,5964,106,6070,36
2020-11-26,San Mateo,081,765935,14943,13715,12,13727,169
2020-11-26,Santa Barbara,083,443738,12236,11277,198,11475,139
2020-11-26,Santa Clara,085,1922200,36651,32411,76,32487,446
2020-11-26,Santa Cruz,087,273765,4795,4269,65,4334,26
2020-11-26,Shasta,089,179085,5563,4712,202,4914,43
2020-11-26,Sierra,091,2930,18,15,0,15,0
2020-11-26,Siskiyou,093,43540,671,526,34,560,1
2020-11-26,Solano,095,438530,10817,9941,74,10015,87
2020-11-26,Sonoma,097,501317,12703,11922,61,11983,162
2020-11-26,Stanislaus,099,539301,22457,21186,1503,22689,445
2020-11-26,Sutter,101,95872,3616,3101,11,3112,15
2020-11-26,Tehama,103,63373,1780,1612,37,1649,9
2020-11-26,Trinity,105,12862,233,139,17,156,0
2020-11-26,Tulare,107,460477,21908,20649,1535,22184,319
2020-11-26,Tuolumne,109,53932,1108,871,3,874,7
2020-11-26,Ventura,111,848112,20681,19058,676,19734,179
2020-11-26,Yolo,113,214977,5108,4566,17,4583,76
2020-11-26,Yuba,115,75493,2111,1865,10,1875,10
2020-11-25,Alameda,001,1643700,30748,28378,360,28738,447
2020-11-25,Alpine,003,1148,52,41,0,41,0
2020-11-25,Amador,005,37829,581,484,1,485,16
2020-11-25,Butte,007,227075,4232,3848,212,4060,64
2020-11-25,Calaveras,009,45235,505,475,0,475,21
2020-11-25,Colusa,011,21464,772,693,4,697,6
2020-11-25,Contra Costa,013,1133247,24847,23307,168,23475,263
2020-11-25,Del Norte,015,27424,367,304,0,304,2
2020-11-25,El Dorado,017,186661,2813,2154,27,2181,4
2020-11-25,Fresno,019,978130,42395,37349,1454,38803,494
2020-11-25,Glenn,021,27897,1003,891,44,935,4
2020-11-25,Humboldt,023,135768,922,777,2,779,9
2020-11-25,Imperial,025,180216,16495,15640,88,15728,355
2020-11-25,Inyo,027,18085,309,289,1,290,15
2020-11-25,Kern,029,883053,41790,38878,1282,40160,467
2020-11-25,Kings,031,150075,11660,10417,173,10590,85
2020-11-25,Lake,033,64148,1002,878,0,878,18
2020-11-25,Lassen,035,31185,2194,1701,8,1709,0
2020-11-25,Los Angeles,037,10098052,401834,373919,6548,380467,7545
2020-11-25,Madera,039,155013,6573,5989,153,6142,57
2020-11-25,Marin,041,260295,7821,7601,27,7628,135
2020-11-25,Mariposa,043,17540,137,114,2,116,2
2020-11-25,Mendocino,045,87422,1535,1373,6,1379,22
2020-11-25,Merced,047,269075,12105,11346,108,11454,172
2020-11-25,Modoc,049,8938,123,96,22,118,0
2020-11-25,Mono,051,14174,536,487,8,495,2
2020-11-25,Monterey,053,433212,15781,14695,283,14978,113
2020-11-25,Napa,055,140530,3346,2945,15,2960,17
2020-11-25,Nevada,057,99092,1459,1170,33,1203,9
2020-11-25,Orange,059,3164182,81324,73014,2525,75539,1551
2020-11-25,Placer,061,380077,7549,6221,145,6366,68
2020-11-25,Plumas,063,18699,220,183,0,183,0
2020-11-25,Riverside,065,2383286,93717,85077,1903,86980,1438
2020-11-25,Sacramento,067,1510023,38302,35687,125,35812,574
2020-11-25,San Benito,069,59416,1895,1764,14,1778,15
2020-11-25,San Bernardino,071,2135413,99315,88469,1724,90193,1225
2020-11-25,San Diego,073,3302833,83302,75307,3050,78357,988
2020-11-25,San Francisco,075,870044,15793,15053,100,15153,153
2020-11-25,San Joaquin,077,732212,27135,25556,539,26095,515
2020-11-25,San Luis Obispo,079,281455,6412,5913,105,6018,34
2020-11-25,San Mateo,081,765935,14828,13614,12,13626,170
2020-11-25,Santa Barbara,083,443738,12186,11183,198,11381,138
2020-11-25,Santa Clara,085,1922200,36204,32032,75,32107,442
2020-11-25,Santa Cruz,087,273765,4744,4202,63,4265,25
2020-11-25,Shasta,089,179085,5517,4588,195,4783,43
2020-11-25,Sierra,091,2930,18,15,0,15,0
2020-11-25,Siskiyou,093,43540,664,499,34,533,1
2020-11-25,Solano,095,438530,10712,9832,73,9905,87
2020-11-25,Sonoma,097,501317,12640,11775,60,11835,162
2020-11-25,Stanislaus,099,539301,22328,21022,1474,22496,445
2020-11-25,Sutter,101,95872,3572,3064,11,3075,14
2020-11-25,Tehama,103,63373,1768,1587,32,1619,9
2020-11-25,Trinity,105,12862,231,135,17,152,0
2020-11-25,Tulare,107,460477,21818,20528,1503,22031,318
2020-11-25,Tuolumne,109,53932,1091,842,3,845,7
2020-11-25,Ventura,111,848112,20588,18914,670,19584,179
2020-11-25,Yolo,113,214977,5072,4527,17,4544,76
2020-11-25,Yuba,115,75493,2085,1840,10,1850,10
2020-11-24,Alameda,001,1643700,30270,28030,349,28379,444
2020-11-24,Alpine,003,1148,52,41,0,41,0
2020-11-24,Amador,005,37829,556,470,1,471,16
2020-11-24,Butte,007,227075,4147,3798,204,4002,63
2020-11-24,Calaveras,009,45235,498,466,0,466,21
2020-11-24,Colusa,011,21464,754,682,4,686,6
2020-11-24,Contra Costa,013,1133247,24494,23072,162,23234,259
2020-11-24,Del Norte,015,27424,357,298,0,298,2
2020-11-24,El Dorado,017,186661,2708,2005,26,2031,4
2020-11-24,Fresno,019,978130,41994,37021,1375,38396,493
2020-11-24,Glenn,021,27897,985,883,40,923,4
2020-11-24,Humboldt,023,135768,903,774,2,776,9
2020-11-24,Imperial,025,180216,16393,15600,81,15681,355
2020-11-24,Inyo,027,18085,308,282,1,283,15
2020-11-24,Kern,029,883053,41318,38551,1203,39754,465
2020-11-24,Kings,031,150075,11393,10338,160,10498,85
2020-11-24,Lake,033,64148,986,872,0,872,18
2020-11-24,Lassen,035,31185,2172,1657,8,1665,0
2020-11-24,Los Angeles,037,10098052,395530,370008,6307,376315,7501
2020-11-24,Madera,039,155013,6489,5881,146,6027,57
2020-11-24,Marin,041,260295,7774,7591,27,7618,135
2020-11-24,Mariposa,043,17540,127,114,1,115,2
2020-11-24,Mendocino,045,87422,1513,1346,5,1351,22
2020-11-24,Merced,047,269075,11916,11268,103,11371,171
2020-11-24,Modoc,049,8938,119,91,22,113,0
2020-11-24,Mono,051,14174,532,483,8,491,2
2020-11-24,Monterey,053,433212,15523,14354,271,14625,113
2020-11-24,Napa,055,140530,3280,2904,15,2919,17
2020-11-24,Nevada,057,99092,1396,1156,30,1186,9
2020-11-24,Orange,059,3164182,79881,71975,2440,74415,1547
2020-11-24,Placer,061,380077,7366,6147,138,6285,67
2020-11-24,Plumas,063,18699,217,180,0,180,0
2020-11-24,Riverside,065,2383286,91966,83685,1770,85455,1420
2020-11-24,Sacramento,067,1510023,37622,35097,118,35215,568
2020-11-24,San Benito,069,59416,1863,1740,13,1753,15
2020-11-24,San Bernardino,071,2135413,96985,86645,1617,88262,1226
2020-11-24,San Diego,073,3302833,81896,74363,2979,77342,984
2020-11-24,San Francisco,075,870044,15598,14874,97,14971,153
2020-11-24,San Joaquin,077,732212,26821,25318,508,25826,517
2020-11-24,San Luis Obispo,079,281455,6349,5805,104,5909,34
2020-11-24,San Mateo,081,765935,14619,13558,11,13569,170
2020-11-24,Santa Barbara,083,443738,12080,11154,196,11350,138
2020-11-24,Santa Clara,085,1922200,35416,31564,71,31635,438
2020-11-24,Santa Cruz,087,273765,4631,4132,62,4194,25
2020-11-24,Shasta,089,179085,5417,4410,176,4586,43
2020-11-24,Sierra,091,2930,18,15,0,15,0
2020-11-24,Siskiyou,093,43540,646,473,31,504,1
2020-11-24,Solano,095,438530,10541,9716,72,9788,86
2020-11-24,Sonoma,097,501317,12460,11644,57,11701,162
2020-11-24,Stanislaus,099,539301,22087,20830,1430,22260,438
2020-11-24,Sutter,101,95872,3467,2974,11,2985,14
2020-11-24,Tehama,103,63373,1718,1565,27,1592,9
2020-11-24,Trinity,105,12862,225,129,17,146,0
2020-11-24,Tulare,107,460477,21571,20319,1437,21756,315
2020-11-24,Tuolumne,109,53932,1062,832,3,835,7
2020-11-24,Ventura,111,848112,20207,18637,658,19295,179
2020-11-24,Yolo,113,214977,4989,4420,17,4437,76
2020-11-24,Yuba,115,75493,2034,1804,8,1812,10
2020-11-23,Alameda,001,1643700,29857,27718,336,28054,444
2020-11-23,Alpine,003,1148,50,41,0,41,0
2020-11-23,Amador,005,37829,515,457,1,458,16
2020-11-23,Butte,007,227075,4083,3765,198,3963,61
2020-11-23,Calaveras,009,45235,481,434,0,434,21
2020-11-23,Colusa,011,21464,740,662,4,666,6
2020-11-23,Contra Costa,013,1133247,24223,22674,156,22830,260
2020-11-23,Del Norte,015,27424,335,296,0,296,2
2020-11-23,El Dorado,017,186661,2588,2005,25,2030,4
2020-11-23,Fresno,019,978130,41548,36688,1313,38001,488
2020-11-23,Glenn,021,27897,959,853,40,893,4
2020-11-23,Humboldt,023,135768,890,746,2,748,9
2020-11-23,Imperial,025,180216,16223,15104,75,15179,355
2020-11-23,Inyo,027,18085,301,279,1,280,15
2020-11-23,Kern,029,883053,40806,38245,1138,39383,463
2020-11-23,Kings,031,150075,10974,10204,152,10356,85
2020-11-23,Lake,033,64148,963,840,0,840,18
2020-11-23,Lassen,035,31185,2092,1271,7,1278,0
2020-11-23,Los Angeles,037,10098052,389448,366374,6049,372423,7447
2020-11-23,Madera,039,155013,6363,5787,141,5928,56
2020-11-23,Marin,041,260295,7732,7543,27,7570,135
2020-11-23,Mariposa,043,17540,126,97,1,98,2
2020-11-23,Mendocino,045,87422,1483,1330,5,1335,22
2020-11-23,Merced,047,269075,11728,11148,100,11248,169
2020-11-23,Modoc,049,8938,105,91,21,112,0
2020-11-23,Mono,051,14174,519,480,8,488,2
2020-11-23,Monterey,053,433212,15245,14265,264,14529,112
2020-11-23,Napa,055,140530,3214,2811,14,2825,17
2020-11-23,Nevada,057,99092,1307,1087,30,1117,9
2020-11-23,Orange,059,3164182,78478,71074,2392,73466,1546
2020-11-23,Placer,061,380077,7164,5999,137,6136,66
2020-11-23,Plumas,063,18699,213,172,0,172,0
2020-11-23,Riverside,065,2383286,90187,82175,1707,83882,1415
2020-11-23,Sacramento,067,1510023,37054,34141,111,34252,556
2020-11-23,San Benito,069,59416,1835,1729,12,1741,15
2020-11-23,San Bernardino,071,2135413,94880,84387,1553,85940,1224
2020-11-23,San Diego,073,3302833,80434,72817,2891,75708,968
2020-11-23,San Francisco,075,870044,15439,14646,95,14741,153
2020-11-23,San Joaquin,077,732212,26472,24622,504,25126,517
2020-11-23,San Luis Obispo,079,281455,6267,5772,102,5874,34
2020-11-23,San Mateo,081,765935,14427,13364,11,13375,170
2020-11-23,Santa Barbara,083,443738,11972,10944,192,11136,137
2020-11-23,Santa Clara,085,1922200,34766,31064,67,31131,435
2020-11-23,Santa Cruz,087,273765,4522,4003,57,4060,25
2020-11-23,Shasta,089,179085,5300,4100,163,4263,43
2020-11-23,Sierra,091,2930,17,15,0,15,0
2020-11-23,Siskiyou,093,43540,619,460,30,490,0
2020-11-23,Solano,095,438530,10384,9394,69,9463,86
2020-11-23,Sonoma,097,501317,12287,11507,53,11560,160
2020-11-23,Stanislaus,099,539301,21796,20487,1397,21884,436
2020-11-23,Sutter,101,95872,3329,2840,10,2850,14
2020-11-23,Tehama,103,63373,1670,1526,24,1550,9
2020-11-23,Trinity,105,12862,219,120,15,135,0
2020-11-23,Tulare,107,460477,21284,19818,1363,21181,315
2020-11-23,Tuolumne,109,53932,1022,774,3,777,7
2020-11-23,Ventura,111,848112,19832,18480,646,19126,179
2020-11-23,Yolo,113,214977,4909,4265,16,4281,75
2020-11-23,Yuba,115,75493,1967,1702,8,1710,10
2020-11-22,Alameda,001,1643700,29423,27472,324,27796,444
2020-11-22,Alpine,003,1148,47,41,0,41,0
2020-11-22,Amador,005,37829,503,450,1,451,16
2020-11-22,Butte,007,227075,4033,3712,188,3900,61
2020-11-22,Calaveras,009,45235,469,434,0,434,21
2020-11-22,Colusa,011,21464,722,642,3,645,6
2020-11-22,Contra Costa,013,1133247,23918,22407,151,22558,260
2020-11-22,Del Norte,015,27424,311,271,0,271,2
2020-11-22,El Dorado,017,186661,2478,1917,22,1939,4
2020-11-22,Fresno,019,978130,41067,36315,1255,37570,488
2020-11-22,Glenn,021,27897,939,832,34,866,4
2020-11-22,Humboldt,023,135768,874,729,2,731,9
2020-11-22,Imperial,025,180216,16018,15109,29,15138,355
2020-11-22,Inyo,027,18085,294,279,1,280,15
2020-11-22,Kern,029,883053,40229,37904,1101,39005,463
2020-11-22,Kings,031,150075,10873,10035,143,10178,85
2020-11-22,Lake,033,64148,941,834,0,834,18
2020-11-22,Lassen,035,31185,1927,1211,6,1217,0
2020-11-22,Los Angeles,037,10098052,383181,360341,5788,366129,7438
2020-11-22,Madera,039,155013,6283,5745,130,5875,56
2020-11-22,Marin,041,260295,7697,7506,26,7532,135
2020-11-22,Mariposa,043,17540,125,95,1,96,2
2020-11-22,Mendocino,045,87422,1459,1285,3,1288,22
2020-11-22,Merced,047,269075,11579,10939,100,11039,169
2020-11-22,Modoc,049,8938,104,87,19,106,0
2020-11-22,Mono,051,14174,504,481,8,489,2
2020-11-22,Monterey,053,433212,15004,13887,258,14145,111
2020-11-22,Napa,055,140530,3133,2778,14,2792,17
2020-11-22,Nevada,057,99092,1249,1052,30,1082,9
2020-11-22,Orange,059,3164182,77067,69913,2352,72265,1546
2020-11-22,Placer,061,380077,6942,5880,126,6006,66
2020-11-22,Plumas,063,18699,200,172,0,172,0
2020-11-22,Riverside,065,2383286,88600,81565,1643,83208,1409
2020-11-22,Sacramento,067,1510023,36323,33421,98,33519,555
2020-11-22,San Benito,069,59416,1806,1704,12,1716,15
2020-11-22,San Bernardino,071,2135413,92539,83505,1478,84983,1224
2020-11-22,San Diego,073,3302833,78698,71649,2816,74465,968
2020-11-22,San Francisco,075,870044,15268,14515,94,14609,153
2020-11-22,San Joaquin,077,732212,26176,24619,491,25110,517
2020-11-22,San Luis Obispo,079,281455,6165,5664,101,5765,34
2020-11-22,San Mateo,081,765935,14223,13228,11,13239,170
2020-11-22,Santa Barbara,083,443738,11837,10946,186,11132,137
2020-11-22,Santa Clara,085,1922200,34088,30633,65,30698,434
2020-11-22,Santa Cruz,087,273765,4440,3896,50,3946,25
2020-11-22,Shasta,089,179085,5143,4100,144,4244,43
2020-11-22,Sierra,091,2930,17,13,0,13,0
2020-11-22,Siskiyou,093,43540,587,411,30,441,0
2020-11-22,Solano,095,438530,10214,9363,65,9428,86
2020-11-22,Sonoma,097,501317,12129,11415,51,11466,159
2020-11-22,Stanislaus,099,539301,21472,20223,1363,21586,436
2020-11-22,Sutter,101,95872,3211,2677,10,2687,13
2020-11-22,Tehama,103,63373,1636,1457,19,1476,9
2020-11-22,Trinity,105,12862,214,114,15,129,0
2020-11-22,Tulare,107,460477,21036,19818,1290,21108,314
2020-11-22,Tuolumne,109,53932,996,689,3,692,7
2020-11-22,Ventura,111,848112,19471,18105,634,18739,179
2020-11-22,Yolo,113,214977,4808,4206,16,4222,75
2020-11-22,Yuba,115,75493,1914,1672,8,1680,10
2020-11-21,Alameda,001,1643700,29238,27424,322,27746,444
2020-11-21,Alpine,003,1148,47,41,0,41,0
2020-11-21,Amador,005,37829,489,450,1,451,16
2020-11-21,Butte,007,227075,3985,3664,185,3849,61
2020-11-21,Calaveras,009,45235,463,434,0,434,21
2020-11-21,Colusa,011,21464,713,642,3,645,6
2020-11-21,Contra Costa,013,1133247,23765,22338,149,22487,260
2020-11-21,Del Norte,015,27424,306,271,0,271,2
2020-11-21,El Dorado,017,186661,2429,1900,21,1921,4
2020-11-21,Fresno,019,978130,40812,35973,1222,37195,482
2020-11-21,Glenn,021,27897,934,829,32,861,4
2020-11-21,Humboldt,023,135768,864,728,2,730,9
2020-11-21,Imperial,025,180216,15941,15053,29,15082,355
2020-11-21,Inyo,027,18085,292,283,1,284,15
2020-11-21,Kern,029,883053,39979,37403,1063,38466,463
2020-11-21,Kings,031,150075,10825,10019,139,10158,85
2020-11-21,Lake,033,64148,928,832,0,832,18
2020-11-21,Lassen,035,31185,1859,1211,6,1217,0
2020-11-21,Los Angeles,037,10098052,380016,357754,5635,363389,7428
2020-11-21,Madera,039,155013,6246,5706,130,5836,56
2020-11-21,Marin,041,260295,7674,7488,25,7513,134
2020-11-21,Mariposa,043,17540,125,92,1,93,2
2020-11-21,Mendocino,045,87422,1428,1282,3,1285,22
2020-11-21,Merced,047,269075,11518,10849,99,10948,169
2020-11-21,Modoc,049,8938,100,87,18,105,0
2020-11-21,Mono,051,14174,499,469,8,477,2
2020-11-21,Monterey,053,433212,14906,13886,252,14138,110
2020-11-21,Napa,055,140530,3099,2757,14,2771,17
2020-11-21,Nevada,057,99092,1237,1018,29,1047,9
2020-11-21,Orange,059,3164182,76264,69021,2321,71342,1543
2020-11-21,Placer,061,380077,6831,5778,123,5901,65
2020-11-21,Plumas,063,18699,195,172,0,172,0
2020-11-21,Riverside,065,2383286,87828,80676,1594,82270,1407
2020-11-21,Sacramento,067,1510023,35928,33133,90,33223,548
2020-11-21,San Benito,069,59416,1787,1691,12,1703,15
2020-11-21,San Bernardino,071,2135413,91664,83206,1397,84603,1222
2020-11-21,San Diego,073,3302833,77919,70711,2761,73472,966
2020-11-21,San Francisco,075,870044,15165,14445,93,14538,153
2020-11-21,San Joaquin,077,732212,26044,24620,475,25095,517
2020-11-21,San Luis Obispo,079,281455,6113,5618,98,5716,34
2020-11-21,San Mateo,081,765935,14121,13138,11,13149,170
2020-11-21,Santa Barbara,083,443738,11786,10922,183,11105,137
2020-11-21,Santa Clara,085,1922200,33704,30377,62,30439,433
2020-11-21,Santa Cruz,087,273765,4384,3898,49,3947,25
2020-11-21,Shasta,089,179085,5070,4095,141,4236,42
2020-11-21,Sierra,091,2930,17,13,0,13,0
2020-11-21,Siskiyou,093,43540,571,403,30,433,0
2020-11-21,Solano,095,438530,10125,9290,61,9351,86
2020-11-21,Sonoma,097,501317,12054,11394,49,11443,158
2020-11-21,Stanislaus,099,539301,21329,20111,1338,21449,435
2020-11-21,Sutter,101,95872,3151,2615,9,2624,13
2020-11-21,Tehama,103,63373,1616,1435,18,1453,9
2020-11-21,Trinity,105,12862,211,110,14,124,0
2020-11-21,Tulare,107,460477,20910,19752,1256,21008,313
2020-11-21,Tuolumne,109,53932,977,690,3,693,7
2020-11-21,Ventura,111,848112,19308,18040,624,18664,177
2020-11-21,Yolo,113,214977,4732,4147,15,4162,75
2020-11-21,Yuba,115,75493,1882,1643,8,1651,10
2020-11-20,Alameda,001,1643700,29026,27221,314,27535,444
2020-11-20,Alpine,003,1148,47,20,0,20,0
2020-11-20,Amador,005,37829,485,446,1,447,16
2020-11-20,Butte,007,227075,3953,3618,181,3799,60
2020-11-20,Calaveras,009,45235,451,424,0,424,21
2020-11-20,Colusa,011,21464,705,631,2,633,6
2020-11-20,Contra Costa,013,1133247,23579,22116,145,22261,260
2020-11-20,Del Norte,015,27424,302,264,0,264,2
2020-11-20,El Dorado,017,186661,2333,1868,19,1887,4
2020-11-20,Fresno,019,978130,40521,35635,1189,36824,480
2020-11-20,Glenn,021,27897,922,826,30,856,4
2020-11-20,Humboldt,023,135768,855,714,1,715,9
2020-11-20,Imperial,025,180216,15879,14864,25,14889,353
2020-11-20,Inyo,027,18085,290,262,1,263,15
2020-11-20,Kern,029,883053,39687,37143,1037,38180,462
2020-11-20,Kings,031,150075,10778,9903,137,10040,85
2020-11-20,Lake,033,64148,919,820,0,820,18
2020-11-20,Lassen,035,31185,1774,1212,5,1217,0
2020-11-20,Los Angeles,037,10098052,376137,353554,5468,359022,7398
2020-11-20,Madera,039,155013,6154,5635,128,5763,54
2020-11-20,Marin,041,260295,7650,7467,24,7491,134
2020-11-20,Mariposa,043,17540,117,89,1,90,2
2020-11-20,Mendocino,045,87422,1408,1269,3,1272,22
2020-11-20,Merced,047,269075,11432,10729,99,10828,167
2020-11-20,Modoc,049,8938,100,83,18,101,0
2020-11-20,Mono,051,14174,497,469,8,477,2
2020-11-20,Monterey,053,433212,14781,13738,243,13981,110
2020-11-20,Napa,055,140530,3069,2718,14,2732,17
2020-11-20,Nevada,057,99092,1219,990,28,1018,9
2020-11-20,Orange,059,3164182,75431,68212,2281,70493,1532
2020-11-20,Placer,061,380077,6697,5687,107,5794,66
2020-11-20,Plumas,063,18699,193,163,0,163,0
2020-11-20,Riverside,065,2383286,86822,79613,1526,81139,1405
2020-11-20,Sacramento,067,1510023,35553,32832,80,32912,549
2020-11-20,San Benito,069,59416,1775,1668,12,1680,15
2020-11-20,San Bernardino,071,2135413,90301,81203,1313,82516,1220
2020-11-20,San Diego,073,3302833,76921,69233,2679,71912,960
2020-11-20,San Francisco,075,870044,15061,14327,92,14419,153
2020-11-20,San Joaquin,077,732212,25892,24460,461,24921,515
2020-11-20,San Luis Obispo,079,281455,6058,5524,95,5619,34
2020-11-20,San Mateo,081,765935,13987,12980,10,12990,169
2020-11-20,Santa Barbara,083,443738,11729,10825,177,11002,136
2020-11-20,Santa Clara,085,1922200,33282,30002,57,30059,431
2020-11-20,Santa Cruz,087,273765,4317,3815,49,3864,25
2020-11-20,Shasta,089,179085,4996,3861,136,3997,42
2020-11-20,Sierra,091,2930,17,12,0,12,0
2020-11-20,Siskiyou,093,43540,558,387,29,416,0
2020-11-20,Solano,095,438530,10034,9216,58,9274,85
2020-11-20,Sonoma,097,501317,11970,11316,48,11364,158
2020-11-20,Stanislaus,099,539301,21175,19889,1311,21200,433
2020-11-20,Sutter,101,95872,3101,2580,9,2589,13
2020-11-20,Tehama,103,63373,1602,1410,14,1424,9
2020-11-20,Trinity,105,12862,210,102,14,116,0
2020-11-20,Tulare,107,460477,20779,19568,1215,20783,311
2020-11-20,Tuolumne,109,53932,938,662,3,665,7
2020-11-20,Ventura,111,848112,19141,17741,596,18337,175
2020-11-20,Yolo,113,214977,4654,4081,14,4095,74
2020-11-20,Yuba,115,75493,1854,1611,8,1619,10
2020-11-19,Alameda,001,1643700,28681,26971,305,27276,441
2020-11-19,Alpine,003,1148,44,20,0,20,0
2020-11-19,Amador,005,37829,481,436,1,437,16
2020-11-19,Butte,007,227075,3904,3576,174,3750,60
2020-11-19,Calaveras,009,45235,441,417,0,417,21
2020-11-19,Colusa,011,21464,687,621,2,623,6
2020-11-19,Contra Costa,013,1133247,23306,21886,142,22028,259
2020-11-19,Del Norte,015,27424,294,251,0,251,2
2020-11-19,El Dorado,017,186661,2259,1825,18,1843,4
2020-11-19,Fresno,019,978130,40076,35278,1129,36407,478
2020-11-19,Glenn,021,27897,900,806,29,835,4
2020-11-19,Humboldt,023,135768,835,693,1,694,9
2020-11-19,Imperial,025,180216,15669,14507,25,14532,349
2020-11-19,Inyo,027,18085,288,262,1,263,15
2020-11-19,Kern,029,883053,39268,36779,993,37772,459
2020-11-19,Kings,031,150075,10631,9763,129,9892,85
2020-11-19,Lake,033,64148,905,809,0,809,18
2020-11-19,Lassen,035,31185,1657,1201,3,1204,0
2020-11-19,Los Angeles,037,10098052,371125,349493,5290,354783,7365
2020-11-19,Madera,039,155013,6082,5540,120,5660,54
2020-11-19,Marin,041,260295,7619,7451,24,7475,134
2020-11-19,Mariposa,043,17540,110,88,0,88,2
2020-11-19,Mendocino,045,87422,1387,1237,3,1240,23
2020-11-19,Merced,047,269075,11291,10634,93,10727,167
2020-11-19,Modoc,049,8938,97,82,18,100,0
2020-11-19,Mono,051,14174,489,468,8,476,2
2020-11-19,Monterey,053,433212,14566,13369,232,13601,108
2020-11-19,Napa,055,140530,3015,2641,14,2655,17
2020-11-19,Nevada,057,99092,1178,945,27,972,9
2020-11-19,Orange,059,3164182,74167,66998,2234,69232,1530
2020-11-19,Placer,061,380077,6507,5612,106,5718,65
2020-11-19,Plumas,063,18699,188,158,0,158,0
2020-11-19,Riverside,065,2383286,85350,78535,1455,79990,1402
2020-11-19,Sacramento,067,1510023,35040,32367,78,32445,546
2020-11-19,San Benito,069,59416,1752,1643,12,1655,15
2020-11-19,San Bernardino,071,2135413,88410,79244,1229,80473,1215
2020-11-19,San Diego,073,3302833,75673,68142,2575,70717,952
2020-11-19,San Francisco,075,870044,14904,14178,86,14264,153
2020-11-19,San Joaquin,077,732212,25573,24270,449,24719,516
2020-11-19,San Luis Obispo,079,281455,5981,5410,92,5502,34
2020-11-19,San Mateo,081,765935,13849,12714,10,12724,169
2020-11-19,Santa Barbara,083,443738,11649,10741,174,10915,136
2020-11-19,Santa Clara,085,1922200,32724,29630,56,29686,424
2020-11-19,Santa Cruz,087,273765,4226,3679,47,3726,25
2020-11-19,Shasta,089,179085,4859,3685,125,3810,42
2020-11-19,Sierra,091,2930,17,11,0,11,0
2020-11-19,Siskiyou,093,43540,533,360,28,388,0
2020-11-19,Solano,095,438530,9897,9093,54,9147,84
2020-11-19,Sonoma,097,501317,11800,11205,46,11251,156
2020-11-19,Stanislaus,099,539301,20934,19736,1269,21005,433
2020-11-19,Sutter,101,95872,3004,2509,9,2518,13
2020-11-19,Tehama,103,63373,1569,1373,11,1384,9
2020-11-19,Trinity,105,12862,204,97,14,111,0
2020-11-19,Tulare,107,460477,20558,19384,1148,20532,304
2020-11-19,Tuolumne,109,53932,906,602,3,605,7
2020-11-19,Ventura,111,848112,18788,17300,583,17883,174
2020-11-19,Yolo,113,214977,4559,3973,14,3987,72
2020-11-19,Yuba,115,75493,1814,1568,8,1576,10
2020-11-18,Alameda,001,1643700,28419,26610,300,26910,440
2020-11-18,Alpine,003,1148,43,16,0,16,0
2020-11-18,Amador,005,37829,476,430,1,431,16
2020-11-18,Butte,007,227075,3851,3537,161,3698,59
2020-11-18,Calaveras,009,45235,435,409,0,409,21
2020-11-18,Colusa,011,21464,674,611,2,613,6
2020-11-18,Contra Costa,013,1133247,23039,21685,138,21823,258
2020-11-18,Del Norte,015,27424,280,240,0,240,2
2020-11-18,El Dorado,017,186661,2172,1799,17,1816,4
2020-11-18,Fresno,019,978130,39638,34997,1075,36072,474
2020-11-18,Glenn,021,27897,884,803,27,830,4
2020-11-18,Humboldt,023,135768,821,690,1,691,9
2020-11-18,Imperial,025,180216,15447,14428,25,14453,348
2020-11-18,Inyo,027,18085,286,262,1,263,15
2020-11-18,Kern,029,883053,38882,36537,940,37477,456
2020-11-18,Kings,031,150075,10483,9696,126,9822,85
2020-11-18,Lake,033,64148,892,802,0,802,18
2020-11-18,Lassen,035,31185,1557,1124,3,1127,0
2020-11-18,Los Angeles,037,10098052,366267,344675,5098,349773,7338
2020-11-18,Madera,039,155013,5995,5519,108,5627,54
2020-11-18,Marin,041,260295,7595,7435,24,7459,134
2020-11-18,Mariposa,043,17540,107,88,0,88,2
2020-11-18,Mendocino,045,87422,1367,1237,3,1240,23
2020-11-18,Merced,047,269075,11176,10536,91,10627,166
2020-11-18,Modoc,049,8938,94,77,18,95,0
2020-11-18,Mono,051,14174,484,468,8,476,2
2020-11-18,Monterey,053,433212,14373,13340,217,13557,108
2020-11-18,Napa,055,140530,2968,2607,14,2621,17
2020-11-18,Nevada,057,99092,1139,933,25,958,9
2020-11-18,Orange,059,3164182,73072,66381,2209,68590,1521
2020-11-18,Placer,061,380077,6328,5543,101,5644,64
2020-11-18,Plumas,063,18699,183,143,0,143,0
2020-11-18,Riverside,065,2383286,83885,77739,1353,79092,1387
2020-11-18,Sacramento,067,1510023,34415,31816,70,31886,541
2020-11-18,San Benito,069,59416,1727,1632,11,1643,15
2020-11-18,San Bernardino,071,2135413,86654,77400,1146,78546,1206
2020-11-18,San Diego,073,3302833,74381,67243,2515,69758,945
2020-11-18,San Francisco,075,870044,14760,14057,84,14141,153
2020-11-18,San Joaquin,077,732212,25306,24146,434,24580,517
2020-11-18,San Luis Obispo,079,281455,5906,5322,91,5413,34
2020-11-18,San Mateo,081,765935,13696,12631,9,12640,169
2020-11-18,Santa Barbara,083,443738,11570,10684,167,10851,136
2020-11-18,Santa Clara,085,1922200,32259,29285,51,29336,421
2020-11-18,Santa Cruz,087,273765,4134,3618,45,3663,25
2020-11-18,Shasta,089,179085,4723,3547,121,3668,42
2020-11-18,Sierra,091,2930,17,11,0,11,0
2020-11-18,Siskiyou,093,43540,501,351,27,378,0
2020-11-18,Solano,095,438530,9765,8994,52,9046,84
2020-11-18,Sonoma,097,501317,11693,11129,43,11172,155
2020-11-18,Stanislaus,099,539301,20691,19609,1244,20853,431
2020-11-18,Sutter,101,95872,2886,2442,9,2451,13
2020-11-18,Tehama,103,63373,1530,1338,11,1349,8
2020-11-18,Trinity,105,12862,191,95,14,109,0
2020-11-18,Tulare,107,460477,20352,19286,1093,20379,306
2020-11-18,Tuolumne,109,53932,870,590,3,593,7
2020-11-18,Ventura,111,848112,18463,17169,568,17737,173
2020-11-18,Yolo,113,214977,4485,3929,14,3943,71
2020-11-18,Yuba,115,75493,1761,1540,8,1548,10
2020-11-17,Alameda,001,1643700,28095,26425,290,26715,439
2020-11-17,Alpine,003,1148,41,12,0,12,0
2020-11-17,Amador,005,37829,465,423,1,424,16
2020-11-17,Butte,007,227075,3808,3500,151,3651,59
2020-11-17,Calaveras,009,45235,420,405,0,405,21
2020-11-17,Colusa,011,21464,663,606,1,607,6
2020-11-17,Contra Costa,013,1133247,22766,21557,133,21690,256
2020-11-17,Del Norte,015,27424,275,233,0,233,2
2020-11-17,El Dorado,017,186661,2113,1758,17,1775,4
2020-11-17,Fresno,019,978130,39042,34765,1014,35779,472
2020-11-17,Glenn,021,27897,873,795,26,821,4
2020-11-17,Humboldt,023,135768,799,685,1,686,9
2020-11-17,Imperial,025,180216,15211,14204,24,14228,346
2020-11-17,Inyo,027,18085,285,263,1,264,15
2020-11-17,Kern,029,883053,38432,36164,886,37050,455
2020-11-17,Kings,031,150075,10410,9653,119,9772,85
2020-11-17,Lake,033,64148,872,792,0,792,18
2020-11-17,Lassen,035,31185,1478,1124,3,1127,0
2020-11-17,Los Angeles,037,10098052,361323,340933,4931,345864,7302
2020-11-17,Madera,039,155013,5906,5485,101,5586,54
2020-11-17,Marin,041,260295,7563,7404,23,7427,134
2020-11-17,Mariposa,043,17540,104,87,0,87,2
2020-11-17,Mendocino,045,87422,1346,1216,3,1219,23
2020-11-17,Merced,047,269075,11032,10457,85,10542,162
2020-11-17,Modoc,049,8938,88,71,17,88,0
2020-11-17,Mono,051,14174,479,459,8,467,2
2020-11-17,Monterey,053,433212,14145,13220,207,13427,108
2020-11-17,Napa,055,140530,2914,2568,14,2582,17
2020-11-17,Nevada,057,99092,1098,918,24,942,9
2020-11-17,Orange,059,3164182,71924,65757,2178,67935,1519
2020-11-17,Placer,061,380077,6166,5435,95,5530,63
2020-11-17,Plumas,063,18699,175,142,0,142,0
2020-11-17,Riverside,065,2383286,82508,77079,1260,78339,1379
2020-11-17,Sacramento,067,1510023,33815,31341,66,31407,538
2020-11-17,San Benito,069,59416,1712,1611,4,1615,15
2020-11-17,San Bernardino,071,2135413,84843,76134,1054,77188,1188
2020-11-17,San Diego,073,3302833,73129,66321,2459,68780,933
2020-11-17,San Francisco,075,870044,14594,13952,83,14035,153
2020-11-17,San Joaquin,077,732212,25034,23997,415,24412,516
2020-11-17,San Luis Obispo,079,281455,5810,5235,91,5326,34
2020-11-17,San Mateo,081,765935,13534,12491,8,12499,169
2020-11-17,Santa Barbara,083,443738,11483,10597,161,10758,136
2020-11-17,Santa Clara,085,1922200,31712,29013,50,29063,419
2020-11-17,Santa Cruz,087,273765,4050,3548,42,3590,25
2020-11-17,Shasta,089,179085,4563,3457,108,3565,40
2020-11-17,Sierra,091,2930,15,11,0,11,0
2020-11-17,Siskiyou,093,43540,453,333,26,359,0
2020-11-17,Solano,095,438530,9620,8905,51,8956,84
2020-11-17,Sonoma,097,501317,11559,11084,41,11125,155
2020-11-17,Stanislaus,099,539301,20468,19466,1215,20681,425
2020-11-17,Sutter,101,95872,2803,2370,8,2378,12
2020-11-17,Tehama,103,63373,1480,1290,11,1301,7
2020-11-17,Trinity,105,12862,175,83,14,97,0
2020-11-17,Tulare,107,460477,20134,19176,1027,20203,305
2020-11-17,Tuolumne,109,53932,832,568,3,571,7
2020-11-17,Ventura,111,848112,18191,16797,549,17346,173
2020-11-17,Yolo,113,214977,4309,3887,13,3900,70
2020-11-17,Yuba,115,75493,1713,1519,8,1527,10
2020-11-16,Alameda,001,1643700,27748,26063,285,26348,436
2020-11-16,Alpine,003,1148,38,12,0,12,0
2020-11-16,Amador,005,37829,457,414,1,415,16
2020-11-16,Butte,007,227075,3769,3490,142,3632,58
2020-11-16,Calaveras,009,45235,413,402,0,402,21
2020-11-16,Colusa,011,21464,654,601,1,602,6
2020-11-16,Contra Costa,013,1133247,22499,21386,128,21514,256
2020-11-16,Del Norte,015,27424,268,225,0,225,2
2020-11-16,El Dorado,017,186661,2052,1694,15,1709,4
2020-11-16,Fresno,019,978130,38555,34593,956,35549,471
2020-11-16,Glenn,021,27897,861,786,25,811,4
2020-11-16,Humboldt,023,135768,782,660,1,661,9
2020-11-16,Imperial,025,180216,14964,14111,24,14135,346
2020-11-16,Inyo,027,18085,282,263,1,264,15
2020-11-16,Kern,029,883053,38040,36049,842,36891,455
2020-11-16,Kings,031,150075,10144,9569,115,9684,85
2020-11-16,Lake,033,64148,860,784,0,784,18
2020-11-16,Lassen,035,31185,1297,1124,3,1127,0
2020-11-16,Los Angeles,037,10098052,356593,338778,4742,343520,7277
2020-11-16,Madera,039,155013,5820,5433,94,5527,54
2020-11-16,Marin,041,260295,7534,7359,23,7382,134
2020-11-16,Mariposa,043,17540,101,86,0,86,2
2020-11-16,Mendocino,045,87422,1321,1209,3,1212,23
2020-11-16,Merced,047,269075,10894,10399,82,10481,162
2020-11-16,Modoc,049,8938,86,71,17,88,0
2020-11-16,Mono,051,14174,477,453,8,461,2
2020-11-16,Monterey,053,433212,13902,13089,194,13283,107
2020-11-16,Napa,055,140530,2838,2536,14,2550,17
2020-11-16,Nevada,057,99092,1055,889,22,911,9
2020-11-16,Orange,059,3164182,70827,65396,2163,67559,1519
2020-11-16,Placer,061,380077,6046,5387,86,5473,63
2020-11-16,Plumas,063,18699,168,127,0,127,0
2020-11-16,Riverside,065,2383286,81139,76449,1192,77641,1379
2020-11-16,Sacramento,067,1510023,33178,30954,59,31013,534
2020-11-16,San Benito,069,59416,1694,1603,3,1606,15
2020-11-16,San Bernardino,071,2135413,83019,74401,982,75383,1186
2020-11-16,San Diego,073,3302833,71821,65603,2387,67990,926
2020-11-16,San Francisco,075,870044,14435,13847,80,13927,153
2020-11-16,San Joaquin,077,732212,24747,23515,405,23920,513
2020-11-16,San Luis Obispo,079,281455,5706,5161,86,5247,34
2020-11-16,San Mateo,081,765935,13374,12398,8,12406,169
2020-11-16,Santa Barbara,083,443738,11419,10565,157,10722,135
2020-11-16,Santa Clara,085,1922200,31147,28673,48,28721,419
2020-11-16,Santa Cruz,087,273765,3977,3520,42,3562,25
2020-11-16,Shasta,089,179085,4413,3284,103,3387,37
2020-11-16,Sierra,091,2930,15,11,0,11,0
2020-11-16,Siskiyou,093,43540,426,294,26,320,0
2020-11-16,Solano,095,438530,9421,8827,51,8878,84
2020-11-16,Sonoma,097,501317,11468,10961,40,11001,155
2020-11-16,Stanislaus,099,539301,20232,19333,1187,20520,425
2020-11-16,Sutter,101,95872,2697,2322,8,2330,12
2020-11-16,Tehama,103,63373,1435,1261,7,1268,7
2020-11-16,Trinity,105,12862,166,67,14,81,0
2020-11-16,Tulare,107,460477,19958,18891,970,19861,305
2020-11-16,Tuolumne,109,53932,796,543,3,546,7
2020-11-16,Ventura,111,848112,17853,16691,541,17232,172
2020-11-16,Yolo,113,214977,4213,3858,13,3871,70
2020-11-16,Yuba,115,75493,1677,1500,7,1507,10
2020-11-15,Alameda,001,1643700,27428,25879,279,26158,436
2020-11-15,Alpine,003,1148,36,12,0,12,0
2020-11-15,Amador,005,37829,445,409,1,410,16
2020-11-15,Butte,007,227075,3716,3452,132,3584,58
2020-11-15,Calaveras,009,45235,400,386,0,386,21
2020-11-15,Colusa,011,21464,645,601,1,602,6
2020-11-15,Contra Costa,013,1133247,22200,21179,127,21306,256
2020-11-15,Del Norte,015,27424,252,224,0,224,2
2020-11-15,El Dorado,017,186661,1990,1683,14,1697,4
2020-11-15,Fresno,019,978130,38045,34297,916,35213,471
2020-11-15,Glenn,021,27897,849,783,24,807,4
2020-11-15,Humboldt,023,135768,754,653,1,654,9
2020-11-15,Imperial,025,180216,14727,13940,24,13964,346
2020-11-15,Inyo,027,18085,272,263,1,264,15
2020-11-15,Kern,029,883053,37637,35911,805,36716,455
2020-11-15,Kings,031,150075,9951,9533,111,9644,85
2020-11-15,Lake,033,64148,851,777,0,777,17
2020-11-15,Lassen,035,31185,1250,1124,3,1127,0
2020-11-15,Los Angeles,037,10098052,351562,336035,4561,340596,7271
2020-11-15,Madera,039,155013,5723,5391,88,5479,54
2020-11-15,Marin,041,260295,7508,7347,23,7370,133
2020-11-15,Mariposa,043,17540,98,86,0,86,2
2020-11-15,Mendocino,045,87422,1302,1197,3,1200,22
2020-11-15,Merced,047,269075,10760,10350,82,10432,162
2020-11-15,Modoc,049,8938,85,68,17,85,0
2020-11-15,Mono,051,14174,475,453,8,461,2
2020-11-15,Monterey,053,433212,13705,12999,181,13180,107
2020-11-15,Napa,055,140530,2779,2509,12,2521,17
2020-11-15,Nevada,057,99092,1000,859,22,881,9
2020-11-15,Orange,059,3164182,69788,65008,2144,67152,1519
2020-11-15,Placer,061,380077,5891,5330,78,5408,63
2020-11-15,Plumas,063,18699,162,127,0,127,0
2020-11-15,Riverside,065,2383286,79820,75531,1131,76662,1374
2020-11-15,Sacramento,067,1510023,32552,30601,55,30656,534
2020-11-15,San Benito,069,59416,1669,1589,2,1591,15
2020-11-15,San Bernardino,071,2135413,80875,73769,901,74670,1185
2020-11-15,San Diego,073,3302833,70322,64770,2330,67100,926
2020-11-15,San Francisco,075,870044,14258,13757,79,13836,153
2020-11-15,San Joaquin,077,732212,24538,23516,389,23905,513
2020-11-15,San Luis Obispo,079,281455,5583,5120,83,5203,34
2020-11-15,San Mateo,081,765935,13197,12348,8,12356,169
2020-11-15,Santa Barbara,083,443738,11324,10516,155,10671,135
2020-11-15,Santa Clara,085,1922200,30694,28289,47,28336,418
2020-11-15,Santa Cruz,087,273765,3839,3439,41,3480,25
2020-11-15,Shasta,089,179085,4239,3290,94,3384,37
2020-11-15,Sierra,091,2930,15,11,0,11,0
2020-11-15,Siskiyou,093,43540,407,294,26,320,0
2020-11-15,Solano,095,438530,9260,8713,48,8761,84
2020-11-15,Sonoma,097,501317,11348,10833,39,10872,154
2020-11-15,Stanislaus,099,539301,19961,19228,1160,20388,425
2020-11-15,Sutter,101,95872,2608,2230,8,2238,12
2020-11-15,Tehama,103,63373,1384,1222,6,1228,7
2020-11-15,Trinity,105,12862,157,67,12,79,0
2020-11-15,Tulare,107,460477,19742,18891,915,19806,305
2020-11-15,Tuolumne,109,53932,755,486,3,489,7
2020-11-15,Ventura,111,848112,17579,16564,533,17097,172
2020-11-15,Yolo,113,214977,4110,3819,12,3831,67
2020-11-15,Yuba,115,75493,1636,1470,6,1476,10
2020-11-14,Alameda,001,1643700,27162,25714,276,25990,435
2020-11-14,Alpine,003,1148,36,12,0,12,0
2020-11-14,Amador,005,37829,436,404,0,404,16
2020-11-14,Butte,007,227075,3680,3434,118,3552,58
2020-11-14,Calaveras,009,45235,399,386,0,386,21
2020-11-14,Colusa,011,21464,633,601,1,602,6
2020-11-14,Contra Costa,013,1133247,22061,20975,120,21095,256
2020-11-14,Del Norte,015,27424,246,219,0,219,2
2020-11-14,El Dorado,017,186661,1946,1648,14,1662,4
2020-11-14,Fresno,019,978130,37795,33969,881,34850,471
2020-11-14,Glenn,021,27897,840,772,21,793,3
2020-11-14,Humboldt,023,135768,739,643,1,644,9
2020-11-14,Imperial,025,180216,14634,13932,23,13955,346
2020-11-14,Inyo,027,18085,271,263,1,264,15
2020-11-14,Kern,029,883053,37427,35626,786,36412,454
2020-11-14,Kings,031,150075,9916,9490,108,9598,85
2020-11-14,Lake,033,64148,842,773,0,773,17
2020-11-14,Lassen,035,31185,1236,833,3,836,0
2020-11-14,Los Angeles,037,10098052,348860,333021,4448,337469,7269
2020-11-14,Madera,039,155013,5693,5371,86,5457,54
2020-11-14,Marin,041,260295,7492,7325,23,7348,133
2020-11-14,Mariposa,043,17540,97,86,0,86,2
2020-11-14,Mendocino,045,87422,1286,1181,3,1184,22
2020-11-14,Merced,047,269075,10704,10286,80,10366,161
2020-11-14,Modoc,049,8938,84,64,16,80,0
2020-11-14,Mono,051,14174,475,453,8,461,2
2020-11-14,Monterey,053,433212,13609,12854,171,13025,105
2020-11-14,Napa,055,140530,2745,2473,12,2485,17
2020-11-14,Nevada,057,99092,984,835,22,857,9
2020-11-14,Orange,059,3164182,69168,64340,2131,66471,1517
2020-11-14,Placer,061,380077,5815,5215,72,5287,63
2020-11-14,Plumas,063,18699,157,128,0,128,0
2020-11-14,Riverside,065,2383286,79082,74910,1089,75999,1373
2020-11-14,Sacramento,067,1510023,32227,30298,54,30352,532
2020-11-14,San Benito,069,59416,1654,1573,2,1575,15
2020-11-14,San Bernardino,071,2135413,79943,72868,868,73736,1184
2020-11-14,San Diego,073,3302833,69557,63715,2278,65993,926
2020-11-14,San Francisco,075,870044,14171,13661,78,13739,153
2020-11-14,San Joaquin,077,732212,24447,23516,381,23897,511
2020-11-14,San Luis Obispo,079,281455,5520,5073,77,5150,34
2020-11-14,San Mateo,081,765935,13089,12293,8,12301,169
2020-11-14,Santa Barbara,083,443738,11270,10482,153,10635,135
2020-11-14,Santa Clara,085,1922200,30410,27962,45,28007,416
2020-11-14,Santa Cruz,087,273765,3784,3402,41,3443,25
2020-11-14,Shasta,089,179085,4154,3195,92,3287,37
2020-11-14,Sierra,091,2930,15,11,0,11,0
2020-11-14,Siskiyou,093,43540,394,292,26,318,0
2020-11-14,Solano,095,438530,9180,8655,47,8702,84
2020-11-14,Sonoma,097,501317,11295,10769,39,10808,154
2020-11-14,Stanislaus,099,539301,19819,19068,1138,20206,424
2020-11-14,Sutter,101,95872,2564,2182,8,2190,12
2020-11-14,Tehama,103,63373,1363,1206,5,1211,7
2020-11-14,Trinity,105,12862,152,67,12,79,0
2020-11-14,Tulare,107,460477,19648,18853,886,19739,305
2020-11-14,Tuolumne,109,53932,727,448,3,451,7
2020-11-14,Ventura,111,848112,17434,16297,521,16818,172
2020-11-14,Yolo,113,214977,4067,3765,10,3775,65
2020-11-14,Yuba,115,75493,1607,1453,6,1459,10
2020-11-13,Alameda,001,1643700,26946,25515,271,25786,434
2020-11-13,Alpine,003,1148,36,12,0,12,0
2020-11-13,Amador,005,37829,433,397,0,397,16
2020-11-13,Butte,007,227075,3656,3402,109,3511,58
2020-11-13,Calaveras,009,45235,395,378,0,378,21
2020-11-13,Colusa,011,21464,625,598,1,599,6
2020-11-13,Contra Costa,013,1133247,21889,20799,120,20919,256
2020-11-13,Del Norte,015,27424,244,208,0,208,2
2020-11-13,El Dorado,017,186661,1901,1611,13,1624,4
2020-11-13,Fresno,019,978130,37548,33693,867,34560,470
2020-11-13,Glenn,021,27897,826,755,17,772,3
2020-11-13,Humboldt,023,135768,724,638,1,639,9
2020-11-13,Imperial,025,180216,14564,13790,22,13812,341
2020-11-13,Inyo,027,18085,270,262,1,263,15
2020-11-13,Kern,029,883053,37225,35431,769,36200,453
2020-11-13,Kings,031,150075,9857,9428,107,9535,85
2020-11-13,Lake,033,64148,836,770,0,770,17
2020-11-13,Lassen,035,31185,1227,832,3,835,0
2020-11-13,Los Angeles,037,10098052,345740,329364,4334,333698,7248
2020-11-13,Madera,039,155013,5653,5340,85,5425,54
2020-11-13,Marin,041,260295,7479,7307,22,7329,133
2020-11-13,Mariposa,043,17540,95,86,0,86,2
2020-11-13,Mendocino,045,87422,1274,1173,3,1176,22
2020-11-13,Merced,047,269075,10649,10185,77,10262,159
2020-11-13,Modoc,049,8938,84,63,14,77,0
2020-11-13,Mono,051,14174,475,448,7,455,2
2020-11-13,Monterey,053,433212,13414,12681,159,12840,104
2020-11-13,Napa,055,140530,2706,2440,12,2452,17
2020-11-13,Nevada,057,99092,965,798,22,820,9
2020-11-13,Orange,059,3164182,68568,63804,2111,65915,1514
2020-11-13,Placer,061,380077,5710,5122,66,5188,63
2020-11-13,Plumas,063,18699,151,125,0,125,0
2020-11-13,Riverside,065,2383286,78345,74138,1060,75198,1372
2020-11-13,Sacramento,067,1510023,31909,29787,49,29836,524
2020-11-13,San Benito,069,59416,1642,1553,1,1554,15
2020-11-13,San Bernardino,071,2135413,78897,71895,846,72741,1184
2020-11-13,San Diego,073,3302833,68710,62978,2240,65218,921
2020-11-13,San Francisco,075,870044,14078,13516,76,13592,146
2020-11-13,San Joaquin,077,732212,24352,23314,374,23688,510
2020-11-13,San Luis Obispo,079,281455,5453,4960,74,5034,34
2020-11-13,San Mateo,081,765935,12995,12182,8,12190,169
2020-11-13,Santa Barbara,083,443738,11218,10405,151,10556,134
2020-11-13,Santa Clara,085,1922200,30083,27609,43,27652,415
2020-11-13,Santa Cruz,087,273765,3711,3343,41,3384,25
2020-11-13,Shasta,089,179085,4069,2983,88,3071,37
2020-11-13,Sierra,091,2930,15,11,0,11,0
2020-11-13,Siskiyou,093,43540,389,280,25,305,0
2020-11-13,Solano,095,438530,9089,8525,47,8572,84
2020-11-13,Sonoma,097,501317,11234,10685,37,10722,151
2020-11-13,Stanislaus,099,539301,19696,18936,1108,20044,422
2020-11-13,Sutter,101,95872,2518,2121,7,2128,12
2020-11-13,Tehama,103,63373,1335,1167,5,1172,7
2020-11-13,Trinity,105,12862,150,64,12,76,0
2020-11-13,Tulare,107,460477,19526,18714,843,19557,305
2020-11-13,Tuolumne,109,53932,694,427,3,430,7
2020-11-13,Ventura,111,848112,17288,16172,506,16678,171
2020-11-13,Yolo,113,214977,4016,3716,10,3726,65
2020-11-13,Yuba,115,75493,1580,1435,6,1441,10
2020-11-12,Alameda,001,1643700,26679,25345,271,25616,432
2020-11-12,Alpine,003,1148,35,12,0,12,0
2020-11-12,Amador,005,37829,432,392,0,392,16
2020-11-12,Butte,007,227075,3607,3347,106,3453,58
2020-11-12,Calaveras,009,45235,390,373,0,373,21
2020-11-12,Colusa,011,21464,620,591,1,592,6
2020-11-12,Contra Costa,013,1133247,21682,20619,118,20737,255
2020-11-12,Del Norte,015,27424,237,203,0,203,2
2020-11-12,El Dorado,017,186661,1855,1573,9,1582,4
2020-11-12,Fresno,019,978130,37203,33459,824,34283,468
2020-11-12,Glenn,021,27897,807,727,17,744,3
2020-11-12,Humboldt,023,135768,711,625,1,626,9
2020-11-12,Imperial,025,180216,14399,13619,22,13641,341
2020-11-12,Inyo,027,18085,269,255,1,256,15
2020-11-12,Kern,029,883053,36961,35207,753,35960,451
2020-11-12,Kings,031,150075,9791,9335,105,9440,85
2020-11-12,Lake,033,64148,827,764,0,764,17
2020-11-12,Lassen,035,31185,1158,832,2,834,0
2020-11-12,Los Angeles,037,10098052,342001,327001,4232,331233,7223
2020-11-12,Madera,039,155013,5618,5273,80,5353,54
2020-11-12,Marin,041,260295,7450,7268,22,7290,133
2020-11-12,Mariposa,043,17540,93,84,0,84,2
2020-11-12,Mendocino,045,87422,1255,1142,3,1145,22
2020-11-12,Merced,047,269075,10535,10107,74,10181,158
2020-11-12,Modoc,049,8938,84,63,14,77,0
2020-11-12,Mono,051,14174,474,442,7,449,2
2020-11-12,Monterey,053,433212,13293,12489,145,12634,100
2020-11-12,Napa,055,140530,2644,2398,12,2410,16
2020-11-12,Nevada,057,99092,942,780,21,801,9
2020-11-12,Orange,059,3164182,67823,63232,2091,65323,1514
2020-11-12,Placer,061,380077,5600,5044,56,5100,62
2020-11-12,Plumas,063,18699,147,121,0,121,0
2020-11-12,Riverside,065,2383286,77419,73381,1015,74396,1362
2020-11-12,Sacramento,067,1510023,31418,29459,42,29501,520
2020-11-12,San Benito,069,59416,1622,1525,1,1526,15
2020-11-12,San Bernardino,071,2135413,77532,70758,807,71565,1183
2020-11-12,San Diego,073,3302833,67731,62336,2189,64525,918
2020-11-12,San Francisco,075,870044,13979,13289,75,13364,146
2020-11-12,San Joaquin,077,732212,24158,23002,353,23355,509
2020-11-12,San Luis Obispo,079,281455,5389,4898,73,4971,33
2020-11-12,San Mateo,081,765935,12872,12086,7,12093,169
2020-11-12,Santa Barbara,083,443738,11156,10325,145,10470,134
2020-11-12,Santa Clara,085,1922200,29707,27261,42,27303,414
2020-11-12,Santa Cruz,087,273765,3628,3317,39,3356,25
2020-11-12,Shasta,089,179085,3931,2825,77,2902,37
2020-11-12,Sierra,091,2930,15,11,0,11,0
2020-11-12,Siskiyou,093,43540,372,275,20,295,0
2020-11-12,Solano,095,438530,8989,8417,46,8463,85
2020-11-12,Sonoma,097,501317,11132,10602,36,10638,151
2020-11-12,Stanislaus,099,539301,19530,18787,1077,19864,422
2020-11-12,Sutter,101,95872,2434,2075,7,2082,12
2020-11-12,Tehama,103,63373,1308,1117,5,1122,7
2020-11-12,Trinity,105,12862,142,62,12,74,0
2020-11-12,Tulare,107,460477,19414,18545,806,19351,305
2020-11-12,Tuolumne,109,53932,655,353,3,356,7
2020-11-12,Ventura,111,848112,17039,16013,499,16512,158
2020-11-12,Yolo,113,214977,3972,3646,10,3656,63
2020-11-12,Yuba,115,75493,1545,1410,6,1416,10
2020-11-11,Alameda,001,1643700,26437,25140,269,25409,429
2020-11-11,Alpine,003,1148,30,12,0,12,0
2020-11-11,Amador,005,37829,425,389,0,389,16
2020-11-11,Butte,007,227075,3582,3348,92,3440,58
2020-11-11,Calaveras,009,45235,380,373,0,373,21
2020-11-11,Colusa,011,21464,614,591,1,592,6
2020-11-11,Contra Costa,013,1133247,21463,20452,116,20568,255
2020-11-11,Del Norte,015,27424,230,203,0,203,2
2020-11-11,El Dorado,017,186661,1809,1564,8,1572,4
2020-11-11,Fresno,019,978130,36884,33287,790,34077,468
2020-11-11,Glenn,021,27897,791,722,16,738,3
2020-11-11,Humboldt,023,135768,697,623,1,624,9
2020-11-11,Imperial,025,180216,14228,13623,20,13643,340
2020-11-11,Inyo,027,18085,267,255,1,256,15
2020-11-11,Kern,029,883053,36688,35014,735,35749,449
2020-11-11,Kings,031,150075,9685,9263,102,9365,85
2020-11-11,Lake,033,64148,817,763,0,763,17
2020-11-11,Lassen,035,31185,1133,831,2,833,0
2020-11-11,Los Angeles,037,10098052,338644,324567,4139,328706,7220
2020-11-11,Madera,039,155013,5584,5248,77,5325,54
2020-11-11,Marin,041,260295,7427,7268,22,7290,133
2020-11-11,Mariposa,043,17540,93,84,0,84,2
2020-11-11,Mendocino,045,87422,1243,1142,3,1145,22
2020-11-11,Merced,047,269075,10464,10074,72,10146,157
2020-11-11,Modoc,049,8938,80,62,13,75,0
2020-11-11,Mono,051,14174,472,443,7,450,2
2020-11-11,Monterey,053,433212,13151,12417,141,12558,100
2020-11-11,Napa,055,140530,2595,2365,9,2374,15
2020-11-11,Nevada,057,99092,900,741,21,762,9
2020-11-11,Orange,059,3164182,67186,62929,2068,64997,1506
2020-11-11,Placer,061,380077,5516,4981,48,5029,60
2020-11-11,Plumas,063,18699,145,111,0,111,0
2020-11-11,Riverside,065,2383286,76518,72953,965,73918,1361
2020-11-11,Sacramento,067,1510023,30961,28968,40,29008,520
2020-11-11,San Benito,069,59416,1608,1512,1,1513,15
2020-11-11,San Bernardino,071,2135413,76248,70374,778,71152,1182
2020-11-11,San Diego,073,3302833,66796,61746,2128,63874,918
2020-11-11,San Francisco,075,870044,13871,13287,73,13360,146
2020-11-11,San Joaquin,077,732212,23999,23001,347,23348,509
2020-11-11,San Luis Obispo,079,281455,5314,4832,70,4902,33
2020-11-11,San Mateo,081,765935,12757,12008,7,12015,169
2020-11-11,Santa Barbara,083,443738,11091,10278,145,10423,134
2020-11-11,Santa Clara,085,1922200,29354,27075,41,27116,413
2020-11-11,Santa Cruz,087,273765,3560,3247,39,3286,25
2020-11-11,Shasta,089,179085,3808,2766,67,2833,36
2020-11-11,Sierra,091,2930,13,11,0,11,0
2020-11-11,Siskiyou,093,43540,341,261,17,278,0
2020-11-11,Solano,095,438530,8872,8353,43,8396,85
2020-11-11,Sonoma,097,501317,11058,10498,36,10534,150
2020-11-11,Stanislaus,099,539301,19393,18671,1045,19716,422
2020-11-11,Sutter,101,95872,2386,2049,6,2055,12
2020-11-11,Tehama,103,63373,1266,1105,4,1109,7
2020-11-11,Trinity,105,12862,132,62,12,74,0
2020-11-11,Tulare,107,460477,19284,18500,775,19275,305
2020-11-11,Tuolumne,109,53932,599,354,3,357,7
2020-11-11,Ventura,111,848112,16824,15801,485,16286,158
2020-11-11,Yolo,113,214977,3921,3606,10,3616,63
2020-11-11,Yuba,115,75493,1530,1400,6,1406,10
2020-11-10,Alameda,001,1643700,26207,25008,266,25274,424
2020-11-10,Alpine,003,1148,30,9,0,9,0
2020-11-10,Amador,005,37829,419,384,0,384,16
2020-11-10,Butte,007,227075,3546,3327,88,3415,58
2020-11-10,Calaveras,009,45235,375,367,0,367,21
2020-11-10,Colusa,011,21464,606,590,1,591,6
2020-11-10,Contra Costa,013,1133247,21257,20326,113,20439,255
2020-11-10,Del Norte,015,27424,224,196,0,196,2
2020-11-10,El Dorado,017,186661,1748,1551,8,1559,4
2020-11-10,Fresno,019,978130,36616,33024,752,33776,465
2020-11-10,Glenn,021,27897,783,719,12,731,3
2020-11-10,Humboldt,023,135768,680,610,1,611,9
2020-11-10,Imperial,025,180216,14098,13570,20,13590,338
2020-11-10,Inyo,027,18085,266,252,1,253,14
2020-11-10,Kern,029,883053,36411,34858,716,35574,448
2020-11-10,Kings,031,150075,9638,9236,95,9331,85
2020-11-10,Lake,033,64148,807,762,0,762,16
2020-11-10,Lassen,035,31185,1118,830,2,832,0
2020-11-10,Los Angeles,037,10098052,335398,322569,4019,326588,7205
2020-11-10,Madera,039,155013,5542,5229,71,5300,54
2020-11-10,Marin,041,260295,7408,7259,22,7281,133
2020-11-10,Mariposa,043,17540,91,84,0,84,2
2020-11-10,Mendocino,045,87422,1235,1137,3,1140,22
2020-11-10,Merced,047,269075,10402,9992,66,10058,157
2020-11-10,Modoc,049,8938,78,61,13,74,0
2020-11-10,Mono,051,14174,470,443,7,450,2
2020-11-10,Monterey,053,433212,13013,12335,133,12468,100
2020-11-10,Napa,055,140530,2557,2341,7,2348,15
2020-11-10,Nevada,057,99092,884,734,21,755,9
2020-11-10,Orange,059,3164182,66637,62597,2057,64654,1504
2020-11-10,Placer,061,380077,5437,4902,47,4949,60
2020-11-10,Plumas,063,18699,141,108,0,108,0
2020-11-10,Riverside,065,2383286,75877,72316,938,73254,1359
2020-11-10,Sacramento,067,1510023,30553,28677,37,28714,519
2020-11-10,San Benito,069,59416,1593,1508,1,1509,15
2020-11-10,San Bernardino,071,2135413,75079,69666,743,70409,1182
2020-11-10,San Diego,073,3302833,65905,61085,2091,63176,915
2020-11-10,San Francisco,075,870044,13754,13210,73,13283,146
2020-11-10,San Joaquin,077,732212,23835,22865,340,23205,508
2020-11-10,San Luis Obispo,079,281455,5252,4780,66,4846,33
2020-11-10,San Mateo,081,765935,12656,11939,7,11946,169
2020-11-10,Santa Barbara,083,443738,11024,10252,141,10393,134
2020-11-10,Santa Clara,085,1922200,29012,26917,39,26956,409
2020-11-10,Santa Cruz,087,273765,3496,3221,39,3260,25
2020-11-10,Shasta,089,179085,3666,2686,59,2745,36
2020-11-10,Sierra,091,2930,12,10,0,10,0
2020-11-10,Siskiyou,093,43540,325,263,16,279,0
2020-11-10,Solano,095,438530,8774,8299,43,8342,85
2020-11-10,Sonoma,097,501317,10971,10414,36,10450,150
2020-11-10,Stanislaus,099,539301,19259,18592,1021,19613,420
2020-11-10,Sutter,101,95872,2291,2035,5,2040,12
2020-11-10,Tehama,103,63373,1240,1099,3,1102,7
2020-11-10,Trinity,105,12862,123,62,11,73,0
2020-11-10,Tulare,107,460477,19170,18430,751,19181,305
2020-11-10,Tuolumne,109,53932,551,353,3,356,7
2020-11-10,Ventura,111,848112,16641,15625,483,16108,158
2020-11-10,Yolo,113,214977,3860,3573,10,3583,63
2020-11-10,Yuba,115,75493,1507,1392,6,1398,10
2020-11-09,Alameda,001,1643700,25958,24899,262,25161,424
2020-11-09,Alpine,003,1148,28,6,0,6,0
2020-11-09,Amador,005,37829,410,380,0,380,16
2020-11-09,Butte,007,227075,3501,3301,79,3380,57
2020-11-09,Calaveras,009,45235,371,360,0,360,21
2020-11-09,Colusa,011,21464,600,583,1,584,6
2020-11-09,Contra Costa,013,1133247,21084,20193,111,20304,255
2020-11-09,Del Norte,015,27424,218,195,0,195,2
2020-11-09,El Dorado,017,186661,1707,1515,8,1523,4
2020-11-09,Fresno,019,978130,36307,32755,708,33463,465
2020-11-09,Glenn,021,27897,777,714,9,723,3
2020-11-09,Humboldt,023,135768,667,607,1,608,9
2020-11-09,Imperial,025,180216,13981,13508,19,13527,338
2020-11-09,Inyo,027,18085,266,252,1,253,14
2020-11-09,Kern,029,883053,36183,34764,677,35441,448
2020-11-09,Kings,031,150075,9568,9141,93,9234,84
2020-11-09,Lake,033,64148,798,755,0,755,16
2020-11-09,Lassen,035,31185,1022,799,2,801,0
2020-11-09,Los Angeles,037,10098052,332304,320370,3940,324310,7180
2020-11-09,Madera,039,155013,5496,5209,68,5277,54
2020-11-09,Marin,041,260295,7382,7237,21,7258,131
2020-11-09,Mariposa,043,17540,91,84,0,84,2
2020-11-09,Mendocino,045,87422,1223,1132,3,1135,22
2020-11-09,Merced,047,269075,10299,9922,63,9985,157
2020-11-09,Modoc,049,8938,74,54,12,66,0
2020-11-09,Mono,051,14174,467,352,7,359,2
2020-11-09,Monterey,053,433212,12867,12148,125,12273,98
2020-11-09,Napa,055,140530,2514,2309,7,2316,15
2020-11-09,Nevada,057,99092,847,729,20,749,9
2020-11-09,Orange,059,3164182,65997,62335,2045,64380,1501
2020-11-09,Placer,061,380077,5352,4843,35,4878,60
2020-11-09,Plumas,063,18699,134,102,0,102,0
2020-11-09,Riverside,065,2383286,75096,72059,904,72963,1346
2020-11-09,Sacramento,067,1510023,30081,28200,37,28237,516
2020-11-09,San Benito,069,59416,1584,1506,1,1507,15
2020-11-09,San Bernardino,071,2135413,74028,69015,698,69713,1182
2020-11-09,San Diego,073,3302833,65050,60572,2051,62623,908
2020-11-09,San Francisco,075,870044,13635,12984,70,13054,146
2020-11-09,San Joaquin,077,732212,23670,22512,335,22847,505
2020-11-09,San Luis Obispo,079,281455,5168,4746,63,4809,32
2020-11-09,San Mateo,081,765935,12549,11857,7,11864,169
2020-11-09,Santa Barbara,083,443738,10967,10214,135,10349,134
2020-11-09,Santa Clara,085,1922200,28617,26693,39,26732,409
2020-11-09,Santa Cruz,087,273765,3438,3194,39,3233,25
2020-11-09,Shasta,089,179085,3511,2581,50,2631,36
2020-11-09,Sierra,091,2930,10,10,0,10,0
2020-11-09,Siskiyou,093,43540,314,257,14,271,0
2020-11-09,Solano,095,438530,8658,8254,42,8296,85
2020-11-09,Sonoma,097,501317,10863,10310,36,10346,150
2020-11-09,Stanislaus,099,539301,19108,18482,1002,19484,418
2020-11-09,Sutter,101,95872,2223,2010,4,2014,12
2020-11-09,Tehama,103,63373,1204,1071,2,1073,7
2020-11-09,Trinity,105,12862,118,46,11,57,0
2020-11-09,Tulare,107,460477,19050,18272,719,18991,304
2020-11-09,Tuolumne,109,53932,497,346,3,349,7
2020-11-09,Ventura,111,848112,16439,15568,480,16048,156
2020-11-09,Yolo,113,214977,3800,3522,9,3531,62
2020-11-09,Yuba,115,75493,1474,1380,6,1386,10
2020-11-08,Alameda,001,1643700,25730,24731,262,24993,424
2020-11-08,Alpine,003,1148,25,6,0,6,0
2020-11-08,Amador,005,37829,403,376,0,376,16
2020-11-08,Butte,007,227075,3463,3285,73,3358,57
2020-11-08,Calaveras,009,45235,369,360,0,360,21
2020-11-08,Colusa,011,21464,597,583,1,584,6
2020-11-08,Contra Costa,013,1133247,20914,20031,109,20140,254
2020-11-08,Del Norte,015,27424,210,195,0,195,2
2020-11-08,El Dorado,017,186661,1669,1502,8,1510,4
2020-11-08,Fresno,019,978130,35973,32619,669,33288,465
2020-11-08,Glenn,021,27897,771,707,8,715,3
2020-11-08,Humboldt,023,135768,651,605,1,606,9
2020-11-08,Imperial,025,180216,13865,13428,19,13447,338
2020-11-08,Inyo,027,18085,262,252,1,253,14
2020-11-08,Kern,029,883053,35965,34644,659,35303,448
2020-11-08,Kings,031,150075,9435,9026,90,9116,84
2020-11-08,Lake,033,64148,790,754,0,754,16
2020-11-08,Lassen,035,31185,874,799,2,801,0
2020-11-08,Los Angeles,037,10098052,329183,318960,3866,322826,7176
2020-11-08,Madera,039,155013,5428,5196,65,5261,54
2020-11-08,Marin,041,260295,7362,7227,21,7248,131
2020-11-08,Mariposa,043,17540,91,83,0,83,2
2020-11-08,Mendocino,045,87422,1214,1129,3,1132,22
2020-11-08,Merced,047,269075,10224,9885,61,9946,157
2020-11-08,Modoc,049,8938,70,54,12,66,0
2020-11-08,Mono,051,14174,461,352,7,359,2
2020-11-08,Monterey,053,433212,12723,12122,113,12235,98
2020-11-08,Napa,055,140530,2474,2274,7,2281,15
2020-11-08,Nevada,057,99092,831,715,20,735,9
2020-11-08,Orange,059,3164182,65410,62034,2031,64065,1501
2020-11-08,Placer,061,380077,5249,4800,30,4830,60
2020-11-08,Plumas,063,18699,129,102,0,102,0
2020-11-08,Riverside,065,2383286,74444,71442,861,72303,1345
2020-11-08,Sacramento,067,1510023,29521,28059,34,28093,515
2020-11-08,San Benito,069,59416,1569,1496,1,1497,15
2020-11-08,San Bernardino,071,2135413,72786,68412,651,69063,1182
2020-11-08,San Diego,073,3302833,64205,60199,2007,62206,908
2020-11-08,San Francisco,075,870044,13504,12985,65,13050,146
2020-11-08,San Joaquin,077,732212,23477,22514,331,22845,505
2020-11-08,San Luis Obispo,079,281455,5102,4698,58,4756,32
2020-11-08,San Mateo,081,765935,12430,11783,7,11790,169
2020-11-08,Santa Barbara,083,443738,10897,10180,133,10313,134
2020-11-08,Santa Clara,085,1922200,28243,26442,38,26480,410
2020-11-08,Santa Cruz,087,273765,3381,3134,39,3173,25
2020-11-08,Shasta,089,179085,3375,2582,44,2626,36
2020-11-08,Sierra,091,2930,10,7,0,7,0
2020-11-08,Siskiyou,093,43540,302,246,13,259,0
2020-11-08,Solano,095,438530,8537,8132,41,8173,85
2020-11-08,Sonoma,097,501317,10756,10229,36,10265,149
2020-11-08,Stanislaus,099,539301,18936,18413,979,19392,418
2020-11-08,Sutter,101,95872,2166,1980,4,1984,12
2020-11-08,Tehama,103,63373,1180,1054,2,1056,7
2020-11-08,Trinity,105,12862,115,46,11,57,0
2020-11-08,Tulare,107,460477,18909,18272,686,18958,304
2020-11-08,Tuolumne,109,53932,470,341,3,344,7
2020-11-08,Ventura,111,848112,16244,15504,472,15976,156
2020-11-08,Yolo,113,214977,3739,3492,9,3501,61
2020-11-08,Yuba,115,75493,1453,1369,6,1375,10
2020-11-07,Alameda,001,1643700,25620,24578,260,24838,424
2020-11-07,Alpine,003,1148,25,6,0,6,0
2020-11-07,Amador,005,37829,400,375,0,375,16
2020-11-07,Butte,007,227075,3451,3277,68,3345,57
2020-11-07,Calaveras,009,45235,367,360,0,360,21
2020-11-07,Colusa,011,21464,597,583,1,584,6
2020-11-07,Contra Costa,013,1133247,20813,19943,108,20051,254
2020-11-07,Del Norte,015,27424,206,194,0,194,2
2020-11-07,El Dorado,017,186661,1644,1495,7,1502,4
2020-11-07,Fresno,019,978130,35820,32497,647,33144,465
2020-11-07,Glenn,021,27897,763,707,8,715,3
2020-11-07,Humboldt,023,135768,640,590,1,591,9
2020-11-07,Imperial,025,180216,13807,13388,18,13406,338
2020-11-07,Inyo,027,18085,260,252,1,253,14
2020-11-07,Kern,029,883053,35811,34513,648,35161,448
2020-11-07,Kings,031,150075,9402,9005,84,9089,84
2020-11-07,Lake,033,64148,786,751,0,751,16
2020-11-07,Lassen,035,31185,858,799,2,801,0
2020-11-07,Los Angeles,037,10098052,327682,316756,3792,320548,7174
2020-11-07,Madera,039,155013,5406,5177,63,5240,54
2020-11-07,Marin,041,260295,7351,7215,21,7236,131
2020-11-07,Mariposa,043,17540,91,81,0,81,2
2020-11-07,Mendocino,045,87422,1204,1118,3,1121,22
2020-11-07,Merced,047,269075,10192,9855,57,9912,157
2020-11-07,Modoc,049,8938,70,51,12,63,0
2020-11-07,Mono,051,14174,458,352,7,359,2
2020-11-07,Monterey,053,433212,12654,12030,109,12139,98
2020-11-07,Napa,055,140530,2444,2260,6,2266,15
2020-11-07,Nevada,057,99092,815,710,20,730,9
2020-11-07,Orange,059,3164182,65124,62038,2024,64062,1505
2020-11-07,Placer,061,380077,5186,4745,30,4775,60
2020-11-07,Plumas,063,18699,127,94,0,94,0
2020-11-07,Riverside,065,2383286,74051,71153,831,71984,1345
2020-11-07,Sacramento,067,1510023,29271,27773,34,27807,515
2020-11-07,San Benito,069,59416,1557,1489,1,1490,15
2020-11-07,San Bernardino,071,2135413,72271,67935,640,68575,1182
2020-11-07,San Diego,073,3302833,63693,59682,1975,61657,909
2020-11-07,San Francisco,075,870044,13443,12980,64,13044,146
2020-11-07,San Joaquin,077,732212,23369,22517,324,22841,505
2020-11-07,San Luis Obispo,079,281455,5053,4668,55,4723,32
2020-11-07,San Mateo,081,765935,12367,11711,7,11718,169
2020-11-07,Santa Barbara,083,443738,10855,10157,131,10288,134
2020-11-07,Santa Clara,085,1922200,28038,26244,37,26281,410
2020-11-07,Santa Cruz,087,273765,3343,3130,39,3169,25
2020-11-07,Shasta,089,179085,3306,2547,42,2589,36
2020-11-07,Sierra,091,2930,10,7,0,7,0
2020-11-07,Siskiyou,093,43540,298,241,13,254,0
2020-11-07,Solano,095,438530,8485,8066,41,8107,85
2020-11-07,Sonoma,097,501317,10710,10200,36,10236,149
2020-11-07,Stanislaus,099,539301,18828,18386,961,19347,418
2020-11-07,Sutter,101,95872,2126,1973,4,1977,12
2020-11-07,Tehama,103,63373,1156,1043,2,1045,7
2020-11-07,Trinity,105,12862,115,42,10,52,0
2020-11-07,Tulare,107,460477,18854,18229,668,18897,304
2020-11-07,Tuolumne,109,53932,459,327,3,330,7
2020-11-07,Ventura,111,848112,16184,15364,467,15831,156
2020-11-07,Yolo,113,214977,3708,3486,9,3495,61
2020-11-07,Yuba,115,75493,1438,1349,6,1355,10
2020-11-06,Alameda,001,1643700,25488,24389,258,24647,420
2020-11-06,Alpine,003,1148,25,6,0,6,0
2020-11-06,Amador,005,37829,398,369,0,369,16
2020-11-06,Butte,007,227075,3426,3254,60,3314,57
2020-11-06,Calaveras,009,45235,366,359,0,359,21
2020-11-06,Colusa,011,21464,595,580,1,581,6
2020-11-06,Contra Costa,013,1133247,20664,19744,108,19852,252
2020-11-06,Del Norte,015,27424,203,194,0,194,2
2020-11-06,El Dorado,017,186661,1618,1475,7,1482,4
2020-11-06,Fresno,019,978130,35632,32278,630,32908,460
2020-11-06,Glenn,021,27897,757,707,7,714,3
2020-11-06,Humboldt,023,135768,637,587,1,588,9
2020-11-06,Imperial,025,180216,13754,13230,18,13248,338
2020-11-06,Inyo,027,18085,258,246,1,247,14
2020-11-06,Kern,029,883053,35648,34360,629,34989,443
2020-11-06,Kings,031,150075,9379,8883,81,8964,83
2020-11-06,Lake,033,64148,785,741,0,741,16
2020-11-06,Lassen,035,31185,850,794,2,796,0
2020-11-06,Los Angeles,037,10098052,325713,314356,3736,318092,7160
2020-11-06,Madera,039,155013,5390,5136,62,5198,54
2020-11-06,Marin,041,260295,7330,7184,21,7205,131
2020-11-06,Mariposa,043,17540,90,79,0,79,2
2020-11-06,Mendocino,045,87422,1199,1113,3,1116,22
2020-11-06,Merced,047,269075,10153,9778,53,9831,157
2020-11-06,Modoc,049,8938,70,48,12,60,0
2020-11-06,Mono,051,14174,452,308,7,315,1
2020-11-06,Monterey,053,433212,12537,11914,108,12022,96
2020-11-06,Napa,055,140530,2419,2189,6,2195,15
2020-11-06,Nevada,057,99092,802,692,19,711,9
2020-11-06,Orange,059,3164182,64821,61049,2014,63063,1494
2020-11-06,Placer,061,380077,5113,4680,30,4710,60
2020-11-06,Plumas,063,18699,122,90,0,90,0
2020-11-06,Riverside,065,2383286,73604,70409,787,71196,1341
2020-11-06,Sacramento,067,1510023,28979,27489,32,27521,514
2020-11-06,San Benito,069,59416,1548,1479,1,1480,15
2020-11-06,San Bernardino,071,2135413,71675,66740,619,67359,1179
2020-11-06,San Diego,073,3302833,63170,59143,1943,61086,907
2020-11-06,San Francisco,075,870044,13373,12825,63,12888,146
2020-11-06,San Joaquin,077,732212,23283,22424,314,22738,502
2020-11-06,San Luis Obispo,079,281455,4988,4531,49,4580,32
2020-11-06,San Mateo,081,765935,12292,11587,7,11594,168
2020-11-06,Santa Barbara,083,443738,10819,10118,126,10244,133
2020-11-06,Santa Clara,085,1922200,27795,25831,37,25868,402
2020-11-06,Santa Cruz,087,273765,3306,3063,39,3102,25
2020-11-06,Shasta,089,179085,3234,2475,40,2515,35
2020-11-06,Sierra,091,2930,9,7,0,7,0
2020-11-06,Siskiyou,093,43540,285,237,12,249,0
2020-11-06,Solano,095,438530,8420,7959,41,8000,85
2020-11-06,Sonoma,097,501317,10660,10142,36,10178,149
2020-11-06,Stanislaus,099,539301,18740,18250,952,19202,417
2020-11-06,Sutter,101,95872,2099,1937,2,1939,12
2020-11-06,Tehama,103,63373,1135,1024,2,1026,6
2020-11-06,Trinity,105,12862,112,41,10,51,0
2020-11-06,Tulare,107,460477,18792,18136,641,18777,300
2020-11-06,Tuolumne,109,53932,438,316,3,319,5
2020-11-06,Ventura,111,848112,16098,15222,464,15686,154
2020-11-06,Yolo,113,214977,3679,3420,9,3429,62
2020-11-06,Yuba,115,75493,1425,1335,6,1341,10
2020-11-05,Alameda,001,1643700,25310,24270,258,24528,420
2020-11-05,Alpine,003,1148,25,6,0,6,0
2020-11-05,Amador,005,37829,395,363,0,363,16
2020-11-05,Butte,007,227075,3403,3239,54,3293,57
2020-11-05,Calaveras,009,45235,359,333,0,333,19
2020-11-05,Colusa,011,21464,591,574,1,575,6
2020-11-05,Contra Costa,013,1133247,20482,19656,106,19762,252
2020-11-05,Del Norte,015,27424,201,192,0,192,2
2020-11-05,El Dorado,017,186661,1594,1466,7,1473,4
2020-11-05,Fresno,019,978130,35395,32056,607,32663,460
2020-11-05,Glenn,021,27897,737,702,7,709,3
2020-11-05,Humboldt,023,135768,626,581,1,582,9
2020-11-05,Imperial,025,180216,13662,13178,17,13195,337
2020-11-05,Inyo,027,18085,258,247,1,248,14
2020-11-05,Kern,029,883053,35448,34232,615,34847,443
2020-11-05,Kings,031,150075,9224,8846,78,8924,83
2020-11-05,Lake,033,64148,781,739,0,739,16
2020-11-05,Lassen,035,31185,819,782,2,784,0
2020-11-05,Los Angeles,037,10098052,323360,312381,3680,316061,7146
2020-11-05,Madera,039,155013,5351,5129,59,5188,54
2020-11-05,Marin,041,260295,7308,7171,21,7192,131
2020-11-05,Mariposa,043,17540,89,79,0,79,2
2020-11-05,Mendocino,045,87422,1187,1112,3,1115,22
2020-11-05,Merced,047,269075,10094,9753,48,9801,155
2020-11-05,Modoc,049,8938,69,47,11,58,0
2020-11-05,Mono,051,14174,450,307,7,314,1
2020-11-05,Monterey,053,433212,12429,11784,104,11888,96
2020-11-05,Napa,055,140530,2392,2158,6,2164,15
2020-11-05,Nevada,057,99092,780,687,18,705,9
2020-11-05,Orange,059,3164182,64375,60740,2004,62744,1484
2020-11-05,Placer,061,380077,5044,4627,25,4652,60
2020-11-05,Plumas,063,18699,114,90,0,90,0
2020-11-05,Riverside,065,2383286,72894,70094,727,70821,1338
2020-11-05,Sacramento,067,1510023,28597,27232,31,27263,512
2020-11-05,San Benito,069,59416,1533,1477,1,1478,15
2020-11-05,San Bernardino,071,2135413,70850,66407,604,67011,1174
2020-11-05,San Diego,073,3302833,62544,58659,1917,60576,904
2020-11-05,San Francisco,075,870044,13261,12726,62,12788,146
2020-11-05,San Joaquin,077,732212,23120,22318,309,22627,502
2020-11-05,San Luis Obispo,079,281455,4920,4459,47,4506,32
2020-11-05,San Mateo,081,765935,12198,11535,7,11542,168
2020-11-05,Santa Barbara,083,443738,10774,10080,122,10202,133
2020-11-05,Santa Clara,085,1922200,27527,25651,37,25688,402
2020-11-05,Santa Cruz,087,273765,3268,3023,39,3062,25
2020-11-05,Shasta,089,179085,3144,2401,39,2440,34
2020-11-05,Sierra,091,2930,9,6,0,6,0
2020-11-05,Siskiyou,093,43540,274,228,12,240,0
2020-11-05,Solano,095,438530,8337,7842,41,7883,85
2020-11-05,Sonoma,097,501317,10548,10064,35,10099,145
2020-11-05,Stanislaus,099,539301,18626,18194,939,19133,417
2020-11-05,Sutter,101,95872,2067,1925,2,1927,12
2020-11-05,Tehama,103,63373,1113,1015,2,1017,6
2020-11-05,Trinity,105,12862,98,41,10,51,0
2020-11-05,Tulare,107,460477,18708,18049,609,18658,301
2020-11-05,Tuolumne,109,53932,409,312,3,315,5
2020-11-05,Ventura,111,848112,15932,15113,453,15566,155
2020-11-05,Yolo,113,214977,3629,3391,9,3400,61
2020-11-05,Yuba,115,75493,1407,1322,6,1328,10
2020-11-04,Alameda,001,1643700,25132,24172,256,24428,418
2020-11-04,Alpine,003,1148,21,5,0,5,0
2020-11-04,Amador,005,37829,392,362,0,362,16
2020-11-04,Butte,007,227075,3377,3218,51,3269,57
2020-11-04,Calaveras,009,45235,356,290,0,290,19
2020-11-04,Colusa,011,21464,589,571,1,572,6
2020-11-04,Contra Costa,013,1133247,20315,19472,102,19574,251
2020-11-04,Del Norte,015,27424,197,188,0,188,2
2020-11-04,El Dorado,017,186661,1579,1448,4,1452,4
2020-11-04,Fresno,019,978130,35165,31952,578,32530,457
2020-11-04,Glenn,021,27897,733,701,6,707,3
2020-11-04,Humboldt,023,135768,617,571,1,572,9
2020-11-04,Imperial,025,180216,13564,13087,17,13104,335
2020-11-04,Inyo,027,18085,257,247,1,248,14
2020-11-04,Kern,029,883053,35294,34027,603,34630,439
2020-11-04,Kings,031,150075,9190,8817,76,8893,83
2020-11-04,Lake,033,64148,774,735,0,735,16
2020-11-04,Lassen,035,31185,814,781,2,783,0
2020-11-04,Los Angeles,037,10098052,321059,310456,3591,314047,7124
2020-11-04,Madera,039,155013,5331,5083,55,5138,54
2020-11-04,Marin,041,260295,7296,7157,21,7178,131
2020-11-04,Mariposa,043,17540,89,79,0,79,2
2020-11-04,Mendocino,045,87422,1169,1089,3,1092,22
2020-11-04,Merced,047,269075,10044,9717,46,9763,153
2020-11-04,Modoc,049,8938,59,47,11,58,0
2020-11-04,Mono,051,14174,447,237,6,243,1
2020-11-04,Monterey,053,433212,12225,11743,97,11840,96
2020-11-04,Napa,055,140530,2338,2133,6,2139,15
2020-11-04,Nevada,057,99092,761,675,18,693,9
2020-11-04,Orange,059,3164182,63942,60463,1980,62443,1483
2020-11-04,Placer,061,380077,4965,4526,22,4548,60
2020-11-04,Plumas,063,18699,112,88,0,88,0
2020-11-04,Riverside,065,2383286,72279,69562,666,70228,1335
2020-11-04,Sacramento,067,1510023,28246,27005,30,27035,510
2020-11-04,San Benito,069,59416,1518,1464,1,1465,15
2020-11-04,San Bernardino,071,2135413,70055,65891,579,66470,1169
2020-11-04,San Diego,073,3302833,61899,58126,1891,60017,904
2020-11-04,San Francisco,075,870044,13177,12649,59,12708,146
2020-11-04,San Joaquin,077,732212,22983,22197,296,22493,500
2020-11-04,San Luis Obispo,079,281455,4853,4389,45,4434,32
2020-11-04,San Mateo,081,765935,12103,11456,7,11463,168
2020-11-04,Santa Barbara,083,443738,10736,10026,121,10147,132
2020-11-04,Santa Clara,085,1922200,27264,25487,37,25524,393
2020-11-04,Santa Cruz,087,273765,3231,2997,39,3036,25
2020-11-04,Shasta,089,179085,3013,2321,34,2355,34
2020-11-04,Sierra,091,2930,9,6,0,6,0
2020-11-04,Siskiyou,093,43540,265,222,12,234,0
2020-11-04,Solano,095,438530,8238,7733,41,7774,85
2020-11-04,Sonoma,097,501317,10454,9965,35,10000,142
2020-11-04,Stanislaus,099,539301,18510,18114,923,19037,416
2020-11-04,Sutter,101,95872,2033,1916,2,1918,12
2020-11-04,Tehama,103,63373,1089,997,2,999,6
2020-11-04,Trinity,105,12862,95,37,10,47,0
2020-11-04,Tulare,107,460477,18600,17952,581,18533,298
2020-11-04,Tuolumne,109,53932,387,310,3,313,5
2020-11-04,Ventura,111,848112,15792,14936,449,15385,155
2020-11-04,Yolo,113,214977,3588,3361,9,3370,62
2020-11-04,Yuba,115,75493,1386,1312,6,1318,10
2020-11-03,Alameda,001,1643700,24948,24055,254,24309,418
2020-11-03,Alpine,003,1148,20,4,0,4,0
2020-11-03,Amador,005,37829,387,361,0,361,16
2020-11-03,Butte,007,227075,3354,3211,45,3256,57
2020-11-03,Calaveras,009,45235,352,287,0,287,19
2020-11-03,Colusa,011,21464,584,572,1,573,6
2020-11-03,Contra Costa,013,1133247,20160,19416,102,19518,250
2020-11-03,Del Norte,015,27424,196,187,0,187,2
2020-11-03,El Dorado,017,186661,1557,1445,3,1448,4
2020-11-03,Fresno,019,978130,34898,31856,554,32410,457
2020-11-03,Glenn,021,27897,727,698,6,704,3
2020-11-03,Humboldt,023,135768,611,570,1,571,8
2020-11-03,Imperial,025,180216,13475,13044,16,13060,335
2020-11-03,Inyo,027,18085,256,244,1,245,14
2020-11-03,Kern,029,883053,35104,33957,591,34548,439
2020-11-03,Kings,031,150075,9027,8783,71,8854,83
2020-11-03,Lake,033,64148,764,732,0,732,16
2020-11-03,Lassen,035,31185,805,782,2,784,0
2020-11-03,Los Angeles,037,10098052,318608,308812,3517,312329,7104
2020-11-03,Madera,039,155013,5294,5058,54,5112,54
2020-11-03,Marin,041,260295,7276,7147,20,7167,131
2020-11-03,Mariposa,043,17540,88,79,0,79,2
2020-11-03,Mendocino,045,87422,1154,1084,3,1087,22
2020-11-03,Merced,047,269075,9991,9713,45,9758,153
2020-11-03,Modoc,049,8938,57,47,9,56,0
2020-11-03,Mono,051,14174,443,210,6,216,1
2020-11-03,Monterey,053,433212,12156,11703,90,11793,94
2020-11-03,Napa,055,140530,2302,2130,6,2136,15
2020-11-03,Nevada,057,99092,741,670,17,687,9
2020-11-03,Orange,059,3164182,63514,60283,1969,62252,1477
2020-11-03,Placer,061,380077,4891,4514,22,4536,60
2020-11-03,Plumas,063,18699,109,86,0,86,0
2020-11-03,Riverside,065,2383286,71663,69300,638,69938,1325
2020-11-03,Sacramento,067,1510023,27866,26841,29,26870,510
2020-11-03,San Benito,069,59416,1508,1463,1,1464,15
2020-11-03,San Bernardino,071,2135413,69246,65320,570,65890,1159
2020-11-03,San Diego,073,3302833,61223,57722,1847,59569,901
2020-11-03,San Francisco,075,870044,13054,12585,58,12643,146
2020-11-03,San Joaquin,077,732212,22849,22109,290,22399,500
2020-11-03,San Luis Obispo,079,281455,4770,4371,43,4414,32
2020-11-03,San Mateo,081,765935,12008,11406,7,11413,162
2020-11-03,Santa Barbara,083,443738,10682,10008,115,10123,132
2020-11-03,Santa Clara,085,1922200,26990,25386,36,25422,393
2020-11-03,Santa Cruz,087,273765,3181,2980,38,3018,25
2020-11-03,Shasta,089,179085,2918,2288,28,2316,33
2020-11-03,Sierra,091,2930,7,6,0,6,0
2020-11-03,Siskiyou,093,43540,261,219,11,230,0
2020-11-03,Solano,095,438530,8155,7691,41,7732,85
2020-11-03,Sonoma,097,501317,10352,9906,35,9941,142
2020-11-03,Stanislaus,099,539301,18391,18080,910,18990,416
2020-11-03,Sutter,101,95872,2000,1914,2,1916,12
2020-11-03,Tehama,103,63373,1068,988,2,990,6
2020-11-03,Trinity,105,12862,88,36,9,45,0
2020-11-03,Tulare,107,460477,18497,17890,553,18443,297
2020-11-03,Tuolumne,109,53932,364,302,3,305,5
2020-11-03,Ventura,111,848112,15665,14816,442,15258,155
2020-11-03,Yolo,113,214977,3537,3343,9,3352,61
2020-11-03,Yuba,115,75493,1373,1295,6,1301,10
2020-11-02,Alameda,001,1643700,24752,23991,251,24242,419
2020-11-02,Alpine,003,1148,17,4,0,4,0
2020-11-02,Amador,005,37829,379,357,0,357,16
2020-11-02,Butte,007,227075,3334,3198,42,3240,57
2020-11-02,Calaveras,009,45235,352,282,0,282,18
2020-11-02,Colusa,011,21464,579,571,1,572,6
2020-11-02,Contra Costa,013,1133247,20006,19339,101,19440,250
2020-11-02,Del Norte,015,27424,193,175,0,175,2
2020-11-02,El Dorado,017,186661,1533,1405,3,1408,4
2020-11-02,Fresno,019,978130,34629,31738,536,32274,451
2020-11-02,Glenn,021,27897,721,692,5,697,3
2020-11-02,Humboldt,023,135768,602,569,1,570,8
2020-11-02,Imperial,025,180216,13395,13004,15,13019,334
2020-11-02,Inyo,027,18085,253,243,1,244,14
2020-11-02,Kern,029,883053,34947,33834,581,34415,437
2020-11-02,Kings,031,150075,8997,8654,68,8722,82
2020-11-02,Lake,033,64148,758,728,0,728,17
2020-11-02,Lassen,035,31185,797,782,2,784,0
2020-11-02,Los Angeles,037,10098052,316265,307620,3436,311056,7079
2020-11-02,Madera,039,155013,5264,5033,53,5086,54
2020-11-02,Marin,041,260295,7258,7132,19,7151,125
2020-11-02,Mariposa,043,17540,88,79,0,79,2
2020-11-02,Mendocino,045,87422,1140,1076,3,1079,21
2020-11-02,Merced,047,269075,9929,9664,39,9703,152
2020-11-02,Modoc,049,8938,54,45,5,50,0
2020-11-02,Mono,051,14174,441,211,6,217,1
2020-11-02,Monterey,053,433212,12049,11602,87,11689,93
2020-11-02,Napa,055,140530,2260,2081,6,2087,15
2020-11-02,Nevada,057,99092,725,656,17,673,9
2020-11-02,Orange,059,3164182,63111,59996,1950,61946,1474
2020-11-02,Placer,061,380077,4823,4461,20,4481,60
2020-11-02,Plumas,063,18699,101,86,0,86,0
2020-11-02,Riverside,065,2383286,71032,68833,597,69430,1321
2020-11-02,Sacramento,067,1510023,27524,26676,27,26703,508
2020-11-02,San Benito,069,59416,1496,1459,1,1460,15
2020-11-02,San Bernardino,071,2135413,68391,64629,559,65188,1157
2020-11-02,San Diego,073,3302833,60500,57429,1802,59231,891
2020-11-02,San Francisco,075,870044,12957,12436,57,12493,145
2020-11-02,San Joaquin,077,732212,22710,21919,281,22200,500
2020-11-02,San Luis Obispo,079,281455,4670,4303,40,4343,31
2020-11-02,San Mateo,081,765935,11899,11328,7,11335,161
2020-11-02,Santa Barbara,083,443738,10641,9985,110,10095,130
2020-11-02,Santa Clara,085,1922200,26702,25222,36,25258,387
2020-11-02,Santa Cruz,087,273765,3139,2943,38,2981,25
2020-11-02,Shasta,089,179085,2813,2174,24,2198,33
2020-11-02,Sierra,091,2930,7,6,0,6,0
2020-11-02,Siskiyou,093,43540,251,216,11,227,0
2020-11-02,Solano,095,438530,8037,7665,41,7706,84
2020-11-02,Sonoma,097,501317,10269,9796,34,9830,140
2020-11-02,Stanislaus,099,539301,18295,18005,901,18906,412
2020-11-02,Sutter,101,95872,1976,1895,2,1897,12
2020-11-02,Tehama,103,63373,1045,971,2,973,6
2020-11-02,Trinity,105,12862,83,30,9,39,0
2020-11-02,Tulare,107,460477,18405,17774,531,18305,299
2020-11-02,Tuolumne,109,53932,344,302,3,305,5
2020-11-02,Ventura,111,848112,15529,14767,423,15190,156
2020-11-02,Yolo,113,214977,3488,3318,9,3327,61
2020-11-02,Yuba,115,75493,1360,1280,6,1286,10
2020-11-01,Alameda,001,1643700,24590,23892,249,24141,419
2020-11-01,Alpine,003,1148,11,4,0,4,0
2020-11-01,Amador,005,37829,376,352,0,352,16
2020-11-01,Butte,007,227075,3311,3185,40,3225,57
2020-11-01,Calaveras,009,45235,351,282,0,282,18
2020-11-01,Colusa,011,21464,577,567,1,568,6
2020-11-01,Contra Costa,013,1133247,19832,19246,100,19346,250
2020-11-01,Del Norte,015,27424,189,175,0,175,2
2020-11-01,El Dorado,017,186661,1517,1394,3,1397,4
2020-11-01,Fresno,019,978130,34375,31613,518,32131,451
2020-11-01,Glenn,021,27897,712,688,3,691,3
2020-11-01,Humboldt,023,135768,594,568,1,569,8
2020-11-01,Imperial,025,180216,13304,12969,13,12982,334
2020-11-01,Inyo,027,18085,251,241,1,242,14
2020-11-01,Kern,029,883053,34767,33760,474,34234,437
2020-11-01,Kings,031,150075,8959,8641,67,8708,82
2020-11-01,Lake,033,64148,752,727,0,727,17
2020-11-01,Lassen,035,31185,797,782,2,784,0
2020-11-01,Los Angeles,037,10098052,313705,306217,3337,309554,7077
2020-11-01,Madera,039,155013,5216,5019,51,5070,54
2020-11-01,Marin,041,260295,7241,7124,19,7143,125
2020-11-01,Mariposa,043,17540,84,79,0,79,2
2020-11-01,Mendocino,045,87422,1127,1074,3,1077,21
2020-11-01,Merced,047,269075,9868,9626,39,9665,152
2020-11-01,Modoc,049,8938,53,45,5,50,0
2020-11-01,Mono,051,14174,412,211,5,216,1
2020-11-01,Monterey,053,433212,11941,11587,84,11671,93
2020-11-01,Napa,055,140530,2226,2067,6,2073,15
2020-11-01,Nevada,057,99092,709,646,16,662,9
2020-11-01,Orange,059,3164182,62709,59733,1922,61655,1475
2020-11-01,Placer,061,380077,4757,4422,19,4441,58
2020-11-01,Plumas,063,18699,96,86,0,86,0
2020-11-01,Riverside,065,2383286,70403,68493,561,69054,1319
2020-11-01,Sacramento,067,1510023,27203,26442,27,26469,508
2020-11-01,San Benito,069,59416,1481,1451,1,1452,15
2020-11-01,San Bernardino,071,2135413,67550,64339,537,64876,1157
2020-11-01,San Diego,073,3302833,59812,57122,1762,58884,891
2020-11-01,San Francisco,075,870044,12834,12436,52,12488,145
2020-11-01,San Joaquin,077,732212,22581,21919,275,22194,500
2020-11-01,San Luis Obispo,079,281455,4590,4303,39,4342,31
2020-11-01,San Mateo,081,765935,11819,11280,7,11287,160
2020-11-01,Santa Barbara,083,443738,10590,9969,94,10063,130
2020-11-01,Santa Clara,085,1922200,26424,25090,36,25126,386
2020-11-01,Santa Cruz,087,273765,3086,2921,38,2959,25
2020-11-01,Shasta,089,179085,2677,2172,23,2195,33
2020-11-01,Sierra,091,2930,7,6,0,6,0
2020-11-01,Siskiyou,093,43540,246,205,11,216,0
2020-11-01,Solano,095,438530,7947,7591,41,7632,84
2020-11-01,Sonoma,097,501317,10177,9688,34,9722,140
2020-11-01,Stanislaus,099,539301,18194,17961,881,18842,412
2020-11-01,Sutter,101,95872,1950,1888,1,1889,12
2020-11-01,Tehama,103,63373,1028,965,2,967,5
2020-11-01,Trinity,105,12862,81,30,8,38,0
2020-11-01,Tulare,107,460477,18293,17774,500,18274,299
2020-11-01,Tuolumne,109,53932,322,295,3,298,5
2020-11-01,Ventura,111,848112,15383,14686,388,15074,156
2020-11-01,Yolo,113,214977,3440,3303,9,3312,60
2020-11-01,Yuba,115,75493,1343,1273,6,1279,10
2020-10-31,Alameda,001,1643700,24475,23780,245,24025,416
2020-10-31,Alpine,003,1148,11,4,0,4,0
2020-10-31,Amador,005,37829,372,347,0,347,16
2020-10-31,Butte,007,227075,3298,3172,38,3210,57
2020-10-31,Calaveras,009,45235,351,280,0,280,18
2020-10-31,Colusa,011,21464,575,555,1,556,6
2020-10-31,Contra Costa,013,1133247,19726,19161,100,19261,249
2020-10-31,Del Norte,015,27424,188,175,0,175,2
2020-10-31,El Dorado,017,186661,1508,1390,3,1393,4
2020-10-31,Fresno,019,978130,34239,31558,514,32072,451
2020-10-31,Glenn,021,27897,710,678,3,681,3
2020-10-31,Humboldt,023,135768,591,561,1,562,8
2020-10-31,Imperial,025,180216,13262,12912,13,12925,334
2020-10-31,Inyo,027,18085,250,241,1,242,14
2020-10-31,Kern,029,883053,34664,33666,464,34130,437
2020-10-31,Kings,031,150075,8938,8612,65,8677,82
2020-10-31,Lake,033,64148,748,724,0,724,16
2020-10-31,Lassen,035,31185,792,782,2,784,0
2020-10-31,Los Angeles,037,10098052,312335,304704,3292,307996,7073
2020-10-31,Madera,039,155013,5198,5013,48,5061,54
2020-10-31,Marin,041,260295,7225,7112,19,7131,125
2020-10-31,Mariposa,043,17540,84,79,0,79,2
2020-10-31,Mendocino,045,87422,1119,1066,3,1069,21
2020-10-31,Merced,047,269075,9835,9597,38,9635,151
2020-10-31,Modoc,049,8938,52,34,4,38,0
2020-10-31,Mono,051,14174,263,194,4,198,1
2020-10-31,Monterey,053,433212,11873,11539,80,11619,93
2020-10-31,Napa,055,140530,2207,2040,6,2046,15
2020-10-31,Nevada,057,99092,691,644,16,660,9
2020-10-31,Orange,059,3164182,62450,59488,1904,61392,1473
2020-10-31,Placer,061,380077,4707,4374,18,4392,58
2020-10-31,Plumas,063,18699,95,85,0,85,0
2020-10-31,Riverside,065,2383286,70047,68178,538,68716,1319
2020-10-31,Sacramento,067,1510023,27004,26316,25,26341,507
2020-10-31,San Benito,069,59416,1474,1448,1,1449,15
2020-10-31,San Bernardino,071,2135413,67125,64016,527,64543,1157
2020-10-31,San Diego,073,3302833,59359,56769,1734,58503,891
2020-10-31,San Francisco,075,870044,12760,12438,51,12489,145
2020-10-31,San Joaquin,077,732212,22506,21918,266,22184,500
2020-10-31,San Luis Obispo,079,281455,4521,4285,36,4321,31
2020-10-31,San Mateo,081,765935,11767,11253,7,11260,160
2020-10-31,Santa Barbara,083,443738,10562,9957,86,10043,130
2020-10-31,Santa Clara,085,1922200,26256,24957,36,24993,379
2020-10-31,Santa Cruz,087,273765,3051,2895,37,2932,25
2020-10-31,Shasta,089,179085,2627,2122,22,2144,33
2020-10-31,Sierra,091,2930,7,6,0,6,0
2020-10-31,Siskiyou,093,43540,244,200,11,211,0
2020-10-31,Solano,095,438530,7883,7545,41,7586,84
2020-10-31,Sonoma,097,501317,10124,9648,34,9682,140
2020-10-31,Stanislaus,099,539301,18132,17920,864,18784,412
2020-10-31,Sutter,101,95872,1941,1876,1,1877,12
2020-10-31,Tehama,103,63373,1018,953,2,955,5
2020-10-31,Trinity,105,12862,78,30,8,38,0
2020-10-31,Tulare,107,460477,18244,17758,492,18250,299
2020-10-31,Tuolumne,109,53932,315,290,3,293,5
2020-10-31,Ventura,111,848112,15300,14635,369,15004,155
2020-10-31,Yolo,113,214977,3405,3290,9,3299,60
2020-10-31,Yuba,115,75493,1327,1260,5,1265,10
2020-10-30,Alameda,001,1643700,24396,23676,242,23918,401
2020-10-30,Alpine,003,1148,11,4,0,4,0
2020-10-30,Amador,005,37829,372,344,0,344,16
2020-10-30,Butte,007,227075,3293,3160,38,3198,57
2020-10-30,Calaveras,009,45235,350,279,0,279,18
2020-10-30,Colusa,011,21464,573,554,1,555,6
2020-10-30,Contra Costa,013,1133247,19654,19074,100,19174,249
2020-10-30,Del Norte,015,27424,187,175,0,175,2
2020-10-30,El Dorado,017,186661,1495,1386,3,1389,4
2020-10-30,Fresno,019,978130,34118,31409,506,31915,446
2020-10-30,Glenn,021,27897,704,674,2,676,3
2020-10-30,Humboldt,023,135768,590,561,1,562,7
2020-10-30,Imperial,025,180216,13221,12853,13,12866,334
2020-10-30,Inyo,027,18085,249,241,1,242,14
2020-10-30,Kern,029,883053,34571,33583,463,34046,437
2020-10-30,Kings,031,150075,8928,8564,63,8627,82
2020-10-30,Lake,033,64148,748,720,0,720,16
2020-10-30,Lassen,035,31185,786,777,2,779,0
2020-10-30,Los Angeles,037,10098052,310902,303425,3253,306678,7060
2020-10-30,Madera,039,155013,5186,4991,46,5037,54
2020-10-30,Marin,041,260295,7205,7097,19,7116,125
2020-10-30,Mariposa,043,17540,84,78,0,78,2
2020-10-30,Mendocino,045,87422,1117,1062,3,1065,21
2020-10-30,Merced,047,269075,9803,9539,38,9577,150
2020-10-30,Modoc,049,8938,51,34,3,37,0
2020-10-30,Mono,051,14174,262,193,4,197,1
2020-10-30,Monterey,053,433212,11811,11491,74,11565,92
2020-10-30,Napa,055,140530,2189,2028,6,2034,15
2020-10-30,Nevada,057,99092,685,634,16,650,9
2020-10-30,Orange,059,3164182,62209,59334,1891,61225,1469
2020-10-30,Placer,061,380077,4660,4335,18,4353,58
2020-10-30,Plumas,063,18699,92,80,0,80,0
2020-10-30,Riverside,065,2383286,69706,67752,518,68270,1317
2020-10-30,Sacramento,067,1510023,26856,26147,25,26172,505
2020-10-30,San Benito,069,59416,1468,1440,1,1441,15
2020-10-30,San Bernardino,071,2135413,66710,63512,524,64036,1156
2020-10-30,San Diego,073,3302833,58954,56387,1712,58099,888
2020-10-30,San Francisco,075,870044,12705,12384,51,12435,145
2020-10-30,San Joaquin,077,732212,22440,21849,259,22108,500
2020-10-30,San Luis Obispo,079,281455,4478,4256,36,4292,31
2020-10-30,San Mateo,081,765935,11708,11207,7,11214,159
2020-10-30,Santa Barbara,083,443738,10539,9937,86,10023,128
2020-10-30,Santa Clara,085,1922200,26107,24811,36,24847,378
2020-10-30,Santa Cruz,087,273765,3033,2874,37,2911,25
2020-10-30,Shasta,089,179085,2583,2048,21,2069,32
2020-10-30,Sierra,091,2930,7,6,0,6,0
2020-10-30,Siskiyou,093,43540,244,192,11,203,0
2020-10-30,Solano,095,438530,7822,7497,41,7538,84
2020-10-30,Sonoma,097,501317,10050,9602,33,9635,140
2020-10-30,Stanislaus,099,539301,18085,17861,847,18708,410
2020-10-30,Sutter,101,95872,1928,1860,1,1861,12
2020-10-30,Tehama,103,63373,1014,932,2,934,5
2020-10-30,Trinity,105,12862,78,29,8,37,0
2020-10-30,Tulare,107,460477,18201,17682,474,18156,299
2020-10-30,Tuolumne,109,53932,308,286,3,289,4
2020-10-30,Ventura,111,848112,15229,14578,354,14932,154
2020-10-30,Yolo,113,214977,3388,3263,9,3272,60
2020-10-30,Yuba,115,75493,1319,1256,5,1261,10
2020-10-29,Alameda,001,1643700,24233,23530,241,23771,401
2020-10-29,Alpine,003,1148,8,4,0,4,0
2020-10-29,Amador,005,37829,368,338,0,338,16
2020-10-29,Butte,007,227075,3275,3143,37,3180,57
2020-10-29,Calaveras,009,45235,348,278,0,278,13
2020-10-29,Colusa,011,21464,569,552,1,553,6
2020-10-29,Contra Costa,013,1133247,19555,18933,99,19032,249
2020-10-29,Del Norte,015,27424,185,174,0,174,2
2020-10-29,El Dorado,017,186661,1473,1370,3,1373,4
2020-10-29,Fresno,019,978130,33963,31321,498,31819,445
2020-10-29,Glenn,021,27897,702,673,2,675,3
2020-10-29,Humboldt,023,135768,585,559,1,560,7
2020-10-29,Imperial,025,180216,13177,12769,13,12782,334
2020-10-29,Inyo,027,18085,247,238,1,239,14
2020-10-29,Kern,029,883053,34469,33460,458,33918,437
2020-10-29,Kings,031,150075,8774,8502,62,8564,82
2020-10-29,Lake,033,64148,745,702,0,702,16
2020-10-29,Lassen,035,31185,785,772,2,774,0
2020-10-29,Los Angeles,037,10098052,309279,302246,3200,305446,7046
2020-10-29,Madera,039,155013,5157,4970,44,5014,53
2020-10-29,Marin,041,260295,7191,7083,19,7102,125
2020-10-29,Mariposa,043,17540,82,78,0,78,2
2020-10-29,Mendocino,045,87422,1111,1058,3,1061,21
2020-10-29,Merced,047,269075,9750,9496,38,9534,150
2020-10-29,Modoc,049,8938,49,31,3,34,0
2020-10-29,Mono,051,14174,255,176,4,180,1
2020-10-29,Monterey,053,433212,11730,11425,72,11497,92
2020-10-29,Napa,055,140530,2165,2009,6,2015,15
2020-10-29,Nevada,057,99092,678,632,16,648,9
2020-10-29,Orange,059,3164182,61941,59046,1871,60917,1464
2020-10-29,Placer,061,380077,4615,4270,16,4286,58
2020-10-29,Plumas,063,18699,90,69,0,69,0
2020-10-29,Riverside,065,2383286,69329,67268,489,67757,1304
2020-10-29,Sacramento,067,1510023,26644,25978,24,26002,507
2020-10-29,San Benito,069,59416,1463,1431,1,1432,15
2020-10-29,San Bernardino,071,2135413,66142,62968,514,63482,1150
2020-10-29,San Diego,073,3302833,58490,55916,1683,57599,885
2020-10-29,San Francisco,075,870044,12626,12312,51,12363,145
2020-10-29,San Joaquin,077,732212,22357,21736,246,21982,498
2020-10-29,San Luis Obispo,079,281455,4448,4223,34,4257,31
2020-10-29,San Mateo,081,765935,11662,11145,7,11152,157
2020-10-29,Santa Barbara,083,443738,10506,9902,84,9986,128
2020-10-29,Santa Clara,085,1922200,25955,24614,36,24650,377
2020-10-29,Santa Cruz,087,273765,3008,2850,37,2887,24
2020-10-29,Shasta,089,179085,2520,2008,21,2029,32
2020-10-29,Sierra,091,2930,6,6,0,6,0
2020-10-29,Siskiyou,093,43540,228,185,11,196,0
2020-10-29,Solano,095,438530,7760,7453,41,7494,78
2020-10-29,Sonoma,097,501317,9986,9533,33,9566,140
2020-10-29,Stanislaus,099,539301,18032,17790,825,18615,410
2020-10-29,Sutter,101,95872,1920,1852,1,1853,12
2020-10-29,Tehama,103,63373,996,925,2,927,5
2020-10-29,Trinity,105,12862,73,28,7,35,0
2020-10-29,Tulare,107,460477,18124,17627,454,18081,299
2020-10-29,Tuolumne,109,53932,303,279,3,282,4
2020-10-29,Ventura,111,848112,15139,14486,349,14835,154
2020-10-29,Yolo,113,214977,3359,3246,9,3255,60
2020-10-29,Yuba,115,75493,1308,1248,5,1253,10
2020-10-28,Alameda,001,1643700,24133,23468,240,23708,400
2020-10-28,Alpine,003,1148,7,4,0,4,0
2020-10-28,Amador,005,37829,365,337,0,337,16
2020-10-28,Butte,007,227075,3259,3134,34,3168,56
2020-10-28,Calaveras,009,45235,347,278,0,278,13
2020-10-28,Colusa,011,21464,566,551,1,552,6
2020-10-28,Contra Costa,013,1133247,19468,18828,98,18926,246
2020-10-28,Del Norte,015,27424,182,173,0,173,2
2020-10-28,El Dorado,017,186661,1461,1363,3,1366,4
2020-10-28,Fresno,019,978130,33844,31195,492,31687,444
2020-10-28,Glenn,021,27897,698,673,2,675,3
2020-10-28,Humboldt,023,135768,581,559,1,560,7
2020-10-28,Imperial,025,180216,13128,12730,13,12743,333
2020-10-28,Inyo,027,18085,247,238,1,239,14
2020-10-28,Kern,029,883053,34367,33424,439,33863,436
2020-10-28,Kings,031,150075,8752,8486,61,8547,82
2020-10-28,Lake,033,64148,742,700,0,700,15
2020-10-28,Lassen,035,31185,781,771,2,773,0
2020-10-28,Los Angeles,037,10098052,307820,300726,3158,303884,7031
2020-10-28,Madera,039,155013,5141,4954,43,4997,53
2020-10-28,Marin,041,260295,7180,7079,19,7098,126
2020-10-28,Mariposa,043,17540,82,78,0,78,2
2020-10-28,Mendocino,045,87422,1110,1037,3,1040,20
2020-10-28,Merced,047,269075,9724,9480,37,9517,150
2020-10-28,Modoc,049,8938,48,31,2,33,0
2020-10-28,Mono,051,14174,237,176,4,180,1
2020-10-28,Monterey,053,433212,11672,11330,70,11400,89
2020-10-28,Napa,055,140530,2139,1998,5,2003,15
2020-10-28,Nevada,057,99092,670,629,16,645,9
2020-10-28,Orange,059,3164182,61677,58801,1855,60656,1459
2020-10-28,Placer,061,380077,4559,4236,16,4252,57
2020-10-28,Plumas,063,18699,89,67,0,67,0
2020-10-28,Riverside,065,2383286,68931,67003,465,67468,1302
2020-10-28,Sacramento,067,1510023,26448,25838,23,25861,506
2020-10-28,San Benito,069,59416,1455,1429,1,1430,15
2020-10-28,San Bernardino,071,2135413,65683,62778,504,63282,1154
2020-10-28,San Diego,073,3302833,58107,55556,1654,57210,881
2020-10-28,San Francisco,075,870044,12568,12261,50,12311,145
2020-10-28,San Joaquin,077,732212,22274,21707,234,21941,498
2020-10-28,San Luis Obispo,079,281455,4407,4197,31,4228,31
2020-10-28,San Mateo,081,765935,11598,11101,7,11108,157
2020-10-28,Santa Barbara,083,443738,10482,9872,82,9954,127
2020-10-28,Santa Clara,085,1922200,25811,24503,36,24539,375
2020-10-28,Santa Cruz,087,273765,2977,2836,37,2873,24
2020-10-28,Shasta,089,179085,2440,1996,20,2016,31
2020-10-28,Sierra,091,2930,6,6,0,6,0
2020-10-28,Siskiyou,093,43540,225,182,10,192,0
2020-10-28,Solano,095,438530,7701,7362,41,7403,77
2020-10-28,Sonoma,097,501317,9896,9457,28,9485,140
2020-10-28,Stanislaus,099,539301,17967,17765,816,18581,409
2020-10-28,Sutter,101,95872,1911,1840,1,1841,12
2020-10-28,Tehama,103,63373,985,921,2,923,5
2020-10-28,Trinity,105,12862,68,28,7,35,0
2020-10-28,Tulare,107,460477,18068,17569,436,18005,297
2020-10-28,Tuolumne,109,53932,300,277,3,280,4
2020-10-28,Ventura,111,848112,15066,14409,340,14749,153
2020-10-28,Yolo,113,214977,3335,3230,9,3239,60
2020-10-28,Yuba,115,75493,1296,1245,5,1250,10
2020-10-27,Alameda,001,1643700,24021,23365,237,23602,400
2020-10-27,Alpine,003,1148,7,3,0,3,0
2020-10-27,Amador,005,37829,362,335,0,335,16
2020-10-27,Butte,007,227075,3243,3107,31,3138,56
2020-10-27,Calaveras,009,45235,345,277,0,277,13
2020-10-27,Colusa,011,21464,561,549,1,550,6
2020-10-27,Contra Costa,013,1133247,19363,18766,98,18864,246
2020-10-27,Del Norte,015,27424,179,173,0,173,2
2020-10-27,El Dorado,017,186661,1448,1351,3,1354,4
2020-10-27,Fresno,019,978130,33727,31096,487,31583,442
2020-10-27,Glenn,021,27897,696,667,1,668,3
2020-10-27,Humboldt,023,135768,578,559,1,560,7
2020-10-27,Imperial,025,180216,13079,12680,13,12693,333
2020-10-27,Inyo,027,18085,247,231,1,232,14
2020-10-27,Kern,029,883053,34250,33328,435,33763,436
2020-10-27,Kings,031,150075,8721,8411,61,8472,83
2020-10-27,Lake,033,64148,739,700,0,700,15
2020-10-27,Lassen,035,31185,779,764,2,766,0
2020-10-27,Los Angeles,037,10098052,306437,299438,3127,302565,7008
2020-10-27,Madera,039,155013,5111,4942,42,4984,53
2020-10-27,Marin,041,260295,7164,7070,19,7089,126
2020-10-27,Mariposa,043,17540,81,78,0,78,2
2020-10-27,Mendocino,045,87422,1103,1033,2,1035,20
2020-10-27,Merced,047,269075,9684,9449,37,9486,150
2020-10-27,Modoc,049,8938,46,31,2,33,0
2020-10-27,Mono,051,14174,223,169,4,173,1
2020-10-27,Monterey,053,433212,11616,11261,68,11329,88
2020-10-27,Napa,055,140530,2123,1979,5,1984,15
2020-10-27,Nevada,057,99092,664,622,16,638,8
2020-10-27,Orange,059,3164182,61407,58550,1838,60388,1448
2020-10-27,Placer,061,380077,4511,4197,14,4211,57
2020-10-27,Plumas,063,18699,86,63,0,63,0
2020-10-27,Riverside,065,2383286,68578,66699,420,67119,1299
2020-10-27,Sacramento,067,1510023,26261,25701,22,25723,501
2020-10-27,San Benito,069,59416,1450,1428,1,1429,15
2020-10-27,San Bernardino,071,2135413,65221,62357,491,62848,1154
2020-10-27,San Diego,073,3302833,57634,55226,1631,56857,877
2020-10-27,San Francisco,075,870044,12494,12218,49,12267,140
2020-10-27,San Joaquin,077,732212,22183,21637,225,21862,496
2020-10-27,San Luis Obispo,079,281455,4380,4148,27,4175,31
2020-10-27,San Mateo,081,765935,11549,11074,7,11081,156
2020-10-27,Santa Barbara,083,443738,10453,9874,81,9955,125
2020-10-27,Santa Clara,085,1922200,25669,24368,36,24404,367
2020-10-27,Santa Cruz,087,273765,2947,2815,36,2851,24
2020-10-27,Shasta,089,179085,2353,1962,20,1982,29
2020-10-27,Sierra,091,2930,6,6,0,6,0
2020-10-27,Siskiyou,093,43540,216,181,10,191,0
2020-10-27,Solano,095,438530,7632,7298,41,7339,77
2020-10-27,Sonoma,097,501317,9829,9389,28,9417,140
2020-10-27,Stanislaus,099,539301,17900,17720,808,18528,408
2020-10-27,Sutter,101,95872,1898,1832,1,1833,12
2020-10-27,Tehama,103,63373,971,913,2,915,5
2020-10-27,Trinity,105,12862,65,28,7,35,0
2020-10-27,Tulare,107,460477,18005,17520,413,17933,296
2020-10-27,Tuolumne,109,53932,296,275,3,278,4
2020-10-27,Ventura,111,848112,14983,14347,333,14680,153
2020-10-27,Yolo,113,214977,3321,3216,9,3225,58
2020-10-27,Yuba,115,75493,1283,1235,5,1240,10
2020-10-26,Alameda,001,1643700,23909,23284,236,23520,398
2020-10-26,Alpine,003,1148,5,3,0,3,0
2020-10-26,Amador,005,37829,358,331,0,331,16
2020-10-26,Butte,007,227075,3231,3095,29,3124,56
2020-10-26,Calaveras,009,45235,341,274,0,274,13
2020-10-26,Colusa,011,21464,559,548,1,549,6
2020-10-26,Contra Costa,013,1133247,19267,18718,97,18815,245
2020-10-26,Del Norte,015,27424,179,171,0,171,2
2020-10-26,El Dorado,017,186661,1434,1336,3,1339,4
2020-10-26,Fresno,019,978130,33615,30969,480,31449,441
2020-10-26,Glenn,021,27897,689,660,1,661,3
2020-10-26,Humboldt,023,135768,570,554,1,555,7
2020-10-26,Imperial,025,180216,13025,12654,10,12664,333
2020-10-26,Inyo,027,18085,247,226,1,227,14
2020-10-26,Kern,029,883053,34166,33233,430,33663,432
2020-10-26,Kings,031,150075,8699,8264,59,8323,82
2020-10-26,Lake,033,64148,737,697,0,697,15
2020-10-26,Lassen,035,31185,776,764,2,766,0
2020-10-26,Los Angeles,037,10098052,305010,297961,3084,301045,6979
2020-10-26,Madera,039,155013,5090,4922,41,4963,53
2020-10-26,Marin,041,260295,7158,7064,18,7082,104
2020-10-26,Mariposa,043,17540,81,77,0,77,2
2020-10-26,Mendocino,045,87422,1095,1026,2,1028,20
2020-10-26,Merced,047,269075,9637,9375,36,9411,150
2020-10-26,Modoc,049,8938,44,28,0,28,0
2020-10-26,Mono,051,14174,217,167,4,171,1
2020-10-26,Monterey,053,433212,11566,11207,64,11271,87
2020-10-26,Napa,055,140530,2091,1966,5,1971,14
2020-10-26,Nevada,057,99092,657,618,16,634,8
2020-10-26,Orange,059,3164182,61204,58377,1818,60195,1442
2020-10-26,Placer,061,380077,4469,4161,13,4174,57
2020-10-26,Plumas,063,18699,84,63,0,63,0
2020-10-26,Riverside,065,2383286,68124,66475,396,66871,1294
2020-10-26,Sacramento,067,1510023,26079,25555,20,25575,496
2020-10-26,San Benito,069,59416,1442,1424,1,1425,15
2020-10-26,San Bernardino,071,2135413,64750,61871,488,62359,1153
2020-10-26,San Diego,073,3302833,57243,54957,1593,56550,870
2020-10-26,San Francisco,075,870044,12434,12072,49,12121,138
2020-10-26,San Joaquin,077,732212,22100,21459,219,21678,495
2020-10-26,San Luis Obispo,079,281455,4355,4133,27,4160,31
2020-10-26,San Mateo,081,765935,11505,11037,7,11044,156
2020-10-26,Santa Barbara,083,443738,10430,9827,81,9908,122
2020-10-26,Santa Clara,085,1922200,25479,24258,35,24293,365
2020-10-26,Santa Cruz,087,273765,2921,2808,36,2844,24
2020-10-26,Shasta,089,179085,2300,1889,20,1909,29
2020-10-26,Sierra,091,2930,6,6,0,6,0
2020-10-26,Siskiyou,093,43540,208,179,10,189,0
2020-10-26,Solano,095,438530,7552,7271,41,7312,62
2020-10-26,Sonoma,097,501317,9749,9315,28,9343,140
2020-10-26,Stanislaus,099,539301,17850,17666,798,18464,400
2020-10-26,Sutter,101,95872,1890,1817,1,1818,12
2020-10-26,Tehama,103,63373,951,892,2,894,5
2020-10-26,Trinity,105,12862,64,26,7,33,0
2020-10-26,Tulare,107,460477,17928,17432,390,17822,296
2020-10-26,Tuolumne,109,53932,287,271,3,274,4
2020-10-26,Ventura,111,848112,14913,14330,330,14660,154
2020-10-26,Yolo,113,214977,3301,3206,9,3215,58
2020-10-26,Yuba,115,75493,1267,1226,5,1231,10
2020-10-25,Alameda,001,1643700,23803,23192,236,23428,398
2020-10-25,Alpine,003,1148,4,3,0,3,0
2020-10-25,Amador,005,37829,347,330,0,330,16
2020-10-25,Butte,007,227075,3212,3087,29,3116,56
2020-10-25,Calaveras,009,45235,340,274,0,274,13
2020-10-25,Colusa,011,21464,555,548,1,549,6
2020-10-25,Contra Costa,013,1133247,19166,18640,97,18737,245
2020-10-25,Del Norte,015,27424,175,171,0,171,2
2020-10-25,El Dorado,017,186661,1419,1328,3,1331,4
2020-10-25,Fresno,019,978130,33486,30858,468,31326,441
2020-10-25,Glenn,021,27897,686,652,1,653,3
2020-10-25,Humboldt,023,135768,567,554,1,555,7
2020-10-25,Imperial,025,180216,12975,12572,10,12582,333
2020-10-25,Inyo,027,18085,244,226,1,227,14
2020-10-25,Kern,029,883053,34059,33185,426,33611,432
2020-10-25,Kings,031,150075,8666,8246,57,8303,82
2020-10-25,Lake,033,64148,720,695,0,695,15
2020-10-25,Lassen,035,31185,773,764,2,766,0
2020-10-25,Los Angeles,037,10098052,303451,297110,3044,300154,6973
2020-10-25,Madera,039,155013,5060,4909,36,4945,53
2020-10-25,Marin,041,260295,7148,7052,18,7070,102
2020-10-25,Mariposa,043,17540,81,77,0,77,2
2020-10-25,Mendocino,045,87422,1088,1024,2,1026,20
2020-10-25,Merced,047,269075,9572,9352,34,9386,150
2020-10-25,Modoc,049,8938,39,28,0,28,0
2020-10-25,Mono,051,14174,209,167,4,171,1
2020-10-25,Monterey,053,433212,11483,11182,59,11241,87
2020-10-25,Napa,055,140530,2061,1962,5,1967,14
2020-10-25,Nevada,057,99092,649,616,16,632,8
2020-10-25,Orange,059,3164182,60915,58185,1808,59993,1443
2020-10-25,Placer,061,380077,4417,4140,13,4153,57
2020-10-25,Plumas,063,18699,84,63,0,63,0
2020-10-25,Riverside,065,2383286,67672,66192,380,66572,1289
2020-10-25,Sacramento,067,1510023,25863,25445,17,25462,496
2020-10-25,San Benito,069,59416,1435,1423,1,1424,15
2020-10-25,San Bernardino,071,2135413,64210,61551,476,62027,1153
2020-10-25,San Diego,073,3302833,56780,54599,1561,56160,870
2020-10-25,San Francisco,075,870044,12361,12072,49,12121,137
2020-10-25,San Joaquin,077,732212,21993,21459,210,21669,495
2020-10-25,San Luis Obispo,079,281455,4313,4126,25,4151,31
2020-10-25,San Mateo,081,765935,11460,10987,7,10994,156
2020-10-25,Santa Barbara,083,443738,10410,9814,81,9895,122
2020-10-25,Santa Clara,085,1922200,25291,24087,35,24122,365
2020-10-25,Santa Cruz,087,273765,2894,2789,36,2825,24
2020-10-25,Shasta,089,179085,2236,1889,20,1909,29
2020-10-25,Sierra,091,2930,6,6,0,6,0
2020-10-25,Siskiyou,093,43540,205,176,10,186,0
2020-10-25,Solano,095,438530,7474,7197,41,7238,60
2020-10-25,Sonoma,097,501317,9656,9235,27,9262,140
2020-10-25,Stanislaus,099,539301,17793,17641,788,18429,400
2020-10-25,Sutter,101,95872,1872,1811,1,1812,12
2020-10-25,Tehama,103,63373,934,880,2,882,5
2020-10-25,Trinity,105,12862,60,26,7,33,0
2020-10-25,Tulare,107,460477,17856,17431,380,17811,296
2020-10-25,Tuolumne,109,53932,282,271,3,274,4
2020-10-25,Ventura,111,848112,14820,14300,324,14624,154
2020-10-25,Yolo,113,214977,3280,3190,9,3199,58
2020-10-25,Yuba,115,75493,1259,1219,5,1224,10
2020-10-24,Alameda,001,1643700,23733,23099,233,23332,398
2020-10-24,Alpine,003,1148,4,3,0,3,0
2020-10-24,Amador,005,37829,346,328,0,328,16
2020-10-24,Butte,007,227075,3203,3078,29,3107,56
2020-10-24,Calaveras,009,45235,338,274,0,274,13
2020-10-24,Colusa,011,21464,550,548,1,549,6
2020-10-24,Contra Costa,013,1133247,19099,18567,97,18664,244
2020-10-24,Del Norte,015,27424,174,171,0,171,2
2020-10-24,El Dorado,017,186661,1403,1317,3,1320,4
2020-10-24,Fresno,019,978130,33425,30752,464,31216,441
2020-10-24,Glenn,021,27897,683,650,1,651,3
2020-10-24,Humboldt,023,135768,565,553,1,554,7
2020-10-24,Imperial,025,180216,12948,12469,10,12479,333
2020-10-24,Inyo,027,18085,244,226,1,227,14
2020-10-24,Kern,029,883053,34001,33105,421,33526,432
2020-10-24,Kings,031,150075,8656,8228,56,8284,82
2020-10-24,Lake,033,64148,715,696,0,696,15
2020-10-24,Lassen,035,31185,772,764,2,766,0
2020-10-24,Los Angeles,037,10098052,302633,296323,3020,299343,6969
2020-10-24,Madera,039,155013,5047,4898,35,4933,53
2020-10-24,Marin,041,260295,7139,7042,18,7060,102
2020-10-24,Mariposa,043,17540,81,77,0,77,2
2020-10-24,Mendocino,045,87422,1076,1022,2,1024,20
2020-10-24,Merced,047,269075,9548,9351,34,9385,150
2020-10-24,Modoc,049,8938,38,28,0,28,0
2020-10-24,Mono,051,14174,195,167,4,171,1
2020-10-24,Monterey,053,433212,11416,11153,58,11211,87
2020-10-24,Napa,055,140530,2044,1957,5,1962,14
2020-10-24,Nevada,057,99092,645,608,16,624,8
2020-10-24,Orange,059,3164182,60762,57928,1797,59725,1441
2020-10-24,Placer,061,380077,4386,4093,13,4106,57
2020-10-24,Plumas,063,18699,78,63,0,63,0
2020-10-24,Riverside,065,2383286,67463,65902,366,66268,1288
2020-10-24,Sacramento,067,1510023,25782,25372,17,25389,496
2020-10-24,San Benito,069,59416,1430,1417,1,1418,15
2020-10-24,San Bernardino,071,2135413,63970,61351,467,61818,1153
2020-10-24,San Diego,073,3302833,56503,54330,1548,55878,868
2020-10-24,San Francisco,075,870044,12303,12073,48,12121,137
2020-10-24,San Joaquin,077,732212,21941,21458,205,21663,495
2020-10-24,San Luis Obispo,079,281455,4288,4119,24,4143,31
2020-10-24,San Mateo,081,765935,11421,10942,7,10949,155
2020-10-24,Santa Barbara,083,443738,10393,9781,81,9862,122
2020-10-24,Santa Clara,085,1922200,25204,23978,35,24013,365
2020-10-24,Santa Cruz,087,273765,2875,2775,36,2811,24
2020-10-24,Shasta,089,179085,2191,1878,20,1898,29
2020-10-24,Sierra,091,2930,6,6,0,6,0
2020-10-24,Siskiyou,093,43540,204,174,10,184,0
2020-10-24,Solano,095,438530,7421,7189,41,7230,60
2020-10-24,Sonoma,097,501317,9622,9179,27,9206,140
2020-10-24,Stanislaus,099,539301,17749,17574,772,18346,400
2020-10-24,Sutter,101,95872,1863,1804,1,1805,12
2020-10-24,Tehama,103,63373,926,872,2,874,5
2020-10-24,Trinity,105,12862,60,25,7,32,0
2020-10-24,Tulare,107,460477,17834,17406,368,17774,295
2020-10-24,Tuolumne,109,53932,279,269,3,272,4
2020-10-24,Ventura,111,848112,14767,14240,323,14563,154
2020-10-24,Yolo,113,214977,3269,3164,9,3173,57
2020-10-24,Yuba,115,75493,1256,1210,5,1215,10
2020-10-23,Alameda,001,1643700,23661,23047,231,23278,393
2020-10-23,Alpine,003,1148,4,3,0,3,0
2020-10-23,Amador,005,37829,345,324,0,324,16
2020-10-23,Butte,007,227075,3194,3059,29,3088,55
2020-10-23,Calaveras,009,45235,337,273,0,273,13
2020-10-23,Colusa,011,21464,550,547,1,548,6
2020-10-23,Contra Costa,013,1133247,19028,18483,96,18579,244
2020-10-23,Del Norte,015,27424,174,171,0,171,2
2020-10-23,El Dorado,017,186661,1394,1310,3,1313,4
2020-10-23,Fresno,019,978130,33358,30590,460,31050,441
2020-10-23,Glenn,021,27897,680,644,1,645,3
2020-10-23,Humboldt,023,135768,563,553,1,554,7
2020-10-23,Imperial,025,180216,12917,12398,10,12408,333
2020-10-23,Inyo,027,18085,243,226,1,227,14
2020-10-23,Kern,029,883053,33933,33077,416,33493,431
2020-10-23,Kings,031,150075,8647,8218,56,8274,82
2020-10-23,Lake,033,64148,713,689,0,689,15
2020-10-23,Lassen,035,31185,771,764,2,766,0
2020-10-23,Los Angeles,037,10098052,301554,294287,2989,297276,6956
2020-10-23,Madera,039,155013,5042,4888,35,4923,53
2020-10-23,Marin,041,260295,7126,7029,18,7047,102
2020-10-23,Mariposa,043,17540,81,77,0,77,2
2020-10-23,Mendocino,045,87422,1073,1019,2,1021,20
2020-10-23,Merced,047,269075,9534,9327,34,9361,149
2020-10-23,Modoc,049,8938,38,28,0,28,0
2020-10-23,Mono,051,14174,194,159,4,163,1
2020-10-23,Monterey,053,433212,11369,11099,54,11153,86
2020-10-23,Napa,055,140530,2036,1942,5,1947,14
2020-10-23,Nevada,057,99092,642,604,16,620,8
2020-10-23,Orange,059,3164182,60591,57595,1782,59377,1430
2020-10-23,Placer,061,380077,4340,4073,13,4086,57
2020-10-23,Plumas,063,18699,75,63,0,63,0
2020-10-23,Riverside,065,2383286,67224,65512,358,65870,1279
2020-10-23,Sacramento,067,1510023,25677,25224,17,25241,496
2020-10-23,San Benito,069,59416,1428,1412,1,1413,15
2020-10-23,San Bernardino,071,2135413,63686,60854,453,61307,1150
2020-10-23,San Diego,073,3302833,56197,53944,1521,55465,867
2020-10-23,San Francisco,075,870044,12272,12015,48,12063,137
2020-10-23,San Joaquin,077,732212,21885,21361,199,21560,495
2020-10-23,San Luis Obispo,079,281455,4262,4102,24,4126,31
2020-10-23,San Mateo,081,765935,11372,10872,7,10879,155
2020-10-23,Santa Barbara,083,443738,10377,9751,81,9832,121
2020-10-23,Santa Clara,085,1922200,25102,23822,35,23857,364
2020-10-23,Santa Cruz,087,273765,2861,2757,36,2793,24
2020-10-23,Shasta,089,179085,2155,1846,19,1865,29
2020-10-23,Sierra,091,2930,6,6,0,6,0
2020-10-23,Siskiyou,093,43540,200,172,10,182,0
2020-10-23,Solano,095,438530,7390,7174,41,7215,59
2020-10-23,Sonoma,097,501317,9566,9112,27,9139,139
2020-10-23,Stanislaus,099,539301,17712,17496,764,18260,395
2020-10-23,Sutter,101,95872,1856,1797,1,1798,12
2020-10-23,Tehama,103,63373,917,862,2,864,5
2020-10-23,Trinity,105,12862,60,26,7,33,0
2020-10-23,Tulare,107,460477,17789,17334,356,17690,295
2020-10-23,Tuolumne,109,53932,277,254,3,257,4
2020-10-23,Ventura,111,848112,14738,14192,323,14515,155
2020-10-23,Yolo,113,214977,3256,3140,9,3149,57
2020-10-23,Yuba,115,75493,1252,1206,5,1211,10
2020-10-22,Alameda,001,1643700,23558,22915,231,23146,393
2020-10-22,Alpine,003,1148,4,3,0,3,0
2020-10-22,Amador,005,37829,341,317,0,317,16
2020-10-22,Butte,007,227075,3184,3046,27,3073,55
2020-10-22,Calaveras,009,45235,334,273,0,273,13
2020-10-22,Colusa,011,21464,550,547,1,548,6
2020-10-22,Contra Costa,013,1133247,18956,18393,96,18489,243
2020-10-22,Del Norte,015,27424,173,168,0,168,2
2020-10-22,El Dorado,017,186661,1384,1308,3,1311,4
2020-10-22,Fresno,019,978130,33249,30471,452,30923,438
2020-10-22,Glenn,021,27897,673,643,1,644,3
2020-10-22,Humboldt,023,135768,562,548,1,549,7
2020-10-22,Imperial,025,180216,12864,12311,10,12321,333
2020-10-22,Inyo,027,18085,240,220,1,221,14
2020-10-22,Kern,029,883053,33852,32991,413,33404,431
2020-10-22,Kings,031,150075,8396,8201,56,8257,82
2020-10-22,Lake,033,64148,709,678,0,678,15
2020-10-22,Lassen,035,31185,768,764,2,766,0
2020-10-22,Los Angeles,037,10098052,300180,291599,2929,294528,6935
2020-10-22,Madera,039,155013,5021,4847,35,4882,52
2020-10-22,Marin,041,260295,7120,7014,18,7032,102
2020-10-22,Mariposa,043,17540,81,77,0,77,2
2020-10-22,Mendocino,045,87422,1068,1016,2,1018,20
2020-10-22,Merced,047,269075,9506,9323,34,9357,149
2020-10-22,Modoc,049,8938,34,26,0,26,0
2020-10-22,Mono,051,14174,189,156,4,160,1
2020-10-22,Monterey,053,433212,11310,11059,51,11110,84
2020-10-22,Napa,055,140530,2021,1928,5,1933,14
2020-10-22,Nevada,057,99092,636,600,16,616,8
2020-10-22,Orange,059,3164182,60377,57418,1765,59183,1422
2020-10-22,Placer,061,380077,4291,4036,13,4049,57
2020-10-22,Plumas,063,18699,72,62,0,62,0
2020-10-22,Riverside,065,2383286,66890,65104,338,65442,1279
2020-10-22,Sacramento,067,1510023,25538,25054,17,25071,492
2020-10-22,San Benito,069,59416,1424,1403,1,1404,15
2020-10-22,San Bernardino,071,2135413,63285,60402,438,60840,1149
2020-10-22,San Diego,073,3302833,55812,53514,1502,55016,866
2020-10-22,San Francisco,075,870044,12214,11991,46,12037,137
2020-10-22,San Joaquin,077,732212,21812,21282,193,21475,495
2020-10-22,San Luis Obispo,079,281455,4246,4081,24,4105,31
2020-10-22,San Mateo,081,765935,11316,10796,7,10803,155
2020-10-22,Santa Barbara,083,443738,10343,9710,79,9789,120
2020-10-22,Santa Clara,085,1922200,24948,23621,35,23656,363
2020-10-22,Santa Cruz,087,273765,2843,2738,35,2773,24
2020-10-22,Shasta,089,179085,2109,1799,19,1818,29
2020-10-22,Sierra,091,2930,6,6,0,6,0
2020-10-22,Siskiyou,093,43540,200,169,10,179,0
2020-10-22,Solano,095,438530,7344,7116,41,7157,59
2020-10-22,Sonoma,097,501317,9500,9052,26,9078,139
2020-10-22,Stanislaus,099,539301,17659,17440,751,18191,395
2020-10-22,Sutter,101,95872,1842,1794,1,1795,12
2020-10-22,Tehama,103,63373,906,852,2,854,5
2020-10-22,Trinity,105,12862,59,26,7,33,0
2020-10-22,Tulare,107,460477,17723,17265,343,17608,293
2020-10-22,Tuolumne,109,53932,275,252,3,255,4
2020-10-22,Ventura,111,848112,14691,14124,321,14445,154
2020-10-22,Yolo,113,214977,3244,3116,9,3125,58
2020-10-22,Yuba,115,75493,1245,1199,5,1204,10
2020-10-21,Alameda,001,1643700,23470,22853,229,23082,392
2020-10-21,Alpine,003,1148,4,3,0,3,0
2020-10-21,Amador,005,37829,336,313,0,313,16
2020-10-21,Butte,007,227075,3172,3041,27,3068,55
2020-10-21,Calaveras,009,45235,333,272,0,272,13
2020-10-21,Colusa,011,21464,550,546,1,547,6
2020-10-21,Contra Costa,013,1133247,18882,18299,96,18395,243
2020-10-21,Del Norte,015,27424,173,169,0,169,2
2020-10-21,El Dorado,017,186661,1372,1305,2,1307,4
2020-10-21,Fresno,019,978130,33153,30328,450,30778,433
2020-10-21,Glenn,021,27897,668,640,1,641,3
2020-10-21,Humboldt,023,135768,561,548,1,549,7
2020-10-21,Imperial,025,180216,12807,12210,10,12220,331
2020-10-21,Inyo,027,18085,236,220,1,221,14
2020-10-21,Kern,029,883053,33778,32956,411,33367,430
2020-10-21,Kings,031,150075,8369,8186,56,8242,80
2020-10-21,Lake,033,64148,708,676,0,676,15
2020-10-21,Lassen,035,31185,767,764,2,766,0
2020-10-21,Los Angeles,037,10098052,298842,288096,2886,290982,6923
2020-10-21,Madera,039,155013,4996,4831,35,4866,52
2020-10-21,Marin,041,260295,7111,7002,18,7020,102
2020-10-21,Mariposa,043,17540,81,77,0,77,2
2020-10-21,Mendocino,045,87422,1066,1011,2,1013,21
2020-10-21,Merced,047,269075,9482,9319,32,9351,149
2020-10-21,Modoc,049,8938,33,26,0,26,0
2020-10-21,Mono,051,14174,187,156,4,160,1
2020-10-21,Monterey,053,433212,11272,11005,50,11055,83
2020-10-21,Napa,055,140530,2005,1918,5,1923,13
2020-10-21,Nevada,057,99092,630,597,16,613,8
2020-10-21,Orange,059,3164182,60165,57189,1754,58943,1409
2020-10-21,Placer,061,380077,4254,4007,13,4020,56
2020-10-21,Plumas,063,18699,69,58,0,58,0
2020-10-21,Riverside,065,2383286,66596,64778,312,65090,1278
2020-10-21,Sacramento,067,1510023,25345,24908,17,24925,490
2020-10-21,San Benito,069,59416,1423,1401,1,1402,14
2020-10-21,San Bernardino,071,2135413,62877,59948,431,60379,1141
2020-10-21,San Diego,073,3302833,55460,53279,1474,54753,863
2020-10-21,San Francisco,075,870044,12165,11976,45,12021,137
2020-10-21,San Joaquin,077,732212,21736,21201,187,21388,495
2020-10-21,San Luis Obispo,079,281455,4232,4055,22,4077,31
2020-10-21,San Mateo,081,765935,11267,10730,7,10737,155
2020-10-21,Santa Barbara,083,443738,10325,9681,78,9759,121
2020-10-21,Santa Clara,085,1922200,24822,23537,35,23572,361
2020-10-21,Santa Cruz,087,273765,2820,2729,35,2764,24
2020-10-21,Shasta,089,179085,2072,1777,19,1796,27
2020-10-21,Sierra,091,2930,6,6,0,6,0
2020-10-21,Siskiyou,093,43540,196,169,10,179,0
2020-10-21,Solano,095,438530,7299,7088,41,7129,59
2020-10-21,Sonoma,097,501317,9420,8987,26,9013,138
2020-10-21,Stanislaus,099,539301,17610,17419,742,18161,392
2020-10-21,Sutter,101,95872,1827,1786,1,1787,12
2020-10-21,Tehama,103,63373,890,824,2,826,5
2020-10-21,Trinity,105,12862,55,25,7,32,0
2020-10-21,Tulare,107,460477,17687,17204,329,17533,292
2020-10-21,Tuolumne,109,53932,274,251,3,254,4
2020-10-21,Ventura,111,848112,14628,14050,318,14368,153
2020-10-21,Yolo,113,214977,3225,3095,9,3104,58
2020-10-21,Yuba,115,75493,1236,1194,5,1199,10
2020-10-20,Alameda,001,1643700,23367,22750,225,22975,391
2020-10-20,Alpine,003,1148,4,3,0,3,0
2020-10-20,Amador,005,37829,335,313,0,313,16
2020-10-20,Butte,007,227075,3160,3027,27,3054,56
2020-10-20,Calaveras,009,45235,332,273,0,273,13
2020-10-20,Colusa,011,21464,547,546,1,547,6
2020-10-20,Contra Costa,013,1133247,18790,18246,96,18342,241
2020-10-20,Del Norte,015,27424,172,169,0,169,2
2020-10-20,El Dorado,017,186661,1366,1295,2,1297,4
2020-10-20,Fresno,019,978130,33050,30220,444,30664,431
2020-10-20,Glenn,021,27897,663,638,1,639,3
2020-10-20,Humboldt,023,135768,557,545,1,546,7
2020-10-20,Imperial,025,180216,12738,12114,10,12124,330
2020-10-20,Inyo,027,18085,236,218,1,219,14
2020-10-20,Kern,029,883053,33703,32889,398,33287,429
2020-10-20,Kings,031,150075,8351,8178,55,8233,80
2020-10-20,Lake,033,64148,706,675,0,675,15
2020-10-20,Lassen,035,31185,766,757,2,759,0
2020-10-20,Los Angeles,037,10098052,297352,287727,2833,290560,6891
2020-10-20,Madera,039,155013,4979,4823,35,4858,52
2020-10-20,Marin,041,260295,7096,6994,18,7012,101
2020-10-20,Mariposa,043,17540,80,77,0,77,2
2020-10-20,Mendocino,045,87422,1064,1004,2,1006,21
2020-10-20,Merced,047,269075,9460,9323,32,9355,149
2020-10-20,Modoc,049,8938,32,26,0,26,0
2020-10-20,Mono,051,14174,187,156,4,160,1
2020-10-20,Monterey,053,433212,11229,10942,47,10989,81
2020-10-20,Napa,055,140530,1986,1912,5,1917,13
2020-10-20,Nevada,057,99092,620,596,16,612,8
2020-10-20,Orange,059,3164182,59901,56914,1744,58658,1397
2020-10-20,Placer,061,380077,4216,3997,13,4010,56
2020-10-20,Plumas,063,18699,66,53,0,53,0
2020-10-20,Riverside,065,2383286,66215,64452,300,64752,1275
2020-10-20,Sacramento,067,1510023,25218,24767,16,24783,485
2020-10-20,San Benito,069,59416,1420,1398,1,1399,14
2020-10-20,San Bernardino,071,2135413,62499,59571,426,59997,1109
2020-10-20,San Diego,073,3302833,55124,53004,1454,54458,857
2020-10-20,San Francisco,075,870044,12118,12013,44,12057,126
2020-10-20,San Joaquin,077,732212,21658,21173,176,21349,490
2020-10-20,San Luis Obispo,079,281455,4214,4043,21,4064,31
2020-10-20,San Mateo,081,765935,11221,10659,7,10666,155
2020-10-20,Santa Barbara,083,443738,10296,9664,76,9740,121
2020-10-20,Santa Clara,085,1922200,24685,23406,35,23441,358
2020-10-20,Santa Cruz,087,273765,2797,2710,35,2745,23
2020-10-20,Shasta,089,179085,2049,1747,19,1766,20
2020-10-20,Sierra,091,2930,6,6,0,6,0
2020-10-20,Siskiyou,093,43540,188,168,10,178,0
2020-10-20,Solano,095,438530,7250,7044,41,7085,57
2020-10-20,Sonoma,097,501317,9357,8904,24,8928,135
2020-10-20,Stanislaus,099,539301,17556,17367,738,18105,393
2020-10-20,Sutter,101,95872,1818,1783,1,1784,12
2020-10-20,Tehama,103,63373,875,813,2,815,5
2020-10-20,Trinity,105,12862,54,25,7,32,0
2020-10-20,Tulare,107,460477,17621,17156,323,17479,289
2020-10-20,Tuolumne,109,53932,272,250,3,253,4
2020-10-20,Ventura,111,848112,14564,13980,316,14296,152
2020-10-20,Yolo,113,214977,3202,3083,9,3092,56
2020-10-20,Yuba,115,75493,1226,1191,5,1196,10
2020-10-19,Alameda,001,1643700,23256,22647,224,22871,392
2020-10-19,Alpine,003,1148,4,3,0,3,0
2020-10-19,Amador,005,37829,329,313,0,313,16
2020-10-19,Butte,007,227075,3149,3026,27,3053,55
2020-10-19,Calaveras,009,45235,331,268,0,268,13
2020-10-19,Colusa,011,21464,547,544,1,545,6
2020-10-19,Contra Costa,013,1133247,18692,18173,96,18269,239
2020-10-19,Del Norte,015,27424,169,167,0,167,2
2020-10-19,El Dorado,017,186661,1345,1287,2,1289,4
2020-10-19,Fresno,019,978130,32942,30152,438,30590,431
2020-10-19,Glenn,021,27897,658,635,0,635,3
2020-10-19,Humboldt,023,135768,557,543,1,544,7
2020-10-19,Imperial,025,180216,12684,12036,9,12045,330
2020-10-19,Inyo,027,18085,235,218,1,219,14
2020-10-19,Kern,029,883053,33628,32840,395,33235,428
2020-10-19,Kings,031,150075,8333,8173,55,8228,80
2020-10-19,Lake,033,64148,703,673,0,673,15
2020-10-19,Lassen,035,31185,765,757,2,759,0
2020-10-19,Los Angeles,037,10098052,295867,287119,2793,289912,6858
2020-10-19,Madera,039,155013,4964,4787,35,4822,52
2020-10-19,Marin,041,260295,7078,6981,18,6999,100
2020-10-19,Mariposa,043,17540,80,77,0,77,2
2020-10-19,Mendocino,045,87422,1059,1001,2,1003,21
2020-10-19,Merced,047,269075,9436,9305,27,9332,148
2020-10-19,Modoc,049,8938,31,26,0,26,0
2020-10-19,Mono,051,14174,182,156,4,160,1
2020-10-19,Monterey,053,433212,11168,10907,47,10954,80
2020-10-19,Napa,055,140530,1972,1892,5,1897,12
2020-10-19,Nevada,057,99092,617,590,16,606,8
2020-10-19,Orange,059,3164182,59615,56652,1730,58382,1396
2020-10-19,Placer,061,380077,4168,3962,13,3975,49
2020-10-19,Plumas,063,18699,64,52,0,52,0
2020-10-19,Riverside,065,2383286,65785,64016,283,64299,1272
2020-10-19,Sacramento,067,1510023,25079,24542,16,24558,483
2020-10-19,San Benito,069,59416,1413,1395,1,1396,14
2020-10-19,San Bernardino,071,2135413,62049,59265,414,59679,1100
2020-10-19,San Diego,073,3302833,54738,52739,1428,54167,853
2020-10-19,San Francisco,075,870044,12074,11879,44,11923,126
2020-10-19,San Joaquin,077,732212,21583,20930,168,21098,489
2020-10-19,San Luis Obispo,079,281455,4198,4016,21,4037,31
2020-10-19,San Mateo,081,765935,11175,10568,7,10575,154
2020-10-19,Santa Barbara,083,443738,10261,9632,76,9708,121
2020-10-19,Santa Clara,085,1922200,24534,23301,35,23336,352
2020-10-19,Santa Cruz,087,273765,2780,2705,35,2740,19
2020-10-19,Shasta,089,179085,2005,1709,18,1727,20
2020-10-19,Sierra,091,2930,6,6,0,6,0
2020-10-19,Siskiyou,093,43540,181,167,10,177,0
2020-10-19,Solano,095,438530,7209,7003,41,7044,57
2020-10-19,Sonoma,097,501317,9270,8830,24,8854,135
2020-10-19,Stanislaus,099,539301,17505,17342,728,18070,390
2020-10-19,Sutter,101,95872,1813,1773,1,1774,12
2020-10-19,Tehama,103,63373,872,793,2,795,5
2020-10-19,Trinity,105,12862,52,23,7,30,0
2020-10-19,Tulare,107,460477,17572,17047,315,17362,291
2020-10-19,Tuolumne,109,53932,270,247,3,250,4
2020-10-19,Ventura,111,848112,14498,13930,313,14243,152
2020-10-19,Yolo,113,214977,3189,3069,9,3078,56
2020-10-19,Yuba,115,75493,1219,1183,5,1188,10
2020-10-18,Alameda,001,1643700,23152,22546,223,22769,392
2020-10-18,Alpine,003,1148,4,3,0,3,0
2020-10-18,Amador,005,37829,317,313,0,313,16
2020-10-18,Butte,007,227075,3136,3019,27,3046,55
2020-10-18,Calaveras,009,45235,330,267,0,267,13
2020-10-18,Colusa,011,21464,545,544,1,545,6
2020-10-18,Contra Costa,013,1133247,18593,18120,96,18216,237
2020-10-18,Del Norte,015,27424,169,167,0,167,2
2020-10-18,El Dorado,017,186661,1336,1283,2,1285,4
2020-10-18,Fresno,019,978130,32818,30051,430,30481,430
2020-10-18,Glenn,021,27897,656,634,0,634,3
2020-10-18,Humboldt,023,135768,554,540,1,541,7
2020-10-18,Imperial,025,180216,12622,11987,8,11995,330
2020-10-18,Inyo,027,18085,232,215,1,216,14
2020-10-18,Kern,029,883053,33555,32799,388,33187,428
2020-10-18,Kings,031,150075,8318,8159,55,8214,80
2020-10-18,Lake,033,64148,696,670,0,670,15
2020-10-18,Lassen,035,31185,765,757,2,759,0
2020-10-18,Los Angeles,037,10098052,294164,286187,2745,288932,6857
2020-10-18,Madera,039,155013,4939,4770,34,4804,52
2020-10-18,Marin,041,260295,7057,6969,18,6987,99
2020-10-18,Mariposa,043,17540,80,77,0,77,2
2020-10-18,Mendocino,045,87422,1057,988,2,990,21
2020-10-18,Merced,047,269075,9401,9292,27,9319,148
2020-10-18,Modoc,049,8938,30,26,0,26,0
2020-10-18,Mono,051,14174,177,155,4,159,1
2020-10-18,Monterey,053,433212,11116,10872,46,10918,80
2020-10-18,Napa,055,140530,1959,1882,5,1887,12
2020-10-18,Nevada,057,99092,611,582,16,598,8
2020-10-18,Orange,059,3164182,59317,56394,1714,58108,1396
2020-10-18,Placer,061,380077,4120,3938,13,3951,49
2020-10-18,Plumas,063,18699,62,52,0,52,0
2020-10-18,Riverside,065,2383286,65475,63765,260,64025,1270
2020-10-18,Sacramento,067,1510023,24924,24425,16,24441,482
2020-10-18,San Benito,069,59416,1406,1395,1,1396,14
2020-10-18,San Bernardino,071,2135413,61550,58893,406,59299,1098
2020-10-18,San Diego,073,3302833,54349,52359,1407,53766,853
2020-10-18,San Francisco,075,870044,12035,11878,44,11922,126
2020-10-18,San Joaquin,077,732212,21501,20931,155,21086,489
2020-10-18,San Luis Obispo,079,281455,4167,4009,19,4028,31
2020-10-18,San Mateo,081,765935,11116,10503,7,10510,154
2020-10-18,Santa Barbara,083,443738,10222,9608,75,9683,121
2020-10-18,Santa Clara,085,1922200,24360,23169,35,23204,352
2020-10-18,Santa Cruz,087,273765,2766,2692,35,2727,19
2020-10-18,Shasta,089,179085,1980,1708,18,1726,20
2020-10-18,Sierra,091,2930,6,6,0,6,0
2020-10-18,Siskiyou,093,43540,181,167,10,177,0
2020-10-18,Solano,095,438530,7162,6962,41,7003,57
2020-10-18,Sonoma,097,501317,9194,8781,22,8803,134
2020-10-18,Stanislaus,099,539301,17449,17290,719,18009,390
2020-10-18,Sutter,101,95872,1804,1764,1,1765,12
2020-10-18,Tehama,103,63373,840,774,2,776,5
2020-10-18,Trinity,105,12862,52,20,7,27,0
2020-10-18,Tulare,107,460477,17480,17048,305,17353,290
2020-10-18,Tuolumne,109,53932,265,245,3,248,4
2020-10-18,Ventura,111,848112,14419,13901,312,14213,151
2020-10-18,Yolo,113,214977,3150,3059,9,3068,55
2020-10-18,Yuba,115,75493,1208,1176,5,1181,10
2020-10-17,Alameda,001,1643700,23106,22394,221,22615,398
2020-10-17,Alpine,003,1148,4,3,0,3,0
2020-10-17,Amador,005,37829,315,309,0,309,16
2020-10-17,Butte,007,227075,3128,3012,25,3037,55
2020-10-17,Calaveras,009,45235,330,267,0,267,13
2020-10-17,Colusa,011,21464,544,544,1,545,6
2020-10-17,Contra Costa,013,1133247,18540,18005,96,18101,237
2020-10-17,Del Norte,015,27424,169,167,0,167,2
2020-10-17,El Dorado,017,186661,1332,1277,2,1279,4
2020-10-17,Fresno,019,978130,32764,29911,428,30339,430
2020-10-17,Glenn,021,27897,653,633,0,633,3
2020-10-17,Humboldt,023,135768,551,535,1,536,7
2020-10-17,Imperial,025,180216,12594,11962,8,11970,330
2020-10-17,Inyo,027,18085,227,212,1,213,14
2020-10-17,Kern,029,883053,33504,32710,385,33095,428
2020-10-17,Kings,031,150075,8312,8151,54,8205,80
2020-10-17,Lake,033,64148,693,663,0,663,15
2020-10-17,Lassen,035,31185,765,757,2,759,0
2020-10-17,Los Angeles,037,10098052,293412,285858,2717,288575,6844
2020-10-17,Madera,039,155013,4933,4759,34,4793,53
2020-10-17,Marin,041,260295,7054,6958,18,6976,99
2020-10-17,Mariposa,043,17540,79,77,0,77,2
2020-10-17,Mendocino,045,87422,1050,977,2,979,21
2020-10-17,Merced,047,269075,9387,9275,27,9302,148
2020-10-17,Modoc,049,8938,30,26,0,26,0
2020-10-17,Mono,051,14174,176,155,4,159,1
2020-10-17,Monterey,053,433212,11076,10807,45,10852,80
2020-10-17,Napa,055,140530,1952,1866,5,1871,12
2020-10-17,Nevada,057,99092,610,580,16,596,8
2020-10-17,Orange,059,3164182,59176,56197,1706,57903,1396
2020-10-17,Placer,061,380077,4093,3898,13,3911,49
2020-10-17,Plumas,063,18699,62,52,0,52,0
2020-10-17,Riverside,065,2383286,65278,63171,249,63420,1270
2020-10-17,Sacramento,067,1510023,24840,24304,16,24320,482
2020-10-17,San Benito,069,59416,1402,1389,1,1390,14
2020-10-17,San Bernardino,071,2135413,61280,58415,399,58814,1097
2020-10-17,San Diego,073,3302833,54124,51986,1396,53382,853
2020-10-17,San Francisco,075,870044,12007,11877,43,11920,126
2020-10-17,San Joaquin,077,732212,21447,20932,149,21081,489
2020-10-17,San Luis Obispo,079,281455,4152,3979,19,3998,31
2020-10-17,San Mateo,081,765935,11088,10423,7,10430,153
2020-10-17,Santa Barbara,083,443738,10203,9588,73,9661,121
2020-10-17,Santa Clara,085,1922200,24271,22997,35,23032,349
2020-10-17,Santa Cruz,087,273765,2752,2680,35,2715,19
2020-10-17,Shasta,089,179085,1954,1679,18,1697,20
2020-10-17,Sierra,091,2930,6,6,0,6,0
2020-10-17,Siskiyou,093,43540,180,167,10,177,0
2020-10-17,Solano,095,438530,7136,6929,41,6970,57
2020-10-17,Sonoma,097,501317,9151,8725,22,8747,134
2020-10-17,Stanislaus,099,539301,17410,17232,709,17941,390
2020-10-17,Sutter,101,95872,1802,1762,1,1763,12
2020-10-17,Tehama,103,63373,824,764,2,766,5
2020-10-17,Trinity,105,12862,52,20,7,27,0
2020-10-17,Tulare,107,460477,17450,16995,296,17291,290
2020-10-17,Tuolumne,109,53932,265,241,3,244,4
2020-10-17,Ventura,111,848112,14374,13845,309,14154,151
2020-10-17,Yolo,113,214977,3135,3045,7,3052,55
2020-10-17,Yuba,115,75493,1203,1164,5,1169,10
2020-10-16,Alameda,001,1643700,23052,22315,221,22536,397
2020-10-16,Alpine,003,1148,4,3,0,3,0
2020-10-16,Amador,005,37829,315,309,0,309,16
2020-10-16,Butte,007,227075,3117,3004,25,3029,54
2020-10-16,Calaveras,009,45235,330,267,0,267,13
2020-10-16,Colusa,011,21464,543,544,1,545,6
2020-10-16,Contra Costa,013,1133247,18487,17956,96,18052,237
2020-10-16,Del Norte,015,27424,169,166,0,166,2
2020-10-16,El Dorado,017,186661,1326,1273,2,1275,4
2020-10-16,Fresno,019,978130,32689,29796,426,30222,427
2020-10-16,Glenn,021,27897,648,632,0,632,3
2020-10-16,Humboldt,023,135768,551,533,1,534,7
2020-10-16,Imperial,025,180216,12554,11885,8,11893,330
2020-10-16,Inyo,027,18085,223,212,1,213,14
2020-10-16,Kern,029,883053,33461,32660,383,33043,428
2020-10-16,Kings,031,150075,8303,8146,53,8199,80
2020-10-16,Lake,033,64148,691,644,0,644,14
2020-10-16,Lassen,035,31185,765,757,2,759,0
2020-10-16,Los Angeles,037,10098052,292350,284988,2694,287682,6835
2020-10-16,Madera,039,155013,4921,4736,33,4769,53
2020-10-16,Marin,041,260295,7044,6933,18,6951,99
2020-10-16,Mariposa,043,17540,79,76,0,76,2
2020-10-16,Mendocino,045,87422,1043,974,2,976,21
2020-10-16,Merced,047,269075,9370,9246,27,9273,148
2020-10-16,Modoc,049,8938,30,26,0,26,0
2020-10-16,Mono,051,14174,174,155,4,159,1
2020-10-16,Monterey,053,433212,11042,10727,45,10772,79
2020-10-16,Napa,055,140530,1943,1855,5,1860,12
2020-10-16,Nevada,057,99092,608,579,16,595,8
2020-10-16,Orange,059,3164182,59000,56091,1699,57790,1388
2020-10-16,Placer,061,380077,4073,3864,13,3877,49
2020-10-16,Plumas,063,18699,61,52,0,52,0
2020-10-16,Riverside,065,2383286,65053,62986,248,63234,1267
2020-10-16,Sacramento,067,1510023,24746,24144,16,24160,479
2020-10-16,San Benito,069,59416,1399,1388,1,1389,14
2020-10-16,San Bernardino,071,2135413,61011,58233,399,58632,1069
2020-10-16,San Diego,073,3302833,53883,51785,1382,53167,850
2020-10-16,San Francisco,075,870044,11985,11840,42,11882,126
2020-10-16,San Joaquin,077,732212,21402,20910,148,21058,489
2020-10-16,San Luis Obispo,079,281455,4138,3952,19,3971,32
2020-10-16,San Mateo,081,765935,11063,10405,7,10412,153
2020-10-16,Santa Barbara,083,443738,10185,9549,73,9622,119
2020-10-16,Santa Clara,085,1922200,24185,22920,35,22955,345
2020-10-16,Santa Cruz,087,273765,2739,2666,35,2701,20
2020-10-16,Shasta,089,179085,1932,1660,18,1678,20
2020-10-16,Sierra,091,2930,6,6,0,6,0
2020-10-16,Siskiyou,093,43540,178,167,10,177,0
2020-10-16,Solano,095,438530,7113,6879,41,6920,55
2020-10-16,Sonoma,097,501317,9095,8652,22,8674,133
2020-10-16,Stanislaus,099,539301,17377,17201,700,17901,366
2020-10-16,Sutter,101,95872,1794,1756,1,1757,12
2020-10-16,Tehama,103,63373,823,737,2,739,3
2020-10-16,Trinity,105,12862,52,20,7,27,0
2020-10-16,Tulare,107,460477,17418,16965,288,17253,290
2020-10-16,Tuolumne,109,53932,262,237,3,240,4
2020-10-16,Ventura,111,848112,14331,13805,304,14109,152
2020-10-16,Yolo,113,214977,3126,3030,7,3037,55
2020-10-16,Yuba,115,75493,1203,1155,5,1160,10
2020-10-15,Alameda,001,1643700,22984,22267,220,22487,390
2020-10-15,Alpine,003,1148,4,3,0,3,0
2020-10-15,Amador,005,37829,315,309,0,309,16
2020-10-15,Butte,007,227075,3105,3000,24,3024,54
2020-10-15,Calaveras,009,45235,329,267,0,267,13
2020-10-15,Colusa,011,21464,542,543,1,544,6
2020-10-15,Contra Costa,013,1133247,18420,17893,95,17988,237
2020-10-15,Del Norte,015,27424,169,164,0,164,2
2020-10-15,El Dorado,017,186661,1321,1265,2,1267,4
2020-10-15,Fresno,019,978130,32595,29727,424,30151,425
2020-10-15,Glenn,021,27897,643,632,0,632,3
2020-10-15,Humboldt,023,135768,547,531,1,532,7
2020-10-15,Imperial,025,180216,12513,11820,7,11827,330
2020-10-15,Inyo,027,18085,223,210,1,211,14
2020-10-15,Kern,029,883053,33380,32593,380,32973,427
2020-10-15,Kings,031,150075,8288,8134,53,8187,80
2020-10-15,Lake,033,64148,689,642,0,642,14
2020-10-15,Lassen,035,31185,764,752,2,754,0
2020-10-15,Los Angeles,037,10098052,291072,284019,2655,286674,6807
2020-10-15,Madera,039,155013,4909,4723,32,4755,50
2020-10-15,Marin,041,260295,7036,6912,18,6930,99
2020-10-15,Mariposa,043,17540,79,76,0,76,2
2020-10-15,Mendocino,045,87422,1038,963,2,965,21
2020-10-15,Merced,047,269075,9343,9213,27,9240,147
2020-10-15,Modoc,049,8938,30,26,0,26,0
2020-10-15,Mono,051,14174,174,155,4,159,1
2020-10-15,Monterey,053,433212,10975,10677,44,10721,79
2020-10-15,Napa,055,140530,1930,1842,5,1847,12
2020-10-15,Nevada,057,99092,604,575,16,591,8
2020-10-15,Orange,059,3164182,58784,55952,1687,57639,1379
2020-10-15,Placer,061,380077,4045,3848,13,3861,48
2020-10-15,Plumas,063,18699,58,52,0,52,0
2020-10-15,Riverside,065,2383286,64722,62819,245,63064,1266
2020-10-15,Sacramento,067,1510023,24629,24068,16,24084,474
2020-10-15,San Benito,069,59416,1396,1384,1,1385,14
2020-10-15,San Bernardino,071,2135413,60672,58068,396,58464,1067
2020-10-15,San Diego,073,3302833,53599,51472,1366,52838,847
2020-10-15,San Francisco,075,870044,11957,11808,39,11847,126
2020-10-15,San Joaquin,077,732212,21329,20880,142,21022,487
2020-10-15,San Luis Obispo,079,281455,4123,3934,19,3953,32
2020-10-15,San Mateo,081,765935,11023,10340,7,10347,152
2020-10-15,Santa Barbara,083,443738,10161,9526,72,9598,117
2020-10-15,Santa Clara,085,1922200,24069,22808,35,22843,343
2020-10-15,Santa Cruz,087,273765,2725,2656,35,2691,13
2020-10-15,Shasta,089,179085,1921,1635,18,1653,20
2020-10-15,Sierra,091,2930,6,6,0,6,0
2020-10-15,Siskiyou,093,43540,174,166,10,176,0
2020-10-15,Solano,095,438530,7074,6830,41,6871,55
2020-10-15,Sonoma,097,501317,9003,8571,22,8593,133
2020-10-15,Stanislaus,099,539301,17339,17151,686,17837,366
2020-10-15,Sutter,101,95872,1791,1752,1,1753,12
2020-10-15,Tehama,103,63373,796,726,2,728,3
2020-10-15,Trinity,105,12862,52,20,7,27,0
2020-10-15,Tulare,107,460477,17358,16918,272,17190,289
2020-10-15,Tuolumne,109,53932,260,236,3,239,4
2020-10-15,Ventura,111,848112,14275,13750,299,14049,152
2020-10-15,Yolo,113,214977,3106,3014,7,3021,55
2020-10-15,Yuba,115,75493,1196,1151,5,1156,10
2020-10-14,Alameda,001,1643700,22886,22227,219,22446,398
2020-10-14,Alpine,003,1148,4,3,0,3,0
2020-10-14,Amador,005,37829,313,308,0,308,16
2020-10-14,Butte,007,227075,3097,2995,24,3019,54
2020-10-14,Calaveras,009,45235,329,266,0,266,12
2020-10-14,Colusa,011,21464,542,543,1,544,6
2020-10-14,Contra Costa,013,1133247,18363,17820,93,17913,236
2020-10-14,Del Norte,015,27424,168,163,0,163,2
2020-10-14,El Dorado,017,186661,1315,1264,2,1266,4
2020-10-14,Fresno,019,978130,32483,29650,420,30070,424
2020-10-14,Glenn,021,27897,642,629,0,629,3
2020-10-14,Humboldt,023,135768,544,531,1,532,7
2020-10-14,Imperial,025,180216,12476,11765,6,11771,330
2020-10-14,Inyo,027,18085,222,209,1,210,14
2020-10-14,Kern,029,883053,33306,32528,377,32905,425
2020-10-14,Kings,031,150075,8271,8118,52,8170,80
2020-10-14,Lake,033,64148,688,642,0,642,14
2020-10-14,Lassen,035,31185,762,752,2,754,0
2020-10-14,Los Angeles,037,10098052,289760,282918,2608,285526,6786
2020-10-14,Madera,039,155013,4894,4713,31,4744,50
2020-10-14,Marin,041,260295,7030,6907,18,6925,99
2020-10-14,Mariposa,043,17540,78,76,0,76,2
2020-10-14,Mendocino,045,87422,1032,955,2,957,21
2020-10-14,Merced,047,269075,9318,9201,25,9226,147
2020-10-14,Modoc,049,8938,30,27,0,27,0
2020-10-14,Mono,051,14174,174,155,4,159,1
2020-10-14,Monterey,053,433212,10924,10616,44,10660,78
2020-10-14,Napa,055,140530,1913,1837,5,1842,12
2020-10-14,Nevada,057,99092,602,573,16,589,7
2020-10-14,Orange,059,3164182,58572,55756,1677,57433,1348
2020-10-14,Placer,061,380077,4022,3829,13,3842,48
2020-10-14,Plumas,063,18699,54,52,0,52,0
2020-10-14,Riverside,065,2383286,64439,62607,244,62851,1261
2020-10-14,Sacramento,067,1510023,24485,24013,16,24029,472
2020-10-14,San Benito,069,59416,1394,1381,0,1381,14
2020-10-14,San Bernardino,071,2135413,60346,57774,393,58167,1063
2020-10-14,San Diego,073,3302833,53281,51329,1342,52671,844
2020-10-14,San Francisco,075,870044,11925,11783,38,11821,123
2020-10-14,San Joaquin,077,732212,21250,20845,128,20973,487
2020-10-14,San Luis Obispo,079,281455,4100,3901,18,3919,32
2020-10-14,San Mateo,081,765935,10972,10309,7,10316,132
2020-10-14,Santa Barbara,083,443738,10126,9509,72,9581,117
2020-10-14,Santa Clara,085,1922200,23921,22735,35,22770,343
2020-10-14,Santa Cruz,087,273765,2715,2618,35,2653,13
2020-10-14,Shasta,089,179085,1883,1553,18,1571,20
2020-10-14,Sierra,091,2930,6,6,0,6,0
2020-10-14,Siskiyou,093,43540,174,166,10,176,0
2020-10-14,Solano,095,438530,7018,6786,41,6827,55
2020-10-14,Sonoma,097,501317,8950,8514,22,8536,133
2020-10-14,Stanislaus,099,539301,17294,17105,683,17788,365
2020-10-14,Sutter,101,95872,1782,1747,1,1748,12
2020-10-14,Tehama,103,63373,785,721,2,723,3
2020-10-14,Trinity,105,12862,51,20,7,27,0
2020-10-14,Tulare,107,460477,17296,16863,259,17122,287
2020-10-14,Tuolumne,109,53932,259,236,3,239,4
2020-10-14,Ventura,111,848112,14222,13697,295,13992,152
2020-10-14,Yolo,113,214977,3088,3007,7,3014,55
2020-10-14,Yuba,115,75493,1188,1147,5,1152,10
2020-10-13,Alameda,001,1643700,22782,22185,217,22402,389
2020-10-13,Alpine,003,1148,4,3,0,3,0
2020-10-13,Amador,005,37829,311,306,0,306,16
2020-10-13,Butte,007,227075,3088,2992,24,3016,54
2020-10-13,Calaveras,009,45235,325,262,0,262,12
2020-10-13,Colusa,011,21464,542,541,1,542,6
2020-10-13,Contra Costa,013,1133247,18305,17783,93,17876,234
2020-10-13,Del Norte,015,27424,168,163,0,163,2
2020-10-13,El Dorado,017,186661,1306,1262,2,1264,4
2020-10-13,Fresno,019,978130,32363,29579,416,29995,424
2020-10-13,Glenn,021,27897,641,629,0,629,3
2020-10-13,Humboldt,023,135768,542,523,1,524,7
2020-10-13,Imperial,025,180216,12441,11727,6,11733,327
2020-10-13,Inyo,027,18085,219,207,1,208,14
2020-10-13,Kern,029,883053,33231,32497,375,32872,419
2020-10-13,Kings,031,150075,8262,8111,52,8163,80
2020-10-13,Lake,033,64148,685,639,0,639,12
2020-10-13,Lassen,035,31185,760,752,2,754,0
2020-10-13,Los Angeles,037,10098052,288485,281716,2565,284281,6767
2020-10-13,Madera,039,155013,4876,4700,31,4731,50
2020-10-13,Marin,041,260295,7008,6900,18,6918,97
2020-10-13,Mariposa,043,17540,78,76,0,76,2
2020-10-13,Mendocino,045,87422,1023,950,2,952,21
2020-10-13,Merced,047,269075,9301,9181,25,9206,146
2020-10-13,Modoc,049,8938,29,28,0,28,0
2020-10-13,Mono,051,14174,174,155,3,158,1
2020-10-13,Monterey,053,433212,10863,10574,43,10617,78
2020-10-13,Napa,055,140530,1904,1825,5,1830,12
2020-10-13,Nevada,057,99092,596,572,16,588,7
2020-10-13,Orange,059,3164182,58360,55515,1663,57178,1326
2020-10-13,Placer,061,380077,3985,3825,13,3838,48
2020-10-13,Plumas,063,18699,52,51,0,51,0
2020-10-13,Riverside,065,2383286,64120,62279,242,62521,1254
2020-10-13,Sacramento,067,1510023,24408,23930,16,23946,466
2020-10-13,San Benito,069,59416,1386,1380,0,1380,14
2020-10-13,San Bernardino,071,2135413,60007,57411,391,57802,1061
2020-10-13,San Diego,073,3302833,52988,51026,1325,52351,840
2020-10-13,San Francisco,075,870044,11890,11659,38,11697,122
2020-10-13,San Joaquin,077,732212,21188,20822,124,20946,481
2020-10-13,San Luis Obispo,079,281455,4089,3892,17,3909,32
2020-10-13,San Mateo,081,765935,10929,10286,7,10293,130
2020-10-13,Santa Barbara,083,443738,10095,9489,72,9561,117
2020-10-13,Santa Clara,085,1922200,23795,22678,35,22713,343
2020-10-13,Santa Cruz,087,273765,2697,2603,35,2638,13
2020-10-13,Shasta,089,179085,1859,1606,18,1624,20
2020-10-13,Sierra,091,2930,6,6,0,6,0
2020-10-13,Siskiyou,093,43540,173,163,10,173,0
2020-10-13,Solano,095,438530,6983,6761,41,6802,55
2020-10-13,Sonoma,097,501317,8867,8456,22,8478,133
2020-10-13,Stanislaus,099,539301,17249,17082,678,17760,362
2020-10-13,Sutter,101,95872,1773,1748,1,1749,12
2020-10-13,Tehama,103,63373,777,717,2,719,3
2020-10-13,Trinity,105,12862,47,19,6,25,0
2020-10-13,Tulare,107,460477,17237,16822,251,17073,286
2020-10-13,Tuolumne,109,53932,257,235,3,238,4
2020-10-13,Ventura,111,848112,14169,13645,290,13935,151
2020-10-13,Yolo,113,214977,3080,2983,6,2989,55
2020-10-13,Yuba,115,75493,1183,1143,5,1148,10
2020-10-12,Alameda,001,1643700,22702,22126,216,22342,389
2020-10-12,Alpine,003,1148,4,3,0,3,0
2020-10-12,Amador,005,37829,310,305,0,305,16
2020-10-12,Butte,007,227075,3082,2975,24,2999,54
2020-10-12,Calaveras,009,45235,325,262,0,262,12
2020-10-12,Colusa,011,21464,542,541,1,542,6
2020-10-12,Contra Costa,013,1133247,18230,17728,93,17821,233
2020-10-12,Del Norte,015,27424,168,161,0,161,2
2020-10-12,El Dorado,017,186661,1303,1254,2,1256,4
2020-10-12,Fresno,019,978130,32230,29523,412,29935,421
2020-10-12,Glenn,021,27897,640,626,0,626,3
2020-10-12,Humboldt,023,135768,539,522,1,523,7
2020-10-12,Imperial,025,180216,12402,11689,6,11695,328
2020-10-12,Inyo,027,18085,216,201,1,202,14
2020-10-12,Kern,029,883053,33138,32425,372,32797,419
2020-10-12,Kings,031,150075,8256,8106,51,8157,80
2020-10-12,Lake,033,64148,679,633,0,633,12
2020-10-12,Lassen,035,31185,760,752,2,754,0
2020-10-12,Los Angeles,037,10098052,287271,280961,2535,283496,6747
2020-10-12,Madera,039,155013,4857,4689,31,4720,50
2020-10-12,Marin,041,260295,6991,6886,18,6904,97
2020-10-12,Mariposa,043,17540,78,76,0,76,2
2020-10-12,Mendocino,045,87422,1017,947,2,949,21
2020-10-12,Merced,047,269075,9280,9141,25,9166,146
2020-10-12,Modoc,049,8938,29,27,0,27,0
2020-10-12,Mono,051,14174,174,154,3,157,1
2020-10-12,Monterey,053,433212,10797,10473,43,10516,77
2020-10-12,Napa,055,140530,1896,1819,5,1824,11
2020-10-12,Nevada,057,99092,592,570,16,586,7
2020-10-12,Orange,059,3164182,58130,55373,1653,57026,1326
2020-10-12,Placer,061,380077,3953,3808,12,3820,48
2020-10-12,Plumas,063,18699,52,51,0,51,0
2020-10-12,Riverside,065,2383286,63808,62279,239,62518,1254
2020-10-12,Sacramento,067,1510023,24302,23807,16,23823,466
2020-10-12,San Benito,069,59416,1383,1376,0,1376,13
2020-10-12,San Bernardino,071,2135413,59634,57235,390,57625,1061
2020-10-12,San Diego,073,3302833,52698,50748,1298,52046,826
2020-10-12,San Francisco,075,870044,11858,11659,38,11697,122
2020-10-12,San Joaquin,077,732212,21125,20701,118,20819,480
2020-10-12,San Luis Obispo,079,281455,4065,3874,17,3891,32
2020-10-12,San Mateo,081,765935,10881,10262,7,10269,130
2020-10-12,Santa Barbara,083,443738,10058,9462,72,9534,117
2020-10-12,Santa Clara,085,1922200,23680,22578,35,22613,343
2020-10-12,Santa Cruz,087,273765,2680,2590,35,2625,13
2020-10-12,Shasta,089,179085,1834,1515,18,1533,20
2020-10-12,Sierra,091,2930,6,6,0,6,0
2020-10-12,Siskiyou,093,43540,172,162,10,172,0
2020-10-12,Solano,095,438530,6944,6742,41,6783,55
2020-10-12,Sonoma,097,501317,8796,8377,22,8399,133
2020-10-12,Stanislaus,099,539301,17200,17051,669,17720,361
2020-10-12,Sutter,101,95872,1765,1741,1,1742,12
2020-10-12,Tehama,103,63373,761,708,2,710,3
2020-10-12,Trinity,105,12862,46,19,6,25,0
2020-10-12,Tulare,107,460477,17185,16742,244,16986,286
2020-10-12,Tuolumne,109,53932,252,234,3,237,4
2020-10-12,Ventura,111,848112,14107,13617,286,13903,151
2020-10-12,Yolo,113,214977,3065,2964,6,2970,55
2020-10-12,Yuba,115,75493,1172,1141,5,1146,10
2020-10-11,Alameda,001,1643700,22612,22057,212,22269,392
2020-10-11,Alpine,003,1148,4,3,0,3,0
2020-10-11,Amador,005,37829,308,305,0,305,16
2020-10-11,Butte,007,227075,3074,2967,23,2990,54
2020-10-11,Calaveras,009,45235,323,262,0,262,12
2020-10-11,Colusa,011,21464,540,541,1,542,6
2020-10-11,Contra Costa,013,1133247,18148,17678,93,17771,233
2020-10-11,Del Norte,015,27424,166,161,0,161,2
2020-10-11,El Dorado,017,186661,1294,1242,2,1244,4
2020-10-11,Fresno,019,978130,32092,29419,405,29824,421
2020-10-11,Glenn,021,27897,638,625,0,625,3
2020-10-11,Humboldt,023,135768,538,521,1,522,7
2020-10-11,Imperial,025,180216,12342,11614,6,11620,328
2020-10-11,Inyo,027,18085,212,201,1,202,14
2020-10-11,Kern,029,883053,33051,32399,365,32764,418
2020-10-11,Kings,031,150075,8239,8094,50,8144,80
2020-10-11,Lake,033,64148,666,631,0,631,12
2020-10-11,Lassen,035,31185,759,752,2,754,0
2020-10-11,Los Angeles,037,10098052,285834,280190,2493,282683,6745
2020-10-11,Madera,039,155013,4829,4680,30,4710,50
2020-10-11,Marin,041,260295,6982,6870,18,6888,97
2020-10-11,Mariposa,043,17540,78,76,0,76,2
2020-10-11,Mendocino,045,87422,1010,944,2,946,21
2020-10-11,Merced,047,269075,9262,9124,25,9149,146
2020-10-11,Modoc,049,8938,29,27,0,27,0
2020-10-11,Mono,051,14174,174,154,3,157,1
2020-10-11,Monterey,053,433212,10746,10445,41,10486,77
2020-10-11,Napa,055,140530,1880,1811,5,1816,11
2020-10-11,Nevada,057,99092,590,569,16,585,7
2020-10-11,Orange,059,3164182,57900,55202,1646,56848,1326
2020-10-11,Placer,061,380077,3932,3787,12,3799,48
2020-10-11,Plumas,063,18699,52,51,0,51,0
2020-10-11,Riverside,065,2383286,63519,62112,235,62347,1254
2020-10-11,Sacramento,067,1510023,24160,23778,16,23794,466
2020-10-11,San Benito,069,59416,1382,1374,0,1374,13
2020-10-11,San Bernardino,071,2135413,59181,56997,386,57383,1061
2020-10-11,San Diego,073,3302833,52349,50553,1276,51829,826
2020-10-11,San Francisco,075,870044,11815,11659,38,11697,122
2020-10-11,San Joaquin,077,732212,21050,20700,108,20808,480
2020-10-11,San Luis Obispo,079,281455,4048,3874,16,3890,32
2020-10-11,San Mateo,081,765935,10850,10240,7,10247,130
2020-10-11,Santa Barbara,083,443738,10028,9440,71,9511,117
2020-10-11,Santa Clara,085,1922200,23537,22487,34,22521,336
2020-10-11,Santa Cruz,087,273765,2666,2578,35,2613,13
2020-10-11,Shasta,089,179085,1804,1515,17,1532,20
2020-10-11,Sierra,091,2930,6,6,0,6,0
2020-10-11,Siskiyou,093,43540,171,162,10,172,0
2020-10-11,Solano,095,438530,6890,6685,41,6726,53
2020-10-11,Sonoma,097,501317,8739,8319,22,8341,133
2020-10-11,Stanislaus,099,539301,17137,17007,652,17659,360
2020-10-11,Sutter,101,95872,1762,1742,1,1743,12
2020-10-11,Tehama,103,63373,737,702,2,704,3
2020-10-11,Trinity,105,12862,46,19,6,25,0
2020-10-11,Tulare,107,460477,17122,16741,236,16977,286
2020-10-11,Tuolumne,109,53932,248,234,3,237,4
2020-10-11,Ventura,111,848112,14046,13604,281,13885,151
2020-10-11,Yolo,113,214977,3035,2952,6,2958,55
2020-10-11,Yuba,115,75493,1160,1137,5,1142,10
2020-10-10,Alameda,001,1643700,22562,21979,211,22190,398
2020-10-10,Alpine,003,1148,4,3,0,3,0
2020-10-10,Amador,005,37829,307,304,0,304,16
2020-10-10,Butte,007,227075,3069,2962,22,2984,54
2020-10-10,Calaveras,009,45235,322,262,0,262,12
2020-10-10,Colusa,011,21464,540,541,1,542,6
2020-10-10,Contra Costa,013,1133247,18112,17566,92,17658,233
2020-10-10,Del Norte,015,27424,166,161,0,161,2
2020-10-10,El Dorado,017,186661,1292,1240,2,1242,4
2020-10-10,Fresno,019,978130,32029,29286,403,29689,421
2020-10-10,Glenn,021,27897,638,623,0,623,3
2020-10-10,Humboldt,023,135768,535,518,1,519,7
2020-10-10,Imperial,025,180216,12327,11591,6,11597,327
2020-10-10,Inyo,027,18085,209,201,1,202,14
2020-10-10,Kern,029,883053,33014,32338,365,32703,418
2020-10-10,Kings,031,150075,8235,8078,50,8128,80
2020-10-10,Lake,033,64148,665,630,0,630,11
2020-10-10,Lassen,035,31185,759,752,2,754,0
2020-10-10,Los Angeles,037,10098052,285114,279213,2459,281672,6743
2020-10-10,Madera,039,155013,4816,4662,30,4692,50
2020-10-10,Marin,041,260295,6973,6852,18,6870,97
2020-10-10,Mariposa,043,17540,78,76,0,76,2
2020-10-10,Mendocino,045,87422,1003,935,2,937,21
2020-10-10,Merced,047,269075,9256,9105,24,9129,146
2020-10-10,Modoc,049,8938,29,27,0,27,0
2020-10-10,Mono,051,14174,174,154,3,157,1
2020-10-10,Monterey,053,433212,10713,10410,41,10451,75
2020-10-10,Napa,055,140530,1873,1804,5,1809,11
2020-10-10,Nevada,057,99092,587,564,16,580,6
2020-10-10,Orange,059,3164182,57779,54965,1641,56606,1324
2020-10-10,Placer,061,380077,3915,3757,12,3769,48
2020-10-10,Plumas,063,18699,52,51,0,51,0
2020-10-10,Riverside,065,2383286,63316,61845,232,62077,1254
2020-10-10,Sacramento,067,1510023,24093,23689,16,23705,466
2020-10-10,San Benito,069,59416,1380,1370,0,1370,13
2020-10-10,San Bernardino,071,2135413,59019,56683,384,57067,1061
2020-10-10,San Diego,073,3302833,52119,50145,1258,51403,825
2020-10-10,San Francisco,075,870044,11794,11663,38,11701,122
2020-10-10,San Joaquin,077,732212,21022,20700,104,20804,481
2020-10-10,San Luis Obispo,079,281455,4028,3832,16,3848,32
2020-10-10,San Mateo,081,765935,10813,10218,7,10225,130
2020-10-10,Santa Barbara,083,443738,10017,9417,71,9488,116
2020-10-10,Santa Clara,085,1922200,23445,22354,34,22388,330
2020-10-10,Santa Cruz,087,273765,2652,2572,35,2607,13
2020-10-10,Shasta,089,179085,1787,1473,17,1490,20
2020-10-10,Sierra,091,2930,6,6,0,6,0
2020-10-10,Siskiyou,093,43540,171,161,10,171,0
2020-10-10,Solano,095,438530,6864,6655,41,6696,53
2020-10-10,Sonoma,097,501317,8719,8235,22,8257,133
2020-10-10,Stanislaus,099,539301,17102,16960,644,17604,360
2020-10-10,Sutter,101,95872,1759,1735,1,1736,12
2020-10-10,Tehama,103,63373,730,693,2,695,3
2020-10-10,Trinity,105,12862,46,19,6,25,0
2020-10-10,Tulare,107,460477,17088,16709,231,16940,286
2020-10-10,Tuolumne,109,53932,248,233,3,236,4
2020-10-10,Ventura,111,848112,14021,13520,281,13801,151
2020-10-10,Yolo,113,214977,3026,2939,6,2945,55
2020-10-10,Yuba,115,75493,1158,1134,5,1139,10
2020-10-09,Alameda,001,1643700,22514,21924,211,22135,399
2020-10-09,Alpine,003,1148,4,3,0,3,0
2020-10-09,Amador,005,37829,307,303,0,303,16
2020-10-09,Butte,007,227075,3066,2956,22,2978,51
2020-10-09,Calaveras,009,45235,320,262,0,262,11
2020-10-09,Colusa,011,21464,540,541,1,542,6
2020-10-09,Contra Costa,013,1133247,18062,17487,92,17579,229
2020-10-09,Del Norte,015,27424,165,161,0,161,2
2020-10-09,El Dorado,017,186661,1288,1234,2,1236,4
2020-10-09,Fresno,019,978130,31956,29208,401,29609,417
2020-10-09,Glenn,021,27897,633,617,0,617,3
2020-10-09,Humboldt,023,135768,533,516,1,517,7
2020-10-09,Imperial,025,180216,12300,11516,6,11522,330
2020-10-09,Inyo,027,18085,206,200,1,201,14
2020-10-09,Kern,029,883053,32971,32237,363,32600,417
2020-10-09,Kings,031,150075,8228,7993,48,8041,80
2020-10-09,Lake,033,64148,655,610,0,610,11
2020-10-09,Lassen,035,31185,759,751,2,753,0
2020-10-09,Los Angeles,037,10098052,283980,278039,2434,280473,6715
2020-10-09,Madera,039,155013,4806,4646,30,4676,50
2020-10-09,Marin,041,260295,6959,6838,18,6856,96
2020-10-09,Mariposa,043,17540,78,76,0,76,2
2020-10-09,Mendocino,045,87422,993,933,2,935,20
2020-10-09,Merced,047,269075,9242,9095,24,9119,145
2020-10-09,Modoc,049,8938,29,27,0,27,0
2020-10-09,Mono,051,14174,174,154,3,157,1
2020-10-09,Monterey,053,433212,10679,10369,41,10410,75
2020-10-09,Napa,055,140530,1863,1795,5,1800,11
2020-10-09,Nevada,057,99092,582,561,16,577,6
2020-10-09,Orange,059,3164182,57610,54746,1635,56381,1305
2020-10-09,Placer,061,380077,3901,3737,12,3749,48
2020-10-09,Plumas,063,18699,52,50,0,50,0
2020-10-09,Riverside,065,2383286,63080,61529,231,61760,1252
2020-10-09,Sacramento,067,1510023,24023,23606,16,23622,457
2020-10-09,San Benito,069,59416,1375,1367,0,1367,13
2020-10-09,San Bernardino,071,2135413,58779,56434,382,56816,1057
2020-10-09,San Diego,073,3302833,51843,49825,1247,51072,821
2020-10-09,San Francisco,075,870044,11764,11620,38,11658,120
2020-10-09,San Joaquin,077,732212,20993,20648,94,20742,481
2020-10-09,San Luis Obispo,079,281455,4009,3810,16,3826,32
2020-10-09,San Mateo,081,765935,10785,10140,7,10147,130
2020-10-09,Santa Barbara,083,443738,9989,9396,71,9467,116
2020-10-09,Santa Clara,085,1922200,23343,22251,33,22284,328
2020-10-09,Santa Cruz,087,273765,2643,2555,35,2590,13
2020-10-09,Shasta,089,179085,1760,1353,16,1369,20
2020-10-09,Sierra,091,2930,6,6,0,6,0
2020-10-09,Siskiyou,093,43540,169,156,10,166,0
2020-10-09,Solano,095,438530,6825,6614,41,6655,53
2020-10-09,Sonoma,097,501317,8665,8133,22,8155,133
2020-10-09,Stanislaus,099,539301,17079,16904,635,17539,362
2020-10-09,Sutter,101,95872,1755,1732,1,1733,12
2020-10-09,Tehama,103,63373,724,682,2,684,3
2020-10-09,Trinity,105,12862,46,25,6,31,0
2020-10-09,Tulare,107,460477,17048,16644,222,16866,286
2020-10-09,Tuolumne,109,53932,245,230,3,233,4
2020-10-09,Ventura,111,848112,13985,13469,278,13747,151
2020-10-09,Yolo,113,214977,3019,2928,6,2934,55
2020-10-09,Yuba,115,75493,1157,1129,5,1134,10
2020-10-08,Alameda,001,1643700,22433,21826,210,22036,395
2020-10-08,Alpine,003,1148,4,3,0,3,0
2020-10-08,Amador,005,37829,306,302,0,302,16
2020-10-08,Butte,007,227075,3056,2935,22,2957,51
2020-10-08,Calaveras,009,45235,319,262,0,262,11
2020-10-08,Colusa,011,21464,540,539,1,540,6
2020-10-08,Contra Costa,013,1133247,18002,17418,91,17509,228
2020-10-08,Del Norte,015,27424,165,151,0,151,2
2020-10-08,El Dorado,017,186661,1287,1230,2,1232,4
2020-10-08,Fresno,019,978130,31851,29111,401,29512,416
2020-10-08,Glenn,021,27897,630,616,0,616,3
2020-10-08,Humboldt,023,135768,529,515,1,516,7
2020-10-08,Imperial,025,180216,12261,11405,6,11411,330
2020-10-08,Inyo,027,18085,203,199,1,200,14
2020-10-08,Kern,029,883053,32913,32169,358,32527,411
2020-10-08,Kings,031,150075,8222,7968,48,8016,80
2020-10-08,Lake,033,64148,650,604,0,604,11
2020-10-08,Lassen,035,31185,754,751,2,753,0
2020-10-08,Los Angeles,037,10098052,282782,276763,2393,279156,6699
2020-10-08,Madera,039,155013,4787,4637,30,4667,50
2020-10-08,Marin,041,260295,6945,6810,18,6828,96
2020-10-08,Mariposa,043,17540,78,76,0,76,2
2020-10-08,Mendocino,045,87422,988,930,2,932,20
2020-10-08,Merced,047,269075,9222,9069,24,9093,144
2020-10-08,Modoc,049,8938,29,27,0,27,0
2020-10-08,Mono,051,14174,174,153,3,156,1
2020-10-08,Monterey,053,433212,10612,10343,41,10384,75
2020-10-08,Napa,055,140530,1848,1779,5,1784,11
2020-10-08,Nevada,057,99092,579,556,16,572,6
2020-10-08,Orange,059,3164182,57417,54523,1623,56146,1293
2020-10-08,Placer,061,380077,3883,3715,12,3727,48
2020-10-08,Plumas,063,18699,52,50,0,50,0
2020-10-08,Riverside,065,2383286,62812,61105,229,61334,1244
2020-10-08,Sacramento,067,1510023,23915,23482,16,23498,454
2020-10-08,San Benito,069,59416,1370,1367,0,1367,13
2020-10-08,San Bernardino,071,2135413,58414,56152,381,56533,1048
2020-10-08,San Diego,073,3302833,51563,49468,1215,50683,819
2020-10-08,San Francisco,075,870044,11727,11608,38,11646,115
2020-10-08,San Joaquin,077,732212,20942,20576,89,20665,478
2020-10-08,San Luis Obispo,079,281455,3993,3785,16,3801,32
2020-10-08,San Mateo,081,765935,10753,10044,7,10051,130
2020-10-08,Santa Barbara,083,443738,9960,9374,71,9445,116
2020-10-08,Santa Clara,085,1922200,23241,22095,33,22128,323
2020-10-08,Santa Cruz,087,273765,2631,2535,35,2570,13
2020-10-08,Shasta,089,179085,1726,1305,16,1321,20
2020-10-08,Sierra,091,2930,6,6,0,6,0
2020-10-08,Siskiyou,093,43540,169,156,10,166,0
2020-10-08,Solano,095,438530,6801,6556,41,6597,53
2020-10-08,Sonoma,097,501317,8599,8063,22,8085,132
2020-10-08,Stanislaus,099,539301,17033,16821,627,17448,360
2020-10-08,Sutter,101,95872,1755,1725,1,1726,12
2020-10-08,Tehama,103,63373,715,676,2,678,3
2020-10-08,Trinity,105,12862,46,25,6,31,0
2020-10-08,Tulare,107,460477,16987,16573,213,16786,283
2020-10-08,Tuolumne,109,53932,244,230,3,233,4
2020-10-08,Ventura,111,848112,13938,13399,275,13674,151
2020-10-08,Yolo,113,214977,3002,2914,6,2920,55
2020-10-08,Yuba,115,75493,1152,1126,5,1131,10
2020-10-07,Alameda,001,1643700,22356,21736,210,21946,395
2020-10-07,Alpine,003,1148,4,3,0,3,0
2020-10-07,Amador,005,37829,306,302,0,302,16
2020-10-07,Butte,007,227075,3044,2927,22,2949,47
2020-10-07,Calaveras,009,45235,317,262,0,262,11
2020-10-07,Colusa,011,21464,539,539,0,539,6
2020-10-07,Contra Costa,013,1133247,17931,17346,90,17436,225
2020-10-07,Del Norte,015,27424,164,149,0,149,2
2020-10-07,El Dorado,017,186661,1279,1219,2,1221,4
2020-10-07,Fresno,019,978130,31729,29069,396,29465,413
2020-10-07,Glenn,021,27897,630,615,0,615,3
2020-10-07,Humboldt,023,135768,526,512,1,513,7
2020-10-07,Imperial,025,180216,12224,11289,6,11295,330
2020-10-07,Inyo,027,18085,203,199,1,200,14
2020-10-07,Kern,029,883053,32840,32068,357,32425,410
2020-10-07,Kings,031,150075,8207,7948,48,7996,80
2020-10-07,Lake,033,64148,649,599,0,599,11
2020-10-07,Lassen,035,31185,754,751,2,753,0
2020-10-07,Los Angeles,037,10098052,281607,275559,2355,277914,6681
2020-10-07,Madera,039,155013,4767,4618,30,4648,50
2020-10-07,Marin,041,260295,6918,6790,18,6808,95
2020-10-07,Mariposa,043,17540,78,75,0,75,2
2020-10-07,Mendocino,045,87422,982,927,2,929,19
2020-10-07,Merced,047,269075,9185,9045,23,9068,144
2020-10-07,Modoc,049,8938,29,27,0,27,0
2020-10-07,Mono,051,14174,173,153,2,155,1
2020-10-07,Monterey,053,433212,10553,10272,41,10313,75
2020-10-07,Napa,055,140530,1835,1774,5,1779,11
2020-10-07,Nevada,057,99092,575,552,16,568,6
2020-10-07,Orange,059,3164182,57198,54332,1613,55945,1277
2020-10-07,Placer,061,380077,3867,3693,12,3705,48
2020-10-07,Plumas,063,18699,52,50,0,50,0
2020-10-07,Riverside,065,2383286,62465,60857,225,61082,1241
2020-10-07,Sacramento,067,1510023,23818,23380,16,23396,452
2020-10-07,San Benito,069,59416,1367,1363,0,1363,13
2020-10-07,San Bernardino,071,2135413,58066,55738,380,56118,1043
2020-10-07,San Diego,073,3302833,51247,49177,1191,50368,813
2020-10-07,San Francisco,075,870044,11692,11551,38,11589,115
2020-10-07,San Joaquin,077,732212,20890,20527,81,20608,478
2020-10-07,San Luis Obispo,079,281455,3963,3749,16,3765,32
2020-10-07,San Mateo,081,765935,10711,9980,7,9987,130
2020-10-07,Santa Barbara,083,443738,9932,9350,70,9420,116
2020-10-07,Santa Clara,085,1922200,23114,21993,33,22026,320
2020-10-07,Santa Cruz,087,273765,2619,2518,35,2553,14
2020-10-07,Shasta,089,179085,1683,1268,16,1284,20
2020-10-07,Sierra,091,2930,6,6,0,6,0
2020-10-07,Siskiyou,093,43540,167,154,10,164,0
2020-10-07,Solano,095,438530,6766,6526,41,6567,53
2020-10-07,Sonoma,097,501317,8523,7993,21,8014,130
2020-10-07,Stanislaus,099,539301,16998,16786,621,17407,357
2020-10-07,Sutter,101,95872,1751,1723,1,1724,12
2020-10-07,Tehama,103,63373,706,666,2,668,3
2020-10-07,Trinity,105,12862,44,25,6,31,0
2020-10-07,Tulare,107,460477,16945,16483,204,16687,282
2020-10-07,Tuolumne,109,53932,244,227,3,230,3
2020-10-07,Ventura,111,848112,13888,13333,269,13602,150
2020-10-07,Yolo,113,214977,2976,2904,6,2910,55
2020-10-07,Yuba,115,75493,1146,1120,5,1125,10
2020-10-06,Alameda,001,1643700,22265,21698,208,21906,385
2020-10-06,Alpine,003,1148,4,3,0,3,0
2020-10-06,Amador,005,37829,304,301,0,301,16
2020-10-06,Butte,007,227075,3037,2925,22,2947,47
2020-10-06,Calaveras,009,45235,317,261,0,261,11
2020-10-06,Colusa,011,21464,538,538,0,538,6
2020-10-06,Contra Costa,013,1133247,17852,17295,90,17385,219
2020-10-06,Del Norte,015,27424,164,144,0,144,2
2020-10-06,El Dorado,017,186661,1275,1211,2,1213,4
2020-10-06,Fresno,019,978130,31587,29022,393,29415,412
2020-10-06,Glenn,021,27897,627,604,0,604,3
2020-10-06,Humboldt,023,135768,523,508,1,509,7
2020-10-06,Imperial,025,180216,12186,11196,6,11202,327
2020-10-06,Inyo,027,18085,201,198,1,199,14
2020-10-06,Kern,029,883053,32763,32006,355,32361,407
2020-10-06,Kings,031,150075,8191,7943,48,7991,81
2020-10-06,Lake,033,64148,643,596,0,596,11
2020-10-06,Lassen,035,31185,754,743,2,745,0
2020-10-06,Los Angeles,037,10098052,280374,274115,2302,276417,6657
2020-10-06,Madera,039,155013,4755,4608,30,4638,50
2020-10-06,Marin,041,260295,6904,6766,18,6784,91
2020-10-06,Mariposa,043,17540,78,75,0,75,2
2020-10-06,Mendocino,045,87422,975,920,2,922,19
2020-10-06,Merced,047,269075,9149,9034,22,9056,143
2020-10-06,Modoc,049,8938,29,26,0,26,0
2020-10-06,Mono,051,14174,173,153,2,155,1
2020-10-06,Monterey,053,433212,10497,10235,40,10275,72
2020-10-06,Napa,055,140530,1829,1770,5,1775,11
2020-10-06,Nevada,057,99092,573,551,16,567,6
2020-10-06,Orange,059,3164182,56983,54203,1605,55808,1273
2020-10-06,Placer,061,380077,3845,3680,12,3692,48
2020-10-06,Plumas,063,18699,52,49,0,49,0
2020-10-06,Riverside,065,2383286,62201,60593,222,60815,1238
2020-10-06,Sacramento,067,1510023,23731,23322,16,23338,442
2020-10-06,San Benito,069,59416,1366,1358,0,1358,12
2020-10-06,San Bernardino,071,2135413,57751,55416,377,55793,1040
2020-10-06,San Diego,073,3302833,50910,48823,1174,49997,806
2020-10-06,San Francisco,075,870044,11666,11513,37,11550,115
2020-10-06,San Joaquin,077,732212,20850,20481,78,20559,477
2020-10-06,San Luis Obispo,079,281455,3928,3723,16,3739,32
2020-10-06,San Mateo,081,765935,10678,9934,7,9941,129
2020-10-06,Santa Barbara,083,443738,9903,9331,69,9400,116
2020-10-06,Santa Clara,085,1922200,23019,21914,33,21947,320
2020-10-06,Santa Cruz,087,273765,2597,2510,35,2545,12
2020-10-06,Shasta,089,179085,1643,1242,16,1258,18
2020-10-06,Sierra,091,2930,6,6,0,6,0
2020-10-06,Siskiyou,093,43540,167,154,10,164,0
2020-10-06,Solano,095,438530,6720,6506,41,6547,52
2020-10-06,Sonoma,097,501317,8431,7895,21,7916,130
2020-10-06,Stanislaus,099,539301,16953,16759,615,17374,354
2020-10-06,Sutter,101,95872,1749,1722,1,1723,12
2020-10-06,Tehama,103,63373,697,660,2,662,3
2020-10-06,Trinity,105,12862,44,25,6,31,0
2020-10-06,Tulare,107,460477,16903,16456,196,16652,280
2020-10-06,Tuolumne,109,53932,243,227,3,230,2
2020-10-06,Ventura,111,848112,13821,13242,264,13506,150
2020-10-06,Yolo,113,214977,2962,2899,6,2905,56
2020-10-06,Yuba,115,75493,1145,1114,5,1119,10
2020-10-05,Alameda,001,1643700,22177,21637,205,21842,383
2020-10-05,Alpine,003,1148,4,2,0,2,0
2020-10-05,Amador,005,37829,304,299,0,299,16
2020-10-05,Butte,007,227075,3027,2910,22,2932,46
2020-10-05,Calaveras,009,45235,317,259,0,259,11
2020-10-05,Colusa,011,21464,538,537,0,537,6
2020-10-05,Contra Costa,013,1133247,17775,17250,90,17340,216
2020-10-05,Del Norte,015,27424,161,142,0,142,2
2020-10-05,El Dorado,017,186661,1271,1202,2,1204,4
2020-10-05,Fresno,019,978130,31470,29136,393,29529,408
2020-10-05,Glenn,021,27897,625,603,0,603,3
2020-10-05,Humboldt,023,135768,522,506,1,507,6
2020-10-05,Imperial,025,180216,12147,11169,6,11175,327
2020-10-05,Inyo,027,18085,201,197,1,198,14
2020-10-05,Kern,029,883053,32683,31933,351,32284,404
2020-10-05,Kings,031,150075,8094,7932,48,7980,80
2020-10-05,Lake,033,64148,639,592,0,592,10
2020-10-05,Lassen,035,31185,753,743,2,745,0
2020-10-05,Los Angeles,037,10098052,279291,273200,2258,275458,6632
2020-10-05,Madera,039,155013,4747,4598,28,4626,50
2020-10-05,Marin,041,260295,6887,6751,18,6769,91
2020-10-05,Mariposa,043,17540,78,75,0,75,2
2020-10-05,Mendocino,045,87422,967,913,2,915,19
2020-10-05,Merced,047,269075,9130,9021,21,9042,143
2020-10-05,Modoc,049,8938,29,26,0,26,0
2020-10-05,Mono,051,14174,173,152,2,154,1
2020-10-05,Monterey,053,433212,10450,10187,40,10227,72
2020-10-05,Napa,055,140530,1819,1760,5,1765,11
2020-10-05,Nevada,057,99092,570,550,15,565,6
2020-10-05,Orange,059,3164182,56769,54103,1590,55693,1271
2020-10-05,Placer,061,380077,3819,3670,12,3682,46
2020-10-05,Plumas,063,18699,51,49,0,49,0
2020-10-05,Riverside,065,2383286,61882,60454,218,60672,1232
2020-10-05,Sacramento,067,1510023,23627,23207,16,23223,438
2020-10-05,San Benito,069,59416,1363,1356,0,1356,12
2020-10-05,San Bernardino,071,2135413,57443,55100,377,55477,1031
2020-10-05,San Diego,073,3302833,50574,48662,1150,49812,803
2020-10-05,San Francisco,075,870044,11627,11476,34,11510,110
2020-10-05,San Joaquin,077,732212,20779,20319,75,20394,476
2020-10-05,San Luis Obispo,079,281455,3901,3710,16,3726,32
2020-10-05,San Mateo,081,765935,10651,9896,7,9903,128
2020-10-05,Santa Barbara,083,443738,9881,9309,69,9378,116
2020-10-05,Santa Clara,085,1922200,22904,21861,33,21894,319
2020-10-05,Santa Cruz,087,273765,2585,2492,35,2527,9
2020-10-05,Shasta,089,179085,1610,1158,16,1174,18
2020-10-05,Sierra,091,2930,6,6,0,6,0
2020-10-05,Siskiyou,093,43540,167,153,10,163,0
2020-10-05,Solano,095,438530,6681,6475,41,6516,52
2020-10-05,Sonoma,097,501317,8339,7817,21,7838,130
2020-10-05,Stanislaus,099,539301,16918,16730,608,17338,351
2020-10-05,Sutter,101,95872,1741,1719,1,1720,12
2020-10-05,Tehama,103,63373,689,642,2,644,3
2020-10-05,Trinity,105,12862,43,22,6,28,0
2020-10-05,Tulare,107,460477,16845,16343,192,16535,278
2020-10-05,Tuolumne,109,53932,240,226,3,229,2
2020-10-05,Ventura,111,848112,13753,13224,243,13467,149
2020-10-05,Yolo,113,214977,2943,2889,6,2895,56
2020-10-05,Yuba,115,75493,1132,1108,5,1113,9
2020-10-04,Alameda,001,1643700,22081,21597,205,21802,383
2020-10-04,Alpine,003,1148,4,2,0,2,0
2020-10-04,Amador,005,37829,302,297,0,297,16
2020-10-04,Butte,007,227075,3013,2903,22,2925,46
2020-10-04,Calaveras,009,45235,317,259,0,259,11
2020-10-04,Colusa,011,21464,537,537,0,537,6
2020-10-04,Contra Costa,013,1133247,17710,17192,90,17282,214
2020-10-04,Del Norte,015,27424,157,142,0,142,2
2020-10-04,El Dorado,017,186661,1267,1196,2,1198,4
2020-10-04,Fresno,019,978130,31347,29065,393,29458,408
2020-10-04,Glenn,021,27897,623,601,0,601,3
2020-10-04,Humboldt,023,135768,521,506,1,507,6
2020-10-04,Imperial,025,180216,12107,11127,6,11133,327
2020-10-04,Inyo,027,18085,198,195,1,196,14
2020-10-04,Kern,029,883053,32609,31906,349,32255,404
2020-10-04,Kings,031,150075,8079,7919,48,7967,80
2020-10-04,Lake,033,64148,625,589,0,589,10
2020-10-04,Lassen,035,31185,753,743,2,745,0
2020-10-04,Los Angeles,037,10098052,277907,272822,2207,275029,6625
2020-10-04,Madera,039,155013,4731,4587,28,4615,50
2020-10-04,Marin,041,260295,6867,6741,18,6759,91
2020-10-04,Mariposa,043,17540,78,75,0,75,2
2020-10-04,Mendocino,045,87422,954,905,2,907,18
2020-10-04,Merced,047,269075,9105,9006,21,9027,140
2020-10-04,Modoc,049,8938,29,26,0,26,0
2020-10-04,Mono,051,14174,172,152,1,153,1
2020-10-04,Monterey,053,433212,10409,10141,39,10180,72
2020-10-04,Napa,055,140530,1807,1759,5,1764,11
2020-10-04,Nevada,057,99092,566,547,14,561,6
2020-10-04,Orange,059,3164182,56533,53966,1581,55547,1270
2020-10-04,Placer,061,380077,3798,3664,12,3676,46
2020-10-04,Plumas,063,18699,51,49,0,49,0
2020-10-04,Riverside,065,2383286,61596,60251,213,60464,1226
2020-10-04,Sacramento,067,1510023,23515,23162,16,23178,438
2020-10-04,San Benito,069,59416,1363,1355,0,1355,12
2020-10-04,San Bernardino,071,2135413,56997,55100,375,55475,1031
2020-10-04,San Diego,073,3302833,50208,48438,1124,49562,803
2020-10-04,San Francisco,075,870044,11595,11474,32,11506,110
2020-10-04,San Joaquin,077,732212,20702,20320,69,20389,476
2020-10-04,San Luis Obispo,079,281455,3876,3688,16,3704,31
2020-10-04,San Mateo,081,765935,10590,9858,7,9865,128
2020-10-04,Santa Barbara,083,443738,9855,9276,67,9343,116
2020-10-04,Santa Clara,085,1922200,22768,21780,33,21813,316
2020-10-04,Santa Cruz,087,273765,2569,2483,35,2518,9
2020-10-04,Shasta,089,179085,1512,1158,15,1173,18
2020-10-04,Sierra,091,2930,6,6,0,6,0
2020-10-04,Siskiyou,093,43540,167,153,10,163,0
2020-10-04,Solano,095,438530,6630,6445,41,6486,52
2020-10-04,Sonoma,097,501317,8251,7794,21,7815,129
2020-10-04,Stanislaus,099,539301,16868,16711,599,17310,351
2020-10-04,Sutter,101,95872,1737,1711,1,1712,11
2020-10-04,Tehama,103,63373,674,637,2,639,3
2020-10-04,Trinity,105,12862,43,21,6,27,0
2020-10-04,Tulare,107,460477,16770,16343,179,16522,278
2020-10-04,Tuolumne,109,53932,238,226,3,229,2
2020-10-04,Ventura,111,848112,13671,13197,226,13423,149
2020-10-04,Yolo,113,214977,2932,2875,6,2881,56
2020-10-04,Yuba,115,75493,1128,1103,5,1108,9
2020-10-03,Alameda,001,1643700,22035,21510,204,21714,386
2020-10-03,Alpine,003,1148,4,2,0,2,0
2020-10-03,Amador,005,37829,301,296,0,296,16
2020-10-03,Butte,007,227075,3007,2894,22,2916,46
2020-10-03,Calaveras,009,45235,317,259,0,259,11
2020-10-03,Colusa,011,21464,536,537,0,537,6
2020-10-03,Contra Costa,013,1133247,17660,17087,88,17175,213
2020-10-03,Del Norte,015,27424,153,142,0,142,2
2020-10-03,El Dorado,017,186661,1260,1188,2,1190,4
2020-10-03,Fresno,019,978130,31287,28975,392,29367,408
2020-10-03,Glenn,021,27897,621,601,0,601,3
2020-10-03,Humboldt,023,135768,520,504,1,505,6
2020-10-03,Imperial,025,180216,12084,11090,6,11096,327
2020-10-03,Inyo,027,18085,198,194,1,195,14
2020-10-03,Kern,029,883053,32558,31864,346,32210,403
2020-10-03,Kings,031,150075,8075,7887,48,7935,80
2020-10-03,Lake,033,64148,615,588,0,588,10
2020-10-03,Lassen,035,31185,753,743,2,745,0
2020-10-03,Los Angeles,037,10098052,277202,271869,2177,274046,6620
2020-10-03,Madera,039,155013,4714,4565,28,4593,50
2020-10-03,Marin,041,260295,6861,6728,18,6746,91
2020-10-03,Mariposa,043,17540,78,75,0,75,2
2020-10-03,Mendocino,045,87422,952,898,2,900,18
2020-10-03,Merced,047,269075,9092,8986,21,9007,139
2020-10-03,Modoc,049,8938,29,26,0,26,0
2020-10-03,Mono,051,14174,171,152,1,153,1
2020-10-03,Monterey,053,433212,10375,10092,36,10128,72
2020-10-03,Napa,055,140530,1803,1752,5,1757,11
2020-10-03,Nevada,057,99092,564,544,14,558,6
2020-10-03,Orange,059,3164182,56416,53573,1576,55149,1268
2020-10-03,Placer,061,380077,3787,3648,12,3660,47
2020-10-03,Plumas,063,18699,51,48,0,48,0
2020-10-03,Riverside,065,2383286,61441,59991,212,60203,1226
2020-10-03,Sacramento,067,1510023,23464,23076,16,23092,437
2020-10-03,San Benito,069,59416,1363,1351,0,1351,12
2020-10-03,San Bernardino,071,2135413,56824,55004,372,55376,1031
2020-10-03,San Diego,073,3302833,49977,48202,1107,49309,798
2020-10-03,San Francisco,075,870044,11570,11475,30,11505,110
2020-10-03,San Joaquin,077,732212,20676,20322,69,20391,476
2020-10-03,San Luis Obispo,079,281455,3852,3670,16,3686,31
2020-10-03,San Mateo,081,765935,10564,9822,6,9828,128
2020-10-03,Santa Barbara,083,443738,9842,9256,67,9323,116
2020-10-03,Santa Clara,085,1922200,22688,21672,33,21705,309
2020-10-03,Santa Cruz,087,273765,2561,2476,35,2511,9
2020-10-03,Shasta,089,179085,1484,1117,14,1131,18
2020-10-03,Sierra,091,2930,6,6,0,6,0
2020-10-03,Siskiyou,093,43540,167,152,10,162,0
2020-10-03,Solano,095,438530,6604,6419,41,6460,52
2020-10-03,Sonoma,097,501317,8208,7747,21,7768,129
2020-10-03,Stanislaus,099,539301,16835,16645,595,17240,351
2020-10-03,Sutter,101,95872,1733,1705,1,1706,11
2020-10-03,Tehama,103,63373,668,630,2,632,3
2020-10-03,Trinity,105,12862,43,15,6,21,0
2020-10-03,Tulare,107,460477,16728,16322,174,16496,278
2020-10-03,Tuolumne,109,53932,237,224,3,227,2
2020-10-03,Ventura,111,848112,13632,13150,222,13372,148
2020-10-03,Yolo,113,214977,2925,2863,6,2869,56
2020-10-03,Yuba,115,75493,1120,1097,5,1102,8
2020-10-02,Alameda,001,1643700,21980,21404,203,21607,382
2020-10-02,Alpine,003,1148,4,2,0,2,0
2020-10-02,Amador,005,37829,300,296,0,296,16
2020-10-02,Butte,007,227075,2997,2879,22,2901,46
2020-10-02,Calaveras,009,45235,316,259,0,259,11
2020-10-02,Colusa,011,21464,535,537,0,537,6
2020-10-02,Contra Costa,013,1133247,17617,17002,87,17089,213
2020-10-02,Del Norte,015,27424,152,141,0,141,2
2020-10-02,El Dorado,017,186661,1253,1168,2,1170,4
2020-10-02,Fresno,019,978130,31204,28855,392,29247,403
2020-10-02,Glenn,021,27897,616,594,0,594,3
2020-10-02,Humboldt,023,135768,519,503,1,504,6
2020-10-02,Imperial,025,180216,12062,11024,6,11030,327
2020-10-02,Inyo,027,18085,196,191,1,192,14
2020-10-02,Kern,029,883053,32506,31790,344,32134,399
2020-10-02,Kings,031,150075,8066,7716,48,7764,79
2020-10-02,Lake,033,64148,609,579,0,579,10
2020-10-02,Lassen,035,31185,753,742,2,744,0
2020-10-02,Los Angeles,037,10098052,276301,270935,2148,273083,6602
2020-10-02,Madera,039,155013,4705,4537,28,4565,49
2020-10-02,Marin,041,260295,6844,6717,18,6735,91
2020-10-02,Mariposa,043,17540,78,75,0,75,2
2020-10-02,Mendocino,045,87422,948,883,2,885,18
2020-10-02,Merced,047,269075,9082,8961,21,8982,139
2020-10-02,Modoc,049,8938,29,26,0,26,0
2020-10-02,Mono,051,14174,171,150,1,151,1
2020-10-02,Monterey,053,433212,10341,9997,36,10033,71
2020-10-02,Napa,055,140530,1797,1737,5,1742,11
2020-10-02,Nevada,057,99092,561,543,14,557,6
2020-10-02,Orange,059,3164182,56285,53299,1569,54868,1262
2020-10-02,Placer,061,380077,3767,3612,12,3624,46
2020-10-02,Plumas,063,18699,51,48,0,48,0
2020-10-02,Riverside,065,2383286,61220,59673,209,59882,1223
2020-10-02,Sacramento,067,1510023,23399,22818,16,22834,436
2020-10-02,San Benito,069,59416,1359,1347,0,1347,12
2020-10-02,San Bernardino,071,2135413,56637,54613,372,54985,1028
2020-10-02,San Diego,073,3302833,49725,47793,1091,48884,794
2020-10-02,San Francisco,075,870044,11547,11398,30,11428,110
2020-10-02,San Joaquin,077,732212,20643,20235,67,20302,474
2020-10-02,San Luis Obispo,079,281455,3829,3654,16,3670,31
2020-10-02,San Mateo,081,765935,10523,9745,6,9751,128
2020-10-02,Santa Barbara,083,443738,9820,9234,67,9301,116
2020-10-02,Santa Clara,085,1922200,22607,21545,33,21578,305
2020-10-02,Santa Cruz,087,273765,2544,2463,35,2498,9
2020-10-02,Shasta,089,179085,1449,1046,14,1060,18
2020-10-02,Sierra,091,2930,6,6,0,6,0
2020-10-02,Siskiyou,093,43540,167,151,10,161,0
2020-10-02,Solano,095,438530,6574,6385,41,6426,52
2020-10-02,Sonoma,097,501317,8151,7662,21,7683,125
2020-10-02,Stanislaus,099,539301,16794,16609,586,17195,349
2020-10-02,Sutter,101,95872,1732,1693,1,1694,11
2020-10-02,Tehama,103,63373,663,619,2,621,3
2020-10-02,Trinity,105,12862,43,15,6,21,0
2020-10-02,Tulare,107,460477,16688,16245,167,16412,278
2020-10-02,Tuolumne,109,53932,235,225,3,228,2
2020-10-02,Ventura,111,848112,13595,13120,216,13336,146
2020-10-02,Yolo,113,214977,2920,2845,6,2851,55
2020-10-02,Yuba,115,75493,1118,1090,5,1095,8
2020-10-01,Alameda,001,1643700,21919,21349,199,21548,383
2020-10-01,Alpine,003,1148,4,2,0,2,0
2020-10-01,Amador,005,37829,300,294,0,294,16
2020-10-01,Butte,007,227075,2989,2865,22,2887,45
2020-10-01,Calaveras,009,45235,316,257,0,257,11
2020-10-01,Colusa,011,21464,535,536,0,536,6
2020-10-01,Contra Costa,013,1133247,17555,16898,87,16985,211
2020-10-01,Del Norte,015,27424,147,140,0,140,2
2020-10-01,El Dorado,017,186661,1249,1162,1,1163,4
2020-10-01,Fresno,019,978130,31124,28796,390,29186,397
2020-10-01,Glenn,021,27897,612,593,0,593,3
2020-10-01,Humboldt,023,135768,519,499,1,500,6
2020-10-01,Imperial,025,180216,12019,10928,6,10934,325
2020-10-01,Inyo,027,18085,196,191,1,192,14
2020-10-01,Kern,029,883053,32443,31678,339,32017,399
2020-10-01,Kings,031,150075,8055,7688,45,7733,79
2020-10-01,Lake,033,64148,603,572,0,572,11
2020-10-01,Lassen,035,31185,750,742,2,744,0
2020-10-01,Los Angeles,037,10098052,275260,271513,2111,273624,6621
2020-10-01,Madera,039,155013,4682,4508,28,4536,48
2020-10-01,Marin,041,260295,6830,6710,18,6728,92
2020-10-01,Mariposa,043,17540,78,76,0,76,2
2020-10-01,Mendocino,045,87422,943,874,2,876,19
2020-10-01,Merced,047,269075,9054,8942,21,8963,138
2020-10-01,Modoc,049,8938,29,26,0,26,0
2020-10-01,Mono,051,14174,169,150,1,151,1
2020-10-01,Monterey,053,433212,10265,9958,36,9994,71
2020-10-01,Napa,055,140530,1789,1729,5,1734,11
2020-10-01,Nevada,057,99092,560,543,14,557,6
2020-10-01,Orange,059,3164182,56120,53088,1555,54643,1257
2020-10-01,Placer,061,380077,3740,3599,12,3611,45
2020-10-01,Plumas,063,18699,51,48,0,48,0
2020-10-01,Riverside,065,2383286,60969,59293,202,59495,1223
2020-10-01,Sacramento,067,1510023,23287,22714,15,22729,433
2020-10-01,San Benito,069,59416,1357,1346,0,1346,12
2020-10-01,San Bernardino,071,2135413,56343,54350,369,54719,1021
2020-10-01,San Diego,073,3302833,49443,47487,1071,48558,792
2020-10-01,San Francisco,075,870044,11516,11284,28,11312,110
2020-10-01,San Joaquin,077,732212,20595,20204,64,20268,471
2020-10-01,San Luis Obispo,079,281455,3802,3625,16,3641,31
2020-10-01,San Mateo,081,765935,10478,9681,6,9687,128
2020-10-01,Santa Barbara,083,443738,9778,9215,67,9282,118
2020-10-01,Santa Clara,085,1922200,22506,21398,33,21431,305
2020-10-01,Santa Cruz,087,273765,2529,2418,35,2453,10
2020-10-01,Shasta,089,179085,1398,991,14,1005,18
2020-10-01,Sierra,091,2930,6,6,0,6,0
2020-10-01,Siskiyou,093,43540,164,150,10,160,0
2020-10-01,Solano,095,438530,6536,6352,41,6393,52
2020-10-01,Sonoma,097,501317,8084,7569,21,7590,125
2020-10-01,Stanislaus,099,539301,16761,16555,580,17135,346
2020-10-01,Sutter,101,95872,1727,1684,1,1685,11
2020-10-01,Tehama,103,63373,653,606,2,608,3
2020-10-01,Trinity,105,12862,43,15,6,21,0
2020-10-01,Tulare,107,460477,16615,16182,164,16346,275
2020-10-01,Tuolumne,109,53932,235,223,3,226,2
2020-10-01,Ventura,111,848112,13546,13057,200,13257,146
2020-10-01,Yolo,113,214977,2902,2833,6,2839,55
2020-10-01,Yuba,115,75493,1114,1082,5,1087,8
2020-09-30,Alameda,001,1643700,21841,21271,195,21466,380
2020-09-30,Alpine,003,1148,4,2,0,2,0
2020-09-30,Amador,005,37829,300,294,0,294,16
2020-09-30,Butte,007,227075,2981,2858,22,2880,44
2020-09-30,Calaveras,009,45235,315,258,0,258,11
2020-09-30,Colusa,011,21464,534,534,0,534,6
2020-09-30,Contra Costa,013,1133247,17486,16819,87,16906,211
2020-09-30,Del Norte,015,27424,146,140,0,140,2
2020-09-30,El Dorado,017,186661,1237,1157,1,1158,4
2020-09-30,Fresno,019,978130,31033,28706,387,29093,395
2020-09-30,Glenn,021,27897,607,592,0,592,3
2020-09-30,Humboldt,023,135768,517,497,1,498,6
2020-09-30,Imperial,025,180216,11994,10868,6,10874,287
2020-09-30,Inyo,027,18085,196,189,0,189,14
2020-09-30,Kern,029,883053,32368,31601,338,31939,398
2020-09-30,Kings,031,150075,8026,7685,45,7730,79
2020-09-30,Lake,033,64148,597,567,0,567,10
2020-09-30,Lassen,035,31185,747,742,2,744,0
2020-09-30,Los Angeles,037,10098052,274022,270260,2077,272337,6568
2020-09-30,Madera,039,155013,4673,4477,28,4505,47
2020-09-30,Marin,041,260295,6806,6700,17,6717,91
2020-09-30,Mariposa,043,17540,78,76,0,76,2
2020-09-30,Mendocino,045,87422,937,867,2,869,17
2020-09-30,Merced,047,269075,9034,8926,21,8947,136
2020-09-30,Modoc,049,8938,29,26,0,26,0
2020-09-30,Mono,051,14174,169,150,1,151,1
2020-09-30,Monterey,053,433212,10215,9898,35,9933,70
2020-09-30,Napa,055,140530,1775,1728,5,1733,11
2020-09-30,Nevada,057,99092,558,540,14,554,6
2020-09-30,Orange,059,3164182,55928,52916,1539,54455,1251
2020-09-30,Placer,061,380077,3719,3585,12,3597,43
2020-09-30,Plumas,063,18699,51,48,0,48,0
2020-09-30,Riverside,065,2383286,60616,59074,197,59271,1220
2020-09-30,Sacramento,067,1510023,23184,22613,15,22628,429
2020-09-30,San Benito,069,59416,1354,1342,0,1342,12
2020-09-30,San Bernardino,071,2135413,56065,53988,367,54355,1018
2020-09-30,San Diego,073,3302833,49140,47182,1050,48232,783
2020-09-30,San Francisco,075,870044,11486,11247,28,11275,106
2020-09-30,San Joaquin,077,732212,20512,20150,62,20212,461
2020-09-30,San Luis Obispo,079,281455,3777,3597,16,3613,31
2020-09-30,San Mateo,081,765935,10436,9634,6,9640,128
2020-09-30,Santa Barbara,083,443738,9753,9186,67,9253,115
2020-09-30,Santa Clara,085,1922200,22401,21318,33,21351,302
2020-09-30,Santa Cruz,087,273765,2516,2405,35,2440,10
2020-09-30,Shasta,089,179085,1342,976,13,989,17
2020-09-30,Sierra,091,2930,6,6,0,6,0
2020-09-30,Siskiyou,093,43540,162,150,10,160,0
2020-09-30,Solano,095,438530,6494,6315,41,6356,51
2020-09-30,Sonoma,097,501317,7995,7494,21,7515,125
2020-09-30,Stanislaus,099,539301,16714,16531,574,17105,343
2020-09-30,Sutter,101,95872,1711,1680,1,1681,10
2020-09-30,Tehama,103,63373,647,594,2,596,3
2020-09-30,Trinity,105,12862,40,15,6,21,0
2020-09-30,Tulare,107,460477,16549,16117,157,16274,274
2020-09-30,Tuolumne,109,53932,233,224,3,227,2
2020-09-30,Ventura,111,848112,13511,12968,184,13152,145
2020-09-30,Yolo,113,214977,2889,2822,6,2828,55
2020-09-30,Yuba,115,75493,1111,1075,5,1080,8
2020-09-29,Alameda,001,1643700,21764,21241,191,21432,374
2020-09-29,Alpine,003,1148,4,2,0,2,0
2020-09-29,Amador,005,37829,298,294,0,294,16
2020-09-29,Butte,007,227075,2967,2848,22,2870,44
2020-09-29,Calaveras,009,45235,313,261,0,261,11
2020-09-29,Colusa,011,21464,534,534,0,534,6
2020-09-29,Contra Costa,013,1133247,17431,16716,85,16801,209
2020-09-29,Del Norte,015,27424,142,142,0,142,2
2020-09-29,El Dorado,017,186661,1228,1151,1,1152,4
2020-09-29,Fresno,019,978130,30938,28621,386,29007,394
2020-09-29,Glenn,021,27897,603,589,0,589,3
2020-09-29,Humboldt,023,135768,515,497,1,498,6
2020-09-29,Imperial,025,180216,11960,10811,6,10817,283
2020-09-29,Inyo,027,18085,195,188,0,188,14
2020-09-29,Kern,029,883053,32313,31534,337,31871,397
2020-09-29,Kings,031,150075,7970,7681,45,7726,78
2020-09-29,Lake,033,64148,595,566,0,566,11
2020-09-29,Lassen,035,31185,747,741,2,743,0
2020-09-29,Los Angeles,037,10098052,272803,269246,2047,271293,6545
2020-09-29,Madera,039,155013,4649,4453,28,4481,47
2020-09-29,Marin,041,260295,6785,6692,17,6709,91
2020-09-29,Mariposa,043,17540,78,74,0,74,2
2020-09-29,Mendocino,045,87422,927,854,2,856,17
2020-09-29,Merced,047,269075,9021,8892,19,8911,136
2020-09-29,Modoc,049,8938,29,26,0,26,0
2020-09-29,Mono,051,14174,169,149,1,150,1
2020-09-29,Monterey,053,433212,10160,9826,33,9859,70
2020-09-29,Napa,055,140530,1772,1727,5,1732,11
2020-09-29,Nevada,057,99092,553,539,14,553,6
2020-09-29,Orange,059,3164182,55741,52755,1528,54283,1231
2020-09-29,Placer,061,380077,3697,3570,12,3582,42
2020-09-29,Plumas,063,18699,51,48,0,48,0
2020-09-29,Riverside,065,2383286,60287,58863,188,59051,1208
2020-09-29,Sacramento,067,1510023,23063,22547,15,22562,425
2020-09-29,San Benito,069,59416,1349,1341,0,1341,12
2020-09-29,San Bernardino,071,2135413,55757,53753,366,54119,1012
2020-09-29,San Diego,073,3302833,48863,46987,1026,48013,781
2020-09-29,San Francisco,075,870044,11450,11142,28,11170,104
2020-09-29,San Joaquin,077,732212,20447,20094,60,20154,454
2020-09-29,San Luis Obispo,079,281455,3757,3581,16,3597,31
2020-09-29,San Mateo,081,765935,10389,9619,6,9625,127
2020-09-29,Santa Barbara,083,443738,9733,9149,66,9215,114
2020-09-29,Santa Clara,085,1922200,22267,21233,32,21265,302
2020-09-29,Santa Cruz,087,273765,2501,2383,34,2417,10
2020-09-29,Shasta,089,179085,1281,943,13,956,17
2020-09-29,Sierra,091,2930,6,6,0,6,0
2020-09-29,Siskiyou,093,43540,156,150,10,160,0
2020-09-29,Solano,095,438530,6460,6303,41,6344,51
2020-09-29,Sonoma,097,501317,7923,7426,21,7447,125
2020-09-29,Stanislaus,099,539301,16684,16505,568,17073,341
2020-09-29,Sutter,101,95872,1705,1677,1,1678,10
2020-09-29,Tehama,103,63373,629,585,2,587,2
2020-09-29,Trinity,105,12862,40,16,6,22,0
2020-09-29,Tulare,107,460477,16486,16055,148,16203,270
2020-09-29,Tuolumne,109,53932,233,224,3,227,2
2020-09-29,Ventura,111,848112,13456,12875,181,13056,145
2020-09-29,Yolo,113,214977,2876,2818,6,2824,55
2020-09-29,Yuba,115,75493,1109,1071,5,1076,8
2020-09-28,Alameda,001,1643700,21678,21133,191,21324,370
2020-09-28,Alpine,003,1148,4,2,0,2,0
2020-09-28,Amador,005,37829,296,294,0,294,16
2020-09-28,Butte,007,227075,2952,2837,22,2859,44
2020-09-28,Calaveras,009,45235,313,257,0,257,11
2020-09-28,Colusa,011,21464,533,531,0,531,6
2020-09-28,Contra Costa,013,1133247,17366,16653,85,16738,195
2020-09-28,Del Norte,015,27424,142,138,0,138,2
2020-09-28,El Dorado,017,186661,1221,1144,1,1145,4
2020-09-28,Fresno,019,978130,30856,28517,378,28895,389
2020-09-28,Glenn,021,27897,601,585,0,585,3
2020-09-28,Humboldt,023,135768,509,495,1,496,6
2020-09-28,Imperial,025,180216,11925,10777,6,10783,283
2020-09-28,Inyo,027,18085,194,188,0,188,14
2020-09-28,Kern,029,883053,32248,31481,333,31814,395
2020-09-28,Kings,031,150075,7829,7661,43,7704,78
2020-09-28,Lake,033,64148,591,559,0,559,10
2020-09-28,Lassen,035,31185,746,737,2,739,0
2020-09-28,Los Angeles,037,10098052,271690,268404,2016,270420,6508
2020-09-28,Madera,039,155013,4628,4438,28,4466,47
2020-09-28,Marin,041,260295,6769,6676,17,6693,91
2020-09-28,Mariposa,043,17540,78,74,0,74,2
2020-09-28,Mendocino,045,87422,912,850,2,852,17
2020-09-28,Merced,047,269075,8993,8869,19,8888,136
2020-09-28,Modoc,049,8938,29,26,0,26,0
2020-09-28,Mono,051,14174,169,148,1,149,1
2020-09-28,Monterey,053,433212,10096,9780,31,9811,69
2020-09-28,Napa,055,140530,1760,1705,5,1710,11
2020-09-28,Nevada,057,99092,545,538,14,552,6
2020-09-28,Orange,059,3164182,55536,52633,1519,54152,1196
2020-09-28,Placer,061,380077,3676,3572,12,3584,42
2020-09-28,Plumas,063,18699,50,48,0,48,0
2020-09-28,Riverside,065,2383286,59988,58570,179,58749,1198
2020-09-28,Sacramento,067,1510023,22915,22392,15,22407,423
2020-09-28,San Benito,069,59416,1346,1336,0,1336,11
2020-09-28,San Bernardino,071,2135413,55410,53501,366,53867,988
2020-09-28,San Diego,073,3302833,48545,46736,1006,47742,776
2020-09-28,San Francisco,075,870044,11416,11114,28,11142,100
2020-09-28,San Joaquin,077,732212,20398,19982,59,20041,448
2020-09-28,San Luis Obispo,079,281455,3736,3567,16,3583,31
2020-09-28,San Mateo,081,765935,10338,9582,6,9588,127
2020-09-28,Santa Barbara,083,443738,9715,9121,66,9187,114
2020-09-28,Santa Clara,085,1922200,22151,21180,32,21212,271
2020-09-28,Santa Cruz,087,273765,2491,2359,34,2393,9
2020-09-28,Shasta,089,179085,1227,883,10,893,17
2020-09-28,Sierra,091,2930,6,6,0,6,0
2020-09-28,Siskiyou,093,43540,156,149,10,159,0
2020-09-28,Solano,095,438530,6424,6254,41,6295,51
2020-09-28,Sonoma,097,501317,7847,7369,21,7390,125
2020-09-28,Stanislaus,099,539301,16644,16467,561,17028,336
2020-09-28,Sutter,101,95872,1698,1676,1,1677,10
2020-09-28,Tehama,103,63373,621,579,2,581,2
2020-09-28,Trinity,105,12862,40,16,6,22,0
2020-09-28,Tulare,107,460477,16434,15918,142,16060,270
2020-09-28,Tuolumne,109,53932,233,225,3,228,2
2020-09-28,Ventura,111,848112,13380,12812,174,12986,139
2020-09-28,Yolo,113,214977,2859,2809,6,2815,55
2020-09-28,Yuba,115,75493,1106,1062,5,1067,7
2020-09-27,Alameda,001,1643700,21598,21077,186,21263,370
2020-09-27,Alpine,003,1148,4,2,0,2,0
2020-09-27,Amador,005,37829,296,291,0,291,16
2020-09-27,Butte,007,227075,2941,2833,21,2854,44
2020-09-27,Calaveras,009,45235,312,257,0,257,11
2020-09-27,Colusa,011,21464,532,531,0,531,6
2020-09-27,Contra Costa,013,1133247,17264,16596,84,16680,195
2020-09-27,Del Norte,015,27424,142,138,0,138,2
2020-09-27,El Dorado,017,186661,1206,1130,1,1131,4
2020-09-27,Fresno,019,978130,30751,28441,377,28818,389
2020-09-27,Glenn,021,27897,597,576,0,576,3
2020-09-27,Humboldt,023,135768,507,492,1,493,6
2020-09-27,Imperial,025,180216,11891,10743,6,10749,283
2020-09-27,Inyo,027,18085,192,188,0,188,14
2020-09-27,Kern,029,883053,32129,31462,330,31792,395
2020-09-27,Kings,031,150075,7809,7641,43,7684,78
2020-09-27,Lake,033,64148,587,555,0,555,10
2020-09-27,Lassen,035,31185,746,737,2,739,0
2020-09-27,Los Angeles,037,10098052,270515,267754,1994,269748,6507
2020-09-27,Madera,039,155013,4599,4416,28,4444,47
2020-09-27,Marin,041,260295,6759,6663,17,6680,91
2020-09-27,Mariposa,043,17540,78,74,0,74,2
2020-09-27,Mendocino,045,87422,906,846,2,848,17
2020-09-27,Merced,047,269075,8959,8853,19,8872,136
2020-09-27,Modoc,049,8938,29,26,0,26,0
2020-09-27,Mono,051,14174,169,148,1,149,1
2020-09-27,Monterey,053,433212,10036,9724,30,9754,69
2020-09-27,Napa,055,140530,1755,1690,5,1695,11
2020-09-27,Nevada,057,99092,544,537,14,551,6
2020-09-27,Orange,059,3164182,55262,52458,1510,53968,1195
2020-09-27,Placer,061,380077,3663,3562,12,3574,42
2020-09-27,Plumas,063,18699,50,48,0,48,0
2020-09-27,Riverside,065,2383286,59692,58509,171,58680,1191
2020-09-27,Sacramento,067,1510023,22818,22356,14,22370,422
2020-09-27,San Benito,069,59416,1346,1331,0,1331,11
2020-09-27,San Bernardino,071,2135413,54974,53127,366,53493,988
2020-09-27,San Diego,073,3302833,48201,46612,989,47601,776
2020-09-27,San Francisco,075,870044,11364,11114,28,11142,100
2020-09-27,San Joaquin,077,732212,20338,19981,59,20040,448
2020-09-27,San Luis Obispo,079,281455,3715,3562,16,3578,31
2020-09-27,San Mateo,081,765935,10270,9566,6,9572,127
2020-09-27,Santa Barbara,083,443738,9694,9090,65,9155,114
2020-09-27,Santa Clara,085,1922200,22042,21091,32,21123,271
2020-09-27,Santa Cruz,087,273765,2469,2359,34,2393,9
2020-09-27,Shasta,089,179085,1184,883,9,892,17
2020-09-27,Sierra,091,2930,6,6,0,6,0
2020-09-27,Siskiyou,093,43540,155,149,10,159,0
2020-09-27,Solano,095,438530,6389,6211,41,6252,51
2020-09-27,Sonoma,097,501317,7766,7336,21,7357,124
2020-09-27,Stanislaus,099,539301,16594,16448,554,17002,336
2020-09-27,Sutter,101,95872,1691,1672,1,1673,10
2020-09-27,Tehama,103,63373,604,573,2,575,2
2020-09-27,Trinity,105,12862,40,16,6,22,0
2020-09-27,Tulare,107,460477,16358,15918,132,16050,270
2020-09-27,Tuolumne,109,53932,232,224,3,227,2
2020-09-27,Ventura,111,848112,13294,12775,165,12940,139
2020-09-27,Yolo,113,214977,2845,2796,6,2802,55
2020-09-27,Yuba,115,75493,1096,1059,5,1064,7
2020-09-26,Alameda,001,1643700,21540,21019,185,21204,370
2020-09-26,Alpine,003,1148,4,2,0,2,0
2020-09-26,Amador,005,37829,295,291,0,291,16
2020-09-26,Butte,007,227075,2933,2827,21,2848,44
2020-09-26,Calaveras,009,45235,312,257,0,257,11
2020-09-26,Colusa,011,21464,532,529,0,529,6
2020-09-26,Contra Costa,013,1133247,17222,16508,84,16592,194
2020-09-26,Del Norte,015,27424,142,138,0,138,2
2020-09-26,El Dorado,017,186661,1201,1127,1,1128,4
2020-09-26,Fresno,019,978130,30684,28336,377,28713,389
2020-09-26,Glenn,021,27897,597,576,0,576,3
2020-09-26,Humboldt,023,135768,507,491,1,492,6
2020-09-26,Imperial,025,180216,11874,10721,6,10727,283
2020-09-26,Inyo,027,18085,191,187,0,187,14
2020-09-26,Kern,029,883053,32078,31410,330,31740,394
2020-09-26,Kings,031,150075,7797,7537,43,7580,78
2020-09-26,Lake,033,64148,584,549,0,549,10
2020-09-26,Lassen,035,31185,746,737,2,739,0
2020-09-26,Los Angeles,037,10098052,269881,266931,1977,268908,6497
2020-09-26,Madera,039,155013,4583,4410,28,4438,47
2020-09-26,Marin,041,260295,6746,6641,17,6658,91
2020-09-26,Mariposa,043,17540,77,74,0,74,2
2020-09-26,Mendocino,045,87422,901,836,2,838,17
2020-09-26,Merced,047,269075,8947,8841,18,8859,136
2020-09-26,Modoc,049,8938,29,26,0,26,0
2020-09-26,Mono,051,14174,169,148,1,149,1
2020-09-26,Monterey,053,433212,10009,9651,30,9681,68
2020-09-26,Napa,055,140530,1753,1681,5,1686,11
2020-09-26,Nevada,057,99092,544,534,14,548,6
2020-09-26,Orange,059,3164182,55122,52203,1504,53707,1194
2020-09-26,Placer,061,380077,3650,3551,12,3563,42
2020-09-26,Plumas,063,18699,49,48,0,48,0
2020-09-26,Riverside,065,2383286,59557,58076,169,58245,1190
2020-09-26,Sacramento,067,1510023,22762,22269,14,22283,421
2020-09-26,San Benito,069,59416,1344,1325,0,1325,11
2020-09-26,San Bernardino,071,2135413,54840,53122,366,53488,988
2020-09-26,San Diego,073,3302833,47996,46333,975,47308,775
2020-09-26,San Francisco,075,870044,11336,11113,28,11141,100
2020-09-26,San Joaquin,077,732212,20302,19982,57,20039,449
2020-09-26,San Luis Obispo,079,281455,3698,3546,16,3562,31
2020-09-26,San Mateo,081,765935,10236,9509,6,9515,127
2020-09-26,Santa Barbara,083,443738,9683,9061,65,9126,114
2020-09-26,Santa Clara,085,1922200,21971,20967,31,20998,270
2020-09-26,Santa Cruz,087,273765,2461,2336,34,2370,9
2020-09-26,Shasta,089,179085,1134,856,8,864,17
2020-09-26,Sierra,091,2930,6,6,0,6,0
2020-09-26,Siskiyou,093,43540,154,149,10,159,0
2020-09-26,Solano,095,438530,6370,6209,41,6250,51
2020-09-26,Sonoma,097,501317,7741,7285,20,7305,124
2020-09-26,Stanislaus,099,539301,16569,16421,545,16966,336
2020-09-26,Sutter,101,95872,1686,1662,1,1663,10
2020-09-26,Tehama,103,63373,592,560,2,562,2
2020-09-26,Trinity,105,12862,38,16,6,22,0
2020-09-26,Tulare,107,460477,16333,15881,130,16011,270
2020-09-26,Tuolumne,109,53932,232,223,3,226,2
2020-09-26,Ventura,111,848112,13262,12729,163,12892,137
2020-09-26,Yolo,113,214977,2843,2789,6,2795,55
2020-09-26,Yuba,115,75493,1092,1056,5,1061,7
2020-09-25,Alameda,001,1643700,21486,20911,185,21096,367
2020-09-25,Alpine,003,1148,4,2,0,2,0
2020-09-25,Amador,005,37829,295,289,0,289,16
2020-09-25,Butte,007,227075,2928,2819,21,2840,43
2020-09-25,Calaveras,009,45235,312,257,0,257,11
2020-09-25,Colusa,011,21464,532,528,0,528,6
2020-09-25,Contra Costa,013,1133247,17163,16401,84,16485,194
2020-09-25,Del Norte,015,27424,142,138,0,138,2
2020-09-25,El Dorado,017,186661,1197,1104,1,1105,4
2020-09-25,Fresno,019,978130,30625,28199,376,28575,385
2020-09-25,Glenn,021,27897,595,570,0,570,3
2020-09-25,Humboldt,023,135768,506,489,1,490,5
2020-09-25,Imperial,025,180216,11856,10681,6,10687,283
2020-09-25,Inyo,027,18085,189,187,0,187,14
2020-09-25,Kern,029,883053,32025,31333,328,31661,393
2020-09-25,Kings,031,150075,7792,7450,43,7493,77
2020-09-25,Lake,033,64148,583,539,0,539,9
2020-09-25,Lassen,035,31185,746,737,2,739,0
2020-09-25,Los Angeles,037,10098052,269093,265713,1963,267676,6483
2020-09-25,Madera,039,155013,4564,4369,28,4397,48
2020-09-25,Marin,041,260295,6743,6622,17,6639,90
2020-09-25,Mariposa,043,17540,77,74,0,74,2
2020-09-25,Mendocino,045,87422,886,819,2,821,17
2020-09-25,Merced,047,269075,8931,8830,18,8848,135
2020-09-25,Modoc,049,8938,29,26,0,26,0
2020-09-25,Mono,051,14174,169,149,1,150,1
2020-09-25,Monterey,053,433212,9957,9581,30,9611,68
2020-09-25,Napa,055,140530,1751,1669,5,1674,11
2020-09-25,Nevada,057,99092,542,529,14,543,6
2020-09-25,Orange,059,3164182,54995,52031,1495,53526,1184
2020-09-25,Placer,061,380077,3639,3527,12,3539,41
2020-09-25,Plumas,063,18699,49,48,0,48,0
2020-09-25,Riverside,065,2383286,59381,57783,164,57947,1183
2020-09-25,Sacramento,067,1510023,22685,22132,14,22146,418
2020-09-25,San Benito,069,59416,1343,1318,0,1318,11
2020-09-25,San Bernardino,071,2135413,54686,52814,366,53180,987
2020-09-25,San Diego,073,3302833,47794,46003,959,46962,775
2020-09-25,San Francisco,075,870044,11302,11066,27,11093,100
2020-09-25,San Joaquin,077,732212,20250,19909,57,19966,449
2020-09-25,San Luis Obispo,079,281455,3687,3512,16,3528,31
2020-09-25,San Mateo,081,765935,10200,9447,6,9453,127
2020-09-25,Santa Barbara,083,443738,9659,9026,65,9091,114
2020-09-25,Santa Clara,085,1922200,21908,20812,30,20842,265
2020-09-25,Santa Cruz,087,273765,2449,2309,33,2342,9
2020-09-25,Shasta,089,179085,1100,806,8,814,16
2020-09-25,Sierra,091,2930,6,6,0,6,0
2020-09-25,Siskiyou,093,43540,154,149,10,159,0
2020-09-25,Solano,095,438530,6354,6179,41,6220,50
2020-09-25,Sonoma,097,501317,7701,7202,20,7222,124
2020-09-25,Stanislaus,099,539301,16551,16381,543,16924,326
2020-09-25,Sutter,101,95872,1683,1655,1,1656,10
2020-09-25,Tehama,103,63373,584,546,2,548,2
2020-09-25,Trinity,105,12862,38,15,6,21,0
2020-09-25,Tulare,107,460477,16294,15815,127,15942,267
2020-09-25,Tuolumne,109,53932,232,223,3,226,2
2020-09-25,Ventura,111,848112,13220,12664,160,12824,137
2020-09-25,Yolo,113,214977,2835,2784,6,2790,55
2020-09-25,Yuba,115,75493,1087,1049,5,1054,5
2020-09-24,Alameda,001,1643700,21411,20838,182,21020,364
2020-09-24,Alpine,003,1148,4,2,0,2,0
2020-09-24,Amador,005,37829,295,288,0,288,16
2020-09-24,Butte,007,227075,2917,2803,21,2824,43
2020-09-24,Calaveras,009,45235,312,258,0,258,11
2020-09-24,Colusa,011,21464,532,523,0,523,6
2020-09-24,Contra Costa,013,1133247,17081,16252,84,16336,192
2020-09-24,Del Norte,015,27424,138,137,0,137,2
2020-09-24,El Dorado,017,186661,1188,1093,1,1094,4
2020-09-24,Fresno,019,978130,30520,28106,372,28478,375
2020-09-24,Glenn,021,27897,591,567,0,567,3
2020-09-24,Humboldt,023,135768,503,482,1,483,5
2020-09-24,Imperial,025,180216,11832,10622,6,10628,283
2020-09-24,Inyo,027,18085,189,187,0,187,13
2020-09-24,Kern,029,883053,31962,31273,326,31599,388
2020-09-24,Kings,031,150075,7776,7428,43,7471,76
2020-09-24,Lake,033,64148,574,531,0,531,9
2020-09-24,Lassen,035,31185,745,737,2,739,0
2020-09-24,Los Angeles,037,10098052,268048,264374,1944,266318,6452
2020-09-24,Madera,039,155013,4545,4344,28,4372,48
2020-09-24,Marin,041,260295,6715,6588,17,6605,85
2020-09-24,Mariposa,043,17540,77,74,0,74,2
2020-09-24,Mendocino,045,87422,882,810,2,812,17
2020-09-24,Merced,047,269075,8902,8813,17,8830,135
2020-09-24,Modoc,049,8938,29,24,0,24,0
2020-09-24,Mono,051,14174,169,149,1,150,1
2020-09-24,Monterey,053,433212,9891,9544,27,9571,67
2020-09-24,Napa,055,140530,1739,1661,5,1666,11
2020-09-24,Nevada,057,99092,541,527,14,541,6
2020-09-24,Orange,059,3164182,54787,51749,1477,53226,1164
2020-09-24,Placer,061,380077,3624,3514,12,3526,41
2020-09-24,Plumas,063,18699,49,48,0,48,0
2020-09-24,Riverside,065,2383286,59113,57491,158,57649,1172
2020-09-24,Sacramento,067,1510023,22558,21985,14,21999,417
2020-09-24,San Benito,069,59416,1341,1308,0,1308,11
2020-09-24,San Bernardino,071,2135413,54351,52455,365,52820,988
2020-09-24,San Diego,073,3302833,47525,45598,944,46542,773
2020-09-24,San Francisco,075,870044,11255,10992,27,11019,99
2020-09-24,San Joaquin,077,732212,20213,19851,56,19907,444
2020-09-24,San Luis Obispo,079,281455,3671,3480,16,3496,31
2020-09-24,San Mateo,081,765935,10152,9376,6,9382,127
2020-09-24,Santa Barbara,083,443738,9608,8988,64,9052,114
2020-09-24,Santa Clara,085,1922200,21820,20689,30,20719,262
2020-09-24,Santa Cruz,087,273765,2429,2300,31,2331,9
2020-09-24,Shasta,089,179085,1063,773,5,778,14
2020-09-24,Sierra,091,2930,6,6,0,6,0
2020-09-24,Siskiyou,093,43540,154,149,10,159,0
2020-09-24,Solano,095,438530,6321,6137,41,6178,49
2020-09-24,Sonoma,097,501317,7620,7163,20,7183,122
2020-09-24,Stanislaus,099,539301,16514,16326,538,16864,326
2020-09-24,Sutter,101,95872,1680,1646,1,1647,10
2020-09-24,Tehama,103,63373,581,540,2,542,2
2020-09-24,Trinity,105,12862,38,15,6,21,0
2020-09-24,Tulare,107,460477,16229,15754,126,15880,267
2020-09-24,Tuolumne,109,53932,232,224,3,227,2
2020-09-24,Ventura,111,848112,13138,12617,159,12776,138
2020-09-24,Yolo,113,214977,2828,2776,6,2782,55
2020-09-24,Yuba,115,75493,1082,1042,5,1047,5
2020-09-23,Alameda,001,1643700,21343,20718,180,20898,361
2020-09-23,Alpine,003,1148,4,2,0,2,0
2020-09-23,Amador,005,37829,294,288,0,288,16
2020-09-23,Butte,007,227075,2909,2790,21,2811,43
2020-09-23,Calaveras,009,45235,311,258,0,258,11
2020-09-23,Colusa,011,21464,531,521,0,521,6
2020-09-23,Contra Costa,013,1133247,17017,16167,83,16250,192
2020-09-23,Del Norte,015,27424,136,137,0,137,2
2020-09-23,El Dorado,017,186661,1174,1088,1,1089,4
2020-09-23,Fresno,019,978130,30426,28019,369,28388,371
2020-09-23,Glenn,021,27897,584,561,0,561,3
2020-09-23,Humboldt,023,135768,499,477,1,478,5
2020-09-23,Imperial,025,180216,11806,10587,6,10593,284
2020-09-23,Inyo,027,18085,188,177,0,177,13
2020-09-23,Kern,029,883053,31918,31172,324,31496,387
2020-09-23,Kings,031,150075,7754,7406,43,7449,76
2020-09-23,Lake,033,64148,569,519,0,519,9
2020-09-23,Lassen,035,31185,745,736,2,738,0
2020-09-23,Los Angeles,037,10098052,267008,263318,1914,265232,6421
2020-09-23,Madera,039,155013,4530,4311,28,4339,48
2020-09-23,Marin,041,260295,6696,6567,17,6584,85
2020-09-23,Mariposa,043,17540,77,74,0,74,2
2020-09-23,Mendocino,045,87422,881,801,1,802,17
2020-09-23,Merced,047,269075,8881,8785,16,8801,134
2020-09-23,Modoc,049,8938,29,24,0,24,0
2020-09-23,Mono,051,14174,169,149,1,150,1
2020-09-23,Monterey,053,433212,9822,9452,27,9479,67
2020-09-23,Napa,055,140530,1730,1653,5,1658,11
2020-09-23,Nevada,057,99092,540,523,14,537,6
2020-09-23,Orange,059,3164182,54560,51658,1469,53127,1155
2020-09-23,Placer,061,380077,3612,3506,12,3518,41
2020-09-23,Plumas,063,18699,49,48,0,48,0
2020-09-23,Riverside,065,2383286,58810,57257,155,57412,1165
2020-09-23,Sacramento,067,1510023,22481,21821,14,21835,415
2020-09-23,San Benito,069,59416,1335,1305,0,1305,10
2020-09-23,San Bernardino,071,2135413,54057,52132,363,52495,973
2020-09-23,San Diego,073,3302833,47249,45427,925,46352,767
2020-09-23,San Francisco,075,870044,11206,10926,27,10953,95
2020-09-23,San Joaquin,077,732212,20160,19785,56,19841,439
2020-09-23,San Luis Obispo,079,281455,3653,3447,16,3463,31
2020-09-23,San Mateo,081,765935,10112,9351,6,9357,127
2020-09-23,Santa Barbara,083,443738,9580,8952,64,9016,112
2020-09-23,Santa Clara,085,1922200,21709,20575,27,20602,260
2020-09-23,Santa Cruz,087,273765,2410,2283,31,2314,9
2020-09-23,Shasta,089,179085,1024,756,4,760,14
2020-09-23,Sierra,091,2930,6,6,0,6,0
2020-09-23,Siskiyou,093,43540,154,149,10,159,0
2020-09-23,Solano,095,438530,6296,6123,41,6164,50
2020-09-23,Sonoma,097,501317,7544,7091,20,7111,122
2020-09-23,Stanislaus,099,539301,16484,16271,535,16806,317
2020-09-23,Sutter,101,95872,1676,1646,1,1647,10
2020-09-23,Tehama,103,63373,575,533,2,535,2
2020-09-23,Trinity,105,12862,37,15,6,21,0
2020-09-23,Tulare,107,460477,16164,15664,125,15789,266
2020-09-23,Tuolumne,109,53932,232,223,3,226,2
2020-09-23,Ventura,111,848112,13083,12591,156,12747,137
2020-09-23,Yolo,113,214977,2810,2766,6,2772,55
2020-09-23,Yuba,115,75493,1080,1038,5,1043,5
2020-09-22,Alameda,001,1643700,21263,20607,178,20785,355
2020-09-22,Alpine,003,1148,3,2,0,2,0
2020-09-22,Amador,005,37829,293,287,0,287,16
2020-09-22,Butte,007,227075,2904,2776,21,2797,43
2020-09-22,Calaveras,009,45235,311,258,0,258,11
2020-09-22,Colusa,011,21464,529,518,0,518,6
2020-09-22,Contra Costa,013,1133247,16927,16090,83,16173,190
2020-09-22,Del Norte,015,27424,136,137,0,137,2
2020-09-22,El Dorado,017,186661,1155,1076,1,1077,4
2020-09-22,Fresno,019,978130,30332,27944,366,28310,369
2020-09-22,Glenn,021,27897,581,560,0,560,3
2020-09-22,Humboldt,023,135768,498,476,1,477,5
2020-09-22,Imperial,025,180216,11777,10529,6,10535,284
2020-09-22,Inyo,027,18085,188,177,0,177,13
2020-09-22,Kern,029,883053,31850,31110,317,31427,383
2020-09-22,Kings,031,150075,7697,7395,42,7437,76
2020-09-22,Lake,033,64148,561,516,0,516,9
2020-09-22,Lassen,035,31185,744,736,2,738,0
2020-09-22,Los Angeles,037,10098052,265932,262117,1885,264002,6394
2020-09-22,Madera,039,155013,4514,4303,28,4331,47
2020-09-22,Marin,041,260295,6682,6561,17,6578,84
2020-09-22,Mariposa,043,17540,77,74,0,74,2
2020-09-22,Mendocino,045,87422,861,794,1,795,18
2020-09-22,Merced,047,269075,8851,8769,16,8785,132
2020-09-22,Modoc,049,8938,29,24,0,24,0
2020-09-22,Mono,051,14174,168,149,1,150,1
2020-09-22,Monterey,053,433212,9764,9393,27,9420,67
2020-09-22,Napa,055,140530,1713,1652,5,1657,11
2020-09-22,Nevada,057,99092,540,523,14,537,6
2020-09-22,Orange,059,3164182,54310,51528,1461,52989,1132
2020-09-22,Placer,061,380077,3600,3492,12,3504,40
2020-09-22,Plumas,063,18699,49,48,0,48,0
2020-09-22,Riverside,065,2383286,58324,57066,151,57217,1162
2020-09-22,Sacramento,067,1510023,22361,21745,14,21759,410
2020-09-22,San Benito,069,59416,1330,1305,0,1305,10
2020-09-22,San Bernardino,071,2135413,53784,51899,363,52262,971
2020-09-22,San Diego,073,3302833,46942,45149,906,46055,765
2020-09-22,San Francisco,075,870044,11162,10893,26,10919,95
2020-09-22,San Joaquin,077,732212,20113,19755,55,19810,426
2020-09-22,San Luis Obispo,079,281455,3636,3420,16,3436,31
2020-09-22,San Mateo,081,765935,10074,9291,6,9297,127
2020-09-22,Santa Barbara,083,443738,9550,8927,63,8990,111
2020-09-22,Santa Clara,085,1922200,21591,20514,27,20541,253
2020-09-22,Santa Cruz,087,273765,2387,2264,31,2295,8
2020-09-22,Shasta,089,179085,989,723,4,727,14
2020-09-22,Sierra,091,2930,6,6,0,6,0
2020-09-22,Siskiyou,093,43540,154,149,10,159,0
2020-09-22,Solano,095,438530,6265,6107,41,6148,48
2020-09-22,Sonoma,097,501317,7465,7068,19,7087,117
2020-09-22,Stanislaus,099,539301,16461,16231,528,16759,316
2020-09-22,Sutter,101,95872,1670,1638,1,1639,10
2020-09-22,Tehama,103,63373,567,529,2,531,2
2020-09-22,Trinity,105,12862,37,15,6,21,0
2020-09-22,Tulare,107,460477,16098,15616,121,15737,263
2020-09-22,Tuolumne,109,53932,231,224,3,227,1
2020-09-22,Ventura,111,848112,13032,12507,152,12659,136
2020-09-22,Yolo,113,214977,2803,2763,6,2769,54
2020-09-22,Yuba,115,75493,1071,1035,5,1040,5
2020-09-21,Alameda,001,1643700,21184,20501,177,20678,343
2020-09-21,Alpine,003,1148,3,2,0,2,0
2020-09-21,Amador,005,37829,291,286,0,286,16
2020-09-21,Butte,007,227075,2890,2769,21,2790,41
2020-09-21,Calaveras,009,45235,309,256,0,256,10
2020-09-21,Colusa,011,21464,528,517,0,517,6
2020-09-21,Contra Costa,013,1133247,16839,16008,83,16091,189
2020-09-21,Del Norte,015,27424,136,132,0,132,2
2020-09-21,El Dorado,017,186661,1146,1074,1,1075,4
2020-09-21,Fresno,019,978130,30230,27843,359,28202,362
2020-09-21,Glenn,021,27897,577,556,0,556,3
2020-09-21,Humboldt,023,135768,494,473,1,474,5
2020-09-21,Imperial,025,180216,11746,10521,6,10527,284
2020-09-21,Inyo,027,18085,187,177,0,177,12
2020-09-21,Kern,029,883053,31778,31031,315,31346,379
2020-09-21,Kings,031,150075,7585,7297,40,7337,76
2020-09-21,Lake,033,64148,556,508,0,508,8
2020-09-21,Lassen,035,31185,742,735,2,737,0
2020-09-21,Los Angeles,037,10098052,264846,261418,1840,263258,6360
2020-09-21,Madera,039,155013,4503,4275,27,4302,47
2020-09-21,Marin,041,260295,6671,6538,16,6554,84
2020-09-21,Mariposa,043,17540,76,74,0,74,2
2020-09-21,Mendocino,045,87422,846,778,0,778,18
2020-09-21,Merced,047,269075,8832,8749,14,8763,128
2020-09-21,Modoc,049,8938,29,22,0,22,0
2020-09-21,Mono,051,14174,168,147,1,148,1
2020-09-21,Monterey,053,433212,9700,9331,24,9355,66
2020-09-21,Napa,055,140530,1702,1641,5,1646,11
2020-09-21,Nevada,057,99092,538,515,14,529,6
2020-09-21,Orange,059,3164182,54090,51363,1453,52816,1110
2020-09-21,Placer,061,380077,3590,3473,12,3485,40
2020-09-21,Plumas,063,18699,49,47,0,47,0
2020-09-21,Riverside,065,2383286,58051,57001,143,57144,1153
2020-09-21,Sacramento,067,1510023,22180,21568,14,21582,404
2020-09-21,San Benito,069,59416,1328,1298,0,1298,10
2020-09-21,San Bernardino,071,2135413,53498,51654,362,52016,970
2020-09-21,San Diego,073,3302833,46659,44927,885,45812,760
2020-09-21,San Francisco,075,870044,11114,10743,26,10769,95
2020-09-21,San Joaquin,077,732212,20055,19579,55,19634,423
2020-09-21,San Luis Obispo,079,281455,3609,3406,16,3422,27
2020-09-21,San Mateo,081,765935,10022,9239,6,9245,127
2020-09-21,Santa Barbara,083,443738,9522,8911,63,8974,110
2020-09-21,Santa Clara,085,1922200,21490,20432,27,20459,252
2020-09-21,Santa Cruz,087,273765,2370,2257,29,2286,8
2020-09-21,Shasta,089,179085,939,696,4,700,14
2020-09-21,Sierra,091,2930,6,6,0,6,0
2020-09-21,Siskiyou,093,43540,154,146,10,156,0
2020-09-21,Solano,095,438530,6241,6019,41,6060,46
2020-09-21,Sonoma,097,501317,7389,7017,19,7036,117
2020-09-21,Stanislaus,099,539301,16431,16186,528,16714,310
2020-09-21,Sutter,101,95872,1663,1634,1,1635,10
2020-09-21,Tehama,103,63373,548,513,2,515,2
2020-09-21,Trinity,105,12862,37,15,6,21,0
2020-09-21,Tulare,107,460477,16024,15528,112,15640,260
2020-09-21,Tuolumne,109,53932,231,221,3,224,1
2020-09-21,Ventura,111,848112,12950,12477,146,12623,133
2020-09-21,Yolo,113,214977,2797,2752,6,2758,54
2020-09-21,Yuba,115,75493,1067,1033,5,1038,1
2020-09-20,Alameda,001,1643700,21084,20425,174,20599,343
2020-09-20,Alpine,003,1148,3,2,0,2,0
2020-09-20,Amador,005,37829,290,286,0,286,16
2020-09-20,Butte,007,227075,2878,2764,21,2785,39
2020-09-20,Calaveras,009,45235,305,256,0,256,10
2020-09-20,Colusa,011,21464,526,510,0,510,6
2020-09-20,Contra Costa,013,1133247,16705,15917,82,15999,189
2020-09-20,Del Norte,015,27424,134,132,0,132,2
2020-09-20,El Dorado,017,186661,1131,1073,1,1074,4
2020-09-20,Fresno,019,978130,30116,27769,353,28122,362
2020-09-20,Glenn,021,27897,573,550,0,550,3
2020-09-20,Humboldt,023,135768,494,472,1,473,5
2020-09-20,Imperial,025,180216,11719,10496,5,10501,284
2020-09-20,Inyo,027,18085,187,177,0,177,12
2020-09-20,Kern,029,883053,31695,30992,311,31303,379
2020-09-20,Kings,031,150075,7538,7159,39,7198,76
2020-09-20,Lake,033,64148,544,492,0,492,8
2020-09-20,Lassen,035,31185,742,735,2,737,0
2020-09-20,Los Angeles,037,10098052,263614,260770,1811,262581,6347
2020-09-20,Madera,039,155013,4483,4257,27,4284,47
2020-09-20,Marin,041,260295,6645,6533,16,6549,83
2020-09-20,Mariposa,043,17540,76,74,0,74,2
2020-09-20,Mendocino,045,87422,834,765,0,765,18
2020-09-20,Merced,047,269075,8805,8745,14,8759,128
2020-09-20,Modoc,049,8938,27,22,0,22,0
2020-09-20,Mono,051,14174,167,147,1,148,1
2020-09-20,Monterey,053,433212,9622,9312,24,9336,65
2020-09-20,Napa,055,140530,1693,1626,5,1631,11
2020-09-20,Nevada,057,99092,535,511,14,525,6
2020-09-20,Orange,059,3164182,53851,51233,1441,52674,1110
2020-09-20,Placer,061,380077,3575,3452,12,3464,40
2020-09-20,Plumas,063,18699,49,47,0,47,0
2020-09-20,Riverside,065,2383286,57850,56783,137,56920,1147
2020-09-20,Sacramento,067,1510023,21993,21394,13,21407,401
2020-09-20,San Benito,069,59416,1317,1291,0,1291,9
2020-09-20,San Bernardino,071,2135413,53177,51559,360,51919,970
2020-09-20,San Diego,073,3302833,46286,44579,856,45435,760
2020-09-20,San Francisco,075,870044,11060,10743,26,10769,95
2020-09-20,San Joaquin,077,732212,19991,19578,47,19625,423
2020-09-20,San Luis Obispo,079,281455,3581,3393,16,3409,27
2020-09-20,San Mateo,081,765935,9955,9198,6,9204,127
2020-09-20,Santa Barbara,083,443738,9488,8880,62,8942,110
2020-09-20,Santa Clara,085,1922200,21370,20330,26,20356,252
2020-09-20,Santa Cruz,087,273765,2350,2199,29,2228,8
2020-09-20,Shasta,089,179085,898,696,3,699,14
2020-09-20,Sierra,091,2930,6,6,0,6,0
2020-09-20,Siskiyou,093,43540,154,146,10,156,0
2020-09-20,Solano,095,438530,6197,6020,41,6061,46
2020-09-20,Sonoma,097,501317,7285,6954,19,6973,117
2020-09-20,Stanislaus,099,539301,16400,16159,521,16680,310
2020-09-20,Sutter,101,95872,1657,1624,1,1625,10
2020-09-20,Tehama,103,63373,535,509,2,511,2
2020-09-20,Trinity,105,12862,37,15,6,21,0
2020-09-20,Tulare,107,460477,15939,15528,106,15634,260
2020-09-20,Tuolumne,109,53932,231,221,3,224,1
2020-09-20,Ventura,111,848112,12885,12406,142,12548,133
2020-09-20,Yolo,113,214977,2789,2745,6,2751,54
2020-09-20,Yuba,115,75493,1060,1029,5,1034,1
2020-09-19,Alameda,001,1643700,21033,20349,171,20520,343
2020-09-19,Alpine,003,1148,3,2,0,2,0
2020-09-19,Amador,005,37829,290,285,0,285,16
2020-09-19,Butte,007,227075,2872,2748,21,2769,38
2020-09-19,Calaveras,009,45235,305,256,0,256,10
2020-09-19,Colusa,011,21464,526,507,0,507,6
2020-09-19,Contra Costa,013,1133247,16642,15783,82,15865,186
2020-09-19,Del Norte,015,27424,133,132,0,132,2
2020-09-19,El Dorado,017,186661,1125,1068,0,1068,4
2020-09-19,Fresno,019,978130,30043,27668,353,28021,362
2020-09-19,Glenn,021,27897,570,547,0,547,3
2020-09-19,Humboldt,023,135768,493,471,1,472,5
2020-09-19,Imperial,025,180216,11704,10496,5,10501,284
2020-09-19,Inyo,027,18085,187,177,0,177,12
2020-09-19,Kern,029,883053,31641,30886,308,31194,379
2020-09-19,Kings,031,150075,7532,7130,39,7169,76
2020-09-19,Lake,033,64148,544,465,0,465,8
2020-09-19,Lassen,035,31185,742,731,2,733,0
2020-09-19,Los Angeles,037,10098052,262990,259801,1795,261596,6325
2020-09-19,Madera,039,155013,4460,4237,27,4264,47
2020-09-19,Marin,041,260295,6638,6513,15,6528,81
2020-09-19,Mariposa,043,17540,76,74,0,74,2
2020-09-19,Mendocino,045,87422,831,750,0,750,18
2020-09-19,Merced,047,269075,8794,8717,13,8730,128
2020-09-19,Modoc,049,8938,27,22,0,22,0
2020-09-19,Mono,051,14174,167,147,1,148,1
2020-09-19,Monterey,053,433212,9580,9237,24,9261,65
2020-09-19,Napa,055,140530,1685,1614,5,1619,11
2020-09-19,Nevada,057,99092,533,505,14,519,6
2020-09-19,Orange,059,3164182,53722,50999,1434,52433,1105
2020-09-19,Placer,061,380077,3567,3412,12,3424,40
2020-09-19,Plumas,063,18699,49,47,0,47,0
2020-09-19,Riverside,065,2383286,57726,56562,136,56698,1147
2020-09-19,Sacramento,067,1510023,21939,21297,13,21310,396
2020-09-19,San Benito,069,59416,1313,1276,0,1276,9
2020-09-19,San Bernardino,071,2135413,53021,51353,357,51710,971
2020-09-19,San Diego,073,3302833,46058,44295,833,45128,773
2020-09-19,San Francisco,075,870044,11027,10741,26,10767,95
2020-09-19,San Joaquin,077,732212,19954,19580,47,19627,424
2020-09-19,San Luis Obispo,079,281455,3560,3369,16,3385,27
2020-09-19,San Mateo,081,765935,9924,9158,6,9164,127
2020-09-19,Santa Barbara,083,443738,9467,8862,62,8924,106
2020-09-19,Santa Clara,085,1922200,21281,20170,26,20196,251
2020-09-19,Santa Cruz,087,273765,2336,2198,29,2227,8
2020-09-19,Shasta,089,179085,871,687,3,690,14
2020-09-19,Sierra,091,2930,6,6,0,6,0
2020-09-19,Siskiyou,093,43540,154,146,10,156,0
2020-09-19,Solano,095,438530,6181,5998,41,6039,46
2020-09-19,Sonoma,097,501317,7252,6905,19,6924,117
2020-09-19,Stanislaus,099,539301,16360,16109,514,16623,313
2020-09-19,Sutter,101,95872,1656,1602,1,1603,10
2020-09-19,Tehama,103,63373,530,498,2,500,2
2020-09-19,Trinity,105,12862,37,15,6,21,0
2020-09-19,Tulare,107,460477,15890,15485,103,15588,260
2020-09-19,Tuolumne,109,53932,231,217,3,220,1
2020-09-19,Ventura,111,848112,12853,12328,142,12470,133
2020-09-19,Yolo,113,214977,2781,2739,6,2745,54
2020-09-19,Yuba,115,75493,1053,1023,5,1028,1
2020-09-18,Alameda,001,1643700,20968,20222,165,20387,341
2020-09-18,Alpine,003,1148,3,2,0,2,0
2020-09-18,Amador,005,37829,290,285,0,285,16
2020-09-18,Butte,007,227075,2870,2738,21,2759,37
2020-09-18,Calaveras,009,45235,305,255,0,255,9
2020-09-18,Colusa,011,21464,526,504,0,504,6
2020-09-18,Contra Costa,013,1133247,16557,15667,82,15749,185
2020-09-18,Del Norte,015,27424,133,131,0,131,2
2020-09-18,El Dorado,017,186661,1112,1063,0,1063,4
2020-09-18,Fresno,019,978130,29978,27560,353,27913,359
2020-09-18,Glenn,021,27897,567,541,0,541,3
2020-09-18,Humboldt,023,135768,490,470,1,471,5
2020-09-18,Imperial,025,180216,11689,10460,5,10465,283
2020-09-18,Inyo,027,18085,187,177,0,177,12
2020-09-18,Kern,029,883053,31583,30742,305,31047,373
2020-09-18,Kings,031,150075,7522,7062,39,7101,74
2020-09-18,Lake,033,64148,538,458,0,458,8
2020-09-18,Lassen,035,31185,741,731,2,733,0
2020-09-18,Los Angeles,037,10098052,262216,258488,1775,260263,6324
2020-09-18,Madera,039,155013,4448,4211,27,4238,45
2020-09-18,Marin,041,260295,6623,6475,15,6490,81
2020-09-18,Mariposa,043,17540,76,74,0,74,2
2020-09-18,Mendocino,045,87422,823,739,0,739,18
2020-09-18,Merced,047,269075,8782,8691,12,8703,127
2020-09-18,Modoc,049,8938,27,22,0,22,0
2020-09-18,Mono,051,14174,165,147,1,148,1
2020-09-18,Monterey,053,433212,9538,9183,24,9207,64
2020-09-18,Napa,055,140530,1679,1604,5,1609,11
2020-09-18,Nevada,057,99092,530,504,14,518,6
2020-09-18,Orange,059,3164182,53575,50733,1422,52155,1107
2020-09-18,Placer,061,380077,3556,3389,12,3401,40
2020-09-18,Plumas,063,18699,49,45,0,45,0
2020-09-18,Riverside,065,2383286,57606,56248,132,56380,1143
2020-09-18,Sacramento,067,1510023,21856,21105,13,21118,391
2020-09-18,San Benito,069,59416,1305,1257,0,1257,8
2020-09-18,San Bernardino,071,2135413,52878,51106,354,51460,970
2020-09-18,San Diego,073,3302833,45808,44009,828,44837,757
2020-09-18,San Francisco,075,870044,10989,10644,25,10669,95
2020-09-18,San Joaquin,077,732212,19911,19531,45,19576,423
2020-09-18,San Luis Obispo,079,281455,3536,3328,16,3344,27
2020-09-18,San Mateo,081,765935,9884,9062,6,9068,127
2020-09-18,Santa Barbara,083,443738,9445,8824,62,8886,107
2020-09-18,Santa Clara,085,1922200,21184,20058,26,20084,252
2020-09-18,Santa Cruz,087,273765,2315,2180,28,2208,8
2020-09-18,Shasta,089,179085,836,668,3,671,14
2020-09-18,Sierra,091,2930,6,6,0,6,0
2020-09-18,Siskiyou,093,43540,153,146,10,156,0
2020-09-18,Solano,095,438530,6165,5961,41,6002,46
2020-09-18,Sonoma,097,501317,7204,6856,19,6875,114
2020-09-18,Stanislaus,099,539301,16332,16042,508,16550,277
2020-09-18,Sutter,101,95872,1648,1586,1,1587,10
2020-09-18,Tehama,103,63373,530,490,2,492,2
2020-09-18,Trinity,105,12862,37,15,5,20,0
2020-09-18,Tulare,107,460477,15857,15435,99,15534,259
2020-09-18,Tuolumne,109,53932,230,216,3,219,1
2020-09-18,Ventura,111,848112,12792,12236,138,12374,133
2020-09-18,Yolo,113,214977,2775,2732,6,2738,54
2020-09-18,Yuba,115,75493,1049,1020,5,1025,1
2020-09-17,Alameda,001,1643700,20870,20146,165,20311,339
2020-09-17,Alpine,003,1148,3,2,0,2,0
2020-09-17,Amador,005,37829,288,284,0,284,16
2020-09-17,Butte,007,227075,2852,2720,21,2741,38
2020-09-17,Calaveras,009,45235,305,254,0,254,9
2020-09-17,Colusa,011,21464,524,499,0,499,6
2020-09-17,Contra Costa,013,1133247,16467,15576,82,15658,184
2020-09-17,Del Norte,015,27424,133,131,0,131,2
2020-09-17,El Dorado,017,186661,1103,1057,0,1057,4
2020-09-17,Fresno,019,978130,29869,27487,348,27835,355
2020-09-17,Glenn,021,27897,566,541,0,541,3
2020-09-17,Humboldt,023,135768,484,466,1,467,5
2020-09-17,Imperial,025,180216,11672,10436,5,10441,281
2020-09-17,Inyo,027,18085,187,176,0,176,12
2020-09-17,Kern,029,883053,31522,30627,298,30925,372
2020-09-17,Kings,031,150075,7451,7015,39,7054,72
2020-09-17,Lake,033,64148,528,433,0,433,8
2020-09-17,Lassen,035,31185,739,731,2,733,0
2020-09-17,Los Angeles,037,10098052,261273,257246,1760,259006,6318
2020-09-17,Madera,039,155013,4414,4152,27,4179,45
2020-09-17,Marin,041,260295,6602,6457,15,6472,81
2020-09-17,Mariposa,043,17540,75,74,0,74,2
2020-09-17,Mendocino,045,87422,812,737,0,737,18
2020-09-17,Merced,047,269075,8763,8671,12,8683,119
2020-09-17,Modoc,049,8938,27,22,0,22,0
2020-09-17,Mono,051,14174,165,147,1,148,1
2020-09-17,Monterey,053,433212,9476,9113,23,9136,62
2020-09-17,Napa,055,140530,1668,1592,5,1597,11
2020-09-17,Nevada,057,99092,528,494,14,508,6
2020-09-17,Orange,059,3164182,53396,50537,1408,51945,1098
2020-09-17,Placer,061,380077,3535,3368,12,3380,40
2020-09-17,Plumas,063,18699,49,45,0,45,0
2020-09-17,Riverside,065,2383286,57381,56007,130,56137,1134
2020-09-17,Sacramento,067,1510023,21621,20895,13,20908,385
2020-09-17,San Benito,069,59416,1302,1252,0,1252,8
2020-09-17,San Bernardino,071,2135413,52677,50770,354,51124,904
2020-09-17,San Diego,073,3302833,45529,43621,816,44437,754
2020-09-17,San Francisco,075,870044,10894,10564,25,10589,95
2020-09-17,San Joaquin,077,732212,19852,19439,45,19484,416
2020-09-17,San Luis Obispo,079,281455,3508,3299,16,3315,27
2020-09-17,San Mateo,081,765935,9842,8984,6,8990,127
2020-09-17,Santa Barbara,083,443738,9421,8779,62,8841,107
2020-09-17,Santa Clara,085,1922200,21067,19825,26,19851,254
2020-09-17,Santa Cruz,087,273765,2299,2155,28,2183,7
2020-09-17,Shasta,089,179085,797,660,3,663,12
2020-09-17,Sierra,091,2930,6,6,0,6,0
2020-09-17,Siskiyou,093,43540,153,146,10,156,0
2020-09-17,Solano,095,438530,6142,5915,41,5956,44
2020-09-17,Sonoma,097,501317,7140,6754,19,6773,114
2020-09-17,Stanislaus,099,539301,16299,15984,504,16488,277
2020-09-17,Sutter,101,95872,1643,1572,1,1573,10
2020-09-17,Tehama,103,63373,516,487,2,489,2
2020-09-17,Trinity,105,12862,37,15,5,20,0
2020-09-17,Tulare,107,460477,15804,15344,97,15441,258
2020-09-17,Tuolumne,109,53932,229,214,3,217,1
2020-09-17,Ventura,111,848112,12707,12167,134,12301,130
2020-09-17,Yolo,113,214977,2766,2724,6,2730,53
2020-09-17,Yuba,115,75493,1045,1015,5,1020,1
2020-09-16,Alameda,001,1643700,20773,20009,163,20172,333
2020-09-16,Alpine,003,1148,3,2,0,2,0
2020-09-16,Amador,005,37829,288,284,0,284,16
2020-09-16,Butte,007,227075,2842,2704,21,2725,38
2020-09-16,Calaveras,009,45235,305,254,0,254,9
2020-09-16,Colusa,011,21464,522,497,0,497,6
2020-09-16,Contra Costa,013,1133247,16381,15473,82,15555,183
2020-09-16,Del Norte,015,27424,133,131,0,131,2
2020-09-16,El Dorado,017,186661,1095,1049,0,1049,4
2020-09-16,Fresno,019,978130,29763,27381,346,27727,343
2020-09-16,Glenn,021,27897,564,539,0,539,3
2020-09-16,Humboldt,023,135768,483,455,1,456,4
2020-09-16,Imperial,025,180216,11649,10401,5,10406,277
2020-09-16,Inyo,027,18085,186,176,0,176,12
2020-09-16,Kern,029,883053,31462,30570,297,30867,371
2020-09-16,Kings,031,150075,7426,7002,37,7039,71
2020-09-16,Lake,033,64148,517,417,0,417,6
2020-09-16,Lassen,035,31185,738,730,2,732,0
2020-09-16,Los Angeles,037,10098052,260275,256101,1741,257842,6299
2020-09-16,Madera,039,155013,4391,4138,27,4165,45
2020-09-16,Marin,041,260295,6574,6430,15,6445,77
2020-09-16,Mariposa,043,17540,75,74,0,74,2
2020-09-16,Mendocino,045,87422,803,727,0,727,18
2020-09-16,Merced,047,269075,8742,8646,12,8658,118
2020-09-16,Modoc,049,8938,27,22,0,22,0
2020-09-16,Mono,051,14174,165,147,1,148,1
2020-09-16,Monterey,053,433212,9422,8997,23,9020,62
2020-09-16,Napa,055,140530,1654,1587,5,1592,11
2020-09-16,Nevada,057,99092,523,495,13,508,6
2020-09-16,Orange,059,3164182,53196,50414,1399,51813,1096
2020-09-16,Placer,061,380077,3517,3351,12,3363,39
2020-09-16,Plumas,063,18699,49,45,0,45,0
2020-09-16,Riverside,065,2383286,57186,55811,122,55933,1127
2020-09-16,Sacramento,067,1510023,21527,20610,13,20623,377
2020-09-16,San Benito,069,59416,1294,1244,0,1244,8
2020-09-16,San Bernardino,071,2135413,52451,50509,353,50862,907
2020-09-16,San Diego,073,3302833,45237,43447,795,44242,748
2020-09-16,San Francisco,075,870044,10847,10502,25,10527,90
2020-09-16,San Joaquin,077,732212,19798,19377,44,19421,409
2020-09-16,San Luis Obispo,079,281455,3478,3285,16,3301,28
2020-09-16,San Mateo,081,765935,9777,8944,6,8950,127
2020-09-16,Santa Barbara,083,443738,9389,8764,62,8826,107
2020-09-16,Santa Clara,085,1922200,20948,19684,26,19710,253
2020-09-16,Santa Cruz,087,273765,2258,2089,27,2116,7
2020-09-16,Shasta,089,179085,771,635,3,638,11
2020-09-16,Sierra,091,2930,6,6,0,6,0
2020-09-16,Siskiyou,093,43540,152,145,10,155,0
2020-09-16,Solano,095,438530,6112,5899,41,5940,44
2020-09-16,Sonoma,097,501317,7079,6731,19,6750,104
2020-09-16,Stanislaus,099,539301,16251,15897,496,16393,263
2020-09-16,Sutter,101,95872,1630,1567,1,1568,10
2020-09-16,Tehama,103,63373,508,485,2,487,2
2020-09-16,Trinity,105,12862,37,15,5,20,0
2020-09-16,Tulare,107,460477,15762,15314,89,15403,258
2020-09-16,Tuolumne,109,53932,228,210,3,213,1
2020-09-16,Ventura,111,848112,12639,12073,133,12206,130
2020-09-16,Yolo,113,214977,2759,2709,6,2715,53
2020-09-16,Yuba,115,75493,1043,1000,5,1005,1
2020-09-15,Alameda,001,1643700,20666,19931,160,20091,327
2020-09-15,Alpine,003,1148,3,2,0,2,0
2020-09-15,Amador,005,37829,287,282,0,282,16
2020-09-15,Butte,007,227075,2829,2695,19,2714,38
2020-09-15,Calaveras,009,45235,305,248,0,248,5
2020-09-15,Colusa,011,21464,516,497,0,497,6
2020-09-15,Contra Costa,013,1133247,16278,15423,81,15504,180
2020-09-15,Del Norte,015,27424,133,129,0,129,2
2020-09-15,El Dorado,017,186661,1090,1046,0,1046,4
2020-09-15,Fresno,019,978130,29657,27312,341,27653,343
2020-09-15,Glenn,021,27897,563,531,0,531,3
2020-09-15,Humboldt,023,135768,481,456,1,457,4
2020-09-15,Imperial,025,180216,11624,10376,5,10381,277
2020-09-15,Inyo,027,18085,186,176,0,176,12
2020-09-15,Kern,029,883053,31349,30429,294,30723,368
2020-09-15,Kings,031,150075,7268,6977,37,7014,70
2020-09-15,Lake,033,64148,503,416,0,416,4
2020-09-15,Lassen,035,31185,734,719,2,721,0
2020-09-15,Los Angeles,037,10098052,259163,255048,1716,256764,6269
2020-09-15,Madera,039,155013,4372,4122,27,4149,45
2020-09-15,Marin,041,260295,6543,6423,15,6438,77
2020-09-15,Mariposa,043,17540,75,74,0,74,2
2020-09-15,Mendocino,045,87422,785,724,0,724,18
2020-09-15,Merced,047,269075,8712,8633,12,8645,114
2020-09-15,Modoc,049,8938,26,21,0,21,0
2020-09-15,Mono,051,14174,165,147,1,148,1
2020-09-15,Monterey,053,433212,9373,8943,23,8966,62
2020-09-15,Napa,055,140530,1640,1580,5,1585,11
2020-09-15,Nevada,057,99092,518,494,13,507,6
2020-09-15,Orange,059,3164182,53014,50294,1384,51678,1088
2020-09-15,Placer,061,380077,3493,3331,12,3343,38
2020-09-15,Plumas,063,18699,49,44,0,44,0
2020-09-15,Riverside,065,2383286,56893,55569,112,55681,1118
2020-09-15,Sacramento,067,1510023,21385,20487,13,20500,372
2020-09-15,San Benito,069,59416,1287,1237,0,1237,7
2020-09-15,San Bernardino,071,2135413,52235,50333,352,50685,904
2020-09-15,San Diego,073,3302833,44918,43183,774,43957,742
2020-09-15,San Francisco,075,870044,10789,10414,25,10439,90
2020-09-15,San Joaquin,077,732212,19746,19313,44,19357,401
2020-09-15,San Luis Obispo,079,281455,3458,3262,16,3278,28
2020-09-15,San Mateo,081,765935,9707,8895,6,8901,127
2020-09-15,Santa Barbara,083,443738,9364,8724,61,8785,104
2020-09-15,Santa Clara,085,1922200,20812,19610,26,19636,252
2020-09-15,Santa Cruz,087,273765,2232,2079,26,2105,7
2020-09-15,Shasta,089,179085,759,627,3,630,11
2020-09-15,Sierra,091,2930,6,6,0,6,0
2020-09-15,Siskiyou,093,43540,152,143,10,153,0
2020-09-15,Solano,095,438530,6078,5878,41,5919,45
2020-09-15,Sonoma,097,501317,7040,6701,19,6720,104
2020-09-15,Stanislaus,099,539301,16203,15880,494,16374,260
2020-09-15,Sutter,101,95872,1618,1556,1,1557,10
2020-09-15,Tehama,103,63373,496,484,2,486,2
2020-09-15,Trinity,105,12862,37,15,5,20,0
2020-09-15,Tulare,107,460477,15685,15203,87,15290,254
2020-09-15,Tuolumne,109,53932,228,209,3,212,1
2020-09-15,Ventura,111,848112,12587,11932,132,12064,128
2020-09-15,Yolo,113,214977,2755,2708,6,2714,53
2020-09-15,Yuba,115,75493,1037,991,4,995,1
2020-09-14,Alameda,001,1643700,20539,19851,159,20010,306
2020-09-14,Alpine,003,1148,3,2,0,2,0
2020-09-14,Amador,005,37829,285,281,0,281,16
2020-09-14,Butte,007,227075,2812,2642,19,2661,37
2020-09-14,Calaveras,009,45235,305,244,0,244,3
2020-09-14,Colusa,011,21464,515,486,0,486,6
2020-09-14,Contra Costa,013,1133247,16153,15354,80,15434,174
2020-09-14,Del Norte,015,27424,130,116,0,116,2
2020-09-14,El Dorado,017,186661,1086,1039,0,1039,3
2020-09-14,Fresno,019,978130,29572,27232,338,27570,344
2020-09-14,Glenn,021,27897,555,521,0,521,3
2020-09-14,Humboldt,023,135768,478,437,1,438,4
2020-09-14,Imperial,025,180216,11604,10340,5,10345,273
2020-09-14,Inyo,027,18085,186,176,0,176,12
2020-09-14,Kern,029,883053,31262,30344,291,30635,368
2020-09-14,Kings,031,150075,7186,6950,37,6987,70
2020-09-14,Lake,033,64148,483,407,0,407,4
2020-09-14,Lassen,035,31185,734,719,2,721,0
2020-09-14,Los Angeles,037,10098052,258133,254622,1687,256309,6226
2020-09-14,Madera,039,155013,4358,4104,27,4131,45
2020-09-14,Marin,041,260295,6522,6409,15,6424,70
2020-09-14,Mariposa,043,17540,75,74,0,74,2
2020-09-14,Mendocino,045,87422,768,710,0,710,17
2020-09-14,Merced,047,269075,8693,8593,12,8605,112
2020-09-14,Modoc,049,8938,26,21,0,21,0
2020-09-14,Mono,051,14174,165,147,1,148,1
2020-09-14,Monterey,053,433212,9302,8845,22,8867,61
2020-09-14,Napa,055,140530,1623,1576,5,1581,11
2020-09-14,Nevada,057,99092,513,489,13,502,6
2020-09-14,Orange,059,3164182,52855,50149,1367,51516,1079
2020-09-14,Placer,061,380077,3472,3302,12,3314,38
2020-09-14,Plumas,063,18699,48,42,0,42,0
2020-09-14,Riverside,065,2383286,56674,55488,106,55594,1113
2020-09-14,Sacramento,067,1510023,21190,20377,12,20389,367
2020-09-14,San Benito,069,59416,1272,1233,0,1233,7
2020-09-14,San Bernardino,071,2135413,52011,50163,351,50514,895
2020-09-14,San Diego,073,3302833,44607,42889,754,43643,734
2020-09-14,San Francisco,075,870044,10722,10255,23,10278,90
2020-09-14,San Joaquin,077,732212,19672,19111,43,19154,397
2020-09-14,San Luis Obispo,079,281455,3433,3248,16,3264,25
2020-09-14,San Mateo,081,765935,9645,8847,6,8853,127
2020-09-14,Santa Barbara,083,443738,9338,8692,61,8753,104
2020-09-14,Santa Clara,085,1922200,20624,19545,26,19571,247
2020-09-14,Santa Cruz,087,273765,2212,2016,23,2039,7
2020-09-14,Shasta,089,179085,737,584,3,587,10
2020-09-14,Sierra,091,2930,6,6,0,6,0
2020-09-14,Siskiyou,093,43540,151,143,10,153,0
2020-09-14,Solano,095,438530,6043,5834,41,5875,44
2020-09-14,Sonoma,097,501317,6977,6630,19,6649,102
2020-09-14,Stanislaus,099,539301,16158,15812,491,16303,253
2020-09-14,Sutter,101,95872,1607,1549,1,1550,10
2020-09-14,Tehama,103,63373,493,475,2,477,1
2020-09-14,Trinity,105,12862,36,14,5,19,0
2020-09-14,Tulare,107,460477,15616,15096,81,15177,254
2020-09-14,Tuolumne,109,53932,227,208,3,211,1
2020-09-14,Ventura,111,848112,12486,11903,129,12032,125
2020-09-14,Yolo,113,214977,2744,2687,6,2693,53
2020-09-14,Yuba,115,75493,1029,977,4,981,1
2020-09-13,Alameda,001,1643700,20433,19815,156,19971,306
2020-09-13,Alpine,003,1148,3,2,0,2,0
2020-09-13,Amador,005,37829,282,279,0,279,16
2020-09-13,Butte,007,227075,2790,2640,19,2659,37
2020-09-13,Calaveras,009,45235,304,246,0,246,3
2020-09-13,Colusa,011,21464,511,486,0,486,6
2020-09-13,Contra Costa,013,1133247,16047,15284,79,15363,172
2020-09-13,Del Norte,015,27424,127,116,0,116,1
2020-09-13,El Dorado,017,186661,1081,1035,0,1035,2
2020-09-13,Fresno,019,978130,29465,27196,329,27525,345
2020-09-13,Glenn,021,27897,551,517,0,517,3
2020-09-13,Humboldt,023,135768,478,434,1,435,4
2020-09-13,Imperial,025,180216,11567,10304,5,10309,273
2020-09-13,Inyo,027,18085,186,176,0,176,12
2020-09-13,Kern,029,883053,31169,30277,284,30561,368
2020-09-13,Kings,031,150075,7167,6937,37,6974,70
2020-09-13,Lake,033,64148,464,397,0,397,4
2020-09-13,Lassen,035,31185,731,719,2,721,0
2020-09-13,Los Angeles,037,10098052,256985,253950,1671,255621,6203
2020-09-13,Madera,039,155013,4301,4090,27,4117,45
2020-09-13,Marin,041,260295,6501,6395,15,6410,70
2020-09-13,Mariposa,043,17540,75,74,0,74,2
2020-09-13,Mendocino,045,87422,761,707,0,707,17
2020-09-13,Merced,047,269075,8659,8575,12,8587,112
2020-09-13,Modoc,049,8938,26,21,0,21,0
2020-09-13,Mono,051,14174,165,147,1,148,1
2020-09-13,Monterey,053,433212,9220,8826,21,8847,61
2020-09-13,Napa,055,140530,1616,1563,5,1568,11
2020-09-13,Nevada,057,99092,505,486,13,499,6
2020-09-13,Orange,059,3164182,52642,50061,1360,51421,1075
2020-09-13,Placer,061,380077,3442,3291,12,3303,38
2020-09-13,Plumas,063,18699,48,42,0,42,0
2020-09-13,Riverside,065,2383286,56465,55235,95,55330,1108
2020-09-13,Sacramento,067,1510023,20844,20279,12,20291,367
2020-09-13,San Benito,069,59416,1264,1217,0,1217,7
2020-09-13,San Bernardino,071,2135413,51726,49968,349,50317,895
2020-09-13,San Diego,073,3302833,44282,42681,719,43400,734
2020-09-13,San Francisco,075,870044,10644,10254,23,10277,90
2020-09-13,San Joaquin,077,732212,19600,19110,42,19152,396
2020-09-13,San Luis Obispo,079,281455,3397,3240,16,3256,24
2020-09-13,San Mateo,081,765935,9584,8811,6,8817,127
2020-09-13,Santa Barbara,083,443738,9301,8690,61,8751,104
2020-09-13,Santa Clara,085,1922200,20489,19456,25,19481,245
2020-09-13,Santa Cruz,087,273765,2179,2016,21,2037,7
2020-09-13,Shasta,089,179085,725,583,3,586,10
2020-09-13,Sierra,091,2930,6,6,0,6,0
2020-09-13,Siskiyou,093,43540,151,143,9,152,0
2020-09-13,Solano,095,438530,5997,5810,41,5851,43
2020-09-13,Sonoma,097,501317,6912,6592,19,6611,95
2020-09-13,Stanislaus,099,539301,16095,15759,479,16238,253
2020-09-13,Sutter,101,95872,1595,1539,1,1540,10
2020-09-13,Tehama,103,63373,489,476,2,478,1
2020-09-13,Trinity,105,12862,36,14,5,19,0
2020-09-13,Tulare,107,460477,15544,15098,80,15178,254
2020-09-13,Tuolumne,109,53932,224,208,3,211,1
2020-09-13,Ventura,111,848112,12381,11855,128,11983,123
2020-09-13,Yolo,113,214977,2732,2675,6,2681,53
2020-09-13,Yuba,115,75493,1024,967,4,971,1
2020-09-12,Alameda,001,1643700,20374,19758,156,19914,307
2020-09-12,Alpine,003,1148,3,2,0,2,0
2020-09-12,Amador,005,37829,281,278,0,278,16
2020-09-12,Butte,007,227075,2783,2629,18,2647,37
2020-09-12,Calaveras,009,45235,302,246,0,246,3
2020-09-12,Colusa,011,21464,507,486,0,486,6
2020-09-12,Contra Costa,013,1133247,15974,15135,78,15213,174
2020-09-12,Del Norte,015,27424,126,116,0,116,1
2020-09-12,El Dorado,017,186661,1074,1034,0,1034,2
2020-09-12,Fresno,019,978130,29394,27076,329,27405,345
2020-09-12,Glenn,021,27897,550,517,0,517,3
2020-09-12,Humboldt,023,135768,477,430,1,431,4
2020-09-12,Imperial,025,180216,11555,10305,5,10310,273
2020-09-12,Inyo,027,18085,186,177,0,177,12
2020-09-12,Kern,029,883053,31103,30202,284,30486,368
2020-09-12,Kings,031,150075,7157,6895,37,6932,70
2020-09-12,Lake,033,64148,458,393,0,393,4
2020-09-12,Lassen,035,31185,731,719,2,721,0
2020-09-12,Los Angeles,037,10098052,256426,253156,1650,254806,6193
2020-09-12,Madera,039,155013,4290,4058,27,4085,43
2020-09-12,Marin,041,260295,6492,6393,15,6408,69
2020-09-12,Mariposa,043,17540,75,72,0,72,2
2020-09-12,Mendocino,045,87422,758,700,0,700,17
2020-09-12,Merced,047,269075,8650,8533,12,8545,112
2020-09-12,Modoc,049,8938,25,21,0,21,0
2020-09-12,Mono,051,14174,165,147,1,148,1
2020-09-12,Monterey,053,433212,9184,8743,21,8764,61
2020-09-12,Napa,055,140530,1613,1556,5,1561,11
2020-09-12,Nevada,057,99092,504,482,13,495,6
2020-09-12,Orange,059,3164182,52529,49895,1356,51251,1078
2020-09-12,Placer,061,380077,3425,3280,12,3292,38
2020-09-12,Plumas,063,18699,48,42,0,42,0
2020-09-12,Riverside,065,2383286,56338,55058,90,55148,1108
2020-09-12,Sacramento,067,1510023,20775,20184,12,20196,367
2020-09-12,San Benito,069,59416,1261,1208,0,1208,7
2020-09-12,San Bernardino,071,2135413,51635,49945,347,50292,896
2020-09-12,San Diego,073,3302833,44088,42416,710,43126,747
2020-09-12,San Francisco,075,870044,10599,10257,23,10280,90
2020-09-12,San Joaquin,077,732212,19572,19108,42,19150,396
2020-09-12,San Luis Obispo,079,281455,3371,3220,16,3236,24
2020-09-12,San Mateo,081,765935,9539,8759,6,8765,127
2020-09-12,Santa Barbara,083,443738,9286,8642,61,8703,104
2020-09-12,Santa Clara,085,1922200,20405,19330,25,19355,237
2020-09-12,Santa Cruz,087,273765,2167,2016,21,2037,7
2020-09-12,Shasta,089,179085,713,569,3,572,10
2020-09-12,Sierra,091,2930,6,6,0,6,0
2020-09-12,Siskiyou,093,43540,151,141,9,150,0
2020-09-12,Solano,095,438530,5973,5772,41,5813,43
2020-09-12,Sonoma,097,501317,6888,6531,19,6550,95
2020-09-12,Stanislaus,099,539301,16063,15675,476,16151,253
2020-09-12,Sutter,101,95872,1589,1529,1,1530,10
2020-09-12,Tehama,103,63373,486,471,2,473,1
2020-09-12,Trinity,105,12862,36,15,5,20,0
2020-09-12,Tulare,107,460477,15499,15018,79,15097,254
2020-09-12,Tuolumne,109,53932,224,208,3,211,1
2020-09-12,Ventura,111,848112,12330,11759,126,11885,123
2020-09-12,Yolo,113,214977,2725,2646,6,2652,53
2020-09-12,Yuba,115,75493,1020,963,4,967,1
2020-09-11,Alameda,001,1643700,20319,19625,155,19780,298
2020-09-11,Alpine,003,1148,3,2,0,2,0
2020-09-11,Amador,005,37829,281,277,0,277,16
2020-09-11,Butte,007,227075,2772,2605,18,2623,37
2020-09-11,Calaveras,009,45235,301,242,0,242,1
2020-09-11,Colusa,011,21464,506,484,0,484,6
2020-09-11,Contra Costa,013,1133247,15922,15001,75,15076,173
2020-09-11,Del Norte,015,27424,126,115,0,115,1
2020-09-11,El Dorado,017,186661,1071,1024,0,1024,2
2020-09-11,Fresno,019,978130,29314,26917,328,27245,344
2020-09-11,Glenn,021,27897,545,515,0,515,3
2020-09-11,Humboldt,023,135768,475,426,1,427,4
2020-09-11,Imperial,025,180216,11537,10286,5,10291,273
2020-09-11,Inyo,027,18085,186,176,0,176,12
2020-09-11,Kern,029,883053,31035,30059,283,30342,365
2020-09-11,Kings,031,150075,7140,6770,37,6807,70
2020-09-11,Lake,033,64148,451,382,0,382,4
2020-09-11,Lassen,035,31185,731,719,2,721,0
2020-09-11,Los Angeles,037,10098052,255745,252057,1639,253696,6172
2020-09-11,Madera,039,155013,4271,4018,27,4045,43
2020-09-11,Marin,041,260295,6489,6364,15,6379,69
2020-09-11,Mariposa,043,17540,75,72,0,72,2
2020-09-11,Mendocino,045,87422,747,700,0,700,17
2020-09-11,Merced,047,269075,8629,8489,12,8501,109
2020-09-11,Modoc,049,8938,25,21,0,21,0
2020-09-11,Mono,051,14174,165,145,1,146,1
2020-09-11,Monterey,053,433212,9136,8595,21,8616,61
2020-09-11,Napa,055,140530,1602,1543,5,1548,11
2020-09-11,Nevada,057,99092,497,483,13,496,6
2020-09-11,Orange,059,3164182,52401,49755,1343,51098,1068
2020-09-11,Placer,061,380077,3410,3254,12,3266,37
2020-09-11,Plumas,063,18699,48,42,0,42,0
2020-09-11,Riverside,065,2383286,56205,54717,87,54804,1099
2020-09-11,Sacramento,067,1510023,20690,20012,12,20024,358
2020-09-11,San Benito,069,59416,1251,1202,0,1202,7
2020-09-11,San Bernardino,071,2135413,51535,49682,347,50029,871
2020-09-11,San Diego,073,3302833,43868,41971,704,42675,730
2020-09-11,San Francisco,075,870044,10551,10133,22,10155,89
2020-09-11,San Joaquin,077,732212,19525,19019,42,19061,391
2020-09-11,San Luis Obispo,079,281455,3353,3190,16,3206,24
2020-09-11,San Mateo,081,765935,9497,8611,6,8617,127
2020-09-11,Santa Barbara,083,443738,9252,8592,60,8652,103
2020-09-11,Santa Clara,085,1922200,20316,19065,25,19090,234
2020-09-11,Santa Cruz,087,273765,2150,1997,21,2018,7
2020-09-11,Shasta,089,179085,703,568,3,571,10
2020-09-11,Sierra,091,2930,6,6,0,6,0
2020-09-11,Siskiyou,093,43540,150,139,9,148,0
2020-09-11,Solano,095,438530,5956,5742,41,5783,42
2020-09-11,Sonoma,097,501317,6843,6469,19,6488,91
2020-09-11,Stanislaus,099,539301,16025,15613,473,16086,253
2020-09-11,Sutter,101,95872,1579,1505,1,1506,11
2020-09-11,Tehama,103,63373,483,466,2,468,1
2020-09-11,Trinity,105,12862,36,16,5,21,0
2020-09-11,Tulare,107,460477,15468,14932,77,15009,251
2020-09-11,Tuolumne,109,53932,224,208,3,211,1
2020-09-11,Ventura,111,848112,12276,11700,124,11824,123
2020-09-11,Yolo,113,214977,2714,2632,6,2638,53
2020-09-11,Yuba,115,75493,1012,946,4,950,1
2020-09-10,Alameda,001,1643700,20245,19509,155,19664,292
2020-09-10,Alpine,003,1148,3,2,0,2,0
2020-09-10,Amador,005,37829,280,277,0,277,16
2020-09-10,Butte,007,227075,2755,2590,18,2608,37
2020-09-10,Calaveras,009,45235,301,244,0,244,1
2020-09-10,Colusa,011,21464,504,482,0,482,6
2020-09-10,Contra Costa,013,1133247,15852,14909,75,14984,172
2020-09-10,Del Norte,015,27424,125,112,0,112,1
2020-09-10,El Dorado,017,186661,1068,1020,0,1020,2
2020-09-10,Fresno,019,978130,29193,26783,328,27111,338
2020-09-10,Glenn,021,27897,535,511,0,511,3
2020-09-10,Humboldt,023,135768,464,422,1,423,4
2020-09-10,Imperial,025,180216,11521,10251,5,10256,270
2020-09-10,Inyo,027,18085,185,176,0,176,11
2020-09-10,Kern,029,883053,30952,29988,279,30267,363
2020-09-10,Kings,031,150075,7110,6739,37,6776,70
2020-09-10,Lake,033,64148,444,377,0,377,4
2020-09-10,Lassen,035,31185,730,716,2,718,0
2020-09-10,Los Angeles,037,10098052,254765,251003,1617,252620,6132
2020-09-10,Madera,039,155013,4253,3979,27,4006,43
2020-09-10,Marin,041,260295,6478,6344,15,6359,68
2020-09-10,Mariposa,043,17540,75,72,0,72,2
2020-09-10,Mendocino,045,87422,737,697,0,697,16
2020-09-10,Merced,047,269075,8583,8461,12,8473,109
2020-09-10,Modoc,049,8938,25,21,0,21,0
2020-09-10,Mono,051,14174,165,145,1,146,1
2020-09-10,Monterey,053,433212,9066,8570,21,8591,59
2020-09-10,Napa,055,140530,1596,1536,5,1541,11
2020-09-10,Nevada,057,99092,493,478,13,491,6
2020-09-10,Orange,059,3164182,52238,49617,1336,50953,1057
2020-09-10,Placer,061,380077,3391,3233,12,3245,37
2020-09-10,Plumas,063,18699,48,42,0,42,0
2020-09-10,Riverside,065,2383286,55887,54417,84,54501,1091
2020-09-10,Sacramento,067,1510023,20568,19618,11,19629,354
2020-09-10,San Benito,069,59416,1245,1201,0,1201,5
2020-09-10,San Bernardino,071,2135413,51346,49467,345,49812,867
2020-09-10,San Diego,073,3302833,43602,41610,677,42287,725
2020-09-10,San Francisco,075,870044,10474,10082,22,10104,89
2020-09-10,San Joaquin,077,732212,19472,18854,42,18896,389
2020-09-10,San Luis Obispo,079,281455,3340,3161,16,3177,24
2020-09-10,San Mateo,081,765935,9451,8529,6,8535,125
2020-09-10,Santa Barbara,083,443738,9208,8552,60,8612,100
2020-09-10,Santa Clara,085,1922200,20202,18870,25,18895,231
2020-09-10,Santa Cruz,087,273765,2135,1986,19,2005,7
2020-09-10,Shasta,089,179085,692,566,3,569,10
2020-09-10,Sierra,091,2930,6,6,0,6,0
2020-09-10,Siskiyou,093,43540,150,137,9,146,0
2020-09-10,Solano,095,438530,5916,5696,41,5737,42
2020-09-10,Sonoma,097,501317,6794,6424,19,6443,91
2020-09-10,Stanislaus,099,539301,15971,15509,468,15977,243
2020-09-10,Sutter,101,95872,1567,1494,1,1495,11
2020-09-10,Tehama,103,63373,476,466,2,468,1
2020-09-10,Trinity,105,12862,36,15,5,20,0
2020-09-10,Tulare,107,460477,15413,14860,74,14934,250
2020-09-10,Tuolumne,109,53932,223,205,3,208,1
2020-09-10,Ventura,111,848112,12182,11600,117,11717,122
2020-09-10,Yolo,113,214977,2709,2612,6,2618,53
2020-09-10,Yuba,115,75493,1006,941,4,945,1
2020-09-09,Alameda,001,1643700,20166,19399,154,19553,289
2020-09-09,Alpine,003,1148,3,2,0,2,0
2020-09-09,Amador,005,37829,279,276,0,276,16
2020-09-09,Butte,007,227075,2738,2561,18,2579,37
2020-09-09,Calaveras,009,45235,301,242,0,242,1
2020-09-09,Colusa,011,21464,499,479,0,479,6
2020-09-09,Contra Costa,013,1133247,15766,14816,75,14891,171
2020-09-09,Del Norte,015,27424,121,109,0,109,1
2020-09-09,El Dorado,017,186661,1067,1020,0,1020,2
2020-09-09,Fresno,019,978130,29090,26724,323,27047,329
2020-09-09,Glenn,021,27897,532,508,0,508,3
2020-09-09,Humboldt,023,135768,462,420,1,421,4
2020-09-09,Imperial,025,180216,11500,10233,5,10238,268
2020-09-09,Inyo,027,18085,184,173,0,173,2
2020-09-09,Kern,029,883053,30853,29925,276,30201,355
2020-09-09,Kings,031,150075,7092,6721,37,6758,72
2020-09-09,Lake,033,64148,436,371,0,371,4
2020-09-09,Lassen,035,31185,729,714,2,716,0
2020-09-09,Los Angeles,037,10098052,253882,249876,1598,251474,6091
2020-09-09,Madera,039,155013,4227,3926,27,3953,43
2020-09-09,Marin,041,260295,6459,6321,15,6336,68
2020-09-09,Mariposa,043,17540,74,72,0,72,2
2020-09-09,Mendocino,045,87422,729,695,0,695,16
2020-09-09,Merced,047,269075,8557,8441,12,8453,107
2020-09-09,Modoc,049,8938,24,20,0,20,0
2020-09-09,Mono,051,14174,165,145,1,146,1
2020-09-09,Monterey,053,433212,8994,8527,21,8548,59
2020-09-09,Napa,055,140530,1586,1531,5,1536,11
2020-09-09,Nevada,057,99092,489,476,13,489,6
2020-09-09,Orange,059,3164182,52059,49394,1328,50722,1054
2020-09-09,Placer,061,380077,3371,3222,12,3234,36
2020-09-09,Plumas,063,18699,46,42,0,42,0
2020-09-09,Riverside,065,2383286,55658,54320,81,54401,1081
2020-09-09,Sacramento,067,1510023,20462,19474,11,19485,347
2020-09-09,San Benito,069,59416,1241,1199,0,1199,5
2020-09-09,San Bernardino,071,2135413,51148,49264,344,49608,866
2020-09-09,San Diego,073,3302833,43313,41326,665,41991,721
2020-09-09,San Francisco,075,870044,10424,9996,21,10017,86
2020-09-09,San Joaquin,077,732212,19408,18799,41,18840,388
2020-09-09,San Luis Obispo,079,281455,3322,3131,16,3147,24
2020-09-09,San Mateo,081,765935,9390,8478,6,8484,125
2020-09-09,Santa Barbara,083,443738,9165,8528,60,8588,97
2020-09-09,Santa Clara,085,1922200,20070,18759,25,18784,228
2020-09-09,Santa Cruz,087,273765,2112,1967,19,1986,7
2020-09-09,Shasta,089,179085,680,562,3,565,10
2020-09-09,Sierra,091,2930,6,6,0,6,0
2020-09-09,Siskiyou,093,43540,148,137,9,146,0
2020-09-09,Solano,095,438530,5884,5680,41,5721,36
2020-09-09,Sonoma,097,501317,6727,6397,19,6416,92
2020-09-09,Stanislaus,099,539301,15933,15469,455,15924,243
2020-09-09,Sutter,101,95872,1559,1487,1,1488,11
2020-09-09,Tehama,103,63373,473,462,2,464,1
2020-09-09,Trinity,105,12862,36,14,5,19,0
2020-09-09,Tulare,107,460477,15364,14787,69,14856,249
2020-09-09,Tuolumne,109,53932,222,204,3,207,1
2020-09-09,Ventura,111,848112,12094,11497,114,11611,121
2020-09-09,Yolo,113,214977,2698,2604,6,2610,53
2020-09-09,Yuba,115,75493,1001,936,4,940,1
2020-09-08,Alameda,001,1643700,20058,19293,154,19447,288
2020-09-08,Alpine,003,1148,3,2,0,2,0
2020-09-08,Amador,005,37829,279,276,0,276,16
2020-09-08,Butte,007,227075,2720,2453,18,2471,36
2020-09-08,Calaveras,009,45235,299,233,0,233,1
2020-09-08,Colusa,011,21464,497,475,0,475,6
2020-09-08,Contra Costa,013,1133247,15638,14740,72,14812,171
2020-09-08,Del Norte,015,27424,121,109,0,109,2
2020-09-08,El Dorado,017,186661,1064,1011,0,1011,2
2020-09-08,Fresno,019,978130,28971,26640,319,26959,329
2020-09-08,Glenn,021,27897,528,492,0,492,3
2020-09-08,Humboldt,023,135768,460,420,1,421,4
2020-09-08,Imperial,025,180216,11484,10198,5,10203,267
2020-09-08,Inyo,027,18085,184,169,0,169,2
2020-09-08,Kern,029,883053,30767,29850,274,30124,351
2020-09-08,Kings,031,150075,7054,6658,37,6695,72
2020-09-08,Lake,033,64148,426,370,0,370,4
2020-09-08,Lassen,035,31185,729,710,2,712,0
2020-09-08,Los Angeles,037,10098052,252947,249217,1570,250787,6034
2020-09-08,Madera,039,155013,4203,3904,27,3931,43
2020-09-08,Marin,041,260295,6428,6313,15,6328,68
2020-09-08,Mariposa,043,17540,74,72,0,72,2
2020-09-08,Mendocino,045,87422,722,690,0,690,16
2020-09-08,Merced,047,269075,8534,8381,12,8393,104
2020-09-08,Modoc,049,8938,24,20,0,20,0
2020-09-08,Mono,051,14174,165,145,1,146,1
2020-09-08,Monterey,053,433212,8909,8491,21,8512,59
2020-09-08,Napa,055,140530,1582,1518,5,1523,11
2020-09-08,Nevada,057,99092,489,470,13,483,6
2020-09-08,Orange,059,3164182,51918,49214,1324,50538,1044
2020-09-08,Placer,061,380077,3357,3205,12,3217,36
2020-09-08,Plumas,063,18699,46,42,0,42,0
2020-09-08,Riverside,065,2383286,55446,54168,78,54246,1069
2020-09-08,Sacramento,067,1510023,20227,19411,11,19422,347
2020-09-08,San Benito,069,59416,1234,1188,0,1188,5
2020-09-08,San Bernardino,071,2135413,50959,49034,343,49377,856
2020-09-08,San Diego,073,3302833,42997,41079,653,41732,709
2020-09-08,San Francisco,075,870044,10351,9821,21,9842,86
2020-09-08,San Joaquin,077,732212,19330,18550,41,18591,388
2020-09-08,San Luis Obispo,079,281455,3308,3120,16,3136,23
2020-09-08,San Mateo,081,765935,9314,8460,6,8466,125
2020-09-08,Santa Barbara,083,443738,9131,8488,59,8547,96
2020-09-08,Santa Clara,085,1922200,19893,18645,25,18670,228
2020-09-08,Santa Cruz,087,273765,2084,1903,19,1922,7
2020-09-08,Shasta,089,179085,672,556,3,559,10
2020-09-08,Sierra,091,2930,6,6,0,6,0
2020-09-08,Siskiyou,093,43540,146,136,9,145,0
2020-09-08,Solano,095,438530,5847,5654,41,5695,36
2020-09-08,Sonoma,097,501317,6658,6356,19,6375,92
2020-09-08,Stanislaus,099,539301,15869,15415,443,15858,238
2020-09-08,Sutter,101,95872,1544,1473,1,1474,11
2020-09-08,Tehama,103,63373,469,458,2,460,1
2020-09-08,Trinity,105,12862,35,13,5,18,0
2020-09-08,Tulare,107,460477,15284,14635,68,14703,249
2020-09-08,Tuolumne,109,53932,221,197,3,200,1
2020-09-08,Ventura,111,848112,12026,11475,111,11586,118
2020-09-08,Yolo,113,214977,2688,2580,6,2586,53
2020-09-08,Yuba,115,75493,989,923,4,927,1
2020-09-07,Alameda,001,1643700,19936,19188,149,19337,281
2020-09-07,Alpine,003,1148,3,2,0,2,0
2020-09-07,Amador,005,37829,279,276,0,276,16
2020-09-07,Butte,007,227075,2687,2450,17,2467,30
2020-09-07,Calaveras,009,45235,289,234,0,234,1
2020-09-07,Colusa,011,21464,496,475,0,475,6
2020-09-07,Contra Costa,013,1133247,15525,14637,69,14706,172
2020-09-07,Del Norte,015,27424,121,109,0,109,2
2020-09-07,El Dorado,017,186661,1053,1011,0,1011,2
2020-09-07,Fresno,019,978130,28877,26565,316,26881,329
2020-09-07,Glenn,021,27897,523,488,0,488,3
2020-09-07,Humboldt,023,135768,451,416,1,417,4
2020-09-07,Imperial,025,180216,11453,10199,5,10204,267
2020-09-07,Inyo,027,18085,184,169,0,169,2
2020-09-07,Kern,029,883053,30646,29790,269,30059,348
2020-09-07,Kings,031,150075,6930,6630,37,6667,72
2020-09-07,Lake,033,64148,403,367,0,367,2
2020-09-07,Lassen,035,31185,729,709,2,711,0
2020-09-07,Los Angeles,037,10098052,251901,248804,1548,250352,6030
2020-09-07,Madera,039,155013,4172,3889,27,3916,43
2020-09-07,Marin,041,260295,6398,6296,15,6311,67
2020-09-07,Mariposa,043,17540,74,72,0,72,2
2020-09-07,Mendocino,045,87422,714,687,0,687,16
2020-09-07,Merced,047,269075,8487,8381,12,8393,104
2020-09-07,Modoc,049,8938,23,20,0,20,0
2020-09-07,Mono,051,14174,165,145,1,146,1
2020-09-07,Monterey,053,433212,8830,8463,21,8484,57
2020-09-07,Napa,055,140530,1570,1514,5,1519,11
2020-09-07,Nevada,057,99092,487,469,13,482,6
2020-09-07,Orange,059,3164182,51747,49132,1320,50452,1042
2020-09-07,Placer,061,380077,3326,3188,11,3199,36
2020-09-07,Plumas,063,18699,45,42,0,42,0
2020-09-07,Riverside,065,2383286,55171,54178,72,54250,1069
2020-09-07,Sacramento,067,1510023,19984,19292,11,19303,345
2020-09-07,San Benito,069,59416,1228,1180,0,1180,4
2020-09-07,San Bernardino,071,2135413,50733,49043,341,49384,821
2020-09-07,San Diego,073,3302833,42597,40868,626,41494,708
2020-09-07,San Francisco,075,870044,10301,9813,20,9833,85
2020-09-07,San Joaquin,077,732212,19249,18552,39,18591,386
2020-09-07,San Luis Obispo,079,281455,3271,3116,16,3132,23
2020-09-07,San Mateo,081,765935,9232,8409,6,8415,125
2020-09-07,Santa Barbara,083,443738,9089,8479,59,8538,95
2020-09-07,Santa Clara,085,1922200,19735,18596,24,18620,226
2020-09-07,Santa Cruz,087,273765,2056,1902,19,1921,7
2020-09-07,Shasta,089,179085,662,556,3,559,10
2020-09-07,Sierra,091,2930,6,6,0,6,0
2020-09-07,Siskiyou,093,43540,145,133,9,142,0
2020-09-07,Solano,095,438530,5782,5640,41,5681,36
2020-09-07,Sonoma,097,501317,6591,6268,19,6287,85
2020-09-07,Stanislaus,099,539301,15804,15343,430,15773,236
2020-09-07,Sutter,101,95872,1527,1468,1,1469,11
2020-09-07,Tehama,103,63373,466,453,2,455,1
2020-09-07,Trinity,105,12862,35,13,5,18,0
2020-09-07,Tulare,107,460477,15178,14637,66,14703,249
2020-09-07,Tuolumne,109,53932,220,196,3,199,1
2020-09-07,Ventura,111,848112,11933,11463,109,11572,118
2020-09-07,Yolo,113,214977,2671,2565,5,2570,53
2020-09-07,Yuba,115,75493,973,923,3,926,1
2020-09-06,Alameda,001,1643700,19878,19029,147,19176,281
2020-09-06,Alpine,003,1148,3,2,0,2,0
2020-09-06,Amador,005,37829,277,275,0,275,16
2020-09-06,Butte,007,227075,2678,2446,17,2463,30
2020-09-06,Calaveras,009,45235,289,235,0,235,1
2020-09-06,Colusa,011,21464,492,475,0,475,6
2020-09-06,Contra Costa,013,1133247,15445,14565,68,14633,171
2020-09-06,Del Norte,015,27424,121,109,0,109,2
2020-09-06,El Dorado,017,186661,1051,1008,0,1008,2
2020-09-06,Fresno,019,978130,28813,26471,314,26785,329
2020-09-06,Glenn,021,27897,517,474,0,474,3
2020-09-06,Humboldt,023,135768,448,404,1,405,4
2020-09-06,Imperial,025,180216,11436,10152,5,10157,267
2020-09-06,Inyo,027,18085,184,169,0,169,2
2020-09-06,Kern,029,883053,30591,29699,265,29964,348
2020-09-06,Kings,031,150075,6910,6561,36,6597,72
2020-09-06,Lake,033,64148,400,362,0,362,2
2020-09-06,Lassen,035,31185,729,709,2,711,0
2020-09-06,Los Angeles,037,10098052,251273,248316,1532,249848,6004
2020-09-06,Madera,039,155013,4128,3867,27,3894,42
2020-09-06,Marin,041,260295,6386,6276,15,6291,67
2020-09-06,Mariposa,043,17540,74,72,0,72,2
2020-09-06,Mendocino,045,87422,713,672,0,672,16
2020-09-06,Merced,047,269075,8467,8327,12,8339,104
2020-09-06,Modoc,049,8938,23,20,0,20,0
2020-09-06,Mono,051,14174,164,145,1,146,1
2020-09-06,Monterey,053,433212,8791,8403,20,8423,56
2020-09-06,Napa,055,140530,1566,1501,3,1504,11
2020-09-06,Nevada,057,99092,487,467,13,480,6
2020-09-06,Orange,059,3164182,51634,48931,1315,50246,1042
2020-09-06,Placer,061,380077,3309,3169,11,3180,36
2020-09-06,Plumas,063,18699,44,42,0,42,0
2020-09-06,Riverside,065,2383286,55055,53970,70,54040,1069
2020-09-06,Sacramento,067,1510023,19889,19128,11,19139,340
2020-09-06,San Benito,069,59416,1226,1178,0,1178,4
2020-09-06,San Bernardino,071,2135413,50624,48923,341,49264,823
2020-09-06,San Diego,073,3302833,42349,40652,620,41272,707
2020-09-06,San Francisco,075,870044,10227,9813,20,9833,85
2020-09-06,San Joaquin,077,732212,19200,18558,39,18597,386
2020-09-06,San Luis Obispo,079,281455,3260,3101,16,3117,23
2020-09-06,San Mateo,081,765935,9179,8387,6,8393,125
2020-09-06,Santa Barbara,083,443738,9060,8434,59,8493,95
2020-09-06,Santa Clara,085,1922200,19634,18495,24,18519,207
2020-09-06,Santa Cruz,087,273765,2049,1902,19,1921,7
2020-09-06,Shasta,089,179085,656,550,3,553,10
2020-09-06,Sierra,091,2930,6,6,0,6,0
2020-09-06,Siskiyou,093,43540,145,132,9,141,0
2020-09-06,Solano,095,438530,5756,5619,41,5660,37
2020-09-06,Sonoma,097,501317,6562,6212,19,6231,85
2020-09-06,Stanislaus,099,539301,15761,15288,425,15713,236
2020-09-06,Sutter,101,95872,1514,1451,1,1452,11
2020-09-06,Tehama,103,63373,465,455,2,457,1
2020-09-06,Trinity,105,12862,34,13,5,18,0
2020-09-06,Tulare,107,460477,15135,14636,65,14701,249
2020-09-06,Tuolumne,109,53932,217,194,3,197,1
2020-09-06,Ventura,111,848112,11891,11315,108,11423,118
2020-09-06,Yolo,113,214977,2658,2556,5,2561,53
2020-09-06,Yuba,115,75493,965,913,3,916,1
2020-09-05,Alameda,001,1643700,19831,18973,145,19118,279
2020-09-05,Alpine,003,1148,3,2,0,2,0
2020-09-05,Amador,005,37829,277,274,0,274,16
2020-09-05,Butte,007,227075,2662,2406,16,2422,30
2020-09-05,Calaveras,009,45235,289,237,0,237,1
2020-09-05,Colusa,011,21464,488,472,0,472,6
2020-09-05,Contra Costa,013,1133247,15368,14456,66,14522,173
2020-09-05,Del Norte,015,27424,121,109,0,109,2
2020-09-05,El Dorado,017,186661,1051,1007,0,1007,2
2020-09-05,Fresno,019,978130,28745,26325,314,26639,331
2020-09-05,Glenn,021,27897,516,474,0,474,3
2020-09-05,Humboldt,023,135768,446,402,1,403,4
2020-09-05,Imperial,025,180216,11419,10151,5,10156,268
2020-09-05,Inyo,027,18085,184,169,0,169,2
2020-09-05,Kern,029,883053,30531,29645,261,29906,347
2020-09-05,Kings,031,150075,6901,6518,36,6554,66
2020-09-05,Lake,033,64148,397,359,0,359,2
2020-09-05,Lassen,035,31185,729,709,2,711,0
2020-09-05,Los Angeles,037,10098052,250739,247572,1519,249091,6001
2020-09-05,Madera,039,155013,4087,3851,27,3878,42
2020-09-05,Marin,041,260295,6379,6259,15,6274,66
2020-09-05,Mariposa,043,17540,74,72,0,72,2
2020-09-05,Mendocino,045,87422,712,658,0,658,16
2020-09-05,Merced,047,269075,8435,8297,10,8307,104
2020-09-05,Modoc,049,8938,23,19,0,19,0
2020-09-05,Mono,051,14174,164,145,1,146,1
2020-09-05,Monterey,053,433212,8761,8301,20,8321,56
2020-09-05,Napa,055,140530,1560,1484,3,1487,11
2020-09-05,Nevada,057,99092,484,461,13,474,6
2020-09-05,Orange,059,3164182,51532,48726,1310,50036,1039
2020-09-05,Placer,061,380077,3299,3141,11,3152,35
2020-09-05,Plumas,063,18699,44,42,0,42,0
2020-09-05,Riverside,065,2383286,54950,53780,70,53850,1066
2020-09-05,Sacramento,067,1510023,19799,18955,11,18966,339
2020-09-05,San Benito,069,59416,1224,1153,0,1153,4
2020-09-05,San Bernardino,071,2135413,50549,48800,340,49140,825
2020-09-05,San Diego,073,3302833,42157,40344,608,40952,717
2020-09-05,San Francisco,075,870044,10194,9812,19,9831,85
2020-09-05,San Joaquin,077,732212,19172,18557,39,18596,386
2020-09-05,San Luis Obispo,079,281455,3250,3083,16,3099,23
2020-09-05,San Mateo,081,765935,9134,8352,6,8358,124
2020-09-05,Santa Barbara,083,443738,9043,8404,59,8463,96
2020-09-05,Santa Clara,085,1922200,19549,18311,24,18335,207
2020-09-05,Santa Cruz,087,273765,2041,1904,19,1923,7
2020-09-05,Shasta,089,179085,655,544,3,547,10
2020-09-05,Sierra,091,2930,6,6,0,6,0
2020-09-05,Siskiyou,093,43540,144,131,9,140,0
2020-09-05,Solano,095,438530,5744,5579,41,5620,37
2020-09-05,Sonoma,097,501317,6529,6149,19,6168,85
2020-09-05,Stanislaus,099,539301,15713,15198,421,15619,236
2020-09-05,Sutter,101,95872,1507,1445,1,1446,11
2020-09-05,Tehama,103,63373,464,447,2,449,1
2020-09-05,Trinity,105,12862,34,13,5,18,0
2020-09-05,Tulare,107,460477,15079,14576,63,14639,249
2020-09-05,Tuolumne,109,53932,217,194,3,197,1
2020-09-05,Ventura,111,848112,11849,11254,108,11362,118
2020-09-05,Yolo,113,214977,2648,2534,5,2539,53
2020-09-05,Yuba,115,75493,959,902,3,905,1
2020-09-04,Alameda,001,1643700,19763,18843,143,18986,276
2020-09-04,Alpine,003,1148,3,2,0,2,0
2020-09-04,Amador,005,37829,276,274,0,274,16
2020-09-04,Butte,007,227075,2639,2325,16,2341,28
2020-09-04,Calaveras,009,45235,287,237,0,237,1
2020-09-04,Colusa,011,21464,486,467,0,467,6
2020-09-04,Contra Costa,013,1133247,15288,14355,65,14420,164
2020-09-04,Del Norte,015,27424,121,109,0,109,2
2020-09-04,El Dorado,017,186661,1047,992,0,992,2
2020-09-04,Fresno,019,978130,28640,26147,313,26460,321
2020-09-04,Glenn,021,27897,508,463,0,463,3
2020-09-04,Humboldt,023,135768,441,390,1,391,4
2020-09-04,Imperial,025,180216,11410,10136,5,10141,267
2020-09-04,Inyo,027,18085,184,169,0,169,2
2020-09-04,Kern,029,883053,30463,29526,258,29784,345
2020-09-04,Kings,031,150075,6888,6259,36,6295,66
2020-09-04,Lake,033,64148,397,347,0,347,2
2020-09-04,Lassen,035,31185,729,708,2,710,0
2020-09-04,Los Angeles,037,10098052,250167,246396,1498,247894,5977
2020-09-04,Madera,039,155013,4074,3838,27,3865,42
2020-09-04,Marin,041,260295,6367,6251,15,6266,66
2020-09-04,Mariposa,043,17540,74,72,0,72,2
2020-09-04,Mendocino,045,87422,710,646,0,646,16
2020-09-04,Merced,047,269075,8415,8214,10,8224,104
2020-09-04,Modoc,049,8938,23,15,0,15,0
2020-09-04,Mono,051,14174,164,145,1,146,1
2020-09-04,Monterey,053,433212,8716,8208,20,8228,56
2020-09-04,Napa,055,140530,1551,1475,3,1478,11
2020-09-04,Nevada,057,99092,481,455,13,468,6
2020-09-04,Orange,059,3164182,51408,48488,1303,49791,1031
2020-09-04,Placer,061,380077,3287,3101,11,3112,35
2020-09-04,Plumas,063,18699,44,42,0,42,0
2020-09-04,Riverside,065,2383286,54837,53606,65,53671,1066
2020-09-04,Sacramento,067,1510023,19711,18765,11,18776,337
2020-09-04,San Benito,069,59416,1215,1137,0,1137,4
2020-09-04,San Bernardino,071,2135413,50457,48497,338,48835,800
2020-09-04,San Diego,073,3302833,41927,39901,599,40500,701
2020-09-04,San Francisco,075,870044,10154,9694,18,9712,85
2020-09-04,San Joaquin,077,732212,19118,18438,39,18477,376
2020-09-04,San Luis Obispo,079,281455,3235,3049,15,3064,21
2020-09-04,San Mateo,081,765935,9090,8275,6,8281,122
2020-09-04,Santa Barbara,083,443738,9012,8340,59,8399,96
2020-09-04,Santa Clara,085,1922200,19441,18074,24,18098,209
2020-09-04,Santa Cruz,087,273765,2024,1896,18,1914,7
2020-09-04,Shasta,089,179085,652,536,3,539,10
2020-09-04,Sierra,091,2930,6,6,0,6,0
2020-09-04,Siskiyou,093,43540,144,129,9,138,0
2020-09-04,Solano,095,438530,5731,5552,41,5593,37
2020-09-04,Sonoma,097,501317,6464,6050,19,6069,85
2020-09-04,Stanislaus,099,539301,15678,15074,412,15486,233
2020-09-04,Sutter,101,95872,1491,1425,1,1426,11
2020-09-04,Tehama,103,63373,460,442,2,444,1
2020-09-04,Trinity,105,12862,34,13,5,18,0
2020-09-04,Tulare,107,460477,15051,14501,59,14560,247
2020-09-04,Tuolumne,109,53932,217,193,3,196,1
2020-09-04,Ventura,111,848112,11807,11171,108,11279,114
2020-09-04,Yolo,113,214977,2634,2495,5,2500,53
2020-09-04,Yuba,115,75493,954,884,3,887,1
2020-09-03,Alameda,001,1643700,19660,18687,143,18830,275
2020-09-03,Alpine,003,1148,3,2,0,2,0
2020-09-03,Amador,005,37829,276,274,0,274,16
2020-09-03,Butte,007,227075,2594,2274,16,2290,27
2020-09-03,Calaveras,009,45235,286,238,0,238,1
2020-09-03,Colusa,011,21464,484,464,0,464,6
2020-09-03,Contra Costa,013,1133247,15181,14206,62,14268,159
2020-09-03,Del Norte,015,27424,118,109,0,109,2
2020-09-03,El Dorado,017,186661,1043,983,0,983,2
2020-09-03,Fresno,019,978130,28522,25978,307,26285,313
2020-09-03,Glenn,021,27897,504,460,0,460,3
2020-09-03,Humboldt,023,135768,436,390,1,391,4
2020-09-03,Imperial,025,180216,11390,10083,5,10088,255
2020-09-03,Inyo,027,18085,182,171,0,171,3
2020-09-03,Kern,029,883053,30371,29426,243,29669,340
2020-09-03,Kings,031,150075,6808,6200,36,6236,64
2020-09-03,Lake,033,64148,388,347,0,347,2
2020-09-03,Lassen,035,31185,729,707,2,709,0
2020-09-03,Los Angeles,037,10098052,249291,245026,1476,246502,5931
2020-09-03,Madera,039,155013,4055,3780,27,3807,43
2020-09-03,Marin,041,260295,6348,6175,15,6190,66
2020-09-03,Mariposa,043,17540,74,71,0,71,2
2020-09-03,Mendocino,045,87422,701,638,0,638,16
2020-09-03,Merced,047,269075,8373,8136,10,8146,105
2020-09-03,Modoc,049,8938,23,14,0,14,0
2020-09-03,Mono,051,14174,163,144,1,145,1
2020-09-03,Monterey,053,433212,8662,8128,20,8148,56
2020-09-03,Napa,055,140530,1544,1466,3,1469,10
2020-09-03,Nevada,057,99092,478,453,13,466,6
2020-09-03,Orange,059,3164182,51221,48226,1287,49513,1009
2020-09-03,Placer,061,380077,3269,3069,11,3080,34
2020-09-03,Plumas,063,18699,44,39,0,39,0
2020-09-03,Riverside,065,2383286,54657,53341,61,53402,1052
2020-09-03,Sacramento,067,1510023,19583,18553,10,18563,328
2020-09-03,San Benito,069,59416,1204,1121,0,1121,4
2020-09-03,San Bernardino,071,2135413,50292,48165,337,48502,800
2020-09-03,San Diego,073,3302833,41613,39448,583,40031,700
2020-09-03,San Francisco,075,870044,10088,9636,16,9652,84
2020-09-03,San Joaquin,077,732212,19041,18331,39,18370,371
2020-09-03,San Luis Obispo,079,281455,3218,3023,15,3038,21
2020-09-03,San Mateo,081,765935,9016,8211,6,8217,122
2020-09-03,Santa Barbara,083,443738,8965,8277,59,8336,96
2020-09-03,Santa Clara,085,1922200,19262,17879,24,17903,208
2020-09-03,Santa Cruz,087,273765,2009,1870,18,1888,7
2020-09-03,Shasta,089,179085,647,535,3,538,10
2020-09-03,Sierra,091,2930,6,6,0,6,0
2020-09-03,Siskiyou,093,43540,144,128,9,137,0
2020-09-03,Solano,095,438530,5711,5499,40,5539,36
2020-09-03,Sonoma,097,501317,6402,5997,19,6016,62
2020-09-03,Stanislaus,099,539301,15626,14985,408,15393,217
2020-09-03,Sutter,101,95872,1481,1412,1,1413,11
2020-09-03,Tehama,103,63373,456,436,2,438,1
2020-09-03,Trinity,105,12862,32,13,5,18,0
2020-09-03,Tulare,107,460477,14985,14408,58,14466,244
2020-09-03,Tuolumne,109,53932,217,193,3,196,1
2020-09-03,Ventura,111,848112,11689,11109,105,11214,112
2020-09-03,Yolo,113,214977,2618,2475,5,2480,53
2020-09-03,Yuba,115,75493,947,867,3,870,1
2020-09-02,Alameda,001,1643700,19540,18522,140,18662,260
2020-09-02,Alpine,003,1148,3,2,0,2,0
2020-09-02,Amador,005,37829,276,245,0,245,14
2020-09-02,Butte,007,227075,2548,2241,16,2257,27
2020-09-02,Calaveras,009,45235,285,235,0,235,1
2020-09-02,Colusa,011,21464,480,460,0,460,6
2020-09-02,Contra Costa,013,1133247,15093,14097,59,14156,159
2020-09-02,Del Norte,015,27424,117,109,0,109,2
2020-09-02,El Dorado,017,186661,1039,975,0,975,2
2020-09-02,Fresno,019,978130,28375,25785,304,26089,292
2020-09-02,Glenn,021,27897,499,457,0,457,3
2020-09-02,Humboldt,023,135768,433,381,1,382,4
2020-09-02,Imperial,025,180216,11374,9832,5,9837,255
2020-09-02,Inyo,027,18085,182,171,0,171,3
2020-09-02,Kern,029,883053,30279,29288,237,29525,335
2020-09-02,Kings,031,150075,6723,6142,36,6178,64
2020-09-02,Lake,033,64148,384,342,0,342,2
2020-09-02,Lassen,035,31185,727,706,2,708,0
2020-09-02,Los Angeles,037,10098052,248348,243999,1449,245448,5887
2020-09-02,Madera,039,155013,4035,3735,27,3762,41
2020-09-02,Marin,041,260295,6333,6131,15,6146,66
2020-09-02,Mariposa,043,17540,74,71,0,71,2
2020-09-02,Mendocino,045,87422,691,636,0,636,15
2020-09-02,Merced,047,269075,8342,8097,9,8106,103
2020-09-02,Modoc,049,8938,22,11,0,11,0
2020-09-02,Mono,051,14174,163,145,1,146,1
2020-09-02,Monterey,053,433212,8598,8070,20,8090,56
2020-09-02,Napa,055,140530,1532,1454,3,1457,10
2020-09-02,Nevada,057,99092,472,452,12,464,6
2020-09-02,Orange,059,3164182,51039,47871,1277,49148,994
2020-09-02,Placer,061,380077,3244,3047,10,3057,33
2020-09-02,Plumas,063,18699,44,39,0,39,0
2020-09-02,Riverside,065,2383286,54455,52923,58,52981,1032
2020-09-02,Sacramento,067,1510023,19350,18355,10,18365,316
2020-09-02,San Benito,069,59416,1191,1107,0,1107,4
2020-09-02,San Bernardino,071,2135413,50129,47766,334,48100,794
2020-09-02,San Diego,073,3302833,41293,39123,569,39692,695
2020-09-02,San Francisco,075,870044,10019,9587,16,9603,84
2020-09-02,San Joaquin,077,732212,18960,18194,38,18232,352
2020-09-02,San Luis Obispo,079,281455,3192,3002,14,3016,21
2020-09-02,San Mateo,081,765935,8959,8148,6,8154,122
2020-09-02,Santa Barbara,083,443738,8910,8206,58,8264,94
2020-09-02,Santa Clara,085,1922200,19109,17673,24,17697,206
2020-09-02,Santa Cruz,087,273765,1986,1850,18,1868,7
2020-09-02,Shasta,089,179085,646,531,3,534,10
2020-09-02,Sierra,091,2930,6,6,0,6,0
2020-09-02,Siskiyou,093,43540,143,127,9,136,0
2020-09-02,Solano,095,438530,5683,5463,40,5503,36
2020-09-02,Sonoma,097,501317,6340,5846,19,5865,62
2020-09-02,Stanislaus,099,539301,15556,14854,401,15255,220
2020-09-02,Sutter,101,95872,1466,1401,1,1402,10
2020-09-02,Tehama,103,63373,453,429,2,431,1
2020-09-02,Trinity,105,12862,32,13,5,18,0
2020-09-02,Tulare,107,460477,14918,14298,57,14355,244
2020-09-02,Tuolumne,109,53932,217,190,3,193,1
2020-09-02,Ventura,111,848112,11602,11031,104,11135,111
2020-09-02,Yolo,113,214977,2597,2449,5,2454,54
2020-09-02,Yuba,115,75493,940,856,3,859,1
2020-09-01,Alameda,001,1643700,19400,18382,137,18519,248
2020-09-01,Alpine,003,1148,3,2,0,2,0
2020-09-01,Amador,005,37829,275,244,0,244,13
2020-09-01,Butte,007,227075,2491,2146,16,2162,26
2020-09-01,Calaveras,009,45235,277,228,0,228,1
2020-09-01,Colusa,011,21464,476,454,0,454,6
2020-09-01,Contra Costa,013,1133247,14999,13998,57,14055,158
2020-09-01,Del Norte,015,27424,116,108,0,108,2
2020-09-01,El Dorado,017,186661,1031,972,0,972,2
2020-09-01,Fresno,019,978130,28231,25542,300,25842,290
2020-09-01,Glenn,021,27897,492,449,0,449,3
2020-09-01,Humboldt,023,135768,427,378,1,379,4
2020-09-01,Imperial,025,180216,11348,9782,5,9787,250
2020-09-01,Inyo,027,18085,182,171,0,171,3
2020-09-01,Kern,029,883053,30188,29162,232,29394,332
2020-09-01,Kings,031,150075,6692,6088,36,6124,62
2020-09-01,Lake,033,64148,381,341,0,341,2
2020-09-01,Lassen,035,31185,724,706,2,708,0
2020-09-01,Los Angeles,037,10098052,247241,242633,1422,244055,5832
2020-09-01,Madera,039,155013,4006,3703,26,3729,41
2020-09-01,Marin,041,260295,6318,6102,15,6117,67
2020-09-01,Mariposa,043,17540,73,72,0,72,2
2020-09-01,Mendocino,045,87422,676,626,0,626,15
2020-09-01,Merced,047,269075,8289,8046,8,8054,103
2020-09-01,Modoc,049,8938,20,10,0,10,0
2020-09-01,Mono,051,14174,163,145,1,146,1
2020-09-01,Monterey,053,433212,8490,7926,20,7946,56
2020-09-01,Napa,055,140530,1517,1446,3,1449,10
2020-09-01,Nevada,057,99092,466,450,12,462,6
2020-09-01,Orange,059,3164182,50873,47671,1258,48929,976
2020-09-01,Placer,061,380077,3222,3013,10,3023,33
2020-09-01,Plumas,063,18699,44,39,0,39,0
2020-09-01,Riverside,065,2383286,54236,52785,57,52842,1027
2020-09-01,Sacramento,067,1510023,19166,18217,9,18226,305
2020-09-01,San Benito,069,59416,1179,1089,0,1089,4
2020-09-01,San Bernardino,071,2135413,49922,47371,333,47704,786
2020-09-01,San Diego,073,3302833,40935,38873,531,39404,688
2020-09-01,San Francisco,075,870044,9950,9492,16,9508,83
2020-09-01,San Joaquin,077,732212,18878,17915,37,17952,341
2020-09-01,San Luis Obispo,079,281455,3166,2970,14,2984,21
2020-09-01,San Mateo,081,765935,8879,8132,6,8138,122
2020-09-01,Santa Barbara,083,443738,8860,8142,57,8199,93
2020-09-01,Santa Clara,085,1922200,18932,17319,24,17343,204
2020-09-01,Santa Cruz,087,273765,1962,1752,18,1770,7
2020-09-01,Shasta,089,179085,638,527,3,530,9
2020-09-01,Sierra,091,2930,6,6,0,6,0
2020-09-01,Siskiyou,093,43540,140,128,8,136,0
2020-09-01,Solano,095,438530,5657,5438,40,5478,34
2020-09-01,Sonoma,097,501317,6250,5733,19,5752,60
2020-09-01,Stanislaus,099,539301,15481,14784,391,15175,212
2020-09-01,Sutter,101,95872,1455,1389,1,1390,10
2020-09-01,Tehama,103,63373,449,422,2,424,1
2020-09-01,Trinity,105,12862,32,13,5,18,0
2020-09-01,Tulare,107,460477,14836,14156,57,14213,241
2020-09-01,Tuolumne,109,53932,211,183,3,186,1
2020-09-01,Ventura,111,848112,11527,10899,98,10997,108
2020-09-01,Yolo,113,214977,2581,2440,5,2445,51
2020-09-01,Yuba,115,75493,931,841,3,844,1
2020-08-31,Alameda,001,1643700,19256,18148,137,18285,248
2020-08-31,Alpine,003,1148,3,2,0,2,0
2020-08-31,Amador,005,37829,275,243,0,243,13
2020-08-31,Butte,007,227075,2427,2069,16,2085,26
2020-08-31,Calaveras,009,45235,272,212,0,212,1
2020-08-31,Colusa,011,21464,475,443,0,443,6
2020-08-31,Contra Costa,013,1133247,14872,13902,54,13956,153
2020-08-31,Del Norte,015,27424,116,108,0,108,2
2020-08-31,El Dorado,017,186661,1024,965,0,965,2
2020-08-31,Fresno,019,978130,28011,25185,294,25479,290
2020-08-31,Glenn,021,27897,480,437,0,437,3
2020-08-31,Humboldt,023,135768,425,374,1,375,4
2020-08-31,Imperial,025,180216,11317,9759,5,9764,250
2020-08-31,Inyo,027,18085,181,160,0,160,3
2020-08-31,Kern,029,883053,30090,29067,231,29298,318
2020-08-31,Kings,031,150075,6424,6037,36,6073,62
2020-08-31,Lake,033,64148,365,341,0,341,2
2020-08-31,Lassen,035,31185,721,706,2,708,0
2020-08-31,Los Angeles,037,10098052,246127,241793,1394,243187,5787
2020-08-31,Madera,039,155013,3983,3662,25,3687,35
2020-08-31,Marin,041,260295,6282,6074,15,6089,67
2020-08-31,Mariposa,043,17540,73,69,0,69,2
2020-08-31,Mendocino,045,87422,664,618,0,618,15
2020-08-31,Merced,047,269075,8227,7991,8,7999,79
2020-08-31,Modoc,049,8938,18,10,0,10,0
2020-08-31,Mono,051,14174,163,145,1,146,1
2020-08-31,Monterey,053,433212,8383,7839,20,7859,56
2020-08-31,Napa,055,140530,1509,1434,3,1437,10
2020-08-31,Nevada,057,99092,464,447,12,459,6
2020-08-31,Orange,059,3164182,50675,47392,1229,48621,965
2020-08-31,Placer,061,380077,3173,2989,10,2999,33
2020-08-31,Plumas,063,18699,43,39,0,39,0
2020-08-31,Riverside,065,2383286,54016,52508,55,52563,1020
2020-08-31,Sacramento,067,1510023,18929,17999,9,18008,303
2020-08-31,San Benito,069,59416,1163,1080,0,1080,4
2020-08-31,San Bernardino,071,2135413,49711,47370,332,47702,755
2020-08-31,San Diego,073,3302833,40568,38606,498,39104,682
2020-08-31,San Francisco,075,870044,9871,9293,13,9306,83
2020-08-31,San Joaquin,077,732212,18791,17807,36,17843,338
2020-08-31,San Luis Obispo,079,281455,3143,2951,13,2964,21
2020-08-31,San Mateo,081,765935,8809,8065,6,8071,122
2020-08-31,Santa Barbara,083,443738,8813,8124,57,8181,94
2020-08-31,Santa Clara,085,1922200,18743,17211,24,17235,202
2020-08-31,Santa Cruz,087,273765,1937,1742,18,1760,7
2020-08-31,Shasta,089,179085,633,528,3,531,9
2020-08-31,Sierra,091,2930,6,6,0,6,0
2020-08-31,Siskiyou,093,43540,139,127,8,135,0
2020-08-31,Solano,095,438530,5625,5302,39,5341,34
2020-08-31,Sonoma,097,501317,6175,5650,19,5669,60
2020-08-31,Stanislaus,099,539301,15408,14685,381,15066,213
2020-08-31,Sutter,101,95872,1440,1365,1,1366,10
2020-08-31,Tehama,103,63373,446,421,2,423,1
2020-08-31,Trinity,105,12862,32,13,5,18,0
2020-08-31,Tulare,107,460477,14749,13985,56,14041,237
2020-08-31,Tuolumne,109,53932,211,178,3,181,1
2020-08-31,Ventura,111,848112,11444,10866,97,10963,108
2020-08-31,Yolo,113,214977,2563,2423,5,2428,51
2020-08-31,Yuba,115,75493,917,830,3,833,1
2020-08-30,Alameda,001,1643700,19131,18099,134,18233,248
2020-08-30,Alpine,003,1148,3,2,0,2,0
2020-08-30,Amador,005,37829,274,240,0,240,13
2020-08-30,Butte,007,227075,2347,1988,16,2004,26
2020-08-30,Calaveras,009,45235,263,211,0,211,1
2020-08-30,Colusa,011,21464,474,440,0,440,6
2020-08-30,Contra Costa,013,1133247,14733,13780,54,13834,150
2020-08-30,Del Norte,015,27424,115,108,0,108,2
2020-08-30,El Dorado,017,186661,1014,962,0,962,2
2020-08-30,Fresno,019,978130,27886,24963,293,25256,291
2020-08-30,Glenn,021,27897,473,437,0,437,3
2020-08-30,Humboldt,023,135768,414,362,1,363,4
2020-08-30,Imperial,025,180216,11298,9703,5,9708,250
2020-08-30,Inyo,027,18085,181,160,0,160,3
2020-08-30,Kern,029,883053,29997,28987,231,29218,317
2020-08-30,Kings,031,150075,6378,6000,36,6036,62
2020-08-30,Lake,033,64148,360,334,0,334,2
2020-08-30,Lassen,035,31185,719,706,2,708,0
2020-08-30,Los Angeles,037,10098052,244973,240775,1360,242135,5772
2020-08-30,Madera,039,155013,3954,3626,25,3651,33
2020-08-30,Marin,041,260295,6252,6060,15,6075,66
2020-08-30,Mariposa,043,17540,73,69,0,69,2
2020-08-30,Mendocino,045,87422,658,611,0,611,13
2020-08-30,Merced,047,269075,8152,7960,8,7968,79
2020-08-30,Modoc,049,8938,13,10,0,10,0
2020-08-30,Mono,051,14174,163,145,1,146,1
2020-08-30,Monterey,053,433212,8299,7816,20,7836,54
2020-08-30,Napa,055,140530,1497,1423,3,1426,10
2020-08-30,Nevada,057,99092,461,445,12,457,6
2020-08-30,Orange,059,3164182,50481,47283,1213,48496,965
2020-08-30,Placer,061,380077,3140,2961,10,2971,32
2020-08-30,Plumas,063,18699,42,39,0,39,0
2020-08-30,Riverside,065,2383286,53837,52227,53,52280,1017
2020-08-30,Sacramento,067,1510023,18751,17751,9,17760,300
2020-08-30,San Benito,069,59416,1153,1071,0,1071,4
2020-08-30,San Bernardino,071,2135413,49455,47201,331,47532,755
2020-08-30,San Diego,073,3302833,40170,38302,477,38779,682
2020-08-30,San Francisco,075,870044,9773,9294,10,9304,83
2020-08-30,San Joaquin,077,732212,18674,17637,35,17672,338
2020-08-30,San Luis Obispo,079,281455,3118,2934,13,2947,21
2020-08-30,San Mateo,081,765935,8732,8013,5,8018,122
2020-08-30,Santa Barbara,083,443738,8753,8088,57,8145,93
2020-08-30,Santa Clara,085,1922200,18567,17045,24,17069,202
2020-08-30,Santa Cruz,087,273765,1911,1743,18,1761,7
2020-08-30,Shasta,089,179085,630,525,3,528,9
2020-08-30,Sierra,091,2930,6,6,0,6,0
2020-08-30,Siskiyou,093,43540,137,125,8,133,0
2020-08-30,Solano,095,438530,5581,5303,39,5342,34
2020-08-30,Sonoma,097,501317,6117,5590,19,5609,60
2020-08-30,Stanislaus,099,539301,15337,14580,372,14952,209
2020-08-30,Sutter,101,95872,1418,1351,1,1352,10
2020-08-30,Tehama,103,63373,437,419,2,421,1
2020-08-30,Trinity,105,12862,32,13,5,18,0
2020-08-30,Tulare,107,460477,14654,13985,55,14040,236
2020-08-30,Tuolumne,109,53932,207,178,3,181,1
2020-08-30,Ventura,111,848112,11332,10775,92,10867,108
2020-08-30,Yolo,113,214977,2535,2391,4,2395,51
2020-08-30,Yuba,115,75493,903,832,3,835,1
2020-08-29,Alameda,001,1643700,19064,17888,134,18022,250
2020-08-29,Alpine,003,1148,3,2,0,2,0
2020-08-29,Amador,005,37829,274,239,0,239,13
2020-08-29,Butte,007,227075,2316,1948,16,1964,26
2020-08-29,Calaveras,009,45235,259,211,0,211,1
2020-08-29,Colusa,011,21464,471,440,0,440,6
2020-08-29,Contra Costa,013,1133247,14660,13663,53,13716,159
2020-08-29,Del Norte,015,27424,115,108,0,108,1
2020-08-29,El Dorado,017,186661,1011,958,0,958,2
2020-08-29,Fresno,019,978130,27831,24821,293,25114,291
2020-08-29,Glenn,021,27897,467,437,0,437,3
2020-08-29,Humboldt,023,135768,411,363,1,364,4
2020-08-29,Imperial,025,180216,11283,9698,5,9703,250
2020-08-29,Inyo,027,18085,181,160,0,160,3
2020-08-29,Kern,029,883053,29956,28947,230,29177,317
2020-08-29,Kings,031,150075,6363,5906,36,5942,62
2020-08-29,Lake,033,64148,359,329,0,329,2
2020-08-29,Lassen,035,31185,719,706,2,708,0
2020-08-29,Los Angeles,037,10098052,244321,239815,1347,241162,5762
2020-08-29,Madera,039,155013,3945,3605,24,3629,33
2020-08-29,Marin,041,260295,6240,6007,15,6022,64
2020-08-29,Mariposa,043,17540,73,69,0,69,2
2020-08-29,Mendocino,045,87422,653,596,0,596,13
2020-08-29,Merced,047,269075,8122,7867,8,7875,79
2020-08-29,Modoc,049,8938,13,9,0,9,0
2020-08-29,Mono,051,14174,163,145,1,146,1
2020-08-29,Monterey,053,433212,8254,7680,20,7700,53
2020-08-29,Napa,055,140530,1494,1413,3,1416,10
2020-08-29,Nevada,057,99092,461,442,12,454,5
2020-08-29,Orange,059,3164182,50375,47007,1202,48209,960
2020-08-29,Placer,061,380077,3123,2935,10,2945,32
2020-08-29,Plumas,063,18699,41,39,0,39,0
2020-08-29,Riverside,065,2383286,53726,51918,51,51969,1016
2020-08-29,Sacramento,067,1510023,18679,17588,9,17597,291
2020-08-29,San Benito,069,59416,1144,1045,0,1045,4
2020-08-29,San Bernardino,071,2135413,49340,46849,331,47180,755
2020-08-29,San Diego,073,3302833,39904,38049,459,38508,694
2020-08-29,San Francisco,075,870044,9745,9291,9,9300,83
2020-08-29,San Joaquin,077,732212,18630,17493,35,17528,335
2020-08-29,San Luis Obispo,079,281455,3094,2917,13,2930,21
2020-08-29,San Mateo,081,765935,8690,7928,5,7933,122
2020-08-29,Santa Barbara,083,443738,8727,8052,56,8108,93
2020-08-29,Santa Clara,085,1922200,18471,16898,23,16921,202
2020-08-29,Santa Cruz,087,273765,1899,1746,18,1764,7
2020-08-29,Shasta,089,179085,622,522,3,525,9
2020-08-29,Sierra,091,2930,6,6,0,6,0
2020-08-29,Siskiyou,093,43540,137,121,8,129,0
2020-08-29,Solano,095,438530,5560,5303,39,5342,34
2020-08-29,Sonoma,097,501317,6083,5537,19,5556,60
2020-08-29,Stanislaus,099,539301,15288,14479,362,14841,208
2020-08-29,Sutter,101,95872,1413,1333,1,1334,9
2020-08-29,Tehama,103,63373,436,417,2,419,1
2020-08-29,Trinity,105,12862,32,11,5,16,0
2020-08-29,Tulare,107,460477,14616,13890,54,13944,236
2020-08-29,Tuolumne,109,53932,207,178,3,181,1
2020-08-29,Ventura,111,848112,11292,10705,92,10797,108
2020-08-29,Yolo,113,214977,2517,2357,4,2361,51
2020-08-29,Yuba,115,75493,894,822,3,825,1
2020-08-28,Alameda,001,1643700,18981,17729,133,17862,237
2020-08-28,Alpine,003,1148,3,2,0,2,0
2020-08-28,Amador,005,37829,274,234,0,234,13
2020-08-28,Butte,007,227075,2286,1886,16,1902,25
2020-08-28,Calaveras,009,45235,257,207,0,207,1
2020-08-28,Colusa,011,21464,470,441,0,441,6
2020-08-28,Contra Costa,013,1133247,14589,13522,52,13574,158
2020-08-28,Del Norte,015,27424,115,107,0,107,1
2020-08-28,El Dorado,017,186661,1005,949,0,949,2
2020-08-28,Fresno,019,978130,27697,24612,293,24905,282
2020-08-28,Glenn,021,27897,460,429,0,429,3
2020-08-28,Humboldt,023,135768,407,362,1,363,4
2020-08-28,Imperial,025,180216,11269,9656,5,9661,241
2020-08-28,Inyo,027,18085,180,160,0,160,2
2020-08-28,Kern,029,883053,29908,28744,230,28974,306
2020-08-28,Kings,031,150075,6356,5829,35,5864,62
2020-08-28,Lake,033,64148,354,320,0,320,2
2020-08-28,Lassen,035,31185,719,704,2,706,0
2020-08-28,Los Angeles,037,10098052,243512,238544,1322,239866,5740
2020-08-28,Madera,039,155013,3926,3552,24,3576,33
2020-08-28,Marin,041,260295,6218,5991,15,6006,63
2020-08-28,Mariposa,043,17540,73,67,0,67,2
2020-08-28,Mendocino,045,87422,648,588,0,588,11
2020-08-28,Merced,047,269075,8092,7803,8,7811,77
2020-08-28,Modoc,049,8938,13,6,0,6,0
2020-08-28,Mono,051,14174,163,145,1,146,1
2020-08-28,Monterey,053,433212,8197,7591,20,7611,53
2020-08-28,Napa,055,140530,1486,1403,3,1406,10
2020-08-28,Nevada,057,99092,460,438,12,450,5
2020-08-28,Orange,059,3164182,50275,46696,1187,47883,942
2020-08-28,Placer,061,380077,3112,2891,10,2901,32
2020-08-28,Plumas,063,18699,41,39,0,39,0
2020-08-28,Riverside,065,2383286,53595,51510,48,51558,1008
2020-08-28,Sacramento,067,1510023,18582,17119,9,17128,283
2020-08-28,San Benito,069,59416,1128,1016,0,1016,3
2020-08-28,San Bernardino,071,2135413,49223,46553,327,46880,754
2020-08-28,San Diego,073,3302833,39674,37786,444,38230,676
2020-08-28,San Francisco,075,870044,9691,9135,9,9144,83
2020-08-28,San Joaquin,077,732212,18577,17114,34,17148,314
2020-08-28,San Luis Obispo,079,281455,3077,2849,13,2862,20
2020-08-28,San Mateo,081,765935,8643,7783,5,7788,121
2020-08-28,Santa Barbara,083,443738,8693,8001,56,8057,92
2020-08-28,Santa Clara,085,1922200,18340,16696,23,16719,201
2020-08-28,Santa Cruz,087,273765,1887,1747,18,1765,7
2020-08-28,Shasta,089,179085,618,516,3,519,9
2020-08-28,Sierra,091,2930,6,6,0,6,0
2020-08-28,Siskiyou,093,43540,135,119,8,127,0
2020-08-28,Solano,095,438530,5541,5219,39,5258,34
2020-08-28,Sonoma,097,501317,6048,5425,18,5443,58
2020-08-28,Stanislaus,099,539301,15246,14176,358,14534,190
2020-08-28,Sutter,101,95872,1403,1308,1,1309,9
2020-08-28,Tehama,103,63373,431,410,2,412,1
2020-08-28,Trinity,105,12862,32,11,5,16,0
2020-08-28,Tulare,107,460477,14570,13776,54,13830,236
2020-08-28,Tuolumne,109,53932,207,176,3,179,1
2020-08-28,Ventura,111,848112,11256,10606,90,10696,103
2020-08-28,Yolo,113,214977,2508,2323,4,2327,51
2020-08-28,Yuba,115,75493,885,810,3,813,1
2020-08-27,Alameda,001,1643700,18836,17584,130,17714,234
2020-08-27,Alpine,003,1148,3,2,0,2,0
2020-08-27,Amador,005,37829,273,233,0,233,13
2020-08-27,Butte,007,227075,2220,1803,15,1818,25
2020-08-27,Calaveras,009,45235,251,204,0,204,1
2020-08-27,Colusa,011,21464,468,438,0,438,6
2020-08-27,Contra Costa,013,1133247,14489,13379,51,13430,158
2020-08-27,Del Norte,015,27424,115,107,0,107,1
2020-08-27,El Dorado,017,186661,1001,942,0,942,2
2020-08-27,Fresno,019,978130,27516,24367,289,24656,272
2020-08-27,Glenn,021,27897,452,429,0,429,3
2020-08-27,Humboldt,023,135768,399,358,1,359,4
2020-08-27,Imperial,025,180216,11242,9608,5,9613,235
2020-08-27,Inyo,027,18085,180,157,0,157,2
2020-08-27,Kern,029,883053,29836,28635,221,28856,294
2020-08-27,Kings,031,150075,6334,5759,35,5794,62
2020-08-27,Lake,033,64148,352,314,0,314,2
2020-08-27,Lassen,035,31185,719,703,2,705,0
2020-08-27,Los Angeles,037,10098052,242508,237103,1304,238407,5704
2020-08-27,Madera,039,155013,3900,3465,24,3489,33
2020-08-27,Marin,041,260295,6194,5929,15,5944,62
2020-08-27,Mariposa,043,17540,73,67,0,67,2
2020-08-27,Mendocino,045,87422,639,581,0,581,10
2020-08-27,Merced,047,269075,8048,7765,8,7773,75
2020-08-27,Modoc,049,8938,11,5,0,5,0
2020-08-27,Mono,051,14174,163,145,1,146,1
2020-08-27,Monterey,053,433212,8103,7501,20,7521,52
2020-08-27,Napa,055,140530,1480,1397,3,1400,10
2020-08-27,Nevada,057,99092,457,435,12,447,5
2020-08-27,Orange,059,3164182,50118,46449,1177,47626,935
2020-08-27,Placer,061,380077,3081,2869,10,2879,32
2020-08-27,Plumas,063,18699,40,39,0,39,0
2020-08-27,Riverside,065,2383286,53388,51306,45,51351,999
2020-08-27,Sacramento,067,1510023,18384,16875,9,16884,281
2020-08-27,San Benito,069,59416,1112,987,0,987,3
2020-08-27,San Bernardino,071,2135413,48997,46345,320,46665,751
2020-08-27,San Diego,073,3302833,39403,37501,424,37925,673
2020-08-27,San Francisco,075,870044,9625,9014,9,9023,83
2020-08-27,San Joaquin,077,732212,18497,16989,34,17023,314
2020-08-27,San Luis Obispo,079,281455,3052,2808,13,2821,20
2020-08-27,San Mateo,081,765935,8534,7728,5,7733,121
2020-08-27,Santa Barbara,083,443738,8655,7934,56,7990,92
2020-08-27,Santa Clara,085,1922200,18156,16495,23,16518,199
2020-08-27,Santa Cruz,087,273765,1870,1734,18,1752,7
2020-08-27,Shasta,089,179085,612,512,3,515,9
2020-08-27,Sierra,091,2930,6,6,0,6,0
2020-08-27,Siskiyou,093,43540,135,118,8,126,0
2020-08-27,Solano,095,438530,5503,5167,39,5206,34
2020-08-27,Sonoma,097,501317,5936,5357,18,5375,58
2020-08-27,Stanislaus,099,539301,15166,14080,354,14434,186
2020-08-27,Sutter,101,95872,1383,1296,1,1297,9
2020-08-27,Tehama,103,63373,427,398,2,400,1
2020-08-27,Trinity,105,12862,32,11,5,16,0
2020-08-27,Tulare,107,460477,14478,13666,53,13719,231
2020-08-27,Tuolumne,109,53932,202,174,3,177,1
2020-08-27,Ventura,111,848112,11193,10483,86,10569,102
2020-08-27,Yolo,113,214977,2484,2293,4,2297,51
2020-08-27,Yuba,115,75493,874,807,3,810,1
2020-08-26,Alameda,001,1643700,18675,17373,130,17503,233
2020-08-26,Alpine,003,1148,3,2,0,2,0
2020-08-26,Amador,005,37829,273,229,0,229,13
2020-08-26,Butte,007,227075,2153,1765,13,1778,25
2020-08-26,Calaveras,009,45235,243,201,0,201,1
2020-08-26,Colusa,011,21464,462,433,0,433,5
2020-08-26,Contra Costa,013,1133247,14351,13248,51,13299,157
2020-08-26,Del Norte,015,27424,114,86,0,86,1
2020-08-26,El Dorado,017,186661,999,938,0,938,2
2020-08-26,Fresno,019,978130,27368,24071,287,24358,255
2020-08-26,Glenn,021,27897,450,429,0,429,3
2020-08-26,Humboldt,023,135768,387,357,1,358,4
2020-08-26,Imperial,025,180216,11220,9453,5,9458,227
2020-08-26,Inyo,027,18085,177,157,0,157,2
2020-08-26,Kern,029,883053,29698,28507,217,28724,286
2020-08-26,Kings,031,150075,6314,5720,35,5755,62
2020-08-26,Lake,033,64148,348,308,0,308,2
2020-08-26,Lassen,035,31185,719,702,2,704,0
2020-08-26,Los Angeles,037,10098052,241474,235499,1271,236770,5665
2020-08-26,Madera,039,155013,3871,3458,24,3482,32
2020-08-26,Marin,041,260295,6177,5887,15,5902,56
2020-08-26,Mariposa,043,17540,73,68,0,68,2
2020-08-26,Mendocino,045,87422,628,581,0,581,10
2020-08-26,Merced,047,269075,8015,7720,8,7728,74
2020-08-26,Modoc,049,8938,8,5,0,5,0
2020-08-26,Mono,051,14174,163,141,1,142,1
2020-08-26,Monterey,053,433212,8010,7439,20,7459,51
2020-08-26,Napa,055,140530,1467,1382,3,1385,10
2020-08-26,Nevada,057,99092,454,432,12,444,2
2020-08-26,Orange,059,3164182,49934,46157,1162,47319,905
2020-08-26,Placer,061,380077,3059,2846,8,2854,32
2020-08-26,Plumas,063,18699,39,39,0,39,0
2020-08-26,Riverside,065,2383286,53146,51138,45,51183,987
2020-08-26,Sacramento,067,1510023,18221,16708,9,16717,271
2020-08-26,San Benito,069,59416,1097,978,0,978,3
2020-08-26,San Bernardino,071,2135413,48788,45840,316,46156,743
2020-08-26,San Diego,073,3302833,39065,37224,397,37621,668
2020-08-26,San Francisco,075,870044,9550,8938,9,8947,81
2020-08-26,San Joaquin,077,732212,18408,16845,33,16878,309
2020-08-26,San Luis Obispo,079,281455,3024,2761,13,2774,20
2020-08-26,San Mateo,081,765935,8467,7655,5,7660,121
2020-08-26,Santa Barbara,083,443738,8622,7904,56,7960,90
2020-08-26,Santa Clara,085,1922200,17979,16283,23,16306,198
2020-08-26,Santa Cruz,087,273765,1859,1726,18,1744,7
2020-08-26,Shasta,089,179085,607,511,3,514,9
2020-08-26,Sierra,091,2930,6,6,0,6,0
2020-08-26,Siskiyou,093,43540,132,109,8,117,0
2020-08-26,Solano,095,438530,5479,5131,38,5169,34
2020-08-26,Sonoma,097,501317,5862,5283,18,5301,58
2020-08-26,Stanislaus,099,539301,15089,13964,348,14312,186
2020-08-26,Sutter,101,95872,1365,1275,1,1276,9
2020-08-26,Tehama,103,63373,424,396,2,398,1
2020-08-26,Trinity,105,12862,31,10,5,15,0
2020-08-26,Tulare,107,460477,14411,13568,53,13621,232
2020-08-26,Tuolumne,109,53932,201,172,3,175,1
2020-08-26,Ventura,111,848112,11122,10412,79,10491,100
2020-08-26,Yolo,113,214977,2461,2279,4,2283,49
2020-08-26,Yuba,115,75493,859,779,3,782,1
2020-08-25,Alameda,001,1643700,18518,17278,130,17408,232
2020-08-25,Alpine,003,1148,3,2,0,2,0
2020-08-25,Amador,005,37829,273,227,0,227,13
2020-08-25,Butte,007,227075,2086,1718,13,1731,24
2020-08-25,Calaveras,009,45235,241,196,0,196,1
2020-08-25,Colusa,011,21464,455,430,0,430,5
2020-08-25,Contra Costa,013,1133247,14213,13181,50,13231,156
2020-08-25,Del Norte,015,27424,113,83,0,83,1
2020-08-25,El Dorado,017,186661,996,928,0,928,2
2020-08-25,Fresno,019,978130,27179,23932,286,24218,250
2020-08-25,Glenn,021,27897,447,429,0,429,3
2020-08-25,Humboldt,023,135768,382,342,1,343,4
2020-08-25,Imperial,025,180216,11192,9381,5,9386,217
2020-08-25,Inyo,027,18085,175,144,0,144,1
2020-08-25,Kern,029,883053,29561,28416,217,28633,285
2020-08-25,Kings,031,150075,6157,5702,35,5737,59
2020-08-25,Lake,033,64148,343,304,0,304,2
2020-08-25,Lassen,035,31185,718,692,2,694,0
2020-08-25,Los Angeles,037,10098052,240149,233961,1218,235179,5612
2020-08-25,Madera,039,155013,3856,3446,23,3469,32
2020-08-25,Marin,041,260295,6139,5860,15,5875,56
2020-08-25,Mariposa,043,17540,73,67,0,67,2
2020-08-25,Mendocino,045,87422,620,571,0,571,10
2020-08-25,Merced,047,269075,7948,7693,7,7700,69
2020-08-25,Modoc,049,8938,8,5,0,5,0
2020-08-25,Mono,051,14174,163,129,1,130,1
2020-08-25,Monterey,053,433212,7930,7333,20,7353,51
2020-08-25,Napa,055,140530,1460,1374,3,1377,10
2020-08-25,Nevada,057,99092,451,430,12,442,2
2020-08-25,Orange,059,3164182,49740,45737,1145,46882,902
2020-08-25,Placer,061,380077,3040,2829,5,2834,31
2020-08-25,Plumas,063,18699,39,39,0,39,0
2020-08-25,Riverside,065,2383286,52917,50889,45,50934,981
2020-08-25,Sacramento,067,1510023,18068,16601,9,16610,265
2020-08-25,San Benito,069,59416,1081,973,0,973,3
2020-08-25,San Bernardino,071,2135413,48553,45544,313,45857,727
2020-08-25,San Diego,073,3302833,38786,36996,375,37371,665
2020-08-25,San Francisco,075,870044,9473,8848,9,8857,81
2020-08-25,San Joaquin,077,732212,18281,16795,33,16828,306
2020-08-25,San Luis Obispo,079,281455,2966,2731,12,2743,20
2020-08-25,San Mateo,081,765935,8407,7636,5,7641,120
2020-08-25,Santa Barbara,083,443738,8570,7854,56,7910,90
2020-08-25,Santa Clara,085,1922200,17807,16199,23,16222,194
2020-08-25,Santa Cruz,087,273765,1840,1708,18,1726,7
2020-08-25,Shasta,089,179085,603,511,3,514,9
2020-08-25,Sierra,091,2930,6,6,0,6,0
2020-08-25,Siskiyou,093,43540,131,109,8,117,0
2020-08-25,Solano,095,438530,5418,5114,38,5152,34
2020-08-25,Sonoma,097,501317,5777,5148,18,5166,56
2020-08-25,Stanislaus,099,539301,14981,13886,337,14223,182
2020-08-25,Sutter,101,95872,1348,1259,1,1260,9
2020-08-25,Tehama,103,63373,421,394,2,396,1
2020-08-25,Trinity,105,12862,29,10,5,15,0
2020-08-25,Tulare,107,460477,14308,13514,52,13566,224
2020-08-25,Tuolumne,109,53932,199,172,3,175,1
2020-08-25,Ventura,111,848112,11037,10313,74,10387,99
2020-08-25,Yolo,113,214977,2448,2254,4,2258,50
2020-08-25,Yuba,115,75493,849,775,3,778,1
2020-08-24,Alameda,001,1643700,18324,16913,129,17042,231
2020-08-24,Alpine,003,1148,3,2,0,2,0
2020-08-24,Amador,005,37829,271,227,0,227,13
2020-08-24,Butte,007,227075,2002,1649,13,1662,23
2020-08-24,Calaveras,009,45235,231,187,0,187,1
2020-08-24,Colusa,011,21464,451,425,0,425,5
2020-08-24,Contra Costa,013,1133247,14098,12906,48,12954,153
2020-08-24,Del Norte,015,27424,113,80,0,80,1
2020-08-24,El Dorado,017,186661,988,908,0,908,2
2020-08-24,Fresno,019,978130,26992,23618,279,23897,235
2020-08-24,Glenn,021,27897,445,421,0,421,2
2020-08-24,Humboldt,023,135768,378,340,1,341,4
2020-08-24,Imperial,025,180216,11158,9323,5,9328,210
2020-08-24,Inyo,027,18085,171,144,0,144,2
2020-08-24,Kern,029,883053,29464,28157,211,28368,277
2020-08-24,Kings,031,150075,6069,5652,35,5687,60
2020-08-24,Lake,033,64148,329,302,0,302,2
2020-08-24,Lassen,035,31185,718,693,2,695,0
2020-08-24,Los Angeles,037,10098052,238786,233036,1196,234232,5562
2020-08-24,Madera,039,155013,3829,3418,23,3441,32
2020-08-24,Marin,041,260295,6076,5834,15,5849,56
2020-08-24,Mariposa,043,17540,71,66,0,66,2
2020-08-24,Mendocino,045,87422,605,550,0,550,10
2020-08-24,Merced,047,269075,7870,7605,7,7612,69
2020-08-24,Modoc,049,8938,8,5,0,5,0
2020-08-24,Mono,051,14174,163,129,1,130,1
2020-08-24,Monterey,053,433212,7821,7212,19,7231,50
2020-08-24,Napa,055,140530,1447,1358,3,1361,10
2020-08-24,Nevada,057,99092,446,423,12,435,2
2020-08-24,Orange,059,3164182,49549,45536,1134,46670,887
2020-08-24,Placer,061,380077,2994,2793,5,2798,31
2020-08-24,Plumas,063,18699,39,37,0,37,0
2020-08-24,Riverside,065,2383286,52640,50496,45,50541,975
2020-08-24,Sacramento,067,1510023,17871,16318,9,16327,249
2020-08-24,San Benito,069,59416,1060,961,0,961,3
2020-08-24,San Bernardino,071,2135413,48289,45199,311,45510,720
2020-08-24,San Diego,073,3302833,38498,36729,347,37076,660
2020-08-24,San Francisco,075,870044,9390,8621,9,8630,81
2020-08-24,San Joaquin,077,732212,18140,16565,32,16597,305
2020-08-24,San Luis Obispo,079,281455,2938,2705,12,2717,20
2020-08-24,San Mateo,081,765935,8340,7502,5,7507,120
2020-08-24,Santa Barbara,083,443738,8529,7784,56,7840,90
2020-08-24,Santa Clara,085,1922200,17603,16049,23,16072,192
2020-08-24,Santa Cruz,087,273765,1820,1627,17,1644,6
2020-08-24,Shasta,089,179085,601,505,3,508,9
2020-08-24,Sierra,091,2930,6,6,0,6,0
2020-08-24,Siskiyou,093,43540,127,107,8,115,0
2020-08-24,Solano,095,438530,5369,4979,36,5015,32
2020-08-24,Sonoma,097,501317,5675,5071,18,5089,56
2020-08-24,Stanislaus,099,539301,14883,13521,322,13843,171
2020-08-24,Sutter,101,95872,1329,1219,1,1220,9
2020-08-24,Tehama,103,63373,416,388,2,390,1
2020-08-24,Trinity,105,12862,29,10,5,15,0
2020-08-24,Tulare,107,460477,14201,13360,51,13411,223
2020-08-24,Tuolumne,109,53932,198,170,3,173,1
2020-08-24,Ventura,111,848112,10957,10261,71,10332,99
2020-08-24,Yolo,113,214977,2413,2239,4,2243,47
2020-08-24,Yuba,115,75493,832,750,3,753,1
2020-08-23,Alameda,001,1643700,18101,16786,129,16915,231
2020-08-23,Alpine,003,1148,3,2,0,2,0
2020-08-23,Amador,005,37829,268,227,0,227,13
2020-08-23,Butte,007,227075,1888,1637,13,1650,23
2020-08-23,Calaveras,009,45235,221,187,0,187,1
2020-08-23,Colusa,011,21464,444,424,0,424,5
2020-08-23,Contra Costa,013,1133247,13938,12642,48,12690,153
2020-08-23,Del Norte,015,27424,113,80,0,80,1
2020-08-23,El Dorado,017,186661,975,901,0,901,2
2020-08-23,Fresno,019,978130,26790,23414,274,23688,235
2020-08-23,Glenn,021,27897,438,421,0,421,2
2020-08-23,Humboldt,023,135768,376,341,1,342,4
2020-08-23,Imperial,025,180216,11130,9243,5,9248,210
2020-08-23,Inyo,027,18085,168,144,0,144,2
2020-08-23,Kern,029,883053,29315,28028,206,28234,277
2020-08-23,Kings,031,150075,6027,5628,35,5663,60
2020-08-23,Lake,033,64148,325,299,0,299,2
2020-08-23,Lassen,035,31185,717,693,2,695,0
2020-08-23,Los Angeles,037,10098052,237187,231833,1119,232952,5549
2020-08-23,Madera,039,155013,3797,3401,22,3423,32
2020-08-23,Marin,041,260295,6037,5807,14,5821,50
2020-08-23,Mariposa,043,17540,71,66,0,66,2
2020-08-23,Mendocino,045,87422,601,550,0,550,10
2020-08-23,Merced,047,269075,7801,7574,6,7580,69
2020-08-23,Modoc,049,8938,7,5,0,5,0
2020-08-23,Mono,051,14174,163,129,1,130,1
2020-08-23,Monterey,053,433212,7731,7173,19,7192,50
2020-08-23,Napa,055,140530,1435,1348,3,1351,10
2020-08-23,Nevada,057,99092,441,421,12,433,2
2020-08-23,Orange,059,3164182,49312,45267,1121,46388,887
2020-08-23,Placer,061,380077,2955,2772,5,2777,31
2020-08-23,Plumas,063,18699,39,37,0,37,0
2020-08-23,Riverside,065,2383286,52371,50293,43,50336,955
2020-08-23,Sacramento,067,1510023,17647,16084,8,16092,243
2020-08-23,San Benito,069,59416,1047,938,0,938,3
2020-08-23,San Bernardino,071,2135413,48020,45010,301,45311,719
2020-08-23,San Diego,073,3302833,38177,36542,320,36862,660
2020-08-23,San Francisco,075,870044,9295,8564,8,8572,80
2020-08-23,San Joaquin,077,732212,18007,16069,31,16100,305
2020-08-23,San Luis Obispo,079,281455,2896,2679,12,2691,20
2020-08-23,San Mateo,081,765935,8245,7450,5,7455,120
2020-08-23,Santa Barbara,083,443738,8461,7725,56,7781,90
2020-08-23,Santa Clara,085,1922200,17409,15912,21,15933,191
2020-08-23,Santa Cruz,087,273765,1794,1627,17,1644,6
2020-08-23,Shasta,089,179085,596,501,3,504,9
2020-08-23,Sierra,091,2930,6,6,0,6,0
2020-08-23,Siskiyou,093,43540,122,107,8,115,0
2020-08-23,Solano,095,438530,5311,4977,34,5011,32
2020-08-23,Sonoma,097,501317,5587,5018,18,5036,56
2020-08-23,Stanislaus,099,539301,14749,13483,298,13781,171
2020-08-23,Sutter,101,95872,1307,1203,1,1204,9
2020-08-23,Tehama,103,63373,406,381,2,383,1
2020-08-23,Trinity,105,12862,29,10,5,15,0
2020-08-23,Tulare,107,460477,14071,13303,47,13350,223
2020-08-23,Tuolumne,109,53932,194,164,3,167,1
2020-08-23,Ventura,111,848112,10857,10126,66,10192,99
2020-08-23,Yolo,113,214977,2385,2210,4,2214,47
2020-08-23,Yuba,115,75493,811,750,3,753,1
2020-08-22,Alameda,001,1643700,18007,16648,128,16776,231
2020-08-22,Alpine,003,1148,3,2,0,2,0
2020-08-22,Amador,005,37829,267,224,0,224,13
2020-08-22,Butte,007,227075,1837,1618,13,1631,22
2020-08-22,Calaveras,009,45235,218,187,0,187,1
2020-08-22,Colusa,011,21464,440,419,0,419,5
2020-08-22,Contra Costa,013,1133247,13851,12522,48,12570,153
2020-08-22,Del Norte,015,27424,112,80,0,80,1
2020-08-22,El Dorado,017,186661,973,900,0,900,2
2020-08-22,Fresno,019,978130,26693,23197,273,23470,235
2020-08-22,Glenn,021,27897,437,421,0,421,2
2020-08-22,Humboldt,023,135768,366,334,1,335,4
2020-08-22,Imperial,025,180216,11122,9244,5,9249,210
2020-08-22,Inyo,027,18085,168,144,0,144,1
2020-08-22,Kern,029,883053,29261,27807,206,28013,277
2020-08-22,Kings,031,150075,6018,5447,35,5482,60
2020-08-22,Lake,033,64148,323,291,0,291,2
2020-08-22,Lassen,035,31185,717,693,2,695,0
2020-08-22,Los Angeles,037,10098052,236530,230858,1100,231958,5540
2020-08-22,Madera,039,155013,3778,3330,22,3352,32
2020-08-22,Marin,041,260295,6025,5789,14,5803,49
2020-08-22,Mariposa,043,17540,71,66,0,66,2
2020-08-22,Mendocino,045,87422,598,529,0,529,10
2020-08-22,Merced,047,269075,7773,7493,6,7499,69
2020-08-22,Modoc,049,8938,7,5,0,5,0
2020-08-22,Mono,051,14174,163,129,1,130,1
2020-08-22,Monterey,053,433212,7683,7081,19,7100,50
2020-08-22,Napa,055,140530,1430,1328,3,1331,11
2020-08-22,Nevada,057,99092,441,411,12,423,2
2020-08-22,Orange,059,3164182,49170,45131,1115,46246,885
2020-08-22,Placer,061,380077,2941,2734,5,2739,30
2020-08-22,Plumas,063,18699,39,37,0,37,0
2020-08-22,Riverside,065,2383286,52222,49944,42,49986,953
2020-08-22,Sacramento,067,1510023,17535,15516,8,15524,239
2020-08-22,San Benito,069,59416,1031,912,0,912,3
2020-08-22,San Bernardino,071,2135413,47891,44803,296,45099,719
2020-08-22,San Diego,073,3302833,37995,36205,309,36514,673
2020-08-22,San Francisco,075,870044,9235,8568,8,8576,80
2020-08-22,San Joaquin,077,732212,17951,16068,31,16099,305
2020-08-22,San Luis Obispo,079,281455,2871,2660,12,2672,20
2020-08-22,San Mateo,081,765935,8198,7361,5,7366,120
2020-08-22,Santa Barbara,083,443738,8435,7685,56,7741,90
2020-08-22,Santa Clara,085,1922200,17302,15590,21,15611,190
2020-08-22,Santa Cruz,087,273765,1778,1628,16,1644,6
2020-08-22,Shasta,089,179085,594,493,3,496,9
2020-08-22,Sierra,091,2930,6,6,0,6,0
2020-08-22,Siskiyou,093,43540,122,106,8,114,0
2020-08-22,Solano,095,438530,5281,4944,33,4977,32
2020-08-22,Sonoma,097,501317,5541,4891,18,4909,57
2020-08-22,Stanislaus,099,539301,14701,13380,279,13659,170
2020-08-22,Sutter,101,95872,1300,1189,1,1190,8
2020-08-22,Tehama,103,63373,405,368,2,370,1
2020-08-22,Trinity,105,12862,29,8,5,13,0
2020-08-22,Tulare,107,460477,14004,13196,47,13243,222
2020-08-22,Tuolumne,109,53932,192,162,3,165,1
2020-08-22,Ventura,111,848112,10802,9959,64,10023,99
2020-08-22,Yolo,113,214977,2369,2188,4,2192,47
2020-08-22,Yuba,115,75493,799,738,3,741,1
2020-08-21,Alameda,001,1643700,17916,16413,128,16541,232
2020-08-21,Alpine,003,1148,3,2,0,2,0
2020-08-21,Amador,005,37829,266,223,0,223,11
2020-08-21,Butte,007,227075,1798,1582,13,1595,19
2020-08-21,Calaveras,009,45235,218,182,0,182,1
2020-08-21,Colusa,011,21464,438,418,0,418,5
2020-08-21,Contra Costa,013,1133247,13761,12333,47,12380,149
2020-08-21,Del Norte,015,27424,112,78,0,78,1
2020-08-21,El Dorado,017,186661,969,885,0,885,2
2020-08-21,Fresno,019,978130,26523,22840,272,23112,232
2020-08-21,Glenn,021,27897,433,418,0,418,2
2020-08-21,Humboldt,023,135768,363,331,1,332,4
2020-08-21,Imperial,025,180216,11106,9166,5,9171,204
2020-08-21,Inyo,027,18085,168,144,0,144,1
2020-08-21,Kern,029,883053,29202,27567,204,27771,269
2020-08-21,Kings,031,150075,5996,5391,35,5426,60
2020-08-21,Lake,033,64148,321,281,0,281,2
2020-08-21,Lassen,035,31185,717,693,2,695,0
2020-08-21,Los Angeles,037,10098052,235654,229235,1078,230313,5494
2020-08-21,Madera,039,155013,3748,3271,22,3293,31
2020-08-21,Marin,041,260295,6005,5762,14,5776,49
2020-08-21,Mariposa,043,17540,71,66,0,66,2
2020-08-21,Mendocino,045,87422,588,505,0,505,10
2020-08-21,Merced,047,269075,7744,7357,6,7363,69
2020-08-21,Modoc,049,8938,7,5,0,5,0
2020-08-21,Mono,051,14174,163,128,1,129,1
2020-08-21,Monterey,053,433212,7611,6974,19,6993,49
2020-08-21,Napa,055,140530,1421,1317,3,1320,10
2020-08-21,Nevada,057,99092,440,406,12,418,2
2020-08-21,Orange,059,3164182,49029,44625,1106,45731,875
2020-08-21,Placer,061,380077,2925,2698,4,2702,30
2020-08-21,Plumas,063,18699,39,36,0,36,0
2020-08-21,Riverside,065,2383286,52029,49409,42,49451,932
2020-08-21,Sacramento,067,1510023,17412,15247,8,15255,237
2020-08-21,San Benito,069,59416,1021,891,0,891,3
2020-08-21,San Bernardino,071,2135413,47771,44249,292,44541,668
2020-08-21,San Diego,073,3302833,37791,35914,292,36206,652
2020-08-21,San Francisco,075,870044,9185,8375,8,8383,80
2020-08-21,San Joaquin,077,732212,17868,15888,29,15917,301
2020-08-21,San Luis Obispo,079,281455,2848,2640,12,2652,19
2020-08-21,San Mateo,081,765935,8139,7253,5,7258,120
2020-08-21,Santa Barbara,083,443738,8394,7645,56,7701,86
2020-08-21,Santa Clara,085,1922200,17150,15399,21,15420,190
2020-08-21,Santa Cruz,087,273765,1766,1617,16,1633,6
2020-08-21,Shasta,089,179085,594,486,3,489,9
2020-08-21,Sierra,091,2930,6,6,0,6,0
2020-08-21,Siskiyou,093,43540,122,103,6,109,0
2020-08-21,Solano,095,438530,5258,4891,32,4923,32
2020-08-21,Sonoma,097,501317,5471,4816,18,4834,57
2020-08-21,Stanislaus,099,539301,14632,13282,264,13546,161
2020-08-21,Sutter,101,95872,1287,1173,1,1174,8
2020-08-21,Tehama,103,63373,403,357,2,359,1
2020-08-21,Trinity,105,12862,29,8,5,13,0
2020-08-21,Tulare,107,460477,13932,13002,46,13048,217
2020-08-21,Tuolumne,109,53932,184,161,3,164,1
2020-08-21,Ventura,111,848112,10738,9865,62,9927,98
2020-08-21,Yolo,113,214977,2354,2164,4,2168,46
2020-08-21,Yuba,115,75493,795,717,3,720,1
2020-08-20,Alameda,001,1643700,17758,16174,128,16302,229
2020-08-20,Alpine,003,1148,3,2,0,2,0
2020-08-20,Amador,005,37829,264,222,0,222,11
2020-08-20,Butte,007,227075,1747,1549,13,1562,18
2020-08-20,Calaveras,009,45235,215,179,0,179,1
2020-08-20,Colusa,011,21464,436,415,0,415,5
2020-08-20,Contra Costa,013,1133247,13633,12108,46,12154,144
2020-08-20,Del Norte,015,27424,112,78,0,78,1
2020-08-20,El Dorado,017,186661,965,881,0,881,2
2020-08-20,Fresno,019,978130,26341,22535,267,22802,228
2020-08-20,Glenn,021,27897,428,414,0,414,2
2020-08-20,Humboldt,023,135768,358,318,1,319,4
2020-08-20,Imperial,025,180216,11087,9086,5,9091,196
2020-08-20,Inyo,027,18085,167,144,0,144,1
2020-08-20,Kern,029,883053,29034,27337,193,27530,267
2020-08-20,Kings,031,150075,5956,5347,34,5381,59
2020-08-20,Lake,033,64148,316,280,0,280,2
2020-08-20,Lassen,035,31185,716,693,2,695,0
2020-08-20,Los Angeles,037,10098052,234419,227492,1059,228551,5445
2020-08-20,Madera,039,155013,3722,3197,22,3219,31
2020-08-20,Marin,041,260295,5987,5745,14,5759,47
2020-08-20,Mariposa,043,17540,71,67,0,67,2
2020-08-20,Mendocino,045,87422,577,497,0,497,10
2020-08-20,Merced,047,269075,7669,7173,6,7179,68
2020-08-20,Modoc,049,8938,7,5,0,5,0
2020-08-20,Mono,051,14174,163,128,1,129,1
2020-08-20,Monterey,053,433212,7540,6892,19,6911,47
2020-08-20,Napa,055,140530,1413,1306,3,1309,10
2020-08-20,Nevada,057,99092,439,401,12,413,2
2020-08-20,Orange,059,3164182,48802,44299,1095,45394,849
2020-08-20,Placer,061,380077,2909,2681,4,2685,30
2020-08-20,Plumas,063,18699,39,36,0,36,0
2020-08-20,Riverside,065,2383286,51812,48953,41,48994,927
2020-08-20,Sacramento,067,1510023,17170,14992,8,15000,231
2020-08-20,San Benito,069,59416,1008,866,0,866,3
2020-08-20,San Bernardino,071,2135413,47515,43627,288,43915,665
2020-08-20,San Diego,073,3302833,37571,35610,274,35884,644
2020-08-20,San Francisco,075,870044,9099,8262,8,8270,72
2020-08-20,San Joaquin,077,732212,17775,15778,29,15807,297
2020-08-20,San Luis Obispo,079,281455,2828,2590,12,2602,19
2020-08-20,San Mateo,081,765935,8073,7188,5,7193,120
2020-08-20,Santa Barbara,083,443738,8356,7571,56,7627,81
2020-08-20,Santa Clara,085,1922200,16978,15162,21,15183,190
2020-08-20,Santa Cruz,087,273765,1753,1581,16,1597,6
2020-08-20,Shasta,089,179085,593,478,3,481,9
2020-08-20,Sierra,091,2930,6,6,0,6,0
2020-08-20,Siskiyou,093,43540,121,102,1,103,0
2020-08-20,Solano,095,438530,5214,4843,32,4875,31
2020-08-20,Sonoma,097,501317,5399,4737,18,4755,54
2020-08-20,Stanislaus,099,539301,14536,13120,255,13375,161
2020-08-20,Sutter,101,95872,1263,1158,1,1159,8
2020-08-20,Tehama,103,63373,397,350,2,352,1
2020-08-20,Trinity,105,12862,29,8,5,13,0
2020-08-20,Tulare,107,460477,13824,12907,45,12952,217
2020-08-20,Tuolumne,109,53932,180,159,3,162,1
2020-08-20,Ventura,111,848112,10625,9744,61,9805,93
2020-08-20,Yolo,113,214977,2332,2150,4,2154,47
2020-08-20,Yuba,115,75493,778,709,3,712,1
2020-08-19,Alameda,001,1643700,17599,15874,127,16001,226
2020-08-19,Alpine,003,1148,3,2,0,2,0
2020-08-19,Amador,005,37829,263,219,0,219,9
2020-08-19,Butte,007,227075,1704,1517,13,1530,16
2020-08-19,Calaveras,009,45235,212,177,0,177,1
2020-08-19,Colusa,011,21464,435,415,0,415,5
2020-08-19,Contra Costa,013,1133247,13521,11895,44,11939,142
2020-08-19,Del Norte,015,27424,112,78,0,78,1
2020-08-19,El Dorado,017,186661,959,870,0,870,2
2020-08-19,Fresno,019,978130,26151,22167,259,22426,221
2020-08-19,Glenn,021,27897,426,414,0,414,2
2020-08-19,Humboldt,023,135768,355,316,1,317,4
2020-08-19,Imperial,025,180216,11059,9041,5,9046,192
2020-08-19,Inyo,027,18085,165,140,0,140,1
2020-08-19,Kern,029,883053,28917,27142,189,27331,263
2020-08-19,Kings,031,150075,5784,5301,32,5333,59
2020-08-19,Lake,033,64148,313,277,0,277,2
2020-08-19,Lassen,035,31185,708,693,2,695,0
2020-08-19,Los Angeles,037,10098052,233137,226006,1019,227025,5399
2020-08-19,Madera,039,155013,3688,3158,20,3178,30
2020-08-19,Marin,041,260295,5963,5723,13,5736,46
2020-08-19,Mariposa,043,17540,71,64,0,64,2
2020-08-19,Mendocino,045,87422,561,495,0,495,8
2020-08-19,Merced,047,269075,7542,7082,3,7085,66
2020-08-19,Modoc,049,8938,7,5,0,5,0
2020-08-19,Mono,051,14174,163,128,1,129,1
2020-08-19,Monterey,053,433212,7438,6693,19,6712,45
2020-08-19,Napa,055,140530,1408,1293,3,1296,10
2020-08-19,Nevada,057,99092,432,398,12,410,2
2020-08-19,Orange,059,3164182,48597,43938,1091,45029,829
2020-08-19,Placer,061,380077,2887,2659,4,2663,28
2020-08-19,Plumas,063,18699,39,36,0,36,0
2020-08-19,Riverside,065,2383286,51564,48741,40,48781,922
2020-08-19,Sacramento,067,1510023,16989,14764,8,14772,229
2020-08-19,San Benito,069,59416,991,853,0,853,3
2020-08-19,San Bernardino,071,2135413,47216,43224,281,43505,661
2020-08-19,San Diego,073,3302833,37322,35378,259,35637,638
2020-08-19,San Francisco,075,870044,9034,8236,8,8244,72
2020-08-19,San Joaquin,077,732212,17648,15677,28,15705,296
2020-08-19,San Luis Obispo,079,281455,2789,2553,12,2565,19
2020-08-19,San Mateo,081,765935,8005,7146,5,7151,119
2020-08-19,Santa Barbara,083,443738,8307,7499,56,7555,80
2020-08-19,Santa Clara,085,1922200,16834,14994,21,15015,189
2020-08-19,Santa Cruz,087,273765,1727,1554,16,1570,6
2020-08-19,Shasta,089,179085,589,475,3,478,9
2020-08-19,Sierra,091,2930,6,6,0,6,0
2020-08-19,Siskiyou,093,43540,120,103,1,104,0
2020-08-19,Solano,095,438530,5173,4807,32,4839,31
2020-08-19,Sonoma,097,501317,5320,4614,18,4632,54
2020-08-19,Stanislaus,099,539301,14434,13084,233,13317,160
2020-08-19,Sutter,101,95872,1229,1146,1,1147,8
2020-08-19,Tehama,103,63373,391,342,2,344,1
2020-08-19,Trinity,105,12862,28,8,5,13,0
2020-08-19,Tulare,107,460477,13726,12756,45,12801,217
2020-08-19,Tuolumne,109,53932,177,159,3,162,1
2020-08-19,Ventura,111,848112,10533,9587,59,9646,91
2020-08-19,Yolo,113,214977,2309,2126,4,2130,47
2020-08-19,Yuba,115,75493,766,701,3,704,1
2020-08-18,Alameda,001,1643700,17423,15627,124,15751,223
2020-08-18,Alpine,003,1148,3,2,0,2,0
2020-08-18,Amador,005,37829,262,215,0,215,9
2020-08-18,Butte,007,227075,1671,1491,13,1504,16
2020-08-18,Calaveras,009,45235,208,174,0,174,1
2020-08-18,Colusa,011,21464,434,415,0,415,5
2020-08-18,Contra Costa,013,1133247,13401,11689,42,11731,141
2020-08-18,Del Norte,015,27424,111,78,0,78,0
2020-08-18,El Dorado,017,186661,954,866,0,866,2
2020-08-18,Fresno,019,978130,25932,21798,253,22051,212
2020-08-18,Glenn,021,27897,426,407,0,407,2
2020-08-18,Humboldt,023,135768,353,315,1,316,4
2020-08-18,Imperial,025,180216,11025,8968,5,8973,189
2020-08-18,Inyo,027,18085,164,140,0,140,1
2020-08-18,Kern,029,883053,28765,26978,184,27162,263
2020-08-18,Kings,031,150075,5755,5269,31,5300,58
2020-08-18,Lake,033,64148,310,274,0,274,2
2020-08-18,Lassen,035,31185,708,693,2,695,0
2020-08-18,Los Angeles,037,10098052,231858,224218,980,225198,5339
2020-08-18,Madera,039,155013,3660,3125,20,3145,28
2020-08-18,Marin,041,260295,5933,5708,13,5721,47
2020-08-18,Mariposa,043,17540,71,61,0,61,2
2020-08-18,Mendocino,045,87422,552,468,0,468,8
2020-08-18,Merced,047,269075,7494,6940,3,6943,66
2020-08-18,Modoc,049,8938,7,5,0,5,0
2020-08-18,Mono,051,14174,162,129,1,130,1
2020-08-18,Monterey,053,433212,7346,6691,18,6709,44
2020-08-18,Napa,055,140530,1405,1274,3,1277,10
2020-08-18,Nevada,057,99092,425,389,12,401,2
2020-08-18,Orange,059,3164182,48372,43659,1075,44734,809
2020-08-18,Placer,061,380077,2861,2644,3,2647,28
2020-08-18,Plumas,063,18699,39,34,0,34,0
2020-08-18,Riverside,065,2383286,51235,48447,40,48487,917
2020-08-18,Sacramento,067,1510023,16760,14610,7,14617,222
2020-08-18,San Benito,069,59416,971,836,0,836,3
2020-08-18,San Bernardino,071,2135413,46935,42827,273,43100,648
2020-08-18,San Diego,073,3302833,37030,35164,226,35390,633
2020-08-18,San Francisco,075,870044,8949,8016,8,8024,72
2020-08-18,San Joaquin,077,732212,17531,15509,27,15536,290
2020-08-18,San Luis Obispo,079,281455,2765,2535,11,2546,18
2020-08-18,San Mateo,081,765935,7943,7074,5,7079,119
2020-08-18,Santa Barbara,083,443738,8265,7472,56,7528,81
2020-08-18,Santa Clara,085,1922200,16661,14786,20,14806,184
2020-08-18,Santa Cruz,087,273765,1714,1509,16,1525,6
2020-08-18,Shasta,089,179085,585,468,3,471,9
2020-08-18,Sierra,091,2930,6,6,0,6,0
2020-08-18,Siskiyou,093,43540,119,103,1,104,0
2020-08-18,Solano,095,438530,5146,4700,32,4732,31
2020-08-18,Sonoma,097,501317,5251,4506,18,4524,48
2020-08-18,Stanislaus,099,539301,14336,12935,217,13152,149
2020-08-18,Sutter,101,95872,1210,1126,1,1127,8
2020-08-18,Tehama,103,63373,381,333,2,335,1
2020-08-18,Trinity,105,12862,27,8,5,13,0
2020-08-18,Tulare,107,460477,13595,12637,42,12679,212
2020-08-18,Tuolumne,109,53932,174,159,3,162,1
2020-08-18,Ventura,111,848112,10443,9536,54,9590,89
2020-08-18,Yolo,113,214977,2286,2102,4,2106,47
2020-08-18,Yuba,115,75493,758,679,3,682,1
2020-08-17,Alameda,001,1643700,17231,15454,122,15576,221
2020-08-17,Alpine,003,1148,3,2,0,2,0
2020-08-17,Amador,005,37829,262,215,0,215,9
2020-08-17,Butte,007,227075,1626,1463,13,1476,15
2020-08-17,Calaveras,009,45235,204,167,0,167,1
2020-08-17,Colusa,011,21464,431,408,0,408,5
2020-08-17,Contra Costa,013,1133247,13263,11442,42,11484,141
2020-08-17,Del Norte,015,27424,107,77,0,77,0
2020-08-17,El Dorado,017,186661,951,846,0,846,2
2020-08-17,Fresno,019,978130,25725,21316,246,21562,211
2020-08-17,Glenn,021,27897,425,402,0,402,2
2020-08-17,Humboldt,023,135768,349,302,1,303,4
2020-08-17,Imperial,025,180216,10984,8897,5,8902,188
2020-08-17,Inyo,027,18085,156,124,0,124,1
2020-08-17,Kern,029,883053,28617,26773,173,26946,249
2020-08-17,Kings,031,150075,5717,5249,31,5280,58
2020-08-17,Lake,033,64148,305,270,0,270,2
2020-08-17,Lassen,035,31185,708,666,2,668,0
2020-08-17,Los Angeles,037,10098052,230341,223418,930,224348,5282
2020-08-17,Madera,039,155013,3617,3050,19,3069,26
2020-08-17,Marin,041,260295,5910,5683,12,5695,46
2020-08-17,Mariposa,043,17540,71,61,0,61,2
2020-08-17,Mendocino,045,87422,534,454,0,454,8
2020-08-17,Merced,047,269075,7399,6814,3,6817,66
2020-08-17,Modoc,049,8938,7,5,0,5,0
2020-08-17,Mono,051,14174,162,126,1,127,1
2020-08-17,Monterey,053,433212,7246,6553,18,6571,44
2020-08-17,Napa,055,140530,1384,1255,3,1258,10
2020-08-17,Nevada,057,99092,420,383,12,395,2
2020-08-17,Orange,059,3164182,48162,43621,1063,44684,804
2020-08-17,Placer,061,380077,2836,2609,3,2612,28
2020-08-17,Plumas,063,18699,39,33,0,33,0
2020-08-17,Riverside,065,2383286,50904,48062,38,48100,916
2020-08-17,Sacramento,067,1510023,16540,14333,7,14340,219
2020-08-17,San Benito,069,59416,956,822,0,822,2
2020-08-17,San Bernardino,071,2135413,46592,42005,263,42268,604
2020-08-17,San Diego,073,3302833,36764,34962,212,35174,626
2020-08-17,San Francisco,075,870044,8877,7600,8,7608,72
2020-08-17,San Joaquin,077,732212,17367,15323,26,15349,280
2020-08-17,San Luis Obispo,079,281455,2732,2527,11,2538,18
2020-08-17,San Mateo,081,765935,7886,6987,4,6991,118
2020-08-17,Santa Barbara,083,443738,8223,7438,56,7494,80
2020-08-17,Santa Clara,085,1922200,16441,14546,20,14566,183
2020-08-17,Santa Cruz,087,273765,1698,1453,15,1468,6
2020-08-17,Shasta,089,179085,579,467,3,470,9
2020-08-17,Sierra,091,2930,6,6,0,6,0
2020-08-17,Siskiyou,093,43540,118,103,0,103,0
2020-08-17,Solano,095,438530,5089,4479,32,4511,31
2020-08-17,Sonoma,097,501317,5162,4402,16,4418,48
2020-08-17,Stanislaus,099,539301,14211,12745,210,12955,148
2020-08-17,Sutter,101,95872,1194,1071,1,1072,8
2020-08-17,Tehama,103,63373,372,324,2,326,1
2020-08-17,Trinity,105,12862,27,8,5,13,0
2020-08-17,Tulare,107,460477,13482,12487,41,12528,210
2020-08-17,Tuolumne,109,53932,171,157,3,160,1
2020-08-17,Ventura,111,848112,10321,9490,49,9539,89
2020-08-17,Yolo,113,214977,2259,2083,4,2087,47
2020-08-17,Yuba,115,75493,743,647,3,650,1
2020-08-16,Alameda,001,1643700,16941,15338,122,15460,221
2020-08-16,Alpine,003,1148,3,2,0,2,0
2020-08-16,Amador,005,37829,259,215,0,215,9
2020-08-16,Butte,007,227075,1588,1432,13,1445,15
2020-08-16,Calaveras,009,45235,197,167,0,167,1
2020-08-16,Colusa,011,21464,429,407,0,407,5
2020-08-16,Contra Costa,013,1133247,13077,11255,42,11297,140
2020-08-16,Del Norte,015,27424,103,77,0,77,0
2020-08-16,El Dorado,017,186661,939,843,0,843,2
2020-08-16,Fresno,019,978130,25506,21010,241,21251,211
2020-08-16,Glenn,021,27897,423,400,0,400,2
2020-08-16,Humboldt,023,135768,347,301,1,302,4
2020-08-16,Imperial,025,180216,10940,8883,5,8888,188
2020-08-16,Inyo,027,18085,149,125,0,125,1
2020-08-16,Kern,029,883053,28416,26520,165,26685,249
2020-08-16,Kings,031,150075,5686,5146,31,5177,58
2020-08-16,Lake,033,64148,301,269,0,269,2
2020-08-16,Lassen,035,31185,708,666,2,668,0
2020-08-16,Los Angeles,037,10098052,228773,222236,900,223136,5263
2020-08-16,Madera,039,155013,3572,3013,19,3032,26
2020-08-16,Marin,041,260295,5884,5664,12,5676,46
2020-08-16,Mariposa,043,17540,71,61,0,61,2
2020-08-16,Mendocino,045,87422,526,451,0,451,8
2020-08-16,Merced,047,269075,7317,6744,3,6747,66
2020-08-16,Modoc,049,8938,7,5,0,5,0
2020-08-16,Mono,051,14174,162,126,1,127,1
2020-08-16,Monterey,053,433212,7148,6516,17,6533,44
2020-08-16,Napa,055,140530,1366,1241,2,1243,10
2020-08-16,Nevada,057,99092,409,379,12,391,2
2020-08-16,Orange,059,3164182,47912,43303,1052,44355,803
2020-08-16,Placer,061,380077,2807,2583,2,2585,28
2020-08-16,Plumas,063,18699,39,33,0,33,0
2020-08-16,Riverside,065,2383286,50573,47669,38,47707,910
2020-08-16,Sacramento,067,1510023,16300,14210,7,14217,219
2020-08-16,San Benito,069,59416,927,815,0,815,2
2020-08-16,San Bernardino,071,2135413,46169,41724,254,41978,603
2020-08-16,San Diego,073,3302833,36500,34680,197,34877,626
2020-08-16,San Francisco,075,870044,8789,7602,8,7610,72
2020-08-16,San Joaquin,077,732212,17165,15288,26,15314,280
2020-08-16,San Luis Obispo,079,281455,2703,2494,11,2505,17
2020-08-16,San Mateo,081,765935,7810,6942,4,6946,118
2020-08-16,Santa Barbara,083,443738,8174,7368,56,7424,79
2020-08-16,Santa Clara,085,1922200,16243,14329,20,14349,183
2020-08-16,Santa Cruz,087,273765,1671,1449,14,1463,6
2020-08-16,Shasta,089,179085,572,465,3,468,9
2020-08-16,Sierra,091,2930,6,6,0,6,0
2020-08-16,Siskiyou,093,43540,117,102,0,102,0
2020-08-16,Solano,095,438530,5029,4479,32,4511,31
2020-08-16,Sonoma,097,501317,5058,4329,16,4345,46
2020-08-16,Stanislaus,099,539301,14056,12668,197,12865,148
2020-08-16,Sutter,101,95872,1176,1071,1,1072,8
2020-08-16,Tehama,103,63373,362,318,2,320,1
2020-08-16,Trinity,105,12862,26,8,5,13,0
2020-08-16,Tulare,107,460477,13350,12334,37,12371,211
2020-08-16,Tuolumne,109,53932,171,156,3,159,1
2020-08-16,Ventura,111,848112,10212,9408,44,9452,89
2020-08-16,Yolo,113,214977,2240,2057,4,2061,47
2020-08-16,Yuba,115,75493,734,647,2,649,1
2020-08-15,Alameda,001,1643700,16864,15165,122,15287,221
2020-08-15,Alpine,003,1148,3,2,0,2,0
2020-08-15,Amador,005,37829,259,210,0,210,9
2020-08-15,Butte,007,227075,1566,1409,13,1422,15
2020-08-15,Calaveras,009,45235,195,167,0,167,1
2020-08-15,Colusa,011,21464,428,401,0,401,5
2020-08-15,Contra Costa,013,1133247,12981,11106,42,11148,138
2020-08-15,Del Norte,015,27424,103,77,0,77,0
2020-08-15,El Dorado,017,186661,934,838,0,838,2
2020-08-15,Fresno,019,978130,25390,20603,239,20842,211
2020-08-15,Glenn,021,27897,423,398,0,398,2
2020-08-15,Humboldt,023,135768,346,301,1,302,4
2020-08-15,Imperial,025,180216,10920,8794,5,8799,188
2020-08-15,Inyo,027,18085,149,123,0,123,1
2020-08-15,Kern,029,883053,28328,26338,165,26503,249
2020-08-15,Kings,031,150075,5668,5039,31,5070,56
2020-08-15,Lake,033,64148,299,268,0,268,2
2020-08-15,Lassen,035,31185,708,666,2,668,0
2020-08-15,Los Angeles,037,10098052,228021,221043,891,221934,5252
2020-08-15,Madera,039,155013,3522,2950,19,2969,26
2020-08-15,Marin,041,260295,5877,5628,12,5640,46
2020-08-15,Mariposa,043,17540,71,61,0,61,2
2020-08-15,Mendocino,045,87422,522,444,0,444,8
2020-08-15,Merced,047,269075,7283,6656,3,6659,66
2020-08-15,Modoc,049,8938,7,5,0,5,0
2020-08-15,Mono,051,14174,162,126,1,127,1
2020-08-15,Monterey,053,433212,7103,6162,17,6179,44
2020-08-15,Napa,055,140530,1356,1232,2,1234,10
2020-08-15,Nevada,057,99092,409,376,12,388,2
2020-08-15,Orange,059,3164182,47799,42811,1041,43852,801
2020-08-15,Placer,061,380077,2786,2551,2,2553,27
2020-08-15,Plumas,063,18699,39,33,0,33,0
2020-08-15,Riverside,065,2383286,50422,46720,38,46758,910
2020-08-15,Sacramento,067,1510023,16190,14018,7,14025,219
2020-08-15,San Benito,069,59416,914,805,0,805,2
2020-08-15,San Bernardino,071,2135413,46017,41231,252,41483,602
2020-08-15,San Diego,073,3302833,36334,34346,183,34529,639
2020-08-15,San Francisco,075,870044,8725,7601,8,7609,69
2020-08-15,San Joaquin,077,732212,17092,15113,26,15139,280
2020-08-15,San Luis Obispo,079,281455,2686,2461,11,2472,17
2020-08-15,San Mateo,081,765935,7773,6860,4,6864,118
2020-08-15,Santa Barbara,083,443738,8146,7338,56,7394,79
2020-08-15,Santa Clara,085,1922200,16147,14105,20,14125,183
2020-08-15,Santa Cruz,087,273765,1650,1449,14,1463,6
2020-08-15,Shasta,089,179085,569,458,3,461,9
2020-08-15,Sierra,091,2930,6,6,0,6,0
2020-08-15,Siskiyou,093,43540,116,100,0,100,0
2020-08-15,Solano,095,438530,5007,4477,32,4509,31
2020-08-15,Sonoma,097,501317,5003,4134,16,4150,45
2020-08-15,Stanislaus,099,539301,13993,12541,195,12736,149
2020-08-15,Sutter,101,95872,1165,1046,1,1047,8
2020-08-15,Tehama,103,63373,361,312,2,314,1
2020-08-15,Trinity,105,12862,24,6,5,11,0
2020-08-15,Tulare,107,460477,13312,12262,37,12299,211
2020-08-15,Tuolumne,109,53932,171,155,3,158,1
2020-08-15,Ventura,111,848112,10154,9379,42,9421,89
2020-08-15,Yolo,113,214977,2228,2031,4,2035,46
2020-08-15,Yuba,115,75493,730,623,2,625,1
2020-08-14,Alameda,001,1643700,16725,14909,122,15031,221
2020-08-14,Alpine,003,1148,3,2,0,2,0
2020-08-14,Amador,005,37829,259,209,0,209,9
2020-08-14,Butte,007,227075,1557,1384,13,1397,15
2020-08-14,Calaveras,009,45235,191,165,0,165,1
2020-08-14,Colusa,011,21464,426,399,0,399,5
2020-08-14,Contra Costa,013,1133247,12869,10893,42,10935,137
2020-08-14,Del Norte,015,27424,103,76,0,76,0
2020-08-14,El Dorado,017,186661,926,827,0,827,2
2020-08-14,Fresno,019,978130,25256,19900,239,20139,208
2020-08-14,Glenn,021,27897,421,395,0,395,2
2020-08-14,Humboldt,023,135768,340,294,1,295,4
2020-08-14,Imperial,025,180216,10896,8756,5,8761,185
2020-08-14,Inyo,027,18085,148,115,0,115,1
2020-08-14,Kern,029,883053,28224,25893,164,26057,249
2020-08-14,Kings,031,150075,5654,4953,31,4984,56
2020-08-14,Lake,033,64148,290,267,0,267,2
2020-08-14,Lassen,035,31185,708,665,2,667,0
2020-08-14,Los Angeles,037,10098052,226855,219083,874,219957,5222
2020-08-14,Madera,039,155013,3492,2876,19,2895,26
2020-08-14,Marin,041,260295,5866,5601,12,5613,46
2020-08-14,Mariposa,043,17540,70,61,0,61,2
2020-08-14,Mendocino,045,87422,513,432,0,432,8
2020-08-14,Merced,047,269075,7253,6466,3,6469,67
2020-08-14,Modoc,049,8938,7,5,0,5,0
2020-08-14,Mono,051,14174,162,126,1,127,1
2020-08-14,Monterey,053,433212,7052,6121,17,6138,41
2020-08-14,Napa,055,140530,1346,1230,2,1232,10
2020-08-14,Nevada,057,99092,405,377,12,389,2
2020-08-14,Orange,059,3164182,47650,42399,1027,43426,798
2020-08-14,Placer,061,380077,2767,2546,2,2548,26
2020-08-14,Plumas,063,18699,38,33,0,33,0
2020-08-14,Riverside,065,2383286,50193,46456,38,46494,891
2020-08-14,Sacramento,067,1510023,16040,13645,7,13652,212
2020-08-14,San Benito,069,59416,897,783,0,783,2
2020-08-14,San Bernardino,071,2135413,45831,40442,248,40690,594
2020-08-14,San Diego,073,3302833,36140,34067,176,34243,622
2020-08-14,San Francisco,075,870044,8666,7467,8,7475,69
2020-08-14,San Joaquin,077,732212,16993,14925,26,14951,276
2020-08-14,San Luis Obispo,079,281455,2671,2422,11,2433,17
2020-08-14,San Mateo,081,765935,7714,6655,4,6659,118
2020-08-14,Santa Barbara,083,443738,8096,7302,56,7358,77
2020-08-14,Santa Clara,085,1922200,15981,13785,19,13804,183
2020-08-14,Santa Cruz,087,273765,1628,1418,13,1431,6
2020-08-14,Shasta,089,179085,564,446,3,449,9
2020-08-14,Sierra,091,2930,6,5,0,5,0
2020-08-14,Siskiyou,093,43540,116,98,0,98,0
2020-08-14,Solano,095,438530,4986,4421,32,4453,31
2020-08-14,Sonoma,097,501317,4944,4087,13,4100,45
2020-08-14,Stanislaus,099,539301,13916,12379,191,12570,140
2020-08-14,Sutter,101,95872,1157,1039,1,1040,8
2020-08-14,Tehama,103,63373,357,305,2,307,1
2020-08-14,Trinity,105,12862,24,6,5,11,0
2020-08-14,Tulare,107,460477,13235,12009,37,12046,211
2020-08-14,Tuolumne,109,53932,170,155,3,158,1
2020-08-14,Ventura,111,848112,10079,9313,42,9355,89
2020-08-14,Yolo,113,214977,2214,1991,4,1995,45
2020-08-14,Yuba,115,75493,714,606,2,608,1
2020-08-13,Alameda,001,1643700,16450,14385,122,14507,218
2020-08-13,Alpine,003,1148,3,2,0,2,0
2020-08-13,Amador,005,37829,259,198,0,198,8
2020-08-13,Butte,007,227075,1532,1345,13,1358,15
2020-08-13,Calaveras,009,45235,189,162,0,162,1
2020-08-13,Colusa,011,21464,426,395,0,395,5
2020-08-13,Contra Costa,013,1133247,12716,10545,41,10586,136
2020-08-13,Del Norte,015,27424,102,74,0,74,0
2020-08-13,El Dorado,017,186661,921,803,0,803,2
2020-08-13,Fresno,019,978130,25032,19157,232,19389,201
2020-08-13,Glenn,021,27897,417,392,0,392,1
2020-08-13,Humboldt,023,135768,332,281,1,282,4
2020-08-13,Imperial,025,180216,10865,8640,5,8645,170
2020-08-13,Inyo,027,18085,144,97,0,97,1
2020-08-13,Kern,029,883053,28057,25472,161,25633,242
2020-08-13,Kings,031,150075,5620,4824,31,4855,52
2020-08-13,Lake,033,64148,285,263,0,263,2
2020-08-13,Lassen,035,31185,708,652,2,654,0
2020-08-13,Los Angeles,037,10098052,225457,216497,852,217349,5179
2020-08-13,Madera,039,155013,3449,2675,18,2693,25
2020-08-13,Marin,041,260295,5850,5503,12,5515,44
2020-08-13,Mariposa,043,17540,69,61,0,61,2
2020-08-13,Mendocino,045,87422,508,401,0,401,8
2020-08-13,Merced,047,269075,7135,5945,3,5948,63
2020-08-13,Modoc,049,8938,7,5,0,5,0
2020-08-13,Mono,051,14174,162,124,1,125,1
2020-08-13,Monterey,053,433212,6969,5925,17,5942,38
2020-08-13,Napa,055,140530,1337,1179,2,1181,10
2020-08-13,Nevada,057,99092,401,362,12,374,1
2020-08-13,Orange,059,3164182,47411,42019,1015,43034,773
2020-08-13,Placer,061,380077,2745,2460,2,2462,26
2020-08-13,Plumas,063,18699,38,32,0,32,0
2020-08-13,Riverside,065,2383286,49899,45327,38,45365,885
2020-08-13,Sacramento,067,1510023,15838,13237,7,13244,197
2020-08-13,San Benito,069,59416,868,757,0,757,2
2020-08-13,San Bernardino,071,2135413,45437,39395,242,39637,591
2020-08-13,San Diego,073,3302833,35904,33661,158,33819,627
2020-08-13,San Francisco,075,870044,8572,7277,8,7285,69
2020-08-13,San Joaquin,077,732212,16839,14537,25,14562,261
2020-08-13,San Luis Obispo,079,281455,2650,2283,11,2294,16
2020-08-13,San Mateo,081,765935,7652,6503,4,6507,117
2020-08-13,Santa Barbara,083,443738,8051,7129,55,7184,74
2020-08-13,Santa Clara,085,1922200,15758,13257,19,13276,182
2020-08-13,Santa Cruz,087,273765,1603,1383,13,1396,6
2020-08-13,Shasta,089,179085,560,428,3,431,9
2020-08-13,Sierra,091,2930,6,5,0,5,0
2020-08-13,Siskiyou,093,43540,116,95,0,95,0
2020-08-13,Solano,095,438530,4949,4305,32,4337,31
2020-08-13,Sonoma,097,501317,4870,3902,13,3915,45
2020-08-13,Stanislaus,099,539301,13786,11953,175,12128,136
2020-08-13,Sutter,101,95872,1136,992,1,993,8
2020-08-13,Tehama,103,63373,348,302,2,304,1
2020-08-13,Trinity,105,12862,23,6,5,11,0
2020-08-13,Tulare,107,460477,13092,11692,34,11726,210
2020-08-13,Tuolumne,109,53932,169,152,3,155,1
2020-08-13,Ventura,111,848112,9990,9114,42,9156,90
2020-08-13,Yolo,113,214977,2187,1938,4,1942,44
2020-08-13,Yuba,115,75493,698,568,2,570,1
2020-08-12,Alameda,001,1643700,16237,14214,122,14336,215
2020-08-12,Alpine,003,1148,3,2,0,2,0
2020-08-12,Amador,005,37829,256,197,0,197,8
2020-08-12,Butte,007,227075,1504,1317,13,1330,15
2020-08-12,Calaveras,009,45235,186,157,0,157,1
2020-08-12,Colusa,011,21464,421,394,0,394,5
2020-08-12,Contra Costa,013,1133247,12572,10304,39,10343,134
2020-08-12,Del Norte,015,27424,101,74,0,74,0
2020-08-12,El Dorado,017,186661,903,794,0,794,2
2020-08-12,Fresno,019,978130,24802,18690,226,18916,194
2020-08-12,Glenn,021,27897,414,388,0,388,1
2020-08-12,Humboldt,023,135768,325,281,1,282,4
2020-08-12,Imperial,025,180216,10843,8566,5,8571,167
2020-08-12,Inyo,027,18085,127,97,0,97,1
2020-08-12,Kern,029,883053,27866,25191,159,25350,232
2020-08-12,Kings,031,150075,5581,4736,31,4767,50
2020-08-12,Lake,033,64148,283,253,0,253,2
2020-08-12,Lassen,035,31185,707,651,2,653,0
2020-08-12,Los Angeles,037,10098052,224001,214542,836,215378,5119
2020-08-12,Madera,039,155013,3415,2681,16,2697,23
2020-08-12,Marin,041,260295,5828,5423,12,5435,44
2020-08-12,Mariposa,043,17540,69,61,0,61,2
2020-08-12,Mendocino,045,87422,489,386,0,386,9
2020-08-12,Merced,047,269075,7073,5777,3,5780,66
2020-08-12,Modoc,049,8938,7,5,0,5,0
2020-08-12,Mono,051,14174,161,124,1,125,1
2020-08-12,Monterey,053,433212,6865,5919,17,5936,38
2020-08-12,Napa,055,140530,1327,1161,2,1163,10
2020-08-12,Nevada,057,99092,396,357,12,369,1
2020-08-12,Orange,059,3164182,47160,41576,990,42566,754
2020-08-12,Placer,061,380077,2713,2417,2,2419,25
2020-08-12,Plumas,063,18699,38,31,0,31,0
2020-08-12,Riverside,065,2383286,49551,44747,38,44785,867
2020-08-12,Sacramento,067,1510023,15626,12528,7,12535,189
2020-08-12,San Benito,069,59416,855,751,0,751,2
2020-08-12,San Bernardino,071,2135413,45095,38811,233,39044,589
2020-08-12,San Diego,073,3302833,35695,33395,138,33533,608
2020-08-12,San Francisco,075,870044,8488,7194,8,7202,66
2020-08-12,San Joaquin,077,732212,16696,14154,25,14179,253
2020-08-12,San Luis Obispo,079,281455,2625,2263,11,2274,15
2020-08-12,San Mateo,081,765935,7573,6427,4,6431,117
2020-08-12,Santa Barbara,083,443738,7991,7049,53,7102,74
2020-08-12,Santa Clara,085,1922200,15582,13002,19,13021,182
2020-08-12,Santa Cruz,087,273765,1574,1382,12,1394,6
2020-08-12,Shasta,089,179085,556,417,3,420,9
2020-08-12,Sierra,091,2930,5,4,0,4,0
2020-08-12,Siskiyou,093,43540,115,90,0,90,0
2020-08-12,Solano,095,438530,4904,4258,32,4290,31
2020-08-12,Sonoma,097,501317,4796,3847,13,3860,47
2020-08-12,Stanislaus,099,539301,13648,11682,166,11848,136
2020-08-12,Sutter,101,95872,1112,987,1,988,7
2020-08-12,Tehama,103,63373,338,289,2,291,1
2020-08-12,Trinity,105,12862,22,6,5,11,0
2020-08-12,Tulare,107,460477,12964,11460,34,11494,211
2020-08-12,Tuolumne,109,53932,168,150,3,153,1
2020-08-12,Ventura,111,848112,9905,9005,41,9046,87
2020-08-12,Yolo,113,214977,2163,1921,4,1925,44
2020-08-12,Yuba,115,75493,676,549,1,550,1
2020-08-11,Alameda,001,1643700,15978,13960,119,14079,204
2020-08-11,Alpine,003,1148,3,2,0,2,0
2020-08-11,Amador,005,37829,250,187,0,187,3
2020-08-11,Butte,007,227075,1477,1296,13,1309,15
2020-08-11,Calaveras,009,45235,184,161,0,161,1
2020-08-11,Colusa,011,21464,416,390,0,390,5
2020-08-11,Contra Costa,013,1133247,12383,10012,37,10049,131
2020-08-11,Del Norte,015,27424,100,73,0,73,0
2020-08-11,El Dorado,017,186661,896,786,0,786,2
2020-08-11,Fresno,019,978130,24481,18344,223,18567,187
2020-08-11,Glenn,021,27897,412,380,0,380,1
2020-08-11,Humboldt,023,135768,320,283,1,284,4
2020-08-11,Imperial,025,180216,10788,8518,5,8523,165
2020-08-11,Inyo,027,18085,122,97,0,97,1
2020-08-11,Kern,029,883053,27532,25042,156,25198,230
2020-08-11,Kings,031,150075,5394,4696,31,4727,50
2020-08-11,Lake,033,64148,280,243,0,243,2
2020-08-11,Lassen,035,31185,701,605,2,607,0
2020-08-11,Los Angeles,037,10098052,222497,212421,811,213232,5065
2020-08-11,Madera,039,155013,3361,2673,16,2689,22
2020-08-11,Marin,041,260295,5800,5287,11,5298,44
2020-08-11,Mariposa,043,17540,68,60,0,60,2
2020-08-11,Mendocino,045,87422,479,385,0,385,9
2020-08-11,Merced,047,269075,6978,5322,2,5324,65
2020-08-11,Modoc,049,8938,7,5,0,5,0
2020-08-11,Mono,051,14174,161,124,1,125,1
2020-08-11,Monterey,053,433212,6757,5624,17,5641,36
2020-08-11,Napa,055,140530,1316,1143,1,1144,11
2020-08-11,Nevada,057,99092,393,358,12,370,1
2020-08-11,Orange,059,3164182,46940,41205,967,42172,742
2020-08-11,Placer,061,380077,2681,2393,2,2395,24
2020-08-11,Plumas,063,18699,38,31,0,31,0
2020-08-11,Riverside,065,2383286,49192,44237,38,44275,836
2020-08-11,Sacramento,067,1510023,15335,12298,7,12305,182
2020-08-11,San Benito,069,59416,843,750,0,750,2
2020-08-11,San Bernardino,071,2135413,44753,38467,226,38693,584
2020-08-11,San Diego,073,3302833,35428,33159,119,33278,602
2020-08-11,San Francisco,075,870044,8392,6988,8,6996,66
2020-08-11,San Joaquin,077,732212,16519,13997,20,14017,251
2020-08-11,San Luis Obispo,079,281455,2568,2234,11,2245,15
2020-08-11,San Mateo,081,765935,7498,6339,4,6343,117
2020-08-11,Santa Barbara,083,443738,7941,6942,53,6995,70
2020-08-11,Santa Clara,085,1922200,15361,12920,19,12939,183
2020-08-11,Santa Cruz,087,273765,1551,1352,12,1364,4
2020-08-11,Shasta,089,179085,552,416,3,419,9
2020-08-11,Sierra,091,2930,5,4,0,4,0
2020-08-11,Siskiyou,093,43540,115,90,0,90,0
2020-08-11,Solano,095,438530,4856,4206,31,4237,31
2020-08-11,Sonoma,097,501317,4702,3752,13,3765,45
2020-08-11,Stanislaus,099,539301,13544,11592,154,11746,128
2020-08-11,Sutter,101,95872,1090,964,1,965,7
2020-08-11,Tehama,103,63373,334,289,2,291,1
2020-08-11,Trinity,105,12862,22,5,5,10,0
2020-08-11,Tulare,107,460477,12839,11392,33,11425,201
2020-08-11,Tuolumne,109,53932,164,146,3,149,1
2020-08-11,Ventura,111,848112,9837,8953,40,8993,88
2020-08-11,Yolo,113,214977,2141,1912,4,1916,44
2020-08-11,Yuba,115,75493,665,540,1,541,1
2020-08-10,Alameda,001,1643700,15736,13420,118,13538,203
2020-08-10,Alpine,003,1148,3,2,0,2,0
2020-08-10,Amador,005,37829,249,172,0,172,2
2020-08-10,Butte,007,227075,1453,1174,12,1186,15
2020-08-10,Calaveras,009,45235,174,121,0,121,1
2020-08-10,Colusa,011,21464,414,387,0,387,4
2020-08-10,Contra Costa,013,1133247,12230,9454,35,9489,130
2020-08-10,Del Norte,015,27424,98,69,0,69,0
2020-08-10,El Dorado,017,186661,884,771,0,771,2
2020-08-10,Fresno,019,978130,24200,17978,222,18200,183
2020-08-10,Glenn,021,27897,409,381,0,381,1
2020-08-10,Humboldt,023,135768,314,277,1,278,4
2020-08-10,Imperial,025,180216,10744,8465,5,8470,165
2020-08-10,Inyo,027,18085,122,97,0,97,1
2020-08-10,Kern,029,883053,27306,24499,155,24654,215
2020-08-10,Kings,031,150075,5288,4588,31,4619,50
2020-08-10,Lake,033,64148,273,239,0,239,2
2020-08-10,Lassen,035,31185,701,588,2,590,0
2020-08-10,Los Angeles,037,10098052,220911,211035,793,211828,5003
2020-08-10,Madera,039,155013,3328,2365,15,2380,22
2020-08-10,Marin,041,260295,5755,5242,10,5252,44
2020-08-10,Mariposa,043,17540,68,57,0,57,2
2020-08-10,Mendocino,045,87422,455,364,0,364,1
2020-08-10,Merced,047,269075,6897,4913,2,4915,51
2020-08-10,Modoc,049,8938,7,5,0,5,0
2020-08-10,Mono,051,14174,161,123,1,124,1
2020-08-10,Monterey,053,433212,6647,5358,17,5375,34
2020-08-10,Napa,055,140530,1298,1084,1,1085,8
2020-08-10,Nevada,057,99092,385,356,12,368,1
2020-08-10,Orange,059,3164182,46672,40445,949,41394,721
2020-08-10,Placer,061,380077,2642,2298,2,2300,21
2020-08-10,Plumas,063,18699,38,27,0,27,0
2020-08-10,Riverside,065,2383286,48806,43296,37,43333,830
2020-08-10,Sacramento,067,1510023,15024,12059,7,12066,168
2020-08-10,San Benito,069,59416,830,743,0,743,2
2020-08-10,San Bernardino,071,2135413,44376,37367,216,37583,579
2020-08-10,San Diego,073,3302833,35162,32977,103,33080,594
2020-08-10,San Francisco,075,870044,8302,6816,7,6823,66
2020-08-10,San Joaquin,077,732212,16337,13308,20,13328,240
2020-08-10,San Luis Obispo,079,281455,2469,2208,11,2219,15
2020-08-10,San Mateo,081,765935,7421,6222,4,6226,117
2020-08-10,Santa Barbara,083,443738,7886,6869,53,6922,66
2020-08-10,Santa Clara,085,1922200,15101,12615,19,12634,182
2020-08-10,Santa Cruz,087,273765,1531,1239,11,1250,4
2020-08-10,Shasta,089,179085,548,384,3,387,9
2020-08-10,Sierra,091,2930,5,3,0,3,0
2020-08-10,Siskiyou,093,43540,112,88,0,88,0
2020-08-10,Solano,095,438530,4796,4101,31,4132,31
2020-08-10,Sonoma,097,501317,4533,3640,9,3649,42
2020-08-10,Stanislaus,099,539301,13362,10855,137,10992,106
2020-08-10,Sutter,101,95872,1065,865,1,866,7
2020-08-10,Tehama,103,63373,327,282,2,284,1
2020-08-10,Trinity,105,12862,20,5,5,10,0
2020-08-10,Tulare,107,460477,12666,10750,31,10781,194
2020-08-10,Tuolumne,109,53932,164,143,2,145,1
2020-08-10,Ventura,111,848112,9753,8851,39,8890,85
2020-08-10,Yolo,113,214977,2118,1840,4,1844,45
2020-08-10,Yuba,115,75493,648,527,1,528,1
2020-08-09,Alameda,001,1643700,15456,13241,116,13357,203
2020-08-09,Alpine,003,1148,3,2,0,2,0
2020-08-09,Amador,005,37829,244,153,0,153,2
2020-08-09,Butte,007,227075,1409,1155,12,1167,15
2020-08-09,Calaveras,009,45235,169,122,0,122,1
2020-08-09,Colusa,011,21464,410,371,0,371,4
2020-08-09,Contra Costa,013,1133247,12003,9214,33,9247,130
2020-08-09,Del Norte,015,27424,98,69,0,69,0
2020-08-09,El Dorado,017,186661,876,748,0,748,2
2020-08-09,Fresno,019,978130,23892,17846,218,18064,183
2020-08-09,Glenn,021,27897,407,354,0,354,1
2020-08-09,Humboldt,023,135768,308,279,1,280,4
2020-08-09,Imperial,025,180216,10700,8310,4,8314,165
2020-08-09,Inyo,027,18085,117,86,0,86,1
2020-08-09,Kern,029,883053,27050,23680,155,23835,215
2020-08-09,Kings,031,150075,5245,4446,30,4476,50
2020-08-09,Lake,033,64148,266,225,0,225,2
2020-08-09,Lassen,035,31185,695,589,2,591,0
2020-08-09,Los Angeles,037,10098052,218845,208810,770,209580,4984
2020-08-09,Madera,039,155013,3269,2322,11,2333,22
2020-08-09,Marin,041,260295,5712,5204,10,5214,44
2020-08-09,Mariposa,043,17540,66,56,0,56,2
2020-08-09,Mendocino,045,87422,445,283,0,283,1
2020-08-09,Merced,047,269075,6799,4735,1,4736,51
2020-08-09,Modoc,049,8938,7,4,0,4,0
2020-08-09,Mono,051,14174,160,113,1,114,1
2020-08-09,Monterey,053,433212,6523,5199,17,5216,34
2020-08-09,Napa,055,140530,1279,1062,1,1063,8
2020-08-09,Nevada,057,99092,377,332,12,344,1
2020-08-09,Orange,059,3164182,46373,39244,934,40178,722
2020-08-09,Placer,061,380077,2613,2211,2,2213,20
2020-08-09,Plumas,063,18699,38,27,0,27,0
2020-08-09,Riverside,065,2383286,48462,41894,36,41930,828
2020-08-09,Sacramento,067,1510023,14744,11301,7,11308,167
2020-08-09,San Benito,069,59416,811,687,0,687,2
2020-08-09,San Bernardino,071,2135413,43901,36092,216,36308,579
2020-08-09,San Diego,073,3302833,34871,32749,92,32841,594
2020-08-09,San Francisco,075,870044,8187,6820,7,6827,66
2020-08-09,San Joaquin,077,732212,16132,12933,19,12952,240
2020-08-09,San Luis Obispo,079,281455,2433,2124,11,2135,15
2020-08-09,San Mateo,081,765935,7326,6094,4,6098,117
2020-08-09,Santa Barbara,083,443738,7799,6669,53,6722,66
2020-08-09,Santa Clara,085,1922200,14831,11878,19,11897,181
2020-08-09,Santa Cruz,087,273765,1507,1246,11,1257,4
2020-08-09,Shasta,089,179085,544,361,3,364,9
2020-08-09,Sierra,091,2930,5,3,0,3,0
2020-08-09,Siskiyou,093,43540,111,74,0,74,0
2020-08-09,Solano,095,438530,4743,3954,30,3984,31
2020-08-09,Sonoma,097,501317,4397,3531,7,3538,41
2020-08-09,Stanislaus,099,539301,13154,10264,124,10388,106
2020-08-09,Sutter,101,95872,1031,857,1,858,7
2020-08-09,Tehama,103,63373,319,265,2,267,1
2020-08-09,Trinity,105,12862,20,5,5,10,0
2020-08-09,Tulare,107,460477,12474,10630,28,10658,194
2020-08-09,Tuolumne,109,53932,161,143,2,145,1
2020-08-09,Ventura,111,848112,9606,8633,38,8671,85
2020-08-09,Yolo,113,214977,2087,1765,4,1769,44
2020-08-09,Yuba,115,75493,628,442,1,443,1
2020-08-08,Alameda,001,1643700,15346,13087,116,13203,204
2020-08-08,Alpine,003,1148,3,2,0,2,0
2020-08-08,Amador,005,37829,244,139,0,139,2
2020-08-08,Butte,007,227075,1391,1140,12,1152,15
2020-08-08,Calaveras,009,45235,168,122,0,122,1
2020-08-08,Colusa,011,21464,409,368,0,368,4
2020-08-08,Contra Costa,013,1133247,11894,9104,33,9137,129
2020-08-08,Del Norte,015,27424,97,69,0,69,0
2020-08-08,El Dorado,017,186661,869,734,0,734,2
2020-08-08,Fresno,019,978130,23756,17538,216,17754,183
2020-08-08,Glenn,021,27897,407,344,0,344,1
2020-08-08,Humboldt,023,135768,305,277,1,278,4
2020-08-08,Imperial,025,180216,10685,8213,4,8217,165
2020-08-08,Inyo,027,18085,113,86,0,86,1
2020-08-08,Kern,029,883053,26936,22803,155,22958,215
2020-08-08,Kings,031,150075,5231,4367,30,4397,49
2020-08-08,Lake,033,64148,264,221,0,221,2
2020-08-08,Lassen,035,31185,695,589,2,591,0
2020-08-08,Los Angeles,037,10098052,217958,206971,759,207730,4974
2020-08-08,Madera,039,155013,3238,2275,11,2286,22
2020-08-08,Marin,041,260295,5692,5118,10,5128,44
2020-08-08,Mariposa,043,17540,65,55,0,55,2
2020-08-08,Mendocino,045,87422,443,264,0,264,1
2020-08-08,Merced,047,269075,6759,4570,1,4571,51
2020-08-08,Modoc,049,8938,7,4,0,4,0
2020-08-08,Mono,051,14174,160,113,1,114,1
2020-08-08,Monterey,053,433212,6465,5101,17,5118,33
2020-08-08,Napa,055,140530,1271,1062,1,1063,8
2020-08-08,Nevada,057,99092,375,325,12,337,1
2020-08-08,Orange,059,3164182,46246,38688,925,39613,718
2020-08-08,Placer,061,380077,2596,2153,2,2155,20
2020-08-08,Plumas,063,18699,38,27,0,27,0
2020-08-08,Riverside,065,2383286,48258,41412,36,41448,823
2020-08-08,Sacramento,067,1510023,14615,11144,7,11151,166
2020-08-08,San Benito,069,59416,803,684,0,684,2
2020-08-08,San Bernardino,071,2135413,43705,35691,215,35906,531
2020-08-08,San Diego,073,3302833,34682,32332,83,32415,593
2020-08-08,San Francisco,075,870044,8121,6820,7,6827,66
2020-08-08,San Joaquin,077,732212,16051,12559,18,12577,240
2020-08-08,San Luis Obispo,079,281455,2410,2081,11,2092,15
2020-08-08,San Mateo,081,765935,7268,6021,4,6025,117
2020-08-08,Santa Barbara,083,443738,7761,6598,53,6651,66
2020-08-08,Santa Clara,085,1922200,14679,11615,19,11634,181
2020-08-08,Santa Cruz,087,273765,1493,1247,11,1258,4
2020-08-08,Shasta,089,179085,542,343,3,346,9
2020-08-08,Sierra,091,2930,5,3,0,3,0
2020-08-08,Siskiyou,093,43540,111,73,0,73,0
2020-08-08,Solano,095,438530,4722,3889,29,3918,31
2020-08-08,Sonoma,097,501317,4365,3399,7,3406,41
2020-08-08,Stanislaus,099,539301,13079,9963,118,10081,105
2020-08-08,Sutter,101,95872,1021,830,1,831,7
2020-08-08,Tehama,103,63373,318,251,2,253,1
2020-08-08,Trinity,105,12862,20,5,5,10,0
2020-08-08,Tulare,107,460477,12398,10505,28,10533,192
2020-08-08,Tuolumne,109,53932,161,143,2,145,1
2020-08-08,Ventura,111,848112,9552,8462,37,8499,85
2020-08-08,Yolo,113,214977,2074,1725,4,1729,44
2020-08-08,Yuba,115,75493,619,430,1,431,1
2020-08-07,Alameda,001,1643700,15237,12805,116,12921,204
2020-08-07,Alpine,003,1148,3,2,0,2,0
2020-08-07,Amador,005,37829,242,125,0,125,2
2020-08-07,Butte,007,227075,1373,1092,12,1104,13
2020-08-07,Calaveras,009,45235,168,119,0,119,1
2020-08-07,Colusa,011,21464,408,358,0,358,4
2020-08-07,Contra Costa,013,1133247,11745,8810,33,8843,126
2020-08-07,Del Norte,015,27424,97,69,0,69,0
2020-08-07,El Dorado,017,186661,864,724,0,724,2
2020-08-07,Fresno,019,978130,23596,17290,216,17506,171
2020-08-07,Glenn,021,27897,406,339,0,339,1
2020-08-07,Humboldt,023,135768,301,274,1,275,4
2020-08-07,Imperial,025,180216,10660,8085,4,8089,164
2020-08-07,Inyo,027,18085,112,81,0,81,1
2020-08-07,Kern,029,883053,26810,22143,152,22295,206
2020-08-07,Kings,031,150075,5214,4315,30,4345,48
2020-08-07,Lake,033,64148,262,215,0,215,1
2020-08-07,Lassen,035,31185,694,588,2,590,0
2020-08-07,Los Angeles,037,10098052,216500,204406,747,205153,4924
2020-08-07,Madera,039,155013,3206,2245,11,2256,20
2020-08-07,Marin,041,260295,5663,5094,10,5104,43
2020-08-07,Mariposa,043,17540,65,53,0,53,2
2020-08-07,Mendocino,045,87422,429,262,0,262,1
2020-08-07,Merced,047,269075,6716,4358,1,4359,30
2020-08-07,Modoc,049,8938,7,4,0,4,0
2020-08-07,Mono,051,14174,160,112,1,113,1
2020-08-07,Monterey,053,433212,6390,5041,17,5058,33
2020-08-07,Napa,055,140530,1266,1055,1,1056,8
2020-08-07,Nevada,057,99092,372,324,12,336,1
2020-08-07,Orange,059,3164182,46034,38459,908,39367,701
2020-08-07,Placer,061,380077,2579,2078,2,2080,20
2020-08-07,Plumas,063,18699,38,25,0,25,0
2020-08-07,Riverside,065,2383286,47994,40902,35,40937,810
2020-08-07,Sacramento,067,1510023,14470,10798,7,10805,160
2020-08-07,San Benito,069,59416,797,647,0,647,2
2020-08-07,San Bernardino,071,2135413,43459,35200,214,35414,524
2020-08-07,San Diego,073,3302833,34497,31781,80,31861,586
2020-08-07,San Francisco,075,870044,8043,6765,7,6772,66
2020-08-07,San Joaquin,077,732212,15967,12392,18,12410,223
2020-08-07,San Luis Obispo,079,281455,2379,2050,11,2061,14
2020-08-07,San Mateo,081,765935,7209,5948,4,5952,117
2020-08-07,Santa Barbara,083,443738,7710,6509,53,6562,66
2020-08-07,Santa Clara,085,1922200,14480,11409,19,11428,180
2020-08-07,Santa Cruz,087,273765,1475,1234,11,1245,5
2020-08-07,Shasta,089,179085,537,342,3,345,9
2020-08-07,Sierra,091,2930,5,3,0,3,0
2020-08-07,Siskiyou,093,43540,108,73,0,73,0
2020-08-07,Solano,095,438530,4690,3844,28,3872,31
2020-08-07,Sonoma,097,501317,4301,3329,7,3336,34
2020-08-07,Stanislaus,099,539301,12958,9665,107,9772,98
2020-08-07,Sutter,101,95872,1017,807,1,808,6
2020-08-07,Tehama,103,63373,314,246,2,248,1
2020-08-07,Trinity,105,12862,19,5,5,10,0
2020-08-07,Tulare,107,460477,12321,10292,28,10320,195
2020-08-07,Tuolumne,109,53932,160,136,2,138,1
2020-08-07,Ventura,111,848112,9492,8356,35,8391,84
2020-08-07,Yolo,113,214977,2047,1689,4,1693,37
2020-08-07,Yuba,115,75493,614,413,1,414,1
2020-08-06,Alameda,001,1643700,15015,12474,115,12589,200
2020-08-06,Alpine,003,1148,3,2,0,2,0
2020-08-06,Amador,005,37829,228,125,0,125,0
2020-08-06,Butte,007,227075,1354,1060,12,1072,13
2020-08-06,Calaveras,009,45235,166,117,0,117,1
2020-08-06,Colusa,011,21464,405,358,0,358,3
2020-08-06,Contra Costa,013,1133247,11551,8583,32,8615,124
2020-08-06,Del Norte,015,27424,97,69,0,69,0
2020-08-06,El Dorado,017,186661,853,703,0,703,1
2020-08-06,Fresno,019,978130,23300,17031,208,17239,161
2020-08-06,Glenn,021,27897,401,332,0,332,1
2020-08-06,Humboldt,023,135768,296,266,1,267,4
2020-08-06,Imperial,025,180216,10617,8064,4,8068,163
2020-08-06,Inyo,027,18085,104,83,0,83,1
2020-08-06,Kern,029,883053,26574,21843,151,21994,197
2020-08-06,Kings,031,150075,5154,4264,28,4292,47
2020-08-06,Lake,033,64148,259,209,0,209,1
2020-08-06,Lassen,035,31185,692,588,2,590,0
2020-08-06,Los Angeles,037,10098052,214419,201372,730,202102,4874
2020-08-06,Madera,039,155013,3158,2240,10,2250,19
2020-08-06,Marin,041,260295,5631,5058,10,5068,43
2020-08-06,Mariposa,043,17540,64,52,0,52,2
2020-08-06,Mendocino,045,87422,415,260,0,260,1
2020-08-06,Merced,047,269075,6615,4235,1,4236,30
2020-08-06,Modoc,049,8938,7,4,0,4,0
2020-08-06,Mono,051,14174,159,111,1,112,1
2020-08-06,Monterey,053,433212,6281,5001,16,5017,33
2020-08-06,Napa,055,140530,1252,1032,1,1033,8
2020-08-06,Nevada,057,99092,367,321,12,333,1
2020-08-06,Orange,059,3164182,45742,38399,903,39302,694
2020-08-06,Placer,061,380077,2553,2045,2,2047,20
2020-08-06,Plumas,063,18699,37,25,0,25,0
2020-08-06,Riverside,065,2383286,47599,40269,35,40304,781
2020-08-06,Sacramento,067,1510023,14242,10548,7,10555,153
2020-08-06,San Benito,069,59416,789,626,0,626,2
2020-08-06,San Bernardino,071,2135413,43056,34819,211,35030,516
2020-08-06,San Diego,073,3302833,34230,31129,73,31202,583
2020-08-06,San Francisco,075,870044,7950,6737,6,6743,60
2020-08-06,San Joaquin,077,732212,15808,12269,18,12287,203
2020-08-06,San Luis Obispo,079,281455,2355,2000,10,2010,13
2020-08-06,San Mateo,081,765935,7109,5885,4,5889,117
2020-08-06,Santa Barbara,083,443738,7650,6620,53,6673,65
2020-08-06,Santa Clara,085,1922200,14251,11280,19,11299,178
2020-08-06,Santa Cruz,087,273765,1454,1215,11,1226,4
2020-08-06,Shasta,089,179085,528,343,3,346,9
2020-08-06,Sierra,091,2930,5,3,0,3,0
2020-08-06,Siskiyou,093,43540,108,73,0,73,0
2020-08-06,Solano,095,438530,4647,3784,28,3812,29
2020-08-06,Sonoma,097,501317,4237,3259,7,3266,33
2020-08-06,Stanislaus,099,539301,12809,9566,90,9656,98
2020-08-06,Sutter,101,95872,986,797,1,798,6
2020-08-06,Tehama,103,63373,311,242,2,244,1
2020-08-06,Trinity,105,12862,17,5,5,10,0
2020-08-06,Tulare,107,460477,12162,10169,28,10197,195
2020-08-06,Tuolumne,109,53932,159,136,2,138,1
2020-08-06,Ventura,111,848112,9381,8245,32,8277,80
2020-08-06,Yolo,113,214977,2023,1662,4,1666,36
2020-08-06,Yuba,115,75493,605,407,0,407,1
2020-08-05,Alameda,001,1643700,14802,12140,114,12254,193
2020-08-05,Alpine,003,1148,3,2,0,2,0
2020-08-05,Amador,005,37829,218,123,0,123,0
2020-08-05,Butte,007,227075,1320,1038,12,1050,13
2020-08-05,Calaveras,009,45235,163,116,0,116,1
2020-08-05,Colusa,011,21464,401,354,0,354,3
2020-08-05,Contra Costa,013,1133247,11387,8362,32,8394,122
2020-08-05,Del Norte,015,27424,96,69,0,69,0
2020-08-05,El Dorado,017,186661,845,692,0,692,1
2020-08-05,Fresno,019,978130,23057,16625,201,16826,159
2020-08-05,Glenn,021,27897,398,330,0,330,1
2020-08-05,Humboldt,023,135768,294,249,1,250,4
2020-08-05,Imperial,025,180216,10582,8036,4,8040,163
2020-08-05,Inyo,027,18085,102,62,0,62,1
2020-08-05,Kern,029,883053,26386,21540,146,21686,194
2020-08-05,Kings,031,150075,5109,4192,26,4218,47
2020-08-05,Lake,033,64148,252,209,0,209,1
2020-08-05,Lassen,035,31185,645,557,2,559,0
2020-08-05,Los Angeles,037,10098052,212500,198355,709,199064,4832
2020-08-05,Madera,039,155013,3116,2172,10,2182,19
2020-08-05,Marin,041,260295,5599,5036,10,5046,43
2020-08-05,Mariposa,043,17540,64,52,0,52,2
2020-08-05,Mendocino,045,87422,403,248,0,248,1
2020-08-05,Merced,047,269075,6480,4119,1,4120,30
2020-08-05,Modoc,049,8938,7,3,0,3,0
2020-08-05,Mono,051,14174,159,104,1,105,1
2020-08-05,Monterey,053,433212,6166,4936,16,4952,32
2020-08-05,Napa,055,140530,1240,1020,1,1021,8
2020-08-05,Nevada,057,99092,358,327,12,339,2
2020-08-05,Orange,059,3164182,45433,37907,895,38802,663
2020-08-05,Placer,061,380077,2512,1989,2,1991,18
2020-08-05,Plumas,063,18699,36,25,0,25,0
2020-08-05,Riverside,065,2383286,47208,39454,33,39487,761
2020-08-05,Sacramento,067,1510023,14023,10261,6,10267,151
2020-08-05,San Benito,069,59416,780,613,0,613,2
2020-08-05,San Bernardino,071,2135413,42593,34442,206,34648,504
2020-08-05,San Diego,073,3302833,34006,30866,57,30923,578
2020-08-05,San Francisco,075,870044,7857,6701,6,6707,60
2020-08-05,San Joaquin,077,732212,15645,12148,18,12166,199
2020-08-05,San Luis Obispo,079,281455,2332,1928,10,1938,13
2020-08-05,San Mateo,081,765935,7013,5695,4,5699,116
2020-08-05,Santa Barbara,083,443738,7589,6597,53,6650,63
2020-08-05,Santa Clara,085,1922200,14016,11074,19,11093,176
2020-08-05,Santa Cruz,087,273765,1434,1192,9,1201,4
2020-08-05,Shasta,089,179085,522,338,3,341,9
2020-08-05,Sierra,091,2930,5,3,0,3,0
2020-08-05,Siskiyou,093,43540,104,72,0,72,0
2020-08-05,Solano,095,438530,4596,3750,27,3777,29
2020-08-05,Sonoma,097,501317,4155,3173,7,3180,33
2020-08-05,Stanislaus,099,539301,12650,9408,85,9493,97
2020-08-05,Sutter,101,95872,975,780,1,781,6
2020-08-05,Tehama,103,63373,308,231,2,233,1
2020-08-05,Trinity,105,12862,17,5,5,10,0
2020-08-05,Tulare,107,460477,12022,9924,28,9952,192
2020-08-05,Tuolumne,109,53932,159,137,2,139,0
2020-08-05,Ventura,111,848112,9273,8162,29,8191,75
2020-08-05,Yolo,113,214977,1995,1634,4,1638,36
2020-08-05,Yuba,115,75493,588,400,0,400,1
2020-08-04,Alameda,001,1643700,14585,11983,113,12096,192
2020-08-04,Alpine,003,1148,3,2,0,2,0
2020-08-04,Amador,005,37829,203,123,0,123,0
2020-08-04,Butte,007,227075,1296,1011,12,1023,10
2020-08-04,Calaveras,009,45235,159,116,0,116,1
2020-08-04,Colusa,011,21464,396,354,0,354,3
2020-08-04,Contra Costa,013,1133247,11221,8210,32,8242,122
2020-08-04,Del Norte,015,27424,94,69,0,69,0
2020-08-04,El Dorado,017,186661,835,668,0,668,1
2020-08-04,Fresno,019,978130,22773,16272,193,16465,154
2020-08-04,Glenn,021,27897,397,325,0,325,1
2020-08-04,Humboldt,023,135768,284,241,1,242,4
2020-08-04,Imperial,025,180216,10545,7974,4,7978,163
2020-08-04,Inyo,027,18085,88,59,0,59,1
2020-08-04,Kern,029,883053,26102,21403,146,21549,190
2020-08-04,Kings,031,150075,5047,4163,26,4189,47
2020-08-04,Lake,033,64148,252,206,0,206,1
2020-08-04,Lassen,035,31185,642,556,2,558,0
2020-08-04,Los Angeles,037,10098052,210540,196014,678,196692,4764
2020-08-04,Madera,039,155013,3073,2161,5,2166,19
2020-08-04,Marin,041,260295,5568,5020,9,5029,43
2020-08-04,Mariposa,043,17540,64,51,0,51,2
2020-08-04,Mendocino,045,87422,378,248,0,248,1
2020-08-04,Merced,047,269075,6366,4085,1,4086,30
2020-08-04,Modoc,049,8938,7,3,0,3,0
2020-08-04,Mono,051,14174,158,104,0,104,1
2020-08-04,Monterey,053,433212,6052,4892,16,4908,32
2020-08-04,Napa,055,140530,1227,994,0,994,8
2020-08-04,Nevada,057,99092,357,322,12,334,2
2020-08-04,Orange,059,3164182,45059,37844,890,38734,659
2020-08-04,Placer,061,380077,2475,1964,2,1966,17
2020-08-04,Plumas,063,18699,36,25,0,25,0
2020-08-04,Riverside,065,2383286,46823,38991,32,39023,743
2020-08-04,Sacramento,067,1510023,13806,10205,6,10211,146
2020-08-04,San Benito,069,59416,764,608,0,608,2
2020-08-04,San Bernardino,071,2135413,42046,34215,200,34415,495
2020-08-04,San Diego,073,3302833,33713,30518,45,30563,568
2020-08-04,San Francisco,075,870044,7770,6568,6,6574,60
2020-08-04,San Joaquin,077,732212,15516,12087,15,12102,189
2020-08-04,San Luis Obispo,079,281455,2302,1886,10,1896,13
2020-08-04,San Mateo,081,765935,6907,5690,4,5694,116
2020-08-04,Santa Barbara,083,443738,7529,6591,53,6644,61
2020-08-04,Santa Clara,085,1922200,13716,10986,19,11005,175
2020-08-04,Santa Cruz,087,273765,1415,1202,9,1211,4
2020-08-04,Shasta,089,179085,516,335,3,338,9
2020-08-04,Sierra,091,2930,5,1,0,1,0
2020-08-04,Siskiyou,093,43540,102,71,0,71,0
2020-08-04,Solano,095,438530,4525,3690,27,3717,29
2020-08-04,Sonoma,097,501317,4088,3108,7,3115,33
2020-08-04,Stanislaus,099,539301,12481,9359,77,9436,97
2020-08-04,Sutter,101,95872,961,761,1,762,6
2020-08-04,Tehama,103,63373,301,226,2,228,1
2020-08-04,Trinity,105,12862,17,5,5,10,0
2020-08-04,Tulare,107,460477,11842,9866,28,9894,192
2020-08-04,Tuolumne,109,53932,158,127,2,129,0
2020-08-04,Ventura,111,848112,9163,8134,27,8161,75
2020-08-04,Yolo,113,214977,1969,1626,4,1630,37
2020-08-04,Yuba,115,75493,573,398,0,398,1
2020-08-03,Alameda,001,1643700,14402,11817,109,11926,189
2020-08-03,Alpine,003,1148,3,2,0,2,0
2020-08-03,Amador,005,37829,199,119,0,119,0
2020-08-03,Butte,007,227075,1250,989,11,1000,9
2020-08-03,Calaveras,009,45235,156,117,0,117,1
2020-08-03,Colusa,011,21464,392,336,0,336,2
2020-08-03,Contra Costa,013,1133247,11025,8069,28,8097,120
2020-08-03,Del Norte,015,27424,90,68,0,68,0
2020-08-03,El Dorado,017,186661,824,645,0,645,1
2020-08-03,Fresno,019,978130,22479,15945,187,16132,151
2020-08-03,Glenn,021,27897,390,316,0,316,1
2020-08-03,Humboldt,023,135768,277,234,1,235,4
2020-08-03,Imperial,025,180216,10491,7953,4,7957,161
2020-08-03,Inyo,027,18085,85,57,0,57,1
2020-08-03,Kern,029,883053,25735,21285,139,21424,176
2020-08-03,Kings,031,150075,4935,4107,26,4133,47
2020-08-03,Lake,033,64148,245,201,0,201,1
2020-08-03,Lassen,035,31185,642,555,2,557,0
2020-08-03,Los Angeles,037,10098052,208498,194103,647,194750,4706
2020-08-03,Madera,039,155013,3024,2143,4,2147,18
2020-08-03,Marin,041,260295,5521,5001,9,5010,43
2020-08-03,Mariposa,043,17540,63,52,0,52,2
2020-08-03,Mendocino,045,87422,355,248,0,248,1
2020-08-03,Merced,047,269075,6244,4028,1,4029,29
2020-08-03,Modoc,049,8938,7,2,0,2,0
2020-08-03,Mono,051,14174,158,104,0,104,1
2020-08-03,Monterey,053,433212,5901,4806,13,4819,28
2020-08-03,Napa,055,140530,1212,973,0,973,8
2020-08-03,Nevada,057,99092,352,315,12,327,2
2020-08-03,Orange,059,3164182,44664,37705,881,38586,651
2020-08-03,Placer,061,380077,2420,1947,1,1948,16
2020-08-03,Plumas,063,18699,36,25,0,25,0
2020-08-03,Riverside,065,2383286,46355,38642,32,38674,740
2020-08-03,Sacramento,067,1510023,13612,10143,6,10149,142
2020-08-03,San Benito,069,59416,752,603,0,603,2
2020-08-03,San Bernardino,071,2135413,41519,33979,194,34173,444
2020-08-03,San Diego,073,3302833,33400,30228,35,30263,565
2020-08-03,San Francisco,075,870044,7676,6319,6,6325,60
2020-08-03,San Joaquin,077,732212,15318,12007,14,12021,189
2020-08-03,San Luis Obispo,079,281455,2260,1863,7,1870,14
2020-08-03,San Mateo,081,765935,6826,5661,4,5665,115
2020-08-03,Santa Barbara,083,443738,7485,6580,53,6633,59
2020-08-03,Santa Clara,085,1922200,13440,10747,19,10766,172
2020-08-03,Santa Cruz,087,273765,1395,1154,9,1163,4
2020-08-03,Shasta,089,179085,509,322,3,325,9
2020-08-03,Sierra,091,2930,5,1,0,1,0
2020-08-03,Siskiyou,093,43540,98,67,0,67,0
2020-08-03,Solano,095,438530,4456,3610,26,3636,29
2020-08-03,Sonoma,097,501317,3989,3079,6,3085,33
2020-08-03,Stanislaus,099,539301,12274,9308,69,9377,96
2020-08-03,Sutter,101,95872,937,713,1,714,6
2020-08-03,Tehama,103,63373,293,225,2,227,1
2020-08-03,Trinity,105,12862,17,5,5,10,0
2020-08-03,Tulare,107,460477,11658,9703,28,9731,188
2020-08-03,Tuolumne,109,53932,158,123,2,125,0
2020-08-03,Ventura,111,848112,9076,8084,25,8109,74
2020-08-03,Yolo,113,214977,1934,1598,3,1601,37
2020-08-03,Yuba,115,75493,549,393,0,393,1
2020-08-02,Alameda,001,1643700,14158,11696,95,11791,188
2020-08-02,Alpine,003,1148,3,2,0,2,0
2020-08-02,Amador,005,37829,194,117,0,117,0
2020-08-02,Butte,007,227075,1215,987,11,998,9
2020-08-02,Calaveras,009,45235,153,116,0,116,1
2020-08-02,Colusa,011,21464,387,335,0,335,2
2020-08-02,Contra Costa,013,1133247,10786,7995,28,8023,118
2020-08-02,Del Norte,015,27424,89,68,0,68,0
2020-08-02,El Dorado,017,186661,814,643,0,643,1
2020-08-02,Fresno,019,978130,22204,15759,180,15939,151
2020-08-02,Glenn,021,27897,389,315,0,315,1
2020-08-02,Humboldt,023,135768,272,232,1,233,4
2020-08-02,Imperial,025,180216,10428,7919,4,7923,157
2020-08-02,Inyo,027,18085,84,45,0,45,1
2020-08-02,Kern,029,883053,25437,21162,137,21299,176
2020-08-02,Kings,031,150075,4873,3964,25,3989,47
2020-08-02,Lake,033,64148,240,201,0,201,1
2020-08-02,Lassen,035,31185,642,555,2,557,0
2020-08-02,Los Angeles,037,10098052,206402,192480,629,193109,4698
2020-08-02,Madera,039,155013,2958,2123,2,2125,18
2020-08-02,Marin,041,260295,5486,4985,9,4994,43
2020-08-02,Mariposa,043,17540,61,52,0,52,2
2020-08-02,Mendocino,045,87422,345,247,0,247,1
2020-08-02,Merced,047,269075,6103,4011,1,4012,29
2020-08-02,Modoc,049,8938,7,2,0,2,0
2020-08-02,Mono,051,14174,151,104,0,104,1
2020-08-02,Monterey,053,433212,5775,4698,13,4711,28
2020-08-02,Napa,055,140530,1197,956,0,956,8
2020-08-02,Nevada,057,99092,349,314,12,326,2
2020-08-02,Orange,059,3164182,44283,37266,870,38136,651
2020-08-02,Placer,061,380077,2381,1920,1,1921,15
2020-08-02,Plumas,063,18699,36,25,0,25,0
2020-08-02,Riverside,065,2383286,45922,38507,31,38538,735
2020-08-02,Sacramento,067,1510023,13333,10099,6,10105,142
2020-08-02,San Benito,069,59416,738,599,0,599,2
2020-08-02,San Bernardino,071,2135413,40918,33643,190,33833,443
2020-08-02,San Diego,073,3302833,33061,29885,26,29911,565
2020-08-02,San Francisco,075,870044,7558,6297,6,6303,60
2020-08-02,San Joaquin,077,732212,15032,11937,12,11949,189
2020-08-02,San Luis Obispo,079,281455,2198,1821,7,1828,14
2020-08-02,San Mateo,081,765935,6711,5618,4,5622,115
2020-08-02,Santa Barbara,083,443738,7394,6532,53,6585,59
2020-08-02,Santa Clara,085,1922200,13222,10577,19,10596,172
2020-08-02,Santa Cruz,087,273765,1375,1162,9,1171,4
2020-08-02,Shasta,089,179085,505,318,3,321,9
2020-08-02,Sierra,091,2930,4,1,0,1,0
2020-08-02,Siskiyou,093,43540,98,65,0,65,0
2020-08-02,Solano,095,438530,4397,3609,26,3635,29
2020-08-02,Sonoma,097,501317,3905,3005,6,3011,33
2020-08-02,Stanislaus,099,539301,12059,9277,63,9340,96
2020-08-02,Sutter,101,95872,902,714,1,715,6
2020-08-02,Tehama,103,63373,287,222,2,224,1
2020-08-02,Trinity,105,12862,16,5,5,10,0
2020-08-02,Tulare,107,460477,11449,9593,28,9621,188
2020-08-02,Tuolumne,109,53932,155,123,2,125,0
2020-08-02,Ventura,111,848112,8934,8014,25,8039,73
2020-08-02,Yolo,113,214977,1909,1588,3,1591,37
2020-08-02,Yuba,115,75493,529,393,0,393,1
2020-08-01,Alameda,001,1643700,14046,11590,95,11685,188
2020-08-01,Alpine,003,1148,3,2,0,2,0
2020-08-01,Amador,005,37829,190,109,0,109,0
2020-08-01,Butte,007,227075,1201,976,11,987,9
2020-08-01,Calaveras,009,45235,149,116,0,116,1
2020-08-01,Colusa,011,21464,386,327,0,327,2
2020-08-01,Contra Costa,013,1133247,10653,7867,27,7894,116
2020-08-01,Del Norte,015,27424,89,68,0,68,0
2020-08-01,El Dorado,017,186661,811,637,0,637,1
2020-08-01,Fresno,019,978130,22067,15448,180,15628,149
2020-08-01,Glenn,021,27897,388,311,0,311,1
2020-08-01,Humboldt,023,135768,271,232,1,233,4
2020-08-01,Imperial,025,180216,10392,7919,4,7923,156
2020-08-01,Inyo,027,18085,82,45,0,45,1
2020-08-01,Kern,029,883053,25277,20796,133,20929,176
2020-08-01,Kings,031,150075,4847,3948,25,3973,47
2020-08-01,Lake,033,64148,238,194,0,194,1
2020-08-01,Lassen,035,31185,641,555,2,557,0
2020-08-01,Los Angeles,037,10098052,205510,191023,601,191624,4674
2020-08-01,Madera,039,155013,2919,2103,2,2105,18
2020-08-01,Marin,041,260295,5471,4945,8,4953,43
2020-08-01,Mariposa,043,17540,61,50,0,50,2
2020-08-01,Mendocino,045,87422,338,243,0,243,1
2020-08-01,Merced,047,269075,6055,3972,1,3973,29
2020-08-01,Modoc,049,8938,7,2,0,2,0
2020-08-01,Mono,051,14174,150,104,0,104,1
2020-08-01,Monterey,053,433212,5708,4611,12,4623,28
2020-08-01,Napa,055,140530,1188,923,0,923,8
2020-08-01,Nevada,057,99092,345,305,12,317,2
2020-08-01,Orange,059,3164182,44056,36703,864,37567,648
2020-08-01,Placer,061,380077,2347,1891,1,1892,14
2020-08-01,Plumas,063,18699,35,25,0,25,0
2020-08-01,Riverside,065,2383286,45710,38216,29,38245,704
2020-08-01,Sacramento,067,1510023,13182,10044,6,10050,141
2020-08-01,San Benito,069,59416,727,579,0,579,2
2020-08-01,San Bernardino,071,2135413,40682,32947,189,33136,440
2020-08-01,San Diego,073,3302833,32844,29579,18,29597,565
2020-08-01,San Francisco,075,870044,7496,6296,6,6302,60
2020-08-01,San Joaquin,077,732212,14960,11807,11,11818,189
2020-08-01,San Luis Obispo,079,281455,2171,1798,7,1805,13
2020-08-01,San Mateo,081,765935,6657,5520,4,5524,115
2020-08-01,Santa Barbara,083,443738,7354,6465,53,6518,59
2020-08-01,Santa Clara,085,1922200,13071,10281,19,10300,171
2020-08-01,Santa Cruz,087,273765,1359,1164,9,1173,4
2020-08-01,Shasta,089,179085,500,312,3,315,9
2020-08-01,Sierra,091,2930,3,1,0,1,0
2020-08-01,Siskiyou,093,43540,98,64,0,64,0
2020-08-01,Solano,095,438530,4363,3591,25,3616,29
2020-08-01,Sonoma,097,501317,3859,2890,6,2896,29
2020-08-01,Stanislaus,099,539301,11941,9221,55,9276,96
2020-08-01,Sutter,101,95872,898,714,1,715,6
2020-08-01,Tehama,103,63373,284,220,2,222,1
2020-08-01,Trinity,105,12862,16,5,5,10,0
2020-08-01,Tulare,107,460477,11381,9520,28,9548,188
2020-08-01,Tuolumne,109,53932,155,123,2,125,0
2020-08-01,Ventura,111,848112,8888,7819,25,7844,73
2020-08-01,Yolo,113,214977,1899,1557,3,1560,37
2020-08-01,Yuba,115,75493,524,387,0,387,1
2020-07-31,Alameda,001,1643700,13915,11441,95,11536,187
2020-07-31,Alpine,003,1148,3,2,0,2,0
2020-07-31,Amador,005,37829,189,98,0,98,0
2020-07-31,Butte,007,227075,1178,925,11,936,7
2020-07-31,Calaveras,009,45235,149,112,0,112,1
2020-07-31,Colusa,011,21464,376,319,0,319,2
2020-07-31,Contra Costa,013,1133247,10505,7697,26,7723,113
2020-07-31,Del Norte,015,27424,88,68,0,68,0
2020-07-31,El Dorado,017,186661,800,616,0,616,1
2020-07-31,Fresno,019,978130,21848,15083,180,15263,133
2020-07-31,Glenn,021,27897,381,304,0,304,1
2020-07-31,Humboldt,023,135768,264,229,1,230,4
2020-07-31,Imperial,025,180216,10360,7886,4,7890,155
2020-07-31,Inyo,027,18085,72,45,0,45,1
2020-07-31,Kern,029,883053,25036,20061,128,20189,173
2020-07-31,Kings,031,150075,4819,3807,25,3832,45
2020-07-31,Lake,033,64148,237,191,0,191,1
2020-07-31,Lassen,035,31185,636,544,2,546,0
2020-07-31,Los Angeles,037,10098052,203901,188688,588,189276,4628
2020-07-31,Madera,039,155013,2872,2036,2,2038,19
2020-07-31,Marin,041,260295,5427,4885,5,4890,43
2020-07-31,Mariposa,043,17540,61,49,0,49,2
2020-07-31,Mendocino,045,87422,323,232,0,232,1
2020-07-31,Merced,047,269075,5972,3789,1,3790,30
2020-07-31,Modoc,049,8938,6,0,0,0,0
2020-07-31,Mono,051,14174,149,104,0,104,1
2020-07-31,Monterey,053,433212,5616,4493,12,4505,24
2020-07-31,Napa,055,140530,1176,897,0,897,7
2020-07-31,Nevada,057,99092,343,302,12,314,2
2020-07-31,Orange,059,3164182,43756,36196,848,37044,620
2020-07-31,Placer,061,380077,2322,1853,1,1854,14
2020-07-31,Plumas,063,18699,34,25,0,25,0
2020-07-31,Riverside,065,2383286,45320,37612,28,37640,694
2020-07-31,Sacramento,067,1510023,13004,9872,6,9878,132
2020-07-31,San Benito,069,59416,719,567,0,567,2
2020-07-31,San Bernardino,071,2135413,40353,32332,187,32519,434
2020-07-31,San Diego,073,3302833,32610,29050,10,29060,561
2020-07-31,San Francisco,075,870044,7397,6126,6,6132,60
2020-07-31,San Joaquin,077,732212,14824,11561,11,11572,177
2020-07-31,San Luis Obispo,079,281455,2101,1746,7,1753,12
2020-07-31,San Mateo,081,765935,6585,5416,4,5420,115
2020-07-31,Santa Barbara,083,443738,7287,6375,53,6428,58
2020-07-31,Santa Clara,085,1922200,12850,9863,19,9882,171
2020-07-31,Santa Cruz,087,273765,1336,1118,9,1127,4
2020-07-31,Shasta,089,179085,490,305,3,308,9
2020-07-31,Sierra,091,2930,3,1,0,1,0
2020-07-31,Siskiyou,093,43540,96,61,0,61,0
2020-07-31,Solano,095,438530,4316,3510,24,3534,29
2020-07-31,Sonoma,097,501317,3801,2745,6,2751,27
2020-07-31,Stanislaus,099,539301,11834,9061,50,9111,94
2020-07-31,Sutter,101,95872,893,714,1,715,6
2020-07-31,Tehama,103,63373,281,213,2,215,1
2020-07-31,Trinity,105,12862,16,5,5,10,0
2020-07-31,Tulare,107,460477,11260,9365,28,9393,184
2020-07-31,Tuolumne,109,53932,155,120,2,122,0
2020-07-31,Ventura,111,848112,8813,7521,25,7546,71
2020-07-31,Yolo,113,214977,1873,1522,3,1525,38
2020-07-31,Yuba,115,75493,515,369,0,369,1
2020-07-30,Alameda,001,1643700,13715,11303,53,11356,185
2020-07-30,Alpine,003,1148,3,2,0,2,0
2020-07-30,Amador,005,37829,171,97,0,97,0
2020-07-30,Butte,007,227075,1162,915,11,926,7
2020-07-30,Calaveras,009,45235,145,111,0,111,1
2020-07-30,Colusa,011,21464,373,315,0,315,2
2020-07-30,Contra Costa,013,1133247,10320,7615,25,7640,112
2020-07-30,Del Norte,015,27424,88,68,0,68,0
2020-07-30,El Dorado,017,186661,793,608,0,608,1
2020-07-30,Fresno,019,978130,21513,14793,174,14967,133
2020-07-30,Glenn,021,27897,374,297,0,297,1
2020-07-30,Humboldt,023,135768,262,228,1,229,4
2020-07-30,Imperial,025,180216,10301,7849,4,7853,151
2020-07-30,Inyo,027,18085,68,44,0,44,1
2020-07-30,Kern,029,883053,24743,19552,124,19676,171
2020-07-30,Kings,031,150075,4715,3785,25,3810,43
2020-07-30,Lake,033,64148,231,181,0,181,1
2020-07-30,Lassen,035,31185,633,544,2,546,0
2020-07-30,Los Angeles,037,10098052,201866,186177,555,186732,4564
2020-07-30,Madera,039,155013,2802,2007,2,2009,18
2020-07-30,Marin,041,260295,5385,4835,4,4839,39
2020-07-30,Mariposa,043,17540,61,49,0,49,1
2020-07-30,Mendocino,045,87422,316,232,0,232,1
2020-07-30,Merced,047,269075,5807,3695,1,3696,30
2020-07-30,Modoc,049,8938,6,0,0,0,0
2020-07-30,Mono,051,14174,148,104,0,104,1
2020-07-30,Monterey,053,433212,5504,4352,12,4364,24
2020-07-30,Napa,055,140530,1159,874,0,874,7
2020-07-30,Nevada,057,99092,338,292,12,304,2
2020-07-30,Orange,059,3164182,43342,36105,823,36928,607
2020-07-30,Placer,061,380077,2271,1821,1,1822,14
2020-07-30,Plumas,063,18699,33,25,0,25,0
2020-07-30,Riverside,065,2383286,44779,37308,28,37336,685
2020-07-30,Sacramento,067,1510023,12784,9704,6,9710,126
2020-07-30,San Benito,069,59416,706,558,0,558,2
2020-07-30,San Bernardino,071,2135413,39828,32010,187,32197,427
2020-07-30,San Diego,073,3302833,32263,28670,8,28678,558
2020-07-30,San Francisco,075,870044,7297,6107,6,6113,59
2020-07-30,San Joaquin,077,732212,14630,11435,11,11446,161
2020-07-30,San Luis Obispo,079,281455,2066,1703,7,1710,12
2020-07-30,San Mateo,081,765935,6490,5369,4,5373,115
2020-07-30,Santa Barbara,083,443738,7207,6273,53,6326,52
2020-07-30,Santa Clara,085,1922200,12612,9708,18,9726,170
2020-07-30,Santa Cruz,087,273765,1309,1087,9,1096,4
2020-07-30,Shasta,089,179085,486,306,3,309,8
2020-07-30,Sierra,091,2930,3,1,0,1,0
2020-07-30,Siskiyou,093,43540,95,60,0,60,0
2020-07-30,Solano,095,438530,4265,3463,24,3487,29
2020-07-30,Sonoma,097,501317,3729,2684,6,2690,25
2020-07-30,Stanislaus,099,539301,11621,8890,42,8932,94
2020-07-30,Sutter,101,95872,874,698,1,699,6
2020-07-30,Tehama,103,63373,278,208,2,210,1
2020-07-30,Trinity,105,12862,16,4,5,9,0
2020-07-30,Tulare,107,460477,11131,9167,28,9195,177
2020-07-30,Tuolumne,109,53932,154,119,2,121,0
2020-07-30,Ventura,111,848112,8701,7304,23,7327,69
2020-07-30,Yolo,113,214977,1853,1511,3,1514,37
2020-07-30,Yuba,115,75493,502,362,0,362,1
2020-07-29,Alameda,001,1643700,13496,11177,48,11225,180
2020-07-29,Alpine,003,1148,3,2,0,2,0
2020-07-29,Amador,005,37829,163,80,0,80,0
2020-07-29,Butte,007,227075,1136,889,9,898,7
2020-07-29,Calaveras,009,45235,139,107,0,107,1
2020-07-29,Colusa,011,21464,369,302,0,302,2
2020-07-29,Contra Costa,013,1133247,10117,7520,25,7545,108
2020-07-29,Del Norte,015,27424,88,68,0,68,0
2020-07-29,El Dorado,017,186661,783,588,0,588,1
2020-07-29,Fresno,019,978130,21222,14312,174,14486,125
2020-07-29,Glenn,021,27897,367,294,0,294,1
2020-07-29,Humboldt,023,135768,259,221,1,222,4
2020-07-29,Imperial,025,180216,10253,7825,4,7829,147
2020-07-29,Inyo,027,18085,63,44,0,44,1
2020-07-29,Kern,029,883053,24405,19073,121,19194,162
2020-07-29,Kings,031,150075,4667,3755,25,3780,43
2020-07-29,Lake,033,64148,229,179,0,179,1
2020-07-29,Lassen,035,31185,618,513,2,515,0
2020-07-29,Los Angeles,037,10098052,199830,183600,538,184138,4523
2020-07-29,Madera,039,155013,2748,1941,2,1943,18
2020-07-29,Marin,041,260295,5347,4747,4,4751,34
2020-07-29,Mariposa,043,17540,60,47,0,47,1
2020-07-29,Mendocino,045,87422,308,228,0,228,0
2020-07-29,Merced,047,269075,5667,3605,1,3606,25
2020-07-29,Modoc,049,8938,5,0,0,0,0
2020-07-29,Mono,051,14174,145,102,0,102,1
2020-07-29,Monterey,053,433212,5405,4252,12,4264,24
2020-07-29,Napa,055,140530,1131,866,0,866,7
2020-07-29,Nevada,057,99092,334,288,12,300,1
2020-07-29,Orange,059,3164182,42908,35339,811,36150,589
2020-07-29,Placer,061,380077,2239,1798,1,1799,14
2020-07-29,Plumas,063,18699,33,25,0,25,0
2020-07-29,Riverside,065,2383286,44188,36968,28,36996,678
2020-07-29,Sacramento,067,1510023,12538,9538,6,9544,122
2020-07-29,San Benito,069,59416,691,537,0,537,2
2020-07-29,San Bernardino,071,2135413,39339,31168,176,31344,417
2020-07-29,San Diego,073,3302833,31938,28289,7,28296,552
2020-07-29,San Francisco,075,870044,7203,6041,6,6047,56
2020-07-29,San Joaquin,077,732212,14382,11249,8,11257,154
2020-07-29,San Luis Obispo,079,281455,2046,1673,7,1680,11
2020-07-29,San Mateo,081,765935,6402,5305,4,5309,114
2020-07-29,Santa Barbara,083,443738,7137,6215,53,6268,31
2020-07-29,Santa Clara,085,1922200,12404,9567,18,9585,165
2020-07-29,Santa Cruz,087,273765,1285,1051,9,1060,4
2020-07-29,Shasta,089,179085,474,297,3,300,8
2020-07-29,Sierra,091,2930,2,1,0,1,0
2020-07-29,Siskiyou,093,43540,93,58,0,58,0
2020-07-29,Solano,095,438530,4211,3380,24,3404,29
2020-07-29,Sonoma,097,501317,3652,2598,6,2604,26
2020-07-29,Stanislaus,099,539301,11400,8745,36,8781,94
2020-07-29,Sutter,101,95872,846,678,1,679,6
2020-07-29,Tehama,103,63373,274,206,2,208,1
2020-07-29,Trinity,105,12862,16,4,5,9,0
2020-07-29,Tulare,107,460477,10960,9028,28,9056,156
2020-07-29,Tuolumne,109,53932,154,118,2,120,0
2020-07-29,Ventura,111,848112,8596,7161,23,7184,68
2020-07-29,Yolo,113,214977,1827,1488,3,1491,36
2020-07-29,Yuba,115,75493,486,350,0,350,1
2020-07-28,Alameda,001,1643700,13269,10875,47,10922,180
2020-07-28,Alpine,003,1148,3,2,0,2,0
2020-07-28,Amador,005,37829,153,77,0,77,0
2020-07-28,Butte,007,227075,1101,857,9,866,7
2020-07-28,Calaveras,009,45235,138,105,0,105,1
2020-07-28,Colusa,011,21464,363,290,0,290,2
2020-07-28,Contra Costa,013,1133247,9895,7426,25,7451,107
2020-07-28,Del Norte,015,27424,87,68,0,68,0
2020-07-28,El Dorado,017,186661,768,558,0,558,1
2020-07-28,Fresno,019,978130,20888,13933,168,14101,125
2020-07-28,Glenn,021,27897,365,289,0,289,1
2020-07-28,Humboldt,023,135768,258,218,1,219,4
2020-07-28,Imperial,025,180216,10217,7804,4,7808,145
2020-07-28,Inyo,027,18085,61,43,0,43,1
2020-07-28,Kern,029,883053,24042,18834,115,18949,155
2020-07-28,Kings,031,150075,4621,3721,25,3746,41
2020-07-28,Lake,033,64148,225,179,0,179,1
2020-07-28,Lassen,035,31185,612,508,2,510,0
2020-07-28,Los Angeles,037,10098052,197599,179107,516,179623,4435
2020-07-28,Madera,039,155013,2682,1889,2,1891,18
2020-07-28,Marin,041,260295,5278,4698,4,4702,23
2020-07-28,Mariposa,043,17540,58,45,0,45,1
2020-07-28,Mendocino,045,87422,297,222,0,222,0
2020-07-28,Merced,047,269075,5522,3446,1,3447,23
2020-07-28,Modoc,049,8938,4,0,0,0,0
2020-07-28,Mono,051,14174,144,102,0,102,1
2020-07-28,Monterey,053,433212,5284,4047,12,4059,22
2020-07-28,Napa,055,140530,1109,824,0,824,6
2020-07-28,Nevada,057,99092,329,278,12,290,1
2020-07-28,Orange,059,3164182,42450,34832,797,35629,582
2020-07-28,Placer,061,380077,2204,1759,1,1760,14
2020-07-28,Plumas,063,18699,33,22,0,22,0
2020-07-28,Riverside,065,2383286,43588,36458,28,36486,668
2020-07-28,Sacramento,067,1510023,12280,9429,6,9435,117
2020-07-28,San Benito,069,59416,681,503,0,503,2
2020-07-28,San Bernardino,071,2135413,38818,30493,172,30665,412
2020-07-28,San Diego,073,3302833,31588,28007,5,28012,547
2020-07-28,San Francisco,075,870044,7090,5888,6,5894,56
2020-07-28,San Joaquin,077,732212,14099,10958,6,10964,141
2020-07-28,San Luis Obispo,079,281455,2015,1636,7,1643,9
2020-07-28,San Mateo,081,765935,6328,5171,4,5175,114
2020-07-28,Santa Barbara,083,443738,7074,6110,51,6161,31
2020-07-28,Santa Clara,085,1922200,12169,9307,18,9325,165
2020-07-28,Santa Cruz,087,273765,1258,1018,9,1027,4
2020-07-28,Shasta,089,179085,462,275,3,278,8
2020-07-28,Sierra,091,2930,2,1,0,1,0
2020-07-28,Siskiyou,093,43540,89,57,0,57,0
2020-07-28,Solano,095,438530,4164,3292,23,3315,29
2020-07-28,Sonoma,097,501317,3579,2553,6,2559,20
2020-07-28,Stanislaus,099,539301,11179,8492,27,8519,92
2020-07-28,Sutter,101,95872,809,653,0,653,2
2020-07-28,Tehama,103,63373,269,199,2,201,1
2020-07-28,Trinity,105,12862,16,3,5,8,0
2020-07-28,Tulare,107,460477,10773,8787,28,8815,96
2020-07-28,Tuolumne,109,53932,153,116,2,118,0
2020-07-28,Ventura,111,848112,8470,7045,22,7067,68
2020-07-28,Yolo,113,214977,1799,1459,3,1462,36
2020-07-28,Yuba,115,75493,469,333,0,333,1
2020-07-27,Alameda,001,1643700,13042,10645,44,10689,176
2020-07-27,Alpine,003,1148,3,2,0,2,0
2020-07-27,Amador,005,37829,148,72,0,72,0
2020-07-27,Butte,007,227075,1074,843,9,852,7
2020-07-27,Calaveras,009,45235,134,103,0,103,1
2020-07-27,Colusa,011,21464,356,271,0,271,2
2020-07-27,Contra Costa,013,1133247,9673,7256,25,7281,104
2020-07-27,Del Norte,015,27424,86,67,0,67,0
2020-07-27,El Dorado,017,186661,756,548,0,548,1
2020-07-27,Fresno,019,978130,20542,13485,162,13647,117
2020-07-27,Glenn,021,27897,363,277,0,277,1
2020-07-27,Humboldt,023,135768,253,218,1,219,4
2020-07-27,Imperial,025,180216,10167,7789,4,7793,144
2020-07-27,Inyo,027,18085,61,43,0,43,1
2020-07-27,Kern,029,883053,23540,17994,109,18103,148
2020-07-27,Kings,031,150075,4372,3685,25,3710,39
2020-07-27,Lake,033,64148,221,176,0,176,1
2020-07-27,Lassen,035,31185,612,503,2,505,0
2020-07-27,Los Angeles,037,10098052,195147,176351,495,176846,4379
2020-07-27,Madera,039,155013,2617,1793,2,1795,17
2020-07-27,Marin,041,260295,5190,4669,4,4673,22
2020-07-27,Mariposa,043,17540,58,43,0,43,1
2020-07-27,Mendocino,045,87422,284,209,0,209,0
2020-07-27,Merced,047,269075,5382,3292,1,3293,23
2020-07-27,Modoc,049,8938,3,0,0,0,0
2020-07-27,Mono,051,14174,140,99,0,99,1
2020-07-27,Monterey,053,433212,5094,3960,12,3972,21
2020-07-27,Napa,055,140530,1094,769,0,769,6
2020-07-27,Nevada,057,99092,325,268,12,280,1
2020-07-27,Orange,059,3164182,42010,34649,781,35430,566
2020-07-27,Placer,061,380077,2154,1679,1,1680,12
2020-07-27,Plumas,063,18699,33,22,0,22,0
2020-07-27,Riverside,065,2383286,42911,35822,28,35850,667
2020-07-27,Sacramento,067,1510023,11988,9091,6,9097,114
2020-07-27,San Benito,069,59416,666,498,0,498,2
2020-07-27,San Bernardino,071,2135413,38227,29928,161,30089,401
2020-07-27,San Diego,073,3302833,31214,27509,4,27513,533
2020-07-27,San Francisco,075,870044,7003,5825,6,5831,55
2020-07-27,San Joaquin,077,732212,13808,10728,6,10734,129
2020-07-27,San Luis Obispo,079,281455,1970,1612,7,1619,9
2020-07-27,San Mateo,081,765935,6219,5108,4,5112,113
2020-07-27,Santa Barbara,083,443738,6993,6026,49,6075,30
2020-07-27,Santa Clara,085,1922200,11902,9157,17,9174,166
2020-07-27,Santa Cruz,087,273765,1236,984,9,993,4
2020-07-27,Shasta,089,179085,455,275,3,278,8
2020-07-27,Sierra,091,2930,2,1,0,1,0
2020-07-27,Siskiyou,093,43540,87,54,0,54,0
2020-07-27,Solano,095,438530,4097,3198,22,3220,29
2020-07-27,Sonoma,097,501317,3488,2504,6,2510,20
2020-07-27,Stanislaus,099,539301,10952,8288,19,8307,84
2020-07-27,Sutter,101,95872,783,620,0,620,2
2020-07-27,Tehama,103,63373,261,192,2,194,1
2020-07-27,Trinity,105,12862,16,3,5,8,0
2020-07-27,Tulare,107,460477,10555,8462,28,8490,172
2020-07-27,Tuolumne,109,53932,150,115,2,117,0
2020-07-27,Ventura,111,848112,8342,6998,22,7020,68
2020-07-27,Yolo,113,214977,1754,1439,3,1442,33
2020-07-27,Yuba,115,75493,449,328,0,328,1
2020-07-26,Alameda,001,1643700,12804,10489,44,10533,176
2020-07-26,Alpine,003,1148,3,2,0,2,0
2020-07-26,Amador,005,37829,142,67,0,67,0
2020-07-26,Butte,007,227075,1037,822,9,831,5
2020-07-26,Calaveras,009,45235,131,103,0,103,1
2020-07-26,Colusa,011,21464,347,270,0,270,2
2020-07-26,Contra Costa,013,1133247,9436,7095,25,7120,104
2020-07-26,Del Norte,015,27424,84,67,0,67,0
2020-07-26,El Dorado,017,186661,738,539,0,539,1
2020-07-26,Fresno,019,978130,20150,13209,154,13363,117
2020-07-26,Glenn,021,27897,355,265,0,265,1
2020-07-26,Humboldt,023,135768,247,214,1,215,4
2020-07-26,Imperial,025,180216,10094,7781,4,7785,144
2020-07-26,Inyo,027,18085,56,43,0,43,1
2020-07-26,Kern,029,883053,23016,17394,106,17500,148
2020-07-26,Kings,031,150075,4313,3591,25,3616,39
2020-07-26,Lake,033,64148,213,174,0,174,1
2020-07-26,Lassen,035,31185,571,503,2,505,0
2020-07-26,Los Angeles,037,10098052,192574,174322,476,174798,4364
2020-07-26,Madera,039,155013,2530,1744,2,1746,17
2020-07-26,Marin,041,260295,5144,4595,4,4599,22
2020-07-26,Mariposa,043,17540,56,43,0,43,1
2020-07-26,Mendocino,045,87422,275,206,0,206,0
2020-07-26,Merced,047,269075,5202,3251,1,3252,23
2020-07-26,Modoc,049,8938,3,0,0,0,0
2020-07-26,Mono,051,14174,136,82,0,82,1
2020-07-26,Monterey,053,433212,4928,3901,12,3913,21
2020-07-26,Napa,055,140530,1075,769,0,769,6
2020-07-26,Nevada,057,99092,322,261,12,273,1
2020-07-26,Orange,059,3164182,41485,34352,749,35101,564
2020-07-26,Placer,061,380077,2089,1628,1,1629,12
2020-07-26,Plumas,063,18699,33,22,0,22,0
2020-07-26,Riverside,065,2383286,42351,35636,28,35664,665
2020-07-26,Sacramento,067,1510023,11684,8972,6,8978,114
2020-07-26,San Benito,069,59416,654,495,0,495,2
2020-07-26,San Bernardino,071,2135413,37589,29545,152,29697,400
2020-07-26,San Diego,073,3302833,30819,26986,3,26989,533
2020-07-26,San Francisco,075,870044,6895,5823,6,5829,55
2020-07-26,San Joaquin,077,732212,13516,10637,6,10643,129
2020-07-26,San Luis Obispo,079,281455,1927,1565,7,1572,8
2020-07-26,San Mateo,081,765935,6113,5078,4,5082,113
2020-07-26,Santa Barbara,083,443738,6891,5939,49,5988,30
2020-07-26,Santa Clara,085,1922200,11673,8986,17,9003,166
2020-07-26,Santa Cruz,087,273765,1209,970,9,979,4
2020-07-26,Shasta,089,179085,448,265,3,268,8
2020-07-26,Sierra,091,2930,2,1,0,1,0
2020-07-26,Siskiyou,093,43540,85,54,0,54,0
2020-07-26,Solano,095,438530,4017,3197,20,3217,29
2020-07-26,Sonoma,097,501317,3399,2503,5,2508,20
2020-07-26,Stanislaus,099,539301,10692,8228,17,8245,84
2020-07-26,Sutter,101,95872,769,612,0,612,2
2020-07-26,Tehama,103,63373,254,175,2,177,1
2020-07-26,Trinity,105,12862,16,3,5,8,0
2020-07-26,Tulare,107,460477,10348,8392,28,8420,172
2020-07-26,Tuolumne,109,53932,145,113,2,115,0
2020-07-26,Ventura,111,848112,8136,6844,22,6866,67
2020-07-26,Yolo,113,214977,1723,1408,3,1411,33
2020-07-26,Yuba,115,75493,430,313,0,313,1
2020-07-25,Alameda,001,1643700,12707,10361,42,10403,176
2020-07-25,Alpine,003,1148,3,2,0,2,0
2020-07-25,Amador,005,37829,139,67,0,67,0
2020-07-25,Butte,007,227075,1028,810,9,819,5
2020-07-25,Calaveras,009,45235,127,103,0,103,1
2020-07-25,Colusa,011,21464,340,265,0,265,2
2020-07-25,Contra Costa,013,1133247,9291,6920,25,6945,104
2020-07-25,Del Norte,015,27424,84,67,0,67,0
2020-07-25,El Dorado,017,186661,727,528,0,528,1
2020-07-25,Fresno,019,978130,19964,12866,154,13020,117
2020-07-25,Glenn,021,27897,353,260,0,260,1
2020-07-25,Humboldt,023,135768,244,212,1,213,4
2020-07-25,Imperial,025,180216,10068,7727,4,7731,144
2020-07-25,Inyo,027,18085,55,43,0,43,1
2020-07-25,Kern,029,883053,22798,16910,105,17015,148
2020-07-25,Kings,031,150075,4296,3516,25,3541,39
2020-07-25,Lake,033,64148,211,173,0,173,1
2020-07-25,Lassen,035,31185,571,503,2,505,0
2020-07-25,Los Angeles,037,10098052,191444,172611,468,173079,4357
2020-07-25,Madera,039,155013,2498,1724,2,1726,17
2020-07-25,Marin,041,260295,5128,4562,4,4566,22
2020-07-25,Mariposa,043,17540,55,43,0,43,1
2020-07-25,Mendocino,045,87422,269,190,0,190,0
2020-07-25,Merced,047,269075,5123,3176,1,3177,23
2020-07-25,Modoc,049,8938,3,0,0,0,0
2020-07-25,Mono,051,14174,136,82,0,82,1
2020-07-25,Monterey,053,433212,4851,3805,12,3817,21
2020-07-25,Napa,055,140530,1062,746,0,746,6
2020-07-25,Nevada,057,99092,320,257,12,269,1
2020-07-25,Orange,059,3164182,41265,33978,727,34705,561
2020-07-25,Placer,061,380077,2073,1596,1,1597,12
2020-07-25,Plumas,063,18699,33,22,0,22,0
2020-07-25,Riverside,065,2383286,42083,34921,28,34949,655
2020-07-25,Sacramento,067,1510023,11538,8674,6,8680,113
2020-07-25,San Benito,069,59416,638,492,0,492,2
2020-07-25,San Bernardino,071,2135413,37310,29265,149,29414,394
2020-07-25,San Diego,073,3302833,30558,26703,3,26706,533
2020-07-25,San Francisco,075,870044,6837,5644,6,5650,55
2020-07-25,San Joaquin,077,732212,13390,10347,6,10353,129
2020-07-25,San Luis Obispo,079,281455,1907,1530,6,1536,8
2020-07-25,San Mateo,081,765935,6050,5023,4,5027,113
2020-07-25,Santa Barbara,083,443738,6856,5880,49,5929,30
2020-07-25,Santa Clara,085,1922200,11539,8767,17,8784,166
2020-07-25,Santa Cruz,087,273765,1192,939,9,948,4
2020-07-25,Shasta,089,179085,443,263,1,264,8
2020-07-25,Sierra,091,2930,2,1,0,1,0
2020-07-25,Siskiyou,093,43540,83,54,0,54,0
2020-07-25,Solano,095,438530,3977,3107,18,3125,29
2020-07-25,Sonoma,097,501317,3360,2412,5,2417,20
2020-07-25,Stanislaus,099,539301,10589,7994,14,8008,84
2020-07-25,Sutter,101,95872,750,603,0,603,2
2020-07-25,Tehama,103,63373,253,169,2,171,1
2020-07-25,Trinity,105,12862,16,3,5,8,0
2020-07-25,Tulare,107,460477,10248,8310,28,8338,172
2020-07-25,Tuolumne,109,53932,144,99,2,101,0
2020-07-25,Ventura,111,848112,8063,6662,22,6684,62
2020-07-25,Yolo,113,214977,1708,1357,3,1360,35
2020-07-25,Yuba,115,75493,424,312,0,312,1
2020-07-24,Alameda,001,1643700,12565,10216,39,10255,176
2020-07-24,Alpine,003,1148,3,2,0,2,0
2020-07-24,Amador,005,37829,137,66,0,66,0
2020-07-24,Butte,007,227075,1016,751,9,760,5
2020-07-24,Calaveras,009,45235,123,102,0,102,0
2020-07-24,Colusa,011,21464,337,255,0,255,2
2020-07-24,Contra Costa,013,1133247,9145,6814,25,6839,100
2020-07-24,Del Norte,015,27424,84,66,0,66,0
2020-07-24,El Dorado,017,186661,705,516,0,516,1
2020-07-24,Fresno,019,978130,19738,12564,154,12718,115
2020-07-24,Glenn,021,27897,350,251,0,251,1
2020-07-24,Humboldt,023,135768,241,210,1,211,4
2020-07-24,Imperial,025,180216,10046,7686,4,7690,141
2020-07-24,Inyo,027,18085,55,41,0,41,1
2020-07-24,Kern,029,883053,22557,16124,105,16229,143
2020-07-24,Kings,031,150075,4267,3471,25,3496,39
2020-07-24,Lake,033,64148,209,167,0,167,1
2020-07-24,Lassen,035,31185,571,503,2,505,0
2020-07-24,Los Angeles,037,10098052,189425,169078,455,169533,4302
2020-07-24,Madera,039,155013,2465,1679,2,1681,16
2020-07-24,Marin,041,260295,5101,4517,4,4521,22
2020-07-24,Mariposa,043,17540,55,41,0,41,1
2020-07-24,Mendocino,045,87422,262,188,0,188,0
2020-07-24,Merced,047,269075,5038,3100,1,3101,23
2020-07-24,Modoc,049,8938,3,0,0,0,0
2020-07-24,Mono,051,14174,135,82,0,82,1
2020-07-24,Monterey,053,433212,4779,3748,12,3760,21
2020-07-24,Napa,055,140530,1049,741,0,741,6
2020-07-24,Nevada,057,99092,317,255,12,267,1
2020-07-24,Orange,059,3164182,40977,33530,711,34241,557
2020-07-24,Placer,061,380077,2042,1551,1,1552,12
2020-07-24,Plumas,063,18699,33,22,0,22,0
2020-07-24,Riverside,065,2383286,41660,34513,27,34540,631
2020-07-24,Sacramento,067,1510023,11350,8570,6,8576,110
2020-07-24,San Benito,069,59416,631,485,0,485,2
2020-07-24,San Bernardino,071,2135413,36938,28990,143,29133,386
2020-07-24,San Diego,073,3302833,30258,26100,3,26103,524
2020-07-24,San Francisco,075,870044,6743,5611,6,5617,55
2020-07-24,San Joaquin,077,732212,13242,10190,6,10196,118
2020-07-24,San Luis Obispo,079,281455,1883,1476,6,1482,8
2020-07-24,San Mateo,081,765935,5987,4954,4,4958,112
2020-07-24,Santa Barbara,083,443738,6802,5776,47,5823,30
2020-07-24,Santa Clara,085,1922200,11375,8658,17,8675,165
2020-07-24,Santa Cruz,087,273765,1172,930,9,939,4
2020-07-24,Shasta,089,179085,435,262,1,263,8
2020-07-24,Sierra,091,2930,2,1,0,1,0
2020-07-24,Siskiyou,093,43540,83,53,0,53,0
2020-07-24,Solano,095,438530,3941,3062,15,3077,29
2020-07-24,Sonoma,097,501317,3307,2345,5,2350,20
2020-07-24,Stanislaus,099,539301,10417,7861,11,7872,82
2020-07-24,Sutter,101,95872,739,593,0,593,2
2020-07-24,Tehama,103,63373,245,170,2,172,1
2020-07-24,Trinity,105,12862,15,3,5,8,0
2020-07-24,Tulare,107,460477,10154,8167,26,8193,167
2020-07-24,Tuolumne,109,53932,138,99,2,101,0
2020-07-24,Ventura,111,848112,7978,6553,22,6575,60
2020-07-24,Yolo,113,214977,1694,1329,3,1332,35
2020-07-24,Yuba,115,75493,409,307,0,307,1
2020-07-23,Alameda,001,1643700,12325,9924,39,9963,171
2020-07-23,Alpine,003,1148,3,2,0,2,0
2020-07-23,Amador,005,37829,120,61,0,61,0
2020-07-23,Butte,007,227075,1001,726,9,735,5
2020-07-23,Calaveras,009,45235,116,102,0,102,0
2020-07-23,Colusa,011,21464,329,242,0,242,2
2020-07-23,Contra Costa,013,1133247,8945,6619,23,6642,98
2020-07-23,Del Norte,015,27424,84,66,0,66,0
2020-07-23,El Dorado,017,186661,694,491,0,491,1
2020-07-23,Fresno,019,978130,19382,12164,151,12315,112
2020-07-23,Glenn,021,27897,345,246,0,246,1
2020-07-23,Humboldt,023,135768,240,208,1,209,4
2020-07-23,Imperial,025,180216,9996,7604,4,7608,138
2020-07-23,Inyo,027,18085,53,38,0,38,1
2020-07-23,Kern,029,883053,22150,14491,101,14592,128
2020-07-23,Kings,031,150075,4158,3371,25,3396,39
2020-07-23,Lake,033,64148,200,160,0,160,1
2020-07-23,Lassen,035,31185,568,503,2,505,0
2020-07-23,Los Angeles,037,10098052,186877,167198,428,167626,4265
2020-07-23,Madera,039,155013,2399,1659,2,1661,13
2020-07-23,Marin,041,260295,5049,4423,4,4427,22
2020-07-23,Mariposa,043,17540,55,40,0,40,1
2020-07-23,Mendocino,045,87422,252,178,0,178,0
2020-07-23,Merced,047,269075,4882,2972,1,2973,22
2020-07-23,Modoc,049,8938,3,0,0,0,0
2020-07-23,Mono,051,14174,131,82,0,82,1
2020-07-23,Monterey,053,433212,4662,3655,12,3667,21
2020-07-23,Napa,055,140530,1025,713,0,713,5
2020-07-23,Nevada,057,99092,314,247,12,259,1
2020-07-23,Orange,059,3164182,40481,32863,680,33543,544
2020-07-23,Placer,061,380077,1999,1519,1,1520,12
2020-07-23,Plumas,063,18699,32,21,0,21,0
2020-07-23,Riverside,065,2383286,41054,33833,27,33860,630
2020-07-23,Sacramento,067,1510023,11120,8222,6,8228,108
2020-07-23,San Benito,069,59416,616,478,0,478,2
2020-07-23,San Bernardino,071,2135413,36419,28121,137,28258,369
2020-07-23,San Diego,073,3302833,29884,25109,3,25112,505
2020-07-23,San Francisco,075,870044,6641,5543,6,5549,55
2020-07-23,San Joaquin,077,732212,13023,9861,6,9867,111
2020-07-23,San Luis Obispo,079,281455,1856,1438,6,1444,7
2020-07-23,San Mateo,081,765935,5882,4895,4,4899,113
2020-07-23,Santa Barbara,083,443738,6728,5628,47,5675,30
2020-07-23,Santa Clara,085,1922200,11157,8458,17,8475,165
2020-07-23,Santa Cruz,087,273765,1136,887,9,896,3
2020-07-23,Shasta,089,179085,424,254,1,255,9
2020-07-23,Sierra,091,2930,2,1,0,1,0
2020-07-23,Siskiyou,093,43540,81,53,0,53,0
2020-07-23,Solano,095,438530,3877,2962,13,2975,29
2020-07-23,Sonoma,097,501317,3231,2289,5,2294,18
2020-07-23,Stanislaus,099,539301,10175,7603,11,7614,71
2020-07-23,Sutter,101,95872,706,570,0,570,2
2020-07-23,Tehama,103,63373,239,158,2,160,1
2020-07-23,Trinity,105,12862,14,3,5,8,0
2020-07-23,Tulare,107,460477,9965,7898,26,7924,168
2020-07-23,Tuolumne,109,53932,138,93,2,95,0
2020-07-23,Ventura,111,848112,7854,6303,22,6325,56
2020-07-23,Yolo,113,214977,1676,1279,3,1282,35
2020-07-23,Yuba,115,75493,389,297,0,297,1
2020-07-22,Alameda,001,1643700,12106,9678,38,9716,169
2020-07-22,Alpine,003,1148,3,2,0,2,0
2020-07-22,Amador,005,37829,118,58,0,58,0
2020-07-22,Butte,007,227075,966,694,8,702,5
2020-07-22,Calaveras,009,45235,116,98,0,98,0
2020-07-22,Colusa,011,21464,322,236,0,236,0
2020-07-22,Contra Costa,013,1133247,8719,6401,23,6424,98
2020-07-22,Del Norte,015,27424,84,66,0,66,0
2020-07-22,El Dorado,017,186661,681,466,0,466,1
2020-07-22,Fresno,019,978130,19022,11756,145,11901,110
2020-07-22,Glenn,021,27897,339,236,0,236,1
2020-07-22,Humboldt,023,135768,238,201,1,202,4
2020-07-22,Imperial,025,180216,9937,7533,4,7537,134
2020-07-22,Inyo,027,18085,49,38,0,38,1
2020-07-22,Kern,029,883053,21717,13513,94,13607,127
2020-07-22,Kings,031,150075,4104,3271,25,3296,38
2020-07-22,Lake,033,64148,197,160,0,160,1
2020-07-22,Lassen,035,31185,565,500,2,502,0
2020-07-22,Los Angeles,037,10098052,184218,165242,405,165647,4218
2020-07-22,Madera,039,155013,2324,1578,2,1580,10
2020-07-22,Marin,041,260295,4993,4373,4,4377,23
2020-07-22,Mariposa,043,17540,55,38,0,38,1
2020-07-22,Mendocino,045,87422,245,166,0,166,0
2020-07-22,Merced,047,269075,4755,2828,1,2829,15
2020-07-22,Modoc,049,8938,3,0,0,0,0
2020-07-22,Mono,051,14174,128,82,0,82,1
2020-07-22,Monterey,053,433212,4561,3533,12,3545,20
2020-07-22,Napa,055,140530,1003,687,0,687,5
2020-07-22,Nevada,057,99092,308,239,11,250,1
2020-07-22,Orange,059,3164182,39982,32047,671,32718,522
2020-07-22,Placer,061,380077,1943,1469,1,1470,12
2020-07-22,Plumas,063,18699,31,20,0,20,0
2020-07-22,Riverside,065,2383286,40420,33093,27,33120,612
2020-07-22,Sacramento,067,1510023,10856,8028,5,8033,106
2020-07-22,San Benito,069,59416,602,465,0,465,2
2020-07-22,San Bernardino,071,2135413,35899,26820,126,26946,348
2020-07-22,San Diego,073,3302833,29496,25109,2,25111,505
2020-07-22,San Francisco,075,870044,6537,5473,5,5478,53
2020-07-22,San Joaquin,077,732212,12747,9628,6,9634,102
2020-07-22,San Luis Obispo,079,281455,1811,1373,6,1379,7
2020-07-22,San Mateo,081,765935,5793,4796,4,4800,112
2020-07-22,Santa Barbara,083,443738,6641,5508,45,5553,29
2020-07-22,Santa Clara,085,1922200,10912,8266,17,8283,166
2020-07-22,Santa Cruz,087,273765,1113,866,9,875,3
2020-07-22,Shasta,089,179085,414,246,1,247,9
2020-07-22,Sierra,091,2930,1,1,0,1,0
2020-07-22,Siskiyou,093,43540,80,52,0,52,0
2020-07-22,Solano,095,438530,3816,2839,12,2851,29
2020-07-22,Sonoma,097,501317,3154,2255,5,2260,17
2020-07-22,Stanislaus,099,539301,10004,7401,11,7412,71
2020-07-22,Sutter,101,95872,682,551,0,551,2
2020-07-22,Tehama,103,63373,231,155,2,157,1
2020-07-22,Trinity,105,12862,14,3,5,8,0
2020-07-22,Tulare,107,460477,9732,7640,26,7666,167
2020-07-22,Tuolumne,109,53932,134,91,2,93,0
2020-07-22,Ventura,111,848112,7726,6223,20,6243,56
2020-07-22,Yolo,113,214977,1633,1233,3,1236,34
2020-07-22,Yuba,115,75493,374,288,0,288,1
2020-07-21,Alameda,001,1643700,11892,9390,38,9428,166
2020-07-21,Alpine,003,1148,3,2,0,2,0
2020-07-21,Amador,005,37829,113,55,0,55,0
2020-07-21,Butte,007,227075,921,659,7,666,5
2020-07-21,Calaveras,009,45235,110,96,0,96,0
2020-07-21,Colusa,011,21464,298,227,0,227,0
2020-07-21,Contra Costa,013,1133247,8478,6210,23,6233,98
2020-07-21,Del Norte,015,27424,84,66,0,66,0
2020-07-21,El Dorado,017,186661,673,440,0,440,1
2020-07-21,Fresno,019,978130,18623,11412,139,11551,107
2020-07-21,Glenn,021,27897,332,229,0,229,1
2020-07-21,Humboldt,023,135768,236,198,1,199,4
2020-07-21,Imperial,025,180216,9888,7458,4,7462,128
2020-07-21,Inyo,027,18085,48,38,0,38,1
2020-07-21,Kern,029,883053,21295,11998,88,12086,119
2020-07-21,Kings,031,150075,4040,3187,24,3211,38
2020-07-21,Lake,033,64148,197,157,0,157,1
2020-07-21,Lassen,035,31185,563,474,2,476,0
2020-07-21,Los Angeles,037,10098052,181217,162205,383,162588,4159
2020-07-21,Madera,039,155013,2259,1508,2,1510,10
2020-07-21,Marin,041,260295,4921,4318,4,4322,21
2020-07-21,Mariposa,043,17540,54,37,0,37,1
2020-07-21,Mendocino,045,87422,234,160,0,160,0
2020-07-21,Merced,047,269075,4576,2725,1,2726,15
2020-07-21,Modoc,049,8938,3,0,0,0,0
2020-07-21,Mono,051,14174,124,79,0,79,1
2020-07-21,Monterey,053,433212,4429,3404,11,3415,20
2020-07-21,Napa,055,140530,976,660,0,660,5
2020-07-21,Nevada,057,99092,306,228,9,237,1
2020-07-21,Orange,059,3164182,39486,31356,637,31993,515
2020-07-21,Placer,061,380077,1902,1413,1,1414,11
2020-07-21,Plumas,063,18699,31,19,0,19,0
2020-07-21,Riverside,065,2383286,39719,32231,27,32258,583
2020-07-21,Sacramento,067,1510023,10584,7789,4,7793,102
2020-07-21,San Benito,069,59416,591,444,0,444,2
2020-07-21,San Bernardino,071,2135413,35251,25323,118,25441,343
2020-07-21,San Diego,073,3302833,29047,24522,2,24524,487
2020-07-21,San Francisco,075,870044,6428,5377,5,5382,53
2020-07-21,San Joaquin,077,732212,12420,9150,6,9156,99
2020-07-21,San Luis Obispo,079,281455,1763,1338,6,1344,7
2020-07-21,San Mateo,081,765935,5701,4733,4,4737,111
2020-07-21,Santa Barbara,083,443738,6558,5422,44,5466,29
2020-07-21,Santa Clara,085,1922200,10649,7989,17,8006,164
2020-07-21,Santa Cruz,087,273765,1080,835,9,844,3
2020-07-21,Shasta,089,179085,406,241,1,242,9
2020-07-21,Sierra,091,2930,1,1,0,1,0
2020-07-21,Siskiyou,093,43540,80,48,0,48,0
2020-07-21,Solano,095,438530,3743,2727,12,2739,27
2020-07-21,Sonoma,097,501317,3097,2200,5,2205,17
2020-07-21,Stanislaus,099,539301,9741,6984,11,6995,69
2020-07-21,Sutter,101,95872,666,533,0,533,2
2020-07-21,Tehama,103,63373,221,150,2,152,1
2020-07-21,Trinity,105,12862,14,2,5,7,0
2020-07-21,Tulare,107,460477,9530,7447,26,7473,167
2020-07-21,Tuolumne,109,53932,132,75,2,77,0
2020-07-21,Ventura,111,848112,7594,6131,20,6151,55
2020-07-21,Yolo,113,214977,1580,1204,3,1207,34
2020-07-21,Yuba,115,75493,368,269,0,269,1
2020-07-20,Alameda,001,1643700,11637,9244,37,9281,162
2020-07-20,Alpine,003,1148,3,2,0,2,0
2020-07-20,Amador,005,37829,110,53,0,53,0
2020-07-20,Butte,007,227075,883,586,7,593,4
2020-07-20,Calaveras,009,45235,107,90,0,90,0
2020-07-20,Colusa,011,21464,287,217,0,217,0
2020-07-20,Contra Costa,013,1133247,8270,5823,23,5846,97
2020-07-20,Del Norte,015,27424,84,61,0,61,0
2020-07-20,El Dorado,017,186661,650,407,0,407,0
2020-07-20,Fresno,019,978130,18182,10891,138,11029,106
2020-07-20,Glenn,021,27897,324,225,0,225,1
2020-07-20,Humboldt,023,135768,229,194,1,195,4
2020-07-20,Imperial,025,180216,9848,7337,4,7341,124
2020-07-20,Inyo,027,18085,46,38,0,38,1
2020-07-20,Kern,029,883053,20785,10908,84,10992,118
2020-07-20,Kings,031,150075,3991,3093,24,3117,37
2020-07-20,Lake,033,64148,194,147,0,147,1
2020-07-20,Lassen,035,31185,561,474,2,476,0
2020-07-20,Los Angeles,037,10098052,178247,159202,355,159557,4108
2020-07-20,Madera,039,155013,2184,1433,2,1435,10
2020-07-20,Marin,041,260295,4840,4255,4,4259,21
2020-07-20,Mariposa,043,17540,53,36,0,36,1
2020-07-20,Mendocino,045,87422,221,153,0,153,0
2020-07-20,Merced,047,269075,4406,2584,1,2585,15
2020-07-20,Modoc,049,8938,3,0,0,0,0
2020-07-20,Mono,051,14174,118,78,0,78,1
2020-07-20,Monterey,053,433212,4323,3205,11,3216,19
2020-07-20,Napa,055,140530,939,632,0,632,5
2020-07-20,Nevada,057,99092,298,218,9,227,1
2020-07-20,Orange,059,3164182,38879,30337,606,30943,507
2020-07-20,Placer,061,380077,1850,1364,1,1365,11
2020-07-20,Plumas,063,18699,30,17,0,17,0
2020-07-20,Riverside,065,2383286,38891,31163,27,31190,581
2020-07-20,Sacramento,067,1510023,10256,7369,4,7373,99
2020-07-20,San Benito,069,59416,573,433,0,433,2
2020-07-20,San Bernardino,071,2135413,34441,24226,114,24340,338
2020-07-20,San Diego,073,3302833,28605,24137,2,24139,478
2020-07-20,San Francisco,075,870044,6307,5090,5,5095,53
2020-07-20,San Joaquin,077,732212,12064,8583,6,8589,97
2020-07-20,San Luis Obispo,079,281455,1723,1282,6,1288,6
2020-07-20,San Mateo,081,765935,5600,4609,4,4613,111
2020-07-20,Santa Barbara,083,443738,6434,5266,42,5308,29
2020-07-20,Santa Clara,085,1922200,10421,7711,16,7727,164
2020-07-20,Santa Cruz,087,273765,1048,758,9,767,3
2020-07-20,Shasta,089,179085,391,233,1,234,9
2020-07-20,Sierra,091,2930,1,1,0,1,0
2020-07-20,Siskiyou,093,43540,76,42,0,42,0
2020-07-20,Solano,095,438530,3660,2537,12,2549,26
2020-07-20,Sonoma,097,501317,2990,2148,5,2153,17
2020-07-20,Stanislaus,099,539301,9458,6835,11,6846,58
2020-07-20,Sutter,101,95872,633,507,0,507,2
2020-07-20,Tehama,103,63373,211,146,2,148,1
2020-07-20,Trinity,105,12862,14,2,5,7,0
2020-07-20,Tulare,107,460477,9296,6974,26,7000,166
2020-07-20,Tuolumne,109,53932,131,75,2,77,0
2020-07-20,Ventura,111,848112,7461,5912,20,5932,52
2020-07-20,Yolo,113,214977,1540,1155,3,1158,30
2020-07-20,Yuba,115,75493,348,258,0,258,1
2020-07-19,Alameda,001,1643700,11399,9227,31,9258,162
2020-07-19,Alpine,003,1148,3,2,0,2,0
2020-07-19,Amador,005,37829,103,51,0,51,0
2020-07-19,Butte,007,227075,858,555,7,562,4
2020-07-19,Calaveras,009,45235,105,89,0,89,0
2020-07-19,Colusa,011,21464,279,187,0,187,0
2020-07-19,Contra Costa,013,1133247,7979,5691,21,5712,95
2020-07-19,Del Norte,015,27424,83,61,0,61,0
2020-07-19,El Dorado,017,186661,632,385,0,385,0
2020-07-19,Fresno,019,978130,17661,10639,126,10765,106
2020-07-19,Glenn,021,27897,310,215,0,215,0
2020-07-19,Humboldt,023,135768,221,195,1,196,4
2020-07-19,Imperial,025,180216,9757,7280,4,7284,124
2020-07-19,Inyo,027,18085,42,38,0,38,1
2020-07-19,Kern,029,883053,20168,10094,77,10171,115
2020-07-19,Kings,031,150075,3905,3035,24,3059,37
2020-07-19,Lake,033,64148,189,144,0,144,1
2020-07-19,Lassen,035,31185,542,474,2,476,0
2020-07-19,Los Angeles,037,10098052,174803,156039,332,156371,4100
2020-07-19,Madera,039,155013,2107,1301,2,1303,10
2020-07-19,Marin,041,260295,4785,4172,4,4176,21
2020-07-19,Mariposa,043,17540,49,35,0,35,1
2020-07-19,Mendocino,045,87422,216,137,0,137,0
2020-07-19,Merced,047,269075,4199,2460,1,2461,15
2020-07-19,Modoc,049,8938,3,0,0,0,0
2020-07-19,Mono,051,14174,107,63,0,63,1
2020-07-19,Monterey,053,433212,4203,3079,11,3090,18
2020-07-19,Napa,055,140530,910,612,0,612,5
2020-07-19,Nevada,057,99092,292,210,9,219,1
2020-07-19,Orange,059,3164182,38316,29941,593,30534,505
2020-07-19,Placer,061,380077,1802,1246,1,1247,11
2020-07-19,Plumas,063,18699,30,17,0,17,0
2020-07-19,Riverside,065,2383286,38187,30340,27,30367,581
2020-07-19,Sacramento,067,1510023,9864,6985,4,6989,97
2020-07-19,San Benito,069,59416,557,412,0,412,2
2020-07-19,San Bernardino,071,2135413,33670,23928,104,24032,337
2020-07-19,San Diego,073,3302833,28105,23684,2,23686,478
2020-07-19,San Francisco,075,870044,6160,5094,5,5099,52
2020-07-19,San Joaquin,077,732212,11659,8308,6,8314,93
2020-07-19,San Luis Obispo,079,281455,1679,1262,5,1267,6
2020-07-19,San Mateo,081,765935,5493,4522,4,4526,110
2020-07-19,Santa Barbara,083,443738,6329,5145,39,5184,29
2020-07-19,Santa Clara,085,1922200,10177,7403,16,7419,164
2020-07-19,Santa Cruz,087,273765,1004,753,9,762,3
2020-07-19,Shasta,089,179085,378,218,1,219,9
2020-07-19,Sierra,091,2930,1,1,0,1,0
2020-07-19,Siskiyou,093,43540,74,42,0,42,0
2020-07-19,Solano,095,438530,3555,2551,12,2563,26
2020-07-19,Sonoma,097,501317,2889,2074,5,2079,17
2020-07-19,Stanislaus,099,539301,9162,6508,11,6519,58
2020-07-19,Sutter,101,95872,602,480,0,480,2
2020-07-19,Tehama,103,63373,207,138,2,140,1
2020-07-19,Trinity,105,12862,14,2,5,7,0
2020-07-19,Tulare,107,460477,9047,6856,26,6882,166
2020-07-19,Tuolumne,109,53932,126,75,2,77,0
2020-07-19,Ventura,111,848112,7271,5706,20,5726,52
2020-07-19,Yolo,113,214977,1501,1127,3,1130,30
2020-07-19,Yuba,115,75493,328,240,0,240,1
2020-07-18,Alameda,001,1643700,11263,9089,29,9118,162
2020-07-18,Alpine,003,1148,3,2,0,2,0
2020-07-18,Amador,005,37829,99,49,0,49,0
2020-07-18,Butte,007,227075,849,551,7,558,4
2020-07-18,Calaveras,009,45235,101,89,0,89,0
2020-07-18,Colusa,011,21464,274,182,0,182,0
2020-07-18,Contra Costa,013,1133247,7844,5617,21,5638,95
2020-07-18,Del Norte,015,27424,83,61,0,61,0
2020-07-18,El Dorado,017,186661,629,385,0,385,0
2020-07-18,Fresno,019,978130,17412,10381,124,10505,106
2020-07-18,Glenn,021,27897,304,212,0,212,0
2020-07-18,Humboldt,023,135768,218,189,1,190,4
2020-07-18,Imperial,025,180216,9726,7268,4,7272,124
2020-07-18,Inyo,027,18085,42,38,0,38,1
2020-07-18,Kern,029,883053,19865,9250,74,9324,114
2020-07-18,Kings,031,150075,3866,2996,23,3019,37
2020-07-18,Lake,033,64148,186,142,0,142,1
2020-07-18,Lassen,035,31185,541,474,2,476,0
2020-07-18,Los Angeles,037,10098052,173356,153265,318,153583,4088
2020-07-18,Madera,039,155013,2061,1260,2,1262,9
2020-07-18,Marin,041,260295,4756,4089,4,4093,21
2020-07-18,Mariposa,043,17540,49,35,0,35,1
2020-07-18,Mendocino,045,87422,209,137,0,137,0
2020-07-18,Merced,047,269075,4080,2424,1,2425,15
2020-07-18,Modoc,049,8938,3,0,0,0,0
2020-07-18,Mono,051,14174,105,54,0,54,1
2020-07-18,Monterey,053,433212,4136,3020,11,3031,17
2020-07-18,Napa,055,140530,899,609,0,609,5
2020-07-18,Nevada,057,99092,288,204,8,212,1
2020-07-18,Orange,059,3164182,37997,29603,571,30174,493
2020-07-18,Placer,061,380077,1779,1233,1,1234,11
2020-07-18,Plumas,063,18699,30,17,0,17,0
2020-07-18,Riverside,065,2383286,37834,30245,26,30271,581
2020-07-18,Sacramento,067,1510023,9619,6739,4,6743,95
2020-07-18,San Benito,069,59416,542,407,0,407,2
2020-07-18,San Bernardino,071,2135413,33211,23680,98,23778,336
2020-07-18,San Diego,073,3302833,27802,23116,2,23118,478
2020-07-18,San Francisco,075,870044,6058,5051,5,5056,52
2020-07-18,San Joaquin,077,732212,11446,8118,6,8124,93
2020-07-18,San Luis Obispo,079,281455,1646,1234,5,1239,6
2020-07-18,San Mateo,081,765935,5433,4488,4,4492,110
2020-07-18,Santa Barbara,083,443738,6269,5110,37,5147,29
2020-07-18,Santa Clara,085,1922200,10027,7255,15,7270,164
2020-07-18,Santa Cruz,087,273765,987,751,9,760,3
2020-07-18,Shasta,089,179085,369,216,1,217,9
2020-07-18,Sierra,091,2930,1,1,0,1,0
2020-07-18,Siskiyou,093,43540,70,42,0,42,0
2020-07-18,Solano,095,438530,3514,2503,12,2515,26
2020-07-18,Sonoma,097,501317,2838,2019,5,2024,15
2020-07-18,Stanislaus,099,539301,9027,6344,11,6355,58
2020-07-18,Sutter,101,95872,596,473,0,473,2
2020-07-18,Tehama,103,63373,202,136,2,138,1
2020-07-18,Trinity,105,12862,14,2,5,7,0
2020-07-18,Tulare,107,460477,8956,6810,25,6835,167
2020-07-18,Tuolumne,109,53932,123,75,2,77,0
2020-07-18,Ventura,111,848112,7189,5630,20,5650,52
2020-07-18,Yolo,113,214977,1473,1077,3,1080,30
2020-07-18,Yuba,115,75493,317,237,0,237,1
2020-07-17,Alameda,001,1643700,11123,8893,28,8921,160
2020-07-17,Alpine,003,1148,3,1,0,1,0
2020-07-17,Amador,005,37829,97,48,0,48,0
2020-07-17,Butte,007,227075,835,497,7,504,4
2020-07-17,Calaveras,009,45235,99,86,0,86,0
2020-07-17,Colusa,011,21464,272,146,0,146,0
2020-07-17,Contra Costa,013,1133247,7696,5483,21,5504,93
2020-07-17,Del Norte,015,27424,82,60,0,60,0
2020-07-17,El Dorado,017,186661,613,368,0,368,0
2020-07-17,Fresno,019,978130,17114,9954,124,10078,104
2020-07-17,Glenn,021,27897,297,203,0,203,0
2020-07-17,Humboldt,023,135768,217,185,1,186,4
2020-07-17,Imperial,025,180216,9704,7193,4,7197,120
2020-07-17,Inyo,027,18085,42,38,0,38,1
2020-07-17,Kern,029,883053,19545,8291,73,8364,113
2020-07-17,Kings,031,150075,3828,2978,23,3001,37
2020-07-17,Lake,033,64148,184,139,0,139,1
2020-07-17,Lassen,035,31185,522,391,2,393,0
2020-07-17,Los Angeles,037,10098052,170984,150481,305,150786,4052
2020-07-17,Madera,039,155013,2017,1214,2,1216,9
2020-07-17,Marin,041,260295,4719,3839,4,3843,21
2020-07-17,Mariposa,043,17540,47,35,0,35,1
2020-07-17,Mendocino,045,87422,201,126,0,126,0
2020-07-17,Merced,047,269075,4004,2328,1,2329,12
2020-07-17,Modoc,049,8938,2,0,0,0,0
2020-07-17,Mono,051,14174,100,54,0,54,1
2020-07-17,Monterey,053,433212,4007,2922,11,2933,18
2020-07-17,Napa,055,140530,885,598,0,598,5
2020-07-17,Nevada,057,99092,281,200,8,208,1
2020-07-17,Orange,059,3164182,37535,28962,537,29499,485
2020-07-17,Placer,061,380077,1750,1207,1,1208,11
2020-07-17,Plumas,063,18699,27,16,0,16,0
2020-07-17,Riverside,065,2383286,37236,29639,26,29665,580
2020-07-17,Sacramento,067,1510023,9375,6563,4,6567,95
2020-07-17,San Benito,069,59416,527,399,0,399,2
2020-07-17,San Bernardino,071,2135413,32692,23057,95,23152,322
2020-07-17,San Diego,073,3302833,27414,22491,2,22493,472
2020-07-17,San Francisco,075,870044,5964,4967,5,4972,52
2020-07-17,San Joaquin,077,732212,11201,7925,6,7931,86
2020-07-17,San Luis Obispo,079,281455,1610,1190,5,1195,6
2020-07-17,San Mateo,081,765935,5337,4407,4,4411,110
2020-07-17,Santa Barbara,083,443738,6196,5001,36,5037,29
2020-07-17,Santa Clara,085,1922200,9810,7080,15,7095,164
2020-07-17,Santa Cruz,087,273765,965,716,9,725,3
2020-07-17,Shasta,089,179085,357,213,1,214,8
2020-07-17,Sierra,091,2930,1,1,0,1,0
2020-07-17,Siskiyou,093,43540,69,40,0,40,0
2020-07-17,Solano,095,438530,3465,2452,12,2464,26
2020-07-17,Sonoma,097,501317,2790,1982,5,1987,15
2020-07-17,Stanislaus,099,539301,8853,6220,11,6231,56
2020-07-17,Sutter,101,95872,583,458,0,458,2
2020-07-17,Tehama,103,63373,198,128,2,130,1
2020-07-17,Trinity,105,12862,14,2,5,7,0
2020-07-17,Tulare,107,460477,8820,6671,25,6696,166
2020-07-17,Tuolumne,109,53932,122,73,2,75,0
2020-07-17,Ventura,111,848112,7106,5451,20,5471,51
2020-07-17,Yolo,113,214977,1449,1055,3,1058,30
2020-07-17,Yuba,115,75493,307,231,0,231,1
2020-07-16,Alameda,001,1643700,10889,8719,22,8741,153
2020-07-16,Alpine,003,1148,3,1,0,1,0
2020-07-16,Amador,005,37829,94,46,0,46,0
2020-07-16,Butte,007,227075,798,465,6,471,4
2020-07-16,Calaveras,009,45235,97,82,0,82,0
2020-07-16,Colusa,011,21464,263,140,0,140,0
2020-07-16,Contra Costa,013,1133247,7484,5338,15,5353,91
2020-07-16,Del Norte,015,27424,82,60,0,60,0
2020-07-16,El Dorado,017,186661,596,357,0,357,0
2020-07-16,Fresno,019,978130,16603,9481,115,9596,101
2020-07-16,Glenn,021,27897,288,190,0,190,0
2020-07-16,Humboldt,023,135768,215,184,1,185,4
2020-07-16,Imperial,025,180216,9609,7148,4,7152,113
2020-07-16,Inyo,027,18085,42,38,0,38,1
2020-07-16,Kern,029,883053,19023,7435,71,7506,112
2020-07-16,Kings,031,150075,3662,2937,23,2960,37
2020-07-16,Lake,033,64148,179,128,0,128,1
2020-07-16,Lassen,035,31185,521,355,2,357,0
2020-07-16,Los Angeles,037,10098052,167737,147759,281,148040,3994
2020-07-16,Madera,039,155013,1953,1192,2,1194,8
2020-07-16,Marin,041,260295,4647,3546,4,3550,21
2020-07-16,Mariposa,043,17540,45,34,0,34,1
2020-07-16,Mendocino,045,87422,196,121,0,121,0
2020-07-16,Merced,047,269075,3842,2228,1,2229,12
2020-07-16,Modoc,049,8938,1,0,0,0,0
2020-07-16,Mono,051,14174,97,53,0,53,1
2020-07-16,Monterey,053,433212,3902,2857,10,2867,18
2020-07-16,Napa,055,140530,856,581,0,581,5
2020-07-16,Nevada,057,99092,278,191,8,199,1
2020-07-16,Orange,059,3164182,36835,28525,499,29024,471
2020-07-16,Placer,061,380077,1702,1168,1,1169,11
2020-07-16,Plumas,063,18699,25,16,0,16,0
2020-07-16,Riverside,065,2383286,36491,28904,25,28929,577
2020-07-16,Sacramento,067,1510023,9062,6440,4,6444,91
2020-07-16,San Benito,069,59416,510,389,0,389,2
2020-07-16,San Bernardino,071,2135413,31830,22355,77,22432,321
2020-07-16,San Diego,073,3302833,26927,21857,2,21859,465
2020-07-16,San Francisco,075,870044,5823,4838,5,4843,52
2020-07-16,San Joaquin,077,732212,10838,7713,6,7719,82
2020-07-16,San Luis Obispo,079,281455,1566,1146,5,1151,6
2020-07-16,San Mateo,081,765935,5233,4336,4,4340,110
2020-07-16,Santa Barbara,083,443738,6100,4872,35,4907,28
2020-07-16,Santa Clara,085,1922200,9530,6990,13,7003,164
2020-07-16,Santa Cruz,087,273765,924,698,9,707,3
2020-07-16,Shasta,089,179085,342,208,1,209,7
2020-07-16,Sierra,091,2930,1,1,0,1,0
2020-07-16,Siskiyou,093,43540,66,39,0,39,0
2020-07-16,Solano,095,438530,3371,2372,12,2384,25
2020-07-16,Sonoma,097,501317,2699,1954,5,1959,14
2020-07-16,Stanislaus,099,539301,8571,6077,10,6087,56
2020-07-16,Sutter,101,95872,567,444,0,444,2
2020-07-16,Tehama,103,63373,188,126,2,128,1
2020-07-16,Trinity,105,12862,14,2,4,6,0
2020-07-16,Tulare,107,460477,8604,6467,24,6491,163
2020-07-16,Tuolumne,109,53932,117,71,2,73,0
2020-07-16,Ventura,111,848112,6944,5231,20,5251,50
2020-07-16,Yolo,113,214977,1407,1034,3,1037,29
2020-07-16,Yuba,115,75493,289,221,0,221,1
2020-07-15,Alameda,001,1643700,10686,8615,16,8631,153
2020-07-15,Alpine,003,1148,3,1,0,1,0
2020-07-15,Amador,005,37829,73,44,0,44,0
2020-07-15,Butte,007,227075,756,420,6,426,4
2020-07-15,Calaveras,009,45235,97,75,0,75,0
2020-07-15,Colusa,011,21464,258,135,0,135,0
2020-07-15,Contra Costa,013,1133247,7253,5246,15,5261,90
2020-07-15,Del Norte,015,27424,81,60,0,60,0
2020-07-15,El Dorado,017,186661,572,339,0,339,0
2020-07-15,Fresno,019,978130,16130,9124,108,9232,101
2020-07-15,Glenn,021,27897,279,184,0,184,0
2020-07-15,Humboldt,023,135768,213,181,1,182,4
2020-07-15,Imperial,025,180216,9542,7110,4,7114,110
2020-07-15,Inyo,027,18085,42,36,0,36,1
2020-07-15,Kern,029,883053,18403,7155,68,7223,108
2020-07-15,Kings,031,150075,3601,2906,23,2929,37
2020-07-15,Lake,033,64148,177,122,0,122,1
2020-07-15,Lassen,035,31185,517,319,2,321,0
2020-07-15,Los Angeles,037,10098052,164270,143343,266,143609,3946
2020-07-15,Madera,039,155013,1884,1147,2,1149,4
2020-07-15,Marin,041,260295,4592,3458,4,3462,21
2020-07-15,Mariposa,043,17540,45,34,0,34,1
2020-07-15,Mendocino,045,87422,193,119,0,119,0
2020-07-15,Merced,047,269075,3692,2156,1,2157,12
2020-07-15,Modoc,049,8938,1,0,0,0,0
2020-07-15,Mono,051,14174,95,52,0,52,1
2020-07-15,Monterey,053,433212,3791,2780,10,2790,18
2020-07-15,Napa,055,140530,830,573,0,573,5
2020-07-15,Nevada,057,99092,274,185,6,191,1
2020-07-15,Orange,059,3164182,36035,27718,464,28182,454
2020-07-15,Placer,061,380077,1644,1145,1,1146,11
2020-07-15,Plumas,063,18699,25,16,0,16,0
2020-07-15,Riverside,065,2383286,35711,28492,23,28515,568
2020-07-15,Sacramento,067,1510023,8681,6217,4,6221,91
2020-07-15,San Benito,069,59416,501,388,0,388,2
2020-07-15,San Bernardino,071,2135413,31041,21508,60,21568,317
2020-07-15,San Diego,073,3302833,26460,21448,2,21450,448
2020-07-15,San Francisco,075,870044,5709,4757,5,4762,50
2020-07-15,San Joaquin,077,732212,10406,7381,5,7386,75
2020-07-15,San Luis Obispo,079,281455,1523,1097,5,1102,6
2020-07-15,San Mateo,081,765935,5120,4258,4,4262,109
2020-07-15,Santa Barbara,083,443738,5984,4733,35,4768,28
2020-07-15,Santa Clara,085,1922200,9227,6900,13,6913,164
2020-07-15,Santa Cruz,087,273765,888,660,8,668,3
2020-07-15,Shasta,089,179085,333,193,1,194,7
2020-07-15,Sierra,091,2930,1,1,0,1,0
2020-07-15,Siskiyou,093,43540,65,38,0,38,0
2020-07-15,Solano,095,438530,3277,2343,12,2355,25
2020-07-15,Sonoma,097,501317,2601,1920,5,1925,14
2020-07-15,Stanislaus,099,539301,8274,5777,10,5787,56
2020-07-15,Sutter,101,95872,541,433,0,433,2
2020-07-15,Tehama,103,63373,180,126,2,128,1
2020-07-15,Trinity,105,12862,13,2,4,6,0
2020-07-15,Tulare,107,460477,8392,6320,23,6343,156
2020-07-15,Tuolumne,109,53932,110,68,2,70,0
2020-07-15,Ventura,111,848112,6767,5087,20,5107,50
2020-07-15,Yolo,113,214977,1374,1002,3,1005,27
2020-07-15,Yuba,115,75493,277,221,0,221,1
2020-07-14,Alameda,001,1643700,10344,8388,10,8398,151
2020-07-14,Alpine,003,1148,3,1,0,1,0
2020-07-14,Amador,005,37829,69,44,0,44,0
2020-07-14,Butte,007,227075,710,382,6,388,4
2020-07-14,Calaveras,009,45235,95,74,0,74,0
2020-07-14,Colusa,011,21464,248,128,0,128,0
2020-07-14,Contra Costa,013,1133247,7016,5110,13,5123,90
2020-07-14,Del Norte,015,27424,80,60,0,60,0
2020-07-14,El Dorado,017,186661,557,324,0,324,0
2020-07-14,Fresno,019,978130,15710,8941,104,9045,98
2020-07-14,Glenn,021,27897,269,177,0,177,0
2020-07-14,Humboldt,023,135768,210,175,1,176,4
2020-07-14,Imperial,025,180216,9415,7095,4,7099,109
2020-07-14,Inyo,027,18085,42,35,0,35,1
2020-07-14,Kern,029,883053,17644,6979,55,7034,107
2020-07-14,Kings,031,150075,3534,2867,22,2889,37
2020-07-14,Lake,033,64148,171,120,0,120,1
2020-07-14,Lassen,035,31185,500,263,2,265,0
2020-07-14,Los Angeles,037,10098052,161134,140632,236,140868,3900
2020-07-14,Madera,039,155013,1810,1118,2,1120,4
2020-07-14,Marin,041,260295,4478,3451,4,3455,21
2020-07-14,Mariposa,043,17540,41,32,0,32,1
2020-07-14,Mendocino,045,87422,185,110,0,110,0
2020-07-14,Merced,047,269075,3513,2084,1,2085,12
2020-07-14,Modoc,049,8938,1,0,0,0,0
2020-07-14,Mono,051,14174,85,48,0,48,1
2020-07-14,Monterey,053,433212,3677,2724,10,2734,18
2020-07-14,Napa,055,140530,774,557,0,557,4
2020-07-14,Nevada,057,99092,257,180,5,185,1
2020-07-14,Orange,059,3164182,35156,26915,417,27332,432
2020-07-14,Placer,061,380077,1586,1122,1,1123,11
2020-07-14,Plumas,063,18699,24,14,0,14,0
2020-07-14,Riverside,065,2383286,34956,27850,22,27872,547
2020-07-14,Sacramento,067,1510023,8327,5978,4,5982,87
2020-07-14,San Benito,069,59416,482,360,0,360,2
2020-07-14,San Bernardino,071,2135413,30190,20489,49,20538,316
2020-07-14,San Diego,073,3302833,25841,20887,2,20889,436
2020-07-14,San Francisco,075,870044,5559,4659,4,4663,50
2020-07-14,San Joaquin,077,732212,9979,7143,5,7148,75
2020-07-14,San Luis Obispo,079,281455,1485,1060,5,1065,5
2020-07-14,San Mateo,081,765935,5027,4173,4,4177,108
2020-07-14,Santa Barbara,083,443738,5860,4641,33,4674,28
2020-07-14,Santa Clara,085,1922200,8900,6686,10,6696,164
2020-07-14,Santa Cruz,087,273765,849,639,8,647,3
2020-07-14,Shasta,089,179085,324,190,1,191,7
2020-07-14,Sierra,091,2930,1,1,0,1,0
2020-07-14,Siskiyou,093,43540,64,38,0,38,0
2020-07-14,Solano,095,438530,3177,2266,10,2276,25
2020-07-14,Sonoma,097,501317,2509,1866,5,1871,14
2020-07-14,Stanislaus,099,539301,7900,5631,9,5640,53
2020-07-14,Sutter,101,95872,522,405,0,405,2
2020-07-14,Tehama,103,63373,168,123,2,125,1
2020-07-14,Trinity,105,12862,13,2,4,6,0
2020-07-14,Tulare,107,460477,8146,6199,23,6222,156
2020-07-14,Tuolumne,109,53932,105,68,2,70,0
2020-07-14,Ventura,111,848112,6606,4950,20,4970,50
2020-07-14,Yolo,113,214977,1326,966,3,969,27
2020-07-14,Yuba,115,75493,260,210,0,210,1
2020-07-13,Alameda,001,1643700,10036,8115,10,8125,148
2020-07-13,Alpine,003,1148,3,1,0,1,0
2020-07-13,Amador,005,37829,65,42,0,42,0
2020-07-13,Butte,007,227075,674,354,6,360,4
2020-07-13,Calaveras,009,45235,86,63,0,63,0
2020-07-13,Colusa,011,21464,242,116,0,116,0
2020-07-13,Contra Costa,013,1133247,6743,4882,11,4893,88
2020-07-13,Del Norte,015,27424,74,59,0,59,0
2020-07-13,El Dorado,017,186661,526,298,0,298,0
2020-07-13,Fresno,019,978130,15283,8666,99,8765,95
2020-07-13,Glenn,021,27897,262,168,0,168,0
2020-07-13,Humboldt,023,135768,205,174,1,175,4
2020-07-13,Imperial,025,180216,9330,7052,4,7056,109
2020-07-13,Inyo,027,18085,41,35,0,35,1
2020-07-13,Kern,029,883053,16959,6808,51,6859,107
2020-07-13,Kings,031,150075,3483,2824,22,2846,37
2020-07-13,Lake,033,64148,166,118,0,118,1
2020-07-13,Lassen,035,31185,495,237,2,239,0
2020-07-13,Los Angeles,037,10098052,157898,136368,222,136590,3829
2020-07-13,Madera,039,155013,1741,1059,2,1061,4
2020-07-13,Marin,041,260295,4375,3402,4,3406,21
2020-07-13,Mariposa,043,17540,40,31,0,31,1
2020-07-13,Mendocino,045,87422,181,87,0,87,0
2020-07-13,Merced,047,269075,3364,2007,1,2008,12
2020-07-13,Modoc,049,8938,1,0,0,0,0
2020-07-13,Mono,051,14174,81,47,0,47,1
2020-07-13,Monterey,053,433212,3554,2613,7,2620,18
2020-07-13,Napa,055,140530,738,534,0,534,4
2020-07-13,Nevada,057,99092,243,172,5,177,1
2020-07-13,Orange,059,3164182,34295,25978,385,26363,423
2020-07-13,Placer,061,380077,1541,1096,1,1097,11
2020-07-13,Plumas,063,18699,22,14,0,14,0
2020-07-13,Riverside,065,2383286,34031,27136,20,27156,545
2020-07-13,Sacramento,067,1510023,8030,5747,4,5751,85
2020-07-13,San Benito,069,59416,469,343,0,343,2
2020-07-13,San Bernardino,071,2135413,29312,19610,43,19653,313
2020-07-13,San Diego,073,3302833,25274,20348,2,20350,422
2020-07-13,San Francisco,075,870044,5431,4534,3,4537,50
2020-07-13,San Joaquin,077,732212,9562,6927,5,6932,71
2020-07-13,San Luis Obispo,079,281455,1454,989,5,994,5
2020-07-13,San Mateo,081,765935,4896,4057,4,4061,108
2020-07-13,Santa Barbara,083,443738,5746,4441,32,4473,28
2020-07-13,Santa Clara,085,1922200,8577,6488,9,6497,164
2020-07-13,Santa Cruz,087,273765,811,574,8,582,3
2020-07-13,Shasta,089,179085,313,185,1,186,6
2020-07-13,Sierra,091,2930,1,1,0,1,0
2020-07-13,Siskiyou,093,43540,60,37,0,37,0
2020-07-13,Solano,095,438530,3065,2046,10,2056,23
2020-07-13,Sonoma,097,501317,2398,1818,5,1823,14
2020-07-13,Stanislaus,099,539301,7597,5324,7,5331,53
2020-07-13,Sutter,101,95872,484,379,0,379,2
2020-07-13,Tehama,103,63373,155,112,2,114,1
2020-07-13,Trinity,105,12862,13,2,4,6,0
2020-07-13,Tulare,107,460477,7885,5930,21,5951,147
2020-07-13,Tuolumne,109,53932,97,56,2,58,0
2020-07-13,Ventura,111,848112,6416,4800,17,4817,50
2020-07-13,Yolo,113,214977,1281,941,3,944,27
2020-07-13,Yuba,115,75493,245,194,0,194,1
2020-07-12,Alameda,001,1643700,9765,8056,10,8066,148
2020-07-12,Alpine,003,1148,3,1,0,1,0
2020-07-12,Amador,005,37829,55,40,0,40,0
2020-07-12,Butte,007,227075,624,341,6,347,4
2020-07-12,Calaveras,009,45235,86,62,0,62,0
2020-07-12,Colusa,011,21464,208,116,0,116,0
2020-07-12,Contra Costa,013,1133247,6471,4708,9,4717,88
2020-07-12,Del Norte,015,27424,63,59,0,59,0
2020-07-12,El Dorado,017,186661,504,290,0,290,0
2020-07-12,Fresno,019,978130,14858,8407,96,8503,95
2020-07-12,Glenn,021,27897,249,166,0,166,0
2020-07-12,Humboldt,023,135768,201,174,1,175,4
2020-07-12,Imperial,025,180216,9211,6999,4,7003,109
2020-07-12,Inyo,027,18085,39,35,0,35,1
2020-07-12,Kern,029,883053,16215,6662,48,6710,105
2020-07-12,Kings,031,150075,3421,2779,22,2801,34
2020-07-12,Lake,033,64148,157,114,0,114,1
2020-07-12,Lassen,035,31185,488,237,2,239,0
2020-07-12,Los Angeles,037,10098052,154477,133830,193,134023,3816
2020-07-12,Madera,039,155013,1686,1025,2,1027,4
2020-07-12,Marin,041,260295,4298,3358,4,3362,21
2020-07-12,Mariposa,043,17540,39,31,0,31,1
2020-07-12,Mendocino,045,87422,162,88,0,88,0
2020-07-12,Merced,047,269075,3234,1908,1,1909,12
2020-07-12,Modoc,049,8938,1,0,0,0,0
2020-07-12,Mono,051,14174,71,45,0,45,1
2020-07-12,Monterey,053,433212,3439,2521,7,2528,18
2020-07-12,Napa,055,140530,706,519,0,519,4
2020-07-12,Nevada,057,99092,233,166,5,171,1
2020-07-12,Orange,059,3164182,33421,25399,376,25775,422
2020-07-12,Placer,061,380077,1485,1058,1,1059,11
2020-07-12,Plumas,063,18699,21,14,0,14,0
2020-07-12,Riverside,065,2383286,33273,26404,20,26424,542
2020-07-12,Sacramento,067,1510023,7718,5515,3,5518,85
2020-07-12,San Benito,069,59416,454,324,0,324,2
2020-07-12,San Bernardino,071,2135413,28401,19042,38,19080,312
2020-07-12,San Diego,073,3302833,24646,19929,2,19931,422
2020-07-12,San Francisco,075,870044,5282,4535,3,4538,50
2020-07-12,San Joaquin,077,732212,9200,6703,5,6708,71
2020-07-12,San Luis Obispo,079,281455,1407,972,5,977,5
2020-07-12,San Mateo,081,765935,4778,3988,4,3992,108
2020-07-12,Santa Barbara,083,443738,5616,4353,31,4384,28
2020-07-12,Santa Clara,085,1922200,8339,6252,9,6261,164
2020-07-12,Santa Cruz,087,273765,769,573,6,579,3
2020-07-12,Shasta,089,179085,307,173,1,174,6
2020-07-12,Sierra,091,2930,1,1,0,1,0
2020-07-12,Siskiyou,093,43540,58,36,0,36,0
2020-07-12,Solano,095,438530,2940,2037,10,2047,23
2020-07-12,Sonoma,097,501317,2303,1743,5,1748,13
2020-07-12,Stanislaus,099,539301,7293,5177,7,5184,53
2020-07-12,Sutter,101,95872,466,362,0,362,2
2020-07-12,Tehama,103,63373,148,111,2,113,1
2020-07-12,Trinity,105,12862,13,2,4,6,0
2020-07-12,Tulare,107,460477,7630,5864,20,5884,146
2020-07-12,Tuolumne,109,53932,89,52,2,54,0
2020-07-12,Ventura,111,848112,6200,4724,16,4740,50
2020-07-12,Yolo,113,214977,1240,889,3,892,27
2020-07-12,Yuba,115,75493,234,188,0,188,1
2020-07-11,Alameda,001,1643700,9663,7845,10,7855,148
2020-07-11,Alpine,003,1148,3,1,0,1,0
2020-07-11,Amador,005,37829,51,37,0,37,0
2020-07-11,Butte,007,227075,608,325,6,331,4
2020-07-11,Calaveras,009,45235,83,62,0,62,0
2020-07-11,Colusa,011,21464,203,110,0,110,0
2020-07-11,Contra Costa,013,1133247,6354,4650,9,4659,87
2020-07-11,Del Norte,015,27424,63,59,0,59,0
2020-07-11,El Dorado,017,186661,493,283,0,283,0
2020-07-11,Fresno,019,978130,14598,8086,94,8180,95
2020-07-11,Glenn,021,27897,241,161,0,161,0
2020-07-11,Humboldt,023,135768,200,174,1,175,4
2020-07-11,Imperial,025,180216,9172,6884,4,6888,109
2020-07-11,Inyo,027,18085,39,35,0,35,1
2020-07-11,Kern,029,883053,15858,6509,47,6556,103
2020-07-11,Kings,031,150075,3394,2753,22,2775,33
2020-07-11,Lake,033,64148,156,110,0,110,1
2020-07-11,Lassen,035,31185,487,237,2,239,0
2020-07-11,Los Angeles,037,10098052,152758,130479,183,130662,3802
2020-07-11,Madera,039,155013,1645,988,2,990,4
2020-07-11,Marin,041,260295,4270,3191,4,3195,21
2020-07-11,Mariposa,043,17540,39,31,0,31,1
2020-07-11,Mendocino,045,87422,158,88,0,88,0
2020-07-11,Merced,047,269075,3153,1851,1,1852,12
2020-07-11,Modoc,049,8938,1,0,0,0,0
2020-07-11,Mono,051,14174,68,45,0,45,1
2020-07-11,Monterey,053,433212,3350,2376,6,2382,18
2020-07-11,Napa,055,140530,694,509,0,509,4
2020-07-11,Nevada,057,99092,224,163,4,167,1
2020-07-11,Orange,059,3164182,33044,24430,362,24792,422
2020-07-11,Placer,061,380077,1450,1029,1,1030,11
2020-07-11,Plumas,063,18699,21,12,0,12,0
2020-07-11,Riverside,065,2383286,32881,25994,20,26014,538
2020-07-11,Sacramento,067,1510023,7544,5367,3,5370,84
2020-07-11,San Benito,069,59416,439,314,0,314,2
2020-07-11,San Bernardino,071,2135413,27964,18907,36,18943,310
2020-07-11,San Diego,073,3302833,24261,19371,2,19373,422
2020-07-11,San Francisco,075,870044,5186,4430,2,4432,50
2020-07-11,San Joaquin,077,732212,9022,6518,5,6523,72
2020-07-11,San Luis Obispo,079,281455,1359,930,5,935,4
2020-07-11,San Mateo,081,765935,4710,3956,4,3960,108
2020-07-11,Santa Barbara,083,443738,5547,4283,30,4313,28
2020-07-11,Santa Clara,085,1922200,8180,5959,9,5968,164
2020-07-11,Santa Cruz,087,273765,738,571,6,577,3
2020-07-11,Shasta,089,179085,300,168,1,169,6
2020-07-11,Sierra,091,2930,1,1,0,1,0
2020-07-11,Siskiyou,093,43540,58,36,0,36,0
2020-07-11,Solano,095,438530,2899,2034,10,2044,23
2020-07-11,Sonoma,097,501317,2266,1690,5,1695,13
2020-07-11,Stanislaus,099,539301,7152,4911,7,4918,51
2020-07-11,Sutter,101,95872,450,352,0,352,2
2020-07-11,Tehama,103,63373,146,111,2,113,1
2020-07-11,Trinity,105,12862,13,2,4,6,0
2020-07-11,Tulare,107,460477,7524,5780,20,5800,149
2020-07-11,Tuolumne,109,53932,87,50,2,52,0
2020-07-11,Ventura,111,848112,6104,4545,15,4560,49
2020-07-11,Yolo,113,214977,1210,833,3,836,27
2020-07-11,Yuba,115,75493,224,175,0,175,1
2020-07-10,Alameda,001,1643700,9506,7551,10,7561,147
2020-07-10,Alpine,003,1148,3,1,0,1,0
2020-07-10,Amador,005,37829,47,37,0,37,0
2020-07-10,Butte,007,227075,597,318,6,324,4
2020-07-10,Calaveras,009,45235,83,61,0,61,0
2020-07-10,Colusa,011,21464,197,103,0,103,0
2020-07-10,Contra Costa,013,1133247,6211,4482,9,4491,86
2020-07-10,Del Norte,015,27424,63,57,0,57,0
2020-07-10,El Dorado,017,186661,475,266,0,266,0
2020-07-10,Fresno,019,978130,14266,7760,91,7851,93
2020-07-10,Glenn,021,27897,236,157,0,157,0
2020-07-10,Humboldt,023,135768,199,168,1,169,4
2020-07-10,Imperial,025,180216,9127,6878,4,6882,98
2020-07-10,Inyo,027,18085,39,35,0,35,1
2020-07-10,Kern,029,883053,15425,6344,46,6390,102
2020-07-10,Kings,031,150075,3359,2707,22,2729,33
2020-07-10,Lake,033,64148,149,104,0,104,1
2020-07-10,Lassen,035,31185,486,235,2,237,0
2020-07-10,Los Angeles,037,10098052,150339,127503,177,127680,3750
2020-07-10,Madera,039,155013,1599,914,2,916,4
2020-07-10,Marin,041,260295,4207,3101,4,3105,21
2020-07-10,Mariposa,043,17540,38,31,0,31,1
2020-07-10,Mendocino,045,87422,150,88,0,88,0
2020-07-10,Merced,047,269075,3074,1802,1,1803,12
2020-07-10,Modoc,049,8938,1,0,0,0,0
2020-07-10,Mono,051,14174,67,45,0,45,1
2020-07-10,Monterey,053,433212,3271,2285,6,2291,18
2020-07-10,Napa,055,140530,683,496,0,496,4
2020-07-10,Nevada,057,99092,219,161,4,165,1
2020-07-10,Orange,059,3164182,32456,23692,358,24050,416
2020-07-10,Placer,061,380077,1410,1002,1,1003,11
2020-07-10,Plumas,063,18699,19,12,0,12,0
2020-07-10,Riverside,065,2383286,32363,25481,20,25501,533
2020-07-10,Sacramento,067,1510023,7289,5181,3,5184,81
2020-07-10,San Benito,069,59416,430,302,0,302,2
2020-07-10,San Bernardino,071,2135413,27438,18242,33,18275,308
2020-07-10,San Diego,073,3302833,23880,18862,2,18864,420
2020-07-10,San Francisco,075,870044,5095,4305,2,4307,50
2020-07-10,San Joaquin,077,732212,8789,6225,5,6230,67
2020-07-10,San Luis Obispo,079,281455,1321,891,5,896,4
2020-07-10,San Mateo,081,765935,4645,3844,4,3848,107
2020-07-10,Santa Barbara,083,443738,5450,4177,29,4206,28
2020-07-10,Santa Clara,085,1922200,7956,5819,9,5828,164
2020-07-10,Santa Cruz,087,273765,711,540,6,546,3
2020-07-10,Shasta,089,179085,296,158,1,159,6
2020-07-10,Sierra,091,2930,1,1,0,1,0
2020-07-10,Siskiyou,093,43540,58,31,0,31,0
2020-07-10,Solano,095,438530,2852,1950,10,1960,23
2020-07-10,Sonoma,097,501317,2219,1606,4,1610,13
2020-07-10,Stanislaus,099,539301,6982,4781,7,4788,46
2020-07-10,Sutter,101,95872,443,338,0,338,2
2020-07-10,Tehama,103,63373,145,107,2,109,1
2020-07-10,Trinity,105,12862,13,2,4,6,0
2020-07-10,Tulare,107,460477,7387,5677,20,5697,150
2020-07-10,Tuolumne,109,53932,86,49,2,51,0
2020-07-10,Ventura,111,848112,5991,4416,15,4431,48
2020-07-10,Yolo,113,214977,1186,794,3,797,27
2020-07-10,Yuba,115,75493,210,164,0,164,1
2020-07-09,Alameda,001,1643700,9270,7433,10,7443,146
2020-07-09,Alpine,003,1148,3,1,0,1,0
2020-07-09,Amador,005,37829,44,36,0,36,0
2020-07-09,Butte,007,227075,565,295,6,301,4
2020-07-09,Calaveras,009,45235,82,59,0,59,0
2020-07-09,Colusa,011,21464,189,97,0,97,0
2020-07-09,Contra Costa,013,1133247,5967,4388,9,4397,86
2020-07-09,Del Norte,015,27424,63,57,0,57,0
2020-07-09,El Dorado,017,186661,451,255,0,255,0
2020-07-09,Fresno,019,978130,13810,7385,89,7474,90
2020-07-09,Glenn,021,27897,226,150,0,150,0
2020-07-09,Humboldt,023,135768,196,166,1,167,4
2020-07-09,Imperial,025,180216,9032,6778,4,6782,87
2020-07-09,Inyo,027,18085,37,35,0,35,1
2020-07-09,Kern,029,883053,14780,6100,44,6144,95
2020-07-09,Kings,031,150075,3296,2686,21,2707,33
2020-07-09,Lake,033,64148,146,99,0,99,1
2020-07-09,Lassen,035,31185,430,221,2,223,0
2020-07-09,Los Angeles,037,10098052,147075,125062,150,125212,3698
2020-07-09,Madera,039,155013,1522,850,2,852,4
2020-07-09,Marin,041,260295,4056,2975,4,2979,20
2020-07-09,Mariposa,043,17540,38,32,0,32,1
2020-07-09,Mendocino,045,87422,146,88,0,88,0
2020-07-09,Merced,047,269075,2941,1728,1,1729,11
2020-07-09,Modoc,049,8938,1,0,0,0,0
2020-07-09,Mono,051,14174,63,45,0,45,1
2020-07-09,Monterey,053,433212,3146,2223,6,2229,17
2020-07-09,Napa,055,140530,666,468,0,468,4
2020-07-09,Nevada,057,99092,213,156,4,160,1
2020-07-09,Orange,059,3164182,31488,22960,340,23300,407
2020-07-09,Placer,061,380077,1367,982,1,983,11
2020-07-09,Plumas,063,18699,19,12,0,12,0
2020-07-09,Riverside,065,2383286,31469,24980,19,24999,529
2020-07-09,Sacramento,067,1510023,6962,4950,3,4953,81
2020-07-09,San Benito,069,59416,414,295,0,295,2
2020-07-09,San Bernardino,071,2135413,26566,17339,28,17367,307
2020-07-09,San Diego,073,3302833,23288,18404,2,18406,415
2020-07-09,San Francisco,075,870044,4963,4143,2,4145,50
2020-07-09,San Joaquin,077,732212,8430,6004,5,6009,66
2020-07-09,San Luis Obispo,079,281455,1282,869,5,874,3
2020-07-09,San Mateo,081,765935,4518,3792,4,3796,106
2020-07-09,Santa Barbara,083,443738,5317,4068,29,4097,28
2020-07-09,Santa Clara,085,1922200,7699,5638,9,5647,164
2020-07-09,Santa Cruz,087,273765,684,526,6,532,3
2020-07-09,Shasta,089,179085,290,155,1,156,5
2020-07-09,Sierra,091,2930,1,1,0,1,0
2020-07-09,Siskiyou,093,43540,54,31,0,31,0
2020-07-09,Solano,095,438530,2754,1892,10,1902,23
2020-07-09,Sonoma,097,501317,2133,1584,4,1588,13
2020-07-09,Stanislaus,099,539301,6666,4633,6,4639,46
2020-07-09,Sutter,101,95872,426,321,0,321,2
2020-07-09,Tehama,103,63373,140,102,2,104,1
2020-07-09,Trinity,105,12862,13,2,4,6,0
2020-07-09,Tulare,107,460477,7170,5501,17,5518,146
2020-07-09,Tuolumne,109,53932,85,47,2,49,0
2020-07-09,Ventura,111,848112,5823,4278,15,4293,47
2020-07-09,Yolo,113,214977,1139,764,3,767,27
2020-07-09,Yuba,115,75493,193,152,0,152,1
2020-07-08,Alameda,001,1643700,8978,7335,10,7345,142
2020-07-08,Alpine,003,1148,3,1,0,1,0
2020-07-08,Amador,005,37829,41,35,0,35,0
2020-07-08,Butte,007,227075,528,281,6,287,3
2020-07-08,Calaveras,009,45235,77,58,0,58,0
2020-07-08,Colusa,011,21464,176,90,0,90,0
2020-07-08,Contra Costa,013,1133247,5721,4268,7,4275,84
2020-07-08,Del Norte,015,27424,61,57,0,57,0
2020-07-08,El Dorado,017,186661,430,248,0,248,0
2020-07-08,Fresno,019,978130,13394,7102,83,7185,86
2020-07-08,Glenn,021,27897,215,146,0,146,0
2020-07-08,Humboldt,023,135768,193,162,1,163,4
2020-07-08,Imperial,025,180216,8944,6727,4,6731,76
2020-07-08,Inyo,027,18085,37,35,0,35,1
2020-07-08,Kern,029,883053,14202,5873,42,5915,91
2020-07-08,Kings,031,150075,3236,2629,19,2648,33
2020-07-08,Lake,033,64148,139,97,0,97,1
2020-07-08,Lassen,035,31185,334,221,2,223,0
2020-07-08,Los Angeles,037,10098052,143859,123462,121,123583,3650
2020-07-08,Madera,039,155013,1452,828,2,830,4
2020-07-08,Marin,041,260295,3957,2756,4,2760,17
2020-07-08,Mariposa,043,17540,38,31,0,31,1
2020-07-08,Mendocino,045,87422,133,84,0,84,0
2020-07-08,Merced,047,269075,2822,1578,1,1579,11
2020-07-08,Modoc,049,8938,1,0,0,0,0
2020-07-08,Mono,051,14174,60,45,0,45,1
2020-07-08,Monterey,053,433212,3028,2182,5,2187,17
2020-07-08,Napa,055,140530,643,468,0,468,4
2020-07-08,Nevada,057,99092,204,156,4,160,1
2020-07-08,Orange,059,3164182,30536,22088,335,22423,378
2020-07-08,Placer,061,380077,1321,948,1,949,11
2020-07-08,Plumas,063,18699,19,12,0,12,0
2020-07-08,Riverside,065,2383286,30505,24042,17,24059,508
2020-07-08,Sacramento,067,1510023,6674,4799,3,4802,80
2020-07-08,San Benito,069,59416,398,282,0,282,2
2020-07-08,San Bernardino,071,2135413,25714,16510,24,16534,296
2020-07-08,San Diego,073,3302833,22721,17844,2,17846,406
2020-07-08,San Francisco,075,870044,4874,4093,2,4095,50
2020-07-08,San Joaquin,077,732212,8088,5759,5,5764,61
2020-07-08,San Luis Obispo,079,281455,1231,825,5,830,2
2020-07-08,San Mateo,081,765935,4397,3733,4,3737,106
2020-07-08,Santa Barbara,083,443738,5198,3985,29,4014,28
2020-07-08,Santa Clara,085,1922200,7466,5510,9,5519,164
2020-07-08,Santa Cruz,087,273765,651,509,5,514,3
2020-07-08,Shasta,089,179085,281,148,1,149,6
2020-07-08,Sierra,091,2930,1,1,0,1,0
2020-07-08,Siskiyou,093,43540,54,31,0,31,0
2020-07-08,Solano,095,438530,2638,1821,10,1831,23
2020-07-08,Sonoma,097,501317,2058,1495,4,1499,9
2020-07-08,Stanislaus,099,539301,6366,4344,6,4350,46
2020-07-08,Sutter,101,95872,401,298,0,298,2
2020-07-08,Tehama,103,63373,134,100,2,102,1
2020-07-08,Trinity,105,12862,12,2,4,6,0
2020-07-08,Tulare,107,460477,6978,5307,12,5319,138
2020-07-08,Tuolumne,109,53932,81,42,2,44,0
2020-07-08,Ventura,111,848112,5658,4139,15,4154,47
2020-07-08,Yolo,113,214977,1096,727,3,730,26
2020-07-08,Yuba,115,75493,180,145,0,145,1
2020-07-07,Alameda,001,1643700,8659,7097,9,7106,141
2020-07-07,Alpine,003,1148,3,1,0,1,0
2020-07-07,Amador,005,37829,41,33,0,33,0
2020-07-07,Butte,007,227075,485,269,6,275,3
2020-07-07,Calaveras,009,45235,75,58,0,58,0
2020-07-07,Colusa,011,21464,143,84,0,84,0
2020-07-07,Contra Costa,013,1133247,5484,4131,6,4137,84
2020-07-07,Del Norte,015,27424,61,57,0,57,0
2020-07-07,El Dorado,017,186661,410,244,0,244,0
2020-07-07,Fresno,019,978130,12941,6738,83,6821,84
2020-07-07,Glenn,021,27897,206,145,0,145,0
2020-07-07,Humboldt,023,135768,190,150,1,151,4
2020-07-07,Imperial,025,180216,8845,6678,4,6682,51
2020-07-07,Inyo,027,18085,36,32,0,32,1
2020-07-07,Kern,029,883053,13503,5645,38,5683,88
2020-07-07,Kings,031,150075,3175,2623,15,2638,33
2020-07-07,Lake,033,64148,129,94,0,94,1
2020-07-07,Lassen,035,31185,263,219,2,221,0
2020-07-07,Los Angeles,037,10098052,140290,121026,112,121138,3588
2020-07-07,Madera,039,155013,1408,794,2,796,4
2020-07-07,Marin,041,260295,3868,2627,4,2631,17
2020-07-07,Mariposa,043,17540,38,31,0,31,1
2020-07-07,Mendocino,045,87422,125,82,0,82,0
2020-07-07,Merced,047,269075,2648,1531,1,1532,10
2020-07-07,Modoc,049,8938,1,0,0,0,0
2020-07-07,Mono,051,14174,59,42,0,42,1
2020-07-07,Monterey,053,433212,2885,2166,5,2171,17
2020-07-07,Napa,055,140530,624,459,0,459,4
2020-07-07,Nevada,057,99092,198,150,4,154,1
2020-07-07,Orange,059,3164182,29525,21741,321,22062,373
2020-07-07,Placer,061,380077,1280,930,1,931,11
2020-07-07,Plumas,063,18699,17,12,0,12,0
2020-07-07,Riverside,065,2383286,29491,23279,17,23296,499
2020-07-07,Sacramento,067,1510023,6331,4592,3,4595,76
2020-07-07,San Benito,069,59416,380,274,0,274,2
2020-07-07,San Bernardino,071,2135413,24845,16004,20,16024,277
2020-07-07,San Diego,073,3302833,22007,17580,2,17582,399
2020-07-07,San Francisco,075,870044,4782,4045,1,4046,50
2020-07-07,San Joaquin,077,732212,7746,5547,5,5552,59
2020-07-07,San Luis Obispo,079,281455,1170,795,5,800,2
2020-07-07,San Mateo,081,765935,4282,3691,4,3695,106
2020-07-07,Santa Barbara,083,443738,5070,3866,28,3894,27
2020-07-07,Santa Clara,085,1922200,7197,5438,9,5447,164
2020-07-07,Santa Cruz,087,273765,617,502,4,506,2
2020-07-07,Shasta,089,179085,268,144,1,145,6
2020-07-07,Sierra,091,2930,1,1,0,1,0
2020-07-07,Siskiyou,093,43540,53,30,0,30,0
2020-07-07,Solano,095,438530,2527,1776,9,1785,22
2020-07-07,Sonoma,097,501317,1987,1473,4,1477,8
2020-07-07,Stanislaus,099,539301,6027,4101,6,4107,46
2020-07-07,Sutter,101,95872,375,273,0,273,2
2020-07-07,Tehama,103,63373,125,95,2,97,1
2020-07-07,Trinity,105,12862,12,2,4,6,0
2020-07-07,Tulare,107,460477,6800,5189,10,5199,137
2020-07-07,Tuolumne,109,53932,75,40,2,42,0
2020-07-07,Ventura,111,848112,5489,3992,13,4005,46
2020-07-07,Yolo,113,214977,1028,706,3,709,26
2020-07-07,Yuba,115,75493,160,138,0,138,1
2020-07-06,Alameda,001,1643700,8421,6970,9,6979,141
2020-07-06,Alpine,003,1148,2,1,0,1,0
2020-07-06,Amador,005,37829,39,33,0,33,0
2020-07-06,Butte,007,227075,429,257,6,263,2
2020-07-06,Calaveras,009,45235,72,45,0,45,0
2020-07-06,Colusa,011,21464,134,80,0,80,0
2020-07-06,Contra Costa,013,1133247,5254,3901,5,3906,83
2020-07-06,Del Norte,015,27424,60,57,0,57,0
2020-07-06,El Dorado,017,186661,395,232,0,232,0
2020-07-06,Fresno,019,978130,12474,6364,76,6440,82
2020-07-06,Glenn,021,27897,198,129,0,129,0
2020-07-06,Humboldt,023,135768,188,148,1,149,3
2020-07-06,Imperial,025,180216,8726,6443,4,6447,47
2020-07-06,Inyo,027,18085,36,32,0,32,1
2020-07-06,Kern,029,883053,12697,5491,36,5527,82
2020-07-06,Kings,031,150075,3126,2583,9,2592,33
2020-07-06,Lake,033,64148,122,93,0,93,1
2020-07-06,Lassen,035,31185,261,219,2,221,0
2020-07-06,Los Angeles,037,10098052,136677,116707,98,116805,3541
2020-07-06,Madera,039,155013,1338,734,2,736,4
2020-07-06,Marin,041,260295,3628,2136,4,2140,17
2020-07-06,Mariposa,043,17540,36,31,0,31,1
2020-07-06,Mendocino,045,87422,108,72,0,72,0
2020-07-06,Merced,047,269075,2497,1396,1,1397,10
2020-07-06,Modoc,049,8938,1,0,0,0,0
2020-07-06,Mono,051,14174,58,40,0,40,1
2020-07-06,Monterey,053,433212,2797,2078,5,2083,15
2020-07-06,Napa,055,140530,606,454,0,454,4
2020-07-06,Nevada,057,99092,192,146,4,150,1
2020-07-06,Orange,059,3164182,28467,20167,283,20450,372
2020-07-06,Placer,061,380077,1218,904,1,905,11
2020-07-06,Plumas,063,18699,17,11,0,11,0
2020-07-06,Riverside,065,2383286,28442,22485,15,22500,477
2020-07-06,Sacramento,067,1510023,5981,4420,3,4423,71
2020-07-06,San Benito,069,59416,365,264,0,264,2
2020-07-06,San Bernardino,071,2135413,23990,15346,16,15362,272
2020-07-06,San Diego,073,3302833,21294,17002,2,17004,387
2020-07-06,San Francisco,075,870044,4661,3861,1,3862,50
2020-07-06,San Joaquin,077,732212,7376,5104,5,5109,57
2020-07-06,San Luis Obispo,079,281455,1112,751,5,756,2
2020-07-06,San Mateo,081,765935,4190,3650,4,3654,106
2020-07-06,Santa Barbara,083,443738,4933,3763,27,3790,27
2020-07-06,Santa Clara,085,1922200,6926,5369,9,5378,165
2020-07-06,Santa Cruz,087,273765,595,466,3,469,2
2020-07-06,Shasta,089,179085,258,143,1,144,6
2020-07-06,Sierra,091,2930,1,1,0,1,0
2020-07-06,Siskiyou,093,43540,49,30,0,30,0
2020-07-06,Solano,095,438530,2394,1668,9,1677,22
2020-07-06,Sonoma,097,501317,1923,1369,4,1373,8
2020-07-06,Stanislaus,099,539301,5625,3983,6,3989,46
2020-07-06,Sutter,101,95872,348,250,0,250,2
2020-07-06,Tehama,103,63373,122,95,2,97,1
2020-07-06,Trinity,105,12862,11,2,4,6,0
2020-07-06,Tulare,107,460477,6595,5039,8,5047,136
2020-07-06,Tuolumne,109,53932,72,30,2,32,0
2020-07-06,Ventura,111,848112,5296,3912,13,3925,44
2020-07-06,Yolo,113,214977,972,685,3,688,26
2020-07-06,Yuba,115,75493,146,124,0,124,1
2020-07-05,Alameda,001,1643700,8169,6861,9,6870,141
2020-07-05,Alpine,003,1148,2,1,0,1,0
2020-07-05,Amador,005,37829,37,31,0,31,0
2020-07-05,Butte,007,227075,394,248,6,254,2
2020-07-05,Calaveras,009,45235,69,45,0,45,0
2020-07-05,Colusa,011,21464,124,79,0,79,0
2020-07-05,Contra Costa,013,1133247,5014,3665,4,3669,80
2020-07-05,Del Norte,015,27424,60,57,0,57,0
2020-07-05,El Dorado,017,186661,377,227,0,227,0
2020-07-05,Fresno,019,978130,11909,6186,74,6260,82
2020-07-05,Glenn,021,27897,195,129,0,129,0
2020-07-05,Humboldt,023,135768,184,147,1,148,3
2020-07-05,Imperial,025,180216,8592,6441,4,6445,47
2020-07-05,Inyo,027,18085,35,32,0,32,1
2020-07-05,Kern,029,883053,11987,5351,36,5387,82
2020-07-05,Kings,031,150075,3043,2546,8,2554,31
2020-07-05,Lake,033,64148,122,92,0,92,1
2020-07-05,Lassen,035,31185,255,219,2,221,0
2020-07-05,Los Angeles,037,10098052,133457,115133,92,115225,3495
2020-07-05,Madera,039,155013,1259,564,2,566,4
2020-07-05,Marin,041,260295,3445,2080,4,2084,17
2020-07-05,Mariposa,043,17540,36,31,0,31,1
2020-07-05,Mendocino,045,87422,105,72,0,72,0
2020-07-05,Merced,047,269075,2352,1340,1,1341,10
2020-07-05,Modoc,049,8938,1,0,0,0,0
2020-07-05,Mono,051,14174,54,39,0,39,1
2020-07-05,Monterey,053,433212,2694,1994,5,1999,15
2020-07-05,Napa,055,140530,576,450,0,450,4
2020-07-05,Nevada,057,99092,186,141,4,145,1
2020-07-05,Orange,059,3164182,27526,19430,268,19698,372
2020-07-05,Placer,061,380077,1161,855,1,856,11
2020-07-05,Plumas,063,18699,16,11,0,11,0
2020-07-05,Riverside,065,2383286,27585,21511,15,21526,474
2020-07-05,Sacramento,067,1510023,5666,4265,2,4267,71
2020-07-05,San Benito,069,59416,346,258,0,258,2
2020-07-05,San Bernardino,071,2135413,23112,15026,16,15042,270
2020-07-05,San Diego,073,3302833,20606,16728,2,16730,387
2020-07-05,San Francisco,075,870044,4543,3861,1,3862,50
2020-07-05,San Joaquin,077,732212,7057,5015,5,5020,57
2020-07-05,San Luis Obispo,079,281455,1033,730,5,735,2
2020-07-05,San Mateo,081,765935,4079,3575,4,3579,106
2020-07-05,Santa Barbara,083,443738,4786,3671,24,3695,27
2020-07-05,Santa Clara,085,1922200,6637,5237,9,5246,162
2020-07-05,Santa Cruz,087,273765,577,467,1,468,2
2020-07-05,Shasta,089,179085,252,138,1,139,6
2020-07-05,Sierra,091,2930,1,1,0,1,0
2020-07-05,Siskiyou,093,43540,45,30,0,30,0
2020-07-05,Solano,095,438530,2274,1547,9,1556,22
2020-07-05,Sonoma,097,501317,1842,1369,4,1373,8
2020-07-05,Stanislaus,099,539301,5294,3777,6,3783,45
2020-07-05,Sutter,101,95872,320,241,0,241,2
2020-07-05,Tehama,103,63373,120,95,2,97,1
2020-07-05,Trinity,105,12862,11,2,4,6,0
2020-07-05,Tulare,107,460477,6336,4981,6,4987,135
2020-07-05,Tuolumne,109,53932,67,30,2,32,0
2020-07-05,Ventura,111,848112,5093,3866,13,3879,44
2020-07-05,Yolo,113,214977,932,644,3,647,26
2020-07-05,Yuba,115,75493,136,115,0,115,1
2020-07-04,Alameda,001,1643700,8057,6737,9,6746,141
2020-07-04,Alpine,003,1148,2,1,0,1,0
2020-07-04,Amador,005,37829,36,31,0,31,0
2020-07-04,Butte,007,227075,376,224,6,230,2
2020-07-04,Calaveras,009,45235,69,45,0,45,0
2020-07-04,Colusa,011,21464,123,76,0,76,0
2020-07-04,Contra Costa,013,1133247,4867,3583,4,3587,80
2020-07-04,Del Norte,015,27424,60,50,0,50,0
2020-07-04,El Dorado,017,186661,357,211,0,211,0
2020-07-04,Fresno,019,978130,11593,5999,72,6071,82
2020-07-04,Glenn,021,27897,188,128,0,128,0
2020-07-04,Humboldt,023,135768,177,144,1,145,3
2020-07-04,Imperial,025,180216,8544,6441,4,6445,47
2020-07-04,Inyo,027,18085,35,32,0,32,1
2020-07-04,Kern,029,883053,11683,5231,36,5267,81
2020-07-04,Kings,031,150075,3000,2509,8,2517,31
2020-07-04,Lake,033,64148,115,86,0,86,1
2020-07-04,Lassen,035,31185,255,219,2,221,0
2020-07-04,Los Angeles,037,10098052,131641,107256,81,107337,3462
2020-07-04,Madera,039,155013,1213,568,2,570,4
2020-07-04,Marin,041,260295,3416,1962,4,1966,17
2020-07-04,Mariposa,043,17540,36,28,0,28,1
2020-07-04,Mendocino,045,87422,105,72,0,72,0
2020-07-04,Merced,047,269075,2249,1252,1,1253,10
2020-07-04,Modoc,049,8938,1,0,0,0,0
2020-07-04,Mono,051,14174,54,37,0,37,1
2020-07-04,Monterey,053,433212,2614,1878,5,1883,15
2020-07-04,Napa,055,140530,567,426,0,426,4
2020-07-04,Nevada,057,99092,183,125,4,129,1
2020-07-04,Orange,059,3164182,27094,19247,253,19500,372
2020-07-04,Placer,061,380077,1126,796,1,797,11
2020-07-04,Plumas,063,18699,16,11,0,11,0
2020-07-04,Riverside,065,2383286,27217,21508,15,21523,474
2020-07-04,Sacramento,067,1510023,5495,4039,2,4041,71
2020-07-04,San Benito,069,59416,333,255,0,255,2
2020-07-04,San Bernardino,071,2135413,22685,14636,14,14650,270
2020-07-04,San Diego,073,3302833,20146,16166,2,16168,387
2020-07-04,San Francisco,075,870044,4451,3861,1,3862,50
2020-07-04,San Joaquin,077,732212,6844,4807,5,4812,57
2020-07-04,San Luis Obispo,079,281455,993,699,5,704,2
2020-07-04,San Mateo,081,765935,4016,3532,4,3536,106
2020-07-04,Santa Barbara,083,443738,4711,3520,22,3542,27
2020-07-04,Santa Clara,085,1922200,6445,5045,8,5053,161
2020-07-04,Santa Cruz,087,273765,567,466,1,467,2
2020-07-04,Shasta,089,179085,249,135,1,136,6
2020-07-04,Sierra,091,2930,1,1,0,1,0
2020-07-04,Siskiyou,093,43540,38,30,0,30,0
2020-07-04,Solano,095,438530,2238,1548,9,1557,22
2020-07-04,Sonoma,097,501317,1816,1370,4,1374,8
2020-07-04,Stanislaus,099,539301,5136,3572,6,3578,44
2020-07-04,Sutter,101,95872,301,225,0,225,2
2020-07-04,Tehama,103,63373,117,92,2,94,1
2020-07-04,Trinity,105,12862,11,2,4,6,0
2020-07-04,Tulare,107,460477,6224,4802,5,4807,135
2020-07-04,Tuolumne,109,53932,63,30,2,32,0
2020-07-04,Ventura,111,848112,4969,3687,13,3700,44
2020-07-04,Yolo,113,214977,907,615,3,618,26
2020-07-04,Yuba,115,75493,129,102,0,102,1
2020-07-03,Alameda,001,1643700,7936,6486,9,6495,141
2020-07-03,Alpine,003,1148,2,1,0,1,0
2020-07-03,Amador,005,37829,36,25,0,25,0
2020-07-03,Butte,007,227075,364,212,6,218,2
2020-07-03,Calaveras,009,45235,69,44,0,44,0
2020-07-03,Colusa,011,21464,117,70,0,70,0
2020-07-03,Contra Costa,013,1133247,4733,3447,4,3451,78
2020-07-03,Del Norte,015,27424,60,50,0,50,0
2020-07-03,El Dorado,017,186661,345,201,0,201,0
2020-07-03,Fresno,019,978130,11288,5783,70,5853,81
2020-07-03,Glenn,021,27897,183,122,0,122,0
2020-07-03,Humboldt,023,135768,173,143,1,144,3
2020-07-03,Imperial,025,180216,8496,6345,4,6349,47
2020-07-03,Inyo,027,18085,35,32,0,32,1
2020-07-03,Kern,029,883053,11422,5213,36,5249,81
2020-07-03,Kings,031,150075,2964,2492,8,2500,31
2020-07-03,Lake,033,64148,108,83,0,83,0
2020-07-03,Lassen,035,31185,255,219,2,221,0
2020-07-03,Los Angeles,037,10098052,130124,107236,77,107313,3461
2020-07-03,Madera,039,155013,1168,565,2,567,4
2020-07-03,Marin,041,260295,3387,1776,4,1780,17
2020-07-03,Mariposa,043,17540,36,28,0,28,1
2020-07-03,Mendocino,045,87422,104,72,0,72,0
2020-07-03,Merced,047,269075,2183,1188,1,1189,10
2020-07-03,Modoc,049,8938,1,0,0,0,0
2020-07-03,Mono,051,14174,54,37,0,37,1
2020-07-03,Monterey,053,433212,2543,1804,5,1809,15
2020-07-03,Napa,055,140530,549,388,0,388,4
2020-07-03,Nevada,057,99092,182,125,4,129,1
2020-07-03,Orange,059,3164182,26703,18819,244,19063,366
2020-07-03,Placer,061,380077,1099,745,1,746,11
2020-07-03,Plumas,063,18699,16,11,0,11,0
2020-07-03,Riverside,065,2383286,26911,21171,15,21186,472
2020-07-03,Sacramento,067,1510023,5361,3711,2,3713,71
2020-07-03,San Benito,069,59416,326,243,0,243,2
2020-07-03,San Bernardino,071,2135413,22296,14040,14,14054,269
2020-07-03,San Diego,073,3302833,19690,15698,2,15700,387
2020-07-03,San Francisco,075,870044,4404,3781,1,3782,50
2020-07-03,San Joaquin,077,732212,6706,4416,4,4420,56
2020-07-03,San Luis Obispo,079,281455,958,676,5,681,2
2020-07-03,San Mateo,081,765935,3959,3439,4,3443,106
2020-07-03,Santa Barbara,083,443738,4624,3406,21,3427,27
2020-07-03,Santa Clara,085,1922200,6334,4820,8,4828,161
2020-07-03,Santa Cruz,087,273765,554,436,1,437,2
2020-07-03,Shasta,089,179085,241,113,1,114,6
2020-07-03,Sierra,091,2930,1,1,0,1,0
2020-07-03,Siskiyou,093,43540,35,30,0,30,0
2020-07-03,Solano,095,438530,2194,1496,8,1504,22
2020-07-03,Sonoma,097,501317,1768,1282,4,1286,8
2020-07-03,Stanislaus,099,539301,5011,3021,6,3027,43
2020-07-03,Sutter,101,95872,291,205,0,205,2
2020-07-03,Tehama,103,63373,115,89,2,91,1
2020-07-03,Trinity,105,12862,11,2,4,6,0
2020-07-03,Tulare,107,460477,6109,4656,5,4661,134
2020-07-03,Tuolumne,109,53932,61,27,2,29,0
2020-07-03,Ventura,111,848112,4873,3536,13,3549,44
2020-07-03,Yolo,113,214977,873,586,3,589,25
2020-07-03,Yuba,115,75493,124,96,0,96,1
2020-07-02,Alameda,001,1643700,7810,6386,9,6395,139
2020-07-02,Alpine,003,1148,2,1,0,1,0
2020-07-02,Amador,005,37829,35,23,0,23,0
2020-07-02,Butte,007,227075,347,199,6,205,2
2020-07-02,Calaveras,009,45235,65,42,0,42,0
2020-07-02,Colusa,011,21464,109,60,0,60,0
2020-07-02,Contra Costa,013,1133247,4550,3347,4,3351,77
2020-07-02,Del Norte,015,27424,59,50,0,50,0
2020-07-02,El Dorado,017,186661,334,193,0,193,0
2020-07-02,Fresno,019,978130,10830,5402,69,5471,78
2020-07-02,Glenn,021,27897,177,114,0,114,0
2020-07-02,Humboldt,023,135768,169,138,1,139,3
2020-07-02,Imperial,025,180216,8393,6236,4,6240,47
2020-07-02,Inyo,027,18085,35,29,0,29,1
2020-07-02,Kern,029,883053,10886,5036,34,5070,78
2020-07-02,Kings,031,150075,2914,2419,8,2427,31
2020-07-02,Lake,033,64148,104,81,0,81,0
2020-07-02,Lassen,035,31185,253,218,2,220,0
2020-07-02,Los Angeles,037,10098052,128106,107144,53,107197,3458
2020-07-02,Madera,039,155013,1100,548,2,550,4
2020-07-02,Marin,041,260295,3302,1706,4,1710,17
2020-07-02,Mariposa,043,17540,35,28,0,28,1
2020-07-02,Mendocino,045,87422,100,71,0,71,0
2020-07-02,Merced,047,269075,2086,1122,1,1123,10
2020-07-02,Modoc,049,8938,1,0,0,0,0
2020-07-02,Mono,051,14174,54,37,0,37,1
2020-07-02,Monterey,053,433212,2483,1796,5,1801,15
2020-07-02,Napa,055,140530,532,352,0,352,4
2020-07-02,Nevada,057,99092,176,118,4,122,1
2020-07-02,Orange,059,3164182,25938,17056,231,17287,360
2020-07-02,Placer,061,380077,1075,740,1,741,11
2020-07-02,Plumas,063,18699,15,8,0,8,0
2020-07-02,Riverside,065,2383286,26340,20253,15,20268,458
2020-07-02,Sacramento,067,1510023,5134,3587,2,3589,70
2020-07-02,San Benito,069,59416,318,236,0,236,2
2020-07-02,San Bernardino,071,2135413,21759,13185,14,13199,260
2020-07-02,San Diego,073,3302833,19228,15208,2,15210,377
2020-07-02,San Francisco,075,870044,4309,3676,1,3677,50
2020-07-02,San Joaquin,077,732212,6359,4243,4,4247,56
2020-07-02,San Luis Obispo,079,281455,913,659,5,664,2
2020-07-02,San Mateo,081,765935,3878,3390,4,3394,107
2020-07-02,Santa Barbara,083,443738,4524,3385,19,3404,27
2020-07-02,Santa Clara,085,1922200,6208,4722,8,4730,160
2020-07-02,Santa Cruz,087,273765,531,414,1,415,2
2020-07-02,Shasta,089,179085,238,110,1,111,5
2020-07-02,Sierra,091,2930,1,1,0,1,0
2020-07-02,Siskiyou,093,43540,35,30,0,30,0
2020-07-02,Solano,095,438530,2111,1429,8,1437,21
2020-07-02,Sonoma,097,501317,1710,1244,4,1248,6
2020-07-02,Stanislaus,099,539301,4839,2850,6,2856,41
2020-07-02,Sutter,101,95872,279,195,0,195,2
2020-07-02,Tehama,103,63373,113,86,2,88,1
2020-07-02,Trinity,105,12862,11,2,4,6,0
2020-07-02,Tulare,107,460477,5943,4559,4,4563,132
2020-07-02,Tuolumne,109,53932,58,23,2,25,0
2020-07-02,Ventura,111,848112,4717,3394,13,3407,42
2020-07-02,Yolo,113,214977,841,554,3,557,24
2020-07-02,Yuba,115,75493,114,93,0,93,1
2020-07-01,Alameda,001,1643700,7588,6125,9,6134,137
2020-07-01,Alpine,003,1148,2,1,0,1,0
2020-07-01,Amador,005,37829,34,22,0,22,0
2020-07-01,Butte,007,227075,322,185,6,191,2
2020-07-01,Calaveras,009,45235,63,37,0,37,0
2020-07-01,Colusa,011,21464,103,53,0,53,0
2020-07-01,Contra Costa,013,1133247,4338,3259,4,3263,76
2020-07-01,Del Norte,015,27424,59,50,0,50,0
2020-07-01,El Dorado,017,186661,307,183,0,183,0
2020-07-01,Fresno,019,978130,10397,5111,66,5177,76
2020-07-01,Glenn,021,27897,170,110,0,110,0
2020-07-01,Humboldt,023,135768,164,134,0,134,3
2020-07-01,Imperial,025,180216,8295,6150,4,6154,46
2020-07-01,Inyo,027,18085,34,30,0,30,1
2020-07-01,Kern,029,883053,10255,4853,31,4884,78
2020-07-01,Kings,031,150075,2846,2360,8,2368,30
2020-07-01,Lake,033,64148,103,75,0,75,0
2020-07-01,Lassen,035,31185,252,217,2,219,0
2020-07-01,Los Angeles,037,10098052,124901,105325,42,105367,3408
2020-07-01,Madera,039,155013,1059,519,2,521,4
2020-07-01,Marin,041,260295,3145,1636,4,1640,17
2020-07-01,Mariposa,043,17540,35,29,0,29,1
2020-07-01,Mendocino,045,87422,96,70,0,70,0
2020-07-01,Merced,047,269075,1986,1052,1,1053,10
2020-07-01,Modoc,049,8938,1,0,0,0,0
2020-07-01,Mono,051,14174,51,37,0,37,1
2020-07-01,Monterey,053,433212,2375,1703,5,1708,15
2020-07-01,Napa,055,140530,509,347,0,347,4
2020-07-01,Nevada,057,99092,166,115,4,119,1
2020-07-01,Orange,059,3164182,25053,15662,209,15871,343
2020-07-01,Placer,061,380077,1027,713,1,714,11
2020-07-01,Plumas,063,18699,13,8,0,8,0
2020-07-01,Riverside,065,2383286,25499,19537,14,19551,457
2020-07-01,Sacramento,067,1510023,4879,3425,2,3427,64
2020-07-01,San Benito,069,59416,309,219,0,219,2
2020-07-01,San Bernardino,071,2135413,20861,12712,11,12723,253
2020-07-01,San Diego,073,3302833,18670,14624,2,14626,372
2020-07-01,San Francisco,075,870044,4216,3626,1,3627,50
2020-07-01,San Joaquin,077,732212,6001,3990,4,3994,54
2020-07-01,San Luis Obispo,079,281455,887,613,5,618,1
2020-07-01,San Mateo,081,765935,3816,3326,4,3330,84
2020-07-01,Santa Barbara,083,443738,4404,3268,18,3286,27
2020-07-01,Santa Clara,085,1922200,6022,4547,7,4554,159
2020-07-01,Santa Cruz,087,273765,510,398,0,398,2
2020-07-01,Shasta,089,179085,233,104,1,105,5
2020-07-01,Sierra,091,2930,1,1,0,1,0
2020-07-01,Siskiyou,093,43540,35,28,0,28,0
2020-07-01,Solano,095,438530,2022,1350,8,1358,21
2020-07-01,Sonoma,097,501317,1614,1178,4,1182,6
2020-07-01,Stanislaus,099,539301,4560,2619,6,2625,41
2020-07-01,Sutter,101,95872,266,188,0,188,2
2020-07-01,Tehama,103,63373,106,80,2,82,1
2020-07-01,Trinity,105,12862,11,2,3,5,0
2020-07-01,Tulare,107,460477,5764,4359,4,4363,128
2020-07-01,Tuolumne,109,53932,55,17,2,19,0
2020-07-01,Ventura,111,848112,4574,3224,11,3235,41
2020-07-01,Yolo,113,214977,791,526,3,529,24
2020-07-01,Yuba,115,75493,109,57,0,57,1
2020-06-30,Alameda,001,1643700,7339,5959,7,5966,137
2020-06-30,Alpine,003,1148,2,1,0,1,0
2020-06-30,Amador,005,37829,34,21,0,21,0
2020-06-30,Butte,007,227075,305,163,6,169,2
2020-06-30,Calaveras,009,45235,58,31,0,31,0
2020-06-30,Colusa,011,21464,94,33,0,33,0
2020-06-30,Contra Costa,013,1133247,4132,3140,4,3144,75
2020-06-30,Del Norte,015,27424,59,48,0,48,0
2020-06-30,El Dorado,017,186661,294,175,0,175,0
2020-06-30,Fresno,019,978130,9949,4826,62,4888,75
2020-06-30,Glenn,021,27897,165,96,0,96,0
2020-06-30,Humboldt,023,135768,160,132,0,132,3
2020-06-30,Imperial,025,180216,8198,5968,4,5972,45
2020-06-30,Inyo,027,18085,34,30,0,30,1
2020-06-30,Kern,029,883053,9607,4721,27,4748,75
2020-06-30,Kings,031,150075,2797,2315,5,2320,30
2020-06-30,Lake,033,64148,95,56,0,56,0
2020-06-30,Lassen,035,31185,245,215,2,217,0
2020-06-30,Los Angeles,037,10098052,121311,103640,39,103679,3378
2020-06-30,Madera,039,155013,1002,475,2,477,4
2020-06-30,Marin,041,260295,3074,1614,4,1618,17
2020-06-30,Mariposa,043,17540,34,27,0,27,1
2020-06-30,Mendocino,045,87422,91,65,0,65,0
2020-06-30,Merced,047,269075,1849,970,1,971,10
2020-06-30,Modoc,049,8938,1,0,0,0,0
2020-06-30,Mono,051,14174,49,36,0,36,1
2020-06-30,Monterey,053,433212,2277,1657,5,1662,15
2020-06-30,Napa,055,140530,484,342,0,342,4
2020-06-30,Nevada,057,99092,158,113,4,117,1
2020-06-30,Orange,059,3164182,24123,14354,199,14553,335
2020-06-30,Placer,061,380077,1000,667,1,668,11
2020-06-30,Plumas,063,18699,12,8,0,8,0
2020-06-30,Riverside,065,2383286,24782,18656,13,18669,449
2020-06-30,Sacramento,067,1510023,4590,3246,2,3248,64
2020-06-30,San Benito,069,59416,298,200,0,200,2
2020-06-30,San Bernardino,071,2135413,19877,12375,11,12386,249
2020-06-30,San Diego,073,3302833,17967,14150,2,14152,365
2020-06-30,San Francisco,075,870044,4110,3555,1,3556,50
2020-06-30,San Joaquin,077,732212,5626,3744,4,3748,52
2020-06-30,San Luis Obispo,079,281455,851,583,5,588,1
2020-06-30,San Mateo,081,765935,3738,3268,4,3272,84
2020-06-30,Santa Barbara,083,443738,4287,3102,18,3120,25
2020-06-30,Santa Clara,085,1922200,5821,4346,7,4353,157
2020-06-30,Santa Cruz,087,273765,485,379,0,379,2
2020-06-30,Shasta,089,179085,217,100,1,101,5
2020-06-30,Sierra,091,2930,1,1,0,1,0
2020-06-30,Siskiyou,093,43540,34,26,0,26,0
2020-06-30,Solano,095,438530,1930,1256,8,1264,21
2020-06-30,Sonoma,097,501317,1549,1122,4,1126,6
2020-06-30,Stanislaus,099,539301,4262,2578,6,2584,41
2020-06-30,Sutter,101,95872,243,168,0,168,2
2020-06-30,Tehama,103,63373,104,75,2,77,1
2020-06-30,Trinity,105,12862,11,2,3,5,0
2020-06-30,Tulare,107,460477,5557,4207,4,4211,117
2020-06-30,Tuolumne,109,53932,51,16,2,18,0
2020-06-30,Ventura,111,848112,4440,3030,11,3041,40
2020-06-30,Yolo,113,214977,753,515,3,518,24
2020-06-30,Yuba,115,75493,105,55,0,55,1
2020-06-29,Alameda,001,1643700,7129,5766,7,5773,135
2020-06-29,Alpine,003,1148,2,1,0,1,0
2020-06-29,Amador,005,37829,31,20,0,20,0
2020-06-29,Butte,007,227075,284,157,6,163,2
2020-06-29,Calaveras,009,45235,56,30,0,30,0
2020-06-29,Colusa,011,21464,89,17,0,17,0
2020-06-29,Contra Costa,013,1133247,3969,2976,3,2979,75
2020-06-29,Del Norte,015,27424,59,47,0,47,0
2020-06-29,El Dorado,017,186661,280,163,0,163,0
2020-06-29,Fresno,019,978130,9601,4531,61,4592,74
2020-06-29,Glenn,021,27897,156,77,0,77,0
2020-06-29,Humboldt,023,135768,159,128,0,128,3
2020-06-29,Imperial,025,180216,8067,5512,4,5516,45
2020-06-29,Inyo,027,18085,33,29,0,29,1
2020-06-29,Kern,029,883053,8943,4613,25,4638,73
2020-06-29,Kings,031,150075,2733,2280,5,2285,20
2020-06-29,Lake,033,64148,88,53,0,53,0
2020-06-29,Lassen,035,31185,237,77,2,79,0
2020-06-29,Los Angeles,037,10098052,118264,100846,33,100879,3337
2020-06-29,Madera,039,155013,945,422,2,424,4
2020-06-29,Marin,041,260295,2998,1517,4,1521,17
2020-06-29,Mariposa,043,17540,32,25,0,25,1
2020-06-29,Mendocino,045,87422,88,63,0,63,0
2020-06-29,Merced,047,269075,1743,848,1,849,10
2020-06-29,Modoc,049,8938,1,0,0,0,0
2020-06-29,Mono,051,14174,47,35,0,35,1
2020-06-29,Monterey,053,433212,2205,1614,5,1619,14
2020-06-29,Napa,055,140530,463,317,0,317,4
2020-06-29,Nevada,057,99092,155,107,3,110,1
2020-06-29,Orange,059,3164182,23132,13682,183,13865,324
2020-06-29,Placer,061,380077,964,628,1,629,11
2020-06-29,Plumas,063,18699,12,6,0,6,0
2020-06-29,Riverside,065,2383286,23749,17683,13,17696,432
2020-06-29,Sacramento,067,1510023,4303,2985,2,2987,62
2020-06-29,San Benito,069,59416,283,193,0,193,2
2020-06-29,San Bernardino,071,2135413,18916,11643,11,11654,245
2020-06-29,San Diego,073,3302833,17391,13834,2,13836,361
2020-06-29,San Francisco,075,870044,4033,3389,1,3390,50
2020-06-29,San Joaquin,077,732212,5268,3202,4,3206,52
2020-06-29,San Luis Obispo,079,281455,817,544,5,549,1
2020-06-29,San Mateo,081,765935,3684,3170,4,3174,84
2020-06-29,Santa Barbara,083,443738,4177,2933,17,2950,25
2020-06-29,Santa Clara,085,1922200,5649,4231,7,4238,157
2020-06-29,Santa Cruz,087,273765,467,348,0,348,2
2020-06-29,Shasta,089,179085,209,94,1,95,5
2020-06-29,Sierra,091,2930,1,1,0,1,0
2020-06-29,Siskiyou,093,43540,34,25,0,25,0
2020-06-29,Solano,095,438530,1828,1077,8,1085,21
2020-06-29,Sonoma,097,501317,1477,1103,4,1107,5
2020-06-29,Stanislaus,099,539301,4056,2400,5,2405,36
2020-06-29,Sutter,101,95872,221,152,0,152,2
2020-06-29,Tehama,103,63373,100,63,2,65,1
2020-06-29,Trinity,105,12862,11,2,3,5,0
2020-06-29,Tulare,107,460477,5403,3906,4,3910,117
2020-06-29,Tuolumne,109,53932,47,16,2,18,0
2020-06-29,Ventura,111,848112,4293,2794,11,2805,40
2020-06-29,Yolo,113,214977,720,483,3,486,24
2020-06-29,Yuba,115,75493,92,55,0,55,1
2020-06-28,Alameda,001,1643700,6870,5698,7,5705,135
2020-06-28,Alpine,003,1148,2,1,0,1,0
2020-06-28,Amador,005,37829,29,20,0,20,0
2020-06-28,Butte,007,227075,265,150,6,156,2
2020-06-28,Calaveras,009,45235,51,30,0,30,0
2020-06-28,Colusa,011,21464,74,17,0,17,0
2020-06-28,Contra Costa,013,1133247,3779,2803,3,2806,73
2020-06-28,Del Norte,015,27424,58,47,0,47,0
2020-06-28,El Dorado,017,186661,268,162,0,162,0
2020-06-28,Fresno,019,978130,9240,4365,61,4426,74
2020-06-28,Glenn,021,27897,148,77,0,77,0
2020-06-28,Humboldt,023,135768,156,127,0,127,3
2020-06-28,Imperial,025,180216,7879,5513,4,5517,45
2020-06-28,Inyo,027,18085,33,29,0,29,1
2020-06-28,Kern,029,883053,8390,4541,23,4564,72
2020-06-28,Kings,031,150075,2674,2234,5,2239,18
2020-06-28,Lake,033,64148,84,53,0,53,0
2020-06-28,Lassen,035,31185,237,77,2,79,0
2020-06-28,Los Angeles,037,10098052,115060,98003,29,98032,3316
2020-06-28,Madera,039,155013,897,424,2,426,4
2020-06-28,Marin,041,260295,2652,1473,4,1477,17
2020-06-28,Mariposa,043,17540,32,24,0,24,1
2020-06-28,Mendocino,045,87422,86,63,0,63,0
2020-06-28,Merced,047,269075,1630,814,1,815,10
2020-06-28,Modoc,049,8938,1,0,0,0,0
2020-06-28,Mono,051,14174,47,35,0,35,1
2020-06-28,Monterey,053,433212,2123,1560,5,1565,13
2020-06-28,Napa,055,140530,429,307,0,307,4
2020-06-28,Nevada,057,99092,144,102,3,105,1
2020-06-28,Orange,059,3164182,22157,13213,164,13377,324
2020-06-28,Placer,061,380077,925,618,1,619,11
2020-06-28,Plumas,063,18699,11,6,0,6,0
2020-06-28,Riverside,065,2383286,22922,16848,12,16860,432
2020-06-28,Sacramento,067,1510023,4075,2803,2,2805,63
2020-06-28,San Benito,069,59416,272,190,0,190,2
2020-06-28,San Bernardino,071,2135413,18162,11344,10,11354,245
2020-06-28,San Diego,073,3302833,16846,13333,2,13335,361
2020-06-28,San Francisco,075,870044,3954,3388,1,3389,50
2020-06-28,San Joaquin,077,732212,4931,3201,4,3205,52
2020-06-28,San Luis Obispo,079,281455,778,531,4,535,1
2020-06-28,San Mateo,081,765935,3606,3124,4,3128,84
2020-06-28,Santa Barbara,083,443738,4032,2872,17,2889,25
2020-06-28,Santa Clara,085,1922200,5488,4131,7,4138,156
2020-06-28,Santa Cruz,087,273765,444,349,0,349,2
2020-06-28,Shasta,089,179085,196,89,0,89,5
2020-06-28,Sierra,091,2930,1,1,0,1,0
2020-06-28,Siskiyou,093,43540,34,25,0,25,0
2020-06-28,Solano,095,438530,1753,1077,8,1085,21
2020-06-28,Sonoma,097,501317,1423,1084,4,1088,5
2020-06-28,Stanislaus,099,539301,3850,2376,5,2381,36
2020-06-28,Sutter,101,95872,195,145,0,145,2
2020-06-28,Tehama,103,63373,93,63,2,65,1
2020-06-28,Trinity,105,12862,11,2,3,5,0
2020-06-28,Tulare,107,460477,5238,3812,4,3816,117
2020-06-28,Tuolumne,109,53932,42,14,2,16,0
2020-06-28,Ventura,111,848112,4135,2650,11,2661,40
2020-06-28,Yolo,113,214977,685,468,3,471,24
2020-06-28,Yuba,115,75493,88,39,0,39,1
2020-06-27,Alameda,001,1643700,6775,5581,7,5588,135
2020-06-27,Alpine,003,1148,2,1,0,1,0
2020-06-27,Amador,005,37829,27,20,0,20,0
2020-06-27,Butte,007,227075,257,137,6,143,2
2020-06-27,Calaveras,009,45235,49,30,0,30,0
2020-06-27,Colusa,011,21464,68,17,0,17,0
2020-06-27,Contra Costa,013,1133247,3684,2717,2,2719,72
2020-06-27,Del Norte,015,27424,58,47,0,47,0
2020-06-27,El Dorado,017,186661,262,159,0,159,0
2020-06-27,Fresno,019,978130,8994,4238,61,4299,74
2020-06-27,Glenn,021,27897,144,77,0,77,0
2020-06-27,Humboldt,023,135768,154,127,0,127,3
2020-06-27,Imperial,025,180216,7817,5513,4,5517,45
2020-06-27,Inyo,027,18085,33,29,0,29,1
2020-06-27,Kern,029,883053,8125,4411,22,4433,70
2020-06-27,Kings,031,150075,2648,2187,5,2192,18
2020-06-27,Lake,033,64148,81,42,0,42,0
2020-06-27,Lassen,035,31185,237,33,2,35,0
2020-06-27,Los Angeles,037,10098052,113319,95341,26,95367,3291
2020-06-27,Madera,039,155013,854,427,1,428,4
2020-06-27,Marin,041,260295,2607,1423,4,1427,17
2020-06-27,Mariposa,043,17540,31,22,0,22,1
2020-06-27,Mendocino,045,87422,86,63,0,63,0
2020-06-27,Merced,047,269075,1572,807,0,807,10
2020-06-27,Modoc,049,8938,1,0,0,0,0
2020-06-27,Mono,051,14174,46,35,0,35,1
2020-06-27,Monterey,053,433212,2059,1455,5,1460,12
2020-06-27,Napa,055,140530,419,282,0,282,3
2020-06-27,Nevada,057,99092,140,102,2,104,1
2020-06-27,Orange,059,3164182,21646,12951,159,13110,320
2020-06-27,Placer,061,380077,904,584,1,585,10
2020-06-27,Plumas,063,18699,11,6,0,6,0
2020-06-27,Riverside,065,2383286,22532,16209,12,16221,432
2020-06-27,Sacramento,067,1510023,3958,2685,2,2687,63
2020-06-27,San Benito,069,59416,265,182,0,182,2
2020-06-27,San Bernardino,071,2135413,17784,11238,10,11248,243
2020-06-27,San Diego,073,3302833,16481,12836,2,12838,360
2020-06-27,San Francisco,075,870044,3899,3332,1,3333,49
2020-06-27,San Joaquin,077,732212,4766,2995,4,2999,52
2020-06-27,San Luis Obispo,079,281455,754,505,4,509,1
2020-06-27,San Mateo,081,765935,3549,3083,4,3087,83
2020-06-27,Santa Barbara,083,443738,3960,2799,17,2816,25
2020-06-27,Santa Clara,085,1922200,5383,4006,7,4013,157
2020-06-27,Santa Cruz,087,273765,437,347,0,347,2
2020-06-27,Shasta,089,179085,191,87,0,87,5
2020-06-27,Sierra,091,2930,1,1,0,1,0
2020-06-27,Siskiyou,093,43540,34,25,0,25,0
2020-06-27,Solano,095,438530,1720,1076,8,1084,21
2020-06-27,Sonoma,097,501317,1392,1004,4,1008,5
2020-06-27,Stanislaus,099,539301,3750,2164,5,2169,36
2020-06-27,Sutter,101,95872,188,141,0,141,2
2020-06-27,Tehama,103,63373,90,63,2,65,1
2020-06-27,Trinity,105,12862,11,2,3,5,0
2020-06-27,Tulare,107,460477,5142,3810,4,3814,117
2020-06-27,Tuolumne,109,53932,41,13,2,15,0
2020-06-27,Ventura,111,848112,4036,2471,11,2482,40
2020-06-27,Yolo,113,214977,660,432,3,435,24
2020-06-27,Yuba,115,75493,80,39,0,39,1
2020-06-26,Alameda,001,1643700,6689,5502,6,5508,132
2020-06-26,Alpine,003,1148,2,1,0,1,0
2020-06-26,Amador,005,37829,26,20,0,20,0
2020-06-26,Butte,007,227075,242,135,6,141,2
2020-06-26,Calaveras,009,45235,47,30,0,30,0
2020-06-26,Colusa,011,21464,63,17,0,17,0
2020-06-26,Contra Costa,013,1133247,3571,2676,2,2678,72
2020-06-26,Del Norte,015,27424,57,47,0,47,0
2020-06-26,El Dorado,017,186661,254,159,0,159,0
2020-06-26,Fresno,019,978130,8768,4166,61,4227,74
2020-06-26,Glenn,021,27897,137,71,0,71,0
2020-06-26,Humboldt,023,135768,152,126,0,126,3
2020-06-26,Imperial,025,180216,7753,5400,4,5404,44
2020-06-26,Inyo,027,18085,32,29,0,29,1
2020-06-26,Kern,029,883053,7793,4366,22,4388,70
2020-06-26,Kings,031,150075,2616,2176,4,2180,18
2020-06-26,Lake,033,64148,80,42,0,42,0
2020-06-26,Lassen,035,31185,236,30,2,32,0
2020-06-26,Los Angeles,037,10098052,111154,93328,26,93354,3275
2020-06-26,Madera,039,155013,822,409,1,410,4
2020-06-26,Marin,041,260295,2571,1406,4,1410,17
2020-06-26,Mariposa,043,17540,30,21,0,21,1
2020-06-26,Mendocino,045,87422,83,63,0,63,0
2020-06-26,Merced,047,269075,1526,797,0,797,10
2020-06-26,Modoc,049,8938,1,0,0,0,0
2020-06-26,Mono,051,14174,45,35,0,35,1
2020-06-26,Monterey,053,433212,2007,1449,5,1454,12
2020-06-26,Napa,055,140530,409,277,0,277,3
2020-06-26,Nevada,057,99092,136,101,1,102,1
2020-06-26,Orange,059,3164182,20969,12659,156,12815,320
2020-06-26,Placer,061,380077,876,584,1,585,10
2020-06-26,Plumas,063,18699,11,6,0,6,0
2020-06-26,Riverside,065,2383286,22070,15858,12,15870,430
2020-06-26,Sacramento,067,1510023,3793,2687,2,2689,63
2020-06-26,San Benito,069,59416,261,176,0,176,2
2020-06-26,San Bernardino,071,2135413,17407,11111,10,11121,243
2020-06-26,San Diego,073,3302833,16116,12402,2,12404,358
2020-06-26,San Francisco,075,870044,3843,3330,1,3331,49
2020-06-26,San Joaquin,077,732212,4552,2943,4,2947,52
2020-06-26,San Luis Obispo,079,281455,739,498,4,502,1
2020-06-26,San Mateo,081,765935,3497,3055,4,3059,83
2020-06-26,Santa Barbara,083,443738,3870,2784,15,2799,25
2020-06-26,Santa Clara,085,1922200,5282,3968,7,3975,156
2020-06-26,Santa Cruz,087,273765,430,344,0,344,2
2020-06-26,Shasta,089,179085,184,86,0,86,5
2020-06-26,Sierra,091,2930,1,1,0,1,0
2020-06-26,Siskiyou,093,43540,33,24,0,24,0
2020-06-26,Solano,095,438530,1678,1068,8,1076,21
2020-06-26,Sonoma,097,501317,1360,977,4,981,5
2020-06-26,Stanislaus,099,539301,3637,2157,5,2162,36
2020-06-26,Sutter,101,95872,181,138,0,138,2
2020-06-26,Tehama,103,63373,87,63,2,65,1
2020-06-26,Trinity,105,12862,11,2,3,5,0
2020-06-26,Tulare,107,460477,5053,3720,4,3724,117
2020-06-26,Tuolumne,109,53932,39,10,2,12,0
2020-06-26,Ventura,111,848112,3950,2444,11,2455,40
2020-06-26,Yolo,113,214977,636,418,3,421,24
2020-06-26,Yuba,115,75493,74,38,0,38,1
2020-06-25,Alameda,001,1643700,6498,5398,6,5404,130
2020-06-25,Alpine,003,1148,2,1,0,1,0
2020-06-25,Amador,005,37829,25,18,0,18,0
2020-06-25,Butte,007,227075,237,127,6,133,1
2020-06-25,Calaveras,009,45235,42,26,0,26,0
2020-06-25,Colusa,011,21464,53,14,0,14,0
2020-06-25,Contra Costa,013,1133247,3386,2591,2,2593,71
2020-06-25,Del Norte,015,27424,55,47,0,47,0
2020-06-25,El Dorado,017,186661,246,150,0,150,0
2020-06-25,Fresno,019,978130,8456,3938,60,3998,71
2020-06-25,Glenn,021,27897,132,59,0,59,0
2020-06-25,Humboldt,023,135768,151,121,0,121,3
2020-06-25,Imperial,025,180216,7625,5192,4,5196,44
2020-06-25,Inyo,027,18085,29,27,0,27,1
2020-06-25,Kern,029,883053,7368,4236,19,4255,69
2020-06-25,Kings,031,150075,2564,2110,4,2114,17
2020-06-25,Lake,033,64148,79,42,0,42,0
2020-06-25,Lassen,035,31185,230,13,2,15,0
2020-06-25,Los Angeles,037,10098052,108386,91524,26,91550,3239
2020-06-25,Madera,039,155013,778,380,1,381,4
2020-06-25,Marin,041,260295,2469,1321,4,1325,17
2020-06-25,Mariposa,043,17540,29,20,0,20,1
2020-06-25,Mendocino,045,87422,80,61,0,61,0
2020-06-25,Merced,047,269075,1439,747,0,747,10
2020-06-25,Modoc,049,8938,1,0,0,0,0
2020-06-25,Mono,051,14174,44,35,0,35,1
2020-06-25,Monterey,053,433212,1919,1426,4,1430,12
2020-06-25,Napa,055,140530,391,260,0,260,3
2020-06-25,Nevada,057,99092,128,92,1,93,1
2020-06-25,Orange,059,3164182,20045,12221,154,12375,311
2020-06-25,Placer,061,380077,823,574,1,575,10
2020-06-25,Plumas,063,18699,10,6,0,6,0
2020-06-25,Riverside,065,2383286,21315,15224,12,15236,427
2020-06-25,Sacramento,067,1510023,3570,2519,2,2521,62
2020-06-25,San Benito,069,59416,253,174,0,174,2
2020-06-25,San Bernardino,071,2135413,16655,10590,10,10600,242
2020-06-25,San Diego,073,3302833,15577,11963,2,11965,352
2020-06-25,San Francisco,075,870044,3778,3252,1,3253,48
2020-06-25,San Joaquin,077,732212,4279,2803,4,2807,50
2020-06-25,San Luis Obispo,079,281455,707,473,4,477,1
2020-06-25,San Mateo,081,765935,3429,2996,4,3000,82
2020-06-25,Santa Barbara,083,443738,3764,2622,14,2636,25
2020-06-25,Santa Clara,085,1922200,5134,3871,7,3878,156
2020-06-25,Santa Cruz,087,273765,418,335,0,335,2
2020-06-25,Shasta,089,179085,174,84,0,84,5
2020-06-25,Sierra,091,2930,1,1,0,1,0
2020-06-25,Siskiyou,093,43540,32,24,0,24,0
2020-06-25,Solano,095,438530,1625,1034,8,1042,21
2020-06-25,Sonoma,097,501317,1313,953,3,956,5
2020-06-25,Stanislaus,099,539301,3425,2130,5,2135,36
2020-06-25,Sutter,101,95872,169,126,0,126,2
2020-06-25,Tehama,103,63373,83,59,2,61,1
2020-06-25,Trinity,105,12862,11,2,3,5,0
2020-06-25,Tulare,107,460477,4923,3656,4,3660,117
2020-06-25,Tuolumne,109,53932,38,10,2,12,0
2020-06-25,Ventura,111,848112,3768,2346,10,2356,40
2020-06-25,Yolo,113,214977,606,397,3,400,24
2020-06-25,Yuba,115,75493,63,38,0,38,1
2020-06-24,Alameda,001,1643700,6336,5242,6,5248,123
2020-06-24,Alpine,003,1148,2,1,0,1,0
2020-06-24,Amador,005,37829,23,16,0,16,0
2020-06-24,Butte,007,227075,221,119,6,125,1
2020-06-24,Calaveras,009,45235,40,26,0,26,0
2020-06-24,Colusa,011,21464,44,11,0,11,0
2020-06-24,Contra Costa,013,1133247,3231,2520,2,2522,66
2020-06-24,Del Norte,015,27424,49,47,0,47,0
2020-06-24,El Dorado,017,186661,230,149,0,149,0
2020-06-24,Fresno,019,978130,8125,3765,60,3825,71
2020-06-24,Glenn,021,27897,124,54,0,54,0
2020-06-24,Humboldt,023,135768,151,117,0,117,3
2020-06-24,Imperial,025,180216,7507,5138,4,5142,38
2020-06-24,Inyo,027,18085,29,28,0,28,1
2020-06-24,Kern,029,883053,6975,4155,17,4172,67
2020-06-24,Kings,031,150075,2502,2063,4,2067,16
2020-06-24,Lake,033,64148,66,40,0,40,0
2020-06-24,Lassen,035,31185,229,9,2,11,0
2020-06-24,Los Angeles,037,10098052,105627,89566,26,89592,3186
2020-06-24,Madera,039,155013,756,373,1,374,4
2020-06-24,Marin,041,260295,2241,1261,4,1265,17
2020-06-24,Mariposa,043,17540,28,19,0,19,1
2020-06-24,Mendocino,045,87422,80,60,0,60,0
2020-06-24,Merced,047,269075,1353,696,0,696,8
2020-06-24,Modoc,049,8938,1,0,0,0,0
2020-06-24,Mono,051,14174,42,35,0,35,1
2020-06-24,Monterey,053,433212,1842,1407,4,1411,12
2020-06-24,Napa,055,140530,373,258,0,258,3
2020-06-24,Nevada,057,99092,122,92,1,93,1
2020-06-24,Orange,059,3164182,19051,11804,136,11940,303
2020-06-24,Placer,061,380077,784,548,1,549,10
2020-06-24,Plumas,063,18699,10,6,0,6,0
2020-06-24,Riverside,065,2383286,20470,14946,12,14958,410
2020-06-24,Sacramento,067,1510023,3365,2446,2,2448,62
2020-06-24,San Benito,069,59416,249,171,0,171,2
2020-06-24,San Bernardino,071,2135413,15844,10211,9,10220,239
2020-06-24,San Diego,073,3302833,15077,11628,2,11630,347
2020-06-24,San Francisco,075,870044,3715,3216,1,3217,48
2020-06-24,San Joaquin,077,732212,4058,2680,4,2684,49
2020-06-24,San Luis Obispo,079,281455,675,461,3,464,1
2020-06-24,San Mateo,081,765935,3372,2964,4,2968,82
2020-06-24,Santa Barbara,083,443738,3644,2569,12,2581,22
2020-06-24,Santa Clara,085,1922200,5003,3812,7,3819,155
2020-06-24,Santa Cruz,087,273765,406,329,0,329,2
2020-06-24,Shasta,089,179085,166,83,0,83,5
2020-06-24,Sierra,091,2930,1,1,0,1,0
2020-06-24,Siskiyou,093,43540,31,24,0,24,0
2020-06-24,Solano,095,438530,1535,979,7,986,21
2020-06-24,Sonoma,097,501317,1264,933,3,936,4
2020-06-24,Stanislaus,099,539301,3246,2039,5,2044,36
2020-06-24,Sutter,101,95872,156,118,0,118,2
2020-06-24,Tehama,103,63373,81,55,2,57,1
2020-06-24,Trinity,105,12862,11,2,2,4,0
2020-06-24,Tulare,107,460477,4770,3541,4,3545,116
2020-06-24,Tuolumne,109,53932,33,9,2,11,0
2020-06-24,Ventura,111,848112,3427,2314,10,2324,42
2020-06-24,Yolo,113,214977,571,376,3,379,24
2020-06-24,Yuba,115,75493,57,37,0,37,1
2020-06-23,Alameda,001,1643700,6155,5159,6,5165,121
2020-06-23,Alpine,003,1148,2,1,0,1,0
2020-06-23,Amador,005,37829,22,13,0,13,0
2020-06-23,Butte,007,227075,203,111,6,117,1
2020-06-23,Calaveras,009,45235,40,26,0,26,0
2020-06-23,Colusa,011,21464,40,7,0,7,0
2020-06-23,Contra Costa,013,1133247,3105,2453,2,2455,60
2020-06-23,Del Norte,015,27424,48,46,0,46,0
2020-06-23,El Dorado,017,186661,221,142,0,142,0
2020-06-23,Fresno,019,978130,7475,3569,58,3627,67
2020-06-23,Glenn,021,27897,120,47,0,47,0
2020-06-23,Humboldt,023,135768,151,110,0,110,3
2020-06-23,Imperial,025,180216,7344,5025,4,5029,38
2020-06-23,Inyo,027,18085,29,26,0,26,1
2020-06-23,Kern,029,883053,6607,4087,14,4101,64
2020-06-23,Kings,031,150075,2437,1727,4,1731,16
2020-06-23,Lake,033,64148,60,40,0,40,0
2020-06-23,Lassen,035,31185,225,9,2,11,0
2020-06-23,Los Angeles,037,10098052,102689,88433,24,88457,3152
2020-06-23,Madera,039,155013,717,369,1,370,4
2020-06-23,Marin,041,260295,1973,1139,4,1143,17
2020-06-23,Mariposa,043,17540,26,18,0,18,1
2020-06-23,Mendocino,045,87422,79,61,0,61,0
2020-06-23,Merced,047,269075,1256,656,0,656,8
2020-06-23,Modoc,049,8938,1,0,0,0,0
2020-06-23,Mono,051,14174,42,35,0,35,1
2020-06-23,Monterey,053,433212,1772,1346,4,1350,12
2020-06-23,Napa,055,140530,358,230,0,230,3
2020-06-23,Nevada,057,99092,116,81,1,82,1
2020-06-23,Orange,059,3164182,18081,11071,133,11204,278
2020-06-23,Placer,061,380077,758,525,1,526,10
2020-06-23,Plumas,063,18699,9,6,0,6,0
2020-06-23,Riverside,065,2383286,19451,14469,12,14481,406
2020-06-23,Sacramento,067,1510023,3186,2374,2,2376,62
2020-06-23,San Benito,069,59416,235,167,0,167,2
2020-06-23,San Bernardino,071,2135413,15061,9771,9,9780,229
2020-06-23,San Diego,073,3302833,14557,11296,2,11298,341
2020-06-23,San Francisco,075,870044,3642,3177,1,3178,48
2020-06-23,San Joaquin,077,732212,3799,2502,4,2506,48
2020-06-23,San Luis Obispo,079,281455,644,445,3,448,1
2020-06-23,San Mateo,081,765935,3307,2907,4,2911,81
2020-06-23,Santa Barbara,083,443738,3548,2498,12,2510,22
2020-06-23,Santa Clara,085,1922200,4857,3700,7,3707,155
2020-06-23,Santa Cruz,087,273765,396,313,0,313,2
2020-06-23,Shasta,089,179085,157,81,0,81,5
2020-06-23,Sierra,091,2930,1,1,0,1,0
2020-06-23,Siskiyou,093,43540,29,24,0,24,0
2020-06-23,Solano,095,438530,1478,941,6,947,21
2020-06-23,Sonoma,097,501317,1211,912,3,915,4
2020-06-23,Stanislaus,099,539301,3069,1850,5,1855,35
2020-06-23,Sutter,101,95872,146,112,0,112,2
2020-06-23,Tehama,103,63373,79,50,2,52,1
2020-06-23,Trinity,105,12862,11,2,2,4,0
2020-06-23,Tulare,107,460477,4648,3456,4,3460,111
2020-06-23,Tuolumne,109,53932,28,9,1,10,0
2020-06-23,Ventura,111,848112,3267,2209,9,2218,40
2020-06-23,Yolo,113,214977,545,350,0,350,24
2020-06-23,Yuba,115,75493,54,35,0,35,1
2020-06-22,Alameda,001,1643700,6004,4944,6,4950,121
2020-06-22,Alpine,003,1148,2,1,0,1,0
2020-06-22,Amador,005,37829,19,12,0,12,0
2020-06-22,Butte,007,227075,184,104,6,110,1
2020-06-22,Calaveras,009,45235,38,20,0,20,0
2020-06-22,Colusa,011,21464,37,7,0,7,0
2020-06-22,Contra Costa,013,1133247,2963,2363,2,2365,60
2020-06-22,Del Norte,015,27424,48,46,0,46,0
2020-06-22,El Dorado,017,186661,212,137,0,137,0
2020-06-22,Fresno,019,978130,6943,3425,58,3483,67
2020-06-22,Glenn,021,27897,111,40,0,40,0
2020-06-22,Humboldt,023,135768,148,110,0,110,3
2020-06-22,Imperial,025,180216,7188,4700,4,4704,38
2020-06-22,Inyo,027,18085,29,26,0,26,1
2020-06-22,Kern,029,883053,6255,3982,12,3994,60
2020-06-22,Kings,031,150075,2389,1513,4,1517,13
2020-06-22,Lake,033,64148,54,37,0,37,0
2020-06-22,Lassen,035,31185,115,7,2,9,0
2020-06-22,Los Angeles,037,10098052,99792,85925,23,85948,3117
2020-06-22,Madera,039,155013,692,333,1,334,4
2020-06-22,Marin,041,260295,1716,1029,4,1033,17
2020-06-22,Mariposa,043,17540,25,18,0,18,1
2020-06-22,Mendocino,045,87422,74,48,0,48,0
2020-06-22,Merced,047,269075,1167,619,0,619,8
2020-06-22,Modoc,049,8938,1,0,0,0,0
2020-06-22,Mono,051,14174,42,34,0,34,1
2020-06-22,Monterey,053,433212,1711,1293,4,1297,12
2020-06-22,Napa,055,140530,334,222,0,222,3
2020-06-22,Nevada,057,99092,111,79,1,80,1
2020-06-22,Orange,059,3164182,17151,10711,130,10841,275
2020-06-22,Placer,061,380077,732,512,1,513,9
2020-06-22,Plumas,063,18699,7,6,0,6,0
2020-06-22,Riverside,065,2383286,18479,13948,12,13960,403
2020-06-22,Sacramento,067,1510023,2970,2243,2,2245,62
2020-06-22,San Benito,069,59416,226,164,0,164,2
2020-06-22,San Bernardino,071,2135413,14285,9133,9,9142,229
2020-06-22,San Diego,073,3302833,14066,11098,2,11100,338
2020-06-22,San Francisco,075,870044,3549,3000,1,3001,47
2020-06-22,San Joaquin,077,732212,3551,2332,4,2336,48
2020-06-22,San Luis Obispo,079,281455,612,422,3,425,1
2020-06-22,San Mateo,081,765935,3234,2813,4,2817,81
2020-06-22,Santa Barbara,083,443738,3456,2447,12,2459,21
2020-06-22,Santa Clara,085,1922200,4697,3580,7,3587,155
2020-06-22,Santa Cruz,087,273765,383,290,0,290,3
2020-06-22,Shasta,089,179085,154,77,0,77,5
2020-06-22,Sierra,091,2930,1,1,0,1,0
2020-06-22,Siskiyou,093,43540,29,23,0,23,0
2020-06-22,Solano,095,438530,1400,784,5,789,21
2020-06-22,Sonoma,097,501317,1166,860,1,861,4
2020-06-22,Stanislaus,099,539301,2884,1784,5,1789,35
2020-06-22,Sutter,101,95872,137,100,0,100,2
2020-06-22,Tehama,103,63373,75,38,2,40,1
2020-06-22,Trinity,105,12862,11,2,2,4,0
2020-06-22,Tulare,107,460477,4511,3185,4,3189,111
2020-06-22,Tuolumne,109,53932,19,8,1,9,0
2020-06-22,Ventura,111,848112,3118,2065,9,2074,39
2020-06-22,Yolo,113,214977,518,333,0,333,24
2020-06-22,Yuba,115,75493,49,36,0,36,1
2020-06-21,Alameda,001,1643700,5808,4835,6,4841,121
2020-06-21,Alpine,003,1148,2,1,0,1,0
2020-06-21,Amador,005,37829,14,12,0,12,0
2020-06-21,Butte,007,227075,170,97,6,103,1
2020-06-21,Calaveras,009,45235,38,20,0,20,0
2020-06-21,Colusa,011,21464,29,7,0,7,0
2020-06-21,Contra Costa,013,1133247,2837,2282,2,2284,60
2020-06-21,Del Norte,015,27424,47,46,0,46,0
2020-06-21,El Dorado,017,186661,203,132,0,132,0
2020-06-21,Fresno,019,978130,6373,3296,57,3353,67
2020-06-21,Glenn,021,27897,102,40,0,40,0
2020-06-21,Humboldt,023,135768,143,108,0,108,3
2020-06-21,Imperial,025,180216,7005,4701,4,4705,38
2020-06-21,Inyo,027,18085,27,26,0,26,1
2020-06-21,Kern,029,883053,5963,3918,11,3929,60
2020-06-21,Kings,031,150075,2326,1334,4,1338,11
2020-06-21,Lake,033,64148,49,36,0,36,0
2020-06-21,Lassen,035,31185,22,7,2,9,0
2020-06-21,Los Angeles,037,10098052,96911,83383,23,83406,3101
2020-06-21,Madera,039,155013,658,319,1,320,4
2020-06-21,Marin,041,260295,1559,907,4,911,17
2020-06-21,Mariposa,043,17540,22,18,0,18,1
2020-06-21,Mendocino,045,87422,71,48,0,48,0
2020-06-21,Merced,047,269075,1072,577,0,577,8
2020-06-21,Modoc,049,8938,1,0,0,0,0
2020-06-21,Mono,051,14174,42,34,0,34,1
2020-06-21,Monterey,053,433212,1638,1227,4,1231,12
2020-06-21,Napa,055,140530,319,218,0,218,3
2020-06-21,Nevada,057,99092,108,79,1,80,1
2020-06-21,Orange,059,3164182,16309,10563,126,10689,275
2020-06-21,Placer,061,380077,692,498,1,499,9
2020-06-21,Plumas,063,18699,7,6,0,6,0
2020-06-21,Riverside,065,2383286,17774,13528,11,13539,402
2020-06-21,Sacramento,067,1510023,2769,2156,2,2158,62
2020-06-21,San Benito,069,59416,212,151,0,151,2
2020-06-21,San Bernardino,071,2135413,13508,8925,8,8933,229
2020-06-21,San Diego,073,3302833,13521,10796,2,10798,338
2020-06-21,San Francisco,075,870044,3443,3000,1,3001,47
2020-06-21,San Joaquin,077,732212,3315,2188,4,2192,48
2020-06-21,San Luis Obispo,079,281455,587,418,3,421,1
2020-06-21,San Mateo,081,765935,3176,2781,4,2785,81
2020-06-21,Santa Barbara,083,443738,3349,2430,11,2441,21
2020-06-21,Santa Clara,085,1922200,4559,3514,7,3521,154
2020-06-21,Santa Cruz,087,273765,373,290,0,290,3
2020-06-21,Shasta,089,179085,144,75,0,75,5
2020-06-21,Sierra,091,2930,1,1,0,1,0
2020-06-21,Siskiyou,093,43540,29,23,0,23,0
2020-06-21,Solano,095,438530,1300,783,4,787,21
2020-06-21,Sonoma,097,501317,1116,836,1,837,4
2020-06-21,Stanislaus,099,539301,2698,1688,5,1693,35
2020-06-21,Sutter,101,95872,129,96,0,96,2
2020-06-21,Tehama,103,63373,64,35,2,37,1
2020-06-21,Trinity,105,12862,11,2,2,4,0
2020-06-21,Tulare,107,460477,4343,3173,4,3177,111
2020-06-21,Tuolumne,109,53932,17,8,1,9,0
2020-06-21,Ventura,111,848112,2940,2021,9,2030,39
2020-06-21,Yolo,113,214977,486,323,0,323,24
2020-06-21,Yuba,115,75493,45,35,0,35,1
2020-06-20,Alameda,001,1643700,5746,4758,6,4764,119
2020-06-20,Alpine,003,1148,2,1,0,1,0
2020-06-20,Amador,005,37829,14,12,0,12,0
2020-06-20,Butte,007,227075,163,94,6,100,1
2020-06-20,Calaveras,009,45235,38,20,0,20,0
2020-06-20,Colusa,011,21464,26,7,0,7,0
2020-06-20,Contra Costa,013,1133247,2778,2231,2,2233,54
2020-06-20,Del Norte,015,27424,47,46,0,46,0
2020-06-20,El Dorado,017,186661,198,130,0,130,0
2020-06-20,Fresno,019,978130,6248,3222,55,3277,67
2020-06-20,Glenn,021,27897,97,40,0,40,0
2020-06-20,Humboldt,023,135768,143,108,0,108,3
2020-06-20,Imperial,025,180216,6924,4616,4,4620,37
2020-06-20,Inyo,027,18085,27,26,0,26,1
2020-06-20,Kern,029,883053,5798,3836,11,3847,59
2020-06-20,Kings,031,150075,2302,1331,4,1335,9
2020-06-20,Lake,033,64148,49,37,0,37,0
2020-06-20,Lassen,035,31185,21,7,2,9,0
2020-06-20,Los Angeles,037,10098052,95338,81604,22,81626,3093
2020-06-20,Madera,039,155013,625,321,1,322,4
2020-06-20,Marin,041,260295,1539,879,4,883,17
2020-06-20,Mariposa,043,17540,22,18,0,18,1
2020-06-20,Mendocino,045,87422,70,48,0,48,0
2020-06-20,Merced,047,269075,1032,566,0,566,8
2020-06-20,Modoc,049,8938,1,0,0,0,0
2020-06-20,Mono,051,14174,42,34,0,34,1
2020-06-20,Monterey,053,433212,1602,1181,4,1185,12
2020-06-20,Napa,055,140530,310,212,0,212,3
2020-06-20,Nevada,057,99092,105,73,1,74,1
2020-06-20,Orange,059,3164182,15961,10284,122,10406,273
2020-06-20,Placer,061,380077,667,483,1,484,9
2020-06-20,Plumas,063,18699,6,6,0,6,0
2020-06-20,Riverside,065,2383286,17475,13021,11,13032,402
2020-06-20,Sacramento,067,1510023,2698,2069,2,2071,63
2020-06-20,San Benito,069,59416,208,139,0,139,2
2020-06-20,San Bernardino,071,2135413,13146,8718,8,8726,229
2020-06-20,San Diego,073,3302833,13198,10486,2,10488,338
2020-06-20,San Francisco,075,870044,3399,2999,1,3000,47
2020-06-20,San Joaquin,077,732212,3232,2046,4,2050,48
2020-06-20,San Luis Obispo,079,281455,574,405,3,408,1
2020-06-20,San Mateo,081,765935,3128,2755,4,2759,81
2020-06-20,Santa Barbara,083,443738,3293,2358,10,2368,21
2020-06-20,Santa Clara,085,1922200,4486,3435,7,3442,154
2020-06-20,Santa Cruz,087,273765,371,287,0,287,3
2020-06-20,Shasta,089,179085,138,66,0,66,5
2020-06-20,Sierra,091,2930,1,1,0,1,0
2020-06-20,Siskiyou,093,43540,28,22,0,22,0
2020-06-20,Solano,095,438530,1276,784,4,788,21
2020-06-20,Sonoma,097,501317,1080,806,1,807,4
2020-06-20,Stanislaus,099,539301,2590,1598,5,1603,35
2020-06-20,Sutter,101,95872,127,89,0,89,2
2020-06-20,Tehama,103,63373,62,35,2,37,1
2020-06-20,Trinity,105,12862,11,2,2,4,0
2020-06-20,Tulare,107,460477,4270,3172,4,3176,111
2020-06-20,Tuolumne,109,53932,14,8,1,9,0
2020-06-20,Ventura,111,848112,2875,1946,9,1955,37
2020-06-20,Yolo,113,214977,470,309,0,309,24
2020-06-20,Yuba,115,75493,43,34,0,34,1
2020-06-19,Alameda,001,1643700,5675,4646,6,4652,119
2020-06-19,Alpine,003,1148,2,1,0,1,0
2020-06-19,Amador,005,37829,14,12,0,12,0
2020-06-19,Butte,007,227075,158,91,6,97,1
2020-06-19,Calaveras,009,45235,37,20,0,20,0
2020-06-19,Colusa,011,21464,24,7,0,7,0
2020-06-19,Contra Costa,013,1133247,2699,2106,2,2108,54
2020-06-19,Del Norte,015,27424,47,46,0,46,0
2020-06-19,El Dorado,017,186661,189,124,0,124,0
2020-06-19,Fresno,019,978130,6086,3109,53,3162,61
2020-06-19,Glenn,021,27897,91,40,0,40,0
2020-06-19,Humboldt,023,135768,141,106,0,106,3
2020-06-19,Imperial,025,180216,6833,4504,4,4508,36
2020-06-19,Inyo,027,18085,27,26,0,26,1
2020-06-19,Kern,029,883053,5575,3742,10,3752,57
2020-06-19,Kings,031,150075,2281,1285,4,1289,9
2020-06-19,Lake,033,64148,46,36,0,36,0
2020-06-19,Lassen,035,31185,20,7,2,9,0
2020-06-19,Los Angeles,037,10098052,93358,79572,22,79594,3047
2020-06-19,Madera,039,155013,606,300,1,301,4
2020-06-19,Marin,041,260295,1510,829,4,833,17
2020-06-19,Mariposa,043,17540,21,18,0,18,1
2020-06-19,Mendocino,045,87422,69,48,0,48,0
2020-06-19,Merced,047,269075,987,529,0,529,8
2020-06-19,Modoc,049,8938,1,0,0,0,0
2020-06-19,Mono,051,14174,42,34,0,34,1
2020-06-19,Monterey,053,433212,1573,1159,4,1163,12
2020-06-19,Napa,055,140530,300,209,0,209,3
2020-06-19,Nevada,057,99092,102,71,1,72,1
2020-06-19,Orange,059,3164182,15434,9972,114,10086,260
2020-06-19,Placer,061,380077,649,464,1,465,9
2020-06-19,Plumas,063,18699,6,5,0,5,0
2020-06-19,Riverside,065,2383286,17070,12710,11,12721,398
2020-06-19,Sacramento,067,1510023,2615,1976,2,1978,64
2020-06-19,San Benito,069,59416,207,136,0,136,2
2020-06-19,San Bernardino,071,2135413,12740,8454,7,8461,226
2020-06-19,San Diego,073,3302833,12835,10352,2,10354,332
2020-06-19,San Francisco,075,870044,3344,2968,1,2969,47
2020-06-19,San Joaquin,077,732212,3109,1969,4,1973,48
2020-06-19,San Luis Obispo,079,281455,559,392,3,395,1
2020-06-19,San Mateo,081,765935,3089,2713,4,2717,81
2020-06-19,Santa Barbara,083,443738,3220,2284,8,2292,21
2020-06-19,Santa Clara,085,1922200,4412,3376,7,3383,154
2020-06-19,Santa Cruz,087,273765,361,283,0,283,3
2020-06-19,Shasta,089,179085,134,58,0,58,5
2020-06-19,Sierra,091,2930,1,1,0,1,0
2020-06-19,Siskiyou,093,43540,28,21,0,21,0
2020-06-19,Solano,095,438530,1238,755,4,759,21
2020-06-19,Sonoma,097,501317,1053,803,1,804,4
2020-06-19,Stanislaus,099,539301,2480,1549,5,1554,35
2020-06-19,Sutter,101,95872,126,89,0,89,2
2020-06-19,Tehama,103,63373,61,35,2,37,1
2020-06-19,Trinity,105,12862,11,2,2,4,0
2020-06-19,Tulare,107,460477,4199,3053,4,3057,107
2020-06-19,Tuolumne,109,53932,13,8,1,9,0
2020-06-19,Ventura,111,848112,2791,1865,9,1874,37
2020-06-19,Yolo,113,214977,451,303,0,303,24
2020-06-19,Yuba,115,75493,42,33,0,33,1
2020-06-18,Alameda,001,1643700,5546,4589,6,4595,118
2020-06-18,Alpine,003,1148,2,1,0,1,0
2020-06-18,Amador,005,37829,13,12,0,12,0
2020-06-18,Butte,007,227075,153,88,6,94,1
2020-06-18,Calaveras,009,45235,37,20,0,20,0
2020-06-18,Colusa,011,21464,20,7,0,7,0
2020-06-18,Contra Costa,013,1133247,2593,2072,2,2074,53
2020-06-18,Del Norte,015,27424,47,46,0,46,0
2020-06-18,El Dorado,017,186661,185,121,0,121,0
2020-06-18,Fresno,019,978130,5818,2947,52,2999,57
2020-06-18,Glenn,021,27897,82,35,0,35,0
2020-06-18,Humboldt,023,135768,140,106,0,106,3
2020-06-18,Imperial,025,180216,6684,4366,4,4370,36
2020-06-18,Inyo,027,18085,26,25,0,25,1
2020-06-18,Kern,029,883053,5357,3634,10,3644,57
2020-06-18,Kings,031,150075,2222,1141,4,1145,8
2020-06-18,Lake,033,64148,45,36,0,36,0
2020-06-18,Lassen,035,31185,19,5,2,7,0
2020-06-18,Los Angeles,037,10098052,91091,78244,22,78266,3009
2020-06-18,Madera,039,155013,571,288,1,289,4
2020-06-18,Marin,041,260295,1447,819,4,823,17
2020-06-18,Mariposa,043,17540,19,18,0,18,1
2020-06-18,Mendocino,045,87422,65,45,0,45,0
2020-06-18,Merced,047,269075,934,486,0,486,7
2020-06-18,Modoc,049,8938,1,0,0,0,0
2020-06-18,Mono,051,14174,42,34,0,34,1
2020-06-18,Monterey,053,433212,1506,1127,4,1131,12
2020-06-18,Napa,055,140530,285,205,0,205,3
2020-06-18,Nevada,057,99092,98,68,1,69,1
2020-06-18,Orange,059,3164182,14777,9597,96,9693,255
2020-06-18,Placer,061,380077,626,457,1,458,9
2020-06-18,Plumas,063,18699,6,5,0,5,0
2020-06-18,Riverside,065,2383286,16457,12410,11,12421,392
2020-06-18,Sacramento,067,1510023,2499,1938,2,1940,63
2020-06-18,San Benito,069,59416,201,134,0,134,2
2020-06-18,San Bernardino,071,2135413,12101,8141,7,8148,226
2020-06-18,San Diego,073,3302833,12413,10094,2,10096,331
2020-06-18,San Francisco,075,870044,3295,2951,1,2952,47
2020-06-18,San Joaquin,077,732212,2957,1908,4,1912,47
2020-06-18,San Luis Obispo,079,281455,540,378,3,381,1
2020-06-18,San Mateo,081,765935,3050,2674,4,2678,78
2020-06-18,Santa Barbara,083,443738,3146,2201,8,2209,19
2020-06-18,Santa Clara,085,1922200,4310,3338,7,3345,152
2020-06-18,Santa Cruz,087,273765,344,275,0,275,3
2020-06-18,Shasta,089,179085,123,51,0,51,4
2020-06-18,Sierra,091,2930,1,1,0,1,0
2020-06-18,Siskiyou,093,43540,28,18,0,18,0
2020-06-18,Solano,095,438530,1200,735,4,739,21
2020-06-18,Sonoma,097,501317,1011,789,1,790,4
2020-06-18,Stanislaus,099,539301,2346,1495,5,1500,35
2020-06-18,Sutter,101,95872,122,85,0,85,2
2020-06-18,Tehama,103,63373,56,31,2,33,1
2020-06-18,Trinity,105,12862,11,2,2,4,0
2020-06-18,Tulare,107,460477,4079,3005,4,3009,107
2020-06-18,Tuolumne,109,53932,12,8,1,9,0
2020-06-18,Ventura,111,848112,2665,1781,9,1790,37
2020-06-18,Yolo,113,214977,418,294,0,294,24
2020-06-18,Yuba,115,75493,41,32,0,32,1
2020-06-17,Alameda,001,1643700,5423,4485,6,4491,117
2020-06-17,Alpine,003,1148,2,1,0,1,0
2020-06-17,Amador,005,37829,12,10,0,10,0
2020-06-17,Butte,007,227075,144,81,6,87,1
2020-06-17,Calaveras,009,45235,37,20,0,20,0
2020-06-17,Colusa,011,21464,19,7,0,7,0
2020-06-17,Contra Costa,013,1133247,2496,2020,2,2022,45
2020-06-17,Del Norte,015,27424,47,45,0,45,0
2020-06-17,El Dorado,017,186661,178,116,0,116,0
2020-06-17,Fresno,019,978130,5594,2801,49,2850,56
2020-06-17,Glenn,021,27897,75,31,0,31,0
2020-06-17,Humboldt,023,135768,138,105,0,105,3
2020-06-17,Imperial,025,180216,6512,4108,4,4112,36
2020-06-17,Inyo,027,18085,25,25,0,25,1
2020-06-17,Kern,029,883053,5156,3547,10,3557,56
2020-06-17,Kings,031,150075,2192,1097,4,1101,7
2020-06-17,Lake,033,64148,44,32,0,32,0
2020-06-17,Lassen,035,31185,15,5,2,7,0
2020-06-17,Los Angeles,037,10098052,88784,77166,22,77188,2973
2020-06-17,Madera,039,155013,549,258,1,259,4
2020-06-17,Marin,041,260295,1255,771,3,774,17
2020-06-17,Mariposa,043,17540,18,18,0,18,1
2020-06-17,Mendocino,045,87422,63,42,0,42,0
2020-06-17,Merced,047,269075,862,460,0,460,7
2020-06-17,Modoc,049,8938,1,0,0,0,0
2020-06-17,Mono,051,14174,42,34,0,34,1
2020-06-17,Monterey,053,433212,1454,1077,4,1081,12
2020-06-17,Napa,055,140530,270,202,0,202,3
2020-06-17,Nevada,057,99092,94,57,1,58,1
2020-06-17,Orange,059,3164182,14174,9278,91,9369,230
2020-06-17,Placer,061,380077,606,427,1,428,9
2020-06-17,Plumas,063,18699,6,5,0,5,0
2020-06-17,Riverside,065,2383286,15823,11859,11,11870,370
2020-06-17,Sacramento,067,1510023,2392,1889,2,1891,63
2020-06-17,San Benito,069,59416,196,116,0,116,2
2020-06-17,San Bernardino,071,2135413,11549,7670,7,7677,225
2020-06-17,San Diego,073,3302833,12034,9856,2,9858,327
2020-06-17,San Francisco,075,870044,3256,2906,1,2907,46
2020-06-17,San Joaquin,077,732212,2784,1825,4,1829,46
2020-06-17,San Luis Obispo,079,281455,523,362,3,365,1
2020-06-17,San Mateo,081,765935,3003,2649,4,2653,78
2020-06-17,Santa Barbara,083,443738,3073,2147,6,2153,19
2020-06-17,Santa Clara,085,1922200,4219,3264,6,3270,148
2020-06-17,Santa Cruz,087,273765,338,265,0,265,2
2020-06-17,Shasta,089,179085,121,51,0,51,4
2020-06-17,Sierra,091,2930,1,1,0,1,0
2020-06-17,Siskiyou,093,43540,27,16,0,16,0
2020-06-17,Solano,095,438530,1150,722,4,726,21
2020-06-17,Sonoma,097,501317,986,748,1,749,4
2020-06-17,Stanislaus,099,539301,2223,1387,5,1392,35
2020-06-17,Sutter,101,95872,116,79,0,79,2
2020-06-17,Tehama,103,63373,41,24,2,26,1
2020-06-17,Trinity,105,12862,11,2,2,4,0
2020-06-17,Tulare,107,460477,3970,2882,4,2886,106
2020-06-17,Tuolumne,109,53932,12,7,1,8,0
2020-06-17,Ventura,111,848112,2565,1729,9,1738,37
2020-06-17,Yolo,113,214977,398,277,0,277,24
2020-06-17,Yuba,115,75493,40,30,0,30,1
2020-06-16,Alameda,001,1643700,5307,4428,6,4434,113
2020-06-16,Alpine,003,1148,2,1,0,1,0
2020-06-16,Amador,005,37829,12,10,0,10,0
2020-06-16,Butte,007,227075,140,79,6,85,1
2020-06-16,Calaveras,009,45235,34,19,0,19,0
2020-06-16,Colusa,011,21464,16,7,0,7,0
2020-06-16,Contra Costa,013,1133247,2405,1971,1,1972,45
2020-06-16,Del Norte,015,27424,47,45,0,45,0
2020-06-16,El Dorado,017,186661,172,115,0,115,0
2020-06-16,Fresno,019,978130,5357,2731,48,2779,50
2020-06-16,Glenn,021,27897,71,30,0,30,0
2020-06-16,Humboldt,023,135768,135,105,0,105,3
2020-06-16,Imperial,025,180216,6353,3939,4,3943,36
2020-06-16,Inyo,027,18085,25,24,0,24,1
2020-06-16,Kern,029,883053,4932,3496,10,3506,55
2020-06-16,Kings,031,150075,2146,1044,4,1048,6
2020-06-16,Lake,033,64148,44,31,0,31,0
2020-06-16,Lassen,035,31185,12,5,2,7,0
2020-06-16,Los Angeles,037,10098052,86462,75051,22,75073,2942
2020-06-16,Madera,039,155013,523,239,1,240,3
2020-06-16,Marin,041,260295,1202,725,3,728,17
2020-06-16,Mariposa,043,17540,18,17,0,17,1
2020-06-16,Mendocino,045,87422,62,35,0,35,0
2020-06-16,Merced,047,269075,814,436,0,436,7
2020-06-16,Modoc,049,8938,1,0,0,0,0
2020-06-16,Mono,051,14174,42,34,0,34,1
2020-06-16,Monterey,053,433212,1406,1019,4,1023,12
2020-06-16,Napa,055,140530,255,196,0,196,3
2020-06-16,Nevada,057,99092,91,53,1,54,1
2020-06-16,Orange,059,3164182,13591,9163,88,9251,223
2020-06-16,Placer,061,380077,573,392,1,393,9
2020-06-16,Plumas,063,18699,6,5,0,5,0
2020-06-16,Riverside,065,2383286,15148,11638,11,11649,364
2020-06-16,Sacramento,067,1510023,2283,1825,2,1827,60
2020-06-16,San Benito,069,59416,188,110,0,110,2
2020-06-16,San Bernardino,071,2135413,11006,7463,7,7470,225
2020-06-16,San Diego,073,3302833,11672,9732,1,9733,323
2020-06-16,San Francisco,075,870044,3205,2893,1,2894,46
2020-06-16,San Joaquin,077,732212,2632,1718,4,1722,47
2020-06-16,San Luis Obispo,079,281455,499,343,3,346,1
2020-06-16,San Mateo,081,765935,2949,2618,4,2622,77
2020-06-16,Santa Barbara,083,443738,3006,2090,6,2096,16
2020-06-16,Santa Clara,085,1922200,4110,3228,5,3233,148
2020-06-16,Santa Cruz,087,273765,322,257,0,257,2
2020-06-16,Shasta,089,179085,112,51,0,51,4
2020-06-16,Sierra,091,2930,1,1,0,1,0
2020-06-16,Siskiyou,093,43540,26,15,0,15,0
2020-06-16,Solano,095,438530,1060,694,4,698,19
2020-06-16,Sonoma,097,501317,954,739,1,740,4
2020-06-16,Stanislaus,099,539301,2070,1278,5,1283,36
2020-06-16,Sutter,101,95872,109,73,0,73,2
2020-06-16,Tehama,103,63373,37,24,2,26,1
2020-06-16,Trinity,105,12862,11,2,2,4,0
2020-06-16,Tulare,107,460477,3852,2802,4,2806,96
2020-06-16,Tuolumne,109,53932,12,7,1,8,0
2020-06-16,Ventura,111,848112,2464,1676,9,1685,37
2020-06-16,Yolo,113,214977,374,262,0,262,24
2020-06-16,Yuba,115,75493,39,29,0,29,1
2020-06-15,Alameda,001,1643700,5181,4323,6,4329,112
2020-06-15,Alpine,003,1148,2,1,0,1,0
2020-06-15,Amador,005,37829,12,10,0,10,0
2020-06-15,Butte,007,227075,132,78,6,84,1
2020-06-15,Calaveras,009,45235,34,18,0,18,0
2020-06-15,Colusa,011,21464,14,7,0,7,0
2020-06-15,Contra Costa,013,1133247,2328,1918,1,1919,43
2020-06-15,Del Norte,015,27424,47,45,0,45,0
2020-06-15,El Dorado,017,186661,162,114,0,114,0
2020-06-15,Fresno,019,978130,5145,2616,47,2663,48
2020-06-15,Glenn,021,27897,66,21,0,21,0
2020-06-15,Humboldt,023,135768,133,105,0,105,3
2020-06-15,Imperial,025,180216,6178,3726,4,3730,36
2020-06-15,Inyo,027,18085,25,23,0,23,1
2020-06-15,Kern,029,883053,4708,3417,10,3427,55
2020-06-15,Kings,031,150075,2069,1022,4,1026,6
2020-06-15,Lake,033,64148,44,31,0,31,0
2020-06-15,Lassen,035,31185,12,5,2,7,0
2020-06-15,Los Angeles,037,10098052,84273,73705,22,73727,2908
2020-06-15,Madera,039,155013,501,203,1,204,3
2020-06-15,Marin,041,260295,1035,708,3,711,17
2020-06-15,Mariposa,043,17540,18,17,0,17,1
2020-06-15,Mendocino,045,87422,53,33,0,33,0
2020-06-15,Merced,047,269075,768,414,0,414,7
2020-06-15,Modoc,049,8938,1,0,0,0,0
2020-06-15,Mono,051,14174,42,34,0,34,1
2020-06-15,Monterey,053,433212,1340,998,4,1002,12
2020-06-15,Napa,055,140530,247,187,0,187,3
2020-06-15,Nevada,057,99092,85,52,1,53,1
2020-06-15,Orange,059,3164182,13017,8944,81,9025,212
2020-06-15,Placer,061,380077,551,386,1,387,9
2020-06-15,Plumas,063,18699,6,4,0,4,0
2020-06-15,Riverside,065,2383286,14528,11376,11,11387,364
2020-06-15,Sacramento,067,1510023,2167,1791,2,1793,60
2020-06-15,San Benito,069,59416,182,108,0,108,2
2020-06-15,San Bernardino,071,2135413,10502,7189,7,7196,224
2020-06-15,San Diego,073,3302833,11332,9612,1,9613,320
2020-06-15,San Francisco,075,870044,3161,2833,1,2834,45
2020-06-15,San Joaquin,077,732212,2496,1667,4,1671,43
2020-06-15,San Luis Obispo,079,281455,485,332,3,335,1
2020-06-15,San Mateo,081,765935,2902,2591,4,2595,75
2020-06-15,Santa Barbara,083,443738,2938,2054,6,2060,16
2020-06-15,Santa Clara,085,1922200,4011,3204,5,3209,148
2020-06-15,Santa Cruz,087,273765,311,254,0,254,2
2020-06-15,Shasta,089,179085,106,50,0,50,4
2020-06-15,Sierra,091,2930,1,1,0,1,0
2020-06-15,Siskiyou,093,43540,25,14,0,14,0
2020-06-15,Solano,095,438530,1000,638,4,642,19
2020-06-15,Sonoma,097,501317,925,726,1,727,4
2020-06-15,Stanislaus,099,539301,1953,1253,5,1258,35
2020-06-15,Sutter,101,95872,99,71,0,71,2
2020-06-15,Tehama,103,63373,37,17,2,19,1
2020-06-15,Trinity,105,12862,10,2,2,4,0
2020-06-15,Tulare,107,460477,3738,2662,4,2666,96
2020-06-15,Tuolumne,109,53932,11,7,1,8,0
2020-06-15,Ventura,111,848112,2383,1656,9,1665,37
2020-06-15,Yolo,113,214977,354,255,0,255,24
2020-06-15,Yuba,115,75493,39,28,0,28,1
2020-06-14,Alameda,001,1643700,5036,4271,6,4277,112
2020-06-14,Alpine,003,1148,2,1,0,1,0
2020-06-14,Amador,005,37829,12,10,0,10,0
2020-06-14,Butte,007,227075,124,78,6,84,1
2020-06-14,Calaveras,009,45235,33,18,0,18,0
2020-06-14,Colusa,011,21464,13,7,0,7,0
2020-06-14,Contra Costa,013,1133247,2259,1893,1,1894,43
2020-06-14,Del Norte,015,27424,47,45,0,45,0
2020-06-14,El Dorado,017,186661,158,110,0,110,0
2020-06-14,Fresno,019,978130,4960,2585,46,2631,48
2020-06-14,Glenn,021,27897,51,21,0,21,0
2020-06-14,Humboldt,023,135768,129,105,0,105,3
2020-06-14,Imperial,025,180216,5947,3730,4,3734,36
2020-06-14,Inyo,027,18085,24,23,0,23,1
2020-06-14,Kern,029,883053,4497,3328,10,3338,55
2020-06-14,Kings,031,150075,2018,1022,4,1026,6
2020-06-14,Lake,033,64148,41,31,0,31,0
2020-06-14,Lassen,035,31185,12,5,2,7,0
2020-06-14,Los Angeles,037,10098052,81946,72932,22,72954,2887
2020-06-14,Madera,039,155013,483,203,1,204,3
2020-06-14,Marin,041,260295,870,689,2,691,17
2020-06-14,Mariposa,043,17540,18,16,0,16,1
2020-06-14,Mendocino,045,87422,50,33,0,33,0
2020-06-14,Merced,047,269075,717,403,0,403,7
2020-06-14,Modoc,049,8938,1,0,0,0,0
2020-06-14,Mono,051,14174,42,34,0,34,1
2020-06-14,Monterey,053,433212,1279,949,4,953,12
2020-06-14,Napa,055,140530,225,181,0,181,3
2020-06-14,Nevada,057,99092,81,52,1,53,1
2020-06-14,Orange,059,3164182,12591,8744,77,8821,211
2020-06-14,Placer,061,380077,525,369,1,370,9
2020-06-14,Plumas,063,18699,5,4,0,4,0
2020-06-14,Riverside,065,2383286,14085,11218,11,11229,364
2020-06-14,Sacramento,067,1510023,2080,1750,2,1752,60
2020-06-14,San Benito,069,59416,171,104,0,104,2
2020-06-14,San Bernardino,071,2135413,9961,7015,7,7022,224
2020-06-14,San Diego,073,3302833,10957,9442,1,9443,319
2020-06-14,San Francisco,075,870044,3121,2834,1,2835,45
2020-06-14,San Joaquin,077,732212,2345,1603,4,1607,43
2020-06-14,San Luis Obispo,079,281455,470,330,3,333,1
2020-06-14,San Mateo,081,765935,2844,2571,4,2575,75
2020-06-14,Santa Barbara,083,443738,2861,2049,6,2055,17
2020-06-14,Santa Clara,085,1922200,3917,3178,5,3183,148
2020-06-14,Santa Cruz,087,273765,297,254,0,254,2
2020-06-14,Shasta,089,179085,100,48,0,48,4
2020-06-14,Sierra,091,2930,1,1,0,1,0
2020-06-14,Siskiyou,093,43540,24,13,0,13,0
2020-06-14,Solano,095,438530,951,638,4,642,19
2020-06-14,Sonoma,097,501317,897,724,1,725,4
2020-06-14,Stanislaus,099,539301,1805,1159,5,1164,35
2020-06-14,Sutter,101,95872,94,63,0,63,2
2020-06-14,Tehama,103,63373,34,17,2,19,1
2020-06-14,Trinity,105,12862,10,2,2,4,0
2020-06-14,Tulare,107,460477,3606,2646,4,2650,96
2020-06-14,Tuolumne,109,53932,11,7,1,8,0
2020-06-14,Ventura,111,848112,2285,1610,8,1618,37
2020-06-14,Yolo,113,214977,338,254,0,254,24
2020-06-14,Yuba,115,75493,38,28,0,28,1
2020-06-13,Alameda,001,1643700,4973,4196,6,4202,112
2020-06-13,Alpine,003,1148,2,1,0,1,0
2020-06-13,Amador,005,37829,11,10,0,10,0
2020-06-13,Butte,007,227075,115,72,6,78,1
2020-06-13,Calaveras,009,45235,31,18,0,18,0
2020-06-13,Colusa,011,21464,12,7,0,7,0
2020-06-13,Contra Costa,013,1133247,2223,1868,1,1869,43
2020-06-13,Del Norte,015,27424,47,45,0,45,0
2020-06-13,El Dorado,017,186661,154,110,0,110,0
2020-06-13,Fresno,019,978130,4862,2499,46,2545,48
2020-06-13,Glenn,021,27897,49,21,0,21,0
2020-06-13,Humboldt,023,135768,128,104,0,104,3
2020-06-13,Imperial,025,180216,5874,3646,4,3650,36
2020-06-13,Inyo,027,18085,24,23,0,23,1
2020-06-13,Kern,029,883053,4388,3239,10,3249,55
2020-06-13,Kings,031,150075,1998,1023,4,1027,6
2020-06-13,Lake,033,64148,40,29,0,29,0
2020-06-13,Lassen,035,31185,12,5,2,7,0
2020-06-13,Los Angeles,037,10098052,80908,71938,21,71959,2874
2020-06-13,Madera,039,155013,479,203,1,204,3
2020-06-13,Marin,041,260295,839,677,2,679,17
2020-06-13,Mariposa,043,17540,18,16,0,16,1
2020-06-13,Mendocino,045,87422,50,33,0,33,0
2020-06-13,Merced,047,269075,699,376,0,376,7
2020-06-13,Modoc,049,8938,1,0,0,0,0
2020-06-13,Mono,051,14174,42,35,0,35,1
2020-06-13,Monterey,053,433212,1241,900,4,904,11
2020-06-13,Napa,055,140530,222,171,0,171,3
2020-06-13,Nevada,057,99092,79,52,1,53,1
2020-06-13,Orange,059,3164182,12349,8581,73,8654,211
2020-06-13,Placer,061,380077,508,346,1,347,9
2020-06-13,Plumas,063,18699,5,4,0,4,0
2020-06-13,Riverside,065,2383286,13805,10931,11,10942,364
2020-06-13,Sacramento,067,1510023,2026,1713,2,1715,60
2020-06-13,San Benito,069,59416,164,99,0,99,2
2020-06-13,San Bernardino,071,2135413,9736,6885,7,6892,224
2020-06-13,San Diego,073,3302833,10785,9316,1,9317,319
2020-06-13,San Francisco,075,870044,3101,2834,1,2835,44
2020-06-13,San Joaquin,077,732212,2264,1461,4,1465,43
2020-06-13,San Luis Obispo,079,281455,459,326,3,329,1
2020-06-13,San Mateo,081,765935,2821,2551,4,2555,75
2020-06-13,Santa Barbara,083,443738,2803,1999,6,2005,15
2020-06-13,Santa Clara,085,1922200,3875,3141,5,3146,148
2020-06-13,Santa Cruz,087,273765,291,254,0,254,2
2020-06-13,Shasta,089,179085,98,48,0,48,4
2020-06-13,Sierra,091,2930,1,1,0,1,0
2020-06-13,Siskiyou,093,43540,24,13,0,13,0
2020-06-13,Solano,095,438530,923,637,4,641,19
2020-06-13,Sonoma,097,501317,882,711,1,712,4
2020-06-13,Stanislaus,099,539301,1748,1122,5,1127,33
2020-06-13,Sutter,101,95872,93,62,0,62,2
2020-06-13,Tehama,103,63373,33,17,2,19,1
2020-06-13,Trinity,105,12862,10,2,2,4,0
2020-06-13,Tulare,107,460477,3574,2626,4,2630,96
2020-06-13,Tuolumne,109,53932,10,7,1,8,0
2020-06-13,Ventura,111,848112,2239,1567,8,1575,37
2020-06-13,Yolo,113,214977,317,251,0,251,24
2020-06-13,Yuba,115,75493,38,28,0,28,1
2020-06-12,Alameda,001,1643700,4900,4167,6,4173,109
2020-06-12,Alpine,003,1148,2,1,0,1,0
2020-06-12,Amador,005,37829,11,10,0,10,0
2020-06-12,Butte,007,227075,111,71,6,77,1
2020-06-12,Calaveras,009,45235,28,18,0,18,0
2020-06-12,Colusa,011,21464,12,7,0,7,0
2020-06-12,Contra Costa,013,1133247,2186,1827,1,1828,43
2020-06-12,Del Norte,015,27424,47,45,0,45,0
2020-06-12,El Dorado,017,186661,154,110,0,110,0
2020-06-12,Fresno,019,978130,4726,2428,46,2474,47
2020-06-12,Glenn,021,27897,46,21,0,21,0
2020-06-12,Humboldt,023,135768,126,105,0,105,3
2020-06-12,Imperial,025,180216,5790,3543,4,3547,36
2020-06-12,Inyo,027,18085,24,23,0,23,1
2020-06-12,Kern,029,883053,4271,3152,10,3162,54
2020-06-12,Kings,031,150075,1985,987,4,991,6
2020-06-12,Lake,033,64148,39,29,0,29,0
2020-06-12,Lassen,035,31185,12,5,2,7,0
2020-06-12,Los Angeles,037,10098052,79502,70385,21,70406,2814
2020-06-12,Madera,039,155013,454,187,1,188,3
2020-06-12,Marin,041,260295,836,649,2,651,17
2020-06-12,Mariposa,043,17540,18,16,0,16,1
2020-06-12,Mendocino,045,87422,50,33,0,33,0
2020-06-12,Merced,047,269075,665,372,0,372,7
2020-06-12,Modoc,049,8938,1,0,0,0,0
2020-06-12,Mono,051,14174,39,35,0,35,1
2020-06-12,Monterey,053,433212,1200,864,3,867,11
2020-06-12,Napa,055,140530,219,162,0,162,3
2020-06-12,Nevada,057,99092,73,52,1,53,1
2020-06-12,Orange,059,3164182,12044,8440,72,8512,203
2020-06-12,Placer,061,380077,491,333,1,334,9
2020-06-12,Plumas,063,18699,5,4,0,4,0
2020-06-12,Riverside,065,2383286,13468,10616,11,10627,364
2020-06-12,Sacramento,067,1510023,1971,1702,2,1704,60
2020-06-12,San Benito,069,59416,157,96,0,96,2
2020-06-12,San Bernardino,071,2135413,9468,6707,7,6714,223
2020-06-12,San Diego,073,3302833,10615,9132,1,9133,313
2020-06-12,San Francisco,075,870044,3067,2823,1,2824,44
2020-06-12,San Joaquin,077,732212,2184,1406,4,1410,43
2020-06-12,San Luis Obispo,079,281455,443,321,3,324,1
2020-06-12,San Mateo,081,765935,2786,2533,4,2537,75
2020-06-12,Santa Barbara,083,443738,2748,1969,6,1975,14
2020-06-12,Santa Clara,085,1922200,3833,3099,5,3104,149
2020-06-12,Santa Cruz,087,273765,283,251,0,251,2
2020-06-12,Shasta,089,179085,91,48,0,48,5
2020-06-12,Sierra,091,2930,1,1,0,1,0
2020-06-12,Siskiyou,093,43540,24,13,0,13,0
2020-06-12,Solano,095,438530,909,620,4,624,19
2020-06-12,Sonoma,097,501317,863,696,1,697,4
2020-06-12,Stanislaus,099,539301,1689,1092,5,1097,33
2020-06-12,Sutter,101,95872,92,56,0,56,2
2020-06-12,Tehama,103,63373,32,13,2,15,1
2020-06-12,Trinity,105,12862,10,2,2,4,0
2020-06-12,Tulare,107,460477,3520,2552,4,2556,95
2020-06-12,Tuolumne,109,53932,10,7,1,8,0
2020-06-12,Ventura,111,848112,2187,1534,8,1542,35
2020-06-12,Yolo,113,214977,305,243,0,243,24
2020-06-12,Yuba,115,75493,36,27,0,27,1
2020-06-11,Alameda,001,1643700,4770,4073,5,4078,108
2020-06-11,Alpine,003,1148,2,1,0,1,0
2020-06-11,Amador,005,37829,10,10,0,10,0
2020-06-11,Butte,007,227075,105,72,6,78,1
2020-06-11,Calaveras,009,45235,27,16,0,16,0
2020-06-11,Colusa,011,21464,12,7,0,7,0
2020-06-11,Contra Costa,013,1133247,2133,1797,1,1798,43
2020-06-11,Del Norte,015,27424,47,45,0,45,0
2020-06-11,El Dorado,017,186661,146,109,0,109,0
2020-06-11,Fresno,019,978130,4571,2338,46,2384,45
2020-06-11,Glenn,021,27897,42,21,0,21,0
2020-06-11,Humboldt,023,135768,122,113,0,113,3
2020-06-11,Imperial,025,180216,5634,3463,4,3467,36
2020-06-11,Inyo,027,18085,22,23,0,23,1
2020-06-11,Kern,029,883053,4119,3047,8,3055,54
2020-06-11,Kings,031,150075,1952,963,4,967,6
2020-06-11,Lake,033,64148,39,28,0,28,0
2020-06-11,Lassen,035,31185,12,5,2,7,0
2020-06-11,Los Angeles,037,10098052,77835,68807,20,68827,2800
2020-06-11,Madera,039,155013,436,178,1,179,3
2020-06-11,Marin,041,260295,788,637,2,639,17
2020-06-11,Mariposa,043,17540,18,16,0,16,1
2020-06-11,Mendocino,045,87422,41,35,0,35,0
2020-06-11,Merced,047,269075,625,370,0,370,7
2020-06-11,Modoc,049,8938,1,0,0,0,0
2020-06-11,Mono,051,14174,39,35,0,35,1
2020-06-11,Monterey,053,433212,1153,813,3,816,11
2020-06-11,Napa,055,140530,210,162,0,162,3
2020-06-11,Nevada,057,99092,67,50,1,51,1
2020-06-11,Orange,059,3164182,11736,8304,71,8375,188
2020-06-11,Placer,061,380077,472,321,1,322,9
2020-06-11,Plumas,063,18699,5,4,0,4,0
2020-06-11,Riverside,065,2383286,13116,10014,11,10025,361
2020-06-11,Sacramento,067,1510023,1923,1669,2,1671,60
2020-06-11,San Benito,069,59416,151,94,0,94,2
2020-06-11,San Bernardino,071,2135413,9171,6509,7,6516,221
2020-06-11,San Diego,073,3302833,10385,9000,0,9000,308
2020-06-11,San Francisco,075,870044,3038,2766,1,2767,44
2020-06-11,San Joaquin,077,732212,2072,1351,4,1355,43
2020-06-11,San Luis Obispo,079,281455,429,307,3,310,1
2020-06-11,San Mateo,081,765935,2748,2499,4,2503,74
2020-06-11,Santa Barbara,083,443738,2683,1895,6,1901,14
2020-06-11,Santa Clara,085,1922200,3767,3049,5,3054,149
2020-06-11,Santa Cruz,087,273765,279,247,0,247,2
2020-06-11,Shasta,089,179085,84,47,0,47,5
2020-06-11,Sierra,091,2930,1,1,0,1,0
2020-06-11,Siskiyou,093,43540,24,14,0,14,0
2020-06-11,Solano,095,438530,883,616,4,620,19
2020-06-11,Sonoma,097,501317,840,682,1,683,4
2020-06-11,Stanislaus,099,539301,1598,1062,5,1067,30
2020-06-11,Sutter,101,95872,89,56,0,56,2
2020-06-11,Tehama,103,63373,27,10,2,12,1
2020-06-11,Trinity,105,12862,8,2,2,4,0
2020-06-11,Tulare,107,460477,3421,2473,4,2477,95
2020-06-11,Tuolumne,109,53932,10,7,1,8,0
2020-06-11,Ventura,111,848112,2110,1491,7,1498,34
2020-06-11,Yolo,113,214977,297,230,0,230,24
2020-06-11,Yuba,115,75493,36,27,0,27,1
2020-06-10,Alameda,001,1643700,4670,4027,4,4031,107
2020-06-10,Alpine,003,1148,2,1,0,1,0
2020-06-10,Amador,005,37829,10,10,0,10,0
2020-06-10,Butte,007,227075,102,71,6,77,1
2020-06-10,Calaveras,009,45235,27,16,0,16,0
2020-06-10,Colusa,011,21464,11,7,0,7,0
2020-06-10,Contra Costa,013,1133247,2089,1778,1,1779,43
2020-06-10,Del Norte,015,27424,47,45,0,45,0
2020-06-10,El Dorado,017,186661,143,109,0,109,0
2020-06-10,Fresno,019,978130,4395,2324,46,2370,45
2020-06-10,Glenn,021,27897,39,21,0,21,0
2020-06-10,Humboldt,023,135768,118,112,0,112,3
2020-06-10,Imperial,025,180216,5486,3454,4,3458,36
2020-06-10,Inyo,027,18085,22,23,0,23,1
2020-06-10,Kern,029,883053,3994,3000,8,3008,54
2020-06-10,Kings,031,150075,1905,952,3,955,6
2020-06-10,Lake,033,64148,39,28,0,28,0
2020-06-10,Lassen,035,31185,12,5,2,7,0
2020-06-10,Los Angeles,037,10098052,76314,67018,20,67038,2752
2020-06-10,Madera,039,155013,422,176,1,177,3
2020-06-10,Marin,041,260295,757,633,2,635,17
2020-06-10,Mariposa,043,17540,17,16,0,16,1
2020-06-10,Mendocino,045,87422,40,35,0,35,0
2020-06-10,Merced,047,269075,592,370,0,370,7
2020-06-10,Modoc,049,8938,1,0,0,0,0
2020-06-10,Mono,051,14174,39,35,0,35,1
2020-06-10,Monterey,053,433212,1099,791,3,794,11
2020-06-10,Napa,055,140530,207,159,0,159,3
2020-06-10,Nevada,057,99092,65,50,1,51,1
2020-06-10,Orange,059,3164182,11460,8222,68,8290,184
2020-06-10,Placer,061,380077,446,309,1,310,9
2020-06-10,Plumas,063,18699,5,4,0,4,0
2020-06-10,Riverside,065,2383286,12793,9857,11,9868,361
2020-06-10,Sacramento,067,1510023,1884,1643,2,1645,59
2020-06-10,San Benito,069,59416,142,94,0,94,2
2020-06-10,San Bernardino,071,2135413,8879,6438,7,6445,219
2020-06-10,San Diego,073,3302833,10221,8839,0,8839,305
2020-06-10,San Francisco,075,870044,3013,2774,1,2775,44
2020-06-10,San Joaquin,077,732212,1943,1282,4,1286,41
2020-06-10,San Luis Obispo,079,281455,410,306,3,309,1
2020-06-10,San Mateo,081,765935,2707,2492,4,2496,74
2020-06-10,Santa Barbara,083,443738,2627,1878,6,1884,13
2020-06-10,Santa Clara,085,1922200,3716,3032,5,3037,149
2020-06-10,Santa Cruz,087,273765,275,242,0,242,2
2020-06-10,Shasta,089,179085,79,45,0,45,5
2020-06-10,Sierra,091,2930,1,1,0,1,0
2020-06-10,Siskiyou,093,43540,24,14,0,14,0
2020-06-10,Solano,095,438530,847,608,4,612,19
2020-06-10,Sonoma,097,501317,822,673,1,674,4
2020-06-10,Stanislaus,099,539301,1508,1030,5,1035,29
2020-06-10,Sutter,101,95872,88,56,0,56,2
2020-06-10,Tehama,103,63373,25,10,2,12,1
2020-06-10,Trinity,105,12862,8,2,2,4,0
2020-06-10,Tulare,107,460477,3329,2455,4,2459,95
2020-06-10,Tuolumne,109,53932,10,7,1,8,0
2020-06-10,Ventura,111,848112,2064,1446,6,1452,34
2020-06-10,Yolo,113,214977,289,226,0,226,24
2020-06-10,Yuba,115,75493,35,27,0,27,1
2020-06-09,Alameda,001,1643700,4560,3963,4,3967,103
2020-06-09,Alpine,003,1148,2,1,0,1,0
2020-06-09,Amador,005,37829,10,10,0,10,0
2020-06-09,Butte,007,227075,101,70,6,76,1
2020-06-09,Calaveras,009,45235,27,16,0,16,0
2020-06-09,Colusa,011,21464,10,7,0,7,0
2020-06-09,Contra Costa,013,1133247,2048,1744,1,1745,42
2020-06-09,Del Norte,015,27424,47,45,0,45,0
2020-06-09,El Dorado,017,186661,136,108,0,108,0
2020-06-09,Fresno,019,978130,4243,2278,46,2324,43
2020-06-09,Glenn,021,27897,38,19,0,19,0
2020-06-09,Humboldt,023,135768,116,113,0,113,2
2020-06-09,Imperial,025,180216,5334,3067,4,3071,36
2020-06-09,Inyo,027,18085,22,22,0,22,1
2020-06-09,Kern,029,883053,3866,2920,8,2928,51
2020-06-09,Kings,031,150075,1873,934,3,937,6
2020-06-09,Lake,033,64148,39,28,0,28,0
2020-06-09,Lassen,035,31185,12,5,2,7,0
2020-06-09,Los Angeles,037,10098052,74657,65827,20,65847,2692
2020-06-09,Madera,039,155013,407,172,1,173,3
2020-06-09,Marin,041,260295,721,616,2,618,17
2020-06-09,Mariposa,043,17540,17,16,0,16,1
2020-06-09,Mendocino,045,87422,36,35,0,35,0
2020-06-09,Merced,047,269075,563,349,0,349,7
2020-06-09,Modoc,049,8938,1,0,0,0,0
2020-06-09,Mono,051,14174,39,35,0,35,1
2020-06-09,Monterey,053,433212,1058,772,3,775,11
2020-06-09,Napa,055,140530,197,156,0,156,3
2020-06-09,Nevada,057,99092,57,50,1,51,1
2020-06-09,Orange,059,3164182,11219,7991,66,8057,174
2020-06-09,Placer,061,380077,433,301,1,302,9
2020-06-09,Plumas,063,18699,5,4,0,4,0
2020-06-09,Riverside,065,2383286,12415,9511,11,9522,354
2020-06-09,Sacramento,067,1510023,1830,1625,2,1627,59
2020-06-09,San Benito,069,59416,136,95,0,95,2
2020-06-09,San Bernardino,071,2135413,8555,6268,6,6274,217
2020-06-09,San Diego,073,3302833,10036,8731,0,8731,301
2020-06-09,San Francisco,075,870044,2988,2749,1,2750,44
2020-06-09,San Joaquin,077,732212,1837,1240,4,1244,41
2020-06-09,San Luis Obispo,079,281455,397,301,2,303,1
2020-06-09,San Mateo,081,765935,2676,2463,4,2467,74
2020-06-09,Santa Barbara,083,443738,2565,1854,6,1860,13
2020-06-09,Santa Clara,085,1922200,3649,3006,5,3011,147
2020-06-09,Santa Cruz,087,273765,269,237,0,237,2
2020-06-09,Shasta,089,179085,75,44,0,44,4
2020-06-09,Sierra,091,2930,1,1,0,1,0
2020-06-09,Siskiyou,093,43540,19,10,0,10,0
2020-06-09,Solano,095,438530,812,596,4,600,18
2020-06-09,Sonoma,097,501317,799,661,1,662,4
2020-06-09,Stanislaus,099,539301,1407,993,5,998,25
2020-06-09,Sutter,101,95872,85,56,0,56,2
2020-06-09,Tehama,103,63373,25,9,2,11,1
2020-06-09,Trinity,105,12862,7,2,2,4,0
2020-06-09,Tulare,107,460477,3263,2393,4,2397,91
2020-06-09,Tuolumne,109,53932,10,8,1,9,0
2020-06-09,Ventura,111,848112,1998,1407,6,1413,34
2020-06-09,Yolo,113,214977,278,226,0,226,24
2020-06-09,Yuba,115,75493,34,27,0,27,1
2020-06-08,Alameda,001,1643700,4480,3937,4,3941,103
2020-06-08,Alpine,003,1148,2,1,0,1,0
2020-06-08,Amador,005,37829,10,10,0,10,0
2020-06-08,Butte,007,227075,97,68,6,74,1
2020-06-08,Calaveras,009,45235,27,16,0,16,0
2020-06-08,Colusa,011,21464,9,7,0,7,0
2020-06-08,Contra Costa,013,1133247,2005,1714,1,1715,41
2020-06-08,Del Norte,015,27424,47,45,0,45,0
2020-06-08,El Dorado,017,186661,132,107,0,107,0
2020-06-08,Fresno,019,978130,4118,2194,45,2239,42
2020-06-08,Glenn,021,27897,36,17,0,17,0
2020-06-08,Humboldt,023,135768,116,112,0,112,2
2020-06-08,Imperial,025,180216,5182,3051,4,3055,21
2020-06-08,Inyo,027,18085,22,22,0,22,1
2020-06-08,Kern,029,883053,3735,2853,8,2861,49
2020-06-08,Kings,031,150075,1797,892,3,895,6
2020-06-08,Lake,033,64148,39,28,0,28,0
2020-06-08,Lassen,035,31185,12,4,2,6,0
2020-06-08,Los Angeles,037,10098052,73194,64634,20,64654,2640
2020-06-08,Madera,039,155013,377,154,1,155,3
2020-06-08,Marin,041,260295,680,596,2,598,17
2020-06-08,Mariposa,043,17540,16,16,0,16,1
2020-06-08,Mendocino,045,87422,34,32,0,32,0
2020-06-08,Merced,047,269075,529,331,0,331,7
2020-06-08,Modoc,049,8938,1,0,0,0,0
2020-06-08,Mono,051,14174,39,35,0,35,1
2020-06-08,Monterey,053,433212,1007,751,2,753,10
2020-06-08,Napa,055,140530,181,151,0,151,3
2020-06-08,Nevada,057,99092,56,50,1,51,1
2020-06-08,Orange,059,3164182,10966,7786,64,7850,160
2020-06-08,Placer,061,380077,416,290,1,291,9
2020-06-08,Plumas,063,18699,5,4,0,4,0
2020-06-08,Riverside,065,2383286,12046,9246,11,9257,347
2020-06-08,Sacramento,067,1510023,1780,1591,2,1593,59
2020-06-08,San Benito,069,59416,129,93,0,93,2
2020-06-08,San Bernardino,071,2135413,8234,6122,6,6128,214
2020-06-08,San Diego,073,3302833,9879,8621,0,8621,296
2020-06-08,San Francisco,075,870044,2961,2715,1,2716,43
2020-06-08,San Joaquin,077,732212,1730,1198,4,1202,40
2020-06-08,San Luis Obispo,079,281455,391,300,2,302,1
2020-06-08,San Mateo,081,765935,2645,2431,3,2434,74
2020-06-08,Santa Barbara,083,443738,2502,1824,6,1830,13
2020-06-08,Santa Clara,085,1922200,3604,2971,5,2976,146
2020-06-08,Santa Cruz,087,273765,268,234,0,234,2
2020-06-08,Shasta,089,179085,71,43,0,43,4
2020-06-08,Sierra,091,2930,1,1,0,1,0
2020-06-08,Siskiyou,093,43540,19,8,0,8,0
2020-06-08,Solano,095,438530,785,560,4,564,19
2020-06-08,Sonoma,097,501317,783,654,1,655,4
2020-06-08,Stanislaus,099,539301,1325,956,5,961,28
2020-06-08,Sutter,101,95872,78,55,0,55,2
2020-06-08,Tehama,103,63373,19,8,2,10,1
2020-06-08,Trinity,105,12862,7,2,2,4,0
2020-06-08,Tulare,107,460477,3180,2301,4,2305,91
2020-06-08,Tuolumne,109,53932,9,8,1,9,0
2020-06-08,Ventura,111,848112,1940,1382,6,1388,30
2020-06-08,Yolo,113,214977,267,228,0,228,24
2020-06-08,Yuba,115,75493,32,27,0,27,1
2020-06-07,Alameda,001,1643700,4367,3866,4,3870,102
2020-06-07,Alpine,003,1148,2,1,0,1,0
2020-06-07,Amador,005,37829,10,10,0,10,0
2020-06-07,Butte,007,227075,95,64,5,69,1
2020-06-07,Calaveras,009,45235,25,16,0,16,0
2020-06-07,Colusa,011,21464,9,7,0,7,0
2020-06-07,Contra Costa,013,1133247,1954,1653,0,1653,38
2020-06-07,Del Norte,015,27424,45,45,0,45,0
2020-06-07,El Dorado,017,186661,132,104,0,104,0
2020-06-07,Fresno,019,978130,3988,2144,45,2189,41
2020-06-07,Glenn,021,27897,29,16,0,16,0
2020-06-07,Humboldt,023,135768,116,112,0,112,2
2020-06-07,Imperial,025,180216,5031,3048,4,3052,19
2020-06-07,Inyo,027,18085,22,21,0,21,1
2020-06-07,Kern,029,883053,3604,2771,8,2779,46
2020-06-07,Kings,031,150075,1748,882,3,885,6
2020-06-07,Lake,033,64148,36,28,0,28,0
2020-06-07,Lassen,035,31185,11,4,2,6,0
2020-06-07,Los Angeles,037,10098052,71491,63750,20,63770,2629
2020-06-07,Madera,039,155013,360,149,1,150,3
2020-06-07,Marin,041,260295,666,584,2,586,17
2020-06-07,Mariposa,043,17540,16,16,0,16,1
2020-06-07,Mendocino,045,87422,34,32,0,32,0
2020-06-07,Merced,047,269075,496,318,0,318,7
2020-06-07,Modoc,049,8938,1,0,0,0,0
2020-06-07,Mono,051,14174,39,35,0,35,1
2020-06-07,Monterey,053,433212,960,732,2,734,10
2020-06-07,Napa,055,140530,173,142,0,142,3
2020-06-07,Nevada,057,99092,55,50,1,51,1
2020-06-07,Orange,059,3164182,10709,7643,62,7705,158
2020-06-07,Placer,061,380077,395,273,1,274,9
2020-06-07,Plumas,063,18699,5,4,0,4,0
2020-06-07,Riverside,065,2383286,11750,9105,11,9116,344
2020-06-07,Sacramento,067,1510023,1732,1568,2,1570,59
2020-06-07,San Benito,069,59416,126,92,0,92,2
2020-06-07,San Bernardino,071,2135413,7949,6033,6,6039,214
2020-06-07,San Diego,073,3302833,9700,8478,0,8478,296
2020-06-07,San Francisco,075,870044,2917,2674,0,2674,43
2020-06-07,San Joaquin,077,732212,1629,1126,4,1130,37
2020-06-07,San Luis Obispo,079,281455,381,296,2,298,1
2020-06-07,San Mateo,081,765935,2618,2399,3,2402,73
2020-06-07,Santa Barbara,083,443738,2440,1818,6,1824,13
2020-06-07,Santa Clara,085,1922200,3553,2947,5,2952,146
2020-06-07,Santa Cruz,087,273765,260,230,0,230,2
2020-06-07,Shasta,089,179085,70,41,0,41,4
2020-06-07,Sierra,091,2930,1,1,0,1,0
2020-06-07,Siskiyou,093,43540,19,8,0,8,0
2020-06-07,Solano,095,438530,762,560,4,564,19
2020-06-07,Sonoma,097,501317,752,639,1,640,4
2020-06-07,Stanislaus,099,539301,1245,905,5,910,28
2020-06-07,Sutter,101,95872,70,55,0,55,2
2020-06-07,Tehama,103,63373,16,8,2,10,1
2020-06-07,Trinity,105,12862,6,2,2,4,0
2020-06-07,Tulare,107,460477,3058,2219,4,2223,90
2020-06-07,Tuolumne,109,53932,9,4,1,5,0
2020-06-07,Ventura,111,848112,1875,1337,6,1343,30
2020-06-07,Yolo,113,214977,257,224,0,224,24
2020-06-07,Yuba,115,75493,32,27,0,27,1
2020-06-06,Alameda,001,1643700,4322,3801,4,3805,102
2020-06-06,Alpine,003,1148,2,1,0,1,0
2020-06-06,Amador,005,37829,10,10,0,10,0
2020-06-06,Butte,007,227075,94,63,5,68,1
2020-06-06,Calaveras,009,45235,23,16,0,16,0
2020-06-06,Colusa,011,21464,9,7,0,7,0
2020-06-06,Contra Costa,013,1133247,1933,1619,0,1619,37
2020-06-06,Del Norte,015,27424,45,45,0,45,0
2020-06-06,El Dorado,017,186661,129,104,0,104,0
2020-06-06,Fresno,019,978130,3934,2117,45,2162,41
2020-06-06,Glenn,021,27897,27,16,0,16,0
2020-06-06,Humboldt,023,135768,116,112,0,112,2
2020-06-06,Imperial,025,180216,4955,3047,4,3051,19
2020-06-06,Inyo,027,18085,22,21,0,21,1
2020-06-06,Kern,029,883053,3534,2695,8,2703,46
2020-06-06,Kings,031,150075,1729,882,3,885,6
2020-06-06,Lake,033,64148,36,28,0,28,0
2020-06-06,Lassen,035,31185,11,4,2,6,0
2020-06-06,Los Angeles,037,10098052,70744,62269,20,62289,2607
2020-06-06,Madera,039,155013,351,149,1,150,3
2020-06-06,Marin,041,260295,661,556,2,558,17
2020-06-06,Mariposa,043,17540,16,16,0,16,1
2020-06-06,Mendocino,045,87422,34,32,0,32,0
2020-06-06,Merced,047,269075,494,315,0,315,7
2020-06-06,Modoc,049,8938,1,0,0,0,0
2020-06-06,Mono,051,14174,39,35,0,35,1
2020-06-06,Monterey,053,433212,936,679,2,681,10
2020-06-06,Napa,055,140530,167,136,0,136,3
2020-06-06,Nevada,057,99092,54,50,1,51,1
2020-06-06,Orange,059,3164182,10550,7576,61,7637,157
2020-06-06,Placer,061,380077,383,270,1,271,9
2020-06-06,Plumas,063,18699,5,4,0,4,0
2020-06-06,Riverside,065,2383286,11571,8935,11,8946,345
2020-06-06,Sacramento,067,1510023,1709,1533,2,1535,59
2020-06-06,San Benito,069,59416,116,92,0,92,2
2020-06-06,San Bernardino,071,2135413,7801,5946,6,5952,214
2020-06-06,San Diego,073,3302833,9579,8347,0,8347,296
2020-06-06,San Francisco,075,870044,2902,2674,0,2674,43
2020-06-06,San Joaquin,077,732212,1589,1076,4,1080,37
2020-06-06,San Luis Obispo,079,281455,375,295,2,297,1
2020-06-06,San Mateo,081,765935,2603,2342,3,2345,72
2020-06-06,Santa Barbara,083,443738,2400,1815,6,1821,13
2020-06-06,Santa Clara,085,1922200,3512,2934,5,2939,144
2020-06-06,Santa Cruz,087,273765,258,226,0,226,2
2020-06-06,Shasta,089,179085,70,40,0,40,4
2020-06-06,Sierra,091,2930,1,1,0,1,0
2020-06-06,Siskiyou,093,43540,17,8,0,8,0
2020-06-06,Solano,095,438530,747,560,4,564,19
2020-06-06,Sonoma,097,501317,740,622,1,623,4
2020-06-06,Stanislaus,099,539301,1211,858,5,863,27
2020-06-06,Sutter,101,95872,70,51,0,51,2
2020-06-06,Tehama,103,63373,15,8,2,10,1
2020-06-06,Trinity,105,12862,6,2,1,3,0
2020-06-06,Tulare,107,460477,3025,2213,4,2217,90
2020-06-06,Tuolumne,109,53932,9,4,1,5,0
2020-06-06,Ventura,111,848112,1851,1303,6,1309,30
2020-06-06,Yolo,113,214977,255,223,0,223,24
2020-06-06,Yuba,115,75493,32,27,0,27,1
2020-06-05,Alameda,001,1643700,4271,3734,4,3738,102
2020-06-05,Alpine,003,1148,2,1,0,1,0
2020-06-05,Amador,005,37829,10,10,0,10,0
2020-06-05,Butte,007,227075,91,61,5,66,1
2020-06-05,Calaveras,009,45235,22,16,0,16,0
2020-06-05,Colusa,011,21464,9,7,0,7,0
2020-06-05,Contra Costa,013,1133247,1918,1575,0,1575,37
2020-06-05,Del Norte,015,27424,45,45,0,45,0
2020-06-05,El Dorado,017,186661,128,101,0,101,0
2020-06-05,Fresno,019,978130,3870,2051,44,2095,38
2020-06-05,Glenn,021,27897,25,16,0,16,0
2020-06-05,Humboldt,023,135768,115,111,0,111,2
2020-06-05,Imperial,025,180216,4849,2778,4,2782,19
2020-06-05,Inyo,027,18085,22,21,0,21,1
2020-06-05,Kern,029,883053,3445,2624,8,2632,46
2020-06-05,Kings,031,150075,1714,865,3,868,6
2020-06-05,Lake,033,64148,35,28,0,28,0
2020-06-05,Lassen,035,31185,10,4,2,6,0
2020-06-05,Los Angeles,037,10098052,69597,60955,20,60975,2553
2020-06-05,Madera,039,155013,329,144,1,145,3
2020-06-05,Marin,041,260295,652,546,2,548,17
2020-06-05,Mariposa,043,17540,16,16,0,16,1
2020-06-05,Mendocino,045,87422,34,32,0,32,0
2020-06-05,Merced,047,269075,492,309,0,309,7
2020-06-05,Modoc,049,8938,1,0,0,0,0
2020-06-05,Mono,051,14174,39,35,0,35,1
2020-06-05,Monterey,053,433212,904,649,2,651,10
2020-06-05,Napa,055,140530,164,123,0,123,3
2020-06-05,Nevada,057,99092,54,50,1,51,1
2020-06-05,Orange,059,3164182,10355,7391,59,7450,153
2020-06-05,Placer,061,380077,373,265,1,266,9
2020-06-05,Plumas,063,18699,5,4,0,4,0
2020-06-05,Riverside,065,2383286,11311,8700,11,8711,345
2020-06-05,Sacramento,067,1510023,1687,1514,2,1516,59
2020-06-05,San Benito,069,59416,114,92,0,92,2
2020-06-05,San Bernardino,071,2135413,7619,5869,5,5874,212
2020-06-05,San Diego,073,3302833,9464,8182,0,8182,294
2020-06-05,San Francisco,075,870044,2884,2675,0,2675,43
2020-06-05,San Joaquin,077,732212,1510,1046,4,1050,36
2020-06-05,San Luis Obispo,079,281455,368,293,2,295,1
2020-06-05,San Mateo,081,765935,2578,2331,3,2334,72
2020-06-05,Santa Barbara,083,443738,2364,1795,6,1801,13
2020-06-05,Santa Clara,085,1922200,3487,2902,5,2907,144
2020-06-05,Santa Cruz,087,273765,255,222,0,222,2
2020-06-05,Shasta,089,179085,69,40,0,40,4
2020-06-05,Sierra,091,2930,1,1,0,1,0
2020-06-05,Siskiyou,093,43540,15,8,0,8,0
2020-06-05,Solano,095,438530,740,558,4,562,19
2020-06-05,Sonoma,097,501317,719,618,1,619,4
2020-06-05,Stanislaus,099,539301,1178,842,5,847,27
2020-06-05,Sutter,101,95872,70,49,0,49,2
2020-06-05,Tehama,103,63373,15,7,2,9,1
2020-06-05,Trinity,105,12862,6,1,1,2,0
2020-06-05,Tulare,107,460477,2976,2180,4,2184,90
2020-06-05,Tuolumne,109,53932,9,4,1,5,0
2020-06-05,Ventura,111,848112,1818,1274,6,1280,30
2020-06-05,Yolo,113,214977,254,216,0,216,24
2020-06-05,Yuba,115,75493,32,27,0,27,1
2020-06-04,Alameda,001,1643700,4172,3643,4,3647,99
2020-06-04,Alpine,003,1148,2,1,0,1,0
2020-06-04,Amador,005,37829,10,10,0,10,0
2020-06-04,Butte,007,227075,87,57,4,61,1
2020-06-04,Calaveras,009,45235,22,15,0,15,0
2020-06-04,Colusa,011,21464,9,7,0,7,0
2020-06-04,Contra Costa,013,1133247,1860,1551,0,1551,37
2020-06-04,Del Norte,015,27424,45,45,0,45,0
2020-06-04,El Dorado,017,186661,126,101,0,101,0
2020-06-04,Fresno,019,978130,3764,2007,44,2051,35
2020-06-04,Glenn,021,27897,22,16,0,16,0
2020-06-04,Humboldt,023,135768,115,109,0,109,2
2020-06-04,Imperial,025,180216,4666,2631,4,2635,19
2020-06-04,Inyo,027,18085,22,20,0,20,1
2020-06-04,Kern,029,883053,3329,2530,8,2538,46
2020-06-04,Kings,031,150075,1644,842,3,845,6
2020-06-04,Lake,033,64148,34,27,0,27,0
2020-06-04,Lassen,035,31185,8,4,2,6,0
2020-06-04,Los Angeles,037,10098052,68129,59596,20,59616,2515
2020-06-04,Madera,039,155013,321,127,1,128,3
2020-06-04,Marin,041,260295,630,533,2,535,14
2020-06-04,Mariposa,043,17540,16,16,0,16,1
2020-06-04,Mendocino,045,87422,34,29,0,29,0
2020-06-04,Merced,047,269075,472,304,0,304,7
2020-06-04,Modoc,049,8938,1,0,0,0,0
2020-06-04,Mono,051,14174,39,35,0,35,1
2020-06-04,Monterey,053,433212,869,621,1,622,10
2020-06-04,Napa,055,140530,160,117,0,117,3
2020-06-04,Nevada,057,99092,53,49,1,50,1
2020-06-04,Orange,059,3164182,10103,7192,58,7250,148
2020-06-04,Placer,061,380077,357,256,1,257,9
2020-06-04,Plumas,063,18699,4,4,0,4,0
2020-06-04,Riverside,065,2383286,11033,8473,11,8484,341
2020-06-04,Sacramento,067,1510023,1660,1492,2,1494,58
2020-06-04,San Benito,069,59416,112,88,0,88,2
2020-06-04,San Bernardino,071,2135413,7351,5726,5,5731,207
2020-06-04,San Diego,073,3302833,9301,7942,0,7942,288
2020-06-04,San Francisco,075,870044,2851,2636,0,2636,43
2020-06-04,San Joaquin,077,732212,1448,1016,4,1020,36
2020-06-04,San Luis Obispo,079,281455,360,288,2,290,1
2020-06-04,San Mateo,081,765935,2552,2284,3,2287,72
2020-06-04,Santa Barbara,083,443738,2323,1750,6,1756,13
2020-06-04,Santa Clara,085,1922200,3455,2871,5,2876,144
2020-06-04,Santa Cruz,087,273765,249,218,0,218,2
2020-06-04,Shasta,089,179085,63,40,0,40,4
2020-06-04,Sierra,091,2930,1,1,0,1,0
2020-06-04,Siskiyou,093,43540,14,8,0,8,0
2020-06-04,Solano,095,438530,723,551,4,555,19
2020-06-04,Sonoma,097,501317,700,591,1,592,4
2020-06-04,Stanislaus,099,539301,1102,806,5,811,28
2020-06-04,Sutter,101,95872,65,46,0,46,2
2020-06-04,Tehama,103,63373,14,6,1,7,1
2020-06-04,Trinity,105,12862,6,1,1,2,0
2020-06-04,Tulare,107,460477,2860,2086,4,2090,90
2020-06-04,Tuolumne,109,53932,8,4,1,5,0
2020-06-04,Ventura,111,848112,1775,1236,6,1242,30
2020-06-04,Yolo,113,214977,249,216,0,216,24
2020-06-04,Yuba,115,75493,31,27,0,27,1
2020-06-03,Alameda,001,1643700,4113,3589,3,3592,99
2020-06-03,Alpine,003,1148,2,1,0,1,0
2020-06-03,Amador,005,37829,10,10,0,10,0
2020-06-03,Butte,007,227075,85,53,4,57,1
2020-06-03,Calaveras,009,45235,21,15,0,15,0
2020-06-03,Colusa,011,21464,9,7,0,7,0
2020-06-03,Contra Costa,013,1133247,1812,1511,0,1511,37
2020-06-03,Del Norte,015,27424,45,39,0,39,0
2020-06-03,El Dorado,017,186661,123,90,0,90,0
2020-06-03,Fresno,019,978130,3667,1943,44,1987,35
2020-06-03,Glenn,021,27897,22,16,0,16,0
2020-06-03,Humboldt,023,135768,115,103,0,103,2
2020-06-03,Imperial,025,180216,4494,2540,4,2544,19
2020-06-03,Inyo,027,18085,22,20,0,20,1
2020-06-03,Kern,029,883053,3233,2452,8,2460,44
2020-06-03,Kings,031,150075,1579,744,3,747,6
2020-06-03,Lake,033,64148,32,26,0,26,0
2020-06-03,Lassen,035,31185,8,4,2,6,0
2020-06-03,Los Angeles,037,10098052,66523,58166,20,58186,2472
2020-06-03,Madera,039,155013,313,117,1,118,3
2020-06-03,Marin,041,260295,612,527,2,529,14
2020-06-03,Mariposa,043,17540,16,16,0,16,1
2020-06-03,Mendocino,045,87422,33,29,0,29,0
2020-06-03,Merced,047,269075,458,299,0,299,7
2020-06-03,Modoc,049,8938,1,0,0,0,0
2020-06-03,Mono,051,14174,39,35,0,35,1
2020-06-03,Monterey,053,433212,841,592,1,593,10
2020-06-03,Napa,055,140530,159,116,0,116,3
2020-06-03,Nevada,057,99092,52,43,1,44,1
2020-06-03,Orange,059,3164182,9875,6939,57,6996,145
2020-06-03,Placer,061,380077,337,243,1,244,9
2020-06-03,Plumas,063,18699,4,4,0,4,0
2020-06-03,Riverside,065,2383286,10758,8208,11,8219,335
2020-06-03,Sacramento,067,1510023,1630,1457,2,1459,58
2020-06-03,San Benito,069,59416,106,88,0,88,2
2020-06-03,San Bernardino,071,2135413,7128,5565,5,5570,203
2020-06-03,San Diego,073,3302833,9153,7800,0,7800,283
2020-06-03,San Francisco,075,870044,2820,2608,0,2608,43
2020-06-03,San Joaquin,077,732212,1384,1004,4,1008,35
2020-06-03,San Luis Obispo,079,281455,355,279,2,281,1
2020-06-03,San Mateo,081,765935,2524,2243,3,2246,71
2020-06-03,Santa Barbara,083,443738,2279,1722,6,1728,12
2020-06-03,Santa Clara,085,1922200,3415,2836,5,2841,144
2020-06-03,Santa Cruz,087,273765,243,217,0,217,2
2020-06-03,Shasta,089,179085,60,40,0,40,4
2020-06-03,Sierra,091,2930,1,1,0,1,0
2020-06-03,Siskiyou,093,43540,13,8,0,8,0
2020-06-03,Solano,095,438530,698,543,2,545,18
2020-06-03,Sonoma,097,501317,688,578,1,579,4
2020-06-03,Stanislaus,099,539301,1062,780,5,785,27
2020-06-03,Sutter,101,95872,57,45,0,45,2
2020-06-03,Tehama,103,63373,14,6,1,7,1
2020-06-03,Trinity,105,12862,5,1,1,2,0
2020-06-03,Tulare,107,460477,2791,2041,4,2045,88
2020-06-03,Tuolumne,109,53932,6,4,1,5,0
2020-06-03,Ventura,111,848112,1711,1202,6,1208,30
2020-06-03,Yolo,113,214977,245,213,0,213,24
2020-06-03,Yuba,115,75493,31,27,0,27,1
2020-06-02,Alameda,001,1643700,4037,3517,3,3520,99
2020-06-02,Alpine,003,1148,2,1,0,1,0
2020-06-02,Amador,005,37829,10,10,0,10,0
2020-06-02,Butte,007,227075,81,51,3,54,1
2020-06-02,Calaveras,009,45235,21,15,0,15,0
2020-06-02,Colusa,011,21464,9,7,0,7,0
2020-06-02,Contra Costa,013,1133247,1780,1505,0,1505,37
2020-06-02,Del Norte,015,27424,45,39,0,39,0
2020-06-02,El Dorado,017,186661,122,88,0,88,0
2020-06-02,Fresno,019,978130,3555,1917,44,1961,34
2020-06-02,Glenn,021,27897,21,16,0,16,0
2020-06-02,Humboldt,023,135768,115,101,0,101,2
2020-06-02,Imperial,025,180216,4301,2459,4,2463,19
2020-06-02,Inyo,027,18085,20,20,0,20,1
2020-06-02,Kern,029,883053,3134,2406,6,2412,41
2020-06-02,Kings,031,150075,1551,720,3,723,5
2020-06-02,Lake,033,64148,32,25,0,25,0
2020-06-02,Lassen,035,31185,7,4,2,6,0
2020-06-02,Los Angeles,037,10098052,65120,57144,20,57164,2430
2020-06-02,Madera,039,155013,292,110,1,111,2
2020-06-02,Marin,041,260295,585,509,2,511,14
2020-06-02,Mariposa,043,17540,16,16,0,16,1
2020-06-02,Mendocino,045,87422,33,29,0,29,0
2020-06-02,Merced,047,269075,442,297,0,297,6
2020-06-02,Modoc,049,8938,1,0,0,0,0
2020-06-02,Mono,051,14174,39,35,0,35,1
2020-06-02,Monterey,053,433212,811,582,1,583,10
2020-06-02,Napa,055,140530,150,116,0,116,3
2020-06-02,Nevada,057,99092,51,41,1,42,1
2020-06-02,Orange,059,3164182,9674,6790,56,6846,142
2020-06-02,Placer,061,380077,323,226,1,227,9
2020-06-02,Plumas,063,18699,4,4,0,4,0
2020-06-02,Riverside,065,2383286,10463,8091,10,8101,330
2020-06-02,Sacramento,067,1510023,1601,1428,2,1430,58
2020-06-02,San Benito,069,59416,105,86,0,86,2
2020-06-02,San Bernardino,071,2135413,6920,5438,5,5443,202
2020-06-02,San Diego,073,3302833,9007,7676,0,7676,276
2020-06-02,San Francisco,075,870044,2785,2554,0,2554,43
2020-06-02,San Joaquin,077,732212,1318,985,4,989,35
2020-06-02,San Luis Obispo,079,281455,350,275,2,277,1
2020-06-02,San Mateo,081,765935,2489,2203,3,2206,71
2020-06-02,Santa Barbara,083,443738,2234,1703,6,1709,12
2020-06-02,Santa Clara,085,1922200,3365,2819,5,2824,144
2020-06-02,Santa Cruz,087,273765,238,215,0,215,2
2020-06-02,Shasta,089,179085,59,38,0,38,4
2020-06-02,Sierra,091,2930,1,1,0,1,0
2020-06-02,Siskiyou,093,43540,12,8,0,8,0
2020-06-02,Solano,095,438530,683,537,1,538,18
2020-06-02,Sonoma,097,501317,677,571,1,572,4
2020-06-02,Stanislaus,099,539301,1003,772,5,777,27
2020-06-02,Sutter,101,95872,54,43,0,43,2
2020-06-02,Tehama,103,63373,14,6,1,7,1
2020-06-02,Trinity,105,12862,5,1,1,2,0
2020-06-02,Tulare,107,460477,2711,2012,4,2016,86
2020-06-02,Tuolumne,109,53932,6,4,1,5,0
2020-06-02,Ventura,111,848112,1660,1178,6,1184,30
2020-06-02,Yolo,113,214977,243,213,0,213,24
2020-06-02,Yuba,115,75493,31,27,0,27,1
2020-06-01,Alameda,001,1643700,3972,3460,3,3463,98
2020-06-01,Alpine,003,1148,2,1,0,1,0
2020-06-01,Amador,005,37829,10,10,0,10,0
2020-06-01,Butte,007,227075,80,50,2,52,1
2020-06-01,Calaveras,009,45235,21,15,0,15,0
2020-06-01,Colusa,011,21464,9,7,0,7,0
2020-06-01,Contra Costa,013,1133247,1744,1486,0,1486,37
2020-06-01,Del Norte,015,27424,45,38,0,38,0
2020-06-01,El Dorado,017,186661,120,88,0,88,0
2020-06-01,Fresno,019,978130,3460,1854,42,1896,33
2020-06-01,Glenn,021,27897,21,16,0,16,0
2020-06-01,Humboldt,023,135768,115,98,0,98,2
2020-06-01,Imperial,025,180216,4078,2366,4,2370,14
2020-06-01,Inyo,027,18085,20,20,0,20,1
2020-06-01,Kern,029,883053,3051,2366,6,2372,38
2020-06-01,Kings,031,150075,1283,703,3,706,4
2020-06-01,Lake,033,64148,32,22,0,22,0
2020-06-01,Lassen,035,31185,7,4,2,6,0
2020-06-01,Los Angeles,037,10098052,63655,55899,20,55919,2367
2020-06-01,Madera,039,155013,280,103,1,104,2
2020-06-01,Marin,041,260295,544,495,2,497,14
2020-06-01,Mariposa,043,17540,16,16,0,16,1
2020-06-01,Mendocino,045,87422,33,28,0,28,0
2020-06-01,Merced,047,269075,423,289,0,289,6
2020-06-01,Modoc,049,8938,1,0,0,0,0
2020-06-01,Mono,051,14174,39,35,0,35,1
2020-06-01,Monterey,053,433212,786,554,1,555,10
2020-06-01,Napa,055,140530,147,114,0,114,3
2020-06-01,Nevada,057,99092,51,41,1,42,1
2020-06-01,Orange,059,3164182,9478,6640,55,6695,135
2020-06-01,Placer,061,380077,311,218,1,219,9
2020-06-01,Plumas,063,18699,4,4,0,4,0
2020-06-01,Riverside,065,2383286,10012,7921,10,7931,322
2020-06-01,Sacramento,067,1510023,1562,1415,2,1417,58
2020-06-01,San Benito,069,59416,102,86,0,86,2
2020-06-01,San Bernardino,071,2135413,6714,5310,5,5315,202
2020-06-01,San Diego,073,3302833,8827,7556,0,7556,269
2020-06-01,San Francisco,075,870044,2748,2546,0,2546,43
2020-06-01,San Joaquin,077,732212,1253,957,4,961,35
2020-06-01,San Luis Obispo,079,281455,346,275,2,277,1
2020-06-01,San Mateo,081,765935,2459,2190,3,2193,71
2020-06-01,Santa Barbara,083,443738,2192,1671,5,1676,10
2020-06-01,Santa Clara,085,1922200,3327,2797,4,2801,142
2020-06-01,Santa Cruz,087,273765,234,215,0,215,2
2020-06-01,Shasta,089,179085,59,38,0,38,4
2020-06-01,Sierra,091,2930,1,1,0,1,0
2020-06-01,Siskiyou,093,43540,12,7,0,7,0
2020-06-01,Solano,095,438530,659,529,1,530,17
2020-06-01,Sonoma,097,501317,661,565,1,566,4
2020-06-01,Stanislaus,099,539301,966,758,5,763,27
2020-06-01,Sutter,101,95872,49,43,0,43,2
2020-06-01,Tehama,103,63373,11,5,1,6,1
2020-06-01,Trinity,105,12862,4,1,1,2,0
2020-06-01,Tulare,107,460477,2596,1976,4,1980,84
2020-06-01,Tuolumne,109,53932,5,4,1,5,0
2020-06-01,Ventura,111,848112,1610,1163,6,1169,29
2020-06-01,Yolo,113,214977,240,212,0,212,24
2020-06-01,Yuba,115,75493,30,26,0,26,1
2020-05-31,Alameda,001,1643700,3866,3362,3,3365,98
2020-05-31,Alpine,003,1148,2,1,0,1,0
2020-05-31,Amador,005,37829,10,10,0,10,0
2020-05-31,Butte,007,227075,78,51,2,53,0
2020-05-31,Calaveras,009,45235,18,15,0,15,0
2020-05-31,Colusa,011,21464,9,5,0,5,0
2020-05-31,Contra Costa,013,1133247,1710,1458,0,1458,37
2020-05-31,Del Norte,015,27424,45,37,0,37,0
2020-05-31,El Dorado,017,186661,116,88,0,88,0
2020-05-31,Fresno,019,978130,3299,1780,40,1820,31
2020-05-31,Glenn,021,27897,20,16,0,16,0
2020-05-31,Humboldt,023,135768,113,98,0,98,2
2020-05-31,Imperial,025,180216,3811,2197,4,2201,14
2020-05-31,Inyo,027,18085,20,20,0,20,1
2020-05-31,Kern,029,883053,2916,2300,6,2306,38
2020-05-31,Kings,031,150075,1246,703,3,706,3
2020-05-31,Lake,033,64148,32,19,0,19,0
2020-05-31,Lassen,035,31185,7,4,2,6,0
2020-05-31,Los Angeles,037,10098052,62365,54925,20,54945,2344
2020-05-31,Madera,039,155013,262,101,1,102,2
2020-05-31,Marin,041,260295,534,486,2,488,14
2020-05-31,Mariposa,043,17540,16,16,0,16,1
2020-05-31,Mendocino,045,87422,33,24,0,24,0
2020-05-31,Merced,047,269075,396,288,0,288,6
2020-05-31,Modoc,049,8938,0,0,0,0,0
2020-05-31,Mono,051,14174,39,34,0,34,1
2020-05-31,Monterey,053,433212,713,545,1,546,10
2020-05-31,Napa,055,140530,145,114,0,114,3
2020-05-31,Nevada,057,99092,50,41,1,42,1
2020-05-31,Orange,059,3164182,9267,6532,54,6586,135
2020-05-31,Placer,061,380077,289,215,1,216,9
2020-05-31,Plumas,063,18699,4,4,0,4,0
2020-05-31,Riverside,065,2383286,9756,7704,10,7714,321
2020-05-31,Sacramento,067,1510023,1531,1398,2,1400,57
2020-05-31,San Benito,069,59416,96,85,0,85,2
2020-05-31,San Bernardino,071,2135413,6446,5185,5,5190,198
2020-05-31,San Diego,073,3302833,8633,7483,0,7483,269
2020-05-31,San Francisco,075,870044,2712,2501,0,2501,43
2020-05-31,San Joaquin,077,732212,1188,888,4,892,34
2020-05-31,San Luis Obispo,079,281455,336,271,2,273,1
2020-05-31,San Mateo,081,765935,2413,2169,3,2172,71
2020-05-31,Santa Barbara,083,443738,2135,1662,5,1667,9
2020-05-31,Santa Clara,085,1922200,3283,2785,4,2789,142
2020-05-31,Santa Cruz,087,273765,231,210,0,210,2
2020-05-31,Shasta,089,179085,57,38,0,38,4
2020-05-31,Sierra,091,2930,1,1,0,1,0
2020-05-31,Siskiyou,093,43540,11,7,0,7,0
2020-05-31,Solano,095,438530,633,512,1,513,6
2020-05-31,Sonoma,097,501317,641,555,1,556,4
2020-05-31,Stanislaus,099,539301,912,738,5,743,27
2020-05-31,Sutter,101,95872,47,42,0,42,2
2020-05-31,Tehama,103,63373,10,4,1,5,1
2020-05-31,Trinity,105,12862,4,1,1,2,0
2020-05-31,Tulare,107,460477,2524,1884,4,1888,82
2020-05-31,Tuolumne,109,53932,5,4,1,5,0
2020-05-31,Ventura,111,848112,1554,1151,6,1157,30
2020-05-31,Yolo,113,214977,234,211,0,211,24
2020-05-31,Yuba,115,75493,30,26,0,26,1
2020-05-30,Alameda,001,1643700,3840,3304,3,3307,96
2020-05-30,Alpine,003,1148,2,1,0,1,0
2020-05-30,Amador,005,37829,10,10,0,10,0
2020-05-30,Butte,007,227075,77,44,2,46,0
2020-05-30,Calaveras,009,45235,17,15,0,15,0
2020-05-30,Colusa,011,21464,8,5,0,5,0
2020-05-30,Contra Costa,013,1133247,1695,1429,0,1429,37
2020-05-30,Del Norte,015,27424,45,37,0,37,0
2020-05-30,El Dorado,017,186661,115,86,0,86,0
2020-05-30,Fresno,019,978130,3238,1744,39,1783,31
2020-05-30,Glenn,021,27897,19,16,0,16,0
2020-05-30,Humboldt,023,135768,112,98,0,98,2
2020-05-30,Imperial,025,180216,3721,2091,4,2095,14
2020-05-30,Inyo,027,18085,20,20,0,20,1
2020-05-30,Kern,029,883053,2847,2217,6,2223,38
2020-05-30,Kings,031,150075,1232,703,3,706,3
2020-05-30,Lake,033,64148,31,18,0,18,0
2020-05-30,Lassen,035,31185,7,4,2,6,0
2020-05-30,Los Angeles,037,10098052,61829,53627,20,53647,2319
2020-05-30,Madera,039,155013,257,101,1,102,2
2020-05-30,Marin,041,260295,534,462,2,464,14
2020-05-30,Mariposa,043,17540,16,16,0,16,1
2020-05-30,Mendocino,045,87422,33,24,0,24,0
2020-05-30,Merced,047,269075,395,285,0,285,6
2020-05-30,Modoc,049,8938,0,0,0,0,0
2020-05-30,Mono,051,14174,39,34,0,34,1
2020-05-30,Monterey,053,433212,697,520,1,521,10
2020-05-30,Napa,055,140530,143,113,0,113,3
2020-05-30,Nevada,057,99092,50,41,1,42,1
2020-05-30,Orange,059,3164182,9112,6354,54,6408,134
2020-05-30,Placer,061,380077,281,199,0,199,9
2020-05-30,Plumas,063,18699,4,4,0,4,0
2020-05-30,Riverside,065,2383286,9612,7492,10,7502,316
2020-05-30,Sacramento,067,1510023,1520,1384,2,1386,57
2020-05-30,San Benito,069,59416,95,85,0,85,2
2020-05-30,San Bernardino,071,2135413,6337,5122,5,5127,198
2020-05-30,San Diego,073,3302833,8540,7387,0,7387,269
2020-05-30,San Francisco,075,870044,2687,2496,0,2496,41
2020-05-30,San Joaquin,077,732212,1150,888,4,892,34
2020-05-30,San Luis Obispo,079,281455,331,270,2,272,1
2020-05-30,San Mateo,081,765935,2389,2129,3,2132,71
2020-05-30,Santa Barbara,083,443738,2106,1660,5,1665,9
2020-05-30,Santa Clara,085,1922200,3267,2741,4,2745,141
2020-05-30,Santa Cruz,087,273765,231,206,0,206,2
2020-05-30,Shasta,089,179085,57,36,0,36,4
2020-05-30,Sierra,091,2930,1,1,0,1,0
2020-05-30,Siskiyou,093,43540,10,7,0,7,0
2020-05-30,Solano,095,438530,626,512,1,513,6
2020-05-30,Sonoma,097,501317,631,551,1,552,4
2020-05-30,Stanislaus,099,539301,895,712,5,717,27
2020-05-30,Sutter,101,95872,46,40,0,40,2
2020-05-30,Tehama,103,63373,10,4,1,5,1
2020-05-30,Trinity,105,12862,4,1,1,2,0
2020-05-30,Tulare,107,460477,2487,1879,4,1883,81
2020-05-30,Tuolumne,109,53932,5,4,1,5,0
2020-05-30,Ventura,111,848112,1537,1116,6,1122,30
2020-05-30,Yolo,113,214977,230,210,0,210,24
2020-05-30,Yuba,115,75493,30,25,0,25,1
2020-05-29,Alameda,001,1643700,3805,3209,3,3212,96
2020-05-29,Alpine,003,1148,2,1,0,1,0
2020-05-29,Amador,005,37829,10,10,0,10,0
2020-05-29,Butte,007,227075,72,41,2,43,0
2020-05-29,Calaveras,009,45235,17,15,0,15,0
2020-05-29,Colusa,011,21464,8,5,0,5,0
2020-05-29,Contra Costa,013,1133247,1679,1411,0,1411,37
2020-05-29,Del Norte,015,27424,45,37,0,37,0
2020-05-29,El Dorado,017,186661,114,85,0,85,0
2020-05-29,Fresno,019,978130,3189,1687,39,1726,31
2020-05-29,Glenn,021,27897,19,14,0,14,0
2020-05-29,Humboldt,023,135768,111,98,0,98,2
2020-05-29,Imperial,025,180216,3603,1607,4,1611,14
2020-05-29,Inyo,027,18085,20,20,0,20,1
2020-05-29,Kern,029,883053,2789,2128,6,2134,36
2020-05-29,Kings,031,150075,1221,693,3,696,3
2020-05-29,Lake,033,64148,30,17,0,17,0
2020-05-29,Lassen,035,31185,7,0,2,2,0
2020-05-29,Los Angeles,037,10098052,60874,51578,20,51598,2273
2020-05-29,Madera,039,155013,242,98,1,99,2
2020-05-29,Marin,041,260295,526,448,2,450,14
2020-05-29,Mariposa,043,17540,16,16,0,16,1
2020-05-29,Mendocino,045,87422,31,25,0,25,0
2020-05-29,Merced,047,269075,390,285,0,285,7
2020-05-29,Modoc,049,8938,0,0,0,0,0
2020-05-29,Mono,051,14174,38,34,0,34,1
2020-05-29,Monterey,053,433212,667,479,1,480,10
2020-05-29,Napa,055,140530,140,113,0,113,3
2020-05-29,Nevada,057,99092,50,41,1,42,1
2020-05-29,Orange,059,3164182,8916,6176,52,6228,133
2020-05-29,Placer,061,380077,260,199,0,199,9
2020-05-29,Plumas,063,18699,4,4,0,4,0
2020-05-29,Riverside,065,2383286,9426,7376,10,7386,313
2020-05-29,Sacramento,067,1510023,1497,1360,2,1362,57
2020-05-29,San Benito,069,59416,95,84,0,84,2
2020-05-29,San Bernardino,071,2135413,6229,4983,5,4988,196
2020-05-29,San Diego,073,3302833,8417,7242,0,7242,266
2020-05-29,San Francisco,075,870044,2663,2453,0,2453,41
2020-05-29,San Joaquin,077,732212,1113,855,4,859,34
2020-05-29,San Luis Obispo,079,281455,327,270,2,272,1
2020-05-29,San Mateo,081,765935,2373,2103,3,2106,71
2020-05-29,Santa Barbara,083,443738,2073,1656,5,1661,9
2020-05-29,Santa Clara,085,1922200,3239,2707,4,2711,141
2020-05-29,Santa Cruz,087,273765,228,203,0,203,2
2020-05-29,Shasta,089,179085,57,36,0,36,4
2020-05-29,Sierra,091,2930,1,1,0,1,0
2020-05-29,Siskiyou,093,43540,10,7,0,7,0
2020-05-29,Solano,095,438530,618,498,1,499,6
2020-05-29,Sonoma,097,501317,620,537,1,538,4
2020-05-29,Stanislaus,099,539301,865,698,5,703,27
2020-05-29,Sutter,101,95872,44,40,0,40,2
2020-05-29,Tehama,103,63373,9,4,1,5,1
2020-05-29,Trinity,105,12862,4,1,1,2,0
2020-05-29,Tulare,107,460477,2449,1852,4,1856,80
2020-05-29,Tuolumne,109,53932,5,4,1,5,0
2020-05-29,Ventura,111,848112,1514,1093,6,1099,29
2020-05-29,Yolo,113,214977,226,211,0,211,24
2020-05-29,Yuba,115,75493,29,25,0,25,1
2020-05-28,Alameda,001,1643700,3705,3083,3,3086,94
2020-05-28,Alpine,003,1148,2,1,0,1,0
2020-05-28,Amador,005,37829,10,10,0,10,0
2020-05-28,Butte,007,227075,71,40,2,42,0
2020-05-28,Calaveras,009,45235,16,15,0,15,0
2020-05-28,Colusa,011,21464,8,5,0,5,0
2020-05-28,Contra Costa,013,1133247,1640,1392,0,1392,37
2020-05-28,Del Norte,015,27424,45,37,0,37,0
2020-05-28,El Dorado,017,186661,111,82,0,82,0
2020-05-28,Fresno,019,978130,3109,1653,38,1691,31
2020-05-28,Glenn,021,27897,18,14,0,14,0
2020-05-28,Humboldt,023,135768,110,97,0,97,2
2020-05-28,Imperial,025,180216,3408,1430,4,1434,14
2020-05-28,Inyo,027,18085,20,20,0,20,1
2020-05-28,Kern,029,883053,2711,2069,6,2075,36
2020-05-28,Kings,031,150075,884,626,3,629,3
2020-05-28,Lake,033,64148,29,17,0,17,0
2020-05-28,Lassen,035,31185,7,0,2,2,0
2020-05-28,Los Angeles,037,10098052,59295,49861,20,49881,2222
2020-05-28,Madera,039,155013,224,93,1,94,2
2020-05-28,Marin,041,260295,501,443,2,445,14
2020-05-28,Mariposa,043,17540,16,16,0,16,1
2020-05-28,Mendocino,045,87422,29,24,0,24,0
2020-05-28,Merced,047,269075,381,283,0,283,7
2020-05-28,Modoc,049,8938,0,0,0,0,0
2020-05-28,Mono,051,14174,38,34,0,34,1
2020-05-28,Monterey,053,433212,635,471,1,472,10
2020-05-28,Napa,055,140530,137,113,0,113,3
2020-05-28,Nevada,057,99092,45,41,1,42,1
2020-05-28,Orange,059,3164182,8720,6045,52,6097,130
2020-05-28,Placer,061,380077,253,196,0,196,9
2020-05-28,Plumas,063,18699,4,4,0,4,0
2020-05-28,Riverside,065,2383286,9024,7240,9,7249,304
2020-05-28,Sacramento,067,1510023,1477,1339,2,1341,57
2020-05-28,San Benito,069,59416,94,82,0,82,2
2020-05-28,San Bernardino,071,2135413,6064,4831,5,4836,191
2020-05-28,San Diego,073,3302833,8260,7102,0,7102,260
2020-05-28,San Francisco,075,870044,2629,2417,0,2417,40
2020-05-28,San Joaquin,077,732212,1078,840,4,844,34
2020-05-28,San Luis Obispo,079,281455,324,267,2,269,1
2020-05-28,San Mateo,081,765935,2346,2070,3,2073,71
2020-05-28,Santa Barbara,083,443738,2022,1642,4,1646,9
2020-05-28,Santa Clara,085,1922200,3199,2698,4,2702,140
2020-05-28,Santa Cruz,087,273765,227,201,0,201,2
2020-05-28,Shasta,089,179085,55,36,0,36,4
2020-05-28,Sierra,091,2930,1,1,0,1,0
2020-05-28,Siskiyou,093,43540,8,6,0,6,0
2020-05-28,Solano,095,438530,601,489,1,490,6
2020-05-28,Sonoma,097,501317,598,529,1,530,4
2020-05-28,Stanislaus,099,539301,824,684,5,689,27
2020-05-28,Sutter,101,95872,44,40,0,40,2
2020-05-28,Tehama,103,63373,9,4,1,5,1
2020-05-28,Trinity,105,12862,4,1,1,2,0
2020-05-28,Tulare,107,460477,2413,1832,4,1836,79
2020-05-28,Tuolumne,109,53932,5,4,1,5,0
2020-05-28,Ventura,111,848112,1483,1083,6,1089,29
2020-05-28,Yolo,113,214977,223,206,0,206,22
2020-05-28,Yuba,115,75493,28,24,0,24,1
2020-05-27,Alameda,001,1643700,3622,3037,3,3040,94
2020-05-27,Alpine,003,1148,2,1,0,1,0
2020-05-27,Amador,005,37829,10,10,0,10,0
2020-05-27,Butte,007,227075,68,40,1,41,0
2020-05-27,Calaveras,009,45235,15,15,0,15,0
2020-05-27,Colusa,011,21464,8,5,0,5,0
2020-05-27,Contra Costa,013,1133247,1600,1373,0,1373,37
2020-05-27,Del Norte,015,27424,45,34,0,34,0
2020-05-27,El Dorado,017,186661,110,82,0,82,0
2020-05-27,Fresno,019,978130,3021,1620,38,1658,27
2020-05-27,Glenn,021,27897,18,14,0,14,0
2020-05-27,Humboldt,023,135768,110,86,0,86,2
2020-05-27,Imperial,025,180216,3228,1369,4,1373,14
2020-05-27,Inyo,027,18085,20,20,0,20,1
2020-05-27,Kern,029,883053,2646,1999,6,2005,37
2020-05-27,Kings,031,150075,857,586,3,589,3
2020-05-27,Lake,033,64148,29,13,0,13,0
2020-05-27,Lassen,035,31185,7,0,2,2,0
2020-05-27,Los Angeles,037,10098052,57918,48711,20,48731,2177
2020-05-27,Madera,039,155013,215,91,1,92,2
2020-05-27,Marin,041,260295,472,439,2,441,14
2020-05-27,Mariposa,043,17540,16,16,0,16,1
2020-05-27,Mendocino,045,87422,28,21,0,21,0
2020-05-27,Merced,047,269075,377,278,0,278,7
2020-05-27,Modoc,049,8938,0,0,0,0,0
2020-05-27,Mono,051,14174,38,34,0,34,1
2020-05-27,Monterey,053,433212,595,443,1,444,8
2020-05-27,Napa,055,140530,132,112,0,112,3
2020-05-27,Nevada,057,99092,44,41,1,42,1
2020-05-27,Orange,059,3164182,8562,5849,52,5901,121
2020-05-27,Placer,061,380077,234,196,0,196,9
2020-05-27,Plumas,063,18699,4,4,0,4,0
2020-05-27,Riverside,065,2383286,8645,7156,9,7165,299
2020-05-27,Sacramento,067,1510023,1449,1318,2,1320,50
2020-05-27,San Benito,069,59416,91,74,0,74,2
2020-05-27,San Bernardino,071,2135413,5880,4708,5,4713,183
2020-05-27,San Diego,073,3302833,8110,6985,0,6985,255
2020-05-27,San Francisco,075,870044,2600,2394,0,2394,40
2020-05-27,San Joaquin,077,732212,1037,825,4,829,34
2020-05-27,San Luis Obispo,079,281455,319,266,2,268,1
2020-05-27,San Mateo,081,765935,2306,2045,3,2048,71
2020-05-27,Santa Barbara,083,443738,2003,1629,4,1633,9
2020-05-27,Santa Clara,085,1922200,3166,2680,4,2684,140
2020-05-27,Santa Cruz,087,273765,223,202,0,202,2
2020-05-27,Shasta,089,179085,52,36,0,36,4
2020-05-27,Sierra,091,2930,1,1,0,1,0
2020-05-27,Siskiyou,093,43540,8,6,0,6,0
2020-05-27,Solano,095,438530,581,477,1,478,5
2020-05-27,Sonoma,097,501317,584,521,1,522,4
2020-05-27,Stanislaus,099,539301,799,675,5,680,27
2020-05-27,Sutter,101,95872,43,40,0,40,2
2020-05-27,Tehama,103,63373,9,3,1,4,1
2020-05-27,Trinity,105,12862,4,1,1,2,0
2020-05-27,Tulare,107,460477,2361,1817,4,1821,77
2020-05-27,Tuolumne,109,53932,5,4,1,5,0
2020-05-27,Ventura,111,848112,1460,1065,6,1071,28
2020-05-27,Yolo,113,214977,222,204,0,204,22
2020-05-27,Yuba,115,75493,28,24,0,24,1
2020-05-26,Alameda,001,1643700,3527,2956,3,2959,92
2020-05-26,Alpine,003,1148,2,1,0,1,0
2020-05-26,Amador,005,37829,10,10,0,10,0
2020-05-26,Butte,007,227075,66,37,1,38,0
2020-05-26,Calaveras,009,45235,15,13,0,13,0
2020-05-26,Colusa,011,21464,8,4,0,4,0
2020-05-26,Contra Costa,013,1133247,1565,1352,0,1352,37
2020-05-26,Del Norte,015,27424,44,30,0,30,0
2020-05-26,El Dorado,017,186661,106,79,0,79,0
2020-05-26,Fresno,019,978130,2935,1496,38,1534,22
2020-05-26,Glenn,021,27897,16,12,0,12,0
2020-05-26,Humboldt,023,135768,108,81,0,81,2
2020-05-26,Imperial,025,180216,3012,1369,4,1373,14
2020-05-26,Inyo,027,18085,20,20,0,20,1
2020-05-26,Kern,029,883053,2568,1890,6,1896,31
2020-05-26,Kings,031,150075,789,449,2,451,2
2020-05-26,Lake,033,64148,27,12,0,12,0
2020-05-26,Lassen,035,31185,6,0,2,2,0
2020-05-26,Los Angeles,037,10098052,56451,47760,20,47780,2121
2020-05-26,Madera,039,155013,199,83,1,84,2
2020-05-26,Marin,041,260295,460,424,2,426,14
2020-05-26,Mariposa,043,17540,16,16,0,16,1
2020-05-26,Mendocino,045,87422,26,20,0,20,0
2020-05-26,Merced,047,269075,363,266,0,266,7
2020-05-26,Modoc,049,8938,0,1,0,1,0
2020-05-26,Mono,051,14174,37,34,0,34,1
2020-05-26,Monterey,053,433212,567,424,0,424,8
2020-05-26,Napa,055,140530,127,109,0,109,3
2020-05-26,Nevada,057,99092,43,41,1,42,1
2020-05-26,Orange,059,3164182,8294,5651,51,5702,115
2020-05-26,Placer,061,380077,229,188,0,188,9
2020-05-26,Plumas,063,18699,4,4,0,4,0
2020-05-26,Riverside,065,2383286,8198,6917,9,6926,284
2020-05-26,Sacramento,067,1510023,1423,1298,2,1300,50
2020-05-26,San Benito,069,59416,86,69,0,69,2
2020-05-26,San Bernardino,071,2135413,5712,4430,5,4435,175
2020-05-26,San Diego,073,3302833,7967,6884,0,6884,249
2020-05-26,San Francisco,075,870044,2567,2363,0,2363,40
2020-05-26,San Joaquin,077,732212,990,760,4,764,33
2020-05-26,San Luis Obispo,079,281455,317,260,2,262,1
2020-05-26,San Mateo,081,765935,2268,1967,2,1969,71
2020-05-26,Santa Barbara,083,443738,1977,1590,4,1594,9
2020-05-26,Santa Clara,085,1922200,3133,2659,4,2663,139
2020-05-26,Santa Cruz,087,273765,221,197,0,197,2
2020-05-26,Shasta,089,179085,52,36,0,36,4
2020-05-26,Sierra,091,2930,1,1,0,1,0
2020-05-26,Siskiyou,093,43540,7,6,0,6,0
2020-05-26,Solano,095,438530,563,470,1,471,5
2020-05-26,Sonoma,097,501317,576,509,0,509,4
2020-05-26,Stanislaus,099,539301,778,663,5,668,27
2020-05-26,Sutter,101,95872,42,39,0,39,2
2020-05-26,Tehama,103,63373,8,2,1,3,1
2020-05-26,Trinity,105,12862,4,1,1,2,0
2020-05-26,Tulare,107,460477,2305,1768,4,1772,76
2020-05-26,Tuolumne,109,53932,5,2,1,3,0
2020-05-26,Ventura,111,848112,1426,1033,3,1036,27
2020-05-26,Yolo,113,214977,216,198,0,198,22
2020-05-26,Yuba,115,75493,27,24,0,24,1
2020-05-25,Alameda,001,1643700,3434,2900,2,2902,92
2020-05-25,Alpine,003,1148,2,1,0,1,0
2020-05-25,Amador,005,37829,10,10,0,10,0
2020-05-25,Butte,007,227075,63,37,1,38,0
2020-05-25,Calaveras,009,45235,15,13,0,13,0
2020-05-25,Colusa,011,21464,7,4,0,4,0
2020-05-25,Contra Costa,013,1133247,1532,1348,0,1348,37
2020-05-25,Del Norte,015,27424,44,20,0,20,0
2020-05-25,El Dorado,017,186661,98,78,0,78,0
2020-05-25,Fresno,019,978130,2832,1496,35,1531,22
2020-05-25,Glenn,021,27897,16,12,0,12,0
2020-05-25,Humboldt,023,135768,107,81,0,81,2
2020-05-25,Imperial,025,180216,2801,1369,4,1373,14
2020-05-25,Inyo,027,18085,19,20,0,20,1
2020-05-25,Kern,029,883053,2497,1890,6,1896,31
2020-05-25,Kings,031,150075,760,447,2,449,2
2020-05-25,Lake,033,64148,25,13,0,13,0
2020-05-25,Lassen,035,31185,6,0,2,2,0
2020-05-25,Los Angeles,037,10098052,54636,45952,20,45972,2094
2020-05-25,Madera,039,155013,187,83,1,84,2
2020-05-25,Marin,041,260295,442,415,2,417,14
2020-05-25,Mariposa,043,17540,16,15,0,15,1
2020-05-25,Mendocino,045,87422,23,19,0,19,0
2020-05-25,Merced,047,269075,356,262,0,262,6
2020-05-25,Modoc,049,8938,0,1,0,1,0
2020-05-25,Mono,051,14174,37,34,0,34,1
2020-05-25,Monterey,053,433212,537,418,0,418,8
2020-05-25,Napa,055,140530,127,107,0,107,3
2020-05-25,Nevada,057,99092,43,41,1,42,1
2020-05-25,Orange,059,3164182,8072,5601,50,5651,115
2020-05-25,Placer,061,380077,226,186,0,186,9
2020-05-25,Plumas,063,18699,4,4,0,4,0
2020-05-25,Riverside,065,2383286,7967,6900,9,6909,284
2020-05-25,Sacramento,067,1510023,1403,1290,1,1291,50
2020-05-25,San Benito,069,59416,85,70,0,70,2
2020-05-25,San Bernardino,071,2135413,5522,4393,4,4397,175
2020-05-25,San Diego,073,3302833,7791,6799,0,6799,249
2020-05-25,San Francisco,075,870044,2530,2358,0,2358,40
2020-05-25,San Joaquin,077,732212,964,760,4,764,33
2020-05-25,San Luis Obispo,079,281455,315,260,2,262,1
2020-05-25,San Mateo,081,765935,2232,1938,2,1940,71
2020-05-25,Santa Barbara,083,443738,1959,1590,4,1594,9
2020-05-25,Santa Clara,085,1922200,3101,2647,4,2651,139
2020-05-25,Santa Cruz,087,273765,219,191,0,191,2
2020-05-25,Shasta,089,179085,51,36,0,36,4
2020-05-25,Sierra,091,2930,1,1,0,1,0
2020-05-25,Siskiyou,093,43540,7,6,0,6,0
2020-05-25,Solano,095,438530,549,437,1,438,5
2020-05-25,Sonoma,097,501317,564,496,0,496,4
2020-05-25,Stanislaus,099,539301,748,651,5,656,27
2020-05-25,Sutter,101,95872,42,38,0,38,2
2020-05-25,Tehama,103,63373,7,2,1,3,1
2020-05-25,Trinity,105,12862,4,1,1,2,0
2020-05-25,Tulare,107,460477,2242,1747,4,1751,76
2020-05-25,Tuolumne,109,53932,5,2,1,3,0
2020-05-25,Ventura,111,848112,1386,1020,3,1023,27
2020-05-25,Yolo,113,214977,214,197,0,197,22
2020-05-25,Yuba,115,75493,26,24,0,24,1
2020-05-24,Alameda,001,1643700,3361,2830,2,2832,92
2020-05-24,Alpine,003,1148,2,1,0,1,0
2020-05-24,Amador,005,37829,10,9,0,9,0
2020-05-24,Butte,007,227075,61,35,1,36,0
2020-05-24,Calaveras,009,45235,15,13,0,13,0
2020-05-24,Colusa,011,21464,7,4,0,4,0
2020-05-24,Contra Costa,013,1133247,1504,1325,0,1325,37
2020-05-24,Del Norte,015,27424,43,16,0,16,0
2020-05-24,El Dorado,017,186661,97,76,0,76,0
2020-05-24,Fresno,019,978130,2766,1455,33,1488,22
2020-05-24,Glenn,021,27897,15,12,0,12,0
2020-05-24,Humboldt,023,135768,107,81,0,81,2
2020-05-24,Imperial,025,180216,2675,1369,4,1373,14
2020-05-24,Inyo,027,18085,19,20,0,20,1
2020-05-24,Kern,029,883053,2424,1861,5,1866,31
2020-05-24,Kings,031,150075,749,446,2,448,2
2020-05-24,Lake,033,64148,24,12,0,12,0
2020-05-24,Lassen,035,31185,5,0,2,2,0
2020-05-24,Los Angeles,037,10098052,53622,44954,20,44974,2085
2020-05-24,Madera,039,155013,181,83,1,84,2
2020-05-24,Marin,041,260295,440,401,2,403,14
2020-05-24,Mariposa,043,17540,16,15,0,15,1
2020-05-24,Mendocino,045,87422,22,19,0,19,0
2020-05-24,Merced,047,269075,355,258,0,258,6
2020-05-24,Modoc,049,8938,0,0,0,0,0
2020-05-24,Mono,051,14174,37,34,0,34,1
2020-05-24,Monterey,053,433212,509,405,0,405,8
2020-05-24,Napa,055,140530,125,104,0,104,3
2020-05-24,Nevada,057,99092,43,41,1,42,1
2020-05-24,Orange,059,3164182,7917,5439,49,5488,113
2020-05-24,Placer,061,380077,218,184,0,184,9
2020-05-24,Plumas,063,18699,4,4,0,4,0
2020-05-24,Riverside,065,2383286,7826,6571,9,6580,284
2020-05-24,Sacramento,067,1510023,1387,1283,1,1284,50
2020-05-24,San Benito,069,59416,84,67,0,67,2
2020-05-24,San Bernardino,071,2135413,5414,4262,4,4266,175
2020-05-24,San Diego,073,3302833,7648,6703,0,6703,249
2020-05-24,San Francisco,075,870044,2506,2318,0,2318,40
2020-05-24,San Joaquin,077,732212,945,760,4,764,33
2020-05-24,San Luis Obispo,079,281455,313,257,2,259,1
2020-05-24,San Mateo,081,765935,2197,1925,2,1927,71
2020-05-24,Santa Barbara,083,443738,1943,1573,4,1577,9
2020-05-24,Santa Clara,085,1922200,3081,2623,4,2627,139
2020-05-24,Santa Cruz,087,273765,216,185,0,185,2
2020-05-24,Shasta,089,179085,50,36,0,36,4
2020-05-24,Sierra,091,2930,1,1,0,1,0
2020-05-24,Siskiyou,093,43540,6,6,0,6,0
2020-05-24,Solano,095,438530,541,436,0,436,5
2020-05-24,Sonoma,097,501317,553,485,0,485,4
2020-05-24,Stanislaus,099,539301,728,634,5,639,27
2020-05-24,Sutter,101,95872,42,38,0,38,2
2020-05-24,Tehama,103,63373,5,2,1,3,1
2020-05-24,Trinity,105,12862,4,1,1,2,0
2020-05-24,Tulare,107,460477,2196,1684,4,1688,74
2020-05-24,Tuolumne,109,53932,5,2,0,2,0
2020-05-24,Ventura,111,848112,1374,982,3,985,27
2020-05-24,Yolo,113,214977,212,192,0,192,22
2020-05-24,Yuba,115,75493,26,24,0,24,1
2020-05-23,Alameda,001,1643700,3320,2783,2,2785,91
2020-05-23,Alpine,003,1148,2,1,0,1,0
2020-05-23,Amador,005,37829,10,9,0,9,0
2020-05-23,Butte,007,227075,60,34,1,35,0
2020-05-23,Calaveras,009,45235,15,13,0,13,0
2020-05-23,Colusa,011,21464,7,4,0,4,0
2020-05-23,Contra Costa,013,1133247,1493,1302,0,1302,36
2020-05-23,Del Norte,015,27424,43,10,0,10,0
2020-05-23,El Dorado,017,186661,97,74,0,74,0
2020-05-23,Fresno,019,978130,2746,1447,33,1480,21
2020-05-23,Glenn,021,27897,15,12,0,12,0
2020-05-23,Humboldt,023,135768,105,80,0,80,2
2020-05-23,Imperial,025,180216,2587,1283,4,1287,14
2020-05-23,Inyo,027,18085,19,20,0,20,1
2020-05-23,Kern,029,883053,2381,1806,5,1811,31
2020-05-23,Kings,031,150075,745,444,2,446,2
2020-05-23,Lake,033,64148,23,10,0,10,0
2020-05-23,Lassen,035,31185,5,0,2,2,0
2020-05-23,Los Angeles,037,10098052,53081,44029,20,44049,2069
2020-05-23,Madera,039,155013,177,83,1,84,2
2020-05-23,Marin,041,260295,440,393,1,394,14
2020-05-23,Mariposa,043,17540,16,15,0,15,1
2020-05-23,Mendocino,045,87422,22,13,0,13,0
2020-05-23,Merced,047,269075,352,247,0,247,6
2020-05-23,Modoc,049,8938,0,0,0,0,0
2020-05-23,Mono,051,14174,36,34,0,34,1
2020-05-23,Monterey,053,433212,495,397,0,397,8
2020-05-23,Napa,055,140530,121,101,0,101,3
2020-05-23,Nevada,057,99092,43,41,1,42,1
2020-05-23,Orange,059,3164182,7759,5313,48,5361,113
2020-05-23,Placer,061,380077,212,184,0,184,9
2020-05-23,Plumas,063,18699,4,4,0,4,0
2020-05-23,Riverside,065,2383286,7735,6460,9,6469,284
2020-05-23,Sacramento,067,1510023,1371,1275,1,1276,50
2020-05-23,San Benito,069,59416,79,67,0,67,2
2020-05-23,San Bernardino,071,2135413,5321,4172,4,4176,175
2020-05-23,San Diego,073,3302833,7557,6561,0,6561,249
2020-05-23,San Francisco,075,870044,2487,2312,0,2312,40
2020-05-23,San Joaquin,077,732212,930,759,4,763,33
2020-05-23,San Luis Obispo,079,281455,310,256,2,258,1
2020-05-23,San Mateo,081,765935,2169,1862,2,1864,71
2020-05-23,Santa Barbara,083,443738,1932,1566,4,1570,9
2020-05-23,Santa Clara,085,1922200,3068,2593,4,2597,139
2020-05-23,Santa Cruz,087,273765,214,177,0,177,2
2020-05-23,Shasta,089,179085,50,35,0,35,4
2020-05-23,Sierra,091,2930,1,1,0,1,0
2020-05-23,Siskiyou,093,43540,6,6,0,6,0
2020-05-23,Solano,095,438530,536,435,0,435,5
2020-05-23,Sonoma,097,501317,539,462,0,462,4
2020-05-23,Stanislaus,099,539301,720,625,5,630,27
2020-05-23,Sutter,101,95872,41,38,0,38,2
2020-05-23,Tehama,103,63373,5,2,1,3,1
2020-05-23,Trinity,105,12862,4,1,1,2,0
2020-05-23,Tulare,107,460477,2175,1682,4,1686,73
2020-05-23,Tuolumne,109,53932,5,2,0,2,0
2020-05-23,Ventura,111,848112,1354,961,3,964,27
2020-05-23,Yolo,113,214977,211,188,0,188,22
2020-05-23,Yuba,115,75493,26,24,0,24,1
2020-05-22,Alameda,001,1643700,3266,2722,2,2724,91
2020-05-22,Alpine,003,1148,2,1,0,1,0
2020-05-22,Amador,005,37829,10,9,0,9,0
2020-05-22,Butte,007,227075,58,34,1,35,0
2020-05-22,Calaveras,009,45235,15,13,0,13,0
2020-05-22,Colusa,011,21464,7,4,0,4,0
2020-05-22,Contra Costa,013,1133247,1481,1272,0,1272,36
2020-05-22,Del Norte,015,27424,41,9,0,9,0
2020-05-22,El Dorado,017,186661,94,74,0,74,0
2020-05-22,Fresno,019,978130,2687,1399,32,1431,20
2020-05-22,Glenn,021,27897,15,12,0,12,0
2020-05-22,Humboldt,023,135768,105,80,0,80,2
2020-05-22,Imperial,025,180216,2487,1214,4,1218,14
2020-05-22,Inyo,027,18085,19,20,0,20,1
2020-05-22,Kern,029,883053,2333,1749,5,1754,28
2020-05-22,Kings,031,150075,742,428,2,430,2
2020-05-22,Lake,033,64148,22,10,0,10,0
2020-05-22,Lassen,035,31185,3,0,2,2,0
2020-05-22,Los Angeles,037,10098052,52289,43025,20,43045,2027
2020-05-22,Madera,039,155013,173,82,1,83,2
2020-05-22,Marin,041,260295,436,372,1,373,14
2020-05-22,Mariposa,043,17540,16,15,0,15,1
2020-05-22,Mendocino,045,87422,21,13,0,13,0
2020-05-22,Merced,047,269075,352,233,0,233,6
2020-05-22,Modoc,049,8938,0,0,0,0,0
2020-05-22,Mono,051,14174,36,34,0,34,1
2020-05-22,Monterey,053,433212,484,372,0,372,8
2020-05-22,Napa,055,140530,119,97,0,97,3
2020-05-22,Nevada,057,99092,42,41,1,42,1
2020-05-22,Orange,059,3164182,7565,5144,46,5190,113
2020-05-22,Placer,061,380077,212,181,0,181,9
2020-05-22,Plumas,063,18699,4,4,0,4,0
2020-05-22,Riverside,065,2383286,7620,6351,9,6360,283
2020-05-22,Sacramento,067,1510023,1355,1262,1,1263,50
2020-05-22,San Benito,069,59416,78,64,0,64,2
2020-05-22,San Bernardino,071,2135413,5246,4107,4,4111,173
2020-05-22,San Diego,073,3302833,7471,6436,0,6436,242
2020-05-22,San Francisco,075,870044,2469,2251,0,2251,40
2020-05-22,San Joaquin,077,732212,917,747,4,751,33
2020-05-22,San Luis Obispo,079,281455,310,254,2,256,1
2020-05-22,San Mateo,081,765935,2150,1847,2,1849,71
2020-05-22,Santa Barbara,083,443738,1916,1554,4,1558,9
2020-05-22,Santa Clara,085,1922200,3049,2537,4,2541,139
2020-05-22,Santa Cruz,087,273765,211,171,0,171,2
2020-05-22,Shasta,089,179085,50,34,0,34,4
2020-05-22,Sierra,091,2930,1,0,0,0,0
2020-05-22,Siskiyou,093,43540,6,6,0,6,0
2020-05-22,Solano,095,438530,533,431,0,431,4
2020-05-22,Sonoma,097,501317,535,444,0,444,4
2020-05-22,Stanislaus,099,539301,710,616,5,621,27
2020-05-22,Sutter,101,95872,41,38,0,38,2
2020-05-22,Tehama,103,63373,5,2,0,2,1
2020-05-22,Trinity,105,12862,4,1,1,2,0
2020-05-22,Tulare,107,460477,2145,1662,4,1666,73
2020-05-22,Tuolumne,109,53932,5,2,0,2,0
2020-05-22,Ventura,111,848112,1336,937,3,940,27
2020-05-22,Yolo,113,214977,209,187,0,187,22
2020-05-22,Yuba,115,75493,26,24,0,24,1
2020-05-21,Alameda,001,1643700,3201,2606,2,2608,89
2020-05-21,Alpine,003,1148,2,1,0,1,0
2020-05-21,Amador,005,37829,10,9,0,9,0
2020-05-21,Butte,007,227075,57,31,1,32,0
2020-05-21,Calaveras,009,45235,14,13,0,13,0
2020-05-21,Colusa,011,21464,7,4,0,4,0
2020-05-21,Contra Costa,013,1133247,1445,1243,0,1243,36
2020-05-21,Del Norte,015,27424,38,9,0,9,0
2020-05-21,El Dorado,017,186661,92,67,0,67,0
2020-05-21,Fresno,019,978130,2597,1362,32,1394,20
2020-05-21,Glenn,021,27897,14,12,0,12,0
2020-05-21,Humboldt,023,135768,104,79,0,79,0
2020-05-21,Imperial,025,180216,2327,1096,4,1100,14
2020-05-21,Inyo,027,18085,19,20,0,20,1
2020-05-21,Kern,029,883053,2257,1684,4,1688,27
2020-05-21,Kings,031,150075,721,417,2,419,2
2020-05-21,Lake,033,64148,17,10,0,10,0
2020-05-21,Lassen,035,31185,3,0,2,2,0
2020-05-21,Los Angeles,037,10098052,51255,42063,20,42083,1996
2020-05-21,Madera,039,155013,170,82,1,83,2
2020-05-21,Marin,041,260295,425,359,1,360,14
2020-05-21,Mariposa,043,17540,16,15,0,15,1
2020-05-21,Mendocino,045,87422,21,12,0,12,0
2020-05-21,Merced,047,269075,341,226,0,226,6
2020-05-21,Modoc,049,8938,0,0,0,0,0
2020-05-21,Mono,051,14174,36,33,0,33,1
2020-05-21,Monterey,053,433212,473,363,0,363,8
2020-05-21,Napa,055,140530,117,96,0,96,3
2020-05-21,Nevada,057,99092,42,41,1,42,1
2020-05-21,Orange,059,3164182,7363,4975,46,5021,106
2020-05-21,Placer,061,380077,205,176,0,176,8
2020-05-21,Plumas,063,18699,4,4,0,4,0
2020-05-21,Riverside,065,2383286,7433,6245,9,6254,279
2020-05-21,Sacramento,067,1510023,1342,1258,1,1259,56
2020-05-21,San Benito,069,59416,75,61,0,61,2
2020-05-21,San Bernardino,071,2135413,5099,3950,4,3954,167
2020-05-21,San Diego,073,3302833,7335,6317,0,6317,241
2020-05-21,San Francisco,075,870044,2445,2248,0,2248,37
2020-05-21,San Joaquin,077,732212,881,730,4,734,33
2020-05-21,San Luis Obispo,079,281455,310,251,1,252,1
2020-05-21,San Mateo,081,765935,2113,1791,2,1793,74
2020-05-21,Santa Barbara,083,443738,1896,1541,4,1545,10
2020-05-21,Santa Clara,085,1922200,3028,2520,4,2524,138
2020-05-21,Santa Cruz,087,273765,203,164,0,164,3
2020-05-21,Shasta,089,179085,48,34,0,34,4
2020-05-21,Sierra,091,2930,1,0,0,0,0
2020-05-21,Siskiyou,093,43540,6,6,0,6,0
2020-05-21,Solano,095,438530,524,424,0,424,4
2020-05-21,Sonoma,097,501317,517,427,0,427,4
2020-05-21,Stanislaus,099,539301,699,602,5,607,27
2020-05-21,Sutter,101,95872,40,38,0,38,2
2020-05-21,Tehama,103,63373,4,2,0,2,1
2020-05-21,Trinity,105,12862,3,1,1,2,0
2020-05-21,Tulare,107,460477,2095,1606,4,1610,73
2020-05-21,Tuolumne,109,53932,3,2,0,2,0
2020-05-21,Ventura,111,848112,1289,907,3,910,30
2020-05-21,Yolo,113,214977,206,185,0,185,22
2020-05-21,Yuba,115,75493,26,24,0,24,1
2020-05-20,Alameda,001,1643700,3127,2554,2,2556,89
2020-05-20,Alpine,003,1148,2,1,0,1,0
2020-05-20,Amador,005,37829,10,9,0,9,0
2020-05-20,Butte,007,227075,54,30,1,31,0
2020-05-20,Calaveras,009,45235,14,13,0,13,0
2020-05-20,Colusa,011,21464,7,3,0,3,0
2020-05-20,Contra Costa,013,1133247,1415,1223,0,1223,33
2020-05-20,Del Norte,015,27424,31,9,0,9,0
2020-05-20,El Dorado,017,186661,91,67,0,67,0
2020-05-20,Fresno,019,978130,2525,1329,31,1360,17
2020-05-20,Glenn,021,27897,13,12,0,12,0
2020-05-20,Humboldt,023,135768,101,73,0,73,0
2020-05-20,Imperial,025,180216,2216,1047,4,1051,14
2020-05-20,Inyo,027,18085,19,20,0,20,1
2020-05-20,Kern,029,883053,2194,1639,3,1642,27
2020-05-20,Kings,031,150075,578,403,2,405,2
2020-05-20,Lake,033,64148,17,9,0,9,0
2020-05-20,Lassen,035,31185,2,0,2,2,0
2020-05-20,Los Angeles,037,10098052,50259,40932,20,40952,1955
2020-05-20,Madera,039,155013,168,82,1,83,2
2020-05-20,Marin,041,260295,398,348,1,349,14
2020-05-20,Mariposa,043,17540,16,15,0,15,1
2020-05-20,Mendocino,045,87422,21,12,0,12,0
2020-05-20,Merced,047,269075,334,225,0,225,6
2020-05-20,Modoc,049,8938,0,0,0,0,0
2020-05-20,Mono,051,14174,36,33,0,33,1
2020-05-20,Monterey,053,433212,459,356,0,356,8
2020-05-20,Napa,055,140530,110,93,0,93,3
2020-05-20,Nevada,057,99092,42,41,1,42,1
2020-05-20,Orange,059,3164182,7155,4866,44,4910,96
2020-05-20,Placer,061,380077,203,176,0,176,8
2020-05-20,Plumas,063,18699,4,4,0,4,0
2020-05-20,Riverside,065,2383286,7290,6090,9,6099,265
2020-05-20,Sacramento,067,1510023,1332,1244,1,1245,56
2020-05-20,San Benito,069,59416,74,61,0,61,2
2020-05-20,San Bernardino,071,2135413,4972,3771,4,3775,161
2020-05-20,San Diego,073,3302833,7218,6142,0,6142,230
2020-05-20,San Francisco,075,870044,2422,2199,0,2199,37
2020-05-20,San Joaquin,077,732212,845,713,4,717,33
2020-05-20,San Luis Obispo,079,281455,304,249,1,250,1
2020-05-20,San Mateo,081,765935,2060,1739,2,1741,74
2020-05-20,Santa Barbara,083,443738,1874,1524,4,1528,10
2020-05-20,Santa Clara,085,1922200,3008,2508,4,2512,138
2020-05-20,Santa Cruz,087,273765,200,163,0,163,3
2020-05-20,Shasta,089,179085,48,34,0,34,4
2020-05-20,Sierra,091,2930,1,0,0,0,0
2020-05-20,Siskiyou,093,43540,6,6,0,6,0
2020-05-20,Solano,095,438530,519,418,0,418,4
2020-05-20,Sonoma,097,501317,508,411,0,411,4
2020-05-20,Stanislaus,099,539301,683,584,4,588,25
2020-05-20,Sutter,101,95872,40,38,0,38,2
2020-05-20,Tehama,103,63373,4,2,0,2,1
2020-05-20,Trinity,105,12862,3,1,1,2,0
2020-05-20,Tulare,107,460477,2057,1585,4,1589,71
2020-05-20,Tuolumne,109,53932,3,2,0,2,0
2020-05-20,Ventura,111,848112,1256,879,3,882,29
2020-05-20,Yolo,113,214977,203,184,0,184,22
2020-05-20,Yuba,115,75493,26,23,0,23,1
2020-05-19,Alameda,001,1643700,3050,2493,0,2493,88
2020-05-19,Alpine,003,1148,2,1,0,1,0
2020-05-19,Amador,005,37829,10,9,0,9,0
2020-05-19,Butte,007,227075,52,25,1,26,0
2020-05-19,Calaveras,009,45235,14,13,0,13,0
2020-05-19,Colusa,011,21464,5,3,0,3,0
2020-05-19,Contra Costa,013,1133247,1392,1205,0,1205,33
2020-05-19,Del Norte,015,27424,28,8,0,8,0
2020-05-19,El Dorado,017,186661,88,67,0,67,0
2020-05-19,Fresno,019,978130,2416,1288,31,1319,15
2020-05-19,Glenn,021,27897,13,12,0,12,0
2020-05-19,Humboldt,023,135768,101,72,0,72,0
2020-05-19,Imperial,025,180216,2056,1012,4,1016,14
2020-05-19,Inyo,027,18085,19,20,0,20,1
2020-05-19,Kern,029,883053,2096,1601,3,1604,26
2020-05-19,Kings,031,150075,567,393,2,395,2
2020-05-19,Lake,033,64148,14,11,0,11,0
2020-05-19,Lassen,035,31185,2,0,2,2,0
2020-05-19,Los Angeles,037,10098052,49052,39670,20,39690,1906
2020-05-19,Madera,039,155013,165,80,1,81,2
2020-05-19,Marin,041,260295,374,340,1,341,14
2020-05-19,Mariposa,043,17540,16,15,0,15,1
2020-05-19,Mendocino,045,87422,21,12,0,12,0
2020-05-19,Merced,047,269075,326,222,0,222,5
2020-05-19,Modoc,049,8938,0,0,0,0,0
2020-05-19,Mono,051,14174,36,33,0,33,1
2020-05-19,Monterey,053,433212,447,350,0,350,8
2020-05-19,Napa,055,140530,109,93,0,93,3
2020-05-19,Nevada,057,99092,42,41,1,42,1
2020-05-19,Orange,059,3164182,6959,4746,42,4788,90
2020-05-19,Placer,061,380077,201,177,0,177,8
2020-05-19,Plumas,063,18699,4,5,0,5,0
2020-05-19,Riverside,065,2383286,7131,5963,9,5972,265
2020-05-19,Sacramento,067,1510023,1318,1239,1,1240,57
2020-05-19,San Benito,069,59416,72,59,0,59,2
2020-05-19,San Bernardino,071,2135413,4822,3656,4,3660,158
2020-05-19,San Diego,073,3302833,7074,6028,0,6028,222
2020-05-19,San Francisco,075,870044,2388,2186,0,2186,37
2020-05-19,San Joaquin,077,732212,823,705,4,709,33
2020-05-19,San Luis Obispo,079,281455,304,245,1,246,1
2020-05-19,San Mateo,081,765935,2019,1704,2,1706,71
2020-05-19,Santa Barbara,083,443738,1856,1521,4,1525,10
2020-05-19,Santa Clara,085,1922200,2960,2480,4,2484,138
2020-05-19,Santa Cruz,087,273765,189,161,0,161,3
2020-05-19,Shasta,089,179085,48,34,0,34,4
2020-05-19,Sierra,091,2930,0,0,0,0,0
2020-05-19,Siskiyou,093,43540,6,6,0,6,0
2020-05-19,Solano,095,438530,505,415,0,415,4
2020-05-19,Sonoma,097,501317,497,389,0,389,4
2020-05-19,Stanislaus,099,539301,669,582,4,586,25
2020-05-19,Sutter,101,95872,40,38,0,38,2
2020-05-19,Tehama,103,63373,4,2,0,2,1
2020-05-19,Trinity,105,12862,2,1,0,1,0
2020-05-19,Tulare,107,460477,2010,1551,4,1555,68
2020-05-19,Tuolumne,109,53932,3,2,0,2,0
2020-05-19,Ventura,111,848112,1217,861,2,863,28
2020-05-19,Yolo,113,214977,201,183,0,183,22
2020-05-19,Yuba,115,75493,26,23,0,23,1
2020-05-18,Alameda,001,1643700,2978,2442,0,2442,84
2020-05-18,Alpine,003,1148,1,1,0,1,0
2020-05-18,Amador,005,37829,10,8,0,8,0
2020-05-18,Butte,007,227075,50,24,1,25,0
2020-05-18,Calaveras,009,45235,14,13,0,13,0
2020-05-18,Colusa,011,21464,5,3,0,3,0
2020-05-18,Contra Costa,013,1133247,1361,1173,0,1173,33
2020-05-18,Del Norte,015,27424,23,8,0,8,0
2020-05-18,El Dorado,017,186661,86,67,0,67,0
2020-05-18,Fresno,019,978130,2339,1244,30,1274,14
2020-05-18,Glenn,021,27897,13,11,0,11,0
2020-05-18,Humboldt,023,135768,101,70,0,70,0
2020-05-18,Imperial,025,180216,1901,767,4,771,14
2020-05-18,Inyo,027,18085,19,20,0,20,1
2020-05-18,Kern,029,883053,2047,1566,3,1569,26
2020-05-18,Kings,031,150075,536,381,2,383,2
2020-05-18,Lake,033,64148,13,9,0,9,0
2020-05-18,Lassen,035,31185,2,0,2,2,0
2020-05-18,Los Angeles,037,10098052,48031,38477,20,38497,1825
2020-05-18,Madera,039,155013,159,74,1,75,2
2020-05-18,Marin,041,260295,361,329,1,330,14
2020-05-18,Mariposa,043,17540,16,15,0,15,1
2020-05-18,Mendocino,045,87422,16,12,0,12,0
2020-05-18,Merced,047,269075,316,217,0,217,5
2020-05-18,Modoc,049,8938,0,0,0,0,0
2020-05-18,Mono,051,14174,36,33,0,33,1
2020-05-18,Monterey,053,433212,436,345,0,345,8
2020-05-18,Napa,055,140530,105,92,0,92,3
2020-05-18,Nevada,057,99092,42,41,1,42,1
2020-05-18,Orange,059,3164182,6768,4558,39,4597,88
2020-05-18,Placer,061,380077,199,176,0,176,8
2020-05-18,Plumas,063,18699,4,5,0,5,0
2020-05-18,Riverside,065,2383286,6931,5873,9,5882,253
2020-05-18,Sacramento,067,1510023,1312,1233,0,1233,57
2020-05-18,San Benito,069,59416,70,59,0,59,2
2020-05-18,San Bernardino,071,2135413,4675,3558,4,3562,156
2020-05-18,San Diego,073,3302833,6941,5948,0,5948,211
2020-05-18,San Francisco,075,870044,2365,2183,0,2183,36
2020-05-18,San Joaquin,077,732212,811,697,4,701,33
2020-05-18,San Luis Obispo,079,281455,300,243,1,244,1
2020-05-18,San Mateo,081,765935,1981,1701,2,1703,68
2020-05-18,Santa Barbara,083,443738,1838,1501,4,1505,10
2020-05-18,Santa Clara,085,1922200,2929,2468,4,2472,137
2020-05-18,Santa Cruz,087,273765,187,160,0,160,3
2020-05-18,Shasta,089,179085,47,34,0,34,4
2020-05-18,Sierra,091,2930,0,0,0,0,0
2020-05-18,Siskiyou,093,43540,6,6,0,6,0
2020-05-18,Solano,095,438530,495,398,0,398,4
2020-05-18,Sonoma,097,501317,479,387,0,387,4
2020-05-18,Stanislaus,099,539301,657,572,4,576,25
2020-05-18,Sutter,101,95872,40,38,0,38,2
2020-05-18,Tehama,103,63373,4,2,0,2,1
2020-05-18,Trinity,105,12862,2,1,0,1,0
2020-05-18,Tulare,107,460477,1965,1491,4,1495,63
2020-05-18,Tuolumne,109,53932,3,2,0,2,0
2020-05-18,Ventura,111,848112,1195,850,1,851,27
2020-05-18,Yolo,113,214977,196,183,0,183,22
2020-05-18,Yuba,115,75493,26,23,0,23,1
2020-05-17,Alameda,001,1643700,2883,2389,0,2389,83
2020-05-17,Alpine,003,1148,1,1,0,1,0
2020-05-17,Amador,005,37829,10,8,0,8,0
2020-05-17,Butte,007,227075,49,23,1,24,0
2020-05-17,Calaveras,009,45235,14,13,0,13,0
2020-05-17,Colusa,011,21464,3,3,0,3,0
2020-05-17,Contra Costa,013,1133247,1322,1155,0,1155,33
2020-05-17,Del Norte,015,27424,23,7,0,7,0
2020-05-17,El Dorado,017,186661,86,65,0,65,0
2020-05-17,Fresno,019,978130,2238,1213,27,1240,14
2020-05-17,Glenn,021,27897,13,9,0,9,0
2020-05-17,Humboldt,023,135768,94,70,0,70,0
2020-05-17,Imperial,025,180216,1752,715,4,719,14
2020-05-17,Inyo,027,18085,19,20,0,20,1
2020-05-17,Kern,029,883053,1969,1546,3,1549,26
2020-05-17,Kings,031,150075,489,356,2,358,2
2020-05-17,Lake,033,64148,13,7,0,7,0
2020-05-17,Lassen,035,31185,2,0,2,2,0
2020-05-17,Los Angeles,037,10098052,46792,37996,20,38016,1807
2020-05-17,Madera,039,155013,157,69,1,70,2
2020-05-17,Marin,041,260295,350,315,1,316,14
2020-05-17,Mariposa,043,17540,15,15,0,15,1
2020-05-17,Mendocino,045,87422,15,10,0,10,0
2020-05-17,Merced,047,269075,305,214,0,214,5
2020-05-17,Modoc,049,8938,0,0,0,0,0
2020-05-17,Mono,051,14174,36,32,0,32,1
2020-05-17,Monterey,053,433212,416,342,0,342,8
2020-05-17,Napa,055,140530,102,89,0,89,3
2020-05-17,Nevada,057,99092,42,41,1,42,1
2020-05-17,Orange,059,3164182,6588,4466,38,4504,88
2020-05-17,Placer,061,380077,194,175,0,175,8
2020-05-17,Plumas,063,18699,4,4,0,4,0
2020-05-17,Riverside,065,2383286,6758,5776,9,5785,245
2020-05-17,Sacramento,067,1510023,1301,1224,0,1224,56
2020-05-17,San Benito,069,59416,69,59,0,59,2
2020-05-17,San Bernardino,071,2135413,4525,3467,4,3471,155
2020-05-17,San Diego,073,3302833,6809,5838,0,5838,209
2020-05-17,San Francisco,075,870044,2338,2132,0,2132,36
2020-05-17,San Joaquin,077,732212,781,688,4,692,32
2020-05-17,San Luis Obispo,079,281455,298,242,1,243,1
2020-05-17,San Mateo,081,765935,1944,1680,2,1682,68
2020-05-17,Santa Barbara,083,443738,1810,1457,4,1461,10
2020-05-17,Santa Clara,085,1922200,2891,2453,4,2457,135
2020-05-17,Santa Cruz,087,273765,176,155,0,155,3
2020-05-17,Shasta,089,179085,46,34,0,34,4
2020-05-17,Sierra,091,2930,0,0,0,0,0
2020-05-17,Siskiyou,093,43540,6,6,0,6,0
2020-05-17,Solano,095,438530,483,392,0,392,4
2020-05-17,Sonoma,097,501317,458,376,0,376,4
2020-05-17,Stanislaus,099,539301,646,566,4,570,25
2020-05-17,Sutter,101,95872,39,38,0,38,2
2020-05-17,Tehama,103,63373,3,2,0,2,1
2020-05-17,Trinity,105,12862,1,1,0,1,0
2020-05-17,Tulare,107,460477,1898,1430,3,1433,63
2020-05-17,Tuolumne,109,53932,3,2,0,2,0
2020-05-17,Ventura,111,848112,1151,838,1,839,27
2020-05-17,Yolo,113,214977,194,182,0,182,22
2020-05-17,Yuba,115,75493,26,21,0,21,1
2020-05-16,Alameda,001,1643700,2833,2327,0,2327,83
2020-05-16,Alpine,003,1148,1,1,0,1,0
2020-05-16,Amador,005,37829,10,8,0,8,0
2020-05-16,Butte,007,227075,44,22,1,23,0
2020-05-16,Calaveras,009,45235,14,13,0,13,0
2020-05-16,Colusa,011,21464,3,3,0,3,0
2020-05-16,Contra Costa,013,1133247,1304,1136,0,1136,33
2020-05-16,Del Norte,015,27424,19,4,0,4,0
2020-05-16,El Dorado,017,186661,86,65,0,65,0
2020-05-16,Fresno,019,978130,2183,1177,27,1204,14
2020-05-16,Glenn,021,27897,13,9,0,9,0
2020-05-16,Humboldt,023,135768,92,69,0,69,0
2020-05-16,Imperial,025,180216,1688,712,4,716,14
2020-05-16,Inyo,027,18085,19,20,0,20,1
2020-05-16,Kern,029,883053,1933,1509,3,1512,26
2020-05-16,Kings,031,150075,480,356,2,358,2
2020-05-16,Lake,033,64148,13,7,0,7,0
2020-05-16,Lassen,035,31185,1,0,2,2,0
2020-05-16,Los Angeles,037,10098052,46215,37352,20,37372,1778
2020-05-16,Madera,039,155013,155,70,1,71,2
2020-05-16,Marin,041,260295,346,297,1,298,14
2020-05-16,Mariposa,043,17540,15,15,0,15,1
2020-05-16,Mendocino,045,87422,15,10,0,10,0
2020-05-16,Merced,047,269075,303,201,0,201,5
2020-05-16,Modoc,049,8938,0,0,0,0,0
2020-05-16,Mono,051,14174,36,32,0,32,1
2020-05-16,Monterey,053,433212,401,329,0,329,8
2020-05-16,Napa,055,140530,102,86,0,86,3
2020-05-16,Nevada,057,99092,42,41,1,42,1
2020-05-16,Orange,059,3164182,6512,4396,38,4434,87
2020-05-16,Placer,061,380077,192,174,0,174,8
2020-05-16,Plumas,063,18699,4,4,0,4,0
2020-05-16,Riverside,065,2383286,6672,5633,9,5642,243
2020-05-16,Sacramento,067,1510023,1294,1209,0,1209,55
2020-05-16,San Benito,069,59416,64,58,0,58,2
2020-05-16,San Bernardino,071,2135413,4453,3362,4,3366,155
2020-05-16,San Diego,073,3302833,6723,5664,0,5664,209
2020-05-16,San Francisco,075,870044,2315,2094,0,2094,36
2020-05-16,San Joaquin,077,732212,773,668,4,672,32
2020-05-16,San Luis Obispo,079,281455,297,240,1,241,1
2020-05-16,San Mateo,081,765935,1929,1652,2,1654,68
2020-05-16,Santa Barbara,083,443738,1798,1422,3,1425,10
2020-05-16,Santa Clara,085,1922200,2876,2420,3,2423,135
2020-05-16,Santa Cruz,087,273765,173,154,0,154,3
2020-05-16,Shasta,089,179085,46,33,0,33,4
2020-05-16,Sierra,091,2930,0,0,0,0,0
2020-05-16,Siskiyou,093,43540,6,6,0,6,0
2020-05-16,Solano,095,438530,478,392,0,392,4
2020-05-16,Sonoma,097,501317,445,356,0,356,4
2020-05-16,Stanislaus,099,539301,637,546,4,550,24
2020-05-16,Sutter,101,95872,39,35,0,35,2
2020-05-16,Tehama,103,63373,3,2,0,2,1
2020-05-16,Trinity,105,12862,1,1,0,1,0
2020-05-16,Tulare,107,460477,1880,1426,3,1429,63
2020-05-16,Tuolumne,109,53932,3,2,0,2,0
2020-05-16,Ventura,111,848112,1126,813,1,814,25
2020-05-16,Yolo,113,214977,193,181,0,181,22
2020-05-16,Yuba,115,75493,26,21,0,21,1
2020-05-15,Alameda,001,1643700,2799,2289,0,2289,83
2020-05-15,Alpine,003,1148,1,1,0,1,0
2020-05-15,Amador,005,37829,10,8,0,8,0
2020-05-15,Butte,007,227075,42,22,1,23,0
2020-05-15,Calaveras,009,45235,14,13,0,13,0
2020-05-15,Colusa,011,21464,3,3,0,3,0
2020-05-15,Contra Costa,013,1133247,1286,1106,0,1106,33
2020-05-15,Del Norte,015,27424,14,4,0,4,0
2020-05-15,El Dorado,017,186661,86,64,0,64,0
2020-05-15,Fresno,019,978130,2117,1126,27,1153,14
2020-05-15,Glenn,021,27897,13,9,0,9,0
2020-05-15,Humboldt,023,135768,91,60,0,60,0
2020-05-15,Imperial,025,180216,1605,680,0,680,14
2020-05-15,Inyo,027,18085,19,20,0,20,1
2020-05-15,Kern,029,883053,1877,1472,3,1475,25
2020-05-15,Kings,031,150075,477,347,2,349,2
2020-05-15,Lake,033,64148,13,7,0,7,0
2020-05-15,Lassen,035,31185,1,0,2,2,0
2020-05-15,Los Angeles,037,10098052,45429,36317,20,36337,1734
2020-05-15,Madera,039,155013,154,71,1,72,2
2020-05-15,Marin,041,260295,338,295,1,296,14
2020-05-15,Mariposa,043,17540,15,15,0,15,1
2020-05-15,Mendocino,045,87422,15,10,0,10,0
2020-05-15,Merced,047,269075,300,191,0,191,5
2020-05-15,Modoc,049,8938,0,0,0,0,0
2020-05-15,Mono,051,14174,36,31,0,31,1
2020-05-15,Monterey,053,433212,395,321,0,321,8
2020-05-15,Napa,055,140530,102,83,0,83,3
2020-05-15,Nevada,057,99092,42,41,1,42,1
2020-05-15,Orange,059,3164182,6341,4281,38,4319,87
2020-05-15,Placer,061,380077,190,174,0,174,8
2020-05-15,Plumas,063,18699,4,4,0,4,0
2020-05-15,Riverside,065,2383286,6558,5496,9,5505,233
2020-05-15,Sacramento,067,1510023,1284,1203,0,1203,55
2020-05-15,San Benito,069,59416,61,57,0,57,2
2020-05-15,San Bernardino,071,2135413,4375,3225,4,3229,153
2020-05-15,San Diego,073,3302833,6616,5525,0,5525,208
2020-05-15,San Francisco,075,870044,2299,2062,0,2062,36
2020-05-15,San Joaquin,077,732212,767,656,4,660,32
2020-05-15,San Luis Obispo,079,281455,296,237,1,238,1
2020-05-15,San Mateo,081,765935,1907,1612,2,1614,68
2020-05-15,Santa Barbara,083,443738,1783,1409,3,1412,10
2020-05-15,Santa Clara,085,1922200,2848,2395,3,2398,135
2020-05-15,Santa Cruz,087,273765,172,146,0,146,3
2020-05-15,Shasta,089,179085,45,33,0,33,4
2020-05-15,Sierra,091,2930,0,0,0,0,0
2020-05-15,Siskiyou,093,43540,5,5,0,5,0
2020-05-15,Solano,095,438530,474,388,0,388,4
2020-05-15,Sonoma,097,501317,437,349,0,349,4
2020-05-15,Stanislaus,099,539301,630,540,4,544,23
2020-05-15,Sutter,101,95872,38,35,0,35,2
2020-05-15,Tehama,103,63373,3,1,0,1,1
2020-05-15,Trinity,105,12862,1,1,0,1,0
2020-05-15,Tulare,107,460477,1852,1356,3,1359,61
2020-05-15,Tuolumne,109,53932,3,2,0,2,0
2020-05-15,Ventura,111,848112,1109,789,0,789,25
2020-05-15,Yolo,113,214977,192,182,0,182,22
2020-05-15,Yuba,115,75493,26,21,0,21,1
2020-05-14,Alameda,001,1643700,2706,2255,0,2255,80
2020-05-14,Alpine,003,1148,1,1,0,1,0
2020-05-14,Amador,005,37829,10,8,0,8,0
2020-05-14,Butte,007,227075,40,22,1,23,0
2020-05-14,Calaveras,009,45235,14,13,0,13,0
2020-05-14,Colusa,011,21464,3,3,0,3,0
2020-05-14,Contra Costa,013,1133247,1260,1090,0,1090,32
2020-05-14,Del Norte,015,27424,14,4,0,4,0
2020-05-14,El Dorado,017,186661,77,59,0,59,0
2020-05-14,Fresno,019,978130,2061,1038,24,1062,12
2020-05-14,Glenn,021,27897,12,8,0,8,0
2020-05-14,Humboldt,023,135768,89,59,0,59,0
2020-05-14,Imperial,025,180216,1488,652,0,652,13
2020-05-14,Inyo,027,18085,19,20,0,20,1
2020-05-14,Kern,029,883053,1835,1430,3,1433,21
2020-05-14,Kings,031,150075,461,342,2,344,1
2020-05-14,Lake,033,64148,13,7,0,7,0
2020-05-14,Lassen,035,31185,1,0,2,2,0
2020-05-14,Los Angeles,037,10098052,44255,35427,20,35447,1693
2020-05-14,Madera,039,155013,145,69,1,70,2
2020-05-14,Marin,041,260295,320,283,1,284,14
2020-05-14,Mariposa,043,17540,15,15,0,15,0
2020-05-14,Mendocino,045,87422,14,10,0,10,0
2020-05-14,Merced,047,269075,290,182,0,182,3
2020-05-14,Modoc,049,8938,0,0,0,0,0
2020-05-14,Mono,051,14174,36,31,0,31,1
2020-05-14,Monterey,053,433212,385,317,0,317,7
2020-05-14,Napa,055,140530,100,83,0,83,3
2020-05-14,Nevada,057,99092,41,41,1,42,1
2020-05-14,Orange,059,3164182,6165,4163,36,4199,83
2020-05-14,Placer,061,380077,190,172,0,172,8
2020-05-14,Plumas,063,18699,4,4,0,4,0
2020-05-14,Riverside,065,2383286,6375,5339,9,5348,224
2020-05-14,Sacramento,067,1510023,1272,1181,0,1181,55
2020-05-14,San Benito,069,59416,59,56,0,56,2
2020-05-14,San Bernardino,071,2135413,4197,3149,4,3153,149
2020-05-14,San Diego,073,3302833,6482,5393,0,5393,200
2020-05-14,San Francisco,075,870044,2266,2029,0,2029,36
2020-05-14,San Joaquin,077,732212,752,643,4,647,31
2020-05-14,San Luis Obispo,079,281455,293,236,1,237,1
2020-05-14,San Mateo,081,765935,1875,1588,2,1590,67
2020-05-14,Santa Barbara,083,443738,1764,1395,3,1398,11
2020-05-14,Santa Clara,085,1922200,2826,2380,3,2383,134
2020-05-14,Santa Cruz,087,273765,170,145,0,145,3
2020-05-14,Shasta,089,179085,45,33,0,33,4
2020-05-14,Sierra,091,2930,0,0,0,0,0
2020-05-14,Siskiyou,093,43540,5,5,0,5,0
2020-05-14,Solano,095,438530,465,372,0,372,4
2020-05-14,Sonoma,097,501317,420,333,0,333,4
2020-05-14,Stanislaus,099,539301,611,533,4,537,23
2020-05-14,Sutter,101,95872,38,34,0,34,2
2020-05-14,Tehama,103,63373,3,1,0,1,1
2020-05-14,Trinity,105,12862,1,1,0,1,0
2020-05-14,Tulare,107,460477,1819,1317,3,1320,55
2020-05-14,Tuolumne,109,53932,3,2,0,2,0
2020-05-14,Ventura,111,848112,1081,760,0,760,25
2020-05-14,Yolo,113,214977,192,180,0,180,22
2020-05-14,Yuba,115,75493,26,21,0,21,1
2020-05-13,Alameda,001,1643700,2648,2181,0,2181,78
2020-05-13,Alpine,003,1148,1,1,0,1,0
2020-05-13,Amador,005,37829,10,8,0,8,0
2020-05-13,Butte,007,227075,40,21,1,22,0
2020-05-13,Calaveras,009,45235,14,13,0,13,0
2020-05-13,Colusa,011,21464,3,3,0,3,0
2020-05-13,Contra Costa,013,1133247,1238,1082,0,1082,32
2020-05-13,Del Norte,015,27424,13,4,0,4,0
2020-05-13,El Dorado,017,186661,76,58,0,58,0
2020-05-13,Fresno,019,978130,1969,993,24,1017,10
2020-05-13,Glenn,021,27897,11,6,0,6,0
2020-05-13,Humboldt,023,135768,83,58,0,58,0
2020-05-13,Imperial,025,180216,1418,610,0,610,11
2020-05-13,Inyo,027,18085,19,20,0,20,1
2020-05-13,Kern,029,883053,1789,1390,3,1393,19
2020-05-13,Kings,031,150075,448,314,2,316,1
2020-05-13,Lake,033,64148,13,7,0,7,0
2020-05-13,Lassen,035,31185,1,0,2,2,0
2020-05-13,Los Angeles,037,10098052,42949,34574,20,34594,1643
2020-05-13,Madera,039,155013,136,69,1,70,2
2020-05-13,Marin,041,260295,307,278,1,279,14
2020-05-13,Mariposa,043,17540,15,15,0,15,0
2020-05-13,Mendocino,045,87422,14,10,0,10,0
2020-05-13,Merced,047,269075,287,176,0,176,3
2020-05-13,Modoc,049,8938,0,0,0,0,0
2020-05-13,Mono,051,14174,35,31,0,31,1
2020-05-13,Monterey,053,433212,375,309,0,309,6
2020-05-13,Napa,055,140530,100,81,0,81,3
2020-05-13,Nevada,057,99092,41,41,1,42,1
2020-05-13,Orange,059,3164182,5919,4025,34,4059,79
2020-05-13,Placer,061,380077,189,170,0,170,8
2020-05-13,Plumas,063,18699,4,4,0,4,0
2020-05-13,Riverside,065,2383286,6252,5204,9,5213,216
2020-05-13,Sacramento,067,1510023,1257,1173,0,1173,53
2020-05-13,San Benito,069,59416,59,55,0,55,2
2020-05-13,San Bernardino,071,2135413,3942,3064,3,3067,140
2020-05-13,San Diego,073,3302833,6346,5280,0,5280,194
2020-05-13,San Francisco,075,870044,2238,2004,0,2004,35
2020-05-13,San Joaquin,077,732212,731,639,3,642,31
2020-05-13,San Luis Obispo,079,281455,291,231,1,232,1
2020-05-13,San Mateo,081,765935,1843,1550,2,1552,66
2020-05-13,Santa Barbara,083,443738,1748,1382,3,1385,10
2020-05-13,Santa Clara,085,1922200,2807,2370,3,2373,132
2020-05-13,Santa Cruz,087,273765,166,142,0,142,2
2020-05-13,Shasta,089,179085,45,32,0,32,4
2020-05-13,Sierra,091,2930,0,0,0,0,0
2020-05-13,Siskiyou,093,43540,5,5,0,5,0
2020-05-13,Solano,095,438530,452,368,0,368,4
2020-05-13,Sonoma,097,501317,410,330,0,330,4
2020-05-13,Stanislaus,099,539301,602,521,4,525,15
2020-05-13,Sutter,101,95872,38,33,0,33,2
2020-05-13,Tehama,103,63373,3,1,0,1,1
2020-05-13,Trinity,105,12862,1,2,0,2,0
2020-05-13,Tulare,107,460477,1786,1283,3,1286,54
2020-05-13,Tuolumne,109,53932,3,2,0,2,0
2020-05-13,Ventura,111,848112,1054,742,0,742,25
2020-05-13,Yolo,113,214977,190,178,0,178,22
2020-05-13,Yuba,115,75493,24,19,0,19,1
2020-05-12,Alameda,001,1643700,2585,2146,0,2146,74
2020-05-12,Alpine,003,1148,1,1,0,1,0
2020-05-12,Amador,005,37829,10,8,0,8,0
2020-05-12,Butte,007,227075,38,20,1,21,0
2020-05-12,Calaveras,009,45235,13,13,0,13,0
2020-05-12,Colusa,011,21464,3,3,0,3,0
2020-05-12,Contra Costa,013,1133247,1207,1067,0,1067,32
2020-05-12,Del Norte,015,27424,10,3,0,3,0
2020-05-12,El Dorado,017,186661,73,56,0,56,0
2020-05-12,Fresno,019,978130,1886,978,24,1002,9
2020-05-12,Glenn,021,27897,10,6,0,6,0
2020-05-12,Humboldt,023,135768,80,58,0,58,0
2020-05-12,Imperial,025,180216,1287,602,0,602,9
2020-05-12,Inyo,027,18085,19,20,0,20,1
2020-05-12,Kern,029,883053,1748,1363,3,1366,18
2020-05-12,Kings,031,150075,427,302,2,304,1
2020-05-12,Lake,033,64148,13,7,0,7,0
2020-05-12,Lassen,035,31185,1,0,2,2,0
2020-05-12,Los Angeles,037,10098052,41954,33281,19,33300,1601
2020-05-12,Madera,039,155013,132,69,1,70,2
2020-05-12,Marin,041,260295,302,274,1,275,14
2020-05-12,Mariposa,043,17540,15,15,0,15,0
2020-05-12,Mendocino,045,87422,14,10,0,10,0
2020-05-12,Merced,047,269075,276,175,0,175,3
2020-05-12,Modoc,049,8938,0,0,0,0,0
2020-05-12,Mono,051,14174,35,31,0,31,1
2020-05-12,Monterey,053,433212,368,298,0,298,6
2020-05-12,Napa,055,140530,98,80,0,80,3
2020-05-12,Nevada,057,99092,41,41,1,42,1
2020-05-12,Orange,059,3164182,5736,3843,32,3875,78
2020-05-12,Placer,061,380077,188,170,0,170,8
2020-05-12,Plumas,063,18699,4,4,0,4,0
2020-05-12,Riverside,065,2383286,6130,5134,9,5143,210
2020-05-12,Sacramento,067,1510023,1237,1166,0,1166,52
2020-05-12,San Benito,069,59416,59,55,0,55,2
2020-05-12,San Bernardino,071,2135413,3791,2997,3,3000,131
2020-05-12,San Diego,073,3302833,6202,3,0,3,0
2020-05-12,San Francisco,075,870044,2203,1981,0,1981,35
2020-05-12,San Joaquin,077,732212,716,625,3,628,30
2020-05-12,San Luis Obispo,079,281455,288,226,1,227,1
2020-05-12,San Mateo,081,765935,1817,1533,2,1535,66
2020-05-12,Santa Barbara,083,443738,1708,1377,3,1380,10
2020-05-12,Santa Clara,085,1922200,2777,2362,3,2365,131
2020-05-12,Santa Cruz,087,273765,164,141,0,141,2
2020-05-12,Shasta,089,179085,44,33,0,33,4
2020-05-12,Sierra,091,2930,0,0,0,0,0
2020-05-12,Siskiyou,093,43540,5,5,0,5,0
2020-05-12,Solano,095,438530,444,361,0,361,4
2020-05-12,Sonoma,097,501317,387,308,0,308,4
2020-05-12,Stanislaus,099,539301,595,515,4,519,15
2020-05-12,Sutter,101,95872,38,33,0,33,2
2020-05-12,Tehama,103,63373,3,1,0,1,1
2020-05-12,Trinity,105,12862,1,1,0,1,0
2020-05-12,Tulare,107,460477,1756,1261,2,1263,52
2020-05-12,Tuolumne,109,53932,3,2,0,2,0
2020-05-12,Ventura,111,848112,1014,718,0,718,20
2020-05-12,Yolo,113,214977,189,176,0,176,22
2020-05-12,Yuba,115,75493,24,19,0,19,1
2020-05-11,Alameda,001,1643700,2535,2103,0,2103,71
2020-05-11,Alpine,003,1148,1,1,0,1,0
2020-05-11,Amador,005,37829,10,8,0,8,0
2020-05-11,Butte,007,227075,37,19,1,20,0
2020-05-11,Calaveras,009,45235,13,13,0,13,0
2020-05-11,Colusa,011,21464,3,3,0,3,0
2020-05-11,Contra Costa,013,1133247,1193,1052,0,1052,32
2020-05-11,Del Norte,015,27424,8,3,0,3,0
2020-05-11,El Dorado,017,186661,73,55,0,55,0
2020-05-11,Fresno,019,978130,1799,937,22,959,8
2020-05-11,Glenn,021,27897,10,6,0,6,0
2020-05-11,Humboldt,023,135768,77,56,0,56,0
2020-05-11,Imperial,025,180216,1181,562,0,562,9
2020-05-11,Inyo,027,18085,19,20,0,20,1
2020-05-11,Kern,029,883053,1696,1331,3,1334,17
2020-05-11,Kings,031,150075,404,289,1,290,1
2020-05-11,Lake,033,64148,12,7,0,7,0
2020-05-11,Lassen,035,31185,1,0,2,2,0
2020-05-11,Los Angeles,037,10098052,40775,32279,19,32298,1553
2020-05-11,Madera,039,155013,123,68,1,69,2
2020-05-11,Marin,041,260295,293,271,1,272,14
2020-05-11,Mariposa,043,17540,15,15,0,15,0
2020-05-11,Mendocino,045,87422,14,10,0,10,0
2020-05-11,Merced,047,269075,261,158,0,158,3
2020-05-11,Modoc,049,8938,0,0,0,0,0
2020-05-11,Mono,051,14174,35,30,0,30,1
2020-05-11,Monterey,053,433212,365,286,0,286,6
2020-05-11,Napa,055,140530,92,79,0,79,2
2020-05-11,Nevada,057,99092,41,41,1,42,1
2020-05-11,Orange,059,3164182,5527,3699,27,3726,77
2020-05-11,Placer,061,380077,188,170,0,170,8
2020-05-11,Plumas,063,18699,4,4,0,4,0
2020-05-11,Riverside,065,2383286,5973,5082,9,5091,203
2020-05-11,Sacramento,067,1510023,1222,1160,0,1160,52
2020-05-11,San Benito,069,59416,57,52,0,52,2
2020-05-11,San Bernardino,071,2135413,3681,2945,3,2948,124
2020-05-11,San Diego,073,3302833,6049,5067,0,5067,175
2020-05-11,San Francisco,075,870044,2156,1974,0,1974,35
2020-05-11,San Joaquin,077,732212,706,620,3,623,30
2020-05-11,San Luis Obispo,079,281455,286,224,1,225,1
2020-05-11,San Mateo,081,765935,1791,1499,2,1501,66
2020-05-11,Santa Barbara,083,443738,1686,1372,3,1375,10
2020-05-11,Santa Clara,085,1922200,2761,2340,3,2343,129
2020-05-11,Santa Cruz,087,273765,161,140,0,140,2
2020-05-11,Shasta,089,179085,44,31,0,31,4
2020-05-11,Sierra,091,2930,0,0,0,0,0
2020-05-11,Siskiyou,093,43540,5,5,0,5,0
2020-05-11,Solano,095,438530,439,354,0,354,4
2020-05-11,Sonoma,097,501317,377,303,0,303,3
2020-05-11,Stanislaus,099,539301,585,507,4,511,14
2020-05-11,Sutter,101,95872,37,32,0,32,2
2020-05-11,Tehama,103,63373,3,1,0,1,1
2020-05-11,Trinity,105,12862,1,1,0,1,0
2020-05-11,Tulare,107,460477,1707,1203,2,1205,49
2020-05-11,Tuolumne,109,53932,3,2,0,2,0
2020-05-11,Ventura,111,848112,970,698,0,698,19
2020-05-11,Yolo,113,214977,189,174,0,174,20
2020-05-11,Yuba,115,75493,24,18,0,18,1
2020-05-10,Alameda,001,1643700,2458,2047,0,2047,71
2020-05-10,Alpine,003,1148,1,1,0,1,0
2020-05-10,Amador,005,37829,10,8,0,8,0
2020-05-10,Butte,007,227075,33,18,1,19,0
2020-05-10,Calaveras,009,45235,13,13,0,13,0
2020-05-10,Colusa,011,21464,3,3,0,3,0
2020-05-10,Contra Costa,013,1133247,1179,1046,0,1046,31
2020-05-10,Del Norte,015,27424,7,3,0,3,0
2020-05-10,El Dorado,017,186661,73,55,0,55,0
2020-05-10,Fresno,019,978130,1717,894,22,916,8
2020-05-10,Glenn,021,27897,10,6,0,6,0
2020-05-10,Humboldt,023,135768,73,56,0,56,0
2020-05-10,Imperial,025,180216,1085,509,0,509,7
2020-05-10,Inyo,027,18085,19,20,0,20,1
2020-05-10,Kern,029,883053,1645,1300,2,1302,16
2020-05-10,Kings,031,150075,391,266,1,267,1
2020-05-10,Lake,033,64148,12,7,0,7,0
2020-05-10,Lassen,035,31185,1,0,2,2,0
2020-05-10,Los Angeles,037,10098052,39515,31711,19,31730,1514
2020-05-10,Madera,039,155013,121,65,1,66,2
2020-05-10,Marin,041,260295,285,267,1,268,14
2020-05-10,Mariposa,043,17540,15,15,0,15,0
2020-05-10,Mendocino,045,87422,13,10,0,10,0
2020-05-10,Merced,047,269075,246,154,0,154,3
2020-05-10,Modoc,049,8938,0,0,0,0,0
2020-05-10,Mono,051,14174,35,27,0,27,1
2020-05-10,Monterey,053,433212,351,282,0,282,6
2020-05-10,Napa,055,140530,86,79,0,79,2
2020-05-10,Nevada,057,99092,41,41,1,42,1
2020-05-10,Orange,059,3164182,5382,3627,27,3654,76
2020-05-10,Placer,061,380077,187,168,0,168,8
2020-05-10,Plumas,063,18699,4,4,0,4,0
2020-05-10,Riverside,065,2383286,5851,4951,9,4960,193
2020-05-10,Sacramento,067,1510023,1206,1152,0,1152,52
2020-05-10,San Benito,069,59416,57,52,0,52,2
2020-05-10,San Bernardino,071,2135413,3583,2910,3,2913,121
2020-05-10,San Diego,073,3302833,5897,4928,0,4928,175
2020-05-10,San Francisco,075,870044,2138,1953,0,1953,35
2020-05-10,San Joaquin,077,732212,691,611,3,614,29
2020-05-10,San Luis Obispo,079,281455,283,218,1,219,1
2020-05-10,San Mateo,081,765935,1769,1463,2,1465,65
2020-05-10,Santa Barbara,083,443738,1663,1323,3,1326,10
2020-05-10,Santa Clara,085,1922200,2736,2331,3,2334,129
2020-05-10,Santa Cruz,087,273765,160,139,0,139,2
2020-05-10,Shasta,089,179085,44,31,0,31,4
2020-05-10,Sierra,091,2930,0,0,0,0,0
2020-05-10,Siskiyou,093,43540,5,5,0,5,0
2020-05-10,Solano,095,438530,429,322,0,322,4
2020-05-10,Sonoma,097,501317,367,290,0,290,3
2020-05-10,Stanislaus,099,539301,578,498,4,502,14
2020-05-10,Sutter,101,95872,34,31,0,31,2
2020-05-10,Tehama,103,63373,3,1,0,1,1
2020-05-10,Trinity,105,12862,1,1,0,1,0
2020-05-10,Tulare,107,460477,1639,1143,2,1145,47
2020-05-10,Tuolumne,109,53932,3,2,0,2,0
2020-05-10,Ventura,111,848112,921,690,0,690,19
2020-05-10,Yolo,113,214977,189,173,0,173,20
2020-05-10,Yuba,115,75493,23,17,0,17,1
2020-05-09,Alameda,001,1643700,2415,2011,0,2011,71
2020-05-09,Alpine,003,1148,1,1,0,1,0
2020-05-09,Amador,005,37829,9,8,0,8,0
2020-05-09,Butte,007,227075,32,18,1,19,0
2020-05-09,Calaveras,009,45235,13,13,0,13,0
2020-05-09,Colusa,011,21464,3,3,0,3,0
2020-05-09,Contra Costa,013,1133247,1165,1039,0,1039,31
2020-05-09,Del Norte,015,27424,7,3,0,3,0
2020-05-09,El Dorado,017,186661,70,54,0,54,0
2020-05-09,Fresno,019,978130,1679,861,21,882,8
2020-05-09,Glenn,021,27897,9,6,0,6,0
2020-05-09,Humboldt,023,135768,71,55,0,55,0
2020-05-09,Imperial,025,180216,1029,474,0,474,7
2020-05-09,Inyo,027,18085,19,20,0,20,1
2020-05-09,Kern,029,883053,1609,1262,1,1263,15
2020-05-09,Kings,031,150075,386,264,1,265,1
2020-05-09,Lake,033,64148,12,7,0,7,0
2020-05-09,Lassen,035,31185,1,0,2,2,0
2020-05-09,Los Angeles,037,10098052,38893,31268,19,31287,1499
2020-05-09,Madera,039,155013,120,61,1,62,2
2020-05-09,Marin,041,260295,284,261,1,262,14
2020-05-09,Mariposa,043,17540,15,15,0,15,0
2020-05-09,Mendocino,045,87422,13,10,0,10,0
2020-05-09,Merced,047,269075,242,153,0,153,3
2020-05-09,Modoc,049,8938,0,0,0,0,0
2020-05-09,Mono,051,14174,35,27,0,27,1
2020-05-09,Monterey,053,433212,344,273,0,273,6
2020-05-09,Napa,055,140530,85,78,0,78,2
2020-05-09,Nevada,057,99092,41,41,1,42,1
2020-05-09,Orange,059,3164182,5300,3506,26,3532,75
2020-05-09,Placer,061,380077,186,168,0,168,8
2020-05-09,Plumas,063,18699,4,4,0,4,0
2020-05-09,Riverside,065,2383286,5757,4871,9,4880,183
2020-05-09,Sacramento,067,1510023,1202,1150,0,1150,52
2020-05-09,San Benito,069,59416,56,52,0,52,2
2020-05-09,San Bernardino,071,2135413,3527,2825,3,2828,121
2020-05-09,San Diego,073,3302833,5785,4778,0,4778,175
2020-05-09,San Francisco,075,870044,2123,1944,0,1944,34
2020-05-09,San Joaquin,077,732212,682,605,3,608,28
2020-05-09,San Luis Obispo,079,281455,279,213,1,214,1
2020-05-09,San Mateo,081,765935,1750,1453,2,1455,65
2020-05-09,Santa Barbara,083,443738,1650,1245,3,1248,10
2020-05-09,Santa Clara,085,1922200,2724,2317,3,2320,128
2020-05-09,Santa Cruz,087,273765,159,138,0,138,2
2020-05-09,Shasta,089,179085,44,31,0,31,4
2020-05-09,Sierra,091,2930,0,0,0,0,0
2020-05-09,Siskiyou,093,43540,5,5,0,5,0
2020-05-09,Solano,095,438530,423,321,0,321,4
2020-05-09,Sonoma,097,501317,363,288,0,288,3
2020-05-09,Stanislaus,099,539301,570,491,4,495,12
2020-05-09,Sutter,101,95872,34,31,0,31,2
2020-05-09,Tehama,103,63373,2,1,0,1,1
2020-05-09,Trinity,105,12862,1,1,0,1,0
2020-05-09,Tulare,107,460477,1611,1083,2,1085,47
2020-05-09,Tuolumne,109,53932,3,2,0,2,0
2020-05-09,Ventura,111,848112,900,679,0,679,19
2020-05-09,Yolo,113,214977,189,172,0,172,18
2020-05-09,Yuba,115,75493,23,17,0,17,1
2020-05-08,Alameda,001,1643700,2372,1955,0,1955,70
2020-05-08,Alpine,003,1148,1,1,0,1,0
2020-05-08,Amador,005,37829,9,8,0,8,0
2020-05-08,Butte,007,227075,32,18,1,19,0
2020-05-08,Calaveras,009,45235,13,13,0,13,0
2020-05-08,Colusa,011,21464,3,3,0,3,0
2020-05-08,Contra Costa,013,1133247,1153,1024,0,1024,29
2020-05-08,Del Norte,015,27424,7,3,0,3,0
2020-05-08,El Dorado,017,186661,69,54,0,54,0
2020-05-08,Fresno,019,978130,1642,838,20,858,8
2020-05-08,Glenn,021,27897,8,6,0,6,0
2020-05-08,Humboldt,023,135768,68,54,0,54,0
2020-05-08,Imperial,025,180216,983,467,0,467,7
2020-05-08,Inyo,027,18085,19,20,0,20,1
2020-05-08,Kern,029,883053,1578,1214,1,1215,13
2020-05-08,Kings,031,150075,377,236,1,237,1
2020-05-08,Lake,033,64148,12,7,0,7,0
2020-05-08,Lassen,035,31185,1,0,2,2,0
2020-05-08,Los Angeles,037,10098052,38162,30357,19,30376,1447
2020-05-08,Madera,039,155013,117,57,1,58,2
2020-05-08,Marin,041,260295,284,257,1,258,14
2020-05-08,Mariposa,043,17540,15,15,0,15,0
2020-05-08,Mendocino,045,87422,13,10,0,10,0
2020-05-08,Merced,047,269075,241,151,0,151,3
2020-05-08,Modoc,049,8938,0,0,0,0,0
2020-05-08,Mono,051,14174,32,27,0,27,1
2020-05-08,Monterey,053,433212,336,265,0,265,6
2020-05-08,Napa,055,140530,84,78,0,78,2
2020-05-08,Nevada,057,99092,41,41,1,42,1
2020-05-08,Orange,059,3164182,5156,3395,26,3421,72
2020-05-08,Placer,061,380077,184,166,0,166,8
2020-05-08,Plumas,063,18699,4,4,0,4,0
2020-05-08,Riverside,065,2383286,5659,4672,8,4680,181
2020-05-08,Sacramento,067,1510023,1197,1145,0,1145,51
2020-05-08,San Benito,069,59416,56,51,0,51,2
2020-05-08,San Bernardino,071,2135413,3479,2631,3,2634,119
2020-05-08,San Diego,073,3302833,5678,4664,0,4664,169
2020-05-08,San Francisco,075,870044,2105,1890,0,1890,33
2020-05-08,San Joaquin,077,732212,675,595,3,598,28
2020-05-08,San Luis Obispo,079,281455,276,210,1,211,1
2020-05-08,San Mateo,081,765935,1665,1423,2,1425,62
2020-05-08,Santa Barbara,083,443738,1637,1054,2,1056,8
2020-05-08,Santa Clara,085,1922200,2701,2285,3,2288,128
2020-05-08,Santa Cruz,087,273765,155,137,0,137,2
2020-05-08,Shasta,089,179085,44,31,0,31,4
2020-05-08,Sierra,091,2930,0,0,0,0,0
2020-05-08,Siskiyou,093,43540,5,5,0,5,0
2020-05-08,Solano,095,438530,418,314,0,314,4
2020-05-08,Sonoma,097,501317,358,285,0,285,3
2020-05-08,Stanislaus,099,539301,556,487,4,491,12
2020-05-08,Sutter,101,95872,34,30,0,30,2
2020-05-08,Tehama,103,63373,2,1,0,1,1
2020-05-08,Trinity,105,12862,1,0,0,0,0
2020-05-08,Tulare,107,460477,1566,1050,2,1052,43
2020-05-08,Tuolumne,109,53932,3,2,0,2,0
2020-05-08,Ventura,111,848112,883,665,0,665,19
2020-05-08,Yolo,113,214977,188,172,0,172,18
2020-05-08,Yuba,115,75493,22,16,0,16,1
2020-05-07,Alameda,001,1643700,2312,1914,0,1914,68
2020-05-07,Alpine,003,1148,1,1,0,1,0
2020-05-07,Amador,005,37829,9,8,0,8,0
2020-05-07,Butte,007,227075,32,19,1,20,0
2020-05-07,Calaveras,009,45235,13,13,0,13,0
2020-05-07,Colusa,011,21464,3,3,0,3,0
2020-05-07,Contra Costa,013,1133247,1139,1005,0,1005,29
2020-05-07,Del Norte,015,27424,6,3,0,3,0
2020-05-07,El Dorado,017,186661,68,54,0,54,0
2020-05-07,Fresno,019,978130,1562,812,19,831,8
2020-05-07,Glenn,021,27897,8,5,0,5,0
2020-05-07,Humboldt,023,135768,67,54,0,54,0
2020-05-07,Imperial,025,180216,920,442,0,442,6
2020-05-07,Inyo,027,18085,19,20,0,20,1
2020-05-07,Kern,029,883053,1534,1176,1,1177,13
2020-05-07,Kings,031,150075,355,219,1,220,1
2020-05-07,Lake,033,64148,11,7,0,7,0
2020-05-07,Lassen,035,31185,1,0,2,2,0
2020-05-07,Los Angeles,037,10098052,37040,29544,19,29563,1399
2020-05-07,Madera,039,155013,113,54,1,55,2
2020-05-07,Marin,041,260295,277,252,1,253,14
2020-05-07,Mariposa,043,17540,15,15,0,15,0
2020-05-07,Mendocino,045,87422,13,10,0,10,0
2020-05-07,Merced,047,269075,233,146,0,146,3
2020-05-07,Modoc,049,8938,0,0,0,0,0
2020-05-07,Mono,051,14174,32,26,0,26,1
2020-05-07,Monterey,053,433212,328,249,0,249,6
2020-05-07,Napa,055,140530,84,78,0,78,2
2020-05-07,Nevada,057,99092,41,41,1,42,1
2020-05-07,Orange,059,3164182,4973,3283,25,3308,69
2020-05-07,Placer,061,380077,184,165,0,165,8
2020-05-07,Plumas,063,18699,4,4,0,4,0
2020-05-07,Riverside,065,2383286,5543,4608,8,4616,170
2020-05-07,Sacramento,067,1510023,1191,1139,0,1139,50
2020-05-07,San Benito,069,59416,56,50,0,50,2
2020-05-07,San Bernardino,071,2135413,3387,2522,3,2525,115
2020-05-07,San Diego,073,3302833,5521,4431,0,4431,165
2020-05-07,San Francisco,075,870044,2074,1852,0,1852,33
2020-05-07,San Joaquin,077,732212,662,583,3,586,28
2020-05-07,San Luis Obispo,079,281455,265,209,1,210,1
2020-05-07,San Mateo,081,765935,1643,1398,2,1400,58
2020-05-07,Santa Barbara,083,443738,1605,720,2,722,8
2020-05-07,Santa Clara,085,1922200,2664,2281,3,2284,127
2020-05-07,Santa Cruz,087,273765,152,136,0,136,2
2020-05-07,Shasta,089,179085,43,31,0,31,4
2020-05-07,Sierra,091,2930,0,0,0,0,0
2020-05-07,Siskiyou,093,43540,5,5,0,5,0
2020-05-07,Solano,095,438530,412,307,0,307,4
2020-05-07,Sonoma,097,501317,346,282,0,282,3
2020-05-07,Stanislaus,099,539301,547,466,4,470,10
2020-05-07,Sutter,101,95872,34,29,0,29,2
2020-05-07,Tehama,103,63373,2,1,0,1,1
2020-05-07,Trinity,105,12862,1,0,0,0,0
2020-05-07,Tulare,107,460477,1500,1001,2,1003,41
2020-05-07,Tuolumne,109,53932,3,2,0,2,0
2020-05-07,Ventura,111,848112,861,647,0,647,19
2020-05-07,Yolo,113,214977,187,172,0,172,18
2020-05-07,Yuba,115,75493,22,16,0,16,1
2020-05-06,Alameda,001,1643700,2274,1864,0,1864,67
2020-05-06,Alpine,003,1148,1,1,0,1,0
2020-05-06,Amador,005,37829,9,8,0,8,0
2020-05-06,Butte,007,227075,31,19,1,20,0
2020-05-06,Calaveras,009,45235,13,13,0,13,0
2020-05-06,Colusa,011,21464,3,3,0,3,0
2020-05-06,Contra Costa,013,1133247,1118,990,0,990,29
2020-05-06,Del Norte,015,27424,6,3,0,3,0
2020-05-06,El Dorado,017,186661,66,53,0,53,0
2020-05-06,Fresno,019,978130,1501,773,17,790,8
2020-05-06,Glenn,021,27897,8,3,0,3,0
2020-05-06,Humboldt,023,135768,66,54,0,54,0
2020-05-06,Imperial,025,180216,852,399,0,399,6
2020-05-06,Inyo,027,18085,19,20,0,20,1
2020-05-06,Kern,029,883053,1479,1112,1,1113,12
2020-05-06,Kings,031,150075,337,208,1,209,1
2020-05-06,Lake,033,64148,11,7,0,7,0
2020-05-06,Lassen,035,31185,1,0,2,2,0
2020-05-06,Los Angeles,037,10098052,36035,28687,19,28706,1347
2020-05-06,Madera,039,155013,111,55,1,56,2
2020-05-06,Marin,041,260295,270,244,1,245,14
2020-05-06,Mariposa,043,17540,15,14,0,14,0
2020-05-06,Mendocino,045,87422,13,10,0,10,0
2020-05-06,Merced,047,269075,226,140,0,140,3
2020-05-06,Modoc,049,8938,0,0,0,0,0
2020-05-06,Mono,051,14174,32,26,0,26,1
2020-05-06,Monterey,053,433212,320,246,0,246,6
2020-05-06,Napa,055,140530,83,78,0,78,2
2020-05-06,Nevada,057,99092,41,41,1,42,1
2020-05-06,Orange,059,3164182,4790,3156,24,3180,66
2020-05-06,Placer,061,380077,181,164,0,164,8
2020-05-06,Plumas,063,18699,4,4,0,4,0
2020-05-06,Riverside,065,2383286,5399,4535,8,4543,163
2020-05-06,Sacramento,067,1510023,1185,1135,0,1135,49
2020-05-06,San Benito,069,59416,55,50,0,50,2
2020-05-06,San Bernardino,071,2135413,3265,2426,2,2428,110
2020-05-06,San Diego,073,3302833,5388,4321,0,4321,158
2020-05-06,San Francisco,075,870044,2049,1804,0,1804,32
2020-05-06,San Joaquin,077,732212,649,581,3,584,28
2020-05-06,San Luis Obispo,079,281455,262,207,1,208,1
2020-05-06,San Mateo,081,765935,1612,1348,2,1350,57
2020-05-06,Santa Barbara,083,443738,1556,565,2,567,8
2020-05-06,Santa Clara,085,1922200,2648,2270,3,2273,127
2020-05-06,Santa Cruz,087,273765,148,135,0,135,2
2020-05-06,Shasta,089,179085,43,31,0,31,4
2020-05-06,Sierra,091,2930,0,0,0,0,0
2020-05-06,Siskiyou,093,43540,5,5,0,5,0
2020-05-06,Solano,095,438530,402,300,0,300,4
2020-05-06,Sonoma,097,501317,330,269,0,269,3
2020-05-06,Stanislaus,099,539301,531,434,4,438,9
2020-05-06,Sutter,101,95872,34,29,0,29,2
2020-05-06,Tehama,103,63373,2,1,0,1,1
2020-05-06,Trinity,105,12862,1,0,0,0,0
2020-05-06,Tulare,107,460477,1452,963,2,965,40
2020-05-06,Tuolumne,109,53932,3,2,0,2,0
2020-05-06,Ventura,111,848112,836,619,0,619,19
2020-05-06,Yolo,113,214977,186,172,0,172,18
2020-05-06,Yuba,115,75493,22,15,0,15,1
2020-05-05,Alameda,001,1643700,2231,1819,0,1819,67
2020-05-05,Alpine,003,1148,1,1,0,1,0
2020-05-05,Amador,005,37829,9,8,0,8,0
2020-05-05,Butte,007,227075,30,19,1,20,0
2020-05-05,Calaveras,009,45235,13,13,0,13,0
2020-05-05,Colusa,011,21464,3,3,0,3,0
2020-05-05,Contra Costa,013,1133247,1100,976,0,976,29
2020-05-05,Del Norte,015,27424,6,3,0,3,0
2020-05-05,El Dorado,017,186661,64,54,0,54,0
2020-05-05,Fresno,019,978130,1427,726,15,741,8
2020-05-05,Glenn,021,27897,8,3,0,3,0
2020-05-05,Humboldt,023,135768,63,54,0,54,0
2020-05-05,Imperial,025,180216,797,389,0,389,6
2020-05-05,Inyo,027,18085,19,20,0,20,1
2020-05-05,Kern,029,883053,1428,1084,1,1085,11
2020-05-05,Kings,031,150075,321,187,1,188,1
2020-05-05,Lake,033,64148,10,7,0,7,0
2020-05-05,Lassen,035,31185,1,0,2,2,0
2020-05-05,Los Angeles,037,10098052,34965,27867,19,27886,1289
2020-05-05,Madera,039,155013,108,53,1,54,2
2020-05-05,Marin,041,260295,264,244,1,245,14
2020-05-05,Mariposa,043,17540,15,14,0,14,0
2020-05-05,Mendocino,045,87422,13,10,0,10,0
2020-05-05,Merced,047,269075,221,141,0,141,3
2020-05-05,Modoc,049,8938,0,0,0,0,0
2020-05-05,Mono,051,14174,32,25,0,25,1
2020-05-05,Monterey,053,433212,306,240,0,240,6
2020-05-05,Napa,055,140530,83,74,0,74,2
2020-05-05,Nevada,057,99092,41,41,1,42,1
2020-05-05,Orange,059,3164182,4668,3041,24,3065,63
2020-05-05,Placer,061,380077,181,162,0,162,8
2020-05-05,Plumas,063,18699,4,4,0,4,0
2020-05-05,Riverside,065,2383286,5289,4309,8,4317,161
2020-05-05,Sacramento,067,1510023,1178,1125,0,1125,48
2020-05-05,San Benito,069,59416,54,50,0,50,2
2020-05-05,San Bernardino,071,2135413,3172,2345,2,2347,104
2020-05-05,San Diego,073,3302833,5245,4162,0,4162,150
2020-05-05,San Francisco,075,870044,2014,1779,0,1779,31
2020-05-05,San Joaquin,077,732212,640,577,3,580,26
2020-05-05,San Luis Obispo,079,281455,261,203,1,204,1
2020-05-05,San Mateo,081,765935,1580,1335,2,1337,56
2020-05-05,Santa Barbara,083,443738,1330,541,2,543,7
2020-05-05,Santa Clara,085,1922200,2604,2249,3,2252,124
2020-05-05,Santa Cruz,087,273765,144,134,0,134,2
2020-05-05,Shasta,089,179085,42,31,0,31,4
2020-05-05,Sierra,091,2930,0,0,0,0,0
2020-05-05,Siskiyou,093,43540,5,5,0,5,0
2020-05-05,Solano,095,438530,386,299,0,299,4
2020-05-05,Sonoma,097,501317,327,263,0,263,3
2020-05-05,Stanislaus,099,539301,519,430,4,434,9
2020-05-05,Sutter,101,95872,34,29,0,29,2
2020-05-05,Tehama,103,63373,2,1,0,1,1
2020-05-05,Trinity,105,12862,1,0,0,0,0
2020-05-05,Tulare,107,460477,1363,869,2,871,40
2020-05-05,Tuolumne,109,53932,3,2,0,2,0
2020-05-05,Ventura,111,848112,813,607,0,607,19
2020-05-05,Yolo,113,214977,184,171,0,171,18
2020-05-05,Yuba,115,75493,22,15,0,15,1
2020-05-04,Alameda,001,1643700,2172,1762,0,1762,65
2020-05-04,Alpine,003,1148,1,1,0,1,0
2020-05-04,Amador,005,37829,8,8,0,8,0
2020-05-04,Butte,007,227075,29,16,1,17,0
2020-05-04,Calaveras,009,45235,13,13,0,13,0
2020-05-04,Colusa,011,21464,3,3,0,3,0
2020-05-04,Contra Costa,013,1133247,1082,949,0,949,28
2020-05-04,Del Norte,015,27424,5,3,0,3,0
2020-05-04,El Dorado,017,186661,63,51,0,51,0
2020-05-04,Fresno,019,978130,1359,680,14,694,8
2020-05-04,Glenn,021,27897,8,4,0,4,0
2020-05-04,Humboldt,023,135768,61,54,0,54,0
2020-05-04,Imperial,025,180216,744,351,0,351,6
2020-05-04,Inyo,027,18085,19,20,0,20,1
2020-05-04,Kern,029,883053,1387,1047,1,1048,8
2020-05-04,Kings,031,150075,304,153,1,154,1
2020-05-04,Lake,033,64148,9,7,0,7,0
2020-05-04,Lassen,035,31185,1,0,2,2,0
2020-05-04,Los Angeles,037,10098052,33663,26243,18,26261,1235
2020-05-04,Madera,039,155013,107,52,1,53,2
2020-05-04,Marin,041,260295,259,244,1,245,13
2020-05-04,Mariposa,043,17540,15,13,0,13,0
2020-05-04,Mendocino,045,87422,13,10,0,10,0
2020-05-04,Merced,047,269075,221,138,0,138,3
2020-05-04,Modoc,049,8938,0,0,0,0,0
2020-05-04,Mono,051,14174,32,25,0,25,1
2020-05-04,Monterey,053,433212,295,237,0,237,6
2020-05-04,Napa,055,140530,83,72,0,72,2
2020-05-04,Nevada,057,99092,41,41,1,42,1
2020-05-04,Orange,059,3164182,4529,2931,21,2952,57
2020-05-04,Placer,061,380077,179,162,0,162,8
2020-05-04,Plumas,063,18699,4,4,0,4,0
2020-05-04,Riverside,065,2383286,5196,4221,8,4229,147
2020-05-04,Sacramento,067,1510023,1168,1119,0,1119,44
2020-05-04,San Benito,069,59416,52,49,0,49,2
2020-05-04,San Bernardino,071,2135413,3030,2184,2,2186,99
2020-05-04,San Diego,073,3302833,5104,4022,0,4022,144
2020-05-04,San Francisco,075,870044,1976,1760,0,1760,31
2020-05-04,San Joaquin,077,732212,626,574,3,577,26
2020-05-04,San Luis Obispo,079,281455,258,202,1,203,1
2020-05-04,San Mateo,081,765935,1555,1313,2,1315,53
2020-05-04,Santa Barbara,083,443738,1071,524,2,526,7
2020-05-04,Santa Clara,085,1922200,2591,2238,3,2241,119
2020-05-04,Santa Cruz,087,273765,143,133,0,133,2
2020-05-04,Shasta,089,179085,40,31,0,31,4
2020-05-04,Sierra,091,2930,0,0,0,0,0
2020-05-04,Siskiyou,093,43540,5,5,0,5,0
2020-05-04,Solano,095,438530,372,293,0,293,4
2020-05-04,Sonoma,097,501317,313,256,0,256,4
2020-05-04,Stanislaus,099,539301,513,422,4,426,8
2020-05-04,Sutter,101,95872,31,28,0,28,2
2020-05-04,Tehama,103,63373,2,1,0,1,1
2020-05-04,Trinity,105,12862,0,0,0,0,0
2020-05-04,Tulare,107,460477,1286,760,2,762,40
2020-05-04,Tuolumne,109,53932,3,3,0,3,0
2020-05-04,Ventura,111,848112,793,590,0,590,19
2020-05-04,Yolo,113,214977,183,171,0,171,18
2020-05-04,Yuba,115,75493,19,16,0,16,1
2020-05-03,Alameda,001,1643700,2116,1731,0,1731,64
2020-05-03,Alpine,003,1148,1,1,0,1,0
2020-05-03,Amador,005,37829,8,8,0,8,0
2020-05-03,Butte,007,227075,29,17,1,18,0
2020-05-03,Calaveras,009,45235,13,13,0,13,0
2020-05-03,Colusa,011,21464,3,3,0,3,0
2020-05-03,Contra Costa,013,1133247,1066,945,0,945,28
2020-05-03,Del Norte,015,27424,5,3,0,3,0
2020-05-03,El Dorado,017,186661,61,49,0,49,0
2020-05-03,Fresno,019,978130,1267,646,12,658,8
2020-05-03,Glenn,021,27897,7,5,0,5,0
2020-05-03,Humboldt,023,135768,60,54,0,54,0
2020-05-03,Imperial,025,180216,687,351,0,351,6
2020-05-03,Inyo,027,18085,19,20,0,20,1
2020-05-03,Kern,029,883053,1332,1025,1,1026,8
2020-05-03,Kings,031,150075,284,137,1,138,1
2020-05-03,Lake,033,64148,9,7,0,7,0
2020-05-03,Lassen,035,31185,1,0,2,2,0
2020-05-03,Los Angeles,037,10098052,32680,25708,18,25726,1210
2020-05-03,Madera,039,155013,100,46,1,47,2
2020-05-03,Marin,041,260295,254,243,1,244,13
2020-05-03,Mariposa,043,17540,15,13,0,13,0
2020-05-03,Mendocino,045,87422,13,10,0,10,0
2020-05-03,Merced,047,269075,213,134,0,134,3
2020-05-03,Modoc,049,8938,0,0,0,0,0
2020-05-03,Mono,051,14174,32,25,0,25,1
2020-05-03,Monterey,053,433212,286,235,0,235,6
2020-05-03,Napa,055,140530,83,72,0,72,2
2020-05-03,Nevada,057,99092,41,41,1,42,1
2020-05-03,Orange,059,3164182,4356,2859,20,2879,55
2020-05-03,Placer,061,380077,179,161,0,161,8
2020-05-03,Plumas,063,18699,4,4,0,4,0
2020-05-03,Riverside,065,2383286,5091,4034,8,4042,139
2020-05-03,Sacramento,067,1510023,1159,1109,0,1109,43
2020-05-03,San Benito,069,59416,52,49,0,49,2
2020-05-03,San Bernardino,071,2135413,2969,2123,2,2125,99
2020-05-03,San Diego,073,3302833,4967,3929,0,3929,142
2020-05-03,San Francisco,075,870044,1948,1692,0,1692,30
2020-05-03,San Joaquin,077,732212,619,570,3,573,26
2020-05-03,San Luis Obispo,079,281455,255,200,1,201,1
2020-05-03,San Mateo,081,765935,1527,1277,2,1279,53
2020-05-03,Santa Barbara,083,443738,702,512,2,514,7
2020-05-03,Santa Clara,085,1922200,2564,2235,3,2238,116
2020-05-03,Santa Cruz,087,273765,143,133,0,133,2
2020-05-03,Shasta,089,179085,38,31,0,31,4
2020-05-03,Sierra,091,2930,0,0,0,0,0
2020-05-03,Siskiyou,093,43540,5,5,0,5,0
2020-05-03,Solano,095,438530,362,266,0,266,4
2020-05-03,Sonoma,097,501317,304,254,0,254,4
2020-05-03,Stanislaus,099,539301,485,411,4,415,8
2020-05-03,Sutter,101,95872,30,28,0,28,2
2020-05-03,Tehama,103,63373,2,1,0,1,1
2020-05-03,Trinity,105,12862,0,0,0,0,0
2020-05-03,Tulare,107,460477,1208,736,2,738,40
2020-05-03,Tuolumne,109,53932,3,3,0,3,0
2020-05-03,Ventura,111,848112,762,583,0,583,19
2020-05-03,Yolo,113,214977,182,171,0,171,18
2020-05-03,Yuba,115,75493,19,16,0,16,1
2020-05-02,Alameda,001,1643700,2079,1678,0,1678,63
2020-05-02,Alpine,003,1148,1,1,0,1,0
2020-05-02,Amador,005,37829,8,8,0,8,0
2020-05-02,Butte,007,227075,29,17,1,18,0
2020-05-02,Calaveras,009,45235,13,13,0,13,0
2020-05-02,Colusa,011,21464,3,3,0,3,0
2020-05-02,Contra Costa,013,1133247,1049,929,0,929,28
2020-05-02,Del Norte,015,27424,5,3,0,3,0
2020-05-02,El Dorado,017,186661,61,47,0,47,0
2020-05-02,Fresno,019,978130,1243,629,11,640,8
2020-05-02,Glenn,021,27897,7,5,0,5,0
2020-05-02,Humboldt,023,135768,60,54,0,54,0
2020-05-02,Imperial,025,180216,660,345,0,345,6
2020-05-02,Inyo,027,18085,19,20,0,20,1
2020-05-02,Kern,029,883053,1306,1007,1,1008,8
2020-05-02,Kings,031,150075,281,120,1,121,1
2020-05-02,Lake,033,64148,9,7,0,7,0
2020-05-02,Lassen,035,31185,1,0,2,2,0
2020-05-02,Los Angeles,037,10098052,32151,24955,18,24973,1192
2020-05-02,Madera,039,155013,100,46,1,47,2
2020-05-02,Marin,041,260295,253,243,1,244,13
2020-05-02,Mariposa,043,17540,15,13,0,13,0
2020-05-02,Mendocino,045,87422,13,10,0,10,0
2020-05-02,Merced,047,269075,210,131,0,131,3
2020-05-02,Modoc,049,8938,0,0,0,0,0
2020-05-02,Mono,051,14174,32,25,0,25,1
2020-05-02,Monterey,053,433212,280,225,0,225,5
2020-05-02,Napa,055,140530,83,71,0,71,2
2020-05-02,Nevada,057,99092,41,41,1,42,1
2020-05-02,Orange,059,3164182,4242,2774,20,2794,52
2020-05-02,Placer,061,380077,177,150,0,150,8
2020-05-02,Plumas,063,18699,4,4,0,4,0
2020-05-02,Riverside,065,2383286,5025,3997,8,4005,137
2020-05-02,Sacramento,067,1510023,1156,1097,0,1097,43
2020-05-02,San Benito,069,59416,52,49,0,49,2
2020-05-02,San Bernardino,071,2135413,2930,2124,2,2126,99
2020-05-02,San Diego,073,3302833,4865,3844,0,3844,138
2020-05-02,San Francisco,075,870044,1925,1632,0,1632,29
2020-05-02,San Joaquin,077,732212,611,559,3,562,25
2020-05-02,San Luis Obispo,079,281455,249,193,1,194,1
2020-05-02,San Mateo,081,765935,1511,1272,2,1274,52
2020-05-02,Santa Barbara,083,443738,689,506,2,508,7
2020-05-02,Santa Clara,085,1922200,2554,2203,3,2206,115
2020-05-02,Santa Cruz,087,273765,142,131,0,131,2
2020-05-02,Shasta,089,179085,38,31,0,31,4
2020-05-02,Sierra,091,2930,0,0,0,0,0
2020-05-02,Siskiyou,093,43540,5,5,0,5,0
2020-05-02,Solano,095,438530,355,267,0,267,4
2020-05-02,Sonoma,097,501317,301,250,0,250,3
2020-05-02,Stanislaus,099,539301,477,388,4,392,8
2020-05-02,Sutter,101,95872,30,28,0,28,2
2020-05-02,Tehama,103,63373,2,1,0,1,1
2020-05-02,Trinity,105,12862,0,0,0,0,0
2020-05-02,Tulare,107,460477,1167,711,2,713,35
2020-05-02,Tuolumne,109,53932,3,3,0,3,0
2020-05-02,Ventura,111,848112,748,564,0,564,19
2020-05-02,Yolo,113,214977,182,169,0,169,17
2020-05-02,Yuba,115,75493,19,16,0,16,1
2020-05-01,Alameda,001,1643700,2041,1630,0,1630,63
2020-05-01,Alpine,003,1148,1,1,0,1,0
2020-05-01,Amador,005,37829,8,8,0,8,0
2020-05-01,Butte,007,227075,29,17,1,18,0
2020-05-01,Calaveras,009,45235,13,13,0,13,0
2020-05-01,Colusa,011,21464,3,3,0,3,0
2020-05-01,Contra Costa,013,1133247,1035,915,0,915,28
2020-05-01,Del Norte,015,27424,5,3,0,3,0
2020-05-01,El Dorado,017,186661,61,47,0,47,0
2020-05-01,Fresno,019,978130,1212,617,11,628,7
2020-05-01,Glenn,021,27897,7,4,0,4,0
2020-05-01,Humboldt,023,135768,60,54,0,54,0
2020-05-01,Imperial,025,180216,623,337,0,337,6
2020-05-01,Inyo,027,18085,19,20,0,20,1
2020-05-01,Kern,029,883053,1279,972,1,973,8
2020-05-01,Kings,031,150075,264,112,1,113,1
2020-05-01,Lake,033,64148,9,6,0,6,0
2020-05-01,Lassen,035,31185,1,0,2,2,0
2020-05-01,Los Angeles,037,10098052,31396,24306,18,24324,1155
2020-05-01,Madera,039,155013,96,46,1,47,2
2020-05-01,Marin,041,260295,253,242,1,243,13
2020-05-01,Mariposa,043,17540,15,10,0,10,0
2020-05-01,Mendocino,045,87422,13,11,0,11,0
2020-05-01,Merced,047,269075,207,131,0,131,3
2020-05-01,Modoc,049,8938,0,0,0,0,0
2020-05-01,Mono,051,14174,32,25,0,25,1
2020-05-01,Monterey,053,433212,276,222,0,222,5
2020-05-01,Napa,055,140530,83,69,0,69,2
2020-05-01,Nevada,057,99092,41,41,1,42,1
2020-05-01,Orange,059,3164182,4163,2660,19,2679,51
2020-05-01,Placer,061,380077,176,149,0,149,8
2020-05-01,Plumas,063,18699,4,4,0,4,0
2020-05-01,Riverside,065,2383286,4961,3893,8,3901,132
2020-05-01,Sacramento,067,1510023,1151,1081,0,1081,43
2020-05-01,San Benito,069,59416,52,49,0,49,2
2020-05-01,San Bernardino,071,2135413,2875,2084,2,2086,98
2020-05-01,San Diego,073,3302833,4775,3713,0,3713,134
2020-05-01,San Francisco,075,870044,1881,1552,0,1552,29
2020-05-01,San Joaquin,077,732212,607,554,3,557,25
2020-05-01,San Luis Obispo,079,281455,246,186,1,187,1
2020-05-01,San Mateo,081,765935,1489,1222,2,1224,52
2020-05-01,Santa Barbara,083,443738,680,499,2,501,7
2020-05-01,Santa Clara,085,1922200,2544,2176,3,2179,112
2020-05-01,Santa Cruz,087,273765,142,127,0,127,2
2020-05-01,Shasta,089,179085,38,31,0,31,4
2020-05-01,Sierra,091,2930,0,0,0,0,0
2020-05-01,Siskiyou,093,43540,5,5,0,5,0
2020-05-01,Solano,095,438530,347,266,0,266,4
2020-05-01,Sonoma,097,501317,298,242,0,242,3
2020-05-01,Stanislaus,099,539301,472,384,4,388,8
2020-05-01,Sutter,101,95872,30,28,0,28,2
2020-05-01,Tehama,103,63373,2,1,0,1,1
2020-05-01,Trinity,105,12862,0,0,0,0,0
2020-05-01,Tulare,107,460477,1123,685,2,687,32
2020-05-01,Tuolumne,109,53932,3,3,0,3,0
2020-05-01,Ventura,111,848112,735,556,0,556,18
2020-05-01,Yolo,113,214977,182,165,0,165,18
2020-05-01,Yuba,115,75493,19,16,0,16,1
2020-04-30,Alameda,001,1643700,1981,1599,0,1599,60
2020-04-30,Alpine,003,1148,1,1,0,1,0
2020-04-30,Amador,005,37829,8,8,0,8,0
2020-04-30,Butte,007,227075,28,16,1,17,0
2020-04-30,Calaveras,009,45235,13,13,0,13,0
2020-04-30,Colusa,011,21464,3,3,0,3,0
2020-04-30,Contra Costa,013,1133247,1013,900,0,900,25
2020-04-30,Del Norte,015,27424,4,3,0,3,0
2020-04-30,El Dorado,017,186661,61,44,0,44,0
2020-04-30,Fresno,019,978130,1148,562,8,570,7
2020-04-30,Glenn,021,27897,7,4,0,4,0
2020-04-30,Humboldt,023,135768,60,54,0,54,0
2020-04-30,Imperial,025,180216,577,322,0,322,6
2020-04-30,Inyo,027,18085,19,20,0,20,1
2020-04-30,Kern,029,883053,1247,941,1,942,8
2020-04-30,Kings,031,150075,252,87,1,88,1
2020-04-30,Lake,033,64148,9,6,0,6,0
2020-04-30,Lassen,035,31185,1,0,2,2,0
2020-04-30,Los Angeles,037,10098052,30389,23284,18,23302,1099
2020-04-30,Madera,039,155013,85,46,1,47,2
2020-04-30,Marin,041,260295,253,240,1,241,13
2020-04-30,Mariposa,043,17540,15,3,0,3,0
2020-04-30,Mendocino,045,87422,13,11,0,11,0
2020-04-30,Merced,047,269075,200,122,0,122,3
2020-04-30,Modoc,049,8938,0,0,0,0,0
2020-04-30,Mono,051,14174,31,25,0,25,1
2020-04-30,Monterey,053,433212,266,213,0,213,5
2020-04-30,Napa,055,140530,81,69,0,69,2
2020-04-30,Nevada,057,99092,41,41,1,42,1
2020-04-30,Orange,059,3164182,3946,2591,17,2608,46
2020-04-30,Placer,061,380077,175,148,0,148,8
2020-04-30,Plumas,063,18699,4,4,0,4,0
2020-04-30,Riverside,065,2383286,4861,3820,7,3827,124
2020-04-30,Sacramento,067,1510023,1145,1071,0,1071,43
2020-04-30,San Benito,069,59416,52,48,0,48,2
2020-04-30,San Bernardino,071,2135413,2674,2020,2,2022,96
2020-04-30,San Diego,073,3302833,4604,3566,0,3566,124
2020-04-30,San Francisco,075,870044,1847,1518,0,1518,26
2020-04-30,San Joaquin,077,732212,600,548,3,551,25
2020-04-30,San Luis Obispo,079,281455,243,182,1,183,1
2020-04-30,San Mateo,081,765935,1459,1194,2,1196,52
2020-04-30,Santa Barbara,083,443738,659,490,2,492,7
2020-04-30,Santa Clara,085,1922200,2507,2172,3,2175,111
2020-04-30,Santa Cruz,087,273765,141,126,0,126,2
2020-04-30,Shasta,089,179085,37,31,0,31,4
2020-04-30,Sierra,091,2930,0,0,0,0,0
2020-04-30,Siskiyou,093,43540,5,5,0,5,0
2020-04-30,Solano,095,438530,337,262,0,262,4
2020-04-30,Sonoma,097,501317,289,233,0,233,3
2020-04-30,Stanislaus,099,539301,465,378,4,382,7
2020-04-30,Sutter,101,95872,30,28,0,28,2
2020-04-30,Tehama,103,63373,1,1,0,1,1
2020-04-30,Trinity,105,12862,0,0,0,0,0
2020-04-30,Tulare,107,460477,1060,637,2,639,31
2020-04-30,Tuolumne,109,53932,3,3,0,3,0
2020-04-30,Ventura,111,848112,707,547,0,547,18
2020-04-30,Yolo,113,214977,181,164,0,164,16
2020-04-30,Yuba,115,75493,19,15,0,15,1
2020-04-29,Alameda,001,1643700,1923,1564,0,1564,60
2020-04-29,Alpine,003,1148,1,1,0,1,0
2020-04-29,Amador,005,37829,8,8,0,8,0
2020-04-29,Butte,007,227075,28,16,1,17,0
2020-04-29,Calaveras,009,45235,13,13,0,13,0
2020-04-29,Colusa,011,21464,3,3,0,3,0
2020-04-29,Contra Costa,013,1133247,994,885,0,885,25
2020-04-29,Del Norte,015,27424,4,3,0,3,0
2020-04-29,El Dorado,017,186661,59,44,0,44,0
2020-04-29,Fresno,019,978130,1096,544,8,552,7
2020-04-29,Glenn,021,27897,7,4,0,4,0
2020-04-29,Humboldt,023,135768,60,53,0,53,0
2020-04-29,Imperial,025,180216,548,300,0,300,6
2020-04-29,Inyo,027,18085,19,20,0,20,1
2020-04-29,Kern,029,883053,1204,910,1,911,6
2020-04-29,Kings,031,150075,233,80,1,81,1
2020-04-29,Lake,033,64148,9,6,0,6,0
2020-04-29,Lassen,035,31185,1,0,2,2,0
2020-04-29,Los Angeles,037,10098052,29411,22560,18,22578,1043
2020-04-29,Madera,039,155013,84,45,1,46,2
2020-04-29,Marin,041,260295,250,234,1,235,13
2020-04-29,Mariposa,043,17540,15,1,0,1,0
2020-04-29,Mendocino,045,87422,13,11,0,11,0
2020-04-29,Merced,047,269075,193,116,0,116,3
2020-04-29,Modoc,049,8938,0,0,0,0,0
2020-04-29,Mono,051,14174,31,25,0,25,1
2020-04-29,Monterey,053,433212,258,204,0,204,5
2020-04-29,Napa,055,140530,79,68,0,68,2
2020-04-29,Nevada,057,99092,41,41,1,42,1
2020-04-29,Orange,059,3164182,3814,2421,16,2437,43
2020-04-29,Placer,061,380077,173,145,0,145,8
2020-04-29,Plumas,063,18699,4,4,0,4,0
2020-04-29,Riverside,065,2383286,4785,3700,7,3707,116
2020-04-29,Sacramento,067,1510023,1123,1055,0,1055,41
2020-04-29,San Benito,069,59416,52,48,0,48,2
2020-04-29,San Bernardino,071,2135413,2587,1975,1,1976,91
2020-04-29,San Diego,073,3302833,4463,3434,0,3434,120
2020-04-29,San Francisco,075,870044,1819,1489,0,1489,23
2020-04-29,San Joaquin,077,732212,592,540,3,543,25
2020-04-29,San Luis Obispo,079,281455,241,181,1,182,1
2020-04-29,San Mateo,081,765935,1433,1170,2,1172,50
2020-04-29,Santa Barbara,083,443738,645,477,2,479,7
2020-04-29,Santa Clara,085,1922200,2486,2147,3,2150,108
2020-04-29,Santa Cruz,087,273765,140,124,0,124,2
2020-04-29,Shasta,089,179085,37,31,0,31,4
2020-04-29,Sierra,091,2930,0,0,0,0,0
2020-04-29,Siskiyou,093,43540,5,5,0,5,0
2020-04-29,Solano,095,438530,314,252,0,252,3
2020-04-29,Sonoma,097,501317,281,230,0,230,2
2020-04-29,Stanislaus,099,539301,452,374,4,378,5
2020-04-29,Sutter,101,95872,30,28,0,28,2
2020-04-29,Tehama,103,63373,1,1,0,1,1
2020-04-29,Trinity,105,12862,0,0,0,0,0
2020-04-29,Tulare,107,460477,990,615,2,617,30
2020-04-29,Tuolumne,109,53932,3,4,0,4,0
2020-04-29,Ventura,111,848112,684,530,0,530,18
2020-04-29,Yolo,113,214977,178,161,0,161,11
2020-04-29,Yuba,115,75493,19,15,0,15,1
2020-04-28,Alameda,001,1643700,1866,1525,0,1525,55
2020-04-28,Alpine,003,1148,1,1,0,1,0
2020-04-28,Amador,005,37829,8,8,0,8,0
2020-04-28,Butte,007,227075,28,16,1,17,0
2020-04-28,Calaveras,009,45235,13,13,0,13,0
2020-04-28,Colusa,011,21464,3,3,0,3,0
2020-04-28,Contra Costa,013,1133247,987,866,0,866,25
2020-04-28,Del Norte,015,27424,4,3,0,3,0
2020-04-28,El Dorado,017,186661,58,43,0,43,0
2020-04-28,Fresno,019,978130,1045,525,7,532,7
2020-04-28,Glenn,021,27897,5,4,0,4,0
2020-04-28,Humboldt,023,135768,59,53,0,53,0
2020-04-28,Imperial,025,180216,514,295,0,295,6
2020-04-28,Inyo,027,18085,19,20,0,20,1
2020-04-28,Kern,029,883053,1161,882,1,883,5
2020-04-28,Kings,031,150075,220,57,1,58,1
2020-04-28,Lake,033,64148,9,6,0,6,0
2020-04-28,Lassen,035,31185,1,0,2,2,0
2020-04-28,Los Angeles,037,10098052,28345,21029,18,21047,984
2020-04-28,Madera,039,155013,84,44,1,45,2
2020-04-28,Marin,041,260295,249,228,1,229,12
2020-04-28,Mariposa,043,17540,15,0,0,0,0
2020-04-28,Mendocino,045,87422,13,10,0,10,0
2020-04-28,Merced,047,269075,186,108,0,108,3
2020-04-28,Modoc,049,8938,0,0,0,0,0
2020-04-28,Mono,051,14174,31,25,0,25,1
2020-04-28,Monterey,053,433212,252,191,0,191,5
2020-04-28,Napa,055,140530,78,67,0,67,2
2020-04-28,Nevada,057,99092,41,41,1,42,1
2020-04-28,Orange,059,3164182,3648,2324,15,2339,42
2020-04-28,Placer,061,380077,163,143,0,143,8
2020-04-28,Plumas,063,18699,4,4,0,4,0
2020-04-28,Riverside,065,2383286,4691,3504,7,3511,113
2020-04-28,Sacramento,067,1510023,1108,1044,0,1044,41
2020-04-28,San Benito,069,59416,51,46,0,46,2
2020-04-28,San Bernardino,071,2135413,2510,1891,1,1892,89
2020-04-28,San Diego,073,3302833,4333,3316,0,3316,118
2020-04-28,San Francisco,075,870044,1784,1471,0,1471,23
2020-04-28,San Joaquin,077,732212,586,532,3,535,25
2020-04-28,San Luis Obispo,079,281455,235,172,1,173,1
2020-04-28,San Mateo,081,765935,1420,1129,2,1131,48
2020-04-28,Santa Barbara,083,443738,638,469,2,471,7
2020-04-28,Santa Clara,085,1922200,2455,2130,3,2133,106
2020-04-28,Santa Cruz,087,273765,140,123,0,123,2
2020-04-28,Shasta,089,179085,37,29,0,29,4
2020-04-28,Sierra,091,2930,0,0,0,0,0
2020-04-28,Siskiyou,093,43540,5,5,0,5,0
2020-04-28,Solano,095,438530,295,246,0,246,3
2020-04-28,Sonoma,097,501317,278,226,0,226,1
2020-04-28,Stanislaus,099,539301,436,330,4,334,5
2020-04-28,Sutter,101,95872,30,25,0,25,2
2020-04-28,Tehama,103,63373,1,1,0,1,1
2020-04-28,Trinity,105,12862,0,0,0,0,0
2020-04-28,Tulare,107,460477,896,579,2,581,30
2020-04-28,Tuolumne,109,53932,3,4,0,4,0
2020-04-28,Ventura,111,848112,666,517,0,517,17
2020-04-28,Yolo,113,214977,178,160,0,160,10
2020-04-28,Yuba,115,75493,19,15,0,15,1
2020-04-27,Alameda,001,1643700,1806,1494,0,1494,53
2020-04-27,Alpine,003,1148,1,1,0,1,0
2020-04-27,Amador,005,37829,8,8,0,8,0
2020-04-27,Butte,007,227075,27,16,1,17,0
2020-04-27,Calaveras,009,45235,13,13,0,13,0
2020-04-27,Colusa,011,21464,3,3,0,3,0
2020-04-27,Contra Costa,013,1133247,975,843,0,843,25
2020-04-27,Del Norte,015,27424,4,3,0,3,0
2020-04-27,El Dorado,017,186661,57,43,0,43,0
2020-04-27,Fresno,019,978130,942,504,6,510,7
2020-04-27,Glenn,021,27897,5,4,0,4,0
2020-04-27,Humboldt,023,135768,59,52,0,52,0
2020-04-27,Imperial,025,180216,484,290,0,290,6
2020-04-27,Inyo,027,18085,19,20,0,20,1
2020-04-27,Kern,029,883053,1123,865,1,866,4
2020-04-27,Kings,031,150075,197,48,1,49,1
2020-04-27,Lake,033,64148,8,6,0,6,0
2020-04-27,Lassen,035,31185,1,0,2,2,0
2020-04-27,Los Angeles,037,10098052,27328,20456,18,20474,931
2020-04-27,Madera,039,155013,82,42,1,43,2
2020-04-27,Marin,041,260295,244,227,1,228,12
2020-04-27,Mariposa,043,17540,14,0,0,0,0
2020-04-27,Mendocino,045,87422,13,10,0,10,0
2020-04-27,Merced,047,269075,183,108,0,108,3
2020-04-27,Modoc,049,8938,0,0,0,0,0
2020-04-27,Mono,051,14174,31,23,0,23,1
2020-04-27,Monterey,053,433212,245,185,0,185,4
2020-04-27,Napa,055,140530,75,64,0,64,2
2020-04-27,Nevada,057,99092,41,39,1,40,1
2020-04-27,Orange,059,3164182,3479,2198,15,2213,42
2020-04-27,Placer,061,380077,163,142,0,142,8
2020-04-27,Plumas,063,18699,4,4,0,4,0
2020-04-27,Riverside,065,2383286,4568,3381,7,3388,100
2020-04-27,Sacramento,067,1510023,1093,1035,0,1035,41
2020-04-27,San Benito,069,59416,49,45,0,45,2
2020-04-27,San Bernardino,071,2135413,2396,1742,1,1743,82
2020-04-27,San Diego,073,3302833,4207,3143,0,3143,113
2020-04-27,San Francisco,075,870044,1730,1453,0,1453,23
2020-04-27,San Joaquin,077,732212,580,522,3,525,25
2020-04-27,San Luis Obispo,079,281455,227,166,1,167,1
2020-04-27,San Mateo,081,765935,1398,1092,2,1094,46
2020-04-27,Santa Barbara,083,443738,624,466,2,468,7
2020-04-27,Santa Clara,085,1922200,2435,2104,2,2106,105
2020-04-27,Santa Cruz,087,273765,140,123,0,123,2
2020-04-27,Shasta,089,179085,37,29,0,29,4
2020-04-27,Sierra,091,2930,0,0,0,0,0
2020-04-27,Siskiyou,093,43540,5,5,0,5,0
2020-04-27,Solano,095,438530,295,222,0,222,3
2020-04-27,Sonoma,097,501317,269,220,0,220,1
2020-04-27,Stanislaus,099,539301,420,316,4,320,5
2020-04-27,Sutter,101,95872,29,26,0,26,2
2020-04-27,Tehama,103,63373,1,1,0,1,1
2020-04-27,Trinity,105,12862,0,0,0,0,0
2020-04-27,Tulare,107,460477,825,535,2,537,28
2020-04-27,Tuolumne,109,53932,3,3,0,3,0
2020-04-27,Ventura,111,848112,649,513,0,513,17
2020-04-27,Yolo,113,214977,175,160,0,160,9
2020-04-27,Yuba,115,75493,19,15,0,15,1
2020-04-26,Alameda,001,1643700,1745,1449,0,1449,52
2020-04-26,Alpine,003,1148,1,1,0,1,0
2020-04-26,Amador,005,37829,8,8,0,8,0
2020-04-26,Butte,007,227075,27,16,1,17,0
2020-04-26,Calaveras,009,45235,13,13,0,13,0
2020-04-26,Colusa,011,21464,3,3,0,3,0
2020-04-26,Contra Costa,013,1133247,959,830,0,830,25
2020-04-26,Del Norte,015,27424,3,3,0,3,0
2020-04-26,El Dorado,017,186661,55,41,0,41,0
2020-04-26,Fresno,019,978130,850,476,6,482,7
2020-04-26,Glenn,021,27897,5,4,0,4,0
2020-04-26,Humboldt,023,135768,59,53,0,53,0
2020-04-26,Imperial,025,180216,450,272,0,272,6
2020-04-26,Inyo,027,18085,19,20,0,20,1
2020-04-26,Kern,029,883053,1073,831,1,832,4
2020-04-26,Kings,031,150075,172,33,1,34,1
2020-04-26,Lake,033,64148,8,6,0,6,0
2020-04-26,Lassen,035,31185,1,0,2,2,0
2020-04-26,Los Angeles,037,10098052,26179,19570,18,19588,901
2020-04-26,Madera,039,155013,80,39,1,40,2
2020-04-26,Marin,041,260295,238,225,1,226,12
2020-04-26,Mariposa,043,17540,14,0,0,0,0
2020-04-26,Mendocino,045,87422,13,5,0,5,0
2020-04-26,Merced,047,269075,166,104,0,104,3
2020-04-26,Modoc,049,8938,0,0,0,0,0
2020-04-26,Mono,051,14174,31,23,0,23,1
2020-04-26,Monterey,053,433212,238,182,0,182,4
2020-04-26,Napa,055,140530,74,62,0,62,2
2020-04-26,Nevada,057,99092,41,37,1,38,1
2020-04-26,Orange,059,3164182,3313,2124,15,2139,40
2020-04-26,Placer,061,380077,163,141,0,141,8
2020-04-26,Plumas,063,18699,4,4,0,4,0
2020-04-26,Riverside,065,2383286,4426,3301,7,3308,95
2020-04-26,Sacramento,067,1510023,1084,1027,0,1027,41
2020-04-26,San Benito,069,59416,49,45,0,45,2
2020-04-26,San Bernardino,071,2135413,2299,1681,1,1682,82
2020-04-26,San Diego,073,3302833,4065,3045,0,3045,111
2020-04-26,San Francisco,075,870044,1691,1403,0,1403,23
2020-04-26,San Joaquin,077,732212,572,514,3,517,25
2020-04-26,San Luis Obispo,079,281455,224,165,1,166,1
2020-04-26,San Mateo,081,765935,1372,1070,2,1072,46
2020-04-26,Santa Barbara,083,443738,612,464,2,466,7
2020-04-26,Santa Clara,085,1922200,2416,2097,1,2098,102
2020-04-26,Santa Cruz,087,273765,140,116,0,116,2
2020-04-26,Shasta,089,179085,34,29,0,29,4
2020-04-26,Sierra,091,2930,0,0,0,0,0
2020-04-26,Siskiyou,093,43540,5,5,0,5,0
2020-04-26,Solano,095,438530,286,205,0,205,3
2020-04-26,Sonoma,097,501317,258,216,0,216,1
2020-04-26,Stanislaus,099,539301,405,294,4,298,4
2020-04-26,Sutter,101,95872,29,26,0,26,2
2020-04-26,Tehama,103,63373,1,1,0,1,1
2020-04-26,Trinity,105,12862,0,0,0,0,0
2020-04-26,Tulare,107,460477,767,497,2,499,28
2020-04-26,Tuolumne,109,53932,3,3,0,3,0
2020-04-26,Ventura,111,848112,634,509,0,509,17
2020-04-26,Yolo,113,214977,174,158,0,158,8
2020-04-26,Yuba,115,75493,18,15,0,15,1
2020-04-25,Alameda,001,1643700,1720,1396,0,1396,52
2020-04-25,Alpine,003,1148,1,1,0,1,0
2020-04-25,Amador,005,37829,8,8,0,8,0
2020-04-25,Butte,007,227075,26,16,1,17,0
2020-04-25,Calaveras,009,45235,13,12,0,12,0
2020-04-25,Colusa,011,21464,3,3,0,3,0
2020-04-25,Contra Costa,013,1133247,945,821,0,821,24
2020-04-25,Del Norte,015,27424,2,2,0,2,0
2020-04-25,El Dorado,017,186661,54,41,0,41,0
2020-04-25,Fresno,019,978130,820,459,5,464,7
2020-04-25,Glenn,021,27897,5,4,0,4,0
2020-04-25,Humboldt,023,135768,59,53,0,53,0
2020-04-25,Imperial,025,180216,433,232,0,232,6
2020-04-25,Inyo,027,18085,19,20,0,20,1
2020-04-25,Kern,029,883053,1042,802,1,803,4
2020-04-25,Kings,031,150075,160,33,1,34,1
2020-04-25,Lake,033,64148,6,6,0,6,0
2020-04-25,Lassen,035,31185,1,0,2,2,0
2020-04-25,Los Angeles,037,10098052,25545,19144,18,19162,881
2020-04-25,Madera,039,155013,77,39,1,40,2
2020-04-25,Marin,041,260295,238,215,1,216,12
2020-04-25,Mariposa,043,17540,14,0,0,0,0
2020-04-25,Mendocino,045,87422,12,5,0,5,0
2020-04-25,Merced,047,269075,166,103,0,103,3
2020-04-25,Modoc,049,8938,0,0,0,0,0
2020-04-25,Mono,051,14174,31,23,0,23,1
2020-04-25,Monterey,053,433212,236,173,0,173,4
2020-04-25,Napa,055,140530,74,60,0,60,2
2020-04-25,Nevada,057,99092,41,37,1,38,1
2020-04-25,Orange,059,3164182,3207,2047,15,2062,40
2020-04-25,Placer,061,380077,163,137,0,137,8
2020-04-25,Plumas,063,18699,4,4,0,4,0
2020-04-25,Riverside,065,2383286,4338,3037,7,3044,93
2020-04-25,Sacramento,067,1510023,1082,1015,0,1015,41
2020-04-25,San Benito,069,59416,49,45,0,45,2
2020-04-25,San Bernardino,071,2135413,2254,1675,1,1676,82
2020-04-25,San Diego,073,3302833,3965,2945,0,2945,111
2020-04-25,San Francisco,075,870044,1666,1341,0,1341,22
2020-04-25,San Joaquin,077,732212,565,497,3,500,24
2020-04-25,San Luis Obispo,079,281455,223,159,1,160,1
2020-04-25,San Mateo,081,765935,1354,1054,2,1056,46
2020-04-25,Santa Barbara,083,443738,604,457,2,459,7
2020-04-25,Santa Clara,085,1922200,2398,2045,1,2046,99
2020-04-25,Santa Cruz,087,273765,140,112,0,112,2
2020-04-25,Shasta,089,179085,34,29,0,29,4
2020-04-25,Sierra,091,2930,0,0,0,0,0
2020-04-25,Siskiyou,093,43540,5,5,0,5,0
2020-04-25,Solano,095,438530,282,203,0,203,3
2020-04-25,Sonoma,097,501317,254,199,0,199,1
2020-04-25,Stanislaus,099,539301,397,276,4,280,4
2020-04-25,Sutter,101,95872,29,24,0,24,2
2020-04-25,Tehama,103,63373,1,1,0,1,1
2020-04-25,Trinity,105,12862,0,0,0,0,0
2020-04-25,Tulare,107,460477,734,478,2,480,28
2020-04-25,Tuolumne,109,53932,3,2,0,2,0
2020-04-25,Ventura,111,848112,620,494,0,494,16
2020-04-25,Yolo,113,214977,174,157,0,157,8
2020-04-25,Yuba,115,75493,17,15,0,15,1
2020-04-24,Alameda,001,1643700,1689,1385,0,1385,50
2020-04-24,Alpine,003,1148,1,1,0,1,0
2020-04-24,Amador,005,37829,8,8,0,8,0
2020-04-24,Butte,007,227075,25,15,1,16,0
2020-04-24,Calaveras,009,45235,13,12,0,12,0
2020-04-24,Colusa,011,21464,3,3,0,3,0
2020-04-24,Contra Costa,013,1133247,936,806,0,806,23
2020-04-24,Del Norte,015,27424,2,2,0,2,0
2020-04-24,El Dorado,017,186661,53,41,0,41,0
2020-04-24,Fresno,019,978130,799,449,5,454,7
2020-04-24,Glenn,021,27897,5,4,0,4,0
2020-04-24,Humboldt,023,135768,59,53,0,53,0
2020-04-24,Imperial,025,180216,417,232,0,232,6
2020-04-24,Inyo,027,18085,19,20,0,20,0
2020-04-24,Kern,029,883053,1018,770,1,771,4
2020-04-24,Kings,031,150075,131,30,1,31,1
2020-04-24,Lake,033,64148,6,6,0,6,0
2020-04-24,Lassen,035,31185,1,0,2,2,0
2020-04-24,Los Angeles,037,10098052,24613,18553,18,18571,836
2020-04-24,Madera,039,155013,77,39,1,40,2
2020-04-24,Marin,041,260295,238,211,1,212,11
2020-04-24,Mariposa,043,17540,8,0,0,0,0
2020-04-24,Mendocino,045,87422,12,5,0,5,0
2020-04-24,Merced,047,269075,163,102,0,102,3
2020-04-24,Modoc,049,8938,0,0,0,0,0
2020-04-24,Mono,051,14174,30,23,0,23,1
2020-04-24,Monterey,053,433212,229,167,0,167,4
2020-04-24,Napa,055,140530,73,59,0,59,2
2020-04-24,Nevada,057,99092,41,36,1,37,1
2020-04-24,Orange,059,3164182,3099,1945,15,1960,39
2020-04-24,Placer,061,380077,161,137,0,137,8
2020-04-24,Plumas,063,18699,4,4,0,4,0
2020-04-24,Riverside,065,2383286,4257,3044,7,3051,87
2020-04-24,Sacramento,067,1510023,1076,1009,0,1009,41
2020-04-24,San Benito,069,59416,49,45,0,45,2
2020-04-24,San Bernardino,071,2135413,2219,1667,1,1668,80
2020-04-24,San Diego,073,3302833,3854,2828,0,2828,102
2020-04-24,San Francisco,075,870044,1608,1345,0,1345,22
2020-04-24,San Joaquin,077,732212,558,484,3,487,24
2020-04-24,San Luis Obispo,079,281455,220,151,1,152,1
2020-04-24,San Mateo,081,765935,1331,1004,2,1006,43
2020-04-24,Santa Barbara,083,443738,597,450,2,452,6
2020-04-24,Santa Clara,085,1922200,2368,2026,1,2027,98
2020-04-24,Santa Cruz,087,273765,136,111,0,111,2
2020-04-24,Shasta,089,179085,34,28,0,28,4
2020-04-24,Sierra,091,2930,0,0,0,0,0
2020-04-24,Siskiyou,093,43540,5,5,0,5,0
2020-04-24,Solano,095,438530,280,203,0,203,3
2020-04-24,Sonoma,097,501317,250,199,0,199,1
2020-04-24,Stanislaus,099,539301,394,273,4,277,4
2020-04-24,Sutter,101,95872,28,24,0,24,2
2020-04-24,Tehama,103,63373,1,1,0,1,1
2020-04-24,Trinity,105,12862,0,0,0,0,0
2020-04-24,Tulare,107,460477,706,459,2,461,27
2020-04-24,Tuolumne,109,53932,3,2,0,2,0
2020-04-24,Ventura,111,848112,611,489,0,489,16
2020-04-24,Yolo,113,214977,173,155,0,155,8
2020-04-24,Yuba,115,75493,16,15,0,15,1
2020-04-23,Alameda,001,1643700,1651,1336,0,1336,46
2020-04-23,Alpine,003,1148,1,1,0,1,0
2020-04-23,Amador,005,37829,8,8,0,8,0
2020-04-23,Butte,007,227075,25,15,1,16,0
2020-04-23,Calaveras,009,45235,13,12,0,12,0
2020-04-23,Colusa,011,21464,3,3,0,3,0
2020-04-23,Contra Costa,013,1133247,915,786,0,786,23
2020-04-23,Del Norte,015,27424,2,2,0,2,0
2020-04-23,El Dorado,017,186661,52,39,0,39,0
2020-04-23,Fresno,019,978130,761,426,5,431,7
2020-04-23,Glenn,021,27897,5,3,0,3,0
2020-04-23,Humboldt,023,135768,59,53,0,53,0
2020-04-23,Imperial,025,180216,397,181,0,181,4
2020-04-23,Inyo,027,18085,19,19,0,19,0
2020-04-23,Kern,029,883053,970,732,1,733,4
2020-04-23,Kings,031,150075,116,28,1,29,1
2020-04-23,Lake,033,64148,6,6,0,6,0
2020-04-23,Lassen,035,31185,1,0,2,2,0
2020-04-23,Los Angeles,037,10098052,23553,17548,17,17565,784
2020-04-23,Madera,039,155013,75,37,1,38,2
2020-04-23,Marin,041,260295,225,209,1,210,11
2020-04-23,Mariposa,043,17540,7,0,0,0,0
2020-04-23,Mendocino,045,87422,10,5,0,5,0
2020-04-23,Merced,047,269075,159,98,0,98,3
2020-04-23,Modoc,049,8938,0,0,0,0,0
2020-04-23,Mono,051,14174,30,23,0,23,1
2020-04-23,Monterey,053,433212,225,161,0,161,4
2020-04-23,Napa,055,140530,66,59,0,59,2
2020-04-23,Nevada,057,99092,41,36,1,37,1
2020-04-23,Orange,059,3164182,2921,1841,14,1855,37
2020-04-23,Placer,061,380077,158,136,0,136,8
2020-04-23,Plumas,063,18699,4,4,0,4,0
2020-04-23,Riverside,065,2383286,4144,2935,6,2941,78
2020-04-23,Sacramento,067,1510023,1064,978,0,978,41
2020-04-23,San Benito,069,59416,46,43,0,43,2
2020-04-23,San Bernardino,071,2135413,2154,1604,1,1605,79
2020-04-23,San Diego,073,3302833,3693,2645,0,2645,100
2020-04-23,San Francisco,075,870044,1583,1312,0,1312,21
2020-04-23,San Joaquin,077,732212,548,479,3,482,20
2020-04-23,San Luis Obispo,079,281455,216,146,1,147,1
2020-04-23,San Mateo,081,765935,1291,970,2,972,42
2020-04-23,Santa Barbara,083,443738,587,445,2,447,6
2020-04-23,Santa Clara,085,1922200,2337,1996,1,1997,95
2020-04-23,Santa Cruz,087,273765,135,110,0,110,2
2020-04-23,Shasta,089,179085,34,27,0,27,3
2020-04-23,Sierra,091,2930,0,0,0,0,0
2020-04-23,Siskiyou,093,43540,5,5,0,5,0
2020-04-23,Solano,095,438530,266,196,0,196,3
2020-04-23,Sonoma,097,501317,238,187,0,187,1
2020-04-23,Stanislaus,099,539301,390,254,4,258,4
2020-04-23,Sutter,101,95872,28,24,0,24,2
2020-04-23,Tehama,103,63373,1,1,0,1,1
2020-04-23,Trinity,105,12862,0,0,0,0,0
2020-04-23,Tulare,107,460477,677,440,2,442,25
2020-04-23,Tuolumne,109,53932,3,2,0,2,0
2020-04-23,Ventura,111,848112,597,479,0,479,16
2020-04-23,Yolo,113,214977,170,151,0,151,8
2020-04-23,Yuba,115,75493,16,15,0,15,1
2020-04-22,Alameda,001,1643700,1602,1275,0,1275,46
2020-04-22,Alpine,003,1148,1,1,0,1,0
2020-04-22,Amador,005,37829,8,7,0,7,0
2020-04-22,Butte,007,227075,24,15,1,16,0
2020-04-22,Calaveras,009,45235,13,12,0,12,0
2020-04-22,Colusa,011,21464,3,3,0,3,0
2020-04-22,Contra Costa,013,1133247,900,772,0,772,22
2020-04-22,Del Norte,015,27424,2,2,0,2,0
2020-04-22,El Dorado,017,186661,52,39,0,39,0
2020-04-22,Fresno,019,978130,722,388,5,393,7
2020-04-22,Glenn,021,27897,5,3,0,3,0
2020-04-22,Humboldt,023,135768,59,53,0,53,0
2020-04-22,Imperial,025,180216,386,170,0,170,3
2020-04-22,Inyo,027,18085,19,18,0,18,0
2020-04-22,Kern,029,883053,948,713,1,714,4
2020-04-22,Kings,031,150075,95,28,1,29,1
2020-04-22,Lake,033,64148,6,6,0,6,0
2020-04-22,Lassen,035,31185,1,0,2,2,0
2020-04-22,Los Angeles,037,10098052,22527,16400,17,16417,715
2020-04-22,Madera,039,155013,73,37,1,38,2
2020-04-22,Marin,041,260295,223,202,1,203,11
2020-04-22,Mariposa,043,17540,6,0,0,0,0
2020-04-22,Mendocino,045,87422,7,5,0,5,0
2020-04-22,Merced,047,269075,147,92,0,92,3
2020-04-22,Modoc,049,8938,0,0,0,0,0
2020-04-22,Mono,051,14174,29,23,0,23,1
2020-04-22,Monterey,053,433212,218,154,0,154,4
2020-04-22,Napa,055,140530,65,58,0,58,2
2020-04-22,Nevada,057,99092,41,36,1,37,1
2020-04-22,Orange,059,3164182,2828,1785,14,1799,36
2020-04-22,Placer,061,380077,156,133,0,133,8
2020-04-22,Plumas,063,18699,4,4,0,4,0
2020-04-22,Riverside,065,2383286,4041,2822,6,2828,76
2020-04-22,Sacramento,067,1510023,1059,959,0,959,36
2020-04-22,San Benito,069,59416,45,43,0,43,2
2020-04-22,San Bernardino,071,2135413,2091,1564,1,1565,74
2020-04-22,San Diego,073,3302833,3565,2493,0,2493,96
2020-04-22,San Francisco,075,870044,1546,1255,0,1255,21
2020-04-22,San Joaquin,077,732212,537,462,3,465,20
2020-04-22,San Luis Obispo,079,281455,207,142,1,143,1
2020-04-22,San Mateo,081,765935,1268,945,2,947,40
2020-04-22,Santa Barbara,083,443738,579,437,2,439,6
2020-04-22,Santa Clara,085,1922200,2324,1969,1,1970,95
2020-04-22,Santa Cruz,087,273765,131,106,0,106,2
2020-04-22,Shasta,089,179085,33,26,0,26,3
2020-04-22,Sierra,091,2930,0,0,0,0,0
2020-04-22,Siskiyou,093,43540,5,5,0,5,0
2020-04-22,Solano,095,438530,247,195,0,195,3
2020-04-22,Sonoma,097,501317,235,185,0,185,1
2020-04-22,Stanislaus,099,539301,333,247,4,251,4
2020-04-22,Sutter,101,95872,28,22,0,22,2
2020-04-22,Tehama,103,63373,1,1,0,1,1
2020-04-22,Trinity,105,12862,0,0,0,0,0
2020-04-22,Tulare,107,460477,644,425,2,427,23
2020-04-22,Tuolumne,109,53932,3,2,0,2,0
2020-04-22,Ventura,111,848112,587,465,0,465,15
2020-04-22,Yolo,113,214977,170,147,0,147,8
2020-04-22,Yuba,115,75493,16,15,0,15,1
2020-04-21,Alameda,001,1643700,1572,1234,0,1234,46
2020-04-21,Alpine,003,1148,1,1,0,1,0
2020-04-21,Amador,005,37829,8,7,0,7,0
2020-04-21,Butte,007,227075,23,15,1,16,0
2020-04-21,Calaveras,009,45235,12,12,0,12,0
2020-04-21,Colusa,011,21464,3,3,0,3,0
2020-04-21,Contra Costa,013,1133247,886,766,0,766,22
2020-04-21,Del Norte,015,27424,2,2,0,2,0
2020-04-21,El Dorado,017,186661,51,36,0,36,0
2020-04-21,Fresno,019,978130,688,372,5,377,7
2020-04-21,Glenn,021,27897,5,3,0,3,0
2020-04-21,Humboldt,023,135768,58,53,0,53,0
2020-04-21,Imperial,025,180216,366,165,0,165,2
2020-04-21,Inyo,027,18085,19,18,0,18,0
2020-04-21,Kern,029,883053,906,676,1,677,4
2020-04-21,Kings,031,150075,82,28,1,29,1
2020-04-21,Lake,033,64148,6,6,0,6,0
2020-04-21,Lassen,035,31185,1,0,2,2,0
2020-04-21,Los Angeles,037,10098052,21667,15096,17,15113,650
2020-04-21,Madera,039,155013,73,37,1,38,2
2020-04-21,Marin,041,260295,217,202,1,203,10
2020-04-21,Mariposa,043,17540,5,0,0,0,0
2020-04-21,Mendocino,045,87422,7,5,0,5,0
2020-04-21,Merced,047,269075,143,89,0,89,3
2020-04-21,Modoc,049,8938,0,0,0,0,0
2020-04-21,Mono,051,14174,29,23,0,23,1
2020-04-21,Monterey,053,433212,215,151,0,151,4
2020-04-21,Napa,055,140530,64,58,0,58,2
2020-04-21,Nevada,057,99092,41,36,1,37,1
2020-04-21,Orange,059,3164182,2705,1717,13,1730,36
2020-04-21,Placer,061,380077,154,133,0,133,8
2020-04-21,Plumas,063,18699,4,4,0,4,0
2020-04-21,Riverside,065,2383286,3910,2631,6,2637,68
2020-04-21,Sacramento,067,1510023,1049,941,0,941,33
2020-04-21,San Benito,069,59416,44,43,0,43,2
2020-04-21,San Bernardino,071,2135413,2030,1499,1,1500,71
2020-04-21,San Diego,073,3302833,3409,2436,0,2436,87
2020-04-21,San Francisco,075,870044,1516,1232,0,1232,20
2020-04-21,San Joaquin,077,732212,527,447,3,450,20
2020-04-21,San Luis Obispo,079,281455,202,134,1,135,1
2020-04-21,San Mateo,081,765935,1222,933,2,935,34
2020-04-21,Santa Barbara,083,443738,567,414,1,415,5
2020-04-21,Santa Clara,085,1922200,2280,1943,1,1944,91
2020-04-21,Santa Cruz,087,273765,129,104,0,104,2
2020-04-21,Shasta,089,179085,32,26,0,26,3
2020-04-21,Sierra,091,2930,0,0,0,0,0
2020-04-21,Siskiyou,093,43540,5,5,0,5,0
2020-04-21,Solano,095,438530,239,193,0,193,3
2020-04-21,Sonoma,097,501317,225,182,0,182,1
2020-04-21,Stanislaus,099,539301,314,235,4,239,4
2020-04-21,Sutter,101,95872,28,22,0,22,2
2020-04-21,Tehama,103,63373,1,1,0,1,1
2020-04-21,Trinity,105,12862,0,0,0,0,0
2020-04-21,Tulare,107,460477,608,410,2,412,23
2020-04-21,Tuolumne,109,53932,3,2,0,2,0
2020-04-21,Ventura,111,848112,575,455,0,455,14
2020-04-21,Yolo,113,214977,168,143,0,143,8
2020-04-21,Yuba,115,75493,16,15,0,15,1
2020-04-20,Alameda,001,1643700,1539,1181,0,1181,42
2020-04-20,Alpine,003,1148,1,1,0,1,0
2020-04-20,Amador,005,37829,8,7,0,7,0
2020-04-20,Butte,007,227075,23,15,1,16,0
2020-04-20,Calaveras,009,45235,12,12,0,12,0
2020-04-20,Colusa,011,21464,3,3,0,3,0
2020-04-20,Contra Costa,013,1133247,876,753,0,753,22
2020-04-20,Del Norte,015,27424,2,2,0,2,0
2020-04-20,El Dorado,017,186661,51,36,0,36,0
2020-04-20,Fresno,019,978130,670,356,5,361,7
2020-04-20,Glenn,021,27897,4,3,0,3,0
2020-04-20,Humboldt,023,135768,58,53,0,53,0
2020-04-20,Imperial,025,180216,346,149,0,149,2
2020-04-20,Inyo,027,18085,19,17,0,17,0
2020-04-20,Kern,029,883053,874,651,1,652,3
2020-04-20,Kings,031,150075,71,19,1,20,1
2020-04-20,Lake,033,64148,6,6,0,6,0
2020-04-20,Lassen,035,31185,1,0,2,2,0
2020-04-20,Los Angeles,037,10098052,20753,13787,17,13804,608
2020-04-20,Madera,039,155013,72,35,1,36,2
2020-04-20,Marin,041,260295,213,200,1,201,10
2020-04-20,Mariposa,043,17540,5,0,0,0,0
2020-04-20,Mendocino,045,87422,7,5,0,5,0
2020-04-20,Merced,047,269075,136,88,0,88,3
2020-04-20,Modoc,049,8938,0,0,0,0,0
2020-04-20,Mono,051,14174,29,23,0,23,1
2020-04-20,Monterey,053,433212,206,147,0,147,4
2020-04-20,Napa,055,140530,64,55,0,55,2
2020-04-20,Nevada,057,99092,41,34,1,35,1
2020-04-20,Orange,059,3164182,2624,1679,13,1692,33
2020-04-20,Placer,061,380077,153,132,0,132,8
2020-04-20,Plumas,063,18699,4,4,0,4,0
2020-04-20,Riverside,065,2383286,3785,2477,6,2483,61
2020-04-20,Sacramento,067,1510023,1039,924,0,924,32
2020-04-20,San Benito,069,59416,44,43,0,43,2
2020-04-20,San Bernardino,071,2135413,1943,1344,1,1345,63
2020-04-20,San Diego,073,3302833,3268,2327,0,2327,72
2020-04-20,San Francisco,075,870044,1484,1223,0,1223,19
2020-04-20,San Joaquin,077,732212,523,422,3,425,17
2020-04-20,San Luis Obispo,079,281455,188,132,1,133,1
2020-04-20,San Mateo,081,765935,1199,890,2,892,31
2020-04-20,Santa Barbara,083,443738,556,388,1,389,4
2020-04-20,Santa Clara,085,1922200,2256,1920,1,1921,84
2020-04-20,Santa Cruz,087,273765,127,102,0,102,2
2020-04-20,Shasta,089,179085,32,26,0,26,3
2020-04-20,Sierra,091,2930,0,0,0,0,0
2020-04-20,Siskiyou,093,43540,5,5,0,5,0
2020-04-20,Solano,095,438530,236,185,0,185,2
2020-04-20,Sonoma,097,501317,217,178,0,178,1
2020-04-20,Stanislaus,099,539301,300,228,4,232,3
2020-04-20,Sutter,101,95872,27,22,0,22,2
2020-04-20,Tehama,103,63373,1,1,0,1,1
2020-04-20,Trinity,105,12862,0,0,0,0,0
2020-04-20,Tulare,107,460477,598,401,2,403,20
2020-04-20,Tuolumne,109,53932,3,2,0,2,0
2020-04-20,Ventura,111,848112,563,426,0,426,13
2020-04-20,Yolo,113,214977,167,125,0,125,5
2020-04-20,Yuba,115,75493,16,15,0,15,1
2020-04-19,Alameda,001,1643700,1489,1134,0,1134,41
2020-04-19,Alpine,003,1148,1,1,0,1,0
2020-04-19,Amador,005,37829,7,7,0,7,0
2020-04-19,Butte,007,227075,22,15,1,16,0
2020-04-19,Calaveras,009,45235,12,12,0,12,0
2020-04-19,Colusa,011,21464,3,3,0,3,0
2020-04-19,Contra Costa,013,1133247,862,731,0,731,20
2020-04-19,Del Norte,015,27424,2,2,0,2,0
2020-04-19,El Dorado,017,186661,51,36,0,36,0
2020-04-19,Fresno,019,978130,634,326,5,331,7
2020-04-19,Glenn,021,27897,4,3,0,3,0
2020-04-19,Humboldt,023,135768,58,53,0,53,0
2020-04-19,Imperial,025,180216,320,144,0,144,2
2020-04-19,Inyo,027,18085,19,17,0,17,0
2020-04-19,Kern,029,883053,849,629,1,630,3
2020-04-19,Kings,031,150075,61,17,1,18,1
2020-04-19,Lake,033,64148,6,6,0,6,0
2020-04-19,Lassen,035,31185,1,0,2,2,0
2020-04-19,Los Angeles,037,10098052,19758,12299,17,12316,589
2020-04-19,Madera,039,155013,70,34,1,35,2
2020-04-19,Marin,041,260295,212,194,1,195,10
2020-04-19,Mariposa,043,17540,2,0,0,0,0
2020-04-19,Mendocino,045,87422,7,4,0,4,0
2020-04-19,Merced,047,269075,131,85,0,85,3
2020-04-19,Modoc,049,8938,0,0,0,0,0
2020-04-19,Mono,051,14174,29,23,0,23,1
2020-04-19,Monterey,053,433212,198,140,0,140,4
2020-04-19,Napa,055,140530,62,49,0,49,2
2020-04-19,Nevada,057,99092,40,34,1,35,1
2020-04-19,Orange,059,3164182,2525,1591,11,1602,32
2020-04-19,Placer,061,380077,152,131,0,131,8
2020-04-19,Plumas,063,18699,4,4,0,4,0
2020-04-19,Riverside,065,2383286,3642,2316,6,2322,56
2020-04-19,Sacramento,067,1510023,1012,912,0,912,32
2020-04-19,San Benito,069,59416,42,40,0,40,2
2020-04-19,San Bernardino,071,2135413,1880,1262,1,1263,58
2020-04-19,San Diego,073,3302833,3101,2270,0,2270,71
2020-04-19,San Francisco,075,870044,1451,1153,0,1153,19
2020-04-19,San Joaquin,077,732212,505,404,3,407,17
2020-04-19,San Luis Obispo,079,281455,183,132,1,133,1
2020-04-19,San Mateo,081,765935,1163,845,2,847,31
2020-04-19,Santa Barbara,083,443738,547,377,1,378,3
2020-04-19,Santa Clara,085,1922200,2220,1878,1,1879,81
2020-04-19,Santa Cruz,087,273765,124,98,0,98,2
2020-04-19,Shasta,089,179085,30,26,0,26,3
2020-04-19,Sierra,091,2930,0,0,0,0,0
2020-04-19,Siskiyou,093,43540,5,5,0,5,0
2020-04-19,Solano,095,438530,228,174,0,174,2
2020-04-19,Sonoma,097,501317,211,172,0,172,1
2020-04-19,Stanislaus,099,539301,292,221,4,225,3
2020-04-19,Sutter,101,95872,26,21,0,21,2
2020-04-19,Tehama,103,63373,1,1,0,1,1
2020-04-19,Trinity,105,12862,0,0,0,0,0
2020-04-19,Tulare,107,460477,554,391,2,393,17
2020-04-19,Tuolumne,109,53932,3,2,0,2,0
2020-04-19,Ventura,111,848112,555,418,0,418,13
2020-04-19,Yolo,113,214977,167,120,0,120,5
2020-04-19,Yuba,115,75493,16,15,0,15,1
2020-04-18,Alameda,001,1643700,1464,1085,0,1085,40
2020-04-18,Alpine,003,1148,1,1,0,1,0
2020-04-18,Amador,005,37829,7,7,0,7,0
2020-04-18,Butte,007,227075,21,15,1,16,0
2020-04-18,Calaveras,009,45235,12,12,0,12,0
2020-04-18,Colusa,011,21464,3,3,0,3,0
2020-04-18,Contra Costa,013,1133247,850,721,0,721,17
2020-04-18,Del Norte,015,27424,2,2,0,2,0
2020-04-18,El Dorado,017,186661,51,36,0,36,0
2020-04-18,Fresno,019,978130,614,319,5,324,7
2020-04-18,Glenn,021,27897,4,3,0,3,0
2020-04-18,Humboldt,023,135768,58,52,0,52,0
2020-04-18,Imperial,025,180216,311,137,0,137,2
2020-04-18,Inyo,027,18085,19,17,0,17,0
2020-04-18,Kern,029,883053,827,626,1,627,3
2020-04-18,Kings,031,150075,60,17,1,18,1
2020-04-18,Lake,033,64148,6,6,0,6,0
2020-04-18,Lassen,035,31185,1,0,2,2,0
2020-04-18,Los Angeles,037,10098052,19233,11984,16,12000,566
2020-04-18,Madera,039,155013,69,34,1,35,2
2020-04-18,Marin,041,260295,210,193,1,194,10
2020-04-18,Mariposa,043,17540,2,0,0,0,0
2020-04-18,Mendocino,045,87422,7,4,0,4,0
2020-04-18,Merced,047,269075,129,82,0,82,3
2020-04-18,Modoc,049,8938,0,0,0,0,0
2020-04-18,Mono,051,14174,29,22,0,22,1
2020-04-18,Monterey,053,433212,194,135,0,135,3
2020-04-18,Napa,055,140530,62,49,0,49,2
2020-04-18,Nevada,057,99092,39,34,1,35,1
2020-04-18,Orange,059,3164182,2461,1569,10,1579,32
2020-04-18,Placer,061,380077,150,130,0,130,8
2020-04-18,Plumas,063,18699,4,4,0,4,0
2020-04-18,Riverside,065,2383286,3569,2257,6,2263,56
2020-04-18,Sacramento,067,1510023,1000,901,0,901,32
2020-04-18,San Benito,069,59416,42,40,0,40,2
2020-04-18,San Bernardino,071,2135413,1835,1255,1,1256,58
2020-04-18,San Diego,073,3302833,2999,2215,0,2215,71
2020-04-18,San Francisco,075,870044,1412,1144,0,1144,19
2020-04-18,San Joaquin,077,732212,496,392,3,395,17
2020-04-18,San Luis Obispo,079,281455,179,129,1,130,1
2020-04-18,San Mateo,081,765935,1141,821,2,823,31
2020-04-18,Santa Barbara,083,443738,541,372,1,373,3
2020-04-18,Santa Clara,085,1922200,2190,1862,1,1863,79
2020-04-18,Santa Cruz,087,273765,122,96,0,96,2
2020-04-18,Shasta,089,179085,30,26,0,26,3
2020-04-18,Sierra,091,2930,0,0,0,0,0
2020-04-18,Siskiyou,093,43540,5,5,0,5,0
2020-04-18,Solano,095,438530,225,175,0,175,2
2020-04-18,Sonoma,097,501317,207,168,0,168,1
2020-04-18,Stanislaus,099,539301,284,216,4,220,3
2020-04-18,Sutter,101,95872,26,21,0,21,2
2020-04-18,Tehama,103,63373,1,1,0,1,1
2020-04-18,Trinity,105,12862,0,0,0,0,0
2020-04-18,Tulare,107,460477,545,385,2,387,17
2020-04-18,Tuolumne,109,53932,3,2,0,2,0
2020-04-18,Ventura,111,848112,547,416,0,416,13
2020-04-18,Yolo,113,214977,165,118,0,118,5
2020-04-18,Yuba,115,75493,16,14,0,14,1
2020-04-17,Alameda,001,1643700,1409,1043,0,1043,40
2020-04-17,Alpine,003,1148,1,1,0,1,0
2020-04-17,Amador,005,37829,7,7,0,7,0
2020-04-17,Butte,007,227075,21,15,1,16,0
2020-04-17,Calaveras,009,45235,12,11,0,11,0
2020-04-17,Colusa,011,21464,3,3,0,3,0
2020-04-17,Contra Costa,013,1133247,840,687,0,687,15
2020-04-17,Del Norte,015,27424,2,2,0,2,0
2020-04-17,El Dorado,017,186661,51,35,0,35,0
2020-04-17,Fresno,019,978130,592,315,5,320,7
2020-04-17,Glenn,021,27897,4,3,0,3,0
2020-04-17,Humboldt,023,135768,57,52,0,52,0
2020-04-17,Imperial,025,180216,302,135,0,135,2
2020-04-17,Inyo,027,18085,19,17,0,17,0
2020-04-17,Kern,029,883053,807,612,1,613,3
2020-04-17,Kings,031,150075,58,15,1,16,1
2020-04-17,Lake,033,64148,6,6,0,6,0
2020-04-17,Lassen,035,31185,1,0,2,2,0
2020-04-17,Los Angeles,037,10098052,18590,11354,16,11370,489
2020-04-17,Madera,039,155013,69,34,1,35,2
2020-04-17,Marin,041,260295,207,189,1,190,10
2020-04-17,Mariposa,043,17540,1,0,0,0,0
2020-04-17,Mendocino,045,87422,7,4,0,4,0
2020-04-17,Merced,047,269075,128,80,0,80,3
2020-04-17,Modoc,049,8938,0,0,0,0,0
2020-04-17,Mono,051,14174,29,22,0,22,1
2020-04-17,Monterey,053,433212,189,119,0,119,3
2020-04-17,Napa,055,140530,60,46,0,46,2
2020-04-17,Nevada,057,99092,38,34,1,35,1
2020-04-17,Orange,059,3164182,2410,1496,10,1506,31
2020-04-17,Placer,061,380077,150,130,0,130,8
2020-04-17,Plumas,063,18699,4,4,0,4,0
2020-04-17,Riverside,065,2383286,3443,2080,6,2086,50
2020-04-17,Sacramento,067,1510023,993,882,0,882,32
2020-04-17,San Benito,069,59416,42,38,0,38,2
2020-04-17,San Bernardino,071,2135413,1796,1229,1,1230,57
2020-04-17,San Diego,073,3302833,2909,2160,0,2160,70
2020-04-17,San Francisco,075,870044,1386,1090,0,1090,19
2020-04-17,San Joaquin,077,732212,485,356,3,359,17
2020-04-17,San Luis Obispo,079,281455,172,116,1,117,1
2020-04-17,San Mateo,081,765935,1125,768,2,770,31
2020-04-17,Santa Barbara,083,443738,536,349,1,350,3
2020-04-17,Santa Clara,085,1922200,2161,1834,1,1835,74
2020-04-17,Santa Cruz,087,273765,121,94,0,94,2
2020-04-17,Shasta,089,179085,30,26,0,26,3
2020-04-17,Sierra,091,2930,0,0,0,0,0
2020-04-17,Siskiyou,093,43540,5,5,0,5,0
2020-04-17,Solano,095,438530,224,173,0,173,2
2020-04-17,Sonoma,097,501317,204,167,0,167,1
2020-04-17,Stanislaus,099,539301,282,201,4,205,3
2020-04-17,Sutter,101,95872,26,20,0,20,2
2020-04-17,Tehama,103,63373,1,1,0,1,1
2020-04-17,Trinity,105,12862,0,0,0,0,0
2020-04-17,Tulare,107,460477,538,370,2,372,17
2020-04-17,Tuolumne,109,53932,3,2,0,2,0
2020-04-17,Ventura,111,848112,542,398,0,398,13
2020-04-17,Yolo,113,214977,164,117,0,117,5
2020-04-17,Yuba,115,75493,16,14,0,14,1
2020-04-16,Alameda,001,1643700,1376,981,0,981,39
2020-04-16,Alpine,003,1148,1,1,0,1,0
2020-04-16,Amador,005,37829,7,7,0,7,0
2020-04-16,Butte,007,227075,20,15,1,16,0
2020-04-16,Calaveras,009,45235,12,10,0,10,0
2020-04-16,Colusa,011,21464,3,3,0,3,0
2020-04-16,Contra Costa,013,1133247,826,675,0,675,14
2020-04-16,Del Norte,015,27424,2,2,0,2,0
2020-04-16,El Dorado,017,186661,50,34,0,34,0
2020-04-16,Fresno,019,978130,563,289,5,294,7
2020-04-16,Glenn,021,27897,4,3,0,3,0
2020-04-16,Humboldt,023,135768,57,47,0,47,0
2020-04-16,Imperial,025,180216,288,132,0,132,2
2020-04-16,Inyo,027,18085,17,17,0,17,0
2020-04-16,Kern,029,883053,781,587,1,588,3
2020-04-16,Kings,031,150075,54,12,1,13,1
2020-04-16,Lake,033,64148,6,6,0,6,0
2020-04-16,Lassen,035,31185,1,0,2,2,0
2020-04-16,Los Angeles,037,10098052,17706,10786,16,10802,447
2020-04-16,Madera,039,155013,67,34,1,35,2
2020-04-16,Marin,041,260295,203,170,1,171,10
2020-04-16,Mariposa,043,17540,1,1,0,1,0
2020-04-16,Mendocino,045,87422,7,4,0,4,0
2020-04-16,Merced,047,269075,122,76,0,76,3
2020-04-16,Modoc,049,8938,0,0,0,0,0
2020-04-16,Mono,051,14174,29,22,0,22,1
2020-04-16,Monterey,053,433212,186,116,0,116,3
2020-04-16,Napa,055,140530,57,44,0,44,2
2020-04-16,Nevada,057,99092,38,34,1,35,1
2020-04-16,Orange,059,3164182,2346,1439,9,1448,28
2020-04-16,Placer,061,380077,148,129,0,129,7
2020-04-16,Plumas,063,18699,4,4,0,4,0
2020-04-16,Riverside,065,2383286,3325,1913,6,1919,45
2020-04-16,Sacramento,067,1510023,985,865,0,865,32
2020-04-16,San Benito,069,59416,42,36,0,36,2
2020-04-16,San Bernardino,071,2135413,1713,1143,0,1143,54
2020-04-16,San Diego,073,3302833,2801,2089,0,2089,63
2020-04-16,San Francisco,075,870044,1342,1039,0,1039,16
2020-04-16,San Joaquin,077,732212,470,345,3,348,17
2020-04-16,San Luis Obispo,079,281455,168,113,1,114,1
2020-04-16,San Mateo,081,765935,1096,745,2,747,29
2020-04-16,Santa Barbara,083,443738,523,331,1,332,3
2020-04-16,Santa Clara,085,1922200,2132,1789,1,1790,70
2020-04-16,Santa Cruz,087,273765,119,90,0,90,2
2020-04-16,Shasta,089,179085,30,25,0,25,3
2020-04-16,Sierra,091,2930,0,0,0,0,0
2020-04-16,Siskiyou,093,43540,5,5,0,5,0
2020-04-16,Solano,095,438530,221,162,0,162,2
2020-04-16,Sonoma,097,501317,199,145,0,145,1
2020-04-16,Stanislaus,099,539301,279,185,4,189,3
2020-04-16,Sutter,101,95872,25,21,0,21,2
2020-04-16,Tehama,103,63373,1,1,0,1,1
2020-04-16,Trinity,105,12862,0,0,0,0,0
2020-04-16,Tulare,107,460477,522,305,2,307,16
2020-04-16,Tuolumne,109,53932,3,1,0,1,0
2020-04-16,Ventura,111,848112,530,384,0,384,13
2020-04-16,Yolo,113,214977,162,98,0,98,4
2020-04-16,Yuba,115,75493,15,14,0,14,1
2020-04-15,Alameda,001,1643700,1326,915,0,915,38
2020-04-15,Alpine,003,1148,1,1,0,1,0
2020-04-15,Amador,005,37829,7,7,0,7,0
2020-04-15,Butte,007,227075,20,14,1,15,0
2020-04-15,Calaveras,009,45235,11,9,0,9,0
2020-04-15,Colusa,011,21464,3,3,0,3,0
2020-04-15,Contra Costa,013,1133247,804,645,0,645,14
2020-04-15,Del Norte,015,27424,2,2,0,2,0
2020-04-15,El Dorado,017,186661,48,33,0,33,0
2020-04-15,Fresno,019,978130,538,264,5,269,7
2020-04-15,Glenn,021,27897,4,3,0,3,0
2020-04-15,Humboldt,023,135768,57,47,0,47,0
2020-04-15,Imperial,025,180216,262,115,0,115,2
2020-04-15,Inyo,027,18085,17,12,0,12,0
2020-04-15,Kern,029,883053,759,500,1,501,3
2020-04-15,Kings,031,150075,50,12,1,13,1
2020-04-15,Lake,033,64148,6,4,0,4,0
2020-04-15,Lassen,035,31185,1,0,2,2,0
2020-04-15,Los Angeles,037,10098052,16885,10416,16,10432,394
2020-04-15,Madera,039,155013,67,30,1,31,2
2020-04-15,Marin,041,260295,200,162,1,163,10
2020-04-15,Mariposa,043,17540,0,0,0,0,0
2020-04-15,Mendocino,045,87422,6,4,0,4,0
2020-04-15,Merced,047,269075,120,74,0,74,3
2020-04-15,Modoc,049,8938,0,0,0,0,0
2020-04-15,Mono,051,14174,29,22,0,22,1
2020-04-15,Monterey,053,433212,178,106,0,106,3
2020-04-15,Napa,055,140530,55,34,0,34,2
2020-04-15,Nevada,057,99092,37,34,1,35,1
2020-04-15,Orange,059,3164182,2243,1377,9,1386,24
2020-04-15,Placer,061,380077,147,123,0,123,6
2020-04-15,Plumas,063,18699,4,4,0,4,0
2020-04-15,Riverside,065,2383286,3130,1723,6,1729,42
2020-04-15,Sacramento,067,1510023,976,839,0,839,32
2020-04-15,San Benito,069,59416,42,34,0,34,2
2020-04-15,San Bernardino,071,2135413,1643,1063,0,1063,45
2020-04-15,San Diego,073,3302833,2713,2014,0,2014,60
2020-04-15,San Francisco,075,870044,1306,1006,0,1006,16
2020-04-15,San Joaquin,077,732212,462,329,3,332,17
2020-04-15,San Luis Obispo,079,281455,161,112,1,113,1
2020-04-15,San Mateo,081,765935,1047,707,2,709,28
2020-04-15,Santa Barbara,083,443738,504,317,1,318,2
2020-04-15,Santa Clara,085,1922200,2097,1692,1,1693,69
2020-04-15,Santa Cruz,087,273765,115,92,0,92,2
2020-04-15,Shasta,089,179085,30,25,0,25,3
2020-04-15,Sierra,091,2930,0,0,0,0,0
2020-04-15,Siskiyou,093,43540,5,5,0,5,0
2020-04-15,Solano,095,438530,216,153,0,153,2
2020-04-15,Sonoma,097,501317,197,140,0,140,1
2020-04-15,Stanislaus,099,539301,272,174,4,178,3
2020-04-15,Sutter,101,95872,25,19,0,19,2
2020-04-15,Tehama,103,63373,1,1,0,1,1
2020-04-15,Trinity,105,12862,0,0,0,0,0
2020-04-15,Tulare,107,460477,505,289,2,291,14
2020-04-15,Tuolumne,109,53932,3,1,0,1,0
2020-04-15,Ventura,111,848112,515,365,0,365,13
2020-04-15,Yolo,113,214977,158,93,0,93,3
2020-04-15,Yuba,115,75493,15,15,0,15,1
2020-04-14,Alameda,001,1643700,1281,843,0,843,30
2020-04-14,Alpine,003,1148,1,1,0,1,0
2020-04-14,Amador,005,37829,7,6,0,6,0
2020-04-14,Butte,007,227075,20,13,1,14,0
2020-04-14,Calaveras,009,45235,11,5,0,5,0
2020-04-14,Colusa,011,21464,3,3,0,3,0
2020-04-14,Contra Costa,013,1133247,792,617,0,617,12
2020-04-14,Del Norte,015,27424,2,2,0,2,0
2020-04-14,El Dorado,017,186661,48,30,0,30,0
2020-04-14,Fresno,019,978130,515,244,5,249,6
2020-04-14,Glenn,021,27897,4,3,0,3,0
2020-04-14,Humboldt,023,135768,57,44,0,44,0
2020-04-14,Imperial,025,180216,242,86,0,86,2
2020-04-14,Inyo,027,18085,17,12,0,12,0
2020-04-14,Kern,029,883053,736,453,1,454,3
2020-04-14,Kings,031,150075,49,12,1,13,1
2020-04-14,Lake,033,64148,6,3,0,3,0
2020-04-14,Lassen,035,31185,1,0,2,2,0
2020-04-14,Los Angeles,037,10098052,15991,9948,15,9963,357
2020-04-14,Madera,039,155013,66,29,1,30,2
2020-04-14,Marin,041,260295,196,147,1,148,9
2020-04-14,Mariposa,043,17540,0,0,0,0,0
2020-04-14,Mendocino,045,87422,6,4,0,4,0
2020-04-14,Merced,047,269075,113,61,0,61,3
2020-04-14,Modoc,049,8938,0,0,0,0,0
2020-04-14,Mono,051,14174,29,22,0,22,1
2020-04-14,Monterey,053,433212,173,98,0,98,3
2020-04-14,Napa,055,140530,55,33,0,33,2
2020-04-14,Nevada,057,99092,37,34,1,35,1
2020-04-14,Orange,059,3164182,2138,1362,9,1371,24
2020-04-14,Placer,061,380077,146,117,0,117,5
2020-04-14,Plumas,063,18699,4,3,0,3,0
2020-04-14,Riverside,065,2383286,2995,1467,6,1473,40
2020-04-14,Sacramento,067,1510023,967,737,0,737,29
2020-04-14,San Benito,069,59416,39,34,0,34,2
2020-04-14,San Bernardino,071,2135413,1588,933,0,933,37
2020-04-14,San Diego,073,3302833,2618,1932,0,1932,53
2020-04-14,San Francisco,075,870044,1252,968,0,968,14
2020-04-14,San Joaquin,077,732212,452,280,3,283,17
2020-04-14,San Luis Obispo,079,281455,159,109,1,110,1
2020-04-14,San Mateo,081,765935,1013,681,2,683,28
2020-04-14,Santa Barbara,083,443738,479,292,1,293,2
2020-04-14,Santa Clara,085,1922200,2064,1561,1,1562,63
2020-04-14,Santa Cruz,087,273765,107,84,0,84,2
2020-04-14,Shasta,089,179085,30,24,0,24,3
2020-04-14,Sierra,091,2930,0,0,0,0,0
2020-04-14,Siskiyou,093,43540,5,5,0,5,0
2020-04-14,Solano,095,438530,213,140,0,140,2
2020-04-14,Sonoma,097,501317,193,133,0,133,1
2020-04-14,Stanislaus,099,539301,259,136,4,140,3
2020-04-14,Sutter,101,95872,24,19,0,19,2
2020-04-14,Tehama,103,63373,1,1,0,1,1
2020-04-14,Trinity,105,12862,0,0,0,0,0
2020-04-14,Tulare,107,460477,482,228,2,230,12
2020-04-14,Tuolumne,109,53932,3,0,0,0,0
2020-04-14,Ventura,111,848112,502,328,0,328,11
2020-04-14,Yolo,113,214977,154,81,0,81,3
2020-04-14,Yuba,115,75493,14,14,0,14,1
2020-04-13,Alameda,001,1643700,1242,821,0,821,23
2020-04-13,Alpine,003,1148,1,1,0,1,0
2020-04-13,Amador,005,37829,7,6,0,6,0
2020-04-13,Butte,007,227075,20,13,1,14,0
2020-04-13,Calaveras,009,45235,10,5,0,5,0
2020-04-13,Colusa,011,21464,3,3,0,3,0
2020-04-13,Contra Costa,013,1133247,776,569,0,569,12
2020-04-13,Del Norte,015,27424,2,2,0,2,0
2020-04-13,El Dorado,017,186661,46,29,0,29,0
2020-04-13,Fresno,019,978130,493,205,4,209,4
2020-04-13,Glenn,021,27897,4,3,0,3,0
2020-04-13,Humboldt,023,135768,57,44,0,44,0
2020-04-13,Imperial,025,180216,224,82,0,82,2
2020-04-13,Inyo,027,18085,17,12,0,12,0
2020-04-13,Kern,029,883053,711,346,1,347,3
2020-04-13,Kings,031,150075,45,9,1,10,0
2020-04-13,Lake,033,64148,6,3,0,3,0
2020-04-13,Lassen,035,31185,1,0,2,2,0
2020-04-13,Los Angeles,037,10098052,15277,9367,15,9382,317
2020-04-13,Madera,039,155013,64,29,1,30,2
2020-04-13,Marin,041,260295,192,144,1,145,6
2020-04-13,Mariposa,043,17540,0,0,0,0,0
2020-04-13,Mendocino,045,87422,6,4,0,4,0
2020-04-13,Merced,047,269075,112,60,0,60,3
2020-04-13,Modoc,049,8938,0,0,0,0,0
2020-04-13,Mono,051,14174,29,21,0,21,1
2020-04-13,Monterey,053,433212,166,86,0,86,3
2020-04-13,Napa,055,140530,54,30,0,30,2
2020-04-13,Nevada,057,99092,37,24,1,25,1
2020-04-13,Orange,059,3164182,2065,1313,9,1322,21
2020-04-13,Placer,061,380077,145,116,0,116,5
2020-04-13,Plumas,063,18699,4,3,0,3,0
2020-04-13,Riverside,065,2383286,2855,1460,5,1465,35
2020-04-13,Sacramento,067,1510023,955,723,0,723,25
2020-04-13,San Benito,069,59416,38,33,0,33,2
2020-04-13,San Bernardino,071,2135413,1513,920,0,920,30
2020-04-13,San Diego,073,3302833,2535,1849,0,1849,47
2020-04-13,San Francisco,075,870044,1214,948,0,948,12
2020-04-13,San Joaquin,077,732212,438,255,3,258,16
2020-04-13,San Luis Obispo,079,281455,154,106,1,107,1
2020-04-13,San Mateo,081,765935,973,679,2,681,25
2020-04-13,Santa Barbara,083,443738,460,271,0,271,2
2020-04-13,Santa Clara,085,1922200,2024,1540,1,1541,58
2020-04-13,Santa Cruz,087,273765,101,82,0,82,1
2020-04-13,Shasta,089,179085,29,24,0,24,3
2020-04-13,Sierra,091,2930,0,0,0,0,0
2020-04-13,Siskiyou,093,43540,5,5,0,5,0
2020-04-13,Solano,095,438530,210,136,0,136,2
2020-04-13,Sonoma,097,501317,186,133,0,133,1
2020-04-13,Stanislaus,099,539301,253,130,4,134,1
2020-04-13,Sutter,101,95872,24,18,0,18,2
2020-04-13,Tehama,103,63373,1,1,0,1,0
2020-04-13,Trinity,105,12862,0,0,0,0,0
2020-04-13,Tulare,107,460477,446,185,2,187,11
2020-04-13,Tuolumne,109,53932,3,0,0,0,0
2020-04-13,Ventura,111,848112,481,309,0,309,9
2020-04-13,Yolo,113,214977,148,81,0,81,3
2020-04-13,Yuba,115,75493,14,13,0,13,1
2020-04-12,Alameda,001,1643700,1199,774,0,774,23
2020-04-12,Alpine,003,1148,1,1,0,1,0
2020-04-12,Amador,005,37829,7,6,0,6,0
2020-04-12,Butte,007,227075,20,13,1,14,0
2020-04-12,Calaveras,009,45235,10,5,0,5,0
2020-04-12,Colusa,011,21464,3,3,0,3,0
2020-04-12,Contra Costa,013,1133247,764,553,0,553,12
2020-04-12,Del Norte,015,27424,2,2,0,2,0
2020-04-12,El Dorado,017,186661,46,28,0,28,0
2020-04-12,Fresno,019,978130,464,205,4,209,4
2020-04-12,Glenn,021,27897,4,3,0,3,0
2020-04-12,Humboldt,023,135768,57,43,0,43,0
2020-04-12,Imperial,025,180216,201,78,0,78,2
2020-04-12,Inyo,027,18085,15,12,0,12,0
2020-04-12,Kern,029,883053,679,319,0,319,3
2020-04-12,Kings,031,150075,43,9,1,10,0
2020-04-12,Lake,033,64148,6,3,0,3,0
2020-04-12,Lassen,035,31185,1,0,2,2,0
2020-04-12,Los Angeles,037,10098052,14564,9133,15,9148,294
2020-04-12,Madera,039,155013,63,29,1,30,2
2020-04-12,Marin,041,260295,181,138,1,139,6
2020-04-12,Mariposa,043,17540,0,0,0,0,0
2020-04-12,Mendocino,045,87422,6,4,0,4,0
2020-04-12,Merced,047,269075,106,58,0,58,3
2020-04-12,Modoc,049,8938,0,0,0,0,0
2020-04-12,Mono,051,14174,29,20,0,20,1
2020-04-12,Monterey,053,433212,152,85,0,85,3
2020-04-12,Napa,055,140530,52,29,0,29,2
2020-04-12,Nevada,057,99092,37,24,1,25,1
2020-04-12,Orange,059,3164182,2004,1283,8,1291,21
2020-04-12,Placer,061,380077,144,114,0,114,4
2020-04-12,Plumas,063,18699,4,3,0,3,0
2020-04-12,Riverside,065,2383286,2673,1330,5,1335,34
2020-04-12,Sacramento,067,1510023,918,689,0,689,25
2020-04-12,San Benito,069,59416,36,33,0,33,2
2020-04-12,San Bernardino,071,2135413,1437,827,0,827,30
2020-04-12,San Diego,073,3302833,2445,1806,0,1806,45
2020-04-12,San Francisco,075,870044,1187,886,0,886,11
2020-04-12,San Joaquin,077,732212,420,246,3,249,15
2020-04-12,San Luis Obispo,079,281455,152,102,1,103,1
2020-04-12,San Mateo,081,765935,947,664,2,666,25
2020-04-12,Santa Barbara,083,443738,434,261,0,261,2
2020-04-12,Santa Clara,085,1922200,2000,1461,1,1462,53
2020-04-12,Santa Cruz,087,273765,100,80,0,80,1
2020-04-12,Shasta,089,179085,29,24,0,24,3
2020-04-12,Sierra,091,2930,0,0,0,0,0
2020-04-12,Siskiyou,093,43540,5,5,0,5,0
2020-04-12,Solano,095,438530,204,136,0,136,2
2020-04-12,Sonoma,097,501317,183,131,0,131,1
2020-04-12,Stanislaus,099,539301,245,117,4,121,1
2020-04-12,Sutter,101,95872,23,18,0,18,2
2020-04-12,Tehama,103,63373,1,1,0,1,0
2020-04-12,Trinity,105,12862,0,0,0,0,0
2020-04-12,Tulare,107,460477,434,166,2,168,11
2020-04-12,Tuolumne,109,53932,3,0,0,0,0
2020-04-12,Ventura,111,848112,472,306,0,306,9
2020-04-12,Yolo,113,214977,135,67,0,67,3
2020-04-12,Yuba,115,75493,14,13,0,13,1
2020-04-11,Alameda,001,1643700,1158,751,0,751,23
2020-04-11,Alpine,003,1148,1,1,0,1,0
2020-04-11,Amador,005,37829,7,6,0,6,0
2020-04-11,Butte,007,227075,20,13,1,14,0
2020-04-11,Calaveras,009,45235,10,5,0,5,0
2020-04-11,Colusa,011,21464,3,3,0,3,0
2020-04-11,Contra Costa,013,1133247,755,550,0,550,12
2020-04-11,Del Norte,015,27424,2,2,0,2,0
2020-04-11,El Dorado,017,186661,45,29,0,29,0
2020-04-11,Fresno,019,978130,454,201,4,205,4
2020-04-11,Glenn,021,27897,4,3,0,3,0
2020-04-11,Humboldt,023,135768,57,38,0,38,0
2020-04-11,Imperial,025,180216,190,78,0,78,2
2020-04-11,Inyo,027,18085,15,12,0,12,0
2020-04-11,Kern,029,883053,651,304,0,304,3
2020-04-11,Kings,031,150075,40,9,1,10,0
2020-04-11,Lake,033,64148,6,3,0,3,0
2020-04-11,Lassen,035,31185,1,0,2,2,0
2020-04-11,Los Angeles,037,10098052,14094,8823,15,8838,262
2020-04-11,Madera,039,155013,62,29,1,30,2
2020-04-11,Marin,041,260295,178,136,1,137,6
2020-04-11,Mariposa,043,17540,0,0,0,0,0
2020-04-11,Mendocino,045,87422,6,4,0,4,0
2020-04-11,Merced,047,269075,103,59,0,59,3
2020-04-11,Modoc,049,8938,0,0,0,0,0
2020-04-11,Mono,051,14174,29,20,0,20,1
2020-04-11,Monterey,053,433212,146,78,0,78,3
2020-04-11,Napa,055,140530,52,29,0,29,2
2020-04-11,Nevada,057,99092,37,24,1,25,1
2020-04-11,Orange,059,3164182,1943,1267,8,1275,21
2020-04-11,Placer,061,380077,144,113,0,113,4
2020-04-11,Plumas,063,18699,4,3,0,3,0
2020-04-11,Riverside,065,2383286,2594,1260,5,1265,33
2020-04-11,Sacramento,067,1510023,907,685,0,685,25
2020-04-11,San Benito,069,59416,36,33,0,33,2
2020-04-11,San Bernardino,071,2135413,1401,826,0,826,28
2020-04-11,San Diego,073,3302833,2379,1763,0,1763,45
2020-04-11,San Francisco,075,870044,1165,860,0,860,11
2020-04-11,San Joaquin,077,732212,415,244,3,247,15
2020-04-11,San Luis Obispo,079,281455,152,100,0,100,1
2020-04-11,San Mateo,081,765935,935,662,2,664,25
2020-04-11,Santa Barbara,083,443738,426,258,0,258,2
2020-04-11,Santa Clara,085,1922200,1957,1441,1,1442,51
2020-04-11,Santa Cruz,087,273765,100,79,0,79,1
2020-04-11,Shasta,089,179085,29,24,0,24,3
2020-04-11,Sierra,091,2930,0,0,0,0,0
2020-04-11,Siskiyou,093,43540,5,5,0,5,0
2020-04-11,Solano,095,438530,200,138,0,138,2
2020-04-11,Sonoma,097,501317,181,131,0,131,1
2020-04-11,Stanislaus,099,539301,238,119,3,122,1
2020-04-11,Sutter,101,95872,23,18,0,18,2
2020-04-11,Tehama,103,63373,1,1,0,1,0
2020-04-11,Trinity,105,12862,0,0,0,0,0
2020-04-11,Tulare,107,460477,412,168,2,170,10
2020-04-11,Tuolumne,109,53932,3,0,0,0,0
2020-04-11,Ventura,111,848112,462,304,0,304,9
2020-04-11,Yolo,113,214977,132,67,0,67,3
2020-04-11,Yuba,115,75493,14,13,0,13,1
2020-04-10,Alameda,001,1643700,1117,706,0,706,21
2020-04-10,Alpine,003,1148,1,1,0,1,0
2020-04-10,Amador,005,37829,7,5,0,5,0
2020-04-10,Butte,007,227075,20,13,1,14,0
2020-04-10,Calaveras,009,45235,10,5,0,5,0
2020-04-10,Colusa,011,21464,3,3,0,3,0
2020-04-10,Contra Costa,013,1133247,742,537,0,537,10
2020-04-10,Del Norte,015,27424,2,2,0,2,0
2020-04-10,El Dorado,017,186661,45,26,0,26,0
2020-04-10,Fresno,019,978130,447,186,3,189,3
2020-04-10,Glenn,021,27897,4,3,0,3,0
2020-04-10,Humboldt,023,135768,57,36,0,36,0
2020-04-10,Imperial,025,180216,183,70,0,70,2
2020-04-10,Inyo,027,18085,13,11,0,11,0
2020-04-10,Kern,029,883053,627,272,0,272,3
2020-04-10,Kings,031,150075,37,7,1,8,0
2020-04-10,Lake,033,64148,6,3,0,3,0
2020-04-10,Lassen,035,31185,1,0,2,2,0
2020-04-10,Los Angeles,037,10098052,13581,8384,14,8398,239
2020-04-10,Madera,039,155013,61,29,1,30,2
2020-04-10,Marin,041,260295,173,128,1,129,6
2020-04-10,Mariposa,043,17540,0,0,0,0,0
2020-04-10,Mendocino,045,87422,6,4,0,4,0
2020-04-10,Merced,047,269075,100,56,0,56,3
2020-04-10,Modoc,049,8938,0,0,0,0,0
2020-04-10,Mono,051,14174,29,20,0,20,1
2020-04-10,Monterey,053,433212,135,78,0,78,3
2020-04-10,Napa,055,140530,49,28,0,28,2
2020-04-10,Nevada,057,99092,37,23,1,24,1
2020-04-10,Orange,059,3164182,1896,1167,8,1175,21
2020-04-10,Placer,061,380077,143,112,0,112,4
2020-04-10,Plumas,063,18699,4,3,0,3,0
2020-04-10,Riverside,065,2383286,2528,1162,5,1167,30
2020-04-10,Sacramento,067,1510023,898,642,0,642,24
2020-04-10,San Benito,069,59416,36,32,0,32,2
2020-04-10,San Bernardino,071,2135413,1353,779,0,779,27
2020-04-10,San Diego,073,3302833,2319,1695,0,1695,44
2020-04-10,San Francisco,075,870044,1134,797,0,797,10
2020-04-10,San Joaquin,077,732212,403,234,3,237,14
2020-04-10,San Luis Obispo,079,281455,152,97,0,97,1
2020-04-10,San Mateo,081,765935,919,642,2,644,24
2020-04-10,Santa Barbara,083,443738,414,254,0,254,2
2020-04-10,Santa Clara,085,1922200,1907,1351,1,1352,50
2020-04-10,Santa Cruz,087,273765,99,75,0,75,1
2020-04-10,Shasta,089,179085,29,24,0,24,3
2020-04-10,Sierra,091,2930,0,0,0,0,0
2020-04-10,Siskiyou,093,43540,5,5,0,5,0
2020-04-10,Solano,095,438530,197,129,0,129,2
2020-04-10,Sonoma,097,501317,180,129,0,129,1
2020-04-10,Stanislaus,099,539301,231,101,3,104,0
2020-04-10,Sutter,101,95872,23,18,0,18,2
2020-04-10,Tehama,103,63373,1,1,0,1,0
2020-04-10,Trinity,105,12862,0,0,0,0,0
2020-04-10,Tulare,107,460477,370,163,2,165,10
2020-04-10,Tuolumne,109,53932,3,0,0,0,0
2020-04-10,Ventura,111,848112,454,290,0,290,9
2020-04-10,Yolo,113,214977,130,62,0,62,3
2020-04-10,Yuba,115,75493,14,13,0,13,1
2020-04-09,Alameda,001,1643700,1067,641,0,641,17
2020-04-09,Alpine,003,1148,1,1,0,1,0
2020-04-09,Amador,005,37829,7,2,0,2,0
2020-04-09,Butte,007,227075,19,12,1,13,0
2020-04-09,Calaveras,009,45235,10,5,0,5,0
2020-04-09,Colusa,011,21464,3,3,0,3,0
2020-04-09,Contra Costa,013,1133247,699,505,0,505,7
2020-04-09,Del Norte,015,27424,2,2,0,2,0
2020-04-09,El Dorado,017,186661,44,25,0,25,0
2020-04-09,Fresno,019,978130,423,165,3,168,3
2020-04-09,Glenn,021,27897,4,2,0,2,0
2020-04-09,Humboldt,023,135768,57,36,0,36,0
2020-04-09,Imperial,025,180216,162,67,0,67,2
2020-04-09,Inyo,027,18085,12,11,0,11,0
2020-04-09,Kern,029,883053,591,241,0,241,2
2020-04-09,Kings,031,150075,34,5,1,6,0
2020-04-09,Lake,033,64148,5,1,0,1,0
2020-04-09,Lassen,035,31185,1,0,2,2,0
2020-04-09,Los Angeles,037,10098052,12954,7919,14,7933,220
2020-04-09,Madera,039,155013,61,28,1,29,2
2020-04-09,Marin,041,260295,171,126,1,127,7
2020-04-09,Mariposa,043,17540,0,0,0,0,0
2020-04-09,Mendocino,045,87422,6,4,0,4,0
2020-04-09,Merced,047,269075,97,41,0,41,3
2020-04-09,Modoc,049,8938,0,0,0,0,0
2020-04-09,Mono,051,14174,29,19,0,19,1
2020-04-09,Monterey,053,433212,117,70,0,70,3
2020-04-09,Napa,055,140530,45,27,0,27,2
2020-04-09,Nevada,057,99092,36,23,1,24,1
2020-04-09,Orange,059,3164182,1820,1105,7,1112,19
2020-04-09,Placer,061,380077,142,107,0,107,4
2020-04-09,Plumas,063,18699,4,3,0,3,0
2020-04-09,Riverside,065,2383286,2386,1083,5,1088,29
2020-04-09,Sacramento,067,1510023,875,601,0,601,21
2020-04-09,San Benito,069,59416,36,32,0,32,2
2020-04-09,San Bernardino,071,2135413,1284,717,0,717,27
2020-04-09,San Diego,073,3302833,2223,1630,0,1630,40
2020-04-09,San Francisco,075,870044,1114,748,0,748,8
2020-04-09,San Joaquin,077,732212,382,223,3,226,14
2020-04-09,San Luis Obispo,079,281455,144,93,0,93,1
2020-04-09,San Mateo,081,765935,903,630,2,632,23
2020-04-09,Santa Barbara,083,443738,403,232,0,232,2
2020-04-09,Santa Clara,085,1922200,1838,1301,1,1302,49
2020-04-09,Santa Cruz,087,273765,99,73,0,73,1
2020-04-09,Shasta,089,179085,29,22,0,22,3
2020-04-09,Sierra,091,2930,0,0,0,0,0
2020-04-09,Siskiyou,093,43540,5,4,0,4,0
2020-04-09,Solano,095,438530,188,118,0,118,2
2020-04-09,Sonoma,097,501317,176,113,0,113,1
2020-04-09,Stanislaus,099,539301,219,93,3,96,0
2020-04-09,Sutter,101,95872,23,17,0,17,2
2020-04-09,Tehama,103,63373,1,1,0,1,0
2020-04-09,Trinity,105,12862,0,0,0,0,0
2020-04-09,Tulare,107,460477,344,147,2,149,9
2020-04-09,Tuolumne,109,53932,3,0,0,0,0
2020-04-09,Ventura,111,848112,435,273,0,273,9
2020-04-09,Yolo,113,214977,121,59,0,59,3
2020-04-09,Yuba,115,75493,14,13,0,13,0
2020-04-08,Alameda,001,1643700,1026,594,0,594,15
2020-04-08,Alpine,003,1148,1,1,0,1,0
2020-04-08,Amador,005,37829,7,2,0,2,0
2020-04-08,Butte,007,227075,18,11,1,12,0
2020-04-08,Calaveras,009,45235,10,5,0,5,0
2020-04-08,Colusa,011,21464,3,3,0,3,0
2020-04-08,Contra Costa,013,1133247,686,481,0,481,7
2020-04-08,Del Norte,015,27424,2,2,0,2,0
2020-04-08,El Dorado,017,186661,44,25,0,25,0
2020-04-08,Fresno,019,978130,403,151,3,154,3
2020-04-08,Glenn,021,27897,4,2,0,2,0
2020-04-08,Humboldt,023,135768,57,40,0,40,0
2020-04-08,Imperial,025,180216,151,59,0,59,2
2020-04-08,Inyo,027,18085,12,11,0,11,0
2020-04-08,Kern,029,883053,550,198,0,198,2
2020-04-08,Kings,031,150075,34,5,1,6,0
2020-04-08,Lake,033,64148,5,1,0,1,0
2020-04-08,Lassen,035,31185,1,0,2,2,0
2020-04-08,Los Angeles,037,10098052,12353,7505,14,7519,196
2020-04-08,Madera,039,155013,60,28,1,29,2
2020-04-08,Marin,041,260295,165,125,1,126,7
2020-04-08,Mariposa,043,17540,0,0,0,0,0
2020-04-08,Mendocino,045,87422,6,4,0,4,0
2020-04-08,Merced,047,269075,82,35,0,35,1
2020-04-08,Modoc,049,8938,0,0,0,0,0
2020-04-08,Mono,051,14174,29,19,0,19,1
2020-04-08,Monterey,053,433212,108,68,0,68,3
2020-04-08,Napa,055,140530,43,21,0,21,2
2020-04-08,Nevada,057,99092,36,21,1,22,1
2020-04-08,Orange,059,3164182,1758,1034,7,1041,19
2020-04-08,Placer,061,380077,142,102,0,102,4
2020-04-08,Plumas,063,18699,4,3,0,3,0
2020-04-08,Riverside,065,2383286,2232,974,5,979,28
2020-04-08,Sacramento,067,1510023,841,565,0,565,21
2020-04-08,San Benito,069,59416,36,31,0,31,2
2020-04-08,San Bernardino,071,2135413,1227,635,0,635,22
2020-04-08,San Diego,073,3302833,2149,1532,0,1532,36
2020-04-08,San Francisco,075,870044,1046,687,0,687,7
2020-04-08,San Joaquin,077,732212,365,211,3,214,12
2020-04-08,San Luis Obispo,079,281455,142,90,0,90,1
2020-04-08,San Mateo,081,765935,888,608,2,610,22
2020-04-08,Santa Barbara,083,443738,385,221,0,221,2
2020-04-08,Santa Clara,085,1922200,1794,1257,1,1258,47
2020-04-08,Santa Cruz,087,273765,98,69,0,69,1
2020-04-08,Shasta,089,179085,29,18,0,18,3
2020-04-08,Sierra,091,2930,0,0,0,0,0
2020-04-08,Siskiyou,093,43540,5,4,0,4,0
2020-04-08,Solano,095,438530,175,111,0,111,2
2020-04-08,Sonoma,097,501317,171,107,0,107,1
2020-04-08,Stanislaus,099,539301,203,86,3,89,0
2020-04-08,Sutter,101,95872,22,17,0,17,2
2020-04-08,Tehama,103,63373,1,1,0,1,0
2020-04-08,Trinity,105,12862,0,0,0,0,0
2020-04-08,Tulare,107,460477,314,145,2,147,6
2020-04-08,Tuolumne,109,53932,3,0,0,0,0
2020-04-08,Ventura,111,848112,426,263,0,263,7
2020-04-08,Yolo,113,214977,104,56,0,56,3
2020-04-08,Yuba,115,75493,14,10,0,10,0
2020-04-07,Alameda,001,1643700,991,560,0,560,14
2020-04-07,Alpine,003,1148,1,1,0,1,0
2020-04-07,Amador,005,37829,7,2,0,2,0
2020-04-07,Butte,007,227075,17,11,1,12,0
2020-04-07,Calaveras,009,45235,9,5,0,5,0
2020-04-07,Colusa,011,21464,3,2,0,2,0
2020-04-07,Contra Costa,013,1133247,666,471,0,471,7
2020-04-07,Del Norte,015,27424,2,2,0,2,0
2020-04-07,El Dorado,017,186661,43,22,0,22,0
2020-04-07,Fresno,019,978130,388,138,3,141,3
2020-04-07,Glenn,021,27897,4,2,0,2,0
2020-04-07,Humboldt,023,135768,56,40,0,40,0
2020-04-07,Imperial,025,180216,133,53,0,53,2
2020-04-07,Inyo,027,18085,12,11,0,11,0
2020-04-07,Kern,029,883053,507,134,0,134,2
2020-04-07,Kings,031,150075,32,5,1,6,0
2020-04-07,Lake,033,64148,4,1,0,1,0
2020-04-07,Lassen,035,31185,1,0,2,2,0
2020-04-07,Los Angeles,037,10098052,11703,6885,14,6899,170
2020-04-07,Madera,039,155013,58,28,0,28,2
2020-04-07,Marin,041,260295,163,122,1,123,7
2020-04-07,Mariposa,043,17540,0,0,0,0,0
2020-04-07,Mendocino,045,87422,6,4,0,4,0
2020-04-07,Merced,047,269075,67,27,0,27,1
2020-04-07,Modoc,049,8938,0,0,0,0,0
2020-04-07,Mono,051,14174,28,18,0,18,1
2020-04-07,Monterey,053,433212,100,63,0,63,2
2020-04-07,Napa,055,140530,41,18,0,18,2
2020-04-07,Nevada,057,99092,36,20,1,21,1
2020-04-07,Orange,059,3164182,1711,971,6,977,19
2020-04-07,Placer,061,380077,137,94,0,94,3
2020-04-07,Plumas,063,18699,4,3,0,3,0
2020-04-07,Riverside,065,2383286,2076,905,5,910,25
2020-04-07,Sacramento,067,1510023,811,513,0,513,18
2020-04-07,San Benito,069,59416,36,26,0,26,2
2020-04-07,San Bernardino,071,2135413,1160,554,0,554,19
2020-04-07,San Diego,073,3302833,2072,1456,0,1456,31
2020-04-07,San Francisco,075,870044,986,636,0,636,6
2020-04-07,San Joaquin,077,732212,347,198,3,201,12
2020-04-07,San Luis Obispo,079,281455,137,87,0,87,1
2020-04-07,San Mateo,081,765935,867,573,2,575,22
2020-04-07,Santa Barbara,083,443738,369,209,0,209,2
2020-04-07,Santa Clara,085,1922200,1725,1193,1,1194,46
2020-04-07,Santa Cruz,087,273765,98,67,0,67,1
2020-04-07,Shasta,089,179085,28,16,0,16,3
2020-04-07,Sierra,091,2930,0,0,0,0,0
2020-04-07,Siskiyou,093,43540,5,4,0,4,0
2020-04-07,Solano,095,438530,170,99,0,99,1
2020-04-07,Sonoma,097,501317,168,102,0,102,1
2020-04-07,Stanislaus,099,539301,186,83,3,86,0
2020-04-07,Sutter,101,95872,22,16,0,16,2
2020-04-07,Tehama,103,63373,1,1,0,1,0
2020-04-07,Trinity,105,12862,0,0,0,0,0
2020-04-07,Tulare,107,460477,287,144,2,146,5
2020-04-07,Tuolumne,109,53932,3,1,0,1,0
2020-04-07,Ventura,111,848112,409,247,0,247,6
2020-04-07,Yolo,113,214977,97,51,0,51,2
2020-04-07,Yuba,115,75493,14,10,0,10,0
2020-04-06,Alameda,001,1643700,961,527,0,527,13
2020-04-06,Alpine,003,1148,1,1,0,1,0
2020-04-06,Amador,005,37829,6,2,0,2,0
2020-04-06,Butte,007,227075,16,11,1,12,0
2020-04-06,Calaveras,009,45235,9,4,0,4,0
2020-04-06,Colusa,011,21464,3,1,0,1,0
2020-04-06,Contra Costa,013,1133247,641,447,0,447,7
2020-04-06,Del Norte,015,27424,2,2,0,2,0
2020-04-06,El Dorado,017,186661,41,23,0,23,0
2020-04-06,Fresno,019,978130,367,122,3,125,1
2020-04-06,Glenn,021,27897,4,2,0,2,0
2020-04-06,Humboldt,023,135768,55,37,0,37,0
2020-04-06,Imperial,025,180216,126,47,0,47,1
2020-04-06,Inyo,027,18085,11,11,0,11,0
2020-04-06,Kern,029,883053,470,117,0,117,2
2020-04-06,Kings,031,150075,32,3,1,4,0
2020-04-06,Lake,033,64148,4,1,0,1,0
2020-04-06,Lassen,035,31185,1,0,2,2,0
2020-04-06,Los Angeles,037,10098052,10972,6346,14,6360,145
2020-04-06,Madera,039,155013,56,29,0,29,2
2020-04-06,Marin,041,260295,160,119,1,120,7
2020-04-06,Mariposa,043,17540,0,0,0,0,0
2020-04-06,Mendocino,045,87422,6,4,0,4,0
2020-04-06,Merced,047,269075,60,25,0,25,1
2020-04-06,Modoc,049,8938,0,0,0,0,0
2020-04-06,Mono,051,14174,28,18,0,18,1
2020-04-06,Monterey,053,433212,95,62,0,62,2
2020-04-06,Napa,055,140530,41,18,0,18,2
2020-04-06,Nevada,057,99092,36,19,1,20,1
2020-04-06,Orange,059,3164182,1666,910,5,915,17
2020-04-06,Placer,061,380077,137,90,0,90,3
2020-04-06,Plumas,063,18699,4,2,0,2,0
2020-04-06,Riverside,065,2383286,1950,854,5,859,17
2020-04-06,Sacramento,067,1510023,781,448,0,448,15
2020-04-06,San Benito,069,59416,34,25,0,25,1
2020-04-06,San Bernardino,071,2135413,1101,550,0,550,13
2020-04-06,San Diego,073,3302833,1990,1406,0,1406,19
2020-04-06,San Francisco,075,870044,946,586,0,586,6
2020-04-06,San Joaquin,077,732212,332,191,3,194,10
2020-04-06,San Luis Obispo,079,281455,135,85,0,85,1
2020-04-06,San Mateo,081,765935,849,569,2,571,20
2020-04-06,Santa Barbara,083,443738,357,189,0,189,2
2020-04-06,Santa Clara,085,1922200,1673,1128,1,1129,43
2020-04-06,Santa Cruz,087,273765,96,65,0,65,1
2020-04-06,Shasta,089,179085,28,16,0,16,3
2020-04-06,Sierra,091,2930,0,0,0,0,0
2020-04-06,Siskiyou,093,43540,4,4,0,4,0
2020-04-06,Solano,095,438530,163,95,0,95,1
2020-04-06,Sonoma,097,501317,167,102,0,102,1
2020-04-06,Stanislaus,099,539301,170,72,3,75,0
2020-04-06,Sutter,101,95872,22,14,0,14,2
2020-04-06,Tehama,103,63373,1,1,0,1,0
2020-04-06,Trinity,105,12862,0,0,0,0,0
2020-04-06,Tulare,107,460477,274,126,2,128,5
2020-04-06,Tuolumne,109,53932,3,1,0,1,0
2020-04-06,Ventura,111,848112,391,234,0,234,6
2020-04-06,Yolo,113,214977,93,43,0,43,1
2020-04-06,Yuba,115,75493,14,8,0,8,0
2020-04-05,Alameda,001,1643700,919,475,0,475,12
2020-04-05,Alpine,003,1148,1,1,0,1,0
2020-04-05,Amador,005,37829,6,2,0,2,0
2020-04-05,Butte,007,227075,16,10,1,11,0
2020-04-05,Calaveras,009,45235,9,3,0,3,0
2020-04-05,Colusa,011,21464,3,1,0,1,0
2020-04-05,Contra Costa,013,1133247,624,415,0,415,6
2020-04-05,Del Norte,015,27424,2,1,0,1,0
2020-04-05,El Dorado,017,186661,40,19,0,19,0
2020-04-05,Fresno,019,978130,334,102,3,105,1
2020-04-05,Glenn,021,27897,4,2,0,2,0
2020-04-05,Humboldt,023,135768,55,29,0,29,0
2020-04-05,Imperial,025,180216,118,42,0,42,1
2020-04-05,Inyo,027,18085,11,10,0,10,0
2020-04-05,Kern,029,883053,415,109,0,109,2
2020-04-05,Kings,031,150075,31,4,1,5,0
2020-04-05,Lake,033,64148,4,0,0,0,0
2020-04-05,Lassen,035,31185,1,0,2,2,0
2020-04-05,Los Angeles,037,10098052,10401,5892,14,5906,130
2020-04-05,Madera,039,155013,55,27,0,27,2
2020-04-05,Marin,041,260295,160,113,1,114,6
2020-04-05,Mariposa,043,17540,0,0,0,0,0
2020-04-05,Mendocino,045,87422,6,4,0,4,0
2020-04-05,Merced,047,269075,53,16,0,16,0
2020-04-05,Modoc,049,8938,0,0,0,0,0
2020-04-05,Mono,051,14174,28,18,0,18,1
2020-04-05,Monterey,053,433212,88,61,0,61,2
2020-04-05,Napa,055,140530,39,15,0,15,2
2020-04-05,Nevada,057,99092,36,19,1,20,1
2020-04-05,Orange,059,3164182,1608,820,5,825,15
2020-04-05,Placer,061,380077,134,86,0,86,3
2020-04-05,Plumas,063,18699,3,2,0,2,0
2020-04-05,Riverside,065,2383286,1821,669,5,674,17
2020-04-05,Sacramento,067,1510023,750,393,0,393,11
2020-04-05,San Benito,069,59416,34,22,0,22,1
2020-04-05,San Bernardino,071,2135413,1027,375,0,375,13
2020-04-05,San Diego,073,3302833,1908,1328,0,1328,19
2020-04-05,San Francisco,075,870044,899,559,0,559,6
2020-04-05,San Joaquin,077,732212,317,179,3,182,10
2020-04-05,San Luis Obispo,079,281455,133,83,0,83,1
2020-04-05,San Mateo,081,765935,829,528,2,530,19
2020-04-05,Santa Barbara,083,443738,337,171,0,171,1
2020-04-05,Santa Clara,085,1922200,1627,1052,1,1053,42
2020-04-05,Santa Cruz,087,273765,96,59,0,59,1
2020-04-05,Shasta,089,179085,27,11,0,11,2
2020-04-05,Sierra,091,2930,0,0,0,0,0
2020-04-05,Siskiyou,093,43540,4,3,0,3,0
2020-04-05,Solano,095,438530,159,78,0,78,1
2020-04-05,Sonoma,097,501317,165,88,0,88,1
2020-04-05,Stanislaus,099,539301,156,51,3,54,0
2020-04-05,Sutter,101,95872,22,14,0,14,1
2020-04-05,Tehama,103,63373,1,1,0,1,0
2020-04-05,Trinity,105,12862,0,0,0,0,0
2020-04-05,Tulare,107,460477,242,81,2,83,4
2020-04-05,Tuolumne,109,53932,3,1,0,1,0
2020-04-05,Ventura,111,848112,377,196,0,196,6
2020-04-05,Yolo,113,214977,75,37,0,37,2
2020-04-05,Yuba,115,75493,14,7,0,7,0
2020-04-04,Alameda,001,1643700,896,468,0,468,12
2020-04-04,Alpine,003,1148,1,1,0,1,0
2020-04-04,Amador,005,37829,5,2,0,2,0
2020-04-04,Butte,007,227075,16,10,1,11,0
2020-04-04,Calaveras,009,45235,9,3,0,3,0
2020-04-04,Colusa,011,21464,3,1,0,1,0
2020-04-04,Contra Costa,013,1133247,616,382,0,382,5
2020-04-04,Del Norte,015,27424,2,1,0,1,0
2020-04-04,El Dorado,017,186661,40,19,0,19,0
2020-04-04,Fresno,019,978130,324,102,3,105,1
2020-04-04,Glenn,021,27897,4,2,0,2,0
2020-04-04,Humboldt,023,135768,55,29,0,29,0
2020-04-04,Imperial,025,180216,117,42,0,42,1
2020-04-04,Inyo,027,18085,11,10,0,10,0
2020-04-04,Kern,029,883053,385,103,0,103,2
2020-04-04,Kings,031,150075,31,3,1,4,0
2020-04-04,Lake,033,64148,4,0,0,0,0
2020-04-04,Lassen,035,31185,1,0,2,2,0
2020-04-04,Los Angeles,037,10098052,9784,5275,14,5289,117
2020-04-04,Madera,039,155013,53,27,0,27,2
2020-04-04,Marin,041,260295,158,111,0,111,6
2020-04-04,Mariposa,043,17540,0,0,0,0,0
2020-04-04,Mendocino,045,87422,6,4,0,4,0
2020-04-04,Merced,047,269075,49,11,0,11,0
2020-04-04,Modoc,049,8938,0,0,0,0,0
2020-04-04,Mono,051,14174,28,18,0,18,1
2020-04-04,Monterey,053,433212,85,61,0,61,2
2020-04-04,Napa,055,140530,39,15,0,15,2
2020-04-04,Nevada,057,99092,36,19,1,20,1
2020-04-04,Orange,059,3164182,1566,781,4,785,15
2020-04-04,Placer,061,380077,133,87,0,87,2
2020-04-04,Plumas,063,18699,3,2,0,2,0
2020-04-04,Riverside,065,2383286,1720,652,5,657,15
2020-04-04,Sacramento,067,1510023,732,393,0,393,11
2020-04-04,San Benito,069,59416,34,22,0,22,1
2020-04-04,San Bernardino,071,2135413,979,373,0,373,13
2020-04-04,San Diego,073,3302833,1860,1211,0,1211,18
2020-04-04,San Francisco,075,870044,861,537,0,537,6
2020-04-04,San Joaquin,077,732212,294,171,3,174,10
2020-04-04,San Luis Obispo,079,281455,133,82,0,82,0
2020-04-04,San Mateo,081,765935,817,520,2,522,17
2020-04-04,Santa Barbara,083,443738,328,167,0,167,1
2020-04-04,Santa Clara,085,1922200,1576,1045,1,1046,39
2020-04-04,Santa Cruz,087,273765,96,56,0,56,1
2020-04-04,Shasta,089,179085,26,11,0,11,2
2020-04-04,Sierra,091,2930,0,0,0,0,0
2020-04-04,Siskiyou,093,43540,4,3,0,3,0
2020-04-04,Solano,095,438530,154,79,0,79,1
2020-04-04,Sonoma,097,501317,162,88,0,88,1
2020-04-04,Stanislaus,099,539301,145,51,3,54,0
2020-04-04,Sutter,101,95872,22,14,0,14,1
2020-04-04,Tehama,103,63373,1,1,0,1,0
2020-04-04,Trinity,105,12862,0,0,0,0,0
2020-04-04,Tulare,107,460477,228,79,2,81,4
2020-04-04,Tuolumne,109,53932,3,1,0,1,0
2020-04-04,Ventura,111,848112,364,194,0,194,6
2020-04-04,Yolo,113,214977,73,40,0,40,2
2020-04-04,Yuba,115,75493,13,7,0,7,0
2020-04-03,Alameda,001,1643700,860,395,0,395,11
2020-04-03,Alpine,003,1148,1,1,0,1,0
2020-04-03,Amador,005,37829,5,2,0,2,0
2020-04-03,Butte,007,227075,16,8,1,9,0
2020-04-03,Calaveras,009,45235,9,3,0,3,0
2020-04-03,Colusa,011,21464,3,1,0,1,0
2020-04-03,Contra Costa,013,1133247,593,327,0,327,5
2020-04-03,Del Norte,015,27424,2,1,0,1,0
2020-04-03,El Dorado,017,186661,38,16,0,16,0
2020-04-03,Fresno,019,978130,312,98,3,101,1
2020-04-03,Glenn,021,27897,4,2,0,2,0
2020-04-03,Humboldt,023,135768,55,34,0,34,0
2020-04-03,Imperial,025,180216,108,35,0,35,0
2020-04-03,Inyo,027,18085,11,10,0,10,0
2020-04-03,Kern,029,883053,359,87,0,87,1
2020-04-03,Kings,031,150075,29,3,1,4,0
2020-04-03,Lake,033,64148,3,0,0,0,0
2020-04-03,Lassen,035,31185,1,0,2,2,0
2020-04-03,Los Angeles,037,10098052,9168,4566,14,4580,91
2020-04-03,Madera,039,155013,52,28,0,28,2
2020-04-03,Marin,041,260295,156,106,0,106,6
2020-04-03,Mariposa,043,17540,0,0,0,0,0
2020-04-03,Mendocino,045,87422,6,4,0,4,0
2020-04-03,Merced,047,269075,46,9,0,9,0
2020-04-03,Modoc,049,8938,0,0,0,0,0
2020-04-03,Mono,051,14174,28,18,0,18,1
2020-04-03,Monterey,053,433212,82,58,0,58,2
2020-04-03,Napa,055,140530,38,13,0,13,1
2020-04-03,Nevada,057,99092,36,19,1,20,1
2020-04-03,Orange,059,3164182,1527,713,4,717,13
2020-04-03,Placer,061,380077,129,76,0,76,2
2020-04-03,Plumas,063,18699,3,2,0,2,0
2020-04-03,Riverside,065,2383286,1640,540,5,545,14
2020-04-03,Sacramento,067,1510023,711,363,0,363,11
2020-04-03,San Benito,069,59416,34,22,0,22,1
2020-04-03,San Bernardino,071,2135413,934,356,0,356,11
2020-04-03,San Diego,073,3302833,1800,1114,0,1114,17
2020-04-03,San Francisco,075,870044,836,506,0,506,6
2020-04-03,San Joaquin,077,732212,282,162,3,165,10
2020-04-03,San Luis Obispo,079,281455,133,82,0,82,0
2020-04-03,San Mateo,081,765935,800,474,2,476,13
2020-04-03,Santa Barbara,083,443738,316,154,0,154,1
2020-04-03,Santa Clara,085,1922200,1542,983,1,984,39
2020-04-03,Santa Cruz,087,273765,96,52,0,52,1
2020-04-03,Shasta,089,179085,26,10,0,10,1
2020-04-03,Sierra,091,2930,0,0,0,0,0
2020-04-03,Siskiyou,093,43540,4,3,0,3,0
2020-04-03,Solano,095,438530,146,72,0,72,1
2020-04-03,Sonoma,097,501317,162,84,0,84,1
2020-04-03,Stanislaus,099,539301,139,48,3,51,0
2020-04-03,Sutter,101,95872,22,12,0,12,1
2020-04-03,Tehama,103,63373,1,1,0,1,0
2020-04-03,Trinity,105,12862,0,0,0,0,0
2020-04-03,Tulare,107,460477,215,73,2,75,3
2020-04-03,Tuolumne,109,53932,3,1,0,1,0
2020-04-03,Ventura,111,848112,354,186,0,186,6
2020-04-03,Yolo,113,214977,72,33,0,33,1
2020-04-03,Yuba,115,75493,13,6,0,6,0
2020-04-02,Alameda,001,1643700,809,345,0,345,10
2020-04-02,Alpine,003,1148,1,1,0,1,0
2020-04-02,Amador,005,37829,5,2,0,2,0
2020-04-02,Butte,007,227075,16,7,0,7,0
2020-04-02,Calaveras,009,45235,7,3,0,3,0
2020-04-02,Colusa,011,21464,3,1,0,1,0
2020-04-02,Contra Costa,013,1133247,563,297,0,297,3
2020-04-02,Del Norte,015,27424,2,0,0,0,0
2020-04-02,El Dorado,017,186661,36,16,0,16,0
2020-04-02,Fresno,019,978130,296,92,3,95,0
2020-04-02,Glenn,021,27897,3,2,0,2,0
2020-04-02,Humboldt,023,135768,51,23,0,23,0
2020-04-02,Imperial,025,180216,104,24,0,24,0
2020-04-02,Inyo,027,18085,10,8,0,8,0
2020-04-02,Kern,029,883053,332,74,0,74,0
2020-04-02,Kings,031,150075,29,3,1,4,0
2020-04-02,Lake,033,64148,3,0,0,0,0
2020-04-02,Lassen,035,31185,1,0,2,2,0
2020-04-02,Los Angeles,037,10098052,8336,4040,14,4054,79
2020-04-02,Madera,039,155013,50,25,0,25,1
2020-04-02,Marin,041,260295,150,102,0,102,1
2020-04-02,Mariposa,043,17540,0,0,0,0,0
2020-04-02,Mendocino,045,87422,6,4,0,4,0
2020-04-02,Merced,047,269075,41,9,0,9,0
2020-04-02,Modoc,049,8938,0,0,0,0,0
2020-04-02,Mono,051,14174,28,16,0,16,1
2020-04-02,Monterey,053,433212,80,50,0,50,2
2020-04-02,Napa,055,140530,38,13,0,13,0
2020-04-02,Nevada,057,99092,35,17,1,18,0
2020-04-02,Orange,059,3164182,1474,640,4,644,12
2020-04-02,Placer,061,380077,128,72,0,72,2
2020-04-02,Plumas,063,18699,3,1,0,1,0
2020-04-02,Riverside,065,2383286,1524,438,5,443,13
2020-04-02,Sacramento,067,1510023,693,322,0,322,9
2020-04-02,San Benito,069,59416,32,18,0,18,1
2020-04-02,San Bernardino,071,2135413,879,335,0,335,8
2020-04-02,San Diego,073,3302833,1733,968,0,968,16
2020-04-02,San Francisco,075,870044,809,473,0,473,6
2020-04-02,San Joaquin,077,732212,263,148,3,151,9
2020-04-02,San Luis Obispo,079,281455,128,79,0,79,0
2020-04-02,San Mateo,081,765935,779,423,2,425,13
2020-04-02,Santa Barbara,083,443738,303,125,0,125,1
2020-04-02,Santa Clara,085,1922200,1491,908,1,909,38
2020-04-02,Santa Cruz,087,273765,94,49,0,49,1
2020-04-02,Shasta,089,179085,25,7,0,7,1
2020-04-02,Sierra,091,2930,0,0,0,0,0
2020-04-02,Siskiyou,093,43540,4,3,0,3,0
2020-04-02,Solano,095,438530,136,65,0,65,0
2020-04-02,Sonoma,097,501317,158,76,0,76,1
2020-04-02,Stanislaus,099,539301,128,40,3,43,0
2020-04-02,Sutter,101,95872,21,10,0,10,1
2020-04-02,Tehama,103,63373,1,1,0,1,0
2020-04-02,Trinity,105,12862,0,0,0,0,0
2020-04-02,Tulare,107,460477,187,64,2,66,1
2020-04-02,Tuolumne,109,53932,3,1,0,1,0
2020-04-02,Ventura,111,848112,336,178,0,178,5
2020-04-02,Yolo,113,214977,70,29,0,29,1
2020-04-02,Yuba,115,75493,10,5,0,5,0
2020-04-01,Alameda,001,1643700,783,287,0,287,8
2020-04-01,Alpine,003,1148,1,1,0,1,0
2020-04-01,Amador,005,37829,5,1,0,1,0
2020-04-01,Butte,007,227075,16,6,0,6,0
2020-04-01,Calaveras,009,45235,6,3,0,3,0
2020-04-01,Colusa,011,21464,3,1,0,1,0
2020-04-01,Contra Costa,013,1133247,519,267,0,267,3
2020-04-01,Del Norte,015,27424,2,0,0,0,0
2020-04-01,El Dorado,017,186661,35,14,0,14,0
2020-04-01,Fresno,019,978130,276,75,2,77,0
2020-04-01,Glenn,021,27897,3,2,0,2,0
2020-04-01,Humboldt,023,135768,51,19,0,19,0
2020-04-01,Imperial,025,180216,97,25,0,25,0
2020-04-01,Inyo,027,18085,10,8,0,8,0
2020-04-01,Kern,029,883053,305,53,0,53,0
2020-04-01,Kings,031,150075,27,3,1,4,0
2020-04-01,Lake,033,64148,3,0,0,0,0
2020-04-01,Lassen,035,31185,1,0,2,2,0
2020-04-01,Los Angeles,037,10098052,7686,3502,14,3516,66
2020-04-01,Madera,039,155013,48,17,0,17,1
2020-04-01,Marin,041,260295,146,87,0,87,1
2020-04-01,Mariposa,043,17540,0,0,0,0,0
2020-04-01,Mendocino,045,87422,6,4,0,4,0
2020-04-01,Merced,047,269075,38,7,0,7,0
2020-04-01,Modoc,049,8938,0,0,0,0,0
2020-04-01,Mono,051,14174,28,12,0,12,1
2020-04-01,Monterey,053,433212,79,47,0,47,2
2020-04-01,Napa,055,140530,36,11,0,11,0
2020-04-01,Nevada,057,99092,35,15,1,16,0
2020-04-01,Orange,059,3164182,1421,579,4,583,11
2020-04-01,Placer,061,380077,127,52,0,52,2
2020-04-01,Plumas,063,18699,3,1,0,1,0
2020-04-01,Riverside,065,2383286,1356,306,5,311,11
2020-04-01,Sacramento,067,1510023,660,299,0,299,8
2020-04-01,San Benito,069,59416,29,14,0,14,1
2020-04-01,San Bernardino,071,2135413,830,245,0,245,5
2020-04-01,San Diego,073,3302833,1663,851,0,851,11
2020-04-01,San Francisco,075,870044,781,432,0,432,6
2020-04-01,San Joaquin,077,732212,252,132,3,135,8
2020-04-01,San Luis Obispo,079,281455,122,69,0,69,0
2020-04-01,San Mateo,081,765935,761,354,2,356,13
2020-04-01,Santa Barbara,083,443738,285,103,0,103,0
2020-04-01,Santa Clara,085,1922200,1451,805,1,806,33
2020-04-01,Santa Cruz,087,273765,89,44,0,44,1
2020-04-01,Shasta,089,179085,24,5,0,5,1
2020-04-01,Sierra,091,2930,0,0,0,0,0
2020-04-01,Siskiyou,093,43540,4,3,0,3,0
2020-04-01,Solano,095,438530,131,57,0,57,0
2020-04-01,Sonoma,097,501317,154,60,0,60,1
2020-04-01,Stanislaus,099,539301,117,29,3,32,0
2020-04-01,Sutter,101,95872,21,9,0,9,1
2020-04-01,Tehama,103,63373,1,0,0,0,0
2020-04-01,Trinity,105,12862,0,0,0,0,0
2020-04-01,Tulare,107,460477,152,43,2,45,1
2020-04-01,Tuolumne,109,53932,3,1,0,1,0
2020-04-01,Ventura,111,848112,323,154,0,154,5
2020-04-01,Yolo,113,214977,65,22,0,22,1
2020-04-01,Yuba,115,75493,9,5,0,5,0
2020-03-31,Alameda,001,1643700,715,269,0,269,7
2020-03-31,Alpine,003,1148,1,1,0,1,0
2020-03-31,Amador,005,37829,5,1,0,1,0
2020-03-31,Butte,007,227075,16,6,0,6,0
2020-03-31,Calaveras,009,45235,6,3,0,3,0
2020-03-31,Colusa,011,21464,3,1,0,1,0
2020-03-31,Contra Costa,013,1133247,494,246,0,246,3
2020-03-31,Del Norte,015,27424,1,0,0,0,0
2020-03-31,El Dorado,017,186661,31,14,0,14,0
2020-03-31,Fresno,019,978130,251,59,2,61,0
2020-03-31,Glenn,021,27897,3,2,0,2,0
2020-03-31,Humboldt,023,135768,51,18,0,18,0
2020-03-31,Imperial,025,180216,92,17,0,17,0
2020-03-31,Inyo,027,18085,10,8,0,8,0
2020-03-31,Kern,029,883053,281,47,0,47,0
2020-03-31,Kings,031,150075,25,2,1,3,0
2020-03-31,Lake,033,64148,1,0,0,0,0
2020-03-31,Lassen,035,31185,1,0,2,2,0
2020-03-31,Los Angeles,037,10098052,7021,3001,14,3015,53
2020-03-31,Madera,039,155013,47,17,0,17,1
2020-03-31,Marin,041,260295,137,85,0,85,1
2020-03-31,Mariposa,043,17540,0,0,0,0,0
2020-03-31,Mendocino,045,87422,6,4,0,4,0
2020-03-31,Merced,047,269075,33,6,0,6,0
2020-03-31,Modoc,049,8938,0,0,0,0,0
2020-03-31,Mono,051,14174,26,12,0,12,0
2020-03-31,Monterey,053,433212,77,43,0,43,2
2020-03-31,Napa,055,140530,35,9,0,9,0
2020-03-31,Nevada,057,99092,35,15,1,16,0
2020-03-31,Orange,059,3164182,1353,506,4,510,7
2020-03-31,Placer,061,380077,120,49,0,49,2
2020-03-31,Plumas,063,18699,1,0,0,0,0
2020-03-31,Riverside,065,2383286,1210,284,5,289,8
2020-03-31,Sacramento,067,1510023,608,271,0,271,8
2020-03-31,San Benito,069,59416,29,14,0,14,1
2020-03-31,San Bernardino,071,2135413,746,193,0,193,5
2020-03-31,San Diego,073,3302833,1581,736,0,736,9
2020-03-31,San Francisco,075,870044,746,404,0,404,5
2020-03-31,San Joaquin,077,732212,236,122,3,125,7
2020-03-31,San Luis Obispo,079,281455,119,67,0,67,0
2020-03-31,San Mateo,081,765935,742,297,2,299,12
2020-03-31,Santa Barbara,083,443738,268,89,0,89,0
2020-03-31,Santa Clara,085,1922200,1402,777,1,778,30
2020-03-31,Santa Cruz,087,273765,83,40,0,40,1
2020-03-31,Shasta,089,179085,21,5,0,5,1
2020-03-31,Sierra,091,2930,0,0,0,0,0
2020-03-31,Siskiyou,093,43540,4,3,0,3,0
2020-03-31,Solano,095,438530,117,56,0,56,0
2020-03-31,Sonoma,097,501317,149,58,0,58,1
2020-03-31,Stanislaus,099,539301,102,28,3,31,0
2020-03-31,Sutter,101,95872,21,8,0,8,0
2020-03-31,Tehama,103,63373,1,0,0,0,0
2020-03-31,Trinity,105,12862,0,0,0,0,0
2020-03-31,Tulare,107,460477,130,42,2,44,1
2020-03-31,Tuolumne,109,53932,3,1,0,1,0
2020-03-31,Ventura,111,848112,312,143,0,143,4
2020-03-31,Yolo,113,214977,58,21,0,21,1
2020-03-31,Yuba,115,75493,9,5,0,5,0
2020-03-30,Alameda,001,1643700,675,250,0,250,7
2020-03-30,Alpine,003,1148,1,1,0,1,0
2020-03-30,Amador,005,37829,5,1,0,1,0
2020-03-30,Butte,007,227075,14,5,0,5,0
2020-03-30,Calaveras,009,45235,6,3,0,3,0
2020-03-30,Colusa,011,21464,3,1,0,1,0
2020-03-30,Contra Costa,013,1133247,468,212,0,212,3
2020-03-30,Del Norte,015,27424,0,0,0,0,0
2020-03-30,El Dorado,017,186661,31,11,0,11,0
2020-03-30,Fresno,019,978130,226,46,2,48,0
2020-03-30,Glenn,021,27897,3,2,0,2,0
2020-03-30,Humboldt,023,135768,49,11,0,11,0
2020-03-30,Imperial,025,180216,88,9,0,9,0
2020-03-30,Inyo,027,18085,10,5,0,5,0
2020-03-30,Kern,029,883053,248,30,0,30,0
2020-03-30,Kings,031,150075,25,1,1,2,0
2020-03-30,Lake,033,64148,1,0,0,0,0
2020-03-30,Lassen,035,31185,1,0,1,1,0
2020-03-30,Los Angeles,037,10098052,6366,2467,14,2481,44
2020-03-30,Madera,039,155013,46,14,0,14,1
2020-03-30,Marin,041,260295,130,78,0,78,0
2020-03-30,Mariposa,043,17540,0,0,0,0,0
2020-03-30,Mendocino,045,87422,5,2,0,2,0
2020-03-30,Merced,047,269075,29,6,0,6,0
2020-03-30,Modoc,049,8938,0,0,0,0,0
2020-03-30,Mono,051,14174,26,11,0,11,0
2020-03-30,Monterey,053,433212,72,41,0,41,1
2020-03-30,Napa,055,140530,34,9,0,9,0
2020-03-30,Nevada,057,99092,34,14,1,15,0
2020-03-30,Orange,059,3164182,1287,418,4,422,5
2020-03-30,Placer,061,380077,117,44,0,44,2
2020-03-30,Plumas,063,18699,1,0,0,0,0
2020-03-30,Riverside,065,2383286,1130,204,5,209,7
2020-03-30,Sacramento,067,1510023,584,238,0,238,8
2020-03-30,San Benito,069,59416,29,11,0,11,1
2020-03-30,San Bernardino,071,2135413,702,145,0,145,4
2020-03-30,San Diego,073,3302833,1511,605,0,605,7
2020-03-30,San Francisco,075,870044,706,368,0,368,5
2020-03-30,San Joaquin,077,732212,229,112,3,115,5
2020-03-30,San Luis Obispo,079,281455,117,62,0,62,0
2020-03-30,San Mateo,081,765935,718,257,2,259,11
2020-03-30,Santa Barbara,083,443738,258,79,0,79,0
2020-03-30,Santa Clara,085,1922200,1371,745,1,746,31
2020-03-30,Santa Cruz,087,273765,80,36,0,36,1
2020-03-30,Shasta,089,179085,20,4,0,4,1
2020-03-30,Sierra,091,2930,0,0,0,0,0
2020-03-30,Siskiyou,093,43540,4,2,0,2,0
2020-03-30,Solano,095,438530,111,50,0,50,0
2020-03-30,Sonoma,097,501317,146,57,0,57,1
2020-03-30,Stanislaus,099,539301,95,28,3,31,0
2020-03-30,Sutter,101,95872,20,6,0,6,0
2020-03-30,Tehama,103,63373,1,0,0,0,0
2020-03-30,Trinity,105,12862,0,0,0,0,0
2020-03-30,Tulare,107,460477,120,40,2,42,1
2020-03-30,Tuolumne,109,53932,3,1,0,1,0
2020-03-30,Ventura,111,848112,301,118,0,118,2
2020-03-30,Yolo,113,214977,56,17,0,17,1
2020-03-30,Yuba,115,75493,8,5,0,5,0
2020-03-29,Alameda,001,1643700,641,207,0,207,6
2020-03-29,Alpine,003,1148,1,0,0,0,0
2020-03-29,Amador,005,37829,5,1,0,1,0
2020-03-29,Butte,007,227075,14,4,0,4,0
2020-03-29,Calaveras,009,45235,6,2,0,2,0
2020-03-29,Colusa,011,21464,3,1,0,1,0
2020-03-29,Contra Costa,013,1133247,438,187,0,187,3
2020-03-29,Del Norte,015,27424,0,0,0,0,0
2020-03-29,El Dorado,017,186661,30,9,0,9,0
2020-03-29,Fresno,019,978130,202,31,2,33,0
2020-03-29,Glenn,021,27897,2,1,0,1,0
2020-03-29,Humboldt,023,135768,46,9,0,9,0
2020-03-29,Imperial,025,180216,82,9,0,9,0
2020-03-29,Inyo,027,18085,9,0,0,0,0
2020-03-29,Kern,029,883053,230,20,0,20,0
2020-03-29,Kings,031,150075,22,1,1,2,0
2020-03-29,Lake,033,64148,0,0,0,0,0
2020-03-29,Lassen,035,31185,1,0,1,1,0
2020-03-29,Los Angeles,037,10098052,5720,2119,14,2133,37
2020-03-29,Madera,039,155013,41,11,0,11,1
2020-03-29,Marin,041,260295,125,60,0,60,0
2020-03-29,Mariposa,043,17540,0,0,0,0,0
2020-03-29,Mendocino,045,87422,5,2,0,2,0
2020-03-29,Merced,047,269075,28,4,0,4,0
2020-03-29,Modoc,049,8938,0,0,0,0,0
2020-03-29,Mono,051,14174,26,8,0,8,0
2020-03-29,Monterey,053,433212,67,36,0,36,1
2020-03-29,Napa,055,140530,32,5,0,5,0
2020-03-29,Nevada,057,99092,32,13,1,14,0
2020-03-29,Orange,059,3164182,1213,343,4,347,2
2020-03-29,Placer,061,380077,116,35,0,35,2
2020-03-29,Plumas,063,18699,1,0,0,0,0
2020-03-29,Riverside,065,2383286,1006,122,5,127,7
2020-03-29,Sacramento,067,1510023,544,217,0,217,7
2020-03-29,San Benito,069,59416,28,10,0,10,1
2020-03-29,San Bernardino,071,2135413,650,94,0,94,2
2020-03-29,San Diego,073,3302833,1439,521,0,521,7
2020-03-29,San Francisco,075,870044,662,333,0,333,5
2020-03-29,San Joaquin,077,732212,220,86,3,89,4
2020-03-29,San Luis Obispo,079,281455,111,55,0,55,0
2020-03-29,San Mateo,081,765935,693,234,2,236,12
2020-03-29,Santa Barbara,083,443738,247,52,0,52,0
2020-03-29,Santa Clara,085,1922200,1315,591,1,592,30
2020-03-29,Santa Cruz,087,273765,80,33,0,33,1
2020-03-29,Shasta,089,179085,19,4,0,4,1
2020-03-29,Sierra,091,2930,0,0,0,0,0
2020-03-29,Siskiyou,093,43540,4,2,0,2,0
2020-03-29,Solano,095,438530,103,48,0,48,0
2020-03-29,Sonoma,097,501317,144,35,0,35,1
2020-03-29,Stanislaus,099,539301,90,19,3,22,0
2020-03-29,Sutter,101,95872,17,6,0,6,0
2020-03-29,Tehama,103,63373,1,0,0,0,0
2020-03-29,Trinity,105,12862,0,0,0,0,0
2020-03-29,Tulare,107,460477,100,24,2,26,1
2020-03-29,Tuolumne,109,53932,2,1,0,1,0
2020-03-29,Ventura,111,848112,274,92,0,92,2
2020-03-29,Yolo,113,214977,51,13,0,13,1
2020-03-29,Yuba,115,75493,8,3,0,3,0
2020-03-28,Alameda,001,1643700,614,410,0,410,12
2020-03-28,Alpine,003,1148,1,0,0,0,0
2020-03-28,Amador,005,37829,5,2,0,2,0
2020-03-28,Butte,007,227075,14,8,0,8,0
2020-03-28,Calaveras,009,45235,6,4,0,4,0
2020-03-28,Colusa,011,21464,3,2,0,2,0
2020-03-28,Contra Costa,013,1133247,415,350,0,350,4
2020-03-28,Del Norte,015,27424,0,0,0,0,0
2020-03-28,El Dorado,017,186661,29,18,0,18,0
2020-03-28,Fresno,019,978130,192,62,2,64,0
2020-03-28,Glenn,021,27897,2,2,0,2,0
2020-03-28,Humboldt,023,135768,46,18,0,18,0
2020-03-28,Imperial,025,180216,77,18,0,18,0
2020-03-28,Inyo,027,18085,9,0,0,0,0
2020-03-28,Kern,029,883053,213,40,0,40,0
2020-03-28,Kings,031,150075,21,2,1,3,0
2020-03-28,Lake,033,64148,0,0,0,0,0
2020-03-28,Lassen,035,31185,1,0,1,1,0
2020-03-28,Los Angeles,037,10098052,5334,3600,13,3613,64
2020-03-28,Madera,039,155013,41,22,0,22,2
2020-03-28,Marin,041,260295,120,116,0,116,0
2020-03-28,Mariposa,043,17540,0,0,0,0,0
2020-03-28,Mendocino,045,87422,5,4,0,4,0
2020-03-28,Merced,047,269075,27,8,0,8,0
2020-03-28,Modoc,049,8938,0,0,0,0,0
2020-03-28,Mono,051,14174,24,12,0,12,0
2020-03-28,Monterey,053,433212,66,64,0,64,2
2020-03-28,Napa,055,140530,27,10,0,10,0
2020-03-28,Nevada,057,99092,32,22,1,23,0
2020-03-28,Orange,059,3164182,1177,656,4,660,4
2020-03-28,Placer,061,380077,111,70,0,70,2
2020-03-28,Plumas,063,18699,1,0,0,0,0
2020-03-28,Riverside,065,2383286,938,242,5,247,14
2020-03-28,Sacramento,067,1510023,526,406,0,406,14
2020-03-28,San Benito,069,59416,28,20,0,20,2
2020-03-28,San Bernardino,071,2135413,602,162,0,162,4
2020-03-28,San Diego,073,3302833,1380,980,0,980,14
2020-03-28,San Francisco,075,870044,638,600,0,600,6
2020-03-28,San Joaquin,077,732212,212,166,3,169,8
2020-03-28,San Luis Obispo,079,281455,109,104,0,104,0
2020-03-28,San Mateo,081,765935,673,462,2,464,17
2020-03-28,Santa Barbara,083,443738,236,98,0,98,0
2020-03-28,Santa Clara,085,1922200,1296,1174,1,1175,54
2020-03-28,Santa Cruz,087,273765,79,62,0,62,0
2020-03-28,Shasta,089,179085,19,8,0,8,2
2020-03-28,Sierra,091,2930,0,0,0,0,0
2020-03-28,Siskiyou,093,43540,4,4,0,4,0
2020-03-28,Solano,095,438530,99,96,0,96,0
2020-03-28,Sonoma,097,501317,142,70,0,70,2
2020-03-28,Stanislaus,099,539301,85,34,3,37,0
2020-03-28,Sutter,101,95872,17,6,0,6,0
2020-03-28,Tehama,103,63373,1,0,0,0,0
2020-03-28,Trinity,105,12862,0,0,0,0,0
2020-03-28,Tulare,107,460477,94,46,2,48,0
2020-03-28,Tuolumne,109,53932,2,2,0,2,0
2020-03-28,Ventura,111,848112,270,178,0,178,4
2020-03-28,Yolo,113,214977,50,26,0,26,2
2020-03-28,Yuba,115,75493,8,6,0,6,0
2020-03-27,Alameda,001,1643700,595,185,0,185,4
2020-03-27,Alpine,003,1148,1,0,0,0,0
2020-03-27,Amador,005,37829,4,1,0,1,0
2020-03-27,Butte,007,227075,12,4,0,4,0
2020-03-27,Calaveras,009,45235,6,2,0,2,0
2020-03-27,Colusa,011,21464,3,0,0,0,0
2020-03-27,Contra Costa,013,1133247,394,161,0,161,2
2020-03-27,Del Norte,015,27424,0,0,0,0,0
2020-03-27,El Dorado,017,186661,27,9,0,9,0
2020-03-27,Fresno,019,978130,180,29,1,30,0
2020-03-27,Glenn,021,27897,2,0,0,0,0
2020-03-27,Humboldt,023,135768,42,9,0,9,0
2020-03-27,Imperial,025,180216,72,9,0,9,0
2020-03-27,Inyo,027,18085,9,0,0,0,0
2020-03-27,Kern,029,883053,200,20,0,20,0
2020-03-27,Kings,031,150075,20,0,1,1,0
2020-03-27,Lake,033,64148,0,0,0,0,0
2020-03-27,Lassen,035,31185,1,0,1,1,0
2020-03-27,Los Angeles,037,10098052,4922,1474,13,1487,26
2020-03-27,Madera,039,155013,39,10,0,10,1
2020-03-27,Marin,041,260295,115,58,0,58,0
2020-03-27,Mariposa,043,17540,0,0,0,0,0
2020-03-27,Mendocino,045,87422,5,2,0,2,0
2020-03-27,Merced,047,269075,26,3,0,3,0
2020-03-27,Modoc,049,8938,0,0,0,0,0
2020-03-27,Mono,051,14174,24,6,0,6,0
2020-03-27,Monterey,053,433212,63,26,0,26,1
2020-03-27,Napa,055,140530,27,5,0,5,0
2020-03-27,Nevada,057,99092,32,6,1,7,0
2020-03-27,Orange,059,3164182,1124,299,4,303,2
2020-03-27,Placer,061,380077,108,33,0,33,1
2020-03-27,Plumas,063,18699,0,0,0,0,0
2020-03-27,Riverside,065,2383286,882,121,5,126,7
2020-03-27,Sacramento,067,1510023,503,163,0,163,6
2020-03-27,San Benito,069,59416,27,9,0,9,1
2020-03-27,San Bernardino,071,2135413,512,77,0,77,2
2020-03-27,San Diego,073,3302833,1323,419,0,419,5
2020-03-27,San Francisco,075,870044,613,285,0,285,2
2020-03-27,San Joaquin,077,732212,201,73,3,76,3
2020-03-27,San Luis Obispo,079,281455,107,46,0,46,0
2020-03-27,San Mateo,081,765935,647,213,2,215,7
2020-03-27,Santa Barbara,083,443738,220,37,0,37,0
2020-03-27,Santa Clara,085,1922200,1259,557,1,558,25
2020-03-27,Santa Cruz,087,273765,78,31,0,31,0
2020-03-27,Shasta,089,179085,16,3,0,3,1
2020-03-27,Sierra,091,2930,0,0,0,0,0
2020-03-27,Siskiyou,093,43540,4,2,0,2,0
2020-03-27,Solano,095,438530,93,48,0,48,0
2020-03-27,Sonoma,097,501317,134,35,0,35,1
2020-03-27,Stanislaus,099,539301,83,16,3,19,0
2020-03-27,Sutter,101,95872,16,2,0,2,0
2020-03-27,Tehama,103,63373,1,0,0,0,0
2020-03-27,Trinity,105,12862,0,0,0,0,0
2020-03-27,Tulare,107,460477,86,15,2,17,0
2020-03-27,Tuolumne,109,53932,2,1,0,1,0
2020-03-27,Ventura,111,848112,261,80,0,80,2
2020-03-27,Yolo,113,214977,49,13,0,13,1
2020-03-27,Yuba,115,75493,7,3,0,3,0
2020-03-26,Alameda,001,1643700,555,172,0,172,4
2020-03-26,Alpine,003,1148,1,0,0,0,0
2020-03-26,Amador,005,37829,4,1,0,1,0
2020-03-26,Butte,007,227075,12,4,0,4,0
2020-03-26,Calaveras,009,45235,6,2,0,2,0
2020-03-26,Colusa,011,21464,3,0,0,0,0
2020-03-26,Contra Costa,013,1133247,384,147,0,147,2
2020-03-26,Del Norte,015,27424,0,0,0,0,0
2020-03-26,El Dorado,017,186661,26,7,0,7,0
2020-03-26,Fresno,019,978130,171,25,1,26,0
2020-03-26,Glenn,021,27897,2,0,0,0,0
2020-03-26,Humboldt,023,135768,38,8,0,8,0
2020-03-26,Imperial,025,180216,68,8,0,8,0
2020-03-26,Inyo,027,18085,8,0,0,0,0
2020-03-26,Kern,029,883053,184,20,0,20,0
2020-03-26,Kings,031,150075,20,0,1,1,0
2020-03-26,Lake,033,64148,0,0,0,0,0
2020-03-26,Lassen,035,31185,1,0,1,1,0
2020-03-26,Los Angeles,037,10098052,4520,1075,13,1088,19
2020-03-26,Madera,039,155013,37,8,0,8,0
2020-03-26,Marin,041,260295,106,56,0,56,0
2020-03-26,Mariposa,043,17540,0,0,0,0,0
2020-03-26,Mendocino,045,87422,4,1,0,1,0
2020-03-26,Merced,047,269075,23,1,0,1,0
2020-03-26,Modoc,049,8938,0,0,0,0,0
2020-03-26,Mono,051,14174,23,5,0,5,0
2020-03-26,Monterey,053,433212,60,25,0,25,1
2020-03-26,Napa,055,140530,26,5,0,5,0
2020-03-26,Nevada,057,99092,32,7,1,8,0
2020-03-26,Orange,059,3164182,1061,279,4,283,1
2020-03-26,Placer,061,380077,105,34,0,34,1
2020-03-26,Plumas,063,18699,0,0,0,0,0
2020-03-26,Riverside,065,2383286,812,118,5,123,7
2020-03-26,Sacramento,067,1510023,470,147,0,147,5
2020-03-26,San Benito,069,59416,27,8,0,8,1
2020-03-26,San Bernardino,071,2135413,446,57,0,57,1
2020-03-26,San Diego,073,3302833,1256,299,0,299,2
2020-03-26,San Francisco,075,870044,586,261,0,261,1
2020-03-26,San Joaquin,077,732212,190,69,3,72,3
2020-03-26,San Luis Obispo,079,281455,102,38,0,38,0
2020-03-26,San Mateo,081,765935,613,122,2,124,5
2020-03-26,Santa Barbara,083,443738,204,33,0,33,0
2020-03-26,Santa Clara,085,1922200,1216,487,1,488,20
2020-03-26,Santa Cruz,087,273765,74,30,0,30,0
2020-03-26,Shasta,089,179085,16,3,0,3,1
2020-03-26,Sierra,091,2930,0,0,0,0,0
2020-03-26,Siskiyou,093,43540,4,2,0,2,0
2020-03-26,Solano,095,438530,85,41,0,41,0
2020-03-26,Sonoma,097,501317,129,33,0,33,1
2020-03-26,Stanislaus,099,539301,81,15,3,18,0
2020-03-26,Sutter,101,95872,12,2,0,2,0
2020-03-26,Tehama,103,63373,1,0,0,0,0
2020-03-26,Trinity,105,12862,0,0,0,0,0
2020-03-26,Tulare,107,460477,79,15,2,17,0
2020-03-26,Tuolumne,109,53932,2,0,0,0,0
2020-03-26,Ventura,111,848112,245,70,0,70,1
2020-03-26,Yolo,113,214977,45,13,0,13,1
2020-03-26,Yuba,115,75493,7,3,0,3,0
2020-03-25,Alameda,001,1643700,534,134,0,134,3
2020-03-25,Alpine,003,1148,1,0,0,0,0
2020-03-25,Amador,005,37829,4,1,0,1,0
2020-03-25,Butte,007,227075,12,4,0,4,0
2020-03-25,Calaveras,009,45235,6,2,0,2,0
2020-03-25,Colusa,011,21464,2,0,0,0,0
2020-03-25,Contra Costa,013,1133247,370,131,0,131,1
2020-03-25,Del Norte,015,27424,0,0,0,0,0
2020-03-25,El Dorado,017,186661,26,5,0,5,0
2020-03-25,Fresno,019,978130,155,21,1,22,0
2020-03-25,Glenn,021,27897,2,0,0,0,0
2020-03-25,Humboldt,023,135768,35,3,0,3,0
2020-03-25,Imperial,025,180216,60,8,0,8,0
2020-03-25,Inyo,027,18085,5,0,0,0,0
2020-03-25,Kern,029,883053,164,13,0,13,0
2020-03-25,Kings,031,150075,18,0,1,1,0
2020-03-25,Lake,033,64148,0,0,0,0,0
2020-03-25,Lassen,035,31185,1,0,1,1,0
2020-03-25,Los Angeles,037,10098052,4125,725,13,738,10
2020-03-25,Madera,039,155013,35,6,0,6,0
2020-03-25,Marin,041,260295,100,47,0,47,0
2020-03-25,Mariposa,043,17540,0,0,0,0,0
2020-03-25,Mendocino,045,87422,3,1,0,1,0
2020-03-25,Merced,047,269075,19,0,0,0,0
2020-03-25,Modoc,049,8938,0,0,0,0,0
2020-03-25,Mono,051,14174,22,4,0,4,0
2020-03-25,Monterey,053,433212,57,23,0,23,1
2020-03-25,Napa,055,140530,26,5,0,5,0
2020-03-25,Nevada,057,99092,31,5,1,6,0
2020-03-25,Orange,059,3164182,1003,214,4,218,1
2020-03-25,Placer,061,380077,99,30,0,30,1
2020-03-25,Plumas,063,18699,0,1,0,1,0
2020-03-25,Riverside,065,2383286,741,87,5,92,5
2020-03-25,Sacramento,067,1510023,444,114,0,114,5
2020-03-25,San Benito,069,59416,26,4,0,4,1
2020-03-25,San Bernardino,071,2135413,407,46,0,46,1
2020-03-25,San Diego,073,3302833,1194,238,0,238,2
2020-03-25,San Francisco,075,870044,545,212,0,212,1
2020-03-25,San Joaquin,077,732212,177,64,3,67,2
2020-03-25,San Luis Obispo,079,281455,97,35,0,35,0
2020-03-25,San Mateo,081,765935,578,111,2,113,5
2020-03-25,Santa Barbara,083,443738,193,25,0,25,0
2020-03-25,Santa Clara,085,1922200,1172,452,1,453,20
2020-03-25,Santa Cruz,087,273765,71,26,0,26,0
2020-03-25,Shasta,089,179085,15,3,0,3,1
2020-03-25,Sierra,091,2930,0,0,0,0,0
2020-03-25,Siskiyou,093,43540,4,2,0,2,0
2020-03-25,Solano,095,438530,80,39,0,39,0
2020-03-25,Sonoma,097,501317,124,31,0,31,1
2020-03-25,Stanislaus,099,539301,74,14,3,17,0
2020-03-25,Sutter,101,95872,9,1,0,1,0
2020-03-25,Tehama,103,63373,1,0,0,0,0
2020-03-25,Trinity,105,12862,0,0,0,0,0
2020-03-25,Tulare,107,460477,69,11,2,13,0
2020-03-25,Tuolumne,109,53932,2,0,0,0,0
2020-03-25,Ventura,111,848112,229,53,0,53,1
2020-03-25,Yolo,113,214977,43,9,0,9,1
2020-03-25,Yuba,115,75493,7,2,0,2,0
2020-03-24,Alameda,001,1643700,502,96,0,96,2
2020-03-24,Alpine,003,1148,1,0,0,0,0
2020-03-24,Amador,005,37829,2,1,0,1,0
2020-03-24,Butte,007,227075,11,3,0,3,0
2020-03-24,Calaveras,009,45235,5,2,0,2,0
2020-03-24,Colusa,011,21464,2,0,0,0,0
2020-03-24,Contra Costa,013,1133247,356,108,0,108,1
2020-03-24,Del Norte,015,27424,0,0,0,0,0
2020-03-24,El Dorado,017,186661,26,3,0,3,0
2020-03-24,Fresno,019,978130,135,18,1,19,0
2020-03-24,Glenn,021,27897,2,0,0,0,0
2020-03-24,Humboldt,023,135768,33,2,0,2,0
2020-03-24,Imperial,025,180216,57,3,0,3,0
2020-03-24,Inyo,027,18085,5,0,0,0,0
2020-03-24,Kern,029,883053,144,5,0,5,0
2020-03-24,Kings,031,150075,17,0,1,1,0
2020-03-24,Lake,033,64148,0,0,0,0,0
2020-03-24,Lassen,035,31185,1,0,1,1,0
2020-03-24,Los Angeles,037,10098052,3673,633,13,646,7
2020-03-24,Madera,039,155013,34,6,0,6,0
2020-03-24,Marin,041,260295,89,44,0,44,0
2020-03-24,Mariposa,043,17540,0,0,0,0,0
2020-03-24,Mendocino,045,87422,3,1,0,1,0
2020-03-24,Merced,047,269075,17,0,0,0,0
2020-03-24,Modoc,049,8938,0,0,0,0,0
2020-03-24,Mono,051,14174,21,1,0,1,0
2020-03-24,Monterey,053,433212,53,23,0,23,1
2020-03-24,Napa,055,140530,23,2,0,2,0
2020-03-24,Nevada,057,99092,30,4,1,5,0
2020-03-24,Orange,059,3164182,941,166,4,170,0
2020-03-24,Placer,061,380077,92,22,0,22,1
2020-03-24,Plumas,063,18699,0,1,0,1,0
2020-03-24,Riverside,065,2383286,674,56,5,61,5
2020-03-24,Sacramento,067,1510023,425,93,0,93,4
2020-03-24,San Benito,069,59416,25,4,0,4,1
2020-03-24,San Bernardino,071,2135413,363,27,0,27,0
2020-03-24,San Diego,073,3302833,1127,231,0,231,2
2020-03-24,San Francisco,075,870044,513,181,0,181,1
2020-03-24,San Joaquin,077,732212,166,52,3,55,2
2020-03-24,San Luis Obispo,079,281455,95,32,0,32,0
2020-03-24,San Mateo,081,765935,537,100,2,102,2
2020-03-24,Santa Barbara,083,443738,187,20,0,20,0
2020-03-24,Santa Clara,085,1922200,1103,389,1,390,17
2020-03-24,Santa Cruz,087,273765,66,22,0,22,0
2020-03-24,Shasta,089,179085,14,3,0,3,0
2020-03-24,Sierra,091,2930,0,0,0,0,0
2020-03-24,Siskiyou,093,43540,4,2,0,2,0
2020-03-24,Solano,095,438530,78,34,0,34,0
2020-03-24,Sonoma,097,501317,117,27,0,27,1
2020-03-24,Stanislaus,099,539301,65,13,3,16,0
2020-03-24,Sutter,101,95872,9,0,0,0,0
2020-03-24,Tehama,103,63373,1,0,0,0,0
2020-03-24,Trinity,105,12862,0,0,0,0,0
2020-03-24,Tulare,107,460477,61,10,2,12,0
2020-03-24,Tuolumne,109,53932,2,0,0,0,0
2020-03-24,Ventura,111,848112,213,44,0,44,1
2020-03-24,Yolo,113,214977,39,8,0,8,0
2020-03-24,Yuba,115,75493,7,2,0,2,0
2020-03-23,Alameda,001,1643700,471,88,0,88,1
2020-03-23,Alpine,003,1148,1,0,0,0,0
2020-03-23,Amador,005,37829,2,1,0,1,0
2020-03-23,Butte,007,227075,11,2,0,2,0
2020-03-23,Calaveras,009,45235,5,2,0,2,0
2020-03-23,Colusa,011,21464,1,0,0,0,0
2020-03-23,Contra Costa,013,1133247,336,91,0,91,2
2020-03-23,Del Norte,015,27424,0,0,0,0,0
2020-03-23,El Dorado,017,186661,25,3,0,3,0
2020-03-23,Fresno,019,978130,124,10,1,11,0
2020-03-23,Glenn,021,27897,2,0,0,0,0
2020-03-23,Humboldt,023,135768,31,2,0,2,0
2020-03-23,Imperial,025,180216,53,2,0,2,0
2020-03-23,Inyo,027,18085,3,0,0,0,0
2020-03-23,Kern,029,883053,130,5,0,5,0
2020-03-23,Kings,031,150075,17,0,1,1,0
2020-03-23,Lake,033,64148,0,0,0,0,0
2020-03-23,Lassen,035,31185,1,0,1,1,0
2020-03-23,Los Angeles,037,10098052,3369,389,13,402,4
2020-03-23,Madera,039,155013,34,4,0,4,0
2020-03-23,Marin,041,260295,84,30,0,30,0
2020-03-23,Mariposa,043,17540,0,0,0,0,0
2020-03-23,Mendocino,045,87422,3,1,0,1,0
2020-03-23,Merced,047,269075,11,0,0,0,0
2020-03-23,Modoc,049,8938,0,0,0,0,0
2020-03-23,Mono,051,14174,19,1,0,1,0
2020-03-23,Monterey,053,433212,48,14,0,14,1
2020-03-23,Napa,055,140530,21,1,0,1,0
2020-03-23,Nevada,057,99092,27,2,1,3,0
2020-03-23,Orange,059,3164182,887,138,4,142,0
2020-03-23,Placer,061,380077,89,19,0,19,1
2020-03-23,Plumas,063,18699,0,0,0,0,0
2020-03-23,Riverside,065,2383286,633,39,5,44,5
2020-03-23,Sacramento,067,1510023,392,87,0,87,4
2020-03-23,San Benito,069,59416,24,4,0,4,1
2020-03-23,San Bernardino,071,2135413,333,17,0,17,0
2020-03-23,San Diego,073,3302833,1068,178,0,178,1
2020-03-23,San Francisco,075,870044,484,152,0,152,0
2020-03-23,San Joaquin,077,732212,154,37,3,40,2
2020-03-23,San Luis Obispo,079,281455,89,23,0,23,0
2020-03-23,San Mateo,081,765935,499,88,2,90,1
2020-03-23,Santa Barbara,083,443738,166,18,0,18,0
2020-03-23,Santa Clara,085,1922200,1056,336,1,337,13
2020-03-23,Santa Cruz,087,273765,64,21,0,21,0
2020-03-23,Shasta,089,179085,12,2,0,2,0
2020-03-23,Sierra,091,2930,0,0,0,0,0
2020-03-23,Siskiyou,093,43540,4,2,0,2,0
2020-03-23,Solano,095,438530,74,33,0,33,0
2020-03-23,Sonoma,097,501317,105,19,0,19,1
2020-03-23,Stanislaus,099,539301,57,10,3,13,0
2020-03-23,Sutter,101,95872,9,0,0,0,0
2020-03-23,Tehama,103,63373,1,0,0,0,0
2020-03-23,Trinity,105,12862,0,0,0,0,0
2020-03-23,Tulare,107,460477,55,9,2,11,0
2020-03-23,Tuolumne,109,53932,2,0,0,0,0
2020-03-23,Ventura,111,848112,196,30,0,30,0
2020-03-23,Yolo,113,214977,38,8,0,8,0
2020-03-23,Yuba,115,75493,7,2,0,2,0
2020-03-22,Alameda,001,1643700,432,72,0,72,1
2020-03-22,Alpine,003,1148,1,0,0,0,0
2020-03-22,Amador,005,37829,2,1,0,1,0
2020-03-22,Butte,007,227075,8,1,0,1,0
2020-03-22,Calaveras,009,45235,4,2,0,2,0
2020-03-22,Colusa,011,21464,1,0,0,0,0
2020-03-22,Contra Costa,013,1133247,309,79,0,79,1
2020-03-22,Del Norte,015,27424,0,0,0,0,0
2020-03-22,El Dorado,017,186661,23,1,0,1,0
2020-03-22,Fresno,019,978130,104,8,1,9,0
2020-03-22,Glenn,021,27897,2,0,0,0,0
2020-03-22,Humboldt,023,135768,28,1,0,1,0
2020-03-22,Imperial,025,180216,51,2,0,2,0
2020-03-22,Inyo,027,18085,1,0,0,0,0
2020-03-22,Kern,029,883053,114,3,0,3,0
2020-03-22,Kings,031,150075,15,0,1,1,0
2020-03-22,Lake,033,64148,0,0,0,0,0
2020-03-22,Lassen,035,31185,1,0,1,1,0
2020-03-22,Los Angeles,037,10098052,3048,384,13,397,3
2020-03-22,Madera,039,155013,32,4,0,4,0
2020-03-22,Marin,041,260295,74,30,0,30,0
2020-03-22,Mariposa,043,17540,0,0,0,0,0
2020-03-22,Mendocino,045,87422,3,1,0,1,0
2020-03-22,Merced,047,269075,7,0,0,0,0
2020-03-22,Modoc,049,8938,0,0,0,0,0
2020-03-22,Mono,051,14174,14,1,0,1,0
2020-03-22,Monterey,053,433212,45,14,0,14,1
2020-03-22,Napa,055,140530,17,1,0,1,0
2020-03-22,Nevada,057,99092,23,2,1,3,0
2020-03-22,Orange,059,3164182,818,102,4,106,0
2020-03-22,Placer,061,380077,86,18,0,18,1
2020-03-22,Plumas,063,18699,0,0,0,0,0
2020-03-22,Riverside,065,2383286,551,26,3,29,5
2020-03-22,Sacramento,067,1510023,360,82,0,82,4
2020-03-22,San Benito,069,59416,19,4,0,4,1
2020-03-22,San Bernardino,071,2135413,290,16,0,16,0
2020-03-22,San Diego,073,3302833,980,161,0,161,0
2020-03-22,San Francisco,075,870044,447,134,0,134,0
2020-03-22,San Joaquin,077,732212,140,30,3,33,2
2020-03-22,San Luis Obispo,079,281455,84,19,0,19,0
2020-03-22,San Mateo,081,765935,466,82,2,84,1
2020-03-22,Santa Barbara,083,443738,148,16,0,16,0
2020-03-22,Santa Clara,085,1922200,994,284,1,285,13
2020-03-22,Santa Cruz,087,273765,63,19,0,19,0
2020-03-22,Shasta,089,179085,12,1,0,1,0
2020-03-22,Sierra,091,2930,0,0,0,0,0
2020-03-22,Siskiyou,093,43540,4,2,0,2,0
2020-03-22,Solano,095,438530,65,30,0,30,0
2020-03-22,Sonoma,097,501317,100,18,0,18,1
2020-03-22,Stanislaus,099,539301,51,8,3,11,0
2020-03-22,Sutter,101,95872,8,0,0,0,0
2020-03-22,Tehama,103,63373,0,0,0,0,0
2020-03-22,Trinity,105,12862,0,0,0,0,0
2020-03-22,Tulare,107,460477,51,5,2,7,0
2020-03-22,Tuolumne,109,53932,2,0,0,0,0
2020-03-22,Ventura,111,848112,174,26,0,26,0
2020-03-22,Yolo,113,214977,32,6,0,6,0
2020-03-22,Yuba,115,75493,7,2,0,2,0
2020-03-21,Alameda,001,1643700,408,62,0,62,0
2020-03-21,Alpine,003,1148,1,0,0,0,0
2020-03-21,Amador,005,37829,2,1,0,1,0
2020-03-21,Butte,007,227075,7,1,0,1,0
2020-03-21,Calaveras,009,45235,4,2,0,2,0
2020-03-21,Colusa,011,21464,1,0,0,0,0
2020-03-21,Contra Costa,013,1133247,298,62,0,62,1
2020-03-21,Del Norte,015,27424,0,0,0,0,0
2020-03-21,El Dorado,017,186661,20,1,0,1,0
2020-03-21,Fresno,019,978130,100,8,1,9,0
2020-03-21,Glenn,021,27897,2,0,0,0,0
2020-03-21,Humboldt,023,135768,25,1,0,1,0
2020-03-21,Imperial,025,180216,47,2,0,2,0
2020-03-21,Inyo,027,18085,1,0,0,0,0
2020-03-21,Kern,029,883053,108,3,0,3,0
2020-03-21,Kings,031,150075,15,0,1,1,0
2020-03-21,Lake,033,64148,0,0,0,0,0
2020-03-21,Lassen,035,31185,1,0,1,1,0
2020-03-21,Los Angeles,037,10098052,2775,322,13,335,2
2020-03-21,Madera,039,155013,32,4,0,4,0
2020-03-21,Marin,041,260295,69,30,0,30,0
2020-03-21,Mariposa,043,17540,0,0,0,0,0
2020-03-21,Mendocino,045,87422,3,1,0,1,0
2020-03-21,Merced,047,269075,6,0,0,0,0
2020-03-21,Modoc,049,8938,0,0,0,0,0
2020-03-21,Mono,051,14174,14,1,0,1,0
2020-03-21,Monterey,053,433212,43,8,0,8,1
2020-03-21,Napa,055,140530,17,0,0,0,0
2020-03-21,Nevada,057,99092,23,2,1,3,0
2020-03-21,Orange,059,3164182,769,85,4,89,0
2020-03-21,Placer,061,380077,77,11,0,11,1
2020-03-21,Plumas,063,18699,0,0,0,0,0
2020-03-21,Riverside,065,2383286,507,20,3,23,3
2020-03-21,Sacramento,067,1510023,333,66,0,66,3
2020-03-21,San Benito,069,59416,17,4,0,4,1
2020-03-21,San Bernardino,071,2135413,270,13,0,13,0
2020-03-21,San Diego,073,3302833,903,121,0,121,0
2020-03-21,San Francisco,075,870044,411,106,0,106,0
2020-03-21,San Joaquin,077,732212,131,26,3,29,2
2020-03-21,San Luis Obispo,079,281455,80,16,0,16,0
2020-03-21,San Mateo,081,765935,428,78,2,80,1
2020-03-21,Santa Barbara,083,443738,133,8,0,8,0
2020-03-21,Santa Clara,085,1922200,933,269,1,270,10
2020-03-21,Santa Cruz,087,273765,61,17,0,17,0
2020-03-21,Shasta,089,179085,11,1,0,1,0
2020-03-21,Sierra,091,2930,0,0,0,0,0
2020-03-21,Siskiyou,093,43540,4,0,0,0,0
2020-03-21,Solano,095,438530,63,30,0,30,0
2020-03-21,Sonoma,097,501317,99,15,0,15,1
2020-03-21,Stanislaus,099,539301,45,7,3,10,0
2020-03-21,Sutter,101,95872,7,0,0,0,0
2020-03-21,Tehama,103,63373,0,0,0,0,0
2020-03-21,Trinity,105,12862,0,0,0,0,0
2020-03-21,Tulare,107,460477,46,5,2,7,0
2020-03-21,Tuolumne,109,53932,2,0,0,0,0
2020-03-21,Ventura,111,848112,166,22,0,22,0
2020-03-21,Yolo,113,214977,32,6,0,6,0
2020-03-21,Yuba,115,75493,7,1,0,1,0
2020-03-20,Alameda,001,1643700,387,42,0,42,0
2020-03-20,Alpine,003,1148,1,0,0,0,0
2020-03-20,Amador,005,37829,1,0,0,0,0
2020-03-20,Butte,007,227075,7,0,0,0,0
2020-03-20,Calaveras,009,45235,4,2,0,2,0
2020-03-20,Colusa,011,21464,1,0,0,0,0
2020-03-20,Contra Costa,013,1133247,269,52,0,52,1
2020-03-20,Del Norte,015,27424,0,0,0,0,0
2020-03-20,El Dorado,017,186661,19,1,0,1,0
2020-03-20,Fresno,019,978130,97,7,1,8,0
2020-03-20,Glenn,021,27897,1,0,0,0,0
2020-03-20,Humboldt,023,135768,25,1,0,1,0
2020-03-20,Imperial,025,180216,46,2,0,2,0
2020-03-20,Inyo,027,18085,0,0,0,0,0
2020-03-20,Kern,029,883053,93,3,0,3,0
2020-03-20,Kings,031,150075,15,0,1,1,0
2020-03-20,Lake,033,64148,0,0,0,0,0
2020-03-20,Lassen,035,31185,1,0,1,1,0
2020-03-20,Los Angeles,037,10098052,2550,267,12,279,1
2020-03-20,Madera,039,155013,31,4,0,4,0
2020-03-20,Marin,041,260295,66,30,0,30,0
2020-03-20,Mariposa,043,17540,0,0,0,0,0
2020-03-20,Mendocino,045,87422,3,1,0,1,0
2020-03-20,Merced,047,269075,6,0,0,0,0
2020-03-20,Modoc,049,8938,0,0,0,0,0
2020-03-20,Mono,051,14174,14,0,0,0,0
2020-03-20,Monterey,053,433212,42,4,0,4,0
2020-03-20,Napa,055,140530,16,0,0,0,0
2020-03-20,Nevada,057,99092,20,2,1,3,0
2020-03-20,Orange,059,3164182,722,71,4,75,2
2020-03-20,Placer,061,380077,71,9,0,9,1
2020-03-20,Plumas,063,18699,0,0,0,0,0
2020-03-20,Riverside,065,2383286,454,19,3,22,3
2020-03-20,Sacramento,067,1510023,312,56,0,56,4
2020-03-20,San Benito,069,59416,17,4,0,4,1
2020-03-20,San Bernardino,071,2135413,243,9,0,9,0
2020-03-20,San Diego,073,3302833,851,98,0,98,0
2020-03-20,San Francisco,075,870044,379,87,0,87,0
2020-03-20,San Joaquin,077,732212,116,18,3,21,2
2020-03-20,San Luis Obispo,079,281455,77,11,0,11,0
2020-03-20,San Mateo,081,765935,398,71,2,73,1
2020-03-20,Santa Barbara,083,443738,117,7,0,7,0
2020-03-20,Santa Clara,085,1922200,897,246,1,247,8
2020-03-20,Santa Cruz,087,273765,59,13,0,13,0
2020-03-20,Shasta,089,179085,10,1,0,1,0
2020-03-20,Sierra,091,2930,0,0,0,0,0
2020-03-20,Siskiyou,093,43540,4,0,0,0,0
2020-03-20,Solano,095,438530,59,29,0,29,0
2020-03-20,Sonoma,097,501317,91,7,0,7,0
2020-03-20,Stanislaus,099,539301,39,7,3,10,0
2020-03-20,Sutter,101,95872,7,0,0,0,0
2020-03-20,Tehama,103,63373,0,0,0,0,0
2020-03-20,Trinity,105,12862,0,0,0,0,0
2020-03-20,Tulare,107,460477,42,4,2,6,0
2020-03-20,Tuolumne,109,53932,2,0,0,0,0
2020-03-20,Ventura,111,848112,156,18,0,18,0
2020-03-20,Yolo,113,214977,30,5,0,5,0
2020-03-20,Yuba,115,75493,6,0,0,0,0
2020-03-19,Alameda,001,1643700,351,36,0,36,0
2020-03-19,Alpine,003,1148,1,0,0,0,0
2020-03-19,Amador,005,37829,1,0,0,0,0
2020-03-19,Butte,007,227075,5,0,0,0,0
2020-03-19,Calaveras,009,45235,4,2,0,2,0
2020-03-19,Colusa,011,21464,0,0,0,0,0
2020-03-19,Contra Costa,013,1133247,253,46,0,46,0
2020-03-19,Del Norte,015,27424,0,0,0,0,0
2020-03-19,El Dorado,017,186661,18,0,0,0,0
2020-03-19,Fresno,019,978130,88,6,1,7,0
2020-03-19,Glenn,021,27897,1,0,0,0,0
2020-03-19,Humboldt,023,135768,23,1,0,1,0
2020-03-19,Imperial,025,180216,39,2,0,2,0
2020-03-19,Inyo,027,18085,0,0,0,0,0
2020-03-19,Kern,029,883053,81,3,0,3,0
2020-03-19,Kings,031,150075,12,0,1,1,0
2020-03-19,Lake,033,64148,0,0,0,0,0
2020-03-19,Lassen,035,31185,0,0,1,1,0
2020-03-19,Los Angeles,037,10098052,2263,233,12,245,0
2020-03-19,Madera,039,155013,30,3,0,3,0
2020-03-19,Marin,041,260295,63,19,0,19,0
2020-03-19,Mariposa,043,17540,0,0,0,0,0
2020-03-19,Mendocino,045,87422,2,1,0,1,0
2020-03-19,Merced,047,269075,5,0,0,0,0
2020-03-19,Modoc,049,8938,0,0,0,0,0
2020-03-19,Mono,051,14174,12,0,0,0,0
2020-03-19,Monterey,053,433212,34,3,0,3,0
2020-03-19,Napa,055,140530,14,0,0,0,0
2020-03-19,Nevada,057,99092,18,2,1,3,0
2020-03-19,Orange,059,3164182,638,59,4,63,0
2020-03-19,Placer,061,380077,63,8,0,8,1
2020-03-19,Plumas,063,18699,0,0,0,0,0
2020-03-19,Riverside,065,2383286,360,14,2,16,3
2020-03-19,Sacramento,067,1510023,279,52,0,52,3
2020-03-19,San Benito,069,59416,14,3,0,3,0
2020-03-19,San Bernardino,071,2135413,213,7,0,7,0
2020-03-19,San Diego,073,3302833,768,68,0,68,0
2020-03-19,San Francisco,075,870044,343,80,0,80,0
2020-03-19,San Joaquin,077,732212,102,15,3,18,2
2020-03-19,San Luis Obispo,079,281455,75,6,0,6,0
2020-03-19,San Mateo,081,765935,363,58,2,60,1
2020-03-19,Santa Barbara,083,443738,101,5,0,5,0
2020-03-19,Santa Clara,085,1922200,831,183,1,184,8
2020-03-19,Santa Cruz,087,273765,56,13,0,13,0
2020-03-19,Shasta,089,179085,9,1,0,1,0
2020-03-19,Sierra,091,2930,0,0,0,0,0
2020-03-19,Siskiyou,093,43540,3,0,0,0,0
2020-03-19,Solano,095,438530,55,26,0,26,0
2020-03-19,Sonoma,097,501317,88,8,0,8,0
2020-03-19,Stanislaus,099,539301,38,7,3,10,0
2020-03-19,Sutter,101,95872,7,0,0,0,0
2020-03-19,Tehama,103,63373,0,0,0,0,0
2020-03-19,Trinity,105,12862,0,0,0,0,0
2020-03-19,Tulare,107,460477,37,3,2,5,0
2020-03-19,Tuolumne,109,53932,2,0,0,0,0
2020-03-19,Ventura,111,848112,134,15,0,15,0
2020-03-19,Yolo,113,214977,26,5,0,5,0
2020-03-19,Yuba,115,75493,5,0,0,0,0
2020-03-18,Alameda,001,1643700,323,29,0,29,0
2020-03-18,Alpine,003,1148,1,0,0,0,0
2020-03-18,Amador,005,37829,1,0,0,0,0
2020-03-18,Butte,007,227075,4,0,0,0,0
2020-03-18,Calaveras,009,45235,4,2,0,2,0
2020-03-18,Colusa,011,21464,0,0,0,0,0
2020-03-18,Contra Costa,013,1133247,232,44,0,44,0
2020-03-18,Del Norte,015,27424,0,0,0,0,0
2020-03-18,El Dorado,017,186661,17,0,0,0,0
2020-03-18,Fresno,019,978130,78,3,1,4,0
2020-03-18,Glenn,021,27897,1,0,0,0,0
2020-03-18,Humboldt,023,135768,19,1,0,1,0
2020-03-18,Imperial,025,180216,33,2,0,2,0
2020-03-18,Inyo,027,18085,0,0,0,0,0
2020-03-18,Kern,029,883053,66,1,0,1,0
2020-03-18,Kings,031,150075,10,0,1,1,0
2020-03-18,Lake,033,64148,0,0,0,0,0
2020-03-18,Lassen,035,31185,0,0,1,1,0
2020-03-18,Los Angeles,037,10098052,2024,47,12,59,0
2020-03-18,Madera,039,155013,29,2,0,2,0
2020-03-18,Marin,041,260295,58,10,0,10,0
2020-03-18,Mariposa,043,17540,0,0,0,0,0
2020-03-18,Mendocino,045,87422,2,0,0,0,0
2020-03-18,Merced,047,269075,5,0,0,0,0
2020-03-18,Modoc,049,8938,0,0,0,0,0
2020-03-18,Mono,051,14174,11,0,0,0,0
2020-03-18,Monterey,053,433212,28,1,0,1,0
2020-03-18,Napa,055,140530,11,0,0,0,0
2020-03-18,Nevada,057,99092,16,2,1,3,0
2020-03-18,Orange,059,3164182,583,38,4,42,0
2020-03-18,Placer,061,380077,56,8,0,8,1
2020-03-18,Plumas,063,18699,0,0,0,0,0
2020-03-18,Riverside,065,2383286,306,11,2,13,2
2020-03-18,Sacramento,067,1510023,256,46,0,46,3
2020-03-18,San Benito,069,59416,13,3,0,3,0
2020-03-18,San Bernardino,071,2135413,191,3,0,3,0
2020-03-18,San Diego,073,3302833,683,40,0,40,0
2020-03-18,San Francisco,075,870044,324,65,0,65,0
2020-03-18,San Joaquin,077,732212,90,14,3,17,2
2020-03-18,San Luis Obispo,079,281455,68,5,0,5,0
2020-03-18,San Mateo,081,765935,340,57,2,59,1
2020-03-18,Santa Barbara,083,443738,88,2,0,2,0
2020-03-18,Santa Clara,085,1922200,782,151,1,152,6
2020-03-18,Santa Cruz,087,273765,54,11,0,11,0
2020-03-18,Shasta,089,179085,8,1,0,1,0
2020-03-18,Sierra,091,2930,0,0,0,0,0
2020-03-18,Siskiyou,093,43540,3,0,0,0,0
2020-03-18,Solano,095,438530,51,26,0,26,0
2020-03-18,Sonoma,097,501317,79,6,0,6,0
2020-03-18,Stanislaus,099,539301,34,5,2,7,0
2020-03-18,Sutter,101,95872,5,0,0,0,0
2020-03-18,Tehama,103,63373,0,0,0,0,0
2020-03-18,Trinity,105,12862,0,0,0,0,0
2020-03-18,Tulare,107,460477,28,3,2,5,0
2020-03-18,Tuolumne,109,53932,2,0,0,0,0
2020-03-18,Ventura,111,848112,115,11,0,11,0
2020-03-18,Yolo,113,214977,23,4,0,4,0
2020-03-18,Yuba,115,75493,4,0,0,0,0
2020-03-17,Alameda,001,1643700,291,19,0,19,0
2020-03-17,Alpine,003,1148,0,0,0,0,0
2020-03-17,Amador,005,37829,1,0,0,0,0
2020-03-17,Butte,007,227075,4,0,0,0,0
2020-03-17,Calaveras,009,45235,4,2,0,2,0
2020-03-17,Colusa,011,21464,0,0,0,0,0
2020-03-17,Contra Costa,013,1133247,210,37,0,37,0
2020-03-17,Del Norte,015,27424,0,0,0,0,0
2020-03-17,El Dorado,017,186661,16,0,0,0,0
2020-03-17,Fresno,019,978130,67,2,1,3,0
2020-03-17,Glenn,021,27897,1,0,0,0,0
2020-03-17,Humboldt,023,135768,17,1,0,1,0
2020-03-17,Imperial,025,180216,27,2,0,2,0
2020-03-17,Inyo,027,18085,0,0,0,0,0
2020-03-17,Kern,029,883053,52,0,0,0,0
2020-03-17,Kings,031,150075,9,0,1,1,0
2020-03-17,Lake,033,64148,0,0,0,0,0
2020-03-17,Lassen,035,31185,0,0,1,1,0
2020-03-17,Los Angeles,037,10098052,1823,41,12,53,0
2020-03-17,Madera,039,155013,22,2,0,2,0
2020-03-17,Marin,041,260295,51,4,0,4,0
2020-03-17,Mariposa,043,17540,0,0,0,0,0
2020-03-17,Mendocino,045,87422,2,0,0,0,0
2020-03-17,Merced,047,269075,5,0,0,0,0
2020-03-17,Modoc,049,8938,0,0,0,0,0
2020-03-17,Mono,051,14174,9,0,0,0,0
2020-03-17,Monterey,053,433212,26,0,0,0,0
2020-03-17,Napa,055,140530,8,0,0,0,0
2020-03-17,Nevada,057,99092,15,1,1,2,0
2020-03-17,Orange,059,3164182,506,24,4,28,0
2020-03-17,Placer,061,380077,46,7,0,7,1
2020-03-17,Plumas,063,18699,0,0,0,0,0
2020-03-17,Riverside,065,2383286,247,11,2,13,0
2020-03-17,Sacramento,067,1510023,236,36,0,36,1
2020-03-17,San Benito,069,59416,12,2,0,2,0
2020-03-17,San Bernardino,071,2135413,163,2,0,2,0
2020-03-17,San Diego,073,3302833,616,17,0,17,0
2020-03-17,San Francisco,075,870044,298,46,0,46,0
2020-03-17,San Joaquin,077,732212,84,11,3,14,0
2020-03-17,San Luis Obispo,079,281455,61,1,0,1,0
2020-03-17,San Mateo,081,765935,308,46,2,48,1
2020-03-17,Santa Barbara,083,443738,75,0,0,0,0
2020-03-17,Santa Clara,085,1922200,725,121,1,122,4
2020-03-17,Santa Cruz,087,273765,51,10,0,10,0
2020-03-17,Shasta,089,179085,4,1,0,1,0
2020-03-17,Sierra,091,2930,0,0,0,0,0
2020-03-17,Siskiyou,093,43540,3,0,0,0,0
2020-03-17,Solano,095,438530,48,27,0,27,0
2020-03-17,Sonoma,097,501317,71,4,0,4,0
2020-03-17,Stanislaus,099,539301,31,4,2,6,0
2020-03-17,Sutter,101,95872,5,0,0,0,0
2020-03-17,Tehama,103,63373,0,0,0,0,0
2020-03-17,Trinity,105,12862,0,0,0,0,0
2020-03-17,Tulare,107,460477,25,2,2,4,0
2020-03-17,Tuolumne,109,53932,2,0,0,0,0
2020-03-17,Ventura,111,848112,98,7,0,7,0
2020-03-17,Yolo,113,214977,19,2,0,2,0
2020-03-17,Yuba,115,75493,4,0,0,0,0
2020-03-16,Alameda,001,1643700,262,17,0,17,0
2020-03-16,Alpine,003,1148,0,0,0,0,0
2020-03-16,Amador,005,37829,1,0,0,0,0
2020-03-16,Butte,007,227075,3,0,0,0,0
2020-03-16,Calaveras,009,45235,4,2,0,2,0
2020-03-16,Colusa,011,21464,0,0,0,0,0
2020-03-16,Contra Costa,013,1133247,186,36,0,36,0
2020-03-16,Del Norte,015,27424,0,0,0,0,0
2020-03-16,El Dorado,017,186661,15,0,0,0,0
2020-03-16,Fresno,019,978130,52,2,1,3,0
2020-03-16,Glenn,021,27897,0,0,0,0,0
2020-03-16,Humboldt,023,135768,13,1,0,1,0
2020-03-16,Imperial,025,180216,22,2,0,2,0
2020-03-16,Inyo,027,18085,0,0,0,0,0
2020-03-16,Kern,029,883053,43,0,0,0,0
2020-03-16,Kings,031,150075,8,0,1,1,0
2020-03-16,Lake,033,64148,0,0,0,0,0
2020-03-16,Lassen,035,31185,0,0,0,0,0
2020-03-16,Los Angeles,037,10098052,1588,43,12,55,0
2020-03-16,Madera,039,155013,21,2,0,2,0
2020-03-16,Marin,041,260295,48,4,0,4,0
2020-03-16,Mariposa,043,17540,0,0,0,0,0
2020-03-16,Mendocino,045,87422,2,0,0,0,0
2020-03-16,Merced,047,269075,5,0,0,0,0
2020-03-16,Modoc,049,8938,0,0,0,0,0
2020-03-16,Mono,051,14174,7,0,0,0,0
2020-03-16,Monterey,053,433212,25,0,0,0,0
2020-03-16,Napa,055,140530,7,0,0,0,0
2020-03-16,Nevada,057,99092,11,1,1,2,0
2020-03-16,Orange,059,3164182,421,18,4,22,0
2020-03-16,Placer,061,380077,39,7,0,7,1
2020-03-16,Plumas,063,18699,0,0,0,0,0
2020-03-16,Riverside,065,2383286,213,10,2,12,0
2020-03-16,Sacramento,067,1510023,209,34,0,34,1
2020-03-16,San Benito,069,59416,8,2,0,2,0
2020-03-16,San Bernardino,071,2135413,143,1,0,1,0
2020-03-16,San Diego,073,3302833,525,17,0,17,0
2020-03-16,San Francisco,075,870044,262,40,0,40,0
2020-03-16,San Joaquin,077,732212,74,9,3,12,0
2020-03-16,San Luis Obispo,079,281455,54,1,0,1,0
2020-03-16,San Mateo,081,765935,270,42,2,44,1
2020-03-16,Santa Barbara,083,443738,63,0,0,0,0
2020-03-16,Santa Clara,085,1922200,650,115,1,116,2
2020-03-16,Santa Cruz,087,273765,44,9,0,9,0
2020-03-16,Shasta,089,179085,4,1,0,1,0
2020-03-16,Sierra,091,2930,0,0,0,0,0
2020-03-16,Siskiyou,093,43540,2,0,0,0,0
2020-03-16,Solano,095,438530,43,27,0,27,0
2020-03-16,Sonoma,097,501317,63,4,0,4,0
2020-03-16,Stanislaus,099,539301,27,2,2,4,0
2020-03-16,Sutter,101,95872,3,0,0,0,0
2020-03-16,Tehama,103,63373,0,0,0,0,0
2020-03-16,Trinity,105,12862,0,0,0,0,0
2020-03-16,Tulare,107,460477,21,2,2,4,0
2020-03-16,Tuolumne,109,53932,2,0,0,0,0
2020-03-16,Ventura,111,848112,88,7,0,7,0
2020-03-16,Yolo,113,214977,18,2,0,2,0
2020-03-16,Yuba,115,75493,3,0,0,0,0
2020-03-15,Alameda,001,1643700,215,17,0,17,0
2020-03-15,Alpine,003,1148,0,0,0,0,0
2020-03-15,Amador,005,37829,1,0,0,0,0
2020-03-15,Butte,007,227075,3,0,0,0,0
2020-03-15,Calaveras,009,45235,2,2,0,2,0
2020-03-15,Colusa,011,21464,0,0,0,0,0
2020-03-15,Contra Costa,013,1133247,161,34,0,34,0
2020-03-15,Del Norte,015,27424,0,0,0,0,0
2020-03-15,El Dorado,017,186661,14,0,0,0,0
2020-03-15,Fresno,019,978130,32,1,1,2,0
2020-03-15,Glenn,021,27897,0,0,0,0,0
2020-03-15,Humboldt,023,135768,11,1,0,1,0
2020-03-15,Imperial,025,180216,17,2,0,2,0
2020-03-15,Inyo,027,18085,0,0,0,0,0
2020-03-15,Kern,029,883053,37,0,0,0,0
2020-03-15,Kings,031,150075,8,0,1,1,0
2020-03-15,Lake,033,64148,0,0,0,0,0
2020-03-15,Lassen,035,31185,0,0,0,0,0
2020-03-15,Los Angeles,037,10098052,1349,41,12,53,0
2020-03-15,Madera,039,155013,20,2,0,2,0
2020-03-15,Marin,041,260295,41,3,0,3,0
2020-03-15,Mariposa,043,17540,0,0,0,0,0
2020-03-15,Mendocino,045,87422,2,0,0,0,0
2020-03-15,Merced,047,269075,3,0,0,0,0
2020-03-15,Modoc,049,8938,0,0,0,0,0
2020-03-15,Mono,051,14174,6,0,0,0,0
2020-03-15,Monterey,053,433212,19,0,0,0,0
2020-03-15,Napa,055,140530,7,0,0,0,0
2020-03-15,Nevada,057,99092,11,0,1,1,0
2020-03-15,Orange,059,3164182,351,16,2,18,0
2020-03-15,Placer,061,380077,33,7,0,7,1
2020-03-15,Plumas,063,18699,0,0,0,0,0
2020-03-15,Riverside,065,2383286,167,10,2,12,0
2020-03-15,Sacramento,067,1510023,173,30,0,30,1
2020-03-15,San Benito,069,59416,8,2,0,2,0
2020-03-15,San Bernardino,071,2135413,121,0,0,0,0
2020-03-15,San Diego,073,3302833,438,16,0,16,0
2020-03-15,San Francisco,075,870044,206,31,0,31,0
2020-03-15,San Joaquin,077,732212,63,6,3,9,0
2020-03-15,San Luis Obispo,079,281455,45,1,0,1,0
2020-03-15,San Mateo,081,765935,236,29,1,30,1
2020-03-15,Santa Barbara,083,443738,53,0,0,0,0
2020-03-15,Santa Clara,085,1922200,579,79,1,80,2
2020-03-15,Santa Cruz,087,273765,38,8,0,8,0
2020-03-15,Shasta,089,179085,4,1,0,1,0
2020-03-15,Sierra,091,2930,0,0,0,0,0
2020-03-15,Siskiyou,093,43540,2,0,0,0,0
2020-03-15,Solano,095,438530,42,26,0,26,0
2020-03-15,Sonoma,097,501317,54,4,0,4,0
2020-03-15,Stanislaus,099,539301,26,2,2,4,0
2020-03-15,Sutter,101,95872,2,0,0,0,0
2020-03-15,Tehama,103,63373,0,0,0,0,0
2020-03-15,Trinity,105,12862,0,0,0,0,0
2020-03-15,Tulare,107,460477,16,2,2,4,0
2020-03-15,Tuolumne,109,53932,1,0,0,0,0
2020-03-15,Ventura,111,848112,77,5,0,5,0
2020-03-15,Yolo,113,214977,15,2,0,2,0
2020-03-15,Yuba,115,75493,2,0,0,0,0
2020-03-14,Alameda,001,1643700,196,11,0,11,0
2020-03-14,Alpine,003,1148,0,0,0,0,0
2020-03-14,Amador,005,37829,1,0,0,0,0
2020-03-14,Butte,007,227075,2,0,0,0,0
2020-03-14,Calaveras,009,45235,2,2,0,2,0
2020-03-14,Colusa,011,21464,0,0,0,0,0
2020-03-14,Contra Costa,013,1133247,139,30,0,30,0
2020-03-14,Del Norte,015,27424,0,0,0,0,0
2020-03-14,El Dorado,017,186661,12,0,0,0,0
2020-03-14,Fresno,019,978130,24,1,1,2,0
2020-03-14,Glenn,021,27897,0,0,0,0,0
2020-03-14,Humboldt,023,135768,7,1,0,1,0
2020-03-14,Imperial,025,180216,13,2,0,2,0
2020-03-14,Inyo,027,18085,0,0,0,0,0
2020-03-14,Kern,029,883053,32,0,0,0,0
2020-03-14,Kings,031,150075,8,0,1,1,0
2020-03-14,Lake,033,64148,0,0,0,0,0
2020-03-14,Lassen,035,31185,0,0,0,0,0
2020-03-14,Los Angeles,037,10098052,1171,35,12,47,0
2020-03-14,Madera,039,155013,19,2,0,2,0
2020-03-14,Marin,041,260295,37,3,0,3,0
2020-03-14,Mariposa,043,17540,0,0,0,0,0
2020-03-14,Mendocino,045,87422,2,0,0,0,0
2020-03-14,Merced,047,269075,3,0,0,0,0
2020-03-14,Modoc,049,8938,0,0,0,0,0
2020-03-14,Mono,051,14174,5,0,0,0,0
2020-03-14,Monterey,053,433212,13,0,0,0,0
2020-03-14,Napa,055,140530,5,0,0,0,0
2020-03-14,Nevada,057,99092,8,0,1,1,0
2020-03-14,Orange,059,3164182,311,14,1,15,0
2020-03-14,Placer,061,380077,29,6,0,6,1
2020-03-14,Plumas,063,18699,0,0,0,0,0
2020-03-14,Riverside,065,2383286,147,10,2,12,0
2020-03-14,Sacramento,067,1510023,151,31,0,31,1
2020-03-14,San Benito,069,59416,8,2,0,2,0
2020-03-14,San Bernardino,071,2135413,103,0,0,0,0
2020-03-14,San Diego,073,3302833,363,10,0,10,0
2020-03-14,San Francisco,075,870044,185,29,0,29,0
2020-03-14,San Joaquin,077,732212,54,6,3,9,0
2020-03-14,San Luis Obispo,079,281455,40,0,0,0,0
2020-03-14,San Mateo,081,765935,213,27,1,28,0
2020-03-14,Santa Barbara,083,443738,41,0,0,0,0
2020-03-14,Santa Clara,085,1922200,523,62,1,63,2
2020-03-14,Santa Cruz,087,273765,33,8,0,8,0
2020-03-14,Shasta,089,179085,4,1,0,1,0
2020-03-14,Sierra,091,2930,0,0,0,0,0
2020-03-14,Siskiyou,093,43540,1,0,0,0,0
2020-03-14,Solano,095,438530,40,26,0,26,0
2020-03-14,Sonoma,097,501317,41,2,0,2,0
2020-03-14,Stanislaus,099,539301,22,2,2,4,0
2020-03-14,Sutter,101,95872,2,0,0,0,0
2020-03-14,Tehama,103,63373,0,0,0,0,0
2020-03-14,Trinity,105,12862,0,0,0,0,0
2020-03-14,Tulare,107,460477,14,2,2,4,0
2020-03-14,Tuolumne,109,53932,1,0,0,0,0
2020-03-14,Ventura,111,848112,68,5,0,5,0
2020-03-14,Yolo,113,214977,15,2,0,2,0
2020-03-14,Yuba,115,75493,1,0,0,0,0
2020-03-13,Alameda,001,1643700,177,12,0,12,0
2020-03-13,Alpine,003,1148,0,0,0,0,0
2020-03-13,Amador,005,37829,1,0,0,0,0
2020-03-13,Butte,007,227075,0,0,0,0,0
2020-03-13,Calaveras,009,45235,2,2,0,2,0
2020-03-13,Colusa,011,21464,0,0,0,0,0
2020-03-13,Contra Costa,013,1133247,125,22,0,22,0
2020-03-13,Del Norte,015,27424,0,0,0,0,0
2020-03-13,El Dorado,017,186661,11,0,0,0,0
2020-03-13,Fresno,019,978130,19,1,1,2,0
2020-03-13,Glenn,021,27897,0,0,0,0,0
2020-03-13,Humboldt,023,135768,7,1,0,1,0
2020-03-13,Imperial,025,180216,12,2,0,2,0
2020-03-13,Inyo,027,18085,0,0,0,0,0
2020-03-13,Kern,029,883053,27,0,0,0,0
2020-03-13,Kings,031,150075,7,0,1,1,0
2020-03-13,Lake,033,64148,0,0,0,0,0
2020-03-13,Lassen,035,31185,0,0,0,0,0
2020-03-13,Los Angeles,037,10098052,1018,30,11,41,0
2020-03-13,Madera,039,155013,18,1,0,1,0
2020-03-13,Marin,041,260295,34,3,0,3,0
2020-03-13,Mariposa,043,17540,0,0,0,0,0
2020-03-13,Mendocino,045,87422,2,0,0,0,0
2020-03-13,Merced,047,269075,2,0,0,0,0
2020-03-13,Modoc,049,8938,0,0,0,0,0
2020-03-13,Mono,051,14174,3,0,0,0,0
2020-03-13,Monterey,053,433212,8,0,0,0,0
2020-03-13,Napa,055,140530,3,0,0,0,0
2020-03-13,Nevada,057,99092,7,0,1,1,0
2020-03-13,Orange,059,3164182,273,10,1,11,0
2020-03-13,Placer,061,380077,27,6,0,6,1
2020-03-13,Plumas,063,18699,0,0,0,0,0
2020-03-13,Riverside,065,2383286,121,5,2,7,0
2020-03-13,Sacramento,067,1510023,130,18,0,18,1
2020-03-13,San Benito,069,59416,6,2,0,2,0
2020-03-13,San Bernardino,071,2135413,96,0,0,0,0
2020-03-13,San Diego,073,3302833,313,8,0,8,0
2020-03-13,San Francisco,075,870044,171,28,0,28,0
2020-03-13,San Joaquin,077,732212,50,6,3,9,0
2020-03-13,San Luis Obispo,079,281455,32,0,0,0,0
2020-03-13,San Mateo,081,765935,192,24,1,25,0
2020-03-13,Santa Barbara,083,443738,37,0,0,0,0
2020-03-13,Santa Clara,085,1922200,461,59,1,60,1
2020-03-13,Santa Cruz,087,273765,32,7,0,7,0
2020-03-13,Shasta,089,179085,3,1,0,1,0
2020-03-13,Sierra,091,2930,0,0,0,0,0
2020-03-13,Siskiyou,093,43540,0,0,0,0,0
2020-03-13,Solano,095,438530,39,26,0,26,0
2020-03-13,Sonoma,097,501317,40,2,0,2,0
2020-03-13,Stanislaus,099,539301,17,2,2,4,0
2020-03-13,Sutter,101,95872,2,0,0,0,0
2020-03-13,Tehama,103,63373,0,0,0,0,0
2020-03-13,Trinity,105,12862,0,0,0,0,0
2020-03-13,Tulare,107,460477,11,2,2,4,0
2020-03-13,Tuolumne,109,53932,1,0,0,0,0
2020-03-13,Ventura,111,848112,54,5,0,5,0
2020-03-13,Yolo,113,214977,15,1,0,1,0
2020-03-13,Yuba,115,75493,1,0,0,0,0
2020-03-12,Alameda,001,1643700,152,9,0,9,0
2020-03-12,Alpine,003,1148,0,0,0,0,0
2020-03-12,Amador,005,37829,1,0,0,0,0
2020-03-12,Butte,007,227075,0,0,0,0,0
2020-03-12,Calaveras,009,45235,2,2,0,2,0
2020-03-12,Colusa,011,21464,0,0,0,0,0
2020-03-12,Contra Costa,013,1133247,108,18,0,18,0
2020-03-12,Del Norte,015,27424,0,0,0,0,0
2020-03-12,El Dorado,017,186661,9,0,0,0,0
2020-03-12,Fresno,019,978130,11,1,1,2,0
2020-03-12,Glenn,021,27897,0,0,0,0,0
2020-03-12,Humboldt,023,135768,6,1,0,1,0
2020-03-12,Imperial,025,180216,11,2,0,2,0
2020-03-12,Inyo,027,18085,0,0,0,0,0
2020-03-12,Kern,029,883053,18,0,0,0,0
2020-03-12,Kings,031,150075,6,0,1,1,0
2020-03-12,Lake,033,64148,0,0,0,0,0
2020-03-12,Lassen,035,31185,0,0,0,0,0
2020-03-12,Los Angeles,037,10098052,859,30,11,41,0
2020-03-12,Madera,039,155013,15,1,0,1,0
2020-03-12,Marin,041,260295,24,1,0,1,0
2020-03-12,Mariposa,043,17540,0,0,0,0,0
2020-03-12,Mendocino,045,87422,2,0,0,0,0
2020-03-12,Merced,047,269075,2,0,0,0,0
2020-03-12,Modoc,049,8938,0,0,0,0,0
2020-03-12,Mono,051,14174,3,0,0,0,0
2020-03-12,Monterey,053,433212,6,0,0,0,0
2020-03-12,Napa,055,140530,3,0,0,0,0
2020-03-12,Nevada,057,99092,4,0,1,1,0
2020-03-12,Orange,059,3164182,237,7,0,7,0
2020-03-12,Placer,061,380077,23,6,0,6,1
2020-03-12,Plumas,063,18699,0,0,0,0,0
2020-03-12,Riverside,065,2383286,98,5,1,6,0
2020-03-12,Sacramento,067,1510023,106,17,0,17,1
2020-03-12,San Benito,069,59416,5,2,0,2,0
2020-03-12,San Bernardino,071,2135413,80,0,0,0,0
2020-03-12,San Diego,073,3302833,258,9,0,9,0
2020-03-12,San Francisco,075,870044,148,20,0,20,0
2020-03-12,San Joaquin,077,732212,44,3,3,6,1
2020-03-12,San Luis Obispo,079,281455,25,0,0,0,0
2020-03-12,San Mateo,081,765935,158,21,1,22,0
2020-03-12,Santa Barbara,083,443738,25,0,0,0,0
2020-03-12,Santa Clara,085,1922200,403,51,1,52,1
2020-03-12,Santa Cruz,087,273765,29,5,0,5,0
2020-03-12,Shasta,089,179085,2,1,0,1,0
2020-03-12,Sierra,091,2930,0,0,0,0,0
2020-03-12,Siskiyou,093,43540,0,0,0,0,0
2020-03-12,Solano,095,438530,34,26,0,26,0
2020-03-12,Sonoma,097,501317,34,2,0,2,0
2020-03-12,Stanislaus,099,539301,15,2,2,4,0
2020-03-12,Sutter,101,95872,0,0,0,0,0
2020-03-12,Tehama,103,63373,0,0,0,0,0
2020-03-12,Trinity,105,12862,0,0,0,0,0
2020-03-12,Tulare,107,460477,11,1,1,2,0
2020-03-12,Tuolumne,109,53932,1,0,0,0,0
2020-03-12,Ventura,111,848112,45,3,0,3,0
2020-03-12,Yolo,113,214977,14,1,0,1,0
2020-03-12,Yuba,115,75493,1,0,0,0,0
2020-03-11,Alameda,001,1643700,120,5,0,5,0
2020-03-11,Alpine,003,1148,0,0,0,0,0
2020-03-11,Amador,005,37829,1,0,0,0,0
2020-03-11,Butte,007,227075,0,0,0,0,0
2020-03-11,Calaveras,009,45235,2,2,0,2,0
2020-03-11,Colusa,011,21464,0,0,0,0,0
2020-03-11,Contra Costa,013,1133247,93,16,0,16,0
2020-03-11,Del Norte,015,27424,0,0,0,0,0
2020-03-11,El Dorado,017,186661,8,0,0,0,0
2020-03-11,Fresno,019,978130,8,1,1,2,0
2020-03-11,Glenn,021,27897,0,0,0,0,0
2020-03-11,Humboldt,023,135768,6,1,0,1,0
2020-03-11,Imperial,025,180216,9,0,0,0,0
2020-03-11,Inyo,027,18085,0,0,0,0,0
2020-03-11,Kern,029,883053,16,0,0,0,0
2020-03-11,Kings,031,150075,4,0,1,1,0
2020-03-11,Lake,033,64148,0,0,0,0,0
2020-03-11,Lassen,035,31185,0,0,0,0,0
2020-03-11,Los Angeles,037,10098052,691,21,11,32,0
2020-03-11,Madera,039,155013,13,1,0,1,0
2020-03-11,Marin,041,260295,17,1,0,1,0
2020-03-11,Mariposa,043,17540,0,0,0,0,0
2020-03-11,Mendocino,045,87422,1,0,0,0,0
2020-03-11,Merced,047,269075,2,0,0,0,0
2020-03-11,Modoc,049,8938,0,0,0,0,0
2020-03-11,Mono,051,14174,3,0,0,0,0
2020-03-11,Monterey,053,433212,5,0,0,0,0
2020-03-11,Napa,055,140530,2,0,0,0,0
2020-03-11,Nevada,057,99092,4,0,1,1,0
2020-03-11,Orange,059,3164182,205,6,0,6,0
2020-03-11,Placer,061,380077,18,6,0,6,1
2020-03-11,Plumas,063,18699,0,0,0,0,0
2020-03-11,Riverside,065,2383286,75,4,1,5,0
2020-03-11,Sacramento,067,1510023,88,9,0,9,1
2020-03-11,San Benito,069,59416,5,2,0,2,0
2020-03-11,San Bernardino,071,2135413,73,0,0,0,0
2020-03-11,San Diego,073,3302833,208,4,0,4,0
2020-03-11,San Francisco,075,870044,123,17,0,17,0
2020-03-11,San Joaquin,077,732212,33,1,3,4,0
2020-03-11,San Luis Obispo,079,281455,22,0,0,0,0
2020-03-11,San Mateo,081,765935,140,16,0,16,0
2020-03-11,Santa Barbara,083,443738,15,0,0,0,0
2020-03-11,Santa Clara,085,1922200,363,48,1,49,1
2020-03-11,Santa Cruz,087,273765,26,2,0,2,0
2020-03-11,Shasta,089,179085,2,1,0,1,0
2020-03-11,Sierra,091,2930,0,0,0,0,0
2020-03-11,Siskiyou,093,43540,0,0,0,0,0
2020-03-11,Solano,095,438530,29,26,0,26,0
2020-03-11,Sonoma,097,501317,30,2,0,2,0
2020-03-11,Stanislaus,099,539301,15,2,2,4,0
2020-03-11,Sutter,101,95872,0,0,0,0,0
2020-03-11,Tehama,103,63373,0,0,0,0,0
2020-03-11,Trinity,105,12862,0,0,0,0,0
2020-03-11,Tulare,107,460477,10,0,1,1,0
2020-03-11,Tuolumne,109,53932,1,0,0,0,0
2020-03-11,Ventura,111,848112,37,3,0,3,0
2020-03-11,Yolo,113,214977,10,1,0,1,0
2020-03-11,Yuba,115,75493,1,0,0,0,0
2020-03-10,Alameda,001,1643700,99,4,0,4,0
2020-03-10,Alpine,003,1148,0,0,0,0,0
2020-03-10,Amador,005,37829,1,0,0,0,0
2020-03-10,Butte,007,227075,0,0,0,0,0
2020-03-10,Calaveras,009,45235,2,2,0,2,0
2020-03-10,Colusa,011,21464,0,0,0,0,0
2020-03-10,Contra Costa,013,1133247,84,11,0,11,0
2020-03-10,Del Norte,015,27424,0,0,0,0,0
2020-03-10,El Dorado,017,186661,7,0,0,0,0
2020-03-10,Fresno,019,978130,6,1,1,2,0
2020-03-10,Glenn,021,27897,0,0,0,0,0
2020-03-10,Humboldt,023,135768,6,1,0,1,0
2020-03-10,Imperial,025,180216,8,0,0,0,0
2020-03-10,Inyo,027,18085,0,0,0,0,0
2020-03-10,Kern,029,883053,11,0,0,0,0
2020-03-10,Kings,031,150075,4,0,1,1,0
2020-03-10,Lake,033,64148,0,0,0,0,0
2020-03-10,Lassen,035,31185,0,0,0,0,0
2020-03-10,Los Angeles,037,10098052,555,20,11,31,0
2020-03-10,Madera,039,155013,7,1,0,1,0
2020-03-10,Marin,041,260295,16,1,0,1,0
2020-03-10,Mariposa,043,17540,0,0,0,0,0
2020-03-10,Mendocino,045,87422,0,0,0,0,0
2020-03-10,Merced,047,269075,2,0,0,0,0
2020-03-10,Modoc,049,8938,0,0,0,0,0
2020-03-10,Mono,051,14174,3,0,0,0,0
2020-03-10,Monterey,053,433212,3,0,0,0,0
2020-03-10,Napa,055,140530,2,0,0,0,0
2020-03-10,Nevada,057,99092,3,0,1,1,0
2020-03-10,Orange,059,3164182,185,5,0,5,1
2020-03-10,Placer,061,380077,14,7,0,7,1
2020-03-10,Plumas,063,18699,0,0,0,0,0
2020-03-10,Riverside,065,2383286,56,4,1,5,0
2020-03-10,Sacramento,067,1510023,79,8,0,8,0
2020-03-10,San Benito,069,59416,5,2,0,2,0
2020-03-10,San Bernardino,071,2135413,65,0,0,0,0
2020-03-10,San Diego,073,3302833,165,3,0,3,0
2020-03-10,San Francisco,075,870044,91,16,0,16,0
2020-03-10,San Joaquin,077,732212,30,1,3,4,0
2020-03-10,San Luis Obispo,079,281455,15,0,0,0,0
2020-03-10,San Mateo,081,765935,124,11,0,11,0
2020-03-10,Santa Barbara,083,443738,11,0,0,0,0
2020-03-10,Santa Clara,085,1922200,316,45,1,46,1
2020-03-10,Santa Cruz,087,273765,22,2,0,2,0
2020-03-10,Shasta,089,179085,2,1,0,1,0
2020-03-10,Sierra,091,2930,0,0,0,0,0
2020-03-10,Siskiyou,093,43540,0,0,0,0,0
2020-03-10,Solano,095,438530,27,26,0,26,0
2020-03-10,Sonoma,097,501317,27,2,0,2,0
2020-03-10,Stanislaus,099,539301,11,0,2,2,0
2020-03-10,Sutter,101,95872,0,0,0,0,0
2020-03-10,Tehama,103,63373,0,0,0,0,0
2020-03-10,Trinity,105,12862,0,0,0,0,0
2020-03-10,Tulare,107,460477,9,0,1,1,0
2020-03-10,Tuolumne,109,53932,1,0,0,0,0
2020-03-10,Ventura,111,848112,29,1,0,1,0
2020-03-10,Yolo,113,214977,7,2,0,2,0
2020-03-10,Yuba,115,75493,1,0,0,0,0
2020-03-09,Alameda,001,1643700,71,4,0,4,0
2020-03-09,Alpine,003,1148,0,0,0,0,0
2020-03-09,Amador,005,37829,0,0,0,0,0
2020-03-09,Butte,007,227075,0,0,0,0,0
2020-03-09,Calaveras,009,45235,2,0,0,0,0
2020-03-09,Colusa,011,21464,0,0,0,0,0
2020-03-09,Contra Costa,013,1133247,72,9,0,9,0
2020-03-09,Del Norte,015,27424,0,0,0,0,0
2020-03-09,El Dorado,017,186661,5,0,0,0,0
2020-03-09,Fresno,019,978130,6,1,1,2,0
2020-03-09,Glenn,021,27897,0,0,0,0,0
2020-03-09,Humboldt,023,135768,5,1,0,1,0
2020-03-09,Imperial,025,180216,8,0,0,0,0
2020-03-09,Inyo,027,18085,0,0,0,0,0
2020-03-09,Kern,029,883053,8,0,0,0,0
2020-03-09,Kings,031,150075,3,0,1,1,0
2020-03-09,Lake,033,64148,0,0,0,0,0
2020-03-09,Lassen,035,31185,0,0,0,0,0
2020-03-09,Los Angeles,037,10098052,453,17,10,27,0
2020-03-09,Madera,039,155013,7,1,0,1,0
2020-03-09,Marin,041,260295,15,1,0,1,0
2020-03-09,Mariposa,043,17540,0,0,0,0,0
2020-03-09,Mendocino,045,87422,0,0,0,0,0
2020-03-09,Merced,047,269075,2,0,0,0,0
2020-03-09,Modoc,049,8938,0,0,0,0,0
2020-03-09,Mono,051,14174,3,0,0,0,0
2020-03-09,Monterey,053,433212,1,0,0,0,0
2020-03-09,Napa,055,140530,2,0,0,0,0
2020-03-09,Nevada,057,99092,2,0,1,1,0
2020-03-09,Orange,059,3164182,157,4,0,4,0
2020-03-09,Placer,061,380077,12,7,0,7,1
2020-03-09,Plumas,063,18699,0,0,0,0,0
2020-03-09,Riverside,065,2383286,47,4,1,5,0
2020-03-09,Sacramento,067,1510023,75,8,0,8,0
2020-03-09,San Benito,069,59416,3,2,0,2,0
2020-03-09,San Bernardino,071,2135413,54,0,0,0,0
2020-03-09,San Diego,073,3302833,126,2,0,2,0
2020-03-09,San Francisco,075,870044,71,14,0,14,0
2020-03-09,San Joaquin,077,732212,21,0,3,3,0
2020-03-09,San Luis Obispo,079,281455,15,0,0,0,0
2020-03-09,San Mateo,081,765935,110,6,0,6,0
2020-03-09,Santa Barbara,083,443738,9,0,0,0,0
2020-03-09,Santa Clara,085,1922200,272,42,1,43,1
2020-03-09,Santa Cruz,087,273765,19,2,0,2,0
2020-03-09,Shasta,089,179085,2,1,0,1,0
2020-03-09,Sierra,091,2930,0,0,0,0,0
2020-03-09,Siskiyou,093,43540,0,0,0,0,0
2020-03-09,Solano,095,438530,25,26,0,26,0
2020-03-09,Sonoma,097,501317,22,2,0,2,0
2020-03-09,Stanislaus,099,539301,11,0,2,2,0
2020-03-09,Sutter,101,95872,0,0,0,0,0
2020-03-09,Tehama,103,63373,0,0,0,0,0
2020-03-09,Trinity,105,12862,0,0,0,0,0
2020-03-09,Tulare,107,460477,9,0,1,1,0
2020-03-09,Tuolumne,109,53932,1,0,0,0,0
2020-03-09,Ventura,111,848112,25,1,0,1,0
2020-03-09,Yolo,113,214977,6,2,0,2,0
2020-03-09,Yuba,115,75493,0,0,0,0,0
2020-03-08,Alameda,001,1643700,46,4,0,4,0
2020-03-08,Alpine,003,1148,0,0,0,0,0
2020-03-08,Amador,005,37829,0,0,0,0,0
2020-03-08,Butte,007,227075,0,0,0,0,0
2020-03-08,Calaveras,009,45235,2,0,0,0,0
2020-03-08,Colusa,011,21464,0,0,0,0,0
2020-03-08,Contra Costa,013,1133247,58,9,0,9,0
2020-03-08,Del Norte,015,27424,0,0,0,0,0
2020-03-08,El Dorado,017,186661,5,0,0,0,0
2020-03-08,Fresno,019,978130,4,1,1,2,0
2020-03-08,Glenn,021,27897,0,0,0,0,0
2020-03-08,Humboldt,023,135768,5,1,0,1,0
2020-03-08,Imperial,025,180216,8,0,0,0,0
2020-03-08,Inyo,027,18085,0,0,0,0,0
2020-03-08,Kern,029,883053,8,0,0,0,0
2020-03-08,Kings,031,150075,2,0,1,1,0
2020-03-08,Lake,033,64148,0,0,0,0,0
2020-03-08,Lassen,035,31185,0,0,0,0,0
2020-03-08,Los Angeles,037,10098052,360,14,10,24,0
2020-03-08,Madera,039,155013,7,1,0,1,0
2020-03-08,Marin,041,260295,13,1,0,1,0
2020-03-08,Mariposa,043,17540,0,0,0,0,0
2020-03-08,Mendocino,045,87422,0,0,0,0,0
2020-03-08,Merced,047,269075,2,0,0,0,0
2020-03-08,Modoc,049,8938,0,0,0,0,0
2020-03-08,Mono,051,14174,3,0,0,0,0
2020-03-08,Monterey,053,433212,1,0,0,0,0
2020-03-08,Napa,055,140530,2,0,0,0,0
2020-03-08,Nevada,057,99092,1,0,1,1,0
2020-03-08,Orange,059,3164182,132,4,0,4,0
2020-03-08,Placer,061,380077,11,7,0,7,1
2020-03-08,Plumas,063,18699,0,0,0,0,0
2020-03-08,Riverside,065,2383286,40,1,1,2,0
2020-03-08,Sacramento,067,1510023,65,5,0,5,0
2020-03-08,San Benito,069,59416,3,2,0,2,0
2020-03-08,San Bernardino,071,2135413,43,0,0,0,0
2020-03-08,San Diego,073,3302833,92,2,0,2,0
2020-03-08,San Francisco,075,870044,52,9,0,9,0
2020-03-08,San Joaquin,077,732212,18,0,3,3,0
2020-03-08,San Luis Obispo,079,281455,9,0,0,0,0
2020-03-08,San Mateo,081,765935,97,4,0,4,0
2020-03-08,Santa Barbara,083,443738,6,0,0,0,0
2020-03-08,Santa Clara,085,1922200,230,36,1,37,0
2020-03-08,Santa Cruz,087,273765,17,1,0,1,0
2020-03-08,Shasta,089,179085,2,0,0,0,0
2020-03-08,Sierra,091,2930,0,0,0,0,0
2020-03-08,Siskiyou,093,43540,0,0,0,0,0
2020-03-08,Solano,095,438530,24,26,0,26,0
2020-03-08,Sonoma,097,501317,17,2,0,2,0
2020-03-08,Stanislaus,099,539301,10,0,2,2,0
2020-03-08,Sutter,101,95872,0,0,0,0,0
2020-03-08,Tehama,103,63373,0,0,0,0,0
2020-03-08,Trinity,105,12862,0,0,0,0,0
2020-03-08,Tulare,107,460477,9,0,0,0,0
2020-03-08,Tuolumne,109,53932,1,0,0,0,0
2020-03-08,Ventura,111,848112,21,1,0,1,0
2020-03-08,Yolo,113,214977,3,2,0,2,0
2020-03-08,Yuba,115,75493,0,0,0,0,0
2020-03-07,Alameda,001,1643700,41,3,0,3,0
2020-03-07,Alpine,003,1148,0,0,0,0,0
2020-03-07,Amador,005,37829,0,0,0,0,0
2020-03-07,Butte,007,227075,0,0,0,0,0
2020-03-07,Calaveras,009,45235,2,0,0,0,0
2020-03-07,Colusa,011,21464,0,0,0,0,0
2020-03-07,Contra Costa,013,1133247,55,4,0,4,0
2020-03-07,Del Norte,015,27424,0,0,0,0,0
2020-03-07,El Dorado,017,186661,4,0,0,0,0
2020-03-07,Fresno,019,978130,3,1,1,2,0
2020-03-07,Glenn,021,27897,0,0,0,0,0
2020-03-07,Humboldt,023,135768,5,1,0,1,0
2020-03-07,Imperial,025,180216,7,0,0,0,0
2020-03-07,Inyo,027,18085,0,0,0,0,0
2020-03-07,Kern,029,883053,7,0,0,0,0
2020-03-07,Kings,031,150075,2,0,1,1,0
2020-03-07,Lake,033,64148,0,0,0,0,0
2020-03-07,Lassen,035,31185,0,0,0,0,0
2020-03-07,Los Angeles,037,10098052,310,14,10,24,0
2020-03-07,Madera,039,155013,6,1,0,1,0
2020-03-07,Marin,041,260295,11,0,0,0,0
2020-03-07,Mariposa,043,17540,0,0,0,0,0
2020-03-07,Mendocino,045,87422,0,0,0,0,0
2020-03-07,Merced,047,269075,2,0,0,0,0
2020-03-07,Modoc,049,8938,0,0,0,0,0
2020-03-07,Mono,051,14174,3,0,0,0,0
2020-03-07,Monterey,053,433212,1,0,0,0,0
2020-03-07,Napa,055,140530,1,0,0,0,0
2020-03-07,Nevada,057,99092,1,0,1,1,0
2020-03-07,Orange,059,3164182,124,4,0,4,0
2020-03-07,Placer,061,380077,11,6,0,6,1
2020-03-07,Plumas,063,18699,0,0,0,0,0
2020-03-07,Riverside,065,2383286,30,0,1,1,0
2020-03-07,Sacramento,067,1510023,52,4,0,4,0
2020-03-07,San Benito,069,59416,3,2,0,2,0
2020-03-07,San Bernardino,071,2135413,41,0,0,0,0
2020-03-07,San Diego,073,3302833,74,2,0,2,0
2020-03-07,San Francisco,075,870044,46,9,0,9,0
2020-03-07,San Joaquin,077,732212,16,0,3,3,0
2020-03-07,San Luis Obispo,079,281455,6,0,0,0,0
2020-03-07,San Mateo,081,765935,87,1,0,1,0
2020-03-07,Santa Barbara,083,443738,5,0,0,0,0
2020-03-07,Santa Clara,085,1922200,201,31,1,32,0
2020-03-07,Santa Cruz,087,273765,17,1,0,1,0
2020-03-07,Shasta,089,179085,2,0,0,0,0
2020-03-07,Sierra,091,2930,0,0,0,0,0
2020-03-07,Siskiyou,093,43540,0,0,0,0,0
2020-03-07,Solano,095,438530,23,25,0,25,0
2020-03-07,Sonoma,097,501317,13,2,0,2,0
2020-03-07,Stanislaus,099,539301,9,0,2,2,0
2020-03-07,Sutter,101,95872,0,0,0,0,0
2020-03-07,Tehama,103,63373,0,0,0,0,0
2020-03-07,Trinity,105,12862,0,0,0,0,0
2020-03-07,Tulare,107,460477,6,0,0,0,0
2020-03-07,Tuolumne,109,53932,1,0,0,0,0
2020-03-07,Ventura,111,848112,18,1,0,1,0
2020-03-07,Yolo,113,214977,3,2,0,2,0
2020-03-07,Yuba,115,75493,0,0,0,0,0
2020-03-06,Alameda,001,1643700,39,3,0,3,0
2020-03-06,Alpine,003,1148,0,0,0,0,0
2020-03-06,Amador,005,37829,0,0,0,0,0
2020-03-06,Butte,007,227075,0,0,0,0,0
2020-03-06,Calaveras,009,45235,2,0,0,0,0
2020-03-06,Colusa,011,21464,0,0,0,0,0
2020-03-06,Contra Costa,013,1133247,46,4,0,4,0
2020-03-06,Del Norte,015,27424,0,0,0,0,0
2020-03-06,El Dorado,017,186661,3,0,0,0,0
2020-03-06,Fresno,019,978130,2,0,1,1,0
2020-03-06,Glenn,021,27897,0,0,0,0,0
2020-03-06,Humboldt,023,135768,4,1,0,1,0
2020-03-06,Imperial,025,180216,6,0,0,0,0
2020-03-06,Inyo,027,18085,0,0,0,0,0
2020-03-06,Kern,029,883053,6,0,0,0,0
2020-03-06,Kings,031,150075,2,0,1,1,0
2020-03-06,Lake,033,64148,0,0,0,0,0
2020-03-06,Lassen,035,31185,0,0,0,0,0
2020-03-06,Los Angeles,037,10098052,267,13,10,23,0
2020-03-06,Madera,039,155013,5,0,0,0,0
2020-03-06,Marin,041,260295,10,0,0,0,0
2020-03-06,Mariposa,043,17540,0,0,0,0,0
2020-03-06,Mendocino,045,87422,0,0,0,0,0
2020-03-06,Merced,047,269075,2,0,0,0,0
2020-03-06,Modoc,049,8938,0,0,0,0,0
2020-03-06,Mono,051,14174,1,0,0,0,0
2020-03-06,Monterey,053,433212,1,0,0,0,0
2020-03-06,Napa,055,140530,1,0,0,0,0
2020-03-06,Nevada,057,99092,1,0,1,1,0
2020-03-06,Orange,059,3164182,98,4,0,4,0
2020-03-06,Placer,061,380077,10,5,0,5,1
2020-03-06,Plumas,063,18699,0,0,0,0,0
2020-03-06,Riverside,065,2383286,30,0,1,1,0
2020-03-06,Sacramento,067,1510023,43,2,0,2,0
2020-03-06,San Benito,069,59416,3,2,0,2,0
2020-03-06,San Bernardino,071,2135413,39,0,0,0,0
2020-03-06,San Diego,073,3302833,61,2,0,2,0
2020-03-06,San Francisco,075,870044,40,2,0,2,0
2020-03-06,San Joaquin,077,732212,13,0,3,3,0
2020-03-06,San Luis Obispo,079,281455,4,0,0,0,0
2020-03-06,San Mateo,081,765935,79,1,0,1,0
2020-03-06,Santa Barbara,083,443738,3,0,0,0,0
2020-03-06,Santa Clara,085,1922200,183,20,1,21,0
2020-03-06,Santa Cruz,087,273765,15,0,0,0,0
2020-03-06,Shasta,089,179085,2,0,0,0,0
2020-03-06,Sierra,091,2930,0,0,0,0,0
2020-03-06,Siskiyou,093,43540,0,0,0,0,0
2020-03-06,Solano,095,438530,22,25,0,25,0
2020-03-06,Sonoma,097,501317,13,2,0,2,0
2020-03-06,Stanislaus,099,539301,5,0,2,2,0
2020-03-06,Sutter,101,95872,0,0,0,0,0
2020-03-06,Tehama,103,63373,0,0,0,0,0
2020-03-06,Trinity,105,12862,0,0,0,0,0
2020-03-06,Tulare,107,460477,6,0,0,0,0
2020-03-06,Tuolumne,109,53932,1,0,0,0,0
2020-03-06,Ventura,111,848112,15,1,0,1,0
2020-03-06,Yolo,113,214977,3,1,0,1,0
2020-03-06,Yuba,115,75493,0,0,0,0,0
2020-03-05,Alameda,001,1643700,34,2,0,2,0
2020-03-05,Alpine,003,1148,0,0,0,0,0
2020-03-05,Amador,005,37829,0,0,0,0,0
2020-03-05,Butte,007,227075,0,0,0,0,0
2020-03-05,Calaveras,009,45235,2,0,0,0,0
2020-03-05,Colusa,011,21464,0,0,0,0,0
2020-03-05,Contra Costa,013,1133247,39,1,0,1,0
2020-03-05,Del Norte,015,27424,0,0,0,0,0
2020-03-05,El Dorado,017,186661,1,0,0,0,0
2020-03-05,Fresno,019,978130,2,0,1,1,0
2020-03-05,Glenn,021,27897,0,0,0,0,0
2020-03-05,Humboldt,023,135768,4,1,0,1,0
2020-03-05,Imperial,025,180216,5,0,0,0,0
2020-03-05,Inyo,027,18085,0,0,0,0,0
2020-03-05,Kern,029,883053,6,0,0,0,0
2020-03-05,Kings,031,150075,2,0,1,1,0
2020-03-05,Lake,033,64148,0,0,0,0,0
2020-03-05,Lassen,035,31185,0,0,0,0,0
2020-03-05,Los Angeles,037,10098052,220,11,10,21,0
2020-03-05,Madera,039,155013,5,0,0,0,0
2020-03-05,Marin,041,260295,10,0,0,0,0
2020-03-05,Mariposa,043,17540,0,0,0,0,0
2020-03-05,Mendocino,045,87422,0,0,0,0,0
2020-03-05,Merced,047,269075,2,0,0,0,0
2020-03-05,Modoc,049,8938,0,0,0,0,0
2020-03-05,Mono,051,14174,1,0,0,0,0
2020-03-05,Monterey,053,433212,1,0,0,0,0
2020-03-05,Napa,055,140530,1,0,0,0,0
2020-03-05,Nevada,057,99092,0,0,1,1,0
2020-03-05,Orange,059,3164182,83,3,0,3,0
2020-03-05,Placer,061,380077,10,2,0,2,1
2020-03-05,Plumas,063,18699,0,0,0,0,0
2020-03-05,Riverside,065,2383286,27,0,1,1,0
2020-03-05,Sacramento,067,1510023,37,2,0,2,0
2020-03-05,San Benito,069,59416,1,2,0,2,0
2020-03-05,San Bernardino,071,2135413,34,0,0,0,0
2020-03-05,San Diego,073,3302833,54,2,0,2,0
2020-03-05,San Francisco,075,870044,30,2,0,2,0
2020-03-05,San Joaquin,077,732212,10,0,3,3,0
2020-03-05,San Luis Obispo,079,281455,4,0,0,0,0
2020-03-05,San Mateo,081,765935,65,1,0,1,0
2020-03-05,Santa Barbara,083,443738,2,0,0,0,0
2020-03-05,Santa Clara,085,1922200,162,14,1,15,0
2020-03-05,Santa Cruz,087,273765,13,0,0,0,0
2020-03-05,Shasta,089,179085,2,0,0,0,0
2020-03-05,Sierra,091,2930,0,0,0,0,0
2020-03-05,Siskiyou,093,43540,0,0,0,0,0
2020-03-05,Solano,095,438530,22,24,0,24,0
2020-03-05,Sonoma,097,501317,12,2,0,2,0
2020-03-05,Stanislaus,099,539301,4,0,2,2,0
2020-03-05,Sutter,101,95872,0,0,0,0,0
2020-03-05,Tehama,103,63373,0,0,0,0,0
2020-03-05,Trinity,105,12862,0,0,0,0,0
2020-03-05,Tulare,107,460477,6,0,0,0,0
2020-03-05,Tuolumne,109,53932,1,0,0,0,0
2020-03-05,Ventura,111,848112,13,0,0,0,0
2020-03-05,Yolo,113,214977,3,0,0,0,0
2020-03-05,Yuba,115,75493,0,0,0,0,0
2020-03-04,Alameda,001,1643700,30,2,0,2,0
2020-03-04,Alpine,003,1148,0,0,0,0,0
2020-03-04,Amador,005,37829,0,0,0,0,0
2020-03-04,Butte,007,227075,0,0,0,0,0
2020-03-04,Calaveras,009,45235,0,0,0,0,0
2020-03-04,Colusa,011,21464,0,0,0,0,0
2020-03-04,Contra Costa,013,1133247,34,1,0,1,0
2020-03-04,Del Norte,015,27424,0,0,0,0,0
2020-03-04,El Dorado,017,186661,1,0,0,0,0
2020-03-04,Fresno,019,978130,2,0,1,1,0
2020-03-04,Glenn,021,27897,0,0,0,0,0
2020-03-04,Humboldt,023,135768,1,1,0,1,0
2020-03-04,Imperial,025,180216,5,0,0,0,0
2020-03-04,Inyo,027,18085,0,0,0,0,0
2020-03-04,Kern,029,883053,6,0,0,0,0
2020-03-04,Kings,031,150075,2,0,1,1,0
2020-03-04,Lake,033,64148,0,0,0,0,0
2020-03-04,Lassen,035,31185,0,0,0,0,0
2020-03-04,Los Angeles,037,10098052,185,7,10,17,0
2020-03-04,Madera,039,155013,5,0,0,0,0
2020-03-04,Marin,041,260295,10,0,0,0,0
2020-03-04,Mariposa,043,17540,0,0,0,0,0
2020-03-04,Mendocino,045,87422,0,0,0,0,0
2020-03-04,Merced,047,269075,2,0,0,0,0
2020-03-04,Modoc,049,8938,0,0,0,0,0
2020-03-04,Mono,051,14174,1,0,0,0,0
2020-03-04,Monterey,053,433212,1,0,0,0,0
2020-03-04,Napa,055,140530,1,0,0,0,0
2020-03-04,Nevada,057,99092,0,0,1,1,0
2020-03-04,Orange,059,3164182,80,3,0,3,0
2020-03-04,Placer,061,380077,9,2,0,2,1
2020-03-04,Plumas,063,18699,0,0,0,0,0
2020-03-04,Riverside,065,2383286,23,0,1,1,0
2020-03-04,Sacramento,067,1510023,32,1,0,1,0
2020-03-04,San Benito,069,59416,1,2,0,2,0
2020-03-04,San Bernardino,071,2135413,31,0,0,0,0
2020-03-04,San Diego,073,3302833,41,2,0,2,0
2020-03-04,San Francisco,075,870044,25,0,0,0,0
2020-03-04,San Joaquin,077,732212,9,0,3,3,0
2020-03-04,San Luis Obispo,079,281455,4,0,0,0,0
2020-03-04,San Mateo,081,765935,60,1,0,1,0
2020-03-04,Santa Barbara,083,443738,2,0,0,0,0
2020-03-04,Santa Clara,085,1922200,145,12,1,13,0
2020-03-04,Santa Cruz,087,273765,13,0,0,0,0
2020-03-04,Shasta,089,179085,2,0,0,0,0
2020-03-04,Sierra,091,2930,0,0,0,0,0
2020-03-04,Siskiyou,093,43540,0,0,0,0,0
2020-03-04,Solano,095,438530,21,24,0,24,0
2020-03-04,Sonoma,097,501317,11,2,0,2,0
2020-03-04,Stanislaus,099,539301,4,0,2,2,0
2020-03-04,Sutter,101,95872,0,0,0,0,0
2020-03-04,Tehama,103,63373,0,0,0,0,0
2020-03-04,Trinity,105,12862,0,0,0,0,0
2020-03-04,Tulare,107,460477,6,0,0,0,0
2020-03-04,Tuolumne,109,53932,0,0,0,0,0
2020-03-04,Ventura,111,848112,12,0,0,0,0
2020-03-04,Yolo,113,214977,3,0,0,0,0
2020-03-04,Yuba,115,75493,0,0,0,0,0
2020-03-03,Alameda,001,1643700,24,2,0,2,0
2020-03-03,Alpine,003,1148,0,0,0,0,0
2020-03-03,Amador,005,37829,0,0,0,0,0
2020-03-03,Butte,007,227075,0,0,0,0,0
2020-03-03,Calaveras,009,45235,0,0,0,0,0
2020-03-03,Colusa,011,21464,0,0,0,0,0
2020-03-03,Contra Costa,013,1133247,30,0,0,0,0
2020-03-03,Del Norte,015,27424,0,0,0,0,0
2020-03-03,El Dorado,017,186661,1,0,0,0,0
2020-03-03,Fresno,019,978130,1,0,1,1,0
2020-03-03,Glenn,021,27897,0,0,0,0,0
2020-03-03,Humboldt,023,135768,1,1,0,1,0
2020-03-03,Imperial,025,180216,5,0,0,0,0
2020-03-03,Inyo,027,18085,0,0,0,0,0
2020-03-03,Kern,029,883053,4,0,0,0,0
2020-03-03,Kings,031,150075,2,0,1,1,0
2020-03-03,Lake,033,64148,0,0,0,0,0
2020-03-03,Lassen,035,31185,0,0,0,0,0
2020-03-03,Los Angeles,037,10098052,166,5,10,15,0
2020-03-03,Madera,039,155013,4,0,0,0,0
2020-03-03,Marin,041,260295,6,0,0,0,0
2020-03-03,Mariposa,043,17540,0,0,0,0,0
2020-03-03,Mendocino,045,87422,0,0,0,0,0
2020-03-03,Merced,047,269075,2,0,0,0,0
2020-03-03,Modoc,049,8938,0,0,0,0,0
2020-03-03,Mono,051,14174,1,0,0,0,0
2020-03-03,Monterey,053,433212,0,0,0,0,0
2020-03-03,Napa,055,140530,1,0,0,0,0
2020-03-03,Nevada,057,99092,0,0,1,1,0
2020-03-03,Orange,059,3164182,72,1,0,1,0
2020-03-03,Placer,061,380077,8,2,0,2,0
2020-03-03,Plumas,063,18699,0,0,0,0,0
2020-03-03,Riverside,065,2383286,20,0,1,1,0
2020-03-03,Sacramento,067,1510023,31,1,0,1,0
2020-03-03,San Benito,069,59416,1,2,0,2,0
2020-03-03,San Bernardino,071,2135413,28,0,0,0,0
2020-03-03,San Diego,073,3302833,34,2,0,2,0
2020-03-03,San Francisco,075,870044,23,0,0,0,0
2020-03-03,San Joaquin,077,732212,8,0,3,3,0
2020-03-03,San Luis Obispo,079,281455,2,0,0,0,0
2020-03-03,San Mateo,081,765935,53,1,0,1,0
2020-03-03,Santa Barbara,083,443738,1,0,0,0,0
2020-03-03,Santa Clara,085,1922200,130,11,1,12,0
2020-03-03,Santa Cruz,087,273765,10,0,0,0,0
2020-03-03,Shasta,089,179085,2,0,0,0,0
2020-03-03,Sierra,091,2930,0,0,0,0,0
2020-03-03,Siskiyou,093,43540,0,0,0,0,0
2020-03-03,Solano,095,438530,20,24,0,24,0
2020-03-03,Sonoma,097,501317,11,1,0,1,0
2020-03-03,Stanislaus,099,539301,4,0,2,2,0
2020-03-03,Sutter,101,95872,0,0,0,0,0
2020-03-03,Tehama,103,63373,0,0,0,0,0
2020-03-03,Trinity,105,12862,0,0,0,0,0
2020-03-03,Tulare,107,460477,6,0,0,0,0
2020-03-03,Tuolumne,109,53932,0,0,0,0,0
2020-03-03,Ventura,111,848112,11,0,0,0,0
2020-03-03,Yolo,113,214977,2,0,0,0,0
2020-03-03,Yuba,115,75493,0,0,0,0,0
2020-03-02,Alameda,001,1643700,21,1,0,1,0
2020-03-02,Alpine,003,1148,0,0,0,0,0
2020-03-02,Amador,005,37829,0,0,0,0,0
2020-03-02,Butte,007,227075,0,0,0,0,0
2020-03-02,Calaveras,009,45235,0,0,0,0,0
2020-03-02,Colusa,011,21464,0,0,0,0,0
2020-03-02,Contra Costa,013,1133247,27,0,0,0,0
2020-03-02,Del Norte,015,27424,0,0,0,0,0
2020-03-02,El Dorado,017,186661,1,0,0,0,0
2020-03-02,Fresno,019,978130,1,0,1,1,0
2020-03-02,Glenn,021,27897,0,0,0,0,0
2020-03-02,Humboldt,023,135768,1,1,0,1,0
2020-03-02,Imperial,025,180216,5,0,0,0,0
2020-03-02,Inyo,027,18085,0,0,0,0,0
2020-03-02,Kern,029,883053,4,0,0,0,0
2020-03-02,Kings,031,150075,2,0,1,1,0
2020-03-02,Lake,033,64148,0,0,0,0,0
2020-03-02,Lassen,035,31185,0,0,0,0,0
2020-03-02,Los Angeles,037,10098052,151,1,10,11,0
2020-03-02,Madera,039,155013,4,0,0,0,0
2020-03-02,Marin,041,260295,6,0,0,0,0
2020-03-02,Mariposa,043,17540,0,0,0,0,0
2020-03-02,Mendocino,045,87422,0,0,0,0,0
2020-03-02,Merced,047,269075,1,0,0,0,0
2020-03-02,Modoc,049,8938,0,0,0,0,0
2020-03-02,Mono,051,14174,1,0,0,0,0
2020-03-02,Monterey,053,433212,0,0,0,0,0
2020-03-02,Napa,055,140530,1,0,0,0,0
2020-03-02,Nevada,057,99092,0,0,1,1,0
2020-03-02,Orange,059,3164182,67,1,0,1,0
2020-03-02,Placer,061,380077,8,1,0,1,0
2020-03-02,Plumas,063,18699,0,0,0,0,0
2020-03-02,Riverside,065,2383286,19,0,1,1,0
2020-03-02,Sacramento,067,1510023,25,1,0,1,0
2020-03-02,San Benito,069,59416,1,2,0,2,0
2020-03-02,San Bernardino,071,2135413,28,0,0,0,0
2020-03-02,San Diego,073,3302833,28,2,0,2,0
2020-03-02,San Francisco,075,870044,17,0,0,0,0
2020-03-02,San Joaquin,077,732212,7,0,3,3,0
2020-03-02,San Luis Obispo,079,281455,2,0,0,0,0
2020-03-02,San Mateo,081,765935,44,1,0,1,0
2020-03-02,Santa Barbara,083,443738,1,0,0,0,0
2020-03-02,Santa Clara,085,1922200,108,7,1,8,0
2020-03-02,Santa Cruz,087,273765,9,0,0,0,0
2020-03-02,Shasta,089,179085,2,0,0,0,0
2020-03-02,Sierra,091,2930,0,0,0,0,0
2020-03-02,Siskiyou,093,43540,0,0,0,0,0
2020-03-02,Solano,095,438530,19,24,0,24,0
2020-03-02,Sonoma,097,501317,10,1,0,1,0
2020-03-02,Stanislaus,099,539301,2,0,2,2,0
2020-03-02,Sutter,101,95872,0,0,0,0,0
2020-03-02,Tehama,103,63373,0,0,0,0,0
2020-03-02,Trinity,105,12862,0,0,0,0,0
2020-03-02,Tulare,107,460477,6,0,0,0,0
2020-03-02,Tuolumne,109,53932,0,0,0,0,0
2020-03-02,Ventura,111,848112,10,0,0,0,0
2020-03-02,Yolo,113,214977,2,0,0,0,0
2020-03-02,Yuba,115,75493,0,0,0,0,0
2020-03-01,Alameda,001,1643700,20,1,0,1,0
2020-03-01,Alpine,003,1148,0,0,0,0,0
2020-03-01,Amador,005,37829,0,0,0,0,0
2020-03-01,Butte,007,227075,0,0,0,0,0
2020-03-01,Calaveras,009,45235,0,0,0,0,0
2020-03-01,Colusa,011,21464,0,0,0,0,0
2020-03-01,Contra Costa,013,1133247,24,0,0,0,0
2020-03-01,Del Norte,015,27424,0,0,0,0,0
2020-03-01,El Dorado,017,186661,1,0,0,0,0
2020-03-01,Fresno,019,978130,0,0,1,1,0
2020-03-01,Glenn,021,27897,0,0,0,0,0
2020-03-01,Humboldt,023,135768,1,1,0,1,0
2020-03-01,Imperial,025,180216,5,0,0,0,0
2020-03-01,Inyo,027,18085,0,0,0,0,0
2020-03-01,Kern,029,883053,2,0,0,0,0
2020-03-01,Kings,031,150075,2,0,1,1,0
2020-03-01,Lake,033,64148,0,0,0,0,0
2020-03-01,Lassen,035,31185,0,0,0,0,0
2020-03-01,Los Angeles,037,10098052,132,1,10,11,0
2020-03-01,Madera,039,155013,2,0,0,0,0
2020-03-01,Marin,041,260295,5,0,0,0,0
2020-03-01,Mariposa,043,17540,0,0,0,0,0
2020-03-01,Mendocino,045,87422,0,0,0,0,0
2020-03-01,Merced,047,269075,1,0,0,0,0
2020-03-01,Modoc,049,8938,0,0,0,0,0
2020-03-01,Mono,051,14174,1,0,0,0,0
2020-03-01,Monterey,053,433212,0,0,0,0,0
2020-03-01,Napa,055,140530,1,0,0,0,0
2020-03-01,Nevada,057,99092,0,0,1,1,0
2020-03-01,Orange,059,3164182,64,1,0,1,0
2020-03-01,Placer,061,380077,8,0,0,0,0
2020-03-01,Plumas,063,18699,0,0,0,0,0
2020-03-01,Riverside,065,2383286,18,0,1,1,0
2020-03-01,Sacramento,067,1510023,21,1,0,1,0
2020-03-01,San Benito,069,59416,0,2,0,2,0
2020-03-01,San Bernardino,071,2135413,26,0,0,0,0
2020-03-01,San Diego,073,3302833,21,2,0,2,0
2020-03-01,San Francisco,075,870044,13,0,0,0,0
2020-03-01,San Joaquin,077,732212,7,0,3,3,0
2020-03-01,San Luis Obispo,079,281455,2,0,0,0,0
2020-03-01,San Mateo,081,765935,36,0,0,0,0
2020-03-01,Santa Barbara,083,443738,1,0,0,0,0
2020-03-01,Santa Clara,085,1922200,95,6,1,7,0
2020-03-01,Santa Cruz,087,273765,8,0,0,0,0
2020-03-01,Shasta,089,179085,2,0,0,0,0
2020-03-01,Sierra,091,2930,0,0,0,0,0
2020-03-01,Siskiyou,093,43540,0,0,0,0,0
2020-03-01,Solano,095,438530,19,24,0,24,0
2020-03-01,Sonoma,097,501317,9,0,0,0,0
2020-03-01,Stanislaus,099,539301,2,0,2,2,0
2020-03-01,Sutter,101,95872,0,0,0,0,0
2020-03-01,Tehama,103,63373,0,0,0,0,0
2020-03-01,Trinity,105,12862,0,0,0,0,0
2020-03-01,Tulare,107,460477,6,0,0,0,0
2020-03-01,Tuolumne,109,53932,0,0,0,0,0
2020-03-01,Ventura,111,848112,8,0,0,0,0
2020-03-01,Yolo,113,214977,2,0,0,0,0
2020-03-01,Yuba,115,75493,0,0,0,0,0
2020-02-29,Alameda,001,1643700,16,0,0,0,0
2020-02-29,Alpine,003,1148,0,0,0,0,0
2020-02-29,Amador,005,37829,0,0,0,0,0
2020-02-29,Butte,007,227075,0,0,0,0,0
2020-02-29,Calaveras,009,45235,0,0,0,0,0
2020-02-29,Colusa,011,21464,0,0,0,0,0
2020-02-29,Contra Costa,013,1133247,20,0,0,0,0
2020-02-29,Del Norte,015,27424,0,0,0,0,0
2020-02-29,El Dorado,017,186661,1,0,0,0,0
2020-02-29,Fresno,019,978130,0,0,0,0,0
2020-02-29,Glenn,021,27897,0,0,0,0,0
2020-02-29,Humboldt,023,135768,1,1,0,1,0
2020-02-29,Imperial,025,180216,3,0,0,0,0
2020-02-29,Inyo,027,18085,0,0,0,0,0
2020-02-29,Kern,029,883053,2,0,0,0,0
2020-02-29,Kings,031,150075,2,0,1,1,0
2020-02-29,Lake,033,64148,0,0,0,0,0
2020-02-29,Lassen,035,31185,0,0,0,0,0
2020-02-29,Los Angeles,037,10098052,104,1,10,11,0
2020-02-29,Madera,039,155013,2,0,0,0,0
2020-02-29,Marin,041,260295,4,0,0,0,0
2020-02-29,Mariposa,043,17540,0,0,0,0,0
2020-02-29,Mendocino,045,87422,0,0,0,0,0
2020-02-29,Merced,047,269075,1,0,0,0,0
2020-02-29,Modoc,049,8938,0,0,0,0,0
2020-02-29,Mono,051,14174,1,0,0,0,0
2020-02-29,Monterey,053,433212,0,0,0,0,0
2020-02-29,Napa,055,140530,1,0,0,0,0
2020-02-29,Nevada,057,99092,0,0,1,1,0
2020-02-29,Orange,059,3164182,59,1,0,1,0
2020-02-29,Placer,061,380077,7,0,0,0,0
2020-02-29,Plumas,063,18699,0,0,0,0,0
2020-02-29,Riverside,065,2383286,15,0,1,1,0
2020-02-29,Sacramento,067,1510023,16,1,0,1,0
2020-02-29,San Benito,069,59416,0,2,0,2,0
2020-02-29,San Bernardino,071,2135413,24,0,0,0,0
2020-02-29,San Diego,073,3302833,16,2,0,2,0
2020-02-29,San Francisco,075,870044,12,0,0,0,0
2020-02-29,San Joaquin,077,732212,6,0,3,3,0
2020-02-29,San Luis Obispo,079,281455,2,0,0,0,0
2020-02-29,San Mateo,081,765935,29,0,0,0,0
2020-02-29,Santa Barbara,083,443738,0,0,0,0,0
2020-02-29,Santa Clara,085,1922200,73,3,1,4,0
2020-02-29,Santa Cruz,087,273765,8,0,0,0,0
2020-02-29,Shasta,089,179085,2,0,0,0,0
2020-02-29,Sierra,091,2930,0,0,0,0,0
2020-02-29,Siskiyou,093,43540,0,0,0,0,0
2020-02-29,Solano,095,438530,18,23,0,23,0
2020-02-29,Sonoma,097,501317,6,0,0,0,0
2020-02-29,Stanislaus,099,539301,2,0,2,2,0
2020-02-29,Sutter,101,95872,0,0,0,0,0
2020-02-29,Tehama,103,63373,0,0,0,0,0
2020-02-29,Trinity,105,12862,0,0,0,0,0
2020-02-29,Tulare,107,460477,4,0,0,0,0
2020-02-29,Tuolumne,109,53932,0,0,0,0,0
2020-02-29,Ventura,111,848112,6,0,0,0,0
2020-02-29,Yolo,113,214977,2,0,0,0,0
2020-02-29,Yuba,115,75493,0,0,0,0,0
2020-02-28,Alameda,001,1643700,14,0,0,0,0
2020-02-28,Alpine,003,1148,0,0,0,0,0
2020-02-28,Amador,005,37829,0,0,0,0,0
2020-02-28,Butte,007,227075,0,0,0,0,0
2020-02-28,Calaveras,009,45235,0,0,0,0,0
2020-02-28,Colusa,011,21464,0,0,0,0,0
2020-02-28,Contra Costa,013,1133247,20,0,0,0,0
2020-02-28,Del Norte,015,27424,0,0,0,0,0
2020-02-28,El Dorado,017,186661,0,0,0,0,0
2020-02-28,Fresno,019,978130,0,0,0,0,0
2020-02-28,Glenn,021,27897,0,0,0,0,0
2020-02-28,Humboldt,023,135768,1,1,0,1,0
2020-02-28,Imperial,025,180216,3,0,0,0,0
2020-02-28,Inyo,027,18085,0,0,0,0,0
2020-02-28,Kern,029,883053,2,0,0,0,0
2020-02-28,Kings,031,150075,2,0,1,1,0
2020-02-28,Lake,033,64148,0,0,0,0,0
2020-02-28,Lassen,035,31185,0,0,0,0,0
2020-02-28,Los Angeles,037,10098052,96,1,10,11,0
2020-02-28,Madera,039,155013,2,0,0,0,0
2020-02-28,Marin,041,260295,2,0,0,0,0
2020-02-28,Mariposa,043,17540,0,0,0,0,0
2020-02-28,Mendocino,045,87422,0,0,0,0,0
2020-02-28,Merced,047,269075,1,0,0,0,0
2020-02-28,Modoc,049,8938,0,0,0,0,0
2020-02-28,Mono,051,14174,0,0,0,0,0
2020-02-28,Monterey,053,433212,0,0,0,0,0
2020-02-28,Napa,055,140530,1,0,0,0,0
2020-02-28,Nevada,057,99092,0,0,1,1,0
2020-02-28,Orange,059,3164182,57,1,0,1,0
2020-02-28,Placer,061,380077,7,0,0,0,0
2020-02-28,Plumas,063,18699,0,0,0,0,0
2020-02-28,Riverside,065,2383286,13,0,1,1,0
2020-02-28,Sacramento,067,1510023,10,1,0,1,0
2020-02-28,San Benito,069,59416,0,2,0,2,0
2020-02-28,San Bernardino,071,2135413,24,0,0,0,0
2020-02-28,San Diego,073,3302833,13,2,0,2,0
2020-02-28,San Francisco,075,870044,10,0,0,0,0
2020-02-28,San Joaquin,077,732212,6,0,3,3,0
2020-02-28,San Luis Obispo,079,281455,2,0,0,0,0
2020-02-28,San Mateo,081,765935,24,0,0,0,0
2020-02-28,Santa Barbara,083,443738,0,0,0,0,0
2020-02-28,Santa Clara,085,1922200,69,3,1,4,0
2020-02-28,Santa Cruz,087,273765,8,0,0,0,0
2020-02-28,Shasta,089,179085,2,0,0,0,0
2020-02-28,Sierra,091,2930,0,0,0,0,0
2020-02-28,Siskiyou,093,43540,0,0,0,0,0
2020-02-28,Solano,095,438530,17,23,0,23,0
2020-02-28,Sonoma,097,501317,6,0,0,0,0
2020-02-28,Stanislaus,099,539301,2,0,2,2,0
2020-02-28,Sutter,101,95872,0,0,0,0,0
2020-02-28,Tehama,103,63373,0,0,0,0,0
2020-02-28,Trinity,105,12862,0,0,0,0,0
2020-02-28,Tulare,107,460477,3,0,0,0,0
2020-02-28,Tuolumne,109,53932,0,0,0,0,0
2020-02-28,Ventura,111,848112,6,0,0,0,0
2020-02-28,Yolo,113,214977,2,0,0,0,0
2020-02-28,Yuba,115,75493,0,0,0,0,0
2020-02-27,Alameda,001,1643700,13,0,0,0,0
2020-02-27,Alpine,003,1148,0,0,0,0,0
2020-02-27,Amador,005,37829,0,0,0,0,0
2020-02-27,Butte,007,227075,0,0,0,0,0
2020-02-27,Calaveras,009,45235,0,0,0,0,0
2020-02-27,Colusa,011,21464,0,0,0,0,0
2020-02-27,Contra Costa,013,1133247,14,0,0,0,0
2020-02-27,Del Norte,015,27424,0,0,0,0,0
2020-02-27,El Dorado,017,186661,0,0,0,0,0
2020-02-27,Fresno,019,978130,0,0,0,0,0
2020-02-27,Glenn,021,27897,0,0,0,0,0
2020-02-27,Humboldt,023,135768,1,1,0,1,0
2020-02-27,Imperial,025,180216,3,0,0,0,0
2020-02-27,Inyo,027,18085,0,0,0,0,0
2020-02-27,Kern,029,883053,2,0,0,0,0
2020-02-27,Kings,031,150075,2,0,1,1,0
2020-02-27,Lake,033,64148,0,0,0,0,0
2020-02-27,Lassen,035,31185,0,0,0,0,0
2020-02-27,Los Angeles,037,10098052,89,1,10,11,0
2020-02-27,Madera,039,155013,2,0,0,0,0
2020-02-27,Marin,041,260295,1,0,0,0,0
2020-02-27,Mariposa,043,17540,0,0,0,0,0
2020-02-27,Mendocino,045,87422,0,0,0,0,0
2020-02-27,Merced,047,269075,1,0,0,0,0
2020-02-27,Modoc,049,8938,0,0,0,0,0
2020-02-27,Mono,051,14174,0,0,0,0,0
2020-02-27,Monterey,053,433212,0,0,0,0,0
2020-02-27,Napa,055,140530,1,0,0,0,0
2020-02-27,Nevada,057,99092,0,0,1,1,0
2020-02-27,Orange,059,3164182,51,1,0,1,0
2020-02-27,Placer,061,380077,6,0,0,0,0
2020-02-27,Plumas,063,18699,0,0,0,0,0
2020-02-27,Riverside,065,2383286,12,0,1,1,0
2020-02-27,Sacramento,067,1510023,10,1,0,1,0
2020-02-27,San Benito,069,59416,0,2,0,2,0
2020-02-27,San Bernardino,071,2135413,24,0,0,0,0
2020-02-27,San Diego,073,3302833,12,2,0,2,0
2020-02-27,San Francisco,075,870044,9,0,0,0,0
2020-02-27,San Joaquin,077,732212,5,0,3,3,0
2020-02-27,San Luis Obispo,079,281455,2,0,0,0,0
2020-02-27,San Mateo,081,765935,20,0,0,0,0
2020-02-27,Santa Barbara,083,443738,0,0,0,0,0
2020-02-27,Santa Clara,085,1922200,58,2,1,3,0
2020-02-27,Santa Cruz,087,273765,6,0,0,0,0
2020-02-27,Shasta,089,179085,0,0,0,0,0
2020-02-27,Sierra,091,2930,0,0,0,0,0
2020-02-27,Siskiyou,093,43540,0,0,0,0,0
2020-02-27,Solano,095,438530,17,23,0,23,0
2020-02-27,Sonoma,097,501317,5,0,0,0,0
2020-02-27,Stanislaus,099,539301,2,0,2,2,0
2020-02-27,Sutter,101,95872,0,0,0,0,0
2020-02-27,Tehama,103,63373,0,0,0,0,0
2020-02-27,Trinity,105,12862,0,0,0,0,0
2020-02-27,Tulare,107,460477,3,0,0,0,0
2020-02-27,Tuolumne,109,53932,0,0,0,0,0
2020-02-27,Ventura,111,848112,4,0,0,0,0
2020-02-27,Yolo,113,214977,2,0,0,0,0
2020-02-27,Yuba,115,75493,0,0,0,0,0
2020-02-26,Alameda,001,1643700,13,0,0,0,0
2020-02-26,Alpine,003,1148,0,0,0,0,0
2020-02-26,Amador,005,37829,0,0,0,0,0
2020-02-26,Butte,007,227075,0,0,0,0,0
2020-02-26,Calaveras,009,45235,0,0,0,0,0
2020-02-26,Colusa,011,21464,0,0,0,0,0
2020-02-26,Contra Costa,013,1133247,13,0,0,0,0
2020-02-26,Del Norte,015,27424,0,0,0,0,0
2020-02-26,El Dorado,017,186661,0,0,0,0,0
2020-02-26,Fresno,019,978130,0,0,0,0,0
2020-02-26,Glenn,021,27897,0,0,0,0,0
2020-02-26,Humboldt,023,135768,1,1,0,1,0
2020-02-26,Imperial,025,180216,3,0,0,0,0
2020-02-26,Inyo,027,18085,0,0,0,0,0
2020-02-26,Kern,029,883053,2,0,0,0,0
2020-02-26,Kings,031,150075,2,0,1,1,0
2020-02-26,Lake,033,64148,0,0,0,0,0
2020-02-26,Lassen,035,31185,0,0,0,0,0
2020-02-26,Los Angeles,037,10098052,83,1,10,11,0
2020-02-26,Madera,039,155013,2,0,0,0,0
2020-02-26,Marin,041,260295,1,0,0,0,0
2020-02-26,Mariposa,043,17540,0,0,0,0,0
2020-02-26,Mendocino,045,87422,0,0,0,0,0
2020-02-26,Merced,047,269075,1,0,0,0,0
2020-02-26,Modoc,049,8938,0,0,0,0,0
2020-02-26,Mono,051,14174,0,0,0,0,0
2020-02-26,Monterey,053,433212,0,0,0,0,0
2020-02-26,Napa,055,140530,0,0,0,0,0
2020-02-26,Nevada,057,99092,0,0,1,1,0
2020-02-26,Orange,059,3164182,50,1,0,1,0
2020-02-26,Placer,061,380077,5,0,0,0,0
2020-02-26,Plumas,063,18699,0,0,0,0,0
2020-02-26,Riverside,065,2383286,10,0,1,1,0
2020-02-26,Sacramento,067,1510023,10,1,0,1,0
2020-02-26,San Benito,069,59416,0,2,0,2,0
2020-02-26,San Bernardino,071,2135413,22,0,0,0,0
2020-02-26,San Diego,073,3302833,11,2,0,2,0
2020-02-26,San Francisco,075,870044,9,0,0,0,0
2020-02-26,San Joaquin,077,732212,5,0,3,3,0
2020-02-26,San Luis Obispo,079,281455,2,0,0,0,0
2020-02-26,San Mateo,081,765935,18,0,0,0,0
2020-02-26,Santa Barbara,083,443738,0,0,0,0,0
2020-02-26,Santa Clara,085,1922200,50,2,1,3,0
2020-02-26,Santa Cruz,087,273765,6,0,0,0,0
2020-02-26,Shasta,089,179085,0,0,0,0,0
2020-02-26,Sierra,091,2930,0,0,0,0,0
2020-02-26,Siskiyou,093,43540,0,0,0,0,0
2020-02-26,Solano,095,438530,17,23,0,23,0
2020-02-26,Sonoma,097,501317,5,0,0,0,0
2020-02-26,Stanislaus,099,539301,2,0,2,2,0
2020-02-26,Sutter,101,95872,0,0,0,0,0
2020-02-26,Tehama,103,63373,0,0,0,0,0
2020-02-26,Trinity,105,12862,0,0,0,0,0
2020-02-26,Tulare,107,460477,3,0,0,0,0
2020-02-26,Tuolumne,109,53932,0,0,0,0,0
2020-02-26,Ventura,111,848112,4,0,0,0,0
2020-02-26,Yolo,113,214977,2,0,0,0,0
2020-02-26,Yuba,115,75493,0,0,0,0,0
2020-02-25,Alameda,001,1643700,13,0,0,0,0
2020-02-25,Alpine,003,1148,0,0,0,0,0
2020-02-25,Amador,005,37829,0,0,0,0,0
2020-02-25,Butte,007,227075,0,0,0,0,0
2020-02-25,Calaveras,009,45235,0,0,0,0,0
2020-02-25,Colusa,011,21464,0,0,0,0,0
2020-02-25,Contra Costa,013,1133247,11,0,0,0,0
2020-02-25,Del Norte,015,27424,0,0,0,0,0
2020-02-25,El Dorado,017,186661,0,0,0,0,0
2020-02-25,Fresno,019,978130,0,0,0,0,0
2020-02-25,Glenn,021,27897,0,0,0,0,0
2020-02-25,Humboldt,023,135768,1,1,0,1,0
2020-02-25,Imperial,025,180216,3,0,0,0,0
2020-02-25,Inyo,027,18085,0,0,0,0,0
2020-02-25,Kern,029,883053,2,0,0,0,0
2020-02-25,Kings,031,150075,2,0,1,1,0
2020-02-25,Lake,033,64148,0,0,0,0,0
2020-02-25,Lassen,035,31185,0,0,0,0,0
2020-02-25,Los Angeles,037,10098052,71,1,10,11,0
2020-02-25,Madera,039,155013,2,0,0,0,0
2020-02-25,Marin,041,260295,1,0,0,0,0
2020-02-25,Mariposa,043,17540,0,0,0,0,0
2020-02-25,Mendocino,045,87422,0,0,0,0,0
2020-02-25,Merced,047,269075,0,0,0,0,0
2020-02-25,Modoc,049,8938,0,0,0,0,0
2020-02-25,Mono,051,14174,0,0,0,0,0
2020-02-25,Monterey,053,433212,0,0,0,0,0
2020-02-25,Napa,055,140530,0,0,0,0,0
2020-02-25,Nevada,057,99092,0,0,1,1,0
2020-02-25,Orange,059,3164182,49,1,0,1,0
2020-02-25,Placer,061,380077,5,0,0,0,0
2020-02-25,Plumas,063,18699,0,0,0,0,0
2020-02-25,Riverside,065,2383286,10,0,1,1,0
2020-02-25,Sacramento,067,1510023,8,1,0,1,0
2020-02-25,San Benito,069,59416,0,2,0,2,0
2020-02-25,San Bernardino,071,2135413,20,0,0,0,0
2020-02-25,San Diego,073,3302833,7,2,0,2,0
2020-02-25,San Francisco,075,870044,7,0,0,0,0
2020-02-25,San Joaquin,077,732212,5,0,2,2,0
2020-02-25,San Luis Obispo,079,281455,2,0,0,0,0
2020-02-25,San Mateo,081,765935,17,0,0,0,0
2020-02-25,Santa Barbara,083,443738,0,0,0,0,0
2020-02-25,Santa Clara,085,1922200,40,2,1,3,0
2020-02-25,Santa Cruz,087,273765,5,0,0,0,0
2020-02-25,Shasta,089,179085,0,0,0,0,0
2020-02-25,Sierra,091,2930,0,0,0,0,0
2020-02-25,Siskiyou,093,43540,0,0,0,0,0
2020-02-25,Solano,095,438530,16,21,0,21,0
2020-02-25,Sonoma,097,501317,5,0,0,0,0
2020-02-25,Stanislaus,099,539301,2,0,2,2,0
2020-02-25,Sutter,101,95872,0,0,0,0,0
2020-02-25,Tehama,103,63373,0,0,0,0,0
2020-02-25,Trinity,105,12862,0,0,0,0,0
2020-02-25,Tulare,107,460477,3,0,0,0,0
2020-02-25,Tuolumne,109,53932,0,0,0,0,0
2020-02-25,Ventura,111,848112,4,0,0,0,0
2020-02-25,Yolo,113,214977,2,0,0,0,0
2020-02-25,Yuba,115,75493,0,0,0,0,0
2020-02-24,Alameda,001,1643700,13,0,0,0,0
2020-02-24,Alpine,003,1148,0,0,0,0,0
2020-02-24,Amador,005,37829,0,0,0,0,0
2020-02-24,Butte,007,227075,0,0,0,0,0
2020-02-24,Calaveras,009,45235,0,0,0,0,0
2020-02-24,Colusa,011,21464,0,0,0,0,0
2020-02-24,Contra Costa,013,1133247,9,0,0,0,0
2020-02-24,Del Norte,015,27424,0,0,0,0,0
2020-02-24,El Dorado,017,186661,0,0,0,0,0
2020-02-24,Fresno,019,978130,0,0,0,0,0
2020-02-24,Glenn,021,27897,0,0,0,0,0
2020-02-24,Humboldt,023,135768,1,1,0,1,0
2020-02-24,Imperial,025,180216,3,0,0,0,0
2020-02-24,Inyo,027,18085,0,0,0,0,0
2020-02-24,Kern,029,883053,2,0,0,0,0
2020-02-24,Kings,031,150075,2,0,1,1,0
2020-02-24,Lake,033,64148,0,0,0,0,0
2020-02-24,Lassen,035,31185,0,0,0,0,0
2020-02-24,Los Angeles,037,10098052,66,1,10,11,0
2020-02-24,Madera,039,155013,1,0,0,0,0
2020-02-24,Marin,041,260295,1,0,0,0,0
2020-02-24,Mariposa,043,17540,0,0,0,0,0
2020-02-24,Mendocino,045,87422,0,0,0,0,0
2020-02-24,Merced,047,269075,0,0,0,0,0
2020-02-24,Modoc,049,8938,0,0,0,0,0
2020-02-24,Mono,051,14174,0,0,0,0,0
2020-02-24,Monterey,053,433212,0,0,0,0,0
2020-02-24,Napa,055,140530,0,0,0,0,0
2020-02-24,Nevada,057,99092,0,0,1,1,0
2020-02-24,Orange,059,3164182,47,1,0,1,0
2020-02-24,Placer,061,380077,3,0,0,0,0
2020-02-24,Plumas,063,18699,0,0,0,0,0
2020-02-24,Riverside,065,2383286,9,0,1,1,0
2020-02-24,Sacramento,067,1510023,7,1,0,1,0
2020-02-24,San Benito,069,59416,0,2,0,2,0
2020-02-24,San Bernardino,071,2135413,20,0,0,0,0
2020-02-24,San Diego,073,3302833,7,2,0,2,0
2020-02-24,San Francisco,075,870044,6,0,0,0,0
2020-02-24,San Joaquin,077,732212,5,0,1,1,0
2020-02-24,San Luis Obispo,079,281455,2,0,0,0,0
2020-02-24,San Mateo,081,765935,13,0,0,0,0
2020-02-24,Santa Barbara,083,443738,0,0,0,0,0
2020-02-24,Santa Clara,085,1922200,38,2,1,3,0
2020-02-24,Santa Cruz,087,273765,5,0,0,0,0
2020-02-24,Shasta,089,179085,0,0,0,0,0
2020-02-24,Sierra,091,2930,0,0,0,0,0
2020-02-24,Siskiyou,093,43540,0,0,0,0,0
2020-02-24,Solano,095,438530,13,15,0,15,0
2020-02-24,Sonoma,097,501317,5,0,0,0,0
2020-02-24,Stanislaus,099,539301,2,0,2,2,0
2020-02-24,Sutter,101,95872,0,0,0,0,0
2020-02-24,Tehama,103,63373,0,0,0,0,0
2020-02-24,Trinity,105,12862,0,0,0,0,0
2020-02-24,Tulare,107,460477,3,0,0,0,0
2020-02-24,Tuolumne,109,53932,0,0,0,0,0
2020-02-24,Ventura,111,848112,4,0,0,0,0
2020-02-24,Yolo,113,214977,2,0,0,0,0
2020-02-24,Yuba,115,75493,0,0,0,0,0
2020-02-23,Alameda,001,1643700,11,0,0,0,0
2020-02-23,Alpine,003,1148,0,0,0,0,0
2020-02-23,Amador,005,37829,0,0,0,0,0
2020-02-23,Butte,007,227075,0,0,0,0,0
2020-02-23,Calaveras,009,45235,0,0,0,0,0
2020-02-23,Colusa,011,21464,0,0,0,0,0
2020-02-23,Contra Costa,013,1133247,6,0,0,0,0
2020-02-23,Del Norte,015,27424,0,0,0,0,0
2020-02-23,El Dorado,017,186661,0,0,0,0,0
2020-02-23,Fresno,019,978130,0,0,0,0,0
2020-02-23,Glenn,021,27897,0,0,0,0,0
2020-02-23,Humboldt,023,135768,1,1,0,1,0
2020-02-23,Imperial,025,180216,3,0,0,0,0
2020-02-23,Inyo,027,18085,0,0,0,0,0
2020-02-23,Kern,029,883053,2,0,0,0,0
2020-02-23,Kings,031,150075,2,0,1,1,0
2020-02-23,Lake,033,64148,0,0,0,0,0
2020-02-23,Lassen,035,31185,0,0,0,0,0
2020-02-23,Los Angeles,037,10098052,58,1,10,11,0
2020-02-23,Madera,039,155013,1,0,0,0,0
2020-02-23,Marin,041,260295,1,0,0,0,0
2020-02-23,Mariposa,043,17540,0,0,0,0,0
2020-02-23,Mendocino,045,87422,0,0,0,0,0
2020-02-23,Merced,047,269075,0,0,0,0,0
2020-02-23,Modoc,049,8938,0,0,0,0,0
2020-02-23,Mono,051,14174,0,0,0,0,0
2020-02-23,Monterey,053,433212,0,0,0,0,0
2020-02-23,Napa,055,140530,0,0,0,0,0
2020-02-23,Nevada,057,99092,0,0,1,1,0
2020-02-23,Orange,059,3164182,47,1,0,1,0
2020-02-23,Placer,061,380077,3,0,0,0,0
2020-02-23,Plumas,063,18699,0,0,0,0,0
2020-02-23,Riverside,065,2383286,9,0,0,0,0
2020-02-23,Sacramento,067,1510023,6,1,0,1,0
2020-02-23,San Benito,069,59416,0,2,0,2,0
2020-02-23,San Bernardino,071,2135413,19,0,0,0,0
2020-02-23,San Diego,073,3302833,6,2,0,2,0
2020-02-23,San Francisco,075,870044,5,0,0,0,0
2020-02-23,San Joaquin,077,732212,4,0,1,1,0
2020-02-23,San Luis Obispo,079,281455,2,0,0,0,0
2020-02-23,San Mateo,081,765935,10,0,0,0,0
2020-02-23,Santa Barbara,083,443738,0,0,0,0,0
2020-02-23,Santa Clara,085,1922200,26,2,1,3,0
2020-02-23,Santa Cruz,087,273765,2,0,0,0,0
2020-02-23,Shasta,089,179085,0,0,0,0,0
2020-02-23,Sierra,091,2930,0,0,0,0,0
2020-02-23,Siskiyou,093,43540,0,0,0,0,0
2020-02-23,Solano,095,438530,11,15,0,15,0
2020-02-23,Sonoma,097,501317,5,0,0,0,0
2020-02-23,Stanislaus,099,539301,2,0,2,2,0
2020-02-23,Sutter,101,95872,0,0,0,0,0
2020-02-23,Tehama,103,63373,0,0,0,0,0
2020-02-23,Trinity,105,12862,0,0,0,0,0
2020-02-23,Tulare,107,460477,2,0,0,0,0
2020-02-23,Tuolumne,109,53932,0,0,0,0,0
2020-02-23,Ventura,111,848112,4,0,0,0,0
2020-02-23,Yolo,113,214977,2,0,0,0,0
2020-02-23,Yuba,115,75493,0,0,0,0,0
2020-02-22,Alameda,001,1643700,10,0,0,0,0
2020-02-22,Alpine,003,1148,0,0,0,0,0
2020-02-22,Amador,005,37829,0,0,0,0,0
2020-02-22,Butte,007,227075,0,0,0,0,0
2020-02-22,Calaveras,009,45235,0,0,0,0,0
2020-02-22,Colusa,011,21464,0,0,0,0,0
2020-02-22,Contra Costa,013,1133247,5,0,0,0,0
2020-02-22,Del Norte,015,27424,0,0,0,0,0
2020-02-22,El Dorado,017,186661,0,0,0,0,0
2020-02-22,Fresno,019,978130,0,0,0,0,0
2020-02-22,Glenn,021,27897,0,0,0,0,0
2020-02-22,Humboldt,023,135768,1,1,0,1,0
2020-02-22,Imperial,025,180216,2,0,0,0,0
2020-02-22,Inyo,027,18085,0,0,0,0,0
2020-02-22,Kern,029,883053,2,0,0,0,0
2020-02-22,Kings,031,150075,2,0,1,1,0
2020-02-22,Lake,033,64148,0,0,0,0,0
2020-02-22,Lassen,035,31185,0,0,0,0,0
2020-02-22,Los Angeles,037,10098052,56,1,10,11,0
2020-02-22,Madera,039,155013,0,0,0,0,0
2020-02-22,Marin,041,260295,1,0,0,0,0
2020-02-22,Mariposa,043,17540,0,0,0,0,0
2020-02-22,Mendocino,045,87422,0,0,0,0,0
2020-02-22,Merced,047,269075,0,0,0,0,0
2020-02-22,Modoc,049,8938,0,0,0,0,0
2020-02-22,Mono,051,14174,0,0,0,0,0
2020-02-22,Monterey,053,433212,0,0,0,0,0
2020-02-22,Napa,055,140530,0,0,0,0,0
2020-02-22,Nevada,057,99092,0,0,1,1,0
2020-02-22,Orange,059,3164182,46,1,0,1,0
2020-02-22,Placer,061,380077,3,0,0,0,0
2020-02-22,Plumas,063,18699,0,0,0,0,0
2020-02-22,Riverside,065,2383286,9,0,0,0,0
2020-02-22,Sacramento,067,1510023,6,1,0,1,0
2020-02-22,San Benito,069,59416,0,2,0,2,0
2020-02-22,San Bernardino,071,2135413,17,0,0,0,0
2020-02-22,San Diego,073,3302833,5,2,0,2,0
2020-02-22,San Francisco,075,870044,3,0,0,0,0
2020-02-22,San Joaquin,077,732212,4,0,1,1,0
2020-02-22,San Luis Obispo,079,281455,2,0,0,0,0
2020-02-22,San Mateo,081,765935,8,0,0,0,0
2020-02-22,Santa Barbara,083,443738,0,0,0,0,0
2020-02-22,Santa Clara,085,1922200,23,2,1,3,0
2020-02-22,Santa Cruz,087,273765,2,0,0,0,0
2020-02-22,Shasta,089,179085,0,0,0,0,0
2020-02-22,Sierra,091,2930,0,0,0,0,0
2020-02-22,Siskiyou,093,43540,0,0,0,0,0
2020-02-22,Solano,095,438530,11,11,0,11,0
2020-02-22,Sonoma,097,501317,4,0,0,0,0
2020-02-22,Stanislaus,099,539301,2,0,2,2,0
2020-02-22,Sutter,101,95872,0,0,0,0,0
2020-02-22,Tehama,103,63373,0,0,0,0,0
2020-02-22,Trinity,105,12862,0,0,0,0,0
2020-02-22,Tulare,107,460477,2,0,0,0,0
2020-02-22,Tuolumne,109,53932,0,0,0,0,0
2020-02-22,Ventura,111,848112,4,0,0,0,0
2020-02-22,Yolo,113,214977,1,0,0,0,0
2020-02-22,Yuba,115,75493,0,0,0,0,0
2020-02-21,Alameda,001,1643700,9,0,0,0,0
2020-02-21,Alpine,003,1148,0,0,0,0,0
2020-02-21,Amador,005,37829,0,0,0,0,0
2020-02-21,Butte,007,227075,0,0,0,0,0
2020-02-21,Calaveras,009,45235,0,0,0,0,0
2020-02-21,Colusa,011,21464,0,0,0,0,0
2020-02-21,Contra Costa,013,1133247,4,0,0,0,0
2020-02-21,Del Norte,015,27424,0,0,0,0,0
2020-02-21,El Dorado,017,186661,0,0,0,0,0
2020-02-21,Fresno,019,978130,0,0,0,0,0
2020-02-21,Glenn,021,27897,0,0,0,0,0
2020-02-21,Humboldt,023,135768,1,1,0,1,0
2020-02-21,Imperial,025,180216,2,0,0,0,0
2020-02-21,Inyo,027,18085,0,0,0,0,0
2020-02-21,Kern,029,883053,2,0,0,0,0
2020-02-21,Kings,031,150075,2,0,1,1,0
2020-02-21,Lake,033,64148,0,0,0,0,0
2020-02-21,Lassen,035,31185,0,0,0,0,0
2020-02-21,Los Angeles,037,10098052,52,1,10,11,0
2020-02-21,Madera,039,155013,0,0,0,0,0
2020-02-21,Marin,041,260295,1,0,0,0,0
2020-02-21,Mariposa,043,17540,0,0,0,0,0
2020-02-21,Mendocino,045,87422,0,0,0,0,0
2020-02-21,Merced,047,269075,0,0,0,0,0
2020-02-21,Modoc,049,8938,0,0,0,0,0
2020-02-21,Mono,051,14174,0,0,0,0,0
2020-02-21,Monterey,053,433212,0,0,0,0,0
2020-02-21,Napa,055,140530,0,0,0,0,0
2020-02-21,Nevada,057,99092,0,0,1,1,0
2020-02-21,Orange,059,3164182,44,1,0,1,0
2020-02-21,Placer,061,380077,2,0,0,0,0
2020-02-21,Plumas,063,18699,0,0,0,0,0
2020-02-21,Riverside,065,2383286,9,0,0,0,0
2020-02-21,Sacramento,067,1510023,5,1,0,1,0
2020-02-21,San Benito,069,59416,0,2,0,2,0
2020-02-21,San Bernardino,071,2135413,16,0,0,0,0
2020-02-21,San Diego,073,3302833,5,2,0,2,0
2020-02-21,San Francisco,075,870044,3,0,0,0,0
2020-02-21,San Joaquin,077,732212,2,0,1,1,0
2020-02-21,San Luis Obispo,079,281455,2,0,0,0,0
2020-02-21,San Mateo,081,765935,8,0,0,0,0
2020-02-21,Santa Barbara,083,443738,0,0,0,0,0
2020-02-21,Santa Clara,085,1922200,21,2,1,3,0
2020-02-21,Santa Cruz,087,273765,2,0,0,0,0
2020-02-21,Shasta,089,179085,0,0,0,0,0
2020-02-21,Sierra,091,2930,0,0,0,0,0
2020-02-21,Siskiyou,093,43540,0,0,0,0,0
2020-02-21,Solano,095,438530,10,11,0,11,0
2020-02-21,Sonoma,097,501317,3,0,0,0,0
2020-02-21,Stanislaus,099,539301,2,0,2,2,0
2020-02-21,Sutter,101,95872,0,0,0,0,0
2020-02-21,Tehama,103,63373,0,0,0,0,0
2020-02-21,Trinity,105,12862,0,0,0,0,0
2020-02-21,Tulare,107,460477,2,0,0,0,0
2020-02-21,Tuolumne,109,53932,0,0,0,0,0
2020-02-21,Ventura,111,848112,4,0,0,0,0
2020-02-21,Yolo,113,214977,1,0,0,0,0
2020-02-21,Yuba,115,75493,0,0,0,0,0
2020-02-20,Alameda,001,1643700,7,0,0,0,0
2020-02-20,Alpine,003,1148,0,0,0,0,0
2020-02-20,Amador,005,37829,0,0,0,0,0
2020-02-20,Butte,007,227075,0,0,0,0,0
2020-02-20,Calaveras,009,45235,0,0,0,0,0
2020-02-20,Colusa,011,21464,0,0,0,0,0
2020-02-20,Contra Costa,013,1133247,3,0,0,0,0
2020-02-20,Del Norte,015,27424,0,0,0,0,0
2020-02-20,El Dorado,017,186661,0,0,0,0,0
2020-02-20,Fresno,019,978130,0,0,0,0,0
2020-02-20,Glenn,021,27897,0,0,0,0,0
2020-02-20,Humboldt,023,135768,1,1,0,1,0
2020-02-20,Imperial,025,180216,2,0,0,0,0
2020-02-20,Inyo,027,18085,0,0,0,0,0
2020-02-20,Kern,029,883053,2,0,0,0,0
2020-02-20,Kings,031,150075,2,0,1,1,0
2020-02-20,Lake,033,64148,0,0,0,0,0
2020-02-20,Lassen,035,31185,0,0,0,0,0
2020-02-20,Los Angeles,037,10098052,51,1,9,10,0
2020-02-20,Madera,039,155013,0,0,0,0,0
2020-02-20,Marin,041,260295,0,0,0,0,0
2020-02-20,Mariposa,043,17540,0,0,0,0,0
2020-02-20,Mendocino,045,87422,0,0,0,0,0
2020-02-20,Merced,047,269075,0,0,0,0,0
2020-02-20,Modoc,049,8938,0,0,0,0,0
2020-02-20,Mono,051,14174,0,0,0,0,0
2020-02-20,Monterey,053,433212,0,0,0,0,0
2020-02-20,Napa,055,140530,0,0,0,0,0
2020-02-20,Nevada,057,99092,0,0,1,1,0
2020-02-20,Orange,059,3164182,44,1,0,1,0
2020-02-20,Placer,061,380077,2,0,0,0,0
2020-02-20,Plumas,063,18699,0,0,0,0,0
2020-02-20,Riverside,065,2383286,7,0,0,0,0
2020-02-20,Sacramento,067,1510023,2,1,0,1,0
2020-02-20,San Benito,069,59416,0,2,0,2,0
2020-02-20,San Bernardino,071,2135413,14,0,0,0,0
2020-02-20,San Diego,073,3302833,5,2,0,2,0
2020-02-20,San Francisco,075,870044,3,0,0,0,0
2020-02-20,San Joaquin,077,732212,2,0,1,1,0
2020-02-20,San Luis Obispo,079,281455,2,0,0,0,0
2020-02-20,San Mateo,081,765935,7,0,0,0,0
2020-02-20,Santa Barbara,083,443738,0,0,0,0,0
2020-02-20,Santa Clara,085,1922200,17,2,1,3,0
2020-02-20,Santa Cruz,087,273765,2,0,0,0,0
2020-02-20,Shasta,089,179085,0,0,0,0,0
2020-02-20,Sierra,091,2930,0,0,0,0,0
2020-02-20,Siskiyou,093,43540,0,0,0,0,0
2020-02-20,Solano,095,438530,8,7,0,7,0
2020-02-20,Sonoma,097,501317,2,0,0,0,0
2020-02-20,Stanislaus,099,539301,2,0,2,2,0
2020-02-20,Sutter,101,95872,0,0,0,0,0
2020-02-20,Tehama,103,63373,0,0,0,0,0
2020-02-20,Trinity,105,12862,0,0,0,0,0
2020-02-20,Tulare,107,460477,2,0,0,0,0
2020-02-20,Tuolumne,109,53932,0,0,0,0,0
2020-02-20,Ventura,111,848112,4,0,0,0,0
2020-02-20,Yolo,113,214977,1,0,0,0,0
2020-02-20,Yuba,115,75493,0,0,0,0,0
2020-02-19,Alameda,001,1643700,6,0,0,0,0
2020-02-19,Alpine,003,1148,0,0,0,0,0
2020-02-19,Amador,005,37829,0,0,0,0,0
2020-02-19,Butte,007,227075,0,0,0,0,0
2020-02-19,Calaveras,009,45235,0,0,0,0,0
2020-02-19,Colusa,011,21464,0,0,0,0,0
2020-02-19,Contra Costa,013,1133247,3,0,0,0,0
2020-02-19,Del Norte,015,27424,0,0,0,0,0
2020-02-19,El Dorado,017,186661,0,0,0,0,0
2020-02-19,Fresno,019,978130,0,0,0,0,0
2020-02-19,Glenn,021,27897,0,0,0,0,0
2020-02-19,Humboldt,023,135768,1,0,0,0,0
2020-02-19,Imperial,025,180216,2,0,0,0,0
2020-02-19,Inyo,027,18085,0,0,0,0,0
2020-02-19,Kern,029,883053,2,0,0,0,0
2020-02-19,Kings,031,150075,2,0,1,1,0
2020-02-19,Lake,033,64148,0,0,0,0,0
2020-02-19,Lassen,035,31185,0,0,0,0,0
2020-02-19,Los Angeles,037,10098052,48,1,9,10,0
2020-02-19,Madera,039,155013,0,0,0,0,0
2020-02-19,Marin,041,260295,0,0,0,0,0
2020-02-19,Mariposa,043,17540,0,0,0,0,0
2020-02-19,Mendocino,045,87422,0,0,0,0,0
2020-02-19,Merced,047,269075,0,0,0,0,0
2020-02-19,Modoc,049,8938,0,0,0,0,0
2020-02-19,Mono,051,14174,0,0,0,0,0
2020-02-19,Monterey,053,433212,0,0,0,0,0
2020-02-19,Napa,055,140530,0,0,0,0,0
2020-02-19,Nevada,057,99092,0,0,1,1,0
2020-02-19,Orange,059,3164182,43,1,0,1,0
2020-02-19,Placer,061,380077,2,0,0,0,0
2020-02-19,Plumas,063,18699,0,0,0,0,0
2020-02-19,Riverside,065,2383286,5,0,0,0,0
2020-02-19,Sacramento,067,1510023,2,0,0,0,0
2020-02-19,San Benito,069,59416,0,2,0,2,0
2020-02-19,San Bernardino,071,2135413,13,0,0,0,0
2020-02-19,San Diego,073,3302833,4,2,0,2,0
2020-02-19,San Francisco,075,870044,2,0,0,0,0
2020-02-19,San Joaquin,077,732212,2,0,1,1,0
2020-02-19,San Luis Obispo,079,281455,2,0,0,0,0
2020-02-19,San Mateo,081,765935,6,0,0,0,0
2020-02-19,Santa Barbara,083,443738,0,0,0,0,0
2020-02-19,Santa Clara,085,1922200,15,2,1,3,0
2020-02-19,Santa Cruz,087,273765,0,0,0,0,0
2020-02-19,Shasta,089,179085,0,0,0,0,0
2020-02-19,Sierra,091,2930,0,0,0,0,0
2020-02-19,Siskiyou,093,43540,0,0,0,0,0
2020-02-19,Solano,095,438530,5,7,0,7,0
2020-02-19,Sonoma,097,501317,2,0,0,0,0
2020-02-19,Stanislaus,099,539301,1,0,2,2,0
2020-02-19,Sutter,101,95872,0,0,0,0,0
2020-02-19,Tehama,103,63373,0,0,0,0,0
2020-02-19,Trinity,105,12862,0,0,0,0,0
2020-02-19,Tulare,107,460477,2,0,0,0,0
2020-02-19,Tuolumne,109,53932,0,0,0,0,0
2020-02-19,Ventura,111,848112,2,0,0,0,0
2020-02-19,Yolo,113,214977,1,0,0,0,0
2020-02-19,Yuba,115,75493,0,0,0,0,0
2020-02-18,Alameda,001,1643700,6,0,0,0,0
2020-02-18,Alpine,003,1148,0,0,0,0,0
2020-02-18,Amador,005,37829,0,0,0,0,0
2020-02-18,Butte,007,227075,0,0,0,0,0
2020-02-18,Calaveras,009,45235,0,0,0,0,0
2020-02-18,Colusa,011,21464,0,0,0,0,0
2020-02-18,Contra Costa,013,1133247,3,0,0,0,0
2020-02-18,Del Norte,015,27424,0,0,0,0,0
2020-02-18,El Dorado,017,186661,0,0,0,0,0
2020-02-18,Fresno,019,978130,0,0,0,0,0
2020-02-18,Glenn,021,27897,0,0,0,0,0
2020-02-18,Humboldt,023,135768,1,0,0,0,0
2020-02-18,Imperial,025,180216,1,0,0,0,0
2020-02-18,Inyo,027,18085,0,0,0,0,0
2020-02-18,Kern,029,883053,2,0,0,0,0
2020-02-18,Kings,031,150075,2,0,1,1,0
2020-02-18,Lake,033,64148,0,0,0,0,0
2020-02-18,Lassen,035,31185,0,0,0,0,0
2020-02-18,Los Angeles,037,10098052,45,1,8,9,0
2020-02-18,Madera,039,155013,0,0,0,0,0
2020-02-18,Marin,041,260295,0,0,0,0,0
2020-02-18,Mariposa,043,17540,0,0,0,0,0
2020-02-18,Mendocino,045,87422,0,0,0,0,0
2020-02-18,Merced,047,269075,0,0,0,0,0
2020-02-18,Modoc,049,8938,0,0,0,0,0
2020-02-18,Mono,051,14174,0,0,0,0,0
2020-02-18,Monterey,053,433212,0,0,0,0,0
2020-02-18,Napa,055,140530,0,0,0,0,0
2020-02-18,Nevada,057,99092,0,0,1,1,0
2020-02-18,Orange,059,3164182,42,1,0,1,0
2020-02-18,Placer,061,380077,0,0,0,0,0
2020-02-18,Plumas,063,18699,0,0,0,0,0
2020-02-18,Riverside,065,2383286,5,0,0,0,0
2020-02-18,Sacramento,067,1510023,2,0,0,0,0
2020-02-18,San Benito,069,59416,0,2,0,2,0
2020-02-18,San Bernardino,071,2135413,13,0,0,0,0
2020-02-18,San Diego,073,3302833,4,2,0,2,0
2020-02-18,San Francisco,075,870044,2,0,0,0,0
2020-02-18,San Joaquin,077,732212,1,0,1,1,0
2020-02-18,San Luis Obispo,079,281455,2,0,0,0,0
2020-02-18,San Mateo,081,765935,5,0,0,0,0
2020-02-18,Santa Barbara,083,443738,0,0,0,0,0
2020-02-18,Santa Clara,085,1922200,14,2,1,3,0
2020-02-18,Santa Cruz,087,273765,0,0,0,0,0
2020-02-18,Shasta,089,179085,0,0,0,0,0
2020-02-18,Sierra,091,2930,0,0,0,0,0
2020-02-18,Siskiyou,093,43540,0,0,0,0,0
2020-02-18,Solano,095,438530,5,7,0,7,0
2020-02-18,Sonoma,097,501317,1,0,0,0,0
2020-02-18,Stanislaus,099,539301,1,0,2,2,0
2020-02-18,Sutter,101,95872,0,0,0,0,0
2020-02-18,Tehama,103,63373,0,0,0,0,0
2020-02-18,Trinity,105,12862,0,0,0,0,0
2020-02-18,Tulare,107,460477,2,0,0,0,0
2020-02-18,Tuolumne,109,53932,0,0,0,0,0
2020-02-18,Ventura,111,848112,2,0,0,0,0
2020-02-18,Yolo,113,214977,1,0,0,0,0
2020-02-18,Yuba,115,75493,0,0,0,0,0
2020-02-17,Alameda,001,1643700,6,0,0,0,0
2020-02-17,Alpine,003,1148,0,0,0,0,0
2020-02-17,Amador,005,37829,0,0,0,0,0
2020-02-17,Butte,007,227075,0,0,0,0,0
2020-02-17,Calaveras,009,45235,0,0,0,0,0
2020-02-17,Colusa,011,21464,0,0,0,0,0
2020-02-17,Contra Costa,013,1133247,3,0,0,0,0
2020-02-17,Del Norte,015,27424,0,0,0,0,0
2020-02-17,El Dorado,017,186661,0,0,0,0,0
2020-02-17,Fresno,019,978130,0,0,0,0,0
2020-02-17,Glenn,021,27897,0,0,0,0,0
2020-02-17,Humboldt,023,135768,1,0,0,0,0
2020-02-17,Imperial,025,180216,1,0,0,0,0
2020-02-17,Inyo,027,18085,0,0,0,0,0
2020-02-17,Kern,029,883053,2,0,0,0,0
2020-02-17,Kings,031,150075,2,0,0,0,0
2020-02-17,Lake,033,64148,0,0,0,0,0
2020-02-17,Lassen,035,31185,0,0,0,0,0
2020-02-17,Los Angeles,037,10098052,42,1,7,8,0
2020-02-17,Madera,039,155013,0,0,0,0,0
2020-02-17,Marin,041,260295,0,0,0,0,0
2020-02-17,Mariposa,043,17540,0,0,0,0,0
2020-02-17,Mendocino,045,87422,0,0,0,0,0
2020-02-17,Merced,047,269075,0,0,0,0,0
2020-02-17,Modoc,049,8938,0,0,0,0,0
2020-02-17,Mono,051,14174,0,0,0,0,0
2020-02-17,Monterey,053,433212,0,0,0,0,0
2020-02-17,Napa,055,140530,0,0,0,0,0
2020-02-17,Nevada,057,99092,0,0,1,1,0
2020-02-17,Orange,059,3164182,42,1,0,1,0
2020-02-17,Placer,061,380077,0,0,0,0,0
2020-02-17,Plumas,063,18699,0,0,0,0,0
2020-02-17,Riverside,065,2383286,5,0,0,0,0
2020-02-17,Sacramento,067,1510023,2,0,0,0,0
2020-02-17,San Benito,069,59416,0,2,0,2,0
2020-02-17,San Bernardino,071,2135413,11,0,0,0,0
2020-02-17,San Diego,073,3302833,4,2,0,2,0
2020-02-17,San Francisco,075,870044,2,0,0,0,0
2020-02-17,San Joaquin,077,732212,1,0,1,1,0
2020-02-17,San Luis Obispo,079,281455,1,0,0,0,0
2020-02-17,San Mateo,081,765935,5,0,0,0,0
2020-02-17,Santa Barbara,083,443738,0,0,0,0,0
2020-02-17,Santa Clara,085,1922200,12,2,1,3,0
2020-02-17,Santa Cruz,087,273765,0,0,0,0,0
2020-02-17,Shasta,089,179085,0,0,0,0,0
2020-02-17,Sierra,091,2930,0,0,0,0,0
2020-02-17,Siskiyou,093,43540,0,0,0,0,0
2020-02-17,Solano,095,438530,3,5,0,5,0
2020-02-17,Sonoma,097,501317,1,0,0,0,0
2020-02-17,Stanislaus,099,539301,1,0,2,2,0
2020-02-17,Sutter,101,95872,0,0,0,0,0
2020-02-17,Tehama,103,63373,0,0,0,0,0
2020-02-17,Trinity,105,12862,0,0,0,0,0
2020-02-17,Tulare,107,460477,2,0,0,0,0
2020-02-17,Tuolumne,109,53932,0,0,0,0,0
2020-02-17,Ventura,111,848112,2,0,0,0,0
2020-02-17,Yolo,113,214977,1,0,0,0,0
2020-02-17,Yuba,115,75493,0,0,0,0,0
2020-02-16,Alameda,001,1643700,5,0,0,0,0
2020-02-16,Alpine,003,1148,0,0,0,0,0
2020-02-16,Amador,005,37829,0,0,0,0,0
2020-02-16,Butte,007,227075,0,0,0,0,0
2020-02-16,Calaveras,009,45235,0,0,0,0,0
2020-02-16,Colusa,011,21464,0,0,0,0,0
2020-02-16,Contra Costa,013,1133247,3,0,0,0,0
2020-02-16,Del Norte,015,27424,0,0,0,0,0
2020-02-16,El Dorado,017,186661,0,0,0,0,0
2020-02-16,Fresno,019,978130,0,0,0,0,0
2020-02-16,Glenn,021,27897,0,0,0,0,0
2020-02-16,Humboldt,023,135768,1,0,0,0,0
2020-02-16,Imperial,025,180216,1,0,0,0,0
2020-02-16,Inyo,027,18085,0,0,0,0,0
2020-02-16,Kern,029,883053,2,0,0,0,0
2020-02-16,Kings,031,150075,2,0,0,0,0
2020-02-16,Lake,033,64148,0,0,0,0,0
2020-02-16,Lassen,035,31185,0,0,0,0,0
2020-02-16,Los Angeles,037,10098052,36,1,7,8,0
2020-02-16,Madera,039,155013,0,0,0,0,0
2020-02-16,Marin,041,260295,0,0,0,0,0
2020-02-16,Mariposa,043,17540,0,0,0,0,0
2020-02-16,Mendocino,045,87422,0,0,0,0,0
2020-02-16,Merced,047,269075,0,0,0,0,0
2020-02-16,Modoc,049,8938,0,0,0,0,0
2020-02-16,Mono,051,14174,0,0,0,0,0
2020-02-16,Monterey,053,433212,0,0,0,0,0
2020-02-16,Napa,055,140530,0,0,0,0,0
2020-02-16,Nevada,057,99092,0,0,0,0,0
2020-02-16,Orange,059,3164182,41,1,0,1,0
2020-02-16,Placer,061,380077,0,0,0,0,0
2020-02-16,Plumas,063,18699,0,0,0,0,0
2020-02-16,Riverside,065,2383286,5,0,0,0,0
2020-02-16,Sacramento,067,1510023,2,0,0,0,0
2020-02-16,San Benito,069,59416,0,2,0,2,0
2020-02-16,San Bernardino,071,2135413,10,0,0,0,0
2020-02-16,San Diego,073,3302833,4,2,0,2,0
2020-02-16,San Francisco,075,870044,2,0,0,0,0
2020-02-16,San Joaquin,077,732212,1,0,1,1,0
2020-02-16,San Luis Obispo,079,281455,1,0,0,0,0
2020-02-16,San Mateo,081,765935,4,0,0,0,0
2020-02-16,Santa Barbara,083,443738,0,0,0,0,0
2020-02-16,Santa Clara,085,1922200,10,2,1,3,0
2020-02-16,Santa Cruz,087,273765,0,0,0,0,0
2020-02-16,Shasta,089,179085,0,0,0,0,0
2020-02-16,Sierra,091,2930,0,0,0,0,0
2020-02-16,Siskiyou,093,43540,0,0,0,0,0
2020-02-16,Solano,095,438530,1,0,0,0,0
2020-02-16,Sonoma,097,501317,1,0,0,0,0
2020-02-16,Stanislaus,099,539301,1,0,2,2,0
2020-02-16,Sutter,101,95872,0,0,0,0,0
2020-02-16,Tehama,103,63373,0,0,0,0,0
2020-02-16,Trinity,105,12862,0,0,0,0,0
2020-02-16,Tulare,107,460477,2,0,0,0,0
2020-02-16,Tuolumne,109,53932,0,0,0,0,0
2020-02-16,Ventura,111,848112,2,0,0,0,0
2020-02-16,Yolo,113,214977,1,0,0,0,0
2020-02-16,Yuba,115,75493,0,0,0,0,0
2020-02-15,Alameda,001,1643700,5,0,0,0,0
2020-02-15,Alpine,003,1148,0,0,0,0,0
2020-02-15,Amador,005,37829,0,0,0,0,0
2020-02-15,Butte,007,227075,0,0,0,0,0
2020-02-15,Calaveras,009,45235,0,0,0,0,0
2020-02-15,Colusa,011,21464,0,0,0,0,0
2020-02-15,Contra Costa,013,1133247,3,0,0,0,0
2020-02-15,Del Norte,015,27424,0,0,0,0,0
2020-02-15,El Dorado,017,186661,0,0,0,0,0
2020-02-15,Fresno,019,978130,0,0,0,0,0
2020-02-15,Glenn,021,27897,0,0,0,0,0
2020-02-15,Humboldt,023,135768,1,0,0,0,0
2020-02-15,Imperial,025,180216,1,0,0,0,0
2020-02-15,Inyo,027,18085,0,0,0,0,0
2020-02-15,Kern,029,883053,2,0,0,0,0
2020-02-15,Kings,031,150075,2,0,0,0,0
2020-02-15,Lake,033,64148,0,0,0,0,0
2020-02-15,Lassen,035,31185,0,0,0,0,0
2020-02-15,Los Angeles,037,10098052,33,1,7,8,0
2020-02-15,Madera,039,155013,0,0,0,0,0
2020-02-15,Marin,041,260295,0,0,0,0,0
2020-02-15,Mariposa,043,17540,0,0,0,0,0
2020-02-15,Mendocino,045,87422,0,0,0,0,0
2020-02-15,Merced,047,269075,0,0,0,0,0
2020-02-15,Modoc,049,8938,0,0,0,0,0
2020-02-15,Mono,051,14174,0,0,0,0,0
2020-02-15,Monterey,053,433212,0,0,0,0,0
2020-02-15,Napa,055,140530,0,0,0,0,0
2020-02-15,Nevada,057,99092,0,0,0,0,0
2020-02-15,Orange,059,3164182,40,1,0,1,0
2020-02-15,Placer,061,380077,0,0,0,0,0
2020-02-15,Plumas,063,18699,0,0,0,0,0
2020-02-15,Riverside,065,2383286,4,0,0,0,0
2020-02-15,Sacramento,067,1510023,2,0,0,0,0
2020-02-15,San Benito,069,59416,0,2,0,2,0
2020-02-15,San Bernardino,071,2135413,9,0,0,0,0
2020-02-15,San Diego,073,3302833,4,2,0,2,0
2020-02-15,San Francisco,075,870044,2,0,0,0,0
2020-02-15,San Joaquin,077,732212,1,0,1,1,0
2020-02-15,San Luis Obispo,079,281455,1,0,0,0,0
2020-02-15,San Mateo,081,765935,4,0,0,0,0
2020-02-15,Santa Barbara,083,443738,0,0,0,0,0
2020-02-15,Santa Clara,085,1922200,10,2,1,3,0
2020-02-15,Santa Cruz,087,273765,0,0,0,0,0
2020-02-15,Shasta,089,179085,0,0,0,0,0
2020-02-15,Sierra,091,2930,0,0,0,0,0
2020-02-15,Siskiyou,093,43540,0,0,0,0,0
2020-02-15,Solano,095,438530,1,0,0,0,0
2020-02-15,Sonoma,097,501317,0,0,0,0,0
2020-02-15,Stanislaus,099,539301,1,0,2,2,0
2020-02-15,Sutter,101,95872,0,0,0,0,0
2020-02-15,Tehama,103,63373,0,0,0,0,0
2020-02-15,Trinity,105,12862,0,0,0,0,0
2020-02-15,Tulare,107,460477,2,0,0,0,0
2020-02-15,Tuolumne,109,53932,0,0,0,0,0
2020-02-15,Ventura,111,848112,2,0,0,0,0
2020-02-15,Yolo,113,214977,1,0,0,0,0
2020-02-15,Yuba,115,75493,0,0,0,0,0
2020-02-14,Alameda,001,1643700,4,0,0,0,0
2020-02-14,Alpine,003,1148,0,0,0,0,0
2020-02-14,Amador,005,37829,0,0,0,0,0
2020-02-14,Butte,007,227075,0,0,0,0,0
2020-02-14,Calaveras,009,45235,0,0,0,0,0
2020-02-14,Colusa,011,21464,0,0,0,0,0
2020-02-14,Contra Costa,013,1133247,3,0,0,0,0
2020-02-14,Del Norte,015,27424,0,0,0,0,0
2020-02-14,El Dorado,017,186661,0,0,0,0,0
2020-02-14,Fresno,019,978130,0,0,0,0,0
2020-02-14,Glenn,021,27897,0,0,0,0,0
2020-02-14,Humboldt,023,135768,1,0,0,0,0
2020-02-14,Imperial,025,180216,1,0,0,0,0
2020-02-14,Inyo,027,18085,0,0,0,0,0
2020-02-14,Kern,029,883053,2,0,0,0,0
2020-02-14,Kings,031,150075,1,0,0,0,0
2020-02-14,Lake,033,64148,0,0,0,0,0
2020-02-14,Lassen,035,31185,0,0,0,0,0
2020-02-14,Los Angeles,037,10098052,28,1,7,8,0
2020-02-14,Madera,039,155013,0,0,0,0,0
2020-02-14,Marin,041,260295,0,0,0,0,0
2020-02-14,Mariposa,043,17540,0,0,0,0,0
2020-02-14,Mendocino,045,87422,0,0,0,0,0
2020-02-14,Merced,047,269075,0,0,0,0,0
2020-02-14,Modoc,049,8938,0,0,0,0,0
2020-02-14,Mono,051,14174,0,0,0,0,0
2020-02-14,Monterey,053,433212,0,0,0,0,0
2020-02-14,Napa,055,140530,0,0,0,0,0
2020-02-14,Nevada,057,99092,0,0,0,0,0
2020-02-14,Orange,059,3164182,40,1,0,1,0
2020-02-14,Placer,061,380077,0,0,0,0,0
2020-02-14,Plumas,063,18699,0,0,0,0,0
2020-02-14,Riverside,065,2383286,4,0,0,0,0
2020-02-14,Sacramento,067,1510023,1,0,0,0,0
2020-02-14,San Benito,069,59416,0,2,0,2,0
2020-02-14,San Bernardino,071,2135413,9,0,0,0,0
2020-02-14,San Diego,073,3302833,3,2,0,2,0
2020-02-14,San Francisco,075,870044,2,0,0,0,0
2020-02-14,San Joaquin,077,732212,1,0,1,1,0
2020-02-14,San Luis Obispo,079,281455,0,0,0,0,0
2020-02-14,San Mateo,081,765935,3,0,0,0,0
2020-02-14,Santa Barbara,083,443738,0,0,0,0,0
2020-02-14,Santa Clara,085,1922200,8,2,1,3,0
2020-02-14,Santa Cruz,087,273765,0,0,0,0,0
2020-02-14,Shasta,089,179085,0,0,0,0,0
2020-02-14,Sierra,091,2930,0,0,0,0,0
2020-02-14,Siskiyou,093,43540,0,0,0,0,0
2020-02-14,Solano,095,438530,1,0,0,0,0
2020-02-14,Sonoma,097,501317,0,0,0,0,0
2020-02-14,Stanislaus,099,539301,1,0,2,2,0
2020-02-14,Sutter,101,95872,0,0,0,0,0
2020-02-14,Tehama,103,63373,0,0,0,0,0
2020-02-14,Trinity,105,12862,0,0,0,0,0
2020-02-14,Tulare,107,460477,2,0,0,0,0
2020-02-14,Tuolumne,109,53932,0,0,0,0,0
2020-02-14,Ventura,111,848112,2,0,0,0,0
2020-02-14,Yolo,113,214977,1,0,0,0,0
2020-02-14,Yuba,115,75493,0,0,0,0,0
2020-02-13,Alameda,001,1643700,4,0,0,0,0
2020-02-13,Alpine,003,1148,0,0,0,0,0
2020-02-13,Amador,005,37829,0,0,0,0,0
2020-02-13,Butte,007,227075,0,0,0,0,0
2020-02-13,Calaveras,009,45235,0,0,0,0,0
2020-02-13,Colusa,011,21464,0,0,0,0,0
2020-02-13,Contra Costa,013,1133247,3,0,0,0,0
2020-02-13,Del Norte,015,27424,0,0,0,0,0
2020-02-13,El Dorado,017,186661,0,0,0,0,0
2020-02-13,Fresno,019,978130,0,0,0,0,0
2020-02-13,Glenn,021,27897,0,0,0,0,0
2020-02-13,Humboldt,023,135768,1,0,0,0,0
2020-02-13,Imperial,025,180216,1,0,0,0,0
2020-02-13,Inyo,027,18085,0,0,0,0,0
2020-02-13,Kern,029,883053,2,0,0,0,0
2020-02-13,Kings,031,150075,1,0,0,0,0
2020-02-13,Lake,033,64148,0,0,0,0,0
2020-02-13,Lassen,035,31185,0,0,0,0,0
2020-02-13,Los Angeles,037,10098052,24,1,6,7,0
2020-02-13,Madera,039,155013,0,0,0,0,0
2020-02-13,Marin,041,260295,0,0,0,0,0
2020-02-13,Mariposa,043,17540,0,0,0,0,0
2020-02-13,Mendocino,045,87422,0,0,0,0,0
2020-02-13,Merced,047,269075,0,0,0,0,0
2020-02-13,Modoc,049,8938,0,0,0,0,0
2020-02-13,Mono,051,14174,0,0,0,0,0
2020-02-13,Monterey,053,433212,0,0,0,0,0
2020-02-13,Napa,055,140530,0,0,0,0,0
2020-02-13,Nevada,057,99092,0,0,0,0,0
2020-02-13,Orange,059,3164182,39,1,0,1,0
2020-02-13,Placer,061,380077,0,0,0,0,0
2020-02-13,Plumas,063,18699,0,0,0,0,0
2020-02-13,Riverside,065,2383286,4,0,0,0,0
2020-02-13,Sacramento,067,1510023,1,0,0,0,0
2020-02-13,San Benito,069,59416,0,2,0,2,0
2020-02-13,San Bernardino,071,2135413,8,0,0,0,0
2020-02-13,San Diego,073,3302833,2,2,0,2,0
2020-02-13,San Francisco,075,870044,2,0,0,0,0
2020-02-13,San Joaquin,077,732212,1,0,1,1,0
2020-02-13,San Luis Obispo,079,281455,0,0,0,0,0
2020-02-13,San Mateo,081,765935,2,0,0,0,0
2020-02-13,Santa Barbara,083,443738,0,0,0,0,0
2020-02-13,Santa Clara,085,1922200,7,2,0,2,0
2020-02-13,Santa Cruz,087,273765,0,0,0,0,0
2020-02-13,Shasta,089,179085,0,0,0,0,0
2020-02-13,Sierra,091,2930,0,0,0,0,0
2020-02-13,Siskiyou,093,43540,0,0,0,0,0
2020-02-13,Solano,095,438530,0,0,0,0,0
2020-02-13,Sonoma,097,501317,0,0,0,0,0
2020-02-13,Stanislaus,099,539301,1,0,1,1,0
2020-02-13,Sutter,101,95872,0,0,0,0,0
2020-02-13,Tehama,103,63373,0,0,0,0,0
2020-02-13,Trinity,105,12862,0,0,0,0,0
2020-02-13,Tulare,107,460477,2,0,0,0,0
2020-02-13,Tuolumne,109,53932,0,0,0,0,0
2020-02-13,Ventura,111,848112,2,0,0,0,0
2020-02-13,Yolo,113,214977,1,0,0,0,0
2020-02-13,Yuba,115,75493,0,0,0,0,0
2020-02-12,Alameda,001,1643700,4,0,0,0,0
2020-02-12,Alpine,003,1148,0,0,0,0,0
2020-02-12,Amador,005,37829,0,0,0,0,0
2020-02-12,Butte,007,227075,0,0,0,0,0
2020-02-12,Calaveras,009,45235,0,0,0,0,0
2020-02-12,Colusa,011,21464,0,0,0,0,0
2020-02-12,Contra Costa,013,1133247,3,0,0,0,0
2020-02-12,Del Norte,015,27424,0,0,0,0,0
2020-02-12,El Dorado,017,186661,0,0,0,0,0
2020-02-12,Fresno,019,978130,0,0,0,0,0
2020-02-12,Glenn,021,27897,0,0,0,0,0
2020-02-12,Humboldt,023,135768,1,0,0,0,0
2020-02-12,Imperial,025,180216,1,0,0,0,0
2020-02-12,Inyo,027,18085,0,0,0,0,0
2020-02-12,Kern,029,883053,2,0,0,0,0
2020-02-12,Kings,031,150075,1,0,0,0,0
2020-02-12,Lake,033,64148,0,0,0,0,0
2020-02-12,Lassen,035,31185,0,0,0,0,0
2020-02-12,Los Angeles,037,10098052,23,1,6,7,0
2020-02-12,Madera,039,155013,0,0,0,0,0
2020-02-12,Marin,041,260295,0,0,0,0,0
2020-02-12,Mariposa,043,17540,0,0,0,0,0
2020-02-12,Mendocino,045,87422,0,0,0,0,0
2020-02-12,Merced,047,269075,0,0,0,0,0
2020-02-12,Modoc,049,8938,0,0,0,0,0
2020-02-12,Mono,051,14174,0,0,0,0,0
2020-02-12,Monterey,053,433212,0,0,0,0,0
2020-02-12,Napa,055,140530,0,0,0,0,0
2020-02-12,Nevada,057,99092,0,0,0,0,0
2020-02-12,Orange,059,3164182,39,1,0,1,0
2020-02-12,Placer,061,380077,0,0,0,0,0
2020-02-12,Plumas,063,18699,0,0,0,0,0
2020-02-12,Riverside,065,2383286,4,0,0,0,0
2020-02-12,Sacramento,067,1510023,1,0,0,0,0
2020-02-12,San Benito,069,59416,0,2,0,2,0
2020-02-12,San Bernardino,071,2135413,8,0,0,0,0
2020-02-12,San Diego,073,3302833,2,2,0,2,0
2020-02-12,San Francisco,075,870044,2,0,0,0,0
2020-02-12,San Joaquin,077,732212,1,0,1,1,0
2020-02-12,San Luis Obispo,079,281455,0,0,0,0,0
2020-02-12,San Mateo,081,765935,2,0,0,0,0
2020-02-12,Santa Barbara,083,443738,0,0,0,0,0
2020-02-12,Santa Clara,085,1922200,6,2,0,2,0
2020-02-12,Santa Cruz,087,273765,0,0,0,0,0
2020-02-12,Shasta,089,179085,0,0,0,0,0
2020-02-12,Sierra,091,2930,0,0,0,0,0
2020-02-12,Siskiyou,093,43540,0,0,0,0,0
2020-02-12,Solano,095,438530,0,0,0,0,0
2020-02-12,Sonoma,097,501317,0,0,0,0,0
2020-02-12,Stanislaus,099,539301,1,0,1,1,0
2020-02-12,Sutter,101,95872,0,0,0,0,0
2020-02-12,Tehama,103,63373,0,0,0,0,0
2020-02-12,Trinity,105,12862,0,0,0,0,0
2020-02-12,Tulare,107,460477,2,0,0,0,0
2020-02-12,Tuolumne,109,53932,0,0,0,0,0
2020-02-12,Ventura,111,848112,2,0,0,0,0
2020-02-12,Yolo,113,214977,1,0,0,0,0
2020-02-12,Yuba,115,75493,0,0,0,0,0
2020-02-11,Alameda,001,1643700,4,0,0,0,0
2020-02-11,Alpine,003,1148,0,0,0,0,0
2020-02-11,Amador,005,37829,0,0,0,0,0
2020-02-11,Butte,007,227075,0,0,0,0,0
2020-02-11,Calaveras,009,45235,0,0,0,0,0
2020-02-11,Colusa,011,21464,0,0,0,0,0
2020-02-11,Contra Costa,013,1133247,3,0,0,0,0
2020-02-11,Del Norte,015,27424,0,0,0,0,0
2020-02-11,El Dorado,017,186661,0,0,0,0,0
2020-02-11,Fresno,019,978130,0,0,0,0,0
2020-02-11,Glenn,021,27897,0,0,0,0,0
2020-02-11,Humboldt,023,135768,1,0,0,0,0
2020-02-11,Imperial,025,180216,1,0,0,0,0
2020-02-11,Inyo,027,18085,0,0,0,0,0
2020-02-11,Kern,029,883053,2,0,0,0,0
2020-02-11,Kings,031,150075,1,0,0,0,0
2020-02-11,Lake,033,64148,0,0,0,0,0
2020-02-11,Lassen,035,31185,0,0,0,0,0
2020-02-11,Los Angeles,037,10098052,23,1,6,7,0
2020-02-11,Madera,039,155013,0,0,0,0,0
2020-02-11,Marin,041,260295,0,0,0,0,0
2020-02-11,Mariposa,043,17540,0,0,0,0,0
2020-02-11,Mendocino,045,87422,0,0,0,0,0
2020-02-11,Merced,047,269075,0,0,0,0,0
2020-02-11,Modoc,049,8938,0,0,0,0,0
2020-02-11,Mono,051,14174,0,0,0,0,0
2020-02-11,Monterey,053,433212,0,0,0,0,0
2020-02-11,Napa,055,140530,0,0,0,0,0
2020-02-11,Nevada,057,99092,0,0,0,0,0
2020-02-11,Orange,059,3164182,38,1,0,1,0
2020-02-11,Placer,061,380077,0,0,0,0,0
2020-02-11,Plumas,063,18699,0,0,0,0,0
2020-02-11,Riverside,065,2383286,4,0,0,0,0
2020-02-11,Sacramento,067,1510023,1,0,0,0,0
2020-02-11,San Benito,069,59416,0,2,0,2,0
2020-02-11,San Bernardino,071,2135413,8,0,0,0,0
2020-02-11,San Diego,073,3302833,2,1,0,1,0
2020-02-11,San Francisco,075,870044,2,0,0,0,0
2020-02-11,San Joaquin,077,732212,0,0,1,1,0
2020-02-11,San Luis Obispo,079,281455,0,0,0,0,0
2020-02-11,San Mateo,081,765935,2,0,0,0,0
2020-02-11,Santa Barbara,083,443738,0,0,0,0,0
2020-02-11,Santa Clara,085,1922200,5,2,0,2,0
2020-02-11,Santa Cruz,087,273765,0,0,0,0,0
2020-02-11,Shasta,089,179085,0,0,0,0,0
2020-02-11,Sierra,091,2930,0,0,0,0,0
2020-02-11,Siskiyou,093,43540,0,0,0,0,0
2020-02-11,Solano,095,438530,0,0,0,0,0
2020-02-11,Sonoma,097,501317,0,0,0,0,0
2020-02-11,Stanislaus,099,539301,1,0,1,1,0
2020-02-11,Sutter,101,95872,0,0,0,0,0
2020-02-11,Tehama,103,63373,0,0,0,0,0
2020-02-11,Trinity,105,12862,0,0,0,0,0
2020-02-11,Tulare,107,460477,2,0,0,0,0
2020-02-11,Tuolumne,109,53932,0,0,0,0,0
2020-02-11,Ventura,111,848112,2,0,0,0,0
2020-02-11,Yolo,113,214977,1,0,0,0,0
2020-02-11,Yuba,115,75493,0,0,0,0,0
2020-02-10,Alameda,001,1643700,4,0,0,0,0
2020-02-10,Alpine,003,1148,0,0,0,0,0
2020-02-10,Amador,005,37829,0,0,0,0,0
2020-02-10,Butte,007,227075,0,0,0,0,0
2020-02-10,Calaveras,009,45235,0,0,0,0,0
2020-02-10,Colusa,011,21464,0,0,0,0,0
2020-02-10,Contra Costa,013,1133247,3,0,0,0,0
2020-02-10,Del Norte,015,27424,0,0,0,0,0
2020-02-10,El Dorado,017,186661,0,0,0,0,0
2020-02-10,Fresno,019,978130,0,0,0,0,0
2020-02-10,Glenn,021,27897,0,0,0,0,0
2020-02-10,Humboldt,023,135768,0,0,0,0,0
2020-02-10,Imperial,025,180216,1,0,0,0,0
2020-02-10,Inyo,027,18085,0,0,0,0,0
2020-02-10,Kern,029,883053,2,0,0,0,0
2020-02-10,Kings,031,150075,1,0,0,0,0
2020-02-10,Lake,033,64148,0,0,0,0,0
2020-02-10,Lassen,035,31185,0,0,0,0,0
2020-02-10,Los Angeles,037,10098052,21,1,6,7,0
2020-02-10,Madera,039,155013,0,0,0,0,0
2020-02-10,Marin,041,260295,0,0,0,0,0
2020-02-10,Mariposa,043,17540,0,0,0,0,0
2020-02-10,Mendocino,045,87422,0,0,0,0,0
2020-02-10,Merced,047,269075,0,0,0,0,0
2020-02-10,Modoc,049,8938,0,0,0,0,0
2020-02-10,Mono,051,14174,0,0,0,0,0
2020-02-10,Monterey,053,433212,0,0,0,0,0
2020-02-10,Napa,055,140530,0,0,0,0,0
2020-02-10,Nevada,057,99092,0,0,0,0,0
2020-02-10,Orange,059,3164182,38,1,0,1,0
2020-02-10,Placer,061,380077,0,0,0,0,0
2020-02-10,Plumas,063,18699,0,0,0,0,0
2020-02-10,Riverside,065,2383286,4,0,0,0,0
2020-02-10,Sacramento,067,1510023,1,0,0,0,0
2020-02-10,San Benito,069,59416,0,2,0,2,0
2020-02-10,San Bernardino,071,2135413,7,0,0,0,0
2020-02-10,San Diego,073,3302833,2,0,0,0,0
2020-02-10,San Francisco,075,870044,2,0,0,0,0
2020-02-10,San Joaquin,077,732212,0,0,1,1,0
2020-02-10,San Luis Obispo,079,281455,0,0,0,0,0
2020-02-10,San Mateo,081,765935,2,0,0,0,0
2020-02-10,Santa Barbara,083,443738,0,0,0,0,0
2020-02-10,Santa Clara,085,1922200,5,2,0,2,0
2020-02-10,Santa Cruz,087,273765,0,0,0,0,0
2020-02-10,Shasta,089,179085,0,0,0,0,0
2020-02-10,Sierra,091,2930,0,0,0,0,0
2020-02-10,Siskiyou,093,43540,0,0,0,0,0
2020-02-10,Solano,095,438530,0,0,0,0,0
2020-02-10,Sonoma,097,501317,0,0,0,0,0
2020-02-10,Stanislaus,099,539301,1,0,0,0,0
2020-02-10,Sutter,101,95872,0,0,0,0,0
2020-02-10,Tehama,103,63373,0,0,0,0,0
2020-02-10,Trinity,105,12862,0,0,0,0,0
2020-02-10,Tulare,107,460477,2,0,0,0,0
2020-02-10,Tuolumne,109,53932,0,0,0,0,0
2020-02-10,Ventura,111,848112,2,0,0,0,0
2020-02-10,Yolo,113,214977,1,0,0,0,0
2020-02-10,Yuba,115,75493,0,0,0,0,0
2020-02-09,Alameda,001,1643700,4,0,0,0,0
2020-02-09,Alpine,003,1148,0,0,0,0,0
2020-02-09,Amador,005,37829,0,0,0,0,0
2020-02-09,Butte,007,227075,0,0,0,0,0
2020-02-09,Calaveras,009,45235,0,0,0,0,0
2020-02-09,Colusa,011,21464,0,0,0,0,0
2020-02-09,Contra Costa,013,1133247,3,0,0,0,0
2020-02-09,Del Norte,015,27424,0,0,0,0,0
2020-02-09,El Dorado,017,186661,0,0,0,0,0
2020-02-09,Fresno,019,978130,0,0,0,0,0
2020-02-09,Glenn,021,27897,0,0,0,0,0
2020-02-09,Humboldt,023,135768,0,0,0,0,0
2020-02-09,Imperial,025,180216,1,0,0,0,0
2020-02-09,Inyo,027,18085,0,0,0,0,0
2020-02-09,Kern,029,883053,2,0,0,0,0
2020-02-09,Kings,031,150075,1,0,0,0,0
2020-02-09,Lake,033,64148,0,0,0,0,0
2020-02-09,Lassen,035,31185,0,0,0,0,0
2020-02-09,Los Angeles,037,10098052,20,1,6,7,0
2020-02-09,Madera,039,155013,0,0,0,0,0
2020-02-09,Marin,041,260295,0,0,0,0,0
2020-02-09,Mariposa,043,17540,0,0,0,0,0
2020-02-09,Mendocino,045,87422,0,0,0,0,0
2020-02-09,Merced,047,269075,0,0,0,0,0
2020-02-09,Modoc,049,8938,0,0,0,0,0
2020-02-09,Mono,051,14174,0,0,0,0,0
2020-02-09,Monterey,053,433212,0,0,0,0,0
2020-02-09,Napa,055,140530,0,0,0,0,0
2020-02-09,Nevada,057,99092,0,0,0,0,0
2020-02-09,Orange,059,3164182,37,1,0,1,0
2020-02-09,Placer,061,380077,0,0,0,0,0
2020-02-09,Plumas,063,18699,0,0,0,0,0
2020-02-09,Riverside,065,2383286,4,0,0,0,0
2020-02-09,Sacramento,067,1510023,0,0,0,0,0
2020-02-09,San Benito,069,59416,0,2,0,2,0
2020-02-09,San Bernardino,071,2135413,7,0,0,0,0
2020-02-09,San Diego,073,3302833,2,0,0,0,0
2020-02-09,San Francisco,075,870044,1,0,0,0,0
2020-02-09,San Joaquin,077,732212,0,0,1,1,0
2020-02-09,San Luis Obispo,079,281455,0,0,0,0,0
2020-02-09,San Mateo,081,765935,2,0,0,0,0
2020-02-09,Santa Barbara,083,443738,0,0,0,0,0
2020-02-09,Santa Clara,085,1922200,4,2,0,2,0
2020-02-09,Santa Cruz,087,273765,0,0,0,0,0
2020-02-09,Shasta,089,179085,0,0,0,0,0
2020-02-09,Sierra,091,2930,0,0,0,0,0
2020-02-09,Siskiyou,093,43540,0,0,0,0,0
2020-02-09,Solano,095,438530,0,0,0,0,0
2020-02-09,Sonoma,097,501317,0,0,0,0,0
2020-02-09,Stanislaus,099,539301,0,0,0,0,0
2020-02-09,Sutter,101,95872,0,0,0,0,0
2020-02-09,Tehama,103,63373,0,0,0,0,0
2020-02-09,Trinity,105,12862,0,0,0,0,0
2020-02-09,Tulare,107,460477,2,0,0,0,0
2020-02-09,Tuolumne,109,53932,0,0,0,0,0
2020-02-09,Ventura,111,848112,1,0,0,0,0
2020-02-09,Yolo,113,214977,1,0,0,0,0
2020-02-09,Yuba,115,75493,0,0,0,0,0
2020-02-08,Alameda,001,1643700,3,0,0,0,0
2020-02-08,Alpine,003,1148,0,0,0,0,0
2020-02-08,Amador,005,37829,0,0,0,0,0
2020-02-08,Butte,007,227075,0,0,0,0,0
2020-02-08,Calaveras,009,45235,0,0,0,0,0
2020-02-08,Colusa,011,21464,0,0,0,0,0
2020-02-08,Contra Costa,013,1133247,2,0,0,0,0
2020-02-08,Del Norte,015,27424,0,0,0,0,0
2020-02-08,El Dorado,017,186661,0,0,0,0,0
2020-02-08,Fresno,019,978130,0,0,0,0,0
2020-02-08,Glenn,021,27897,0,0,0,0,0
2020-02-08,Humboldt,023,135768,0,0,0,0,0
2020-02-08,Imperial,025,180216,1,0,0,0,0
2020-02-08,Inyo,027,18085,0,0,0,0,0
2020-02-08,Kern,029,883053,2,0,0,0,0
2020-02-08,Kings,031,150075,1,0,0,0,0
2020-02-08,Lake,033,64148,0,0,0,0,0
2020-02-08,Lassen,035,31185,0,0,0,0,0
2020-02-08,Los Angeles,037,10098052,17,1,3,4,0
2020-02-08,Madera,039,155013,0,0,0,0,0
2020-02-08,Marin,041,260295,0,0,0,0,0
2020-02-08,Mariposa,043,17540,0,0,0,0,0
2020-02-08,Mendocino,045,87422,0,0,0,0,0
2020-02-08,Merced,047,269075,0,0,0,0,0
2020-02-08,Modoc,049,8938,0,0,0,0,0
2020-02-08,Mono,051,14174,0,0,0,0,0
2020-02-08,Monterey,053,433212,0,0,0,0,0
2020-02-08,Napa,055,140530,0,0,0,0,0
2020-02-08,Nevada,057,99092,0,0,0,0,0
2020-02-08,Orange,059,3164182,37,1,0,1,0
2020-02-08,Placer,061,380077,0,0,0,0,0
2020-02-08,Plumas,063,18699,0,0,0,0,0
2020-02-08,Riverside,065,2383286,4,0,0,0,0
2020-02-08,Sacramento,067,1510023,0,0,0,0,0
2020-02-08,San Benito,069,59416,0,2,0,2,0
2020-02-08,San Bernardino,071,2135413,7,0,0,0,0
2020-02-08,San Diego,073,3302833,1,0,0,0,0
2020-02-08,San Francisco,075,870044,1,0,0,0,0
2020-02-08,San Joaquin,077,732212,0,0,1,1,0
2020-02-08,San Luis Obispo,079,281455,0,0,0,0,0
2020-02-08,San Mateo,081,765935,2,0,0,0,0
2020-02-08,Santa Barbara,083,443738,0,0,0,0,0
2020-02-08,Santa Clara,085,1922200,4,2,0,2,0
2020-02-08,Santa Cruz,087,273765,0,0,0,0,0
2020-02-08,Shasta,089,179085,0,0,0,0,0
2020-02-08,Sierra,091,2930,0,0,0,0,0
2020-02-08,Siskiyou,093,43540,0,0,0,0,0
2020-02-08,Solano,095,438530,0,0,0,0,0
2020-02-08,Sonoma,097,501317,0,0,0,0,0
2020-02-08,Stanislaus,099,539301,0,0,0,0,0
2020-02-08,Sutter,101,95872,0,0,0,0,0
2020-02-08,Tehama,103,63373,0,0,0,0,0
2020-02-08,Trinity,105,12862,0,0,0,0,0
2020-02-08,Tulare,107,460477,2,0,0,0,0
2020-02-08,Tuolumne,109,53932,0,0,0,0,0
2020-02-08,Ventura,111,848112,1,0,0,0,0
2020-02-08,Yolo,113,214977,1,0,0,0,0
2020-02-08,Yuba,115,75493,0,0,0,0,0
2020-02-07,Alameda,001,1643700,3,0,0,0,0
2020-02-07,Alpine,003,1148,0,0,0,0,0
2020-02-07,Amador,005,37829,0,0,0,0,0
2020-02-07,Butte,007,227075,0,0,0,0,0
2020-02-07,Calaveras,009,45235,0,0,0,0,0
2020-02-07,Colusa,011,21464,0,0,0,0,0
2020-02-07,Contra Costa,013,1133247,2,0,0,0,0
2020-02-07,Del Norte,015,27424,0,0,0,0,0
2020-02-07,El Dorado,017,186661,0,0,0,0,0
2020-02-07,Fresno,019,978130,0,0,0,0,0
2020-02-07,Glenn,021,27897,0,0,0,0,0
2020-02-07,Humboldt,023,135768,0,0,0,0,0
2020-02-07,Imperial,025,180216,1,0,0,0,0
2020-02-07,Inyo,027,18085,0,0,0,0,0
2020-02-07,Kern,029,883053,2,0,0,0,0
2020-02-07,Kings,031,150075,1,0,0,0,0
2020-02-07,Lake,033,64148,0,0,0,0,0
2020-02-07,Lassen,035,31185,0,0,0,0,0
2020-02-07,Los Angeles,037,10098052,16,1,2,3,0
2020-02-07,Madera,039,155013,0,0,0,0,0
2020-02-07,Marin,041,260295,0,0,0,0,0
2020-02-07,Mariposa,043,17540,0,0,0,0,0
2020-02-07,Mendocino,045,87422,0,0,0,0,0
2020-02-07,Merced,047,269075,0,0,0,0,0
2020-02-07,Modoc,049,8938,0,0,0,0,0
2020-02-07,Mono,051,14174,0,0,0,0,0
2020-02-07,Monterey,053,433212,0,0,0,0,0
2020-02-07,Napa,055,140530,0,0,0,0,0
2020-02-07,Nevada,057,99092,0,0,0,0,0
2020-02-07,Orange,059,3164182,35,1,0,1,0
2020-02-07,Placer,061,380077,0,0,0,0,0
2020-02-07,Plumas,063,18699,0,0,0,0,0
2020-02-07,Riverside,065,2383286,4,0,0,0,0
2020-02-07,Sacramento,067,1510023,0,0,0,0,0
2020-02-07,San Benito,069,59416,0,2,0,2,0
2020-02-07,San Bernardino,071,2135413,4,0,0,0,0
2020-02-07,San Diego,073,3302833,1,0,0,0,0
2020-02-07,San Francisco,075,870044,1,0,0,0,0
2020-02-07,San Joaquin,077,732212,0,0,1,1,0
2020-02-07,San Luis Obispo,079,281455,0,0,0,0,0
2020-02-07,San Mateo,081,765935,1,0,0,0,0
2020-02-07,Santa Barbara,083,443738,0,0,0,0,0
2020-02-07,Santa Clara,085,1922200,4,2,0,2,0
2020-02-07,Santa Cruz,087,273765,0,0,0,0,0
2020-02-07,Shasta,089,179085,0,0,0,0,0
2020-02-07,Sierra,091,2930,0,0,0,0,0
2020-02-07,Siskiyou,093,43540,0,0,0,0,0
2020-02-07,Solano,095,438530,0,0,0,0,0
2020-02-07,Sonoma,097,501317,0,0,0,0,0
2020-02-07,Stanislaus,099,539301,0,0,0,0,0
2020-02-07,Sutter,101,95872,0,0,0,0,0
2020-02-07,Tehama,103,63373,0,0,0,0,0
2020-02-07,Trinity,105,12862,0,0,0,0,0
2020-02-07,Tulare,107,460477,2,0,0,0,0
2020-02-07,Tuolumne,109,53932,0,0,0,0,0
2020-02-07,Ventura,111,848112,1,0,0,0,0
2020-02-07,Yolo,113,214977,1,0,0,0,0
2020-02-07,Yuba,115,75493,0,0,0,0,0
2020-02-06,Alameda,001,1643700,3,0,0,0,0
2020-02-06,Alpine,003,1148,0,0,0,0,0
2020-02-06,Amador,005,37829,0,0,0,0,0
2020-02-06,Butte,007,227075,0,0,0,0,0
2020-02-06,Calaveras,009,45235,0,0,0,0,0
2020-02-06,Colusa,011,21464,0,0,0,0,0
2020-02-06,Contra Costa,013,1133247,2,0,0,0,0
2020-02-06,Del Norte,015,27424,0,0,0,0,0
2020-02-06,El Dorado,017,186661,0,0,0,0,0
2020-02-06,Fresno,019,978130,0,0,0,0,0
2020-02-06,Glenn,021,27897,0,0,0,0,0
2020-02-06,Humboldt,023,135768,0,0,0,0,0
2020-02-06,Imperial,025,180216,1,0,0,0,0
2020-02-06,Inyo,027,18085,0,0,0,0,0
2020-02-06,Kern,029,883053,2,0,0,0,0
2020-02-06,Kings,031,150075,0,0,0,0,0
2020-02-06,Lake,033,64148,0,0,0,0,0
2020-02-06,Lassen,035,31185,0,0,0,0,0
2020-02-06,Los Angeles,037,10098052,15,1,2,3,0
2020-02-06,Madera,039,155013,0,0,0,0,0
2020-02-06,Marin,041,260295,0,0,0,0,0
2020-02-06,Mariposa,043,17540,0,0,0,0,0
2020-02-06,Mendocino,045,87422,0,0,0,0,0
2020-02-06,Merced,047,269075,0,0,0,0,0
2020-02-06,Modoc,049,8938,0,0,0,0,0
2020-02-06,Mono,051,14174,0,0,0,0,0
2020-02-06,Monterey,053,433212,0,0,0,0,0
2020-02-06,Napa,055,140530,0,0,0,0,0
2020-02-06,Nevada,057,99092,0,0,0,0,0
2020-02-06,Orange,059,3164182,5,1,0,1,0
2020-02-06,Placer,061,380077,0,0,0,0,0
2020-02-06,Plumas,063,18699,0,0,0,0,0
2020-02-06,Riverside,065,2383286,4,0,0,0,0
2020-02-06,Sacramento,067,1510023,0,0,0,0,0
2020-02-06,San Benito,069,59416,0,2,0,2,0
2020-02-06,San Bernardino,071,2135413,4,0,0,0,0
2020-02-06,San Diego,073,3302833,1,0,0,0,0
2020-02-06,San Francisco,075,870044,1,0,0,0,0
2020-02-06,San Joaquin,077,732212,0,0,1,1,0
2020-02-06,San Luis Obispo,079,281455,0,0,0,0,0
2020-02-06,San Mateo,081,765935,1,0,0,0,0
2020-02-06,Santa Barbara,083,443738,0,0,0,0,0
2020-02-06,Santa Clara,085,1922200,4,2,0,2,0
2020-02-06,Santa Cruz,087,273765,0,0,0,0,0
2020-02-06,Shasta,089,179085,0,0,0,0,0
2020-02-06,Sierra,091,2930,0,0,0,0,0
2020-02-06,Siskiyou,093,43540,0,0,0,0,0
2020-02-06,Solano,095,438530,0,0,0,0,0
2020-02-06,Sonoma,097,501317,0,0,0,0,0
2020-02-06,Stanislaus,099,539301,0,0,0,0,0
2020-02-06,Sutter,101,95872,0,0,0,0,0
2020-02-06,Tehama,103,63373,0,0,0,0,0
2020-02-06,Trinity,105,12862,0,0,0,0,0
2020-02-06,Tulare,107,460477,2,0,0,0,0
2020-02-06,Tuolumne,109,53932,0,0,0,0,0
2020-02-06,Ventura,111,848112,1,0,0,0,0
2020-02-06,Yolo,113,214977,1,0,0,0,0
2020-02-06,Yuba,115,75493,0,0,0,0,0
2020-02-05,Alameda,001,1643700,3,0,0,0,0
2020-02-05,Alpine,003,1148,0,0,0,0,0
2020-02-05,Amador,005,37829,0,0,0,0,0
2020-02-05,Butte,007,227075,0,0,0,0,0
2020-02-05,Calaveras,009,45235,0,0,0,0,0
2020-02-05,Colusa,011,21464,0,0,0,0,0
2020-02-05,Contra Costa,013,1133247,2,0,0,0,0
2020-02-05,Del Norte,015,27424,0,0,0,0,0
2020-02-05,El Dorado,017,186661,0,0,0,0,0
2020-02-05,Fresno,019,978130,0,0,0,0,0
2020-02-05,Glenn,021,27897,0,0,0,0,0
2020-02-05,Humboldt,023,135768,0,0,0,0,0
2020-02-05,Imperial,025,180216,1,0,0,0,0
2020-02-05,Inyo,027,18085,0,0,0,0,0
2020-02-05,Kern,029,883053,1,0,0,0,0
2020-02-05,Kings,031,150075,0,0,0,0,0
2020-02-05,Lake,033,64148,0,0,0,0,0
2020-02-05,Lassen,035,31185,0,0,0,0,0
2020-02-05,Los Angeles,037,10098052,15,1,1,2,0
2020-02-05,Madera,039,155013,0,0,0,0,0
2020-02-05,Marin,041,260295,0,0,0,0,0
2020-02-05,Mariposa,043,17540,0,0,0,0,0
2020-02-05,Mendocino,045,87422,0,0,0,0,0
2020-02-05,Merced,047,269075,0,0,0,0,0
2020-02-05,Modoc,049,8938,0,0,0,0,0
2020-02-05,Mono,051,14174,0,0,0,0,0
2020-02-05,Monterey,053,433212,0,0,0,0,0
2020-02-05,Napa,055,140530,0,0,0,0,0
2020-02-05,Nevada,057,99092,0,0,0,0,0
2020-02-05,Orange,059,3164182,4,1,0,1,0
2020-02-05,Placer,061,380077,0,0,0,0,0
2020-02-05,Plumas,063,18699,0,0,0,0,0
2020-02-05,Riverside,065,2383286,4,0,0,0,0
2020-02-05,Sacramento,067,1510023,0,0,0,0,0
2020-02-05,San Benito,069,59416,0,2,0,2,0
2020-02-05,San Bernardino,071,2135413,4,0,0,0,0
2020-02-05,San Diego,073,3302833,0,0,0,0,0
2020-02-05,San Francisco,075,870044,1,0,0,0,0
2020-02-05,San Joaquin,077,732212,0,0,1,1,0
2020-02-05,San Luis Obispo,079,281455,0,0,0,0,0
2020-02-05,San Mateo,081,765935,1,0,0,0,0
2020-02-05,Santa Barbara,083,443738,0,0,0,0,0
2020-02-05,Santa Clara,085,1922200,2,2,0,2,0
2020-02-05,Santa Cruz,087,273765,0,0,0,0,0
2020-02-05,Shasta,089,179085,0,0,0,0,0
2020-02-05,Sierra,091,2930,0,0,0,0,0
2020-02-05,Siskiyou,093,43540,0,0,0,0,0
2020-02-05,Solano,095,438530,0,0,0,0,0
2020-02-05,Sonoma,097,501317,0,0,0,0,0
2020-02-05,Stanislaus,099,539301,0,0,0,0,0
2020-02-05,Sutter,101,95872,0,0,0,0,0
2020-02-05,Tehama,103,63373,0,0,0,0,0
2020-02-05,Trinity,105,12862,0,0,0,0,0
2020-02-05,Tulare,107,460477,2,0,0,0,0
2020-02-05,Tuolumne,109,53932,0,0,0,0,0
2020-02-05,Ventura,111,848112,0,0,0,0,0
2020-02-05,Yolo,113,214977,1,0,0,0,0
2020-02-05,Yuba,115,75493,0,0,0,0,0
2020-02-04,Alameda,001,1643700,3,0,0,0,0
2020-02-04,Alpine,003,1148,0,0,0,0,0
2020-02-04,Amador,005,37829,0,0,0,0,0
2020-02-04,Butte,007,227075,0,0,0,0,0
2020-02-04,Calaveras,009,45235,0,0,0,0,0
2020-02-04,Colusa,011,21464,0,0,0,0,0
2020-02-04,Contra Costa,013,1133247,2,0,0,0,0
2020-02-04,Del Norte,015,27424,0,0,0,0,0
2020-02-04,El Dorado,017,186661,0,0,0,0,0
2020-02-04,Fresno,019,978130,0,0,0,0,0
2020-02-04,Glenn,021,27897,0,0,0,0,0
2020-02-04,Humboldt,023,135768,0,0,0,0,0
2020-02-04,Imperial,025,180216,1,0,0,0,0
2020-02-04,Inyo,027,18085,0,0,0,0,0
2020-02-04,Kern,029,883053,0,0,0,0,0
2020-02-04,Kings,031,150075,0,0,0,0,0
2020-02-04,Lake,033,64148,0,0,0,0,0
2020-02-04,Lassen,035,31185,0,0,0,0,0
2020-02-04,Los Angeles,037,10098052,15,1,1,2,0
2020-02-04,Madera,039,155013,0,0,0,0,0
2020-02-04,Marin,041,260295,0,0,0,0,0
2020-02-04,Mariposa,043,17540,0,0,0,0,0
2020-02-04,Mendocino,045,87422,0,0,0,0,0
2020-02-04,Merced,047,269075,0,0,0,0,0
2020-02-04,Modoc,049,8938,0,0,0,0,0
2020-02-04,Mono,051,14174,0,0,0,0,0
2020-02-04,Monterey,053,433212,0,0,0,0,0
2020-02-04,Napa,055,140530,0,0,0,0,0
2020-02-04,Nevada,057,99092,0,0,0,0,0
2020-02-04,Orange,059,3164182,4,1,0,1,0
2020-02-04,Placer,061,380077,0,0,0,0,0
2020-02-04,Plumas,063,18699,0,0,0,0,0
2020-02-04,Riverside,065,2383286,4,0,0,0,0
2020-02-04,Sacramento,067,1510023,0,0,0,0,0
2020-02-04,San Benito,069,59416,0,2,0,2,0
2020-02-04,San Bernardino,071,2135413,3,0,0,0,0
2020-02-04,San Diego,073,3302833,0,0,0,0,0
2020-02-04,San Francisco,075,870044,1,0,0,0,0
2020-02-04,San Joaquin,077,732212,0,0,1,1,0
2020-02-04,San Luis Obispo,079,281455,0,0,0,0,0
2020-02-04,San Mateo,081,765935,0,0,0,0,0
2020-02-04,Santa Barbara,083,443738,0,0,0,0,0
2020-02-04,Santa Clara,085,1922200,2,2,0,2,0
2020-02-04,Santa Cruz,087,273765,0,0,0,0,0
2020-02-04,Shasta,089,179085,0,0,0,0,0
2020-02-04,Sierra,091,2930,0,0,0,0,0
2020-02-04,Siskiyou,093,43540,0,0,0,0,0
2020-02-04,Solano,095,438530,0,0,0,0,0
2020-02-04,Sonoma,097,501317,0,0,0,0,0
2020-02-04,Stanislaus,099,539301,0,0,0,0,0
2020-02-04,Sutter,101,95872,0,0,0,0,0
2020-02-04,Tehama,103,63373,0,0,0,0,0
2020-02-04,Trinity,105,12862,0,0,0,0,0
2020-02-04,Tulare,107,460477,2,0,0,0,0
2020-02-04,Tuolumne,109,53932,0,0,0,0,0
2020-02-04,Ventura,111,848112,0,0,0,0,0
2020-02-04,Yolo,113,214977,1,0,0,0,0
2020-02-04,Yuba,115,75493,0,0,0,0,0
2020-02-03,Alameda,001,1643700,3,0,0,0,0
2020-02-03,Alpine,003,1148,0,0,0,0,0
2020-02-03,Amador,005,37829,0,0,0,0,0
2020-02-03,Butte,007,227075,0,0,0,0,0
2020-02-03,Calaveras,009,45235,0,0,0,0,0
2020-02-03,Colusa,011,21464,0,0,0,0,0
2020-02-03,Contra Costa,013,1133247,2,0,0,0,0
2020-02-03,Del Norte,015,27424,0,0,0,0,0
2020-02-03,El Dorado,017,186661,0,0,0,0,0
2020-02-03,Fresno,019,978130,0,0,0,0,0
2020-02-03,Glenn,021,27897,0,0,0,0,0
2020-02-03,Humboldt,023,135768,0,0,0,0,0
2020-02-03,Imperial,025,180216,1,0,0,0,0
2020-02-03,Inyo,027,18085,0,0,0,0,0
2020-02-03,Kern,029,883053,0,0,0,0,0
2020-02-03,Kings,031,150075,0,0,0,0,0
2020-02-03,Lake,033,64148,0,0,0,0,0
2020-02-03,Lassen,035,31185,0,0,0,0,0
2020-02-03,Los Angeles,037,10098052,15,1,0,1,0
2020-02-03,Madera,039,155013,0,0,0,0,0
2020-02-03,Marin,041,260295,0,0,0,0,0
2020-02-03,Mariposa,043,17540,0,0,0,0,0
2020-02-03,Mendocino,045,87422,0,0,0,0,0
2020-02-03,Merced,047,269075,0,0,0,0,0
2020-02-03,Modoc,049,8938,0,0,0,0,0
2020-02-03,Mono,051,14174,0,0,0,0,0
2020-02-03,Monterey,053,433212,0,0,0,0,0
2020-02-03,Napa,055,140530,0,0,0,0,0
2020-02-03,Nevada,057,99092,0,0,0,0,0
2020-02-03,Orange,059,3164182,3,1,0,1,0
2020-02-03,Placer,061,380077,0,0,0,0,0
2020-02-03,Plumas,063,18699,0,0,0,0,0
2020-02-03,Riverside,065,2383286,4,0,0,0,0
2020-02-03,Sacramento,067,1510023,0,0,0,0,0
2020-02-03,San Benito,069,59416,0,2,0,2,0
2020-02-03,San Bernardino,071,2135413,3,0,0,0,0
2020-02-03,San Diego,073,3302833,0,0,0,0,0
2020-02-03,San Francisco,075,870044,1,0,0,0,0
2020-02-03,San Joaquin,077,732212,0,0,1,1,0
2020-02-03,San Luis Obispo,079,281455,0,0,0,0,0
2020-02-03,San Mateo,081,765935,0,0,0,0,0
2020-02-03,Santa Barbara,083,443738,0,0,0,0,0
2020-02-03,Santa Clara,085,1922200,2,2,0,2,0
2020-02-03,Santa Cruz,087,273765,0,0,0,0,0
2020-02-03,Shasta,089,179085,0,0,0,0,0
2020-02-03,Sierra,091,2930,0,0,0,0,0
2020-02-03,Siskiyou,093,43540,0,0,0,0,0
2020-02-03,Solano,095,438530,0,0,0,0,0
2020-02-03,Sonoma,097,501317,0,0,0,0,0
2020-02-03,Stanislaus,099,539301,0,0,0,0,0
2020-02-03,Sutter,101,95872,0,0,0,0,0
2020-02-03,Tehama,103,63373,0,0,0,0,0
2020-02-03,Trinity,105,12862,0,0,0,0,0
2020-02-03,Tulare,107,460477,2,0,0,0,0
2020-02-03,Tuolumne,109,53932,0,0,0,0,0
2020-02-03,Ventura,111,848112,0,0,0,0,0
2020-02-03,Yolo,113,214977,1,0,0,0,0
2020-02-03,Yuba,115,75493,0,0,0,0,0
2020-02-02,Alameda,001,1643700,3,0,0,0,0
2020-02-02,Alpine,003,1148,0,0,0,0,0
2020-02-02,Amador,005,37829,0,0,0,0,0
2020-02-02,Butte,007,227075,0,0,0,0,0
2020-02-02,Calaveras,009,45235,0,0,0,0,0
2020-02-02,Colusa,011,21464,0,0,0,0,0
2020-02-02,Contra Costa,013,1133247,1,0,0,0,0
2020-02-02,Del Norte,015,27424,0,0,0,0,0
2020-02-02,El Dorado,017,186661,0,0,0,0,0
2020-02-02,Fresno,019,978130,0,0,0,0,0
2020-02-02,Glenn,021,27897,0,0,0,0,0
2020-02-02,Humboldt,023,135768,0,0,0,0,0
2020-02-02,Imperial,025,180216,1,0,0,0,0
2020-02-02,Inyo,027,18085,0,0,0,0,0
2020-02-02,Kern,029,883053,0,0,0,0,0
2020-02-02,Kings,031,150075,0,0,0,0,0
2020-02-02,Lake,033,64148,0,0,0,0,0
2020-02-02,Lassen,035,31185,0,0,0,0,0
2020-02-02,Los Angeles,037,10098052,13,1,0,1,0
2020-02-02,Madera,039,155013,0,0,0,0,0
2020-02-02,Marin,041,260295,0,0,0,0,0
2020-02-02,Mariposa,043,17540,0,0,0,0,0
2020-02-02,Mendocino,045,87422,0,0,0,0,0
2020-02-02,Merced,047,269075,0,0,0,0,0
2020-02-02,Modoc,049,8938,0,0,0,0,0
2020-02-02,Mono,051,14174,0,0,0,0,0
2020-02-02,Monterey,053,433212,0,0,0,0,0
2020-02-02,Napa,055,140530,0,0,0,0,0
2020-02-02,Nevada,057,99092,0,0,0,0,0
2020-02-02,Orange,059,3164182,3,1,0,1,0
2020-02-02,Placer,061,380077,0,0,0,0,0
2020-02-02,Plumas,063,18699,0,0,0,0,0
2020-02-02,Riverside,065,2383286,3,0,0,0,0
2020-02-02,Sacramento,067,1510023,0,0,0,0,0
2020-02-02,San Benito,069,59416,0,2,0,2,0
2020-02-02,San Bernardino,071,2135413,2,0,0,0,0
2020-02-02,San Diego,073,3302833,0,0,0,0,0
2020-02-02,San Francisco,075,870044,1,0,0,0,0
2020-02-02,San Joaquin,077,732212,0,0,1,1,0
2020-02-02,San Luis Obispo,079,281455,0,0,0,0,0
2020-02-02,San Mateo,081,765935,0,0,0,0,0
2020-02-02,Santa Barbara,083,443738,0,0,0,0,0
2020-02-02,Santa Clara,085,1922200,2,2,0,2,0
2020-02-02,Santa Cruz,087,273765,0,0,0,0,0
2020-02-02,Shasta,089,179085,0,0,0,0,0
2020-02-02,Sierra,091,2930,0,0,0,0,0
2020-02-02,Siskiyou,093,43540,0,0,0,0,0
2020-02-02,Solano,095,438530,0,0,0,0,0
2020-02-02,Sonoma,097,501317,0,0,0,0,0
2020-02-02,Stanislaus,099,539301,0,0,0,0,0
2020-02-02,Sutter,101,95872,0,0,0,0,0
2020-02-02,Tehama,103,63373,0,0,0,0,0
2020-02-02,Trinity,105,12862,0,0,0,0,0
2020-02-02,Tulare,107,460477,2,0,0,0,0
2020-02-02,Tuolumne,109,53932,0,0,0,0,0
2020-02-02,Ventura,111,848112,0,0,0,0,0
2020-02-02,Yolo,113,214977,1,0,0,0,0
2020-02-02,Yuba,115,75493,0,0,0,0,0
2020-02-01,Alameda,001,1643700,3,0,0,0,0
2020-02-01,Alpine,003,1148,0,0,0,0,0
2020-02-01,Amador,005,37829,0,0,0,0,0
2020-02-01,Butte,007,227075,0,0,0,0,0
2020-02-01,Calaveras,009,45235,0,0,0,0,0
2020-02-01,Colusa,011,21464,0,0,0,0,0
2020-02-01,Contra Costa,013,1133247,0,0,0,0,0
2020-02-01,Del Norte,015,27424,0,0,0,0,0
2020-02-01,El Dorado,017,186661,0,0,0,0,0
2020-02-01,Fresno,019,978130,0,0,0,0,0
2020-02-01,Glenn,021,27897,0,0,0,0,0
2020-02-01,Humboldt,023,135768,0,0,0,0,0
2020-02-01,Imperial,025,180216,0,0,0,0,0
2020-02-01,Inyo,027,18085,0,0,0,0,0
2020-02-01,Kern,029,883053,0,0,0,0,0
2020-02-01,Kings,031,150075,0,0,0,0,0
2020-02-01,Lake,033,64148,0,0,0,0,0
2020-02-01,Lassen,035,31185,0,0,0,0,0
2020-02-01,Los Angeles,037,10098052,12,1,0,1,0
2020-02-01,Madera,039,155013,0,0,0,0,0
2020-02-01,Marin,041,260295,0,0,0,0,0
2020-02-01,Mariposa,043,17540,0,0,0,0,0
2020-02-01,Mendocino,045,87422,0,0,0,0,0
2020-02-01,Merced,047,269075,0,0,0,0,0
2020-02-01,Modoc,049,8938,0,0,0,0,0
2020-02-01,Mono,051,14174,0,0,0,0,0
2020-02-01,Monterey,053,433212,0,0,0,0,0
2020-02-01,Napa,055,140530,0,0,0,0,0
2020-02-01,Nevada,057,99092,0,0,0,0,0
2020-02-01,Orange,059,3164182,3,1,0,1,0
2020-02-01,Placer,061,380077,0,0,0,0,0
2020-02-01,Plumas,063,18699,0,0,0,0,0
2020-02-01,Riverside,065,2383286,2,0,0,0,0
2020-02-01,Sacramento,067,1510023,0,0,0,0,0
2020-02-01,San Benito,069,59416,0,0,0,0,0
2020-02-01,San Bernardino,071,2135413,1,0,0,0,0
2020-02-01,San Diego,073,3302833,0,0,0,0,0
2020-02-01,San Francisco,075,870044,1,0,0,0,0
2020-02-01,San Joaquin,077,732212,0,0,1,1,0
2020-02-01,San Luis Obispo,079,281455,0,0,0,0,0
2020-02-01,San Mateo,081,765935,0,0,0,0,0
2020-02-01,Santa Barbara,083,443738,0,0,0,0,0
2020-02-01,Santa Clara,085,1922200,2,1,0,1,0
2020-02-01,Santa Cruz,087,273765,0,0,0,0,0
2020-02-01,Shasta,089,179085,0,0,0,0,0
2020-02-01,Sierra,091,2930,0,0,0,0,0
2020-02-01,Siskiyou,093,43540,0,0,0,0,0
2020-02-01,Solano,095,438530,0,0,0,0,0
2020-02-01,Sonoma,097,501317,0,0,0,0,0
2020-02-01,Stanislaus,099,539301,0,0,0,0,0
2020-02-01,Sutter,101,95872,0,0,0,0,0
2020-02-01,Tehama,103,63373,0,0,0,0,0
2020-02-01,Trinity,105,12862,0,0,0,0,0
2020-02-01,Tulare,107,460477,1,0,0,0,0
2020-02-01,Tuolumne,109,53932,0,0,0,0,0
2020-02-01,Ventura,111,848112,0,0,0,0,0
2020-02-01,Yolo,113,214977,0,0,0,0,0
2020-02-01,Yuba,115,75493,0,0,0,0,0
